,A1,A2,A3,A4,A5,A6,A7,A8,A9,A10,A11,A12,A13,A14,A15,B1,B2,B3,B4,B5,B6,B7,B8,B9,B10,B11,B12,B13,B14,B15,C1,C2,C3,C4,C5,C6,C7,C8,C9,C10,C11,C12,C13,C14,C15,D1,D2,D3,D4,D5,D6,D7,D8,D9,D10,D11,D12,D13,D14,D15,E1,E2,E3,E4,E5,E6,E7,E8,E9,E10,E11,E12,E13,E14,E15
A1,0.0,0.3810410797595978,0.6274101734161377,0.8697191476821899,1.146427869796753,1.2506084442138672,1.3215984106063843,1.6296963691711426,1.9045976400375366,2.1941537857055664,2.3988986015319824,2.6402413845062256,2.9799416065216064,3.208178997039795,3.4240598678588867,4.385129451751709,4.250533580780029,4.464968681335449,4.218461036682129,4.516099452972412,4.402411460876465,4.0437092781066895,4.153930187225342,4.1991095542907715,3.9713170528411865,3.7442142963409424,4.004824161529541,4.171919822692871,4.028629779815674,4.313013553619385,3.94096302986145,3.7527618408203125,3.530466079711914,3.1896092891693115,3.10015606880188,3.2519476413726807,3.075958728790283,2.8040900230407715,2.9308042526245117,2.9765074253082275,2.816851854324341,2.6996915340423584,2.746955633163452,2.795673131942749,2.666024684906006,3.102125644683838,3.174736261367798,3.420093059539795,3.2450082302093506,3.610403060913086,3.67795467376709,3.3779454231262207,3.5412001609802246,3.7573306560516357,3.6768252849578857,3.4092414379119873,3.67106556892395,3.8847033977508545,3.7419826984405518,4.031421184539795,3.5980377197265625,3.3669416904449463,3.2002220153808594,2.8293251991271973,2.802624464035034,2.824066400527954,2.5455360412597656,2.27846622467041,2.334188222885132,2.1736013889312744,1.8189483880996704,1.8138686418533325,1.900651454925537,1.7165178060531616,1.7457269430160522
A2,0.3810410797595978,0.0,0.3796464800834656,0.5918855667114258,0.8791584372520447,0.9098260402679443,0.966912031173706,1.2955217361450195,1.545675277709961,1.8311406373977661,2.052097797393799,2.3034827709198,2.645045042037964,2.886216878890991,3.119452714920044,4.121685028076172,3.9678924083709717,4.182774066925049,3.940993070602417,4.230551719665527,4.097536563873291,3.7407124042510986,3.854006290435791,3.879786729812622,3.641970634460449,3.4232423305511475,3.6928024291992188,3.8508644104003906,3.7131237983703613,4.009091377258301,3.651576042175293,3.4442951679229736,3.214672327041626,2.8730294704437256,2.769416570663452,2.9046788215637207,2.733220338821411,2.4479424953460693,2.5641191005706787,2.6141018867492676,2.4681034088134766,2.3464858531951904,2.413411855697632,2.4908385276794434,2.386598587036133,2.9816246032714844,3.0231683254241943,3.288907289505005,3.1173863410949707,3.4893832206726074,3.519562244415283,3.2104244232177734,3.389357566833496,3.5760769844055176,3.4823906421661377,3.223031997680664,3.5069375038146973,3.7043418884277344,3.5655252933502197,3.872670888900757,3.503394842147827,3.2443039417266846,3.1022865772247314,2.734126329421997,2.719611644744873,2.692357301712036,2.3976640701293945,2.1548960208892822,2.1780266761779785,1.971969485282898,1.6112282276153564,1.630902886390686,1.6770471334457397,1.4898419380187988,1.480210781097412
A3,0.6274101734161377,0.3796464800834656,0.0,0.38320523500442505,0.5423985719680786,0.6504406929016113,0.8096661567687988,1.0732218027114868,1.3405479192733765,1.6622322797775269,1.8908624649047852,2.093721389770508,2.4432194232940674,2.700892686843872,2.9112985134124756,3.9999642372131348,3.8593170642852783,4.100620746612549,3.8873414993286133,4.190614700317383,4.040774345397949,3.696014165878296,3.842956781387329,3.862048864364624,3.63032865524292,3.4428603649139404,3.737523078918457,3.9005208015441895,3.7902684211730957,4.105433940887451,3.8049373626708984,3.5684502124786377,3.33154559135437,2.9907407760620117,2.8627142906188965,2.9595839977264404,2.7933900356292725,2.480234384536743,2.547612428665161,2.5762338638305664,2.430049180984497,2.253168821334839,2.297334671020508,2.38845157623291,2.2574431896209717,2.956817150115967,3.0175249576568604,3.311710834503174,3.1792728900909424,3.56118106842041,3.5767452716827393,3.2851455211639404,3.4987308979034424,3.6760499477386475,3.602525234222412,3.369194746017456,3.675950527191162,3.8780128955841064,3.764277219772339,4.086719512939453,3.7973339557647705,3.5310652256011963,3.4131789207458496,3.046264171600342,3.0489442348480225,2.9981038570404053,2.6909990310668945,2.4711649417877197,2.4777371883392334,2.2411694526672363,1.8834501504898071,1.9100637435913086,1.9040192365646362,1.6847631931304932,1.5938836336135864
A4,0.8697191476821899,0.5918855667114258,0.38320523500442505,0.0,0.38444972038269043,0.5401873588562012,0.5413218140602112,0.7798317670822144,1.0995126962661743,1.3939285278320312,1.576904296875,1.7858604192733765,2.1269307136535645,2.3620076179504395,2.568915843963623,3.6215667724609375,3.4861745834350586,3.72908616065979,3.518491506576538,3.829103469848633,3.686448335647583,3.343698501586914,3.501455307006836,3.5354156494140625,3.319605827331543,3.1421594619750977,3.445753335952759,3.6287364959716797,3.5423169136047363,3.8623111248016357,3.6641550064086914,3.406670570373535,3.196817398071289,2.8417415618896484,2.7425737380981445,2.801687479019165,2.6013667583465576,2.296147584915161,2.3306784629821777,2.3167738914489746,2.135788679122925,1.946781039237976,1.9585593938827515,2.0251333713531494,1.8814020156860352,2.6017911434173584,2.65548038482666,2.96001935005188,2.841883897781372,3.2266416549682617,3.230046510696411,2.9469971656799316,3.178525686264038,3.3501739501953125,3.292513608932495,3.0788145065307617,3.3989999294281006,3.6091415882110596,3.521766185760498,3.854043483734131,3.6611874103546143,3.3990085124969482,3.3210415840148926,2.954970598220825,3.00347900390625,2.9382944107055664,2.605684995651245,2.432264804840088,2.4638583660125732,2.2223784923553467,1.8711395263671875,1.97092866897583,1.9802207946777344,1.811855673789978,1.7266288995742798
A5,1.146427869796753,0.8791584372520447,0.5423985719680786,0.38444972038269043,0.0,0.3744800090789795,0.5605140924453735,0.6442153453826904,0.9406857490539551,1.2768532037734985,1.4841350317001343,1.625654935836792,1.9748919010162354,2.2404983043670654,2.426607608795166,3.5959441661834717,3.466250419616699,3.73404598236084,3.556410074234009,3.8715434074401855,3.703019142150879,3.3770930767059326,3.5644030570983887,3.5781540870666504,3.361910343170166,3.2185752391815186,3.542153835296631,3.7165400981903076,3.6511270999908447,3.9873151779174805,3.8111495971679688,3.5322422981262207,3.306760311126709,2.964714765548706,2.8297479152679443,2.858384132385254,2.6819701194763184,2.350344181060791,2.3408095836639404,2.3207952976226807,2.1628432273864746,1.9197585582733154,1.92397141456604,2.0262138843536377,1.8716152906417847,2.742901563644409,2.805097818374634,3.133942127227783,3.0516927242279053,3.4387311935424805,3.419611692428589,3.1524341106414795,3.4099745750427246,3.5615997314453125,3.512835741043091,3.3221569061279297,3.659114122390747,3.861436605453491,3.7883718013763428,4.13132381439209,3.9890928268432617,3.7140653133392334,3.647348642349243,3.287501573562622,3.3328731060028076,3.2426018714904785,2.9120101928710938,2.7469370365142822,2.746212959289551,2.476750135421753,2.1349849700927734,2.213613748550415,2.1675870418548584,1.9632432460784912,1.8071632385253906
A6,1.2506084442138672,0.9098260402679443,0.6504406929016113,0.5401873588562012,0.3744800090789795,0.0,0.38034340739250183,0.5408933758735657,0.7190002799034119,1.0627989768981934,1.3351600170135498,1.517256259918213,1.871522068977356,2.1650636196136475,2.394805431365967,3.592202663421631,3.425175428390503,3.6770212650299072,3.490757942199707,3.781257390975952,3.5903618335723877,3.261657238006592,3.4297571182250977,3.4101438522338867,3.1683671474456787,3.0188522338867188,3.336916446685791,3.4839227199554443,3.4020252227783203,3.7405431270599365,3.50760555267334,3.229008913040161,2.9849045276641846,2.6551308631896973,2.4948902130126953,2.530690908432007,2.3803093433380127,2.036897897720337,2.0428576469421387,2.061549425125122,1.947763204574585,1.7258981466293335,1.794839859008789,1.9543557167053223,1.8661949634552002,2.878103733062744,2.8924732208251953,3.220337152481079,3.115757465362549,3.4976539611816406,3.446519613265991,3.1587092876434326,3.4049148559570312,3.525010824203491,3.4422361850738525,3.2430148124694824,3.583828926086426,3.756657123565674,3.6644821166992188,4.011364459991455,3.860283374786377,3.5606167316436768,3.4930732250213623,3.1454596519470215,3.1732993125915527,3.048898458480835,2.7296385765075684,2.5694127082824707,2.526292085647583,2.23085618019104,1.9048793315887451,1.9714490175247192,1.8842895030975342,1.6789443492889404,1.4940303564071655
A7,1.3215984106063843,0.966912031173706,0.8096661567687988,0.5413218140602112,0.5605140924453735,0.38034340739250183,0.0,0.36965638399124146,0.6035109162330627,0.8748459815979004,1.0957528352737427,1.3424137830734253,1.6850420236587524,1.9447377920150757,2.1951069831848145,3.301309108734131,3.1262316703796387,3.362156391143799,3.1572794914245605,3.4464669227600098,3.27083158493042,2.9325320720672607,3.0897045135498047,3.0873000621795654,2.8536746501922607,2.6916003227233887,3.0064597129821777,3.1712520122528076,3.0953006744384766,3.429985761642456,3.2653470039367676,2.9806458950042725,2.767760753631592,2.419447898864746,2.3045077323913574,2.324230909347534,2.130464792251587,1.8088116645812988,1.8122484683990479,1.798958420753479,1.6441413164138794,1.445646047592163,1.5040137767791748,1.637252926826477,1.564132809638977,2.564026117324829,2.5526158809661865,2.8749301433563232,2.7593159675598145,3.138120174407959,3.078434705734253,2.7853550910949707,3.0297319889068604,3.145381450653076,3.0625791549682617,2.8670036792755127,3.210988998413086,3.3865370750427246,3.3050291538238525,3.6548948287963867,3.5570523738861084,3.2632365226745605,3.2232747077941895,2.8782830238342285,2.941283941268921,2.8118185997009277,2.4749808311462402,2.352132797241211,2.3386363983154297,2.052625894546509,1.7353153228759766,1.8721691370010376,1.8262107372283936,1.690863013267517,1.5612647533416748
A8,1.6296963691711426,1.2955217361450195,1.0732218027114868,0.7798317670822144,0.6442153453826904,0.5408933758735657,0.36965638399124146,0.0,0.3750831186771393,0.6540514826774597,0.8415748476982117,1.0210938453674316,1.370684266090393,1.6412957906723022,1.8697773218154907,3.0537757873535156,2.8910868167877197,3.15189790725708,2.980119228363037,3.2808783054351807,3.090794801712036,2.770914316177368,2.965325117111206,2.96067214012146,2.7444100379943848,2.6244845390319824,2.9617345333099365,3.136451244354248,3.1004505157470703,3.4482192993164062,3.3852009773254395,3.073120594024658,2.873126983642578,2.5322978496551514,2.414355754852295,2.377764940261841,2.180675983428955,1.853450894355774,1.7831636667251587,1.71966552734375,1.553583025932312,1.2839927673339844,1.2929575443267822,1.4367856979370117,1.3381681442260742,2.4751663208007812,2.4703423976898193,2.815779209136963,2.744880437850952,3.1223669052124023,3.0405144691467285,2.774141550064087,3.0506911277770996,3.14874529838562,3.091057300567627,2.9331459999084473,3.293503522872925,3.470553159713745,3.422621726989746,3.781649589538574,3.7844929695129395,3.492884635925293,3.484632730484009,3.148132085800171,3.235752820968628,3.09071683883667,2.7470757961273193,2.656412363052368,2.6426405906677246,2.348900079727173,2.050543785095215,2.2029056549072266,2.136658191680908,2.003488779067993,1.8388230800628662
A9,1.9045976400375366,1.545675277709961,1.3405479192733765,1.0995126962661743,0.9406857490539551,0.7190002799034119,0.6035109162330627,0.3750831186771393,0.0,0.3595598638057709,0.6634863018989563,0.8426915407180786,1.1888257265090942,1.5034258365631104,1.767153024673462,3.0152721405029297,2.8191378116607666,3.0730180740356445,2.9137182235717773,3.188119411468506,2.96335506439209,2.6551907062530518,2.8461437225341797,2.79746150970459,2.5601630210876465,2.4596338272094727,2.8010284900665283,2.94568133354187,2.9128856658935547,3.269940137863159,3.195415496826172,2.869232416152954,2.654636859893799,2.3361120223999023,2.1854076385498047,2.120800733566284,1.9570437669754028,1.6122695207595825,1.5102638006210327,1.4676545858383179,1.363718867301941,1.080125331878662,1.1600313186645508,1.3918155431747437,1.3743911981582642,2.6778151988983154,2.631991386413574,2.978818416595459,2.9076459407806396,3.272681474685669,3.1504228115081787,2.8801324367523193,3.1547086238861084,3.210113525390625,3.1284797191619873,2.9813547134399414,3.3485372066497803,3.4925904273986816,3.440053701400757,3.804222822189331,3.8412106037139893,3.5276594161987305,3.5315847396850586,3.214695930480957,3.292844533920288,3.1083054542541504,2.778672456741333,2.707665205001831,2.650315284729004,2.3318538665771484,2.0671868324279785,2.2102818489074707,2.094850778579712,1.9688719511032104,1.7665389776229858
A10,2.1941537857055664,1.8311406373977661,1.6622322797775269,1.3939285278320312,1.2768532037734985,1.0627989768981934,0.8748459815979004,0.6540514826774597,0.3595598638057709,0.0,0.36366820335388184,0.6071050763130188,0.9169025421142578,1.224000096321106,1.526139259338379,2.7419707775115967,2.5211081504821777,2.7630958557128906,2.6066956520080566,2.865583896636963,2.627112627029419,2.324826955795288,2.5163400173187256,2.4531397819519043,2.2159528732299805,2.1337029933929443,2.481914520263672,2.6261110305786133,2.615722894668579,2.9775850772857666,2.989760637283325,2.645087957382202,2.4564406871795654,2.144968271255493,2.016608238220215,1.9004595279693604,1.7205216884613037,1.3941996097564697,1.2344841957092285,1.1463207006454468,1.041985034942627,0.7352383732795715,0.8437098264694214,1.125133991241455,1.1814324855804443,2.589792013168335,2.5018863677978516,2.845592975616455,2.7808518409729004,3.1294054985046387,2.970823287963867,2.7068307399749756,2.984727621078491,3.003962516784668,2.9169678688049316,2.794426918029785,3.168045997619629,3.29316782951355,3.257901668548584,3.625866174697876,3.752079725265503,3.436072587966919,3.4757676124572754,3.1793744564056396,3.282451629638672,3.073031425476074,2.7442123889923096,2.7204747200012207,2.6624226570129395,2.345735788345337,2.1197056770324707,2.30087947845459,2.1878364086151123,2.1125974655151367,1.9281580448150635
A11,2.3988986015319824,2.052097797393799,1.8908624649047852,1.576904296875,1.4841350317001343,1.3351600170135498,1.0957528352737427,0.8415748476982117,0.6634863018989563,0.36366820335388184,0.0,0.38264429569244385,0.6423236131668091,0.8969810009002686,1.2091161012649536,2.3796658515930176,2.164771795272827,2.4145774841308594,2.266836404800415,2.5402634143829346,2.3105714321136475,2.0129270553588867,2.2305071353912354,2.193722724914551,1.9900016784667969,1.9341908693313599,2.294776439666748,2.4723663330078125,2.504176616668701,2.8644046783447266,3.0233964920043945,2.666383743286133,2.5259358882904053,2.2110610008239746,2.136033773422241,1.97626793384552,1.7531417608261108,1.475959300994873,1.2647337913513184,1.0775443315505981,0.8926925659179688,0.5302630066871643,0.5112314820289612,0.7812331914901733,0.850444495677948,2.3235387802124023,2.2215447425842285,2.569331407546997,2.5327370166778564,2.8703842163085938,2.694220542907715,2.4542155265808105,2.751284599304199,2.758145332336426,2.6983847618103027,2.611927032470703,2.99192476272583,3.1252713203430176,3.127671241760254,3.4972305297851562,3.7274487018585205,3.4296884536743164,3.50665020942688,3.2191927433013916,3.3621466159820557,3.156432867050171,2.8169686794281006,2.833134889602661,2.8090100288391113,2.5131287574768066,2.3019566535949707,2.5256035327911377,2.445265531539917,2.404583215713501,2.249370813369751
A12,2.6402413845062256,2.3034827709198,2.093721389770508,1.7858604192733765,1.625654935836792,1.517256259918213,1.3424137830734253,1.0210938453674316,0.8426915407180786,0.6071050763130188,0.38264429569244385,0.0,0.3549477756023407,0.6809418797492981,0.9384172558784485,2.272972345352173,2.0860447883605957,2.373265266418457,2.284661054611206,2.5673344135284424,2.32092022895813,2.065174102783203,2.328857183456421,2.287193775177002,2.115116596221924,2.119767427444458,2.488252878189087,2.6649973392486572,2.7359180450439453,3.097813129425049,3.321370840072632,2.9535069465637207,2.816706418991089,2.5231544971466064,2.432330846786499,2.241757869720459,2.0438361167907715,1.7718112468719482,1.5155168771743774,1.3086388111114502,1.157682180404663,0.7734429836273193,0.65992671251297,0.8935860395431519,0.9042832255363464,2.4163994789123535,2.3400707244873047,2.7003841400146484,2.714020013809204,3.0432794094085693,2.8592941761016846,2.6572325229644775,2.9765172004699707,2.974931001663208,2.9453041553497314,2.8926703929901123,3.274479389190674,3.41068172454834,3.438734292984009,3.807447910308838,4.089094161987305,3.7966670989990234,3.88277530670166,3.597107410430908,3.7442052364349365,3.5378212928771973,3.1987953186035156,3.2150838375091553,3.1876332759857178,2.8869316577911377,2.6728737354278564,2.882366418838501,2.7845699787139893,2.7190909385681152,2.5324599742889404
A13,2.9799416065216064,2.645045042037964,2.4432194232940674,2.1269307136535645,1.9748919010162354,1.871522068977356,1.6850420236587524,1.370684266090393,1.1888257265090942,0.9169025421142578,0.6423236131668091,0.3549477756023407,0.0,0.36855676770210266,0.6466642022132874,1.9991427659988403,1.8041267395019531,2.09782075881958,2.0474720001220703,2.3188672065734863,2.0560851097106934,1.83563232421875,2.125514268875122,2.0764310359954834,1.9363036155700684,1.995453119277954,2.363689661026001,2.5433454513549805,2.6580522060394287,3.014561176300049,3.353273868560791,2.975339889526367,2.8714215755462646,2.5993545055389404,2.5311315059661865,2.296142339706421,2.097731590270996,1.8683838844299316,1.5674777030944824,1.3129225969314575,1.1724157333374023,0.8174924254417419,0.6473892331123352,0.8517199754714966,0.9167348742485046,2.4282875061035156,2.327103853225708,2.6786651611328125,2.721799850463867,3.024120569229126,2.808408260345459,2.6370439529418945,2.962815999984741,2.926673650741577,2.9111642837524414,2.899284839630127,3.2788279056549072,3.4007387161254883,3.4578375816345215,3.822813034057617,4.1985883712768555,3.9133098125457764,4.030285358428955,3.763566017150879,3.9310739040374756,3.7125790119171143,3.3782618045806885,3.427698850631714,3.4037015438079834,3.110360860824585,2.921853542327881,3.1487767696380615,3.052480936050415,3.010070323944092,2.8290302753448486
A14,3.208178997039795,2.886216878890991,2.700892686843872,2.3620076179504395,2.2404983043670654,2.1650636196136475,1.9447377920150757,1.6412957906723022,1.5034258365631104,1.224000096321106,0.8969810009002686,0.6809418797492981,0.36855676770210266,0.0,0.3690989315509796,1.6314531564712524,1.4444935321807861,1.751319169998169,1.7255804538726807,2.0096688270568848,1.7616287469863892,1.5646913051605225,1.885634183883667,1.8722079992294312,1.788144826889038,1.8832234144210815,2.2441458702087402,2.4528684616088867,2.608891725540161,2.950406789779663,3.420504570007324,3.0423290729522705,2.983908176422119,2.7154242992401123,2.694126605987549,2.4374265670776367,2.2110331058502197,2.0326080322265625,1.722191333770752,1.419773817062378,1.2380248308181763,0.9451559782028198,0.6844406127929688,0.7501373887062073,0.8254626393318176,2.246645212173462,2.1276612281799316,2.4672393798828125,2.5433952808380127,2.8191606998443604,2.5848875045776367,2.4507668018341064,2.7852752208709717,2.731503963470459,2.7464232444763184,2.776320219039917,3.149384021759033,3.274035930633545,3.368075132369995,3.7256662845611572,4.194726943969727,3.9305484294891357,4.078855991363525,3.825291395187378,4.023697853088379,3.811049222946167,3.4744584560394287,3.5557942390441895,3.5586438179016113,3.2860119342803955,3.111825466156006,3.3678250312805176,3.297703266143799,3.282770872116089,3.1268677711486816
A15,3.4240598678588867,3.119452714920044,2.9112985134124756,2.568915843963623,2.426607608795166,2.394805431365967,2.1951069831848145,1.8697773218154907,1.767153024673462,1.526139259338379,1.2091161012649536,0.9384172558784485,0.6466642022132874,0.3690989315509796,0.0,1.4839112758636475,1.372252106666565,1.718914270401001,1.7612581253051758,2.0611209869384766,1.8357703685760498,1.6932182312011719,2.045281410217285,2.061588764190674,2.029573678970337,2.1577024459838867,2.507197856903076,2.7275328636169434,2.910224437713623,3.24080491065979,3.7696330547332764,3.391446352005005,3.343815326690674,3.078920602798462,3.061537265777588,2.799527645111084,2.574321746826172,2.4012844562530518,2.0878162384033203,1.7832231521606445,1.5981295108795166,1.3111871480941772,1.0290770530700684,1.011074423789978,0.9898187518119812,2.2497854232788086,2.1666078567504883,2.5042622089385986,2.632478952407837,2.8929784297943115,2.6675326824188232,2.5799810886383057,2.9290833473205566,2.882763624191284,2.9382729530334473,2.9972259998321533,3.3630616664886475,3.5021212100982666,3.623138666152954,3.9741125106811523,4.484718322753906,4.235951900482178,4.3921732902526855,4.135836601257324,4.345786094665527,4.145168781280518,3.8031013011932373,3.884070634841919,3.9012460708618164,3.633275270462036,3.4485905170440674,3.705050230026245,3.639981269836426,3.612624168395996,3.4495136737823486
B1,4.385129451751709,4.121685028076172,3.9999642372131348,3.6215667724609375,3.5959441661834717,3.592202663421631,3.301309108734131,3.0537757873535156,3.0152721405029297,2.7419707775115967,2.3796658515930176,2.272972345352173,1.9991427659988403,1.6314531564712524,1.4839112758636475,0.0,0.386942595243454,0.6084222793579102,0.8506066799163818,1.1176278591156006,1.14692223072052,1.2242170572280884,1.5400919914245605,1.7488162517547607,1.9657094478607178,2.15606427192688,2.3646936416625977,2.6512351036071777,2.935033082962036,3.1505849361419678,4.065298080444336,3.7305495738983154,3.836271047592163,3.6033363342285156,3.7363383769989014,3.45041823387146,3.1654562950134277,3.1568241119384766,2.8796427249908447,2.5300416946411133,2.299635171890259,2.2350032329559326,1.950241208076477,1.7092424631118774,1.7459447383880615,2.0286266803741455,1.8508604764938354,2.010382652282715,2.240520477294922,2.3075644969940186,2.0229787826538086,2.1316771507263184,2.428774833679199,2.2976393699645996,2.472008466720581,2.6963376998901367,2.9686975479125977,3.0918238162994385,3.3435285091400146,3.6212217807769775,4.445423603057861,4.293520450592041,4.552703857421875,4.369679927825928,4.670805931091309,4.499919891357422,4.182259559631348,4.369450569152832,4.469503879547119,4.288718223571777,4.171740531921387,4.5051727294921875,4.525216102600098,4.595977783203125,4.523987293243408
B2,4.250533580780029,3.9678924083709717,3.8593170642852783,3.4861745834350586,3.466250419616699,3.425175428390503,3.1262316703796387,2.8910868167877197,2.8191378116607666,2.5211081504821777,2.164771795272827,2.0860447883605957,1.8041267395019531,1.4444935321807861,1.372252106666565,0.386942595243454,0.0,0.3748681843280792,0.5837653279304504,0.8525443077087402,0.7999743819236755,0.8611274361610413,1.1972399950027466,1.3769038915634155,1.5848414897918701,1.7885547876358032,2.0033364295959473,2.280125379562378,2.566551446914673,2.7899997234344482,3.700436592102051,3.362853527069092,3.4709975719451904,3.2503457069396973,3.384474277496338,3.089850425720215,2.812990427017212,2.8203020095825195,2.5408780574798584,2.194211006164551,1.9856159687042236,1.954492211341858,1.7040295600891113,1.4976367950439453,1.6102440357208252,2.0990772247314453,1.8728550672531128,2.0482003688812256,2.2202308177948,2.30698299407959,1.9887803792953491,2.0413732528686523,2.328869581222534,2.163562774658203,2.2874507904052734,2.497894287109375,2.78403639793396,2.878702163696289,3.1105732917785645,3.398944854736328,4.213513374328613,4.0414533615112305,4.301583290100098,4.127900123596191,4.419116497039795,4.227365493774414,3.9187862873077393,4.114428997039795,4.194446086883545,4.008133411407471,3.909670352935791,4.241015434265137,4.249853134155273,4.333150863647461,4.262781143188477
B3,4.464968681335449,4.182774066925049,4.100620746612549,3.72908616065979,3.73404598236084,3.6770212650299072,3.362156391143799,3.15189790725708,3.0730180740356445,2.7630958557128906,2.4145774841308594,2.373265266418457,2.09782075881958,1.751319169998169,1.718914270401001,0.6084222793579102,0.3748681843280792,0.0,0.3824605345726013,0.523471474647522,0.5796766877174377,0.7487372756004333,1.0046027898788452,1.2190860509872437,1.4900909662246704,1.703763484954834,1.8563557863235474,2.1300289630889893,2.436230421066284,2.619359254837036,3.6140055656433105,3.2953174114227295,3.4430477619171143,3.245274066925049,3.413590669631958,3.1163437366485596,2.840291976928711,2.896273612976074,2.634939432144165,2.2985830307006836,2.1081364154815674,2.140892505645752,1.9271684885025024,1.7255605459213257,1.877072811126709,2.243234395980835,1.9765359163284302,2.0940651893615723,2.2439005374908447,2.2771754264831543,1.9330239295959473,2.006549119949341,2.249750852584839,2.035959482192993,2.154120922088623,2.399134397506714,2.652235269546509,2.7153077125549316,2.967041254043579,3.2317652702331543,4.116885185241699,3.9613564014434814,4.245868682861328,4.1020283699035645,4.405144214630127,4.210237979888916,3.9205634593963623,4.14499044418335,4.230614185333252,4.065357685089111,3.996958017349243,4.338817119598389,4.359683513641357,4.471522331237793,4.422723293304443
B4,4.218461036682129,3.940993070602417,3.8873414993286133,3.518491506576538,3.556410074234009,3.490757942199707,3.1572794914245605,2.980119228363037,2.9137182235717773,2.6066956520080566,2.266836404800415,2.284661054611206,2.0474720001220703,1.7255804538726807,1.7612581253051758,0.8506066799163818,0.5837653279304504,0.3824605345726013,0.0,0.3931056559085846,0.5143144130706787,0.511265754699707,0.7297883033752441,1.0182594060897827,1.2740440368652344,1.4285544157028198,1.5767124891281128,1.880957841873169,2.16367244720459,2.3461945056915283,3.3232333660125732,3.0145137310028076,3.1716601848602295,2.9606831073760986,3.1532859802246094,2.8766539096832275,2.5793306827545166,2.652402400970459,2.4219377040863037,2.0918822288513184,1.880136489868164,1.9582767486572266,1.7632434368133545,1.5440701246261597,1.7222601175308228,2.048996925354004,1.7435986995697021,1.8506932258605957,1.9528042078018188,1.992446780204773,1.6331934928894043,1.6715452671051025,1.904017686843872,1.6800299882888794,1.7800545692443848,2.018965244293213,2.2771358489990234,2.3424484729766846,2.5893287658691406,2.85994291305542,3.7349910736083984,3.582028388977051,3.868530750274658,3.7281928062438965,4.036186695098877,3.84700870513916,3.5601682662963867,3.7929251194000244,3.889559268951416,3.7394540309906006,3.6804423332214355,4.030950546264648,4.07002067565918,4.199864864349365,4.175209045410156
B5,4.516099452972412,4.230551719665527,4.190614700317383,3.829103469848633,3.8715434074401855,3.781257390975952,3.4464669227600098,3.2808783054351807,3.188119411468506,2.865583896636963,2.5402634143829346,2.5673344135284424,2.3188672065734863,2.0096688270568848,2.0611209869384766,1.1176278591156006,0.8525443077087402,0.523471474647522,0.3931056559085846,0.0,0.3747260272502899,0.5668755173683167,0.6168771386146545,0.8792057037353516,1.2021359205245972,1.3949809074401855,1.462878942489624,1.733428955078125,2.046959400177002,2.1843326091766357,3.250013828277588,2.9583234786987305,3.1512808799743652,2.980908155441284,3.192845582962036,2.903424024581909,2.628943681716919,2.7486581802368164,2.5252628326416016,2.215369939804077,2.0530972480773926,2.1786720752716064,2.0308475494384766,1.8537358045578003,2.0692338943481445,2.399259328842163,2.0767698287963867,2.1442103385925293,2.219350814819336,2.2157819271087646,1.842272162437439,1.8851960897445679,2.060788154602051,1.7813365459442139,1.8460296392440796,2.107578754425049,2.3276309967041016,2.336989164352417,2.59047269821167,2.834620237350464,3.7718141078948975,3.624244451522827,3.9314584732055664,3.8256547451019287,4.133562088012695,3.9288015365600586,3.6677372455596924,3.925431489944458,4.009495258331299,3.870466947555542,3.845553159713745,4.195467472076416,4.229714870452881,4.3810625076293945,4.364189624786377
B6,4.402411460876465,4.097536563873291,4.040774345397949,3.686448335647583,3.703019142150879,3.5903618335723877,3.27083158493042,3.090794801712036,2.96335506439209,2.627112627029419,2.3105714321136475,2.32092022895813,2.0560851097106934,1.7616287469863892,1.8357703685760498,1.14692223072052,0.7999743819236755,0.5796766877174377,0.5143144130706787,0.3747260272502899,0.0,0.3727315068244934,0.5372229218482971,0.6608752012252808,0.9595465660095215,1.214223861694336,1.3366378545761108,1.57889723777771,1.9019477367401123,2.081578493118286,3.0990681648254395,2.7841193675994873,2.9500904083251953,2.788238525390625,2.9673118591308594,2.6569104194641113,2.404432535171509,2.5076980590820312,2.2569916248321533,1.9465994834899902,1.8194491863250732,1.9330542087554932,1.8090299367904663,1.6875603199005127,1.9375673532485962,2.514841079711914,2.2031707763671875,2.3252527713775635,2.3870749473571777,2.436257839202881,2.0653421878814697,2.0555996894836426,2.2558858394622803,1.9887646436691284,2.0091283321380615,2.226850748062134,2.4819867610931396,2.4813802242279053,2.6957640647888184,2.9652867317199707,3.838454008102417,3.6552929878234863,3.9441301822662354,3.8264966011047363,4.111420631408691,3.8828210830688477,3.6186654567718506,3.861236333847046,3.912900447845459,3.7463595867156982,3.7183444499969482,4.053004741668701,4.057469367980957,4.194697856903076,4.153796195983887
B7,4.0437092781066895,3.7407124042510986,3.696014165878296,3.343698501586914,3.3770930767059326,3.261657238006592,2.9325320720672607,2.770914316177368,2.6551907062530518,2.324826955795288,2.0129270553588867,2.065174102783203,1.83563232421875,1.5646913051605225,1.6932182312011719,1.2242170572280884,0.8611274361610413,0.7487372756004333,0.511265754699707,0.5668755173683167,0.3727315068244934,0.0,0.37562882900238037,0.558266282081604,0.771960973739624,0.9568659067153931,1.1430151462554932,1.4289323091506958,1.7133402824401855,1.9300355911254883,2.8710477352142334,2.5486061573028564,2.696861982345581,2.5033299922943115,2.685495615005493,2.393537759780884,2.1142513751983643,2.204768657684326,1.9696364402770996,1.6528133153915405,1.4915400743484497,1.6228362321853638,1.5044045448303223,1.3741244077682495,1.643988013267517,2.2770848274230957,1.9564725160598755,2.102414131164551,2.1290078163146973,2.2178688049316406,1.853384256362915,1.7909516096115112,2.0057098865509033,1.7606652975082397,1.7574312686920166,1.9394737482070923,2.2251076698303223,2.244986057281494,2.436955213546753,2.7309651374816895,3.544724702835083,3.349682092666626,3.6246562004089355,3.4902985095977783,3.771881103515625,3.5475316047668457,3.272529363632202,3.5059354305267334,3.56241774559021,3.394563674926758,3.3575358390808105,3.695497989654541,3.708620309829712,3.8467772006988525,3.815432071685791
B8,4.153930187225342,3.854006290435791,3.842956781387329,3.501455307006836,3.5644030570983887,3.4297571182250977,3.0897045135498047,2.965325117111206,2.8461437225341797,2.5163400173187256,2.2305071353912354,2.328857183456421,2.125514268875122,1.885634183883667,2.045281410217285,1.5400919914245605,1.1972399950027466,1.0046027898788452,0.7297883033752441,0.6168771386146545,0.5372229218482971,0.37562882900238037,0.0,0.3728562891483307,0.643676221370697,0.7843329906463623,0.8621952533721924,1.1565722227096558,1.4504696130752563,1.622438907623291,2.64046049118042,2.3443922996520996,2.537600517272949,2.370288610458374,2.594721555709839,2.3140547275543213,2.0381886959075928,2.189462661743164,1.9969691038131714,1.7158629894256592,1.5861821174621582,1.792298674583435,1.729231834411621,1.6170768737792969,1.9071131944656372,2.44372820854187,2.0948922634124756,2.19351863861084,2.1712379455566406,2.223832845687866,1.849787950515747,1.7716301679611206,1.9229536056518555,1.630665898323059,1.5778194665908813,1.7702968120574951,2.0214550495147705,1.9922460317611694,2.1841278076171875,2.4587414264678955,3.3187639713287354,3.133082866668701,3.4287197589874268,3.3285462856292725,3.6152830123901367,3.384892463684082,3.136117935180664,3.3986382484436035,3.4563639163970947,3.3144779205322266,3.3152928352355957,3.658970594406128,3.685927391052246,3.856926441192627,3.853898286819458
B9,4.1991095542907715,3.879786729812622,3.862048864364624,3.5354156494140625,3.5781540870666504,3.4101438522338867,3.0873000621795654,2.96067214012146,2.79746150970459,2.4531397819519043,2.193722724914551,2.287193775177002,2.0764310359954834,1.8722079992294312,2.061588764190674,1.7488162517547607,1.3769038915634155,1.2190860509872437,1.0182594060897827,0.8792057037353516,0.6608752012252808,0.558266282081604,0.3728562891483307,0.0,0.35125863552093506,0.6205146908760071,0.7054899334907532,0.9234376549720764,1.2470396757125854,1.4446254968643188,2.446995735168457,2.136638641357422,2.3213717937469482,2.189671039581299,2.3905909061431885,2.082817316055298,1.8475435972213745,2.0130276679992676,1.8042775392532349,1.546879529953003,1.4945311546325684,1.719046950340271,1.7158215045928955,1.6834089756011963,2.0096709728240967,2.735805034637451,2.395967483520508,2.521714687347412,2.4844744205474854,2.5616273880004883,2.1932106018066406,2.0828115940093994,2.229839563369751,1.9399354457855225,1.8393422365188599,1.989959716796875,2.2460145950317383,2.1818175315856934,2.328930616378784,2.607877731323242,3.413801670074463,3.196782112121582,3.4794762134552,3.386704206466675,3.645792245864868,3.3850948810577393,3.150768995285034,3.4077563285827637,3.424523115158081,3.2625200748443604,3.2800915241241455,3.604503870010376,3.599273204803467,3.7682242393493652,3.7476682662963867
B10,3.9713170528411865,3.641970634460449,3.63032865524292,3.319605827331543,3.361910343170166,3.1683671474456787,2.8536746501922607,2.7444100379943848,2.5601630210876465,2.2159528732299805,1.9900016784667969,2.115116596221924,1.9363036155700684,1.788144826889038,2.029573678970337,1.9657094478607178,1.5848414897918701,1.4900909662246704,1.2740440368652344,1.2021359205245972,0.9595465660095215,0.771960973739624,0.643676221370697,0.35125863552093506,0.0,0.35503488779067993,0.5528253316879272,0.7377784252166748,1.0184977054595947,1.2821805477142334,2.1691582202911377,1.8385396003723145,1.9965100288391113,1.8602813482284546,2.0458450317382812,1.7336113452911377,1.5038368701934814,1.6719342470169067,1.468839168548584,1.233316421508789,1.2250933647155762,1.485613465309143,1.5456576347351074,1.5749064683914185,1.9272836446762085,2.790205478668213,2.458285331726074,2.6119894981384277,2.5408935546875,2.6583752632141113,2.3065989017486572,2.1426706314086914,2.2912135124206543,2.026221513748169,1.8798660039901733,1.9694494009017944,2.247220277786255,2.1785759925842285,2.2733852863311768,2.572565793991089,3.2811429500579834,3.0328621864318848,3.2921671867370605,3.190112590789795,3.425072431564331,3.1470186710357666,2.9145162105560303,3.1582276821136475,3.1487009525299072,2.97087025642395,2.993579149246216,3.3055050373077393,3.2839789390563965,3.452305316925049,3.427555561065674
B11,3.7442142963409424,3.4232423305511475,3.4428603649139404,3.1421594619750977,3.2185752391815186,3.0188522338867188,2.6916003227233887,2.6244845390319824,2.4596338272094727,2.1337029933929443,1.9341908693313599,2.119767427444458,1.995453119277954,1.8832234144210815,2.1577024459838867,2.15606427192688,1.7885547876358032,1.703763484954834,1.4285544157028198,1.3949809074401855,1.214223861694336,0.9568659067153931,0.7843329906463623,0.6205146908760071,0.35503488779067993,0.0,0.36959323287010193,0.6227661967277527,0.8078874945640564,1.0997456312179565,1.9161911010742188,1.592321515083313,1.7587467432022095,1.5927001237869263,1.8170887231826782,1.5424869060516357,1.2727222442626953,1.470832109451294,1.3305484056472778,1.126420497894287,1.0975934267044067,1.4184799194335938,1.513289213180542,1.5389646291732788,1.8915995359420776,2.7005200386047363,2.3622756004333496,2.5063211917877197,2.3874711990356445,2.517002820968628,2.183770179748535,1.9753139019012451,2.0973730087280273,1.84715735912323,1.6555697917938232,1.6984553337097168,1.9800288677215576,1.9075100421905518,1.9687401056289673,2.2798571586608887,2.938218832015991,2.682729482650757,2.9379630088806152,2.836352586746216,3.0715363025665283,2.795365571975708,2.5649120807647705,2.816354513168335,2.815091371536255,2.6524407863616943,2.687493324279785,3.008211612701416,3.0077462196350098,3.1969449520111084,3.201502799987793
B12,4.004824161529541,3.6928024291992188,3.737523078918457,3.445753335952759,3.542153835296631,3.336916446685791,3.0064597129821777,2.9617345333099365,2.8010284900665283,2.481914520263672,2.294776439666748,2.488252878189087,2.363689661026001,2.2441458702087402,2.507197856903076,2.3646936416625977,2.0033364295959473,1.8563557863235474,1.5767124891281128,1.462878942489624,1.3366378545761108,1.1430151462554932,0.8621952533721924,0.7054899334907532,0.5528253316879272,0.36959323287010193,0.0,0.3558252453804016,0.5906916856765747,0.7962753772735596,1.7892223596572876,1.511684536933899,1.7506513595581055,1.640507698059082,1.9128901958465576,1.6590887308120728,1.421647071838379,1.684540867805481,1.5946457386016846,1.4408234357833862,1.440446376800537,1.7772774696350098,1.8791476488113403,1.8902106285095215,2.2349133491516113,2.9173851013183594,2.5613787174224854,2.659587860107422,2.521214485168457,2.6047708988189697,2.2669546604156494,2.0721356868743896,2.134737730026245,1.8456040620803833,1.622009515762329,1.682944416999817,1.906936526298523,1.7727209329605103,1.8344871997833252,2.109323740005493,2.8333983421325684,2.5963048934936523,2.879028081893921,2.824392795562744,3.0655643939971924,2.786266803741455,2.593759298324585,2.878122091293335,2.8802239894866943,2.7528369426727295,2.830596685409546,3.151728391647339,3.1662545204162598,3.3858988285064697,3.4171903133392334
B13,4.171919822692871,3.8508644104003906,3.9005208015441895,3.6287364959716797,3.7165400981903076,3.4839227199554443,3.1712520122528076,3.136451244354248,2.94568133354187,2.6261110305786133,2.4723663330078125,2.6649973392486572,2.5433454513549805,2.4528684616088867,2.7275328636169434,2.6512351036071777,2.280125379562378,2.1300289630889893,1.880957841873169,1.733428955078125,1.57889723777771,1.4289323091506958,1.1565722227096558,0.9234376549720764,0.7377784252166748,0.6227661967277527,0.3558252453804016,0.0,0.3608368933200836,0.5540246367454529,1.5763051509857178,1.3107078075408936,1.5740761756896973,1.538899302482605,1.8035838603973389,1.541642427444458,1.3753443956375122,1.67804753780365,1.6091911792755127,1.5178292989730835,1.5982543230056763,1.943619728088379,2.0921449661254883,2.1519157886505127,2.508145332336426,3.2635276317596436,2.910543203353882,3.011737823486328,2.8643546104431152,2.947779655456543,2.6140012741088867,2.412782669067383,2.4582042694091797,2.1669368743896484,1.9208191633224487,1.9589130878448486,2.1567773818969727,1.983206033706665,2.0038139820098877,2.2542660236358643,2.9246199131011963,2.670825958251953,2.943169593811035,2.91544508934021,3.126113176345825,2.8217644691467285,2.664344072341919,2.9491143226623535,2.912114381790161,2.7826340198516846,2.8936195373535156,3.1903793811798096,3.1808414459228516,3.4097084999084473,3.43753719329834
