,A1,A2,A3,A4,A5,A6,A7,A8,A9,A10,A11,A12,A13,A14,A15,B1,B2,B3,B4,B5,B6,B7,B8,B9,B10,B11,B12,B13,B14,B15,C1,C2,C3,C4,C5,C6,C7,C8,C9,C10,C11,C12,C13,C14,C15,D1,D2,D3,D4,D5,D6,D7,D8,D9,D10,D11,D12,D13,D14,D15,E1,E2,E3,E4,E5,E6,E7,E8,E9,E10,E11,E12,E13,E14,E15
A1,0.0,0.38375672698020935,0.5969180464744568,0.9013283848762512,1.1036078929901123,1.3384296894073486,1.4262245893478394,1.555435299873352,1.7176536321640015,1.9958463907241821,2.2468321323394775,2.4398550987243652,2.6681017875671387,3.0113894939422607,3.235185384750366,3.354410409927368,3.015909194946289,2.7655060291290283,2.7303826808929443,2.536310911178589,2.2689595222473145,2.5128235816955566,2.6684744358062744,2.607468605041504,2.4574577808380127,2.685049533843994,2.8646650314331055,3.188023805618286,3.4905190467834473,3.7513813972473145,3.058688163757324,3.230729818344116,3.087970733642578,3.0080149173736572,3.022233724594116,3.252331018447876,3.1003036499023438,2.97290301322937,3.150519847869873,3.4735231399536133,3.305070638656616,3.6138434410095215,3.7063589096069336,3.907945156097412,4.115151405334473,3.6862540245056152,3.438614845275879,3.3910553455352783,3.0183684825897217,3.158615827560425,2.9323346614837646,2.603292226791382,2.7369189262390137,2.4212849140167236,2.596970319747925,2.536015510559082,2.618891716003418,2.9186344146728516,2.8154337406158447,3.1909878253936768,2.1867587566375732,2.047281265258789,1.6800557374954224,1.5044546127319336,1.205094337463379,1.287211537361145,1.3387542963027954,0.9810826778411865,1.1825878620147705,1.02780282497406,1.3751943111419678,1.5714564323425293,1.8441683053970337,2.186887741088867,2.5414931774139404
A2,0.38375672698020935,0.0,0.373259574174881,0.6693122386932373,0.863646388053894,1.0250444412231445,1.1520302295684814,1.3222501277923584,1.4252580404281616,1.7299998998641968,1.9497790336608887,2.1616814136505127,2.418886423110962,2.7581119537353516,2.9970664978027344,3.09521484375,2.774181842803955,2.5139894485473633,2.5192463397979736,2.3094775676727295,2.0787861347198486,2.363845109939575,2.5328850746154785,2.4942872524261475,2.3830888271331787,2.6213440895080566,2.8041093349456787,3.112215995788574,3.4281342029571533,3.7011992931365967,3.0094640254974365,3.1371870040893555,2.95391845703125,2.8495023250579834,2.828977584838867,3.045464515686035,2.893275260925293,2.7281785011291504,2.882927894592285,3.2007367610931396,3.011911630630493,3.305384874343872,3.3960273265838623,3.579927921295166,3.7885966300964355,3.33449387550354,3.081472158432007,3.0526864528656006,2.683910608291626,2.8487300872802734,2.6227495670318604,2.2966346740722656,2.46356463432312,2.168241262435913,2.3807790279388428,2.356844425201416,2.4685370922088623,2.7902891635894775,2.735896110534668,3.1130642890930176,2.209516763687134,2.017627477645874,1.6776236295700073,1.439732313156128,1.171176552772522,1.134765386581421,1.1310878992080688,0.7513752579689026,0.857682466506958,0.6531309485435486,0.9927717447280884,1.2007423639297485,1.4914652109146118,1.8421037197113037,2.1967875957489014
A3,0.5969180464744568,0.373259574174881,0.0,0.40332210063934326,0.5147278308868408,0.7658894658088684,0.9197881817817688,1.0107835531234741,1.1332288980484009,1.4073269367218018,1.6633167266845703,1.8459320068359375,2.0838778018951416,2.4269421100616455,2.663482666015625,2.803821563720703,2.4695000648498535,2.2369678020477295,2.245980978012085,2.0765867233276367,1.8261737823486328,2.0976271629333496,2.3051059246063232,2.3000946044921875,2.225555419921875,2.50114369392395,2.720306873321533,3.0423171520233154,3.336024761199951,3.634117603302002,2.9804391860961914,3.0950140953063965,2.9150075912475586,2.7665517330169678,2.7709219455718994,2.9482903480529785,2.7576634883880615,2.6036858558654785,2.736497163772583,3.0348973274230957,2.829331874847412,3.137073040008545,3.195570468902588,3.3992197513580322,3.580451488494873,3.236166000366211,3.017098903656006,3.0060672760009766,2.645826578140259,2.8304810523986816,2.647052764892578,2.3026320934295654,2.4634406566619873,2.203467607498169,2.4483697414398193,2.400925636291504,2.56550669670105,2.8720405101776123,2.838432788848877,3.2238075733184814,2.4131979942321777,2.2426042556762695,1.9225099086761475,1.6410566568374634,1.4323222637176514,1.3845171928405762,1.2862273454666138,0.898148775100708,0.976235032081604,0.746408998966217,1.0012212991714478,1.1402170658111572,1.3673388957977295,1.6914881467819214,2.0192625522613525
A4,0.9013283848762512,0.6693122386932373,0.40332210063934326,0.0,0.3771306574344635,0.5174446105957031,0.5423941016197205,0.6673662066459656,0.8558651208877563,1.1449947357177734,1.3729138374328613,1.5986082553863525,1.8250133991241455,2.1596086025238037,2.3712239265441895,2.455017328262329,2.1228675842285156,1.8680816888809204,1.860262393951416,1.677942156791687,1.4303045272827148,1.714933156967163,1.9156217575073242,1.9171925783157349,1.8650466203689575,2.1497795581817627,2.378682851791382,2.6959352493286133,2.984909772872925,3.294494390487671,2.663396120071411,2.75394606590271,2.566716194152832,2.394226551055908,2.4075734615325928,2.566472291946411,2.363542318344116,2.218291759490967,2.352332592010498,2.649576425552368,2.4554965496063232,2.7753891944885254,2.8387398719787598,3.0594494342803955,3.24656343460083,2.940683364868164,2.748042106628418,2.717322826385498,2.3601043224334717,2.53174090385437,2.384124279022217,2.0249199867248535,2.157036781311035,1.920461893081665,2.179413318634033,2.10917592048645,2.3160834312438965,2.6063311100006104,2.5992586612701416,2.985987663269043,2.310242176055908,2.150322198867798,1.873984456062317,1.5417238473892212,1.4248816967010498,1.353354573249817,1.151307463645935,0.8063579201698303,0.8926685452461243,0.7775686979293823,0.9961420297622681,1.1640329360961914,1.3823798894882202,1.685793161392212,1.9698355197906494
A5,1.1036078929901123,0.863646388053894,0.5147278308868408,0.3771306574344635,0.0,0.39651817083358765,0.6115052103996277,0.5661179423332214,0.658971905708313,0.8981598615646362,1.180166244506836,1.3388617038726807,1.569304347038269,1.9127932786941528,2.152791976928711,2.323967218399048,1.987455129623413,1.7855684757232666,1.8295339345932007,1.7073558568954468,1.4689552783966064,1.7449641227722168,2.005014657974243,2.059332847595215,2.061598062515259,2.375720977783203,2.6300156116485596,2.9473304748535156,3.217085123062134,3.544456958770752,2.9499149322509766,3.0185484886169434,2.8222644329071045,2.611503839492798,2.6235227584838867,2.7399303913116455,2.5073084831237793,2.347386121749878,2.4342563152313232,2.6987075805664062,2.463550567626953,2.775829315185547,2.7928659915924072,3.009951591491699,3.1576881408691406,2.9412662982940674,2.767705202102661,2.78631329536438,2.4484522342681885,2.6640026569366455,2.5398740768432617,2.187635660171509,2.3510324954986572,2.157339334487915,2.448604106903076,2.3965351581573486,2.6297740936279297,2.9205920696258545,2.937913417816162,3.322192907333374,2.6850764751434326,2.5157549381256104,2.2408666610717773,1.9068855047225952,1.7800296545028687,1.678255319595337,1.4760215282440186,1.1371545791625977,1.1282016038894653,0.9202218055725098,1.0101350545883179,1.0522880554199219,1.1759074926376343,1.4396603107452393,1.7057594060897827
A6,1.3384296894073486,1.0250444412231445,0.7658894658088684,0.5174446105957031,0.39651817083358765,0.0,0.3783070743083954,0.48044952750205994,0.41085952520370483,0.7503277659416199,0.925762414932251,1.1664009094238281,1.4450997114181519,1.7706416845321655,2.0160281658172607,2.1037142276763916,1.8010905981063843,1.5599714517593384,1.651607871055603,1.4839234352111816,1.3196275234222412,1.6524410247802734,1.8954784870147705,1.960300087928772,1.9968708753585815,2.2953147888183594,2.53171968460083,2.817925453186035,3.1030852794647217,3.4292619228363037,2.8393545150756836,2.8606860637664795,2.6246836185455322,2.4007182121276855,2.3691117763519287,2.474870443344116,2.255549669265747,2.0521225929260254,2.118227958679199,2.3825323581695557,2.1341283321380615,2.4286437034606934,2.459740400314331,2.6569552421569824,2.8229384422302246,2.5499303340911865,2.371488571166992,2.3963205814361572,2.0628743171691895,2.2941768169403076,2.1780691146850586,1.8328465223312378,2.0198006629943848,1.8579894304275513,2.1767377853393555,2.1611459255218506,2.41605544090271,2.716324806213379,2.780242681503296,3.153961181640625,2.6332807540893555,2.430445432662964,2.1980607509613037,1.8360445499420166,1.760385513305664,1.5850939750671387,1.332075834274292,1.0622645616531372,0.9536916613578796,0.8056817650794983,0.7958016991615295,0.856390118598938,0.9957806468009949,1.2542502880096436,1.4971277713775635
A7,1.4262245893478394,1.1520302295684814,0.9197881817817688,0.5423941016197205,0.6115052103996277,0.3783070743083954,0.0,0.36828261613845825,0.5106045007705688,0.8163905739784241,0.9361656904220581,1.2358139753341675,1.4689412117004395,1.7761341333389282,1.9695439338684082,1.9650859832763672,1.6583930253982544,1.3691014051437378,1.3960171937942505,1.1861976385116577,1.0052019357681274,1.3493083715438843,1.5554354190826416,1.59922194480896,1.6286288499832153,1.9207689762115479,2.155543804168701,2.4409375190734863,2.724850654602051,3.051501750946045,2.469911813735962,2.489368438720703,2.262420654296875,2.0360708236694336,2.0267255306243896,2.1365740299224854,1.9146032333374023,1.7404136657714844,1.8407013416290283,2.124077796936035,1.9164685010910034,2.2370309829711914,2.29699444770813,2.5230016708374023,2.713010311126709,2.449951171875,2.2929911613464355,2.2635462284088135,1.9234412908554077,2.106949806213379,2.0168991088867188,1.6533610820770264,1.779264211654663,1.6154849529266357,1.9194920063018799,1.8599735498428345,2.1359028816223145,2.4114725589752197,2.475522994995117,2.849146842956543,2.4102649688720703,2.236907482147217,2.037078619003296,1.658312201499939,1.653031826019287,1.5053796768188477,1.1965993642807007,0.985503613948822,0.960708737373352,0.956885039806366,1.0221842527389526,1.165539264678955,1.3327752351760864,1.5769342184066772,1.7835887670516968
A8,1.555435299873352,1.3222501277923584,1.0107835531234741,0.6673662066459656,0.5661179423332214,0.48044952750205994,0.36828261613845825,0.0,0.38740482926368713,0.5627301931381226,0.7914919853210449,1.0103996992111206,1.1963931322097778,1.5196839570999146,1.7112081050872803,1.8042430877685547,1.462789535522461,1.2385358810424805,1.2636727094650269,1.1554796695709229,0.9219971299171448,1.2123459577560425,1.4890761375427246,1.5831472873687744,1.6535780429840088,1.9846736192703247,2.2583463191986084,2.5605618953704834,2.80602765083313,3.1519813537597656,2.622697114944458,2.6474056243896484,2.4472479820251465,2.1873021125793457,2.2213170528411865,2.284158229827881,2.0182745456695557,1.8797630071640015,1.9485565423965454,2.1927871704101562,1.967806100845337,2.3019721508026123,2.308600902557373,2.560257911682129,2.702559471130371,2.5992355346679688,2.484461784362793,2.481762647628784,2.1658496856689453,2.3631958961486816,2.312676429748535,1.9534810781478882,2.0657217502593994,1.9350559711456299,2.2394442558288574,2.1539275646209717,2.4480719566345215,2.6994426250457764,2.757789373397827,3.1314315795898438,2.7045018672943115,2.559473991394043,2.3486979007720947,1.9776172637939453,1.9597816467285156,1.844833254814148,1.5486305952072144,1.307749629020691,1.3014870882034302,1.2321949005126953,1.26572847366333,1.3218375444412231,1.402610421180725,1.5965019464492798,1.765189528465271
A9,1.7176536321640015,1.4252580404281616,1.1332288980484009,0.8558651208877563,0.658971905708313,0.41085952520370483,0.5106045007705688,0.38740482926368713,0.0,0.357126921415329,0.5301501154899597,0.7671614289283752,1.0417532920837402,1.3621710538864136,1.6079182624816895,1.7193918228149414,1.417138695716858,1.2124378681182861,1.3524249792099,1.2479941844940186,1.1188068389892578,1.4385789632797241,1.723976492881775,1.8464710712432861,1.9544782638549805,2.2731218338012695,2.532170057296753,2.8069798946380615,3.0617001056671143,3.4064972400665283,2.8825197219848633,2.8676857948303223,2.628591537475586,2.3552989959716797,2.3366541862487793,2.379021167755127,2.1227102279663086,1.923589825630188,1.9381921291351318,2.1585278511047363,1.882657766342163,2.180294990539551,2.1642563343048096,2.378553628921509,2.5069026947021484,2.3839640617370605,2.261650323867798,2.312997341156006,2.0144848823547363,2.264449119567871,2.2139503955841064,1.8773468732833862,2.050018310546875,1.958093523979187,2.296534299850464,2.270678758621216,2.570751667022705,2.8443477153778076,2.941580057144165,3.3057429790496826,2.9149396419525146,2.726292133331299,2.5243852138519287,2.147505044937134,2.1173081398010254,1.9372302293777466,1.6460884809494019,1.4223992824554443,1.3048501014709473,1.1922496557235718,1.1021512746810913,1.0764027833938599,1.0913289785385132,1.2439497709274292,1.387305736541748
A10,1.9958463907241821,1.7299998998641968,1.4073269367218018,1.1449947357177734,0.8981598615646362,0.7503277659416199,0.8163905739784241,0.5627301931381226,0.357126921415329,0.0,0.37226203083992004,0.4596894681453705,0.6964787244796753,1.029367208480835,1.2827832698822021,1.4879473447799683,1.173287272453308,1.0555837154388428,1.228456735610962,1.2278239727020264,1.109313726425171,1.3688478469848633,1.6982111930847168,1.8698315620422363,2.0270280838012695,2.3632888793945312,2.6445798873901367,2.9176831245422363,3.1376824378967285,3.496342897415161,3.030958414077759,3.0028562545776367,2.777390718460083,2.471708059310913,2.478797674179077,2.4703330993652344,2.1817004680633545,2.0070271492004395,1.9806994199752808,2.1515309810638428,1.8589565753936768,2.1558291912078857,2.0831053256988525,2.315430164337158,2.3913638591766357,2.4405579566955566,2.370300769805908,2.446174383163452,2.182512044906616,2.440107583999634,2.4363906383514404,2.111649990081787,2.2668402194976807,2.2164061069488525,2.5569849014282227,2.5149190425872803,2.837367296218872,3.088057518005371,3.194976806640625,3.5537631511688232,3.2190773487091064,3.0482418537139893,2.852602243423462,2.473820686340332,2.45438551902771,2.287402868270874,1.9885777235031128,1.767383098602295,1.6617764234542847,1.5404388904571533,1.4289779663085938,1.3464642763137817,1.2748467922210693,1.3410544395446777,1.4017835855484009
A11,2.2468321323394775,1.9497790336608887,1.6633167266845703,1.3729138374328613,1.180166244506836,0.925762414932251,0.9361656904220581,0.7914919853210449,0.5301501154899597,0.37226203083992004,0.0,0.3805168867111206,0.6592090725898743,0.9168874025344849,1.1622154712677002,1.244638442993164,0.9901012778282166,0.8411735892295837,1.1040210723876953,1.0805671215057373,1.0829203128814697,1.3691691160202026,1.6670961380004883,1.853670597076416,2.049140453338623,2.360917329788208,2.6215200424194336,2.8573715686798096,3.079577922821045,3.434006690979004,2.995302677154541,2.919379234313965,2.6641368865966797,2.3423829078674316,2.312704563140869,2.2728617191314697,1.9936128854751587,1.7820641994476318,1.7100448608398438,1.8556451797485352,1.5376616716384888,1.8118975162506104,1.73248291015625,1.9502778053283691,2.0315027236938477,2.086456298828125,2.039598226547241,2.13118052482605,1.8962385654449463,2.1679022312164307,2.1993305683135986,1.899599313735962,2.0616936683654785,2.0678329467773438,2.4214255809783936,2.4077870845794678,2.748166561126709,2.9921650886535645,3.1414334774017334,3.481764554977417,3.2672293186187744,3.079219341278076,2.9226677417755127,2.534322738647461,2.5550265312194824,2.349156141281128,2.0271546840667725,1.8684500455856323,1.7176241874694824,1.6478372812271118,1.483575701713562,1.4046937227249146,1.322321891784668,1.3431249856948853,1.3366948366165161
A12,2.4398550987243652,2.1616814136505127,1.8459320068359375,1.5986082553863525,1.3388617038726807,1.1664009094238281,1.2358139753341675,1.0103996992111206,0.7671614289283752,0.4596894681453705,0.3805168867111206,0.0,0.35356712341308594,0.6358365416526794,0.9401189088821411,1.2206218242645264,0.9714198112487793,0.9757629632949829,1.252404808998108,1.3338488340377808,1.3162403106689453,1.5299386978149414,1.863972544670105,2.0809333324432373,2.295957565307617,2.6241416931152344,2.9037959575653076,3.147306203842163,3.34261417388916,3.7059426307678223,3.3018593788146973,3.230698347091675,2.9920332431793213,2.6564364433288574,2.6483001708984375,2.5805461406707764,2.282461166381836,2.0949010848999023,1.9952263832092285,2.093435049057007,1.7643101215362549,2.017416000366211,1.8748984336853027,2.089712619781494,2.1010468006134033,2.3154470920562744,2.301067352294922,2.4290428161621094,2.2232863903045654,2.507417917251587,2.554049253463745,2.2666032314300537,2.431051254272461,2.4473321437835693,2.8005175590515137,2.7803773880004883,3.1235239505767822,3.3612887859344482,3.505100965499878,3.847120523452759,3.613176107406616,3.432764768600464,3.259673595428467,2.874837875366211,2.87327241897583,2.6791889667510986,2.3705854415893555,2.180072784423828,2.0331344604492188,1.9145900011062622,1.734763741493225,1.5915379524230957,1.4305764436721802,1.3789219856262207,1.3092584609985352
A13,2.6681017875671387,2.418886423110962,2.0838778018951416,1.8250133991241455,1.569304347038269,1.4450997114181519,1.4689412117004395,1.1963931322097778,1.0417532920837402,0.6964787244796753,0.6592090725898743,0.35356712341308594,0.0,0.3462553322315216,0.6287508010864258,1.049304485321045,0.7884594202041626,0.9241483211517334,1.1731308698654175,1.3553892374038696,1.332959771156311,1.4601171016693115,1.8085782527923584,2.055467367172241,2.3001906871795654,2.6340513229370117,2.9287030696868896,3.1709160804748535,3.3283941745758057,3.699000358581543,3.354137897491455,3.281067371368408,3.0686392784118652,2.7148616313934326,2.744312286376953,2.6394951343536377,2.3175268173217773,2.1773390769958496,2.063839912414551,2.1208384037017822,1.8108065128326416,2.0690996646881104,1.8859636783599854,2.131140947341919,2.0954079627990723,2.4801948070526123,2.5137550830841064,2.631686210632324,2.448474407196045,2.7111215591430664,2.7935221195220947,2.5079312324523926,2.6350514888763428,2.668941020965576,3.0100021362304688,2.958867311477661,3.3155789375305176,3.525627374649048,3.6661171913146973,4.003284454345703,3.814100980758667,3.6604998111724854,3.4931769371032715,3.108060359954834,3.1219019889831543,2.952838659286499,2.633739709854126,2.4433341026306152,2.3308465480804443,2.223370313644409,2.0697131156921387,1.935341477394104,1.7718900442123413,1.7071313858032227,1.6099674701690674
A14,3.0113894939422607,2.7581119537353516,2.4269421100616455,2.1596086025238037,1.9127932786941528,1.7706416845321655,1.7761341333389282,1.5196839570999146,1.3621710538864136,1.029367208480835,0.9168874025344849,0.6358365416526794,0.3462553322315216,0.0,0.34466302394866943,0.8653942346572876,0.7092878222465515,0.9645185470581055,1.2387268543243408,1.471721887588501,1.5120017528533936,1.5930780172348022,1.9200690984725952,2.188537120819092,2.4669599533081055,2.78605055809021,3.0745840072631836,3.2914466857910156,3.42358136177063,3.7928659915924072,3.504842758178711,3.4030511379241943,3.1907904148101807,2.8212063312530518,2.8493402004241943,2.7010929584503174,2.377072334289551,2.2466728687286377,2.090301036834717,2.087224006652832,1.7772252559661865,1.9988939762115479,1.7650243043899536,2.004272937774658,1.9110406637191772,2.4553966522216797,2.540086030960083,2.6746551990509033,2.535842180252075,2.7956621646881104,2.9180407524108887,2.658456563949585,2.772996664047241,2.848984718322754,3.187542676925659,3.1401331424713135,3.5090324878692627,3.7005648612976074,3.8624846935272217,4.184511661529541,4.078736782073975,3.9273810386657715,3.7797253131866455,3.3913028240203857,3.425447463989258,3.2473435401916504,2.9176783561706543,2.750533103942871,2.627845048904419,2.536292314529419,2.363412618637085,2.220276117324829,2.036571741104126,1.9306156635284424,1.7744872570037842
A15,3.235185384750366,2.9970664978027344,2.663482666015625,2.3712239265441895,2.152791976928711,2.0160281658172607,1.9695439338684082,1.7112081050872803,1.6079182624816895,1.2827832698822021,1.1622154712677002,0.9401189088821411,0.6287508010864258,0.34466302394866943,0.0,0.680444061756134,0.5830174684524536,0.9399639368057251,1.1618322134017944,1.459373950958252,1.5229545831680298,1.5286380052566528,1.83147132396698,2.1167173385620117,2.4214680194854736,2.726855516433716,3.014512777328491,3.214582920074463,3.310699224472046,3.6789040565490723,3.4565021991729736,3.3421988487243652,3.151749849319458,2.771057367324829,2.8268258571624756,2.642145872116089,2.3080556392669678,2.223280429840088,2.055971145629883,2.011169195175171,1.7382371425628662,1.9580415487289429,1.7028779983520508,1.9710993766784668,1.849678635597229,2.5255277156829834,2.6532208919525146,2.7629971504211426,2.646653890609741,2.874689817428589,3.032930612564087,2.780864715576172,2.8537676334381104,2.9518306255340576,3.2729146480560303,3.2003839015960693,3.579338550567627,3.739238977432251,3.9048848152160645,4.213794231414795,4.184841156005859,4.056786060333252,3.9280898571014404,3.5403311252593994,3.6023669242858887,3.4403271675109863,3.096845865249634,2.9490582942962646,2.852044105529785,2.7903294563293457,2.6396522521972656,2.5229427814483643,2.359746217727661,2.2651963233947754,2.1077864170074463
B1,3.354410409927368,3.09521484375,2.803821563720703,2.455017328262329,2.323967218399048,2.1037142276763916,1.9650859832763672,1.8042430877685547,1.7193918228149414,1.4879473447799683,1.244638442993164,1.2206218242645264,1.049304485321045,0.8653942346572876,0.680444061756134,0.0,0.38515910506248474,0.6309446096420288,0.864948034286499,1.1155178546905518,1.3337124586105347,1.350631594657898,1.5445504188537598,1.8199981451034546,2.156233549118042,2.402470350265503,2.644780158996582,2.7822654247283936,2.875324010848999,3.226274251937866,3.053870916366577,2.879037380218506,2.6686666011810303,2.2805867195129395,2.3104422092437744,2.077021837234497,1.7630797624588013,1.681091547012329,1.4699552059173584,1.366837739944458,1.1264828443527222,1.3369035720825195,1.0900332927703857,1.4054675102233887,1.3310291767120361,2.038661003112793,2.2184340953826904,2.2769644260406494,2.203766107559204,2.3800580501556396,2.59740948677063,2.3828938007354736,2.4014780521392822,2.5622730255126953,2.8581910133361816,2.7896194458007812,3.1786117553710938,3.3013179302215576,3.5078344345092773,3.7806715965270996,3.9360511302948,3.8111815452575684,3.7443900108337402,3.3581786155700684,3.487089157104492,3.3088574409484863,2.9416611194610596,2.8783633708953857,2.7798690795898438,2.806652307510376,2.6646409034729004,2.6161139011383057,2.5173912048339844,2.458310604095459,2.3127095699310303
B2,3.015909194946289,2.774181842803955,2.4695000648498535,2.1228675842285156,1.987455129623413,1.8010905981063843,1.6583930253982544,1.462789535522461,1.417138695716858,1.173287272453308,0.9901012778282166,0.9714198112487793,0.7884594202041626,0.7092878222465515,0.5830174684524536,0.38515910506248474,0.0,0.3928988575935364,0.6127888560295105,0.9039276242256165,1.035683035850525,1.060349941253662,1.3194314241409302,1.5990664958953857,1.9166008234024048,2.1998136043548584,2.4702348709106445,2.653482437133789,2.7634849548339844,3.1280667781829834,2.8995065689086914,2.7691047191619873,2.5724141597747803,2.1902053356170654,2.2484259605407715,2.062945604324341,1.7261565923690796,1.6546895503997803,1.5083101987838745,1.4945299625396729,1.2537243366241455,1.5353761911392212,1.3508985042572021,1.6748794317245483,1.6544660329818726,2.1951050758361816,2.315495729446411,2.3568527698516846,2.222463369369507,2.404017448425293,2.576294183731079,2.3174264430999756,2.3428573608398438,2.4484336376190186,2.7497851848602295,2.658216714859009,3.042320728302002,3.1819417476654053,3.3550496101379395,3.6530842781066895,3.703258752822876,3.5875351428985596,3.4929258823394775,3.1068382263183594,3.2148656845092773,3.059020519256592,2.6971118450164795,2.6002233028411865,2.528524398803711,2.5380592346191406,2.4268224239349365,2.387761116027832,2.3056211471557617,2.2816388607025146,2.183246612548828
B3,2.7655060291290283,2.5139894485473633,2.2369678020477295,1.8680816888809204,1.7855684757232666,1.5599714517593384,1.3691014051437378,1.2385358810424805,1.2124378681182861,1.0555837154388428,0.8411735892295837,0.9757629632949829,0.9241483211517334,0.9645185470581055,0.9399639368057251,0.6309446096420288,0.3928988575935364,0.0,0.38698911666870117,0.5438559055328369,0.7372593879699707,0.8688679337501526,1.0980526208877563,1.3476402759552002,1.6470909118652344,1.9217814207077026,2.1779017448425293,2.361950635910034,2.5121822357177734,2.8728740215301514,2.586825132369995,2.454948902130127,2.235262632369995,1.8609472513198853,1.8977725505828857,1.7454149723052979,1.4156333208084106,1.3118971586227417,1.199932336807251,1.2612664699554443,1.0221710205078125,1.3546925783157349,1.2575256824493408,1.5855348110198975,1.6581428050994873,1.986397624015808,2.0664632320404053,2.068861246109009,1.9001578092575073,2.0664384365081787,2.22180438041687,1.9484386444091797,1.9652562141418457,2.0586488246917725,2.3593380451202393,2.2700438499450684,2.653106927871704,2.8018839359283447,2.9780094623565674,3.2792012691497803,3.332000732421875,3.2091023921966553,3.126883029937744,2.740769386291504,2.8656158447265625,2.7040064334869385,2.3363757133483887,2.267590045928955,2.2001454830169678,2.248279333114624,2.1571497917175293,2.165224075317383,2.136702060699463,2.1609764099121094,2.1104085445404053
B4,2.7303826808929443,2.5192463397979736,2.245980978012085,1.860262393951416,1.8295339345932007,1.651607871055603,1.3960171937942505,1.2636727094650269,1.3524249792099,1.228456735610962,1.1040210723876953,1.252404808998108,1.1731308698654175,1.2387268543243408,1.1618322134017944,0.864948034286499,0.6127888560295105,0.38698911666870117,0.0,0.3888264298439026,0.50853031873703,0.5128040909767151,0.7253509163856506,0.9930780529975891,1.3100429773330688,1.5886223316192627,1.8611406087875366,2.0602128505706787,2.18595290184021,2.554450273513794,2.2955288887023926,2.1872425079345703,2.0126874446868896,1.638330101966858,1.746288776397705,1.5982462167739868,1.2446308135986328,1.2424938678741455,1.2071658372879028,1.2990988492965698,1.1635174751281738,1.5257761478424072,1.4781546592712402,1.8302934169769287,1.925512671470642,2.229931116104126,2.3047523498535156,2.248670816421509,2.061264753341675,2.168407917022705,2.3217272758483887,2.0317025184631348,1.9847331047058105,2.0488064289093018,2.3102104663848877,2.161057472229004,2.5412228107452393,2.654942512512207,2.8016974925994873,3.1020610332489014,3.1727988719940186,3.092991352081299,3.0188820362091064,2.6445701122283936,2.792278528213501,2.678173542022705,2.3091554641723633,2.2477974891662598,2.2466609477996826,2.3248026371002197,2.2983319759368896,2.3524632453918457,2.3675696849823,2.4350292682647705,2.4251792430877686
B5,2.536310911178589,2.3094775676727295,2.0765867233276367,1.677942156791687,1.7073558568954468,1.4839234352111816,1.1861976385116577,1.1554796695709229,1.2479941844940186,1.2278239727020264,1.0805671215057373,1.3338488340377808,1.3553892374038696,1.471721887588501,1.459373950958252,1.1155178546905518,0.9039276242256165,0.5438559055328369,0.3888264298439026,0.0,0.38042694330215454,0.6028082966804504,0.7072876691818237,0.8890600204467773,1.1595826148986816,1.415083885192871,1.6581709384918213,1.8520331382751465,2.0370852947235107,2.3944127559661865,2.0555267333984375,1.9391705989837646,1.7235665321350098,1.3615057468414307,1.4267538785934448,1.3296616077423096,0.9980611801147461,0.9374529123306274,0.9608138799667358,1.1496175527572632,1.0281496047973633,1.4073903560638428,1.4470100402832031,1.773522973060608,1.9440072774887085,2.032559871673584,2.0619025230407715,1.9686797857284546,1.748566746711731,1.8370858430862427,1.967208981513977,1.6659016609191895,1.6104897260665894,1.660987377166748,1.9240202903747559,1.784719467163086,2.1657493114471436,2.2964258193969727,2.4539222717285156,2.7584424018859863,2.8357696533203125,2.7391855716705322,2.68194317817688,2.306396484375,2.4743781089782715,2.345484972000122,1.971215009689331,1.9504746198654175,1.9461246728897095,2.069701910018921,2.0588526725769043,2.1595401763916016,2.2253777980804443,2.3313517570495605,2.359084367752075
B6,2.2689595222473145,2.0787861347198486,1.8261737823486328,1.4303045272827148,1.4689552783966064,1.3196275234222412,1.0052019357681274,0.9219971299171448,1.1188068389892578,1.109313726425171,1.0829203128814697,1.3162403106689453,1.332959771156311,1.5120017528533936,1.5229545831680298,1.3337124586105347,1.035683035850525,0.7372593879699707,0.50853031873703,0.38042694330215454,0.0,0.38950884342193604,0.6099631190299988,0.7736467719078064,0.9913380742073059,1.3115391731262207,1.599725604057312,1.8588619232177734,2.0441694259643555,2.4101762771606445,2.025272846221924,1.9822970628738403,1.8119817972183228,1.4821548461914062,1.6005905866622925,1.5645776987075806,1.2405407428741455,1.227581262588501,1.3107497692108154,1.5214638710021973,1.4063223600387573,1.7847490310668945,1.8143025636672974,2.139108657836914,2.2945048809051514,2.365774393081665,2.3592898845672607,2.2686569690704346,2.011260509490967,2.103651285171509,2.1818928718566895,1.84842848777771,1.8030202388763428,1.7758264541625977,2.027435541152954,1.8527209758758545,2.211151361465454,2.353127956390381,2.454313278198242,2.7855782508850098,2.718341112136841,2.6450536251068115,2.5465617179870605,2.175901174545288,2.3124310970306396,2.2282485961914062,1.86807382106781,1.7914401292800903,1.8422117233276367,1.9379667043685913,1.9796868562698364,2.0900046825408936,2.1722285747528076,2.311497926712036,2.3825247287750244
B7,2.5128235816955566,2.363845109939575,2.0976271629333496,1.714933156967163,1.7449641227722168,1.6524410247802734,1.3493083715438843,1.2123459577560425,1.4385789632797241,1.3688478469848633,1.3691691160202026,1.5299386978149414,1.4601171016693115,1.5930780172348022,1.5286380052566528,1.350631594657898,1.060349941253662,0.8688679337501526,0.5128040909767151,0.6028082966804504,0.38950884342193604,0.0,0.37711670994758606,0.6231200098991394,0.8998010754585266,1.2241742610931396,1.5387002229690552,1.7998448610305786,1.9155662059783936,2.2915656566619873,2.0048892498016357,1.9754904508590698,1.8703181743621826,1.5346266031265259,1.7286816835403442,1.6488916873931885,1.3053689002990723,1.3974140882492065,1.4772677421569824,1.634377360343933,1.5717034339904785,1.9468779563903809,1.9494913816452026,2.3008968830108643,2.421996593475342,2.630615711212158,2.6641361713409424,2.5623319149017334,2.3306548595428467,2.3939733505249023,2.5027849674224854,2.1822948455810547,2.0941195487976074,2.080244541168213,2.29636812210083,2.079617738723755,2.433173179626465,2.5263772010803223,2.6075689792633057,2.9231700897216797,2.9081151485443115,2.8805158138275146,2.790402412414551,2.4376912117004395,2.585381269454956,2.5416269302368164,2.190119504928589,2.109757423400879,2.1976513862609863,2.288605213165283,2.3484201431274414,2.45047664642334,2.517223834991455,2.6429243087768555,2.696770668029785
B8,2.6684744358062744,2.5328850746154785,2.3051059246063232,1.9156217575073242,2.005014657974243,1.8954784870147705,1.5554354190826416,1.4890761375427246,1.723976492881775,1.6982111930847168,1.6670961380004883,1.863972544670105,1.8085782527923584,1.9200690984725952,1.83147132396698,1.5445504188537598,1.3194314241409302,1.0980526208877563,0.7253509163856506,0.7072876691818237,0.6099631190299988,0.37711670994758606,0.0,0.29553544521331787,0.6385670304298401,0.9062396883964539,1.2049007415771484,1.442996621131897,1.5434927940368652,1.9197524785995483,1.6744755506515503,1.6306461095809937,1.5556154251098633,1.2257925271987915,1.4700775146484375,1.3852440118789673,1.0575519800186157,1.2393003702163696,1.371158480644226,1.537092924118042,1.5627895593643188,1.9288090467453003,1.9826732873916626,2.333300828933716,2.4880783557891846,2.6474621295928955,2.689298391342163,2.53641414642334,2.3161544799804688,2.317888021469116,2.444101333618164,2.1422762870788574,1.9893901348114014,1.9852068424224854,2.150902032852173,1.8973278999328613,2.2443954944610596,2.2885444164276123,2.3690919876098633,2.6608917713165283,2.7662010192871094,2.769261598587036,2.723236322402954,2.389683723449707,2.586041212081909,2.5613746643066406,2.2107784748077393,2.1882128715515137,2.3033649921417236,2.4485862255096436,2.5339953899383545,2.6763875484466553,2.777292013168335,2.9203455448150635,2.98248028755188
B9,2.607468605041504,2.4942872524261475,2.3000946044921875,1.9171925783157349,2.059332847595215,1.960300087928772,1.59922194480896,1.5831472873687744,1.8464710712432861,1.8698315620422363,1.853670597076416,2.0809333324432373,2.055467367172241,2.188537120819092,2.1167173385620117,1.8199981451034546,1.5990664958953857,1.3476402759552002,0.9930780529975891,0.8890600204467773,0.7736467719078064,0.6231200098991394,0.29553544521331787,0.0,0.3578033149242401,0.6133689284324646,0.9206379055976868,1.1859761476516724,1.310806155204773,1.683794379234314,1.3942781686782837,1.3839845657348633,1.340181589126587,1.051364779472351,1.3337024450302124,1.306188941001892,1.0248050689697266,1.241948127746582,1.4375075101852417,1.642066240310669,1.707149863243103,2.0661838054656982,2.163546085357666,2.5010199546813965,2.6876049041748047,2.747098445892334,2.7643048763275146,2.5771989822387695,2.3416366577148438,2.3058130741119385,2.409827709197998,2.108487129211426,1.9224880933761597,1.8849340677261353,2.0085389614105225,1.7210935354232788,2.0459916591644287,2.0685296058654785,2.1219844818115234,2.412086248397827,2.5260581970214844,2.555670976638794,2.5262415409088135,2.212850332260132,2.4315102100372314,2.4361417293548584,2.0990490913391113,2.10410737991333,2.256774663925171,2.434053897857666,2.5578293800354004,2.736912488937378,2.8747365474700928,3.0472474098205566,3.138277053833008
B10,2.4574577808380127,2.3830888271331787,2.225555419921875,1.8650466203689575,2.061598062515259,1.9968708753585815,1.6286288499832153,1.6535780429840088,1.9544782638549805,2.0270280838012695,2.049140453338623,2.295957565307617,2.3001906871795654,2.4669599533081055,2.4214680194854736,2.156233549118042,1.9166008234024048,1.6470909118652344,1.3100429773330688,1.1595826148986816,0.9913380742073059,0.8998010754585266,0.6385670304298401,0.3578033149242401,0.0,0.36729732155799866,0.7012456655502319,1.0382882356643677,1.2030234336853027,1.5549429655075073,1.166652798652649,1.246819257736206,1.2527661323547363,1.0542080402374268,1.3541454076766968,1.4168004989624023,1.2021609544754028,1.4139840602874756,1.6606324911117554,1.9038187265396118,1.9799033403396606,2.334005832672119,2.461470603942871,2.7846994400024414,2.995086193084717,2.9517149925231934,2.9313173294067383,2.7213079929351807,2.459587812423706,2.3998396396636963,2.4595699310302734,2.151571750640869,1.9515877962112427,1.8526132106781006,1.9315329790115356,1.609567403793335,1.8904725313186646,1.9032565355300903,1.8991883993148804,2.200188398361206,2.239746570587158,2.30566668510437,2.2756690979003906,1.9911079406738281,2.2173104286193848,2.2702012062072754,1.9614070653915405,1.976744532585144,2.183093547821045,2.3803532123565674,2.5558905601501465,2.770703077316284,2.947342872619629,3.155359983444214,3.285471200942993
B11,2.685049533843994,2.6213440895080566,2.50114369392395,2.1497795581817627,2.375720977783203,2.2953147888183594,1.9207689762115479,1.9846736192703247,2.2731218338012695,2.3632888793945312,2.360917329788208,2.6241416931152344,2.6340513229370117,2.78605055809021,2.726855516433716,2.402470350265503,2.1998136043548584,1.9217814207077026,1.5886223316192627,1.415083885192871,1.3115391731262207,1.2241742610931396,0.9062396883964539,0.6133689284324646,0.36729732155799866,0.0,0.3410313129425049,0.6857995986938477,0.8606423735618591,1.198631763458252,0.8205010890960693,0.9191296696662903,1.0031646490097046,0.8853785395622253,1.2288389205932617,1.3171192407608032,1.1812183856964111,1.446608066558838,1.7239304780960083,1.9628100395202637,2.100895881652832,2.4286539554595947,2.5928022861480713,2.902583122253418,3.135664701461792,3.0423805713653564,3.025413990020752,2.7761096954345703,2.531383514404297,2.4155304431915283,2.483051061630249,2.2069623470306396,1.9536159038543701,1.8618414402008057,1.87175714969635,1.519027829170227,1.764509677886963,1.7088443040847778,1.6909128427505493,1.9538339376449585,2.1435546875,2.248013973236084,2.2734813690185547,2.027345895767212,2.297308921813965,2.367720365524292,2.077500820159912,2.150390863418579,2.36850905418396,2.604696273803711,2.792311429977417,3.031944513320923,3.229323387145996,3.445223331451416,3.577892541885376
B12,2.8646650314331055,2.8041093349456787,2.720306873321533,2.378682851791382,2.6300156116485596,2.53171968460083,2.155543804168701,2.2583463191986084,2.532170057296753,2.6445798873901367,2.6215200424194336,2.9037959575653076,2.9287030696868896,3.0745840072631836,3.014512777328491,2.644780158996582,2.4702348709106445,2.1779017448425293,1.8611406087875366,1.6581709384918213,1.599725604057312,1.5387002229690552,1.2049007415771484,0.9206379055976868,0.7012456655502319,0.3410313129425049,0.0,0.37704941630363464,0.6266425251960754,0.9186020493507385,0.48741695284843445,0.6115708351135254,0.7825575470924377,0.7900009751319885,1.134393572807312,1.2638649940490723,1.2217180728912354,1.501388669013977,1.8003698587417603,2.0398499965667725,2.2219460010528564,2.5204505920410156,2.7202725410461426,3.009293794631958,3.2666428089141846,3.1013708114624023,3.079047441482544,2.7963976860046387,2.5657708644866943,2.4011528491973877,2.4669511318206787,2.224411725997925,1.9307633638381958,1.8421403169631958,1.785666584968567,1.4169600009918213,1.6168004274368286,1.4967732429504395,1.46797513961792,1.6889761686325073,2.0311243534088135,2.162116289138794,2.2420167922973633,2.033768892288208,2.339646577835083,2.418207883834839,2.1492185592651367,2.2750227451324463,2.496331214904785,2.766205310821533,2.961775064468384,3.2237725257873535,3.4415268898010254,3.665933132171631,3.8038253784179688
B13,3.188023805618286,3.112215995788574,3.0423171520233154,2.6959352493286133,2.9473304748535156,2.817925453186035,2.4409375190734863,2.5605618953704834,2.8069798946380615,2.9176831245422363,2.8573715686798096,3.147306203842163,3.1709160804748535,3.2914466857910156,3.214582920074463,2.7822654247283936,2.653482437133789,2.361950635910034,2.0602128505706787,1.8520331382751465,1.8588619232177734,1.7998448610305786,1.442996621131897,1.1859761476516724,1.0382882356643677,0.6857995986938477,0.37704941630363464,0.0,0.3900378346443176,0.6220574975013733,0.37745699286460876,0.3142639994621277,0.6134122610092163,0.7226496934890747,1.0525484085083008,1.1605240106582642,1.208526611328125,1.5155723094940186,1.8081703186035156,2.0177578926086426,2.254286766052246,2.512786626815796,2.7382659912109375,3.0073211193084717,3.277660369873047,3.092409133911133,3.089658498764038,2.779499053955078,2.586444616317749,2.374354600906372,2.4695520401000977,2.2747535705566406,1.9408819675445557,1.8994520902633667,1.7940049171447754,1.4376232624053955,1.61153244972229,1.415719985961914,1.4263091087341309,1.568913221359253,2.1531198024749756,2.2870705127716064,2.4226901531219482,2.2364578247070312,2.5706870555877686,2.6305243968963623,2.3666250705718994,2.5363950729370117,2.7343356609344482,3.02720308303833,3.2049834728240967,3.4714574813842773,3.6899380683898926,3.904514789581299,4.0267133712768555
