,A1,A2,A3,A4,A5,A6,A7,A8,A9,A10,A11,A12,A13,A14,A15,B1,B2,B3,B4,B5,B6,B7,B8,B9,B10,B11,B12,B13,B14,B15,C1,C2,C3,C4,C5,C6,C7,C8,C9,C10,C11,C12,C13,C14,C15,D1,D2,D3,D4,D5,D6,D7,D8,D9,D10,D11,D12,D13,D14,D15,E1,E2,E3,E4,E5,E6,E7,E8,E9,E10,E11,E12,E13,E14,E15
A1,0.0,0.3800026774406433,0.5484451055526733,0.672804594039917,1.0284438133239746,1.265403151512146,1.6406816244125366,1.754563808441162,2.103410005569458,1.9216086864471436,1.5589345693588257,1.6679284572601318,1.6081371307373047,1.2521166801452637,1.3128021955490112,0.5763561129570007,0.779880940914154,0.8913195133209229,0.9657609462738037,1.2277082204818726,1.4195243120193481,1.7512975931167603,1.8306547403335571,2.1956095695495605,2.0647501945495605,1.7420344352722168,1.7938014268875122,1.789125919342041,1.490339756011963,1.560473084449768,1.1430538892745972,1.2910974025726318,1.3610776662826538,1.389161229133606,1.5803593397140503,1.7163866758346558,1.9903185367584229,2.0400660037994385,2.392043352127075,2.3008627891540527,2.0343387126922607,2.0314559936523438,2.073181629180908,1.8218622207641602,1.8965191841125488,1.6699788570404053,1.7883514165878296,1.841794729232788,1.8416366577148438,1.9897323846817017,2.0804026126861572,2.311455249786377,2.34761381149292,2.6755707263946533,2.6110892295837402,2.4057395458221436,2.354147434234619,2.422085762023926,2.2151708602905273,2.2948403358459473,2.176091194152832,2.270905017852783,2.3321070671081543,2.304168462753296,2.4254074096679688,2.479796886444092,2.6934313774108887,2.702873945236206,3.027078151702881,2.9874629974365234,2.8373358249664307,2.7331199645996094,2.8132588863372803,2.6178367137908936,2.6843342781066895
A2,0.3800026774406433,0.0,0.38689109683036804,0.7086656093597412,1.017621636390686,1.338664174079895,1.6943178176879883,1.8786301612854004,2.226365804672241,2.0749731063842773,1.7320784330368042,1.9013561010360718,1.846219778060913,1.496350646018982,1.5864256620407104,0.5401486754417419,0.5318347215652466,0.6718584299087524,0.8781291842460632,1.1210638284683228,1.4008965492248535,1.7309205532073975,1.885130763053894,2.262791872024536,2.1592042446136475,1.8431140184402466,1.9610776901245117,1.956477165222168,1.6456544399261475,1.7421073913574219,1.0276408195495605,1.0653455257415771,1.1433392763137817,1.2504216432571411,1.4266570806503296,1.6360294818878174,1.9156677722930908,2.0356650352478027,2.409515619277954,2.3442020416259766,2.073554515838623,2.134390354156494,2.1763134002685547,1.9010722637176514,2.0005950927734375,1.5348796844482422,1.5773941278457642,1.6338058710098267,1.687008023262024,1.8183284997940063,1.9657814502716064,2.2023446559906006,2.2998440265655518,2.654317855834961,2.614987373352051,2.4013257026672363,2.405249834060669,2.4754562377929688,2.239758014678955,2.342007637023926,2.035106897354126,2.0708138942718506,2.1342198848724365,2.1465420722961426,2.248940944671631,2.3490912914276123,2.5645556449890137,2.627042531967163,2.974334955215454,2.962961435317993,2.807027578353882,2.7503979206085205,2.8332042694091797,2.607231378555298,2.695396900177002
A3,0.5484451055526733,0.38689109683036804,0.0,0.38669732213020325,0.641696572303772,0.985898494720459,1.3269214630126953,1.540310263633728,1.8864930868148804,1.7688897848129272,1.4543684720993042,1.6837537288665771,1.6882104873657227,1.377301812171936,1.5590167045593262,0.6325778961181641,0.622769832611084,0.5126047134399414,0.601006269454956,0.7679613828659058,1.0405659675598145,1.3530826568603516,1.528178334236145,1.9129887819290161,1.8453187942504883,1.5589383840560913,1.7303193807601929,1.788656234741211,1.5197899341583252,1.697008728981018,1.050753116607666,1.0824081897735596,1.0254120826721191,1.0399236679077148,1.141209602355957,1.3143609762191772,1.5618189573287964,1.6891510486602783,2.0670878887176514,2.038208246231079,1.8009601831436157,1.9032855033874512,2.0053317546844482,1.7704846858978271,1.9385945796966553,1.5249271392822266,1.564596176147461,1.5297808647155762,1.512303113937378,1.5814415216445923,1.685183048248291,1.88318932056427,1.9776965379714966,2.3288543224334717,2.3239262104034424,2.1464152336120605,2.1823110580444336,2.3069260120391846,2.109286308288574,2.269019842147827,2.0042176246643066,2.041675090789795,2.0355987548828125,1.991833209991455,2.043386459350586,2.1013643741607666,2.2784523963928223,2.3336594104766846,2.6698639392852783,2.68678879737854,2.566775321960449,2.534224510192871,2.6640923023223877,2.4711761474609375,2.6098740100860596
A4,0.672804594039917,0.7086656093597412,0.38669732213020325,0.0,0.3868708908557892,0.6388679146766663,1.011668086051941,1.1768451929092407,1.518678903579712,1.3881425857543945,1.0724937915802002,1.3151838779449463,1.3625773191452026,1.0890148878097534,1.336753249168396,0.7472928166389465,0.8686705827713013,0.6658876538276672,0.4997199475765228,0.6224539875984192,0.763485848903656,1.079679012298584,1.190309762954712,1.5712244510650635,1.4963109493255615,1.219611644744873,1.3853974342346191,1.4935977458953857,1.2719038724899292,1.4994618892669678,1.1328219175338745,1.2481434345245361,1.1194239854812622,0.9965922832489014,1.064809799194336,1.1246992349624634,1.3484492301940918,1.4055742025375366,1.7672011852264404,1.7343449592590332,1.520955204963684,1.6024574041366577,1.7496362924575806,1.566491723060608,1.7693407535552979,1.5807067155838013,1.6818779706954956,1.5936620235443115,1.4831074476242065,1.5314524173736572,1.5475234985351562,1.7171169519424438,1.7466849088668823,2.070784330368042,2.0620763301849365,1.9144279956817627,1.9262751340866089,2.087449550628662,1.9414310455322266,2.1253018379211426,2.0396201610565186,2.128283739089966,2.0787417888641357,1.9644477367401123,2.0036978721618652,1.991068959236145,2.143644094467163,2.142341136932373,2.44981050491333,2.4571330547332764,2.3641738891601562,2.308152914047241,2.467378616333008,2.3227436542510986,2.479475259780884
A5,1.0284438133239746,1.017621636390686,0.641696572303772,0.3868708908557892,0.0,0.3906337022781372,0.6880986094474792,0.9453590512275696,1.2957531213760376,1.2608143091201782,1.0292565822601318,1.3542392253875732,1.4954668283462524,1.298840880393982,1.6072299480438232,1.105966329574585,1.1568995714187622,0.866464376449585,0.6435827612876892,0.5114653706550598,0.5701572895050049,0.7844035625457764,0.9569424986839294,1.351670503616333,1.3697733879089355,1.176456332206726,1.4197827577590942,1.6144938468933105,1.4633585214614868,1.7496402263641357,1.4080960750579834,1.4695398807525635,1.254793405532837,1.07709801197052,1.006272315979004,1.0020726919174194,1.124959945678711,1.209540605545044,1.5702342987060547,1.6196153163909912,1.4804556369781494,1.6275391578674316,1.8493621349334717,1.7233994007110596,1.9832849502563477,1.7928484678268433,1.8561255931854248,1.6962308883666992,1.5403544902801514,1.4932923316955566,1.4594085216522217,1.5468504428863525,1.5873279571533203,1.8992319107055664,1.9596214294433594,1.8761167526245117,1.9428527355194092,2.1679530143737793,2.0675058364868164,2.30416202545166,2.208836555480957,2.27163028717041,2.1618590354919434,2.0106053352355957,1.976850986480713,1.9244816303253174,2.009840726852417,2.015113115310669,2.3012447357177734,2.3624370098114014,2.3249077796936035,2.3137500286102295,2.527435302734375,2.4190330505371094,2.6266818046569824
A6,1.265403151512146,1.338664174079895,0.985898494720459,0.6388679146766663,0.3906337022781372,0.0,0.3905423581600189,0.5605151057243347,0.9164285063743591,0.8926685452461243,0.7062719464302063,1.0592507123947144,1.2792199850082397,1.1699931621551514,1.5244334936141968,1.3379207849502563,1.4577548503875732,1.165297031402588,0.8527747988700867,0.7006546258926392,0.5039259195327759,0.6197382807731628,0.6502200961112976,1.0324864387512207,1.0655194520950317,0.9285187721252441,1.1620718240737915,1.430757761001587,1.3629729747772217,1.6824349164962769,1.608818531036377,1.727109670639038,1.4897452592849731,1.230015516281128,1.1367793083190918,0.9934621453285217,1.0464783906936646,1.013680100440979,1.32728910446167,1.384825587272644,1.3034409284591675,1.4210747480392456,1.6983941793441772,1.6473042964935303,1.9295382499694824,1.9571490287780762,2.068613290786743,1.8803755044937134,1.6558891534805298,1.5932639837265015,1.4649578332901,1.5038244724273682,1.455262303352356,1.7127289772033691,1.7742300033569336,1.7410284280776978,1.7786470651626587,2.043379068374634,2.0086655616760254,2.2607905864715576,2.3411061763763428,2.4474215507507324,2.307765007019043,2.0990190505981445,2.0559494495391846,1.9309333562850952,1.9814093112945557,1.9179571866989136,2.1558263301849365,2.207141160964966,2.2079663276672363,2.1712114810943604,2.415158987045288,2.365463972091675,2.5853888988494873
A7,1.6406816244125366,1.6943178176879883,1.3269214630126953,1.011668086051941,0.6880986094474792,0.3905423581600189,0.0,0.3901335299015045,0.703605055809021,0.8514145016670227,0.8386749029159546,1.2104274034500122,1.5018658638000488,1.4710026979446411,1.843384027481079,1.7160159349441528,1.8057758808135986,1.4841686487197876,1.1718099117279053,0.925133228302002,0.6543148159980774,0.5068215131759644,0.5261309742927551,0.8549489974975586,1.0280014276504517,1.0338261127471924,1.3044593334197998,1.6359120607376099,1.6387025117874146,1.9826444387435913,1.946347713470459,2.036680221557617,1.7578907012939453,1.4747213125228882,1.2952288389205933,1.0842231512069702,0.9921849370002747,0.9428624510765076,1.195859670639038,1.3533703088760376,1.3785288333892822,1.5392537117004395,1.8730107545852661,1.8828458786010742,2.196246385574341,2.2476649284362793,2.337630271911621,2.1044387817382812,1.8486324548721313,1.7146793603897095,1.5306682586669922,1.4702296257019043,1.4051915407180786,1.6098610162734985,1.7447717189788818,1.7934222221374512,1.8725920915603638,2.1888034343719482,2.205580472946167,2.4918196201324463,2.5896201133728027,2.6816325187683105,2.496976375579834,2.256852388381958,2.1547341346740723,1.9837360382080078,1.9581865072250366,1.8831508159637451,2.072136163711548,2.1743128299713135,2.240414619445801,2.240483283996582,2.5311334133148193,2.5260989665985107,2.7830469608306885
A8,1.754563808441162,1.8786301612854004,1.540310263633728,1.1768451929092407,0.9453590512275696,0.5605151057243347,0.3901335299015045,0.0,0.40046846866607666,0.5297104120254517,0.5982624888420105,0.9210012555122375,1.2687000036239624,1.3184962272644043,1.6927661895751953,1.8309606313705444,1.9875686168670654,1.6926666498184204,1.3451948165893555,1.170234203338623,0.8380026817321777,0.7274379730224609,0.4961002469062805,0.7140637040138245,0.839444637298584,0.8924127817153931,1.0781171321868896,1.448807954788208,1.5194295644760132,1.8563786745071411,2.060781240463257,2.21230411529541,1.952224612236023,1.6363587379455566,1.505757212638855,1.2383289337158203,1.1606104373931885,0.9746643900871277,1.140838623046875,1.246126413345337,1.3015828132629395,1.3786863088607788,1.7291290760040283,1.7962077856063843,2.0957107543945312,2.353830337524414,2.49814772605896,2.276374101638794,1.9899760484695435,1.8927818536758423,1.6622731685638428,1.6099976301193237,1.4513673782348633,1.5913382768630981,1.678813099861145,1.7474030256271362,1.758251667022705,2.077902317047119,2.1435320377349854,2.4130430221557617,2.6842072010040283,2.825083017349243,2.6457324028015137,2.376904010772705,2.3059275150299072,2.094534397125244,2.0759856700897217,1.92951238155365,2.073845863342285,2.1290812492370605,2.2047159671783447,2.1495046615600586,2.439140558242798,2.4789748191833496,2.717979669570923
A9,2.103410005569458,2.226365804672241,1.8864930868148804,1.518678903579712,1.2957531213760376,0.9164285063743591,0.703605055809021,0.40046846866607666,0.0,0.3991055488586426,0.7048264145851135,0.9628877639770508,1.3213515281677246,1.4693971872329712,1.8432880640029907,2.1171610355377197,2.276944875717163,1.9694935083389282,1.601436972618103,1.4157638549804688,1.0398705005645752,0.855627715587616,0.5169602036476135,0.4645843803882599,0.6549545526504517,0.870272696018219,1.038701057434082,1.439228892326355,1.598185658454895,1.9452497959136963,2.2740767002105713,2.4356234073638916,2.153613567352295,1.8035398721694946,1.6530168056488037,1.3217642307281494,1.180013656616211,0.9013386964797974,0.9251201748847961,1.0537588596343994,1.212289571762085,1.2829359769821167,1.6679534912109375,1.8134839534759521,2.128933906555176,2.50006103515625,2.658973217010498,2.409597158432007,2.0833661556243896,1.9654464721679688,1.6735740900039673,1.5696414709091187,1.3374625444412231,1.3825547695159912,1.4799656867980957,1.6194467544555664,1.6277519464492798,1.9797563552856445,2.112827777862549,2.3999717235565186,2.772439956665039,2.9322056770324707,2.7211029529571533,2.41245436668396,2.3236353397369385,2.056981086730957,1.9963101148605347,1.7931281328201294,1.8677802085876465,1.9204989671707153,2.0458076000213623,1.9900695085525513,2.308868646621704,2.409085988998413,2.6673994064331055
A10,1.9216086864471436,2.0749731063842773,1.7688897848129272,1.3881425857543945,1.2608143091201782,0.8926685452461243,0.8514145016670227,0.5297104120254517,0.3991055488586426,0.0,0.38320571184158325,0.5959378480911255,0.9317268133163452,1.111459493637085,1.4782404899597168,1.8878910541534424,2.08990478515625,1.8157893419265747,1.4385159015655518,1.338986873626709,0.9730429649353027,0.932799220085144,0.5543833374977112,0.5520606637001038,0.454297810792923,0.5655781626701355,0.6484693884849548,1.0503580570220947,1.226867437362671,1.5633965730667114,2.02421236038208,2.2325329780578613,1.9834126234054565,1.628360390663147,1.5542782545089722,1.2318700551986694,1.1989619731903076,0.8775336146354675,0.9331677556037903,0.9042718410491943,0.9741446375846863,0.9525012373924255,1.3164809942245483,1.4649198055267334,1.7594233751296997,2.2455294132232666,2.448073625564575,2.230271339416504,1.9042484760284424,1.8537163734436035,1.5736408233642578,1.5532246828079224,1.2906274795532227,1.3618613481521606,1.3519954681396484,1.4209569692611694,1.3519082069396973,1.669236421585083,1.7967478036880493,2.0555691719055176,2.5213818550109863,2.7190699577331543,2.5378525257110596,2.2325451374053955,2.203646659851074,1.9488368034362793,1.9562393426895142,1.727786660194397,1.8313344717025757,1.8071166276931763,1.8723139762878418,1.7529144287109375,2.0337796211242676,2.1249916553497314,2.3494060039520264
A11,1.5589345693588257,1.7320784330368042,1.4543684720993042,1.0724937915802002,1.0292565822601318,0.7062719464302063,0.8386749029159546,0.5982624888420105,0.7048264145851135,0.38320571184158325,0.0,0.3973018229007721,0.6819765567779541,0.7669746279716492,1.1467032432556152,1.529977798461914,1.7597073316574097,1.519460678100586,1.15373694896698,1.1333531141281128,0.8263772130012512,0.9365501403808594,0.6473833322525024,0.8242302536964417,0.6409606337547302,0.48503583669662476,0.5244789719581604,0.867247998714447,0.9489297270774841,1.2760162353515625,1.708669662475586,1.9404069185256958,1.7309778928756714,1.4026867151260376,1.3978381156921387,1.1410436630249023,1.2198063135147095,0.9652521014213562,1.1380332708358765,1.0423731803894043,0.966920018196106,0.9077603220939636,1.2046685218811035,1.2670570611953735,1.5336790084838867,1.9826829433441162,2.199789047241211,2.024303674697876,1.7336429357528687,1.7410497665405273,1.522794246673584,1.5868451595306396,1.3766440153121948,1.5325473546981812,1.4753338098526,1.4466420412063599,1.3481851816177368,1.6063740253448486,1.661353588104248,1.886541485786438,2.3089215755462646,2.5119717121124268,2.374386787414551,2.1061604022979736,2.1250758171081543,1.9252492189407349,1.9998799562454224,1.8104424476623535,1.9812222719192505,1.9295092821121216,1.923819899559021,1.7807661294937134,2.0106236934661865,2.038689374923706,2.2264859676361084
A12,1.6679284572601318,1.9013561010360718,1.6837537288665771,1.3151838779449463,1.3542392253875732,1.0592507123947144,1.2104274034500122,0.9210012555122375,0.9628877639770508,0.5959378480911255,0.3973018229007721,0.0,0.40180301666259766,0.62546306848526,0.9403073787689209,1.6501859426498413,1.9368399381637573,1.756364345550537,1.414258360862732,1.469439148902893,1.1972849369049072,1.330947756767273,1.0231802463531494,1.113954782485962,0.8593690395355225,0.7026697397232056,0.4664766192436218,0.7345855236053467,0.8760107755661011,1.1252565383911133,1.8351634740829468,2.12048077583313,1.9623173475265503,1.6509135961532593,1.7099632024765015,1.4687309265136719,1.5783547163009644,1.293681025505066,1.4042695760726929,1.231716513633728,1.1363288164138794,0.9301543831825256,1.1526105403900146,1.2482134103775024,1.4404503107070923,2.105985641479492,2.371873140335083,2.237902879714966,1.9567800760269165,2.0192196369171143,1.8058892488479614,1.9007413387298584,1.6548513174057007,1.768263578414917,1.642142653465271,1.5911059379577637,1.3945088386535645,1.592610239982605,1.6712439060211182,1.833100438117981,2.4249908924102783,2.6717402935028076,2.5668437480926514,2.3026061058044434,2.370648145675659,2.1697137355804443,2.273104667663574,2.0474460124969482,2.1920113563537598,2.0795257091522217,2.049190044403076,1.8339436054229736,2.01643443107605,2.067382335662842,2.1988022327423096
A13,1.6081371307373047,1.846219778060913,1.6882104873657227,1.3625773191452026,1.4954668283462524,1.2792199850082397,1.5018658638000488,1.2687000036239624,1.3213515281677246,0.9317268133163452,0.6819765567779541,0.40180301666259766,0.0,0.37435397505760193,0.6126075387001038,1.503604531288147,1.8172447681427002,1.6937669515609741,1.3883997201919556,1.5330901145935059,1.3280690908432007,1.5412585735321045,1.2785437107086182,1.3790806531906128,1.0520200729370117,0.7950753569602966,0.4613058269023895,0.45934584736824036,0.562089741230011,0.7422499656677246,1.631927490234375,1.9576359987258911,1.8522471189498901,1.5702835321426392,1.7107222080230713,1.5192049741744995,1.7079230546951294,1.4471373558044434,1.5736922025680542,1.3185429573059082,1.125705361366272,0.8379709124565125,0.9189509749412537,0.9676047563552856,1.0884199142456055,1.8762199878692627,2.181330919265747,2.094369649887085,1.8391793966293335,1.9730446338653564,1.7999882698059082,1.9654288291931152,1.731622576713562,1.8661853075027466,1.6663469076156616,1.533390760421753,1.2745403051376343,1.3773435354232788,1.4155185222625732,1.515455961227417,2.185310125350952,2.464803695678711,2.401257038116455,2.1604535579681396,2.2907776832580566,2.1232993602752686,2.287937879562378,2.0666277408599854,2.2367217540740967,2.0680999755859375,1.969539761543274,1.7075879573822021,1.8175910711288452,1.8346987962722778,1.9093540906906128
A14,1.2521166801452637,1.496350646018982,1.377301812171936,1.0890148878097534,1.298840880393982,1.1699931621551514,1.4710026979446411,1.3184962272644043,1.4693971872329712,1.111459493637085,0.7669746279716492,0.62546306848526,0.37435397505760193,0.0,0.38788560032844543,1.1506879329681396,1.483566164970398,1.4019742012023926,1.1402982473373413,1.3509114980697632,1.2314056158065796,1.5153770446777344,1.333300232887268,1.5268925428390503,1.2304245233535767,0.9014745950698853,0.6990663409233093,0.6334732174873352,0.4835951030254364,0.6291506290435791,1.3398842811584473,1.672413945198059,1.6090494394302368,1.3769137859344482,1.5647234916687012,1.4505198001861572,1.6953117847442627,1.5085854530334473,1.7151802778244019,1.4832412004470825,1.2303129434585571,1.0169074535369873,1.0493757724761963,0.9591773152351379,1.051418662071228,1.6555593013763428,1.9515787363052368,1.9042178392410278,1.6997902393341064,1.8655275106430054,1.7593226432800293,1.9685330390930176,1.800356149673462,2.0022125244140625,1.8201665878295898,1.6390718221664429,1.4243792295455933,1.4939203262329102,1.4364720582962036,1.5166698694229126,2.025954484939575,2.285062789916992,2.259591817855835,2.0663604736328125,2.2173092365264893,2.108099937438965,2.3072683811187744,2.1416282653808594,2.3663718700408936,2.2178027629852295,2.0844826698303223,1.8525841236114502,1.9370940923690796,1.87836492061615,1.936846375465393
A15,1.3128021955490112,1.5864256620407104,1.5590167045593262,1.336753249168396,1.6072299480438232,1.5244334936141968,1.843384027481079,1.6927661895751953,1.8432880640029907,1.4782404899597168,1.1467032432556152,0.9403073787689209,0.6126075387001038,0.38788560032844543,0.0,1.2069429159164429,1.5696226358413696,1.5784170627593994,1.3877159357070923,1.6554391384124756,1.5868639945983887,1.8912577629089355,1.7203480005264282,1.9042690992355347,1.5896086692810059,1.2605210542678833,1.0131253004074097,0.8221140503883362,0.6295788884162903,0.5145605206489563,1.3904041051864624,1.7550930976867676,1.7715487480163574,1.5988290309906006,1.8433959484100342,1.7743061780929565,2.0486884117126465,1.8732086420059204,2.0714399814605713,1.8082575798034668,1.530890941619873,1.2738428115844727,1.1941070556640625,1.0604010820388794,1.0094810724258423,1.70187509059906,2.0273544788360596,2.0475070476531982,1.8911058902740479,2.111637592315674,2.0441675186157227,2.288562536239624,2.1281633377075195,2.327251672744751,2.1074349880218506,1.8899099826812744,1.6330903768539429,1.6136610507965088,1.5203979015350342,1.5025445222854614,2.070192813873291,2.3533077239990234,2.3846700191497803,2.2304673194885254,2.4327454566955566,2.35662579536438,2.5921757221221924,2.430044174194336,2.658430576324463,2.4735870361328125,2.300790786743164,2.0329418182373047,2.0472488403320312,1.9626929759979248,1.9430971145629883
B1,0.5763561129570007,0.5401486754417419,0.6325778961181641,0.7472928166389465,1.105966329574585,1.3379207849502563,1.7160159349441528,1.8309606313705444,2.1171610355377197,1.8878910541534424,1.529977798461914,1.6501859426498413,1.503604531288147,1.1506879329681396,1.2069429159164429,0.0,0.37785229086875916,0.5521000623703003,0.6854979395866394,1.0459675788879395,1.2815924882888794,1.6605932712554932,1.7543189525604248,2.08968448638916,1.905383825302124,1.5484575033187866,1.622606873512268,1.5347846746444702,1.1928095817565918,1.2564377784729004,0.5676154494285583,0.767701268196106,0.880748987197876,0.9495208263397217,1.2338000535964966,1.4213604927062988,1.7621335983276367,1.830666422843933,2.180283546447754,2.038740396499634,1.7198238372802734,1.737622857093811,1.7126277685165405,1.4071385860443115,1.4756486415863037,1.094871163368225,1.2379177808761597,1.3174257278442383,1.3437367677688599,1.55764639377594,1.6928179264068604,1.9856208562850952,2.0401053428649902,2.38223934173584,2.2749812602996826,2.015881299972534,1.9769850969314575,1.995391607284546,1.7393184900283813,1.812801480293274,1.601483941078186,1.7100396156311035,1.7888524532318115,1.7800768613815308,1.947650671005249,2.0371105670928955,2.300877094268799,2.3251864910125732,2.6706082820892334,2.6022510528564453,2.4058313369750977,2.310842275619507,2.3525922298431396,2.1157257556915283,2.174996852874756
B2,0.779880940914154,0.5318347215652466,0.622769832611084,0.8686705827713013,1.1568995714187622,1.4577548503875732,1.8057758808135986,1.9875686168670654,2.276944875717163,2.08990478515625,1.7597073316574097,1.9368399381637573,1.8172447681427002,1.483566164970398,1.5696226358413696,0.37785229086875916,0.0,0.38084110617637634,0.7047549486160278,1.0113856792449951,1.3318620920181274,1.6921402215957642,1.8615903854370117,2.207197666168213,2.062976598739624,1.7280007600784302,1.8692704439163208,1.7998807430267334,1.4687296152114868,1.560966968536377,0.5515309572219849,0.534639835357666,0.6763824820518494,0.8748998641967773,1.131606936454773,1.4053016901016235,1.7405766248703003,1.8860853910446167,2.253791093826294,2.1495883464813232,1.8397409915924072,1.928584098815918,1.9148874282836914,1.6007105112075806,1.6979864835739136,1.0220626592636108,1.0468025207519531,1.1331446170806885,1.2378265857696533,1.426756501197815,1.6326156854629517,1.925150990486145,2.0501813888549805,2.4168856143951416,2.3443782329559326,2.0854108333587646,2.1123344898223877,2.139443874359131,1.860802412033081,1.9613826274871826,1.5148770809173584,1.5403757095336914,1.6225265264511108,1.6679964065551758,1.8091176748275757,1.955260157585144,2.2168757915496826,2.3036558628082275,2.671191692352295,2.639035224914551,2.4423184394836426,2.404762029647827,2.4534189701080322,2.1876273155212402,2.273646354675293
B3,0.8913195133209229,0.6718584299087524,0.5126047134399414,0.6658876538276672,0.866464376449585,1.165297031402588,1.4841686487197876,1.6926666498184204,1.9694935083389282,1.8157893419265747,1.519460678100586,1.756364345550537,1.6937669515609741,1.4019742012023926,1.5784170627593994,0.5521000623703003,0.38084110617637634,0.0,0.38068342208862305,0.6385770440101624,0.9802665710449219,1.3279433250427246,1.5268629789352417,1.8749054670333862,1.7657835483551025,1.460258960723877,1.6645891666412354,1.6586933135986328,1.372323751449585,1.5539268255233765,0.6536653637886047,0.618117094039917,0.5136027336120605,0.5988441109657288,0.7847261428833008,1.0526835918426514,1.3708714246749878,1.5379172563552856,1.9142621755599976,1.8474984169006348,1.567805290222168,1.7117472887039185,1.7629413604736328,1.4913530349731445,1.6703459024429321,1.0537075996398926,1.0656383037567139,1.0182918310165405,1.033048152923584,1.14728581905365,1.318952202796936,1.5807284116744995,1.7145532369613647,2.08622670173645,2.0513172149658203,1.8267791271209717,1.8972469568252563,1.986021637916565,1.7475582361221313,1.9183409214019775,1.5125151872634888,1.5341541767120361,1.5247169733047485,1.5020368099212646,1.5797746181488037,1.6845136880874634,1.9088647365570068,1.9959665536880493,2.3592689037323,2.3603131771087646,2.200388193130493,2.195185422897339,2.2979562282562256,2.0664803981781006,2.214141845703125
B4,0.9657609462738037,0.8781291842460632,0.601006269454956,0.4997199475765228,0.6435827612876892,0.8527747988700867,1.1718099117279053,1.3451948165893555,1.601436972618103,1.4385159015655518,1.15373694896698,1.414258360862732,1.3883997201919556,1.1402982473373413,1.3877159357070923,0.6854979395866394,0.7047549486160278,0.38068342208862305,0.0,0.3761945962905884,0.6331275701522827,1.006110668182373,1.1618555784225464,1.5056453943252563,1.3894643783569336,1.088505744934082,1.313159465789795,1.3577089309692383,1.1179208755493164,1.3690863847732544,0.7933268547058105,0.8754993677139282,0.6647590398788452,0.49709808826446533,0.6268500089645386,0.7704582214355469,1.086279273033142,1.1963716745376587,1.5692921876907349,1.5006381273269653,1.2373793125152588,1.382379174232483,1.4887239933013916,1.2693265676498413,1.5045164823532104,1.1494144201278687,1.2364006042480469,1.1076289415359497,0.9841324687004089,1.057111382484436,1.1188591718673706,1.3533447980880737,1.424944281578064,1.7808972597122192,1.746848225593567,1.5515336990356445,1.609826683998108,1.7484676837921143,1.5657089948654175,1.7776260375976562,1.5756899118423462,1.6558358669281006,1.5836342573165894,1.4664835929870605,1.5180964469909668,1.5347061157226562,1.7290599346160889,1.757804036140442,2.0980145931243896,2.094996690750122,1.9659677743911743,1.9433013200759888,2.0872089862823486,1.9085168838500977,2.087472915649414
B5,1.2277082204818726,1.1210638284683228,0.7679613828659058,0.6224539875984192,0.5114653706550598,0.7006546258926392,0.925133228302002,1.170234203338623,1.4157638549804688,1.338986873626709,1.1333531141281128,1.469439148902893,1.5330901145935059,1.3509114980697632,1.6554391384124756,1.0459675788879395,1.0113856792449951,0.6385770440101624,0.3761945962905884,0.0,0.38662540912628174,0.6936661601066589,0.9418116807937622,1.2963504791259766,1.2723480463027954,1.0564744472503662,1.3659617900848389,1.5008896589279175,1.337026596069336,1.642025351524353,1.1301559209823608,1.1402944326400757,0.841876208782196,0.6174101829528809,0.4954007863998413,0.5731757879257202,0.797126829624176,0.9726719260215759,1.3602080345153809,1.3817611932754517,1.1980934143066406,1.4240597486495972,1.6126370429992676,1.460457444190979,1.7512731552124023,1.4060202836990356,1.4384413957595825,1.2253429889678955,1.049086570739746,0.9832291603088379,0.9866819381713867,1.1288996934890747,1.2318799495697021,1.589605450630188,1.6353598833084106,1.5102592706680298,1.6382319927215576,1.8487451076507568,1.7188555002212524,1.9861729145050049,1.7707384824752808,1.8137319087982178,1.6705341339111328,1.5121147632598877,1.4678925275802612,1.4401051998138428,1.5569978952407837,1.6034367084503174,1.9296482801437378,1.9906119108200073,1.9225107431411743,1.9560911655426025,2.1611621379852295,2.0227978229522705,2.257655143737793
B6,1.4195243120193481,1.4008965492248535,1.0405659675598145,0.763485848903656,0.5701572895050049,0.5039259195327759,0.6543148159980774,0.8380026817321777,1.0398705005645752,0.9730429649353027,0.8263772130012512,1.1972849369049072,1.3280690908432007,1.2314056158065796,1.5868639945983887,1.2815924882888794,1.3318620920181274,0.9802665710449219,0.6331275701522827,0.38662540912628174,0.0,0.3859863579273224,0.5577868223190308,0.9163378477096558,0.910388171672821,0.7484443187713623,1.0923864841461182,1.3091195821762085,1.2346389293670654,1.585495948791504,1.3704479932785034,1.4489092826843262,1.144574761390686,0.8301047682762146,0.6735319495201111,0.490163117647171,0.6089802384376526,0.6584877967834473,1.035101056098938,1.0770761966705322,0.956764817237854,1.1822417974472046,1.4465227127075195,1.3801517486572266,1.7068495750427246,1.6126986742019653,1.700225591659546,1.4588803052902222,1.1979854106903076,1.101539134979248,0.9625902771949768,1.0280433893203735,1.0223067998886108,1.3356947898864746,1.3944250345230103,1.3313789367675781,1.4419023990631104,1.7111918926239014,1.658677101135254,1.952528953552246,1.9383189678192139,2.0295820236206055,1.8503711223602295,1.6207777261734009,1.5564526319503784,1.4302599430084229,1.4946792125701904,1.4587037563323975,1.7357101440429688,1.7947477102279663,1.776118278503418,1.78892982006073,2.038909912109375,1.9690523147583008,2.2256038188934326
B7,1.7512975931167603,1.7309205532073975,1.3530826568603516,1.079679012298584,0.7844035625457764,0.6197382807731628,0.5068215131759644,0.7274379730224609,0.855627715587616,0.932799220085144,0.9365501403808594,1.330947756767273,1.5412585735321045,1.5153770446777344,1.8912577629089355,1.6605932712554932,1.6921402215957642,1.3279433250427246,1.006110668182373,0.6936661601066589,0.3859863579273224,0.0,0.38867393136024475,0.7052724957466125,0.8622648119926453,0.868831217288971,1.2399636507034302,1.5276885032653809,1.5282881259918213,1.8966777324676514,1.742696762084961,1.793516755104065,1.461862564086914,1.1466585397720337,0.8965693712234497,0.6337249875068665,0.485985666513443,0.5280299782752991,0.8547005653381348,1.0323107242584229,1.0504579544067383,1.3187141418457031,1.6449182033538818,1.648856282234192,1.9989769458770752,1.9443507194519043,2.0068840980529785,1.7252562046051025,1.4400019645690918,1.2564184665679932,1.0463123321533203,0.9650790095329285,0.9402963519096375,1.1964884996414185,1.353344440460205,1.394184947013855,1.5532286167144775,1.879499077796936,1.8874542713165283,2.211714506149292,2.2227227687835693,2.2960057258605957,2.070762872695923,1.8102823495864868,1.6737147569656372,1.4909746646881104,1.4546501636505127,1.4059736728668213,1.62691330909729,1.7515547275543213,1.8125944137573242,1.8698982000350952,2.1725423336029053,2.155039072036743,2.4486007690429688
B8,1.8306547403335571,1.885130763053894,1.528178334236145,1.190309762954712,0.9569424986839294,0.6502200961112976,0.5261309742927551,0.4961002469062805,0.5169602036476135,0.5543833374977112,0.6473833322525024,1.0231802463531494,1.2785437107086182,1.333300232887268,1.7203480005264282,1.7543189525604248,1.8615903854370117,1.5268629789352417,1.1618555784225464,0.9418116807937622,0.5577868223190308,0.38867393136024475,0.0,0.3947760760784149,0.5311659574508667,0.616722047328949,0.9490718841552734,1.2930569648742676,1.3701390027999878,1.7435839176177979,1.8497889041900635,1.9718167781829834,1.6659882068634033,1.3153468370437622,1.1388485431671143,0.8113872408866882,0.698731541633606,0.4792366921901703,0.7007971405982971,0.8288370370864868,0.8974003195762634,1.0875905752182007,1.453471302986145,1.5260181427001953,1.8715434074401855,2.0512444972991943,2.1773762702941895,1.9128739833831787,1.5936720371246338,1.4613995552062988,1.1934235095977783,1.1233805418014526,0.9570947885513306,1.127368688583374,1.230859398841858,1.303442358970642,1.3855135440826416,1.7303894758224487,1.797716498374939,2.1105270385742188,2.321526288986206,2.451599597930908,2.234804391860962,1.9412058591842651,1.8443344831466675,1.6108616590499878,1.5818897485733032,1.436802864074707,1.6008470058441162,1.670765995979309,1.7477298974990845,1.7401632070541382,2.0509114265441895,2.087085485458374,2.3654608726501465
B9,2.1956095695495605,2.262791872024536,1.9129887819290161,1.5712244510650635,1.351670503616333,1.0324864387512207,0.8549489974975586,0.7140637040138245,0.4645843803882599,0.5520606637001038,0.8242302536964417,1.113954782485962,1.3790806531906128,1.5268925428390503,1.9042690992355347,2.08968448638916,2.207197666168213,1.8749054670333862,1.5056453943252563,1.2963504791259766,0.9163378477096558,0.7052724957466125,0.3947760760784149,0.0,0.39164799451828003,0.7020206451416016,0.9805853366851807,1.343066930770874,1.5119736194610596,1.8826351165771484,2.1309611797332764,2.2652950286865234,1.9505513906478882,1.5805907249450684,1.3970775604248047,1.0257600545883179,0.8412173390388489,0.506805956363678,0.46096348762512207,0.6475493311882019,0.8729721903800964,1.0492832660675049,1.4465638399124146,1.6074219942092896,1.9595593214035034,2.268136978149414,2.4098446369171143,2.1252572536468506,1.7729285955429077,1.6235958337783813,1.2928931713104248,1.1565344333648682,0.8903214335441589,0.9194313883781433,1.0435283184051514,1.2159152030944824,1.2958637475967407,1.6768341064453125,1.8229405879974365,2.149049997329712,2.4755752086639404,2.62564754486084,2.379687547683716,2.0471673011779785,1.9321916103363037,1.636255145072937,1.5530771017074585,1.3344281911849976,1.4055664539337158,1.475045084953308,1.61776864528656,1.6110584735870361,1.9568345546722412,2.0645666122436523,2.361370801925659
B10,2.0647501945495605,2.1592042446136475,1.8453187942504883,1.4963109493255615,1.3697733879089355,1.0655194520950317,1.0280014276504517,0.839444637298584,0.6549545526504517,0.454297810792923,0.6409606337547302,0.8593690395355225,1.0520200729370117,1.2304245233535767,1.5896086692810059,1.905383825302124,2.062976598739624,1.7657835483551025,1.3894643783569336,1.2723480463027954,0.910388171672821,0.8622648119926453,0.5311659574508667,0.39164799451828003,0.0,0.37994569540023804,0.6171863675117493,0.9623054265975952,1.1622893810272217,1.524776816368103,1.9125086069107056,2.09584903717041,1.8146812915802002,1.4366360902786255,1.339327335357666,0.9773786067962646,0.9329073429107666,0.5566061735153198,0.5484159588813782,0.45028969645500183,0.5806609392166138,0.6687713861465454,1.0677369832992554,1.2496201992034912,1.590510606765747,2.033010482788086,2.223761558532715,1.9705771207809448,1.6130188703536987,1.5410996675491333,1.2193629741668701,1.1880985498428345,0.8786213994026184,0.9319174885749817,0.8987423181533813,0.9876062870025635,0.9736447930335999,1.3342427015304565,1.4878166913986206,1.7933454513549805,2.2359676361083984,2.4307820796966553,2.2140448093414307,1.8793880939483643,1.8333662748336792,1.545645833015442,1.5443400144577026,1.2880839109420776,1.3882187604904175,1.3552688360214233,1.4277632236480713,1.3416212797164917,1.654494047164917,1.7615125179290771,2.0286171436309814
B11,1.7420344352722168,1.8431140184402466,1.5589383840560913,1.219611644744873,1.176456332206726,0.9285187721252441,1.0338261127471924,0.8924127817153931,0.870272696018219,0.5655781626701355,0.48503583669662476,0.7026697397232056,0.7950753569602966,0.9014745950698853,1.2605210542678833,1.5484575033187866,1.7280007600784302,1.460258960723877,1.088505744934082,1.0564744472503662,0.7484443187713623,0.868831217288971,0.616722047328949,0.7020206451416016,0.37994569540023804,0.0,0.3982624113559723,0.6882469654083252,0.8113802671432495,1.1854867935180664,1.5589154958724976,1.771432876586914,1.5241788625717163,1.1573582887649536,1.1426124572753906,0.8391417264938354,0.9460703134536743,0.6547975540161133,0.8138782978057861,0.6192574501037598,0.48196423053741455,0.5076163411140442,0.8526044487953186,0.949483335018158,1.2842968702316284,1.712916612625122,1.9283733367919922,1.7141532897949219,1.380802869796753,1.382131814956665,1.123687505722046,1.208384394645691,0.9634508490562439,1.1273276805877686,1.0193614959716797,0.9621474146842957,0.8948667049407959,1.188330054283142,1.2623963356018066,1.5424476861953735,1.9616714715957642,2.171705484390259,1.9981932640075684,1.6951440572738647,1.7107971906661987,1.4824423789978027,1.570599913597107,1.358388900756836,1.5413442850112915,1.4649158716201782,1.4409559965133667,1.3154208660125732,1.565515398979187,1.6007487773895264,1.8309177160263062
B12,1.7938014268875122,1.9610776901245117,1.7303193807601929,1.3853974342346191,1.4197827577590942,1.1620718240737915,1.3044593334197998,1.0781171321868896,1.038701057434082,0.6484693884849548,0.5244789719581604,0.4664766192436218,0.4613058269023895,0.6990663409233093,1.0131253004074097,1.622606873512268,1.8692704439163208,1.6645891666412354,1.313159465789795,1.3659617900848389,1.0923864841461182,1.2399636507034302,0.9490718841552734,0.9805853366851807,0.6171863675117493,0.3982624113559723,0.0,0.40315425395965576,0.6452510356903076,0.9649134874343872,1.6590461730957031,1.9345901012420654,1.7490403652191162,1.4094407558441162,1.472641944885254,1.2082011699676514,1.3431808948516846,1.0395132303237915,1.1238538026809692,0.8601363301277161,0.7120824456214905,0.4637908935546875,0.7233092188835144,0.8736878633499146,1.1308941841125488,1.8255382776260376,2.0972774028778076,1.9364382028579712,1.62416672706604,1.6934705972671509,1.4571199417114258,1.574365496635437,1.3036918640136719,1.4107182025909424,1.2257189750671387,1.1410592794418335,0.928476095199585,1.1423531770706177,1.24671471118927,1.451327919960022,2.076608896255493,2.336066246032715,2.205639123916626,1.9148244857788086,1.9902880191802979,1.7706406116485596,1.8912642002105713,1.644997239112854,1.7931145429611206,1.646009087562561,1.5912320613861084,1.369353175163269,1.5586897134780884,1.6205172538757324,1.7815189361572266
B13,1.789125919342041,1.956477165222168,1.788656234741211,1.4935977458953857,1.6144938468933105,1.430757761001587,1.6359120607376099,1.448807954788208,1.439228892326355,1.0503580570220947,0.867247998714447,0.7345855236053467,0.45934584736824036,0.6334732174873352,0.8221140503883362,1.5347846746444702,1.7998807430267334,1.6586933135986328,1.3577089309692383,1.5008896589279175,1.3091195821762085,1.5276885032653809,1.2930569648742676,1.343066930770874,0.9623054265975952,0.6882469654083252,0.40315425395965576,0.0,0.36678123474121094,0.6168003082275391,1.4965201616287231,1.8109773397445679,1.6858965158462524,1.387434959411621,1.540747046470642,1.3445789813995361,1.5586625337600708,1.3007420301437378,1.3985768556594849,1.0699238777160645,0.8163400292396545,0.4754573702812195,0.4599028527736664,0.5635157823562622,0.7481940984725952,1.6172124147415161,1.9333750009536743,1.8266797065734863,1.5477722883224487,1.70070219039917,1.5184416770935059,1.7131356000900269,1.468719482421875,1.5940651893615723,1.331178903579712,1.145081639289856,0.8497164845466614,0.918660581111908,0.9731935858726501,1.1045572757720947,1.8467334508895874,2.1462621688842773,2.063077688217163,1.8003783226013184,1.9502556324005127,1.7734686136245728,1.9638668298721313,1.7287228107452393,1.901342749595642,1.690342664718628,1.551343560218811,1.2700109481811523,1.3603724241256714,1.380581021308899,1.4722570180892944
