,A1,A2,A3,A4,A5,A6,A7,A8,A9,A10,A11,A12,A13,A14,A15,B1,B2,B3,B4,B5,B6,B7,B8,B9,B10,B11,B12,B13,B14,B15,C1,C2,C3,C4,C5,C6,C7,C8,C9,C10,C11,C12,C13,C14,C15,D1,D2,D3,D4,D5,D6,D7,D8,D9,D10,D11,D12,D13,D14,D15,E1,E2,E3,E4,E5,E6,E7,E8,E9,E10,E11,E12,E13,E14,E15
A1,0.0,0.3869630694389343,0.6237290501594543,0.7986913919448853,1.1368045806884766,1.4378167390823364,1.7518724203109741,2.0186071395874023,1.9629974365234375,1.984654426574707,1.6352214813232422,1.8028825521469116,1.7819188833236694,1.4261996746063232,1.512803316116333,0.678354024887085,0.8158042430877686,0.9602884650230408,1.0808852910995483,1.3283950090408325,1.578398585319519,1.8550981283187866,2.1014821529388428,2.0586283206939697,2.1289989948272705,1.8247087001800537,1.953068733215332,1.9909420013427734,1.6870152950286865,1.771213173866272,1.2446707487106323,1.341266393661499,1.4336893558502197,1.4878712892532349,1.6777476072311401,1.8547823429107666,2.0974018573760986,2.3026936054229736,2.27565598487854,2.373018503189087,2.1191182136535645,2.197068452835083,2.284092664718628,2.023528814315796,2.1187164783477783,1.7826682329177856,1.8483673334121704,1.9156190156936646,1.927667498588562,2.082967758178711,2.2042887210845947,2.419492483139038,2.574439287185669,2.5599725246429443,2.6804661750793457,2.47898006439209,2.5260138511657715,2.636953830718994,2.4137070178985596,2.517319679260254,2.3534393310546875,2.3706507682800293,2.4386909008026123,2.4086878299713135,2.5437564849853516,2.6171767711639404,2.8115451335906982,2.9319331645965576,2.913855791091919,3.071953058242798,2.9146406650543213,2.9107940196990967,3.0611557960510254,2.8757944107055664,2.9752445220947266
A2,0.3869630694389343,0.0,0.3665347397327423,0.6989423036575317,0.9823175668716431,1.3443279266357422,1.6203469038009644,1.9262570142745972,1.9359384775161743,1.9879711866378784,1.6722668409347534,1.909071445465088,1.9123197793960571,1.575149416923523,1.7229939699172974,0.6353901028633118,0.5928435325622559,0.6892515420913696,0.8942349553108215,1.097082495689392,1.4062817096710205,1.6532185077667236,1.9531017541885376,1.9718348979949951,2.0755536556243896,1.792561411857605,1.9947696924209595,2.055631399154663,1.758270502090454,1.899583101272583,1.130764126777649,1.127959966659546,1.1807409524917603,1.2758126258850098,1.4232653379440308,1.6414934396743774,1.8567814826965332,2.114103078842163,2.1441330909729004,2.276437997817993,2.0354177951812744,2.1825947761535645,2.291323661804199,2.0308549404144287,2.1768951416015625,1.6494410037994385,1.64466392993927,1.6815662384033203,1.715793251991272,1.8305704593658447,1.9763879776000977,2.1629366874694824,2.3633384704589844,2.400160312652588,2.5538570880889893,2.361656665802002,2.4694769382476807,2.601017475128174,2.375236749649048,2.5242226123809814,2.2099993228912354,2.174872875213623,2.2202260494232178,2.204012870788574,2.301980495452881,2.3886191844940186,2.5522046089172363,2.706895589828491,2.733769178390503,2.9206693172454834,2.7717881202697754,2.8199875354766846,2.9891345500946045,2.802222490310669,2.947310447692871
A3,0.6237290501594543,0.3665347397327423,0.0,0.3891298174858093,0.6230297088623047,0.996250331401825,1.2626900672912598,1.5720765590667725,1.6080292463302612,1.687774896621704,1.404823660850525,1.6905239820480347,1.7477198839187622,1.4522345066070557,1.674506425857544,0.6797945499420166,0.668428361415863,0.5495380759239197,0.638144850730896,0.7668657302856445,1.0570220947265625,1.2901033163070679,1.5929547548294067,1.6334704160690308,1.7704416513442993,1.5218645334243774,1.7641271352767944,1.8808175325393677,1.6265456676483154,1.8340097665786743,1.1222137212753296,1.134518027305603,1.0693658590316772,1.073337435722351,1.1555601358413696,1.327453851699829,1.5203466415405273,1.7687355279922485,1.8150242567062378,1.98056960105896,1.776004672050476,1.9528838396072388,2.113929033279419,1.8958839178085327,2.096876621246338,1.614683747291565,1.619930624961853,1.5754214525222778,1.5404589176177979,1.603739619255066,1.6984069347381592,1.860658884048462,2.0412633419036865,2.089618444442749,2.273684024810791,2.1186156272888184,2.2478537559509277,2.4259395599365234,2.2405996322631836,2.4334325790405273,2.1530821323394775,2.1285364627838135,2.1114799976348877,2.0412757396698,2.0991573333740234,2.1373438835144043,2.281363010406494,2.409257411956787,2.4430134296417236,2.655364751815796,2.5417377948760986,2.6015121936798096,2.8090574741363525,2.660767078399658,2.8364100456237793
A4,0.7986913919448853,0.6989423036575317,0.3891298174858093,0.0,0.38352420926094055,0.6680765151977539,0.9977008104324341,1.2497739791870117,1.2384029626846313,1.3054661750793457,1.0210978984832764,1.318755865097046,1.415917158126831,1.1598354578018188,1.4351627826690674,0.7458199858665466,0.8789499998092651,0.6764854788780212,0.5214405655860901,0.6262434124946594,0.7957728505134583,1.0696477890014648,1.3034628629684448,1.291291356086731,1.422943353652954,1.1845340728759766,1.4151790142059326,1.5758460760116577,1.3668789863586426,1.6125081777572632,1.1531832218170166,1.262119174003601,1.1347471475601196,1.0052769184112549,1.072527289390564,1.141312599182129,1.351709246635437,1.5249876976013184,1.5196822881698608,1.6794334650039673,1.4972538948059082,1.6466140747070312,1.8463618755340576,1.6755971908569336,1.8997974395751953,1.6193021535873413,1.6958097219467163,1.6034033298492432,1.4790982007980347,1.535878300666809,1.5525258779525757,1.7268292903900146,1.835351586341858,1.8367711305618286,2.014488935470581,1.886513352394104,1.984000563621521,2.1930675506591797,2.053298234939575,2.2576181888580322,2.1345772743225098,2.1671321392059326,2.1097617149353027,1.9739198684692383,2.0302319526672363,2.0085413455963135,2.168189287185669,2.233905076980591,2.225695848464966,2.4317519664764404,2.3438761234283447,2.3688769340515137,2.5986826419830322,2.4917891025543213,2.662729263305664
A5,1.1368045806884766,0.9823175668716431,0.6230297088623047,0.38352420926094055,0.0,0.3980666995048523,0.6434970498085022,0.9561601281166077,1.045488715171814,1.2097132205963135,1.0242760181427002,1.384069561958313,1.565605878829956,1.3844809532165527,1.7071574926376343,1.0959569215774536,1.1598410606384277,0.8721804618835449,0.6686214208602905,0.5275812149047852,0.5916194915771484,0.7544832229614258,1.0224779844284058,1.1003971099853516,1.326588749885559,1.1849554777145386,1.4713760614395142,1.7078076601028442,1.5672175884246826,1.863122582435608,1.4175856113433838,1.4783891439437866,1.267006516456604,1.08609139919281,1.015838861465454,1.0011054277420044,1.1123391389846802,1.2867928743362427,1.3498117923736572,1.5890564918518066,1.488878607749939,1.689674973487854,1.9543741941452026,1.8415199518203735,2.115009069442749,1.8234151601791382,1.8665612936019897,1.7038743495941162,1.5350133180618286,1.4971016645431519,1.4471358060836792,1.5434777736663818,1.6374837160110474,1.6903927326202393,1.9323310852050781,1.8725039958953857,2.014418601989746,2.2793073654174805,2.188356637954712,2.4377310276031494,2.2923455238342285,2.304368734359741,2.18800950050354,2.015049457550049,2.0007107257843018,1.9230133295059204,2.02449631690979,2.0661633014678955,2.0962398052215576,2.3516924381256104,2.3205013275146484,2.3794238567352295,2.6553077697753906,2.5924556255340576,2.802332639694214
A6,1.4378167390823364,1.3443279266357422,0.996250331401825,0.6680765151977539,0.3980666995048523,0.0,0.3872692286968231,0.5851600766181946,0.6514848470687866,0.863273561000824,0.7619035840034485,1.140211582183838,1.397369384765625,1.3091367483139038,1.6682963371276855,1.3523435592651367,1.476545810699463,1.1760365962982178,0.8765457272529602,0.6982148885726929,0.5029352903366089,0.6186158657073975,0.7357192635536194,0.7676886320114136,1.0350533723831177,0.9761645793914795,1.247754693031311,1.553296446800232,1.4982614517211914,1.8238338232040405,1.619534969329834,1.7340326309204102,1.4902623891830444,1.2227866649627686,1.1189087629318237,0.962546169757843,1.0408567190170288,1.0880072116851807,1.1004608869552612,1.356186866760254,1.3275700807571411,1.5004676580429077,1.8186628818511963,1.7808319330215454,2.074953079223633,1.9725966453552246,2.063502311706543,1.8629056215286255,1.6221591234207153,1.560808539390564,1.4151942729949951,1.4939569234848022,1.4871336221694946,1.4948880672454834,1.7421127557754517,1.7411738634109497,1.8541690111160278,2.1597697734832764,2.1334786415100098,2.3952698707580566,2.3941917419433594,2.4504897594451904,2.294616937637329,2.0627686977386475,2.0324063301086426,1.8834004402160645,1.9815928936004639,1.9439460039138794,1.9349002838134766,2.190194845199585,2.2058115005493164,2.23421573638916,2.538839817047119,2.5318620204925537,2.740349292755127
A7,1.7518724203109741,1.6203469038009644,1.2626900672912598,0.9977008104324341,0.6434970498085022,0.3872692286968231,0.0,0.41513752937316895,0.6971979141235352,1.0200608968734741,1.0478659868240356,1.4193192720413208,1.7177648544311523,1.6729718446731567,2.038614273071289,1.698737382888794,1.772473692893982,1.445857048034668,1.1748028993606567,0.8986945152282715,0.658467173576355,0.5132826566696167,0.6206713318824768,0.8116468191146851,1.1694817543029785,1.2234739065170288,1.5126174688339233,1.8522086143493652,1.8392090797424316,2.1804850101470947,1.9386634826660156,2.0071747303009033,1.726505994796753,1.4610998630523682,1.2647490501403809,1.057166576385498,0.9881293773651123,1.0181822776794434,1.129963994026184,1.460553765296936,1.520485520362854,1.7305017709732056,2.082200050354004,2.0832011699676514,2.4010355472564697,2.257082462310791,2.31052827835083,2.0706090927124023,1.8190261125564575,1.6797385215759277,1.4868865013122559,1.465335488319397,1.4406942129135132,1.5170414447784424,1.824967861175537,1.89389967918396,2.047576665878296,2.3877909183502197,2.3967859745025635,2.686452627182007,2.6423227787017822,2.671741485595703,2.476977586746216,2.2299704551696777,2.135114908218384,1.9428657293319702,1.969046950340271,1.9083744287490845,1.9493494033813477,2.2512001991271973,2.3240909576416016,2.3893470764160156,2.726248025894165,2.75376296043396,2.992190361022949
A8,2.0186071395874023,1.9262570142745972,1.5720765590667725,1.2497739791870117,0.9561601281166077,0.5851600766181946,0.41513752937316895,0.0,0.3882666230201721,0.737862229347229,0.9070017337799072,1.2408157587051392,1.5754566192626953,1.6234681606292725,1.9993972778320312,1.8942055702209473,2.0154476165771484,1.6873570680618286,1.3591684103012085,1.1125671863555908,0.7633041739463806,0.6390095353126526,0.4408620595932007,0.5291398167610168,0.9016057252883911,1.0635387897491455,1.3114991188049316,1.689514398574829,1.7592262029647827,2.1119606494903564,2.0754475593566895,2.1928701400756836,1.9000301361083984,1.5780296325683594,1.3909400701522827,1.0926737785339355,1.0282150506973267,0.8876277208328247,0.9059029817581177,1.2219440937042236,1.3586149215698242,1.5274654626846313,1.9107271432876587,1.983823299407959,2.3093960285186768,2.338108539581299,2.4388370513916016,2.1788628101348877,1.8747715950012207,1.7382259368896484,1.4743014574050903,1.4589416980743408,1.318580150604248,1.320952296257019,1.6084433794021606,1.7329676151275635,1.8480639457702637,2.2133469581604004,2.284137725830078,2.5766499042510986,2.6708555221557617,2.7464277744293213,2.5256052017211914,2.2321667671203613,2.138577461242676,1.8903495073318481,1.9294788837432861,1.7857550382614136,1.7677698135375977,2.048949956893921,2.1622540950775146,2.1900410652160645,2.543178081512451,2.62333345413208,2.853498697280884
A9,1.9629974365234375,1.9359384775161743,1.6080292463302612,1.2384029626846313,1.045488715171814,0.6514848470687866,0.6971979141235352,0.3882666230201721,0.0,0.3897029161453247,0.5944181084632874,0.8759534955024719,1.2337069511413574,1.329538106918335,1.6961954832077026,1.8170353174209595,2.0063767433166504,1.714009165763855,1.3558913469314575,1.2054544687271118,0.8594953417778015,0.8985061049461365,0.6567253470420837,0.46005716919898987,0.7052683234214783,0.8442244529724121,0.9993971586227417,1.3906415700912476,1.494580864906311,1.828661561012268,2.0019569396972656,2.184795618057251,1.9266937971115112,1.585453748703003,1.4811996221542358,1.1890543699264526,1.2358667850494385,1.0464948415756226,0.9064319729804993,1.1135632991790771,1.2175930738449097,1.2902336120605469,1.666852355003357,1.7614903450012207,2.0587825775146484,2.266815185546875,2.427053689956665,2.1970527172088623,1.880550742149353,1.8138748407363892,1.5577397346496582,1.6253862380981445,1.446891188621521,1.339707851409912,1.5434725284576416,1.6379716396331787,1.6694912910461426,2.0169625282287598,2.100632667541504,2.359219551086426,2.60282301902771,2.729473829269409,2.533108949661255,2.2307732105255127,2.196016550064087,1.9572746753692627,2.06256365776062,1.8957546949386597,1.7967320680618286,2.0148024559020996,2.100477695465088,2.057858943939209,2.3882718086242676,2.4732470512390137,2.6607353687286377
A10,1.984654426574707,1.9879711866378784,1.687774896621704,1.3054661750793457,1.2097132205963135,0.863273561000824,1.0200608968734741,0.737862229347229,0.3897029161453247,0.0,0.38273364305496216,0.5824030041694641,0.9095776677131653,1.0750536918640137,1.4341870546340942,1.745200276374817,1.9744154214859009,1.710489273071289,1.3350162506103516,1.26767098903656,0.9423176646232605,1.0932737588882446,0.8332422375679016,0.46997231245040894,0.45096874237060547,0.5618577599525452,0.6272404193878174,1.02644944190979,1.1821975708007812,1.5121504068374634,1.8644404411315918,2.097351551055908,1.862528681755066,1.5039094686508179,1.4691119194030762,1.1850860118865967,1.3248741626739502,1.1003292798995972,0.8275364637374878,0.8926166296005249,0.9566613435745239,0.9420936107635498,1.3110344409942627,1.437301516532898,1.7215055227279663,2.0832672119140625,2.2943496704101562,2.082341432571411,1.7515394687652588,1.7439390420913696,1.495513916015625,1.6385403871536255,1.4317463636398315,1.2253004312515259,1.3337124586105347,1.3924708366394043,1.3523790836334229,1.6815896034240723,1.7826569080352783,2.0205812454223633,2.3875322341918945,2.5610532760620117,2.377896547317505,2.065197467803955,2.0809195041656494,1.8527549505233765,2.0197179317474365,1.8382790088653564,1.6654078960418701,1.8156204223632812,1.8688340187072754,1.768551230430603,2.075519323348999,2.1661295890808105,2.324059247970581
A11,1.6352214813232422,1.6722668409347534,1.404823660850525,1.0210978984832764,1.0242760181427002,0.7619035840034485,1.0478659868240356,0.9070017337799072,0.5944181084632874,0.38273364305496216,0.0,0.39737847447395325,0.6775385737419128,0.7381175756454468,1.1100387573242188,1.4071149826049805,1.6712034940719604,1.4489444494247437,1.0889486074447632,1.1137179136276245,0.8815670609474182,1.1394233703613281,1.0086658000946045,0.6987442970275879,0.6545745134353638,0.5034042000770569,0.549794614315033,0.8838837742805481,0.9332077503204346,1.2462341785430908,1.5811498165130615,1.8399443626403809,1.6526062488555908,1.3262097835540771,1.3698209524154663,1.172476053237915,1.3909348249435425,1.2673323154449463,1.0220133066177368,1.0570276975631714,0.9770745635032654,0.9429824948310852,1.2451006174087524,1.2781773805618286,1.5293045043945312,1.8628977537155151,2.087613821029663,1.9248849153518677,1.6344428062438965,1.690838098526001,1.5185989141464233,1.7187968492507935,1.59123694896698,1.400726318359375,1.4840011596679688,1.4454331398010254,1.39164137840271,1.663899302482605,1.687591314315796,1.891513466835022,2.231605291366577,2.4052133560180664,2.272120237350464,2.000318765640259,2.067387819290161,1.9052400588989258,2.110187292098999,1.9940732717514038,1.8319391012191772,1.9642865657806396,1.9464598894119263,1.8402267694473267,2.1037909984588623,2.1276702880859375,2.258934497833252
A12,1.8028825521469116,1.909071445465088,1.6905239820480347,1.318755865097046,1.384069561958313,1.140211582183838,1.4193192720413208,1.2408157587051392,0.8759534955024719,0.5824030041694641,0.39737847447395325,0.0,0.3986084461212158,0.6146772503852844,0.9145933389663696,1.5864371061325073,1.9006121158599854,1.733332872390747,1.3937525749206543,1.4793730974197388,1.270283579826355,1.5314759016036987,1.3634016513824463,1.0105736255645752,0.8553560376167297,0.7065060138702393,0.4782993793487549,0.743087887763977,0.8633609414100647,1.0941474437713623,1.750370979309082,2.059828519821167,1.9193302392959595,1.6064200401306152,1.704027533531189,1.5193969011306763,1.757606029510498,1.5974904298782349,1.2950495481491089,1.229579210281372,1.1341809034347534,0.9490005373954773,1.1833043098449707,1.2527265548706055,1.4272207021713257,2.009444236755371,2.2856500148773193,2.1598899364471436,1.8759098052978516,1.981450080871582,1.8170820474624634,2.0457839965820312,1.8854166269302368,1.6341526508331299,1.634718418121338,1.5786752700805664,1.4204344749450684,1.6398755311965942,1.6859385967254639,1.8237937688827515,2.354588270187378,2.5772035121917725,2.471069097518921,2.2009809017181396,2.312534809112549,2.1573026180267334,2.3946237564086914,2.253232717514038,2.035473346710205,2.1022679805755615,2.0673177242279053,1.8854743242263794,2.105149030685425,2.140730142593384,2.207080841064453
A13,1.7819188833236694,1.9123197793960571,1.7477198839187622,1.415917158126831,1.565605878829956,1.397369384765625,1.7177648544311523,1.5754566192626953,1.2337069511413574,0.9095776677131653,0.6775385737419128,0.3986084461212158,0.0,0.37887445092201233,0.5989439487457275,1.483770489692688,1.8218791484832764,1.7137547731399536,1.4101823568344116,1.581007957458496,1.4420424699783325,1.7583175897598267,1.6277670860290527,1.274359107017517,1.0378631353378296,0.7864593863487244,0.4722779095172882,0.4766818881034851,0.5561283826828003,0.7129255533218384,1.5815554857254028,1.9311413764953613,1.8459632396697998,1.5655627250671387,1.742604374885559,1.6187394857406616,1.9168946743011475,1.7870690822601318,1.4640440940856934,1.3121726512908936,1.1195404529571533,0.8584927916526794,0.9575549364089966,0.9767908453941345,1.0774304866790771,1.8035914897918701,2.1218228340148926,2.04571795463562,1.7919591665267944,1.9688904285430908,1.8593595027923584,2.1448798179626465,2.012728452682495,1.7323980331420898,1.6565208435058594,1.5196936130523682,1.303052544593811,1.4322516918182373,1.433736801147461,1.509713888168335,2.133164644241333,2.3908650875091553,2.3283159732818604,2.0865964889526367,2.260150194168091,2.156193733215332,2.4415292739868164,2.3300585746765137,2.083946466445923,2.0895445346832275,1.98896062374115,1.7687013149261475,1.9217947721481323,1.913576364517212,1.9282817840576172
A14,1.4261996746063232,1.575149416923523,1.4522345066070557,1.1598354578018188,1.3844809532165527,1.3091367483139038,1.6729718446731567,1.6234681606292725,1.329538106918335,1.0750536918640137,0.7381175756454468,0.6146772503852844,0.37887445092201233,0.0,0.3834371864795685,1.1387258768081665,1.4964284896850586,1.434509038925171,1.1778169870376587,1.4131850004196167,1.362915277481079,1.7153434753417969,1.6744736433029175,1.3758615255355835,1.2017184495925903,0.8737162351608276,0.7116489410400391,0.6687895655632019,0.4991503655910492,0.62333083152771,1.3027257919311523,1.6564615964889526,1.6166980266571045,1.3884656429290771,1.6116801500320435,1.564223289489746,1.8881642818450928,1.839563012123108,1.5711703300476074,1.4668763875961304,1.2131309509277344,1.0423367023468018,1.1028980016708374,0.9876684546470642,1.067854404449463,1.6042975187301636,1.9075909852981567,1.8742536306381226,1.6725552082061768,1.8798952102661133,1.834881067276001,2.1354026794433594,2.074625253677368,1.8444615602493286,1.80332350730896,1.6176048517227173,1.4605506658554077,1.5617514848709106,1.4717130661010742,1.5390287637710571,2.0097668170928955,2.237508535385132,2.2164695262908936,2.022331714630127,2.214662551879883,2.1645567417144775,2.4530181884765625,2.4023141860961914,2.199387788772583,2.230964422225952,2.092526912689209,1.917859673500061,2.054598093032837,1.9787733554840088,2.0018668174743652
A15,1.512803316116333,1.7229939699172974,1.674506425857544,1.4351627826690674,1.7071574926376343,1.6682963371276855,2.038614273071289,1.9993972778320312,1.6961954832077026,1.4341870546340942,1.1100387573242188,0.9145933389663696,0.5989439487457275,0.3834371864795685,0.0,1.261196255683899,1.6370036602020264,1.6556854248046875,1.4596035480499268,1.7393834590911865,1.7287585735321045,2.0890324115753174,2.0575778484344482,1.7545278072357178,1.5572091341018677,1.229996919631958,1.0157220363616943,0.8510037064552307,0.6539735794067383,0.5234882235527039,1.4171996116638184,1.7929068803787231,1.8257250785827637,1.6511040925979614,1.9193636178970337,1.9102565050125122,2.249436378479004,2.210252523422241,1.9328383207321167,1.7920634746551514,1.51567804813385,1.2966578006744385,1.2511409521102905,1.098536491394043,1.0395312309265137,1.7037855386734009,2.033062696456909,2.0629866123199463,1.906473159790039,2.1593801975250244,2.15152907371521,2.4729902744293213,2.4226725101470947,2.177675485610962,2.0940558910369873,1.8748856782913208,1.6722091436386108,1.690850019454956,1.5665931701660156,1.5396736860275269,2.099435567855835,2.35127592086792,2.3838844299316406,2.2274813652038574,2.463704824447632,2.4500653743743896,2.7609777450561523,2.7233262062072754,2.50285005569458,2.492856502532959,2.3190948963165283,2.110316276550293,2.1834592819213867,2.074394702911377,2.027970790863037
B1,0.678354024887085,0.6353901028633118,0.6797945499420166,0.7458199858665466,1.0959569215774536,1.3523435592651367,1.698737382888794,1.8942055702209473,1.8170353174209595,1.745200276374817,1.4071149826049805,1.5864371061325073,1.483770489692688,1.1387258768081665,1.261196255683899,0.0,0.385009229183197,0.5359557867050171,0.6473920345306396,1.0082346200942993,1.2824716567993164,1.6280198097229004,1.8475868701934814,1.7692875862121582,1.756316900253296,1.4128388166427612,1.5717179775238037,1.5405728816986084,1.2061666250228882,1.3233697414398193,0.5757046937942505,0.7565536499023438,0.8592950105667114,0.9137839078903198,1.2001317739486694,1.4200328588485718,1.7374155521392822,1.935753345489502,1.8733065128326416,1.9032928943634033,1.5967217683792114,1.6975595951080322,1.7337329387664795,1.437586784362793,1.5568828582763672,1.1133596897125244,1.22281813621521,1.2924506664276123,1.3043609857559204,1.5243616104125977,1.6851062774658203,1.963700771331787,2.1253631114959717,2.079106330871582,2.1459288597106934,1.8956907987594604,1.9548203945159912,2.0308337211608887,1.7787851095199585,1.8997846841812134,1.6816442012786865,1.725430965423584,1.7926691770553589,1.763136863708496,1.940656065940857,2.0470402240753174,2.288383960723877,2.423814535140991,2.3799331188201904,2.4964921474456787,2.2993972301483154,2.3035576343536377,2.4283766746520996,2.220245361328125,2.3348605632781982
B2,0.8158042430877686,0.5928435325622559,0.668428361415863,0.8789499998092651,1.1598410606384277,1.476545810699463,1.772473692893982,2.0154476165771484,2.0063767433166504,1.9744154214859009,1.6712034940719604,1.9006121158599854,1.8218791484832764,1.4964284896850586,1.6370036602020264,0.385009229183197,0.0,0.37385135889053345,0.6920195817947388,0.9894376993179321,1.3386614322662354,1.6389110088348389,1.9208970069885254,1.913706660270691,1.9386569261550903,1.6243195533752441,1.8455398082733154,1.828932285308838,1.506177544593811,1.6460882425308228,0.5896210670471191,0.5396244525909424,0.6726284027099609,0.8667933344841003,1.1149300336837769,1.4121824502944946,1.6944289207458496,1.961741328239441,1.9689019918441772,2.034928321838379,1.7422376871109009,1.913081169128418,1.956032633781433,1.6552300453186035,1.8015830516815186,1.0766643285751343,1.057390570640564,1.1365693807601929,1.2310388088226318,1.4167801141738892,1.6387306451797485,1.8854937553405762,2.1153576374053955,2.1334388256073,2.232534646987915,1.9849616289138794,2.1116867065429688,2.191729784011841,1.9240919351577759,2.0749738216400146,1.6322858333587646,1.5890202522277832,1.6635208129882812,1.6887001991271973,1.8340140581130981,1.9846404790878296,2.191518545150757,2.384962797164917,2.398576259613037,2.5418498516082764,2.342745304107666,2.4093215465545654,2.5381805896759033,2.3119776248931885,2.4661614894866943
B3,0.9602884650230408,0.6892515420913696,0.5495380759239197,0.6764854788780212,0.8721804618835449,1.1760365962982178,1.445857048034668,1.6873570680618286,1.714009165763855,1.710489273071289,1.4489444494247437,1.733332872390747,1.7137547731399536,1.434509038925171,1.6556854248046875,0.5359557867050171,0.37385135889053345,0.0,0.37885773181915283,0.6222639083862305,0.9859930872917175,1.2721341848373413,1.5661166906356812,1.5923337936401367,1.6539325714111328,1.3781189918518066,1.6567409038543701,1.7047441005706787,1.4316303730010986,1.6521669626235962,0.6739743947982788,0.6251085996627808,0.5218043923377991,0.603082537651062,0.7780358195304871,1.0608457326889038,1.326076626777649,1.602479100227356,1.6395467519760132,1.7476844787597656,1.493619680404663,1.7151726484298706,1.8226308822631836,1.5711907148361206,1.7900066375732422,1.1033155918121338,1.0794751644134521,1.0291297435760498,1.034064769744873,1.1472104787826538,1.3252925872802734,1.5462733507156372,1.7722878456115723,1.8156076669692993,1.9570140838623047,1.7503637075424194,1.91692316532135,2.056678295135498,1.8361517190933228,2.047077178955078,1.6238218545913696,1.581311821937561,1.5678116083145142,1.5261201858520508,1.6129176616668701,1.7117763757705688,1.8924375772476196,2.0682013034820557,2.1007425785064697,2.281590461730957,2.123131513595581,2.21494460105896,2.3940844535827637,2.2127764225006104,2.4110915660858154
B4,1.0808852910995483,0.8942349553108215,0.638144850730896,0.5214405655860901,0.6686214208602905,0.8765457272529602,1.1748028993606567,1.3591684103012085,1.3558913469314575,1.3350162506103516,1.0889486074447632,1.3937525749206543,1.4101823568344116,1.1778169870376587,1.4596035480499268,0.6473920345306396,0.6920195817947388,0.37885773181915283,0.0,0.37859389185905457,0.6611008048057556,1.001671552658081,1.239352822303772,1.2250405550003052,1.280522346496582,1.0116596221923828,1.3078289031982422,1.4045807123184204,1.1795297861099243,1.4584404230117798,0.7715694904327393,0.8594542145729065,0.656265914440155,0.4849049150943756,0.6264657974243164,0.7939541935920715,1.0931543111801147,1.304231882095337,1.297221302986145,1.4072400331497192,1.1715664863586426,1.3898966312408447,1.5496610403060913,1.3500984907150269,1.6128054857254028,1.1553231477737427,1.220151424407959,1.091633915901184,0.9599894285202026,1.0483986139297485,1.125036597251892,1.3605624437332153,1.5148638486862183,1.5161263942718506,1.6620405912399292,1.485324501991272,1.6337414979934692,1.8198697566986084,1.6520862579345703,1.8902109861373901,1.640772819519043,1.664197325706482,1.589531660079956,1.457552194595337,1.5301035642623901,1.5500441789627075,1.744183897972107,1.8526153564453125,1.846315622329712,2.0313425064086914,1.9051231145858765,1.9681077003479004,2.1827797889709473,2.0509467124938965,2.254913568496704
B5,1.3283950090408325,1.097082495689392,0.7668657302856445,0.6262434124946594,0.5275812149047852,0.6982148885726929,0.8986945152282715,1.1125671863555908,1.2054544687271118,1.26767098903656,1.1137179136276245,1.4793730974197388,1.581007957458496,1.4131850004196167,1.7393834590911865,1.0082346200942993,0.9894376993179321,0.6222639083862305,0.37859389185905457,0.0,0.3887421488761902,0.6525622010231018,0.9541126489639282,1.0444295406341553,1.1972343921661377,1.0329636335372925,1.3919512033462524,1.5708814859390259,1.4196218252182007,1.7426272630691528,1.107361912727356,1.1212149858474731,0.8285648822784424,0.6077427864074707,0.4897870123386383,0.5668385624885559,0.7716004848480225,1.025758147239685,1.1121196746826172,1.318774700164795,1.1774177551269531,1.4615188837051392,1.6941845417022705,1.5620216131210327,1.8714789152145386,1.4109153747558594,1.4229284524917603,1.210036277770996,1.0277470350265503,0.9729658365249634,0.9689509272575378,1.1125168800354004,1.2746548652648926,1.3494775295257568,1.577886700630188,1.4799522161483765,1.6879043579101562,1.9374624490737915,1.8259093761444092,2.1108548641204834,1.8300520181655884,1.8209186792373657,1.676002025604248,1.5031893253326416,1.4801474809646606,1.4345619678497314,1.5570878982543945,1.6509811878204346,1.6989580392837524,1.9476642608642578,1.8858885765075684,1.995378017425537,2.2626869678497314,2.179928779602051,2.427595853805542
B6,1.578398585319519,1.4062817096710205,1.0570220947265625,0.7957728505134583,0.5916194915771484,0.5029352903366089,0.658467173576355,0.7633041739463806,0.8594953417778015,0.9423176646232605,0.8815670609474182,1.270283579826355,1.4420424699783325,1.362915277481079,1.7287585735321045,1.2824716567993164,1.3386614322662354,0.9859930872917175,0.6611008048057556,0.3887421488761902,0.0,0.38781437277793884,0.5822939872741699,0.6645650863647461,0.8730807304382324,0.8040434718132019,1.1805452108383179,1.4377537965774536,1.377683401107788,1.7374539375305176,1.3704383373260498,1.4458078145980835,1.1385267972946167,0.8269513845443726,0.6535950303077698,0.46075040102005005,0.6110039949417114,0.7294265031814575,0.7856371998786926,1.0441993474960327,0.992649257183075,1.2725896835327148,1.5765738487243652,1.530148983001709,1.8684653043746948,1.6225707530975342,1.6869754791259766,1.4353233575820923,1.1663187742233276,1.0667749643325806,0.9157422780990601,1.0217196941375732,1.0621216297149658,1.1003139019012451,1.3598824739456177,1.3389750719070435,1.5298893451690674,1.8370864391326904,1.8013670444488525,2.1060869693756104,1.985206961631775,2.023611307144165,1.8313941955566406,1.5866049528121948,1.5327529907226562,1.3882648944854736,1.4963480234146118,1.493903398513794,1.5066736936569214,1.7719218730926514,1.771537184715271,1.8555467128753662,2.1651089191436768,2.148463487625122,2.400529146194458
B7,1.8550981283187866,1.6532185077667236,1.2901033163070679,1.0696477890014648,0.7544832229614258,0.6186158657073975,0.5132826566696167,0.6390095353126526,0.8985061049461365,1.0932737588882446,1.1394233703613281,1.5314759016036987,1.7583175897598267,1.7153434753417969,2.0890324115753174,1.6280198097229004,1.6389110088348389,1.2721341848373413,1.001671552658081,0.6525622010231018,0.38781437277793884,0.0,0.41111069917678833,0.7134051322937012,1.0307953357696533,1.08924400806427,1.461273193359375,1.7587323188781738,1.7407780885696411,2.108114719390869,1.7195460796356201,1.7433326244354248,1.4103115797042847,1.127794623374939,0.8499165773391724,0.6046422719955444,0.476211816072464,0.6024706959724426,0.8208891153335571,1.1754776239395142,1.2346254587173462,1.5383491516113281,1.8749656677246094,1.8703699111938477,2.223198652267456,1.9431570768356323,1.9621567726135254,1.6753597259521484,1.4080634117126465,1.2109206914901733,1.001799464225769,0.9555440545082092,0.9818470478057861,1.1237196922302246,1.461761713027954,1.5271401405334473,1.7588220834732056,2.099576473236084,2.1026086807250977,2.429549217224121,2.264691114425659,2.269426107406616,2.037808656692505,1.7828447818756104,1.6486165523529053,1.4522093534469604,1.4622211456298828,1.4356378316879272,1.5186773538589478,1.8431533575057983,1.9113678932189941,2.038160800933838,2.380580425262451,2.4017934799194336,2.682187080383301
B8,2.1014821529388428,1.9531017541885376,1.5929547548294067,1.3034628629684448,1.0224779844284058,0.7357192635536194,0.6206713318824768,0.4408620595932007,0.6567253470420837,0.8332422375679016,1.0086658000946045,1.3634016513824463,1.6277670860290527,1.6744736433029175,2.0575778484344482,1.8475868701934814,1.9208970069885254,1.5661166906356812,1.239352822303772,0.9541126489639282,0.5822939872741699,0.41111069917678833,0.0,0.3946422338485718,0.7533743977546692,0.9426241517066956,1.2747093439102173,1.6163071393966675,1.6852872371673584,2.062622547149658,1.9107893705368042,1.9953669309616089,1.6650407314300537,1.327836275100708,1.0877503156661987,0.7403539419174194,0.6329697370529175,0.448015034198761,0.5542289018630981,0.9298633933067322,1.0927573442459106,1.3529624938964844,1.7307307720184326,1.8063238859176636,2.1656246185302734,2.0906708240509033,2.1670961380004883,1.8692117929458618,1.5468498468399048,1.3645718097686768,1.0668745040893555,1.0281732082366943,0.8810387849807739,0.9261688590049744,1.256726861000061,1.3968766927719116,1.5840998888015747,1.9591095447540283,2.0327982902526855,2.3611996173858643,2.3628201484680176,2.422135591506958,2.167614698410034,1.8607571125030518,1.732277512550354,1.4651386737823486,1.4900776147842407,1.35060715675354,1.3592365980148315,1.6675361394882202,1.7888469696044922,1.870392918586731,2.236290216445923,2.3186182975769043,2.588027238845825
B9,2.0586283206939697,1.9718348979949951,1.6334704160690308,1.291291356086731,1.1003971099853516,0.7676886320114136,0.8116468191146851,0.5291398167610168,0.46005716919898987,0.46997231245040894,0.6987442970275879,1.0105736255645752,1.274359107017517,1.3758615255355835,1.7545278072357178,1.7692875862121582,1.913706660270691,1.5923337936401367,1.2250405550003052,1.0444295406341553,0.6645650863647461,0.7134051322937012,0.3946422338485718,0.0,0.38975751399993896,0.6225802302360535,0.9034408330917358,1.2662338018417358,1.3828144073486328,1.7543659210205078,1.8239635229110718,1.98212730884552,1.6856861114501953,1.3179341554641724,1.1769230365753174,0.833139181137085,0.8896055817604065,0.6385617256164551,0.447493314743042,0.7004196643829346,0.8518341183662415,1.0259661674499512,1.4181362390518188,1.5295485258102417,1.8732606172561646,1.9974942207336426,2.1434786319732666,1.874549150466919,1.5296505689620972,1.4314438104629517,1.1378377676010132,1.2118544578552246,1.005204200744629,0.8822914361953735,1.1098915338516235,1.2256965637207031,1.322263479232788,1.6946475505828857,1.7924952507019043,2.0952186584472656,2.2670466899871826,2.387427568435669,2.1555421352386475,1.8312146663665771,1.772005319595337,1.5104520320892334,1.6199607849121094,1.4439060688018799,1.3409050703048706,1.5729471445083618,1.6677403450012207,1.6669790744781494,2.018354892730713,2.1137144565582275,2.3433632850646973
B10,2.1289989948272705,2.0755536556243896,1.7704416513442993,1.422943353652954,1.326588749885559,1.0350533723831177,1.1694817543029785,0.9016057252883911,0.7052683234214783,0.45096874237060547,0.6545745134353638,0.8553560376167297,1.0378631353378296,1.2017184495925903,1.5572091341018677,1.756316900253296,1.9386569261550903,1.6539325714111328,1.280522346496582,1.1972343921661377,0.8730807304382324,1.0307953357696533,0.7533743977546692,0.38975751399993896,0.0,0.3815104365348816,0.5969258546829224,0.9366016387939453,1.1160355806350708,1.4810940027236938,1.7356629371643066,1.9453731775283813,1.678482174873352,1.2986996173858643,1.2431895732879639,0.9292874932289124,1.0923720598220825,0.8246384859085083,0.4613202214241028,0.4423108994960785,0.5653380155563354,0.6539465188980103,1.054447054862976,1.2158777713775635,1.5534595251083374,1.8476375341415405,2.0500292778015137,1.8017523288726807,1.4412511587142944,1.4147731065750122,1.1353421211242676,1.3008877038955688,1.0628416538238525,0.7997987866401672,0.8843086957931519,0.9617757201194763,0.973611056804657,1.3406293392181396,1.4696426391601562,1.7580569982528687,2.071293592453003,2.2464160919189453,2.0272769927978516,1.6883131265640259,1.688920021057129,1.4390439987182617,1.6235860586166382,1.4277204275131226,1.2258905172348022,1.3673063516616821,1.425810694694519,1.3539435863494873,1.6870205402374268,1.7965118885040283,1.9990018606185913
B11,1.8247087001800537,1.792561411857605,1.5218645334243774,1.1845340728759766,1.1849554777145386,0.9761645793914795,1.2234739065170288,1.0635387897491455,0.8442244529724121,0.5618577599525452,0.5034042000770569,0.7065060138702393,0.7864593863487244,0.8737162351608276,1.229996919631958,1.4128388166427612,1.6243195533752441,1.3781189918518066,1.0116596221923828,1.0329636335372925,0.8040434718132019,1.08924400806427,0.9426241517066956,0.6225802302360535,0.3815104365348816,0.0,0.40268293023109436,0.6794045567512512,0.768329381942749,1.1449923515319824,1.3943371772766113,1.640855073928833,1.4172176122665405,1.0532259941101074,1.1000099182128906,0.8835654854774475,1.159529447555542,1.0136793851852417,0.7033912539482117,0.6247738003730774,0.47416993975639343,0.5249384641647339,0.8645774722099304,0.9285904169082642,1.2569141387939453,1.5445114374160767,1.7761224508285522,1.5754585266113281,1.2447763681411743,1.3071961402893066,1.1199250221252441,1.3713741302490234,1.231650948524475,0.9877275824546814,1.0157475471496582,0.9430784583091736,0.9217320084571838,1.2205647230148315,1.2613322734832764,1.5230436325073242,1.827910304069519,2.015984296798706,1.8485710620880127,1.547179102897644,1.6197317838668823,1.451728105545044,1.693988561630249,1.5778083801269531,1.3824363946914673,1.485569715499878,1.4453574419021606,1.3553587198257446,1.6322880983352661,1.6633152961730957,1.8370381593704224
B12,1.953068733215332,1.9947696924209595,1.7641271352767944,1.4151790142059326,1.4713760614395142,1.247754693031311,1.5126174688339233,1.3114991188049316,0.9993971586227417,0.6272404193878174,0.549794614315033,0.4782993793487549,0.4722779095172882,0.7116489410400391,1.0157220363616943,1.5717179775238037,1.8455398082733154,1.6567409038543701,1.3078289031982422,1.3919512033462524,1.1805452108383179,1.461273193359375,1.2747093439102173,0.9034408330917358,0.5969258546829224,0.40268293023109436,0.0,0.4008904993534088,0.6324346661567688,0.9464297294616699,1.5729962587356567,1.877530813217163,1.7111492156982422,1.3730639219284058,1.477950930595398,1.2839068174362183,1.5571937561035156,1.3751152753829956,1.0222002267837524,0.8449971079826355,0.7043201327323914,0.47071996331214905,0.7409787178039551,0.8701794743537903,1.1152842044830322,1.7162041664123535,2.0051918029785156,1.852883219718933,1.5408254861831665,1.6573008298873901,1.4852344989776611,1.7496992349624634,1.5743869543075562,1.2737467288970947,1.2050468921661377,1.119962453842163,0.9423359632492065,1.1768022775650024,1.2523460388183594,1.4344617128372192,1.9807796478271484,2.2238821983337402,2.092000722885132,1.799009919166565,1.9213484525680542,1.763369083404541,2.031177043914795,1.8845595121383667,1.630359172821045,1.655420184135437,1.5996791124343872,1.4083870649337769,1.6325658559799194,1.6815835237503052,1.7753183841705322
B13,1.9909420013427734,2.055631399154663,1.8808175325393677,1.5758460760116577,1.7078076601028442,1.553296446800232,1.8522086143493652,1.689514398574829,1.3906415700912476,1.02644944190979,0.8838837742805481,0.743087887763977,0.4766818881034851,0.6687895655632019,0.8510037064552307,1.5405728816986084,1.828932285308838,1.7047441005706787,1.4045807123184204,1.5708814859390259,1.4377537965774536,1.7587323188781738,1.6163071393966675,1.2662338018417358,0.9366016387939453,0.6794045567512512,0.4008904993534088,0.0,0.37301933765411377,0.6140262484550476,1.4592992067337036,1.800957441329956,1.6973477602005005,1.4046485424041748,1.5931810140609741,1.4732487201690674,1.7958296537399292,1.6530635356903076,1.3031069040298462,1.0494704246520996,0.8030114769935608,0.4756939709186554,0.48095956444740295,0.563968300819397,0.7335366606712341,1.5414570569992065,1.8784979581832886,1.7833333015441895,1.5107730627059937,1.7081130743026733,1.6038384437561035,1.9217534065246582,1.7823127508163452,1.4633241891860962,1.304795265197754,1.119874358177185,0.85875004529953,0.9557189345359802,0.978829026222229,1.086582899093628,1.7725695371627808,2.0607380867004395,1.9785895347595215,1.7201975584030151,1.915776014328003,1.820462942123413,2.137521743774414,2.026409864425659,1.7454888820648193,1.6931231021881104,1.55695378780365,1.3139593601226807,1.4467318058013916,1.4430203437805176,1.471349835395813
