,A1,A2,A3,A4,A5,A6,A7,A8,A9,A10,A11,A12,A13,A14,A15,B1,B2,B3,B4,B5,B6,B7,B8,B9,B10,B11,B12,B13,B14,B15,C1,C2,C3,C4,C5,C6,C7,C8,C9,C10,C11,C12,C13,C14,C15,D1,D2,D3,D4,D5,D6,D7,D8,D9,D10,D11,D12,D13,D14,D15,E1,E2,E3,E4,E5,E6,E7,E8,E9,E10,E11,E12,E13,E14,E15
A1,0.0,0.3723661005496979,0.673360288143158,0.8053930997848511,1.1538472175598145,1.3863825798034668,1.7401163578033447,1.908854603767395,1.7844884395599365,1.7786661386489868,1.4266808032989502,1.6136994361877441,1.6334519386291504,1.2950303554534912,1.4079952239990234,0.7708302736282349,0.8919054865837097,1.013719916343689,1.0708818435668945,1.3252880573272705,1.4939378499984741,1.8022983074188232,1.9797652959823608,1.9017480611801147,1.9403718709945679,1.637927770614624,1.7797213792800903,1.8514493703842163,1.5778656005859375,1.6914470195770264,1.3612382411956787,1.465593695640564,1.5560407638549805,1.5464967489242554,1.7464083433151245,1.8387386798858643,2.115165948867798,2.2455155849456787,2.159205198287964,2.229602336883545,1.9935212135314941,2.0583958625793457,2.170200824737549,1.957020878791809,2.0692038536071777,1.9157835245132446,2.010704755783081,2.0924887657165527,2.0427064895629883,2.2077600955963135,2.2425308227539062,2.491135835647583,2.575406074523926,2.4971513748168945,2.584592819213867,2.4123048782348633,2.4161806106567383,2.5529632568359375,2.3817286491394043,2.485992193222046,2.487438678741455,2.56280517578125,2.646667718887329,2.5568954944610596,2.70804762840271,2.700690507888794,2.928900718688965,2.960937738418579,2.8973703384399414,2.997086763381958,2.8703410625457764,2.816666603088379,2.9595205783843994,2.8220720291137695,2.9289042949676514
A2,0.3723661005496979,0.0,0.3889768719673157,0.6313117742538452,0.9050436019897461,1.1973336935043335,1.5066111087799072,1.7366305589675903,1.6807475090026855,1.745046854019165,1.4347113370895386,1.692523717880249,1.7867095470428467,1.487775444984436,1.6743495464324951,0.9324544668197632,0.9461075663566589,0.9602314233779907,1.010336995124817,1.1664979457855225,1.338143229484558,1.590198278427124,1.8139376640319824,1.801392674446106,1.9103511571884155,1.6548062562942505,1.85688054561615,1.9956510066986084,1.7576347589492798,1.9345444440841675,1.4863176345825195,1.524741530418396,1.5438423156738281,1.5199954509735107,1.6427651643753052,1.7218228578567505,1.9449745416641235,2.1056764125823975,2.0754387378692627,2.2081453800201416,2.01515793800354,2.1322274208068848,2.3009538650512695,2.1160879135131836,2.2835018634796143,2.0289502143859863,2.0774827003479004,2.107274055480957,2.041222095489502,2.1438992023468018,2.158829927444458,2.3584508895874023,2.460352897644043,2.430513381958008,2.5717926025390625,2.437556028366089,2.487325429916382,2.672140121459961,2.5236828327178955,2.6767711639404297,2.5935444831848145,2.632913589477539,2.677353620529175,2.5721776485443115,2.6719563007354736,2.6442196369171143,2.828387975692749,2.867241144180298,2.8454532623291016,2.9910836219787598,2.8967833518981934,2.882077217102051,3.066605567932129,2.9502623081207275,3.1006412506103516
A3,0.673360288143158,0.3889768719673157,0.0,0.38816744089126587,0.5761545896530151,0.9183407425880432,1.2040690183639526,1.4403268098831177,1.4361554384231567,1.5178465843200684,1.2529733180999756,1.576763391494751,1.7111189365386963,1.4575477838516235,1.716259241104126,0.9097550511360168,0.8804272413253784,0.7423726320266724,0.731509268283844,0.8043095469474792,0.9809892177581787,1.213866114616394,1.4650038480758667,1.4967269897460938,1.6396710872650146,1.4198740720748901,1.683692216873169,1.8690012693405151,1.6663496494293213,1.9089702367782593,1.374263048171997,1.3859236240386963,1.3149456977844238,1.2466106414794922,1.3087013959884644,1.3684755563735962,1.5665782690048218,1.7439260482788086,1.7491813898086548,1.91825532913208,1.7557132244110107,1.9244178533554077,2.136929750442505,1.9798963069915771,2.2049052715301514,1.8780543804168701,1.9079437255859375,1.8747755289077759,1.7741994857788086,1.8290150165557861,1.8199195861816406,1.9925671815872192,2.101210594177246,2.1004230976104736,2.2750370502471924,2.168011426925659,2.25964617729187,2.4831383228302,2.358031988143921,2.560978889465332,2.418365478515625,2.4421067237854004,2.43913197517395,2.307000160217285,2.367932081222534,2.317772388458252,2.476119041442871,2.514861583709717,2.51723575592041,2.691777467727661,2.621212959289551,2.6397602558135986,2.8583195209503174,2.7640233039855957,2.9571027755737305
A4,0.8053930997848511,0.6313117742538452,0.38816744089126587,0.0,0.3795453608036041,0.5966584086418152,0.9476927518844604,1.1221688985824585,1.0669203996658325,1.147544503211975,0.8869189023971558,1.2181957960128784,1.4003076553344727,1.1984087228775024,1.5087943077087402,0.9650638103485107,1.061681866645813,0.8696231245994568,0.6775672435760498,0.7465733885765076,0.7747491598129272,1.0392521619796753,1.2045491933822632,1.176469326019287,1.3196550607681274,1.121470332145691,1.3612239360809326,1.589688777923584,1.4423565864562988,1.7197803258895874,1.4002951383590698,1.4967525005340576,1.3814284801483154,1.2113829851150513,1.270914912223816,1.2316023111343384,1.4369070529937744,1.531930923461914,1.4845190048217773,1.6471211910247803,1.5154649019241333,1.6451551914215088,1.8886216878890991,1.7850377559661865,2.0294525623321533,1.8756370544433594,1.968909740447998,1.8993653059005737,1.729358196258545,1.7840286493301392,1.7062917947769165,1.8827184438705444,1.9204018115997314,1.8741035461425781,2.038174867630005,1.9625811576843262,2.015441656112671,2.259981870651245,2.182765483856201,2.3941025733947754,2.3923823833465576,2.464350461959839,2.4286229610443115,2.243849992752075,2.306652307510376,2.205392360687256,2.369943618774414,2.34965443611145,2.3142616748809814,2.4770267009735107,2.435826539993286,2.419461250305176,2.6520721912384033,2.6006486415863037,2.792381525039673
A5,1.1538472175598145,0.9050436019897461,0.5761545896530151,0.3795453608036041,0.0,0.38816502690315247,0.630346953868866,0.8840487003326416,0.9546690583229065,1.1301289796829224,0.9851042628288269,1.3620444536209106,1.6068040132522583,1.4717915058135986,1.8184903860092163,1.2634196281433105,1.2916598320007324,1.0164724588394165,0.7994292378425598,0.6712528467178345,0.6148424744606018,0.7494779825210571,0.9633935689926147,1.0405614376068115,1.2813836336135864,1.1824934482574463,1.4730550050735474,1.7613041400909424,1.6701407432556152,1.9895029067993164,1.6117308139801025,1.6579313278198242,1.4650379419326782,1.2635918855667114,1.2072075605392456,1.1104373931884766,1.218290090560913,1.3277456760406494,1.3564900159835815,1.5978120565414429,1.5419379472732544,1.7239952087402344,2.0213370323181152,1.9623993635177612,2.2519540786743164,2.03206729888916,2.088792562484741,1.9560354948043823,1.7567585706710815,1.7291041612625122,1.605716586112976,1.7069908380508423,1.7450357675552368,1.7564300298690796,1.9831550121307373,1.9669253826141357,2.06811261177063,2.360133171081543,2.3193113803863525,2.5754611492156982,2.5098917484283447,2.5534253120422363,2.4662387371063232,2.256215810775757,2.255289316177368,2.116928815841675,2.2218284606933594,2.193528175354004,2.2038486003875732,2.4170403480529785,2.423366069793701,2.448714256286621,2.7240631580352783,2.7055418491363525,2.938934087753296
A6,1.3863825798034668,1.1973336935043335,0.9183407425880432,0.5966584086418152,0.38816502690315247,0.0,0.39394110441207886,0.541694700717926,0.5808479189872742,0.8206135034561157,0.7629461288452148,1.1254172325134277,1.4360061883926392,1.3879063129425049,1.7645248174667358,1.4628170728683472,1.5653167963027954,1.2840982675552368,0.9831555485725403,0.8599725961685181,0.6195610165596008,0.713428795337677,0.7620862126350403,0.7724387645721436,1.0474853515625,1.0291047096252441,1.2742117643356323,1.6141765117645264,1.602508306503296,1.9427765607833862,1.7726672887802124,1.8789275884628296,1.6635130643844604,1.3931388854980469,1.3288406133651733,1.1267231702804565,1.208741545677185,1.1994576454162598,1.1728240251541138,1.4173766374588013,1.426194667816162,1.5596030950546265,1.8913170099258423,1.9018446207046509,2.2036571502685547,2.150270938873291,2.2568984031677246,2.0959508419036865,1.8407881259918213,1.8061022758483887,1.6109212636947632,1.6971629858016968,1.646255612373352,1.611819863319397,1.8315446376800537,1.8669530153274536,1.9267572164535522,2.2416067123413086,2.259857177734375,2.5214362144470215,2.5902328491210938,2.6747329235076904,2.556762933731079,2.3001906871795654,2.2942566871643066,2.101619243621826,2.2003443241119385,2.10276198387146,2.076064348220825,2.279517889022827,2.3286352157592773,2.3197481632232666,2.6109321117401123,2.6438333988189697,2.874788761138916
A7,1.7401163578033447,1.5066111087799072,1.2040690183639526,0.9476927518844604,0.630346953868866,0.39394110441207886,0.0,0.3972553610801697,0.667845606803894,0.996944785118103,1.0678662061691284,1.4119360446929932,1.7515596151351929,1.7495770454406738,2.134953022003174,1.8156182765960693,1.8738830089569092,1.5590929985046387,1.2725160121917725,1.0483715534210205,0.7701647877693176,0.6411409974098206,0.6753522753715515,0.8264866471290588,1.184722661972046,1.274577260017395,1.531059980392456,1.899987816810608,1.931227684020996,2.2885870933532715,2.080207586288452,2.148327589035034,1.888420820236206,1.611032485961914,1.4586272239685059,1.2117650508880615,1.1636337041854858,1.1400800943374634,1.2019598484039307,1.515184998512268,1.6077336072921753,1.773058295249939,2.1368038654327393,2.185967445373535,2.5128533840179443,2.414639949798584,2.4910004138946533,2.2849371433258057,2.0137417316436768,1.9067134857177734,1.6701358556747437,1.6644408702850342,1.598205327987671,1.6259139776229858,1.9019936323165894,2.0033071041107178,2.100698232650757,2.4487557411193848,2.5018603801727295,2.793344736099243,2.8153419494628906,2.8757574558258057,2.715357542037964,2.4406402111053467,2.374225378036499,2.1450612545013428,2.1738381385803223,2.0582449436187744,2.0786991119384766,2.328570604324341,2.431208610534668,2.45878005027771,2.7835793495178223,2.8498623371124268,3.111499309539795
A8,1.908854603767395,1.7366305589675903,1.4403268098831177,1.1221688985824585,0.8840487003326416,0.541694700717926,0.3972553610801697,0.0,0.3779774010181427,0.7018893957138062,0.8968734741210938,1.1964821815490723,1.550129771232605,1.6276023387908936,2.0227677822113037,1.881529450416565,1.9929121732711792,1.6747725009918213,1.3351703882217407,1.1449744701385498,0.7858902215957642,0.6937819123268127,0.4889500141143799,0.5249374508857727,0.8863978385925293,1.0644502639770508,1.2777976989746094,1.6682811975479126,1.7686152458190918,2.1372628211975098,2.078740119934082,2.196481466293335,1.923588752746582,1.597494125366211,1.460623860359192,1.1463534832000732,1.1115729808807373,0.9558643102645874,0.9348451495170593,1.2271772623062134,1.3770469427108765,1.503396987915039,1.8843169212341309,1.9921114444732666,2.3276515007019043,2.3550806045532227,2.475757598876953,2.2506847381591797,1.9377201795578003,1.8404268026351929,1.5543501377105713,1.5600001811981201,1.4057824611663818,1.369497299194336,1.6204023361206055,1.7608529329299927,1.8239562511444092,2.1835100650787354,2.2855639457702637,2.5815272331237793,2.7076191902160645,2.8063557147979736,2.6234333515167236,2.3134284019470215,2.2548506259918213,1.9878071546554565,2.02992844581604,1.8524028062820435,1.822586178779602,2.048564910888672,2.1803152561187744,2.1779253482818604,2.5097403526306152,2.6174721717834473,2.876878023147583
A9,1.7844884395599365,1.6807475090026855,1.4361554384231567,1.0669203996658325,0.9546690583229065,0.5808479189872742,0.667845606803894,0.3779774010181427,0.0,0.38456347584724426,0.5897297263145447,0.8341630101203918,1.2054753303527832,1.3153119087219238,1.703511118888855,1.7495671510696411,1.9305229187011719,1.6542391777038574,1.292342185974121,1.2079639434814453,0.8617599010467529,0.9311441779136658,0.6967544555664062,0.48878011107444763,0.7209915518760681,0.8562701344490051,0.9806051850318909,1.371450424194336,1.4930720329284668,1.8446178436279297,1.9643526077270508,2.1448445320129395,1.9134628772735596,1.5769636631011963,1.5266246795654297,1.2264974117279053,1.2985025644302368,1.1053794622421265,0.9486289024353027,1.1362837553024292,1.242329478263855,1.2782316207885742,1.639783263206482,1.7600573301315308,2.067594528198242,2.2525858879089355,2.4272117614746094,2.238074541091919,1.9215316772460938,1.8949882984161377,1.6233981847763062,1.7083786725997925,1.5257749557495117,1.3942800760269165,1.563909649848938,1.6678752899169922,1.652056097984314,1.9835506677627563,2.0914955139160156,2.352324962615967,2.6156718730926514,2.760249137878418,2.606610059738159,2.2955002784729004,2.29620623588562,2.0420684814453125,2.1480276584625244,1.9526609182357788,1.850033164024353,2.011503219604492,2.11407732963562,2.0454912185668945,2.3458354473114014,2.453927516937256,2.6738805770874023
A10,1.7786661386489868,1.745046854019165,1.5178465843200684,1.147544503211975,1.1301289796829224,0.8206135034561157,0.996944785118103,0.7018893957138062,0.38456347584724426,0.0,0.3778398931026459,0.5552926659584045,0.8848349452018738,1.0489882230758667,1.4328715801239014,1.6156895160675049,1.8413242101669312,1.5906939506530762,1.2168761491775513,1.2121621370315552,0.8954170942306519,1.0691723823547363,0.8076785206794739,0.4503149092197418,0.43841931223869324,0.5488182902336121,0.6040962338447571,0.9997259974479675,1.1608151197433472,1.5150210857391357,1.7597683668136597,1.9884041547775269,1.776679515838623,1.4268107414245605,1.4414217472076416,1.1530526876449585,1.3101869821548462,1.0833144187927246,0.8111385703086853,0.8741263151168823,0.9401136636734009,0.9105836153030396,1.2635058164596558,1.405630350112915,1.7092288732528687,2.002192497253418,2.220759868621826,2.0462472438812256,1.7205570936203003,1.7482179403305054,1.4881304502487183,1.6419658660888672,1.4366949796676636,1.221276044845581,1.308285117149353,1.3756861686706543,1.3056191205978394,1.6188215017318726,1.7362010478973389,1.9850846529006958,2.3375654220581055,2.51973032951355,2.3775558471679688,2.0616395473480225,2.1084277629852295,1.8663355112075806,2.029533624649048,1.824796199798584,1.6588495969772339,1.7598856687545776,1.831118106842041,1.7182188034057617,1.9959617853164673,2.1051816940307617,2.307009220123291
A11,1.4266808032989502,1.4347113370895386,1.2529733180999756,0.8869189023971558,0.9851042628288269,0.7629461288452148,1.0678662061691284,0.8968734741210938,0.5897297263145447,0.3778398931026459,0.0,0.4011514186859131,0.6856749057769775,0.7338882088661194,1.128874659538269,1.2851611375808716,1.5435807704925537,1.3401464223861694,0.9858790040016174,1.0805273056030273,0.8538691401481628,1.1359919309616089,0.9933168292045593,0.6912624835968018,0.6410932540893555,0.48931747674942017,0.5532310605049133,0.8822957873344421,0.9331062436103821,1.2711138725280762,1.5019493103027344,1.751615285873413,1.5948699712753296,1.281213402748108,1.3746603727340698,1.1684280633926392,1.406017541885376,1.2704333066940308,1.0189357995986938,1.0464788675308228,0.9719223976135254,0.9350399971008301,1.2222837209701538,1.2713861465454102,1.5406982898712158,1.8186184167861938,2.0459532737731934,1.9272905588150024,1.6436169147491455,1.7327181100845337,1.5418645143508911,1.7554543018341064,1.6205329895019531,1.4148613214492798,1.4750245809555054,1.4485374689102173,1.368454933166504,1.62860906124115,1.6702163219451904,1.8815650939941406,2.2205371856689453,2.404219627380371,2.315967321395874,2.0407657623291016,2.1363654136657715,1.9520431756973267,2.158928394317627,2.0108892917633057,1.8494668006896973,1.9295450448989868,1.93094801902771,1.8086915016174316,2.0427238941192627,2.0871810913085938,2.2573537826538086
A12,1.6136994361877441,1.692523717880249,1.576763391494751,1.2181957960128784,1.3620444536209106,1.1254172325134277,1.4119360446929932,1.1964821815490723,0.8341630101203918,0.5552926659584045,0.4011514186859131,0.0,0.3972035050392151,0.6081827282905579,0.9462832808494568,1.4792993068695068,1.794303059577942,1.647087812423706,1.3150774240493774,1.4595685005187988,1.2458792924880981,1.5199522972106934,1.3281936645507812,0.9778503179550171,0.8192930817604065,0.6872770190238953,0.46988049149513245,0.7203745245933533,0.8544707894325256,1.1246143579483032,1.6765718460083008,1.9814664125442505,1.8685503005981445,1.5651378631591797,1.7046242952346802,1.5032832622528076,1.7514492273330688,1.567380666732788,1.2576848268508911,1.1839581727981567,1.1039401292800903,0.9124947786331177,1.1254301071166992,1.2236616611480713,1.4252995252609253,1.9586539268493652,2.2392354011535645,2.151275873184204,1.8701714277267456,2.003009080886841,1.8142846822738647,2.049501419067383,1.8719396591186523,1.6046243906021118,1.5812230110168457,1.5451468229293823,1.3593324422836304,1.5609475374221802,1.6356732845306396,1.784903645515442,2.3265719413757324,2.5603787899017334,2.491331100463867,2.2144694328308105,2.350276470184326,2.1663172245025635,2.400892972946167,2.219594955444336,1.9996439218521118,2.011716842651367,2.0054218769073486,1.8056833744049072,1.9917073249816895,2.0585505962371826,2.1694118976593018
A13,1.6334519386291504,1.7867095470428467,1.7111189365386963,1.4003076553344727,1.6068040132522583,1.4360061883926392,1.7515596151351929,1.550129771232605,1.2054753303527832,0.8848349452018738,0.6856749057769775,0.3972035050392151,0.0,0.37766262888908386,0.6269776821136475,1.3892220258712769,1.7407101392745972,1.6573301553726196,1.369862675666809,1.590890884399414,1.4476757049560547,1.7688430547714233,1.603129506111145,1.252618670463562,1.0037071704864502,0.776711106300354,0.4682954251766205,0.4500395655632019,0.552745521068573,0.7516074180603027,1.5214364528656006,1.8712841272354126,1.8165867328643799,1.5496128797531128,1.7632904052734375,1.621639609336853,1.9244765043258667,1.7622144222259521,1.4302421808242798,1.2643156051635742,1.090373158454895,0.8250551819801331,0.8963388800621033,0.9484109282493591,1.0767351388931274,1.76651132106781,2.088456153869629,2.050652027130127,1.8021436929702759,2.0030906200408936,1.867295503616333,2.157399892807007,2.000746250152588,1.7020609378814697,1.6000823974609375,1.4850150346755981,1.2423723936080933,1.350715160369873,1.3834928274154663,1.4679672718048096,2.1170737743377686,2.3860909938812256,2.35992169380188,2.112915277481079,2.30845308303833,2.1709096431732178,2.4562032222747803,2.2991113662719727,2.045628070831299,1.9939323663711548,1.9235385656356812,1.68132746219635,1.797160267829895,1.8238186836242676,1.879529356956482
A14,1.2950303554534912,1.487775444984436,1.4575477838516235,1.1984087228775024,1.4717915058135986,1.3879063129425049,1.7495770454406738,1.6276023387908936,1.3153119087219238,1.0489882230758667,0.7338882088661194,0.6081827282905579,0.37766262888908386,0.0,0.39802610874176025,1.0581775903701782,1.428529977798462,1.3999769687652588,1.1656697988510132,1.4488996267318726,1.388002634048462,1.749385952949524,1.6666239500045776,1.3648216724395752,1.1652750968933105,0.849034309387207,0.6964049339294434,0.6415745615959167,0.4855141341686249,0.6449940800666809,1.2700988054275513,1.6197212934494019,1.618274450302124,1.4046807289123535,1.6629467010498047,1.5919806957244873,1.927130103111267,1.8403538465499878,1.5530816316604614,1.4268512725830078,1.185767412185669,1.0137152671813965,1.0544018745422363,0.9662995338439941,1.0644844770431519,1.6018295288085938,1.9059216976165771,1.9172184467315674,1.7192552089691162,1.9496515989303589,1.8722084760665894,2.184762954711914,2.094094753265381,1.8368690013885498,1.7651846408843994,1.5978753566741943,1.4144150018692017,1.501785159111023,1.4404051303863525,1.5079922676086426,2.0270261764526367,2.2708070278167725,2.2903831005096436,2.0885767936706543,2.3030290603637695,2.2138864994049072,2.5115339756011963,2.4102084636688232,2.192812442779541,2.164154291152954,2.0507619380950928,1.8492746353149414,1.950283169746399,1.9053417444229126,1.9570586681365967
A15,1.4079952239990234,1.6743495464324951,1.716259241104126,1.5087943077087402,1.8184903860092163,1.7645248174667358,2.134953022003174,2.0227677822113037,1.703511118888855,1.4328715801239014,1.128874659538269,0.9462832808494568,0.6269776821136475,0.39802610874176025,0.0,1.177770972251892,1.565003752708435,1.623437523841858,1.4566117525100708,1.778660774230957,1.7607405185699463,2.1321401596069336,2.0603699684143066,1.7567752599716187,1.532271146774292,1.2130635976791382,1.018876075744629,0.8250829577445984,0.6192706227302551,0.5045236349105835,1.36702561378479,1.7392288446426392,1.8152012825012207,1.6592057943344116,1.9613341093063354,1.9337276220321655,2.286876678466797,2.2107226848602295,1.9159578084945679,1.7491366863250732,1.478460669517517,1.266727328300476,1.1868056058883667,1.0459303855895996,0.9930916428565979,1.6753287315368652,2.0036396980285645,2.080732583999634,1.9318063259124756,2.209113597869873,2.174034595489502,2.511159896850586,2.4321439266204834,2.1604042053222656,2.042494297027588,1.8343626260757446,1.6118929386138916,1.605518102645874,1.500795841217041,1.4646095037460327,2.083792209625244,2.352677822113037,2.426818370819092,2.266674280166626,2.5265743732452393,2.476795196533203,2.802196979522705,2.7156050205230713,2.478287696838379,2.404282331466675,2.249892234802246,2.0150344371795654,2.042489528656006,1.957988977432251,1.9308583736419678
B1,0.7708302736282349,0.9324544668197632,0.9097550511360168,0.9650638103485107,1.2634196281433105,1.4628170728683472,1.8156182765960693,1.881529450416565,1.7495671510696411,1.6156895160675049,1.2851611375808716,1.4792993068695068,1.3892220258712769,1.0581775903701782,1.177770972251892,0.0,0.3883068859577179,0.555925726890564,0.6576027274131775,1.0241005420684814,1.2561838626861572,1.6251016855239868,1.7761640548706055,1.6729944944381714,1.6038434505462646,1.2520580291748047,1.432174801826477,1.4176173210144043,1.0913406610488892,1.222283959388733,0.5919240117073059,0.7678343057632446,0.8977088332176208,0.9234259128570557,1.2295958995819092,1.396559476852417,1.748483657836914,1.8859968185424805,1.7741491794586182,1.7645453214645386,1.4564281702041626,1.5643243789672852,1.6155200004577637,1.339032530784607,1.4706393480300903,1.1453912258148193,1.2689026594161987,1.372515082359314,1.3489110469818115,1.5855637788772583,1.684563398361206,2.000709056854248,2.108832597732544,2.0079593658447266,2.0378880500793457,1.7979094982147217,1.8328955173492432,1.9287453889846802,1.704654335975647,1.8264570236206055,1.7170422077178955,1.804699182510376,1.903732419013977,1.8364448547363281,2.034698247909546,2.0782852172851562,2.3588335514068604,2.424774408340454,2.3416664600372314,2.400076150894165,2.2164719104766846,2.1843910217285156,2.2980403900146484,2.117341995239258,2.240976572036743
B2,0.8919054865837097,0.9461075663566589,0.8804272413253784,1.061681866645813,1.2916598320007324,1.5653167963027954,1.8738830089569092,1.9929121732711792,1.9305229187011719,1.8413242101669312,1.5435807704925537,1.794303059577942,1.7407101392745972,1.428529977798462,1.565003752708435,0.3883068859577179,0.0,0.3779577314853668,0.6882041692733765,0.9735216498374939,1.2929296493530273,1.6149173974990845,1.8388491868972778,1.8133962154388428,1.7931864261627197,1.4747951030731201,1.7205520868301392,1.7355787754058838,1.42472243309021,1.5730557441711426,0.647430419921875,0.5955409407615662,0.7401420474052429,0.8883408308029175,1.1414422988891602,1.3867182731628418,1.7033690214157104,1.9166851043701172,1.8786964416503906,1.916264533996582,1.6259799003601074,1.808646321296692,1.8817765712738037,1.6013530492782593,1.7578717470169067,1.162591814994812,1.1609278917312622,1.2657746076583862,1.310314655303955,1.503096103668213,1.6567212343215942,1.941731333732605,2.1185481548309326,2.0849404335021973,2.158311367034912,1.9237737655639648,2.031522035598755,2.1451144218444824,1.9053995609283447,2.0582549571990967,1.7271130084991455,1.731458306312561,1.8339498043060303,1.811865210533142,1.9721384048461914,2.0533525943756104,2.3024439811706543,2.425097942352295,2.399982452392578,2.496943235397339,2.3115384578704834,2.3436601161956787,2.474208116531372,2.2749435901641846,2.434128522872925
B3,1.013719916343689,0.9602314233779907,0.7423726320266724,0.8696231245994568,1.0164724588394165,1.2840982675552368,1.5590929985046387,1.6747725009918213,1.6542391777038574,1.5906939506530762,1.3401464223861694,1.647087812423706,1.6573301553726196,1.3999769687652588,1.623437523841858,0.555925726890564,0.3779577314853668,0.0,0.3762286901473999,0.6016119718551636,0.940669059753418,1.2463819980621338,1.485550045967102,1.4982755184173584,1.518339991569519,1.2431257963180542,1.5491943359375,1.635745644569397,1.3830267190933228,1.6163570880889893,0.7231086492538452,0.6620962619781494,0.5858662724494934,0.6263443827629089,0.8080354332923889,1.0340731143951416,1.3334522247314453,1.5594357252120972,1.5548993349075317,1.639691948890686,1.3917962312698364,1.6269853115081787,1.7690080404281616,1.5426753759384155,1.7749137878417969,1.1770111322402954,1.1676840782165527,1.1534643173217773,1.1171059608459473,1.2400987148284912,1.3476017713546753,1.6042900085449219,1.780129075050354,1.7747571468353271,1.8940773010253906,1.7030653953552246,1.8513468503952026,2.026045083999634,1.8342989683151245,2.050834894180298,1.710214376449585,1.707038402557373,1.7291605472564697,1.6474283933639526,1.7517714500427246,1.78567636013031,2.003042459487915,2.112135171890259,2.1108791828155518,2.2481143474578857,2.104065418243408,2.1655972003936768,2.348695755004883,2.1941630840301514,2.4045472145080566
B4,1.0708818435668945,1.010336995124817,0.731509268283844,0.6775672435760498,0.7994292378425598,0.9831555485725403,1.2725160121917725,1.3351703882217407,1.292342185974121,1.2168761491775513,0.9858790040016174,1.3150774240493774,1.369862675666809,1.1656697988510132,1.4566117525100708,0.6576027274131775,0.6882041692733765,0.3762286901473999,0.0,0.37920016050338745,0.6193704605102539,0.9766828417778015,1.1567597389221191,1.1312813758850098,1.153220772743225,0.8901504278182983,1.2158849239349365,1.3599976301193237,1.1651781797409058,1.4616776704788208,0.8259028792381287,0.8963057398796082,0.7228415608406067,0.5425853133201599,0.6937347054481506,0.7881495356559753,1.109946846961975,1.267627239227295,1.2222118377685547,1.316686749458313,1.0969016551971436,1.3240283727645874,1.5209285020828247,1.355796456336975,1.6340723037719727,1.2371410131454468,1.309568166732788,1.2223244905471802,1.0681359767913818,1.167251706123352,1.172621726989746,1.4298659563064575,1.534744381904602,1.491744875907898,1.6188058853149414,1.4668828248977661,1.5913773775100708,1.810050368309021,1.6767202615737915,1.9218032360076904,1.7388447523117065,1.7909221649169922,1.755481481552124,1.593997597694397,1.6835689544677734,1.6426124572753906,1.8582651615142822,1.9018309116363525,1.869648814201355,2.010826826095581,1.9069792032241821,1.9408255815505981,2.1568233966827393,2.0565383434295654,2.2803239822387695
B5,1.3252880573272705,1.1664979457855225,0.8043095469474792,0.7465733885765076,0.6712528467178345,0.8599725961685181,1.0483715534210205,1.1449744701385498,1.2079639434814453,1.2121621370315552,1.0805273056030273,1.4595685005187988,1.590890884399414,1.4488996267318726,1.778660774230957,1.0241005420684814,0.9735216498374939,0.6016119718551636,0.37920016050338745,0.0,0.3785565197467804,0.6460228562355042,0.9066200852394104,0.9996567964553833,1.1246479749679565,0.9765153527259827,1.3541600704193115,1.5709795951843262,1.4452507495880127,1.7779614925384521,1.1341232061386108,1.1227980852127075,0.8479741811752319,0.632671058177948,0.5469317436218262,0.5745542645454407,0.8029609322547913,1.0198206901550293,1.0774762630462646,1.2724775075912476,1.1478328704833984,1.4380548000335693,1.6993619203567505,1.593287706375122,1.9136842489242554,1.4587095975875854,1.4729095697402954,1.3002581596374512,1.1092238426208496,1.0780762434005737,1.0242581367492676,1.1921164989471436,1.3199619054794312,1.3572748899459839,1.567994236946106,1.4891321659088135,1.6764382123947144,1.9517227411270142,1.8647154569625854,2.1565780639648438,1.899302363395691,1.9091507196426392,1.8077049255371094,1.6161996126174927,1.6168913841247559,1.530516505241394,1.6730194091796875,1.718475341796875,1.748453974723816,1.9559588432312012,1.9084022045135498,1.9967937469482422,2.2637877464294434,2.203033685684204,2.472923517227173
B6,1.4939378499984741,1.338143229484558,0.9809892177581787,0.7747491598129272,0.6148424744606018,0.6195610165596008,0.7701647877693176,0.7858902215957642,0.8617599010467529,0.8954170942306519,0.8538691401481628,1.2458792924880981,1.4476757049560547,1.388002634048462,1.7607405185699463,1.2561838626861572,1.2929296493530273,0.940669059753418,0.6193704605102539,0.3785565197467804,0.0,0.392374724149704,0.5503831505775452,0.6368471384048462,0.8320444822311401,0.7825635075569153,1.1583560705184937,1.4496535062789917,1.4110326766967773,1.7791252136230469,1.373753309249878,1.4334001541137695,1.1463963985443115,0.8450579643249512,0.720739483833313,0.5168964266777039,0.6807481646537781,0.7680762410163879,0.7952523827552795,1.0443106889724731,1.0109769105911255,1.2759021520614624,1.5987467765808105,1.5755181312561035,1.9212119579315186,1.6582775115966797,1.7280405759811401,1.5188287496566772,1.2520986795425415,1.1881017684936523,1.0109543800354004,1.1340968608856201,1.152836799621582,1.1566795110702515,1.3936796188354492,1.3908034563064575,1.5476255416870117,1.8684186935424805,1.8539435863494873,2.1622514724731445,2.054104804992676,2.107057809829712,1.9619910717010498,1.7078871726989746,1.684914469718933,1.5156269073486328,1.632822036743164,1.5921893119812012,1.5946569442749023,1.8142290115356445,1.8286470174789429,1.8890373706817627,2.189751386642456,2.1928632259368896,2.4694626331329346
B7,1.8022983074188232,1.590198278427124,1.213866114616394,1.0392521619796753,0.7494779825210571,0.713428795337677,0.6411409974098206,0.6937819123268127,0.9311441779136658,1.0691723823547363,1.1359919309616089,1.5199522972106934,1.7688430547714233,1.749385952949524,2.1321401596069336,1.6251016855239868,1.6149173974990845,1.2463819980621338,0.9766828417778015,0.6460228562355042,0.392374724149704,0.0,0.3936978876590729,0.7001919746398926,1.0030755996704102,1.0810058116912842,1.4427863359451294,1.7674723863601685,1.7729295492172241,2.1498911380767822,1.7235373258590698,1.7340058088302612,1.4111313819885254,1.1299041509628296,0.8864277601242065,0.6321091651916504,0.5376542806625366,0.646479606628418,0.830893874168396,1.1739435195922852,1.247706413269043,1.5334028005599976,1.8861567974090576,1.904985785484314,2.2670400142669678,1.963094711303711,1.9908350706100464,1.7354974746704102,1.4628983736038208,1.2986904382705688,1.0700231790542603,1.050073504447937,1.0650590658187866,1.1695873737335205,1.484350562095642,1.563089370727539,1.7618052959442139,2.1148841381073,2.1382763385772705,2.471959352493286,2.309830665588379,2.329085350036621,2.137287139892578,1.86892831325531,1.7655638456344604,1.5531688928604126,1.5736021995544434,1.5199507474899292,1.593066692352295,1.8750882148742676,1.952786922454834,2.0590639114379883,2.3949942588806152,2.4337098598480225,2.7403604984283447
B8,1.9797652959823608,1.8139376640319824,1.4650038480758667,1.2045491933822632,0.9633935689926147,0.7620862126350403,0.6753522753715515,0.4889500141143799,0.6967544555664062,0.8076785206794739,0.9933168292045593,1.3281936645507812,1.603129506111145,1.6666239500045776,2.0603699684143066,1.7761640548706055,1.8388491868972778,1.485550045967102,1.1567597389221191,0.9066200852394104,0.5503831505775452,0.3936978876590729,0.0,0.3816958963871002,0.7250454425811768,0.9235259294509888,1.2336853742599487,1.5914226770401,1.6770591735839844,2.064714193344116,1.845055341720581,1.9233342409133911,1.603766918182373,1.2684767246246338,1.0681207180023193,0.7193593382835388,0.6394996047019958,0.4792303144931793,0.5599030256271362,0.9203535914421082,1.0855071544647217,1.3206721544265747,1.703033447265625,1.7955174446105957,2.16487979888916,2.039653778076172,2.1272871494293213,1.8596545457839966,1.5360091924667358,1.390602707862854,1.086440920829773,1.071091651916504,0.9382132887840271,0.956758439540863,1.2594283819198608,1.4027432203292847,1.5544172525405884,1.929584264755249,2.017188310623169,2.3533897399902344,2.3408701419830322,2.41119122505188,2.196331739425659,1.8815405368804932,1.788226842880249,1.5169546604156494,1.5464118719100952,1.3954631090164185,1.404327630996704,1.667102336883545,1.7932432889938354,1.8576613664627075,2.2087368965148926,2.303298234939575,2.6045727729797363
B9,1.9017480611801147,1.801392674446106,1.4967269897460938,1.176469326019287,1.0405614376068115,0.7724387645721436,0.8264866471290588,0.5249374508857727,0.48878011107444763,0.4503149092197418,0.6912624835968018,0.9778503179550171,1.252618670463562,1.3648216724395752,1.7567752599716187,1.6729944944381714,1.8133962154388428,1.4982755184173584,1.1312813758850098,0.9996567964553833,0.6368471384048462,0.7001919746398926,0.3816958963871002,0.0,0.38366222381591797,0.6250013113021851,0.8759428858757019,1.2512675523757935,1.3799211978912354,1.7641268968582153,1.7448852062225342,1.8988922834396362,1.6184149980545044,1.2571150064468384,1.1617811918258667,0.818544328212738,0.8904448747634888,0.6495168805122375,0.46399617195129395,0.7084934115409851,0.8620594143867493,1.0089749097824097,1.3979133367538452,1.5242599248886108,1.8799927234649658,1.939963459968567,2.095343589782715,1.8600401878356934,1.519091010093689,1.4574708938598633,1.1575967073440552,1.2427394390106201,1.046875,0.9152533411979675,1.119223952293396,1.2413243055343628,1.3028199672698975,1.6678386926651,1.7791388034820557,2.09053635597229,2.243166923522949,2.3715574741363525,2.180722236633301,1.8527733087539673,1.826907992362976,1.558117389678955,1.6634949445724487,1.4714287519454956,1.377636432647705,1.563736915588379,1.6709942817687988,1.6562936305999756,1.986453652381897,2.0961215496063232,2.3633651733398438
B10,1.9403718709945679,1.9103511571884155,1.6396710872650146,1.3196550607681274,1.2813836336135864,1.0474853515625,1.184722661972046,0.8863978385925293,0.7209915518760681,0.43841931223869324,0.6410932540893555,0.8192930817604065,1.0037071704864502,1.1652750968933105,1.532271146774292,1.6038434505462646,1.7931864261627197,1.518339991569519,1.153220772743225,1.1246479749679565,0.8320444822311401,1.0030755996704102,0.7250454425811768,0.38366222381591797,0.0,0.37694787979125977,0.5629373788833618,0.912527859210968,1.089846134185791,1.4686410427093506,1.5981148481369019,1.8084532022476196,1.5586087703704834,1.1897166967391968,1.1829991340637207,0.8772194385528564,1.0542243719100952,0.793522298336029,0.44537994265556335,0.439134418964386,0.5545446872711182,0.6305211186408997,1.023082971572876,1.1853808164596558,1.5395110845565796,1.7342928647994995,1.944535255432129,1.72956120967865,1.3783111572265625,1.3896993398666382,1.110159993171692,1.285075306892395,1.0611039400100708,0.8039926290512085,0.8775210380554199,0.9549520015716553,0.9443897604942322,1.2989165782928467,1.429863452911377,1.7318594455718994,2.000070095062256,2.1771109104156494,2.000161647796631,1.6640563011169434,1.6986615657806396,1.444678783416748,1.6243000030517578,1.417465090751648,1.2335076332092285,1.334058403968811,1.4038166999816895,1.328168272972107,1.6366815567016602,1.7537848949432373,2.0020816326141357
B11,1.637927770614624,1.6548062562942505,1.4198740720748901,1.121470332145691,1.1824934482574463,1.0291047096252441,1.274577260017395,1.0644502639770508,0.8562701344490051,0.5488182902336121,0.48931747674942017,0.6872770190238953,0.776711106300354,0.849034309387207,1.2130635976791382,1.2520580291748047,1.4747951030731201,1.2431257963180542,0.8901504278182983,0.9765153527259827,0.7825635075569153,1.0810058116912842,0.9235259294509888,0.6250013113021851,0.37694787979125977,0.0,0.3974344730377197,0.6870542764663696,0.76212078332901,1.1501482725143433,1.2646315097808838,1.511366844177246,1.313207983970642,0.9659833312034607,1.0688313245773315,0.8623374104499817,1.1531997919082642,1.006296992301941,0.706071674823761,0.6326707005500793,0.4850580096244812,0.5427849292755127,0.8692726492881775,0.9281569123268127,1.269753336906433,1.4583548307418823,1.693265438079834,1.5358186960220337,1.2211146354675293,1.3214191198349,1.130454182624817,1.3920650482177734,1.2571295499801636,1.0135231018066406,1.0305838584899902,0.9650067687034607,0.928173840045929,1.2162795066833496,1.2575572729110718,1.5279452800750732,1.7941557168960571,1.9835879802703857,1.8659842014312744,1.5717447996139526,1.6758012771606445,1.495772123336792,1.7378212213516235,1.6012818813323975,1.4174867868423462,1.477443814277649,1.4512121677398682,1.3547868728637695,1.6058855056762695,1.6459321975708008,1.8609917163848877
B12,1.7797213792800903,1.85688054561615,1.683692216873169,1.3612239360809326,1.4730550050735474,1.2742117643356323,1.531059980392456,1.2777976989746094,0.9806051850318909,0.6040962338447571,0.5532310605049133,0.46988049149513245,0.4682954251766205,0.6964049339294434,1.018876075744629,1.432174801826477,1.7205520868301392,1.5491943359375,1.2158849239349365,1.3541600704193115,1.1583560705184937,1.4427863359451294,1.2336853742599487,0.8759428858757019,0.5629373788833618,0.3974344730377197,0.0,0.39782047271728516,0.6268002390861511,0.9682378768920898,1.4576939344406128,1.7647603750228882,1.6227277517318726,1.3002959489822388,1.4480962753295898,1.2506264448165894,1.5278196334838867,1.3284814357757568,0.9785405993461609,0.7983928322792053,0.672487199306488,0.44375213980674744,0.7002065181732178,0.8445630073547363,1.1197150945663452,1.6271723508834839,1.9208115339279175,1.804252028465271,1.5022737979888916,1.6476746797561646,1.4617024660110474,1.7290921211242676,1.5442478656768799,1.2376341819763184,1.1543678045272827,1.0864084959030151,0.8927654027938843,1.1143766641616821,1.2064335346221924,1.4073774814605713,1.9272140264511108,2.1736202239990234,2.0805459022521973,1.7882583141326904,1.9355517625808716,1.7556010484695435,2.0187978744506836,1.8409215211868286,1.5919721126556396,1.5708645582199097,1.5411205291748047,1.3416475057601929,1.5381927490234375,1.6108578443527222,1.7577799558639526
B13,1.8514493703842163,1.9956510066986084,1.8690012693405151,1.589688777923584,1.7613041400909424,1.6141765117645264,1.899987816810608,1.6682811975479126,1.371450424194336,0.9997259974479675,0.8822957873344421,0.7203745245933533,0.4500395655632019,0.6415745615959167,0.8250829577445984,1.4176173210144043,1.7355787754058838,1.635745644569397,1.3599976301193237,1.5709795951843262,1.4496535062789917,1.7674723863601685,1.5914226770401,1.2512675523757935,0.912527859210968,0.6870542764663696,0.39782047271728516,0.0,0.3729480504989624,0.6323517560958862,1.3655873537063599,1.7177464962005615,1.6441761255264282,1.3734065294265747,1.5981608629226685,1.473219633102417,1.7930227518081665,1.6238561868667603,1.2747443914413452,1.0146756172180176,0.7889412641525269,0.46981361508369446,0.4474537670612335,0.5493006706237793,0.7472416162490845,1.4772087335586548,1.8199065923690796,1.762988805770874,1.5050432682037354,1.7273696660995483,1.6074274778366089,1.9248977899551392,1.7670296430587769,1.4395040273666382,1.26539146900177,1.1010236740112305,0.8260415196418762,0.9034420847892761,0.9455469846725464,1.066978096961975,1.7452473640441895,2.0369789600372314,1.9942944049835205,1.7396962642669678,1.9573369026184082,1.8345396518707275,2.1492326259613037,1.99993097782135,1.7178922891616821,1.617636799812317,1.5100951194763184,1.2525238990783691,1.3519281148910522,1.3768470287322998,1.453979253768921
