,A1,A2,A3,A4,A5,A6,A7,A8,A9,A10,A11,A12,A13,A14,A15,B1,B2,B3,B4,B5,B6,B7,B8,B9,B10,B11,B12,B13,B14,B15,C1,C2,C3,C4,C5,C6,C7,C8,C9,C10,C11,C12,C13,C14,C15,D1,D2,D3,D4,D5,D6,D7,D8,D9,D10,D11,D12,D13,D14,D15,E1,E2,E3,E4,E5,E6,E7,E8,E9,E10,E11,E12,E13,E14,E15
A1,0.0,0.3709000051021576,0.6753560900688171,0.7841097712516785,1.1235575675964355,1.333113431930542,1.665623426437378,1.8660327196121216,1.7934356927871704,1.8577622175216675,1.5330829620361328,1.7564947605133057,1.8300440311431885,1.5114021301269531,1.655458688735962,0.8644616007804871,1.0055640935897827,1.1184558868408203,1.1845697164535522,1.4215904474258423,1.5813852548599243,1.8698374032974243,2.0437533855438232,1.9672001600265503,2.074831962585449,1.8137558698654175,1.9480394124984741,2.0818839073181152,1.8449397087097168,1.988887071609497,1.5914289951324463,1.701752781867981,1.7483127117156982,1.7176088094711304,1.8915879726409912,1.9633504152297974,2.212618112564087,2.3339006900787354,2.2689857482910156,2.3950355052948,2.194122791290283,2.2544496059417725,2.420783281326294,2.2449612617492676,2.3842597007751465,2.1846771240234375,2.249175548553467,2.3530936241149902,2.2483396530151367,2.3892736434936523,2.3995373249053955,2.6240715980529785,2.6907596588134766,2.6288790702819824,2.763486623764038,2.618680238723755,2.6277523040771484,2.824317455291748,2.7059638500213623,2.8500735759735107,2.8477632999420166,2.8635969161987305,2.976487636566162,2.8160524368286133,2.954164505004883,2.919114589691162,3.152683973312378,3.1664254665374756,3.071601629257202,3.2217400074005127,3.1098668575286865,3.060387372970581,3.2650625705718994,3.185051918029785,3.298924207687378
A2,0.3709000051021576,0.0,0.38332173228263855,0.6259832382202148,0.8873778581619263,1.1717559099197388,1.4573179483413696,1.7099562883377075,1.7121162414550781,1.8312172889709473,1.5524795055389404,1.841410756111145,1.9681223630905151,1.6862596273422241,1.892731785774231,0.9452170133590698,0.9779847860336304,0.9923168420791626,1.069148302078247,1.2228338718414307,1.407107949256897,1.6471505165100098,1.8737380504608154,1.8651387691497803,2.0308995246887207,1.8117550611495972,2.009373664855957,2.192121744155884,1.9828050136566162,2.183328151702881,1.6164932250976562,1.6611390113830566,1.6474689245224,1.617923617362976,1.7267462015151978,1.8045450448989868,2.009012222290039,2.1701014041900635,2.1636288166046143,2.342879056930542,2.1789679527282715,2.296269178390503,2.506840705871582,2.352125644683838,2.542005777359009,2.1992075443267822,2.21311616897583,2.2715179920196533,2.1637346744537354,2.2508151531219482,2.2582030296325684,2.441798448562622,2.5367257595062256,2.5257325172424316,2.707746744155884,2.595773220062256,2.653984308242798,2.88956356048584,2.7880892753601074,2.9764363765716553,2.8553171157836914,2.833066463470459,2.9085395336151123,2.7432022094726562,2.8360230922698975,2.7949485778808594,2.9934298992156982,3.0261988639831543,2.9736239910125732,3.1637656688690186,3.0811421871185303,3.071526050567627,3.311289072036743,3.2501230239868164,3.4040112495422363
A3,0.6753560900688171,0.38332173228263855,0.0,0.38559213280677795,0.5701128840446472,0.9059951305389404,1.177416205406189,1.4246474504470825,1.4692109823226929,1.5957380533218384,1.3586591482162476,1.6988742351531982,1.8518345355987549,1.6133220195770264,1.8791041374206543,0.8756389617919922,0.8691409826278687,0.7423471212387085,0.7629896998405457,0.8535584807395935,1.0479604005813599,1.278064489364624,1.5278936624526978,1.5558552742004395,1.747361183166504,1.557965636253357,1.8105807304382324,2.0258231163024902,1.8473013639450073,2.103679895401001,1.450006365776062,1.4742602109909058,1.3858239650726318,1.3176301717758179,1.3786742687225342,1.4432162046432495,1.630514144897461,1.807053804397583,1.8299856185913086,2.0374345779418945,1.8998006582260132,2.0630481243133545,2.306786060333252,2.1770474910736084,2.4157443046569824,1.9998528957366943,1.998106598854065,2.0033135414123535,1.8676151037216187,1.9167243242263794,1.90596604347229,2.069653034210205,2.171663522720337,2.1847918033599854,2.39288067817688,2.3049747943878174,2.399280071258545,2.6648595333099365,2.5844438076019287,2.8131659030914307,2.628678321838379,2.5951223373413086,2.6312942504882812,2.4455506801605225,2.507948875427246,2.4501640796661377,2.6302030086517334,2.665090322494507,2.632033586502075,2.843921422958374,2.783054828643799,2.8003616333007812,3.066531181335449,3.026689291000366,3.2139267921447754
A4,0.7841097712516785,0.6259832382202148,0.38559213280677795,0.0,0.37414246797561646,0.5835316181182861,0.9225742816925049,1.113185167312622,1.1053657531738281,1.227699637413025,0.9905366897583008,1.3339805603027344,1.5243035554885864,1.3249636888504028,1.6304279565811157,0.8990495204925537,1.023260235786438,0.8525914549827576,0.6925250291824341,0.7883355617523193,0.8448784351348877,1.1022777557373047,1.2721261978149414,1.2433197498321533,1.4297926425933838,1.2568069696426392,1.482740879058838,1.7327393293380737,1.6018964052200317,1.8858481645584106,1.4644728899002075,1.5678797960281372,1.444933295249939,1.2794479131698608,1.3393572568893433,1.307324767112732,1.4999845027923584,1.597942590713501,1.5711339712142944,1.7669861316680908,1.6514322757720947,1.7766976356506348,2.044307231903076,1.9612081050872803,2.213331937789917,1.9884722232818604,2.0466299057006836,2.0241928100585938,1.824347972869873,1.874847173690796,1.7959991693496704,1.9602108001708984,1.9937613010406494,1.964005947113037,2.1564157009124756,2.0912299156188965,2.1471447944641113,2.426715850830078,2.3888533115386963,2.621026039123535,2.583897829055786,2.597547769546509,2.6144938468933105,2.383075475692749,2.449477195739746,2.341082811355591,2.523340940475464,2.50272536277771,2.434631586074829,2.630563735961914,2.58884334564209,2.570388078689575,2.8418149948120117,2.8364293575286865,3.012603759765625
A5,1.1235575675964355,0.8873778581619263,0.5701128840446472,0.37414246797561646,0.0,0.38540175557136536,0.6135928630828857,0.8684759140014648,0.9804750084877014,1.1839699745178223,1.0560575723648071,1.4381555318832397,1.6865650415420532,1.5564682483673096,1.9004303216934204,1.1924487352371216,1.2480257749557495,0.9828600287437439,0.7784468531608582,0.6835117340087891,0.6675550937652588,0.8102065920829773,1.0276908874511719,1.0976016521453857,1.3671562671661377,1.2864835262298584,1.561066746711731,1.863659381866455,1.790292501449585,2.1175622940063477,1.641845941543579,1.6987276077270508,1.4995746612548828,1.3014249801635742,1.2530114650726318,1.169777274131775,1.2727322578430176,1.3862336874008179,1.431505560874939,1.6947580575942993,1.6523010730743408,1.8262892961502075,2.1417315006256104,2.105395555496216,2.4011831283569336,2.11067795753479,2.134809970855713,2.047269105911255,1.8223134279251099,1.7959061861038208,1.6768808364868164,1.7708083391189575,1.8066221475601196,1.832675814628601,2.079176902770996,2.0735461711883545,2.1721742153167725,2.4933278560638428,2.4939231872558594,2.766263008117676,2.6609842777252197,2.6512229442596436,2.614838123321533,2.362694501876831,2.3696529865264893,2.2289695739746094,2.3580434322357178,2.3342175483703613,2.309372901916504,2.547308921813965,2.554797887802124,2.5704190731048584,2.8785178661346436,2.9098310470581055,3.1206705570220947
A6,1.333113431930542,1.1717559099197388,0.9059951305389404,0.5835316181182861,0.38540175557136536,0.0,0.38843217492103577,0.5397791862487793,0.6077747344970703,0.8596764802932739,0.7965863347053528,1.1654067039489746,1.4723259210586548,1.4154541492462158,1.7853169441223145,1.3728373050689697,1.5066713094711304,1.2445462942123413,0.9509037137031555,0.8623745441436768,0.6605473160743713,0.7694576382637024,0.8379945755004883,0.8420166969299316,1.1263033151626587,1.1088746786117554,1.3370444774627686,1.683587908744812,1.6817164421081543,2.0266239643096924,1.7920732498168945,1.9078973531723022,1.6936836242675781,1.426918864250183,1.3734564781188965,1.1854534149169922,1.2657301425933838,1.2664058208465576,1.2566648721694946,1.5106141567230225,1.5177091360092163,1.642472267150879,1.9846441745758057,2.010925054550171,2.3141934871673584,2.2195475101470947,2.294252634048462,2.1845881938934326,1.9082558155059814,1.878366470336914,1.688260793685913,1.7666294574737549,1.7168495655059814,1.6980197429656982,1.927506446838379,1.961529016494751,2.016162872314453,2.3514139652252197,2.4054224491119385,2.677686929702759,2.7220494747161865,2.7559778690338135,2.7000114917755127,2.4082393646240234,2.4138548374176025,2.21970534324646,2.3399744033813477,2.251410722732544,2.192143440246582,2.412487030029297,2.450319766998291,2.4276981353759766,2.740602970123291,2.814588785171509,3.0119807720184326
A7,1.665623426437378,1.4573179483413696,1.177416205406189,0.9225742816925049,0.6135928630828857,0.38843217492103577,0.0,0.3852323293685913,0.668793261051178,1.006980061531067,1.0732890367507935,1.4198081493377686,1.76108717918396,1.7569202184677124,2.1362338066101074,1.7288780212402344,1.818580985069275,1.5190696716308594,1.234674334526062,1.039231538772583,0.7925421595573425,0.6928703784942627,0.7600809931755066,0.8946124315261841,1.248313307762146,1.3357332944869995,1.5750997066497803,1.9497517347335815,1.9951941967010498,2.3580775260925293,2.092963218688965,2.1713833808898926,1.9135075807571411,1.6396424770355225,1.5006837844848633,1.2711124420166016,1.2297108173370361,1.2212592363357544,1.293430209159851,1.6041394472122192,1.6931281089782715,1.8462035655975342,2.2175803184509277,2.2858784198760986,2.613050699234009,2.4781839847564697,2.52398419380188,2.366487741470337,2.0785276889801025,1.9796770811080933,1.7529146671295166,1.744055151939392,1.683072566986084,1.724256157875061,2.000439167022705,2.10050368309021,2.186354160308838,2.5499520301818848,2.641050100326538,2.9391655921936035,2.9369356632232666,2.951097011566162,2.849709987640381,2.54459547996521,2.4924559593200684,2.2659571170806885,2.3213067054748535,2.2210195064544678,2.208278179168701,2.4654393196105957,2.5582571029663086,2.563631057739258,2.9040682315826416,3.0147764682769775,3.236319065093994
A8,1.8660327196121216,1.7099562883377075,1.4246474504470825,1.113185167312622,0.8684759140014648,0.5397791862487793,0.3852323293685913,0.0,0.3787042498588562,0.7084929943084717,0.8896991610527039,1.1971216201782227,1.5507696866989136,1.622324824333191,2.011857509613037,1.80718195438385,1.9398043155670166,1.6377211809158325,1.2979141473770142,1.12388014793396,0.7802795767784119,0.6910200715065002,0.5439027547836304,0.5952905416488647,0.9448841214179993,1.1095653772354126,1.3179124593734741,1.7106014490127563,1.8196778297424316,2.1955056190490723,2.0923736095428467,2.2135467529296875,1.9446790218353271,1.6215852499008179,1.489747166633606,1.1868646144866943,1.146908164024353,1.0177931785583496,1.0232486724853516,1.312375545501709,1.4500765800476074,1.5735877752304077,1.959313988685608,2.080928087234497,2.4176313877105713,2.416552782058716,2.503528356552124,2.3268072605133057,2.000619649887085,1.9066427946090698,1.6270709037780762,1.6195648908615112,1.4771106243133545,1.4657869338989258,1.7168890237808228,1.8498117923736572,1.9073902368545532,2.278648614883423,2.4133877754211426,2.7154860496520996,2.8148601055145264,2.8667588233947754,2.7487165927886963,2.4143359661102295,2.367067337036133,2.100738048553467,2.1587002277374268,2.0014774799346924,1.949998140335083,2.1839661598205566,2.2987163066864014,2.2780468463897705,2.620234489440918,2.7652485370635986,2.9814651012420654
A9,1.7934356927871704,1.7121162414550781,1.4692109823226929,1.1053657531738281,0.9804750084877014,0.6077747344970703,0.668793261051178,0.3787042498588562,0.0,0.38027262687683105,0.5751914381980896,0.8313806056976318,1.2019511461257935,1.3048206567764282,1.6877639293670654,1.7058316469192505,1.9080140590667725,1.6519358158111572,1.290874719619751,1.2205976247787476,0.8797464370727539,0.9387578368186951,0.7218210697174072,0.5371888875961304,0.7661795020103455,0.8946042060852051,1.0134565830230713,1.4087423086166382,1.5408458709716797,1.9003897905349731,2.0086357593536377,2.192172050476074,1.9632012844085693,1.6249343156814575,1.5729259252548218,1.2702125310897827,1.3253700733184814,1.1390022039413452,1.0096427202224731,1.201772928237915,1.298878788948059,1.3343883752822876,1.7036452293395996,1.8393346071243286,2.1495466232299805,2.335306167602539,2.4778242111206055,2.3365252017974854,2.0004115104675293,1.9710710048675537,1.6932241916656494,1.755575180053711,1.5713742971420288,1.4639570713043213,1.6383018493652344,1.7353618144989014,1.7176415920257568,2.063347816467285,2.205716609954834,2.475902557373047,2.7336392402648926,2.832183837890625,2.746436834335327,2.4061903953552246,2.4134535789489746,2.1493375301361084,2.260082721710205,2.0726535320281982,1.9501537084579468,2.124769926071167,2.2073917388916016,2.1254358291625977,2.437250852584839,2.579864978790283,2.7573275566101074
A10,1.8577622175216675,1.8312172889709473,1.5957380533218384,1.227699637413025,1.1839699745178223,0.8596764802932739,1.006980061531067,0.7084929943084717,0.38027262687683105,0.0,0.37390851974487305,0.5511608719825745,0.8828433156013489,1.0473573207855225,1.4261125326156616,1.6270283460617065,1.8654946088790894,1.6380987167358398,1.264570951461792,1.2646278142929077,0.9372202157974243,1.0873157978057861,0.8182213306427002,0.4718369245529175,0.48583829402923584,0.5936588644981384,0.6442571878433228,1.0431486368179321,1.2158766984939575,1.5777887105941772,1.8460534811019897,2.0759506225585938,1.869534969329834,1.515138864517212,1.5208755731582642,1.2165946960449219,1.3456916809082031,1.109850525856018,0.8617518544197083,0.9405657052993774,1.0025511980056763,0.97384113073349,1.335201621055603,1.4942574501037598,1.8001554012298584,2.121262311935425,2.310353994369507,2.183532476425171,1.8362764120101929,1.85580575466156,1.5775126218795776,1.6991381645202637,1.480121374130249,1.2861359119415283,1.3833849430084229,1.447204351425171,1.3764920234680176,1.7052403688430786,1.8585708141326904,2.1167521476745605,2.480529308319092,2.6197469234466553,2.549633741378784,2.2035202980041504,2.253206253051758,1.9913160800933838,2.1480023860931396,1.9386252164840698,1.7542164325714111,1.8737623691558838,1.9256017208099365,1.8020685911178589,2.09236216545105,2.2346510887145996,2.393829345703125
A11,1.5330829620361328,1.5524795055389404,1.3586591482162476,0.9905366897583008,1.0560575723648071,0.7965863347053528,1.0732890367507935,0.8896991610527039,0.5751914381980896,0.37390851974487305,0.0,0.3999984860420227,0.689154326915741,0.7370910048484802,1.1269690990447998,1.3082501888275146,1.5858505964279175,1.4107331037521362,1.0615683794021606,1.1620032787322998,0.9209074378013611,1.1801310777664185,1.0166982412338257,0.7012397050857544,0.6793156862258911,0.54995197057724,0.5865377187728882,0.9310446977615356,0.9998016953468323,1.3417428731918335,1.6096774339675903,1.8654179573059082,1.7116727828979492,1.3901296854019165,1.4741289615631104,1.2455918788909912,1.4574058055877686,1.301407814025879,1.058562159538269,1.105255126953125,1.0368291139602661,0.9885443449020386,1.2936148643493652,1.3655811548233032,1.6367213726043701,1.954694151878357,2.156473159790039,2.0867888927459717,1.772218942642212,1.852887511253357,1.6375718116760254,1.8235886096954346,1.6651684045791626,1.467924952507019,1.5413620471954346,1.5157877206802368,1.4300326108932495,1.7144893407821655,1.797289490699768,2.0213606357574463,2.3879737854003906,2.528223752975464,2.510498285293579,2.1946001052856445,2.293233871459961,2.0839405059814453,2.2890257835388184,2.1258249282836914,1.9338358640670776,2.035944938659668,2.0219216346740723,1.8890876770019531,2.14477276802063,2.2258553504943848,2.3598456382751465
A12,1.7564947605133057,1.841410756111145,1.6988742351531982,1.3339805603027344,1.4381555318832397,1.1654067039489746,1.4198081493377686,1.1971216201782227,0.8313806056976318,0.5511608719825745,0.3999984860420227,0.0,0.3993586301803589,0.6015454530715942,0.9349819421768188,1.5365747213363647,1.8592746257781982,1.7349276542663574,1.4046624898910522,1.5427643060684204,1.3061987161636353,1.553956389427185,1.3384370803833008,0.9795354604721069,0.8350551724433899,0.7175882458686829,0.48997870087623596,0.7661197781562805,0.9140787124633789,1.1927704811096191,1.811173439025879,2.1139075756073,1.99797523021698,1.6810939311981201,1.802091121673584,1.570245385169983,1.789059042930603,1.5811129808425903,1.2782307863235474,1.2198302745819092,1.1417326927185059,0.945405125617981,1.1822762489318848,1.3009060621261597,1.5097463130950928,2.1125900745391846,2.365828275680542,2.3205044269561768,2.0052499771118164,2.122091770172119,1.9007693529129028,2.102963447570801,1.8985530138015747,1.6394102573394775,1.6279507875442505,1.588702917098999,1.40185546875,1.6286864280700684,1.741780161857605,1.909201979637146,2.4977173805236816,2.6889028549194336,2.69032621383667,2.372169256210327,2.504603385925293,2.287949800491333,2.5106446743011475,2.308821201324463,2.0638368129730225,2.0987281799316406,2.070709705352783,1.8654507398605347,2.0705726146698,2.165529489517212,2.240346670150757
A13,1.8300440311431885,1.9681223630905151,1.8518345355987549,1.5243035554885864,1.6865650415420532,1.4723259210586548,1.76108717918396,1.5507696866989136,1.2019511461257935,0.8828433156013489,0.689154326915741,0.3993586301803589,0.0,0.3761281669139862,0.6229913234710693,1.4896498918533325,1.8352168798446655,1.7710626125335693,1.4800587892532349,1.6854313611984253,1.5075198411941528,1.8036874532699585,1.6050126552581787,1.2368742227554321,0.9995849132537842,0.7816458344459534,0.4522686302661896,0.48250773549079895,0.6013755798339844,0.8162606954574585,1.6818461418151855,2.0257620811462402,1.9650810956954956,1.6772230863571167,1.8667693138122559,1.684137225151062,1.958391785621643,1.7638297080993652,1.4278794527053833,1.2765004634857178,1.1043404340744019,0.8264051079750061,0.9339630603790283,1.0087867975234985,1.1520665884017944,1.9379090070724487,2.235738515853882,2.2355189323425293,1.9460082054138184,2.1265065670013428,1.9476745128631592,2.205441474914551,2.013775110244751,1.7130746841430664,1.6240562200546265,1.5055484771728516,1.2597142457962036,1.4011025428771973,1.4724022150039673,1.5826382637023926,2.2982563972473145,2.5272648334503174,2.570896625518799,2.2769224643707275,2.4657106399536133,2.286431074142456,2.5564210414886475,2.367633581161499,2.084348678588867,2.0586156845092773,1.9662375450134277,1.7218483686447144,1.8635307550430298,1.914121150970459,1.9419606924057007
A14,1.5114021301269531,1.6862596273422241,1.6133220195770264,1.3249636888504028,1.5564682483673096,1.4154541492462158,1.7569202184677124,1.622324824333191,1.3048206567764282,1.0473573207855225,0.7370910048484802,0.6015454530715942,0.3761281669139862,0.0,0.3937309682369232,1.1783734560012817,1.5469088554382324,1.5393352508544922,1.300459384918213,1.5682859420776367,1.4678850173950195,1.809637188911438,1.688403606414795,1.3587324619293213,1.1790771484375,0.8769587278366089,0.6901798844337463,0.6792857050895691,0.5591068267822266,0.7257941365242004,1.4595288038253784,1.8083809614181519,1.7968202829360962,1.557228684425354,1.793108344078064,1.6779903173446655,1.989076852798462,1.8653764724731445,1.5684192180633545,1.4604817628860474,1.2271084785461426,1.0303066968917847,1.1068038940429688,1.0485590696334839,1.1572349071502686,1.7984905242919922,2.0838794708251953,2.1331021785736084,1.8852448463439941,2.097942352294922,1.975684642791748,2.262340784072876,2.132258892059326,1.8662508726119995,1.8095635175704956,1.643191933631897,1.4485911130905151,1.572493553161621,1.554782509803772,1.6469742059707642,2.246490955352783,2.450629949569702,2.535740613937378,2.276871681213379,2.487523317337036,2.355710029602051,2.646526575088501,2.5089468955993652,2.2517049312591553,2.2498631477355957,2.120584487915039,1.9126371145248413,2.0464894771575928,2.033076286315918,2.0628159046173096
A15,1.655458688735962,1.892731785774231,1.8791041374206543,1.6304279565811157,1.9004303216934204,1.7853169441223145,2.1362338066101074,2.011857509613037,1.6877639293670654,1.4261125326156616,1.1269690990447998,0.9349819421768188,0.6229913234710693,0.3937309682369232,0.0,1.3341929912567139,1.713428258895874,1.781144142150879,1.5991029739379883,1.9027738571166992,1.8392122983932495,2.1922624111175537,2.077772378921509,1.7447855472564697,1.5378005504608154,1.2300328016281128,1.0023086071014404,0.8481839895248413,0.6692246198654175,0.5894791483879089,1.5884391069412231,1.9589474201202393,2.0135724544525146,1.8202365636825562,2.0974249839782715,2.0189599990844727,2.348973035812378,2.231294631958008,1.9229885339736938,1.7727209329605103,1.508744716644287,1.2682609558105469,1.2252715826034546,1.1123329401016235,1.0800400972366333,1.8999518156051636,2.2144222259521484,2.3182432651519775,2.1092545986175537,2.365499973297119,2.2779788970947266,2.5899109840393066,2.466341495513916,2.181096315383911,2.0777041912078857,1.8701133728027344,1.6339865922927856,1.6667609214782715,1.6036028861999512,1.6004011631011963,2.3297505378723145,2.5623137950897217,2.694504499435425,2.4686734676361084,2.721025228500366,2.6206932067871094,2.936828136444092,2.8060858249664307,2.52689790725708,2.4803740978240967,2.3099513053894043,2.070044755935669,2.1341676712036133,2.076843500137329,2.037503719329834
B1,0.8644616007804871,0.9452170133590698,0.8756389617919922,0.8990495204925537,1.1924487352371216,1.3728373050689697,1.7288780212402344,1.80718195438385,1.7058316469192505,1.6270283460617065,1.3082501888275146,1.5365747213363647,1.4896498918533325,1.1783734560012817,1.3341929912567139,0.0,0.3894009590148926,0.5678265690803528,0.6637665629386902,1.0299509763717651,1.246899962425232,1.6192690134048462,1.7592557668685913,1.643394112586975,1.6434977054595947,1.3148795366287231,1.5017317533493042,1.5458877086639404,1.2479569911956787,1.4120213985443115,0.734633207321167,0.9195639491081238,1.0082067251205444,0.9963057041168213,1.2837516069412231,1.4228122234344482,1.7641409635543823,1.8882852792739868,1.7837282419204712,1.8333507776260376,1.5559426546096802,1.6629092693328857,1.772292971611023,1.532339096069336,1.69420325756073,1.3237849473953247,1.4250980615615845,1.5544089078903198,1.465739130973816,1.6832177639007568,1.7491061687469482,2.0527191162109375,2.1385960578918457,2.041403293609619,2.1223104000091553,1.908470630645752,1.950345516204834,2.110982894897461,1.9380367994308472,2.100008726119995,1.9856927394866943,2.0174686908721924,2.1524977684020996,2.009690046310425,2.1998867988586426,2.2100729942321777,2.4997880458831787,2.5390467643737793,2.4188175201416016,2.531452178955078,2.3640425205230713,2.3395371437072754,2.521732807159424,2.3990204334259033,2.5375163555145264
B2,1.0055640935897827,0.9779847860336304,0.8691409826278687,1.023260235786438,1.2480257749557495,1.5066713094711304,1.818580985069275,1.9398043155670166,1.9080140590667725,1.8654946088790894,1.5858505964279175,1.8592746257781982,1.8352168798446655,1.5469088554382324,1.713428258895874,0.3894009590148926,0.0,0.3776950538158417,0.6841640472412109,0.9795453548431396,1.2906752824783325,1.6240360736846924,1.8340919017791748,1.792769432067871,1.8332334756851196,1.5361894369125366,1.7854713201522827,1.8432490825653076,1.5541638135910034,1.7304726839065552,0.6983267664909363,0.7038123607635498,0.808091938495636,0.919430673122406,1.1741032600402832,1.402797818183899,1.7198293209075928,1.9199674129486084,1.8847203254699707,1.97408127784729,1.7129968404769897,1.892175555229187,2.0123941898345947,1.7629605531692505,1.946374773979187,1.2716913223266602,1.2654014825820923,1.3964120149612427,1.377097487449646,1.5653777122497559,1.6968103647232056,1.9824711084365845,2.138914108276367,2.1037960052490234,2.223210573196411,2.0149292945861816,2.126253843307495,2.298396348953247,2.1060218811035156,2.2945992946624756,1.9446723461151123,1.9029127359390259,2.0331647396087646,1.9346414804458618,2.096622943878174,2.1533682346343994,2.4250376224517822,2.5229499340057373,2.455047369003296,2.6016664505004883,2.436460256576538,2.472625970840454,2.6703484058380127,2.5323898792266846,2.7083888053894043
B3,1.1184558868408203,0.9923168420791626,0.7423471212387085,0.8525914549827576,0.9828600287437439,1.2445462942123413,1.5190696716308594,1.6377211809158325,1.6519358158111572,1.6380987167358398,1.4107331037521362,1.7349276542663574,1.7710626125335693,1.5393352508544922,1.781144142150879,0.5678265690803528,0.3776950538158417,0.0,0.37924593687057495,0.6099509000778198,0.9466399550437927,1.2600196599960327,1.4927887916564941,1.497027039527893,1.5825358629226685,1.334864616394043,1.6427088975906372,1.7656985521316528,1.5371474027633667,1.790165901184082,0.7718580961227417,0.7445868849754333,0.6566060781478882,0.6734359860420227,0.8501697182655334,1.0631271600723267,1.3567274808883667,1.5761175155639648,1.5817677974700928,1.7212344408035278,1.5087254047393799,1.73982834815979,1.9228166341781616,1.729290246963501,1.979943871498108,1.2849169969558716,1.2561120986938477,1.2802400588989258,1.1936373710632324,1.3098089694976807,1.4004597663879395,1.6521602869033813,1.8132812976837158,1.8136200904846191,1.9801121950149536,1.819817304611206,1.9713425636291504,2.1984665393829346,2.0553476810455322,2.299064874649048,1.9156814813613892,1.8607186079025269,1.9198265075683594,1.773560881614685,1.8796197175979614,1.8952741622924805,2.1337971687316895,2.225153923034668,2.185238838195801,2.37099552154541,2.2498879432678223,2.313276529312134,2.556786298751831,2.4647412300109863,2.680351734161377
B4,1.1845697164535522,1.069148302078247,0.7629896998405457,0.6925250291824341,0.7784468531608582,0.9509037137031555,1.234674334526062,1.2979141473770142,1.290874719619751,1.264570951461792,1.0615683794021606,1.4046624898910522,1.4800587892532349,1.300459384918213,1.5991029739379883,0.6637665629386902,0.6841640472412109,0.37924593687057495,0.0,0.3776715099811554,0.6140176653862,0.9741833209991455,1.1513675451278687,1.1228309869766235,1.2135579586029053,0.9844609498977661,1.3105990886688232,1.4854867458343506,1.315470814704895,1.6252708435058594,0.8753520846366882,0.9572232365608215,0.7789949178695679,0.5903221368789673,0.7265511751174927,0.8059509992599487,1.1142055988311768,1.2688149213790894,1.2404253482818604,1.3907380104064941,1.2072954177856445,1.4332534074783325,1.6655479669570923,1.5320281982421875,1.8233258724212646,1.3356069326400757,1.3768874406814575,1.333850622177124,1.1395207643508911,1.227487564086914,1.2154980897903442,1.458820104598999,1.5517773628234863,1.5210654735565186,1.693899154663086,1.569650650024414,1.7011075019836426,1.9664257764816284,1.8803071975708008,2.1487512588500977,1.914543628692627,1.909820795059204,1.924128532409668,1.708115577697754,1.7978949546813965,1.7394423484802246,1.9693936109542847,2.000501871109009,1.9342900514602661,2.1217620372772217,2.0341386795043945,2.0712311267852783,2.339690923690796,2.296525478363037,2.515714645385742
B5,1.4215904474258423,1.2228338718414307,0.8535584807395935,0.7883355617523193,0.6835117340087891,0.8623745441436768,1.039231538772583,1.12388014793396,1.2205976247787476,1.2646278142929077,1.1620032787322998,1.5427643060684204,1.6854313611984253,1.5682859420776367,1.9027738571166992,1.0299509763717651,0.9795453548431396,0.6099509000778198,0.3776715099811554,0.0,0.3829813301563263,0.652225136756897,0.9123659133911133,1.0051167011260986,1.1883443593978882,1.0707367658615112,1.443709135055542,1.6789586544036865,1.5767390727996826,1.9222725629806519,1.1590628623962402,1.1592025756835938,0.8802800178527832,0.6606695055961609,0.5750066041946411,0.5992319583892822,0.8119151592254639,1.0289466381072998,1.105680227279663,1.3462344408035278,1.256347894668579,1.5411287546157837,1.8273597955703735,1.7515761852264404,2.0826611518859863,1.5284839868545532,1.5129328966140747,1.3804686069488525,1.1590123176574707,1.1240562200546265,1.0633058547973633,1.2190829515457153,1.3386977910995483,1.390458583831787,1.6390448808670044,1.5894726514816284,1.777838110923767,2.0907256603240967,2.050516128540039,2.360125780105591,2.0391182899475098,1.9973220825195312,1.9419485330581665,1.7036992311477661,1.7096706628799438,1.6142945289611816,1.7784247398376465,1.8181614875793457,1.8128937482833862,2.0583372116088867,2.0303192138671875,2.1140966415405273,2.425581932067871,2.4245879650115967,2.6821324825286865
B6,1.5813852548599243,1.407107949256897,1.0479604005813599,0.8448784351348877,0.6675550937652588,0.6605473160743713,0.7925421595573425,0.7802795767784119,0.8797464370727539,0.9372202157974243,0.9209074378013611,1.3061987161636353,1.5075198411941528,1.4678850173950195,1.8392122983932495,1.246899962425232,1.2906752824783325,0.9466399550437927,0.6140176653862,0.3829813301563263,0.0,0.3930310606956482,0.5492192506790161,0.6364235877990723,0.8775007724761963,0.8515068292617798,1.2219862937927246,1.5206999778747559,1.5028399229049683,1.882130742073059,1.389413833618164,1.457829475402832,1.1691861152648926,0.8614539504051208,0.7371516227722168,0.528827428817749,0.6762350797653198,0.7631934285163879,0.8124567866325378,1.0946235656738281,1.0852338075637817,1.3480346202850342,1.6868757009506226,1.690164566040039,2.044377326965332,1.7083770036697388,1.748651146888733,1.5801275968551636,1.2876816987991333,1.221744418144226,1.0372755527496338,1.1448150873184204,1.155543565750122,1.1762334108352661,1.439923882484436,1.456935167312622,1.614998698234558,1.9645676612854004,1.9938445091247559,2.3167858123779297,2.15377140045166,2.15859317779541,2.067150115966797,1.7738478183746338,1.758450984954834,1.5805282592773438,1.7164411544799805,1.6757616996765137,1.6446641683578491,1.8925340175628662,1.91550874710083,1.9679280519485474,2.3020150661468506,2.358550786972046,2.6126201152801514
B7,1.8698374032974243,1.6471505165100098,1.278064489364624,1.1022777557373047,0.8102065920829773,0.7694576382637024,0.6928703784942627,0.6910200715065002,0.9387578368186951,1.0873157978057861,1.1801310777664185,1.553956389427185,1.8036874532699585,1.809637188911438,2.1922624111175537,1.6192690134048462,1.6240360736846924,1.2600196599960327,0.9741833209991455,0.652225136756897,0.3930310606956482,0.0,0.3923850655555725,0.7014546394348145,1.029497504234314,1.1295989751815796,1.4863226413726807,1.8166685104370117,1.8489819765090942,2.2387447357177734,1.7387218475341797,1.7598021030426025,1.4344980716705322,1.146289587020874,0.9056626558303833,0.650425374507904,0.5427647829055786,0.6484310626983643,0.8506296277046204,1.2107183933258057,1.3088245391845703,1.5896960496902466,1.9553444385528564,2.0056755542755127,2.3762712478637695,2.008121967315674,2.00948429107666,1.7875173091888428,1.4937537908554077,1.3299543857574463,1.098150610923767,1.0640777349472046,1.071053147315979,1.191745400428772,1.521519660949707,1.6239159107208252,1.8168426752090454,2.193415403366089,2.264392852783203,2.6096763610839844,2.394268035888672,2.372016429901123,2.2255876064300537,1.9225165843963623,1.8278266191482544,1.6098662614822388,1.654011845588684,1.6051969528198242,1.6437163352966309,1.94281804561615,2.0345308780670166,2.123453140258789,2.486565113067627,2.5840566158294678,2.8624911308288574
B8,2.0437533855438232,1.8737380504608154,1.5278936624526978,1.2721261978149414,1.0276908874511719,0.8379945755004883,0.7600809931755066,0.5439027547836304,0.7218210697174072,0.8182213306427002,1.0166982412338257,1.3384370803833008,1.6050126552581787,1.688403606414795,2.077772378921509,1.7592557668685913,1.8340919017791748,1.4927887916564941,1.1513675451278687,0.9123659133911133,0.5492192506790161,0.3923850655555725,0.0,0.38453197479248047,0.7310160398483276,0.9391975402832031,1.2516096830368042,1.6066325902938843,1.7140699625015259,2.1132404804229736,1.8505845069885254,1.9366209506988525,1.6212903261184692,1.2801729440689087,1.083478569984436,0.7301180362701416,0.6394385099411011,0.4774755835533142,0.5766106247901917,0.9383255839347839,1.1138938665390015,1.3499712944030762,1.7385008335113525,1.8568974733352661,2.2329461574554443,2.0706660747528076,2.1327240467071533,1.9033044576644897,1.5630922317504883,1.420782446861267,1.1119117736816406,1.080262541770935,0.9409811496734619,0.9766828417778015,1.2822673320770264,1.436838984489441,1.583770513534546,1.9745445251464844,2.1040518283843994,2.448772668838501,2.3957839012145996,2.427976369857788,2.2694687843322754,1.9275190830230713,1.8460147380828857,1.5683306455612183,1.6152132749557495,1.4738231897354126,1.4525915384292603,1.7237755060195923,1.8495975732803345,1.8950198888778687,2.262996196746826,2.407064199447632,2.6721420288085938
B9,1.9672001600265503,1.8651387691497803,1.5558552742004395,1.2433197498321533,1.0976016521453857,0.8420166969299316,0.8946124315261841,0.5952905416488647,0.5371888875961304,0.4718369245529175,0.7012397050857544,0.9795354604721069,1.2368742227554321,1.3587324619293213,1.7447855472564697,1.643394112586975,1.792769432067871,1.497027039527893,1.1228309869766235,1.0051167011260986,0.6364235877990723,0.7014546394348145,0.38453197479248047,0.0,0.3800494968891144,0.6128577589988708,0.8787094354629517,1.248237133026123,1.3896280527114868,1.7857309579849243,1.7463386058807373,1.9064733982086182,1.6347012519836426,1.2681982517242432,1.176766276359558,0.8252808451652527,0.8885188698768616,0.6452011466026306,0.4758935868740082,0.7219334244728088,0.8672752380371094,1.0224310159683228,1.4165129661560059,1.5599406957626343,1.9222242832183838,1.9676718711853027,2.0976402759552,1.9082026481628418,1.5502744913101196,1.4923851490020752,1.1841384172439575,1.2523940801620483,1.0499130487442017,0.934080183506012,1.1406426429748535,1.258116602897644,1.3194458484649658,1.6986923217773438,1.844246745109558,2.1646900177001953,2.292813777923584,2.38230562210083,2.260423421859741,1.9067851305007935,1.8941220045089722,1.6161818504333496,1.7319666147232056,1.546563982963562,1.4265497922897339,1.6238574981689453,1.7140299081802368,1.6850591897964478,2.0287704467773438,2.1758675575256348,2.4044785499572754
B10,2.074831962585449,2.0308995246887207,1.747361183166504,1.4297926425933838,1.3671562671661377,1.1263033151626587,1.248313307762146,0.9448841214179993,0.7661795020103455,0.48583829402923584,0.6793156862258911,0.8350551724433899,0.9995849132537842,1.1790771484375,1.5378005504608154,1.6434977054595947,1.8332334756851196,1.5825358629226685,1.2135579586029053,1.1883443593978882,0.8775007724761963,1.029497504234314,0.7310160398483276,0.3800494968891144,0.0,0.37549200654029846,0.5773203372955322,0.917141318321228,1.111384630203247,1.5017446279525757,1.659250020980835,1.8735289573669434,1.6376574039459229,1.2640175819396973,1.2527977228164673,0.9266675114631653,1.0780158042907715,0.7961412668228149,0.45186322927474976,0.45695438981056213,0.5703072547912598,0.6531336903572083,1.0506315231323242,1.2340270280838013,1.594103455543518,1.8142551183700562,2.002760171890259,1.8346936702728271,1.4668474197387695,1.4753845930099487,1.1740696430206299,1.317953109741211,1.0711532831192017,0.8228307962417603,0.9024950265884399,0.9793725609779358,0.9676499962806702,1.3374251127243042,1.506005883216858,1.8162349462509155,2.0855607986450195,2.22856068611145,2.126509189605713,1.765136957168579,1.8082505464553833,1.5330228805541992,1.7064006328582764,1.4888702630996704,1.280425786972046,1.397466778755188,1.4499812126159668,1.361818552017212,1.6843515634536743,1.8378961086273193,2.0462117195129395
B11,1.8137558698654175,1.8117550611495972,1.557965636253357,1.2568069696426392,1.2864835262298584,1.1088746786117554,1.3357332944869995,1.1095653772354126,0.8946042060852051,0.5936588644981384,0.54995197057724,0.7175882458686829,0.7816458344459534,0.8769587278366089,1.2300328016281128,1.3148795366287231,1.5361894369125366,1.334864616394043,0.9844609498977661,1.0707367658615112,0.8515068292617798,1.1295989751815796,0.9391975402832031,0.6128577589988708,0.37549200654029846,0.0,0.4003658890724182,0.6873180866241455,0.7828752994537354,1.1822688579559326,1.3422057628631592,1.5974130630493164,1.4143999814987183,1.0610325336456299,1.1564584970474243,0.9205185174942017,1.1877373456954956,1.0088480710983276,0.6950697302818298,0.634003758430481,0.48932743072509766,0.541137158870697,0.8868290781974792,0.9717406630516052,1.320440649986267,1.547615647315979,1.7654616832733154,1.6585500240325928,1.3177990913391113,1.413953423500061,1.1921440362930298,1.4289214611053467,1.261362910270691,1.0093796253204346,1.0364199876785278,0.9708712100982666,0.9289318323135376,1.2449324131011963,1.3283648490905762,1.6116034984588623,1.8946317434310913,2.049349784851074,2.0083274841308594,1.6776105165481567,1.7902854681015015,1.582350492477417,1.823222279548645,1.6638628244400024,1.4415301084518433,1.523148536682129,1.4817441701889038,1.3753352165222168,1.6519675254821777,1.7303814888000488,1.9135172367095947
B12,1.9480394124984741,2.009373664855957,1.8105807304382324,1.482740879058838,1.561066746711731,1.3370444774627686,1.5750997066497803,1.3179124593734741,1.0134565830230713,0.6442571878433228,0.5865377187728882,0.48997870087623596,0.4522686302661896,0.6901798844337463,1.0023086071014404,1.5017317533493042,1.7854713201522827,1.6427088975906372,1.3105990886688232,1.443709135055542,1.2219862937927246,1.4863226413726807,1.2516096830368042,0.8787094354629517,0.5773203372955322,0.4003658890724182,0.0,0.4000340402126312,0.6365823149681091,0.9893903732299805,1.5674039125442505,1.8741329908370972,1.7434216737747192,1.411880612373352,1.5458682775497437,1.3173842430114746,1.569752812385559,1.3448320627212524,0.991529643535614,0.8251296281814575,0.6900218725204468,0.4574093222618103,0.7310401797294617,0.8883233070373535,1.1680599451065063,1.7541592121124268,2.02630352973938,1.9584814310073853,1.630748987197876,1.7650521993637085,1.5457452535629272,1.7832227945327759,1.5698491334915161,1.2629241943359375,1.190070629119873,1.1121430397033691,0.91643887758255,1.1597535610198975,1.2840765714645386,1.4973995685577393,2.0613105297088623,2.2716760635375977,2.2591710090637207,1.9337842464447021,2.0830442905426025,1.8711425065994263,2.122069835662842,1.9205431938171387,1.6439282894134521,1.645856499671936,1.5895745754241943,1.3848707675933838,1.59878671169281,1.694236397743225,1.8034083843231201
B13,2.0818839073181152,2.192121744155884,2.0258231163024902,1.7327393293380737,1.863659381866455,1.683587908744812,1.9497517347335815,1.7106014490127563,1.4087423086166382,1.0431486368179321,0.9310446977615356,0.7661197781562805,0.48250773549079895,0.6792857050895691,0.8481839895248413,1.5458877086639404,1.8432490825653076,1.7656985521316528,1.4854867458343506,1.6789586544036865,1.5206999778747559,1.8166685104370117,1.6066325902938843,1.248237133026123,0.917141318321228,0.6873180866241455,0.4000340402126312,0.0,0.37890899181365967,0.6562358736991882,1.5134977102279663,1.8585885763168335,1.7914464473724365,1.5031989812850952,1.705381155014038,1.5383528470993042,1.832748532295227,1.629810094833374,1.268633246421814,1.0162034034729004,0.7821876406669617,0.4451937973499298,0.45347508788108826,0.5736821889877319,0.7882653474807739,1.629595398902893,1.9530036449432373,1.9364522695541382,1.6451880931854248,1.8488796949386597,1.6834909915924072,1.9712554216384888,1.7763780355453491,1.4375189542770386,1.2712583541870117,1.0958666801452637,0.8146200776100159,0.9234521985054016,0.9989842176437378,1.144235610961914,1.8899816274642944,2.1489195823669434,2.1843621730804443,1.8905619382858276,2.1040921211242676,1.9381883144378662,2.2357661724090576,2.050161361694336,1.7355084419250488,1.6594810485839844,1.524767518043518,1.2665261030197144,1.3914289474487305,1.4334300756454468,1.4835853576660156
