,A1,A2,A3,A4,A5,A6,A7,A8,A9,A10,A11,A12,A13,A14,A15,B1,B2,B3,B4,B5,B6,B7,B8,B9,B10,B11,B12,B13,B14,B15,C1,C2,C3,C4,C5,C6,C7,C8,C9,C10,C11,C12,C13,C14,C15,D1,D2,D3,D4,D5,D6,D7,D8,D9,D10,D11,D12,D13,D14,D15,E1,E2,E3,E4,E5,E6,E7,E8,E9,E10,E11,E12,E13,E14,E15
A1,0.0,0.4001415967941284,0.6351038217544556,0.9211403727531433,1.2176448106765747,1.4890965223312378,1.8106119632720947,2.068021059036255,2.244474411010742,2.460296392440796,2.2926828861236572,2.6261255741119385,2.7413361072540283,2.440108060836792,2.6437666416168213,1.6078156232833862,1.436410665512085,1.3708975315093994,1.5028533935546875,1.4499142169952393,1.681146264076233,1.7835123538970947,2.1270272731781006,2.274895668029785,2.601924180984497,2.513903856277466,2.7860305309295654,3.022150993347168,2.8437657356262207,3.075737237930298,2.4171857833862305,2.1523334980010986,2.0870630741119385,2.057439088821411,1.9891330003738403,2.067014694213867,2.1430106163024902,2.4041409492492676,2.5471997261047363,2.890256881713867,2.869380235671997,3.0719964504241943,3.3655526638031006,3.273637294769287,3.492577314376831,3.104982376098633,2.801867723464966,2.7687578201293945,2.648597240447998,2.5931084156036377,2.573328971862793,2.644602060317993,2.8104634284973145,2.926043748855591,3.2555837631225586,3.317293643951416,3.4455149173736572,3.788809299468994,3.8023784160614014,4.038726806640625,3.929445505142212,3.53955340385437,3.575141668319702,3.332399368286133,3.3169493675231934,3.198765277862549,3.3146746158599854,3.3558456897735596,3.434792995452881,3.7550835609436035,3.924088954925537,3.8904531002044678,4.250396251678467,4.414382457733154,4.588101863861084
A2,0.4001415967941284,0.0,0.3885069787502289,0.5929241180419922,0.9086658358573914,1.161042332649231,1.467175006866455,1.7570297718048096,1.9210338592529297,2.1667890548706055,2.0099270343780518,2.3413853645324707,2.4964334964752197,2.223365545272827,2.4459352493286133,1.6464710235595703,1.401880145072937,1.3747406005859375,1.4057079553604126,1.3534244298934937,1.5019468069076538,1.5896486043930054,1.9120627641677856,2.0346758365631104,2.3720529079437256,2.3059022426605225,2.5553431510925293,2.8219563961029053,2.6835076808929443,2.9232895374298096,2.472311019897461,2.1675353050231934,2.125974178314209,2.028926134109497,1.9678252935409546,1.973702073097229,2.0369315147399902,2.25042462348938,2.3637266159057617,2.7003700733184814,2.7012996673583984,2.8743176460266113,3.1863317489624023,3.1339309215545654,3.3535332679748535,3.1411287784576416,2.8137123584747314,2.7998812198638916,2.632554531097412,2.589489221572876,2.5165836811065674,2.58254337310791,2.6975810527801514,2.7792739868164062,3.091830253601074,3.1729049682617188,3.269724130630493,3.6215949058532715,3.669297933578491,3.8997416496276855,3.9152512550354004,3.5309202671051025,3.579697608947754,3.307432174682617,3.3094635009765625,3.153475046157837,3.2705607414245605,3.2664148807525635,3.307910680770874,3.6052026748657227,3.783568859100342,3.720041275024414,4.07248592376709,4.25907039642334,4.4146294593811035
A3,0.6351038217544556,0.3885069787502289,0.0,0.3892227113246918,0.590007483959198,0.9053237438201904,1.197069764137268,1.4589312076568604,1.672613501548767,1.9225478172302246,1.817065715789795,2.1766011714935303,2.353808879852295,2.1151411533355713,2.3871235847473145,1.646649718284607,1.34270441532135,1.240090250968933,1.2050902843475342,1.0695799589157104,1.1911506652832031,1.2283403873443604,1.565606951713562,1.7294436693191528,2.084374189376831,2.059499740600586,2.3396713733673096,2.6274566650390625,2.516040325164795,2.7932541370391846,2.3608219623565674,2.022508144378662,1.9371815919876099,1.7947102785110474,1.6862751245498657,1.65586256980896,1.679807424545288,1.8954728841781616,2.035470724105835,2.3880465030670166,2.4222404956817627,2.6212189197540283,2.952603340148926,2.921811819076538,3.1735143661499023,2.97017765045166,2.618419647216797,2.5739247798919678,2.373760223388672,2.2999303340911865,2.1961867809295654,2.233226776123047,2.3416590690612793,2.438812494277954,2.7626755237579346,2.869366407394409,2.985783100128174,3.3507964611053467,3.4160008430480957,3.6696462631225586,3.6758434772491455,3.288804054260254,3.3136653900146484,3.02245831489563,3.005539655685425,2.8273377418518066,2.924546957015991,2.9104413986206055,2.956977605819702,3.258549451828003,3.4549481868743896,3.4050846099853516,3.7657182216644287,3.9659314155578613,4.1366448402404785
A4,0.9211403727531433,0.5929241180419922,0.3892227113246918,0.0,0.391889750957489,0.5729568004608154,0.908423662185669,1.1727579832077026,1.3328707218170166,1.5820963382720947,1.4563809633255005,1.8065540790557861,1.998461365699768,1.775084376335144,2.0539238452911377,1.547167420387268,1.2005959749221802,1.1694871187210083,1.040347695350647,0.9710131287574768,0.9984436631202698,1.0870857238769531,1.369051218032837,1.4621291160583496,1.8045145273208618,1.767941951751709,2.014866828918457,2.3133668899536133,2.2249319553375244,2.4957025051116943,2.2662758827209473,1.9095607995986938,1.8768432140350342,1.6873557567596436,1.6315439939498901,1.5458557605743408,1.6069917678833008,1.755798101425171,1.8294700384140015,2.1553611755371094,2.1793484687805176,2.33613657951355,2.668483018875122,2.659602403640747,2.8968122005462646,2.8626885414123535,2.504364490509033,2.5023903846740723,2.2752554416656494,2.2470221519470215,2.1122634410858154,2.1825737953186035,2.2354183197021484,2.2733559608459473,2.564396619796753,2.6613080501556396,2.7348389625549316,3.094865083694458,3.1764111518859863,3.4106147289276123,3.540268659591675,3.1664867401123047,3.224163293838501,2.9196484088897705,2.943636417388916,2.7479183673858643,2.8738632202148438,2.8196957111358643,2.8174455165863037,3.088824510574341,3.269543170928955,3.1816864013671875,3.5273711681365967,3.7322044372558594,3.8773345947265625
A5,1.2176448106765747,0.9086658358573914,0.590007483959198,0.391889750957489,0.0,0.38567033410072327,0.6176294684410095,0.8803325891494751,1.1247901916503906,1.4112037420272827,1.3809442520141602,1.7513153553009033,1.9918437004089355,1.8348935842514038,2.1607823371887207,1.7939379215240479,1.4168356657028198,1.3241891860961914,1.1131513118743896,0.9416099190711975,0.8580220341682434,0.8179585337638855,1.0957444906234741,1.2423220872879028,1.6148840188980103,1.6589850187301636,1.9251203536987305,2.2605974674224854,2.2272965908050537,2.5347185134887695,2.3855316638946533,2.0029098987579346,1.926819920539856,1.6797049045562744,1.564873456954956,1.403458595275879,1.3850631713867188,1.5045995712280273,1.6053498983383179,1.9469019174575806,2.034449815750122,2.207693338394165,2.5692570209503174,2.606057643890381,2.876481294631958,2.901218891143799,2.5199949741363525,2.4843783378601074,2.2131035327911377,2.1453897953033447,1.9549167156219482,1.9718691110610962,1.9928897619247437,2.0413074493408203,2.3378541469573975,2.4831485748291016,2.5683388710021973,2.946253538131714,3.0650904178619385,3.322946548461914,3.478149890899658,3.107529401779175,3.135852336883545,2.804649829864502,2.804204225540161,2.5696616172790527,2.659984827041626,2.5767037868499756,2.569279432296753,2.8349449634552,3.048046588897705,2.9675867557525635,3.318981170654297,3.5525314807891846,3.7088463306427
A6,1.4890965223312378,1.161042332649231,0.9053237438201904,0.5729568004608154,0.38567033410072327,0.0,0.3861328959465027,0.6130307912826538,0.7713712453842163,1.057119607925415,1.0133734941482544,1.375670313835144,1.6366945505142212,1.5115679502487183,1.8473541736602783,1.7486876249313354,1.357187032699585,1.3322505950927734,1.0438076257705688,0.960466206073761,0.7611740231513977,0.7960912585258484,0.9571216702461243,0.9898456335067749,1.33753502368927,1.3703348636627197,1.5938009023666382,1.9412736892700195,1.93917715549469,2.2387664318084717,2.3080670833587646,1.9199687242507935,1.8986135721206665,1.6146920919418335,1.5633869171142578,1.3529611825942993,1.3849010467529297,1.4163295030593872,1.4254209995269775,1.7238935232162476,1.796573519706726,1.917760968208313,2.277669906616211,2.3396987915039062,2.5930745601654053,2.7957425117492676,2.416033983230591,2.4255001544952393,2.1346070766448975,2.1196184158325195,1.905587911605835,1.9642747640609741,1.9239648580551147,1.8994303941726685,2.1505320072174072,2.279254198074341,2.31410551071167,2.682825803756714,2.8176608085632324,3.0526351928710938,3.335815191268921,2.9839138984680176,3.047424077987671,2.709073543548584,2.754171371459961,2.508857011795044,2.6326849460601807,2.5102736949920654,2.4482221603393555,2.676407814025879,2.866037130355835,2.7435319423675537,3.0758426189422607,3.3108298778533936,3.4387736320495605
A7,1.8106119632720947,1.467175006866455,1.197069764137268,0.908423662185669,0.6176294684410095,0.3861328959465027,0.0,0.38888564705848694,0.6137931942939758,0.9756885766983032,1.056637167930603,1.389215350151062,1.7126948833465576,1.6738466024398804,2.02494215965271,2.1105589866638184,1.7158514261245728,1.6774636507034302,1.358741044998169,1.2359684705734253,0.9568902850151062,0.8639868497848511,0.9288009405136108,0.9608846306800842,1.3041645288467407,1.4310698509216309,1.6231249570846558,2.004404067993164,2.074922561645508,2.3854761123657227,2.5998809337615967,2.2045867443084717,2.1681995391845703,1.8487567901611328,1.767470121383667,1.4927281141281128,1.4504612684249878,1.4098562002182007,1.4086244106292725,1.6861242055892944,1.8279831409454346,1.926202654838562,2.3059945106506348,2.4295191764831543,2.69454288482666,3.020289897918701,2.6317965984344482,2.6272428035736084,2.3030624389648438,2.2667415142059326,2.0005087852478027,2.0095293521881104,1.911936640739441,1.8702852725982666,2.0959928035736084,2.274871826171875,2.2911713123321533,2.666968822479248,2.851402521133423,3.0918500423431396,3.459120750427246,3.1220569610595703,3.1692893505096436,2.809608221054077,2.8429880142211914,2.5591650009155273,2.649230480194092,2.481278419494629,2.391446352005005,2.588294744491577,2.806703805923462,2.6704277992248535,2.9924371242523193,3.262701988220215,3.38285231590271
A8,2.068021059036255,1.7570297718048096,1.4589312076568604,1.1727579832077026,0.8803325891494751,0.6130307912826538,0.38888564705848694,0.0,0.3814910054206848,0.6823422908782959,0.8698782920837402,1.1975160837173462,1.5181622505187988,1.539390206336975,1.9163339138031006,2.123786211013794,1.7306745052337646,1.6733394861221313,1.3119248151779175,1.1900542974472046,0.8351158499717712,0.7287315130233765,0.6397864818572998,0.6167632937431335,0.9462477564811707,1.132309913635254,1.3328279256820679,1.7230503559112549,1.83371901512146,2.1658382415771484,2.471027135848999,2.0748977661132812,2.034360885620117,1.681550145149231,1.606615424156189,1.2822341918945312,1.2381359338760376,1.1146000623703003,1.0628420114517212,1.3161267042160034,1.486297607421875,1.585160732269287,1.9743579626083374,2.1262989044189453,2.4097530841827393,2.8056657314300537,2.415247917175293,2.409874439239502,2.062291383743286,2.0356013774871826,1.7389541864395142,1.7534258365631104,1.6045970916748047,1.5218397378921509,1.7229379415512085,1.911880612373352,1.9223405122756958,2.3011884689331055,2.5032541751861572,2.752772331237793,3.156148672103882,2.834691047668457,2.8808000087738037,2.512035369873047,2.5581419467926025,2.258903741836548,2.3563108444213867,2.159292697906494,2.0384252071380615,2.2154159545898438,2.4295008182525635,2.285802125930786,2.6061224937438965,2.8823046684265137,3.005571126937866
A9,2.244474411010742,1.9210338592529297,1.672613501548767,1.3328707218170166,1.1247901916503906,0.7713712453842163,0.6137931942939758,0.3814910054206848,0.0,0.384981244802475,0.5699804425239563,0.8466135859489441,1.1991527080535889,1.2694625854492188,1.6325386762619019,2.1057584285736084,1.7301650047302246,1.7469369173049927,1.3728386163711548,1.3531806468963623,0.9969946146011353,1.0136798620224,0.8571661114692688,0.6410064101219177,0.84814453125,0.9799124002456665,1.079582929611206,1.4735430479049683,1.617640733718872,1.9185365438461304,2.450085401535034,2.070127248764038,2.0961763858795166,1.7449861764907837,1.7498162984848022,1.4343085289001465,1.4695632457733154,1.2958322763442993,1.1290737390518188,1.288914442062378,1.404404640197754,1.4099093675613403,1.7786812782287598,1.9509378671646118,2.1944050788879395,2.776921033859253,2.4050633907318115,2.457108974456787,2.117039203643799,2.156521797180176,1.8724778890609741,1.9466747045516968,1.7630102634429932,1.6008306741714478,1.7309287786483765,1.8720158338546753,1.806906819343567,2.158811092376709,2.3671276569366455,2.5743484497070312,3.1194229125976562,2.8221940994262695,2.9155917167663574,2.557248115539551,2.6576852798461914,2.3712806701660156,2.5127453804016113,2.295853853225708,2.123114585876465,2.252232551574707,2.4196197986602783,2.22176194190979,2.508547782897949,2.7732505798339844,2.8534042835235596
A10,2.460296392440796,2.1667890548706055,1.9225478172302246,1.5820963382720947,1.4112037420272827,1.057119607925415,0.9756885766983032,0.6823422908782959,0.384981244802475,0.0,0.38209283351898193,0.5855566263198853,0.9034129977226257,1.0456509590148926,1.4134681224822998,2.056706666946411,1.7100127935409546,1.7436432838439941,1.3625587224960327,1.4001773595809937,1.0463230609893799,1.134177565574646,0.8921958804130554,0.5426483154296875,0.5661537051200867,0.6669827103614807,0.7071847319602966,1.1044718027114868,1.2882505655288696,1.5911802053451538,2.274812936782837,1.9154314994812012,1.9740729331970215,1.618894100189209,1.6793452501296997,1.3657279014587402,1.4610706567764282,1.2322970628738403,0.9648919701576233,1.0276918411254883,1.0944480895996094,1.043437123298645,1.4021456241607666,1.5915132761001587,1.828351616859436,2.530980348587036,2.1758737564086914,2.260542392730713,1.9224029779434204,2.012138605117798,1.7363537549972534,1.8614764213562012,1.645573377609253,1.4145359992980957,1.4828987121582031,1.575816035270691,1.466215968132019,1.800829291343689,2.007551908493042,2.198899030685425,2.8181655406951904,2.5450801849365234,2.6670148372650146,2.3186917304992676,2.4620630741119385,2.189190626144409,2.3697173595428467,2.141138792037964,1.9294190406799316,2.025324583053589,2.145948886871338,1.9192912578582764,2.1890273094177246,2.434743881225586,2.4992799758911133
A11,2.2926828861236572,2.0099270343780518,1.817065715789795,1.4563809633255005,1.3809442520141602,1.0133734941482544,1.056637167930603,0.8698782920837402,0.5699804425239563,0.38209283351898193,0.0,0.38622722029685974,0.6592615246772766,0.7038255929946899,1.073009967803955,1.765667200088501,1.439146876335144,1.5421956777572632,1.185594081878662,1.3184919357299805,1.0284379720687866,1.2296255826950073,1.072625756263733,0.7370373010635376,0.7671658992767334,0.6591372489929199,0.6653158068656921,1.0122687816619873,1.1080951690673828,1.3762565851211548,2.067561626434326,1.7229539155960083,1.8407682180404663,1.5231479406356812,1.6511377096176147,1.402498483657837,1.5789697170257568,1.4153467416763306,1.1568280458450317,1.2301582098007202,1.1834933757781982,1.113332748413086,1.4222207069396973,1.5361437797546387,1.7269854545593262,2.4054551124572754,2.0677199363708496,2.1992883682250977,1.9004427194595337,2.0380852222442627,1.8193117380142212,2.0024142265319824,1.838112711906433,1.6185487508773804,1.700609803199768,1.7220720052719116,1.6051058769226074,1.9105943441390991,2.057297706604004,2.214775323867798,2.8126120567321777,2.5325376987457275,2.6935739517211914,2.372223138809204,2.5451948642730713,2.3150932788848877,2.535884141921997,2.3478074073791504,2.1568353176116943,2.2728235721588135,2.353149175643921,2.126483917236328,2.388474464416504,2.5891823768615723,2.639496088027954
A12,2.6261255741119385,2.3413853645324707,2.1766011714935303,1.8065540790557861,1.7513153553009033,1.375670313835144,1.389215350151062,1.1975160837173462,0.8466135859489441,0.5855566263198853,0.38622722029685974,0.0,0.3957185447216034,0.625853955745697,0.9168718457221985,1.966956377029419,1.6871646642684937,1.8361772298812866,1.5015170574188232,1.6740386486053467,1.3971097469329834,1.6000556945800781,1.404889702796936,1.0364936590194702,0.9369778037071228,0.7955521941184998,0.5856009721755981,0.8615413308143616,1.0279781818389893,1.2189644575119019,2.2114639282226562,1.9076274633407593,2.0746521949768066,1.7753167152404785,1.9475655555725098,1.7089040279388428,1.9017729759216309,1.6996337175369263,1.3883507251739502,1.3584294319152832,1.2690902948379517,1.0750294923782349,1.3117908239364624,1.458770751953125,1.579817771911621,2.4962387084960938,2.194892168045044,2.372755527496338,2.0902810096740723,2.272920846939087,2.063896417617798,2.2696261405944824,2.0726585388183594,1.8003549575805664,1.8026663064956665,1.7811146974563599,1.5817159414291382,1.8286441564559937,1.9835331439971924,2.07979416847229,2.845200777053833,2.6070737838745117,2.8063461780548096,2.503775119781494,2.7185232639312744,2.500189781188965,2.742229700088501,2.533219337463379,2.298961877822876,2.357194423675537,2.3912196159362793,2.1162703037261963,2.324878454208374,2.5088064670562744,2.5054445266723633
A13,2.7413361072540283,2.4964334964752197,2.353808879852295,1.998461365699768,1.9918437004089355,1.6366945505142212,1.7126948833465576,1.5181622505187988,1.1991527080535889,0.9034129977226257,0.6592615246772766,0.3957185447216034,0.0,0.3953343629837036,0.6126600503921509,1.8387722969055176,1.6234138011932373,1.8068426847457886,1.51618230342865,1.752341628074646,1.533597707748413,1.7952213287353516,1.6085479259490967,1.2409132719039917,1.0735292434692383,0.8106189966201782,0.5312658548355103,0.6139209866523743,0.7164533138275146,0.8397299647331238,1.9906424283981323,1.7372468709945679,1.959469199180603,1.704466700553894,1.94316565990448,1.7608256340026855,2.0149331092834473,1.8290220499038696,1.4995245933532715,1.4207316637039185,1.2270222902297974,0.9931034445762634,1.1272881031036377,1.2034332752227783,1.2601039409637451,2.2485623359680176,1.9890588521957397,2.218740940093994,1.9802101850509644,2.2210192680358887,2.0650386810302734,2.325536012649536,2.1494638919830322,1.8617087602615356,1.8352130651474,1.730218768119812,1.510833978652954,1.69963538646698,1.7901815176010132,1.840893268585205,2.6220672130584717,2.4065237045288086,2.6491432189941406,2.384751319885254,2.6424272060394287,2.4706907272338867,2.754810333251953,2.572723627090454,2.339423179626465,2.3906450271606445,2.3644912242889404,2.0879528522491455,2.2726738452911377,2.3982527256011963,2.3783435821533203
A14,2.440108060836792,2.223365545272827,2.1151411533355713,1.775084376335144,1.8348935842514038,1.5115679502487183,1.6738466024398804,1.539390206336975,1.2694625854492188,1.0456509590148926,0.7038255929946899,0.625853955745697,0.3953343629837036,0.0,0.39245420694351196,1.4662494659423828,1.2718051671981812,1.4994443655014038,1.2541420459747314,1.5450866222381592,1.3983055353164673,1.7159450054168701,1.6059492826461792,1.2854208946228027,1.203343152999878,0.8805676698684692,0.7603736519813538,0.8220577836036682,0.7235715985298157,0.8408859372138977,1.7256755828857422,1.475331425666809,1.7272144556045532,1.515324354171753,1.7823928594589233,1.6611714363098145,1.9545236825942993,1.8404128551483154,1.5615291595458984,1.5591427087783813,1.3348864316940308,1.1975620985031128,1.336175799369812,1.3064780235290527,1.3665779829025269,2.1005475521087646,1.8419667482376099,2.082098960876465,1.8794327974319458,2.126887321472168,2.0181984901428223,2.3012146949768066,2.186894416809082,1.9491209983825684,1.987860918045044,1.8700017929077148,1.7166181802749634,1.9220401048660278,1.9538731575012207,2.0221903324127197,2.6278207302093506,2.379319667816162,2.624910831451416,2.3771347999572754,2.625178337097168,2.483956813812256,2.7794382572174072,2.6444780826568604,2.459625482559204,2.5653626918792725,2.5468106269836426,2.311922311782837,2.5287668704986572,2.6326305866241455,2.64449405670166
A15,2.6437666416168213,2.4459352493286133,2.3871235847473145,2.0539238452911377,2.1607823371887207,1.8473541736602783,2.02494215965271,1.9163339138031006,1.6325386762619019,1.4134681224822998,1.073009967803955,0.9168718457221985,0.6126600503921509,0.39245420694351196,0.0,1.5437567234039307,1.4391597509384155,1.721752405166626,1.5403754711151123,1.8668649196624756,1.7615365982055664,2.0938727855682373,1.9958597421646118,1.676418662071228,1.5721935033798218,1.2374593019485474,1.063685655593872,1.003007173538208,0.8553998470306396,0.7875497341156006,1.8026536703109741,1.6265367269515991,1.9325228929519653,1.7797774076461792,2.0837721824645996,2.0046069622039795,2.3185720443725586,2.2144336700439453,1.9306747913360596,1.8980791568756104,1.6381518840789795,1.4607328176498413,1.508523941040039,1.432816743850708,1.3867244720458984,2.1835110187530518,1.9853941202163696,2.2726902961730957,2.121115207672119,2.4044065475463867,2.3348281383514404,2.6412739753723145,2.5369973182678223,2.2906081676483154,2.3019962310791016,2.14194655418396,1.9600974321365356,2.104613780975342,2.0948874950408936,2.096623659133911,2.744281530380249,2.527940034866333,2.8118979930877686,2.6037769317626953,2.8808746337890625,2.7741143703460693,3.090700387954712,2.9683995246887207,2.778508424758911,2.8656771183013916,2.8080902099609375,2.560607671737671,2.7403175830841064,2.8040249347686768,2.779772996902466
B1,1.6078156232833862,1.6464710235595703,1.646649718284607,1.547167420387268,1.7939379215240479,1.7486876249313354,2.1105589866638184,2.123786211013794,2.1057584285736084,2.056706666946411,1.765667200088501,1.966956377029419,1.8387722969055176,1.4662494659423828,1.5437567234039307,0.0,0.39771828055381775,0.6324453353881836,0.8874933123588562,1.2067418098449707,1.4549486637115479,1.815010905265808,1.9693224430084229,1.91636061668396,2.027928113937378,1.7356226444244385,1.9329662322998047,1.96627676486969,1.642475962638855,1.766804575920105,0.9869099855422974,0.8423416018486023,1.0505433082580566,1.1619802713394165,1.4098742008209229,1.6018168926239014,1.9354243278503418,2.0977632999420166,2.060915470123291,2.2472341060638428,2.020479917526245,2.159379243850708,2.297013998031616,2.065692663192749,2.1851792335510254,1.752304196357727,1.544441819190979,1.6975544691085815,1.6931276321411133,1.8691692352294922,1.9752533435821533,2.2664523124694824,2.3960392475128174,2.3749802112579346,2.5933518409729004,2.468162775039673,2.540571689605713,2.772724151611328,2.6607377529144287,2.8120386600494385,2.701728582382202,2.3639323711395264,2.538180351257324,2.385465145111084,2.532137155532837,2.5245370864868164,2.8038887977600098,2.8592846393585205,2.868633508682251,3.1326847076416016,3.1448307037353516,3.076664924621582,3.3760933876037598,3.4203293323516846,3.551424264907837
B2,1.436410665512085,1.401880145072937,1.34270441532135,1.2005959749221802,1.4168356657028198,1.357187032699585,1.7158514261245728,1.7306745052337646,1.7301650047302246,1.7100127935409546,1.439146876335144,1.6871646642684937,1.6234138011932373,1.2718051671981812,1.4391597509384155,0.39771828055381775,0.0,0.37871310114860535,0.5263456702232361,0.860950231552124,1.079972743988037,1.4409599304199219,1.6018009185791016,1.557984709739685,1.7096132040023804,1.4518792629241943,1.6803736686706543,1.7843430042266846,1.5135623216629028,1.7062420845031738,1.145075798034668,0.8637328147888184,1.0059293508529663,0.9878069162368774,1.1922625303268433,1.3147594928741455,1.6275358200073242,1.7778784036636353,1.746742606163025,1.96432363986969,1.781972050666809,1.9330146312713623,2.1286613941192627,1.9543116092681885,2.1219706535339355,1.84483802318573,1.5632414817810059,1.6787351369857788,1.585638165473938,1.7247395515441895,1.7607948780059814,2.0232887268066406,2.1260359287261963,2.1035890579223633,2.3389878273010254,2.2597122192382812,2.3318707942962646,2.6039247512817383,2.5438430309295654,2.7248969078063965,2.703247547149658,2.348778009414673,2.497931718826294,2.289564609527588,2.4171857833862305,2.352951765060425,2.610010862350464,2.6304569244384766,2.6264519691467285,2.8923349380493164,2.940610408782959,2.8621790409088135,3.1777215003967285,3.263359785079956,3.3999855518341064
B3,1.3708975315093994,1.3747406005859375,1.240090250968933,1.1694871187210083,1.3241891860961914,1.3322505950927734,1.6774636507034302,1.6733394861221313,1.7469369173049927,1.7436432838439941,1.5421956777572632,1.8361772298812866,1.8068426847457886,1.4994443655014038,1.721752405166626,0.6324453353881836,0.37871310114860535,0.0,0.3863275349140167,0.5985111594200134,0.9121066331863403,1.2359424829483032,1.4372236728668213,1.476270079612732,1.6605708599090576,1.4578571319580078,1.7552013397216797,1.8843486309051514,1.6361316442489624,1.8826249837875366,1.1209893226623535,0.7965230345726013,0.7856495976448059,0.7647198438644409,0.8834659457206726,1.0558289289474487,1.3463959693908691,1.5550904273986816,1.595794439315796,1.85617196559906,1.7133313417434692,1.9358476400375366,2.1577835083007812,1.9911423921585083,2.21319317817688,1.7670475244522095,1.4518938064575195,1.4827673435211182,1.3768129348754883,1.4483168125152588,1.4949572086334229,1.728806734085083,1.8775554895401,1.9142996072769165,2.192681312561035,2.143141746520996,2.2760889530181885,2.570540189743042,2.515015125274658,2.741374969482422,2.5913641452789307,2.213604211807251,2.3086764812469482,2.089062213897705,2.1662356853485107,2.099792242050171,2.328768253326416,2.3775439262390137,2.4175941944122314,2.716742515563965,2.7926268577575684,2.7587082386016846,3.0983426570892334,3.1941239833831787,3.3686933517456055
B4,1.5028533935546875,1.4057079553604126,1.2050902843475342,1.040347695350647,1.1131513118743896,1.0438076257705688,1.358741044998169,1.3119248151779175,1.3728386163711548,1.3625587224960327,1.185594081878662,1.5015170574188232,1.51618230342865,1.2541420459747314,1.5403754711151123,0.8874933123588562,0.5263456702232361,0.3863275349140167,0.0,0.3806523382663727,0.5689577460289001,0.9333128929138184,1.0898641347885132,1.0967556238174438,1.2937922477722168,1.1142630577087402,1.4253283739089966,1.6061286926269531,1.416135311126709,1.7069588899612427,1.277952790260315,0.8938101530075073,0.8907526731491089,0.6922141313552856,0.7972649931907654,0.8256241679191589,1.1167576313018799,1.2621490955352783,1.2640867233276367,1.5298454761505127,1.4164559841156006,1.6276832818984985,1.8903158903121948,1.7806233167648315,2.028963565826416,1.8253616094589233,1.468356966972351,1.5057313442230225,1.3078778982162476,1.3803377151489258,1.3332667350769043,1.5571297407150269,1.6390354633331299,1.6346101760864258,1.9027862548828125,1.882758617401123,1.9908567667007446,2.309420108795166,2.3020970821380615,2.537964105606079,2.5345895290374756,2.163036346435547,2.2606184482574463,1.9926598072052002,2.0825045108795166,1.9572162628173828,2.1819217205047607,2.173293113708496,2.1703062057495117,2.449190616607666,2.54189395904541,2.4791793823242188,2.820213794708252,2.947779417037964,3.1120970249176025
B5,1.4499142169952393,1.3534244298934937,1.0695799589157104,0.9710131287574768,0.9416099190711975,0.960466206073761,1.2359684705734253,1.1900542974472046,1.3531806468963623,1.4001773595809937,1.3184919357299805,1.6740386486053467,1.752341628074646,1.5450866222381592,1.8668649196624756,1.2067418098449707,0.860950231552124,0.5985111594200134,0.3806523382663727,0.0,0.38426172733306885,0.6444180607795715,0.8869003653526306,1.0253090858459473,1.2921500205993652,1.2203456163406372,1.5777002573013306,1.8056069612503052,1.6696678400039673,1.9964333772659302,1.5146303176879883,1.1277430057525635,0.9946642518043518,0.7558285593986511,0.6630032062530518,0.6390442848205566,0.8297604918479919,1.044774055480957,1.1530390977859497,1.4848260879516602,1.458910346031189,1.7262026071548462,2.0291354656219482,1.9599685668945312,2.2527413368225098,1.98569917678833,1.6056691408157349,1.5533857345581055,1.3159658908843994,1.2804772853851318,1.1852275133132935,1.3264890909194946,1.4369919300079346,1.5045078992843628,1.8246244192123413,1.8715264797210693,2.0303499698638916,2.3796210289001465,2.4042773246765137,2.681107521057129,2.6123030185699463,2.227513551712036,2.2612357139587402,1.9658490419387817,1.988378643989563,1.8270974159240723,1.9943534135818481,1.9904530048370361,2.0263044834136963,2.3352413177490234,2.4797098636627197,2.453693151473999,2.8181283473968506,2.9762632846832275,3.1713974475860596
B6,1.681146264076233,1.5019468069076538,1.1911506652832031,0.9984436631202698,0.8580220341682434,0.7611740231513977,0.9568902850151062,0.8351158499717712,0.9969946146011353,1.0463230609893799,1.0284379720687866,1.3971097469329834,1.533597707748413,1.3983055353164673,1.7615365982055664,1.4549486637115479,1.079972743988037,0.9121066331863403,0.5689577460289001,0.38426172733306885,0.0,0.38640305399894714,0.5423769950866699,0.6559497117996216,0.9637401103973389,0.9600335955619812,1.3151012659072876,1.5997554063796997,1.5422297716140747,1.893444299697876,1.721867322921753,1.3209830522537231,1.2280641794204712,0.90255206823349,0.8221904039382935,0.5999729037284851,0.7336783409118652,0.820651113986969,0.8718562126159668,1.2110499143600464,1.2409924268722534,1.4815778732299805,1.824607491493225,1.8255746364593506,2.132230043411255,2.1132540702819824,1.7186682224273682,1.6861283779144287,1.3840429782867432,1.359754204750061,1.164031982421875,1.278706431388855,1.287320613861084,1.294402003288269,1.592065453529358,1.6802338361740112,1.8018754720687866,2.1715316772460938,2.2519590854644775,2.530032157897949,2.6232380867004395,2.2574524879455566,2.2986831665039062,1.9661061763763428,2.006331205368042,1.7867108583450317,1.9444972276687622,1.8681496381759644,1.845819354057312,2.12137770652771,2.284480571746826,2.221788167953491,2.581634044647217,2.7750375270843506,2.9537103176116943
B7,1.7835123538970947,1.5896486043930054,1.2283403873443604,1.0870857238769531,0.8179585337638855,0.7960912585258484,0.8639868497848511,0.7287315130233765,1.0136798620224,1.134177565574646,1.2296255826950073,1.6000556945800781,1.7952213287353516,1.7159450054168701,2.0938727855682373,1.815010905265808,1.4409599304199219,1.2359424829483032,0.9333128929138184,0.6444180607795715,0.38640305399894714,0.0,0.3742961585521698,0.6869462132453918,1.0436495542526245,1.1703243255615234,1.5216751098632812,1.8405011892318726,1.8409857749938965,2.2071986198425293,2.0491762161254883,1.6525510549545288,1.5012009143829346,1.1723521947860718,0.9812051653862,0.6954901814460754,0.6023448705673218,0.6902080178260803,0.8588004112243652,1.2379053831100464,1.377034068107605,1.6383047103881836,2.008406639099121,2.0602376461029053,2.392430067062378,2.3781518936157227,1.9763920307159424,1.8862532377243042,1.5586133003234863,1.4494081735610962,1.1915442943572998,1.1846054792404175,1.1752243041992188,1.2430057525634766,1.569832444190979,1.7407022714614868,1.8913068771362305,2.280813694000244,2.404517412185669,2.709566593170166,2.7901203632354736,2.4273521900177,2.415689706802368,2.0605552196502686,2.0418272018432617,1.7760694026947021,1.8597757816314697,1.7602447271347046,1.7581162452697754,2.0428965091705322,2.265164852142334,2.2279443740844727,2.599085807800293,2.8307554721832275,3.028670310974121
B8,2.1270272731781006,1.9120627641677856,1.565606951713562,1.369051218032837,1.0957444906234741,0.9571216702461243,0.9288009405136108,0.6397864818572998,0.8571661114692688,0.8921958804130554,1.072625756263733,1.404889702796936,1.6085479259490967,1.6059492826461792,1.9958597421646118,1.9693224430084229,1.6018009185791016,1.4372236728668213,1.0898641347885132,0.8869003653526306,0.5423769950866699,0.3742961585521698,0.0,0.38681530952453613,0.7170421481132507,0.9283947348594666,1.2632654905319214,1.5947860479354858,1.6592503786087036,2.035506010055542,2.094331979751587,1.7032066583633423,1.5837031602859497,1.2146638631820679,1.0730767250061035,0.7069370746612549,0.6252763867378235,0.48551222681999207,0.5421527028083801,0.9024306535720825,1.0933901071548462,1.3359496593475342,1.7198450565338135,1.8235400915145874,2.165018081665039,2.329623222351074,1.9297226667404175,1.8623336553573608,1.4995709657669067,1.4254000186920166,1.1102917194366455,1.1164132356643677,0.9910716414451599,0.9671006798744202,1.2527194023132324,1.4464248418807983,1.5684046745300293,1.9633980989456177,2.124300479888916,2.4290659427642822,2.6271371841430664,2.2906532287597656,2.292518377304077,1.9192415475845337,1.932828426361084,1.6342806816101074,1.7320164442062378,1.5677049160003662,1.4975645542144775,1.7417571544647217,1.961527943611145,1.8941164016723633,2.2571585178375244,2.5064940452575684,2.6929807662963867
B9,2.274895668029785,2.0346758365631104,1.7294436693191528,1.4621291160583496,1.2423220872879028,0.9898456335067749,0.9608846306800842,0.6167632937431335,0.6410064101219177,0.5426483154296875,0.7370373010635376,1.0364936590194702,1.2409132719039917,1.2854208946228027,1.676418662071228,1.91636061668396,1.557984709739685,1.476270079612732,1.0967556238174438,1.0253090858459473,0.6559497117996216,0.6869462132453918,0.38681530952453613,0.0,0.38670313358306885,0.5982832312583923,0.8925265669822693,1.2472484111785889,1.3519142866134644,1.718633770942688,2.0341596603393555,1.6528865098953247,1.6168473958969116,1.2390490770339966,1.2142006158828735,0.8638876080513,0.920575737953186,0.7012161016464233,0.5027831196784973,0.739949643611908,0.8759720921516418,1.0308700799942017,1.4220038652420044,1.5548744201660156,1.871415615081787,2.259141206741333,1.8736838102340698,1.8799844980239868,1.5191140174865723,1.539350152015686,1.2405699491500854,1.3351433277130127,1.1519566774368286,0.9935513138771057,1.1797031164169312,1.318336844444275,1.3494672775268555,1.7333413362503052,1.9078819751739502,2.1763837337493896,2.5452463626861572,2.234154224395752,2.2959442138671875,1.9301542043685913,2.0173096656799316,1.7325204610824585,1.8891808986663818,1.692861795425415,1.545304298400879,1.72611665725708,1.8916606903076172,1.7538596391677856,2.088622808456421,2.330737829208374,2.474226951599121
B10,2.601924180984497,2.3720529079437256,2.084374189376831,1.8045145273208618,1.6148840188980103,1.33753502368927,1.3041645288467407,0.9462477564811707,0.84814453125,0.5661537051200867,0.7671658992767334,0.9369778037071228,1.0735292434692383,1.203343152999878,1.5721935033798218,2.027928113937378,1.7096132040023804,1.6605708599090576,1.2937922477722168,1.2921500205993652,0.9637401103973389,1.0436495542526245,0.7170421481132507,0.38670313358306885,0.0,0.3822338879108429,0.6132461428642273,0.9414891004562378,1.1146150827407837,1.4775886535644531,2.006683588027954,1.6601407527923584,1.6661641597747803,1.2955048084259033,1.3396902084350586,1.011276125907898,1.1209160089492798,0.8301788568496704,0.4733198285102844,0.4726021885871887,0.5708113312721252,0.6586757302284241,1.055327296257019,1.2351404428482056,1.5521548986434937,2.1267523765563965,1.7665342092514038,1.8131924867630005,1.4538630247116089,1.5378981828689575,1.2469470500946045,1.3928544521331787,1.1497784852981567,0.875739336013794,0.9422167539596558,1.0282683372497559,0.9903700351715088,1.3644819259643555,1.5580289363861084,1.8132245540618896,2.3084099292755127,2.0352113246917725,2.130584478378296,1.7732383012771606,1.9162224531173706,1.6406567096710205,1.8378443717956543,1.6105283498764038,1.3946105241775513,1.5115846395492554,1.621511697769165,1.4362045526504517,1.7488229274749756,1.9808058738708496,2.103679895401001
B11,2.513903856277466,2.3059022426605225,2.059499740600586,1.767941951751709,1.6589850187301636,1.3703348636627197,1.4310698509216309,1.132309913635254,0.9799124002456665,0.6669827103614807,0.6591372489929199,0.7955521941184998,0.8106189966201782,0.8805676698684692,1.2374593019485474,1.7356226444244385,1.4518792629241943,1.4578571319580078,1.1142630577087402,1.2203456163406372,0.9600335955619812,1.1703243255615234,0.9283947348594666,0.5982832312583923,0.3822338879108429,0.0,0.3936229944229126,0.6723448634147644,0.7609423995018005,1.130925178527832,1.7089101076126099,1.379683494567871,1.4581124782562256,1.1187390089035034,1.2675639390945435,1.0202059745788574,1.2484161853790283,1.0382931232452393,0.7058716416358948,0.6869732141494751,0.5372691750526428,0.5704174637794495,0.9113901853561401,0.9993143677711487,1.2874048948287964,1.8776754140853882,1.5339704751968384,1.6485449075698853,1.330378532409668,1.4975836277008057,1.284786581993103,1.5204343795776367,1.3415946960449219,1.0775763988494873,1.1350488662719727,1.0935436487197876,1.0267655849456787,1.3526902198791504,1.4667428731918335,1.6831541061401367,2.174926280975342,1.8981688022613525,2.0518033504486084,1.7294366359710693,1.9258606433868408,1.711302638053894,1.9689286947250366,1.7926539182662964,1.5970810651779175,1.7228933572769165,1.7633835077285767,1.571455717086792,1.8619663715362549,2.0304861068725586,2.132314443588257
B12,2.7860305309295654,2.5553431510925293,2.3396713733673096,2.014866828918457,1.9251203536987305,1.5938009023666382,1.6231249570846558,1.3328279256820679,1.079582929611206,0.7071847319602966,0.6653158068656921,0.5856009721755981,0.5312658548355103,0.7603736519813538,1.063685655593872,1.9329662322998047,1.6803736686706543,1.7552013397216797,1.4253283739089966,1.5777002573013306,1.3151012659072876,1.5216751098632812,1.2632654905319214,0.8925265669822693,0.6132461428642273,0.3936229944229126,0.0,0.39878126978874207,0.6471001505851746,0.9444509744644165,1.910583257675171,1.6251091957092285,1.7660938501358032,1.4581331014633179,1.6456031799316406,1.4125733375549316,1.633336067199707,1.394163727760315,1.0320343971252441,0.897892951965332,0.7247791886329651,0.5005609393119812,0.7612074613571167,0.9221986532211304,1.12406587600708,2.044796943664551,1.747645616531372,1.9184328317642212,1.6287957429885864,1.8372076749801636,1.6370490789413452,1.8764419555664062,1.6630808115005493,1.3502626419067383,1.3049334287643433,1.2221260070800781,1.0231966972351074,1.2769818305969238,1.4155874252319336,1.5535911321640015,2.2818377017974854,2.0573647022247314,2.2562928199768066,1.9588037729263306,2.1975905895233154,1.9946160316467285,2.2634048461914062,2.0592384338378906,1.8124194145202637,1.8619297742843628,1.85361647605896,1.5919015407562256,1.8156228065490723,1.973137617111206,2.0060055255889893
B13,3.022150993347168,2.8219563961029053,2.6274566650390625,2.3133668899536133,2.2605974674224854,1.9412736892700195,2.004404067993164,1.7230503559112549,1.4735430479049683,1.1044718027114868,1.0122687816619873,0.8615413308143616,0.6139209866523743,0.8220577836036682,1.003007173538208,1.96627676486969,1.7843430042266846,1.8843486309051514,1.6061286926269531,1.8056069612503052,1.5997554063796997,1.8405011892318726,1.5947860479354858,1.2472484111785889,0.9414891004562378,0.6723448634147644,0.39878126978874207,0.0,0.3910624384880066,0.6165983080863953,1.8050744533538818,1.5903632640838623,1.7820794582366943,1.5304616689682007,1.7780704498291016,1.6073592901229858,1.87173330783844,1.6480518579483032,1.2864141464233398,1.08686101436615,0.8044495582580566,0.5070797801017761,0.5250211954116821,0.6142769455909729,0.7388378381729126,1.855100393295288,1.618402361869812,1.847680687904358,1.6129885911941528,1.8853533267974854,1.745589017868042,2.032360076904297,1.835727572441101,1.5085728168487549,1.4058339595794678,1.2162340879440308,0.9721183180809021,1.115661382675171,1.1768090724945068,1.2466741800308228,2.059079170227051,1.8794251680374146,2.131985664367676,1.884887933731079,2.1777701377868652,2.0299124717712402,2.339211940765381,2.1590702533721924,1.9065513610839844,1.9256043434143066,1.8360484838485718,1.5656883716583252,1.7381631135940552,1.8213011026382446,1.8226854801177979
