,A1,A2,A3,A4,A5,A6,A7,A8,A9,A10,A11,A12,A13,A14,A15,B1,B2,B3,B4,B5,B6,B7,B8,B9,B10,B11,B12,B13,B14,B15,C1,C2,C3,C4,C5,C6,C7,C8,C9,C10,C11,C12,C13,C14,C15,D1,D2,D3,D4,D5,D6,D7,D8,D9,D10,D11,D12,D13,D14,D15,E1,E2,E3,E4,E5,E6,E7,E8,E9,E10,E11,E12,E13,E14,E15
A1,0.0,0.36790966987609863,0.6258804202079773,0.9697901010513306,1.2506121397018433,1.6280025243759155,1.9013906717300415,2.294586181640625,2.3200981616973877,2.1900410652160645,1.8084479570388794,1.7297195196151733,1.3639265298843384,1.317995309829712,0.9763319492340088,0.4574795961380005,0.594122052192688,0.781526505947113,1.079714059829712,1.3336260318756104,1.6988600492477417,1.9693690538406372,2.3553473949432373,2.392256736755371,2.301068067550659,1.9367341995239258,1.8818119764328003,1.5667946338653564,1.5549463033676147,1.2611380815505981,0.9537602066993713,1.0162092447280884,1.1292245388031006,1.339152216911316,1.5474727153778076,1.8799188137054443,2.1206157207489014,2.49362850189209,2.5418715476989746,2.4826130867004395,2.1489357948303223,2.1198570728302,1.8640636205673218,1.8913007974624634,1.6634223461151123,1.4413491487503052,1.4774173498153687,1.5344736576080322,1.6862813234329224,1.8442606925964355,2.1389923095703125,2.346619129180908,2.701880693435669,2.758047103881836,2.728790521621704,2.430833578109741,2.431131601333618,2.229867458343506,2.288501501083374,2.109750986099243,1.924055814743042,1.9504132270812988,1.964434266090393,2.0816845893859863,2.193474531173706,2.450197458267212,2.627584457397461,2.9576356410980225,3.018012762069702,3.0334174633026123,2.7617368698120117,2.802788496017456,2.655545711517334,2.746138095855713,2.679497241973877
A2,0.36790966987609863,0.0,0.39158669114112854,0.660460352897644,0.9949653744697571,1.3462928533554077,1.657466173171997,2.0417051315307617,2.1174087524414062,2.030665159225464,1.6633799076080322,1.6607677936553955,1.3264636993408203,1.3841805458068848,1.103163242340088,0.5948082804679871,0.4817238748073578,0.5805527567863464,0.7889294624328613,1.0725090503692627,1.41474449634552,1.714684247970581,2.091562509536743,2.1764581203460693,2.1303112506866455,1.7860947847366333,1.8004451990127563,1.5208505392074585,1.5999675989151,1.3631718158721924,1.0297154188156128,0.960601806640625,0.9934196472167969,1.111451268196106,1.315767765045166,1.6149687767028809,1.8740390539169312,2.2347397804260254,2.3270063400268555,2.3136186599731445,2.002685785293579,2.035583972930908,1.816949486732483,1.9200119972229004,1.7425305843353271,1.4931442737579346,1.4425508975982666,1.435728669166565,1.5103654861450195,1.6483675241470337,1.902992606163025,2.1173949241638184,2.4558980464935303,2.551210641860962,2.5666487216949463,2.2933578491210938,2.3472659587860107,2.1848793029785156,2.305332660675049,2.171992778778076,1.9626020193099976,1.9267562627792358,1.8866572380065918,1.9418606758117676,2.0284981727600098,2.242609739303589,2.418323516845703,2.7269115447998047,2.820132255554199,2.8783464431762695,2.6325418949127197,2.7187819480895996,2.6100425720214844,2.7479217052459717,2.721033811569214
A3,0.6258804202079773,0.39158669114112854,0.0,0.36705124378204346,0.6287352442741394,1.0027854442596436,1.2862552404403687,1.6769882440567017,1.7353341579437256,1.6556525230407715,1.2907187938690186,1.3104643821716309,1.0063962936401367,1.1349012851715088,0.9316296577453613,0.7638913989067078,0.6441433429718018,0.4734624922275543,0.6181639432907104,0.7863732576370239,1.1210401058197021,1.3803000450134277,1.7587205171585083,1.8244616985321045,1.7922874689102173,1.4609004259109497,1.4924653768539429,1.2583155632019043,1.3856227397918701,1.223706603050232,1.1271836757659912,1.0563852787017822,0.9445890784263611,1.0237948894500732,1.1183043718338013,1.386501669883728,1.5937501192092896,1.9455753564834595,2.0172126293182373,2.022181987762451,1.7345600128173828,1.7784653902053833,1.610237956047058,1.7428174018859863,1.6315500736236572,1.5552527904510498,1.5100432634353638,1.4082964658737183,1.4626868963241577,1.5114282369613647,1.7323330640792847,1.8903543949127197,2.2121005058288574,2.285360336303711,2.319854259490967,2.0760796070098877,2.1355090141296387,2.0209085941314697,2.1563708782196045,2.0776443481445312,2.001523971557617,1.9779726266860962,1.869144082069397,1.9177266359329224,1.9298416376113892,2.117647647857666,2.2381129264831543,2.5275635719299316,2.5959513187408447,2.672259569168091,2.457728624343872,2.543395519256592,2.4766759872436523,2.616797685623169,2.6394200325012207
A4,0.9697901010513306,0.660460352897644,0.36705124378204346,0.0,0.3818908929824829,0.690912127494812,1.0240321159362793,1.3969677686691284,1.5205752849578857,1.5058742761611938,1.181428074836731,1.3058156967163086,1.083341121673584,1.3136975765228271,1.1963733434677124,1.0678694248199463,0.8489791750907898,0.5814374685287476,0.47619855403900146,0.578283965587616,0.8372370004653931,1.1179019212722778,1.4764769077301025,1.6018118858337402,1.6358460187911987,1.3505403995513916,1.4711027145385742,1.3092615604400635,1.5253206491470337,1.4377896785736084,1.3543590307235718,1.1992685794830322,1.0002758502960205,0.9450581669807434,0.9734863638877869,1.1590341329574585,1.3627402782440186,1.6859742403030396,1.8073251247406006,1.8758467435836792,1.6339339017868042,1.750303864479065,1.6440722942352295,1.8485883474349976,1.7988249063491821,1.7276450395584106,1.6172888278961182,1.4471848011016846,1.4116849899291992,1.4054032564163208,1.5531173944473267,1.6942646503448486,1.981539011001587,2.0945920944213867,2.186685562133789,1.9864461421966553,2.103489637374878,2.0442516803741455,2.236588716506958,2.2108516693115234,2.137402057647705,2.0643999576568604,1.8988380432128906,1.8825082778930664,1.8480833768844604,1.9734859466552734,2.0719597339630127,2.324354410171509,2.4223599433898926,2.5500597953796387,2.3764708042144775,2.5068912506103516,2.4895787239074707,2.6713826656341553,2.7383697032928467
A5,1.2506121397018433,0.9949653744697571,0.6287352442741394,0.3818908929824829,0.0,0.38979631662368774,0.6626049876213074,1.0493744611740112,1.1419248580932617,1.1355787515640259,0.8296297788619995,1.0094153881072998,0.8774465918540955,1.1848784685134888,1.1796873807907104,1.2956899404525757,1.1142972707748413,0.7646205425262451,0.6165773272514343,0.4510980546474457,0.6213099360466003,0.8052362203598022,1.1634249687194824,1.2546120882034302,1.3071733713150024,1.0540238618850708,1.205794095993042,1.12758469581604,1.391343355178833,1.3972100019454956,1.5133142471313477,1.3812081813812256,1.098960518836975,1.021262288093567,0.9035487771034241,1.0180643796920776,1.1259841918945312,1.4272840023040771,1.5124300718307495,1.6013075113296509,1.399697184562683,1.528180718421936,1.491991639137268,1.7204217910766602,1.7441619634628296,1.8325493335723877,1.740526795387268,1.5033940076828003,1.4594833850860596,1.3557140827178955,1.4548568725585938,1.51399564743042,1.7721798419952393,1.8489409685134888,1.9583353996276855,1.798998236656189,1.9172065258026123,1.9141355752944946,2.114657402038574,2.145922899246216,2.2015268802642822,2.1480209827423096,1.930360198020935,1.9159079790115356,1.8070095777511597,1.9026026725769043,1.932138442993164,2.1577861309051514,2.218766450881958,2.359790563583374,2.2240097522735596,2.3472893238067627,2.374145746231079,2.5516116619110107,2.6658120155334473
A6,1.6280025243759155,1.3462928533554077,1.0027854442596436,0.690912127494812,0.38979631662368774,0.0,0.37803247570991516,0.7130954265594482,0.9074640870094299,1.0154762268066406,0.827997088432312,1.123085379600525,1.1152665615081787,1.4681535959243774,1.5261659622192383,1.6616599559783936,1.4449645280838013,1.0874857902526855,0.8396600484848022,0.5806228518486023,0.4707428812980652,0.5646708011627197,0.854047954082489,1.024357557296753,1.1853759288787842,1.0392754077911377,1.2858608961105347,1.3109517097473145,1.6284785270690918,1.6993128061294556,1.8354454040527344,1.6633963584899902,1.342046856880188,1.1737710237503052,0.970797598361969,0.9287834167480469,0.9623661041259766,1.1837918758392334,1.3188471794128418,1.4974619150161743,1.3829752206802368,1.583420991897583,1.6296985149383545,1.9092299938201904,1.9931837320327759,2.104499578475952,1.974169135093689,1.6899800300598145,1.574778437614441,1.402414083480835,1.3953361511230469,1.3945882320404053,1.5804111957550049,1.6890329122543335,1.8702497482299805,1.7824249267578125,1.954252004623413,2.0200822353363037,2.263620376586914,2.3498454093933105,2.4291088581085205,2.3430793285369873,2.0788893699645996,2.0100443363189697,1.8442597389221191,1.861437201499939,1.8407787084579468,2.003922462463379,2.0833170413970947,2.282444715499878,2.2074191570281982,2.369041919708252,2.454434394836426,2.6629319190979004,2.8236758708953857
A7,1.9013906717300415,1.657466173171997,1.2862552404403687,1.0240321159362793,0.6626049876213074,0.37803247570991516,0.0,0.39602553844451904,0.5396919250488281,0.7182380557060242,0.6448342204093933,0.9878012537956238,1.1067566871643066,1.4762951135635376,1.6189364194869995,1.916970133781433,1.739638328552246,1.3641972541809082,1.152526617050171,0.8267532587051392,0.6480824947357178,0.48298925161361694,0.6733546257019043,0.7649215459823608,0.974892795085907,0.9225314855575562,1.1797412633895874,1.3061081171035767,1.6281944513320923,1.7727802991867065,2.0585343837738037,1.921034336090088,1.5748536586761475,1.4275470972061157,1.1534621715545654,1.0546770095825195,0.9471940398216248,1.0921348333358765,1.155373454093933,1.3585952520370483,1.3155109882354736,1.5075143575668335,1.6284198760986328,1.902916669845581,2.0467686653137207,2.291938543319702,2.1913909912109375,1.879304051399231,1.7793633937835693,1.5455806255340576,1.50006103515625,1.4033945798873901,1.5339760780334473,1.5822774171829224,1.7757266759872437,1.7434794902801514,1.8997676372528076,2.0200445652008057,2.2516634464263916,2.385035991668701,2.5820059776306152,2.523899555206299,2.2338762283325195,2.1804819107055664,1.9618957042694092,1.9570634365081787,1.8638538122177124,1.988721489906311,2.0149617195129395,2.2189431190490723,2.188260078430176,2.3291149139404297,2.454333782196045,2.6442792415618896,2.8434219360351562
A8,2.294586181640625,2.0417051315307617,1.6769882440567017,1.3969677686691284,1.0493744611740112,0.7130954265594482,0.39602553844451904,0.0,0.40161460638046265,0.7457724213600159,0.8659740090370178,1.2268638610839844,1.425269603729248,1.7967246770858765,1.9785950183868408,2.2957193851470947,2.105074167251587,1.7267309427261353,1.4851691722869873,1.1468091011047363,0.8700558543205261,0.5867067575454712,0.5066027045249939,0.6353371143341064,0.968173086643219,1.067213773727417,1.3626630306243896,1.5667037963867188,1.903938889503479,2.0940117835998535,2.403759241104126,2.250424861907959,1.8869563341140747,1.7026227712631226,1.3907725811004639,1.1928215026855469,0.9902750253677368,0.9856084585189819,1.0570145845413208,1.3419626951217651,1.4088140726089478,1.6393771171569824,1.8309142589569092,2.1270992755889893,2.318580389022827,2.595273971557617,2.4779982566833496,2.1394615173339844,2.0029289722442627,1.7235652208328247,1.5953925848007202,1.424935221672058,1.452789068222046,1.5012593269348145,1.7542346715927124,1.8061177730560303,1.9930206537246704,2.1759119033813477,2.428786277770996,2.6094775199890137,2.8425936698913574,2.769476890563965,2.448971748352051,2.36407470703125,2.0999951362609863,2.030090093612671,1.876468539237976,1.9250173568725586,1.9451708793640137,2.193814754486084,2.2316412925720215,2.3924851417541504,2.571959972381592,2.7763702869415283,3.016571283340454
A9,2.3200981616973877,2.1174087524414062,1.7353341579437256,1.5205752849578857,1.1419248580932617,0.9074640870094299,0.5396919250488281,0.40161460638046265,0.0,0.39793631434440613,0.6391156911849976,0.9608998894691467,1.2406203746795654,1.5922666788101196,1.835694432258606,2.2861368656158447,2.1475768089294434,1.7631096839904785,1.5854908227920532,1.2210026979446411,1.0149571895599365,0.6749001741409302,0.6390988230705261,0.49018439650535583,0.7309775948524475,0.8680586814880371,1.106185793876648,1.3688384294509888,1.6785391569137573,1.9184540510177612,2.3598501682281494,2.2585790157318115,1.8913131952285767,1.7674763202667236,1.4325065612792969,1.2843596935272217,1.025926947593689,1.0450466871261597,0.9625566005706787,1.1687296628952026,1.2457036972045898,1.4124387502670288,1.6372185945510864,1.8973727226257324,2.1235158443450928,2.523364305496216,2.456052780151367,2.1153347492218018,2.034135341644287,1.735713005065918,1.6473044157028198,1.4336906671524048,1.4815834760665894,1.4240245819091797,1.6134482622146606,1.6665112972259521,1.7936408519744873,1.9904972314834595,2.202833652496338,2.4041736125946045,2.7474656105041504,2.7221691608428955,2.4030535221099854,2.369158983230591,2.0888049602508545,2.0570216178894043,1.8705636262893677,1.9408608675003052,1.8812777996063232,2.0759260654449463,2.110199451446533,2.2163288593292236,2.397078514099121,2.559587240219116,2.811628580093384
A10,2.1900410652160645,2.030665159225464,1.6556525230407715,1.5058742761611938,1.1355787515640259,1.0154762268066406,0.7182380557060242,0.7457724213600159,0.39793631434440613,0.0,0.3846658766269684,0.6435510516166687,0.9682015776634216,1.2997119426727295,1.583516240119934,2.0983943939208984,1.9995306730270386,1.622680902481079,1.5062099695205688,1.1420103311538696,1.023574709892273,0.7118043303489685,0.7917786240577698,0.4896080493927002,0.47205206751823425,0.557927668094635,0.7314744591712952,1.0307343006134033,1.3254826068878174,1.6008049249649048,2.1192994117736816,2.058357000350952,1.6959904432296753,1.6302144527435303,1.2928776741027832,1.2156658172607422,0.9575237035751343,1.0592237710952759,0.8650338053703308,0.9353522062301636,0.9592627882957458,1.057466983795166,1.2879676818847656,1.5234183073043823,1.7695857286453247,2.245879888534546,2.217733144760132,1.8826416730880737,1.8550244569778442,1.5570029020309448,1.5283830165863037,1.3147846460342407,1.426788091659546,1.291880488395691,1.3896006345748901,1.397879719734192,1.4661606550216675,1.6497994661331177,1.8315556049346924,2.0378079414367676,2.446516752243042,2.4584810733795166,2.1487958431243896,2.1635355949401855,1.8864879608154297,1.9084535837173462,1.7247382402420044,1.8486909866333008,1.734736680984497,1.8597925901412964,1.8550292253494263,1.9127119779586792,2.071202039718628,2.202867031097412,2.449927806854248
A11,1.8084479570388794,1.6633799076080322,1.2907187938690186,1.181428074836731,0.8296297788619995,0.827997088432312,0.6448342204093933,0.8659740090370178,0.6391156911849976,0.3846658766269684,0.0,0.37420809268951416,0.6125366687774658,0.9725059270858765,1.2212636470794678,1.7240749597549438,1.6410961151123047,1.2704366445541382,1.1986132860183716,0.8608495593070984,0.8615365624427795,0.6772173643112183,0.9292876720428467,0.736115038394928,0.6521949172019958,0.4699693024158478,0.5811905860900879,0.7617624402046204,1.0565614700317383,1.2801271677017212,1.7769145965576172,1.7321081161499023,1.3877619504928589,1.3654565811157227,1.0732380151748657,1.1007343530654907,0.9524837732315063,1.1799211502075195,1.0460174083709717,1.057412028312683,0.9360689520835876,0.9930424690246582,1.1171605587005615,1.3340284824371338,1.5179557800292969,1.9514080286026,1.9377514123916626,1.6308245658874512,1.6401278972625732,1.395292043685913,1.4496207237243652,1.3246062994003296,1.5289031267166138,1.4341179132461548,1.4885808229446411,1.3985192775726318,1.4440385103225708,1.5437811613082886,1.7081726789474487,1.8524909019470215,2.204324722290039,2.2266488075256348,1.9498075246810913,1.9921177625656128,1.7680630683898926,1.8515647649765015,1.7400736808776855,1.932369351387024,1.8518257141113281,1.9459697008132935,1.8668506145477295,1.9162023067474365,2.0095200538635254,2.134096384048462,2.3297364711761475
A12,1.7297195196151733,1.6607677936553955,1.3104643821716309,1.3058156967163086,1.0094153881072998,1.123085379600525,0.9878012537956238,1.2268638610839844,0.9608998894691467,0.6435510516166687,0.37420809268951416,0.0,0.3813585340976715,0.6613476872444153,0.9738527536392212,1.6242132186889648,1.6216647624969482,1.2909049987792969,1.3246515989303589,1.0485581159591675,1.155693531036377,1.0294584035873413,1.2914936542510986,1.056557536125183,0.8653201460838318,0.6218752264976501,0.47843584418296814,0.5934432744979858,0.7746832966804504,1.0214650630950928,1.6636968851089478,1.6978737115859985,1.3975945711135864,1.471028208732605,1.230832576751709,1.3481123447418213,1.235611081123352,1.4900226593017578,1.304145097732544,1.2114375829696655,1.0286844968795776,0.9455666542053223,1.006744623184204,1.1187337636947632,1.2874925136566162,1.8354676961898804,1.8935458660125732,1.6285799741744995,1.7200850248336792,1.5160874128341675,1.6448224782943726,1.5439786911010742,1.7840313911437988,1.6392443180084229,1.6078227758407593,1.4661632776260376,1.4174673557281494,1.4610474109649658,1.5415561199188232,1.6546798944473267,2.0910539627075195,2.1756632328033447,1.939223051071167,2.049947500228882,1.8591139316558838,2.0060575008392334,1.913657784461975,2.1443004608154297,2.022805690765381,2.0459961891174316,1.9227720499038696,1.9034701585769653,1.9465526342391968,2.0077481269836426,2.171597957611084
A13,1.3639265298843384,1.3264636993408203,1.0063962936401367,1.083341121673584,0.8774465918540955,1.1152665615081787,1.1067566871643066,1.425269603729248,1.2406203746795654,0.9682015776634216,0.6125366687774658,0.3813585340976715,0.0,0.3809163272380829,0.6163130402565002,1.2525674104690552,1.2821440696716309,0.985206663608551,1.1014569997787476,0.9157167077064514,1.143539309501648,1.1429468393325806,1.4759525060653687,1.3138973712921143,1.1274462938308716,0.7929014563560486,0.6323976516723633,0.48907074332237244,0.6053304076194763,0.7269862294197083,1.3261405229568481,1.3883341550827026,1.1330784559249878,1.2713565826416016,1.1184014081954956,1.3342294692993164,1.3272351026535034,1.6466761827468872,1.5171650648117065,1.4069710969924927,1.1388804912567139,1.0400047302246094,0.9626025557518005,1.0359909534454346,1.0952696800231934,1.5558992624282837,1.6325953006744385,1.417311191558838,1.5526220798492432,1.4256560802459717,1.6285449266433716,1.6143300533294678,1.9118252992630005,1.8109432458877563,1.7577229738235474,1.5445632934570312,1.4884755611419678,1.440673589706421,1.5031044483184814,1.5323240756988525,1.8703901767730713,1.9629884958267212,1.7739449739456177,1.9106440544128418,1.7867779731750488,1.9860453605651855,1.9654933214187622,2.24338698387146,2.159801721572876,2.163679361343384,1.9811569452285767,1.963623046875,1.941331386566162,2.0008907318115234,2.1021363735198975
A14,1.317995309829712,1.3841805458068848,1.1349012851715088,1.3136975765228271,1.1848784685134888,1.4681535959243774,1.4762951135635376,1.7967246770858765,1.5922666788101196,1.2997119426727295,0.9725059270858765,0.6613476872444153,0.3809163272380829,0.0,0.3745218515396118,1.1914937496185303,1.3286592960357666,1.1231390237808228,1.3356646299362183,1.2278872728347778,1.4986670017242432,1.5202994346618652,1.8522089719772339,1.6701229810714722,1.4450640678405762,1.1123188734054565,0.8597200512886047,0.6372370719909668,0.48987674713134766,0.5153214931488037,1.258745551109314,1.4206792116165161,1.2529797554016113,1.4769114255905151,1.3913451433181763,1.655367374420166,1.6713484525680542,1.9985578060150146,1.8453254699707031,1.682524561882019,1.39009428024292,1.2052233219146729,1.0516648292541504,0.9803287982940674,0.9566941857337952,1.492301344871521,1.6518590450286865,1.5102486610412598,1.7203326225280762,1.6488608121871948,1.902538776397705,1.9121882915496826,2.2275750637054443,2.1012980937957764,1.992424488067627,1.7446321249008179,1.6180654764175415,1.5036085844039917,1.4700733423233032,1.431098461151123,1.8136451244354248,1.9715893268585205,1.8456693887710571,2.044264793395996,1.9676623344421387,2.21610164642334,2.2194337844848633,2.5222017765045166,2.416252613067627,2.366450786590576,2.147237777709961,2.0742552280426025,1.9938756227493286,1.9888331890106201,2.034468650817871
A15,0.9763319492340088,1.103163242340088,0.9316296577453613,1.1963733434677124,1.1796873807907104,1.5261659622192383,1.6189364194869995,1.9785950183868408,1.835694432258606,1.583516240119934,1.2212636470794678,0.9738527536392212,0.6163130402565002,0.3745218515396118,0.0,0.8749796748161316,1.0725148916244507,0.9538947939872742,1.2401509284973145,1.2388105392456055,1.5700701475143433,1.6741137504577637,2.038377046585083,1.914969801902771,1.7184419631958008,1.3579622507095337,1.1533033847808838,0.8573355078697205,0.7086522579193115,0.5017721056938171,1.0308799743652344,1.2265750169754028,1.1443595886230469,1.4114680290222168,1.4198729991912842,1.7336180210113525,1.824262261390686,2.1805825233459473,2.0801565647125244,1.9335410594940186,1.6099061965942383,1.4546386003494263,1.2338502407073975,1.1588512659072876,1.016152024269104,1.355246663093567,1.523328423500061,1.4532151222229004,1.6838109493255615,1.6901870965957642,1.981934666633606,2.0576772689819336,2.399806499481201,2.3199470043182373,2.2188737392425537,1.9381766319274902,1.83223557472229,1.663870930671692,1.6335735321044922,1.5182536840438843,1.7441301345825195,1.8948194980621338,1.8254185914993286,2.0291428565979004,2.0183045864105225,2.2919819355010986,2.3535890579223633,2.678821563720703,2.614654541015625,2.5686168670654297,2.3175008296966553,2.263606071472168,2.1414060592651367,2.148045301437378,2.1379146575927734
B1,0.4574795961380005,0.5948082804679871,0.7638913989067078,1.0678694248199463,1.2956899404525757,1.6616599559783936,1.916970133781433,2.2957193851470947,2.2861368656158447,2.0983943939208984,1.7240749597549438,1.6242132186889648,1.2525674104690552,1.1914937496185303,0.8749796748161316,0.0,0.3690797984600067,0.6213613152503967,0.9772406220436096,1.2299184799194336,1.6107070446014404,1.8792415857315063,2.2659199237823486,2.272404670715332,2.124211311340332,1.7459620237350464,1.6649807691574097,1.314469814300537,1.287627100944519,0.9718349575996399,0.4964001476764679,0.6164542436599731,0.7903450131416321,1.0809507369995117,1.3170673847198486,1.6877985000610352,1.9374597072601318,2.323866367340088,2.3458199501037598,2.2332165241241455,1.8744919300079346,1.8211206197738647,1.524758219718933,1.540680170059204,1.284946084022522,0.9840547442436218,1.0445482730865479,1.1330043077468872,1.3424087762832642,1.5303332805633545,1.8671212196350098,2.0907347202301025,2.4669346809387207,2.501088857650757,2.4251577854156494,2.0987389087677,2.0784246921539307,1.8421263694763184,1.8947967290878296,1.6958624124526978,1.4667184352874756,1.5068498849868774,1.5394912958145142,1.6947420835494995,1.8301609754562378,2.124356746673584,2.3182549476623535,2.6721808910369873,2.7158071994781494,2.6905643939971924,2.3920366764068604,2.416940689086914,2.2417304515838623,2.3299832344055176,2.245096445083618
B2,0.594122052192688,0.4817238748073578,0.6441433429718018,0.8489791750907898,1.1142972707748413,1.4449645280838013,1.739638328552246,2.105074167251587,2.1475768089294434,1.9995306730270386,1.6410961151123047,1.6216647624969482,1.2821440696716309,1.3286592960357666,1.0725148916244507,0.3690797984600067,0.0,0.38583824038505554,0.6773794293403625,0.9920788407325745,1.3552614450454712,1.6656721830368042,2.043501377105713,2.102972984313965,1.9962444305419922,1.6361863613128662,1.6327487230300903,1.3160426616668701,1.393931269645691,1.1449780464172363,0.6070901155471802,0.4791979491710663,0.5874219536781311,0.7894201874732971,1.0661932229995728,1.4189491271972656,1.7065759897232056,2.085775136947632,2.159367799758911,2.0900778770446777,1.7493298053741455,1.7684227228164673,1.5060255527496338,1.6130505800247192,1.4130433797836304,1.0354022979736328,0.9613473415374756,0.9861392378807068,1.1045705080032349,1.30010986328125,1.6080021858215332,1.8587455749511719,2.2253565788269043,2.3078911304473877,2.2756028175354004,1.968125820159912,2.011967420578003,1.8118168115615845,1.939985990524292,1.7885777950286865,1.495312213897705,1.4457718133926392,1.4236979484558105,1.5023173093795776,1.629135251045227,1.8850308656692505,2.0945661067962646,2.4333693981170654,2.5199666023254395,2.5376861095428467,2.259659767150879,2.3397140502929688,2.2010045051574707,2.348026752471924,2.3012380599975586
B3,0.781526505947113,0.5805527567863464,0.4734624922275543,0.5814374685287476,0.7646205425262451,1.0874857902526855,1.3641972541809082,1.7267309427261353,1.7631096839904785,1.622680902481079,1.2704366445541382,1.2909049987792969,0.985206663608551,1.1231390237808228,0.9538947939872742,0.6213613152503967,0.38583824038505554,0.0,0.3680945336818695,0.619329571723938,0.9948141574859619,1.2877862453460693,1.670170545578003,1.7232784032821655,1.6322846412658691,1.2800570726394653,1.3134794235229492,1.0387732982635498,1.1978201866149902,1.0373585224151611,0.7857149839401245,0.6360229849815369,0.472466379404068,0.5979649424552917,0.7661154270172119,1.1057535409927368,1.3620010614395142,1.74091374874115,1.8070577383041382,1.7618920803070068,1.4396051168441772,1.489516019821167,1.280991792678833,1.4466673135757446,1.3287092447280884,1.147685170173645,1.058666706085205,0.9371025562286377,1.0038442611694336,1.0916529893875122,1.3639097213745117,1.5675690174102783,1.9232016801834106,1.9959379434585571,1.9918975830078125,1.7136222124099731,1.7803491353988647,1.6373051404953003,1.8022115230560303,1.720062255859375,1.5696731805801392,1.5179836750030518,1.3985309600830078,1.4497226476669312,1.4844560623168945,1.7041032314300537,1.8596633672714233,2.179885149002075,2.251951217651367,2.298816204071045,2.055413007736206,2.14923095703125,2.0635111331939697,2.2278289794921875,2.243173837661743
B4,1.079714059829712,0.7889294624328613,0.6181639432907104,0.47619855403900146,0.6165773272514343,0.8396600484848022,1.152526617050171,1.4851691722869873,1.5854908227920532,1.5062099695205688,1.1986132860183716,1.3246515989303589,1.1014569997787476,1.3356646299362183,1.2401509284973145,0.9772406220436096,0.6773794293403625,0.3680945336818695,0.0,0.37416166067123413,0.6931626796722412,1.0350180864334106,1.3982065916061401,1.5183371305465698,1.4939254522323608,1.190815806388855,1.3268239498138428,1.1365779638290405,1.3888764381408691,1.3096950054168701,1.0948094129562378,0.8567368984222412,0.5952321887016296,0.46972084045410156,0.5671954154968262,0.8286364674568176,1.1118959188461304,1.4702272415161133,1.598923921585083,1.6227039098739624,1.3490456342697144,1.4886267185211182,1.3539406061172485,1.6009422540664673,1.5535625219345093,1.3805423974990845,1.21104896068573,1.0068159103393555,0.937305212020874,0.9583423733711243,1.1449763774871826,1.3471736907958984,1.6735175848007202,1.79940664768219,1.8609174489974976,1.6296321153640747,1.7689075469970703,1.6906960010528564,1.9219707250595093,1.8999409675598145,1.7479298114776611,1.633389949798584,1.4471458196640015,1.408751368522644,1.3891866207122803,1.532889723777771,1.6728867292404175,1.956661343574524,2.06986927986145,2.1765336990356445,1.9777203798294067,2.1279773712158203,2.0989744663238525,2.3128528594970703,2.3768415451049805
B5,1.3336260318756104,1.0725090503692627,0.7863732576370239,0.578283965587616,0.4510980546474457,0.5806228518486023,0.8267532587051392,1.1468091011047363,1.2210026979446411,1.1420103311538696,0.8608495593070984,1.0485581159591675,0.9157167077064514,1.2278872728347778,1.2388105392456055,1.2299184799194336,0.9920788407325745,0.619329571723938,0.37416166067123413,0.0,0.38312631845474243,0.6763322949409485,1.0540953874588013,1.1489635705947876,1.1396714448928833,0.8605259656906128,1.0513861179351807,0.9515221118927002,1.2697782516479492,1.291790246963501,1.3060582876205444,1.1129040718078613,0.7688549160957336,0.6194750070571899,0.45326024293899536,0.6200851798057556,0.8110852837562561,1.1671208143234253,1.2675877809524536,1.3174066543579102,1.081045150756836,1.2519590854644775,1.1997478008270264,1.4861149787902832,1.5235424041748047,1.536886215209961,1.39506995677948,1.1124805212020874,1.027947187423706,0.9064316153526306,1.0222949981689453,1.127315640449524,1.429702877998352,1.523531436920166,1.6113057136535645,1.424597144126892,1.5762354135513306,1.5666247606277466,1.8153138160705566,1.8601752519607544,1.8566615581512451,1.7655322551727295,1.5169974565505981,1.4766099452972412,1.3587981462478638,1.4593493938446045,1.5155459642410278,1.7702962160110474,1.8474143743515015,1.9762645959854126,1.8212589025497437,1.9705113172531128,1.995840072631836,2.2100837230682373,2.329749345779419
B6,1.6988600492477417,1.41474449634552,1.1210401058197021,0.8372370004653931,0.6213099360466003,0.4707428812980652,0.6480824947357178,0.8700558543205261,1.0149571895599365,1.023574709892273,0.8615365624427795,1.155693531036377,1.143539309501648,1.4986670017242432,1.5700701475143433,1.6107070446014404,1.3552614450454712,0.9948141574859619,0.6931626796722412,0.38312631845474243,0.0,0.3770481050014496,0.7090920805931091,0.8930450081825256,0.9899674654006958,0.8335570096969604,1.1311635971069336,1.1518793106079102,1.5144542455673218,1.6042225360870361,1.6614466905593872,1.4427242279052734,1.082320213317871,0.8448524475097656,0.5708634257316589,0.4580690264701843,0.5585685968399048,0.8506271243095398,1.0210916996002197,1.174915075302124,1.043316125869751,1.3018221855163574,1.3501911163330078,1.6843974590301514,1.788032054901123,1.8400051593780518,1.6659131050109863,1.3413225412368774,1.175136685371399,0.9619532823562622,0.9247838854789734,0.9491429924964905,1.1746602058410645,1.3119335174560547,1.485816478729248,1.3847945928573608,1.6012358665466309,1.6744598150253296,1.9669932126998901,2.0733258724212646,2.105045795440674,1.9827800989151,1.68563973903656,1.5821824073791504,1.3918952941894531,1.3910973072052002,1.3823233842849731,1.5665655136108398,1.6669315099716187,1.8646583557128906,1.781093955039978,1.9753201007843018,2.069330930709839,2.316102981567383,2.48758864402771
B7,1.9693690538406372,1.714684247970581,1.3803000450134277,1.1179019212722778,0.8052362203598022,0.5646708011627197,0.48298925161361694,0.5867067575454712,0.6749001741409302,0.7118043303489685,0.6772173643112183,1.0294584035873413,1.1429468393325806,1.5202994346618652,1.6741137504577637,1.8792415857315063,1.6656721830368042,1.2877862453460693,1.0350180864334106,0.6763322949409485,0.3770481050014496,0.0,0.3897338807582855,0.5258681178092957,0.6969845294952393,0.6638190150260925,1.0078290700912476,1.1498124599456787,1.5248613357543945,1.6938824653625488,1.9099417924880981,1.731945276260376,1.3541728258132935,1.1549365520477295,0.8178989887237549,0.6271905303001404,0.46465808153152466,0.6548345685005188,0.7546800971031189,0.9659784436225891,0.9332369565963745,1.2031053304672241,1.348373293876648,1.6844083070755005,1.8570647239685059,2.055087089538574,1.9157159328460693,1.5659323930740356,1.4214905500411987,1.1378093957901,1.040856957435608,0.9212637543678284,1.0670421123504639,1.1368341445922852,1.3423328399658203,1.317134976387024,1.5266960859298706,1.6717751026153564,1.957266092300415,2.1201229095458984,2.2816708087921143,2.190141439437866,1.8657442331314087,1.7789952754974365,1.524903416633606,1.4889261722564697,1.3820961713790894,1.5120095014572144,1.551609992980957,1.7658824920654297,1.7412614822387695,1.9181773662567139,2.0647358894348145,2.2955820560455322,2.5138144493103027
B8,2.3553473949432373,2.091562509536743,1.7587205171585083,1.4764769077301025,1.1634249687194824,0.854047954082489,0.6733546257019043,0.5066027045249939,0.6390988230705261,0.7917786240577698,0.9292876720428467,1.2914936542510986,1.4759525060653687,1.8522089719772339,2.038377046585083,2.2659199237823486,2.043501377105713,1.670170545578003,1.3982065916061401,1.0540953874588013,0.7090920805931091,0.3897338807582855,0.0,0.39304208755493164,0.7281978130340576,0.8824858069419861,1.2407480478286743,1.4552053213119507,1.8311883211135864,2.038357734680176,2.2763149738311768,2.0867862701416016,1.7051948308944702,1.4771347045898438,1.1292580366134644,0.8408633470535278,0.5649669766426086,0.47952330112457275,0.6240284442901611,0.961443305015564,1.0745952129364014,1.3789780139923096,1.5960713624954224,1.9437658786773682,2.1595089435577393,2.3843579292297363,2.230219602584839,1.864107370376587,1.6837434768676758,1.3639086484909058,1.1666662693023682,0.9534111022949219,0.9470686912536621,1.0290619134902954,1.3197078704833984,1.4023468494415283,1.6472545862197876,1.8600839376449585,2.163656234741211,2.3727498054504395,2.5663273334503174,2.4591307640075684,2.1094136238098145,1.9873491525650024,1.6888220310211182,1.5715738534927368,1.3913311958312988,1.4194358587265015,1.4579730033874512,1.7324475049972534,1.7922178506851196,1.9945112466812134,2.201530933380127,2.447509288787842,2.7071712017059326
B9,2.392256736755371,2.1764581203460693,1.8244616985321045,1.6018118858337402,1.2546120882034302,1.024357557296753,0.7649215459823608,0.6353371143341064,0.49018439650535583,0.4896080493927002,0.736115038394928,1.056557536125183,1.3138973712921143,1.6701229810714722,1.914969801902771,2.272404670715332,2.102972984313965,1.7232784032821655,1.5183371305465698,1.1489635705947876,0.8930450081825256,0.5258681178092957,0.39304208755493164,0.0,0.3910888731479645,0.6550115942955017,0.9757375121116638,1.2623800039291382,1.6166126728057861,1.8776094913482666,2.250145673751831,2.115422010421753,1.7304259538650513,1.5706294775009155,1.201097011566162,0.9857597351074219,0.6487579941749573,0.6085101962089539,0.47302231192588806,0.7288912534713745,0.879672110080719,1.1272571086883545,1.3960782289505005,1.7139838933944702,1.9723073244094849,2.329097270965576,2.2286319732666016,1.859943151473999,1.7431490421295166,1.4030524492263794,1.2588117122650146,0.990094006061554,1.008868932723999,0.9350032210350037,1.1512128114700317,1.245065689086914,1.4269503355026245,1.6666146516799927,1.9326428174972534,2.1704330444335938,2.485574960708618,2.430299997329712,2.081019163131714,2.017233371734619,1.6995227336883545,1.628723382949829,1.4060170650482178,1.4593427181243896,1.3922187089920044,1.6037431955337524,1.6642343997955322,1.805517554283142,2.0211191177368164,2.2246921062469482,2.5029008388519287
B10,2.301068067550659,2.1303112506866455,1.7922874689102173,1.6358460187911987,1.3071733713150024,1.1853759288787842,0.974892795085907,0.968173086643219,0.7309775948524475,0.47205206751823425,0.6521949172019958,0.8653201460838318,1.1274462938308716,1.4450640678405762,1.7184419631958008,2.124211311340332,1.9962444305419922,1.6322846412658691,1.4939254522323608,1.1396714448928833,0.9899674654006958,0.6969845294952393,0.7281978130340576,0.3910888731479645,0.0,0.3838551938533783,0.6493037939071655,0.9721627235412598,1.3088951110839844,1.6033414602279663,2.042506456375122,1.949859619140625,1.574540138244629,1.4792720079421997,1.1150739192962646,0.9905687570571899,0.6781890392303467,0.7581620216369629,0.46484556794166565,0.464199960231781,0.5650555491447449,0.7538015842437744,1.0516506433486938,1.3543695211410522,1.6403214931488037,2.074068784713745,2.0147182941436768,1.6521098613739014,1.595450758934021,1.2558039426803589,1.185214877128601,0.9189598560333252,1.0247057676315308,0.8381343483924866,0.9189973473548889,0.9593608975410461,1.0766379833221436,1.3159242868423462,1.5582783222198486,1.8101410865783691,2.1975412368774414,2.182004451751709,1.8407533168792725,1.8320889472961426,1.5153807401657104,1.5093109607696533,1.2884629964828491,1.4104454517364502,1.2697224617004395,1.389162302017212,1.402838945388794,1.4877574443817139,1.6851056814193726,1.8594000339508057,2.138554811477661
B11,1.9367341995239258,1.7860947847366333,1.4609004259109497,1.3505403995513916,1.0540238618850708,1.0392754077911377,0.9225314855575562,1.067213773727417,0.8680586814880371,0.557927668094635,0.4699693024158478,0.6218752264976501,0.7929014563560486,1.1123188734054565,1.3579622507095337,1.7459620237350464,1.6361863613128662,1.2800570726394653,1.190815806388855,0.8605259656906128,0.8335570096969604,0.6638190150260925,0.8824858069419861,0.6550115942955017,0.3838551938533783,0.0,0.36792758107185364,0.6141826510429382,0.978074312210083,1.2408617734909058,1.6702797412872314,1.5967601537704468,1.2302043437957764,1.1865308284759521,0.8520708084106445,0.8568569421768188,0.6731295585632324,0.9262259006500244,0.73306804895401,0.6358955502510071,0.46623432636260986,0.5872862339019775,0.7767572402954102,1.0808743238449097,1.3198310136795044,1.733086109161377,1.6932775974273682,1.348962426185608,1.341502070426941,1.047499656677246,1.0894238948822021,0.9338345527648926,1.1682817935943604,1.0325034856796265,1.036791205406189,0.9287722110748291,1.0004997253417969,1.137560248374939,1.3627891540527344,1.555557131767273,1.9041707515716553,1.906049370765686,1.5930842161178589,1.6253061294555664,1.361950159072876,1.4415680170059204,1.3090660572052002,1.5232977867126465,1.417851209640503,1.4847480058670044,1.3971354961395264,1.4599255323410034,1.5756014585494995,1.7370926141738892,1.9621151685714722
B12,1.8818119764328003,1.8004451990127563,1.4924653768539429,1.4711027145385742,1.205794095993042,1.2858608961105347,1.1797412633895874,1.3626630306243896,1.106185793876648,0.7314744591712952,0.5811905860900879,0.47843584418296814,0.6323976516723633,0.8597200512886047,1.1533033847808838,1.6649807691574097,1.6327487230300903,1.3134794235229492,1.3268239498138428,1.0513861179351807,1.1311635971069336,1.0078290700912476,1.2407480478286743,0.9757375121116638,0.6493037939071655,0.36792758107185364,0.0,0.37517446279525757,0.6630859971046448,0.9811728000640869,1.5643858909606934,1.5733107328414917,1.251520037651062,1.313423991203308,1.0436019897460938,1.1511520147323608,1.0200105905532837,1.2791932821273804,1.0422370433807373,0.8357653021812439,0.6017981171607971,0.4673280119895935,0.5930853486061096,0.7928668260574341,1.0499814748764038,1.612592339515686,1.652726173400879,1.352518081665039,1.4419153928756714,1.2009445428848267,1.3304681777954102,1.2096291780471802,1.4679715633392334,1.2776834964752197,1.1758458614349365,1.0062538385391235,0.9393016695976257,1.0096714496612549,1.1370922327041626,1.3119909763336182,1.7786085605621338,1.852704644203186,1.5826836824417114,1.6968750953674316,1.4736300706863403,1.6273140907287598,1.5179909467697144,1.7676994800567627,1.6134891510009766,1.5924590826034546,1.4538462162017822,1.425205111503601,1.4823871850967407,1.5678242444992065,1.7658600807189941
B13,1.5667946338653564,1.5208505392074585,1.2583155632019043,1.3092615604400635,1.12758469581604,1.3109517097473145,1.3061081171035767,1.5667037963867188,1.3688384294509888,1.0307343006134033,0.7617624402046204,0.5934432744979858,0.48907074332237244,0.6372370719909668,0.8573355078697205,1.314469814300537,1.3160426616668701,1.0387732982635498,1.1365779638290405,0.9515221118927002,1.1518793106079102,1.1498124599456787,1.4552053213119507,1.2623800039291382,0.9721627235412598,0.6141826510429382,0.37517446279525757,0.0,0.3873397409915924,0.6330385804176331,1.200732707977295,1.2462234497070312,0.9651350378990173,1.1127156019210815,0.9363582730293274,1.16416335105896,1.152360200881958,1.479560375213623,1.3088480234146118,1.0979219675064087,0.7700172066688538,0.6054041385650635,0.473601371049881,0.6155457496643066,0.7592589855194092,1.2789496183395386,1.351077675819397,1.0974408388137817,1.256055474281311,1.1030871868133545,1.3322162628173828,1.3153406381607056,1.6376184225082397,1.4980446100234985,1.3693300485610962,1.109971523284912,1.0196874141693115,0.9517830610275269,1.0432841777801514,1.1147418022155762,1.5006687641143799,1.5958274602890015,1.376113772392273,1.5361841917037964,1.3912951946258545,1.6176090240478516,1.594355821609497,1.8996063470840454,1.786312460899353,1.7359107732772827,1.522365689277649,1.4853146076202393,1.4523682594299316,1.5260175466537476,1.6466219425201416
