,A1,A2,A3,A4,A5,A6,A7,A8,A9,A10,A11,A12,A13,A14,A15,B1,B2,B3,B4,B5,B6,B7,B8,B9,B10,B11,B12,B13,B14,B15,C1,C2,C3,C4,C5,C6,C7,C8,C9,C10,C11,C12,C13,C14,C15,D1,D2,D3,D4,D5,D6,D7,D8,D9,D10,D11,D12,D13,D14,D15,E1,E2,E3,E4,E5,E6,E7,E8,E9,E10,E11,E12,E13,E14,E15
A1,0.0,0.3773519694805145,0.6431726813316345,1.0013004541397095,1.1858220100402832,1.1604444980621338,1.1703088283538818,0.8560148477554321,1.0799187421798706,1.1586681604385376,0.9103452563285828,1.1713955402374268,1.1103850603103638,1.3961924314498901,1.6275575160980225,0.5286686420440674,0.6725370287895203,0.8060200214385986,1.1271698474884033,1.3048425912857056,1.2945148944854736,1.3462512493133545,1.0926302671432495,1.2552002668380737,1.4089714288711548,1.234782099723816,1.471001148223877,1.4759401082992554,1.74285888671875,1.9647440910339355,1.006224274635315,1.1020545959472656,1.1735011339187622,1.431493878364563,1.576621651649475,1.5480376482009888,1.6444169282913208,1.4485403299331665,1.5562543869018555,1.7407408952713013,1.606643557548523,1.8235288858413696,1.8507897853851318,2.0952444076538086,2.3182523250579834,1.4799517393112183,1.5600889921188354,1.592379093170166,1.803852915763855,1.9069424867630005,1.8831119537353516,1.9946494102478027,1.8392761945724487,1.9048891067504883,2.110689640045166,2.008004665374756,2.195401191711426,2.253633737564087,2.5326571464538574,2.739398717880249,1.9717371463775635,2.05574893951416,2.061584234237671,2.2465837001800537,2.3126914501190186,2.3003790378570557,2.4124817848205566,2.291982889175415,2.306668996810913,2.5403313636779785,2.4711287021636963,2.662701368331909,2.8022522926330566,2.9505844116210938,3.2347090244293213
A2,0.3773519694805145,0.0,0.3880179524421692,0.6658951044082642,0.9197907447814941,1.0031496286392212,1.1234015226364136,0.9095161557197571,1.224323034286499,1.3870124816894531,1.2079182863235474,1.5119067430496216,1.4788475036621094,1.7722439765930176,1.9910887479782104,0.6558330655097961,0.5691719055175781,0.6128422617912292,0.8371256589889526,1.0606989860534668,1.1435233354568481,1.2989494800567627,1.1380627155303955,1.382199764251709,1.604608416557312,1.4869657754898071,1.7696737051010132,1.8009892702102661,2.090735912322998,2.299710512161255,1.0884932279586792,1.0516213178634644,1.0529879331588745,1.218801736831665,1.3763939142227173,1.419288992881775,1.5990710258483887,1.4788731336593628,1.6567587852478027,1.899520754814148,1.8122080564498901,2.0768420696258545,2.1285252571105957,2.4032204151153564,2.6155130863189697,1.5493327379226685,1.5379818677902222,1.5138797760009766,1.6489288806915283,1.744537591934204,1.7750650644302368,1.9532480239868164,1.8597184419631958,1.9829378128051758,2.2384464740753174,2.174792528152466,2.407899856567383,2.488673448562622,2.793386697769165,2.979133129119873,2.030982732772827,2.0461678504943848,2.006110191345215,2.1307427883148193,2.1844043731689453,2.2110588550567627,2.3779776096343994,2.3079416751861572,2.368785858154297,2.643705129623413,2.6124491691589355,2.839071035385132,3.006774663925171,3.1856958866119385,3.4783504009246826
A3,0.6431726813316345,0.3880179524421692,0.0,0.393035352230072,0.5610925555229187,0.6330356001853943,0.8266350030899048,0.7152803540229797,1.0616528987884521,1.3170840740203857,1.2427310943603516,1.589953064918518,1.6469782590866089,1.9724950790405273,2.226548910140991,0.884895920753479,0.752130925655365,0.5705292820930481,0.7271612286567688,0.8228982090950012,0.8707404732704163,1.076484203338623,1.0100040435791016,1.2524341344833374,1.5489389896392822,1.5225389003753662,1.833342432975769,1.9415844678878784,2.257430076599121,2.504530191421509,1.2523808479309082,1.1851381063461304,1.0581127405166626,1.176106333732605,1.224462628364563,1.2306230068206787,1.4325859546661377,1.3870766162872314,1.5535361766815186,1.8525357246398926,1.842537760734558,2.1277401447296143,2.2451980113983154,2.5441043376922607,2.79178786277771,1.675052523612976,1.645246982574463,1.5333491563796997,1.6398043632507324,1.6458626985549927,1.6410479545593262,1.8280473947525024,1.7957720756530762,1.9031070470809937,2.2002971172332764,2.201667070388794,2.4485456943511963,2.5859436988830566,2.914926052093506,3.124312162399292,2.129072427749634,2.131972074508667,2.025139808654785,2.135140895843506,2.117741107940674,2.1095364093780518,2.2816734313964844,2.261911630630493,2.3064568042755127,2.6119384765625,2.6335887908935547,2.855917453765869,3.065629720687866,3.241929292678833,3.5619680881500244
A4,1.0013004541397095,0.6658951044082642,0.393035352230072,0.0,0.39085647463798523,0.6774129271507263,0.9930744767189026,1.0152333974838257,1.3725547790527344,1.6611467599868774,1.6218212842941284,1.9770855903625488,2.0367352962493896,2.3613271713256836,2.605555772781372,1.1834965944290161,0.9459794163703918,0.7008152008056641,0.6230871677398682,0.7191686630249023,0.8983278870582581,1.2087814807891846,1.2505455017089844,1.5313078165054321,1.8570212125778198,1.8649928569793701,2.1939516067504883,2.309987783432007,2.6350739002227783,2.869985342025757,1.491532564163208,1.331024169921875,1.1442325115203857,1.1259958744049072,1.158684253692627,1.251216173171997,1.5320883989334106,1.5715807676315308,1.7867590188980103,2.117553234100342,2.141672134399414,2.452514886856079,2.5813167095184326,2.896303176879883,3.1325433254241943,1.8752135038375854,1.7697628736495972,1.607174277305603,1.6191864013671875,1.6023409366607666,1.6573522090911865,1.9067049026489258,1.9424190521240234,2.0967259407043457,2.4260151386260986,2.459493398666382,2.7362630367279053,2.886871337890625,3.2304139137268066,3.4206504821777344,2.299246072769165,2.239868640899658,2.0899529457092285,2.13034987449646,2.0922727584838867,2.1241800785064697,2.3482115268707275,2.38299560546875,2.469097852706909,2.803891658782959,2.858977794647217,3.106571912765503,3.3361620903015137,3.535384178161621,3.8589069843292236
A5,1.1858220100402832,0.9197907447814941,0.5610925555229187,0.39085647463798523,0.0,0.3756502866744995,0.7220078110694885,0.8801140785217285,1.2245172262191772,1.543953776359558,1.592053771018982,1.9666221141815186,2.0916309356689453,2.443344831466675,2.6974704265594482,1.2978359460830688,1.0815274715423584,0.7381792664527893,0.6572114825248718,0.513855516910553,0.5999675393104553,0.9345459342002869,1.0747020244598389,1.3407820463180542,1.7013304233551025,1.7851227521896362,2.1291656494140625,2.3036611080169678,2.650153636932373,2.9065499305725098,1.5323923826217651,1.3830562829971313,1.1123552322387695,1.0905590057373047,0.9851034283638,1.0015674829483032,1.274408221244812,1.379970908164978,1.576493740081787,1.9381271600723267,2.027829647064209,2.349975109100342,2.5312798023223877,2.8655893802642822,3.125399112701416,1.8617875576019287,1.764947533607483,1.539093017578125,1.554822564125061,1.443699836730957,1.435700535774231,1.6677887439727783,1.751757264137268,1.8830115795135498,2.235530376434326,2.3243894577026367,2.6076478958129883,2.804504632949829,3.1649506092071533,3.3716070652008057,2.2453062534332275,2.1935462951660156,1.993870735168457,2.043750762939453,1.9360560178756714,1.9144853353500366,2.1222290992736816,2.1937453746795654,2.2567665576934814,2.6073617935180664,2.7065834999084473,2.9452497959136963,3.20784330368042,3.4042723178863525,3.7471837997436523
A6,1.1604444980621338,1.0031496286392212,0.6330356001853943,0.6774129271507263,0.3756502866744995,0.0,0.38527217507362366,0.6054694652557373,0.8962253332138062,1.2426668405532837,1.3523963689804077,1.7229920625686646,1.9036709070205688,2.262956380844116,2.5406394004821777,1.288792610168457,1.1686121225357056,0.8362069129943848,0.9033886194229126,0.6854342222213745,0.5253294110298157,0.7373482584953308,0.8702250123023987,1.053367257118225,1.4303034543991089,1.557745337486267,1.8863564729690552,2.10434627532959,2.4486091136932373,2.7367753982543945,1.5209678411483765,1.4549789428710938,1.1904501914978027,1.2666583061218262,1.1032710075378418,0.9790233373641968,1.1511083841323853,1.2325371503829956,1.3446588516235352,1.705963373184204,1.8243056535720825,2.122789144515991,2.3379459381103516,2.6645936965942383,2.9560773372650146,1.843065857887268,1.8155437707901,1.595693826675415,1.68561851978302,1.5378203392028809,1.4318586587905884,1.585004448890686,1.6457014083862305,1.7013434171676636,2.0422894954681396,2.149334669113159,2.4028451442718506,2.6254420280456543,2.981239080429077,3.22192645072937,2.2216923236846924,2.227924108505249,2.0336923599243164,2.143425464630127,2.0086190700531006,1.914673924446106,2.0600759983062744,2.112070083618164,2.1116979122161865,2.4463696479797363,2.550793409347534,2.752959728240967,3.022991418838501,3.1894476413726807,3.5453402996063232
A7,1.1703088283538818,1.1234015226364136,0.8266350030899048,0.9930744767189026,0.7220078110694885,0.38527217507362366,0.0,0.3793924152851105,0.6048881411552429,0.9233794212341309,1.099026083946228,1.4650102853775024,1.6899863481521606,2.0605905055999756,2.3308677673339844,1.2187104225158691,1.1847872734069824,0.8902568221092224,1.0669893026351929,0.8270418643951416,0.5028839111328125,0.4798043370246887,0.5764573812484741,0.685170590877533,1.0695589780807495,1.2434499263763428,1.5675020217895508,1.8233234882354736,2.1737759113311768,2.4731438159942627,1.3883341550827026,1.3981115818023682,1.1500585079193115,1.3174694776535034,1.1255335807800293,0.8817014098167419,0.9249438047409058,0.9587600827217102,0.9951459765434265,1.3506499528884888,1.4952589273452759,1.781578779220581,2.0263822078704834,2.354602098464966,2.6625633239746094,1.6688306331634521,1.7051327228546143,1.4986799955368042,1.6627048254013062,1.4988629817962646,1.306876540184021,1.3722423315048218,1.392826795578003,1.3830307722091675,1.7072644233703613,1.8265732526779175,2.060441493988037,2.3038790225982666,2.6585099697113037,2.917945146560669,2.0235631465911865,2.0834479331970215,1.902064323425293,2.072117805480957,1.9264321327209473,1.7707926034927368,1.8507195711135864,1.8702843189239502,1.8170260190963745,2.1316421031951904,2.2353644371032715,2.411632776260376,2.6862196922302246,2.836247444152832,3.199392795562744
A8,0.8560148477554321,0.9095161557197571,0.7152803540229797,1.0152333974838257,0.8801140785217285,0.6054694652557373,0.3793924152851105,0.0,0.39097532629966736,0.6650883555412292,0.7517998814582825,1.1257860660552979,1.3245172500610352,1.6923775672912598,1.9683232307434082,0.9415662884712219,1.002714991569519,0.8123911023139954,1.1043171882629395,0.9904322028160095,0.736017107963562,0.6607034206390381,0.5030428171157837,0.5756412148475647,0.9035511016845703,0.9818129539489746,1.2919460535049438,1.511436939239502,1.8496934175491333,2.1519291400909424,1.1790751218795776,1.2648674249649048,1.1123020648956299,1.3638471364974976,1.273300290107727,1.0595868825912476,1.0672807693481445,0.9616677761077881,0.968883752822876,1.2618908882141113,1.317516565322876,1.5764273405075073,1.7777235507965088,2.084465742111206,2.39103627204895,1.5192513465881348,1.6121909618377686,1.4857292175292969,1.7086516618728638,1.6264923810958862,1.4542683362960815,1.4954766035079956,1.4205299615859985,1.3933871984481812,1.6663339138031006,1.7104002237319946,1.9145069122314453,2.113795042037964,2.4474921226501465,2.7133867740631104,1.9235284328460693,2.026475429534912,1.9117767810821533,2.1215102672576904,2.0406012535095215,1.9040297269821167,1.963117241859436,1.9116761684417725,1.8471784591674805,2.122913122177124,2.162715435028076,2.3259100914001465,2.559150457382202,2.693671703338623,3.041205883026123
A9,1.0799187421798706,1.224323034286499,1.0616528987884521,1.3725547790527344,1.2245172262191772,0.8962253332138062,0.6048881411552429,0.39097532629966736,0.0,0.3895222246646881,0.6181283593177795,0.9297767877578735,1.2173982858657837,1.5671324729919434,1.8739478588104248,1.1937907934188843,1.3366563320159912,1.1906895637512207,1.4935623407363892,1.355652093887329,1.0521230697631836,0.8757032752037048,0.6961385607719421,0.5062277913093567,0.7652687430381775,0.8916640877723694,1.124338984489441,1.3992239236831665,1.7073923349380493,2.051586866378784,1.407968282699585,1.5662654638290405,1.4441275596618652,1.722997784614563,1.6071527004241943,1.3374483585357666,1.2499343156814575,1.1106204986572266,0.9694199562072754,1.196247935295105,1.268511414527893,1.4522719383239746,1.6858738660812378,1.9573533535003662,2.3024826049804688,1.7116775512695312,1.8692340850830078,1.7654452323913574,2.025080680847168,1.9240484237670898,1.696009635925293,1.6587283611297607,1.5540356636047363,1.4256808757781982,1.6434599161148071,1.6931133270263672,1.8298735618591309,2.0472214221954346,2.3552308082580566,2.663560628890991,2.0865235328674316,2.2454447746276855,2.148362398147583,2.396721124649048,2.300546169281006,2.1133553981781006,2.1081855297088623,2.031836986541748,1.8936774730682373,2.1246321201324463,2.156714677810669,2.2583484649658203,2.4845004081726074,2.5673840045928955,2.9224720001220703
A10,1.1586681604385376,1.3870124816894531,1.3170840740203857,1.6611467599868774,1.543953776359558,1.2426668405532837,0.9233794212341309,0.6650883555412292,0.3895222246646881,0.0,0.3757120668888092,0.6178222894668579,0.943908154964447,1.289638876914978,1.5703823566436768,1.1777973175048828,1.4057673215866089,1.3444702625274658,1.6929351091384888,1.5916688442230225,1.2918877601623535,1.041147232055664,0.7612650990486145,0.4675523042678833,0.4976571798324585,0.569503128528595,0.7442260980606079,1.0423997640609741,1.3444715738296509,1.6956932544708252,1.3226990699768066,1.5625451803207397,1.5105559825897217,1.844669222831726,1.763004183769226,1.4791170358657837,1.3160403966903687,1.082521915435791,0.862612783908844,0.9673048853874207,0.9780632853507996,1.1007570028305054,1.3281036615371704,1.5807286500930786,1.9370425939559937,1.579392671585083,1.8077452182769775,1.7641645669937134,2.078296184539795,2.0125434398651123,1.7646207809448242,1.663297176361084,1.4807947874069214,1.2977631092071533,1.4336655139923096,1.4308178424835205,1.5141030550003052,1.7118737697601318,1.9978246688842773,2.321978807449341,1.929482340812683,2.1467533111572266,2.101578950881958,2.3971571922302246,2.332484006881714,2.1289327144622803,2.0698349475860596,1.9305813312530518,1.7539879083633423,1.9257726669311523,1.9089093208312988,1.9748468399047852,2.1689112186431885,2.227198362350464,2.573003053665161
A11,0.9103452563285828,1.2079182863235474,1.2427310943603516,1.6218212842941284,1.592053771018982,1.3523963689804077,1.099026083946228,0.7517998814582825,0.6181283593177795,0.3757120668888092,0.0,0.3819812834262848,0.6108390092849731,0.9779383540153503,1.2603548765182495,0.9416345357894897,1.2343508005142212,1.269877314567566,1.650586724281311,1.6387970447540283,1.4082905054092407,1.2122563123703003,0.868323564529419,0.7147373557090759,0.6838457584381104,0.5185257792472839,0.6657518148422241,0.8356468677520752,1.1289626359939575,1.4637541770935059,1.1447522640228271,1.4223805665969849,1.4539885520935059,1.8116295337677002,1.813216209411621,1.5904319286346436,1.472485899925232,1.1892205476760864,1.0520035028457642,1.1130285263061523,0.9940373301506042,1.1012791395187378,1.2230031490325928,1.451740026473999,1.7781105041503906,1.4592233896255493,1.704289436340332,1.7285345792770386,2.054517984390259,2.06152606010437,1.8683685064315796,1.8020732402801514,1.576361894607544,1.45012629032135,1.5589625835418701,1.4687451124191284,1.5478495359420776,1.665686845779419,1.9282877445220947,2.229496479034424,1.8578673601150513,2.080430507659912,2.0903146266937256,2.387169361114502,2.3843255043029785,2.2306458950042725,2.1969406604766846,2.020911931991577,1.8861334323883057,2.0409300327301025,1.9636479616165161,2.0487871170043945,2.192242383956909,2.260429620742798,2.574437141418457
A12,1.1713955402374268,1.5119067430496216,1.589953064918518,1.9770855903625488,1.9666221141815186,1.7229920625686646,1.4650102853775024,1.1257860660552979,0.9297767877578735,0.6178222894668579,0.3819812834262848,0.0,0.3814266324043274,0.6800933480262756,0.9830061793327332,1.2081173658370972,1.541668176651001,1.6260241270065308,2.013096332550049,2.017380475997925,1.7859549522399902,1.5690103769302368,1.2211917638778687,1.0172098875045776,0.8635496497154236,0.6387884616851807,0.5476828217506409,0.6480377316474915,0.8427058458328247,1.2132426500320435,1.379868507385254,1.7014364004135132,1.7823854684829712,2.1543636322021484,2.1728076934814453,1.94524085521698,1.7942814826965332,1.4849400520324707,1.2977674007415771,1.2539606094360352,1.075476884841919,1.0490809679031372,1.1096503734588623,1.245513677597046,1.5851972103118896,1.6521071195602417,1.9438737630844116,2.016357898712158,2.3641209602355957,2.3913934230804443,2.1895084381103516,2.0860252380371094,1.8240149021148682,1.6548551321029663,1.681667447090149,1.5410507917404175,1.5300599336624146,1.5975613594055176,1.794177770614624,2.1182098388671875,2.01819109916687,2.2849411964416504,2.3398444652557373,2.661191940307617,2.6792707443237305,2.5158004760742188,2.444195508956909,2.2296552658081055,2.0607900619506836,2.151223659515381,2.0253567695617676,2.0527279376983643,2.141875743865967,2.1553945541381836,2.4435813426971436
A13,1.1103850603103638,1.4788475036621094,1.6469782590866089,2.0367352962493896,2.0916309356689453,1.9036709070205688,1.6899863481521606,1.3245172500610352,1.2173982858657837,0.943908154964447,0.6108390092849731,0.3814266324043274,0.0,0.38080283999443054,0.6640052795410156,1.1239688396453857,1.4881365299224854,1.6574888229370117,2.0483856201171875,2.123533248901367,1.9503355026245117,1.771344542503357,1.4013423919677734,1.283667802810669,1.1267240047454834,0.8103719353675842,0.7102540135383606,0.5812703967094421,0.7042834758758545,1.0111057758331299,1.306594967842102,1.6442376375198364,1.8007451295852661,2.176788568496704,2.263803005218506,2.089200973510742,1.9714691638946533,1.6386418342590332,1.5188524723052979,1.455448031425476,1.1965038776397705,1.1637320518493652,1.098157525062561,1.1883374452590942,1.4620047807693481,1.5957295894622803,1.8920420408248901,2.0279366970062256,2.3756964206695557,2.4660212993621826,2.312899589538574,2.2369277477264404,1.9483307600021362,1.832149624824524,1.8396389484405518,1.6328785419464111,1.6232937574386597,1.6045578718185425,1.7656810283660889,2.0469608306884766,1.9803190231323242,2.2450132369995117,2.3526856899261475,2.668436288833618,2.7424709796905518,2.6244335174560547,2.5738959312438965,2.332531213760376,2.2058420181274414,2.280667543411255,2.1055502891540527,2.154202938079834,2.1925623416900635,2.2216928005218506,2.4678590297698975
A14,1.3961924314498901,1.7722439765930176,1.9724950790405273,2.3613271713256836,2.443344831466675,2.262956380844116,2.0605905055999756,1.6923775672912598,1.5671324729919434,1.289638876914978,0.9779383540153503,0.6800933480262756,0.38080283999443054,0.0,0.39779114723205566,1.4361369609832764,1.8034822940826416,2.004818916320801,2.391829252243042,2.489468574523926,2.327723503112793,2.151966094970703,1.7813985347747803,1.6524845361709595,1.4674209356307983,1.1496154069900513,0.9634160995483398,0.7428789138793945,0.6536008715629578,0.9050094485282898,1.6113543510437012,1.9543813467025757,2.144904375076294,2.5195252895355225,2.628800392150879,2.4646129608154297,2.3434484004974365,2.0026135444641113,1.8726987838745117,1.7681502103805542,1.4841296672821045,1.377422571182251,1.2372527122497559,1.209023356437683,1.4365980625152588,1.8758950233459473,2.1840381622314453,2.3555948734283447,2.7056527137756348,2.819579601287842,2.675367593765259,2.591090440750122,2.286539077758789,2.16131329536438,2.125650644302368,1.8856090307235718,1.8200064897537231,1.740254521369934,1.8227791786193848,2.0932164192199707,2.235755681991577,2.5160069465637207,2.6598143577575684,2.9803307056427,3.0786585807800293,2.9683618545532227,2.905596971511841,2.6428062915802,2.508953809738159,2.5433619022369385,2.3314368724823,2.3452885150909424,2.3281192779541016,2.316992998123169,2.518618583679199
A15,1.6275575160980225,1.9910887479782104,2.226548910140991,2.605555772781372,2.6974704265594482,2.5406394004821777,2.3308677673339844,1.9683232307434082,1.8739478588104248,1.5703823566436768,1.2603548765182495,0.9830061793327332,0.6640052795410156,0.39779114723205566,0.0,1.5648528337478638,1.9328685998916626,2.1781232357025146,2.5604958534240723,2.683610200881958,2.54228138923645,2.356476068496704,1.9773309230804443,1.8759567737579346,1.6444873809814453,1.2971316576004028,1.0834866762161255,0.7513803243637085,0.5398483872413635,0.6096966862678528,1.650835394859314,2.0065736770629883,2.246166944503784,2.6248462200164795,2.7661399841308594,2.6204755306243896,2.4867894649505615,2.12541127204895,2.0161657333374023,1.8579310178756714,1.5259134769439697,1.3821667432785034,1.1409248113632202,1.036537766456604,1.1689119338989258,1.843231201171875,2.1691160202026367,2.3925766944885254,2.7511308193206787,2.902907371520996,2.7754108905792236,2.677581548690796,2.343834400177002,2.2350714206695557,2.14845871925354,1.8563528060913086,1.7622275352478027,1.6013063192367554,1.62288236618042,1.846689224243164,2.1525189876556396,2.449934482574463,2.6447877883911133,2.9737606048583984,3.1111345291137695,3.0180463790893555,2.9407811164855957,2.6448044776916504,2.525967836380005,2.515712022781372,2.2560641765594482,2.26350474357605,2.1871848106384277,2.1767385005950928,2.3268373012542725
B1,0.5286686420440674,0.6558330655097961,0.884895920753479,1.1834965944290161,1.2978359460830688,1.288792610168457,1.2187104225158691,0.9415662884712219,1.1937907934188843,1.1777973175048828,0.9416345357894897,1.2081173658370972,1.1239688396453857,1.4361369609832764,1.5648528337478638,0.0,0.3718443214893341,0.6459776163101196,1.0059410333633423,1.1996395587921143,1.198814034461975,1.192609190940857,0.9047972559928894,1.1418074369430542,1.2298002243041992,1.0252602100372314,1.3045955896377563,1.2817062139511108,1.5932371616363525,1.7519454956054688,0.4804705083370209,0.6253668069839478,0.7925643920898438,1.1214109659194946,1.313165307044983,1.2958400249481201,1.3591017723083496,1.115444540977478,1.2912235260009766,1.4390339851379395,1.2712345123291016,1.5339363813400269,1.5382107496261597,1.8261003494262695,2.005373477935791,0.9568567872047424,1.0488923788070679,1.1332406997680664,1.392831802368164,1.5460050106048584,1.5335018634796143,1.6283990144729614,1.430678367614746,1.5478888750076294,1.7349157333374023,1.6035659313201904,1.8308842182159424,1.8703817129135132,2.1706831455230713,2.3335421085357666,1.4508898258209229,1.537113904953003,1.575574278831482,1.7869809865951538,1.8924649953842163,1.894819974899292,1.9977344274520874,1.8447189331054688,1.897019624710083,2.120732069015503,2.0345327854156494,2.263408660888672,2.3979949951171875,2.590257167816162,2.8624234199523926
B2,0.6725370287895203,0.5691719055175781,0.752130925655365,0.9459794163703918,1.0815274715423584,1.1686121225357056,1.1847872734069824,1.002714991569519,1.3366563320159912,1.4057673215866089,1.2343508005142212,1.541668176651001,1.4881365299224854,1.8034822940826416,1.9328685998916626,0.3718443214893341,0.0,0.3783898651599884,0.667502760887146,0.9306029677391052,1.035568356513977,1.1336071491241455,0.9508625268936157,1.2755939960479736,1.4388656616210938,1.30497145652771,1.6220414638519287,1.631116271018982,1.9550191164016724,2.103100061416626,0.593599796295166,0.4831623435020447,0.5660262107849121,0.8102562427520752,1.0487518310546875,1.1244285106658936,1.2856498956680298,1.131852149963379,1.3936588764190674,1.6064178943634033,1.4989256858825684,1.8064537048339844,1.8394896984100342,2.1511316299438477,2.3174219131469727,1.018298864364624,0.9712013006210327,0.9809825420379639,1.1521353721618652,1.3141324520111084,1.3738569021224976,1.551011085510254,1.4262406826019287,1.6172765493392944,1.8603572845458984,1.777527928352356,2.053147315979004,2.1179959774017334,2.4410781860351562,2.5782034397125244,1.488135814666748,1.481337308883667,1.46263587474823,1.6022101640701294,1.7013143301010132,1.7550489902496338,1.9248369932174683,1.8300704956054688,1.941239833831787,2.211437940597534,2.1701788902282715,2.437476873397827,2.602191209793091,2.8264684677124023,3.1049907207489014
B3,0.8060200214385986,0.6128422617912292,0.5705292820930481,0.7008152008056641,0.7381792664527893,0.8362069129943848,0.8902568221092224,0.8123911023139954,1.1906895637512207,1.3444702625274658,1.269877314567566,1.6260241270065308,1.6574888229370117,2.004818916320801,2.1781232357025146,0.6459776163101196,0.3783898651599884,0.0,0.3931131362915039,0.5666155815124512,0.6780486106872559,0.8503273725509644,0.7759771347045898,1.1364277601242065,1.3858288526535034,1.3506357669830322,1.7026185989379883,1.7925738096237183,2.1423370838165283,2.333000659942627,0.8169413208961487,0.6606705188751221,0.48896628618240356,0.6600868105888367,0.7789459824562073,0.8368526697158813,1.0558257102966309,0.9967398047447205,1.272696614265442,1.5600295066833496,1.5422732830047607,1.8774402141571045,1.9829875230789185,2.3197975158691406,2.524383306503296,1.1754242181777954,1.0934878587722778,0.9662840366363525,1.087101697921753,1.137624979019165,1.1685059070587158,1.3780630826950073,1.3329728841781616,1.5215091705322266,1.8228241205215454,1.8171732425689697,2.113194704055786,2.24179744720459,2.591732978820801,2.753765106201172,1.6032007932662964,1.5721096992492676,1.46088445186615,1.573265790939331,1.585200309753418,1.606236219406128,1.7961084842681885,1.7658735513687134,1.867761492729187,2.1811113357543945,2.203134775161743,2.470346689224243,2.6833958625793457,2.9072341918945312,3.2154242992401123
B4,1.1271698474884033,0.8371256589889526,0.7271612286567688,0.6230871677398682,0.6572114825248718,0.9033886194229126,1.0669893026351929,1.1043171882629395,1.4935623407363892,1.6929351091384888,1.650586724281311,2.013096332550049,2.0483856201171875,2.391829252243042,2.5604958534240723,1.0059410333633423,0.667502760887146,0.3931131362915039,0.0,0.39547330141067505,0.716414213180542,1.0095511674880981,1.0656954050064087,1.439948558807373,1.7190042734146118,1.7206995487213135,2.0806283950805664,2.1775004863739014,2.52978253364563,2.7082576751708984,1.1193982362747192,0.8529688715934753,0.6061403751373291,0.5042304992675781,0.6298970580101013,0.8423208594322205,1.1656875610351562,1.2181570529937744,1.5358619689941406,1.850797176361084,1.8711565732955933,2.223388433456421,2.3385508060455322,2.685166835784912,2.875453233718872,1.4055500030517578,1.2233105897903442,1.0276298522949219,0.9988386034965515,1.0257594585418701,1.1537054777145386,1.4479933977127075,1.4910855293273926,1.7331702709197998,2.064133644104004,2.094799757003784,2.4171738624572754,2.557154655456543,2.9168920516967773,3.055279016494751,1.7776809930801392,1.664113163948059,1.497635006904602,1.5120127201080322,1.5016638040542603,1.5829631090164185,1.8412489891052246,1.8788975477218628,2.0330193042755127,2.375401258468628,2.4350414276123047,2.727540969848633,2.959125280380249,3.2060325145721436,3.5142312049865723
B5,1.3048425912857056,1.0606989860534668,0.8228982090950012,0.7191686630249023,0.513855516910553,0.6854342222213745,0.8270418643951416,0.9904322028160095,1.355652093887329,1.5916688442230225,1.6387970447540283,2.017380475997925,2.123533248901367,2.489468574523926,2.683610200881958,1.1996395587921143,0.9306029677391052,0.5666155815124512,0.39547330141067505,0.0,0.387557715177536,0.7379753589630127,0.9224478602409363,1.2743823528289795,1.595801830291748,1.6827538013458252,2.052891731262207,2.215798854827881,2.5845487117767334,2.796229124069214,1.2730518579483032,1.05736243724823,0.7166503071784973,0.6305226683616638,0.4719569683074951,0.5730902552604675,0.9177998304367065,1.0665485858917236,1.3584091663360596,1.7144014835357666,1.8126871585845947,2.1715869903564453,2.347813129425049,2.7094106674194336,2.9334163665771484,1.505831241607666,1.3533121347427368,1.0777872800827026,1.059367060661316,0.9307183623313904,0.9609443545341492,1.2425543069839478,1.3546000719070435,1.562835454940796,1.9262160062789917,2.0246212482452393,2.348775625228882,2.543808937072754,2.9196715354919434,3.0852246284484863,1.832233190536499,1.738091230392456,1.5076020956039429,1.5370844602584839,1.4241836071014404,1.4275329113006592,1.6678085327148438,1.75575852394104,1.8752059936523438,2.2399742603302,2.3532114028930664,2.6299428939819336,2.9001946449279785,3.1369824409484863,3.469611883163452
B6,1.2945148944854736,1.1435233354568481,0.8707404732704163,0.8983278870582581,0.5999675393104553,0.5253294110298157,0.5028839111328125,0.736017107963562,1.0521230697631836,1.2918877601623535,1.4082905054092407,1.7859549522399902,1.9503355026245117,2.327723503112793,2.54228138923645,1.198814034461975,1.035568356513977,0.6780486106872559,0.716414213180542,0.387557715177536,0.0,0.3797268867492676,0.638413667678833,0.9411709308624268,1.2869306802749634,1.4346293210983276,1.799238681793213,2.01400089263916,2.386902332305908,2.6308767795562744,1.2619943618774414,1.1490981578826904,0.8160187602043152,0.8796331286430359,0.6340219974517822,0.4538137912750244,0.67732834815979,0.8314117193222046,1.0498381853103638,1.426350712776184,1.5721055269241333,1.9178117513656616,2.1390867233276367,2.500363349914551,2.7591488361358643,1.4797875881195068,1.4132195711135864,1.1396243572235107,1.2231569290161133,1.0337010622024536,0.9067689180374146,1.0848872661590576,1.1830928325653076,1.308029294013977,1.6759555339813232,1.8080414533615112,2.109496593475342,2.3416929244995117,2.7193429470062256,2.9220502376556396,1.7959816455841064,1.7721683979034424,1.5416038036346436,1.6480063199996948,1.49089515209198,1.390203595161438,1.5520679950714111,1.624963641166687,1.6694872379302979,2.027689218521118,2.1571054458618164,2.3984413146972656,2.685455560684204,2.894681930541992,3.2455804347991943
B7,1.3462512493133545,1.2989494800567627,1.076484203338623,1.2087814807891846,0.9345459342002869,0.7373482584953308,0.4798043370246887,0.6607034206390381,0.8757032752037048,1.041147232055664,1.2122563123703003,1.5690103769302368,1.771344542503357,2.151966094970703,2.356476068496704,1.192609190940857,1.1336071491241455,0.8503273725509644,1.0095511674880981,0.7379753589630127,0.3797268867492676,0.0,0.37981799244880676,0.6223466992378235,0.9506742358207703,1.1519988775253296,1.5078377723693848,1.7596086263656616,2.135091781616211,2.388211488723755,1.186941385269165,1.1726192235946655,0.8859348893165588,1.064740538597107,0.8213223218917847,0.4829375147819519,0.445671409368515,0.5417543053627014,0.6832216382026672,1.0671124458312988,1.2524845600128174,1.5889095067977905,1.8442249298095703,2.207047462463379,2.4826953411102295,1.348893165588379,1.366211175918579,1.1195650100708008,1.3004460334777832,1.1020216941833496,0.8539055585861206,0.8929683566093445,0.9351857900619507,0.9759314656257629,1.335805058479309,1.4888588190078735,1.7725387811660767,2.031325578689575,2.4090237617492676,2.6332314014434814,1.633122444152832,1.6788926124572754,1.468221664428711,1.652695894241333,1.4855331182479858,1.3016659021377563,1.371828317642212,1.4014254808425903,1.3763350248336792,1.7163225412368774,1.8480778932571411,2.0615928173065186,2.3568644523620605,2.5488479137420654,2.9092330932617188
B8,1.0926302671432495,1.1380627155303955,1.0100040435791016,1.2505455017089844,1.0747020244598389,0.8702250123023987,0.5764573812484741,0.5030428171157837,0.6961385607719421,0.7612650990486145,0.868323564529419,1.2211917638778687,1.4013423919677734,1.7813985347747803,1.9773309230804443,0.9047972559928894,0.9508625268936157,0.7759771347045898,1.0656954050064087,0.9224478602409363,0.638413667678833,0.37981799244880676,0.0,0.39242279529571533,0.6740944385528564,0.7989796996116638,1.164618730545044,1.3926745653152466,1.7679611444473267,2.0215065479278564,0.9164005517959595,1.0065454244613647,0.8297244310379028,1.1272752285003662,1.009142518043518,0.7306404709815979,0.6324542164802551,0.4593108296394348,0.544479489326477,0.8718571066856384,0.9664454460144043,1.2941664457321167,1.5178264379501343,1.8718140125274658,2.1498961448669434,1.1320836544036865,1.233989953994751,1.0854878425598145,1.3542580604553223,1.2580177783966064,1.0350852012634277,1.023881435394287,0.9180878400802612,0.9171396493911743,1.2152575254440308,1.282815933227539,1.5407226085662842,1.761866569519043,2.1265180110931396,2.3621606826782227,1.476711392402649,1.5869641304016113,1.4586883783340454,1.7025275230407715,1.6135387420654297,1.447310209274292,1.4777169227600098,1.4091545343399048,1.3571224212646484,1.64752197265625,1.7044346332550049,1.9026912450790405,2.157611846923828,2.3343875408172607,2.6834285259246826
B9,1.2552002668380737,1.382199764251709,1.2524341344833374,1.5313078165054321,1.3407820463180542,1.053367257118225,0.685170590877533,0.5756412148475647,0.5062277913093567,0.4675523042678833,0.7147373557090759,1.0172098875045776,1.283667802810669,1.6524845361709595,1.8759567737579346,1.1418074369430542,1.2755939960479736,1.1364277601242065,1.439948558807373,1.2743823528289795,0.9411709308624268,0.6223466992378235,0.39242279529571533,0.0,0.3865545392036438,0.6370150446891785,0.9447590708732605,1.2508277893066406,1.6059489250183105,1.9056321382522583,1.1727299690246582,1.3438726663589478,1.210843801498413,1.5178794860839844,1.3762282133102417,1.0538491010665894,0.8560619950294495,0.662135124206543,0.4635234773159027,0.7213703393936157,0.8599779009819031,1.1113755702972412,1.390070915222168,1.7157411575317383,2.0413894653320312,1.3576867580413818,1.534417986869812,1.4193766117095947,1.7141422033309937,1.5972415208816528,1.3195233345031738,1.2124305963516235,1.0750564336776733,0.9199036955833435,1.1484044790267944,1.2308831214904785,1.4101052284240723,1.6639527082443237,2.0067849159240723,2.2943711280822754,1.6643539667129517,1.8403388261795044,1.7353788614273071,2.0154640674591064,1.9082423448562622,1.6852928400039673,1.6363416910171509,1.5400607585906982,1.3879022598266602,1.6232777833938599,1.6741933822631836,1.7983251810073853,2.052062511444092,2.1722006797790527,2.536227226257324
B10,1.4089714288711548,1.604608416557312,1.5489389896392822,1.8570212125778198,1.7013304233551025,1.4303034543991089,1.0695589780807495,0.9035511016845703,0.7652687430381775,0.4976571798324585,0.6838457584381104,0.8635496497154236,1.1267240047454834,1.4674209356307983,1.6444873809814453,1.2298002243041992,1.4388656616210938,1.3858288526535034,1.7190042734146118,1.595801830291748,1.2869306802749634,0.9506742358207703,0.6740944385528564,0.3865545392036438,0.0,0.3726051449775696,0.6164579391479492,0.9530462026596069,1.2985326051712036,1.5906652212142944,1.1820112466812134,1.4346357583999634,1.3830723762512207,1.7310093641281128,1.6302191019058228,1.3148956298828125,1.0541188716888428,0.7684336304664612,0.4630196690559387,0.470039427280426,0.5450758337974548,0.7351318597793579,1.035870909690857,1.3524092435836792,1.689389705657959,1.2919443845748901,1.5492815971374512,1.5065851211547852,1.850937843322754,1.7745765447616577,1.4860299825668335,1.3051908016204834,1.0754923820495605,0.8380082249641418,0.936806857585907,0.9557243585586548,1.068360686302185,1.3163459300994873,1.6424932479858398,1.951220989227295,1.5512712001800537,1.7978873252868652,1.7549666166305542,2.0840091705322266,2.012159585952759,1.7733737230300903,1.6566890478134155,1.4841669797897339,1.2767161130905151,1.429068684577942,1.4208014011383057,1.4976279735565186,1.7206730842590332,1.8141875267028809,2.1739084720611572
B11,1.234782099723816,1.4869657754898071,1.5225389003753662,1.8649928569793701,1.7851227521896362,1.557745337486267,1.2434499263763428,0.9818129539489746,0.8916640877723694,0.569503128528595,0.5185257792472839,0.6387884616851807,0.8103719353675842,1.1496154069900513,1.2971316576004028,1.0252602100372314,1.30497145652771,1.3506357669830322,1.7206995487213135,1.6827538013458252,1.4346293210983276,1.1519988775253296,0.7989796996116638,0.6370150446891785,0.3726051449775696,0.0,0.3735842704772949,0.6216676831245422,0.990369975566864,1.2700378894805908,0.9897421598434448,1.3072396516799927,1.3529534339904785,1.734807014465332,1.7205915451049805,1.465999722480774,1.2555577754974365,0.9114851951599121,0.7274805903434753,0.6558988690376282,0.4767073690891266,0.6256047487258911,0.8042044639587402,1.112199068069458,1.4327802658081055,1.1420997381210327,1.4440109729766846,1.4877376556396484,1.8558895587921143,1.860350489616394,1.629126787185669,1.4845796823501587,1.1984219551086426,1.0312453508377075,1.0716733932495117,0.9530043005943298,1.039363980293274,1.1831594705581665,1.4843413829803467,1.7800016403198242,1.4543242454528809,1.7261064052581787,1.755677580833435,2.095919609069824,2.095055103302002,1.9089748859405518,1.814630150794983,1.5915651321411133,1.4290354251861572,1.5437633991241455,1.44762122631073,1.5350215435028076,1.6875007152557373,1.7833545207977295,2.1073811054229736
B12,1.471001148223877,1.7696737051010132,1.833342432975769,2.1939516067504883,2.1291656494140625,1.8863564729690552,1.5675020217895508,1.2919460535049438,1.124338984489441,0.7442260980606079,0.6657518148422241,0.5476828217506409,0.7102540135383606,0.9634160995483398,1.0834866762161255,1.3045955896377563,1.6220414638519287,1.7026185989379883,2.0806283950805664,2.052891731262207,1.799238681793213,1.5078377723693848,1.164618730545044,0.9447590708732605,0.6164579391479492,0.3735842704772949,0.0,0.38384371995925903,0.6874269247055054,1.0084139108657837,1.2758864164352417,1.623578667640686,1.7082436084747314,2.09543514251709,2.091564655303955,1.8328275680541992,1.6006075143814087,1.2567241191864014,1.0228734016418457,0.8376250863075256,0.6080527305603027,0.5022885799407959,0.6237830519676208,0.8367992043495178,1.200803518295288,1.39076566696167,1.7296717166900635,1.8153026103973389,2.1945278644561768,2.2122771739959717,1.9734740257263184,1.7952739000320435,1.488512635231018,1.2718585729599,1.2085041999816895,1.0367265939712524,0.9851042628288269,1.0740646123886108,1.299435019493103,1.6371350288391113,1.6547293663024902,1.969160556793213,2.0411179065704346,2.399376153945923,2.4136714935302734,2.2161872386932373,2.081491708755493,1.8259459733963013,1.6209814548492432,1.653570532798767,1.5038820505142212,1.508628010749817,1.5978147983551025,1.6223795413970947,1.9258854389190674
B13,1.4759401082992554,1.8009892702102661,1.9415844678878784,2.309987783432007,2.3036611080169678,2.10434627532959,1.8233234882354736,1.511436939239502,1.3992239236831665,1.0423997640609741,0.8356468677520752,0.6480377316474915,0.5812703967094421,0.7428789138793945,0.7513803243637085,1.2817062139511108,1.631116271018982,1.7925738096237183,2.1775004863739014,2.215798854827881,2.01400089263916,1.7596086263656616,1.3926745653152466,1.2508277893066406,0.9530462026596069,0.6216676831245422,0.38384371995925903,0.0,0.38159075379371643,0.6613304615020752,1.2440189123153687,1.617854356765747,1.7830148935317993,2.177420139312744,2.2411789894104004,2.033236265182495,1.834664225578308,1.4687069654464722,1.3093706369400024,1.112534999847412,0.7890070676803589,0.6526136994361877,0.5202375650405884,0.6450309157371521,0.9524089097976685,1.3577251434326172,1.715092658996582,1.8754321336746216,2.2590889930725098,2.3426709175109863,2.1524102687835693,2.0003106594085693,1.6643714904785156,1.5067424774169922,1.4126266241073608,1.1525999307632446,1.080976128578186,1.030503749847412,1.1911485195159912,1.489026427268982,1.6296038627624512,1.9548590183258057,2.0929853916168213,2.4507319927215576,2.5260488986968994,2.3744122982025146,2.2569315433502197,1.9679718017578125,1.8077290058135986,1.8093111515045166,1.5914454460144043,1.608089804649353,1.6177036762237549,1.6474121809005737,1.8920857906341553
