,A1,A2,A3,A4,A5,A6,A7,A8,A9,A10,A11,A12,A13,A14,A15,B1,B2,B3,B4,B5,B6,B7,B8,B9,B10,B11,B12,B13,B14,B15,C1,C2,C3,C4,C5,C6,C7,C8,C9,C10,C11,C12,C13,C14,C15,D1,D2,D3,D4,D5,D6,D7,D8,D9,D10,D11,D12,D13,D14,D15,E1,E2,E3,E4,E5,E6,E7,E8,E9,E10,E11,E12,E13,E14,E15
A1,0.0,0.3726760447025299,0.6498643755912781,0.9992231130599976,1.2894630432128906,1.6627901792526245,1.9451881647109985,1.9911571741104126,1.66251802444458,1.5637067556381226,1.20387864112854,1.2212425470352173,0.9355559349060059,1.057671308517456,0.8365452289581299,0.4802989065647125,0.6135738492012024,0.8039402961730957,1.1030168533325195,1.384167194366455,1.7298195362091064,2.0814831256866455,2.1262142658233643,1.7825877666473389,1.7318581342697144,1.4206252098083496,1.4587866067886353,1.2513405084609985,1.3891205787658691,1.2122066020965576,0.9756465554237366,1.0359954833984375,1.1532597541809082,1.3723148107528687,1.6155437231063843,1.9248026609420776,2.304464101791382,2.34080171585083,2.000382423400879,1.9913058280944824,1.7324002981185913,1.7870088815689087,1.6476242542266846,1.7839211225509644,1.6648216247558594,1.459219217300415,1.4954968690872192,1.5710656642913818,1.738043189048767,1.94139564037323,2.209592342376709,2.5915253162384033,2.6184229850769043,2.2923202514648438,2.3142716884613037,2.099008321762085,2.169208526611328,2.0907251834869385,2.2257094383239746,2.1547319889068604,1.9502614736557007,1.9706135988235474,2.020946979522705,2.1586759090423584,2.327378749847412,2.5459115505218506,2.931612730026245,2.946790933609009,2.638753652572632,2.7046189308166504,2.5220110416412354,2.6244168281555176,2.5971691608428955,2.7392029762268066,2.78857159614563
A2,0.3726760447025299,0.0,0.3949493169784546,0.6771818399429321,1.0141390562057495,1.3636083602905273,1.648736834526062,1.7459675073623657,1.4505494832992554,1.424998164176941,1.1091431379318237,1.2387537956237793,1.0473438501358032,1.2741475105285645,1.1262060403823853,0.6181056499481201,0.5041055083274841,0.6072752475738525,0.8151965737342834,1.1139582395553589,1.4284441471099854,1.7923022508621216,1.8789376020431519,1.5656288862228394,1.5875188112258911,1.3239561319351196,1.4535043239593506,1.3274002075195312,1.551045536994934,1.4310474395751953,1.0574274063110352,0.9853410720825195,1.0223181247711182,1.1509562730789185,1.3805665969848633,1.648059368133545,2.037257194519043,2.1064183712005615,1.794918417930603,1.8519401550292969,1.6418932676315308,1.7688419818878174,1.6972259283065796,1.9029943943023682,1.8327707052230835,1.5167696475982666,1.4657566547393799,1.4761484861373901,1.5680878162384033,1.7439810037612915,1.9663221836090088,2.351332902908325,2.4020297527313232,2.104283332824707,2.183375835418701,2.014831304550171,2.1412112712860107,2.1217310428619385,2.311566114425659,2.28218936920166,1.993921160697937,1.9520578384399414,1.9465961456298828,2.0243473052978516,2.160684108734131,2.3333892822265625,2.7157304286956787,2.7463114261627197,2.4665894508361816,2.581648826599121,2.4444332122802734,2.5877294540405273,2.612058401107788,2.790990114212036,2.884209156036377
A3,0.6498643755912781,0.3949493169784546,0.0,0.3711743950843811,0.6434020400047302,1.0134042501449585,1.3111826181411743,1.3731240034103394,1.0635433197021484,1.0599322319030762,0.7778541445732117,0.97767174243927,0.9004080295562744,1.213614821434021,1.1854486465454102,0.8147687911987305,0.6653613448143005,0.5052628517150879,0.6413838863372803,0.8318013548851013,1.1390140056610107,1.5150121450424194,1.5585917234420776,1.2342424392700195,1.279563307762146,1.0675907135009766,1.2332438230514526,1.202107548713684,1.4751399755477905,1.4530119895935059,1.1785075664520264,1.0871649980545044,0.9812942147254944,1.0646430253982544,1.1913506984710693,1.433413028717041,1.818641185760498,1.8429841995239258,1.5300885438919067,1.6054283380508423,1.4490277767181396,1.590268611907959,1.5944170951843262,1.8241565227508545,1.8326791524887085,1.5998997688293457,1.5429143905639648,1.458690881729126,1.5237101316452026,1.6154849529266357,1.8117413520812988,2.1829817295074463,2.190211772918701,1.8973026275634766,1.9882742166519165,1.8672434091567993,1.9938267469406128,2.0328917503356934,2.231083869934082,2.264169692993164,2.053609609603882,2.0164923667907715,1.9427865743637085,2.006909132003784,2.0748019218444824,2.227116107940674,2.5927224159240723,2.5811736583709717,2.306990146636963,2.4307711124420166,2.331345319747925,2.462860345840454,2.5306313037872314,2.6985743045806885,2.835876941680908
A4,0.9992231130599976,0.6771818399429321,0.3711743950843811,0.0,0.37895429134368896,0.6894722580909729,0.9957672953605652,1.126241683959961,0.8829492330551147,1.0019745826721191,0.8417187333106995,1.1425901651382446,1.170155644416809,1.5200599431991577,1.5317745208740234,1.1156842708587646,0.8710880875587463,0.6186923384666443,0.5159613490104675,0.6228905320167542,0.8429139256477356,1.2343823909759521,1.3219211101531982,1.0542815923690796,1.2067495584487915,1.0937310457229614,1.3447691202163696,1.4030745029449463,1.7229140996932983,1.744464635848999,1.4053893089294434,1.230188012123108,1.040334939956665,0.992881715297699,1.0451877117156982,1.2001821994781494,1.5826389789581299,1.6342098712921143,1.3717929124832153,1.5308094024658203,1.4546406269073486,1.6625155210494995,1.740157961845398,2.017301559448242,2.069329261779785,1.7726457118988037,1.6498527526855469,1.497214913368225,1.4741305112838745,1.50455904006958,1.627608299255371,1.985964059829712,2.0087831020355225,1.7605501413345337,1.9158598184585571,1.8609042167663574,2.037493944168091,2.138935089111328,2.378385305404663,2.4515669345855713,2.188957691192627,2.1021053791046143,1.9703558683395386,1.9705222845077515,1.9859611988067627,2.07765793800354,2.4253923892974854,2.42047381401062,2.185952663421631,2.3605639934539795,2.318289041519165,2.483388900756836,2.604461669921875,2.79964542388916,2.9777021408081055
A5,1.2894630432128906,1.0141390562057495,0.6434020400047302,0.37895429134368896,0.0,0.38752493262290955,0.6942484378814697,0.7602365016937256,0.5143571496009827,0.7102723121643066,0.6867231726646423,1.0392073392868042,1.1897964477539062,1.5665743350982666,1.6647270917892456,1.358704924583435,1.1385573148727417,0.7998365759849548,0.6441617012023926,0.5030627250671387,0.6446818113327026,1.0195751190185547,1.0317261219024658,0.7663404941558838,0.9636540412902832,0.9562175273895264,1.2301831245422363,1.3866140842437744,1.7241700887680054,1.8249719142913818,1.581805944442749,1.4180415868759155,1.1453794240951538,1.066785216331482,0.9819830656051636,1.0821799039840698,1.4283462762832642,1.41265070438385,1.1632335186004639,1.3397220373153687,1.3404895067214966,1.5515373945236206,1.7035584449768066,1.9880626201629639,2.1074719429016113,1.8965448141098022,1.7829339504241943,1.5630137920379639,1.523065209388733,1.4608162641525269,1.5492068529129028,1.87150239944458,1.8369214534759521,1.603236436843872,1.763028860092163,1.764486312866211,1.9320533275604248,2.0882468223571777,2.326291084289551,2.454624891281128,2.2732183933258057,2.19923996925354,2.0150091648101807,2.0086989402770996,1.9554065465927124,2.027186870574951,2.34405255317688,2.2886526584625244,2.064619541168213,2.2387468814849854,2.2361176013946533,2.3816118240356445,2.5414745807647705,2.7199954986572266,2.935401678085327
A6,1.6627901792526245,1.3636083602905273,1.0134042501449585,0.6894722580909729,0.38752493262290955,0.0,0.3940648138523102,0.5585829019546509,0.519012451171875,0.8599976301193237,0.9829346537590027,1.343532681465149,1.5464601516723633,1.926216959953308,2.045302152633667,1.7262624502182007,1.4751121997833252,1.132534384727478,0.8861396908760071,0.6457937359809875,0.5333525538444519,0.8496342301368713,0.885739266872406,0.7601495981216431,1.0689555406570435,1.1828713417053223,1.4865909814834595,1.7002317905426025,2.04951548576355,2.1787734031677246,1.9149179458618164,1.713817834854126,1.407975673675537,1.2440661191940308,1.0721334218978882,1.030692219734192,1.3188152313232422,1.3106099367141724,1.1572842597961426,1.4128046035766602,1.509109377861023,1.7559081315994263,1.964958906173706,2.2693030834198,2.42189359664917,2.187204122543335,2.0363683700561523,1.7729848623275757,1.663934588432312,1.5304330587387085,1.5231467485427856,1.7974786758422852,1.7627509832382202,1.5997979640960693,1.8171892166137695,1.8950036764144897,2.093280792236328,2.30281400680542,2.5624029636383057,2.725100517272949,2.524198055267334,2.4182960987091064,2.1890265941619873,2.1286442279815674,2.0156044960021973,2.0176374912261963,2.293447732925415,2.2321279048919678,2.0629029273986816,2.2804999351501465,2.3412389755249023,2.505988359451294,2.7138516902923584,2.9054720401763916,3.1552138328552246
A7,1.9451881647109985,1.648736834526062,1.3111826181411743,0.9957672953605652,0.6942484378814697,0.3940648138523102,0.0,0.38300272822380066,0.6003532409667969,0.9218423366546631,1.1356271505355835,1.4930109977722168,1.735444188117981,2.1150364875793457,2.258424997329712,1.9266923666000366,1.6579325199127197,1.296984076499939,1.0073221921920776,0.6793542504310608,0.38269853591918945,0.5231881141662598,0.5573282241821289,0.6001982092857361,0.9729710817337036,1.1858723163604736,1.5159885883331299,1.7816451787948608,2.147080898284912,2.3089282512664795,2.025106191635132,1.7985881567001343,1.4502089023590088,1.230159044265747,0.9605386853218079,0.806856632232666,1.0096592903137207,0.9813584685325623,0.9160535335540771,1.228123664855957,1.4107086658477783,1.6912727355957031,1.9548180103302002,2.284217596054077,2.4734878540039062,2.218679666519165,2.0413477420806885,1.7278449535369873,1.5698747634887695,1.356967568397522,1.2798012495040894,1.4980343580245972,1.4418641328811646,1.3341552019119263,1.5895209312438965,1.73594331741333,1.9613866806030273,2.2218220233917236,2.5064871311187744,2.705176591873169,2.491288423538208,2.3640778064727783,2.086395502090454,1.9889103174209595,1.8127342462539673,1.76964271068573,2.0033843517303467,1.919496774673462,1.7880209684371948,2.029855728149414,2.144927740097046,2.323638916015625,2.5756165981292725,2.7824504375457764,3.065760850906372
A8,1.9911571741104126,1.7459675073623657,1.3731240034103394,1.126241683959961,0.7602365016937256,0.5585829019546509,0.38300272822380066,0.0,0.38336870074272156,0.6751723885536194,0.9842298626899719,1.3032336235046387,1.6059263944625854,1.9729615449905396,2.1733264923095703,1.9654769897460938,1.7537177801132202,1.3714323043823242,1.1609519720077515,0.7998685836791992,0.6418446898460388,0.7286614775657654,0.523711621761322,0.4846566319465637,0.7876026630401611,1.0599205493927002,1.339422583580017,1.6492037773132324,1.9915765523910522,2.2044224739074707,2.0519673824310303,1.8832440376281738,1.5235267877578735,1.3759279251098633,1.0815473794937134,1.0051498413085938,1.1690510511398315,1.0080392360687256,0.8901688456535339,1.1172229051589966,1.3209847211837769,1.5425920486450195,1.8327488899230957,2.1292247772216797,2.3583555221557617,2.236056089401245,2.1137380599975586,1.7943329811096191,1.6972670555114746,1.4646427631378174,1.4414191246032715,1.6352479457855225,1.4900565147399902,1.345430850982666,1.5285764932632446,1.6771275997161865,1.8425229787826538,2.112516164779663,2.3585398197174072,2.5864288806915283,2.500018835067749,2.4248478412628174,2.146980047225952,2.101539373397827,1.9118428230285645,1.9147942066192627,2.1351425647735596,1.9868398904800415,1.822637915611267,2.0061607360839844,2.109596014022827,2.2310657501220703,2.4792864322662354,2.640620470046997,2.931457281112671
A9,1.66251802444458,1.4505494832992554,1.0635433197021484,0.8829492330551147,0.5143571496009827,0.519012451171875,0.6003532409667969,0.38336870074272156,0.0,0.37754154205322266,0.637773334980011,0.9622203707695007,1.254770278930664,1.6232633590698242,1.8229783773422241,1.668161153793335,1.4982401132583618,1.1218969821929932,0.9930204749107361,0.6866306662559509,0.719431459903717,0.9480375051498413,0.7723910808563232,0.5105867981910706,0.6928189396858215,0.8539795279502869,1.0993067026138306,1.3728686571121216,1.7010436058044434,1.900197982788086,1.8042540550231934,1.6803299188613892,1.3505380153656006,1.2827801704406738,1.0642027854919434,1.118237018585205,1.3678585290908813,1.2198292016983032,0.9854187369346619,1.1263766288757324,1.2265934944152832,1.401332974433899,1.6398252248764038,1.9087810516357422,2.1126177310943604,2.043229579925537,1.9639681577682495,1.6868982315063477,1.6579581499099731,1.4959406852722168,1.563876986503601,1.8177775144577026,1.6830978393554688,1.4613840579986572,1.585309624671936,1.650407314300537,1.7758198976516724,1.9909076690673828,2.206376075744629,2.403127908706665,2.3583672046661377,2.319833755493164,2.0880115032196045,2.096991539001465,1.9685274362564087,2.0371391773223877,2.3045473098754883,2.168544292449951,1.9482773542404175,2.0899009704589844,2.1251978874206543,2.2217471599578857,2.4184441566467285,2.5581328868865967,2.8135955333709717
A10,1.5637067556381226,1.424998164176941,1.0599322319030762,1.0019745826721191,0.7102723121643066,0.8599976301193237,0.9218423366546631,0.6751723885536194,0.37754154205322266,0.0,0.3796900808811188,0.6362428665161133,0.9713672399520874,1.319995641708374,1.5603687763214111,1.511826753616333,1.4097886085510254,1.047152042388916,1.0295528173446655,0.7712860107421875,0.9348893165588379,1.1335304975509644,0.9038239121437073,0.5531978607177734,0.48967695236206055,0.5843631029129028,0.7526810169219971,1.0456286668777466,1.3549299240112305,1.5881894826889038,1.6033517122268677,1.544348120689392,1.2291940450668335,1.2550647258758545,1.0651421546936035,1.222036600112915,1.4657074213027954,1.2685075998306274,0.9582101702690125,0.9639723896980286,0.9982881546020508,1.0971485376358032,1.3229451179504395,1.561145305633545,1.7823148965835571,1.8210102319717407,1.8007842302322388,1.5421303510665894,1.5897736549377441,1.452752709388733,1.6015188694000244,1.8600845336914062,1.687921166419983,1.4066218137741089,1.4395806789398193,1.448775053024292,1.5110427141189575,1.6975826025009155,1.8768930435180664,2.076350450515747,2.128237009048462,2.142193078994751,1.9334661960601807,2.0049116611480713,1.900931715965271,2.0360023975372314,2.313897132873535,2.1514556407928467,1.8816478252410889,1.9558340311050415,1.9402936697006226,1.988440990447998,2.150341272354126,2.2558276653289795,2.4959018230438232
A11,1.20387864112854,1.1091431379318237,0.7778541445732117,0.8417187333106995,0.6867231726646423,0.9829346537590027,1.1356271505355835,0.9842298626899719,0.637773334980011,0.3796900808811188,0.0,0.36875709891319275,0.6218875646591187,0.9928185343742371,1.1973166465759277,1.1549630165100098,1.0982050895690918,0.7741260528564453,0.8760238289833069,0.7581093311309814,1.0484544038772583,1.315630555152893,1.1654249429702759,0.7798395156860352,0.6599130630493164,0.5037105083465576,0.6151319146156311,0.7875066995620728,1.0955582857131958,1.2743312120437622,1.2926545143127441,1.275473952293396,1.01944100856781,1.1331894397735596,1.0598602294921875,1.3102151155471802,1.6118988990783691,1.4726266860961914,1.1174248456954956,1.0804219245910645,0.9779755473136902,1.0421417951583862,1.163331389427185,1.382999300956726,1.5407990217208862,1.5719552040100098,1.584574580192566,1.3897721767425537,1.4977960586547852,1.4533483982086182,1.6691105365753174,1.9762221574783325,1.8489280939102173,1.5269193649291992,1.5316044092178345,1.4497010707855225,1.49640953540802,1.603040099143982,1.7663089036941528,1.9054354429244995,1.9353867769241333,1.9701849222183228,1.8202935457229614,1.9321048259735107,1.9022642374038696,2.08443021774292,2.402906656265259,2.2788150310516357,1.9767662286758423,2.0311896800994873,1.9506505727767944,2.000345468521118,2.1026875972747803,2.2096335887908936,2.4009406566619873
A12,1.2212425470352173,1.2387537956237793,0.97767174243927,1.1425901651382446,1.0392073392868042,1.343532681465149,1.4930109977722168,1.3032336235046387,0.9622203707695007,0.6362428665161133,0.36875709891319275,0.0,0.38147324323654175,0.6899653077125549,0.9704756736755371,1.1511849164962769,1.2097172737121582,0.9674773216247559,1.1655319929122925,1.0994348526000977,1.4054322242736816,1.647774338722229,1.4654595851898193,1.0836724042892456,0.8579936623573303,0.6361766457557678,0.5125134587287903,0.5979806780815125,0.8116993308067322,1.0299323797225952,1.2668671607971191,1.3536248207092285,1.1647379398345947,1.3653440475463867,1.3307737112045288,1.6185530424118042,1.9003340005874634,1.7308886051177979,1.360465168952942,1.2256886959075928,1.0580828189849854,0.9922332167625427,1.0385942459106445,1.1636981964111328,1.3203011751174927,1.5359386205673218,1.6340696811676025,1.4919785261154175,1.6751885414123535,1.6628808975219727,1.9246350526809692,2.221430778503418,2.068209409713745,1.7216606140136719,1.6473299264907837,1.509904384613037,1.469407558441162,1.511963129043579,1.598476529121399,1.7201379537582397,1.8947213888168335,1.9985047578811646,1.8941590785980225,2.068309783935547,2.067965507507324,2.2975363731384277,2.614081859588623,2.470341920852661,2.1401138305664062,2.1303396224975586,1.9992189407348633,1.9879467487335205,2.034485340118408,2.0849051475524902,2.2392568588256836
A13,0.9355559349060059,1.0473438501358032,0.9004080295562744,1.170155644416809,1.1897964477539062,1.5464601516723633,1.735444188117981,1.6059263944625854,1.254770278930664,0.9713672399520874,0.6218875646591187,0.38147324323654175,0.0,0.38170623779296875,0.595008134841919,0.8557387590408325,1.0103180408477783,0.885869026184082,1.1814035177230835,1.2353723049163818,1.589391827583313,1.8627960681915283,1.738468050956726,1.352259635925293,1.1386890411376953,0.8268324732780457,0.6788963675498962,0.5210199952125549,0.6547706723213196,0.7471727728843689,1.0213711261749268,1.1793686151504517,1.09822416305542,1.3697361946105957,1.4382370710372925,1.77126145362854,2.083125352859497,1.9642122983932495,1.5823559761047363,1.440929651260376,1.1913893222808838,1.1077929735183716,1.021992564201355,1.101442575454712,1.1481077671051025,1.3531514406204224,1.4941989183425903,1.440763235092163,1.6730680465698242,1.745800256729126,2.0468406677246094,2.3724451065063477,2.262561082839966,1.9000145196914673,1.8149065971374512,1.611050009727478,1.56497323513031,1.5207020044326782,1.5852346420288086,1.6233004331588745,1.761210322380066,1.8863484859466553,1.8531286716461182,2.059312582015991,2.129164934158325,2.389899969100952,2.7328813076019287,2.627882480621338,2.282309055328369,2.2611308097839355,2.0787744522094727,2.074780225753784,2.0612633228302,2.1159379482269287,2.2112889289855957
A14,1.057671308517456,1.2741475105285645,1.213614821434021,1.5200599431991577,1.5665743350982666,1.926216959953308,2.1150364875793457,1.9729615449905396,1.6232633590698242,1.319995641708374,0.9928185343742371,0.6899653077125549,0.38170623779296875,0.0,0.37452009320259094,0.9632440209388733,1.221840500831604,1.191810131072998,1.5200917720794678,1.602689504623413,1.9627718925476074,2.2245469093322754,2.0910983085632324,1.7085464000701904,1.4577462673187256,1.1368030309677124,0.9019318222999573,0.636722981929779,0.525201678276062,0.5464038252830505,1.0897704362869263,1.3442813158035278,1.346703290939331,1.661873459815979,1.7619915008544922,2.112856149673462,2.412952423095703,2.2859232425689697,1.9009034633636475,1.71086585521698,1.426066279411316,1.2628146409988403,1.0829002857208252,1.0307399034500122,1.0064986944198608,1.3910748958587646,1.6120201349258423,1.6285146474838257,1.911025881767273,2.017895460128784,2.3467047214508057,2.6650331020355225,2.5486042499542236,2.175302743911743,2.0404410362243652,1.7933987379074097,1.6848775148391724,1.5622261762619019,1.5416818857192993,1.5214827060699463,1.7802536487579346,1.9679036140441895,1.9949842691421509,2.2486159801483154,2.353980779647827,2.648313522338867,2.9895591735839844,2.8811821937561035,2.519484758377075,2.4507789611816406,2.2236037254333496,2.174518346786499,2.0957298278808594,2.099815845489502,2.133692502975464
A15,0.8365452289581299,1.1262060403823853,1.1854486465454102,1.5317745208740234,1.6647270917892456,2.045302152633667,2.258424997329712,2.1733264923095703,1.8229783773422241,1.5603687763214111,1.1973166465759277,0.9704756736755371,0.595008134841919,0.37452009320259094,0.0,0.7409650087356567,1.0703125,1.1592282056808472,1.520490050315857,1.6867647171020508,2.064150333404541,2.3485395908355713,2.27146315574646,1.8925710916519165,1.677036166191101,1.3242602348327637,1.147188663482666,0.8229811191558838,0.7265798449516296,0.5228283405303955,0.9274097681045532,1.2153514623641968,1.3184505701065063,1.6531563997268677,1.8289543390274048,2.19441294670105,2.517681121826172,2.443821907043457,2.0613300800323486,1.8983819484710693,1.5820064544677734,1.45903742313385,1.2231478691101074,1.1865299940109253,1.045350193977356,1.2869656085968018,1.5119129419326782,1.6060007810592651,1.8979792594909668,2.0701122283935547,2.409985065460205,2.7506179809570312,2.6826999187469482,2.310213804244995,2.196025848388672,1.9199745655059814,1.8450082540512085,1.6803078651428223,1.6794703006744385,1.5848273038864136,1.7160236835479736,1.8908580541610718,1.975890874862671,2.2303295135498047,2.390843152999878,2.6912784576416016,3.0521819591522217,2.9881653785705566,2.628154754638672,2.574631452560425,2.3255257606506348,2.310026168823242,2.2028255462646484,2.2387681007385254,2.2331204414367676
B1,0.4802989065647125,0.6181056499481201,0.8147687911987305,1.1156842708587646,1.358704924583435,1.7262624502182007,1.9266923666000366,1.9654769897460938,1.668161153793335,1.511826753616333,1.1549630165100098,1.1511849164962769,0.8557387590408325,0.9632440209388733,0.7409650087356567,0.0,0.3707212805747986,0.6397427320480347,0.9902583956718445,1.2795345783233643,1.6512516736984253,1.947004795074463,1.9871935844421387,1.6522718667984009,1.545119047164917,1.1950501203536987,1.2161895036697388,0.9618427753448486,1.1150753498077393,0.9085657596588135,0.49545547366142273,0.6105623841285706,0.7998626828193665,1.0955030918121338,1.374049186706543,1.7284979820251465,2.0799214839935303,2.113377094268799,1.7658724784851074,1.7072299718856812,1.4015133380889893,1.4461784362792969,1.2632542848587036,1.4203542470932007,1.2775843143463135,0.9790233969688416,1.037034273147583,1.150248646736145,1.372389793395996,1.6123675107955933,1.926932692527771,2.298752784729004,2.3245952129364014,1.983396291732788,1.9661928415298462,1.7104668617248535,1.7761528491973877,1.6665140390396118,1.8186523914337158,1.7301228046417236,1.470130443572998,1.5020782947540283,1.5744398832321167,1.7483112812042236,1.946296215057373,2.2058029174804688,2.591038703918457,2.606131076812744,2.280470609664917,2.3139052391052246,2.1000266075134277,2.2024929523468018,2.1538877487182617,2.3128507137298584,2.3539841175079346
B2,0.6135738492012024,0.5041055083274841,0.6653613448143005,0.8710880875587463,1.1385573148727417,1.4751121997833252,1.6579325199127197,1.7537177801132202,1.4982401132583618,1.4097886085510254,1.0982050895690918,1.2097172737121582,1.0103180408477783,1.221840500831604,1.0703125,0.3707212805747986,0.0,0.38534146547317505,0.6712027192115784,1.0072942972183228,1.3564627170562744,1.6545190811157227,1.7475162744522095,1.447277545928955,1.4132832288742065,1.1081997156143188,1.239022970199585,1.0805147886276245,1.3286833763122559,1.191133737564087,0.6145198345184326,0.4813699424266815,0.5882471203804016,0.796446681022644,1.0982983112335205,1.4250214099884033,1.789015531539917,1.867701768875122,1.5493627786636353,1.5623528957366943,1.3034974336624146,1.4407578706741333,1.3367503881454468,1.5768473148345947,1.4899362325668335,1.0371184349060059,0.9617933630943298,0.9997203350067139,1.1339678764343262,1.3657536506652832,1.6420990228652954,2.0246381759643555,2.0857269763946533,1.7719178199768066,1.8196405172348022,1.6105871200561523,1.749448299407959,1.7067821025848389,1.9265178442001343,1.8827407360076904,1.5031793117523193,1.4480860233306885,1.4570281505584717,1.558376669883728,1.7325621843338013,1.947599172592163,2.3365917205810547,2.3766183853149414,2.0790460109710693,2.169246196746826,2.0028235912323,2.1593875885009766,2.16839599609375,2.374819278717041,2.4629745483398438
B3,0.8039402961730957,0.6072752475738525,0.5052628517150879,0.6186923384666443,0.7998365759849548,1.132534384727478,1.296984076499939,1.3714323043823242,1.1218969821929932,1.047152042388916,0.7741260528564453,0.9674773216247559,0.885869026184082,1.191810131072998,1.1592282056808472,0.6397427320480347,0.38534146547317505,0.0,0.3690459132194519,0.6432216167449951,1.0115982294082642,1.3189605474472046,1.3808324337005615,1.06866455078125,1.058813214302063,0.7921938300132751,0.9946964383125305,0.9496411681175232,1.272273302078247,1.246291995048523,0.8020415902137756,0.636544942855835,0.476154625415802,0.6141638159751892,0.8122447729110718,1.1335434913635254,1.5054467916488647,1.5462589263916016,1.2186685800552368,1.2594789266586304,1.0536020994186401,1.231853723526001,1.224412441253662,1.5092687606811523,1.5163992643356323,1.154597520828247,1.0590044260025024,0.9536375999450684,1.0388457775115967,1.169276237487793,1.4209578037261963,1.7987031936645508,1.8193349838256836,1.5056612491607666,1.5765725374221802,1.4219690561294556,1.577121615409851,1.6106706857681274,1.8526746034622192,1.8838229179382324,1.5820844173431396,1.5227482318878174,1.4377084970474243,1.5114723443984985,1.601373314857483,1.7902483940124512,2.166464328765869,2.1648616790771484,1.8720427751541138,1.9813528060913086,1.8615919351577759,2.0155084133148193,2.0814242362976074,2.284515857696533,2.427361011505127
B4,1.1030168533325195,0.8151965737342834,0.6413838863372803,0.5159613490104675,0.6441617012023926,0.8861396908760071,1.0073221921920776,1.1609519720077515,0.9930204749107361,1.0295528173446655,0.8760238289833069,1.1655319929122925,1.1814035177230835,1.5200917720794678,1.520490050315857,0.9902583956718445,0.6712027192115784,0.3690459132194519,0.0,0.3769945800304413,0.6888760328292847,1.0062469244003296,1.1376897096633911,0.8925266265869141,1.0063811540603638,0.8605393171310425,1.1590123176574707,1.2143689393997192,1.5701221227645874,1.5859615802764893,1.1032304763793945,0.8466001749038696,0.588864266872406,0.476952463388443,0.5941057205200195,0.8331503868103027,1.2223687171936035,1.3119392395019531,1.039422631263733,1.1894162893295288,1.0838185548782349,1.3463599681854248,1.4249223470687866,1.7532670497894287,1.8041622638702393,1.3784540891647339,1.1987733840942383,1.00802743434906,0.9583151936531067,1.0149116516113281,1.1813503503799438,1.55905020236969,1.6096400022506714,1.3451356887817383,1.5014618635177612,1.427531123161316,1.6484112739562988,1.7545688152313232,2.04095196723938,2.113466262817383,1.7489476203918457,1.6245867013931274,1.469413161277771,1.4547276496887207,1.4832727909088135,1.598691463470459,1.9629837274551392,1.9771428108215332,1.7290407419204712,1.9045451879501343,1.8531986474990845,2.0521929264068604,2.179584503173828,2.4151477813720703,2.600689649581909
B5,1.384167194366455,1.1139582395553589,0.8318013548851013,0.6228905320167542,0.5030627250671387,0.6457937359809875,0.6793542504310608,0.7998685836791992,0.6866306662559509,0.7712860107421875,0.7581093311309814,1.0994348526000977,1.2353723049163818,1.602689504623413,1.6867647171020508,1.2795345783233643,1.0072942972183228,0.6432216167449951,0.3769945800304413,0.0,0.3831508457660675,0.7026857137680054,0.7754409313201904,0.5308246612548828,0.7273947596549988,0.7183429002761841,1.066391110420227,1.2374342679977417,1.6136691570281982,1.7132474184036255,1.3494117259979248,1.122931957244873,0.783008337020874,0.6227603554725647,0.47903910279273987,0.6343292593955994,1.0025131702423096,1.022339105606079,0.7552089095115662,0.9590600728988647,0.9620575904846191,1.2480809688568115,1.4224905967712402,1.7631748914718628,1.8896368741989136,1.5657134056091309,1.4000564813613892,1.127310872077942,1.0435006618499756,0.9581003785133362,1.065775990486145,1.4057164192199707,1.3923805952072144,1.1440068483352661,1.324968934059143,1.3305315971374512,1.5531456470489502,1.731950044631958,2.0221095085144043,2.158616781234741,1.8845336437225342,1.7728734016418457,1.55142080783844,1.5192325115203857,1.452780842781067,1.5327701568603516,1.8606467247009277,1.8177785873413086,1.5846753120422363,1.77191960811615,1.776261806488037,1.9601020812988281,2.1397037506103516,2.3613460063934326,2.5923898220062256
B6,1.7298195362091064,1.4284441471099854,1.1390140056610107,0.8429139256477356,0.6446818113327026,0.5333525538444519,0.38269853591918945,0.6418446898460388,0.719431459903717,0.9348893165588379,1.0484544038772583,1.4054322242736816,1.589391827583313,1.9627718925476074,2.064150333404541,1.6512516736984253,1.3564627170562744,1.0115982294082642,0.6888760328292847,0.3831508457660675,0.0,0.3938600718975067,0.5724209547042847,0.53314208984375,0.8721910119056702,1.0029865503311157,1.3607957363128662,1.5822724103927612,1.9607425928115845,2.083916664123535,1.7097086906433105,1.453380823135376,1.1077487468719482,0.8564589619636536,0.6082025766372681,0.4974023103713989,0.8084462881088257,0.8629248142242432,0.7355794310569763,1.0547795295715332,1.1779043674468994,1.4931954145431519,1.7223154306411743,2.074280023574829,2.229792594909668,1.8861459493637085,1.682913064956665,1.3754159212112427,1.2035398483276367,1.0270674228668213,0.9900659918785095,1.2745473384857178,1.2728112936019897,1.1201528310775757,1.383646011352539,1.4849472045898438,1.7421549558639526,1.9764107465744019,2.2854340076446533,2.454174280166626,2.1578640937805176,2.009312629699707,1.7421342134475708,1.6395139694213867,1.5000112056732178,1.4846233129501343,1.7647255659103394,1.721813440322876,1.559342622756958,1.8063454627990723,1.888673186302185,2.097674608230591,2.329848289489746,2.5661861896514893,2.8311634063720703
B7,2.0814831256866455,1.7923022508621216,1.5150121450424194,1.2343823909759521,1.0195751190185547,0.8496342301368713,0.5231881141662598,0.7286614775657654,0.9480375051498413,1.1335304975509644,1.315630555152893,1.647774338722229,1.8627960681915283,2.2245469093322754,2.3485395908355713,1.947004795074463,1.6545190811157227,1.3189605474472046,1.0062469244003296,0.7026857137680054,0.3938600718975067,0.0,0.38444817066192627,0.6053029298782349,0.9351103901863098,1.153692603111267,1.5050830841064453,1.7665880918502808,2.1439156532287598,2.2966856956481934,1.9235771894454956,1.657063603401184,1.2942428588867188,1.009164810180664,0.6750873923301697,0.3737499415874481,0.4866568148136139,0.5418888330459595,0.5915248394012451,0.9713588953018188,1.1947499513626099,1.5300331115722656,1.808353304862976,2.173008918762207,2.362823724746704,2.012338161468506,1.7886494398117065,1.439286708831787,1.214301586151123,0.9364614486694336,0.7825390100479126,0.9753533005714417,0.9514160752296448,0.890975296497345,1.2111077308654785,1.4014846086502075,1.6861674785614014,1.9729902744293213,2.302142381668091,2.506585121154785,2.2033979892730713,2.0337061882019043,1.7160319089889526,1.5666042566299438,1.3443007469177246,1.2609779834747314,1.4807071685791016,1.410711407661438,1.3042802810668945,1.5875825881958008,1.7416000366210938,1.9675887823104858,2.249342679977417,2.5005390644073486,2.7994742393493652
B8,2.1262142658233643,1.8789376020431519,1.5585917234420776,1.3219211101531982,1.0317261219024658,0.885739266872406,0.5573282241821289,0.523711621761322,0.7723910808563232,0.9038239121437073,1.1654249429702759,1.4654595851898193,1.738468050956726,2.0910983085632324,2.27146315574646,1.9871935844421387,1.7475162744522095,1.3808324337005615,1.1376897096633911,0.7754409313201904,0.5724209547042847,0.38444817066192627,0.0,0.3878861665725708,0.6865385174751282,0.9970186948776245,1.3115127086639404,1.6273126602172852,1.987966775894165,2.195586919784546,1.9535553455352783,1.7459906339645386,1.3645137548446655,1.1614012718200684,0.7955577969551086,0.6381932497024536,0.6895418167114258,0.4846245050430298,0.4598747193813324,0.7776337265968323,1.0613290071487427,1.3474979400634766,1.6692461967468262,2.0079236030578613,2.2452189922332764,2.032902717590332,1.8686884641647339,1.5083379745483398,1.3575469255447388,1.05430006980896,0.9808177351951599,1.128831148147583,0.9669158458709717,0.8554843068122864,1.093874216079712,1.306117057800293,1.5306150913238525,1.8422095775604248,2.1371958255767822,2.379812479019165,2.214252471923828,2.1023993492126465,1.7808201313018799,1.6939657926559448,1.4520596265792847,1.4274253845214844,1.6228365898132324,1.4637342691421509,1.3167299032211304,1.5308666229248047,1.6805665493011475,1.842947244644165,2.131166458129883,2.3364319801330566,2.6513733863830566
B9,1.7825877666473389,1.5656288862228394,1.2342424392700195,1.0542815923690796,0.7663404941558838,0.7601495981216431,0.6001982092857361,0.4846566319465637,0.5105867981910706,0.5531978607177734,0.7798395156860352,1.0836724042892456,1.352259635925293,1.7085464000701904,1.8925710916519165,1.6522718667984009,1.447277545928955,1.06866455078125,0.8925266265869141,0.5308246612548828,0.53314208984375,0.6053029298782349,0.3878861665725708,0.0,0.37972119450569153,0.6485305428504944,0.9703047275543213,1.2760308980941772,1.6382551193237305,1.8419718742370605,1.650944709777832,1.483998417854309,1.108993411064148,0.987486720085144,0.6751822829246521,0.7154616713523865,0.9184755682945251,0.7399646639823914,0.4749067425727844,0.6700751781463623,0.8456774950027466,1.1018532514572144,1.3916949033737183,1.717124581336975,1.939789891242981,1.7820096015930176,1.6624257564544678,1.331788182258606,1.2626022100448608,1.0367600917816162,1.0986535549163818,1.3345346450805664,1.183659553527832,0.9509928226470947,1.0990678071975708,1.2063497304916382,1.38674795627594,1.6491879224777222,1.9189412593841553,2.1376538276672363,2.021423578262329,1.9518979787826538,1.6739704608917236,1.6564021110534668,1.4867912530899048,1.55303156375885,1.810411810874939,1.6633024215698242,1.4379842281341553,1.592057228088379,1.6548658609390259,1.7845009565353394,2.0183441638946533,2.2000014781951904,2.483015298843384
B10,1.7318581342697144,1.5875188112258911,1.279563307762146,1.2067495584487915,0.9636540412902832,1.0689555406570435,0.9729710817337036,0.7876026630401611,0.6928189396858215,0.48967695236206055,0.6599130630493164,0.8579936623573303,1.1386890411376953,1.4577462673187256,1.677036166191101,1.545119047164917,1.4132832288742065,1.058813214302063,1.0063811540603638,0.7273947596549988,0.8721910119056702,0.9351103901863098,0.6865385174751282,0.37972119450569153,0.0,0.375780314207077,0.6321203708648682,0.9748009443283081,1.31720769405365,1.559645175933838,1.486307144165039,1.3926584720611572,1.0371090173721313,1.0330177545547485,0.776409387588501,0.9477379322052002,1.1248780488967896,0.8894877433776855,0.5405277013778687,0.4743511974811554,0.5773888230323792,0.7551906108856201,1.061272382736206,1.3647977113723755,1.61685311794281,1.5806828737258911,1.5300167798995972,1.2175559997558594,1.2467823028564453,1.054854154586792,1.22152578830719,1.4503940343856812,1.2497698068618774,0.9421755075454712,0.9500605463981628,0.9872906804084778,1.0887054204940796,1.334347128868103,1.5712956190109253,1.8038893938064575,1.80246901512146,1.795868992805481,1.5411388874053955,1.6026414632797241,1.461439847946167,1.6115809679031372,1.8743990659713745,1.6918015480041504,1.4055019617080688,1.4665607213974,1.4666393995285034,1.5335638523101807,1.7337990999221802,1.8776757717132568,2.1516873836517334
B11,1.4206252098083496,1.3239561319351196,1.0675907135009766,1.0937310457229614,0.9562175273895264,1.1828713417053223,1.1858723163604736,1.0599205493927002,0.8539795279502869,0.5843631029129028,0.5037105083465576,0.6361766457557678,0.8268324732780457,1.1368030309677124,1.3242602348327637,1.1950501203536987,1.1081997156143188,0.7921938300132751,0.8605393171310425,0.7183429002761841,1.0029865503311157,1.153692603111267,0.9970186948776245,0.6485305428504944,0.375780314207077,0.0,0.3630770742893219,0.6312719583511353,0.9987930059432983,1.2030203342437744,1.130418062210083,1.082779049873352,0.7683859467506409,0.8841489553451538,0.7658400535583496,1.063651442527771,1.3098763227462769,1.1498883962631226,0.7657525539398193,0.6299870610237122,0.4742943346500397,0.5973641872406006,0.7940947413444519,1.1014833450317383,1.3024587631225586,1.2647486925125122,1.256780982017517,1.0022742748260498,1.1226086616516113,1.04685378074646,1.3082512617111206,1.5932836532592773,1.4466835260391235,1.0924474000930786,1.048040747642517,0.9460824131965637,1.0149166584014893,1.16153883934021,1.3851470947265625,1.5591126680374146,1.545465111732483,1.5708391666412354,1.3790464401245117,1.5019522905349731,1.4522587060928345,1.668809175491333,1.9784618616104126,1.8387614488601685,1.5119154453277588,1.5372339487075806,1.4471542835235596,1.5071545839309692,1.6316620111465454,1.7742644548416138,1.995587706565857
B12,1.4587866067886353,1.4535043239593506,1.2332438230514526,1.3447691202163696,1.2301831245422363,1.4865909814834595,1.5159885883331299,1.339422583580017,1.0993067026138306,0.7526810169219971,0.6151319146156311,0.5125134587287903,0.6788963675498962,0.9019318222999573,1.147188663482666,1.2161895036697388,1.239022970199585,0.9946964383125305,1.1590123176574707,1.066391110420227,1.3607957363128662,1.5050830841064453,1.3115127086639404,0.9703047275543213,0.6321203708648682,0.3630770742893219,0.0,0.3782384693622589,0.6870049238204956,0.9612727761268616,1.1236064434051514,1.1922305822372437,0.9629434943199158,1.1706150770187378,1.1036434173583984,1.4149823188781738,1.6359516382217407,1.443142056465149,1.0671288967132568,0.826850414276123,0.6016295552253723,0.4797527492046356,0.5939281582832336,0.8104889988899231,1.044994831085205,1.2366582155227661,1.3326770067214966,1.1458312273025513,1.351971983909607,1.3148577213287354,1.6109977960586548,1.8743927478790283,1.6976338624954224,1.3312036991119385,1.1886061429977417,1.0201736688613892,0.9569082260131836,1.0253169536590576,1.1582839488983154,1.3304542303085327,1.5049222707748413,1.6158398389816284,1.4780546426773071,1.6740384101867676,1.65646231174469,1.919325590133667,2.218000888824463,2.054171085357666,1.7032982110977173,1.6485655307769775,1.499161720275879,1.4754433631896973,1.533840298652649,1.606026291847229,1.7938357591629028
B13,1.2513405084609985,1.3274002075195312,1.202107548713684,1.4030745029449463,1.3866140842437744,1.7002317905426025,1.7816451787948608,1.6492037773132324,1.3728686571121216,1.0456286668777466,0.7875066995620728,0.5979806780815125,0.5210199952125549,0.636722981929779,0.8229811191558838,0.9618427753448486,1.0805147886276245,0.9496411681175232,1.2143689393997192,1.2374342679977417,1.5822724103927612,1.7665880918502808,1.6273126602172852,1.2760308980941772,0.9748009443283081,0.6312719583511353,0.3782384693622589,0.0,0.3814670443534851,0.5881707668304443,0.8501013517379761,1.0206867456436157,0.9128690361976624,1.2138237953186035,1.2622512578964233,1.6203060150146484,1.8734062910079956,1.7329498529434204,1.3519750833511353,1.1179291009902954,0.8041267395019531,0.6426119208335876,0.5011165738105774,0.636228084564209,0.7537182569503784,1.0040518045425415,1.1780784130096436,1.100745677947998,1.3808948993682861,1.445050835609436,1.7856619358062744,2.0772688388824463,1.945870041847229,1.5675362348556519,1.4097480773925781,1.1572835445404053,1.068723440170288,0.9998366236686707,1.0838572978973389,1.1519230604171753,1.3297724723815918,1.487358808517456,1.4397691488265991,1.6873888969421387,1.7541987895965576,2.056445360183716,2.3812248706817627,2.2572498321533203,1.8907328844070435,1.8143595457077026,1.5978256464004517,1.5692917108535767,1.540531873703003,1.6034671068191528,1.7137900590896606
