,A1,A2,A3,A4,A5,A6,A7,A8,A9,A10,A11,A12,A13,A14,A15,B1,B2,B3,B4,B5,B6,B7,B8,B9,B10,B11,B12,B13,B14,B15,C1,C2,C3,C4,C5,C6,C7,C8,C9,C10,C11,C12,C13,C14,C15,D1,D2,D3,D4,D5,D6,D7,D8,D9,D10,D11,D12,D13,D14,D15,E1,E2,E3,E4,E5,E6,E7,E8,E9,E10,E11,E12,E13,E14,E15
A1,0.0,0.36383798718452454,0.6117711067199707,0.9450188875198364,1.226288080215454,1.601812481880188,1.8765654563903809,2.2659852504730225,2.267604112625122,2.1179683208465576,1.7309284210205078,1.6458168029785156,1.2808135747909546,1.256224513053894,0.9182488322257996,0.43559321761131287,0.579680323600769,0.7647728323936462,1.0551536083221436,1.3156441450119019,1.680965542793274,1.9394161701202393,2.3246335983276367,2.352038860321045,2.2417476177215576,1.8758413791656494,1.8298907279968262,1.5251128673553467,1.5345994234085083,1.2507848739624023,0.927357017993927,0.9856411814689636,1.0968596935272217,1.303680181503296,1.516950011253357,1.8522889614105225,2.086320161819458,2.4588840007781982,2.504741668701172,2.435265064239502,2.0985121726989746,2.0800352096557617,1.8345004320144653,1.8859120607376099,1.6540725231170654,1.407219409942627,1.4372092485427856,1.4922654628753662,1.6373404264450073,1.8022385835647583,2.0990073680877686,2.308138370513916,2.66050124168396,2.716977834701538,2.6849045753479004,2.3817028999328613,2.3965158462524414,2.2068324089050293,2.2866709232330322,2.1126785278320312,1.8709404468536377,1.8964998722076416,1.9125757217407227,2.0215065479278564,2.137295961380005,2.3953697681427,2.5792834758758545,2.900467872619629,2.9677953720092773,2.9874825477600098,2.714745044708252,2.7734222412109375,2.6373860836029053,2.7492291927337646,2.7231383323669434
A2,0.36383798718452454,0.0,0.39129555225372314,0.643069863319397,0.9820780754089355,1.3342362642288208,1.6486153602600098,2.030066728591919,2.083869218826294,1.9789621829986572,1.6061514616012573,1.6012468338012695,1.274354100227356,1.3553756475448608,1.0799438953399658,0.5817434787750244,0.47330406308174133,0.5808690786361694,0.7779573202133179,1.0694117546081543,1.413203477859497,1.704058289527893,2.0801479816436768,2.156893730163574,2.0928423404693604,1.748339295387268,1.7746460437774658,1.5104514360427856,1.6087027788162231,1.3819509744644165,1.0206403732299805,0.9462896585464478,0.9766485691070557,1.0894880294799805,1.2991702556610107,1.6032840013504028,1.8584089279174805,2.2187905311584473,2.310840606689453,2.288194179534912,1.9769155979156494,2.022876024246216,1.8199862241744995,1.9433786869049072,1.7604907751083374,1.476266622543335,1.4203102588653564,1.4087965488433838,1.4754183292388916,1.6203181743621826,1.8777542114257812,2.0969579219818115,2.432440757751465,2.530580520629883,2.5439605712890625,2.2675609588623047,2.3384482860565186,2.1914803981781006,2.3293700218200684,2.201608419418335,1.921267032623291,1.888026475906372,1.847833514213562,1.8951282501220703,1.984774112701416,2.201549768447876,2.3865184783935547,2.6853959560394287,2.7888784408569336,2.851102113723755,2.60552978515625,2.7107622623443604,2.6150238513946533,2.7715694904327393,2.785586357116699
A3,0.6117711067199707,0.39129555225372314,0.0,0.3600229024887085,0.6183001399040222,0.9915388226509094,1.2777055501937866,1.6650723218917847,1.7017455101013184,1.6042463779449463,1.2342870235443115,1.2538520097732544,0.9635772705078125,1.1159141063690186,0.9274410009384155,0.7478837370872498,0.6338542103767395,0.4639589786529541,0.6089462041854858,0.7811368703842163,1.1182588338851929,1.3685483932495117,1.7451103925704956,1.8047239780426025,1.7557677030563354,1.4259448051452637,1.4705650806427002,1.255860447883606,1.397467017173767,1.2468241453170776,1.1080585718154907,1.0387489795684814,0.9204534888267517,1.002756953239441,1.0971530675888062,1.3729418516159058,1.576238751411438,1.9263803958892822,2.000462532043457,1.9975703954696655,1.710720419883728,1.7692663669586182,1.6186387538909912,1.763988733291626,1.6449774503707886,1.5252360105514526,1.4824883937835693,1.3747550249099731,1.428460955619812,1.479544758796692,1.705056071281433,1.8679896593093872,2.1858434677124023,2.2646169662475586,2.2992634773254395,2.052298069000244,2.129192352294922,2.0304834842681885,2.1757090091705322,2.100717306137085,1.944507122039795,1.9329067468643188,1.8241263628005981,1.87251615524292,1.8849750757217407,2.075115442276001,2.2044410705566406,2.483513355255127,2.5654218196868896,2.648442029953003,2.433460235595703,2.5373611450195312,2.482762098312378,2.635935068130493,2.6966755390167236
A4,0.9450188875198364,0.643069863319397,0.3600229024887085,0.0,0.38779565691947937,0.699993908405304,1.0377038717269897,1.4076565504074097,1.512538194656372,1.4819422960281372,1.1542412042617798,1.2814315557479858,1.0787360668182373,1.3232253789901733,1.2123887538909912,1.0456814765930176,0.829986035823822,0.573937177658081,0.47607675194740295,0.5877218842506409,0.8541351556777954,1.1313798427581787,1.486814260482788,1.6083649396896362,1.6267313957214355,1.3450417518615723,1.4788990020751953,1.33766770362854,1.559484601020813,1.4768956899642944,1.338242530822754,1.1849778890609741,0.9828771948814392,0.9324582815170288,0.9625446200370789,1.1610187292099,1.3663326501846313,1.6877329349517822,1.8151825666427612,1.8762811422348022,1.6376702785491943,1.7692147493362427,1.682296872138977,1.8915925025939941,1.8295540809631348,1.7038822174072266,1.597499132156372,1.421630620956421,1.3868534564971924,1.383658528327942,1.538405418395996,1.690090298652649,1.9736855030059814,2.09627103805542,2.1888692378997803,1.9866983890533447,2.122302532196045,2.079820394515991,2.2756917476654053,2.251842498779297,2.084489345550537,2.026771068572998,1.8607295751571655,1.846488118171692,1.8123666048049927,1.9420340061187744,2.0534982681274414,2.2950899600982666,2.4115641117095947,2.545417070388794,2.3715293407440186,2.5206220149993896,2.515136241912842,2.7061119079589844,2.8089747428894043
A5,1.226288080215454,0.9820780754089355,0.6183001399040222,0.38779565691947937,0.0,0.3836194574832916,0.6667163372039795,1.0493806600570679,1.1268023252487183,1.10844886302948,0.8039267659187317,0.9933955073356628,0.892905056476593,1.2084335088729858,1.2125102281570435,1.2762781381607056,1.097890853881836,0.7488003373146057,0.6112156510353088,0.4443090558052063,0.6236584782600403,0.8081942200660706,1.1612818241119385,1.2543675899505615,1.2956068515777588,1.0512679815292358,1.2185885906219482,1.1647711992263794,1.4277982711791992,1.4381924867630005,1.4929494857788086,1.3658602237701416,1.07610023021698,1.0078349113464355,0.8826667666435242,1.009819507598877,1.1197596788406372,1.4167590141296387,1.5134308338165283,1.5988285541534424,1.4033335447311401,1.5496701002120972,1.5342210531234741,1.759958028793335,1.7705113887786865,1.8006938695907593,1.7176082134246826,1.4728076457977295,1.435094952583313,1.3277589082717896,1.4333288669586182,1.50185227394104,1.7544667720794678,1.8451035022735596,1.9592301845550537,1.7989096641540527,1.9367730617523193,1.9509423971176147,2.1480445861816406,2.1803457736968994,2.1382949352264404,2.1068172454833984,1.8878718614578247,1.8817942142486572,1.7696096897125244,1.867051601409912,1.9075926542282104,2.120999574661255,2.204357862472534,2.355834484100342,2.219782829284668,2.3612327575683594,2.399420738220215,2.5809378623962402,2.728276491165161
A6,1.601812481880188,1.3342362642288208,0.9915388226509094,0.699993908405304,0.3836194574832916,0.0,0.3806612193584442,0.7146266102790833,0.8883991241455078,0.9801051616668701,0.7990283966064453,1.103198766708374,1.127164602279663,1.481999397277832,1.5484369993209839,1.6330111026763916,1.421086311340332,1.0619866847991943,0.8282831907272339,0.5517492294311523,0.45355507731437683,0.5566466450691223,0.8441752791404724,1.0134844779968262,1.1602096557617188,1.0243065357208252,1.2829900979995728,1.331641674041748,1.643837571144104,1.7199628353118896,1.8015475273132324,1.6374247074127197,1.3049962520599365,1.1499204635620117,0.9290871620178223,0.9023632407188416,0.9386758804321289,1.1581343412399292,1.30470609664917,1.4774993658065796,1.3710763454437256,1.5871219635009766,1.6555033922195435,1.925340175628662,1.997491478919983,2.055373430252075,1.938184142112732,1.6423484086990356,1.5383250713348389,1.3548190593719482,1.355994701385498,1.3642076253890991,1.5460031032562256,1.668738842010498,1.853155255317688,1.7653964757919312,1.954928994178772,2.0392634868621826,2.272157907485962,2.360966205596924,2.3435826301574707,2.2857089042663574,2.016730546951294,1.9625239372253418,1.787885308265686,1.808829665184021,1.7975802421569824,1.9491175413131714,2.052060842514038,2.259645700454712,2.18434739112854,2.361280679702759,2.4582645893096924,2.664724826812744,2.857715129852295
A7,1.8765654563903809,1.6486153602600098,1.2777055501937866,1.0377038717269897,0.6667163372039795,0.3806612193584442,0.0,0.3916528522968292,0.5200765132904053,0.6926171183586121,0.6402198076248169,0.9894356727600098,1.1405080556869507,1.502410888671875,1.6536548137664795,1.893985629081726,1.7223962545394897,1.3439334630966187,1.1494587659835815,0.8095879554748535,0.6358975172042847,0.47493788599967957,0.6566779613494873,0.7569497227668762,0.9606000781059265,0.9256128668785095,1.1906858682632446,1.3384524583816528,1.6477344036102295,1.7966738939285278,2.027543783187866,1.9011051654815674,1.545277714729309,1.4153108596801758,1.1236140727996826,1.036672830581665,0.9283554553985596,1.0648317337036133,1.1451691389083862,1.3477317094802856,1.3151167631149292,1.5218546390533447,1.6623204946517944,1.918900489807129,2.0506670475006104,2.2438740730285645,2.160717248916626,1.8391660451889038,1.7553396224975586,1.5088573694229126,1.470778465270996,1.3796848058700562,1.5028072595596313,1.568626046180725,1.769540786743164,1.7375578880310059,1.909810185432434,2.046421527862549,2.259629964828491,2.3940341472625732,2.4973599910736084,2.4724271297454834,2.179673671722412,2.1462154388427734,1.9186352491378784,1.9156203269958496,1.8290096521377563,1.9407293796539307,1.993100643157959,2.2094762325286865,2.177643060684204,2.3313584327697754,2.465942621231079,2.6477885246276855,2.8750271797180176
A8,2.2659852504730225,2.030066728591919,1.6650723218917847,1.4076565504074097,1.0493806600570679,0.7146266102790833,0.3916528522968292,0.0,0.3934696912765503,0.7349593639373779,0.8746064305305481,1.235937476158142,1.460180401802063,1.8212255239486694,2.0096640586853027,2.2690563201904297,2.085222005844116,1.7041105031967163,1.4814207553863525,1.1284387111663818,0.8569134473800659,0.581296443939209,0.48934727907180786,0.6314898729324341,0.9614784717559814,1.0768418312072754,1.374076008796692,1.5961085557937622,1.9170398712158203,2.1109964847564697,2.369535207748413,2.229264736175537,1.8565614223480225,1.6919838190078735,1.3617851734161377,1.175955057144165,0.9732977747917175,0.9575155973434448,1.0482616424560547,1.3337489366531372,1.4123554229736328,1.6537736654281616,1.863599181175232,2.1359736919403076,2.3161566257476807,2.543707847595215,2.4468560218811035,2.0988540649414062,1.9821739196777344,1.688093662261963,1.5684221982955933,1.4026738405227661,1.4224300384521484,1.4898426532745361,1.750624418258667,1.8035732507705688,2.0032505989074707,2.2016944885253906,2.4294118881225586,2.6114614009857178,2.752962112426758,2.7173991203308105,2.393813371658325,2.3337180614471436,2.0589306354522705,1.9919062852859497,1.8433657884597778,1.8787505626678467,1.926635503768921,2.1870920658111572,2.223351240158081,2.3934998512268066,2.5813069343566895,2.7713687419891357,3.0370140075683594
A9,2.267604112625122,2.083869218826294,1.7017455101013184,1.512538194656372,1.1268023252487183,0.8883991241455078,0.5200765132904053,0.3934696912765503,0.0,0.3950408399105072,0.6505587100982666,0.9705364108085632,1.2683628797531128,1.6069698333740234,1.8538812398910522,2.2396113872528076,2.1079587936401367,1.719258427619934,1.562325358390808,1.187620759010315,0.9872337579727173,0.6526907086372375,0.6169189214706421,0.48842668533325195,0.7282167673110962,0.8749739527702332,1.112614393234253,1.3853298425674438,1.6759884357452393,1.916323184967041,2.3028154373168945,2.2162435054779053,1.8420981168746948,1.7409565448760986,1.39223313331604,1.257657766342163,1.0017462968826294,1.0161739587783813,0.9555986523628235,1.1627929210662842,1.2430973052978516,1.4207030534744263,1.6555752754211426,1.888716220855713,2.100817918777466,2.448606014251709,2.403864860534668,2.0580506324768066,2.0001933574676514,1.6910619735717773,1.6144630908966064,1.4074246883392334,1.4521470069885254,1.4156278371810913,1.6136454343795776,1.6601394414901733,1.7987737655639648,2.00404691696167,2.188222646713257,2.386171817779541,2.638180732727051,2.6522533893585205,2.334953784942627,2.3289401531219482,2.0431864261627197,2.015206813812256,1.8362499475479126,1.8984932899475098,1.867614984512329,2.0763440132141113,2.10249400138855,2.2168197631835938,2.399662971496582,2.5458130836486816,2.8168113231658936
A10,2.1179683208465576,1.9789621829986572,1.6042463779449463,1.4819422960281372,1.10844886302948,0.9801051616668701,0.6926171183586121,0.7349593639373779,0.3950408399105072,0.0,0.3893505334854126,0.6498555541038513,0.9860442280769348,1.3091297149658203,1.590027093887329,2.035914659500122,1.9434105157852173,1.5611990690231323,1.4660485982894897,1.096866250038147,0.9850534200668335,0.6783686876296997,0.77064448595047,0.48945143818855286,0.47175827622413635,0.5576801300048828,0.7334476709365845,1.0353918075561523,1.313468337059021,1.584999918937683,2.0445241928100586,1.9984428882598877,1.6311683654785156,1.5895733833312988,1.2435325384140015,1.1806254386901855,0.9279770255088806,1.0330253839492798,0.8617438077926636,0.9331582188606262,0.9506331086158752,1.0628855228424072,1.2962895631790161,1.5067696571350098,1.735474944114685,2.153899908065796,2.148568630218506,1.8118282556533813,1.8092679977416992,1.5047990083694458,1.4903658628463745,1.2856870889663696,1.3995438814163208,1.2869750261306763,1.393895149230957,1.388671636581421,1.4700565338134766,1.6563254594802856,1.8120710849761963,2.0105106830596924,2.3239614963531494,2.3750109672546387,2.0709784030914307,2.114436626434326,1.837088942527771,1.8631842136383057,1.689937710762024,1.8102478981018066,1.7249712944030762,1.8661495447158813,1.848437786102295,1.9159702062606812,2.0719335079193115,2.1895740032196045,2.4511520862579346
A11,1.7309284210205078,1.6061514616012573,1.2342870235443115,1.1542412042617798,0.8039267659187317,0.7990283966064453,0.6402198076248169,0.8746064305305481,0.6505587100982666,0.3893505334854126,0.0,0.3763437569141388,0.6285032629966736,0.9821134209632874,1.2256098985671997,1.6561284065246582,1.579352617263794,1.203104019165039,1.154119610786438,0.8168991804122925,0.8328424096107483,0.6622530221939087,0.9275211691856384,0.7524787187576294,0.6595903038978577,0.47406622767448425,0.5929006934165955,0.7723629474639893,1.0529485940933228,1.2682455778121948,1.6974326372146606,1.6663413047790527,1.3178037405014038,1.3202844858169556,1.0247515439987183,1.0721402168273926,0.9351238012313843,1.1684081554412842,1.0554255247116089,1.0633018016815186,0.9322423934936523,1.0057227611541748,1.1303420066833496,1.3290317058563232,1.4898282289505005,1.857494592666626,1.864096760749817,1.5571051836013794,1.5895113945007324,1.3438808917999268,1.414793848991394,1.3033463954925537,1.5108160972595215,1.4365055561065674,1.496809720993042,1.3918402194976807,1.4530669450759888,1.554348349571228,1.7010576725006104,1.83450448513031,2.083674192428589,2.140632152557373,1.8713130950927734,1.9380269050598145,1.7177354097366333,1.806745171546936,1.7096747159957886,1.8987523317337036,1.8450901508331299,1.9530837535858154,1.861348032951355,1.924146294593811,2.0152430534362793,2.1334803104400635,2.3458712100982666
A12,1.6458168029785156,1.6012468338012695,1.2538520097732544,1.2814315557479858,0.9933955073356628,1.103198766708374,0.9894356727600098,1.235937476158142,0.9705364108085632,0.6498555541038513,0.3763437569141388,0.0,0.3857479393482208,0.6617351770401001,0.9698389172554016,1.552138090133667,1.5588845014572144,1.2241040468215942,1.2836586236953735,1.018123745918274,1.1380091905593872,1.0205563306808472,1.2913055419921875,1.0705819129943848,0.8732557892799377,0.6236956119537354,0.4879274070262909,0.5898736715316772,0.7572405934333801,0.9935451149940491,1.574519395828247,1.6265445947647095,1.3276163339614868,1.4285472631454468,1.1937004327774048,1.3279790878295898,1.2247806787490845,1.483234167098999,1.314663052558899,1.2195937633514404,1.022152066230774,0.953548789024353,1.0050610303878784,1.1007568836212158,1.2429636716842651,1.7310090065002441,1.8123985528945923,1.5543073415756226,1.6707316637039185,1.4723821878433228,1.6171536445617676,1.5284037590026855,1.7712416648864746,1.6441961526870728,1.6186681985855103,1.4584858417510986,1.4232922792434692,1.4613065719604492,1.5264792442321777,1.622933030128479,1.9653140306472778,2.0845046043395996,1.8620682954788208,1.9969497919082642,1.8156602382659912,1.967185139656067,1.8891141414642334,2.1177031993865967,2.019918203353882,2.058110237121582,1.9198484420776367,1.9136611223220825,1.9501198530197144,2.007359027862549,2.183328151702881
A13,1.2808135747909546,1.274354100227356,0.9635772705078125,1.0787360668182373,0.892905056476593,1.127164602279663,1.1405080556869507,1.460180401802063,1.2683628797531128,0.9860442280769348,0.6285032629966736,0.3857479393482208,0.0,0.37925803661346436,0.6051740646362305,1.1800774335861206,1.2257161140441895,0.9319323301315308,1.0803653001785278,0.9197654128074646,1.1601216793060303,1.1663199663162231,1.5032681226730347,1.3482857942581177,1.1493701934814453,0.8113325834274292,0.6565843224525452,0.5030223727226257,0.6046033501625061,0.7036817073822021,1.2362241744995117,1.3208472728729248,1.0751571655273438,1.2446649074554443,1.1084924936294556,1.3414818048477173,1.3436343669891357,1.665368676185608,1.547277808189392,1.4295787811279297,1.1482343673706055,1.059777021408081,0.9715985059738159,1.0359015464782715,1.0605716705322266,1.455011010169983,1.5556931495666504,1.3543415069580078,1.5145156383514404,1.4019997119903564,1.621575951576233,1.6206223964691162,1.9201363325119019,1.831844449043274,1.7790107727050781,1.5479859113693237,1.5033169984817505,1.4488213062286377,1.5034997463226318,1.512850284576416,1.7533988952636719,1.8772374391555786,1.7074776887893677,1.8651665449142456,1.7564224004745483,1.9622571468353271,1.9579167366027832,2.2336106300354004,2.1688947677612305,2.1824424266815186,1.9857330322265625,1.9810709953308105,1.952217698097229,2.01340651512146,2.128876209259033
A14,1.256224513053894,1.3553756475448608,1.1159141063690186,1.3232253789901733,1.2084335088729858,1.481999397277832,1.502410888671875,1.8212255239486694,1.6069698333740234,1.3091297149658203,0.9821134209632874,0.6617351770401001,0.37925803661346436,0.0,0.37639427185058594,1.153151273727417,1.3077939748764038,1.107873558998108,1.3410563468933105,1.2536273002624512,1.5262264013290405,1.5447553396224976,1.8770939111709595,1.699530839920044,1.4678943157196045,1.1357483863830566,0.8904919624328613,0.6662067174911499,0.5181912779808044,0.5175514817237854,1.2042652368545532,1.3900262117385864,1.237870216369629,1.4828691482543945,1.4122225046157837,1.6819288730621338,1.699123740196228,2.0242724418640137,1.8797831535339355,1.7151457071304321,1.4137846231460571,1.2396408319473267,1.0769206285476685,1.0038734674453735,0.947647750377655,1.4282008409500122,1.6112711429595947,1.4896361827850342,1.7172355651855469,1.659682273864746,1.9213957786560059,1.9373315572738647,2.250225305557251,2.134005546569824,2.029714584350586,1.7681993246078491,1.6524057388305664,1.5317132472991943,1.4957680702209473,1.435547113418579,1.7390472888946533,1.923639178276062,1.8213424682617188,2.0344061851501465,1.9732441902160645,2.221837282180786,2.236175298690796,2.5333619117736816,2.442876100540161,2.40663480758667,2.1768479347229004,2.1169886589050293,2.0315101146698,2.0314719676971436,2.090667486190796
A15,0.9182488322257996,1.0799438953399658,0.9274410009384155,1.2123887538909912,1.2125102281570435,1.5484369993209839,1.6536548137664795,2.0096640586853027,1.8538812398910522,1.590027093887329,1.2256098985671997,0.9698389172554016,0.6051740646362305,0.37639427185058594,0.0,0.8320690989494324,1.0490561723709106,0.9441190361976624,1.2450042963027954,1.2676101922988892,1.5989773273468018,1.6993930339813232,2.0635666847229004,1.94140625,1.731717586517334,1.3690454959869385,1.1709620952606201,0.8721023201942444,0.7348048090934753,0.513746440410614,0.9664925336837769,1.1842437982559204,1.1232235431671143,1.4067063331604004,1.4338957071304321,1.752724289894104,1.844852328300476,2.2003440856933594,2.105881690979004,1.9522496461868286,1.6185799837112427,1.472801685333252,1.2436885833740234,1.179823875427246,1.0091084241867065,1.2829258441925049,1.467846155166626,1.4203935861587524,1.6630629301071167,1.6874198913574219,1.9867877960205078,2.070232391357422,2.411018133163452,2.3387563228607178,2.2375707626342773,1.9427626132965088,1.848110318183899,1.6744105815887451,1.6528425216674805,1.5200181007385254,1.6628669500350952,1.8305034637451172,1.7853062152862549,1.9968785047531128,2.003720760345459,2.279036045074463,2.3534352779388428,2.6737167835235596,2.6228291988372803,2.5856895446777344,2.3242368698120117,2.2850801944732666,2.1594350337982178,2.178999900817871,2.1876583099365234
B1,0.43559321761131287,0.5817434787750244,0.7478837370872498,1.0456814765930176,1.2762781381607056,1.6330111026763916,1.893985629081726,2.2690563201904297,2.2396113872528076,2.035914659500122,1.6561284065246582,1.552138090133667,1.1800774335861206,1.153151273727417,0.8320690989494324,0.0,0.3651854693889618,0.6139863729476929,0.9568524360656738,1.2213687896728516,1.597760558128357,1.8545663356781006,2.241778612136841,2.239656448364258,2.075035572052002,1.6939016580581665,1.6239725351333618,1.2825556993484497,1.287827968597412,0.9833952784538269,0.4921836256980896,0.5979002118110657,0.7749066948890686,1.0565080642700195,1.3022675514221191,1.6699415445327759,1.9132554531097412,2.2997236251831055,2.3189241886138916,2.198209524154663,1.8359822034835815,1.794822096824646,1.5099797248840332,1.561586618423462,1.306609869003296,0.9719817638397217,1.01924729347229,1.1090984344482422,1.3073928356170654,1.5052977800369263,1.8406753540039062,2.0647823810577393,2.437924861907959,2.471924066543579,2.394345760345459,2.0635509490966797,2.059762477874756,1.8369139432907104,1.919669270515442,1.7291615009307861,1.435866355895996,1.4705246686935425,1.507393717765808,1.6504768133163452,1.7923029661178589,2.0849721431732178,2.2849268913269043,2.630199432373047,2.6790852546691895,2.6592776775360107,2.360832691192627,2.4053173065185547,2.243232250213623,2.357659101486206,2.3154468536376953
B2,0.579680323600769,0.47330406308174133,0.6338542103767395,0.829986035823822,1.097890853881836,1.421086311340332,1.7223962545394897,2.085222005844116,2.1079587936401367,1.9434105157852173,1.579352617263794,1.5588845014572144,1.2257161140441895,1.3077939748764038,1.0490561723709106,0.3651854693889618,0.0,0.38979002833366394,0.6614539623260498,0.9887425899505615,1.3487770557403564,1.6489324569702148,2.0280022621154785,2.0776076316833496,1.953728437423706,1.5913898944854736,1.601283311843872,1.29948091506958,1.406957745552063,1.1693278551101685,0.6150025725364685,0.473783940076828,0.5797129273414612,0.7684376239776611,1.055403470993042,1.4066556692123413,1.6892372369766235,2.06939959526062,2.139679193496704,2.0614776611328125,1.7199143171310425,1.7527501583099365,1.508996605873108,1.647398591041565,1.4473074674606323,1.0337319374084473,0.9481183290481567,0.9676289558410645,1.0726743936538696,1.277801513671875,1.5853400230407715,1.8385921716690063,2.2025580406188965,2.2849581241607666,2.250035047531128,1.940707802772522,2.002894163131714,1.8214629888534546,1.975715160369873,1.8347423076629639,1.4666082859039307,1.415976881980896,1.3933435678482056,1.4600486755371094,1.5910329818725586,1.8478636741638184,2.065225839614868,2.3950231075286865,2.4877445697784424,2.5088279247283936,2.2326126098632812,2.3329355716705322,2.2101075649261475,2.3804047107696533,2.377760410308838
B3,0.7647728323936462,0.5808690786361694,0.4639589786529541,0.573937177658081,0.7488003373146057,1.0619866847991943,1.3439334630966187,1.7041105031967163,1.719258427619934,1.5611990690231323,1.203104019165039,1.2241040468215942,0.9319323301315308,1.107873558998108,0.9441190361976624,0.6139863729476929,0.38979002833366394,0.0,0.35979199409484863,0.6154339909553528,0.988018274307251,1.2685097455978394,1.6520084142684937,1.6945067644119263,1.58591628074646,1.232148289680481,1.279832124710083,1.0263854265213013,1.2100861072540283,1.0630615949630737,0.7801178693771362,0.6330416798591614,0.4576413035392761,0.5843448638916016,0.7522528171539307,1.0937334299087524,1.3427408933639526,1.7217872142791748,1.7849072217941284,1.731044054031372,1.4094667434692383,1.4742310047149658,1.2894847393035889,1.476637601852417,1.3558087348937988,1.130622386932373,1.043920874595642,0.9128726124763489,0.9777933359146118,1.0666651725769043,1.3414273262023926,1.5462416410446167,1.8984556198120117,1.9719361066818237,1.9666246175765991,1.6871544122695923,1.772238850593567,1.6504415273666382,1.8309786319732666,1.7575666904449463,1.5224297046661377,1.4840644598007202,1.3625108003616333,1.413309097290039,1.446445107460022,1.6677017211914062,1.8295224905014038,2.1399455070495605,2.2201602458953857,2.2722861766815186,2.0306618213653564,2.143045663833618,2.073192834854126,2.2529149055480957,2.309964418411255
B4,1.0551536083221436,0.7779573202133179,0.6089462041854858,0.47607675194740295,0.6112156510353088,0.8282831907272339,1.1494587659835815,1.4814207553863525,1.562325358390808,1.4660485982894897,1.154119610786438,1.2836586236953735,1.0803653001785278,1.3410563468933105,1.2450042963027954,0.9568524360656738,0.6614539623260498,0.35979199409484863,0.0,0.3830118477344513,0.7031322717666626,1.0362685918807983,1.400517225265503,1.5101197957992554,1.46798837184906,1.1654359102249146,1.3160135746002197,1.1491413116455078,1.4150669574737549,1.342166781425476,1.082392692565918,0.8469498753547668,0.5786363482475281,0.4569469094276428,0.5566834211349487,0.8281782865524292,1.1090553998947144,1.4681122303009033,1.59531569480896,1.6094564199447632,1.3396859169006348,1.4939789772033691,1.3852460384368896,1.6430457830429077,1.5872262716293335,1.3603177070617676,1.1952693462371826,0.9812415838241577,0.9121116399765015,0.9346345067024231,1.1282260417938232,1.3379158973693848,1.661678671836853,1.790894627571106,1.8500940799713135,1.6192880868911743,1.7774895429611206,1.7214804887771606,1.9604194164276123,1.9446511268615723,1.6950420141220093,1.5975542068481445,1.4077234268188477,1.3721531629562378,1.3502206802368164,1.4991660118103027,1.6502939462661743,1.9244225025177002,2.049874782562256,2.1597650051116943,1.9629160165786743,2.1316733360290527,2.118112564086914,2.342634677886963,2.445491313934326
B5,1.3156441450119019,1.0694117546081543,0.7811368703842163,0.5877218842506409,0.4443090558052063,0.5517492294311523,0.8095879554748535,1.1284387111663818,1.187620759010315,1.096866250038147,0.8168991804122925,1.018123745918274,0.9197654128074646,1.2536273002624512,1.2676101922988892,1.2213687896728516,0.9887425899505615,0.6154339909553528,0.3830118477344513,0.0,0.37848418951034546,0.6649022698402405,1.0424128770828247,1.1321001052856445,1.1113097667694092,0.8400922417640686,1.051171064376831,0.9839561581611633,1.3075867891311646,1.33622407913208,1.2998977899551392,1.1135660409927368,0.7604029178619385,0.6219455003738403,0.43890291452407837,0.6128972172737122,0.7999982237815857,1.1530673503875732,1.258231282234192,1.304627776145935,1.0786536931991577,1.268627643585205,1.2476950883865356,1.5346622467041016,1.5627855062484741,1.5190030336380005,1.3876163959503174,1.0938401222229004,1.016419768333435,0.8849161267280579,1.0042479038238525,1.1139914989471436,1.4099454879760742,1.5126155614852905,1.6045715808868408,1.4219701290130615,1.5946975946426392,1.6099853515625,1.8573938608169556,1.9079698324203491,1.8034958839416504,1.7371906042099,1.4839240312576294,1.4535828828811646,1.3273783922195435,1.428248405456543,1.491957664489746,1.7336058616638184,1.8281570672988892,1.966443657875061,1.8153208494186401,1.9829331636428833,2.0245182514190674,2.2431397438049316,2.399296998977661
B6,1.680965542793274,1.413203477859497,1.1182588338851929,0.8541351556777954,0.6236584782600403,0.45355507731437683,0.6358975172042847,0.8569134473800659,0.9872337579727173,0.9850534200668335,0.8328424096107483,1.1380091905593872,1.1601216793060303,1.5262264013290405,1.5989773273468018,1.597760558128357,1.3487770557403564,0.988018274307251,0.7031322717666626,0.37848418951034546,0.0,0.37241607904434204,0.7025065422058105,0.8785001635551453,0.9642370939254761,0.8216021060943604,1.133691430091858,1.1838140487670898,1.5442817211151123,1.639107346534729,1.6488749980926514,1.4396061897277832,1.0695569515228271,0.8480702638626099,0.5517358183860779,0.4489845633506775,0.5465742349624634,0.8353985548019409,1.0113756656646729,1.1608538627624512,1.0442206859588623,1.3179763555526733,1.3966268301010132,1.7222497463226318,1.8160854578018188,1.814237117767334,1.6547577381134033,1.3174325227737427,1.1645604372024536,0.9350078701972961,0.9029315114021301,0.9323804378509521,1.1513025760650635,1.2991293668746948,1.4766327142715454,1.3820865154266357,1.6170668601989746,1.7151345014572144,1.9975248575210571,2.1095387935638428,2.040875196456909,1.9493143558502197,1.64521324634552,1.5587302446365356,1.3551528453826904,1.3562134504318237,1.353715181350708,1.5241751670837402,1.644797444343567,1.8506261110305786,1.7715476751327515,1.9810847043991089,2.090975046157837,2.335176467895508,2.5408475399017334
B7,1.9394161701202393,1.704058289527893,1.3685483932495117,1.1313798427581787,0.8081942200660706,0.5566466450691223,0.47493788599967957,0.581296443939209,0.6526907086372375,0.6783686876296997,0.6622530221939087,1.0205563306808472,1.1663199663162231,1.5447553396224976,1.6993930339813232,1.8545663356781006,1.6489324569702148,1.2685097455978394,1.0362685918807983,0.6649022698402405,0.37241607904434204,0.0,0.3890892565250397,0.515535295009613,0.6753455400466919,0.6606055498123169,1.010713815689087,1.1768054962158203,1.5412116050720215,1.7132881879806519,1.8803695440292358,1.715569019317627,1.329190731048584,1.1517895460128784,0.7960101962089539,0.6191042065620422,0.45356485247612,0.6399610638618469,0.7482927441596985,0.9543761610984802,0.9354649782180786,1.2165402173995972,1.3860523700714111,1.7035800218582153,1.8646751642227173,2.0096564292907715,1.890201210975647,1.530603289604187,1.407408356666565,1.108095407485962,1.0210380554199219,0.9051015973091125,1.0454810857772827,1.1277408599853516,1.337074637413025,1.3147387504577637,1.5385587215423584,1.7032244205474854,1.968860387802124,2.1343157291412354,2.198049783706665,2.1436758041381836,1.8155556917190552,1.754179835319519,1.4887678623199463,1.4565407037734985,1.3546830415725708,1.4730204343795776,1.5346063375473022,1.7578197717666626,1.7334002256393433,1.9208884239196777,2.0783839225769043,2.2988815307617188,2.5453789234161377
B8,2.3246335983276367,2.0801479816436768,1.7451103925704956,1.486814260482788,1.1612818241119385,0.8441752791404724,0.6566779613494873,0.48934727907180786,0.6169189214706421,0.77064448595047,0.9275211691856384,1.2913055419921875,1.5032681226730347,1.8770939111709595,2.0635666847229004,2.241778612136841,2.0280022621154785,1.6520084142684937,1.400517225265503,1.0424128770828247,0.7025065422058105,0.3890892565250397,0.0,0.3837467133998871,0.7192190289497375,0.8912099003791809,1.248399019241333,1.4833295345306396,1.8455196619033813,2.0557050704956055,2.2495510578155518,2.074897289276123,1.6851557493209839,1.4799562692642212,1.1141003370285034,0.839238166809082,0.5635675191879272,0.4683903157711029,0.6243656277656555,0.9592742323875427,1.0881633758544922,1.3981930017471313,1.637579083442688,1.9612336158752441,2.166599750518799,2.3432633876800537,2.2118287086486816,1.8363229036331177,1.680295467376709,1.3440287113189697,1.1577376127243042,0.947387158870697,0.9335532188415527,1.029734492301941,1.324886679649353,1.4121674299240112,1.666696310043335,1.8980196714401245,2.1746764183044434,2.3868308067321777,2.487114191055298,2.421103000640869,2.067549705505371,1.975454568862915,1.664326786994934,1.5520190000534058,1.3747360706329346,1.3900915384292603,1.4525808095932007,1.7353334426879883,1.7956454753875732,2.003962516784668,2.2210371494293213,2.4497549533843994,2.735031843185425
B9,2.352038860321045,2.156893730163574,1.8047239780426025,1.6083649396896362,1.2543675899505615,1.0134844779968262,0.7569497227668762,0.6314898729324341,0.48842668533325195,0.48945143818855286,0.7524787187576294,1.0705819129943848,1.3482857942581177,1.699530839920044,1.94140625,2.239656448364258,2.0776076316833496,1.6945067644119263,1.5101197957992554,1.1321001052856445,0.8785001635551453,0.515535295009613,0.3837467133998871,0.0,0.39117690920829773,0.6702203154563904,0.9861730933189392,1.2861591577529907,1.6245378255844116,1.8859068155288696,2.207954168319702,2.088120937347412,1.6969221830368042,1.5605307817459106,1.1771889925003052,0.971575915813446,0.6344342827796936,0.5863634943962097,0.4677457809448242,0.724572479724884,0.8864417672157288,1.1419836282730103,1.4263451099395752,1.717974066734314,1.9646738767623901,2.26814341545105,2.19099497795105,1.8163150548934937,1.7252600193023682,1.371405005455017,1.2375327348709106,0.9708527326583862,0.9842031598091125,0.9282823801040649,1.152592420578003,1.2453899383544922,1.437901496887207,1.690666913986206,1.9277147054672241,2.165707588195801,2.3864784240722656,2.3731353282928467,2.023756504058838,1.9915521144866943,1.6653988361358643,1.597286581993103,1.3780096769332886,1.422082781791687,1.3803948163986206,1.6047040224075317,1.6604843139648438,1.8078477382659912,2.028707981109619,2.213613748550415,2.5120134353637695
B10,2.2417476177215576,2.0928423404693604,1.7557677030563354,1.6267313957214355,1.2956068515777588,1.1602096557617188,0.9606000781059265,0.9614784717559814,0.7282167673110962,0.47175827622413635,0.6595903038978577,0.8732557892799377,1.1493701934814453,1.4678943157196045,1.731717586517334,2.075035572052002,1.953728437423706,1.58591628074646,1.46798837184906,1.1113097667694092,0.9642370939254761,0.6753455400466919,0.7192190289497375,0.39117690920829773,0.0,0.38738828897476196,0.6507827043533325,0.9803766012191772,1.305376410484314,1.5960004329681396,1.9810341596603394,1.9031106233596802,1.5239291191101074,1.4530025720596313,1.0809561014175415,0.9659211039543152,0.6566499471664429,0.7420333027839661,0.4644043445587158,0.46208086609840393,0.560468852519989,0.7620881199836731,1.068396806716919,1.3476332426071167,1.6189968585968018,1.993009328842163,1.957062005996704,1.5919609069824219,1.562970757484436,1.2140333652496338,1.1565638780593872,0.8946419954299927,1.0031417608261108,0.8346471190452576,0.923303484916687,0.9529135823249817,1.083045482635498,1.3293108940124512,1.5447973012924194,1.792710304260254,2.081223249435425,2.1076414585113525,1.770151138305664,1.794608473777771,1.4750827550888062,1.4723364114761353,1.2583211660385132,1.3777590990066528,1.261349081993103,1.3954287767410278,1.397754430770874,1.4901738166809082,1.6872979402542114,1.844900369644165,2.1394460201263428
B11,1.8758413791656494,1.748339295387268,1.4259448051452637,1.3450417518615723,1.0512679815292358,1.0243065357208252,0.9256128668785095,1.0768418312072754,0.8749739527702332,0.5576801300048828,0.47406622767448425,0.6236956119537354,0.8113325834274292,1.1357483863830566,1.3690454959869385,1.6939016580581665,1.5913898944854736,1.232148289680481,1.1654359102249146,0.8400922417640686,0.8216021060943604,0.6606055498123169,0.8912099003791809,0.6702203154563904,0.38738828897476196,0.0,0.37093937397003174,0.6229084730148315,0.9779426455497742,1.2337915897369385,1.6028066873550415,1.5439095497131348,1.1741942167282104,1.1573023796081543,0.8205510377883911,0.8406985998153687,0.6662933230400085,0.9261218309402466,0.7449949383735657,0.6390791535377502,0.4583369791507721,0.5966444611549377,0.7930883169174194,1.0795745849609375,1.2988226413726807,1.6450382471084595,1.6275311708450317,1.2816790342330933,1.3024394512176514,1.0041438341140747,1.0634549856185913,0.9173633456230164,1.1562604904174805,1.0342806577682495,1.0403563976287842,0.9180924296379089,1.0052465200424194,1.148201584815979,1.354917287826538,1.5405933856964111,1.7826573848724365,1.8239222764968872,1.5165274143218994,1.5795798301696777,1.3175801038742065,1.4028531312942505,1.2815337181091309,1.4945203065872192,1.4093977212905884,1.4872891902923584,1.3878318071365356,1.4616261720657349,1.5767757892608643,1.7295784950256348,1.9721428155899048
B12,1.8298907279968262,1.7746460437774658,1.4705650806427002,1.4788990020751953,1.2185885906219482,1.2829900979995728,1.1906858682632446,1.374076008796692,1.112614393234253,0.7334476709365845,0.5929006934165955,0.4879274070262909,0.6565843224525452,0.8904919624328613,1.1709620952606201,1.6239725351333618,1.601283311843872,1.279832124710083,1.3160135746002197,1.051171064376831,1.133691430091858,1.010713815689087,1.248399019241333,0.9861730933189392,0.6507827043533325,0.37093937397003174,0.0,0.37657803297042847,0.6562020182609558,0.9690102934837341,1.5000226497650146,1.5278102159500122,1.2085092067718506,1.298214316368103,1.0338685512542725,1.1494710445404053,1.021475076675415,1.2812308073043823,1.0505492687225342,0.8376017808914185,0.5904352068901062,0.46612221002578735,0.5917295813560486,0.776103138923645,1.0156255960464478,1.5221821069717407,1.5891170501708984,1.2948167324066162,1.4140079021453857,1.1753122806549072,1.3179444074630737,1.2017921209335327,1.460519552230835,1.2787996530532837,1.1788185834884644,0.9930220246315002,0.9360010027885437,1.0062592029571533,1.1161973476409912,1.281232476234436,1.6564291715621948,1.7721623182296753,1.5147358179092407,1.6599687337875366,1.4435813426971436,1.5997278690338135,1.498749852180481,1.746249794960022,1.606662631034851,1.5978045463562012,1.4462980031967163,1.4262993335723877,1.478980541229248,1.5563298463821411,1.7682793140411377
B13,1.5251128673553467,1.5104514360427856,1.255860447883606,1.33766770362854,1.1647711992263794,1.331641674041748,1.3384524583816528,1.5961085557937622,1.3853298425674438,1.0353918075561523,0.7723629474639893,0.5898736715316772,0.5030223727226257,0.6662067174911499,0.8721023201942444,1.2825556993484497,1.29948091506958,1.0263854265213013,1.1491413116455078,0.9839561581611633,1.1838140487670898,1.1768054962158203,1.4833295345306396,1.2861591577529907,0.9803766012191772,0.6229084730148315,0.37657803297042847,0.0,0.38262447714805603,0.619055986404419,1.1386492252349854,1.2091939449310303,0.9392405152320862,1.1178268194198608,0.9572531580924988,1.1890947818756104,1.1771583557128906,1.5025537014007568,1.3313387632369995,1.108712911605835,0.7698827981948853,0.6063638925552368,0.46909990906715393,0.6056756377220154,0.7225584387779236,1.1875156164169312,1.2909600734710693,1.0510467290878296,1.2416678667068481,1.099899172782898,1.3408256769180298,1.3277093172073364,1.648644208908081,1.5110738277435303,1.3776450157165527,1.102728247642517,1.0174825191497803,0.9464253783226013,1.0295796394348145,1.0865223407745361,1.380509853363037,1.5177100896835327,1.3171335458755493,1.5069526433944702,1.3748122453689575,1.6050364971160889,1.590796947479248,1.8932435512542725,1.7879434823989868,1.7431895732879639,1.5175690650939941,1.4876562356948853,1.4496526718139648,1.5213990211486816,1.658185601234436
