0.000000000000000000e+00,3.614958524703979492e-01,6.271353960037231445e-01,9.759767651557922363e-01,1.259823679924011230e+00,1.636134028434753418e+00,1.929421424865722656e+00,2.314129829406738281e+00,2.365391016006469727e+00,2.222817659378051758e+00,1.846654415130615234e+00,1.752762913703918457e+00,1.389324307441711426e+00,1.317493796348571777e+00,9.836907982826232910e-01,4.670796394348144531e-01,6.018854975700378418e-01,7.950100898742675781e-01,1.094299316406250000e+00,1.353546500205993652e+00,1.716712951660156250e+00,1.997713327407836914e+00,2.378896236419677734e+00,2.435658454895019531e+00,2.342910051345825195e+00,1.984552145004272461e+00,1.920297026634216309e+00,1.606312870979309082e+00,1.580517768859863281e+00,1.290139913558959961e+00,9.652276039123535156e-01,1.024046063423156738e+00,1.141011238098144531e+00,1.358394265174865723e+00,1.573340654373168945e+00,1.903301358222961426e+00,2.154290914535522461e+00,2.526757001876831055e+00,2.594698190689086914e+00,2.539282321929931641e+00,2.210476636886596680e+00,2.174899101257324219e+00,1.914908289909362793e+00,1.925609946250915527e+00,1.676806926727294922e+00,1.452989578247070312e+00,1.485544800758361816e+00,1.546742081642150879e+00,1.710430383682250977e+00,1.876207351684570312e+00,2.167940616607666016e+00,2.386813640594482422e+00,2.738107919692993164e+00,2.817176818847656250e+00,2.799455404281616211e+00,2.503263711929321289e+00,2.498651981353759766e+00,2.288940191268920898e+00,2.335106849670410156e+00,2.140243768692016602e+00,1.931487560272216797e+00,1.960018992424011230e+00,1.980025172233581543e+00,2.111861944198608398e+00,2.228365421295166016e+00,2.489778995513916016e+00,2.675301313400268555e+00,2.998205900192260742e+00,3.089937925338745117e+00,3.112694263458251953e+00,2.841644048690795898e+00,2.879527330398559570e+00,2.708862066268920898e+00,2.803789615631103516e+00,2.640319824218750000e+00
3.614958524703979492e-01,0.000000000000000000e+00,3.859525918960571289e-01,6.684351563453674316e-01,1.002408266067504883e+00,1.355085611343383789e+00,1.679792761802673340e+00,2.053853988647460938e+00,2.150187492370605469e+00,2.047961950302124023e+00,1.686866879463195801e+00,1.664913535118103027e+00,1.329689025878906250e+00,1.360919356346130371e+00,1.086660981178283691e+00,5.867169499397277832e-01,4.800471663475036621e-01,5.838481783866882324e-01,8.004992604255676270e-01,1.087162017822265625e+00,1.428390860557556152e+00,1.735017776489257812e+00,2.106419801712036133e+00,2.206339120864868164e+00,2.156159877777099609e+00,1.817943692207336426e+00,1.819260954856872559e+00,1.537989616394042969e+00,1.601160526275634766e+00,1.365268230438232422e+00,1.025615572929382324e+00,9.580242037773132324e-01,9.937773346900939941e-01,1.125128984451293945e+00,1.335808634757995605e+00,1.633560419082641602e+00,1.899045228958129883e+00,2.258553266525268555e+00,2.365615844726562500e+00,2.353467941284179688e+00,2.047270059585571289e+00,2.069995403289794922e+00,1.844315409660339355e+00,1.928727149963378906e+00,1.725834012031555176e+00,1.491010189056396484e+00,1.439559817314147949e+00,1.436677575111389160e+00,1.527098536491394043e+00,1.673498749732971191e+00,1.925687789916992188e+00,2.148433685302734375e+00,2.482553720474243164e+00,2.595869064331054688e+00,2.620443820953369141e+00,2.348382711410522461e+00,2.393953561782836914e+00,2.219597101211547852e+00,2.326545953750610352e+00,2.173178911209106445e+00,1.956642389297485352e+00,1.924285650253295898e+00,1.891316056251525879e+00,1.964218974113464355e+00,2.055023908615112305e+00,2.275891065597534180e+00,2.456546306610107422e+00,2.757217884063720703e+00,2.876855611801147461e+00,2.940194606781005859e+00,2.694033384323120117e+00,2.774136543273925781e+00,2.638415813446044922e+00,2.779634237289428711e+00,2.651436805725097656e+00
6.271353960037231445e-01,3.859525918960571289e-01,0.000000000000000000e+00,3.682706058025360107e-01,6.369409561157226562e-01,1.009420037269592285e+00,1.312040686607360840e+00,1.693410396575927734e+00,1.773675084114074707e+00,1.677790880203247070e+00,1.319413781166076660e+00,1.320449709892272949e+00,1.014475703239440918e+00,1.121177911758422852e+00,9.245820045471191406e-01,7.565444707870483398e-01,6.352745890617370605e-01,4.725075662136077881e-01,6.228150129318237305e-01,7.997400760650634766e-01,1.133601784706115723e+00,1.403452992439270020e+00,1.777454853057861328e+00,1.858676910400390625e+00,1.821433544158935547e+00,1.496733546257019043e+00,1.515761852264404297e+00,1.278627395629882812e+00,1.393285751342773438e+00,1.229777097702026367e+00,1.125682592391967773e+00,1.051691532135009766e+00,9.435783028602600098e-01,1.030607461929321289e+00,1.135305523872375488e+00,1.404352188110351562e+00,1.620607018470764160e+00,1.972749114036560059e+00,2.058015584945678711e+00,2.062851428985595703e+00,1.779850959777832031e+00,1.814276218414306641e+00,1.637486696243286133e+00,1.755112767219543457e+00,1.615567684173583984e+00,1.558690428733825684e+00,1.507795095443725586e+00,1.409261107444763184e+00,1.473532557487487793e+00,1.532589197158813477e+00,1.752815604209899902e+00,1.921203494071960449e+00,2.240602731704711914e+00,2.329861402511596680e+00,2.372439384460449219e+00,2.128363132476806641e+00,2.179917812347412109e+00,2.051851749420166016e+00,2.178599119186401367e+00,2.078814268112182617e+00,2.003463268280029297e+00,1.977531313896179199e+00,1.874171853065490723e+00,1.934404611587524414e+00,1.952448248863220215e+00,2.146608352661132812e+00,2.273444175720214844e+00,2.557302474975585938e+00,2.650354623794555664e+00,2.730759620666503906e+00,2.513944149017333984e+00,2.593879222869873047e+00,2.498673439025878906e+00,2.645131349563598633e+00,2.562223196029663086e+00
9.759767651557922363e-01,6.684351563453674316e-01,3.682706058025360107e-01,0.000000000000000000e+00,3.811615407466888428e-01,6.923859119415283203e-01,1.035439729690551758e+00,1.398046016693115234e+00,1.537335038185119629e+00,1.504729151725769043e+00,1.186819076538085938e+00,1.292222142219543457e+00,1.066456913948059082e+00,1.284293651580810547e+00,1.177050948143005371e+00,1.064370751380920410e+00,8.471809029579162598e-01,5.782252550125122070e-01,4.786766171455383301e-01,5.827488303184509277e-01,8.419807553291320801e-01,1.127462983131408691e+00,1.481506347656250000e+00,1.616028785705566406e+00,1.643848657608032227e+00,1.365558505058288574e+00,1.472462296485900879e+00,1.307363629341125488e+00,1.514788269996643066e+00,1.427733778953552246e+00,1.353868246078491211e+00,1.198589801788330078e+00,9.982864856719970703e-01,9.510720372200012207e-01,9.861641526222229004e-01,1.173172593116760254e+00,1.379188776016235352e+00,1.701961040496826172e+00,1.829919815063476562e+00,1.896823525428771973e+00,1.660178780555725098e+00,1.765271902084350586e+00,1.650401592254638672e+00,1.842308640480041504e+00,1.765229105949401855e+00,1.731719970703125000e+00,1.617362737655639648e+00,1.447548747062683105e+00,1.421747922897338867e+00,1.423626542091369629e+00,1.570263028144836426e+00,1.716588735580444336e+00,2.000885725021362305e+00,2.122855663299560547e+00,2.221641063690185547e+00,2.021349668502807617e+00,2.128440856933593750e+00,2.054863691329956055e+00,2.240557909011840820e+00,2.193620920181274414e+00,2.139805078506469727e+00,2.064750432968139648e+00,1.903415322303771973e+00,1.898839950561523438e+00,1.867808341979980469e+00,2.000160932540893555e+00,2.099854469299316406e+00,2.345613956451416016e+00,2.461343050003051758e+00,2.591973781585693359e+00,2.415940284729003906e+00,2.538615942001342773e+00,2.491895914077758789e+00,2.680406570434570312e+00,2.642111301422119141e+00
1.259823679924011230e+00,1.002408266067504883e+00,6.369409561157226562e-01,3.811615407466888428e-01,0.000000000000000000e+00,3.876003026962280273e-01,6.776651144027709961e-01,1.056546568870544434e+00,1.162264347076416016e+00,1.134769439697265625e+00,8.330949544906616211e-01,9.926825165748596191e-01,8.561620116233825684e-01,1.159426569938659668e+00,1.164006710052490234e+00,1.295040965080261230e+00,1.115015983581542969e+00,7.669691443443298340e-01,6.219397783279418945e-01,4.593158960342407227e-01,6.323016285896301270e-01,8.227369785308837891e-01,1.178182482719421387e+00,1.274954676628112793e+00,1.317692399024963379e+00,1.070796728134155273e+00,1.206894516944885254e+00,1.124130129814147949e+00,1.382563591003417969e+00,1.387273192405700684e+00,1.518274903297424316e+00,1.385723829269409180e+00,1.103910803794860840e+00,1.029676437377929688e+00,9.189135432243347168e-01,1.039413809776306152e+00,1.150681972503662109e+00,1.453947663307189941e+00,1.540718674659729004e+00,1.624340534210205078e+00,1.426759958267211914e+00,1.542576432228088379e+00,1.496773481369018555e+00,1.715651035308837891e+00,1.711807847023010254e+00,1.845187306404113770e+00,1.748005509376525879e+00,1.511141061782836914e+00,1.472210645675659180e+00,1.376137256622314453e+00,1.477597236633300781e+00,1.542528390884399414e+00,1.800948858261108398e+00,1.881457090377807617e+00,1.994645357131958008e+00,1.832908868789672852e+00,1.939960241317749023e+00,1.921780943870544434e+00,2.119204282760620117e+00,2.129447698593139648e+00,2.215397596359252930e+00,2.156894207000732422e+00,1.942053198814392090e+00,1.934360504150390625e+00,1.829545140266418457e+00,1.932129383087158203e+00,1.963491439819335938e+00,2.186260938644409180e+00,2.260691404342651367e+00,2.402209520339965820e+00,2.261590957641601562e+00,2.376044273376464844e+00,2.372961282730102539e+00,2.558285236358642578e+00,2.566559791564941406e+00
1.636134028434753418e+00,1.355085611343383789e+00,1.009420037269592285e+00,6.923859119415283203e-01,3.876003026962280273e-01,0.000000000000000000e+00,3.744131922721862793e-01,7.080125212669372559e-01,9.029565453529357910e-01,9.879482388496398926e-01,8.032814860343933105e-01,1.087118864059448242e+00,1.078626751899719238e+00,1.435228943824768066e+00,1.504116654396057129e+00,1.658590316772460938e+00,1.444490194320678711e+00,1.086099624633789062e+00,8.409463167190551758e-01,5.771923661231994629e-01,4.745724499225616455e-01,5.671631693840026855e-01,8.591607213020324707e-01,1.022309780120849609e+00,1.171418905258178711e+00,1.030468583106994629e+00,1.264898538589477539e+00,1.287574052810668945e+00,1.605377197265625000e+00,1.677088618278503418e+00,1.836125612258911133e+00,1.665294289588928223e+00,1.342570781707763672e+00,1.177191257476806641e+00,9.777817726135253906e-01,9.462078213691711426e-01,9.765269160270690918e-01,1.202609300613403320e+00,1.326811432838439941e+00,1.497243285179138184e+00,1.386190772056579590e+00,1.574525475502014160e+00,1.612689018249511719e+00,1.887150645256042480e+00,1.946160197257995605e+00,2.112582206726074219e+00,1.978266358375549316e+00,1.693142414093017578e+00,1.581856369972229004e+00,1.415425300598144531e+00,1.412813186645507812e+00,1.413291215896606445e+00,1.601759314537048340e+00,1.703161358833312988e+00,1.885299563407897949e+00,1.794083476066589355e+00,1.953902840614318848e+00,2.004919767379760742e+00,2.249056100845336914e+00,2.315300464630126953e+00,2.438946247100830078e+00,2.347786188125610352e+00,2.085857868194580078e+00,2.022716760635375977e+00,1.859609127044677734e+00,1.885043144226074219e+00,1.862055778503417969e+00,2.023856878280639648e+00,2.107057809829711914e+00,2.304529666900634766e+00,2.223417282104492188e+00,2.374869823455810547e+00,2.430611133575439453e+00,2.647923231124877930e+00,2.705911159515380859e+00
1.929421424865722656e+00,1.679792761802673340e+00,1.312040686607360840e+00,1.035439729690551758e+00,6.776651144027709961e-01,3.744131922721862793e-01,0.000000000000000000e+00,3.898550570011138916e-01,5.393990278244018555e-01,7.008726000785827637e-01,6.385715603828430176e-01,9.808719754219055176e-01,1.102025747299194336e+00,1.481966495513916016e+00,1.631331562995910645e+00,1.933551907539367676e+00,1.753029346466064453e+00,1.378940224647521973e+00,1.161095738410949707e+00,8.329838514328002930e-01,6.492013931274414062e-01,4.874135255813598633e-01,6.777040362358093262e-01,7.647598385810852051e-01,9.669951200485229492e-01,9.260591864585876465e-01,1.179237842559814453e+00,1.305667281150817871e+00,1.634671092033386230e+00,1.778530478477478027e+00,2.078934192657470703e+00,1.936781406402587891e+00,1.589603304862976074e+00,1.434927940368652344e+00,1.162562012672424316e+00,1.067666172981262207e+00,9.597812891006469727e-01,1.108222126960754395e+00,1.160890579223632812e+00,1.358996629714965820e+00,1.323100328445434570e+00,1.510313868522644043e+00,1.626597881317138672e+00,1.904174447059631348e+00,2.025540828704833984e+00,2.319848299026489258e+00,2.209371805191040039e+00,1.894889593124389648e+00,1.788740634918212891e+00,1.558089613914489746e+00,1.512796521186828613e+00,1.417747855186462402e+00,1.550793647766113281e+00,1.591020822525024414e+00,1.788064837455749512e+00,1.754229903221130371e+00,1.904195427894592285e+00,2.013714551925659180e+00,2.254249811172485352e+00,2.370961427688598633e+00,2.612375259399414062e+00,2.542298316955566406e+00,2.251335620880126953e+00,2.193777561187744141e+00,1.976579189300537109e+00,1.973602890968322754e+00,1.878082275390625000e+00,2.001960277557373047e+00,2.030975103378295898e+00,2.235958337783813477e+00,2.200572013854980469e+00,2.335484027862548828e+00,2.435481071472167969e+00,2.639136075973510742e+00,2.740146636962890625e+00
2.314129829406738281e+00,2.053853988647460938e+00,1.693410396575927734e+00,1.398046016693115234e+00,1.056546568870544434e+00,7.080125212669372559e-01,3.898550570011138916e-01,0.000000000000000000e+00,3.966045081615447998e-01,7.355674505233764648e-01,8.624277114868164062e-01,1.228271007537841797e+00,1.423061490058898926e+00,1.807758331298828125e+00,1.991078972816467285e+00,2.304604291915893555e+00,2.108507633209228516e+00,1.732019543647766113e+00,1.482005953788757324e+00,1.143277287483215332e+00,8.612784147262573242e-01,5.814071893692016602e-01,5.088958740234375000e-01,6.282739043235778809e-01,9.585118293762207031e-01,1.066269636154174805e+00,1.363987922668457031e+00,1.564810633659362793e+00,1.912412047386169434e+00,2.098461151123046875e+00,2.417442083358764648e+00,2.257421970367431641e+00,1.893583059310913086e+00,1.698640346527099609e+00,1.389669775962829590e+00,1.195528388023376465e+00,9.937170743942260742e-01,9.964072704315185547e-01,1.052384018898010254e+00,1.334118843078613281e+00,1.406986951828002930e+00,1.637950658798217773e+00,1.823861360549926758e+00,2.127966403961181641e+00,2.296332836151123047e+00,2.618177890777587891e+00,2.488716602325439453e+00,2.148335218429565430e+00,2.001451015472412109e+00,1.726146221160888672e+00,1.598188757896423340e+00,1.429897546768188477e+00,1.463439464569091797e+00,1.498961210250854492e+00,1.755816340446472168e+00,1.804888844490051270e+00,1.989267587661743164e+00,2.161100149154663086e+00,2.428190231323242188e+00,2.591499328613281250e+00,2.870295763015747070e+00,2.781875133514404297e+00,2.460720539093017578e+00,2.367045164108276367e+00,2.105493545532226562e+00,2.035958290100097656e+00,1.880192160606384277e+00,1.929771661758422852e+00,1.947788834571838379e+00,2.198311567306518555e+00,2.230074644088745117e+00,2.387809038162231445e+00,2.543035507202148438e+00,2.764277219772338867e+00,2.910287618637084961e+00
2.365391016006469727e+00,2.150187492370605469e+00,1.773675084114074707e+00,1.537335038185119629e+00,1.162264347076416016e+00,9.029565453529357910e-01,5.393990278244018555e-01,3.966045081615447998e-01,0.000000000000000000e+00,4.008471369743347168e-01,6.535739302635192871e-01,9.865041971206665039e-01,1.264086484909057617e+00,1.633284330368041992e+00,1.876358270645141602e+00,2.319177865982055664e+00,2.171927690505981445e+00,1.788971662521362305e+00,1.598098158836364746e+00,1.230576992034912109e+00,1.013063430786132812e+00,6.753514409065246582e-01,6.379916071891784668e-01,4.861976802349090576e-01,7.259035110473632812e-01,8.785986304283142090e-01,1.124710202217102051e+00,1.387306809425354004e+00,1.711776971817016602e+00,1.947840809822082520e+00,2.397205829620361328e+00,2.285819530487060547e+00,1.916842818260192871e+00,1.776169896125793457e+00,1.439349055290222168e+00,1.288870453834533691e+00,1.030357360839843750e+00,1.052199244499206543e+00,9.580606222152709961e-01,1.162441492080688477e+00,1.250096440315246582e+00,1.421886444091796875e+00,1.645975232124328613e+00,1.919352054595947266e+00,2.126609802246093750e+00,2.569349288940429688e+00,2.486337423324584961e+00,2.140941858291625977e+00,2.042927503585815430e+00,1.743058800697326660e+00,1.651095032691955566e+00,1.437560677528381348e+00,1.488529801368713379e+00,1.419854998588562012e+00,1.614746809005737305e+00,1.668109297752380371e+00,1.795950889587402344e+00,1.987559080123901367e+00,2.218919992446899414e+00,2.407777070999145508e+00,2.797989845275878906e+00,2.753296613693237305e+00,2.428921937942504883e+00,2.379526853561401367e+00,2.098262548446655273e+00,2.061003208160400391e+00,1.871307730674743652e+00,1.942539811134338379e+00,1.882150411605834961e+00,2.079854249954223633e+00,2.110810518264770508e+00,2.215664386749267578e+00,2.377778291702270508e+00,2.559120893478393555e+00,2.722491025924682617e+00
2.222817659378051758e+00,2.047961950302124023e+00,1.677790880203247070e+00,1.504729151725769043e+00,1.134769439697265625e+00,9.879482388496398926e-01,7.008726000785827637e-01,7.355674505233764648e-01,4.008471369743347168e-01,0.000000000000000000e+00,3.811216056346893311e-01,6.563865542411804199e-01,9.775558114051818848e-01,1.327138781547546387e+00,1.608778595924377441e+00,2.119812488555908203e+00,2.011750221252441406e+00,1.635888218879699707e+00,1.505424261093139648e+00,1.136140584945678711e+00,1.008803009986877441e+00,7.032455205917358398e-01,7.916217446327209473e-01,5.019075870513916016e-01,4.742195308208465576e-01,5.630623698234558105e-01,7.452019453048706055e-01,1.041100144386291504e+00,1.350834369659423828e+00,1.619858860969543457e+00,2.148209095001220703e+00,2.076691865921020508e+00,1.712559461593627930e+00,1.628341197967529297e+00,1.287166357040405273e+00,1.209878325462341309e+00,9.582712054252624512e-01,1.070621013641357422e+00,8.771919012069702148e-01,9.404053092002868652e-01,9.658343195915222168e-01,1.067453026771545410e+00,1.294087886810302734e+00,1.542535066604614258e+00,1.769013166427612305e+00,2.286995649337768555e+00,2.242668390274047852e+00,1.902471423149108887e+00,1.856554508209228516e+00,1.555760025978088379e+00,1.527414917945861816e+00,1.319169044494628906e+00,1.439983129501342773e+00,1.302896022796630859e+00,1.403062343597412109e+00,1.405194520950317383e+00,1.472668170928955078e+00,1.648568987846374512e+00,1.848335862159729004e+00,2.040848016738891602e+00,2.495661973953247070e+00,2.487386941909790039e+00,2.171125888824462891e+00,2.168723106384277344e+00,1.891603946685791016e+00,1.909538626670837402e+00,1.728181719779968262e+00,1.858981490135192871e+00,1.751753926277160645e+00,1.877261161804199219e+00,1.864594101905822754e+00,1.919919490814208984e+00,2.057411670684814453e+00,2.206527709960937500e+00,2.363154649734497070e+00
1.846654415130615234e+00,1.686866879463195801e+00,1.319413781166076660e+00,1.186819076538085938e+00,8.330949544906616211e-01,8.032814860343933105e-01,6.385715603828430176e-01,8.624277114868164062e-01,6.535739302635192871e-01,3.811216056346893311e-01,0.000000000000000000e+00,3.754430711269378662e-01,6.195176839828491211e-01,9.921424388885498047e-01,1.244662046432495117e+00,1.748589754104614258e+00,1.657683253288269043e+00,1.288272738456726074e+00,1.203406929969787598e+00,8.591075539588928223e-01,8.515590429306030273e-01,6.761715412139892578e-01,9.322019219398498535e-01,7.510799169540405273e-01,6.542878150939941406e-01,4.797137379646301270e-01,5.882694721221923828e-01,7.698689103126525879e-01,1.074959516525268555e+00,1.296168327331542969e+00,1.806024551391601562e+00,1.751864790916442871e+00,1.405422568321228027e+00,1.367064833641052246e+00,1.070223569869995117e+00,1.098264694213867188e+00,9.574106931686401367e-01,1.192544579505920410e+00,1.062689542770385742e+00,1.066469192504882812e+00,9.483118057250976562e-01,1.002067923545837402e+00,1.122477769851684570e+00,1.345967054367065430e+00,1.510269522666931152e+00,1.989090561866760254e+00,1.960982799530029297e+00,1.648527145385742188e+00,1.643662810325622559e+00,1.395952582359313965e+00,1.450990200042724609e+00,1.332033157348632812e+00,1.542200565338134766e+00,1.449934124946594238e+00,1.506923794746398926e+00,1.412298798561096191e+00,1.452981710433959961e+00,1.544052600860595703e+00,1.719806432723999023e+00,1.850507616996765137e+00,2.245844602584838867e+00,2.251249074935913086e+00,1.967922687530517578e+00,1.998336672782897949e+00,1.773762702941894531e+00,1.855611681938171387e+00,1.747118830680847168e+00,1.943796157836914062e+00,1.874848008155822754e+00,1.968876481056213379e+00,1.883331179618835449e+00,1.927755117416381836e+00,1.997869133949279785e+00,2.136613607406616211e+00,2.235751390457153320e+00
1.752762913703918457e+00,1.664913535118103027e+00,1.320449709892272949e+00,1.292222142219543457e+00,9.926825165748596191e-01,1.087118864059448242e+00,9.808719754219055176e-01,1.228271007537841797e+00,9.865041971206665039e-01,6.563865542411804199e-01,3.754430711269378662e-01,0.000000000000000000e+00,3.792215883731842041e-01,6.782082319259643555e-01,9.884025454521179199e-01,1.630545854568481445e+00,1.617702364921569824e+00,1.287468791007995605e+00,1.309084773063659668e+00,1.027191042900085449e+00,1.133335351943969727e+00,1.023421406745910645e+00,1.294623851776123047e+00,1.078075408935546875e+00,8.745273947715759277e-01,6.259481906890869141e-01,4.806525707244873047e-01,5.899419188499450684e-01,7.867484092712402344e-01,1.026793122291564941e+00,1.673985958099365234e+00,1.696225285530090332e+00,1.392908334732055664e+00,1.451154708862304688e+00,1.206409335136413574e+00,1.329101562500000000e+00,1.231147885322570801e+00,1.498629570007324219e+00,1.324745059013366699e+00,1.223991632461547852e+00,1.036781907081604004e+00,9.515246748924255371e-01,1.005127191543579102e+00,1.125652074813842773e+00,1.274006366729736328e+00,1.854992032051086426e+00,1.896543264389038086e+00,1.624881029129028320e+00,1.702912211418151855e+00,1.495894670486450195e+00,1.630015015602111816e+00,1.541013836860656738e+00,1.791438341140747070e+00,1.656751275062561035e+00,1.626875400543212891e+00,1.476066231727600098e+00,1.423760294914245605e+00,1.457552790641784668e+00,1.549596428871154785e+00,1.649543285369873047e+00,2.116148948669433594e+00,2.182217359542846680e+00,1.937315464019775391e+00,2.036134243011474609e+00,1.846072793006896973e+00,1.993708372116088867e+00,1.910210013389587402e+00,2.149836540222167969e+00,2.046852588653564453e+00,2.069212913513183594e+00,1.936688661575317383e+00,1.913826823234558105e+00,1.933397412300109863e+00,2.008879899978637695e+00,2.075164079666137695e+00
1.389324307441711426e+00,1.329689025878906250e+00,1.014475703239440918e+00,1.066456913948059082e+00,8.561620116233825684e-01,1.078626751899719238e+00,1.102025747299194336e+00,1.423061490058898926e+00,1.264086484909057617e+00,9.775558114051818848e-01,6.195176839828491211e-01,3.792215883731842041e-01,0.000000000000000000e+00,3.894726037979125977e-01,6.318984627723693848e-01,1.258808851242065430e+00,1.275714039802551270e+00,9.774530529975891113e-01,1.081161141395568848e+00,8.898868560791015625e-01,1.118603110313415527e+00,1.135576486587524414e+00,1.473686099052429199e+00,1.331719875335693359e+00,1.136133790016174316e+00,8.009784221649169922e-01,6.364566683769226074e-01,4.898523390293121338e-01,6.156753897666931152e-01,7.346411943435668945e-01,1.333704829216003418e+00,1.382033944129943848e+00,1.121583938598632812e+00,1.246615290641784668e+00,1.090094089508056641e+00,1.311312198638916016e+00,1.320313096046447754e+00,1.649691581726074219e+00,1.536505937576293945e+00,1.422135233879089355e+00,1.152711749076843262e+00,1.051375269889831543e+00,9.668763875961303711e-01,1.042492151260375977e+00,1.079847574234008789e+00,1.569710254669189453e+00,1.629415035247802734e+00,1.406229496002197266e+00,1.531587362289428711e+00,1.402923464775085449e+00,1.610409498214721680e+00,1.609586477279663086e+00,1.914099812507629395e+00,1.829112648963928223e+00,1.780712246894836426e+00,1.561561942100524902e+00,1.502458214759826660e+00,1.444892287254333496e+00,1.513198852539062500e+00,1.528634428977966309e+00,1.886447906494140625e+00,1.962541699409484863e+00,1.765025973320007324e+00,1.894135832786560059e+00,1.771435260772705078e+00,1.972468852996826172e+00,1.962123274803161621e+00,2.245487689971923828e+00,2.186061620712280273e+00,2.191512346267700195e+00,2.002412080764770508e+00,1.982201099395751953e+00,1.935818910598754883e+00,2.008211135864257812e+00,2.007947683334350586e+00
1.317493796348571777e+00,1.360919356346130371e+00,1.121177911758422852e+00,1.284293651580810547e+00,1.159426569938659668e+00,1.435228943824768066e+00,1.481966495513916016e+00,1.807758331298828125e+00,1.633284330368041992e+00,1.327138781547546387e+00,9.921424388885498047e-01,6.782082319259643555e-01,3.894726037979125977e-01,0.000000000000000000e+00,3.668031990528106689e-01,1.163361787796020508e+00,1.290134668350219727e+00,1.088138580322265625e+00,1.297609567642211914e+00,1.194140195846557617e+00,1.472030282020568848e+00,1.517802715301513672e+00,1.857491850852966309e+00,1.699905753135681152e+00,1.464853882789611816e+00,1.124718904495239258e+00,8.688191771507263184e-01,6.313282847404479980e-01,4.854610860347747803e-01,4.938867092132568359e-01,1.227550506591796875e+00,1.377959966659545898e+00,1.209713339805603027e+00,1.429320454597473145e+00,1.347934603691101074e+00,1.623144507408142090e+00,1.662498593330383301e+00,2.003072261810302734e+00,1.871633052825927734e+00,1.703287005424499512e+00,1.402868032455444336e+00,1.216053009033203125e+00,1.048451542854309082e+00,9.764167666435241699e-01,9.260827302932739258e-01,1.467838525772094727e+00,1.612483620643615723e+00,1.466610670089721680e+00,1.673475861549377441e+00,1.605882048606872559e+00,1.870353102684020996e+00,1.900449872016906738e+00,2.226609706878662109e+00,2.122267484664916992e+00,2.016310453414916992e+00,1.757595419883728027e+00,1.629120230674743652e+00,1.501626849174499512e+00,1.471411228179931641e+00,1.416734695434570312e+00,1.794371843338012695e+00,1.937502384185791016e+00,1.805104374885559082e+00,2.000366926193237305e+00,1.930133461952209473e+00,2.184903860092163086e+00,2.205766439437866211e+00,2.518150329589843750e+00,2.442478418350219727e+00,2.392787456512451172e+00,2.163375854492187500e+00,2.089300870895385742e+00,1.983462810516357422e+00,1.990709185600280762e+00,1.934623479843139648e+00
9.836907982826232910e-01,1.086660981178283691e+00,9.245820045471191406e-01,1.177050948143005371e+00,1.164006710052490234e+00,1.504116654396057129e+00,1.631331562995910645e+00,1.991078972816467285e+00,1.876358270645141602e+00,1.608778595924377441e+00,1.244662046432495117e+00,9.884025454521179199e-01,6.318984627723693848e-01,3.668031990528106689e-01,0.000000000000000000e+00,8.499587178230285645e-01,1.039249420166015625e+00,9.258495569229125977e-01,1.212363958358764648e+00,1.217132806777954102e+00,1.553303122520446777e+00,1.678048014640808105e+00,2.045640230178833008e+00,1.944998502731323242e+00,1.739659428596496582e+00,1.376989483833312988e+00,1.166360855102539062e+00,8.642380237579345703e-01,7.093836069107055664e-01,4.947296082973480225e-01,1.000462532043457031e+00,1.187135696411132812e+00,1.106393694877624512e+00,1.374551296234130859e+00,1.389422416687011719e+00,1.711339712142944336e+00,1.822641491889953613e+00,2.188069105148315430e+00,2.109049081802368164e+00,1.958855986595153809e+00,1.631688714027404785e+00,1.472816705703735352e+00,1.242433786392211914e+00,1.160002112388610840e+00,9.930028319358825684e-01,1.329485177993774414e+00,1.486026048660278320e+00,1.414038300514221191e+00,1.647244930267333984e+00,1.659575939178466797e+00,1.959299206733703613e+00,2.053910255432128906e+00,2.402554273605346680e+00,2.345599651336669922e+00,2.249357223510742188e+00,1.961881160736083984e+00,1.853123188018798828e+00,1.673984646797180176e+00,1.640722990036010742e+00,1.510709643363952637e+00,1.720545172691345215e+00,1.861778855323791504e+00,1.788829922676086426e+00,1.995290994644165039e+00,1.991210818290710449e+00,2.271471023559570312e+00,2.349178314208984375e+00,2.679599523544311523e+00,2.647014856338500977e+00,2.602565526962280273e+00,2.344706535339355469e+00,2.289094686508178711e+00,2.142575025558471680e+00,2.158650159835815430e+00,2.047975540161132812e+00
4.670796394348144531e-01,5.867169499397277832e-01,7.565444707870483398e-01,1.064370751380920410e+00,1.295040965080261230e+00,1.658590316772460938e+00,1.933551907539367676e+00,2.304604291915893555e+00,2.319177865982055664e+00,2.119812488555908203e+00,1.748589754104614258e+00,1.630545854568481445e+00,1.258808851242065430e+00,1.163361787796020508e+00,8.499587178230285645e-01,0.000000000000000000e+00,3.660714924335479736e-01,6.223796606063842773e-01,9.799776077270507812e-01,1.236931443214416504e+00,1.617359638214111328e+00,1.895852684974670410e+00,2.278463363647460938e+00,2.305294275283813477e+00,2.155004501342773438e+00,1.779505610466003418e+00,1.687812328338623047e+00,1.337692022323608398e+00,1.291353940963745117e+00,9.785917997360229492e-01,4.987317025661468506e-01,6.151346564292907715e-01,7.904307246208190918e-01,1.087661623954772949e+00,1.328306078910827637e+00,1.696772336959838867e+00,1.958225131034851074e+00,2.345036268234252930e+00,2.389355182647705078e+00,2.280246019363403320e+00,1.924389719963073730e+00,1.863368034362792969e+00,1.562965035438537598e+00,1.557638287544250488e+00,1.281451702117919922e+00,9.868425726890563965e-01,1.044593095779418945e+00,1.134150147438049316e+00,1.355009794235229492e+00,1.548428654670715332e+00,1.883170843124389648e+00,2.118838071823120117e+00,2.491801023483276367e+00,2.551839351654052734e+00,2.486773967742919922e+00,2.161860942840576172e+00,2.136126279830932617e+00,1.891686797142028809e+00,1.927244782447814941e+00,1.711242675781250000e+00,1.465290307998657227e+00,1.508811235427856445e+00,1.544420719146728516e+00,1.713709235191345215e+00,1.852820277214050293e+00,2.151316404342651367e+00,2.355057716369628906e+00,2.703234195709228516e+00,2.780588150024414062e+00,2.762080192565917969e+00,2.464340925216674805e+00,2.485533714294433594e+00,2.287309646606445312e+00,2.376853227615356445e+00,2.196149110794067383e+00
6.018854975700378418e-01,4.800471663475036621e-01,6.352745890617370605e-01,8.471809029579162598e-01,1.115015983581542969e+00,1.444490194320678711e+00,1.753029346466064453e+00,2.108507633209228516e+00,2.171927690505981445e+00,2.011750221252441406e+00,1.657683253288269043e+00,1.617702364921569824e+00,1.275714039802551270e+00,1.290134668350219727e+00,1.039249420166015625e+00,3.660714924335479736e-01,0.000000000000000000e+00,3.840836286544799805e-01,6.808184981346130371e-01,9.986093640327453613e-01,1.361175537109375000e+00,1.678016901016235352e+00,2.050213813781738281e+00,2.127220392227172852e+00,2.018107652664184570e+00,1.661331176757812500e+00,1.644983172416687012e+00,1.326487064361572266e+00,1.384358763694763184e+00,1.136854410171508789e+00,6.044592261314392090e-01,4.780844449996948242e-01,5.847699642181396484e-01,7.982700467109680176e-01,1.078833580017089844e+00,1.427717328071594238e+00,1.723606824874877930e+00,2.101407289505004883e+00,2.194777965545654297e+00,2.128345489501953125e+00,1.791046380996704102e+00,1.799703001976013184e+00,1.530531167984008789e+00,1.614652276039123535e+00,1.389731645584106445e+00,1.034336447715759277e+00,9.596553444862365723e-01,9.852653145790100098e-01,1.118863105773925781e+00,1.320391893386840820e+00,1.624255776405334473e+00,1.884150385856628418e+00,2.245637655258178711e+00,2.351376533508300781e+00,2.329195976257324219e+00,2.023696899414062500e+00,2.059348821640014648e+00,1.847352623939514160e+00,1.957341074943542480e+00,1.784312605857849121e+00,1.489683389663696289e+00,1.444473505020141602e+00,1.427311539649963379e+00,1.523197054862976074e+00,1.652848720550537109e+00,1.913737297058105469e+00,2.129740476608276367e+00,2.460316896438598633e+00,2.577473878860473633e+00,2.601096391677856445e+00,2.323758840560913086e+00,2.397724866867065430e+00,2.232311010360717773e+00,2.379816293716430664e+00,2.233367204666137695e+00
7.950100898742675781e-01,5.838481783866882324e-01,4.725075662136077881e-01,5.782252550125122070e-01,7.669691443443298340e-01,1.086099624633789062e+00,1.378940224647521973e+00,1.732019543647766113e+00,1.788971662521362305e+00,1.635888218879699707e+00,1.288272738456726074e+00,1.287468791007995605e+00,9.774530529975891113e-01,1.088138580322265625e+00,9.258495569229125977e-01,6.223796606063842773e-01,3.840836286544799805e-01,0.000000000000000000e+00,3.686834275722503662e-01,6.261197328567504883e-01,1.000632643699645996e+00,1.301774024963378906e+00,1.679018616676330566e+00,1.749130010604858398e+00,1.654702425003051758e+00,1.306608557701110840e+00,1.326291799545288086e+00,1.048442006111145020e+00,1.190054059028625488e+00,1.029567480087280273e+00,7.889360189437866211e-01,6.368149518966674805e-01,4.721453785896301270e-01,6.031304001808166504e-01,7.785746455192565918e-01,1.115280628204345703e+00,1.380799293518066406e+00,1.759020090103149414e+00,1.843108892440795898e+00,1.799219965934753418e+00,1.480901718139648438e+00,1.519515991210937500e+00,1.302197813987731934e+00,1.447668433189392090e+00,1.301176428794860840e+00,1.154668688774108887e+00,1.060397982597351074e+00,9.386519193649291992e-01,1.014380335807800293e+00,1.110490679740905762e+00,1.379870295524597168e+00,1.593514323234558105e+00,1.945213317871093750e+00,2.038329601287841797e+00,2.043002843856811523e+00,1.765533328056335449e+00,1.823170423507690430e+00,1.665600538253784180e+00,1.816710233688354492e+00,1.711074471473693848e+00,1.573686599731445312e+00,1.520188331604003906e+00,1.404107928276062012e+00,1.466518521308898926e+00,1.505863308906555176e+00,1.730438232421875000e+00,1.892825245857238770e+00,2.206443309783935547e+00,2.306329250335693359e+00,2.357506990432739258e+00,2.112773656845092773e+00,2.199824333190917969e+00,2.084511995315551758e+00,2.252127408981323242e+00,2.161928653717041016e+00
1.094299316406250000e+00,8.004992604255676270e-01,6.228150129318237305e-01,4.786766171455383301e-01,6.219397783279418945e-01,8.409463167190551758e-01,1.161095738410949707e+00,1.482005953788757324e+00,1.598098158836364746e+00,1.505424261093139648e+00,1.203406929969787598e+00,1.309084773063659668e+00,1.081161141395568848e+00,1.297609567642211914e+00,1.212363958358764648e+00,9.799776077270507812e-01,6.808184981346130371e-01,3.686834275722503662e-01,0.000000000000000000e+00,3.772965967655181885e-01,6.951076984405517578e-01,1.040406942367553711e+00,1.397386312484741211e+00,1.530116796493530273e+00,1.501441001892089844e+00,1.202489495277404785e+00,1.324800610542297363e+00,1.130079984664916992e+00,1.370918869972229004e+00,1.293407082557678223e+00,1.097519278526306152e+00,8.595958352088928223e-01,5.938956737518310547e-01,4.736938476562500000e-01,5.783170461654663086e-01,8.358108401298522949e-01,1.122789025306701660e+00,1.479103922843933105e+00,1.620741963386535645e+00,1.644320607185363770e+00,1.374507546424865723e+00,1.501608133316040039e+00,1.356382369995117188e+00,1.587573170661926270e+00,1.512742400169372559e+00,1.386399984359741211e+00,1.212683200836181641e+00,1.006687760353088379e+00,9.454796314239501953e-01,9.753416180610656738e-01,1.158026337623596191e+00,1.366077423095703125e+00,1.687355995178222656e+00,1.828156828880310059e+00,1.896914243698120117e+00,1.665894150733947754e+00,1.794418215751647949e+00,1.699192166328430176e+00,1.920311808586120605e+00,1.874204516410827637e+00,1.750723242759704590e+00,1.633678793907165527e+00,1.450853466987609863e+00,1.423435211181640625e+00,1.407391428947448730e+00,1.556933879852294922e+00,1.699346542358398438e+00,1.974894165992736816e+00,2.110183238983154297e+00,2.219924449920654297e+00,2.018795013427734375e+00,2.160815477371215820e+00,2.100144863128662109e+00,2.318858146667480469e+00,2.277908325195312500e+00
1.353546500205993652e+00,1.087162017822265625e+00,7.997400760650634766e-01,5.827488303184509277e-01,4.593158960342407227e-01,5.771923661231994629e-01,8.329838514328002930e-01,1.143277287483215332e+00,1.230576992034912109e+00,1.136140584945678711e+00,8.591075539588928223e-01,1.027191042900085449e+00,8.898868560791015625e-01,1.194140195846557617e+00,1.217132806777954102e+00,1.236931443214416504e+00,9.986093640327453613e-01,6.261197328567504883e-01,3.772965967655181885e-01,0.000000000000000000e+00,3.831446170806884766e-01,6.811057329177856445e-01,1.054542183876037598e+00,1.159142971038818359e+00,1.142309427261352539e+00,8.664833307266235352e-01,1.043107509613037109e+00,9.384155273437500000e-01,1.251515269279479980e+00,1.275622606277465820e+00,1.314829707145690918e+00,1.120734095573425293e+00,7.745556831359863281e-01,6.220049858093261719e-01,4.609987735748291016e-01,6.283558011054992676e-01,8.228511810302734375e-01,1.178875327110290527e+00,1.287548303604125977e+00,1.333543062210083008e+00,1.100146770477294922e+00,1.257671713829040527e+00,1.194382190704345703e+00,1.470433712005615234e+00,1.481716752052307129e+00,1.551060438156127930e+00,1.403228640556335449e+00,1.118127822875976562e+00,1.034284949302673340e+00,9.195256829261779785e-01,1.034792900085449219e+00,1.145566940307617188e+00,1.445781588554382324e+00,1.548933267593383789e+00,1.641166329383850098e+00,1.452399492263793945e+00,1.592477679252624512e+00,1.565263628959655762e+00,1.809421300888061523e+00,1.831577897071838379e+00,1.870071411132812500e+00,1.772637844085693359e+00,1.525018930435180664e+00,1.488571524620056152e+00,1.373992919921875000e+00,1.479797959327697754e+00,1.538341999053955078e+00,1.788548827171325684e+00,1.882928490638732910e+00,2.012439250946044922e+00,1.852633357048034668e+00,1.992939472198486328e+00,1.986236929893493652e+00,2.207781314849853516e+00,2.222260236740112305e+00
1.716712951660156250e+00,1.428390860557556152e+00,1.133601784706115723e+00,8.419807553291320801e-01,6.323016285896301270e-01,4.745724499225616455e-01,6.492013931274414062e-01,8.612784147262573242e-01,1.013063430786132812e+00,1.008803009986877441e+00,8.515590429306030273e-01,1.133335351943969727e+00,1.118603110313415527e+00,1.472030282020568848e+00,1.553303122520446777e+00,1.617359638214111328e+00,1.361175537109375000e+00,1.000632643699645996e+00,6.951076984405517578e-01,3.831446170806884766e-01,0.000000000000000000e+00,3.749632239341735840e-01,7.045742273330688477e-01,8.923066854476928711e-01,9.824849963188171387e-01,8.291278481483459473e-01,1.118127822875976562e+00,1.135431528091430664e+00,1.497833013534545898e+00,1.589022159576416016e+00,1.671067595481872559e+00,1.451499462127685547e+00,1.089656472206115723e+00,8.474278450012207031e-01,5.784214138984680176e-01,4.721513986587524414e-01,5.691584348678588867e-01,8.610102534294128418e-01,1.031050324440002441e+00,1.179808020591735840e+00,1.050419569015502930e+00,1.298496842384338379e+00,1.336855173110961914e+00,1.666535258293151855e+00,1.745831370353698730e+00,1.856671810150146484e+00,1.676416158676147461e+00,1.350096106529235840e+00,1.181378960609436035e+00,9.753955602645874023e-01,9.392306804656982422e-01,9.661607146263122559e-01,1.190499186515808105e+00,1.328393816947937012e+00,1.505134105682373047e+00,1.400613665580749512e+00,1.606567144393920898e+00,1.662092447280883789e+00,1.955606460571289062e+00,2.039898872375488281e+00,2.122963666915893555e+00,1.992722034454345703e+00,1.697124123573303223e+00,1.594255566596984863e+00,1.407438993453979492e+00,1.412032246589660645e+00,1.402595639228820801e+00,1.582857012748718262e+00,1.692611575126647949e+00,1.889996051788330078e+00,1.799946904182434082e+00,1.985618948936462402e+00,2.047861099243164062e+00,2.304383039474487305e+00,2.374654293060302734e+00
