,A1,A2,A3,A4,A5,A6,A7,A8,A9,A10,A11,A12,A13,A14,A15,B1,B2,B3,B4,B5,B6,B7,B8,B9,B10,B11,B12,B13,B14,B15,C1,C2,C3,C4,C5,C6,C7,C8,C9,C10,C11,C12,C13,C14,C15,D1,D2,D3,D4,D5,D6,D7,D8,D9,D10,D11,D12,D13,D14,D15,E1,E2,E3,E4,E5,E6,E7,E8,E9,E10,E11,E12,E13,E14,E15
A1,0.0,0.38356056809425354,0.5865503549575806,0.93620765209198,1.1516209840774536,1.51979398727417,1.712205171585083,2.089223861694336,2.075446605682373,2.0187220573425293,1.6419461965560913,1.6311722993850708,1.2776662111282349,1.333939790725708,1.0390684604644775,0.551950216293335,0.6727325320243835,0.7740030884742737,1.04502272605896,1.2546312808990479,1.6180022954940796,1.8107279539108276,2.190631151199341,2.2015597820281982,2.20125150680542,1.8572461605072021,1.8966648578643799,1.6283262968063354,1.7306711673736572,1.5076100826263428,1.1272470951080322,1.1634222269058228,1.1696878671646118,1.3397634029388428,1.4958821535110474,1.8182122707366943,1.9936161041259766,2.3596701622009277,2.3882994651794434,2.438445806503296,2.1387720108032227,2.2298407554626465,2.034897804260254,2.166996717453003,1.993736743927002,1.653789758682251,1.6741173267364502,1.6198720932006836,1.734464406967163,1.8289073705673218,2.107922315597534,2.2518954277038574,2.587336301803589,2.637375593185425,2.7296648025512695,2.470310926437378,2.5997464656829834,2.472593307495117,2.6298351287841797,2.516035795211792,2.1552011966705322,2.1910953521728516,2.0894217491149902,2.1766295433044434,2.209599018096924,2.456807851791382,2.5495967864990234,2.845343589782715,2.908775806427002,3.0923402309417725,2.8857650756835938,3.084547519683838,3.051008939743042,3.257084369659424,3.329202175140381
A2,0.38356056809425354,0.0,0.3882141709327698,0.6295362710952759,0.9202136993408203,1.248119831085205,1.4999278783798218,1.8649265766143799,1.9141427278518677,1.9010370969772339,1.5425984859466553,1.6167514324188232,1.3032472133636475,1.4621845483779907,1.2203643321990967,0.6678926944732666,0.5667067170143127,0.577828049659729,0.7334945797920227,0.9867314696311951,1.3227182626724243,1.5625522136688232,1.935178518295288,2.0031354427337646,2.0482656955718994,1.7279764413833618,1.8403260707855225,1.6147750616073608,1.7967774868011475,1.6197067499160767,1.1706881523132324,1.0978138446807861,1.0212990045547485,1.0919378995895386,1.2465622425079346,1.5298863649368286,1.7344030141830444,2.0891690254211426,2.1672890186309814,2.2620534896850586,1.9906952381134033,2.1424849033355713,1.9898871183395386,2.185457944869995,2.0540363788604736,1.664055585861206,1.6163499355316162,1.4949029684066772,1.53517746925354,1.6068379878997803,1.8405399322509766,1.997032880783081,2.3137943744659424,2.4053215980529785,2.540327787399292,2.3109419345855713,2.490556478500366,2.404448986053467,2.611799716949463,2.5348708629608154,2.136556386947632,2.126708507537842,1.9712930917739868,2.0052363872528076,2.0095369815826416,2.212402820587158,2.3064279556274414,2.5755717754364014,2.6701388359069824,2.8901448249816895,2.7151472568511963,2.950054407119751,2.954880714416504,3.193324089050293,3.2992477416992188
A3,0.5865503549575806,0.3882141709327698,0.0,0.3824644386768341,0.5728010535240173,0.9377719163894653,1.1449235677719116,1.5209307670593262,1.5482549667358398,1.553817868232727,1.1965601444244385,1.2986074686050415,1.0277999639511108,1.2441202402114868,1.0919979810714722,0.7897181510925293,0.7461069226264954,0.536959707736969,0.6746988296508789,0.7742197513580322,1.1035948991775513,1.2800860404968262,1.649971604347229,1.6903612613677979,1.75786554813385,1.4552055597305298,1.5836544036865234,1.4107074737548828,1.622139811515808,1.5176246166229248,1.2402845621109009,1.2165732383728027,1.0323450565338135,1.1089451313018799,1.1383121013641357,1.396897554397583,1.5285841226577759,1.868622899055481,1.914344072341919,2.0292229652404785,1.7838956117630005,1.9400396347045898,1.8368231058120728,2.0406627655029297,1.966720700263977,1.7115223407745361,1.709317922592163,1.5237523317337036,1.5814446210861206,1.5612351894378662,1.7732117176055908,1.8582532405853271,2.154205322265625,2.210331916809082,2.3588576316833496,2.1573243141174316,2.331763744354248,2.2871577739715576,2.4902961254119873,2.4604015350341797,2.166682004928589,2.2003538608551025,2.0022060871124268,2.064098834991455,1.9971911907196045,2.191789150238037,2.220646381378174,2.4743356704711914,2.528764486312866,2.7526814937591553,2.6033520698547363,2.8253281116485596,2.8596487045288086,3.0813863277435303,3.2202653884887695
A4,0.93620765209198,0.6295362710952759,0.3824644386768341,0.0,0.37960323691368103,0.6409134268760681,0.9304744601249695,1.2809966802597046,1.3947523832321167,1.4735311269760132,1.1668440103530884,1.3730294704437256,1.187085747718811,1.4806221723556519,1.390978217124939,1.090540885925293,0.9355610013008118,0.6517133712768555,0.554663360118866,0.5994934439659119,0.8356593251228333,1.0511730909347534,1.3964308500289917,1.5096487998962402,1.6489177942276,1.40012526512146,1.6126558780670166,1.512117862701416,1.7897757291793823,1.7412534952163696,1.4514189958572388,1.3529062271118164,1.0930207967758179,1.045703649520874,1.0150066614151,1.181720495223999,1.3167593479156494,1.6228702068328857,1.7247307300567627,1.9043062925338745,1.7128384113311768,1.9336860179901123,1.8933755159378052,2.151611089706421,2.1289284229278564,1.8638375997543335,1.8106086254119873,1.5614997148513794,1.5407613515853882,1.466484785079956,1.6007581949234009,1.67191481590271,1.926154613494873,2.023425817489624,2.227738618850708,2.076509475708008,2.300529718399048,2.3113319873809814,2.5570521354675293,2.5721118450164795,2.2721755504608154,2.2705132961273193,2.0203075408935547,2.0309898853302,1.916991949081421,2.0497522354125977,2.0585601329803467,2.267461061477661,2.3468894958496094,2.612541675567627,2.51033878326416,2.7641139030456543,2.845820188522339,3.0922460556030273,3.2691938877105713
A5,1.1516209840774536,0.9202136993408203,0.5728010535240173,0.37960323691368103,0.0,0.3880722224712372,0.580444872379303,0.9506059288978577,1.021841287612915,1.1016212701797485,0.8084171414375305,1.0568344593048096,0.9518261551856995,1.2936564683914185,1.3014030456542969,1.2087960243225098,1.1129183769226074,0.7518255114555359,0.686377227306366,0.49342143535614014,0.6831632256507874,0.7720623016357422,1.116281509399414,1.1748725175857544,1.3222914934158325,1.0971014499664307,1.3224581480026245,1.287371039390564,1.5859670639038086,1.6124191284179688,1.4859744310379028,1.441325306892395,1.1252973079681396,1.113501787185669,0.954319417476654,1.0925847291946411,1.119572401046753,1.4074426889419556,1.4502984285354614,1.6328428983688354,1.4677014350891113,1.681032657623291,1.6904430389404297,1.9482122659683228,1.9817383289337158,1.8508700132369995,1.8472687005996704,1.5618733167648315,1.577351689338684,1.4219473600387573,1.5445057153701782,1.530432939529419,1.7654826641082764,1.8049428462982178,2.0040512084960938,1.8763446807861328,2.0816547870635986,2.128215789794922,2.3611228466033936,2.418808698654175,2.227335214614868,2.272333860397339,1.9984477758407593,2.0494141578674316,1.8766943216323853,2.0134217739105225,1.9542639255523682,2.1553077697753906,2.178147554397583,2.4295387268066406,2.344717025756836,2.5733296871185303,2.675200939178467,2.8978676795959473,3.0995848178863525
A6,1.51979398727417,1.248119831085205,0.9377719163894653,0.6409134268760681,0.3880722224712372,0.0,0.37226513028144836,0.6564989686012268,0.8561357855796814,1.0320838689804077,0.8601895570755005,1.1979039907455444,1.199921727180481,1.5735392570495605,1.6311757564544678,1.547435998916626,1.399633526802063,1.0304131507873535,0.8406870365142822,0.5644246935844421,0.4952770173549652,0.5366582870483398,0.8108078241348267,0.9586257338523865,1.2020522356033325,1.0776053667068481,1.3818358182907104,1.4379032850265503,1.778872013092041,1.8614726066589355,1.750017762184143,1.662138819694519,1.3059415817260742,1.2041852474212646,0.9651886224746704,0.9582310318946838,0.9274718165397644,1.13907790184021,1.2313013076782227,1.4912604093551636,1.410544991493225,1.681613564491272,1.7684959173202515,2.0665462017059326,2.1565756797790527,2.045675754547119,2.0100197792053223,1.6782355308532715,1.632904052734375,1.410838007926941,1.4358539581298828,1.3696234226226807,1.534162163734436,1.5988798141479492,1.8563135862350464,1.7987960577011108,2.0444083213806152,2.1564013957977295,2.420992851257324,2.529668092727661,2.3613944053649902,2.384263277053833,2.0677106380462646,2.080483913421631,1.8518955707550049,1.920485496520996,1.8165701627731323,1.9576996564865112,1.9863572120666504,2.2734529972076416,2.2478294372558594,2.4966416358947754,2.650799036026001,2.887474775314331,3.1292905807495117
A7,1.712205171585083,1.4999278783798218,1.1449235677719116,0.9304744601249695,0.580444872379303,0.37226513028144836,0.0,0.38367220759391785,0.49483078718185425,0.7249666452407837,0.6298660635948181,0.9941427707672119,1.1060525178909302,1.478408932685852,1.6216492652893066,1.7098774909973145,1.6265000104904175,1.2437875270843506,1.1293498277664185,0.791504979133606,0.7108398079872131,0.5231727361679077,0.7148584127426147,0.7389414310455322,1.0020873546600342,0.9377924799919128,1.2238482236862183,1.3554507493972778,1.6819437742233276,1.830254077911377,1.8757388591766357,1.8487834930419922,1.4864987134933472,1.44367253780365,1.1490229368209839,1.1364924907684326,0.9817515015602112,1.138028621673584,1.1269416809082031,1.3768408298492432,1.3363592624664307,1.5703049898147583,1.705485463142395,1.9763604402542114,2.1145119667053223,2.141472339630127,2.161283254623413,1.827110767364502,1.8309144973754883,1.5667840242385864,1.595821738243103,1.4475632905960083,1.5812902450561523,1.5628600120544434,1.7973809242248535,1.7661449909210205,1.9696861505508423,2.1106276512145996,2.3420963287353516,2.485849142074585,2.434062957763672,2.507509469985962,2.190976142883301,2.2499735355377197,1.9884250164031982,2.0707790851593018,1.9073513746261597,2.0401194095611572,1.99931800365448,2.2552502155303955,2.2439818382263184,2.4509549140930176,2.616246223449707,2.8151071071624756,3.0731828212738037
A8,2.089223861694336,1.8649265766143799,1.5209307670593262,1.2809966802597046,0.9506059288978577,0.6564989686012268,0.38367220759391785,0.0,0.3853908181190491,0.7161704301834106,0.8163894414901733,1.1839230060577393,1.381003975868225,1.7498865127563477,1.934489130973816,2.054180383682251,1.95362389087677,1.5699282884597778,1.4171419143676758,1.0606836080551147,0.8561705350875854,0.5680892467498779,0.5169714689254761,0.5604428648948669,0.9199658632278442,1.0033763647079468,1.3159807920455933,1.5323882102966309,1.868144154548645,2.068296432495117,2.1580512523651123,2.118633508682251,1.7410770654678345,1.6632825136184692,1.3244400024414062,1.211893916130066,0.9693073630332947,0.9900966286659241,0.9662913084030151,1.2714362144470215,1.3376166820526123,1.591064691543579,1.8023335933685303,2.0857138633728027,2.279263973236084,2.3592476844787598,2.372004508972168,2.0149476528167725,1.9931626319885254,1.6801098585128784,1.6356207132339478,1.416245937347412,1.4592231512069702,1.4190609455108643,1.6851741075515747,1.7335847616195679,1.9459457397460938,2.1500320434570312,2.389403820037842,2.584327220916748,2.5903496742248535,2.6619677543640137,2.3217294216156006,2.36747407913208,2.0600287914276123,2.0914645195007324,1.8711249828338623,1.9422812461853027,1.872193694114685,2.1356594562530518,2.1847033500671387,2.3850512504577637,2.596792697906494,2.7887768745422363,3.082908868789673
A9,2.075446605682373,1.9141427278518677,1.5482549667358398,1.3947523832321167,1.021841287612915,0.8561357855796814,0.49483078718185425,0.3853908181190491,0.0,0.39617952704429626,0.5775275826454163,0.8959742188453674,1.1660794019699097,1.5029670000076294,1.745542287826538,2.006455898284912,1.973701000213623,1.5943645238876343,1.5298964977264404,1.159225344657898,1.0532407760620117,0.7218219041824341,0.7313757538795471,0.535007119178772,0.7757379412651062,0.8526433110237122,1.085824728012085,1.3328516483306885,1.627140998840332,1.865002989768982,2.0877163410186768,2.115277051925659,1.7550538778305054,1.7577953338623047,1.4153820276260376,1.3804274797439575,1.1073940992355347,1.168709397315979,1.0147215127944946,1.2212119102478027,1.257912516593933,1.4310369491577148,1.6415544748306274,1.8739036321640015,2.0844602584838867,2.2798938751220703,2.354269504547119,2.0207712650299072,2.068464517593384,1.7593361139297485,1.778791069984436,1.5390723943710327,1.6209689378738403,1.4932669401168823,1.6815398931503296,1.6973110437393188,1.8397608995437622,2.0265846252441406,2.214254140853882,2.4123284816741943,2.512596607208252,2.639129877090454,2.32415771484375,2.429741859436035,2.129253387451172,2.2163500785827637,1.9821521043777466,2.095337390899658,1.9651886224746704,2.1686532497406006,2.182701349258423,2.3292689323425293,2.5128135681152344,2.6601240634918213,2.9419000148773193
A10,2.0187220573425293,1.9010370969772339,1.553817868232727,1.4735311269760132,1.1016212701797485,1.0320838689804077,0.7249666452407837,0.7161704301834106,0.39617952704429626,0.0,0.38002124428749084,0.6039453148841858,0.9280437231063843,1.2389743328094482,1.5134015083312988,1.858596920967102,1.8646247386932373,1.507116436958313,1.5098236799240112,1.1428872346878052,1.1087398529052734,0.777622640132904,0.8492768406867981,0.5192708969116211,0.5237462520599365,0.5559370517730713,0.7121090292930603,0.9938481450080872,1.2692546844482422,1.5421576499938965,1.8585010766983032,1.9310824871063232,1.592582106590271,1.6597518920898438,1.3187824487686157,1.3481425046920776,1.0645846128463745,1.1797294616699219,0.9297139048576355,1.0075432062149048,0.9870017170906067,1.0879371166229248,1.291743278503418,1.4956004619598389,1.7230535745620728,2.001765489578247,2.120192289352417,1.8089491128921509,1.9144257307052612,1.6113795042037964,1.688815951347351,1.4429950714111328,1.5768518447875977,1.3817473649978638,1.4827709197998047,1.4470813274383545,1.5312705039978027,1.6930241584777832,1.8484562635421753,2.046051025390625,2.211223602294922,2.377631187438965,2.0858418941497803,2.2418768405914307,1.951309323310852,2.09012770652771,1.8541381359100342,2.017549753189087,1.8435534238815308,1.9871634244918823,1.9527225494384766,2.058372974395752,2.2077200412750244,2.3286430835723877,2.5940089225769043
A11,1.6419461965560913,1.5425984859466553,1.1965601444244385,1.1668440103530884,0.8084171414375305,0.8601895570755005,0.6298660635948181,0.8163894414901733,0.5775275826454163,0.38002124428749084,0.0,0.37768346071243286,0.5960224270820618,0.9485204219818115,1.1796249151229858,1.4989055395126343,1.5252528190612793,1.172777771949768,1.226914405822754,0.8916580080986023,0.9748888611793518,0.7411221265792847,0.9705855846405029,0.7430707216262817,0.732496440410614,0.542447030544281,0.6733099222183228,0.8130708932876587,1.0960638523101807,1.3001282215118408,1.5588738918304443,1.6439762115478516,1.3204890489578247,1.4259995222091675,1.1337381601333618,1.2547242641448975,1.0627282857894897,1.286245346069336,1.104845404624939,1.170166254043579,1.032227873802185,1.1320122480392456,1.2284815311431885,1.429561734199524,1.5805819034576416,1.7775013446807861,1.8978424072265625,1.6081874370574951,1.734978437423706,1.4842665195465088,1.6262340545654297,1.457708477973938,1.6666109561920166,1.525909662246704,1.6237496137619019,1.510788083076477,1.6066476106643677,1.6940196752548218,1.853779911994934,1.9857367277145386,2.0602171421051025,2.2195074558258057,1.9492928981781006,2.1097512245178223,1.8676347732543945,2.0473389625549316,1.8739582300186157,2.0857579708099365,1.9612177610397339,2.117326021194458,2.030202627182007,2.159895420074463,2.264035940170288,2.405906915664673,2.631310224533081
A12,1.6311722993850708,1.6167514324188232,1.2986074686050415,1.3730294704437256,1.0568344593048096,1.1979039907455444,0.9941427707672119,1.1839230060577393,0.8959742188453674,0.6039453148841858,0.37768346071243286,0.0,0.3853927254676819,0.6376761794090271,0.9427518844604492,1.4373024702072144,1.549748420715332,1.2519164085388184,1.4057635068893433,1.1263716220855713,1.2847900390625,1.0850205421447754,1.315502643585205,1.0433071851730347,0.9064870476722717,0.6683124303817749,0.5703428387641907,0.6367623805999756,0.8098361492156982,1.0369726419448853,1.4599828720092773,1.628824234008789,1.3661264181137085,1.5601218938827515,1.3160221576690674,1.5060269832611084,1.3358807563781738,1.5789496898651123,1.3506089448928833,1.3129023313522339,1.1162570714950562,1.0916111469268799,1.1165573596954346,1.2228107452392578,1.3530828952789307,1.6673297882080078,1.8584568500518799,1.6261907815933228,1.8267149925231934,1.6173937320709229,1.8223974704742432,1.6709883213043213,1.9122658967971802,1.7295234203338623,1.7470295429229736,1.580724835395813,1.593631386756897,1.6186615228652954,1.7065918445587158,1.8059160709381104,1.9586831331253052,2.1734282970428467,1.9543137550354004,2.1724510192871094,1.967044472694397,2.201140880584717,2.0433349609375,2.293485641479492,2.1393749713897705,2.2362756729125977,2.09961199760437,2.176265001296997,2.225578784942627,2.3222241401672363,2.5085296630859375
A13,1.2776662111282349,1.3032472133636475,1.0277999639511108,1.187085747718811,0.9518261551856995,1.199921727180481,1.1060525178909302,1.381003975868225,1.1660794019699097,0.9280437231063843,0.5960224270820618,0.3853927254676819,0.0,0.3877052962779999,0.5873407125473022,1.0654058456420898,1.218427300453186,0.9649122357368469,1.1983762979507446,1.007338285446167,1.2687724828720093,1.1780794858932495,1.485211968421936,1.2852838039398193,1.1574031114578247,0.8318424224853516,0.7368942499160767,0.5841767191886902,0.7242029905319214,0.8086786270141602,1.140823245048523,1.3340437412261963,1.1183500289916992,1.3644030094146729,1.2049020528793335,1.4755537509918213,1.40021550655365,1.7089780569076538,1.5398226976394653,1.4977059364318848,1.228010892868042,1.2118232250213623,1.1218124628067017,1.2205162048339844,1.2415356636047363,1.430728554725647,1.622552752494812,1.4329636096954346,1.6571000814437866,1.5206034183502197,1.7827378511428833,1.7110978364944458,2.0059378147125244,1.8736628293991089,1.8884897232055664,1.6641929149627686,1.692626953125,1.6444878578186035,1.7402331829071045,1.7624396085739136,1.7967100143432617,1.9967554807662964,1.8119841814041138,2.030689001083374,1.8864158391952515,2.1548995971679688,2.0631210803985596,2.3503212928771973,2.243746519088745,2.3488292694091797,2.16870379447937,2.26914644241333,2.275622844696045,2.396602153778076,2.539543867111206
A14,1.333939790725708,1.4621845483779907,1.2441202402114868,1.4806221723556519,1.2936564683914185,1.5735392570495605,1.478408932685852,1.7498865127563477,1.5029670000076294,1.2389743328094482,0.9485204219818115,0.6376761794090271,0.3877052962779999,0.0,0.38231152296066284,1.1007548570632935,1.3526753187179565,1.1922284364700317,1.4901481866836548,1.3570706844329834,1.6432311534881592,1.5624064207077026,1.8617291450500488,1.6362981796264648,1.4623833894729614,1.1457439661026,0.9435606002807617,0.7224563956260681,0.642279863357544,0.6554554104804993,1.1575626134872437,1.4378496408462524,1.3162816762924194,1.6211470365524292,1.5169285535812378,1.8182790279388428,1.75692880153656,2.0675814151763916,1.8742578029632568,1.7787069082260132,1.4881234169006348,1.3859472274780273,1.2266539335250854,1.206683874130249,1.1606481075286865,1.4416885375976562,1.6999022960662842,1.591137170791626,1.869177222251892,1.782861590385437,2.082392454147339,2.0279197692871094,2.336738109588623,2.181607961654663,2.1445345878601074,1.8885256052017212,1.8515485525131226,1.7415952682495117,1.7601451873779297,1.7270485162734985,1.8181830644607544,2.0642282962799072,1.9458922147750854,2.2067699432373047,2.108330011367798,2.413546562194824,2.341184616088867,2.6508982181549072,2.5281260013580322,2.589354991912842,2.3729631900787354,2.428863525390625,2.381894826889038,2.4591729640960693,2.5518314838409424
A15,1.0390684604644775,1.2203643321990967,1.0919979810714722,1.390978217124939,1.3014030456542969,1.6311757564544678,1.6216492652893066,1.934489130973816,1.745542287826538,1.5134015083312988,1.1796249151229858,0.9427518844604492,0.5873407125473022,0.38231152296066284,0.0,0.7713181376457214,1.0784767866134644,1.0121570825576782,1.363788366317749,1.3313791751861572,1.671483039855957,1.6754447221755981,2.0149333477020264,1.8471555709838867,1.690206527709961,1.3369368314743042,1.1786346435546875,0.872085452079773,0.8001580834388733,0.615119993686676,0.8946022391319275,1.1935652494430542,1.1517339944839478,1.4850214719772339,1.4729905128479004,1.8192458152770996,1.8363265991210938,2.1839470863342285,2.043454647064209,1.9564763307571411,1.6300039291381836,1.557588815689087,1.3319244384765625,1.3277931213378906,1.1797707080841064,1.2681628465652466,1.5080952644348145,1.4559255838394165,1.7386887073516846,1.7286542654037476,2.061150312423706,2.0768625736236572,2.417712926864624,2.311077833175659,2.28128719329834,1.992082118988037,1.98209810256958,1.8240408897399902,1.8642514944076538,1.7651313543319702,1.710062026977539,1.922773003578186,1.8426767587661743,2.0885257720947266,2.0526113510131836,2.3748397827148438,2.363715648651123,2.6946113109588623,2.6185576915740967,2.6923184394836426,2.4490103721618652,2.533017635345459,2.4577009677886963,2.56512713432312,2.6230170726776123
B1,0.551950216293335,0.6678926944732666,0.7897181510925293,1.090540885925293,1.2087960243225098,1.547435998916626,1.7098774909973145,2.054180383682251,2.006455898284912,1.858596920967102,1.4989055395126343,1.4373024702072144,1.0654058456420898,1.1007548570632935,0.7713181376457214,0.0,0.3792029023170471,0.5710580348968506,0.932702362537384,1.121652603149414,1.4993927478790283,1.6728453636169434,2.0504086017608643,2.0222201347351074,1.9367834329605103,1.5696954727172852,1.5590307712554932,1.2381542921066284,1.3195306062698364,1.055199146270752,0.5764016509056091,0.6804019808769226,0.7550520300865173,1.0362260341644287,1.211691975593567,1.5837602615356445,1.7561850547790527,2.139072895050049,2.13004469871521,2.1048381328582764,1.7669519186019897,1.816487193107605,1.5708708763122559,1.68979012966156,1.4855586290359497,1.104552984237671,1.160048246383667,1.1426903009414673,1.3326630592346191,1.4530411958694458,1.7883098125457764,1.9380325078964233,2.3040764331817627,2.3195672035217285,2.349302291870117,2.0501394271850586,2.1469831466674805,1.9778931140899658,2.1247739791870117,1.986227035522461,1.6091896295547485,1.6695066690444946,1.5935521125793457,1.7317134141921997,1.7860124111175537,2.082465648651123,2.182642936706543,2.5149948596954346,2.551739454269409,2.6866331100463867,2.441298484802246,2.6162145137786865,2.5483131408691406,2.7478723526000977,2.7978203296661377
B2,0.6727325320243835,0.5667067170143127,0.7461069226264954,0.9355610013008118,1.1129183769226074,1.399633526802063,1.6265000104904175,1.95362389087677,1.973701000213623,1.8646247386932373,1.5252528190612793,1.549748420715332,1.218427300453186,1.3526753187179565,1.0784767866134644,0.3792029023170471,0.0,0.38449499011039734,0.6492239832878113,0.9291701316833496,1.282263994216919,1.5222305059432983,1.8933193683624268,1.9311884641647339,1.8846603631973267,1.5386539697647095,1.6075741052627563,1.3269747495651245,1.4942364692687988,1.2751400470733643,0.6581621766090393,0.5329893827438354,0.5524095296859741,0.7294901609420776,0.9736806154251099,1.325382947921753,1.558092713356018,1.9377167224884033,1.9905599355697632,2.003875732421875,1.6871132850646973,1.8063538074493408,1.5953909158706665,1.7880550622940063,1.618749976158142,1.1198880672454834,1.0532368421554565,0.975370466709137,1.0702143907546997,1.2126387357711792,1.5178316831588745,1.7130755186080933,2.072446823120117,2.143935203552246,2.213052749633789,1.9348195791244507,2.0922136306762695,1.9556889533996582,2.1639814376831055,2.0528934001922607,1.5866904258728027,1.567352294921875,1.44211745262146,1.5057423114776611,1.5597805976867676,1.8172529935836792,1.9474531412124634,2.262629508972168,2.347238063812256,2.519155979156494,2.296722888946533,2.518220901489258,2.482372760772705,2.725972890853882,2.8018925189971924
B3,0.7740030884742737,0.577828049659729,0.536959707736969,0.6517133712768555,0.7518255114555359,1.0304131507873535,1.2437875270843506,1.5699282884597778,1.5943645238876343,1.507116436958313,1.172777771949768,1.2519164085388184,0.9649122357368469,1.1922284364700317,1.0121570825576782,0.5710580348968506,0.38449499011039734,0.0,0.3800998628139496,0.5663895010948181,0.9389169216156006,1.154555082321167,1.5319132804870605,1.5677059888839722,1.5534545183181763,1.2202154397964478,1.3389469385147095,1.1181954145431519,1.3565750122070312,1.228200912475586,0.8066190481185913,0.7168630361557007,0.4962907135486603,0.6257999539375305,0.7233116626739502,1.0623120069503784,1.2475260496139526,1.6243245601654053,1.667933702468872,1.7182732820510864,1.428625464439392,1.5840457677841187,1.4385441541671753,1.6720771789550781,1.5800234079360962,1.2230764627456665,1.1863402128219604,0.988071858882904,1.0631592273712158,1.0786277055740356,1.3480209112167358,1.4785451889038086,1.8201191425323486,1.8758937120437622,1.9790199995040894,1.7362339496612549,1.9145509004592896,1.838495135307312,2.0662710666656494,2.0199618339538574,1.6566925048828125,1.6689425706863403,1.4674855470657349,1.536870002746582,1.4919761419296265,1.7219890356063843,1.7836658954620361,2.0767650604248047,2.1357662677764893,2.3315207958221436,2.146725654602051,2.3739893436431885,2.3857977390289307,2.627351760864258,2.7522013187408447
B4,1.04502272605896,0.7334945797920227,0.6746988296508789,0.554663360118866,0.686377227306366,0.8406870365142822,1.1293498277664185,1.4171419143676758,1.5298964977264404,1.5098236799240112,1.226914405822754,1.4057635068893433,1.1983762979507446,1.4901481866836548,1.363788366317749,0.932702362537384,0.6492239832878113,0.3800998628139496,0.0,0.3814834654331207,0.6710399389266968,0.9739622473716736,1.3280550241470337,1.4523478746414185,1.5088109970092773,1.233381986618042,1.4462401866912842,1.3051607608795166,1.6059026718139648,1.5323814153671265,1.1008578538894653,0.9074490070343018,0.6151654720306396,0.4924049377441406,0.5521517395973206,0.7985807657241821,1.0388710498809814,1.3932634592056274,1.5160162448883057,1.6356921195983887,1.4029234647750854,1.6383600234985352,1.5612139701843262,1.8541507720947266,1.8132113218307495,1.4301892518997192,1.3141984939575195,1.0447657108306885,0.9886810779571533,0.952430009841919,1.1292165517807007,1.2767435312271118,1.5851750373840332,1.705499291419983,1.8732150793075562,1.6829273700714111,1.9265061616897583,1.909621000289917,2.188755750656128,2.1867141723632812,1.7977555990219116,1.7519365549087524,1.4917902946472168,1.4796427488327026,1.3891505002975464,1.5418516397476196,1.6013507843017578,1.8503382205963135,1.955248475074768,2.2033634185791016,2.067877769470215,2.3401217460632324,2.4027631282806396,2.678377628326416,2.840668201446533
B5,1.2546312808990479,0.9867314696311951,0.7742197513580322,0.5994934439659119,0.49342143535614014,0.5644246935844421,0.791504979133606,1.0606836080551147,1.159225344657898,1.1428872346878052,0.8916580080986023,1.1263716220855713,1.007338285446167,1.3570706844329834,1.3313791751861572,1.121652603149414,0.9291701316833496,0.5663895010948181,0.3814834654331207,0.0,0.38206732273101807,0.6089581847190857,0.9800012707710266,1.0769217014312744,1.1550145149230957,0.9056770205497742,1.1659014225006104,1.1083492040634155,1.4518866539001465,1.467900037765503,1.229703426361084,1.1095232963562012,0.7449601888656616,0.6642948389053345,0.4627209007740021,0.6454069018363953,0.7589895129203796,1.1096683740615845,1.1895358562469482,1.3348536491394043,1.137033224105835,1.3923975229263306,1.3869092464447021,1.6969081163406372,1.7288806438446045,1.5056273937225342,1.448240876197815,1.1248081922531128,1.1023679971694946,0.9314320087432861,1.0667762756347656,1.097577452659607,1.3808929920196533,1.4494966268539429,1.6335601806640625,1.4802559614181519,1.7217557430267334,1.7608834505081177,2.038248300552368,2.0942726135253906,1.8321456909179688,1.838326334953308,1.5395243167877197,1.567007064819336,1.3871254920959473,1.5263751745224,1.4922922849655151,1.7213412523269653,1.768162488937378,2.0176730155944824,1.914211630821228,2.169589042663574,2.26871919631958,2.5250470638275146,2.7253851890563965
B6,1.6180022954940796,1.3227182626724243,1.1035948991775513,0.8356593251228333,0.6831632256507874,0.4952770173549652,0.7108398079872131,0.8561705350875854,1.0532407760620117,1.1087398529052734,0.9748888611793518,1.2847900390625,1.2687724828720093,1.6432311534881592,1.671483039855957,1.4993927478790283,1.282263994216919,0.9389169216156006,0.6710399389266968,0.38206732273101807,0.0,0.37221989035606384,0.6717869639396667,0.8799984455108643,1.049473762512207,0.9193815588951111,1.2579514980316162,1.3029038906097412,1.6765519380569458,1.752413034439087,1.5556565523147583,1.404711127281189,1.0274617671966553,0.8470849990844727,0.551028311252594,0.4631023705005646,0.5072375535964966,0.7915075421333313,0.9503170847892761,1.1873774528503418,1.0929710865020752,1.4150668382644653,1.5002739429473877,1.8458280563354492,1.9394830465316772,1.7541077136993408,1.6670300960540771,1.304270625114441,1.2069023847579956,0.9499644637107849,0.9409615397453308,0.9006330370903015,1.1049169301986694,1.2141633033752441,1.4723751544952393,1.4040554761886597,1.6946303844451904,1.8104139566421509,2.119542121887207,2.232067584991455,2.00533390045166,1.9880342483520508,1.6458070278167725,1.6260979175567627,1.3768929243087769,1.4258530139923096,1.3336331844329834,1.4919180870056152,1.5496524572372437,1.845702886581421,1.8121691942214966,2.0927696228027344,2.2523651123046875,2.5236055850982666,2.767695426940918
B7,1.8107279539108276,1.5625522136688232,1.2800860404968262,1.0511730909347534,0.7720623016357422,0.5366582870483398,0.5231727361679077,0.5680892467498779,0.7218219041824341,0.777622640132904,0.7411221265792847,1.0850205421447754,1.1780794858932495,1.5624064207077026,1.6754447221755981,1.6728453636169434,1.5222305059432983,1.154555082321167,0.9739622473716736,0.6089581847190857,0.37221989035606384,0.0,0.3825426995754242,0.5147837996482849,0.7344701886177063,0.6876001954078674,1.0524753332138062,1.196137547492981,1.572046160697937,1.7243400812149048,1.695285677909851,1.611603021621704,1.2266825437545776,1.123801350593567,0.7665290236473083,0.6663677096366882,0.45875245332717896,0.6612691283226013,0.6989995837211609,0.9628943800926208,0.9323534369468689,1.2417497634887695,1.4009953737258911,1.7326945066452026,1.8890635967254639,1.85783851146698,1.8325272798538208,1.4649558067321777,1.4264566898345947,1.1138083934783936,1.097509741783142,0.924842119216919,1.074455738067627,1.0776495933532715,1.3289984464645386,1.30496346950531,1.5615688562393188,1.7261134386062622,2.0095221996307373,2.170795202255249,2.076842784881592,2.1158337593078613,1.7696068286895752,1.8026014566421509,1.5073474645614624,1.5638431310653687,1.3852782249450684,1.5226709842681885,1.4917117357254028,1.760853886604309,1.7543957233428955,1.9933477640151978,2.177070379257202,2.411868095397949,2.68291974067688
B8,2.190631151199341,1.935178518295288,1.649971604347229,1.3964308500289917,1.116281509399414,0.8108078241348267,0.7148584127426147,0.5169714689254761,0.7313757538795471,0.8492768406867981,0.9705855846405029,1.315502643585205,1.485211968421936,1.8617291450500488,2.0149333477020264,2.0504086017608643,1.8933193683624268,1.5319132804870605,1.3280550241470337,0.9800012707710266,0.6717869639396667,0.3825426995754242,0.0,0.3868536055088043,0.719490647315979,0.8570207953453064,1.2224398851394653,1.4468690156936646,1.8168525695800781,2.016117811203003,2.035806655883789,1.9452698230743408,1.5612940788269043,1.4285914897918701,1.059565782546997,0.8450623154640198,0.5382151007652283,0.47354233264923096,0.5228312015533447,0.8883113265037537,1.007755994796753,1.3304376602172852,1.5709654092788696,1.9053548574447632,2.1152889728546143,2.140587568283081,2.109013795852661,1.7302732467651367,1.6628236770629883,1.3117201328277588,1.1979519128799438,0.9361123442649841,0.9431692361831665,0.9263553023338318,1.2335819005966187,1.3188807964324951,1.5863372087478638,1.8233985900878906,2.1116833686828613,2.326043128967285,2.294491767883301,2.329435348510742,1.9650893211364746,1.9786865711212158,1.6386317014694214,1.6256959438323975,1.3785446882247925,1.4279277324676514,1.3642668724060059,1.6506956815719604,1.7240397930145264,1.9576668739318848,2.1971793174743652,2.4246833324432373,2.7348852157592773
B9,2.2015597820281982,2.0031354427337646,1.6903612613677979,1.5096487998962402,1.1748725175857544,0.9586257338523865,0.7389414310455322,0.5604428648948669,0.535007119178772,0.5192708969116211,0.7430707216262817,1.0433071851730347,1.2852838039398193,1.6362981796264648,1.8471555709838867,2.0222201347351074,1.9311884641647339,1.5677059888839722,1.4523478746414185,1.0769217014312744,0.8799984455108643,0.5147837996482849,0.3868536055088043,0.0,0.39300817251205444,0.61137855052948,0.9322775602340698,1.2187769412994385,1.5610758066177368,1.8109654188156128,1.973826289176941,1.953208088874817,1.5815491676330566,1.5378808975219727,1.157231330871582,1.0426077842712402,0.6954168081283569,0.6923972964286804,0.4803220331668854,0.7253197431564331,0.8409375548362732,1.0895851850509644,1.3599926233291626,1.6538711786270142,1.8986389636993408,2.0581767559051514,2.094514846801758,1.7357683181762695,1.7485915422439575,1.39528226852417,1.359811782836914,1.064880132675171,1.1166151762008667,0.9593572020530701,1.1635005474090576,1.2223279476165771,1.4107303619384766,1.6482264995574951,1.887291431427002,2.1201934814453125,2.2041430473327637,2.3023741245269775,1.9609583616256714,2.0456371307373047,1.7069319486618042,1.7595000267028809,1.48749577999115,1.5844711065292358,1.4329372644424438,1.6403359174728394,1.6790989637374878,1.8470423221588135,2.065199375152588,2.243364095687866,2.5509676933288574
B10,2.20125150680542,2.0482656955718994,1.75786554813385,1.6489177942276,1.3222914934158325,1.2020522356033325,1.0020873546600342,0.9199658632278442,0.7757379412651062,0.5237462520599365,0.732496440410614,0.9064870476722717,1.1574031114578247,1.4623833894729614,1.690206527709961,1.9367834329605103,1.8846603631973267,1.5534545183181763,1.5088109970092773,1.1550145149230957,1.049473762512207,0.7344701886177063,0.719490647315979,0.39300817251205444,0.0,0.3735538721084595,0.6142085194587708,0.9431377053260803,1.261261224746704,1.5441150665283203,1.7967586517333984,1.821195125579834,1.4803889989852905,1.5063402652740479,1.1392377614974976,1.1038576364517212,0.7705176472663879,0.8370198607444763,0.49893665313720703,0.484272301197052,0.5412822961807251,0.7153424620628357,1.0117132663726807,1.286799669265747,1.5610017776489258,1.8127244710922241,1.89541494846344,1.5632221698760986,1.641099214553833,1.296776533126831,1.3301961421966553,1.0310325622558594,1.146782398223877,0.8922832608222961,0.9597379565238953,0.9549112319946289,1.0715126991271973,1.2975188493728638,1.5087990760803223,1.7535033226013184,1.9179078340530396,2.060858964920044,1.744374394416809,1.8883315324783325,1.5590555667877197,1.6726391315460205,1.3963886499404907,1.5544342994689941,1.3420488834381104,1.4647009372711182,1.443669319152832,1.5590541362762451,1.7434546947479248,1.893022894859314,2.1897695064544678
B11,1.8572461605072021,1.7279764413833618,1.4552055597305298,1.40012526512146,1.0971014499664307,1.0776053667068481,0.9377924799919128,1.0033763647079468,0.8526433110237122,0.5559370517730713,0.542447030544281,0.6683124303817749,0.8318424224853516,1.1457439661026,1.3369368314743042,1.5696954727172852,1.5386539697647095,1.2202154397964478,1.233381986618042,0.9056770205497742,0.9193815588951111,0.6876001954078674,0.8570207953453064,0.61137855052948,0.3735538721084595,0.0,0.37491828203201294,0.6135209202766418,0.969245970249176,1.2101634740829468,1.4373304843902588,1.4839304685592651,1.1535718441009521,1.237404704093933,0.9030734896659851,0.9893191456794739,0.7518181800842285,0.9755022525787354,0.7314008474349976,0.6764124035835266,0.4904140532016754,0.6362707018852234,0.802658200263977,1.0879700183868408,1.2986122369766235,1.500229001045227,1.6005496978759766,1.2846945524215698,1.408587098121643,1.1099289655685425,1.2422548532485962,1.0318796634674072,1.2594120502471924,1.0664094686508179,1.10393488407135,0.9696553349494934,1.077998161315918,1.1994688510894775,1.4093730449676514,1.5844507217407227,1.6751127243041992,1.827599048614502,1.5326662063598633,1.703295350074768,1.423661470413208,1.6058582067489624,1.401636004447937,1.633630394935608,1.4724689722061157,1.5928585529327393,1.4902312755584717,1.6203577518463135,1.7372933626174927,1.9015382528305054,2.1484503746032715
B12,1.8966648578643799,1.8403260707855225,1.5836544036865234,1.6126558780670166,1.3224581480026245,1.3818358182907104,1.2238482236862183,1.3159807920455933,1.085824728012085,0.7121090292930603,0.6733099222183228,0.5703428387641907,0.7368942499160767,0.9435606002807617,1.1786346435546875,1.5590307712554932,1.6075741052627563,1.3389469385147095,1.4462401866912842,1.1659014225006104,1.2579514980316162,1.0524753332138062,1.2224398851394653,0.9322775602340698,0.6142085194587708,0.37491828203201294,0.0,0.3768322467803955,0.648714542388916,0.955031156539917,1.3701214790344238,1.504908800125122,1.2410250902175903,1.4187196493148804,1.1444605588912964,1.30193030834198,1.1007039546966553,1.3218916654586792,1.0388113260269165,0.862398624420166,0.6208708882331848,0.5218944549560547,0.6079939603805542,0.7887707948684692,1.0201606750488281,1.394898533821106,1.5799556970596313,1.330434799194336,1.5399913787841797,1.2939058542251587,1.4923994541168213,1.3067543506622314,1.5523844957351685,1.3129422664642334,1.2435020208358765,1.0482068061828613,1.0246788263320923,1.0699690580368042,1.187536358833313,1.3447102308273315,1.560492992401123,1.785116195678711,1.5497015714645386,1.7912545204162598,1.5548202991485596,1.7959163188934326,1.6093226671218872,1.8749624490737915,1.6764469146728516,1.7164406776428223,1.5570600032806396,1.6096733808517456,1.660434365272522,1.763873815536499,1.9725499153137207
B13,1.6283262968063354,1.6147750616073608,1.4107074737548828,1.512117862701416,1.287371039390564,1.4379032850265503,1.3554507493972778,1.5323882102966309,1.3328516483306885,0.9938481450080872,0.8130708932876587,0.6367623805999756,0.5841767191886902,0.7224563956260681,0.872085452079773,1.2381542921066284,1.3269747495651245,1.1181954145431519,1.3051607608795166,1.1083492040634155,1.3029038906097412,1.196137547492981,1.4468690156936646,1.2187769412994385,0.9431377053260803,0.6135209202766418,0.3768322467803955,0.0,0.38397902250289917,0.6014911532402039,1.0185428857803345,1.2027006149291992,0.9979715347290039,1.2550365924835205,1.0703904628753662,1.3269203901290894,1.2277052402496338,1.5208210945129395,1.3015135526657104,1.1274890899658203,0.7999436855316162,0.6880123615264893,0.5389866232872009,0.6761215925216675,0.7695664763450623,1.0815250873565674,1.3028022050857544,1.1084907054901123,1.3769303560256958,1.2155680656433105,1.4962753057479858,1.4025086164474487,1.7111680507659912,1.5249295234680176,1.442604660987854,1.1690586805343628,1.1414361000061035,1.0631868839263916,1.1647189855575562,1.213582992553711,1.3268955945968628,1.5641632080078125,1.3773009777069092,1.6465017795562744,1.4845207929611206,1.782036542892456,1.6723098754882812,1.9863837957382202,1.8358148336410522,1.8720277547836304,1.6516188383102417,1.7164957523345947,1.6981608867645264,1.8153342008590698,1.9601200819015503
