,A1,A2,A3,A4,A5,A6,A7,A8,A9,A10,A11,A12,A13,A14,A15,B1,B2,B3,B4,B5,B6,B7,B8,B9,B10,B11,B12,B13,B14,B15,C1,C2,C3,C4,C5,C6,C7,C8,C9,C10,C11,C12,C13,C14,C15,D1,D2,D3,D4,D5,D6,D7,D8,D9,D10,D11,D12,D13,D14,D15,E1,E2,E3,E4,E5,E6,E7,E8,E9,E10,E11,E12,E13,E14,E15
A1,0.0,0.380616694688797,0.6065122485160828,0.9543771147727966,1.21036958694458,1.5370908975601196,1.7918808460235596,2.035033941268921,2.3381638526916504,2.5903160572052,2.905386447906494,3.1378464698791504,3.2822132110595703,3.6664960384368896,3.743391752243042,5.309235095977783,5.4363932609558105,5.57096529006958,5.426331520080566,5.578184604644775,5.343339920043945,4.969810485839844,4.767791271209717,4.651457786560059,4.295505046844482,4.3462371826171875,3.9846627712249756,4.0259504318237305,3.990083694458008,4.254368782043457,5.838936805725098,5.93644380569458,5.948187828063965,6.135351181030273,6.024779796600342,5.802779197692871,5.439535617828369,5.179537296295166,4.958238124847412,4.592833995819092,4.479072570800781,4.09428596496582,4.118678092956543,3.9936423301696777,4.182003974914551,5.922735691070557,5.949309349060059,6.247936725616455,6.054759979248047,6.308799743652344,6.055797100067139,5.899138927459717,5.531164646148682,5.304987907409668,4.938542366027832,4.7769975662231445,4.474474906921387,4.186376571655273,4.015620231628418,4.054321765899658,5.6669206619262695,5.959194183349609,6.138581275939941,6.119311809539795,6.1215715408325195,5.914016246795654,5.640013694763184,5.293038368225098,5.014441967010498,4.7065348625183105,4.388039588928223,4.104925632476807,3.7794342041015625,3.440458059310913,3.1860127449035645
A2,0.380616694688797,0.0,0.39895039796829224,0.6590327024459839,0.8655797243118286,1.1951661109924316,1.4783738851547241,1.7084062099456787,2.017618417739868,2.273529529571533,2.580206871032715,2.826897382736206,2.952989339828491,3.3350133895874023,3.4072463512420654,5.010422706604004,5.153535842895508,5.302537441253662,5.176145553588867,5.342453956604004,5.120236873626709,4.750108242034912,4.545932292938232,4.406111240386963,4.052175998687744,4.080959796905518,3.713226079940796,3.7544848918914795,3.694805383682251,3.9505062103271484,5.54377555847168,5.657559871673584,5.678142070770264,5.880322456359863,5.786722660064697,5.579754829406738,5.216744422912598,4.9697699546813965,4.729969501495361,4.3723063468933105,4.237237453460693,3.8540573120117188,3.8728246688842773,3.722551107406616,3.904487371444702,5.658230304718018,5.696676731109619,6.006590843200684,5.828774452209473,6.094977378845215,5.853663921356201,5.716251373291016,5.353002071380615,5.11133337020874,4.75380802154541,4.579878807067871,4.26220703125,3.984746217727661,3.790799379348755,3.8116796016693115,5.436939239501953,5.729556083679199,5.92593240737915,5.924304008483887,5.943661212921143,5.748866081237793,5.486586570739746,5.136044979095459,4.866797924041748,4.5428147315979,4.237671375274658,3.9370853900909424,3.5998148918151855,3.269017457962036,2.9897634983062744
A3,0.6065122485160828,0.39895039796829224,0.0,0.38900235295295715,0.6715817451477051,0.9773584008216858,1.1972042322158813,1.4547021389007568,1.744206190109253,2.001498222351074,2.3142006397247314,2.5471041202545166,2.7106142044067383,3.0909526348114014,3.1912293434143066,4.795644760131836,4.932951927185059,5.064546585083008,4.9310407638549805,5.079812049865723,4.843283176422119,4.471909999847412,4.24998140335083,4.117958068847656,3.755249261856079,3.78592848777771,3.417310953140259,3.4403276443481445,3.3990533351898193,3.6569864749908447,5.251034736633301,5.347855567932129,5.370678424835205,5.560488700866699,5.459737300872803,5.241934299468994,4.882512092590332,4.623096466064453,4.388648986816406,4.025092601776123,3.8954403400421143,3.5092694759368896,3.5226497650146484,3.390674114227295,3.57574200630188,5.318602085113525,5.349586009979248,5.6515936851501465,5.465963840484619,5.727644920349121,5.483264923095703,5.337679386138916,4.971932411193848,4.733265399932861,4.37277889251709,4.200695514678955,3.8902769088745117,3.6064934730529785,3.423621892929077,3.4575302600860596,5.091689586639404,5.378753185272217,5.566556453704834,5.554601192474365,5.57266092300415,5.3701887130737305,5.109226226806641,4.756214141845703,4.490474224090576,4.170997619628906,3.8599929809570312,3.5687315464019775,3.231186866760254,2.8923559188842773,2.617689847946167
A4,0.9543771147727966,0.6590327024459839,0.38900235295295715,0.0,0.38758134841918945,0.6146141886711121,0.8687654733657837,1.0840739011764526,1.3981465101242065,1.636267066001892,1.9567289352416992,2.184299945831299,2.3320908546447754,2.715162754058838,2.805825710296631,4.4175028800964355,4.5623297691345215,4.702165603637695,4.579930305480957,4.7391581535339355,4.513004302978516,4.144682884216309,3.9244472980499268,3.7756919860839844,3.4165196418762207,3.435056447982788,3.0642244815826416,3.097010374069214,3.0431363582611084,3.304166793823242,4.893512725830078,5.001401424407959,5.023760795593262,5.224639892578125,5.134347438812256,4.929861545562744,4.568792343139648,4.324087619781494,4.076989650726318,3.7216238975524902,3.5800094604492188,3.1974358558654785,3.219585657119751,3.069617509841919,3.262860059738159,5.0131683349609375,5.045472145080566,5.357733249664307,5.180788993835449,5.44862699508667,5.210350513458252,5.083653450012207,4.724630832672119,4.47777795791626,4.125259876251221,3.95222544670105,3.6244990825653076,3.360921859741211,3.1629347801208496,3.1938564777374268,4.867159843444824,5.1456990242004395,5.348972797393799,5.348686218261719,5.390650272369385,5.194317817687988,4.952596187591553,4.592430114746094,4.3461103439331055,4.0142011642456055,3.7144575119018555,3.415888786315918,3.0642526149749756,2.7286086082458496,2.424457311630249
A5,1.21036958694458,0.8655797243118286,0.6715817451477051,0.38758134841918945,0.0,0.36929601430892944,0.6411672830581665,0.8890191912651062,1.1690335273742676,1.454187273979187,1.7340588569641113,2.011033296585083,2.144338607788086,2.5141992568969727,2.6207115650177,4.321869373321533,4.4948554039001465,4.652920722961426,4.559817314147949,4.733231067657471,4.521379470825195,4.1611857414245605,3.9292049407958984,3.747283458709717,3.389453887939453,3.3652639389038086,2.983682632446289,2.992558479309082,2.8958983421325684,3.126152515411377,4.743993282318115,4.872064590454102,4.919544696807861,5.137881278991699,5.074052810668945,4.886140823364258,4.5323638916015625,4.2977070808410645,4.024825096130371,3.6799519062042236,3.501171112060547,3.121136426925659,3.1107828617095947,2.923698902130127,3.084878921508789,4.84782075881958,4.907171249389648,5.229362964630127,5.0777153968811035,5.364709377288818,5.147988319396973,5.040498733520508,4.686211109161377,4.414925575256348,4.077215194702148,3.875263214111328,3.5396955013275146,3.276632785797119,3.0434350967407227,3.031867265701294,4.667268753051758,4.956305027008057,5.176122188568115,5.200388431549072,5.248752593994141,5.075258731842041,4.837074279785156,4.482628345489502,4.23559045791626,3.8875293731689453,3.610219717025757,3.2855801582336426,2.9317421913146973,2.6223134994506836,2.3031203746795654
A6,1.5370908975601196,1.1951661109924316,0.9773584008216858,0.6146141886711121,0.36929601430892944,0.0,0.37725335359573364,0.5284156799316406,0.8418364524841309,1.0981296300888062,1.3896113634109497,1.655127763748169,1.7785545587539673,2.152115821838379,2.2544353008270264,3.9573655128479004,4.13446569442749,4.295132160186768,4.210230827331543,4.388548851013184,4.183889389038086,3.8279690742492676,3.5956923961639404,3.4007980823516846,3.0467872619628906,3.011702537536621,2.629751682281494,2.646131753921509,2.5416035652160645,2.777336359024048,4.386310577392578,4.520199775695801,4.5653462409973145,4.790449142456055,4.733583450317383,4.5561041831970215,4.202126979827881,3.9803264141082764,3.698648691177368,3.3624660968780518,3.1754350662231445,2.8010878562927246,2.8014087677001953,2.601372480392456,2.774287700653076,4.536410808563232,4.592471599578857,4.92186164855957,4.775238990783691,5.0647101402282715,4.852046966552734,4.760618686676025,4.413968086242676,4.138777256011963,3.809506893157959,3.611140727996826,3.2617974281311035,3.0218634605407715,2.7796859741210938,2.7714035511016846,4.44528341293335,4.721533298492432,4.952617645263672,4.983433723449707,5.054955005645752,4.883984088897705,4.666625022888184,4.306090354919434,4.081843852996826,3.727290153503418,3.4608213901519775,3.1380739212036133,2.7749462127685547,2.470747709274292,2.1288135051727295
A7,1.7918808460235596,1.4783738851547241,1.1972042322158813,0.8687654733657837,0.6411672830581665,0.37725335359573364,0.0,0.3767072558403015,0.5540465712547302,0.8665387034416199,1.1337745189666748,1.4112650156021118,1.595249891281128,1.9517027139663696,2.110011100769043,3.842438220977783,4.0234856605529785,4.168850421905518,4.087976455688477,4.24862003326416,4.032679557800293,3.681093692779541,3.421210765838623,3.2227866649627686,2.8592915534973145,2.8044209480285645,2.4168875217437744,2.3891210556030273,2.2876126766204834,2.5072267055511475,4.13651180267334,4.257130146026611,4.318833351135254,4.535329818725586,4.481478691101074,4.296682357788086,3.951690196990967,3.716867208480835,3.429865837097168,3.0903563499450684,2.8902759552001953,2.5116806030273438,2.4820053577423096,2.286681652069092,2.443932056427002,4.2066650390625,4.267977237701416,4.591742515563965,4.447056770324707,4.740805625915527,4.534519195556641,4.439908504486084,4.091182708740234,3.806884527206421,3.4803783893585205,3.2670516967773438,2.9237935543060303,2.6718289852142334,2.4231221675872803,2.40696382522583,4.074486255645752,4.351711273193359,4.579050064086914,4.608486652374268,4.678070545196533,4.5088677406311035,4.29195499420166,3.932286262512207,3.70949125289917,3.3528876304626465,3.0908520221710205,2.7657957077026367,2.4018094539642334,2.103250026702881,1.7574759721755981
A8,2.035033941268921,1.7084062099456787,1.4547021389007568,1.0840739011764526,0.8890191912651062,0.5284156799316406,0.3767072558403015,0.0,0.3809610903263092,0.5704405307769775,0.8817324042320251,1.1271220445632935,1.2666304111480713,1.640185832977295,1.7648043632507324,3.4831931591033936,3.667120933532715,3.8232529163360596,3.750932216644287,3.92687726020813,3.726517915725708,3.3790175914764404,3.1335527896881104,2.919201612472534,2.566439151763916,2.5061943531036377,2.1208221912384033,2.127992630004883,2.0136821269989014,2.251990795135498,3.8580377101898193,3.9931671619415283,4.042083263397217,4.2720465660095215,4.2254133224487305,4.058513641357422,3.7085506916046143,3.4987595081329346,3.203188419342041,2.878458261489868,2.6745100021362305,2.307727813720703,2.3115038871765137,2.095536947250366,2.2801764011383057,4.035974502563477,4.088846683502197,4.424769401550293,4.285305500030518,4.579014301300049,4.374505996704102,4.303096294403076,3.966883659362793,3.6839566230773926,3.3688149452209473,3.1707770824432373,2.8069660663604736,2.597417116165161,2.342923402786255,2.337731122970581,4.0499114990234375,4.3076019287109375,4.550301551818848,4.588154315948486,4.688575744628906,4.52187967300415,4.333140850067139,3.96759033203125,3.77592396736145,3.4163665771484375,3.1689634323120117,2.8538718223571777,2.4852871894836426,2.1978397369384766,1.8342629671096802
A9,2.3381638526916504,2.017618417739868,1.744206190109253,1.3981465101242065,1.1690335273742676,0.8418364524841309,0.5540465712547302,0.3809610903263092,0.0,0.3772367835044861,0.5810884237289429,0.8853439688682556,1.0804798603057861,1.4154354333877563,1.6098625659942627,3.381957530975342,3.5825116634368896,3.733158826828003,3.680605888366699,3.846806526184082,3.6466357707977295,3.3119637966156006,3.0399057865142822,2.8066837787628174,2.4530391693115234,2.3488125801086426,1.9589738845825195,1.9077118635177612,1.7668958902359009,1.9673258066177368,3.60390043258667,3.7384352684020996,3.8153157234191895,4.046743869781494,4.017620086669922,3.8550286293029785,3.519282579421997,3.306647777557373,2.9938316345214844,2.6769325733184814,2.440075159072876,2.076889753341675,2.0331122875213623,1.7951793670654297,1.9449952840805054,3.707505702972412,3.7791998386383057,4.115970611572266,3.992591381072998,4.299517631530762,4.112945079803467,4.0510172843933105,3.7184150218963623,3.4159207344055176,3.114978313446045,2.890056610107422,2.5279369354248047,2.3153913021087646,2.034179449081421,1.9953200817108154,3.682422161102295,3.943666696548462,4.19318151473999,4.243373394012451,4.34867525100708,4.19597864151001,4.013593673706055,3.652984619140625,3.4676859378814697,3.1002912521362305,2.8737308979034424,2.5481643676757812,2.1825623512268066,1.9249821901321411,1.5558234453201294
A10,2.5903160572052,2.273529529571533,2.001498222351074,1.636267066001892,1.454187273979187,1.0981296300888062,0.8665387034416199,0.5704405307769775,0.3772367835044861,0.0,0.3716583847999573,0.5572317242622375,0.7469338178634644,1.1054661273956299,1.2814669609069824,3.0125174522399902,3.2075016498565674,3.3566062450408936,3.304758071899414,3.4755170345306396,3.2825710773468018,2.951247215270996,2.686680555343628,2.443882942199707,2.096846103668213,1.991310954093933,1.6026805639266968,1.5841387510299683,1.4469448328018188,1.6823954582214355,3.290210008621216,3.427649974822998,3.486388921737671,3.723344326019287,3.6933529376983643,3.541666269302368,3.200428009033203,3.007530450820923,2.691420555114746,2.3864965438842773,2.1533877849578857,1.8020720481872559,1.8027533292770386,1.558351755142212,1.7538130283355713,3.4938457012176514,3.545999765396118,3.890134572982788,3.763185977935791,4.063898086547852,3.873447895050049,3.8293817043304443,3.508936643600464,3.2146315574645996,2.9231603145599365,2.7230758666992188,2.3441665172576904,2.1803581714630127,1.9091933965682983,1.9023098945617676,3.6344566345214844,3.8680081367492676,4.1245527267456055,4.173013210296631,4.307899475097656,4.150208950042725,3.9980154037475586,3.6317520141601562,3.4823131561279297,3.1217246055603027,2.9060211181640625,2.606680154800415,2.2449429035186768,1.9967999458312988,1.6284557580947876
A11,2.905386447906494,2.580206871032715,2.3142006397247314,1.9567289352416992,1.7340588569641113,1.3896113634109497,1.1337745189666748,0.8817324042320251,0.5810884237289429,0.3716583847999573,0.0,0.39026737213134766,0.5769274234771729,0.8541892170906067,1.1045879125595093,2.898381471633911,3.121412515640259,3.279052257537842,3.2626476287841797,3.4366698265075684,3.2609598636627197,2.95266056060791,2.6748955249786377,2.399857997894287,2.0709714889526367,1.9016311168670654,1.5212442874908447,1.446116328239441,1.2408463954925537,1.4132658243179321,3.0478599071502686,3.2029876708984375,3.2947137355804443,3.5464041233062744,3.548499345779419,3.4178659915924072,3.0954718589782715,2.9188153743743896,2.5777125358581543,2.300083637237549,2.0207297801971436,1.694420337677002,1.643120288848877,1.3451682329177856,1.4880845546722412,3.222095251083374,3.3030316829681396,3.656036615371704,3.5595297813415527,3.8788087368011475,3.7166430950164795,3.6981704235076904,3.3915653228759766,3.0740175247192383,2.8118467330932617,2.583655595779419,2.204335927963257,2.0609679222106934,1.7530896663665771,1.691092848777771,3.363878011703491,3.59767484664917,3.8723502159118652,3.9462621212005615,4.096427917480469,3.9636478424072266,3.827758550643921,3.471693277359009,3.3379197120666504,2.9693551063537598,2.7908732891082764,2.4819753170013428,2.134350061416626,1.9403858184814453,1.5816103219985962
A12,3.1378464698791504,2.826897382736206,2.5471041202545166,2.184299945831299,2.011033296585083,1.655127763748169,1.4112650156021118,1.1271220445632935,0.8853439688682556,0.5572317242622375,0.39026737213134766,0.0,0.3791457414627075,0.6318625211715698,0.8883373737335205,2.568087339401245,2.7741026878356934,2.914029836654663,2.8883936405181885,3.0528526306152344,2.8733770847320557,2.5677340030670166,2.2873082160949707,2.0103671550750732,1.6826385259628296,1.5129969120025635,1.1312875747680664,1.0767606496810913,0.8955325484275818,1.1312795877456665,2.7336792945861816,2.875886917114258,2.9442226886749268,3.1912808418273926,3.182486057281494,3.0528647899627686,2.7240383625030518,2.5586650371551514,2.219029188156128,1.948774814605713,1.6795337200164795,1.3645581007003784,1.368882417678833,1.0839099884033203,1.2982590198516846,2.988600254058838,3.03733229637146,3.3916544914245605,3.2806496620178223,3.5874831676483154,3.4146335124969482,3.406364679336548,3.109935998916626,2.806955099105835,2.551100492477417,2.3564817905426025,1.9657503366470337,1.8756624460220337,1.597448468208313,1.5922679901123047,3.30253005027771,3.502093553543091,3.7728941440582275,3.8331167697906494,4.008269786834717,3.8621816635131836,3.7553977966308594,3.394110918045044,3.29738450050354,2.945324182510376,2.77179217338562,2.503140449523926,2.1672616004943848,1.978092908859253,1.638252854347229
A13,3.2822132110595703,2.952989339828491,2.7106142044067383,2.3320908546447754,2.144338607788086,1.7785545587539673,1.595249891281128,1.2666304111480713,1.0804798603057861,0.7469338178634644,0.5769274234771729,0.3791457414627075,0.0,0.3935195803642273,0.5456773638725281,2.3365890979766846,2.569378137588501,2.749293565750122,2.7560489177703857,2.9604721069335938,2.821821689605713,2.5319936275482178,2.29040265083313,1.979386568069458,1.6934919357299805,1.4988892078399658,1.1469297409057617,1.1707888841629028,0.9243718385696411,1.1393084526062012,2.6612191200256348,2.8470988273620605,2.9077649116516113,3.186314821243286,3.2036828994750977,3.1138813495635986,2.7883636951446533,2.672672986984253,2.3244497776031494,2.0972719192504883,1.8237584829330444,1.5607668161392212,1.5977624654769897,1.2866300344467163,1.4829318523406982,3.0788989067077637,3.135592460632324,3.5038769245147705,3.4174742698669434,3.726595401763916,3.5695948600769043,3.5956509113311768,3.3228278160095215,3.023159980773926,2.7947754859924316,2.6138038635253906,2.2215394973754883,2.1779909133911133,1.8996399641036987,1.875397801399231,3.5102994441986084,3.6976380348205566,3.987318992614746,4.069028854370117,4.266003131866455,4.13694429397583,4.050519943237305,3.6967310905456543,3.6169469356536865,3.264472246170044,3.1116316318511963,2.841629981994629,2.513969898223877,2.343350648880005,2.0055201053619385
A14,3.6664960384368896,3.3350133895874023,3.0909526348114014,2.715162754058838,2.5141992568969727,2.152115821838379,1.9517027139663696,1.640185832977295,1.4154354333877563,1.1054661273956299,0.8541892170906067,0.6318625211715698,0.3935195803642273,0.0,0.38304343819618225,2.116837978363037,2.3771259784698486,2.56233549118042,2.6117284297943115,2.8177013397216797,2.70582914352417,2.4527978897094727,2.2094457149505615,1.8667515516281128,1.6271182298660278,1.3598498106002808,1.0614556074142456,1.0425714254379272,0.7131833434104919,0.8371291756629944,2.317817449569702,2.5279786586761475,2.6138253211975098,2.9114694595336914,2.9651458263397217,2.908202886581421,2.60721755027771,2.5268263816833496,2.1601667404174805,1.9849791526794434,1.677283525466919,1.4803872108459473,1.4932787418365479,1.1520724296569824,1.3010149002075195,2.7801477909088135,2.8534700870513916,3.230733633041382,3.17604398727417,3.49552583694458,3.36812686920166,3.430673599243164,3.1849968433380127,2.8752694129943848,2.6899001598358154,2.5039992332458496,2.1215012073516846,2.1320996284484863,1.848792314529419,1.7959578037261963,3.3155341148376465,3.4816713333129883,3.786745548248291,3.889643907546997,4.11314058303833,4.0062255859375,3.951493501663208,3.6118662357330322,3.5652377605438232,3.2198870182037354,3.107844352722168,2.852670192718506,2.553239107131958,2.435089588165283,2.125854969024658
A15,3.743391752243042,3.4072463512420654,3.1912293434143066,2.805825710296631,2.6207115650177,2.2544353008270264,2.110011100769043,1.7648043632507324,1.6098625659942627,1.2814669609069824,1.1045879125595093,0.8883373737335205,0.5456773638725281,0.38304343819618225,0.0,1.8736236095428467,2.143350601196289,2.364839792251587,2.4277255535125732,2.672419786453247,2.5952982902526855,2.350162982940674,2.1587507724761963,1.8054759502410889,1.608018398284912,1.3660956621170044,1.114861249923706,1.2151899337768555,0.9299754500389099,1.0815091133117676,2.3523292541503906,2.5882790088653564,2.6363089084625244,2.9509425163269043,3.0074100494384766,2.9780633449554443,2.671626567840576,2.6329572200775146,2.2809536457061768,2.133314371109009,1.8616946935653687,1.6980317831039429,1.7757956981658936,1.4648526906967163,1.640198826789856,3.0020976066589355,3.0564522743225098,3.4353959560394287,3.3818881511688232,3.686004877090454,3.555049419403076,3.634782552719116,3.405756711959839,3.1179285049438477,2.940972328186035,2.789461135864258,2.407348394393921,2.4469099044799805,2.1874377727508545,2.1597516536712646,3.6590752601623535,3.8086955547332764,4.116334438323975,4.219606876373291,4.456036567687988,4.347169399261475,4.304935932159424,3.964946985244751,3.9288341999053955,3.5889782905578613,3.4728870391845703,3.2252798080444336,2.9226250648498535,2.7893362045288086,2.4730491638183594
B1,5.309235095977783,5.010422706604004,4.795644760131836,4.4175028800964355,4.321869373321533,3.9573655128479004,3.842438220977783,3.4831931591033936,3.381957530975342,3.0125174522399902,2.898381471633911,2.568087339401245,2.3365890979766846,2.116837978363037,1.8736236095428467,0.0,0.3704977035522461,0.7000962495803833,0.9835371375083923,1.3114012479782104,1.5021886825561523,1.5310684442520142,1.6298352479934692,1.3722022771835327,1.616233468055725,1.5083506107330322,1.7487598657608032,1.9969855546951294,1.9804863929748535,2.049548864364624,1.738593339920044,1.9569931030273438,1.7852201461791992,2.0880770683288574,2.1712558269500732,2.326047897338867,2.1321160793304443,2.3617191314697266,2.173654794692993,2.3006021976470947,2.23831844329834,2.3804798126220703,2.6193485260009766,2.5172247886657715,2.70927357673645,3.0918972492218018,3.0016729831695557,3.3099169731140137,3.2696692943573,3.443817138671875,3.3417580127716064,3.5394575595855713,3.473525285720825,3.333692789077759,3.3017423152923584,3.3408117294311523,3.0663864612579346,3.319118022918701,3.227707862854004,3.3141424655914307,4.452503204345703,4.443477153778076,4.717184066772461,4.791879177093506,5.116606712341309,5.004024505615234,5.0932159423828125,4.793632984161377,4.895275115966797,4.646697044372559,4.583804607391357,4.4670891761779785,4.2396135330200195,4.149693489074707,3.9146676063537598
B2,5.4363932609558105,5.153535842895508,4.932951927185059,4.5623297691345215,4.4948554039001465,4.13446569442749,4.0234856605529785,3.667120933532715,3.5825116634368896,3.2075016498565674,3.121412515640259,2.7741026878356934,2.569378137588501,2.3771259784698486,2.143350601196289,0.3704977035522461,0.0,0.3688940703868866,0.6590735912322998,0.9987108111381531,1.2372268438339233,1.3197368383407593,1.4942892789840698,1.3139472007751465,1.6127113103866577,1.5826988220214844,1.8646979331970215,2.1333203315734863,2.1768081188201904,2.275432825088501,1.8650171756744385,2.0214731693267822,1.7855730056762695,2.0386269092559814,2.075923204421997,2.228294610977173,2.042703628540039,2.2942404747009277,2.162402629852295,2.307143211364746,2.3068463802337646,2.4686715602874756,2.7414000034332275,2.6858139038085938,2.9022061824798584,3.2156500816345215,3.082951784133911,3.365645170211792,3.2967886924743652,3.4333465099334717,3.31136155128479,3.5013580322265625,3.4506332874298096,3.3506202697753906,3.321406841278076,3.402649164199829,3.1470320224761963,3.414083957672119,3.359849691390991,3.4819226264953613,4.625985622406006,4.599460601806641,4.853634834289551,4.9042887687683105,5.22886848449707,5.098465442657471,5.1958818435668945,4.8962225914001465,5.009572982788086,4.778465747833252,4.7059149742126465,4.61336612701416,4.3913044929504395,4.290672779083252,4.067037582397461
B3,5.57096529006958,5.302537441253662,5.064546585083008,4.702165603637695,4.652920722961426,4.295132160186768,4.168850421905518,3.8232529163360596,3.733158826828003,3.3566062450408936,3.279052257537842,2.914029836654663,2.749293565750122,2.56233549118042,2.364839792251587,0.7000962495803833,0.3688940703868866,0.0,0.3768652677536011,0.657203733921051,0.9382185935974121,1.1017249822616577,1.3165713548660278,1.2160481214523315,1.5651432275772095,1.5840636491775513,1.9124435186386108,2.1672067642211914,2.2673656940460205,2.3706984519958496,1.8271631002426147,1.9140115976333618,1.6252796649932861,1.824573040008545,1.8209142684936523,1.9725879430770874,1.8076015710830688,2.084571123123169,2.0080339908599854,2.185220718383789,2.239879846572876,2.4374115467071533,2.727013349533081,2.723073720932007,2.9473018646240234,3.1416914463043213,2.968501567840576,3.2227885723114014,3.1300737857818604,3.231302499771118,3.0968868732452393,3.2842869758605957,3.2545924186706543,3.1917593479156494,3.1776123046875,3.2977161407470703,3.0718202590942383,3.360440969467163,3.3464550971984863,3.4982988834381104,4.601136684417725,4.55208683013916,4.784553527832031,4.812472820281982,5.138192653656006,4.994751453399658,5.105947494506836,4.812648773193359,4.944386005401611,4.7363667488098145,4.664731502532959,4.602960109710693,4.397410869598389,4.300689220428467,4.100172996520996
B4,5.426331520080566,5.176145553588867,4.9310407638549805,4.579930305480957,4.559817314147949,4.210230827331543,4.087976455688477,3.750932216644287,3.680605888366699,3.304758071899414,3.2626476287841797,2.8883936405181885,2.7560489177703857,2.6117284297943115,2.4277255535125732,0.9835371375083923,0.6590735912322998,0.3768652677536011,0.0,0.3756638765335083,0.6241413950920105,0.7848269939422607,1.0681179761886597,1.0582565069198608,1.4123008251190186,1.51955246925354,1.8488829135894775,2.1257994174957275,2.2789652347564697,2.430389165878296,2.0229666233062744,2.0557756423950195,1.7423650026321411,1.8897515535354614,1.8101295232772827,1.901059627532959,1.7024632692337036,1.9491517543792725,1.9138295650482178,2.0624136924743652,2.1709277629852295,2.3516833782196045,2.6739723682403564,2.7069756984710693,2.9652135372161865,3.2345478534698486,3.032287359237671,3.2739546298980713,3.136650562286377,3.217106342315674,3.0429697036743164,3.1937179565429688,3.1477699279785156,3.111063241958618,3.069770336151123,3.2184042930603027,2.9960484504699707,3.274510383605957,3.2884857654571533,3.475874185562134,4.651423931121826,4.60636568069458,4.820714473724365,4.821192264556885,5.132525444030762,4.96358060836792,5.062625408172607,4.759843349456787,4.884581565856934,4.6848649978637695,4.590016841888428,4.541723251342773,4.331932067871094,4.213009357452393,4.017420768737793
B5,5.578184604644775,5.342453956604004,5.079812049865723,4.7391581535339355,4.733231067657471,4.388548851013184,4.24862003326416,3.92687726020813,3.846806526184082,3.4755170345306396,3.4366698265075684,3.0528526306152344,2.9604721069335938,2.8177013397216797,2.672419786453247,1.3114012479782104,0.9987108111381531,0.657203733921051,0.3756638765335083,0.0,0.37085825204849243,0.6868239641189575,0.9888551831245422,1.0924913883209229,1.4622751474380493,1.6064344644546509,1.9611350297927856,2.205446243286133,2.4052622318267822,2.5512893199920654,2.0399348735809326,2.000459671020508,1.6522585153579712,1.7260037660598755,1.5904690027236938,1.6646480560302734,1.4952460527420044,1.7594548463821411,1.7948057651519775,1.974600076675415,2.1400065422058105,2.3541133403778076,2.6814043521881104,2.7659449577331543,3.0228655338287354,3.166184663772583,2.9262795448303223,3.1335160732269287,2.970829963684082,3.0118536949157715,2.8241944313049316,2.9673492908477783,2.944451093673706,2.949787139892578,2.926011323928833,3.1142921447753906,2.929307699203491,3.2261300086975098,3.2819929122924805,3.4952168464660645,4.609593391418457,4.542359828948975,4.732424736022949,4.709386825561523,5.019115447998047,4.838099956512451,4.950822830200195,4.657533168792725,4.800913333892822,4.627249717712402,4.535750865936279,4.520256996154785,4.331103801727295,4.2201924324035645,4.052198886871338
B6,5.343339920043945,5.120236873626709,4.843283176422119,4.513004302978516,4.521379470825195,4.183889389038086,4.032679557800293,3.726517915725708,3.6466357707977295,3.2825710773468018,3.2609598636627197,2.8733770847320557,2.821821689605713,2.70582914352417,2.5952982902526855,1.5021886825561523,1.2372268438339233,0.9382185935974121,0.6241413950920105,0.37085825204849243,0.0,0.3762584924697876,0.6722332239151001,0.874348521232605,1.218705177307129,1.4204490184783936,1.7665938138961792,2.0019664764404297,2.245621919631958,2.4201853275299072,2.0731899738311768,1.9964070320129395,1.6608703136444092,1.7052606344223022,1.5105597972869873,1.501240849494934,1.2791321277618408,1.48868989944458,1.546432614326477,1.6921906471252441,1.8972787857055664,2.0969977378845215,2.440154790878296,2.5584309101104736,2.835026979446411,3.060434341430664,2.8066940307617188,3.0110738277435303,2.8108489513397217,2.8507509231567383,2.627725839614868,2.732123374938965,2.6809821128845215,2.6944210529327393,2.6422994136810303,2.8446943759918213,2.6621971130371094,2.9475245475769043,3.025329113006592,3.2640771865844727,4.430184841156006,4.37228536605835,4.548612594604492,4.505099773406982,4.7990264892578125,4.598821640014648,4.6966705322265625,4.395324230194092,4.52969217300415,4.361378192901611,4.2536492347717285,4.248538494110107,4.059933662414551,3.937774181365967,3.7798750400543213
B7,4.969810485839844,4.750108242034912,4.471909999847412,4.144682884216309,4.1611857414245605,3.8279690742492676,3.681093692779541,3.3790175914764404,3.3119637966156006,2.951247215270996,2.95266056060791,2.5677340030670166,2.5319936275482178,2.4527978897094727,2.350162982940674,1.5310684442520142,1.3197368383407593,1.1017249822616577,0.7848269939422607,0.6868239641189575,0.3762584924697876,0.0,0.38547682762145996,0.626862108707428,0.9139183163642883,1.1777461767196655,1.4853899478912354,1.7473695278167725,2.0066123008728027,2.2259061336517334,2.153115749359131,2.0963897705078125,1.8020132780075073,1.8754569292068481,1.6765575408935547,1.6051006317138672,1.3109309673309326,1.4308520555496216,1.4423985481262207,1.5057151317596436,1.7051622867584229,1.848581314086914,2.2110888957977295,2.3234434127807617,2.628446102142334,3.0614657402038574,2.8256709575653076,3.0539445877075195,2.836832284927368,2.9075021743774414,2.6607680320739746,2.7280566692352295,2.624993085861206,2.610212564468384,2.5069706439971924,2.6888267993927,2.473557233810425,2.7252249717712402,2.7910258769989014,3.0388498306274414,4.323469638824463,4.295207977294922,4.476309299468994,4.429676532745361,4.7063822746276855,4.494682788848877,4.563042640686035,4.244071960449219,4.350560665130615,4.165264129638672,4.033627986907959,4.010970592498779,3.802772045135498,3.6567697525024414,3.4841501712799072
B8,4.767791271209717,4.545932292938232,4.24998140335083,3.9244472980499268,3.9292049407958984,3.5956923961639404,3.421210765838623,3.1335527896881104,3.0399057865142822,2.686680555343628,2.6748955249786377,2.2873082160949707,2.29040265083313,2.2094457149505615,2.1587507724761963,1.6298352479934692,1.4942892789840698,1.3165713548660278,1.0681179761886597,0.9888551831245422,0.6722332239151001,0.38547682762145996,0.0,0.3831813335418701,0.6055485606193542,0.8837453126907349,1.1882089376449585,1.4115976095199585,1.70209801197052,1.9247286319732666,2.002746105194092,1.932451844215393,1.682969570159912,1.7617498636245728,1.5600322484970093,1.4332201480865479,1.0890253782272339,1.1363352537155151,1.104781150817871,1.1287764310836792,1.331336498260498,1.4709030389785767,1.8347077369689941,1.9669302701950073,2.2750399112701416,2.777611255645752,2.5502781867980957,2.790315628051758,2.5617823600769043,2.6587181091308594,2.401843547821045,2.450482130050659,2.3150198459625244,2.2730019092559814,2.149571180343628,2.3165946006774902,2.091991662979126,2.339829683303833,2.4085912704467773,2.662898540496826,3.968482494354248,3.9515833854675293,4.131627082824707,4.0826544761657715,4.351282119750977,4.136767387390137,4.194485187530518,3.8705224990844727,3.970262289047241,3.781296730041504,3.6488540172576904,3.626281976699829,3.4214251041412354,3.2817893028259277,3.1181275844573975
B9,4.651457786560059,4.406111240386963,4.117958068847656,3.7756919860839844,3.747283458709717,3.4007980823516846,3.2227866649627686,2.919201612472534,2.8066837787628174,2.443882942199707,2.399857997894287,2.0103671550750732,1.979386568069458,1.8667515516281128,1.8054759502410889,1.3722022771835327,1.3139472007751465,1.2160481214523315,1.0582565069198608,1.0924913883209229,0.874348521232605,0.626862108707428,0.3831813335418701,0.0,0.3834470808506012,0.5546872019767761,0.8930609822273254,1.1410049200057983,1.3851683139801025,1.5997065305709839,1.781054139137268,1.775985598564148,1.5726457834243774,1.7298922538757324,1.6029446125030518,1.5215288400650024,1.1754792928695679,1.2332030534744263,1.080530047416687,1.0946544408798218,1.185063362121582,1.311575174331665,1.6575400829315186,1.725855827331543,2.0254223346710205,2.6251888275146484,2.442284107208252,2.7222607135772705,2.5340423583984375,2.6811652183532715,2.457355260848999,2.534627914428711,2.387678623199463,2.2853615283966064,2.1644322872161865,2.271512746810913,2.0066277980804443,2.2488062381744385,2.2616283893585205,2.4755890369415283,3.807896852493286,3.808906078338623,4.018070697784424,4.001545429229736,4.27866792678833,4.087216377258301,4.139604568481445,3.812239170074463,3.9009759426116943,3.684844493865967,3.564695119857788,3.5076446533203125,3.2892353534698486,3.1599373817443848,2.9723525047302246
B10,4.295505046844482,4.052175998687744,3.755249261856079,3.4165196418762207,3.389453887939453,3.0467872619628906,2.8592915534973145,2.566439151763916,2.4530391693115234,2.096846103668213,2.0709714889526367,1.6826385259628296,1.6934919357299805,1.6271182298660278,1.608018398284912,1.616233468055725,1.6127113103866577,1.5651432275772095,1.4123008251190186,1.4622751474380493,1.218705177307129,0.9139183163642883,0.6055485606193542,0.3834470808506012,0.0,0.3794982135295868,0.5913193225860596,0.8597460985183716,1.1390433311462402,1.4138174057006836,1.950542688369751,1.9546563625335693,1.8091611862182617,1.969464898109436,1.8413530588150024,1.7076538801193237,1.3370952606201172,1.2843127250671387,1.0774720907211304,0.9583743810653687,1.0074660778045654,1.0308561325073242,1.393621563911438,1.4552631378173828,1.788742184638977,2.630816698074341,2.4737563133239746,2.7680811882019043,2.566720962524414,2.7424726486206055,2.5029263496398926,2.5382578372955322,2.3388123512268066,2.2015790939331055,2.0248608589172363,2.095099925994873,1.793319821357727,1.9862326383590698,1.980277180671692,2.2027459144592285,3.656812906265259,3.691114902496338,3.9015862941741943,3.8812265396118164,4.135803699493408,3.9344675540924072,3.9539082050323486,3.6106786727905273,3.667819023132324,3.4339792728424072,3.289989709854126,3.2132937908172607,2.975458860397339,2.8236894607543945,2.622257947921753
B11,4.3462371826171875,4.080959796905518,3.78592848777771,3.435056447982788,3.3652639389038086,3.011702537536621,2.8044209480285645,2.5061943531036377,2.3488125801086426,1.991310954093933,1.9016311168670654,1.5129969120025635,1.4988892078399658,1.3598498106002808,1.3660956621170044,1.5083506107330322,1.5826988220214844,1.5840636491775513,1.51955246925354,1.6064344644546509,1.4204490184783936,1.1777461767196655,0.8837453126907349,0.5546872019767761,0.3794982135295868,0.0,0.39002442359924316,0.6084223389625549,0.8308081030845642,1.0639702081680298,1.6788277626037598,1.7298420667648315,1.6445108652114868,1.8574697971343994,1.79678475856781,1.7028743028640747,1.3579339981079102,1.3273571729660034,1.032585620880127,0.9465709328651428,0.8563477993011475,0.9046423435211182,1.2115110158920288,1.2082082033157349,1.510040283203125,2.3716301918029785,2.2560932636260986,2.579813003540039,2.4216196537017822,2.63897442817688,2.439514398574829,2.5098536014556885,2.3166332244873047,2.1290206909179688,1.9800529479980469,1.9947214126586914,1.674607276916504,1.8800511360168457,1.8237839937210083,1.9958112239837646,3.40728759765625,3.447741746902466,3.682666063308716,3.6939375400543213,3.9617066383361816,3.7881789207458496,3.814927101135254,3.478390693664551,3.539008855819702,3.2892205715179443,3.173914909362793,3.0759527683258057,2.842182159423828,2.723726987838745,2.5168702602386475
B12,3.9846627712249756,3.713226079940796,3.417310953140259,3.0642244815826416,2.983682632446289,2.629751682281494,2.4168875217437744,2.1208221912384033,1.9589738845825195,1.6026805639266968,1.5212442874908447,1.1312875747680664,1.1469297409057617,1.0614556074142456,1.114861249923706,1.7487598657608032,1.8646979331970215,1.9124435186386108,1.8488829135894775,1.9611350297927856,1.7665938138961792,1.4853899478912354,1.1882089376449585,0.8930609822273254,0.5913193225860596,0.39002442359924316,0.0,0.383807510137558,0.579163134098053,0.9121745824813843,1.9389053583145142,2.015132427215576,1.9784865379333496,2.198169708251953,2.1449480056762695,2.0266480445861816,1.678106665611267,1.5814653635025024,1.2647727727890015,1.075380563735962,0.9086201786994934,0.7892972230911255,1.0656580924987793,0.992515504360199,1.3285530805587769,2.491755485534668,2.4180080890655518,2.754828691482544,2.5993049144744873,2.8444812297821045,2.6422367095947266,2.67964768409729,2.4439852237701416,2.2192442417144775,2.0214498043060303,1.9785969257354736,1.6170072555541992,1.7464779615402222,1.6370863914489746,1.7909928560256958,3.3404462337493896,3.423389196395874,3.666964054107666,3.684891700744629,3.92842960357666,3.753573417663574,3.7427446842193604,3.391777515411377,3.4116222858428955,3.1340491771698,2.9955170154571533,2.8593459129333496,2.5958123207092285,2.451766014099121,2.2134130001068115
B13,4.0259504318237305,3.7544848918914795,3.4403276443481445,3.097010374069214,2.992558479309082,2.646131753921509,2.3891210556030273,2.127992630004883,1.9077118635177612,1.5841387510299683,1.446116328239441,1.0767606496810913,1.1707888841629028,1.0425714254379272,1.2151899337768555,1.9969855546951294,2.1333203315734863,2.1672067642211914,2.1257994174957275,2.205446243286133,2.0019664764404297,1.7473695278167725,1.4115976095199585,1.1410049200057983,0.8597460985183716,0.6084223389625549,0.383807510137558,0.0,0.3775442838668823,0.6605072021484375,1.85468327999115,1.9125527143478394,1.9388078451156616,2.147259473800659,2.1126739978790283,1.9764703512191772,1.6529802083969116,1.5117759704589844,1.157388687133789,0.9439795613288879,0.6674668192863464,0.5068694949150085,0.7048056125640869,0.6203336119651794,0.9563825130462646,2.1993913650512695,2.1515116691589355,2.4931459426879883,2.3468639850616455,2.619610548019409,2.433239459991455,2.464338541030884,2.21403169631958,1.9492942094802856,1.7532919645309448,1.6605478525161743,1.288421869277954,1.415208101272583,1.2832248210906982,1.4223296642303467,2.9604458808898926,3.0515222549438477,3.2969582080841064,3.320514440536499,3.560612678527832,3.3939995765686035,3.3807575702667236,3.032581090927124,3.053886651992798,2.7730166912078857,2.6521060466766357,2.5169167518615723,2.2688534259796143,2.159149408340454,1.9440104961395264
