,A1,A2,A3,A4,A5,A6,A7,A8,A9,A10,A11,A12,A13,A14,A15,B1,B2,B3,B4,B5,B6,B7,B8,B9,B10,B11,B12,B13,B14,B15,C1,C2,C3,C4,C5,C6,C7,C8,C9,C10,C11,C12,C13,C14,C15,D1,D2,D3,D4,D5,D6,D7,D8,D9,D10,D11,D12,D13,D14,D15,E1,E2,E3,E4,E5,E6,E7,E8,E9,E10,E11,E12,E13,E14,E15
A1,0.0,0.3747403025627136,0.6176037192344666,0.9682636857032776,1.266435980796814,1.548518419265747,1.8296456336975098,2.0781149864196777,2.4074361324310303,2.64058518409729,2.986605644226074,3.128457546234131,3.3216888904571533,3.331101179122925,3.1087608337402344,2.913430690765381,2.7410895824432373,2.917360544204712,2.995718479156494,3.1630053520202637,3.4297597408294678,3.5609593391418457,3.719119071960449,3.8441505432128906,3.9645578861236572,4.0194854736328125,4.024662971496582,4.152855396270752,4.230828285217285,4.143618106842041,3.5859344005584717,3.244086265563965,3.2436182498931885,2.9830338954925537,2.96410870552063,3.0354936122894287,2.880535364151001,3.0625059604644775,3.012483596801758,3.1918907165527344,3.1721293926239014,3.3020055294036865,3.6008005142211914,3.810882806777954,3.8093109130859375,3.47053599357605,3.258016347885132,2.9428539276123047,2.5723443031311035,2.2496743202209473,2.257633686065674,2.1205434799194336,2.4463143348693848,2.4918296337127686,2.8737378120422363,3.0707857608795166,3.442697286605835,3.7032885551452637,4.01837158203125,4.158937454223633,3.7265703678131104,3.570467233657837,3.412932872772217,3.1530814170837402,3.0470073223114014,2.8262526988983154,2.9983534812927246,3.0513551235198975,3.10737943649292,3.2876904010772705,3.329913854598999,3.5998446941375732,3.585315227508545,3.7987077236175537,3.762948751449585
A2,0.3747403025627136,0.0,0.3857516646385193,0.6698977947235107,1.0105695724487305,1.3194217681884766,1.611996054649353,1.8164066076278687,2.1727492809295654,2.3787801265716553,2.7421209812164307,2.887300968170166,3.0539681911468506,3.0585169792175293,2.851378917694092,2.6865620613098145,2.524228811264038,2.6870365142822266,2.7447025775909424,2.8862433433532715,3.1315693855285645,3.2388811111450195,3.3874263763427734,3.49599552154541,3.6130809783935547,3.657818078994751,3.6650784015655518,3.8014941215515137,3.8930187225341797,3.8190948963165283,3.300046682357788,2.96720290184021,2.9609968662261963,2.700618267059326,2.6582868099212646,2.703829288482666,2.529916763305664,2.7036819458007812,2.642573118209839,2.8231041431427,2.8047351837158203,2.9452719688415527,3.2529101371765137,3.4715304374694824,3.481151819229126,3.2132511138916016,3.016869068145752,2.713909149169922,2.334942579269409,1.9924979209899902,1.9757895469665527,1.8537040948867798,2.1648917198181152,2.2309632301330566,2.605214834213257,2.820927619934082,3.1911489963531494,3.4460184574127197,3.7496495246887207,3.8934359550476074,3.5665688514709473,3.4196672439575195,3.2978363037109375,3.068356513977051,2.9958760738372803,2.7784085273742676,2.9527881145477295,2.9691576957702637,3.047714948654175,3.1957380771636963,3.247023820877075,3.490691661834717,3.477879762649536,3.671367645263672,3.6198818683624268
A3,0.6176037192344666,0.3857516646385193,0.0,0.36602258682250977,0.6518982648849487,0.9516612887382507,1.2574564218521118,1.4932291507720947,1.843645691871643,2.080613374710083,2.441180467605591,2.6193442344665527,2.8061819076538086,2.850663900375366,2.672370433807373,2.7779617309570312,2.6651899814605713,2.8486874103546143,2.91458797454834,3.040144443511963,3.2524471282958984,3.3218932151794434,3.4328453540802,3.5086491107940674,3.5899879932403564,3.597806930541992,3.5677173137664795,3.680471420288086,3.769866704940796,3.7132949829101562,3.3966317176818848,3.0904839038848877,3.1052138805389404,2.8659205436706543,2.8004257678985596,2.796888589859009,2.579017400741577,2.7097361087799072,2.595951795578003,2.73887038230896,2.668581485748291,2.7785110473632812,3.0752413272857666,3.3062074184417725,3.339446783065796,3.2781710624694824,3.1216320991516113,2.8492136001586914,2.47678279876709,2.105424642562866,2.018991470336914,1.8448634147644043,2.1089396476745605,2.1191246509552,2.475001335144043,2.6515166759490967,3.0304887294769287,3.2535252571105957,3.571129560470581,3.745814085006714,3.5837340354919434,3.4745588302612305,3.3676648139953613,3.1536333560943604,3.0640602111816406,2.8133187294006348,2.942610740661621,2.9180409908294678,2.961416482925415,3.0728042125701904,3.0868213176727295,3.307250738143921,3.2602434158325195,3.427502155303955,3.347323417663574
A4,0.9682636857032776,0.6698977947235107,0.36602258682250977,0.0,0.3725029230117798,0.6807116270065308,0.9850534200668335,1.1695916652679443,1.5433605909347534,1.7577112913131714,2.1315805912017822,2.31951642036438,2.48746657371521,2.5402615070343018,2.3867788314819336,2.6337060928344727,2.5558156967163086,2.7376697063446045,2.795311450958252,2.895925521850586,3.073972463607788,3.108980417251587,3.19106388092041,3.24163556098938,3.300506353378296,3.2863290309906006,3.2388949394226074,3.344273567199707,3.4393982887268066,3.398043155670166,3.206751823425293,2.9255330562591553,2.9508655071258545,2.7315096855163574,2.645082712173462,2.5993268489837646,2.3511836528778076,2.4460484981536865,2.300966262817383,2.419663190841675,2.326115846633911,2.425610303878784,2.721200942993164,2.960242748260498,3.0090129375457764,3.090798854827881,2.967722177505493,2.7245662212371826,2.359288454055786,1.9707913398742676,1.8311835527420044,1.6473231315612793,1.8663477897644043,1.8671354055404663,2.2017288208007812,2.3763325214385986,2.7532458305358887,2.958613157272339,3.269871711730957,3.4569807052612305,3.443528890609741,3.358285665512085,3.286738634109497,3.1061317920684814,3.0381827354431152,2.783583164215088,2.896376132965088,2.8276426792144775,2.8781673908233643,2.9476256370544434,2.958447217941284,3.1451313495635986,3.091170310974121,3.231534481048584,3.1310620307922363
A5,1.266435980796814,1.0105695724487305,0.6518982648849487,0.3725029230117798,0.0,0.3510442078113556,0.7062052488327026,0.925971508026123,1.2920666933059692,1.5465137958526611,1.9148465394973755,2.1531150341033936,2.3376829624176025,2.442988634109497,2.3359358310699463,2.8469080924987793,2.807887315750122,2.995389461517334,3.0504727363586426,3.1294479370117188,3.2738823890686035,3.2703120708465576,3.318824052810669,3.331202507019043,3.3569746017456055,3.3005292415618896,3.2179436683654785,3.3016180992126465,3.4009199142456055,3.3857064247131348,3.393935203552246,3.140519380569458,3.1750271320343018,2.9712061882019043,2.8596508502960205,2.7702369689941406,2.48636531829834,2.541804075241089,2.343416452407837,2.4232404232025146,2.272942066192627,2.341071844100952,2.622868537902832,2.879171133041382,2.961768865585327,3.2654526233673096,3.1793251037597656,2.966071367263794,2.613732099533081,2.217219829559326,2.028106689453125,1.8158397674560547,1.9717109203338623,1.9182422161102295,2.213357448577881,2.3398659229278564,2.716068744659424,2.876629590988159,3.1961348056793213,3.4171979427337646,3.58685302734375,3.536315679550171,3.4811367988586426,3.317673921585083,3.2383406162261963,2.962056875228882,3.033172845840454,2.9271912574768066,2.942783832550049,2.971064567565918,2.9413602352142334,3.09541916847229,3.0016629695892334,3.1044323444366455,2.965424060821533
A6,1.548518419265747,1.3194217681884766,0.9516612887382507,0.6807116270065308,0.3510442078113556,0.0,0.3696689009666443,0.6440819501876831,0.971924364566803,1.2638912200927734,1.6127547025680542,1.8750501871109009,2.0854852199554443,2.2288565635681152,2.1485321521759033,2.9060933589935303,2.9144673347473145,3.1250290870666504,3.2016379833221436,3.281752586364746,3.40285587310791,3.379286527633667,3.389737844467163,3.3856163024902344,3.3712515830993652,3.2914466857910156,3.16683292388916,3.2126474380493164,3.291588306427002,3.2811191082000732,3.477559804916382,3.253999948501587,3.3196871280670166,3.149763345718384,3.043022871017456,2.927279472351074,2.6286568641662598,2.634546995162964,2.407076358795166,2.4329776763916016,2.235668897628784,2.2491650581359863,2.496108055114746,2.7442545890808105,2.835062026977539,3.2986719608306885,3.24879789352417,3.0675711631774902,2.736992835998535,2.337568998336792,2.102935552597046,1.8476752042770386,1.9474531412124634,1.8284883499145508,2.0878567695617676,2.1598598957061768,2.5329606533050537,2.6604063510894775,2.9916160106658936,3.2363851070404053,3.5331456661224365,3.5184223651885986,3.4733355045318604,3.3255481719970703,3.2313232421875,2.9350647926330566,2.963197946548462,2.8230297565460205,2.8067398071289062,2.798476219177246,2.736186981201172,2.863203525543213,2.7415783405303955,2.818849802017212,2.65816330909729
A7,1.8296456336975098,1.611996054649353,1.2574564218521118,0.9850534200668335,0.7062052488327026,0.3696689009666443,0.0,0.381740927696228,0.623862087726593,0.9472816586494446,1.269365668296814,1.536307454109192,1.7740883827209473,1.9439866542816162,1.8809142112731934,2.868237018585205,2.9268012046813965,3.1621172428131104,3.2660605907440186,3.3535711765289307,3.454352855682373,3.418883800506592,3.3912353515625,3.381312370300293,3.326639175415039,3.2354037761688232,3.07015323638916,3.0731396675109863,3.1204354763031006,3.1036622524261475,3.4725024700164795,3.2809417247772217,3.38419246673584,3.2554688453674316,3.1650424003601074,3.0318236351013184,2.7308313846588135,2.6865220069885254,2.4465463161468506,2.416328191757202,2.18510103225708,2.1368680000305176,2.3379881381988525,2.5623180866241455,2.6461637020111084,3.2333807945251465,3.2200286388397217,3.0738112926483154,2.7717974185943604,2.377260684967041,2.1023597717285156,1.8072453737258911,1.8484083414077759,1.662391185760498,1.881446361541748,1.8968260288238525,2.263371467590332,2.364440679550171,2.7067008018493652,2.967778205871582,3.3692946434020996,3.390521287918091,3.3574581146240234,3.229658603668213,3.125765800476074,2.8158340454101562,2.802701950073242,2.6267597675323486,2.5860350131988525,2.539120674133301,2.452756643295288,2.551206588745117,2.4116878509521484,2.4684970378875732,2.295665740966797
A8,2.0781149864196777,1.8164066076278687,1.4932291507720947,1.1695916652679443,0.925971508026123,0.6440819501876831,0.381740927696228,0.0,0.40755099058151245,0.6250455379486084,0.9942465424537659,1.2610807418823242,1.4514667987823486,1.6210954189300537,1.5938847064971924,2.698604106903076,2.788844108581543,3.012484550476074,3.106735944747925,3.170616388320923,3.236093282699585,3.1712000370025635,3.1128714084625244,3.082270383834839,3.002441883087158,2.8949267864227295,2.711333751678467,2.702435255050659,2.75087308883667,2.746969699859619,3.2361724376678467,3.0765397548675537,3.1905295848846436,3.090238571166992,2.991180181503296,2.826550006866455,2.515288829803467,2.4274580478668213,2.169485569000244,2.1001687049865723,1.8470526933670044,1.771653175354004,1.9600831270217896,2.185053586959839,2.280376672744751,3.0046050548553467,3.025599956512451,2.914224624633789,2.6343603134155273,2.2490100860595703,1.938826560974121,1.6574811935424805,1.629468321800232,1.4394471645355225,1.6085916757583618,1.6251555681228638,1.978193759918213,2.0607361793518066,2.386871576309204,2.6545610427856445,3.2046220302581787,3.244577169418335,3.2522470951080322,3.1640050411224365,3.0957255363464355,2.8027572631835938,2.788287401199341,2.5762202739715576,2.5644872188568115,2.476364850997925,2.409242630004883,2.4649691581726074,2.339839220046997,2.367453098297119,2.1834282875061035
A9,2.4074361324310303,2.1727492809295654,1.843645691871643,1.5433605909347534,1.2920666933059692,0.971924364566803,0.623862087726593,0.40755099058151245,0.0,0.3838009834289551,0.6519798636436462,0.9628035426139832,1.2110085487365723,1.4465992450714111,1.465880036354065,2.8547685146331787,2.9929380416870117,3.2385611534118652,3.358632802963257,3.429741621017456,3.4758644104003906,3.39929461479187,3.3030495643615723,3.262402057647705,3.13840651512146,3.012969493865967,2.7817800045013428,2.7171247005462646,2.7260804176330566,2.7206978797912598,3.4208154678344727,3.2958149909973145,3.4429872035980225,3.3795359134674072,3.2949416637420654,3.1176891326904297,2.8089749813079834,2.678590774536133,2.4111781120300293,2.285465955734253,1.9974563121795654,1.8470051288604736,1.9615600109100342,2.150987148284912,2.2438533306121826,3.127345323562622,3.1868436336517334,3.1119332313537598,2.8651366233825684,2.494588851928711,2.1610918045043945,1.8510006666183472,1.7629234790802002,1.4966278076171875,1.5912355184555054,1.506632924079895,1.8332505226135254,1.8576983213424683,2.197650909423828,2.4943718910217285,3.1911792755126953,3.2755463123321533,3.291292428970337,3.221846103668213,3.1345014572143555,2.8269777297973633,2.7580082416534424,2.509773015975952,2.454378843307495,2.315938711166382,2.203725576400757,2.2132182121276855,2.0494165420532227,2.0340259075164795,1.8182646036148071
A10,2.64058518409729,2.3787801265716553,2.080613374710083,1.7577112913131714,1.5465137958526611,1.2638912200927734,0.9472816586494446,0.6250455379486084,0.3838009834289551,0.0,0.3974999487400055,0.6710288524627686,0.8528303503990173,1.0897376537322998,1.1566904783248901,2.6789932250976562,2.8530263900756836,3.089982271194458,3.208563804626465,3.2640089988708496,3.277479887008667,3.179508924484253,3.0496344566345215,2.997227907180786,2.842806100845337,2.7099711894989014,2.455136299133301,2.364753007888794,2.3576645851135254,2.354722738265991,3.188999891281128,3.1013097763061523,3.266831636428833,3.240509033203125,3.160430431365967,2.9625792503356934,2.6591813564300537,2.483668565750122,2.2160067558288574,2.0432209968566895,1.744430661201477,1.5461366176605225,1.6191118955612183,1.7855923175811768,1.8749326467514038,2.8876900672912598,2.9845354557037354,2.94964599609375,2.735809326171875,2.387611150741577,2.03024959564209,1.7390782833099365,1.5765587091445923,1.302046298980713,1.3180066347122192,1.2160704135894775,1.5158333778381348,1.5169193744659424,1.8410032987594604,2.143213987350464,2.9872889518737793,3.092918872833252,3.1484763622283936,3.120176076889038,3.06783390045166,2.782886266708374,2.712918996810913,2.433622121810913,2.411372184753418,2.234614372253418,2.1515934467315674,2.116879463195801,1.982685923576355,1.9428576231002808,1.7327961921691895
A11,2.986605644226074,2.7421209812164307,2.441180467605591,2.1315805912017822,1.9148465394973755,1.6127547025680542,1.269365668296814,0.9942465424537659,0.6519798636436462,0.3974999487400055,0.0,0.3996366858482361,0.6458644866943359,0.9706897735595703,1.1110742092132568,2.862058162689209,3.0770912170410156,3.3278512954711914,3.466794490814209,3.526925563812256,3.521479845046997,3.4140467643737793,3.250234365463257,3.189852237701416,2.9953184127807617,2.8494958877563477,2.553560972213745,2.405428409576416,2.352513074874878,2.3470282554626465,3.382111072540283,3.3300158977508545,3.523319959640503,3.531376838684082,3.4654197692871094,3.259767770767212,2.9649770259857178,2.7565665245056152,2.4901654720306396,2.2736191749572754,1.9597443342208862,1.7006421089172363,1.6859042644500732,1.7967287302017212,1.875823974609375,3.028796911239624,3.1625583171844482,3.1643922328948975,2.9859566688537598,2.6595442295074463,2.293382406234741,1.9926738739013672,1.7858991622924805,1.4658046960830688,1.3944787979125977,1.1812340021133423,1.4145351648330688,1.3304380178451538,1.656749963760376,1.988088607788086,2.9989564418792725,3.1490135192871094,3.2168915271759033,3.212517023086548,3.1487674713134766,2.8604485988616943,2.741654396057129,2.4303462505340576,2.3723807334899902,2.1413910388946533,2.0204896926879883,1.9220644235610962,1.7561190128326416,1.6552038192749023,1.4108667373657227
A12,3.128457546234131,2.887300968170166,2.6193442344665527,2.31951642036438,2.1531150341033936,1.8750501871109009,1.536307454109192,1.2610807418823242,0.9628035426139832,0.6710288524627686,0.3996366858482361,0.0,0.37444350123405457,0.653121829032898,0.7866575121879578,2.6577999591827393,2.9116621017456055,3.1772663593292236,3.3449246883392334,3.422926902770996,3.4118361473083496,3.318643569946289,3.1345295906066895,3.1000916957855225,2.8855555057525635,2.7704949378967285,2.4633302688598633,2.279374599456787,2.1684153079986572,2.117241144180298,3.2102837562561035,3.1860599517822266,3.415489673614502,3.46570086479187,3.435805082321167,3.243494749069214,2.980029344558716,2.7488980293273926,2.5210933685302734,2.2810606956481934,2.0001044273376465,1.711519718170166,1.6414002180099487,1.6735328435897827,1.6836835145950317,2.794236660003662,2.9541807174682617,2.98940110206604,2.852273941040039,2.5578625202178955,2.1895391941070557,1.8868517875671387,1.6379789113998413,1.2882484197616577,1.14418363571167,0.8557378053665161,1.0482147932052612,0.9585205912590027,1.3055299520492554,1.6272248029708862,2.664562702178955,2.8414132595062256,2.926081657409668,2.95021653175354,2.8982460498809814,2.626429796218872,2.4907164573669434,2.156096935272217,2.1145498752593994,1.8520201444625854,1.758895754814148,1.628664255142212,1.5089269876480103,1.4168187379837036,1.2286828756332397
A13,3.3216888904571533,3.0539681911468506,2.8061819076538086,2.48746657371521,2.3376829624176025,2.0854852199554443,1.7740883827209473,1.4514667987823486,1.2110085487365723,0.8528303503990173,0.6458644866943359,0.37444350123405457,0.0,0.3789817690849304,0.6694455146789551,2.5624523162841797,2.835843086242676,3.0743024349212646,3.2227747440338135,3.2723946571350098,3.2239580154418945,3.102555751800537,2.888335704803467,2.8331596851348877,2.5915703773498535,2.4638783931732178,2.1378352642059326,1.929919719696045,1.8078712224960327,1.7709136009216309,3.008255958557129,3.021929979324341,3.2539315223693848,3.3316545486450195,3.295301914215088,3.081354856491089,2.824479103088379,2.557983875274658,2.3327441215515137,2.056281328201294,1.7781639099121094,1.4556795358657837,1.3291656970977783,1.3237425088882446,1.334742784500122,2.618671417236328,2.813540458679199,2.8859307765960693,2.7780933380126953,2.511396646499634,2.137070655822754,1.8834096193313599,1.5791757106781006,1.2757973670959473,1.0401852130889893,0.772396445274353,0.8737345933914185,0.7219706773757935,1.0203273296356201,1.3561416864395142,2.5990724563598633,2.785083532333374,2.9162652492523193,2.9816055297851562,2.9765820503234863,2.7393720149993896,2.625856637954712,2.2819299697875977,2.2909326553344727,2.016587972640991,1.9719475507736206,1.8149049282073975,1.7432737350463867,1.636733055114746,1.4710639715194702
A14,3.331101179122925,3.0585169792175293,2.850663900375366,2.5402615070343018,2.442988634109497,2.2288565635681152,1.9439866542816162,1.6210954189300537,1.4465992450714111,1.0897376537322998,0.9706897735595703,0.653121829032898,0.3789817690849304,0.0,0.3758835196495056,2.245534896850586,2.542640447616577,2.7805163860321045,2.943084955215454,3.0025413036346436,2.9504153728485107,2.845100164413452,2.6225810050964355,2.598950147628784,2.3553311824798584,2.272217035293579,1.9606025218963623,1.7478500604629517,1.5842939615249634,1.4886853694915771,2.6918320655822754,2.725090742111206,2.9810373783111572,3.0915286540985107,3.08555269241333,2.888174533843994,2.6658947467803955,2.389143228530884,2.2120957374572754,1.9330699443817139,1.7119873762130737,1.3991022109985352,1.2584128379821777,1.1819863319396973,1.0982202291488647,2.2687578201293945,2.480997085571289,2.5793192386627197,2.505855083465576,2.273529529571533,1.9065494537353516,1.6785407066345215,1.3393763303756714,1.0592892169952393,0.746810793876648,0.48824962973594666,0.5277597308158875,0.4663897156715393,0.7658036947250366,1.0536729097366333,2.2604496479034424,2.447981357574463,2.6042842864990234,2.697244167327881,2.726536273956299,2.5216596126556396,2.4305262565612793,2.087123155593872,2.1519923210144043,1.8877662420272827,1.911241888999939,1.7692854404449463,1.7755681276321411,1.721492052078247,1.6337307691574097
A15,3.1087608337402344,2.851378917694092,2.672370433807373,2.3867788314819336,2.3359358310699463,2.1485321521759033,1.8809142112731934,1.5938847064971924,1.465880036354065,1.1566904783248901,1.1110742092132568,0.7866575121879578,0.6694455146789551,0.3758835196495056,0.0,1.9493969678878784,2.2484099864959717,2.515376567840576,2.7116215229034424,2.8113744258880615,2.798485279083252,2.741821050643921,2.5502986907958984,2.582120895385742,2.375368595123291,2.350706100463867,2.083914041519165,1.9089062213897705,1.7390923500061035,1.581823468208313,2.519571542739868,2.524779796600342,2.7994418144226074,2.910276174545288,2.9408018589019775,2.783937692642212,2.5893611907958984,2.343813180923462,2.2124366760253906,1.9759225845336914,1.8077013492584229,1.5475037097930908,1.4691095352172852,1.3958407640457153,1.2481392621994019,2.0390000343322754,2.2235701084136963,2.302661180496216,2.228492498397827,1.9989813566207886,1.6426479816436768,1.3876347541809082,1.064224362373352,0.7476704716682434,0.4427817463874817,0.11574891954660416,0.3859235644340515,0.6017887592315674,0.9172588586807251,1.1085039377212524,1.9503477811813354,2.1197967529296875,2.253760576248169,2.3308308124542236,2.3556625843048096,2.151334047317505,2.0758016109466553,1.743216633796692,1.838600993156433,1.6090736389160156,1.68032968044281,1.5974639654159546,1.6570959091186523,1.6843589544296265,1.6625837087631226
B1,2.913430690765381,2.6865620613098145,2.7779617309570312,2.6337060928344727,2.8469080924987793,2.9060933589935303,2.868237018585205,2.698604106903076,2.8547685146331787,2.6789932250976562,2.862058162689209,2.6577999591827393,2.5624523162841797,2.245534896850586,1.9493969678878784,0.0,0.39986860752105713,0.6868227124214172,1.0273655652999878,1.303987979888916,1.4637728929519653,1.6875697374343872,1.7087675333023071,2.0258991718292236,2.077409505844116,2.3529233932495117,2.399728775024414,2.463575601577759,2.378934144973755,2.1147241592407227,1.1217060089111328,0.9861562252044678,1.3284492492675781,1.5183358192443848,1.7824655771255493,1.8776081800460815,1.96578049659729,1.9088325500488281,2.119126796722412,2.135039806365967,2.322052001953125,2.359919786453247,2.465484380722046,2.3984549045562744,2.1427836418151855,0.6325851678848267,0.445914626121521,0.4148261249065399,0.5759959816932678,0.7666253447532654,0.8544455766677856,1.0632582902908325,1.1058225631713867,1.4096320867538452,1.5293151140213013,1.8798182010650635,1.9677973985671997,2.339214324951172,2.4153828620910645,2.285212993621826,1.3982192277908325,1.1853229999542236,1.3250136375427246,1.4045770168304443,1.6954524517059326,1.773066759109497,2.036257743835449,1.9919663667678833,2.3555140495300293,2.428302526473999,2.730820417404175,2.8664941787719727,3.096731424331665,3.3048224449157715,3.4163074493408203
B2,2.7410895824432373,2.524228811264038,2.6651899814605713,2.5558156967163086,2.807887315750122,2.9144673347473145,2.9268012046813965,2.788844108581543,2.9929380416870117,2.8530263900756836,3.0770912170410156,2.9116621017456055,2.835843086242676,2.542640447616577,2.2484099864959717,0.39986860752105713,0.0,0.38630038499832153,0.754888117313385,1.092655062675476,1.3426494598388672,1.628410816192627,1.7376747131347656,2.0743560791015625,2.19496488571167,2.482668399810791,2.579061985015869,2.6927647590637207,2.6535894870758057,2.4168152809143066,1.1369655132293701,0.879246175289154,1.1459054946899414,1.2691092491149902,1.5654139518737793,1.729278326034546,1.857038140296936,1.8792604207992554,2.124307632446289,2.209514617919922,2.428339958190918,2.5220072269439697,2.6763806343078613,2.6504881381988525,2.426539421081543,0.8979217410087585,0.5697791576385498,0.23071818053722382,0.2768799364566803,0.6111605167388916,0.8683862686157227,1.1458600759506226,1.2940822839736938,1.632429599761963,1.8138113021850586,2.181814670562744,2.309832811355591,2.6803064346313477,2.7742228507995605,2.6630747318267822,1.7315880060195923,1.4711363315582275,1.5450465679168701,1.5559728145599365,1.8338361978530884,1.9196357727050781,2.2257606983184814,2.2305214405059814,2.5874640941619873,2.7000536918640137,2.995396852493286,3.1617846488952637,3.3796427249908447,3.600383996963501,3.702054977416992
B3,2.917360544204712,2.6870365142822266,2.8486874103546143,2.7376697063446045,2.995389461517334,3.1250290870666504,3.1621172428131104,3.012484550476074,3.2385611534118652,3.089982271194458,3.3278512954711914,3.1772663593292236,3.0743024349212646,2.7805163860321045,2.515376567840576,0.6868227124214172,0.38630038499832153,0.0,0.39238426089286804,0.7508710026741028,1.0309690237045288,1.364901065826416,1.5307250022888184,1.8921109437942505,2.0674967765808105,2.3845937252044678,2.538853168487549,2.69629168510437,2.6922457218170166,2.4776084423065186,0.9067895412445068,0.5934188365936279,0.8102360963821411,0.9605664610862732,1.298065423965454,1.5050606727600098,1.70140540599823,1.7563694715499878,2.0554044246673584,2.1781671047210693,2.447505235671997,2.5840060710906982,2.7529213428497314,2.7345261573791504,2.5252323150634766,0.9390197992324829,0.5821501016616821,0.2795356810092926,0.40071412920951843,0.7923837900161743,1.0788183212280273,1.4204643964767456,1.549100399017334,1.9182285070419312,2.0772433280944824,2.459798812866211,2.5723683834075928,2.9264540672302246,2.9909796714782715,2.8701603412628174,2.0242040157318115,1.760800838470459,1.8642637729644775,1.897274374961853,2.1934125423431396,2.297724485397339,2.6081597805023193,2.6123194694519043,2.970897912979126,3.0742721557617188,3.3677430152893066,3.5214412212371826,3.734720230102539,3.9411349296569824,4.028659343719482
B4,2.995718479156494,2.7447025775909424,2.91458797454834,2.795311450958252,3.0504727363586426,3.2016379833221436,3.2660605907440186,3.106735944747925,3.358632802963257,3.208563804626465,3.466794490814209,3.3449246883392334,3.2227747440338135,2.943084955215454,2.7116215229034424,1.0273655652999878,0.754888117313385,0.39238426089286804,0.0,0.3805418312549591,0.7195246815681458,1.0840123891830444,1.3238000869750977,1.682071328163147,1.9177857637405396,2.2408013343811035,2.4487876892089844,2.655776262283325,2.702071189880371,2.527254581451416,0.8116486668586731,0.4322219491004944,0.46088510751724243,0.5906317830085754,0.9520297646522522,1.1967891454696655,1.45010244846344,1.549713373184204,1.8882828950881958,2.0572168827056885,2.366663932800293,2.551699161529541,2.7466354370117188,2.754220962524414,2.578927755355835,1.1410069465637207,0.8437831401824951,0.6415241956710815,0.6529471278190613,0.9602726697921753,1.235156774520874,1.6151447296142578,1.7326186895370483,2.1238436698913574,2.2744386196136475,2.669481039047241,2.78532075881958,3.117840051651001,3.1685431003570557,3.0604135990142822,2.381791591644287,2.133044958114624,2.252728223800659,2.289008855819702,2.580004930496216,2.671506643295288,2.9780468940734863,2.969461441040039,3.319080114364624,3.4081215858459473,3.687563419342041,3.8289120197296143,4.024240970611572,4.211493968963623,4.272983551025391
B5,3.1630053520202637,2.8862433433532715,3.040144443511963,2.895925521850586,3.1294479370117188,3.281752586364746,3.3535711765289307,3.170616388320923,3.429741621017456,3.2640089988708496,3.526925563812256,3.422926902770996,3.2723946571350098,3.0025413036346436,2.8113744258880615,1.303987979888916,1.092655062675476,0.7508710026741028,0.3805418312549591,0.0,0.38236188888549805,0.7515055537223816,1.0489317178726196,1.3929194211959839,1.6751047372817993,2.0000698566436768,2.2537360191345215,2.5000834465026855,2.5893428325653076,2.45420503616333,0.7298727631568909,0.4167011082172394,0.10901660472154617,0.34554678201675415,0.6747452020645142,0.9039406180381775,1.2100915908813477,1.3158103227615356,1.6868832111358643,1.877134084701538,2.220682144165039,2.4385623931884766,2.642033576965332,2.663400888442993,2.5181727409362793,1.2821241617202759,1.0695832967758179,0.9589763283729553,0.9587302207946777,1.1902297735214233,1.4033186435699463,1.7956796884536743,1.8690814971923828,2.2671706676483154,2.3865175247192383,2.7837626934051514,2.8878581523895264,3.1919989585876465,3.2195467948913574,3.12027907371521,2.6448075771331787,2.4242589473724365,2.5756995677948,2.6332335472106934,2.9251043796539307,3.0024187564849854,3.292774200439453,3.2563583850860596,3.5981099605560303,3.658907651901245,3.924867630004883,4.041638374328613,4.221140384674072,4.381956577301025,4.418262958526611
B6,3.4297597408294678,3.1315693855285645,3.2524471282958984,3.073972463607788,3.2738823890686035,3.40285587310791,3.454352855682373,3.236093282699585,3.4758644104003906,3.277479887008667,3.521479845046997,3.4118361473083496,3.2239580154418945,2.9504153728485107,2.798485279083252,1.4637728929519653,1.3426494598388672,1.0309690237045288,0.7195246815681458,0.38236188888549805,0.0,0.39853787422180176,0.7012578248977661,1.0522795915603638,1.35010826587677,1.6924278736114502,1.9759089946746826,2.2377400398254395,2.344740152359009,2.233982801437378,0.587500810623169,0.4922828674316406,0.27574774622917175,0.5804365873336792,0.7369877099990845,0.827413022518158,1.1371678113937378,1.164233922958374,1.5493377447128296,1.707562804222107,2.072593927383423,2.288872480392456,2.4680497646331787,2.4735350608825684,2.337507486343384,1.2823984622955322,1.1754895448684692,1.1775333881378174,1.2251328229904175,1.4254579544067383,1.5607130527496338,1.9439141750335693,1.9453896284103394,2.3339688777923584,2.396367311477661,2.7831435203552246,2.8519127368927,3.1255693435668945,3.115384817123413,3.009509801864624,2.7296195030212402,2.5470261573791504,2.7435061931610107,2.841219902038574,3.143282890319824,3.2157042026519775,3.4810798168182373,3.4095818996429443,3.748251438140869,3.7720630168914795,4.031283855438232,4.113653659820557,4.287561893463135,4.420173168182373,4.4420857429504395
B7,3.5609593391418457,3.2388811111450195,3.3218932151794434,3.108980417251587,3.2703120708465576,3.379286527633667,3.418883800506592,3.1712000370025635,3.39929461479187,3.179508924484253,3.4140467643737793,3.318643569946289,3.102555751800537,2.845100164413452,2.741821050643921,1.6875697374343872,1.628410816192627,1.364901065826416,1.0840123891830444,0.7515055537223816,0.39853787422180176,0.0,0.37878328561782837,0.6703701019287109,1.0031074285507202,1.3313096761703491,1.646634578704834,1.9389454126358032,2.088905096054077,2.0280752182006836,0.7635350227355957,0.798765242099762,0.6543434262275696,0.8438130617141724,0.8211638331413269,0.726316511631012,0.9785727858543396,0.9203571677207947,1.2976291179656982,1.4333393573760986,1.813162088394165,2.0406649112701416,2.2128496170043945,2.2281689643859863,2.128814935684204,1.437072515487671,1.4206411838531494,1.4698330163955688,1.4941093921661377,1.6226400136947632,1.6770861148834229,2.037045478820801,1.9809694290161133,2.350862741470337,2.3709537982940674,2.742791175842285,2.796534538269043,3.0307581424713135,2.9995384216308594,2.912970542907715,2.8923983573913574,2.752535104751587,2.974167823791504,3.0888919830322266,3.380424976348877,3.4263832569122314,3.6631507873535156,3.554389238357544,3.8762593269348145,3.863138198852539,4.101202011108398,4.15199613571167,4.304740905761719,4.404503345489502,4.398691177368164
B8,3.719119071960449,3.3874263763427734,3.4328453540802,3.19106388092041,3.318824052810669,3.389737844467163,3.3912353515625,3.1128714084625244,3.3030495643615723,3.0496344566345215,3.250234365463257,3.1345295906066895,2.888335704803467,2.6225810050964355,2.5502986907958984,1.7087675333023071,1.7376747131347656,1.5307250022888184,1.3238000869750977,1.0489317178726196,0.7012578248977661,0.37878328561782837,0.0,0.39655110239982605,0.6563608050346375,1.0196690559387207,1.3213964700698853,1.5957789421081543,1.7348657846450806,1.6810609102249146,0.7887016534805298,0.9565743803977966,0.9493579864501953,1.183162808418274,1.1568958759307861,0.9859135150909424,1.1294342279434204,0.9348890781402588,1.250981330871582,1.2863478660583496,1.6483867168426514,1.8292573690414429,1.9509660005569458,1.9287641048431396,1.81955885887146,1.3607079982757568,1.44446861743927,1.5714550018310547,1.629900336265564,1.7344542741775513,1.7168971300125122,2.0408895015716553,1.913602590560913,2.2527759075164795,2.212118148803711,2.559866428375244,2.574129343032837,2.7800257205963135,2.715939998626709,2.6223554611206055,2.785565137863159,2.690760374069214,2.945378065109253,3.0928640365600586,3.3838002681732178,3.4203391075134277,3.6253302097320557,3.4825174808502197,3.7961974143981934,3.747288227081299,3.977722644805908,3.9955246448516846,4.145668983459473,4.221564769744873,4.210310935974121
B9,3.8441505432128906,3.49599552154541,3.5086491107940674,3.24163556098938,3.331202507019043,3.3856163024902344,3.381312370300293,3.082270383834839,3.262402057647705,2.997227907180786,3.189852237701416,3.1000916957855225,2.8331596851348877,2.598950147628784,2.582120895385742,2.0258991718292236,2.0743560791015625,1.8921109437942505,1.682071328163147,1.3929194211959839,1.0522795915603638,0.6703701019287109,0.39655110239982605,0.0,0.38620883226394653,0.6844222545623779,1.0424282550811768,1.3665941953659058,1.5762954950332642,1.6038334369659424,1.1783984899520874,1.3345468044281006,1.298944354057312,1.4643464088439941,1.3452261686325073,1.0789849758148193,1.1252939701080322,0.8593389987945557,1.0958292484283447,1.0896284580230713,1.4462324380874634,1.6394069194793701,1.7550907135009766,1.7581093311309814,1.7131857872009277,1.682939887046814,1.8001834154129028,1.92458975315094,1.9466700553894043,1.9927456378936768,1.9224931001663208,2.21280837059021,2.0511178970336914,2.3585050106048584,2.28764009475708,2.609180212020874,2.6176517009735107,2.775120258331299,2.6977858543395996,2.6376962661743164,3.04910945892334,2.987034320831299,3.2482364177703857,3.396944046020508,3.6704232692718506,3.6795337200164795,3.860248565673828,3.6895828247070312,3.980670690536499,3.901982545852661,4.105661392211914,4.096909523010254,4.21961784362793,4.262439250946045,4.218987941741943
B10,3.9645578861236572,3.6130809783935547,3.5899879932403564,3.300506353378296,3.3569746017456055,3.3712515830993652,3.326639175415039,3.002441883087158,3.13840651512146,2.842806100845337,2.9953184127807617,2.8855555057525635,2.5915703773498535,2.3553311824798584,2.375368595123291,2.077409505844116,2.19496488571167,2.0674967765808105,1.9177857637405396,1.6751047372817993,1.35010826587677,1.0031074285507202,0.6563608050346375,0.38620883226394653,0.0,0.3956298530101776,0.7036702632904053,0.9994041919708252,1.202682614326477,1.2545747756958008,1.334039330482483,1.538174033164978,1.5827651023864746,1.776144027709961,1.677257776260376,1.3995941877365112,1.377538800239563,1.0417158603668213,1.170587420463562,1.0340731143951416,1.3254320621490479,1.4406862258911133,1.4845316410064697,1.440200686454773,1.3913882970809937,1.6906217336654663,1.8793184757232666,2.0498743057250977,2.0897140502929688,2.1102466583251953,1.9801274538040161,2.2214601039886475,1.998669981956482,2.2591543197631836,2.1281864643096924,2.412034273147583,2.381267547607422,2.501643657684326,2.3934195041656494,2.3351833820343018,2.951737403869629,2.9361753463745117,3.2179994583129883,3.389554262161255,3.6531929969787598,3.6483829021453857,3.7943942546844482,3.5919911861419678,3.867885112762451,3.754208564758301,3.9448657035827637,3.9032387733459473,4.019379615783691,4.036926746368408,3.9868531227111816
B11,4.0194854736328125,3.657818078994751,3.597806930541992,3.2863290309906006,3.3005292415618896,3.2914466857910156,3.2354037761688232,2.8949267864227295,3.012969493865967,2.7099711894989014,2.8494958877563477,2.7704949378967285,2.4638783931732178,2.272217035293579,2.350706100463867,2.3529233932495117,2.482668399810791,2.3845937252044678,2.2408013343811035,2.0000698566436768,1.6924278736114502,1.3313096761703491,1.0196690559387207,0.6844222545623779,0.3956298530101776,0.0,0.40350085496902466,0.7676456570625305,1.069380521774292,1.2285789251327515,1.707774043083191,1.881900429725647,1.9145193099975586,2.0599050521850586,1.9097155332565308,1.58584725856781,1.4768911600112915,1.1131151914596558,1.1099599599838257,0.8966954350471497,1.1166218519210815,1.2143858671188354,1.2397103309631348,1.234627604484558,1.2800612449645996,2.0057320594787598,2.2040717601776123,2.358743667602539,2.35996413230896,2.3243255615234375,2.1478111743927,2.3442611694335938,2.0972542762756348,2.3125603199005127,2.1592202186584473,2.4048562049865723,2.3773367404937744,2.4435877799987793,2.33589506149292,2.328068971633911,3.175236225128174,3.189000129699707,3.4657013416290283,3.6291730403900146,3.8672873973846436,3.8300564289093018,3.9491260051727295,3.7214648723602295,3.9678053855895996,3.8266632556915283,3.9845004081726074,3.9186956882476807,4.00188684463501,3.985938549041748,3.901219367980957
B12,4.024662971496582,3.6650784015655518,3.5677173137664795,3.2388949394226074,3.2179436683654785,3.16683292388916,3.07015323638916,2.711333751678467,2.7817800045013428,2.455136299133301,2.553560972213745,2.4633302688598633,2.1378352642059326,1.9606025218963623,2.083914041519165,2.399728775024414,2.579061985015869,2.538853168487549,2.4487876892089844,2.2537360191345215,1.9759089946746826,1.646634578704834,1.3213964700698853,1.0424282550811768,0.7036702632904053,0.40350085496902466,0.0,0.3835643529891968,0.7282813191413879,0.9528436660766602,1.9131979942321777,2.0879034996032715,2.1748194694519043,2.325249195098877,2.1919138431549072,1.8695367574691772,1.7124333381652832,1.328571081161499,1.2352255582809448,0.9202795624732971,1.0026781558990479,0.9758703112602234,0.9031338095664978,0.8571813702583313,0.9401195049285889,2.068725347518921,2.304309368133545,2.47336483001709,2.469592332839966,2.3959174156188965,2.165165662765503,2.2989635467529297,2.0060677528381348,2.158018112182617,1.95561683177948,2.1498849391937256,2.0986077785491943,2.1187355518341064,1.999920129776001,2.022190809249878,3.080608367919922,3.1374075412750244,3.416013479232788,3.58516001701355,3.799098253250122,3.73708438873291,3.8185393810272217,3.5618364810943604,3.7819066047668457,3.6085364818573,3.7431538105010986,3.6483473777770996,3.7150180339813232,3.6728994846343994,3.575190544128418
B13,4.152855396270752,3.8014941215515137,3.680471420288086,3.344273567199707,3.3016180992126465,3.2126474380493164,3.0731396675109863,2.702435255050659,2.7171247005462646,2.364753007888794,2.405428409576416,2.279374599456787,1.929919719696045,1.7478500604629517,1.9089062213897705,2.463575601577759,2.6927647590637207,2.69629168510437,2.655776262283325,2.5000834465026855,2.2377400398254395,1.9389454126358032,1.5957789421081543,1.3665941953659058,0.9994041919708252,0.7676456570625305,0.3835643529891968,0.0,0.38127845525741577,0.6834191679954529,2.088796377182007,2.2846639156341553,2.42340350151062,2.5998384952545166,2.4990267753601074,2.193528175354004,2.032806158065796,1.6459976434707642,1.532773494720459,1.1833689212799072,1.1699678897857666,1.0129210948944092,0.797441840171814,0.6162989735603333,0.679741382598877,2.1196961402893066,2.3958120346069336,2.593848943710327,2.6106629371643066,2.529599905014038,2.267500400543213,2.351093053817749,2.0181219577789307,2.1090145111083984,1.8481405973434448,1.9817264080047607,1.8781179189682007,1.8496655225753784,1.6914393901824951,1.7172993421554565,2.968364953994751,3.068917989730835,3.3575103282928467,3.5443625450134277,3.7447943687438965,3.6738474369049072,3.7197797298431396,3.4383914470672607,3.6402547359466553,3.435227155685425,3.5572011470794678,3.4296212196350098,3.4935390949249268,3.428379774093628,3.33229923248291
