,A1,A2,A3,A4,A5,A6,A7,A8,A9,A10,A11,A12,A13,A14,A15,B1,B2,B3,B4,B5,B6,B7,B8,B9,B10,B11,B12,B13,B14,B15,C1,C2,C3,C4,C5,C6,C7,C8,C9,C10,C11,C12,C13,C14,C15,D1,D2,D3,D4,D5,D6,D7,D8,D9,D10,D11,D12,D13,D14,D15,E1,E2,E3,E4,E5,E6,E7,E8,E9,E10,E11,E12,E13,E14,E15
A1,0.0,0.38618114590644836,0.6206885576248169,0.9637062549591064,1.2253813743591309,1.516005516052246,1.8555070161819458,2.1050453186035156,2.393791913986206,2.67600679397583,2.95021390914917,3.1241297721862793,3.508251905441284,3.6573002338409424,4.02350378036499,5.924411296844482,6.2993574142456055,6.473162651062012,6.575099945068359,6.750175952911377,6.69217586517334,6.587758541107178,6.309999465942383,5.974297523498535,5.682080268859863,5.369250774383545,5.097132205963135,4.986851215362549,4.732851982116699,4.746925354003906,5.52756404876709,5.5245466232299805,5.78080940246582,5.889012336730957,5.813111782073975,5.771129131317139,5.497298717498779,5.1367011070251465,4.823493480682373,4.721763610839844,4.373817443847656,4.294743537902832,4.023569583892822,4.016491413116455,4.210732460021973,4.528433322906494,4.634265899658203,4.438750743865967,4.252151012420654,4.315199851989746,3.973684072494507,3.851449489593506,3.641587972640991,3.2944271564483643,3.0983431339263916,3.0841727256774902,3.177811861038208,2.9284114837646484,2.923309564590454,2.672297239303589,1.9925293922424316,1.7142655849456787,1.5357515811920166,1.7085868120193481,1.8028262853622437,1.5037298202514648,1.7157970666885376,2.0260815620422363,2.0120842456817627,2.3044004440307617,2.4358832836151123,2.5852859020233154,2.948775291442871,3.197922468185425,3.3247973918914795
A2,0.38618114590644836,0.0,0.39175349473953247,0.6429700255393982,0.9437295794487,1.2206854820251465,1.5500844717025757,1.7796257734298706,2.091374397277832,2.3543717861175537,2.6474709510803223,2.80476975440979,3.191474437713623,3.3271684646606445,3.6930341720581055,5.604316234588623,5.974213123321533,6.154386043548584,6.257008075714111,6.42525053024292,6.375137805938721,6.269464492797852,5.997063636779785,5.658540725708008,5.375230312347412,5.056138038635254,4.789645195007324,4.695618152618408,4.451146602630615,4.4721269607543945,5.201659202575684,5.186549663543701,5.436603546142578,5.534405708312988,5.44950008392334,5.402759075164795,5.124120712280273,4.762044429779053,4.449312210083008,4.3542680740356445,4.005298137664795,3.9378883838653564,3.6759414672851562,3.6860806941986084,3.895932197570801,4.301044940948486,4.397518634796143,4.20961332321167,4.012223720550537,4.054053783416748,3.7108185291290283,3.5635697841644287,3.336737632751465,2.9890353679656982,2.7939515113830566,2.7713451385498047,2.8890442848205566,2.6537179946899414,2.686713457107544,2.467020034790039,1.7729212045669556,1.4779850244522095,1.2537357807159424,1.3710336685180664,1.454615831375122,1.168803334236145,1.3979812860488892,1.693507432937622,1.707250952720642,2.025503158569336,2.1981184482574463,2.3712775707244873,2.72786283493042,3.000960111618042,3.1645991802215576
A3,0.6206885576248169,0.39175349473953247,0.0,0.37166455388069153,0.6333838701248169,0.8963943719863892,1.244693398475647,1.519039273262024,1.8186039924621582,2.1212892532348633,2.4150373935699463,2.6149134635925293,2.9936394691467285,3.1660256385803223,3.5418853759765625,5.44655704498291,5.8151535987854,5.976390361785889,6.059564113616943,6.2172040939331055,6.147719383239746,6.027144908905029,5.741679668426514,5.3994245529174805,5.113942623138428,4.792555332183838,4.534859657287598,4.420080184936523,4.181809902191162,4.221500873565674,5.027749538421631,5.0317583084106445,5.2686333656311035,5.378481388092041,5.308355331420898,5.2476325035095215,4.975355625152588,4.6193132400512695,4.32241153717041,4.243045330047607,3.905245065689087,3.8505451679229736,3.576612949371338,3.5929131507873535,3.8130435943603516,4.104061126708984,4.175573348999023,3.9649202823638916,3.750169515609741,3.7827701568603516,3.4290990829467773,3.28940749168396,3.087836503982544,2.7536208629608154,2.593182325363159,2.6228463649749756,2.7681386470794678,2.57432222366333,2.619149923324585,2.3903019428253174,1.5478142499923706,1.2119959592819214,1.064157485961914,1.2106618881225586,1.3947923183441162,1.1990681886672974,1.5020313262939453,1.7959991693496704,1.8844046592712402,2.225321054458618,2.422971487045288,2.634591579437256,2.9771382808685303,3.258150100708008,3.4509940147399902
A4,0.9637062549591064,0.6429700255393982,0.37166455388069153,0.0,0.385127454996109,0.5809382796287537,0.922321617603302,1.1867908239364624,1.5159350633621216,1.8054255247116089,2.1232547760009766,2.3146772384643555,2.6921281814575195,2.858457088470459,3.235234022140503,5.145143032073975,5.507428169250488,5.670994758605957,5.7503461837768555,5.898007869720459,5.832546710968018,5.707070350646973,5.424383163452148,5.078178882598877,4.8022637367248535,4.473378658294678,4.224669933319092,4.122964382171631,3.8976352214813232,3.9499406814575195,4.716823577880859,4.712052345275879,4.938521862030029,5.03955602645874,4.962887763977051,4.893239498138428,4.61699104309082,4.260867595672607,3.968954086303711,3.9018235206604004,3.5664427280426025,3.5290732383728027,3.263841152191162,3.301689386367798,3.5408308506011963,3.8980917930603027,3.9532225131988525,3.7464864253997803,3.5166258811950684,3.5226802825927734,3.1656100749969482,2.9989430904388428,2.7849879264831543,2.4555773735046387,2.3084921836853027,2.343858242034912,2.524604558944702,2.3617022037506104,2.451698064804077,2.260222911834717,1.3872435092926025,1.0304503440856934,0.8582462668418884,0.917182981967926,1.1285183429718018,1.0094304084777832,1.337119221687317,1.5937694311141968,1.7318936586380005,2.090223550796509,2.3276166915893555,2.5622315406799316,2.8863089084625244,3.18536376953125,3.413046360015869
A5,1.2253813743591309,0.9437295794487,0.6333838701248169,0.385127454996109,0.0,0.3883657455444336,0.6442946195602417,0.9047945737838745,1.1865203380584717,1.5029972791671753,1.7960212230682373,2.019446611404419,2.3896260261535645,2.5872280597686768,2.9682106971740723,4.859910011291504,5.226269245147705,5.375145435333252,5.4470953941345215,5.599557399749756,5.52230978012085,5.398139476776123,5.11019229888916,4.768557548522949,4.481365203857422,4.161153316497803,3.903212070465088,3.7869904041290283,3.5515434741973877,3.5992794036865234,4.430634498596191,4.448634147644043,4.677569389343262,4.799892425537109,4.747264862060547,4.684234142303467,4.425320148468018,4.07765531539917,3.791717767715454,3.715541362762451,3.3923487663269043,3.340787649154663,3.0530471801757812,3.0732834339141846,3.3036723136901855,3.5435311794281006,3.5916056632995605,3.375849962234497,3.1459569931030273,3.161444664001465,2.8049535751342773,2.6571459770202637,2.4588565826416016,2.130798101425171,1.9932717084884644,2.064908266067505,2.2456064224243164,2.1104984283447266,2.194659948348999,1.9933757781982422,1.0321539640426636,0.6590068340301514,0.5715231895446777,0.7050464153289795,1.0150798559188843,1.0000410079956055,1.3657640218734741,1.628380298614502,1.837430715560913,2.187000274658203,2.4125869274139404,2.6911847591400146,2.992280960083008,3.278761863708496,3.5289504528045654
A6,1.516005516052246,1.2206854820251465,0.8963943719863892,0.5809382796287537,0.3883657455444336,0.0,0.3857913613319397,0.729668140411377,1.0469930171966553,1.3775660991668701,1.706142783164978,1.9468101263046265,2.2993102073669434,2.507970094680786,2.8898520469665527,4.769745826721191,5.123721599578857,5.264847755432129,5.317951202392578,5.445954322814941,5.360422611236572,5.214802265167236,4.919503211975098,4.567413330078125,4.296108245849609,3.9606189727783203,3.729886531829834,3.612855911254883,3.4063971042633057,3.4916398525238037,4.3186116218566895,4.332197666168213,4.53386926651001,4.644297122955322,4.583710193634033,4.492699146270752,4.225613117218018,3.8810482025146484,3.6160054206848145,3.5764973163604736,3.2637221813201904,3.25368595123291,2.9837708473205566,3.0429720878601074,3.3024039268493652,3.559967041015625,3.570390224456787,3.3417303562164307,3.080364465713501,3.051880359649658,2.6822619438171387,2.503910541534424,2.316899299621582,2.0177156925201416,1.938370943069458,2.0527868270874023,2.2917206287384033,2.2164571285247803,2.3506457805633545,2.1889734268188477,1.184012770652771,0.8104614019393921,0.7984357476234436,0.7863514423370361,1.1241211891174316,1.2055542469024658,1.555773377418518,1.754815936088562,1.9853272438049316,2.3441338539123535,2.6095123291015625,2.884768486022949,3.1725900173187256,3.478092908859253,3.7481019496917725
A7,1.8555070161819458,1.5500844717025757,1.244693398475647,0.922321617603302,0.6442946195602417,0.3857913613319397,0.0,0.37398985028266907,0.6729607582092285,1.0090279579162598,1.3392037153244019,1.5939714908599854,1.9335838556289673,2.1581931114196777,2.539764642715454,4.402611255645752,4.75468635559082,4.889133930206299,4.937013626098633,5.063337802886963,4.97526741027832,4.830029487609863,4.535221099853516,4.184327602386475,3.9115562438964844,3.5773367881774902,3.3443078994750977,3.23051381111145,3.0257439613342285,3.1148555278778076,3.946659564971924,3.968620538711548,4.166130065917969,4.285068035125732,4.236885070800781,4.1473283767700195,3.891136884689331,3.5533673763275146,3.2955210208892822,3.2556917667388916,2.9556524753570557,2.9461753368377686,2.668931484222412,2.730611562728882,2.9945836067199707,3.2282869815826416,3.2228994369506836,2.996023654937744,2.725698947906494,2.681816816329956,2.3127074241638184,2.122573137283325,1.9333388805389404,1.6410471200942993,1.5858656167984009,1.733962059020996,1.9996939897537231,1.9759868383407593,2.1388773918151855,2.0108814239501953,1.021210789680481,0.7136132121086121,0.7729939222335815,0.692257821559906,1.0550400018692017,1.2553895711898804,1.5906293392181396,1.750732421875,2.0366992950439453,2.3787403106689453,2.6457016468048096,2.9503173828125,3.206531524658203,3.5061166286468506,3.802708625793457
A8,2.1050453186035156,1.7796257734298706,1.519039273262024,1.1867908239364624,0.9047945737838745,0.729668140411377,0.37398985028266907,0.0,0.3904622197151184,0.6533623933792114,1.0062839984893799,1.23043692111969,1.5760315656661987,1.7870343923568726,2.1684458255767822,4.041051864624023,4.394099712371826,4.536983489990234,4.594958305358887,4.72849702835083,4.653717994689941,4.521546363830566,4.238528251647949,3.8920745849609375,3.619119644165039,3.288323402404785,3.042863368988037,2.954232692718506,2.74468731880188,2.819453001022339,3.5891568660736084,3.604764223098755,3.8101038932800293,3.9300918579101562,3.8844430446624756,3.808109760284424,3.55819034576416,3.220548391342163,2.954456329345703,2.899277925491333,2.6006669998168945,2.5803706645965576,2.297830820083618,2.3595128059387207,2.6274845600128174,2.9402260780334473,2.9377853870391846,2.734151601791382,2.469158172607422,2.4155805110931396,2.0589470863342285,1.844491720199585,1.6176127195358276,1.3096551895141602,1.2379134893417358,1.3757339715957642,1.6633578538894653,1.6719253063201904,1.8723149299621582,1.795214295387268,0.9453946352005005,0.7622107863426208,0.7887004613876343,0.6045922040939331,0.9141109585762024,1.212393045425415,1.5055081844329834,1.6178358793258667,1.9455084800720215,2.2616803646087646,2.525336503982544,2.8515331745147705,3.074282646179199,3.365647315979004,3.6844162940979004
A9,2.393791913986206,2.091374397277832,1.8186039924621582,1.5159350633621216,1.1865203380584717,1.0469930171966553,0.6729607582092285,0.3904622197151184,0.0,0.3990258276462555,0.6743319034576416,0.9759694337844849,1.2899805307388306,1.5584852695465088,1.9373012781143188,3.7636802196502686,4.120849132537842,4.243844032287598,4.2921037673950195,4.432221412658691,4.342580795288086,4.213172912597656,3.924020528793335,3.5843772888183594,3.295412302017212,2.9773941040039062,2.716986656188965,2.6093192100524902,2.3840415477752686,2.4527602195739746,3.3117475509643555,3.3595852851867676,3.5671050548553467,3.7162058353424072,3.704529047012329,3.639096736907959,3.4170114994049072,3.097036123275757,2.844752550125122,2.776946544647217,2.505145311355591,2.464583396911621,2.1573946475982666,2.1919572353363037,2.4414916038513184,2.584585666656494,2.5666823387145996,2.351827621459961,2.082167148590088,2.034937858581543,1.677306890487671,1.4843798875808716,1.2794811725616455,0.9754384160041809,0.9442839622497559,1.1698776483535767,1.45830500125885,1.5347849130630493,1.7274123430252075,1.6617176532745361,0.8640697002410889,0.8228036165237427,0.9655223488807678,0.8646298050880432,1.1448684930801392,1.471295714378357,1.7465190887451172,1.8539891242980957,2.206261396408081,2.4949445724487305,2.7315526008605957,3.080411195755005,3.278259038925171,3.548297166824341,3.876929521560669
A10,2.67600679397583,2.3543717861175537,2.1212892532348633,1.8054255247116089,1.5029972791671753,1.3775660991668701,1.0090279579162598,0.6533623933792114,0.3990258276462555,0.0,0.3876006603240967,0.6022636890411377,0.9252678751945496,1.1675008535385132,1.5471584796905518,3.3958988189697266,3.75215220451355,3.8901312351226807,3.9522593021392822,4.0980377197265625,4.029407024383545,3.9155044555664062,3.644366502761841,3.3096272945404053,3.0270612239837646,2.7113895416259766,2.4399170875549316,2.376682758331299,2.1537513732910156,2.2055275440216064,2.9464523792266846,2.978600263595581,3.1936442852020264,3.337721586227417,3.3231630325317383,3.271636724472046,3.0541810989379883,2.7341361045837402,2.4724996089935303,2.388455629348755,2.120030641555786,2.071141481399536,1.7626272439956665,1.8063132762908936,2.0682191848754883,2.3671114444732666,2.3506293296813965,2.176380157470703,1.9165443181991577,1.844927191734314,1.5169485807418823,1.2762891054153442,0.9994277954101562,0.67100989818573,0.6176628470420837,0.8322576880455017,1.1700212955474854,1.311124563217163,1.562666893005371,1.583667278289795,1.0734854936599731,1.1265912055969238,1.1937026977539062,1.0194839239120483,1.1826742887496948,1.5565996170043945,1.7641665935516357,1.8055472373962402,2.1768851280212402,2.4276318550109863,2.6595492362976074,3.0166215896606445,3.1740057468414307,3.4341094493865967,3.7822463512420654
A11,2.95021390914917,2.6474709510803223,2.4150373935699463,2.1232547760009766,1.7960212230682373,1.706142783164978,1.3392037153244019,1.0062839984893799,0.6743319034576416,0.3876006603240967,0.0,0.393220454454422,0.6413910388946533,0.9593532681465149,1.322242021560669,3.1101369857788086,3.4751899242401123,3.5971720218658447,3.6590359210968018,3.8226358890533447,3.7459983825683594,3.6475989818573,3.3782153129577637,3.0586819648742676,2.754916191101074,2.464439868927002,2.1621596813201904,2.0900371074676514,1.8353592157363892,1.8537914752960205,2.671572685241699,2.739610195159912,2.968961238861084,3.1483781337738037,3.173961639404297,3.1487643718719482,2.968618392944336,2.6726229190826416,2.422125816345215,2.3078701496124268,2.0739102363586426,1.9836984872817993,1.6473510265350342,1.6388394832611084,1.8620342016220093,1.9828616380691528,1.9634076356887817,1.7945269346237183,1.5466008186340332,1.4972203969955444,1.1911283731460571,0.9865525960922241,0.7091244459152222,0.34594056010246277,0.3096461594104767,0.665316104888916,0.9657359719276428,1.1920256614685059,1.4213974475860596,1.4701241254806519,1.151695728302002,1.3134783506393433,1.427017331123352,1.3159065246582031,1.453499436378479,1.8189301490783691,2.0048928260803223,2.0477023124694824,2.4256038665771484,2.6440277099609375,2.8401389122009277,3.212279796600342,3.3437881469726562,3.576042890548706,3.9273202419281006
A12,3.1241297721862793,2.80476975440979,2.6149134635925293,2.3146772384643555,2.019446611404419,1.9468101263046265,1.5939714908599854,1.23043692111969,0.9759694337844849,0.6022636890411377,0.393220454454422,0.0,0.38944312930107117,0.6003475189208984,0.9780502915382385,2.8407480716705322,3.2080228328704834,3.3614847660064697,3.4529600143432617,3.629673957824707,3.5896146297454834,3.5181148052215576,3.2791972160339355,2.9709134101867676,2.681284189224243,2.4003231525421143,2.0869696140289307,2.0840351581573486,1.8372389078140259,1.8175073862075806,2.4160611629486084,2.4497268199920654,2.700880289077759,2.8658618927001953,2.876915216445923,2.8777875900268555,2.697225570678711,2.3955330848693848,2.119767665863037,1.9693849086761475,1.7263479232788086,1.606536865234375,1.2616016864776611,1.2515461444854736,1.4908572435379028,1.919693112373352,1.9275367259979248,1.8297654390335083,1.623050570487976,1.5628280639648438,1.3259276151657104,1.0904508829116821,0.7367852330207825,0.42060136795043945,0.1971883624792099,0.355996310710907,0.7158034443855286,0.9987010955810547,1.2921959161758423,1.4390716552734375,1.3908028602600098,1.5710320472717285,1.6040374040603638,1.439174771308899,1.4745185375213623,1.8489989042282104,1.9656141996383667,1.9488807916641235,2.3260738849639893,2.5015318393707275,2.686549425125122,3.0571677684783936,3.1498091220855713,3.3694186210632324,3.7331271171569824
A13,3.508251905441284,3.191474437713623,2.9936394691467285,2.6921281814575195,2.3896260261535645,2.2993102073669434,1.9335838556289673,1.5760315656661987,1.2899805307388306,0.9252678751945496,0.6413910388946533,0.38944312930107117,0.0,0.38934844732284546,0.7006949782371521,2.480928421020508,2.845888137817383,2.9856643676757812,3.068697929382324,3.245574712753296,3.2024059295654297,3.1363728046417236,2.9029455184936523,2.60343337059021,2.3113508224487305,2.044616937637329,1.7191356420516968,1.7410633563995361,1.4987965822219849,1.4687588214874268,2.046898603439331,2.104421615600586,2.3501343727111816,2.538278102874756,2.581731081008911,2.592512607574463,2.4460837841033936,2.174470901489258,1.9286664724349976,1.7746388912200928,1.590571641921997,1.4686211347579956,1.1328699588775635,1.115594506263733,1.335094928741455,1.6839479207992554,1.6525846719741821,1.584000825881958,1.3825180530548096,1.2830249071121216,1.1101667881011963,0.8679455518722534,0.5163321495056152,0.4096340835094452,0.43819519877433777,0.5899231433868408,0.8418067693710327,1.2072452306747437,1.4811564683914185,1.668513536453247,1.7199580669403076,1.9212106466293335,1.982405662536621,1.8264442682266235,1.8597314357757568,2.233736515045166,2.334726572036743,2.29663348197937,2.6697816848754883,2.8216755390167236,2.9955334663391113,3.3638241291046143,3.4275963306427,3.631309986114502,4.0010986328125
A14,3.6573002338409424,3.3271684646606445,3.1660256385803223,2.858457088470459,2.5872280597686768,2.507970094680786,2.1581931114196777,1.7870343923568726,1.5584852695465088,1.1675008535385132,0.9593532681465149,0.6003475189208984,0.38934844732284546,0.0,0.3834891617298126,2.2894058227539062,2.6517422199249268,2.834260940551758,2.9531171321868896,3.1396780014038086,3.142827033996582,3.105696201324463,2.911086082458496,2.627021551132202,2.364088535308838,2.1110310554504395,1.7948838472366333,1.8959062099456787,1.6845439672470093,1.6240088939666748,1.87588369846344,1.87514066696167,2.1449241638183594,2.3041844367980957,2.3196609020233154,2.3595473766326904,2.2068846225738525,1.926565408706665,1.6477627754211426,1.4471302032470703,1.2506909370422363,1.090023398399353,0.7451119422912598,0.7446794509887695,1.0061124563217163,1.8012573719024658,1.8026138544082642,1.8072834014892578,1.6546533107757568,1.5519927740097046,1.4415534734725952,1.195611596107483,0.8558542728424072,0.784949004650116,0.7171593308448792,0.6331945657730103,0.8319528102874756,1.186578392982483,1.4969955682754517,1.7542977333068848,1.9631584882736206,2.1602556705474854,2.1599860191345215,1.9641838073730469,1.9223002195358276,2.2889113426208496,2.329585075378418,2.237262725830078,2.595418691635132,2.7048912048339844,2.8688571453094482,3.225151300430298,3.250795364379883,3.442331314086914,3.8199961185455322
A15,4.02350378036499,3.6930341720581055,3.5418853759765625,3.235234022140503,2.9682106971740723,2.8898520469665527,2.539764642715454,2.1684458255767822,1.9373012781143188,1.5471584796905518,1.322242021560669,0.9780502915382385,0.7006949782371521,0.3834891617298126,0.0,1.9212009906768799,2.282548189163208,2.481152296066284,2.6201019287109375,2.819180727005005,2.850673198699951,2.8434340953826904,2.682962656021118,2.425976514816284,2.1812362670898438,1.9646797180175781,1.6498984098434448,1.8170069456100464,1.6325725317001343,1.5361473560333252,1.5236575603485107,1.508196234703064,1.7992479801177979,1.96757173538208,2.003289222717285,2.083235263824463,1.969756007194519,1.7244793176651,1.461970329284668,1.2182109355926514,1.0963835716247559,0.8953245282173157,0.5936456918716431,0.5669378638267517,0.7844499349594116,1.7434800863265991,1.7397397756576538,1.813305377960205,1.7078582048416138,1.5937612056732178,1.5721279382705688,1.3553378582000732,1.075148105621338,1.1044379472732544,1.0739346742630005,0.9716654419898987,1.0681723356246948,1.421464443206787,1.7064881324768066,2.0008280277252197,2.3228490352630615,2.5355138778686523,2.5323057174682617,2.3363959789276123,2.2717883586883545,2.629352331161499,2.6402578353881836,2.5224785804748535,2.8660614490509033,2.9396960735321045,3.0836424827575684,3.4296934604644775,3.417773962020874,3.5858147144317627,3.9651577472686768
B1,5.924411296844482,5.604316234588623,5.44655704498291,5.145143032073975,4.859910011291504,4.769745826721191,4.402611255645752,4.041051864624023,3.7636802196502686,3.3958988189697266,3.1101369857788086,2.8407480716705322,2.480928421020508,2.2894058227539062,1.9212009906768799,0.0,0.39988669753074646,0.6344878673553467,0.9235449433326721,1.2384594678878784,1.4437414407730103,1.6749578714370728,1.7803486585617065,1.8102648258209229,1.7479780912399292,1.8731533288955688,1.7357679605484009,2.0654730796813965,2.0824456214904785,1.9093562364578247,0.517388105392456,0.6434718370437622,0.7899856567382812,1.0938720703125,1.4289706945419312,1.7108778953552246,1.95356023311615,2.0646636486053467,2.097346782684326,1.9200615882873535,2.177626848220825,2.058835029602051,2.1099302768707275,2.0485458374023438,1.9197273254394531,2.239912986755371,2.156529426574707,2.4311983585357666,2.5149853229522705,2.397857666015625,2.663764715194702,2.618014097213745,2.586019277572632,2.809635877609253,2.883671283721924,2.8408381938934326,2.80515718460083,3.134899854660034,3.304291009902954,3.616532564163208,4.116751670837402,4.374390125274658,4.415968894958496,4.248915195465088,4.1843132972717285,4.529597759246826,4.508957386016846,4.3654656410217285,4.678161144256592,4.680052757263184,4.765787601470947,5.079627990722656,4.975075721740723,5.0624566078186035,5.4230055809021
B2,6.2993574142456055,5.974213123321533,5.8151535987854,5.507428169250488,5.226269245147705,5.123721599578857,4.75468635559082,4.394099712371826,4.120849132537842,3.75215220451355,3.4751899242401123,3.2080228328704834,2.845888137817383,2.6517422199249268,2.282548189163208,0.39988669753074646,0.0,0.3824671804904938,0.7148374319076538,0.9987549185752869,1.2852799892425537,1.5627490282058716,1.7491850852966309,1.8434243202209473,1.8584777116775513,2.0243818759918213,1.9574943780899048,2.2971410751342773,2.3629255294799805,2.219370126724243,0.8159728646278381,0.866195023059845,0.8439716100692749,1.0713244676589966,1.4210753440856934,1.7052053213119507,2.001580238342285,2.1774260997772217,2.266636848449707,2.130614995956421,2.424238681793213,2.3435842990875244,2.4366681575775146,2.4026429653167725,2.283250093460083,2.6054320335388184,2.5054163932800293,2.7755818367004395,2.856536865234375,2.7221662998199463,2.995924949645996,2.946837902069092,2.929431915283203,3.168224811553955,3.257307291030884,3.219104528427124,3.195345401763916,3.5248539447784424,3.699789524078369,4.014494895935059,4.501444339752197,4.751446723937988,4.792476654052734,4.615525245666504,4.549420356750488,4.897435665130615,4.87198543548584,4.716224670410156,5.023372173309326,5.019372463226318,5.108810901641846,5.412787914276123,5.2967000007629395,5.381341457366943,5.740998268127441
B3,6.473162651062012,6.154386043548584,5.976390361785889,5.670994758605957,5.375145435333252,5.264847755432129,4.889133930206299,4.536983489990234,4.243844032287598,3.8901312351226807,3.5971720218658447,3.3614847660064697,2.9856643676757812,2.834260940551758,2.481152296066284,0.6344878673553467,0.3824671804904938,0.0,0.36655256152153015,0.7135995626449585,0.9726584553718567,1.2927725315093994,1.5083709955215454,1.6659504175186157,1.699492335319519,1.9292030334472656,1.8964189291000366,2.2097036838531494,2.3029422760009766,2.169926881790161,0.9691873788833618,1.1270607709884644,1.0450111627578735,1.3021584749221802,1.6768264770507812,1.9100801944732666,2.220127582550049,2.4100708961486816,2.5248401165008545,2.416745662689209,2.7066574096679688,2.6371631622314453,2.702218532562256,2.6625051498413086,2.5476162433624268,2.6135902404785156,2.4774715900421143,2.7386314868927,2.828740119934082,2.6930429935455322,2.9949235916137695,2.9805288314819336,3.0109024047851562,3.277268409729004,3.3955507278442383,3.3966517448425293,3.3777060508728027,3.7215371131896973,3.883513927459717,4.179372310638428,4.627881050109863,4.881789207458496,4.950876235961914,4.789914131164551,4.750579833984375,5.105499744415283,5.10261869430542,4.964613437652588,5.283898830413818,5.297030448913574,5.391683578491211,5.706691265106201,5.604780673980713,5.6950531005859375,6.056122303009033
B4,6.575099945068359,6.257008075714111,6.059564113616943,5.7503461837768555,5.4470953941345215,5.317951202392578,4.937013626098633,4.594958305358887,4.2921037673950195,3.9522593021392822,3.6590359210968018,3.4529600143432617,3.068697929382324,2.9531171321868896,2.6201019287109375,0.9235449433326721,0.7148374319076538,0.36655256152153015,0.0,0.3944735527038574,0.6105091571807861,0.950042724609375,1.197037696838379,1.4067281484603882,1.4862661361694336,1.7588388919830322,1.7869086265563965,2.082446575164795,2.223501205444336,2.1334352493286133,1.1165932416915894,1.3134026527404785,1.1540818214416504,1.4093931913375854,1.7909616231918335,1.961311936378479,2.2782177925109863,2.485046625137329,2.6351771354675293,2.5717663764953613,2.864562511444092,2.828507661819458,2.8836750984191895,2.8644323348999023,2.7791643142700195,2.699709892272949,2.5181660652160645,2.747689962387085,2.8176372051239014,2.65673565864563,2.966432571411133,2.9627463817596436,3.032606601715088,3.327207565307617,3.481793165206909,3.522698402404785,3.53020977973938,3.890151023864746,4.057289123535156,4.336390495300293,4.710876941680908,4.954432964324951,5.045857906341553,4.888329029083252,4.8750996589660645,5.23982048034668,5.259127140045166,5.130463600158691,5.459964752197266,5.494283199310303,5.606071472167969,5.927742958068848,5.84229040145874,5.948349952697754,6.314876556396484
B5,6.750175952911377,6.42525053024292,6.2172040939331055,5.898007869720459,5.599557399749756,5.445954322814941,5.063337802886963,4.72849702835083,4.432221412658691,4.0980377197265625,3.8226358890533447,3.629673957824707,3.245574712753296,3.1396780014038086,2.819180727005005,1.2384594678878784,0.9987549185752869,0.7135995626449585,0.3944735527038574,0.0,0.3890479505062103,0.7019993662834167,1.0272023677825928,1.2780401706695557,1.4555317163467407,1.7312653064727783,1.845745325088501,2.1413402557373047,2.339907169342041,2.3096630573272705,1.3456778526306152,1.4980779886245728,1.2433032989501953,1.4320318698883057,1.792091727256775,1.9010649919509888,2.2327373027801514,2.47659969329834,2.677335023880005,2.670412540435791,2.980074882507324,2.9938318729400635,3.0719709396362305,3.0926475524902344,3.043886184692383,2.994393825531006,2.783285140991211,2.979156494140625,3.013373851776123,2.8146235942840576,3.1093757152557373,3.0861949920654297,3.171143054962158,3.484210729598999,3.667233943939209,3.7286643981933594,3.7710328102111816,4.1403889656066895,4.327416896820068,4.602071285247803,4.906465530395508,5.129215240478516,5.225985050201416,5.05497932434082,5.053407192230225,5.4265360832214355,5.454627990722656,5.3185248374938965,5.649203300476074,5.695485591888428,5.827642440795898,6.14497709274292,6.065371036529541,6.186999797821045,6.5592546463012695
B6,6.69217586517334,6.375137805938721,6.147719383239746,5.832546710968018,5.52230978012085,5.360422611236572,4.97526741027832,4.653717994689941,4.342580795288086,4.029407024383545,3.7459983825683594,3.5896146297454834,3.2024059295654297,3.142827033996582,2.850673198699951,1.4437414407730103,1.2852799892425537,0.9726584553718567,0.6105091571807861,0.3890479505062103,0.0,0.38203734159469604,0.7045595049858093,1.0157843828201294,1.2006800174713135,1.5227850675582886,1.6700220108032227,1.9194960594177246,2.1434686183929443,2.1420435905456543,1.461576223373413,1.6774697303771973,1.4398472309112549,1.6653965711593628,2.023803234100342,2.085477352142334,2.389833688735962,2.6096746921539307,2.8080718517303467,2.8165783882141113,3.104759693145752,3.123568058013916,3.165346145629883,3.1830008029937744,3.1492888927459717,2.9006540775299072,2.6538312435150146,2.8179564476013184,2.8408751487731934,2.634398937225342,2.9381613731384277,2.942000150680542,3.070021867752075,3.402350425720215,3.6130154132843018,3.714979410171509,3.769907236099243,4.149809837341309,4.3290934562683105,4.580311298370361,4.822505474090576,5.041983604431152,5.165872573852539,5.011135578155518,5.039224147796631,5.417046070098877,5.471282482147217,5.356129169464111,5.698821544647217,5.767880916595459,5.909533500671387,6.238917827606201,6.1811418533325195,6.314846038818359,6.689730644226074
B7,6.587758541107178,6.269464492797852,6.027144908905029,5.707070350646973,5.398139476776123,5.214802265167236,4.830029487609863,4.521546363830566,4.213172912597656,3.9155044555664062,3.6475989818573,3.5181148052215576,3.1363728046417236,3.105696201324463,2.8434340953826904,1.6749578714370728,1.5627490282058716,1.2927725315093994,0.950042724609375,0.7019993662834167,0.38203734159469604,0.0,0.38099774718284607,0.7159202098846436,0.980361819267273,1.2910116910934448,1.5142356157302856,1.7412971258163452,2.0142669677734375,2.078319549560547,1.5800607204437256,1.7897493839263916,1.5262855291366577,1.7323578596115112,2.0615358352661133,2.054058313369751,2.3303136825561523,2.5413200855255127,2.758782148361206,2.810373306274414,3.0876805782318115,3.1424078941345215,3.1769585609436035,3.2237391471862793,3.230185031890869,2.957306385040283,2.679138422012329,2.7960257530212402,2.77431058883667,2.5314457416534424,2.8126320838928223,2.8031394481658936,2.9535489082336426,3.301762580871582,3.5432655811309814,3.6773836612701416,3.768155574798584,4.156681060791016,4.3506951332092285,4.586604118347168,4.738584518432617,4.936610221862793,5.073312759399414,4.914666175842285,4.964638710021973,5.348824977874756,5.42215633392334,5.312335014343262,5.660311698913574,5.751226902008057,5.914235591888428,6.24560022354126,6.2064971923828125,6.360541343688965,6.74064826965332
B8,6.309999465942383,5.997063636779785,5.741679668426514,5.424383163452148,5.11019229888916,4.919503211975098,4.535221099853516,4.238528251647949,3.924020528793335,3.644366502761841,3.3782153129577637,3.2791972160339355,2.9029455184936523,2.911086082458496,2.682962656021118,1.7803486585617065,1.7491850852966309,1.5083709955215454,1.197037696838379,1.0272023677825928,0.7045595049858093,0.38099774718284607,0.0,0.37893837690353394,0.6447763442993164,0.9647268652915955,1.220001459121704,1.4072366952896118,1.7050552368164062,1.812972903251648,1.5855735540390015,1.8236180543899536,1.5954937934875488,1.8262964487075806,2.138587236404419,2.0958657264709473,2.3255817890167236,2.492805004119873,2.6911542415618896,2.751958131790161,2.998694658279419,3.0588338375091553,3.0599560737609863,3.1109418869018555,3.1420438289642334,2.7728633880615234,2.469630718231201,2.5451955795288086,2.4924979209899902,2.2307498455047607,2.5002553462982178,2.4971323013305664,2.674431085586548,3.0329642295837402,3.2961974143981934,3.462542772293091,3.572387456893921,3.9657113552093506,4.160131454467773,4.375648498535156,4.4611992835998535,4.649974346160889,4.803569793701172,4.654434680938721,4.7273383140563965,5.113438129425049,5.207703590393066,5.114352226257324,5.469843864440918,5.58138370513916,5.755171775817871,6.094159126281738,6.076437950134277,6.24415397644043,6.625827789306641
B9,5.974297523498535,5.658540725708008,5.3994245529174805,5.078178882598877,4.768557548522949,4.567413330078125,4.184327602386475,3.8920745849609375,3.5843772888183594,3.3096272945404053,3.0586819648742676,2.9709134101867676,2.60343337059021,2.627021551132202,2.425976514816284,1.8102648258209229,1.8434243202209473,1.6659504175186157,1.4067281484603882,1.2780401706695557,1.0157843828201294,0.7159202098846436,0.37893837690353394,0.0,0.38043105602264404,0.6104366779327393,0.9207861423492432,1.1182090044021606,1.442943811416626,1.6040139198303223,1.5125035047531128,1.7347205877304077,1.5274674892425537,1.7531378269195557,2.0307772159576416,1.9495731592178345,2.1302337646484375,2.25801682472229,2.443092107772827,2.5215461254119873,2.744675636291504,2.8235342502593994,2.8117456436157227,2.8843014240264893,2.950824737548828,2.641895294189453,2.3310492038726807,2.371190309524536,2.2727370262145996,1.9773399829864502,2.2124760150909424,2.1781232357025146,2.3529484272003174,2.7152514457702637,2.9933438301086426,3.1746692657470703,3.312776565551758,3.707843542098999,3.9176924228668213,4.1253862380981445,4.153345108032227,4.325855731964111,4.478762149810791,4.322491645812988,4.403942584991455,4.792374134063721,4.895509243011475,4.804275035858154,5.161253452301025,5.2862935066223145,5.473881721496582,5.812777042388916,5.808907985687256,5.991058349609375,6.375010013580322
B10,5.682080268859863,5.375230312347412,5.113942623138428,4.8022637367248535,4.481365203857422,4.296108245849609,3.9115562438964844,3.619119644165039,3.295412302017212,3.0270612239837646,2.754916191101074,2.681284189224243,2.3113508224487305,2.364088535308838,2.1812362670898438,1.7479780912399292,1.8584777116775513,1.699492335319519,1.4862661361694336,1.4555317163467407,1.2006800174713135,0.980361819267273,0.6447763442993164,0.38043105602264404,0.0,0.3876756727695465,0.5958977937698364,0.7672600150108337,1.074373483657837,1.2289527654647827,1.4081522226333618,1.6778830289840698,1.5552952289581299,1.8313277959823608,2.113675117492676,2.061861515045166,2.2092947959899902,2.2823851108551025,2.411997079849243,2.4497997760772705,2.636556625366211,2.678542137145996,2.61995792388916,2.662975788116455,2.7221486568450928,2.2832560539245605,1.9641509056091309,1.992544412612915,1.8945177793502808,1.6068267822265625,1.8597944974899292,1.8552547693252563,2.0481114387512207,2.4112634658813477,2.6874756813049316,2.882575273513794,3.007690668106079,3.402935743331909,3.5968635082244873,3.7918529510498047,3.826923131942749,4.013744354248047,4.177801609039307,4.041116237640381,4.131446838378906,4.516477108001709,4.629116058349609,4.557067394256592,4.920376777648926,5.051090240478516,5.229877471923828,5.578916549682617,5.58569860458374,5.765024662017822,6.145719528198242
B11,5.369250774383545,5.056138038635254,4.792555332183838,4.473378658294678,4.161153316497803,3.9606189727783203,3.5773367881774902,3.288323402404785,2.9773941040039062,2.7113895416259766,2.464439868927002,2.4003231525421143,2.044616937637329,2.1110310554504395,1.9646797180175781,1.8731533288955688,2.0243818759918213,1.9292030334472656,1.7588388919830322,1.7312653064727783,1.5227850675582886,1.2910116910934448,0.9647268652915955,0.6104366779327393,0.3876756727695465,0.0,0.3985690176486969,0.5962026715278625,0.9297947883605957,1.1636520624160767,1.4520602226257324,1.672078251838684,1.570123553276062,1.8135300874710083,2.041558265686035,1.9469366073608398,2.0335543155670166,2.0599517822265625,2.173293352127075,2.2363522052764893,2.3937859535217285,2.4642701148986816,2.397826671600342,2.474241018295288,2.5802183151245117,2.2748465538024902,1.9615156650543213,1.9465999603271484,1.7863446474075317,1.4536240100860596,1.642393946647644,1.5778344869613647,1.75727379322052,2.1238021850585938,2.4184389114379883,2.627685308456421,2.7923734188079834,3.18703293800354,3.4043166637420654,3.593024730682373,3.5578067302703857,3.72117280960083,3.879185676574707,3.727839708328247,3.824707508087158,4.213052749633789,4.332829475402832,4.258303165435791,4.6212358474731445,4.76582670211792,4.962325572967529,5.308067798614502,5.328200340270996,5.524415016174316,5.907614707946777
B12,5.097132205963135,4.789645195007324,4.534859657287598,4.224669933319092,3.903212070465088,3.729886531829834,3.3443078994750977,3.042863368988037,2.716986656188965,2.4399170875549316,2.1621596813201904,2.0869696140289307,1.7191356420516968,1.7948838472366333,1.6498984098434448,1.7357679605484009,1.9574943780899048,1.8964189291000366,1.7869086265563965,1.845745325088501,1.6700220108032227,1.5142356157302856,1.220001459121704,0.9207861423492432,0.5958977937698364,0.3985690176486969,0.0,0.3877667486667633,0.6056402921676636,0.7931786179542542,1.2921152114868164,1.543060541152954,1.5385864973068237,1.8234487771987915,2.0559074878692627,2.0140812397003174,2.0795388221740723,2.056718587875366,2.102810859680176,2.1032297611236572,2.22605037689209,2.2428998947143555,2.1313233375549316,2.168137788772583,2.256721019744873,1.8910579681396484,1.5887712240219116,1.585185170173645,1.4355013370513916,1.1176742315292358,1.33331298828125,1.2891154289245605,1.4576236009597778,1.8176556825637817,2.0918772220611572,2.2941582202911377,2.4328272342681885,2.828082799911499,3.0308334827423096,3.220552921295166,3.242759943008423,3.431459903717041,3.587146520614624,3.4508438110351562,3.5398027896881104,3.9235923290252686,4.039626121520996,3.9768776893615723,4.343426704406738,4.481836318969727,4.661602973937988,5.015693187713623,5.036424160003662,5.222434043884277,5.601746559143066
B13,4.986851215362549,4.695618152618408,4.420080184936523,4.122964382171631,3.7869904041290283,3.612855911254883,3.23051381111145,2.954232692718506,2.6093192100524902,2.376682758331299,2.0900371074676514,2.0840351581573486,1.7410633563995361,1.8959062099456787,1.8170069456100464,2.0654730796813965,2.2971410751342773,2.2097036838531494,2.082446575164795,2.1413402557373047,1.9194960594177246,1.7412971258163452,1.4072366952896118,1.1182090044021606,0.7672600150108337,0.5962026715278625,0.3877667486667633,0.0,0.3704400062561035,0.6848602294921875,1.6412683725357056,1.9098533391952515,1.9233648777008057,2.2110469341278076,2.437883138656616,2.3834068775177,2.4279768466949463,2.381220579147339,2.4081954956054688,2.40879487991333,2.492231607437134,2.498486280441284,2.342730760574341,2.360366106033325,2.4529528617858887,1.825490951538086,1.490325927734375,1.4080766439437866,1.2198429107666016,0.886864185333252,1.1060938835144043,1.1361031532287598,1.3917337656021118,1.7580217123031616,2.059141159057617,2.3158156871795654,2.458679437637329,2.8474009037017822,3.0261123180389404,3.1744163036346436,3.1139917373657227,3.300011157989502,3.4928886890411377,3.3889694213867188,3.5169525146484375,3.895565986633301,4.043685436248779,4.014237403869629,4.387948036193848,4.549924373626709,4.732266902923584,5.095829963684082,5.141782283782959,5.334879398345947,5.709361553192139
