,A1,A2,A3,A4,A5,A6,A7,A8,A9,A10,A11,A12,A13,A14,A15,B1,B2,B3,B4,B5,B6,B7,B8,B9,B10,B11,B12,B13,B14,B15,C1,C2,C3,C4,C5,C6,C7,C8,C9,C10,C11,C12,C13,C14,C15,D1,D2,D3,D4,D5,D6,D7,D8,D9,D10,D11,D12,D13,D14,D15,E1,E2,E3,E4,E5,E6,E7,E8,E9,E10,E11,E12,E13,E14,E15
A1,0.0,0.39374205470085144,0.6003031134605408,0.948031485080719,1.2434369325637817,1.5257983207702637,1.8458809852600098,2.051994800567627,2.431175470352173,2.654933452606201,3.0151259899139404,3.1851909160614014,3.475663185119629,3.6605803966522217,3.5673270225524902,2.398775577545166,2.177881956100464,2.0141615867614746,1.855526328086853,1.7512319087982178,1.8945053815841675,2.2232091426849365,2.4132561683654785,2.6750307083129883,2.9382715225219727,3.2522170543670654,3.477348566055298,3.686119556427002,4.005553722381592,4.03795862197876,3.371518135070801,3.1114063262939453,2.9769341945648193,2.7741289138793945,2.660968065261841,2.6432900428771973,2.927070140838623,3.0657424926757812,3.244140386581421,3.4878458976745605,3.722036361694336,3.998910903930664,4.078364849090576,4.435601234436035,4.52357816696167,3.904794931411743,3.6394739151000977,3.5642924308776855,3.3979551792144775,3.354008674621582,3.323082685470581,3.5969693660736084,3.692072868347168,3.8562703132629395,4.093679904937744,4.302887916564941,4.574474811553955,4.682003021240234,4.9756364822387695,5.120054721832275,4.716553211212158,4.404923439025879,4.462414264678955,4.3719964027404785,4.245045185089111,4.149360656738281,4.439600944519043,4.487943172454834,4.6389546394348145,4.832764148712158,4.91954231262207,5.211741924285889,5.1161088943481445,5.4416961669921875,5.469935417175293
A2,0.39374205470085144,0.0,0.39660879969596863,0.6973986625671387,0.9134846329689026,1.235965371131897,1.529597520828247,1.7087384462356567,2.0940001010894775,2.295619487762451,2.6583173274993896,2.8108971118927,3.100174903869629,3.274946451187134,3.179731845855713,2.035374164581299,1.8265265226364136,1.6689645051956177,1.4879502058029175,1.4105664491653442,1.5402233600616455,1.8809140920639038,2.0450475215911865,2.3126022815704346,2.5618653297424316,2.8781802654266357,3.0951285362243652,3.30011248588562,3.617017984390259,3.6459710597991943,3.031327962875366,2.7728171348571777,2.6656711101531982,2.4609053134918213,2.383964776992798,2.353687286376953,2.637132406234741,2.744828939437866,2.921929121017456,3.1461844444274902,3.37758731842041,3.643897294998169,3.711557626724243,4.06522274017334,4.1487274169921875,3.58160662651062,3.3258936405181885,3.2786529064178467,3.117372512817383,3.10776686668396,3.0691978931427,3.341153860092163,3.406177282333374,3.570650815963745,3.787153482437134,3.9934067726135254,4.251579761505127,4.348499774932861,4.632548809051514,4.771369457244873,4.4165449142456055,4.118466377258301,4.2003326416015625,4.123391628265381,4.020451068878174,3.921675205230713,4.210806369781494,4.234935283660889,4.393182277679443,4.567118167877197,4.657543659210205,4.935739040374756,4.832803249359131,5.151939392089844,5.16762113571167
A3,0.6003031134605408,0.39660879969596863,0.0,0.392040878534317,0.6951195001602173,0.934199333190918,1.2770580053329468,1.4792488813400269,1.851622462272644,2.0939996242523193,2.450308084487915,2.650024175643921,2.9390649795532227,3.154432535171509,3.087404727935791,2.1520121097564697,1.9923598766326904,1.8598819971084595,1.624611496925354,1.5644346475601196,1.6069130897521973,1.91608464717865,2.060572862625122,2.2782058715820312,2.5345616340637207,2.815699338912964,3.0594589710235596,3.2305428981781006,3.566450595855713,3.62062406539917,3.2008278369903564,2.934947967529297,2.8680553436279297,2.6397058963775635,2.5864717960357666,2.505969285964966,2.7518279552459717,2.8361873626708984,2.968547821044922,3.183379888534546,3.3758599758148193,3.650460720062256,3.6864659786224365,4.044776439666748,4.153931617736816,3.7589166164398193,3.504995822906494,3.491722822189331,3.3142566680908203,3.3236634731292725,3.249079704284668,3.4920244216918945,3.5333964824676514,3.6633286476135254,3.8649742603302,4.038567543029785,4.297832489013672,4.36228609085083,4.647488117218018,4.806489944458008,4.598631381988525,4.311158180236816,4.420422077178955,4.336119174957275,4.240757942199707,4.116342544555664,4.384457588195801,4.382452011108398,4.519065856933594,4.670461177825928,4.733671188354492,4.996966361999512,4.864548683166504,5.166410446166992,5.158421516418457
A4,0.948031485080719,0.6973986625671387,0.392040878534317,0.0,0.3818942606449127,0.5975666046142578,0.915738046169281,1.1704785823822021,1.5271339416503906,1.8010612726211548,2.1378984451293945,2.350388765335083,2.660834789276123,2.8935229778289795,2.864586353302002,2.1081883907318115,1.9722710847854614,1.826089859008789,1.5326206684112549,1.4547922611236572,1.4096369743347168,1.6720645427703857,1.8146113157272339,1.9859038591384888,2.2585337162017822,2.513085126876831,2.7822916507720947,2.9440367221832275,3.292872190475464,3.3771841526031494,3.094421863555908,2.8100128173828125,2.7741527557373047,2.514819383621216,2.476241111755371,2.343947410583496,2.5486690998077393,2.6161587238311768,2.7085161209106445,2.920417070388794,3.083315134048462,3.367962121963501,3.391228199005127,3.7544453144073486,3.8872313499450684,3.632821798324585,3.3725335597991943,3.388134479522705,3.1882925033569336,3.2130839824676514,3.100391387939453,3.311800718307495,3.3317747116088867,3.429680347442627,3.6195497512817383,3.7663612365722656,4.027917861938477,4.071100234985352,4.3598856925964355,4.536771774291992,4.454459190368652,4.174855709075928,4.3095808029174805,4.213234901428223,4.125366687774658,3.974303960800171,4.219441890716553,4.191557884216309,4.308398246765137,4.438760280609131,4.480175495147705,4.730323791503906,4.577145099639893,4.866262912750244,4.843652725219727
A5,1.2434369325637817,0.9134846329689026,0.6951195001602173,0.3818942606449127,0.0,0.38840171694755554,0.6169207096099854,0.8299847841262817,1.2012768983840942,1.4479020833969116,1.7894772291183472,1.9811339378356934,2.2939860820770264,2.5169596672058105,2.4903979301452637,1.823472499847412,1.7210787534713745,1.5949820280075073,1.275327205657959,1.2441235780715942,1.143507957458496,1.3951432704925537,1.4874560832977295,1.6510275602340698,1.9026734828948975,2.1538991928100586,2.415472984313965,2.5685176849365234,2.9162917137145996,2.999168634414673,2.8057069778442383,2.5282397270202637,2.5313496589660645,2.2746241092681885,2.2838144302368164,2.134861946105957,2.327012062072754,2.3500614166259766,2.4333975315093994,2.6154422760009766,2.7693166732788086,3.0390050411224365,3.0443286895751953,3.402494192123413,3.5310001373291016,3.3538269996643066,3.109161615371704,3.1590638160705566,2.968301296234131,3.032518148422241,2.912224531173706,3.115309953689575,3.0981452465057373,3.193153142929077,3.3543002605438232,3.4946863651275635,3.7376818656921387,3.766362428665161,4.042050361633301,4.21197509765625,4.191302299499512,3.930558919906616,4.091164588928223,4.01094913482666,3.950669527053833,3.7986629009246826,4.039150238037109,3.9844539165496826,4.108273029327393,4.214524269104004,4.259954929351807,4.4918999671936035,4.331216335296631,4.611100196838379,4.573614120483398
A6,1.5257983207702637,1.235965371131897,0.934199333190918,0.5975666046142578,0.38840171694755554,0.0,0.39554518461227417,0.6261723041534424,0.9521645903587341,1.2567384243011475,1.5790600776672363,1.833581566810608,2.1351709365844727,2.4058127403259277,2.4140689373016357,2.0228803157806396,1.976958990097046,1.8898465633392334,1.5614686012268066,1.5607268810272217,1.3974381685256958,1.58591628074646,1.6327778100967407,1.7209975719451904,1.9557315111160278,2.1488192081451416,2.4290294647216797,2.530567169189453,2.891098976135254,2.9984493255615234,3.027031660079956,2.7571423053741455,2.800299644470215,2.538203239440918,2.5738863945007324,2.391756057739258,2.541999340057373,2.533588409423828,2.567896842956543,2.72532320022583,2.829833984375,3.096174478530884,3.0599687099456787,3.413465738296509,3.5653457641601562,3.5742130279541016,3.341707229614258,3.4242899417877197,3.228774309158325,3.313016176223755,3.1674609184265137,3.340571880340576,3.29646372795105,3.3571999073028564,3.4940640926361084,3.597724676132202,3.8323605060577393,3.823195695877075,4.091752529144287,4.277678966522217,4.407489776611328,4.16385555267334,4.349082946777344,4.268091678619385,4.219573974609375,4.049846649169922,4.268889427185059,4.188058853149414,4.292243480682373,4.3717241287231445,4.391661167144775,4.602220058441162,4.412674903869629,4.669239044189453,4.603874683380127
A7,1.8458809852600098,1.529597520828247,1.2770580053329468,0.915738046169281,0.6169207096099854,0.39554518461227417,0.0,0.39019060134887695,0.653945803642273,0.9771659970283508,1.2631725072860718,1.5057423114776611,1.8376330137252808,2.109251022338867,2.158891201019287,1.9650342464447021,1.9448412656784058,1.8522833585739136,1.501603126525879,1.4999617338180542,1.2564486265182495,1.3628922700881958,1.3754063844680786,1.3981316089630127,1.6310516595840454,1.789995789527893,2.088414430618286,2.182161808013916,2.550020456314087,2.6848056316375732,2.8463916778564453,2.569918394088745,2.6482608318328857,2.3718888759613037,2.4340150356292725,2.2135183811187744,2.3177528381347656,2.2763490676879883,2.271092653274536,2.4089510440826416,2.4828431606292725,2.748307228088379,2.6977968215942383,3.051328182220459,3.2199513912200928,3.362718343734741,3.1338746547698975,3.2476108074188232,3.042322874069214,3.149664878845215,2.977008819580078,3.1187288761138916,3.0444324016571045,3.0785434246063232,3.192187786102295,3.2720119953155518,3.4983816146850586,3.469090223312378,3.7340402603149414,3.929476022720337,4.170291900634766,3.9416136741638184,4.151290416717529,4.067669868469238,4.0351338386535645,3.8490281105041504,4.046648025512695,3.9381752014160156,4.030290603637695,4.0844268798828125,4.091527462005615,4.283814430236816,4.0795440673828125,4.322693347930908,4.243041038513184
A8,2.051994800567627,1.7087384462356567,1.4792488813400269,1.1704785823822021,0.8299847841262817,0.6261723041534424,0.39019060134887695,0.0,0.3896711766719818,0.6347643733024597,0.9727219939231873,1.2135076522827148,1.5096001625061035,1.7832794189453125,1.810560941696167,1.7667527198791504,1.8126381635665894,1.7904177904129028,1.4699679613113403,1.5625461339950562,1.3250106573104858,1.4348540306091309,1.3441152572631836,1.3658372163772583,1.5139570236206055,1.6576236486434937,1.9147297143936157,1.9638537168502808,2.3216042518615723,2.430633068084717,2.7231080532073975,2.485278606414795,2.608293294906616,2.3692407608032227,2.491874933242798,2.2906956672668457,2.400944471359253,2.302385091781616,2.3042428493499756,2.3839755058288574,2.449159622192383,2.6723532676696777,2.5815422534942627,2.91458797454834,3.0608832836151123,3.273144483566284,3.082529306411743,3.230570077896118,3.060185432434082,3.212615728378296,3.058021306991577,3.2060275077819824,3.092628240585327,3.1396100521087646,3.212404251098633,3.2923367023468018,3.482389450073242,3.4344263076782227,3.6691203117370605,3.841524600982666,4.117862701416016,3.9175491333007812,4.148190498352051,4.098586082458496,4.100449085235596,3.932086944580078,4.1356520652771,4.006554126739502,4.1179609298706055,4.148396968841553,4.170731067657471,4.340150356292725,4.134039878845215,4.363964557647705,4.264647960662842
A9,2.431175470352173,2.0940001010894775,1.851622462272644,1.5271339416503906,1.2012768983840942,0.9521645903587341,0.653945803642273,0.3896711766719818,0.0,0.3888239860534668,0.6348644495010376,0.9438557028770447,1.2364293336868286,1.5553532838821411,1.6483025550842285,1.9727054834365845,2.0623281002044678,2.059365749359131,1.7457486391067505,1.844326138496399,1.5653632879257202,1.5937002897262573,1.4558334350585938,1.379663348197937,1.4802004098892212,1.5325736999511719,1.7959895133972168,1.781164526939392,2.1422364711761475,2.2852389812469482,2.8333394527435303,2.6077044010162354,2.7727081775665283,2.533704996109009,2.683417558670044,2.4532737731933594,2.511544942855835,2.3741958141326904,2.3216798305511475,2.360776662826538,2.36611008644104,2.571711778640747,2.434427499771118,2.7519922256469727,2.921487331390381,3.3529469966888428,3.1798768043518066,3.364396095275879,3.1922879219055176,3.3683125972747803,3.1895644664764404,3.2999353408813477,3.1522395610809326,3.1622917652130127,3.19875168800354,3.2373464107513428,3.407543420791626,3.3179988861083984,3.5366740226745605,3.7209880352020264,4.168099880218506,3.9928793907165527,4.25099515914917,4.202872276306152,4.223278522491455,4.039192199707031,4.2155232429504395,4.0546722412109375,4.147119045257568,4.142712593078613,4.142308235168457,4.281534671783447,4.049544334411621,4.250399112701416,4.121048450469971
A10,2.654933452606201,2.295619487762451,2.0939996242523193,1.8010612726211548,1.4479020833969116,1.2567384243011475,0.9771659970283508,0.6347643733024597,0.3888239860534668,0.0,0.3847433030605316,0.6255559921264648,0.8815969824790955,1.1867550611495972,1.2624714374542236,1.7976139783859253,1.9447187185287476,1.995648980140686,1.7241164445877075,1.8862149715423584,1.6193698644638062,1.635336995124817,1.4139432907104492,1.3363292217254639,1.335201621055603,1.3657232522964478,1.5669273138046265,1.5075427293777466,1.8488417863845825,1.9628745317459106,2.6408114433288574,2.45554256439209,2.662135362625122,2.4618782997131348,2.6641199588775635,2.454242706298828,2.5124433040618896,2.324141502380371,2.2810957431793213,2.261190414428711,2.262180805206299,2.4180986881256104,2.2476065158843994,2.538536787033081,2.679213047027588,3.172232151031494,3.0379467010498047,3.2541654109954834,3.1161603927612305,3.3325047492980957,3.171762466430664,3.2845041751861572,3.10129976272583,3.1252286434173584,3.121640205383301,3.163904905319214,3.295306444168091,3.1940276622772217,3.3800389766693115,3.536287307739258,4.005756378173828,3.860056161880493,4.1364216804504395,4.120220184326172,4.174032688140869,4.008366107940674,4.187966346740723,4.009021759033203,4.120965480804443,4.094975471496582,4.113497257232666,4.231119632720947,4.004881381988525,4.195103168487549,4.053104877471924
A11,3.0151259899139404,2.6583173274993896,2.450308084487915,2.1378984451293945,1.7894772291183472,1.5790600776672363,1.2631725072860718,0.9727219939231873,0.6348644495010376,0.3847433030605316,0.0,0.3964158594608307,0.6419508457183838,0.9961876273155212,1.1777397394180298,2.063256025314331,2.2291338443756104,2.2794244289398193,2.014070987701416,2.1621224880218506,1.8670700788497925,1.8127561807632446,1.571298360824585,1.4068578481674194,1.3566575050354004,1.2767645120620728,1.4705461263656616,1.3356025218963623,1.6690516471862793,1.8275119066238403,2.756324529647827,2.581930160522461,2.820368528366089,2.6198878288269043,2.8378801345825195,2.603210926055908,2.6091017723083496,2.3906357288360596,2.2943475246429443,2.233816385269165,2.171377420425415,2.302966594696045,2.086395025253296,2.3535561561584473,2.519240379333496,3.237410545349121,3.119105577468872,3.365773916244507,3.224609851837158,3.4576878547668457,3.274160146713257,3.347062110900879,3.1339964866638184,3.1200127601623535,3.0799224376678467,3.0792651176452637,3.1877613067626953,3.0452308654785156,3.211970567703247,3.37947678565979,4.022147178649902,3.9018709659576416,4.201971530914307,4.184527397155762,4.254610538482666,4.0738677978515625,4.223696231842041,4.0152692794799805,4.106714248657227,4.0462188720703125,4.042332649230957,4.128310680389404,3.879342555999756,4.038692474365234,3.8682572841644287
A12,3.1851909160614014,2.8108971118927,2.650024175643921,2.350388765335083,1.9811339378356934,1.833581566810608,1.5057423114776611,1.2135076522827148,0.9438557028770447,0.6255559921264648,0.3964158594608307,0.0,0.39924949407577515,0.6578032970428467,0.8713066577911377,1.9236518144607544,2.1123321056365967,2.178265333175659,1.9501436948776245,2.1204357147216797,1.8323163986206055,1.7418380975723267,1.4457075595855713,1.2670797109603882,1.1186548471450806,1.001279354095459,1.1268517971038818,0.958849310874939,1.2811238765716553,1.431261658668518,2.4697515964508057,2.3229684829711914,2.594493865966797,2.422445774078369,2.6777842044830322,2.455402374267578,2.4466352462768555,2.1860616207122803,2.09236741065979,1.9781084060668945,1.911988377571106,1.997506856918335,1.761590600013733,2.0087881088256836,2.15067982673645,2.9273922443389893,2.8373782634735107,3.1105000972747803,2.992598533630371,3.2560412883758545,3.0828592777252197,3.14829158782959,2.9050161838531494,2.8992807865142822,2.824031352996826,2.8277547359466553,2.902993679046631,2.7577340602874756,2.8994812965393066,3.0427498817443848,3.7015364170074463,3.6056697368621826,3.920682907104492,3.9243733882904053,4.021562099456787,3.853644847869873,4.000218391418457,3.7761552333831787,3.8821778297424316,3.8037736415863037,3.818173885345459,3.8874194622039795,3.6500155925750732,3.8050243854522705,3.632622241973877
A13,3.475663185119629,3.100174903869629,2.9390649795532227,2.660834789276123,2.2939860820770264,2.1351709365844727,1.8376330137252808,1.5096001625061035,1.2364293336868286,0.8815969824790955,0.6419508457183838,0.39924949407577515,0.0,0.3934917747974396,0.6409173607826233,2.052218198776245,2.289973020553589,2.4091529846191406,2.2214479446411133,2.432504892349243,2.1703665256500244,2.0976243019104004,1.7777518033981323,1.6203763484954834,1.415884256362915,1.2745760679244995,1.3004159927368164,1.0400556325912476,1.2748709917068481,1.3739757537841797,2.610612154006958,2.5168919563293457,2.8152847290039062,2.6848814487457275,2.970407485961914,2.7720510959625244,2.768308639526367,2.483013391494751,2.397164821624756,2.2381391525268555,2.1573050022125244,2.18281626701355,1.9041186571121216,2.0902910232543945,2.1971919536590576,3.072920322418213,3.0288643836975098,3.3243491649627686,3.241391658782959,3.5306882858276367,3.3762564659118652,3.4424917697906494,3.1772594451904297,3.177978754043579,3.0676052570343018,3.063676357269287,3.0965237617492676,2.929069995880127,3.025402307510376,3.1387832164764404,3.8502871990203857,3.788989782333374,4.11692476272583,4.150794982910156,4.275207042694092,4.124353885650635,4.269850254058838,4.032332897186279,4.14837646484375,4.048263072967529,4.070748329162598,4.113434791564941,3.8759915828704834,4.007619380950928,3.8146491050720215
A14,3.6605803966522217,3.274946451187134,3.154432535171509,2.8935229778289795,2.5169596672058105,2.4058127403259277,2.109251022338867,1.7832794189453125,1.5553532838821411,1.1867550611495972,0.9961876273155212,0.6578032970428467,0.3934917747974396,0.0,0.37496525049209595,1.9797722101211548,2.238839864730835,2.380106210708618,2.2413506507873535,2.4733121395111084,2.2349693775177,2.1473238468170166,1.7966006994247437,1.6553791761398315,1.3755966424942017,1.227724552154541,1.1374998092651367,0.8415924310684204,0.988061785697937,1.025341272354126,2.388434648513794,2.340618133544922,2.6670126914978027,2.579246759414673,2.8978257179260254,2.725421190261841,2.7175350189208984,2.400575876235962,2.3315117359161377,2.122131824493408,2.049677610397339,2.0134546756744385,1.7225441932678223,1.8628817796707153,1.9190027713775635,2.8262977600097656,2.8232614994049072,3.1412930488586426,3.092801094055176,3.410236120223999,3.2767410278320312,3.341575860977173,3.0521316528320312,3.0694613456726074,2.924940347671509,2.9321670532226562,2.9243528842926025,2.760610342025757,2.8205809593200684,2.894728660583496,3.592451810836792,3.561659574508667,3.900233507156372,3.9628312587738037,4.1164655685424805,3.986589193344116,4.132311820983887,3.8845503330230713,4.019701957702637,3.9048123359680176,3.951287031173706,3.9772915840148926,3.7588744163513184,3.8857054710388184,3.694671630859375
A15,3.5673270225524902,3.179731845855713,3.087404727935791,2.864586353302002,2.4903979301452637,2.4140689373016357,2.158891201019287,1.810560941696167,1.6483025550842285,1.2624714374542236,1.1777397394180298,0.8713066577911377,0.6409173607826233,0.37496525049209595,0.0,1.7275376319885254,2.018380641937256,2.20695161819458,2.1145758628845215,2.390575885772705,2.1995081901550293,2.1640872955322266,1.8009228706359863,1.737686276435852,1.4471701383590698,1.3896185159683228,1.2562744617462158,1.0320169925689697,1.136252522468567,1.0543956756591797,2.2330942153930664,2.2239949703216553,2.5486109256744385,2.5019350051879883,2.837977409362793,2.7099883556365967,2.7494373321533203,2.434847593307495,2.4235801696777344,2.2180182933807373,2.2050819396972656,2.157334089279175,1.9006513357162476,2.035308837890625,2.032742977142334,2.7263803482055664,2.7470712661743164,3.056178092956543,3.042849540710449,3.3697597980499268,3.2749524116516113,3.3779284954071045,3.0974340438842773,3.160250186920166,3.025575637817383,3.0761642456054688,3.0633528232574463,2.93513560295105,2.9884531497955322,3.0266997814178467,3.5494120121002197,3.5197646617889404,3.844989061355591,3.9353067874908447,4.09740686416626,3.9981796741485596,4.173261642456055,3.9442970752716064,4.110990047454834,4.0157294273376465,4.095267295837402,4.136607646942139,3.9456305503845215,4.092601299285889,3.9221251010894775
B1,2.398775577545166,2.035374164581299,2.1520121097564697,2.1081883907318115,1.823472499847412,2.0228803157806396,1.9650342464447021,1.7667527198791504,1.9727054834365845,1.7976139783859253,2.063256025314331,1.9236518144607544,2.052218198776245,1.9797722101211548,1.7275376319885254,0.0,0.3512571156024933,0.6918725371360779,0.8528687357902527,1.2282353639602661,1.3340460062026978,1.5567599534988403,1.3458688259124756,1.6554957628250122,1.568941593170166,1.8921689987182617,1.8461720943450928,2.019407272338867,2.183061361312866,2.037034034729004,1.4298906326293945,1.3834336996078491,1.4991123676300049,1.5290329456329346,1.7939764261245728,1.861466407775879,2.134124517440796,1.978155255317688,2.220581531524658,2.2018885612487793,2.458561658859253,2.5274624824523926,2.5310308933258057,2.7729244232177734,2.703821897506714,2.1262519359588623,2.060195207595825,2.183149814605713,2.2123823165893555,2.451387405395508,2.4994776248931885,2.778754949569702,2.6508629322052,2.889770984649658,2.9232547283172607,3.1622555255889893,3.2551674842834473,3.329721450805664,3.4825327396392822,3.4883108139038086,3.113704204559326,2.952399969100952,3.1371419429779053,3.2318615913391113,3.3175466060638428,3.3071444034576416,3.6100480556488037,3.529104709625244,3.7856743335723877,3.8504178524017334,4.031887531280518,4.211338520050049,4.13776159286499,4.4155964851379395,4.386120796203613
B2,2.177881956100464,1.8265265226364136,1.9923598766326904,1.9722710847854614,1.7210787534713745,1.976958990097046,1.9448412656784058,1.8126381635665894,2.0623281002044678,1.9447187185287476,2.2291338443756104,2.1123321056365967,2.289973020553589,2.238839864730835,2.018380641937256,0.3512571156024933,0.0,0.3695242404937744,0.6224879026412964,0.9703395962715149,1.1550151109695435,1.4172556400299072,1.2832978963851929,1.6377636194229126,1.617330551147461,1.975524663925171,1.9658886194229126,2.1889419555664062,2.369267463684082,2.2499704360961914,1.3996667861938477,1.2967361211776733,1.3279385566711426,1.336784839630127,1.5488438606262207,1.646759033203125,1.9579448699951172,1.8574007749557495,2.132967472076416,2.1676340103149414,2.4580116271972656,2.5610344409942627,2.6123321056365967,2.8754453659057617,2.8186917304992676,2.072787046432495,1.9585739374160767,2.025676727294922,2.0337302684783936,2.230703592300415,2.2923412322998047,2.596271276473999,2.511604070663452,2.7686941623687744,2.8447792530059814,3.106560230255127,3.2298762798309326,3.337136745452881,3.5165038108825684,3.5333034992218018,3.0420751571655273,2.8430137634277344,2.99487566947937,3.066193103790283,3.120156764984131,3.1121013164520264,3.4299840927124023,3.3801429271698,3.6390273571014404,3.7363710403442383,3.923942804336548,4.13087797164917,4.073949813842773,4.3728790283203125,4.369816780090332
B3,2.0141615867614746,1.6689645051956177,1.8598819971084595,1.826089859008789,1.5949820280075073,1.8898465633392334,1.8522833585739136,1.7904177904129028,2.059365749359131,1.995648980140686,2.2794244289398193,2.178265333175659,2.4091529846191406,2.380106210708618,2.20695161819458,0.6918725371360779,0.3695242404937744,0.0,0.3709627687931061,0.6399403810501099,0.88502436876297,1.1621720790863037,1.1123254299163818,1.4920474290847778,1.5419074296951294,1.9219152927398682,1.9574716091156006,2.2260916233062744,2.428849697113037,2.3524246215820312,1.388492465019226,1.1976999044418335,1.156532883644104,1.0939141511917114,1.2435489892959595,1.3377679586410522,1.6715503931045532,1.6249427795410156,1.9158704280853271,2.0066521167755127,2.317711353302002,2.461519956588745,2.55545973777771,2.8434412479400635,2.813460350036621,2.0039138793945312,1.8265011310577393,1.852016568183899,1.8090293407440186,1.962730050086975,2.0091264247894287,2.3210983276367188,2.273167610168457,2.530588388442993,2.6475446224212646,2.9186997413635254,3.0766987800598145,3.2065999507904053,3.4166321754455566,3.456512212753296,2.9316940307617188,2.694934606552124,2.8281490802764893,2.8591794967651367,2.878117799758911,2.8513121604919434,3.170644760131836,3.13992977142334,3.3879754543304443,3.509512424468994,3.6903531551361084,3.9203755855560303,3.8695857524871826,4.184485912322998,4.2018961906433105
B4,1.855526328086853,1.4879502058029175,1.624611496925354,1.5326206684112549,1.275327205657959,1.5614686012268066,1.501603126525879,1.4699679613113403,1.7457486391067505,1.7241164445877075,2.014070987701416,1.9501436948776245,2.2214479446411133,2.2413506507873535,2.1145758628845215,0.8528687357902527,0.6224879026412964,0.3709627687931061,0.0,0.38240671157836914,0.5497496128082275,0.8693621754646301,0.8495833873748779,1.225669026374817,1.3395777940750122,1.71714448928833,1.818003535270691,2.0825283527374268,2.3311281204223633,2.306999683380127,1.5777051448822021,1.3274914026260376,1.3152557611465454,1.1483819484710693,1.2661412954330444,1.2578147649765015,1.557945966720581,1.5201307535171509,1.762620210647583,1.8838714361190796,2.1655220985412598,2.351236343383789,2.431385040283203,2.748399496078491,2.7656683921813965,2.160677909851074,1.948656439781189,1.9949878454208374,1.88837730884552,2.0261690616607666,2.0060524940490723,2.2847537994384766,2.2346434593200684,2.4469852447509766,2.5757131576538086,2.814929723739624,2.9996376037597656,3.105097532272339,3.33844256401062,3.4172513484954834,3.0589499473571777,2.8131277561187744,2.9663288593292236,2.9582226276397705,2.957880973815918,2.8845250606536865,3.178920030593872,3.1314992904663086,3.3457376956939697,3.45867919921875,3.6038625240325928,3.8343729972839355,3.7530834674835205,4.0622124671936035,4.066091060638428
B5,1.7512319087982178,1.4105664491653442,1.5644346475601196,1.4547922611236572,1.2441235780715942,1.5607268810272217,1.4999617338180542,1.5625461339950562,1.844326138496399,1.8862149715423584,2.1621224880218506,2.1204357147216797,2.432504892349243,2.4733121395111084,2.390575885772705,1.2282353639602661,0.9703395962715149,0.6399403810501099,0.38240671157836914,0.0,0.3683135509490967,0.698532223701477,0.845806360244751,1.2040653228759766,1.406028389930725,1.7790025472640991,1.9276399612426758,2.2245242595672607,2.4872171878814697,2.504237413406372,1.7114148139953613,1.4032487869262695,1.3229423761367798,1.0766189098358154,1.0810357332229614,1.0345697402954102,1.3420827388763428,1.3881676197052002,1.6281471252441406,1.8209620714187622,2.1116652488708496,2.342318296432495,2.4652774333953857,2.8014137744903564,2.848036766052246,2.2083847522735596,1.94132661819458,1.9420229196548462,1.7754416465759277,1.8493136167526245,1.7988883256912231,2.073549270629883,2.0727269649505615,2.27272367477417,2.4505929946899414,2.6917524337768555,2.9160685539245605,3.04291033744812,3.307910919189453,3.41280460357666,3.0349934101104736,2.754767894744873,2.8848042488098145,2.8290252685546875,2.7858004570007324,2.6865427494049072,2.9747188091278076,2.9497969150543213,3.1438913345336914,3.2837629318237305,3.4152889251708984,3.6708626747131348,3.594599485397339,3.9186856746673584,3.9448249340057373
B6,1.8945053815841675,1.5402233600616455,1.6069130897521973,1.4096369743347168,1.143507957458496,1.3974381685256958,1.2564486265182495,1.3250106573104858,1.5653632879257202,1.6193698644638062,1.8670700788497925,1.8323163986206055,2.1703665256500244,2.2349693775177,2.1995081901550293,1.3340460062026978,1.1550151109695435,0.88502436876297,0.5497496128082275,0.3683135509490967,0.0,0.38419970870018005,0.554236114025116,0.8741748929023743,1.1242785453796387,1.4772281646728516,1.6733089685440063,1.960445761680603,2.2506401538848877,2.311488151550293,1.7790465354919434,1.4516159296035767,1.4428801536560059,1.1490517854690552,1.1888843774795532,1.026838779449463,1.2460753917694092,1.251168131828308,1.4193040132522583,1.610601782798767,1.8588030338287354,2.1124680042266846,2.2114601135253906,2.5635969638824463,2.6475343704223633,2.2501139640808105,1.9803473949432373,2.0336952209472656,1.834188461303711,1.9325642585754395,1.8164925575256348,2.035396099090576,1.996596097946167,2.14270281791687,2.3017921447753906,2.5018014907836914,2.732567071914673,2.824303388595581,3.0976991653442383,3.231191396713257,3.0530200004577637,2.7876713275909424,2.955749034881592,2.8832266330718994,2.849668502807617,2.710414171218872,2.9629087448120117,2.8994181156158447,3.0628063678741455,3.1716670989990234,3.2697415351867676,3.507763624191284,3.397494316101074,3.7053604125976562,3.7078349590301514
B7,2.2232091426849365,1.8809140920639038,1.91608464717865,1.6720645427703857,1.3951432704925537,1.58591628074646,1.3628922700881958,1.4348540306091309,1.5937002897262573,1.635336995124817,1.8127561807632446,1.7418380975723267,2.0976243019104004,2.1473238468170166,2.1640872955322266,1.5567599534988403,1.4172556400299072,1.1621720790863037,0.8693621754646301,0.698532223701477,0.38419970870018005,0.0,0.3743290603160858,0.5893917679786682,0.8908933401107788,1.215286374092102,1.438822865486145,1.7502686977386475,2.039173126220703,2.1430718898773193,1.7406038045883179,1.3889023065567017,1.4183522462844849,1.0818721055984497,1.1318641901016235,0.8687129020690918,0.9798694252967834,0.956269383430481,1.0642567873001099,1.2728369235992432,1.5025073289871216,1.780983567237854,1.8966645002365112,2.258579730987549,2.37117600440979,2.1259632110595703,1.841680884361267,1.928127646446228,1.6909977197647095,1.8027631044387817,1.6264609098434448,1.7880076169967651,1.7189321517944336,1.8210487365722656,1.970705509185791,2.145735263824463,2.3865158557891846,2.46809720993042,2.7540676593780518,2.9093761444091797,2.8629066944122314,2.6051125526428223,2.799830675125122,2.7049989700317383,2.6782310009002686,2.5038821697235107,2.721738815307617,2.626774787902832,2.7660508155822754,2.8521409034729004,2.9295260906219482,3.1569128036499023,3.031275987625122,3.3329946994781494,3.330195188522339
B8,2.4132561683654785,2.0450475215911865,2.060572862625122,1.8146113157272339,1.4874560832977295,1.6327778100967407,1.3754063844680786,1.3441152572631836,1.4558334350585938,1.4139432907104492,1.571298360824585,1.4457075595855713,1.7777518033981323,1.7966006994247437,1.8009228706359863,1.3458688259124756,1.2832978963851929,1.1123254299163818,0.8495833873748779,0.845806360244751,0.554236114025116,0.3743290603160858,0.0,0.38420504331588745,0.5728219747543335,0.9354551434516907,1.1217690706253052,1.420925498008728,1.707663655281067,1.7929072380065918,1.566393494606018,1.254917025566101,1.3779758214950562,1.0991041660308838,1.2697813510894775,1.0451902151107788,1.1367908716201782,0.9846180081367493,1.0783365964889526,1.1747467517852783,1.3848201036453247,1.6119916439056396,1.6745561361312866,2.0250797271728516,2.117955446243286,2.004070520401001,1.7716175317764282,1.9237806797027588,1.7369599342346191,1.9233392477035522,1.7683470249176025,1.9215728044509888,1.783521294593811,1.8887814283370972,1.9684479236602783,2.131406545639038,2.322730541229248,2.371415376663208,2.622713804244995,2.7561659812927246,2.796772003173828,2.579982280731201,2.8118698596954346,2.7609381675720215,2.783663511276245,2.628047227859497,2.8426129817962646,2.712109088897705,2.867727756500244,2.9134702682495117,3.000835418701172,3.192437171936035,3.055875539779663,3.335456609725952,3.302624464035034
B9,2.6750307083129883,2.3126022815704346,2.2782058715820312,1.9859038591384888,1.6510275602340698,1.7209975719451904,1.3981316089630127,1.3658372163772583,1.379663348197937,1.3363292217254639,1.4068578481674194,1.2670797109603882,1.6203763484954834,1.6553791761398315,1.737686276435852,1.6554957628250122,1.6377636194229126,1.4920474290847778,1.225669026374817,1.2040653228759766,0.8741748929023743,0.5893917679786682,0.38420504331588745,0.0,0.37915363907814026,0.6372377276420593,0.9147281050682068,1.19618821144104,1.5097161531448364,1.6668426990509033,1.7694507837295532,1.46980881690979,1.634292483329773,1.3488433361053467,1.5150715112686157,1.2317379713058472,1.2022850513458252,1.0076472759246826,0.9596107006072998,1.0214617252349854,1.1356079578399658,1.388588309288025,1.4149340391159058,1.7823338508605957,1.930347204208374,2.1298065185546875,1.9065656661987305,2.0974550247192383,1.8887165784835815,2.0826354026794434,1.8745415210723877,1.9539254903793335,1.7773398160934448,1.806227684020996,1.8501348495483398,1.9485852718353271,2.139143705368042,2.138639211654663,2.396195888519287,2.565687656402588,2.848336935043335,2.6543571949005127,2.9167673587799072,2.847870349884033,2.879263162612915,2.6878244876861572,2.855397939682007,2.6849324703216553,2.8008337020874023,2.806414842605591,2.8528056144714355,3.0166678428649902,2.8417184352874756,3.0961124897003174,3.0342798233032227
B10,2.9382715225219727,2.5618653297424316,2.5345616340637207,2.2585337162017822,1.9026734828948975,1.9557315111160278,1.6310516595840454,1.5139570236206055,1.4802004098892212,1.335201621055603,1.3566575050354004,1.1186548471450806,1.415884256362915,1.3755966424942017,1.4471701383590698,1.568941593170166,1.617330551147461,1.5419074296951294,1.3395777940750122,1.406028389930725,1.1242785453796387,0.8908933401107788,0.5728219747543335,0.37915363907814026,0.0,0.38580942153930664,0.5615633726119995,0.8609223961830139,1.1542940139770508,1.2902051210403442,1.594511866569519,1.3538181781768799,1.5955153703689575,1.3786892890930176,1.6271541118621826,1.3897751569747925,1.3550176620483398,1.071601390838623,1.0299679040908813,0.9502219557762146,1.0417944192886353,1.2031745910644531,1.1727198362350464,1.5155800580978394,1.6292859315872192,1.9641269445419312,1.8000508546829224,2.048004388809204,1.8924016952514648,2.1474075317382812,1.9675028324127197,2.041032552719116,1.8069751262664795,1.8483352661132812,1.8191004991531372,1.9129447937011719,2.0397660732269287,2.0142455101013184,2.225118637084961,2.359750986099243,2.7084898948669434,2.5594358444213867,2.853114604949951,2.828145980834961,2.907912492752075,2.7408013343811035,2.90551495552063,2.706190824508667,2.8431894779205322,2.8122355937957764,2.878338098526001,3.005906105041504,2.833815336227417,3.0667359828948975,2.982815742492676
B11,3.2522170543670654,2.8781802654266357,2.815699338912964,2.513085126876831,2.1538991928100586,2.1488192081451416,1.789995789527893,1.6576236486434937,1.5325736999511719,1.3657232522964478,1.2767645120620728,1.001279354095459,1.2745760679244995,1.227724552154541,1.3896185159683228,1.8921689987182617,1.975524663925171,1.9219152927398682,1.71714448928833,1.7790025472640991,1.4772281646728516,1.215286374092102,0.9354551434516907,0.6372377276420593,0.38580942153930664,0.0,0.37946733832359314,0.5946661233901978,0.9155763983726501,1.144891619682312,1.8496052026748657,1.641959309577942,1.9098395109176636,1.704269528388977,1.9498974084854126,1.690116286277771,1.5847351551055908,1.2826789617538452,1.1360963582992554,0.9828887581825256,0.9253195524215698,1.0527538061141968,0.9250420331954956,1.26577627658844,1.4372411966323853,2.1457791328430176,2.0103836059570312,2.2905256748199463,2.133791208267212,2.3974015712738037,2.1889638900756836,2.202547550201416,1.9335399866104126,1.9082120656967163,1.8229471445083618,1.8418047428131104,1.9374581575393677,1.8425852060317993,2.0339975357055664,2.1942248344421387,2.8104147911071777,2.697620391845703,3.01881742477417,2.9899747371673584,3.086557149887085,2.898540496826172,3.0194687843322754,2.781639814376831,2.8847057819366455,2.805424213409424,2.8352742195129395,2.9198787212371826,2.710767984390259,2.9037423133850098,2.7790307998657227
B12,3.477348566055298,3.0951285362243652,3.0594589710235596,2.7822916507720947,2.415472984313965,2.4290294647216797,2.088414430618286,1.9147297143936157,1.7959895133972168,1.5669273138046265,1.4705461263656616,1.1268517971038818,1.3004159927368164,1.1374998092651367,1.2562744617462158,1.8461720943450928,1.9658886194229126,1.9574716091156006,1.818003535270691,1.9276399612426758,1.6733089685440063,1.438822865486145,1.1217690706253052,0.9147281050682068,0.5615633726119995,0.37946733832359314,0.0,0.38634538650512695,0.6060863733291626,0.7910311818122864,1.6548610925674438,1.5150110721588135,1.8314036130905151,1.695090413093567,1.9939303398132324,1.7845158576965332,1.6908715963363647,1.3431979417800903,1.2416011095046997,0.9902323484420776,0.9509764909744263,0.9411335587501526,0.7700214385986328,1.0502229928970337,1.1475874185562134,1.9336286783218384,1.859773874282837,2.1795575618743896,2.0779449939727783,2.386845827102661,2.215515613555908,2.234835624694824,1.9292409420013428,1.9348690509796143,1.792557954788208,1.8291494846343994,1.8561220169067383,1.7607014179229736,1.8943359851837158,1.997879981994629,2.6080234050750732,2.5379490852355957,2.8788084983825684,2.894293785095215,3.0338239669799805,2.877969980239868,3.003485679626465,2.751132011413574,2.883786678314209,2.7824087142944336,2.845991849899292,2.904306411743164,2.718573570251465,2.8997132778167725,2.7710115909576416
B13,3.686119556427002,3.30011248588562,3.2305428981781006,2.9440367221832275,2.5685176849365234,2.530567169189453,2.182161808013916,1.9638537168502808,1.781164526939392,1.5075427293777466,1.3356025218963623,0.958849310874939,1.0400556325912476,0.8415924310684204,1.0320169925689697,2.019407272338867,2.1889419555664062,2.2260916233062744,2.0825283527374268,2.2245242595672607,1.960445761680603,1.7502686977386475,1.420925498008728,1.19618821144104,0.8609223961830139,0.5946661233901978,0.38634538650512695,0.0,0.3769162893295288,0.640842080116272,1.9491071701049805,1.851874828338623,2.183271646499634,2.0653696060180664,2.371678590774536,2.163938522338867,2.070967197418213,1.7267463207244873,1.6023286581039429,1.3421581983566284,1.2309339046478271,1.173041820526123,0.8903452754020691,1.0858083963394165,1.1929969787597656,2.2381391525268555,2.2027902603149414,2.5364952087402344,2.452857732772827,2.7690541744232178,2.598966360092163,2.606792688369751,2.291868209838867,2.273984670639038,2.10292387008667,2.0943357944488525,2.084681987762451,1.9298057556152344,2.016207218170166,2.1156258583068848,2.895336389541626,2.859032154083252,3.21203351020813,3.2423956394195557,3.396364450454712,3.2412848472595215,3.351694345474243,3.0829341411590576,3.2013814449310303,3.070854663848877,3.113924264907837,3.1368792057037354,2.9263463020324707,3.0664279460906982,2.8967533111572266
