0.000000000000000000e+00,3.907178044319152832e-01,5.551520586013793945e-01,9.060469865798950195e-01,1.050337314605712891e+00,1.414959907531738281e+00,1.676608562469482422e+00,2.049256801605224609e+00,2.264847517013549805e+00,2.640317201614379883e+00,2.885407209396362305e+00,2.783111572265625000e+00,2.605482578277587891e+00,2.221105575561523438e+00,2.027102231979370117e+00,5.503314137458801270e-01,5.664747357368469238e-01,6.423849463462829590e-01,1.017303586006164551e+00,1.153041362762451172e+00,1.472610592842102051e+00,1.727929949760437012e+00,2.085349082946777344e+00,2.287932395935058594e+00,2.648111581802368164e+00,2.947499990463256836e+00,2.849488496780395508e+00,2.730845689773559570e+00,2.352818965911865234e+00,2.197874069213867188e+00,1.067774415016174316e+00,1.060773730278015137e+00,1.027251720428466797e+00,1.350674748420715332e+00,1.446765780448913574e+00,1.707402348518371582e+00,1.948779582977294922e+00,2.259355068206787109e+00,2.457573652267456055e+00,2.770716905593872070e+00,3.105157852172851562e+00,2.990931749343872070e+00,2.909155607223510742e+00,2.546216011047363281e+00,2.446298599243164062e+00,1.553053736686706543e+00,1.554135680198669434e+00,1.472131848335266113e+00,1.754143118858337402e+00,1.812756061553955078e+00,2.026046037673950195e+00,2.239326477050781250e+00,2.512691497802734375e+00,2.712551116943359375e+00,2.938585996627807617e+00,3.299193143844604492e+00,3.166446924209594727e+00,3.125917673110961914e+00,2.788332462310791016e+00,2.736333847045898438e+00,2.061406612396240234e+00,2.091270923614501953e+00,1.954044222831726074e+00,2.220313787460327148e+00,2.250103950500488281e+00,2.433254003524780273e+00,2.615309953689575195e+00,2.839568614959716797e+00,3.107609748840332031e+00,3.161820411682128906e+00,3.504452705383300781e+00,3.349361896514892578e+00,3.369534969329833984e+00,3.065481424331665039e+00,3.072177171707153320e+00
3.907178044319152832e-01,0.000000000000000000e+00,3.840479552745819092e-01,6.963284611701965332e-01,9.697974324226379395e-01,1.275248646736145020e+00,1.596442103385925293e+00,1.940926432609558105e+00,2.209104061126708984e+00,2.568896055221557617e+00,2.845654964447021484e+00,2.795263528823852539e+00,2.665824890136718750e+00,2.278271198272705078e+00,2.145492315292358398e+00,7.911121249198913574e-01,5.885234475135803223e-01,5.352552533149719238e-01,8.743189573287963867e-01,1.088717103004455566e+00,1.341560244560241699e+00,1.645078063011169434e+00,1.972556352615356445e+00,2.226580619812011719e+00,2.568964004516601562e+00,2.896474123001098633e+00,2.850829601287841797e+00,2.779284477233886719e+00,2.404767036437988281e+00,2.307680606842041016e+00,1.256778120994567871e+00,1.124857664108276367e+00,1.013740062713623047e+00,1.284995913505554199e+00,1.416464805603027344e+00,1.607669711112976074e+00,1.877755284309387207e+00,2.151018381118774414e+00,2.390629291534423828e+00,2.683350563049316406e+00,3.043599128723144531e+00,2.979544878005981445e+00,2.942244291305541992e+00,2.588296413421630859e+00,2.542320728302001953e+00,1.728982090950012207e+00,1.642178177833557129e+00,1.504155635833740234e+00,1.735937237739562988e+00,1.807797312736511230e+00,1.955385804176330566e+00,2.178132772445678711e+00,2.411766052246093750e+00,2.644026279449462891e+00,2.846367120742797852e+00,3.228001356124877930e+00,3.142241477966308594e+00,3.142572402954101562e+00,2.818225383758544922e+00,2.816586971282958984e+00,2.233744382858276367e+00,2.197235345840454102e+00,2.019532203674316406e+00,2.239573240280151367e+00,2.266725063323974609e+00,2.390440225601196289e+00,2.562536239624023438e+00,2.743265390396118164e+00,3.029917716979980469e+00,3.064339160919189453e+00,3.422006368637084961e+00,3.310001373291015625e+00,3.367642402648925781e+00,3.082065582275390625e+00,3.134996414184570312e+00
5.551520586013793945e-01,3.840479552745819092e-01,0.000000000000000000e+00,3.857899308204650879e-01,6.023914813995361328e-01,9.125471115112304688e-01,1.222221612930297852e+00,1.572391033172607422e+00,1.837545514106750488e+00,2.198448419570922852e+00,2.483493566513061523e+00,2.433068275451660156e+00,2.321273565292358398e+00,1.934924244880676270e+00,1.828031897544860840e+00,9.287340641021728516e-01,7.842137217521667480e-01,5.435537695884704590e-01,7.632856369018554688e-01,8.537685275077819824e-01,1.072685360908508301e+00,1.335608839988708496e+00,1.654686450958251953e+00,1.890152335166931152e+00,2.224976062774658203e+00,2.562316417694091797e+00,2.514181613922119141e+00,2.463190078735351562e+00,2.098991632461547852e+00,2.028460264205932617e+00,1.368066549301147461e+00,1.269604682922363281e+00,1.060932993888854980e+00,1.248471379280090332e+00,1.274983286857604980e+00,1.426445364952087402e+00,1.641085624694824219e+00,1.893543601036071777e+00,2.103107213973999023e+00,2.377302169799804688e+00,2.742871761322021484e+00,2.675222158432006836e+00,2.659793376922607422e+00,2.323195934295654297e+00,2.302031993865966797e+00,1.822917699813842773e+00,1.759985089302062988e+00,1.557559490203857422e+00,1.730390191078186035e+00,1.719078421592712402e+00,1.837172865867614746e+00,2.001808404922485352e+00,2.211471080780029297e+00,2.409314870834350586e+00,2.583389282226562500e+00,2.962249279022216797e+00,2.872448921203613281e+00,2.895659923553466797e+00,2.592761754989624023e+00,2.612317562103271484e+00,2.316592454910278320e+00,2.293297052383422852e+00,2.069814205169677734e+00,2.249181270599365234e+00,2.209094762802124023e+00,2.317311763763427734e+00,2.436227560043334961e+00,2.600067615509033203e+00,2.854818344116210938e+00,2.851499557495117188e+00,3.191456079483032227e+00,3.076200723648071289e+00,3.157119989395141602e+00,2.895374298095703125e+00,2.965893030166625977e+00
9.060469865798950195e-01,6.963284611701965332e-01,3.857899308204650879e-01,0.000000000000000000e+00,3.903136253356933594e-01,5.983235836029052734e-01,9.481499195098876953e-01,1.264348268508911133e+00,1.557227730751037598e+00,1.901411652565002441e+00,2.192818164825439453e+00,2.187603235244750977e+00,2.114382028579711914e+00,1.736532807350158691e+00,1.697920203208923340e+00,1.148950338363647461e+00,9.571313261985778809e-01,5.978653430938720703e-01,5.873941779136657715e-01,6.238056421279907227e-01,7.351526021957397461e-01,1.015715718269348145e+00,1.306894183158874512e+00,1.576711773872375488e+00,1.898717761039733887e+00,2.247094154357910156e+00,2.240252971649169922e+00,2.227573633193969727e+00,1.874668955802917480e+00,1.865665674209594727e+00,1.492868423461914062e+00,1.348628997802734375e+00,1.047323346138000488e+00,1.108855843544006348e+00,1.081552505493164062e+00,1.142861604690551758e+00,1.340155601501464844e+00,1.553516626358032227e+00,1.780032753944396973e+00,2.036880970001220703e+00,2.415479183197021484e+00,2.383592844009399414e+00,2.405342340469360352e+00,2.085567951202392578e+00,2.118998765945434570e+00,1.897522211074829102e+00,1.794909954071044922e+00,1.521699786186218262e+00,1.606449842453002930e+00,1.546995759010314941e+00,1.594865322113037109e+00,1.725982546806335449e+00,1.893692255020141602e+00,2.094572067260742188e+00,2.243898153305053711e+00,2.631705760955810547e+00,2.572565793991088867e+00,2.630743741989135742e+00,2.349267005920410156e+00,2.416940689086914062e+00,2.361077785491943359e+00,2.300248384475708008e+00,2.024397611618041992e+00,2.136930704116821289e+00,2.050945281982421875e+00,2.106379747390747070e+00,2.183233737945556641e+00,2.308362007141113281e+00,2.553997755050659180e+00,2.522856473922729492e+00,2.862359762191772461e+00,2.773254871368408203e+00,2.886751174926757812e+00,2.651069879531860352e+00,2.762870311737060547e+00
1.050337314605712891e+00,9.697974324226379395e-01,6.023914813995361328e-01,3.903136253356933594e-01,0.000000000000000000e+00,3.874060809612274170e-01,6.356719732284545898e-01,1.000116944313049316e+00,1.240890026092529297e+00,1.606297969818115234e+00,1.881531000137329102e+00,1.837611794471740723e+00,1.748605966567993164e+00,1.367614507675170898e+00,1.324680209159851074e+00,1.245384573936462402e+00,1.161106824874877930e+00,8.141134977340698242e-01,7.528911828994750977e-01,5.541471242904663086e-01,6.538952589035034180e-01,7.974425554275512695e-01,1.105248332023620605e+00,1.303120136260986328e+00,1.635603070259094238e+00,1.973319530487060547e+00,1.923771977424621582e+00,1.900530099868774414e+00,1.553846716880798340e+00,1.541151046752929688e+00,1.555181503295898438e+00,1.493025898933410645e+00,1.183060050010681152e+00,1.204053521156311035e+00,1.048219919204711914e+00,1.111245155334472656e+00,1.204763531684875488e+00,1.418944239616394043e+00,1.570899128913879395e+00,1.822907924652099609e+00,2.186267614364624023e+00,2.112425088882446289e+00,2.126889228820800781e+00,1.820272564888000488e+00,1.847874164581298828e+00,1.930492162704467773e+00,1.890960931777954102e+00,1.607112169265747070e+00,1.667226195335388184e+00,1.523452043533325195e+00,1.584293127059936523e+00,1.641865968704223633e+00,1.809881687164306641e+00,1.944443941116333008e+00,2.080145359039306641e+00,2.446496009826660156e+00,2.348375558853149414e+00,2.402234554290771484e+00,2.136165857315063477e+00,2.194117307662963867e+00,2.371416807174682617e+00,2.355697154998779297e+00,2.070093393325805664e+00,2.170403718948364258e+00,2.026496171951293945e+00,2.103951930999755859e+00,2.134031772613525391e+00,2.270977497100830078e+00,2.467469453811645508e+00,2.413116455078125000e+00,2.720475435256958008e+00,2.597242832183837891e+00,2.708086013793945312e+00,2.486192941665649414e+00,2.585532426834106445e+00
1.414959907531738281e+00,1.275248646736145020e+00,9.125471115112304688e-01,5.983235836029052734e-01,3.874060809612274170e-01,0.000000000000000000e+00,3.769169449806213379e-01,6.687207818031311035e-01,9.775822162628173828e-01,1.311908721923828125e+00,1.626854419708251953e+00,1.647691726684570312e+00,1.639092683792114258e+00,1.287935614585876465e+00,1.356080412864685059e+00,1.611700534820556641e+00,1.487982034683227539e+00,1.114193677902221680e+00,9.478721618652343750e-01,7.269487977027893066e-01,5.963879227638244629e-01,6.534563302993774414e-01,8.500915169715881348e-01,1.074639678001403809e+00,1.359729409217834473e+00,1.733364343643188477e+00,1.742456912994384766e+00,1.795679926872253418e+00,1.489851832389831543e+00,1.571387887001037598e+00,1.886257529258728027e+00,1.789366722106933594e+00,1.443173646926879883e+00,1.373024582862854004e+00,1.178090214729309082e+00,1.110721230506896973e+00,1.133679628372192383e+00,1.246828436851501465e+00,1.390217661857604980e+00,1.581516265869140625e+00,1.967836737632751465e+00,1.945070505142211914e+00,2.028609514236450195e+00,1.768360495567321777e+00,1.872470378875732422e+00,2.228465557098388672e+00,2.158221244812011719e+00,1.836174249649047852e+00,1.821301221847534180e+00,1.637403368949890137e+00,1.609261035919189453e+00,1.604395270347595215e+00,1.691481471061706543e+00,1.807225346565246582e+00,1.878708004951477051e+00,2.250581502914428711e+00,2.196852922439575195e+00,2.311573743820190430e+00,2.092681407928466797e+00,2.213113784790039062e+00,2.642011642456054688e+00,2.596926450729370117e+00,2.278394699096679688e+00,2.316939353942871094e+00,2.131605625152587891e+00,2.145820379257202148e+00,2.116459131240844727e+00,2.191681385040283203e+00,2.361866235733032227e+00,2.251983642578125000e+00,2.544370889663696289e+00,2.460605859756469727e+00,2.624407768249511719e+00,2.450239658355712891e+00,2.600093841552734375e+00
1.676608562469482422e+00,1.596442103385925293e+00,1.222221612930297852e+00,9.481499195098876953e-01,6.356719732284545898e-01,3.769169449806213379e-01,0.000000000000000000e+00,3.854478597640991211e-01,6.207519769668579102e-01,9.775015115737915039e-01,1.283527135848999023e+00,1.280897736549377441e+00,1.289447784423828125e+00,9.569730758666992188e-01,1.083433270454406738e+00,1.833628654479980469e+00,1.767021775245666504e+00,1.406654834747314453e+00,1.223497509956359863e+00,9.113461375236511230e-01,7.533848285675048828e-01,5.944045782089233398e-01,7.100406289100646973e-01,8.085706830024719238e-01,1.077170252799987793e+00,1.443142652511596680e+00,1.420345187187194824e+00,1.492245078086853027e+00,1.221975326538085938e+00,1.340889811515808105e+00,2.068036556243896484e+00,2.020770788192749023e+00,1.676597833633422852e+00,1.573323726654052734e+00,1.298739075660705566e+00,1.212270975112915039e+00,1.112680912017822266e+00,1.180870652198791504e+00,1.218367338180541992e+00,1.371855139732360840e+00,1.735754251480102539e+00,1.680865049362182617e+00,1.779532194137573242e+00,1.560219287872314453e+00,1.683602571487426758e+00,2.371154785156250000e+00,2.341783523559570312e+00,2.015605449676513672e+00,1.970365285873413086e+00,1.722585558891296387e+00,1.687948107719421387e+00,1.601485729217529297e+00,1.662539124488830566e+00,1.696679115295410156e+00,1.731108069419860840e+00,2.069400548934936523e+00,1.986750960350036621e+00,2.113496541976928711e+00,1.932534575462341309e+00,2.059609651565551758e+00,2.750393390655517578e+00,2.734525918960571289e+00,2.409732341766357422e+00,2.424969434738159180e+00,2.189398765563964844e+00,2.208208322525024414e+00,2.124911069869995117e+00,2.194521188735961914e+00,2.305050134658813477e+00,2.161363840103149414e+00,2.408670425415039062e+00,2.301233291625976562e+00,2.473548173904418945e+00,2.331033468246459961e+00,2.479310274124145508e+00
2.049256801605224609e+00,1.940926432609558105e+00,1.572391033172607422e+00,1.264348268508911133e+00,1.000116944313049316e+00,6.687207818031311035e-01,3.854478597640991211e-01,0.000000000000000000e+00,3.834947347640991211e-01,6.539213061332702637e-01,1.007747292518615723e+00,1.100828051567077637e+00,1.222390532493591309e+00,9.769390821456909180e-01,1.223254323005676270e+00,2.195988655090332031e+00,2.108181476593017578e+00,1.736448287963867188e+00,1.503952264785766602e+00,1.201315164566040039e+00,9.463298320770263672e-01,7.083882689476013184e-01,5.987800955772399902e-01,6.436095237731933594e-01,7.933381795883178711e-01,1.191924929618835449e+00,1.243721842765808105e+00,1.413193583488464355e+00,1.223807096481323242e+00,1.440295100212097168e+00,2.399915218353271484e+00,2.332902431488037109e+00,1.971540331840515137e+00,1.810840368270874023e+00,1.519386768341064453e+00,1.346358180046081543e+00,1.173102974891662598e+00,1.114946246147155762e+00,1.099996924400329590e+00,1.148808479309082031e+00,1.516330361366271973e+00,1.518290996551513672e+00,1.696499705314636230e+00,1.550535798072814941e+00,1.748651385307312012e+00,2.671278476715087891e+00,2.622943639755249023e+00,2.275215625762939453e+00,2.173262596130371094e+00,1.897822856903076172e+00,1.793990492820739746e+00,1.643088936805725098e+00,1.616565704345703125e+00,1.606237053871154785e+00,1.557288885116577148e+00,1.877950310707092285e+00,1.840694069862365723e+00,2.031484603881835938e+00,1.915383934974670410e+00,2.100480079650878906e+00,3.020128965377807617e+00,2.983847618103027344e+00,2.638437032699584961e+00,2.601279020309448242e+00,2.332073211669921875e+00,2.298096895217895508e+00,2.155721664428710938e+00,2.164696455001831055e+00,2.230952262878417969e+00,2.028536558151245117e+00,2.240189552307128906e+00,2.171380996704101562e+00,2.394756793975830078e+00,2.310884237289428711e+00,2.503197193145751953e+00
2.264847517013549805e+00,2.209104061126708984e+00,1.837545514106750488e+00,1.557227730751037598e+00,1.240890026092529297e+00,9.775822162628173828e-01,6.207519769668579102e-01,3.834947347640991211e-01,0.000000000000000000e+00,3.816673755645751953e-01,6.734963059425354004e-01,7.183947563171386719e-01,8.667713999748229980e-01,6.916279196739196777e-01,1.010628700256347656e+00,2.363258361816406250e+00,2.325472354888916016e+00,1.971979141235351562e+00,1.739543437957763672e+00,1.389063358306884766e+00,1.168778300285339355e+00,8.403845429420471191e-01,6.965954899787902832e-01,5.034703612327575684e-01,5.919295549392700195e-01,9.318695068359375000e-01,9.152712821960449219e-01,1.100623846054077148e+00,9.784020185470581055e-01,1.229190468788146973e+00,2.523885011672973633e+00,2.503383398056030273e+00,2.154705762863159180e+00,1.981509089469909668e+00,1.642111301422119141e+00,1.486623048782348633e+00,1.231744647026062012e+00,1.158588886260986328e+00,1.012875318527221680e+00,1.020600676536560059e+00,1.322412967681884766e+00,1.262459039688110352e+00,1.441449046134948730e+00,1.351088881492614746e+00,1.555618762969970703e+00,2.753364324569702148e+00,2.745637178421020508e+00,2.405989646911621094e+00,2.289205074310302734e+00,1.970729231834411621e+00,1.882047057151794434e+00,1.671470642089843750e+00,1.640508770942687988e+00,1.541173815727233887e+00,1.470213055610656738e+00,1.730623602867126465e+00,1.642219543457031250e+00,1.827028751373291016e+00,1.752434968948364258e+00,1.928932070732116699e+00,3.063395023345947266e+00,3.058115243911743164e+00,2.717605590820312500e+00,2.667538166046142578e+00,2.362992763519287109e+00,2.347067356109619141e+00,2.167077541351318359e+00,2.186799287796020508e+00,2.192070484161376953e+00,1.975731968879699707e+00,2.131660461425781250e+00,2.022217512130737305e+00,2.235220909118652344e+00,2.179465055465698242e+00,2.355024576187133789e+00
2.640317201614379883e+00,2.568896055221557617e+00,2.198448419570922852e+00,1.901411652565002441e+00,1.606297969818115234e+00,1.311908721923828125e+00,9.775015115737915039e-01,6.539213061332702637e-01,3.816673755645751953e-01,0.000000000000000000e+00,4.109235703945159912e-01,6.250742673873901367e-01,9.281445741653442383e-01,9.092080593109130859e-01,1.277205228805541992e+00,2.734875679016113281e+00,2.685804367065429688e+00,2.326314449310302734e+00,2.070089817047119141e+00,1.730471730232238770e+00,1.471821069717407227e+00,1.136272549629211426e+00,8.863282799720764160e-01,6.426032185554504395e-01,4.675776660442352295e-01,7.577953338623046875e-01,8.296632170677185059e-01,1.128920912742614746e+00,1.131309986114501953e+00,1.442214488983154297e+00,2.876570940017700195e+00,2.845892429351806641e+00,2.489612102508544922e+00,2.284225702285766602e+00,1.941408038139343262e+00,1.740302324295043945e+00,1.448780417442321777e+00,1.284645915031433105e+00,1.080129861831665039e+00,9.474933147430419922e-01,1.193108677864074707e+00,1.189420461654663086e+00,1.449347972869873047e+00,1.457910299301147461e+00,1.715592980384826660e+00,3.082052707672119141e+00,3.064487457275390625e+00,2.714655160903930664e+00,2.560979604721069336e+00,2.228175878524780273e+00,2.094877243041992188e+00,1.838785290718078613e+00,1.735902190208435059e+00,1.583715558052062988e+00,1.424102425575256348e+00,1.627846240997314453e+00,1.581495523452758789e+00,1.825384736061096191e+00,1.830447912216186523e+00,2.049802541732788086e+00,3.365220785140991211e+00,3.348296403884887695e+00,2.997546672821044922e+00,2.908986806869506836e+00,2.581949949264526367e+00,2.527629375457763672e+00,2.300148248672485352e+00,2.268372774124145508e+00,2.220809221267700195e+00,1.952283263206481934e+00,2.049056768417358398e+00,1.974950909614562988e+00,2.230578660964965820e+00,2.240943670272827148e+00,2.447902202606201172e+00
2.885407209396362305e+00,2.845654964447021484e+00,2.483493566513061523e+00,2.192818164825439453e+00,1.881531000137329102e+00,1.626854419708251953e+00,1.283527135848999023e+00,1.007747292518615723e+00,6.734963059425354004e-01,4.109235703945159912e-01,0.000000000000000000e+00,3.911974430084228516e-01,7.444630861282348633e-01,8.842712640762329102e-01,1.268271446228027344e+00,2.916282176971435547e+00,2.895993947982788086e+00,2.553821325302124023e+00,2.282921314239501953e+00,1.923859953880310059e+00,1.684208512306213379e+00,1.315815806388854980e+00,1.063584685325622559e+00,7.210866212844848633e-01,4.639516174793243408e-01,4.824922084808349609e-01,5.043537616729736328e-01,8.602733612060546875e-01,9.937034249305725098e-01,1.335716605186462402e+00,2.997265100479125977e+00,2.993310928344726562e+00,2.649189472198486328e+00,2.419531345367431641e+00,2.051006793975830078e+00,1.855630517005920410e+00,1.512567996978759766e+00,1.333211064338684082e+00,1.029412269592285156e+00,8.450278639793395996e-01,9.521024823188781738e-01,8.935623168945312500e-01,1.169981360435485840e+00,1.273025035858154297e+00,1.548208832740783691e+00,3.146243333816528320e+00,3.151099920272827148e+00,2.808654308319091797e+00,2.627726554870605469e+00,2.266130208969116211e+00,2.134212493896484375e+00,1.828906893730163574e+00,1.712768435478210449e+00,1.477563858032226562e+00,1.295880079269409180e+00,1.406910300254821777e+00,1.316180706024169922e+00,1.558916807174682617e+00,1.629159450531005859e+00,1.851406455039978027e+00,3.375968694686889648e+00,3.373433351516723633e+00,3.027542829513549805e+00,2.911801576614379883e+00,2.556363821029663086e+00,2.505011796951293945e+00,2.240091323852539062e+00,2.208792448043823242e+00,2.095702648162841797e+00,1.820828795433044434e+00,1.848538041114807129e+00,1.739903450012207031e+00,1.984602570533752441e+00,2.038317918777465820e+00,2.236464262008666992e+00
2.783111572265625000e+00,2.795263528823852539e+00,2.433068275451660156e+00,2.187603235244750977e+00,1.837611794471740723e+00,1.647691726684570312e+00,1.280897736549377441e+00,1.100828051567077637e+00,7.183947563171386719e-01,6.250742673873901367e-01,3.911974430084228516e-01,0.000000000000000000e+00,3.966766893863677979e-01,6.269133090972900391e-01,9.813174009323120117e-01,2.800733327865600586e+00,2.831100463867187500e+00,2.513662338256835938e+00,2.282909631729125977e+00,1.899067044258117676e+00,1.728775024414062500e+00,1.354025006294250488e+00,1.201428174972534180e+00,8.282092809677124023e-01,7.391433715820312500e-01,7.261276841163635254e-01,4.870816469192504883e-01,6.903722286224365234e-01,8.325081467628479004e-01,1.107924461364746094e+00,2.880363464355468750e+00,2.926493406295776367e+00,2.608189582824707031e+00,2.417303323745727539e+00,2.034235954284667969e+00,1.908130884170532227e+00,1.570783376693725586e+00,1.479771971702575684e+00,1.163408994674682617e+00,1.086709141731262207e+00,1.163032531738281250e+00,9.643621444702148438e-01,1.120408535003662109e+00,1.197370886802673340e+00,1.392907738685607910e+00,3.026154756546020508e+00,3.079168558120727539e+00,2.763183355331420898e+00,2.620787143707275391e+00,2.253683328628540039e+00,2.187108516693115234e+00,1.897664308547973633e+00,1.855146050453186035e+00,1.612917542457580566e+00,1.507145762443542480e+00,1.605541706085205078e+00,1.419303059577941895e+00,1.573911309242248535e+00,1.608775973320007324e+00,1.756166100502014160e+00,3.252685785293579102e+00,3.294944047927856445e+00,2.972832202911376953e+00,2.895432710647583008e+00,2.544373512268066406e+00,2.552702426910400391e+00,2.315217018127441406e+00,2.346041917800903320e+00,2.239003658294677734e+00,2.012372732162475586e+00,2.044270038604736328e+00,1.864133000373840332e+00,2.041695117950439453e+00,2.055269479751586914e+00,2.189663171768188477e+00
2.605482578277587891e+00,2.665824890136718750e+00,2.321273565292358398e+00,2.114382028579711914e+00,1.748605966567993164e+00,1.639092683792114258e+00,1.289447784423828125e+00,1.222390532493591309e+00,8.667713999748229980e-01,9.281445741653442383e-01,7.444630861282348633e-01,3.966766893863677979e-01,0.000000000000000000e+00,3.877453505992889404e-01,6.576225161552429199e-01,2.573691129684448242e+00,2.648005008697509766e+00,2.364099025726318359e+00,2.160534143447875977e+00,1.765712618827819824e+00,1.667693376541137695e+00,1.304641485214233398e+00,1.254551649093627930e+00,8.937377929687500000e-01,9.552946090698242188e-01,9.229078888893127441e-01,5.638637542724609375e-01,4.973477423191070557e-01,5.824650526046752930e-01,7.650572061538696289e-01,2.621398448944091797e+00,2.709694623947143555e+00,2.421405553817749023e+00,2.256170034408569336e+00,1.866171479225158691e+00,1.807237267494201660e+00,1.482340455055236816e+00,1.480906128883361816e+00,1.171547651290893555e+00,1.211594939231872559e+00,1.273699402809143066e+00,9.746419191360473633e-01,9.834678769111633301e-01,9.941611886024475098e-01,1.098397612571716309e+00,2.743311166763305664e+00,2.834997653961181641e+00,2.546288251876831055e+00,2.430964946746826172e+00,2.062841176986694336e+00,2.057680130004882812e+00,1.788635611534118652e+00,1.821436166763305664e+00,1.585148453712463379e+00,1.569701790809631348e+00,1.671658396720886230e+00,1.406558752059936523e+00,1.461616873741149902e+00,1.436531782150268555e+00,1.506930112838745117e+00,2.952644109725952148e+00,3.028792381286621094e+00,2.729943752288818359e+00,2.681240081787109375e+00,2.337818861007690430e+00,2.400980949401855469e+00,2.195252180099487305e+00,2.288979768753051758e+00,2.196903944015502930e+00,2.031913280487060547e+00,2.085540294647216797e+00,1.841153144836425781e+00,1.945335626602172852e+00,1.903050303459167480e+00,1.975776672363281250e+00
2.221105575561523438e+00,2.278271198272705078e+00,1.934924244880676270e+00,1.736532807350158691e+00,1.367614507675170898e+00,1.287935614585876465e+00,9.569730758666992188e-01,9.769390821456909180e-01,6.916279196739196777e-01,9.092080593109130859e-01,8.842712640762329102e-01,6.269133090972900391e-01,3.877453505992889404e-01,0.000000000000000000e+00,3.860777616500854492e-01,2.205176830291748047e+00,2.271878242492675781e+00,1.985047221183776855e+00,1.797034263610839844e+00,1.401029229164123535e+00,1.330806493759155273e+00,9.895700812339782715e-01,1.023490905761718750e+00,7.323032021522521973e-01,9.361448287963867188e-01,1.041872262954711914e+00,7.633216381072998047e-01,6.770300865173339844e-01,5.034523606300354004e-01,6.249046325683593750e-01,2.283858776092529297e+00,2.362299680709838867e+00,2.070200920104980469e+00,1.929372191429138184e+00,1.548586487770080566e+00,1.517974615097045898e+00,1.235806822776794434e+00,1.299914598464965820e+00,1.069339156150817871e+00,1.202108860015869141e+00,1.370442986488342285e+00,1.113053441047668457e+00,1.102836489677429199e+00,9.733409285545349121e-01,1.045329809188842773e+00,2.445741891860961914e+00,2.526723623275756836e+00,2.235569238662719727e+00,2.150200128555297852e+00,1.801522135734558105e+00,1.820928335189819336e+00,1.601838588714599609e+00,1.682163953781127930e+00,1.519922137260437012e+00,1.560040593147277832e+00,1.747824788093566895e+00,1.506494998931884766e+00,1.549167037010192871e+00,1.432932972908020020e+00,1.490692615509033203e+00,2.700501918792724609e+00,2.768918991088867188e+00,2.468057155609130859e+00,2.451499462127685547e+00,2.134189128875732422e+00,2.214214801788330078e+00,2.054512739181518555e+00,2.174213409423828125e+00,2.148336410522460938e+00,2.012668132781982422e+00,2.139732599258422852e+00,1.907941460609436035e+00,2.007287263870239258e+00,1.902034759521484375e+00,1.974856734275817871e+00
2.027102231979370117e+00,2.145492315292358398e+00,1.828031897544860840e+00,1.697920203208923340e+00,1.324680209159851074e+00,1.356080412864685059e+00,1.083433270454406738e+00,1.223254323005676270e+00,1.010628700256347656e+00,1.277205228805541992e+00,1.268271446228027344e+00,9.813174009323120117e-01,6.576225161552429199e-01,3.860777616500854492e-01,0.000000000000000000e+00,1.978319883346557617e+00,2.102795600891113281e+00,1.863197326660156250e+00,1.735682606697082520e+00,1.348049879074096680e+00,1.385507822036743164e+00,1.109754323959350586e+00,1.258731722831726074e+00,1.039268851280212402e+00,1.299447894096374512e+00,1.396553039550781250e+00,1.093525648117065430e+00,8.916139006614685059e-01,6.493985652923583984e-01,5.153266787528991699e-01,2.049011707305908203e+00,2.182143211364746094e+00,1.934369802474975586e+00,1.852438211441040039e+00,1.488358259201049805e+00,1.554843664169311523e+00,1.331987857818603516e+00,1.492589712142944336e+00,1.311628818511962891e+00,1.514610052108764648e+00,1.673704028129577637e+00,1.380921840667724609e+00,1.270350813865661621e+00,1.069292545318603516e+00,1.001855015754699707e+00,2.209714174270629883e+00,2.340438604354858398e+00,2.090893507003784180e+00,2.062980413436889648e+00,1.737564682960510254e+00,1.838988542556762695e+00,1.674784421920776367e+00,1.834152936935424805e+00,1.705865502357482910e+00,1.816786050796508789e+00,2.007907867431640625e+00,1.728658556938171387e+00,1.690733075141906738e+00,1.511432528495788574e+00,1.475024223327636719e+00,2.468614101409912109e+00,2.581835269927978516e+00,2.316551923751831055e+00,2.354744911193847656e+00,2.068174123764038086e+00,2.214625120162963867e+00,2.110198497772216797e+00,2.291228771209716797e+00,2.295588970184326172e+00,2.218665361404418945e+00,2.367606163024902344e+00,2.099037647247314453e+00,2.133832454681396484e+00,1.970718264579772949e+00,1.975316762924194336e+00
5.503314137458801270e-01,7.911121249198913574e-01,9.287340641021728516e-01,1.148950338363647461e+00,1.245384573936462402e+00,1.611700534820556641e+00,1.833628654479980469e+00,2.195988655090332031e+00,2.363258361816406250e+00,2.734875679016113281e+00,2.916282176971435547e+00,2.800733327865600586e+00,2.573691129684448242e+00,2.205176830291748047e+00,1.978319883346557617e+00,0.000000000000000000e+00,3.851051330566406250e-01,6.399171948432922363e-01,9.573411345481872559e-01,1.099837422370910645e+00,1.470335602760314941e+00,1.717240571975708008e+00,2.094190120697021484e+00,2.280633449554443359e+00,2.660538673400878906e+00,2.903370618820190430e+00,2.786743402481079102e+00,2.612167835235595703e+00,2.227621793746948242e+00,2.028625488281250000e+00,5.197070837020874023e-01,6.033042669296264648e-01,6.950054764747619629e-01,1.066064000129699707e+00,1.202027797698974609e+00,1.539139151573181152e+00,1.797781109809875488e+00,2.152615547180175781e+00,2.349750041961669922e+00,2.702091693878173828e+00,2.994256496429443359e+00,2.856945276260375977e+00,2.717942714691162109e+00,2.335253238677978516e+00,2.188054800033569336e+00,1.004649400711059570e+00,1.041429638862609863e+00,1.021254062652587891e+00,1.357307195663452148e+00,1.457890987396240234e+00,1.741085290908813477e+00,1.988682627677917480e+00,2.312993049621582031e+00,2.516638994216918945e+00,2.796490192413330078e+00,3.132406711578369141e+00,2.974024057388305664e+00,2.876623868942260742e+00,2.512137889862060547e+00,2.415079355239868164e+00,1.512610197067260742e+00,1.559350013732910156e+00,1.455582380294799805e+00,1.762171626091003418e+00,1.831195950508117676e+00,2.066483259201049805e+00,2.292153596878051758e+00,2.564989566802978516e+00,2.837808370590209961e+00,2.951305389404296875e+00,3.293529748916625977e+00,3.110407590866088867e+00,3.075187921524047852e+00,2.739087343215942383e+00,2.703907012939453125e+00
5.664747357368469238e-01,5.885234475135803223e-01,7.842137217521667480e-01,9.571313261985778809e-01,1.161106824874877930e+00,1.487982034683227539e+00,1.767021775245666504e+00,2.108181476593017578e+00,2.325472354888916016e+00,2.685804367065429688e+00,2.895993947982788086e+00,2.831100463867187500e+00,2.648005008697509766e+00,2.271878242492675781e+00,2.102795600891113281e+00,3.851051330566406250e-01,0.000000000000000000e+00,3.858531713485717773e-01,7.265424132347106934e-01,9.906480908393859863e-01,1.317890763282775879e+00,1.626478672027587891e+00,1.983576297760009766e+00,2.226362943649291992e+00,2.595044851303100586e+00,2.864495754241943359e+00,2.800433635711669922e+00,2.669879913330078125e+00,2.283936500549316406e+00,2.142671585083007812e+00,7.067301869392395020e-01,5.395539999008178711e-01,5.304986834526062012e-01,8.975386619567871094e-01,1.112624764442443848e+00,1.393691778182983398e+00,1.702364444732666016e+00,2.030431747436523438e+00,2.278700351715087891e+00,2.618796110153198242e+00,2.937464237213134766e+00,2.851302862167358398e+00,2.754334211349487305e+00,2.375600337982177734e+00,2.284058570861816406e+00,1.159772753715515137e+00,1.057339668273925781e+00,9.636116027832031250e-01,1.258759617805480957e+00,1.397509932518005371e+00,1.617045402526855469e+00,1.893458604812622070e+00,2.186328649520874023e+00,2.433683156967163086e+00,2.698593139648437500e+00,3.058811902999877930e+00,2.948701858520507812e+00,2.889893293380737305e+00,2.533716678619384766e+00,2.489575147628784180e+00,1.659359335899353027e+00,1.613633275032043457e+00,1.461313843727111816e+00,1.720404148101806641e+00,1.799846410751342773e+00,1.971458554267883301e+00,2.200298547744750977e+00,2.433501243591308594e+00,2.735532760620117188e+00,2.837855100631713867e+00,3.201771736145019531e+00,3.062691450119018555e+00,3.062748908996582031e+00,2.740531921386718750e+00,2.754382848739624023e+00
6.423849463462829590e-01,5.352552533149719238e-01,5.435537695884704590e-01,5.978653430938720703e-01,8.141134977340698242e-01,1.114193677902221680e+00,1.406654834747314453e+00,1.736448287963867188e+00,1.971979141235351562e+00,2.326314449310302734e+00,2.553821325302124023e+00,2.513662338256835938e+00,2.364099025726318359e+00,1.985047221183776855e+00,1.863197326660156250e+00,6.399171948432922363e-01,3.858531713485717773e-01,0.000000000000000000e+00,3.927533626556396484e-01,6.554189324378967285e-01,9.558761119842529297e-01,1.276520013809204102e+00,1.623996734619140625e+00,1.882826209068298340e+00,2.242942810058593750e+00,2.532951831817626953e+00,2.492091894149780273e+00,2.398357152938842773e+00,2.017210483551025391e+00,1.924587607383728027e+00,9.392070770263671875e-01,7.620946764945983887e-01,5.241898298263549805e-01,7.575930356979370117e-01,8.925960659980773926e-01,1.114379286766052246e+00,1.407914996147155762e+00,1.712026715278625488e+00,1.963944435119628906e+00,2.286545038223266602e+00,2.624962091445922852e+00,2.559866666793823242e+00,2.501534938812255859e+00,2.136263132095336914e+00,2.093042850494384766e+00,1.358601212501525879e+00,1.240749001502990723e+00,1.026871442794799805e+00,1.218935251235961914e+00,1.272939562797546387e+00,1.429478645324707031e+00,1.664519190788269043e+00,1.922775030136108398e+00,2.162857294082641602e+00,2.397265911102294922e+00,2.770443439483642578e+00,2.679270982742309570e+00,2.660160541534423828e+00,2.324756860733032227e+00,2.326181173324584961e+00,1.840114831924438477e+00,1.775600194931030273e+00,1.547159075736999512e+00,1.733306646347045898e+00,1.736833691596984863e+00,1.860086083412170410e+00,2.033636808395385742e+00,2.231129646301269531e+00,2.518667459487915039e+00,2.578177928924560547e+00,2.939193487167358398e+00,2.817594289779663086e+00,2.857950925827026367e+00,2.563369274139404297e+00,2.618860483169555664e+00
1.017303586006164551e+00,8.743189573287963867e-01,7.632856369018554688e-01,5.873941779136657715e-01,7.528911828994750977e-01,9.478721618652343750e-01,1.223497509956359863e+00,1.503952264785766602e+00,1.739543437957763672e+00,2.070089817047119141e+00,2.282921314239501953e+00,2.282909631729125977e+00,2.160534143447875977e+00,1.797034263610839844e+00,1.735682606697082520e+00,9.573411345481872559e-01,7.265424132347106934e-01,3.927533626556396484e-01,0.000000000000000000e+00,3.963597714900970459e-01,6.215442419052124023e-01,9.713943004608154297e-01,1.296888113021850586e+00,1.584099531173706055e+00,1.934835672378540039e+00,2.217499732971191406e+00,2.213945150375366211e+00,2.146312475204467773e+00,1.775753974914550781e+00,1.739392518997192383e+00,1.110854506492614746e+00,8.999298214912414551e-01,5.344272851943969727e-01,5.248381495475769043e-01,6.006861329078674316e-01,7.412694692611694336e-01,1.052154064178466797e+00,1.339124917984008789e+00,1.617447257041931152e+00,1.936840415000915527e+00,2.277955532073974609e+00,2.244939565658569336e+00,2.212645292282104492e+00,1.858816623687744141e+00,1.867273449897766113e+00,1.437016963958740234e+00,1.276554703712463379e+00,9.645122885704040527e-01,1.025176763534545898e+00,1.015595197677612305e+00,1.096387505531311035e+00,1.312880277633666992e+00,1.545318365097045898e+00,1.798579216003417969e+00,2.025312900543212891e+00,2.405487298965454102e+00,2.340988159179687500e+00,2.347310543060302734e+00,2.026613473892211914e+00,2.075227499008178711e+00,1.865212559700012207e+00,1.757357954978942871e+00,1.461376547813415527e+00,1.559679746627807617e+00,1.504713058471679688e+00,1.570167422294616699e+00,1.704479217529296875e+00,1.871625065803527832e+00,2.156551837921142578e+00,2.200513362884521484e+00,2.565980911254882812e+00,2.465642690658569336e+00,2.530979394912719727e+00,2.256242275238037109e+00,2.353096008300781250e+00
1.153041362762451172e+00,1.088717103004455566e+00,8.537685275077819824e-01,6.238056421279907227e-01,5.541471242904663086e-01,7.269487977027893066e-01,9.113461375236511230e-01,1.201315164566040039e+00,1.389063358306884766e+00,1.730471730232238770e+00,1.923859953880310059e+00,1.899067044258117676e+00,1.765712618827819824e+00,1.401029229164123535e+00,1.348049879074096680e+00,1.099837422370910645e+00,9.906480908393859863e-01,6.554189324378967285e-01,3.963597714900970459e-01,0.000000000000000000e+00,3.815416395664215088e-01,6.369548439979553223e-01,1.002123951911926270e+00,1.238371968269348145e+00,1.605660796165466309e+00,1.880028724670410156e+00,1.844489336013793945e+00,1.770137667655944824e+00,1.397657990455627441e+00,1.369015693664550781e+00,1.234951376914978027e+00,1.132811307907104492e+00,7.734850049018859863e-01,6.861119270324707031e-01,4.965954422950744629e-01,6.182924509048461914e-01,8.042995929718017578e-01,1.107403397560119629e+00,1.321188807487487793e+00,1.644771337509155273e+00,1.979312539100646973e+00,1.910719871520996094e+00,1.876723051071166992e+00,1.528636574745178223e+00,1.543741822242736816e+00,1.527013659477233887e+00,1.445308089256286621e+00,1.117042660713195801e+00,1.124375700950622559e+00,9.736485481262207031e-01,1.051568627357482910e+00,1.161911249160766602e+00,1.391075491905212402e+00,1.574630379676818848e+00,1.786567687988281250e+00,2.153965473175048828e+00,2.053822278976440430e+00,2.063596248626708984e+00,1.756232023239135742e+00,1.807335972785949707e+00,1.926701903343200684e+00,1.870079159736633301e+00,1.554783940315246582e+00,1.623519301414489746e+00,1.479359626770019531e+00,1.559182167053222656e+00,1.621466279029846191e+00,1.793367028236389160e+00,2.021420717239379883e+00,2.029867887496948242e+00,2.365360260009765625e+00,2.232691049575805664e+00,2.305092334747314453e+00,2.047372341156005859e+00,2.142659902572631836e+00
1.472610592842102051e+00,1.341560244560241699e+00,1.072685360908508301e+00,7.351526021957397461e-01,6.538952589035034180e-01,5.963879227638244629e-01,7.533848285675048828e-01,9.463298320770263672e-01,1.168778300285339355e+00,1.471821069717407227e+00,1.684208512306213379e+00,1.728775024414062500e+00,1.667693376541137695e+00,1.330806493759155273e+00,1.385507822036743164e+00,1.470335602760314941e+00,1.317890763282775879e+00,9.558761119842529297e-01,6.215442419052124023e-01,3.815416395664215088e-01,0.000000000000000000e+00,3.804079592227935791e-01,6.771503686904907227e-01,9.833070039749145508e-01,1.319427371025085449e+00,1.621993899345397949e+00,1.655109405517578125e+00,1.655062079429626465e+00,1.318221211433410645e+00,1.395210385322570801e+00,1.592376828193664551e+00,1.451892733573913574e+00,1.071835398674011230e+00,8.749926090240478516e-01,6.498880386352539062e-01,5.158587098121643066e-01,6.214420795440673828e-01,8.223689198493957520e-01,1.069249033927917480e+00,1.352811574935913086e+00,1.719003319740295410e+00,1.712350606918334961e+00,1.750827312469482422e+00,1.445707440376281738e+00,1.553928852081298828e+00,1.847363233566284180e+00,1.729316115379333496e+00,1.367642760276794434e+00,1.275332212448120117e+00,1.076897859573364258e+00,1.015282630920410156e+00,1.045531749725341797e+00,1.177194595336914062e+00,1.360777020454406738e+00,1.515900254249572754e+00,1.903501868247985840e+00,1.857125997543334961e+00,1.933999300003051758e+00,1.673461198806762695e+00,1.803259491920471191e+00,2.209306478500366211e+00,2.116540431976318359e+00,1.768239140510559082e+00,1.756198644638061523e+00,1.562724113464355469e+00,1.553335547447204590e+00,1.541165232658386230e+00,1.636343717575073242e+00,1.844975948333740234e+00,1.795183539390563965e+00,2.128475189208984375e+00,2.042314767837524414e+00,2.175251722335815430e+00,1.967789292335510254e+00,2.127311706542968750e+00
