,A1,A2,A3,A4,A5,A6,A7,A8,A9,A10,A11,A12,A13,A14,A15,B1,B2,B3,B4,B5,B6,B7,B8,B9,B10,B11,B12,B13,B14,B15,C1,C2,C3,C4,C5,C6,C7,C8,C9,C10,C11,C12,C13,C14,C15,D1,D2,D3,D4,D5,D6,D7,D8,D9,D10,D11,D12,D13,D14,D15,E1,E2,E3,E4,E5,E6,E7,E8,E9,E10,E11,E12,E13,E14,E15
A1,0.0,0.3942379653453827,0.6268608570098877,0.9510598182678223,1.256984829902649,1.5613625049591064,1.8769150972366333,2.2145137786865234,2.5304272174835205,2.717836856842041,2.675860643386841,2.441725015640259,2.338597297668457,1.9817321300506592,1.9617235660552979,0.9188979268074036,0.7807734608650208,1.0939127206802368,1.2377798557281494,1.535064458847046,1.7850667238235474,2.0791444778442383,2.4049994945526123,2.6609058380126953,2.8864388465881348,2.8073503971099854,2.632584810256958,2.5380046367645264,2.2428925037384033,2.2566628456115723,1.5203813314437866,1.3835015296936035,1.6013953685760498,1.6487016677856445,1.9076346158981323,2.123826026916504,2.3737010955810547,2.688615083694458,2.865968942642212,3.1208114624023438,3.042407751083374,2.9368033409118652,2.8382580280303955,2.6083388328552246,2.638810634613037,2.1185648441314697,2.002525568008423,2.1778674125671387,2.1780216693878174,2.4051103591918945,2.596566915512085,2.8025131225585938,3.1033456325531006,3.194368839263916,3.4308388233184814,3.327524185180664,3.2970402240753174,3.216405153274536,3.046469211578369,3.122076988220215,2.9028005599975586,2.72009015083313,2.845137596130371,2.7967889308929443,2.992530345916748,3.191380023956299,3.3524415493011475,3.663790702819824,3.6730828285217285,3.8628344535827637,3.7799899578094482,3.842681407928467,3.7465667724609375,3.6973164081573486,3.846832513809204
A2,0.3942379653453827,0.0,0.3849811553955078,0.6193780303001404,0.9206113815307617,1.2104732990264893,1.5194978713989258,1.8612165451049805,2.1704261302948,2.382936954498291,2.3593246936798096,2.1584086418151855,2.069882392883301,1.7375329732894897,1.7555592060089111,1.0299649238586426,0.887333869934082,1.085038661956787,1.1124145984649658,1.3649731874465942,1.582131266593933,1.8466237783432007,2.1646740436553955,2.3824350833892822,2.6225171089172363,2.5519635677337646,2.417973041534424,2.3370988368988037,2.0828511714935303,2.1291866302490234,1.6411386728286743,1.5262718200683594,1.6669180393218994,1.6298989057540894,1.8373841047286987,2.0152852535247803,2.225280284881592,2.5224316120147705,2.6528661251068115,2.911590337753296,2.838400363922119,2.775104522705078,2.6886160373687744,2.5040409564971924,2.5602736473083496,2.2470290660858154,2.1514806747436523,2.271906852722168,2.2126564979553223,2.395261764526367,2.552614450454712,2.717705726623535,2.9981002807617188,3.041271686553955,3.2685625553131104,3.168827533721924,3.179206371307373,3.1087229251861572,2.982452154159546,3.0844919681549072,3.032984733581543,2.8719546794891357,2.9559969902038574,2.862610340118408,3.025393486022949,3.1948556900024414,3.319995641708374,3.6096270084381104,3.577421188354492,3.749021530151367,3.671138286590576,3.770232915878296,3.6843037605285645,3.67490291595459,3.8443546295166016
A3,0.6268608570098877,0.3849811553955078,0.0,0.3944738805294037,0.6475974917411804,0.9707675576210022,1.2764493227005005,1.6095670461654663,1.927809238433838,2.097991704940796,2.0656657218933105,1.8388956785202026,1.7748644351959229,1.4328110218048096,1.491493582725525,0.8314762115478516,0.6767205595970154,0.7607932090759277,0.7493590116500854,0.9810187220573425,1.2148221731185913,1.4788966178894043,1.807702660560608,2.042715549468994,2.2695722579956055,2.1985628604888916,2.0514447689056396,1.9865037202835083,1.728042721748352,1.8051297664642334,1.390295386314392,1.285696268081665,1.363489031791687,1.2868483066558838,1.4655507802963257,1.6417485475540161,1.842441201210022,2.1453239917755127,2.282322883605957,2.5360684394836426,2.4633142948150635,2.395571708679199,2.3209307193756104,2.1393535137176514,2.2192490100860596,1.980246901512146,1.8950475454330444,1.973077654838562,1.8829045295715332,2.039410352706909,2.1883347034454346,2.3393585681915283,2.6195318698883057,2.6608994007110596,2.885066032409668,2.785738945007324,2.7975151538848877,2.7362709045410156,2.6169817447662354,2.7372703552246094,2.7516772747039795,2.605980157852173,2.6599068641662598,2.541745901107788,2.683730125427246,2.8419365882873535,2.9519412517547607,3.2362332344055176,3.197331428527832,3.3648571968078613,3.2883334159851074,3.3930602073669434,3.315030813217163,3.3149287700653076,3.4981565475463867
A4,0.9510598182678223,0.6193780303001404,0.3944738805294037,0.0,0.3882255554199219,0.6154894828796387,0.9644401669502258,1.275895595550537,1.6152310371398926,1.8218891620635986,1.8463329076766968,1.6738182306289673,1.6705571413040161,1.3796987533569336,1.5215286016464233,1.1750839948654175,0.9865539073944092,0.9502772688865662,0.7585089206695557,0.9312649369239807,1.0560616254806519,1.297890067100525,1.5872470140457153,1.7868807315826416,2.0542237758636475,2.0268919467926025,1.9434608221054077,1.9313892126083374,1.7338639497756958,1.8752660751342773,1.6675746440887451,1.547825813293457,1.5420206785202026,1.3652944564819336,1.4971619844436646,1.5899683237075806,1.7555303573608398,2.0116727352142334,2.098870038986206,2.376328706741333,2.3388376235961914,2.3306570053100586,2.299762487411499,2.1746115684509277,2.3044216632843018,2.2225899696350098,2.1280229091644287,2.1437058448791504,1.9851802587509155,2.1078097820281982,2.1944351196289062,2.312135934829712,2.550128936767578,2.5397891998291016,2.771045684814453,2.701059341430664,2.765089750289917,2.739745616912842,2.6678638458251953,2.8313286304473877,2.9579579830169678,2.815438747406006,2.821493625640869,2.6538660526275635,2.77634859085083,2.8867650032043457,2.971162796020508,3.2207469940185547,3.1362500190734863,3.2993102073669434,3.2494001388549805,3.3949859142303467,3.3475162982940674,3.3833534717559814,3.598707914352417
A5,1.256984829902649,0.9206113815307617,0.6475974917411804,0.3882255554199219,0.0,0.3800111413002014,0.6296861171722412,0.9723660945892334,1.2802789211273193,1.4663379192352295,1.4660251140594482,1.2981534004211426,1.2961727380752563,1.033137321472168,1.216823935508728,1.278369426727295,1.177351474761963,1.0441631078720093,0.8069460391998291,0.8026344180107117,0.9142122268676758,1.0542385578155518,1.3562073707580566,1.5031317472457886,1.7432706356048584,1.6879690885543823,1.6259844303131104,1.6049884557724,1.452950358390808,1.6111314296722412,1.70502769947052,1.6544853448867798,1.5931990146636963,1.3822762966156006,1.41059410572052,1.4882819652557373,1.5733071565628052,1.8245429992675781,1.8589820861816406,2.1049365997314453,2.0412468910217285,2.0583760738372803,2.0166754722595215,1.9372227191925049,2.0722227096557617,2.226785898208618,2.185378074645996,2.163766384124756,1.9807170629501343,2.0315558910369873,2.1069605350494385,2.1620945930480957,2.3911337852478027,2.338637590408325,2.532032012939453,2.439293384552002,2.5278098583221436,2.490689277648926,2.4603681564331055,2.628791332244873,2.942119598388672,2.8438615798950195,2.8251988887786865,2.6371757984161377,2.706573247909546,2.8054287433624268,2.840264320373535,3.0747578144073486,2.961648941040039,3.086945056915283,3.0191776752471924,3.1873490810394287,3.131303071975708,3.2039737701416016,3.419142723083496
A6,1.5613625049591064,1.2104732990264893,0.9707675576210022,0.6154894828796387,0.3800111413002014,0.0,0.39372482895851135,0.6630979180335999,1.015997290611267,1.246531367301941,1.3371059894561768,1.2519561052322388,1.344022274017334,1.17111074924469,1.4288225173950195,1.6230369806289673,1.4792330265045166,1.30400812625885,0.983529806137085,0.9353646636009216,0.8907967209815979,0.9778954982757568,1.1947383880615234,1.2890275716781616,1.5805333852767944,1.5928590297698975,1.612046241760254,1.664893388748169,1.5851794481277466,1.8033335208892822,2.002103328704834,1.9246950149536133,1.8101896047592163,1.534511685371399,1.530463457107544,1.5157792568206787,1.562921166419983,1.7440837621688843,1.7218776941299438,1.9933885335922241,1.980932354927063,2.063774585723877,2.0796353816986084,2.056675672531128,2.2408628463745117,2.4846785068511963,2.424520254135132,2.3543765544891357,2.1192755699157715,2.1461832523345947,2.156318187713623,2.1825387477874756,2.3581273555755615,2.2546801567077637,2.4568257331848145,2.4053025245666504,2.546015739440918,2.5540771484375,2.5671370029449463,2.776874542236328,3.153870105743408,3.0520362854003906,2.9922776222229004,2.7641539573669434,2.820986270904541,2.8705813884735107,2.8857998847961426,3.0805823802948,2.9251339435577393,3.0493993759155273,3.0161948204040527,3.221348524093628,3.202193260192871,3.3037831783294678,3.5499093532562256
A7,1.8769150972366333,1.5194978713989258,1.2764493227005005,0.9644401669502258,0.6296861171722412,0.39372482895851135,0.0,0.3776385486125946,0.6544652581214905,0.8945352435112,0.9788869023323059,0.958853542804718,1.0714833736419678,0.9995551705360413,1.2903499603271484,1.8481658697128296,1.7673460245132446,1.5598161220550537,1.2512402534484863,1.0879578590393066,1.023208498954773,0.956810712814331,1.1374396085739136,1.1146072149276733,1.3644176721572876,1.3486301898956299,1.427910566329956,1.4752380847930908,1.4796208143234253,1.7033156156539917,2.1822152137756348,2.1610219478607178,2.019927501678467,1.7383817434310913,1.6494808197021484,1.6182085275650024,1.5710318088531494,1.723895788192749,1.6211422681808472,1.8420960903167725,1.8020716905593872,1.9300166368484497,1.9360297918319702,1.9787633419036865,2.160229206085205,2.6299118995666504,2.617032527923584,2.52388596534729,2.2789692878723145,2.2406294345855713,2.2384305000305176,2.1966006755828857,2.3509888648986816,2.1942930221557617,2.3434865474700928,2.2692019939422607,2.4440596103668213,2.4398586750030518,2.505699634552002,2.714590549468994,3.2721593379974365,3.211620807647705,3.134580612182617,2.8947606086730957,2.9006059169769287,2.9374687671661377,2.900484323501587,3.072551727294922,2.8846120834350586,2.961459159851074,2.910226583480835,3.1416163444519043,3.1139142513275146,3.257230758666992,3.498246908187866
A8,2.2145137786865234,1.8612165451049805,1.6095670461654663,1.275895595550537,0.9723660945892334,0.6630979180335999,0.3776385486125946,0.0,0.3934776782989502,0.6485320329666138,0.8671669960021973,0.956244707107544,1.1791269779205322,1.2044509649276733,1.5362707376480103,2.1592822074890137,2.057584762573242,1.8121293783187866,1.4678022861480713,1.2698900699615479,1.1008368730545044,0.954317033290863,1.0048869848251343,0.8807455897331238,1.1609314680099487,1.2253587245941162,1.395751714706421,1.5237538814544678,1.6012578010559082,1.8721742630004883,2.4355599880218506,2.4023542404174805,2.2145440578460693,1.892690896987915,1.7650657892227173,1.657410740852356,1.5578171014785767,1.627832293510437,1.4547924995422363,1.6788504123687744,1.6916321516036987,1.8862735033035278,1.9525827169418335,2.0526504516601562,2.276949882507324,2.8335087299346924,2.8128390312194824,2.674184799194336,2.3899810314178467,2.3183789253234863,2.2573394775390625,2.1765148639678955,2.271906614303589,2.0617687702178955,2.2037577629089355,2.1698737144470215,2.3947153091430664,2.435634136199951,2.54608154296875,2.7907605171203613,3.417593240737915,3.362844705581665,3.246070146560669,2.9728243350982666,2.956362724304199,2.945828676223755,2.881354808807373,3.0090126991271973,2.7801053524017334,2.8459832668304443,2.8267722129821777,3.09218430519104,3.10074520111084,3.2733311653137207,3.5406415462493896
A9,2.5304272174835205,2.1704261302948,1.927809238433838,1.6152310371398926,1.2802789211273193,1.015997290611267,0.6544652581214905,0.3934776782989502,0.0,0.39382025599479675,0.6490715742111206,0.8855984210968018,1.1123243570327759,1.2573593854904175,1.5749092102050781,2.4390199184417725,2.3804566860198975,2.1301863193511963,1.806837558746338,1.5651582479476929,1.4135894775390625,1.1885961294174194,1.1973603963851929,0.949892520904541,1.1333743333816528,1.1639047861099243,1.4055404663085938,1.5174431800842285,1.6779637336730957,1.930612325668335,2.6943135261535645,2.702310800552368,2.50860857963562,2.196873903274536,2.021699905395508,1.9151724576950073,1.7495827674865723,1.7901376485824585,1.5460152626037598,1.6948200464248657,1.6776090860366821,1.9157780408859253,1.9675108194351196,2.129664897918701,2.33780837059021,3.0678727626800537,3.084757089614868,2.9376347064971924,2.65667986869812,2.53959321975708,2.4749672412872314,2.3399600982666016,2.4130258560180664,2.15846586227417,2.2372939586639404,2.1810081005096436,2.435297966003418,2.4610352516174316,2.6210057735443115,2.855177402496338,3.628889799118042,3.6082630157470703,3.4834706783294678,3.2082080841064453,3.150935411453247,3.1324923038482666,3.0232179164886475,3.127302885055542,2.8720598220825195,2.886967182159424,2.8494157791137695,3.136209487915039,3.1348485946655273,3.3455541133880615,3.601271390914917
A10,2.717836856842041,2.382936954498291,2.097991704940796,1.8218891620635986,1.4663379192352295,1.246531367301941,0.8945352435112,0.6485320329666138,0.39382025599479675,0.0,0.37544888257980347,0.6661844849586487,0.9721965789794922,1.1898362636566162,1.5242480039596558,2.4937994480133057,2.4641098976135254,2.173527956008911,1.8650999069213867,1.562147617340088,1.4012295007705688,1.09348464012146,1.0537323951721191,0.7358349561691284,0.8064389824867249,0.8186855316162109,1.1129440069198608,1.2616850137710571,1.4880869388580322,1.760863184928894,2.6609232425689697,2.6987547874450684,2.4699435234069824,2.15810489654541,1.9221752882003784,1.7991292476654053,1.5662143230438232,1.5751452445983887,1.2866491079330444,1.3704156875610352,1.3356633186340332,1.6036670207977295,1.6728612184524536,1.8842785358428955,2.1074278354644775,2.9673001766204834,3.011209726333618,2.833263397216797,2.545344352722168,2.3760905265808105,2.295975923538208,2.109950542449951,2.1608548164367676,1.880003571510315,1.911812424659729,1.8424980640411377,2.1154673099517822,2.1475367546081543,2.344029188156128,2.587125539779663,3.4661808013916016,3.476780652999878,3.328982353210449,3.044816255569458,2.9460933208465576,2.911649703979492,2.763824939727783,2.846320390701294,2.576143980026245,2.557293176651001,2.5101914405822754,2.8094966411590576,2.8121607303619385,3.0471324920654297,3.305069923400879
A11,2.675860643386841,2.3593246936798096,2.0656657218933105,1.8463329076766968,1.4660251140594482,1.3371059894561768,0.9788869023323059,0.8671669960021973,0.6490715742111206,0.37544888257980347,0.0,0.38180777430534363,0.6417871713638306,0.9302142262458801,1.2340513467788696,2.3685200214385986,2.397449016571045,2.1114742755889893,1.8539167642593384,1.5202699899673462,1.4384310245513916,1.1152732372283936,1.1611335277557373,0.9037798643112183,0.8532378077507019,0.6923456192016602,0.9262768626213074,0.9816450476646423,1.2380383014678955,1.4680954217910767,2.5095295906066895,2.5990285873413086,2.385795831680298,2.114762783050537,1.8515453338623047,1.7886542081832886,1.5363051891326904,1.6041761636734009,1.347353219985962,1.3608325719833374,1.223987102508545,1.445050835609436,1.4384924173355103,1.6574625968933105,1.8357874155044556,2.801327705383301,2.889808416366577,2.7303059101104736,2.476602077484131,2.2841296195983887,2.2518389225006104,2.0497398376464844,2.14320969581604,1.8897618055343628,1.8755472898483276,1.7340985536575317,1.9714504480361938,1.9427748918533325,2.1402645111083984,2.344646692276001,3.303982734680176,3.3462984561920166,3.2189176082611084,2.9610962867736816,2.8390843868255615,2.8406550884246826,2.677097797393799,2.7854340076446533,2.5409536361694336,2.4915969371795654,2.3899953365325928,2.667658805847168,2.6241397857666016,2.8620669841766357,3.0868265628814697
A12,2.441725015640259,2.1584086418151855,1.8388956785202026,1.6738182306289673,1.2981534004211426,1.2519561052322388,0.958853542804718,0.956244707107544,0.8855984210968018,0.6661844849586487,0.38180777430534363,0.0,0.3803226053714752,0.608881950378418,0.9360880255699158,2.0433313846588135,2.0984833240509033,1.804202675819397,1.5848257541656494,1.2299773693084717,1.2089561223983765,0.8958403468132019,1.0357948541641235,0.903216540813446,0.8351792693138123,0.5785082578659058,0.6521225571632385,0.6454766392707825,0.8611643314361572,1.1008487939834595,2.146071195602417,2.25600266456604,2.0461199283599854,1.801182746887207,1.5265352725982666,1.5117907524108887,1.2717795372009277,1.4115242958068848,1.2330920696258545,1.2508447170257568,1.058871865272522,1.194627046585083,1.1407407522201538,1.31244695186615,1.4824141263961792,2.4268295764923096,2.5290684700012207,2.3801486492156982,2.147862672805786,1.955703616142273,1.963034987449646,1.7790144681930542,1.9251374006271362,1.7276718616485596,1.7288968563079834,1.549277901649475,1.7314168214797974,1.6698700189590454,1.8256818056106567,2.0164988040924072,2.939753293991089,2.986539602279663,2.874539852142334,2.635004758834839,2.517374038696289,2.5513312816619873,2.4049899578094482,2.552298069000244,2.3481178283691406,2.3174312114715576,2.1895394325256348,2.4329118728637695,2.3639755249023438,2.5726842880249023,2.786644458770752
A13,2.338597297668457,2.069882392883301,1.7748644351959229,1.6705571413040161,1.2961727380752563,1.344022274017334,1.0714833736419678,1.1791269779205322,1.1123243570327759,0.9721965789794922,0.6417871713638306,0.3803226053714752,0.0,0.38350844383239746,0.6106752753257751,1.9215818643569946,2.0393283367156982,1.788385272026062,1.6352611780166626,1.3039602041244507,1.3851386308670044,1.1363011598587036,1.3528903722763062,1.2720407247543335,1.2002995014190674,0.8996652364730835,0.8580257296562195,0.6611296534538269,0.808181643486023,0.9211376309394836,2.0529415607452393,2.211648941040039,2.0537736415863037,1.8697932958602905,1.6168614625930786,1.6854784488677979,1.48440682888031,1.6875360012054443,1.5615439414978027,1.5574601888656616,1.3090276718139648,1.3622385263442993,1.2004996538162231,1.32062828540802,1.3954706192016602,2.3615620136260986,2.5027153491973877,2.4035983085632324,2.225241184234619,2.0478386878967285,2.12137508392334,1.9604556560516357,2.156731605529785,2.004772663116455,1.9889698028564453,1.7588353157043457,1.8811722993850708,1.7451072931289673,1.8656343221664429,1.988757848739624,2.91939115524292,2.983922243118286,2.915620803833008,2.7186923027038574,2.6041524410247803,2.6896798610687256,2.5540924072265625,2.7382194995880127,2.573108196258545,2.531094789505005,2.357046604156494,2.5615952014923096,2.4379806518554688,2.6279683113098145,2.7938411235809326
A14,1.9817321300506592,1.7375329732894897,1.4328110218048096,1.3796987533569336,1.033137321472168,1.17111074924469,0.9995551705360413,1.2044509649276733,1.2573593854904175,1.1898362636566162,0.9302142262458801,0.608881950378418,0.38350844383239746,0.0,0.3728340268135071,1.5390723943710327,1.6664528846740723,1.4328112602233887,1.3180583715438843,1.015790343284607,1.179202675819397,1.0213701725006104,1.322836995124817,1.3531765937805176,1.3478187322616577,1.0826903581619263,0.9389063119888306,0.7249600291252136,0.6703371405601501,0.7604021430015564,1.7012525796890259,1.8557103872299194,1.7279000282287598,1.5729128122329712,1.364553689956665,1.4933650493621826,1.3691473007202148,1.6395368576049805,1.6007589101791382,1.6556196212768555,1.425409197807312,1.4037896394729614,1.2273856401443481,1.2332758903503418,1.292402744293213,2.0594780445098877,2.186448574066162,2.1209778785705566,1.968150019645691,1.8395806550979614,1.956762671470642,1.859778881072998,2.105538845062256,2.0166068077087402,2.0560200214385986,1.8343167304992676,1.9032375812530518,1.7600921392440796,1.8024942874908447,1.9127321243286133,2.6772117614746094,2.715144157409668,2.676642656326294,2.5018651485443115,2.4294328689575195,2.550154447555542,2.465331792831421,2.691542387008667,2.569150447845459,2.5751278400421143,2.405426025390625,2.572622537612915,2.4410183429718018,2.5787734985351562,2.740365743637085
A15,1.9617235660552979,1.7555592060089111,1.491493582725525,1.5215286016464233,1.216823935508728,1.4288225173950195,1.2903499603271484,1.5362707376480103,1.5749092102050781,1.5242480039596558,1.2340513467788696,0.9360880255699158,0.6106752753257751,0.3728340268135071,0.0,1.4843418598175049,1.690481424331665,1.5178471803665161,1.4923375844955444,1.239890456199646,1.4721393585205078,1.3601855039596558,1.6782612800598145,1.722374439239502,1.6931357383728027,1.3975986242294312,1.2132866382598877,0.9131829142570496,0.7995630502700806,0.7009071111679077,1.6559062004089355,1.868334412574768,1.8023368120193481,1.725248098373413,1.5449943542480469,1.7395386695861816,1.6434271335601807,1.9424915313720703,1.9331047534942627,1.9590107202529907,1.6921247243881226,1.615699291229248,1.3662583827972412,1.3230100870132446,1.2747243642807007,2.0226845741271973,2.1942522525787354,2.182947874069214,2.0938878059387207,1.9787782430648804,2.152949571609497,2.0732297897338867,2.3508663177490234,2.2977232933044434,2.3154420852661133,2.057340621948242,2.0753731727600098,1.87270188331604,1.879704475402832,1.916271686553955,2.6663506031036377,2.7262492179870605,2.7332000732421875,2.606827974319458,2.534567356109619,2.701430559158325,2.624713182449341,2.877911329269409,2.791825771331787,2.784259557723999,2.5765738487243652,2.70489764213562,2.525611162185669,2.641439437866211,2.7514381408691406
B1,0.9188979268074036,1.0299649238586426,0.8314762115478516,1.1750839948654175,1.278369426727295,1.6230369806289673,1.8481658697128296,2.1592822074890137,2.4390199184417725,2.4937994480133057,2.3685200214385986,2.0433313846588135,1.9215818643569946,1.5390723943710327,1.4843418598175049,0.0,0.3944612443447113,0.5665002465248108,0.9159592986106873,1.089501976966858,1.439047932624817,1.6840418577194214,2.03947114944458,2.3334805965423584,2.4592020511627197,2.3212826251983643,2.0515897274017334,1.9184774160385132,1.5610164403915405,1.5283997058868408,0.6325386762619019,0.6504836082458496,0.8779928088188171,1.0482611656188965,1.2430390119552612,1.561821699142456,1.7902052402496338,2.1539032459259033,2.3835465908050537,2.5688517093658447,2.438253879547119,2.2472546100616455,2.1078717708587646,1.8172246217727661,1.808301568031311,1.2459534406661987,1.218074083328247,1.4012175798416138,1.4617279767990112,1.643141746520996,1.9112114906311035,2.103797435760498,2.450793504714966,2.5958282947540283,2.7899069786071777,2.640489339828491,2.540055751800537,2.4202256202697754,2.20550274848938,2.2430615425109863,2.0516231060028076,1.9281803369522095,2.059602975845337,2.03867769241333,2.1888656616210938,2.4356017112731934,2.5786969661712646,2.919044256210327,2.9736173152923584,3.140113353729248,3.0143613815307617,3.0304887294769287,2.900526285171509,2.826859474182129,2.948963165283203
B2,0.7807734608650208,0.887333869934082,0.6767205595970154,0.9865539073944092,1.177351474761963,1.4792330265045166,1.7673460245132446,2.057584762573242,2.3804566860198975,2.4641098976135254,2.397449016571045,2.0984833240509033,2.0393283367156982,1.6664528846740723,1.690481424331665,0.3944612443447113,0.0,0.38432008028030396,0.7010113000869751,0.9951379895210266,1.2882139682769775,1.5975362062454224,1.925533413887024,2.2452433109283447,2.42368745803833,2.344552755355835,2.1090261936187744,2.043274164199829,1.7061625719070435,1.7530438899993896,0.8278054594993591,0.6416167616844177,0.8210320472717285,0.910358190536499,1.191481113433838,1.4505157470703125,1.7308311462402344,2.065600633621216,2.307396173477173,2.543748378753662,2.4690158367156982,2.3114094734191895,2.2340941429138184,1.9623937606811523,2.0219414234161377,1.4018274545669556,1.26802396774292,1.4054630994796753,1.4026881456375122,1.6361573934555054,1.848957896232605,2.0771872997283936,2.3958919048309326,2.537337303161621,2.777423143386841,2.6784732341766357,2.6077585220336914,2.5434515476226807,2.3404479026794434,2.4331893920898438,2.1667234897613525,1.9876127243041992,2.0822300910949707,2.020331621170044,2.2120814323425293,2.416659355163574,2.587601661682129,2.9091951847076416,2.94802188873291,3.1508235931396484,3.07132625579834,3.1085498332977295,3.0248429775238037,2.953078508377075,3.1182162761688232
B3,1.0939127206802368,1.085038661956787,0.7607932090759277,0.9502772688865662,1.0441631078720093,1.30400812625885,1.5598161220550537,1.8121293783187866,2.1301863193511963,2.173527956008911,2.1114742755889893,1.804202675819397,1.788385272026062,1.4328112602233887,1.5178471803665161,0.5665002465248108,0.38432008028030396,0.0,0.3934764266014099,0.6420682668685913,0.9389017224311829,1.241653561592102,1.5649796724319458,1.8974319696426392,2.0639820098876953,1.996477484703064,1.7592676877975464,1.7291040420532227,1.4025118350982666,1.5075275897979736,0.7837644815444946,0.6230302453041077,0.6057882308959961,0.5742143392562866,0.8216789364814758,1.073573350906372,1.3467410802841187,1.6827051639556885,1.9274191856384277,2.163067579269409,2.099001407623291,1.9484857320785522,1.8995857238769531,1.6438331604003906,1.7519457340240479,1.2969071865081787,1.1779296398162842,1.215940237045288,1.1317499876022339,1.3213167190551758,1.508062720298767,1.7146393060684204,2.0269949436187744,2.155728340148926,2.3965940475463867,2.306413412094116,2.250797986984253,2.209123373031616,2.0270323753356934,2.159146785736084,2.024721622467041,1.8692301511764526,1.901991367340088,1.783879280090332,1.9419562816619873,2.1173551082611084,2.262293815612793,2.57011342048645,2.5866525173187256,2.785285234451294,2.7150251865386963,2.772494316101074,2.707597017288208,2.6593332290649414,2.853764772415161
B4,1.2377798557281494,1.1124145984649658,0.7493590116500854,0.7585089206695557,0.8069460391998291,0.983529806137085,1.2512402534484863,1.4678022861480713,1.806837558746338,1.8650999069213867,1.8539167642593384,1.5848257541656494,1.6352611780166626,1.3180583715438843,1.4923375844955444,0.9159592986106873,0.7010113000869751,0.3934764266014099,0.0,0.3877010643482208,0.596120297908783,0.9354395866394043,1.2403074502944946,1.5680965185165405,1.780182957649231,1.7607356309890747,1.5820297002792358,1.6161553859710693,1.3505078554153442,1.5384093523025513,1.1374402046203613,0.9807764887809753,0.8477913737297058,0.6096092462539673,0.777503252029419,0.906727135181427,1.1573762893676758,1.4547014236450195,1.658949851989746,1.9330706596374512,1.9105217456817627,1.825234055519104,1.830635666847229,1.641219973564148,1.8147412538528442,1.5921416282653809,1.4692028760910034,1.4200927019119263,1.2300382852554321,1.3667175769805908,1.4631062746047974,1.6292930841445923,1.8955119848251343,1.9648984670639038,2.223459482192993,2.1677675247192383,2.174826145172119,2.177718162536621,2.054218292236328,2.242185592651367,2.2617642879486084,2.11342453956604,2.083754777908325,1.8984794616699219,2.0293116569519043,2.140739917755127,2.2530112266540527,2.520277261734009,2.480022430419922,2.677473545074463,2.638947010040283,2.747210741043091,2.719162940979004,2.715888500213623,2.9501359462738037
B5,1.535064458847046,1.3649731874465942,0.9810187220573425,0.9312649369239807,0.8026344180107117,0.9353646636009216,1.0879578590393066,1.2698900699615479,1.5651582479476929,1.562147617340088,1.5202699899673462,1.2299773693084717,1.3039602041244507,1.015790343284607,1.239890456199646,1.089501976966858,0.9951379895210266,0.6420682668685913,0.3877010643482208,0.0,0.3717629611492157,0.6059355139732361,0.9525385499000549,1.2617466449737549,1.4301413297653198,1.3826161623001099,1.1951894760131836,1.2391756772994995,1.000471830368042,1.2369269132614136,1.209609866142273,1.1566617488861084,0.9473823308944702,0.663771390914917,0.6106736660003662,0.7193882465362549,0.8630924224853516,1.1803666353225708,1.3475136756896973,1.589901089668274,1.5394818782806396,1.4655438661575317,1.4697381258010864,1.3196804523468018,1.520660638809204,1.5958040952682495,1.5457801818847656,1.4388881921768188,1.2105063199996948,1.2328990697860718,1.3109201192855835,1.3935822248458862,1.6575900316238403,1.6847963333129883,1.906891107559204,1.825480341911316,1.8543517589569092,1.8502949476242065,1.7693629264831543,1.9751943349838257,2.223585367202759,2.132998466491699,2.0666420459747314,1.8517361879348755,1.9097501039505005,2.003693103790283,2.0534250736236572,2.305305004119873,2.2326571941375732,2.391442060470581,2.3335213661193848,2.4670684337615967,2.4328601360321045,2.470529317855835,2.71164608001709
B6,1.7850667238235474,1.582131266593933,1.2148221731185913,1.0560616254806519,0.9142122268676758,0.8907967209815979,1.023208498954773,1.1008368730545044,1.4135894775390625,1.4012295007705688,1.4384310245513916,1.2089561223983765,1.3851386308670044,1.179202675819397,1.4721393585205078,1.439047932624817,1.2882139682769775,0.9389017224311829,0.596120297908783,0.3717629611492157,0.0,0.3806587755680084,0.6447194218635559,0.9866118431091309,1.2152560949325562,1.2616043090820312,1.1540257930755615,1.3063225746154785,1.158022165298462,1.461778998374939,1.532810091972351,1.437633991241455,1.178333044052124,0.8162977695465088,0.7247594594955444,0.627646267414093,0.7325021624565125,0.957186222076416,1.0929533243179321,1.3939014673233032,1.4234060049057007,1.4232070446014404,1.5170929431915283,1.4364073276519775,1.70193612575531,1.8571674823760986,1.7755290269851685,1.6068965196609497,1.3076902627944946,1.3012888431549072,1.270227074623108,1.3222541809082031,1.5135928392410278,1.4875915050506592,1.7434247732162476,1.7254748344421387,1.815138578414917,1.8804864883422852,1.8487197160720825,2.109818696975708,2.4054858684539795,2.3057193756103516,2.185269832611084,1.9177354574203491,1.964687466621399,1.9875216484069824,2.019493341445923,2.2211897373199463,2.0995867252349854,2.2715206146240234,2.2646679878234863,2.4399073123931885,2.4588654041290283,2.524962902069092,2.807124614715576
B7,2.0791444778442383,1.8466237783432007,1.4788966178894043,1.297890067100525,1.0542385578155518,0.9778954982757568,0.956810712814331,0.954317033290863,1.1885961294174194,1.09348464012146,1.1152732372283936,0.8958403468132019,1.1363011598587036,1.0213701725006104,1.3601855039596558,1.6840418577194214,1.5975362062454224,1.241653561592102,0.9354395866394043,0.6059355139732361,0.3806587755680084,0.0,0.3769465386867523,0.6608639359474182,0.8462228775024414,0.8846981525421143,0.8214207887649536,1.0273823738098145,0.9792374968528748,1.3263347148895264,1.736456036567688,1.7088316679000854,1.4306589365005493,1.087172269821167,0.8659894466400146,0.7283996939659119,0.6188982129096985,0.7939371466636658,0.8148333430290222,1.0801390409469604,1.091306447982788,1.1514097452163696,1.265584111213684,1.2734193801879883,1.5637630224227905,2.0087335109710693,1.9852849245071411,1.787003755569458,1.4792100191116333,1.3715382814407349,1.3093191385269165,1.247685432434082,1.4019378423690796,1.2935680150985718,1.4940264225006104,1.4555978775024414,1.5979242324829102,1.6658742427825928,1.7053253650665283,1.9832253456115723,2.5073740482330322,2.459317922592163,2.3124682903289795,2.0278642177581787,2.0029664039611816,1.9994378089904785,1.957586646080017,2.1248090267181396,1.9544687271118164,2.07234263420105,2.050466299057007,2.2653214931488037,2.2840981483459473,2.4039509296417236,2.690885543823242
B8,2.4049994945526123,2.1646740436553955,1.807702660560608,1.5872470140457153,1.3562073707580566,1.1947383880615234,1.1374396085739136,1.0048869848251343,1.1973603963851929,1.0537323951721191,1.1611335277557373,1.0357948541641235,1.3528903722763062,1.322836995124817,1.6782612800598145,2.03947114944458,1.925533413887024,1.5649796724319458,1.2403074502944946,0.9525385499000549,0.6447194218635559,0.3769465386867523,0.0,0.4042447507381439,0.6463465690612793,0.8407918214797974,0.893122136592865,1.1997740268707275,1.2382065057754517,1.6062400341033936,2.054915189743042,2.005143880844116,1.6956113576889038,1.3282392024993896,1.0967037677764893,0.8431897163391113,0.6598833203315735,0.6299306154251099,0.5383276343345642,0.8706541657447815,1.0006892681121826,1.1528804302215576,1.364667296409607,1.4412721395492554,1.771983027458191,2.2682254314422607,2.227372407913208,1.9833002090454102,1.6371641159057617,1.4985185861587524,1.3420006036758423,1.230296015739441,1.2798793315887451,1.0919890403747559,1.3108818531036377,1.353240966796875,1.5627562999725342,1.7059653997421265,1.7966904640197754,2.116762399673462,2.682365655899048,2.6351850032806396,2.441746950149536,2.119384288787842,2.072833776473999,1.999049425125122,1.9276844263076782,2.030055522918701,1.8047945499420166,1.9233959913253784,1.9578801393508911,2.2140986919403076,2.289358139038086,2.438065767288208,2.758941411972046
B9,2.6609058380126953,2.3824350833892822,2.042715549468994,1.7868807315826416,1.5031317472457886,1.2890275716781616,1.1146072149276733,0.8807455897331238,0.949892520904541,0.7358349561691284,0.9037798643112183,0.903216540813446,1.2720407247543335,1.3531765937805176,1.722374439239502,2.3334805965423584,2.2452433109283447,1.8974319696426392,1.5680965185165405,1.2617466449737549,0.9866118431091309,0.6608639359474182,0.4042447507381439,0.0,0.38761064410209656,0.6654683947563171,0.888349175453186,1.207180142402649,1.3582525253295898,1.7171682119369507,2.3807573318481445,2.3625898361206055,2.0658249855041504,1.710453987121582,1.45855712890625,1.2296397686004639,0.9846394658088684,0.894955039024353,0.6094261407852173,0.8352533578872681,0.9596002697944641,1.221827745437622,1.4297597408294678,1.5984127521514893,1.9143801927566528,2.6006031036376953,2.5918877124786377,2.35149884223938,2.0142900943756104,1.8405210971832275,1.6816319227218628,1.5051194429397583,1.5059350728988647,1.228764533996582,1.357671856880188,1.3893873691558838,1.666509747505188,1.8020204305648804,1.9654523134231567,2.27870774269104,3.0075008869171143,2.9893572330474854,2.7917141914367676,2.468905448913574,2.3835396766662598,2.2948689460754395,2.170107126235962,2.230733633041382,1.9568698406219482,2.009572744369507,2.0356593132019043,2.3338000774383545,2.4073684215545654,2.608710765838623,2.9223453998565674
B10,2.8864388465881348,2.6225171089172363,2.2695722579956055,2.0542237758636475,1.7432706356048584,1.5805333852767944,1.3644176721572876,1.1609314680099487,1.1333743333816528,0.8064389824867249,0.8532378077507019,0.8351792693138123,1.2002995014190674,1.3478187322616577,1.6931357383728027,2.4592020511627197,2.42368745803833,2.0639820098876953,1.780182957649231,1.4301413297653198,1.2152560949325562,0.8462228775024414,0.6463465690612793,0.38761064410209656,0.0,0.3753066658973694,0.6654341220855713,1.012962818145752,1.244620680809021,1.592329740524292,2.4374029636383057,2.4714553356170654,2.163827419281006,1.8405025005340576,1.5279428958892822,1.3262907266616821,0.9979230761528015,0.8913121223449707,0.5412665605545044,0.5673710107803345,0.6323522329330444,0.9540834426879883,1.1726343631744385,1.413485050201416,1.7253109216690063,2.593029022216797,2.6328442096710205,2.378574848175049,2.058586597442627,1.8199946880340576,1.6693567037582397,1.4172295331954956,1.402209997177124,1.0890371799468994,1.1113529205322266,1.0935349464416504,1.4000967741012573,1.5255876779556274,1.7444089651107788,2.0527987480163574,2.9404501914978027,2.9698326587677,2.761347770690918,2.4448678493499756,2.301278591156006,2.209946632385254,2.0264899730682373,2.0668833255767822,1.7772881984710693,1.7636462450027466,1.7543936967849731,2.069474697113037,2.1309993267059326,2.3699865341186523,2.6730949878692627
B11,2.8073503971099854,2.5519635677337646,2.1985628604888916,2.0268919467926025,1.6879690885543823,1.5928590297698975,1.3486301898956299,1.2253587245941162,1.1639047861099243,0.8186855316162109,0.6923456192016602,0.5785082578659058,0.8996652364730835,1.0826903581619263,1.3975986242294312,2.3212826251983643,2.344552755355835,1.996477484703064,1.7607356309890747,1.3826161623001099,1.2616043090820312,0.8846981525421143,0.8407918214797974,0.6654683947563171,0.3753066658973694,0.0,0.38260790705680847,0.6719573736190796,0.9625612497329712,1.2795554399490356,2.291238307952881,2.3807260990142822,2.0979981422424316,1.8199405670166016,1.4836782217025757,1.3683265447616577,1.0301860570907593,1.0393630266189575,0.7799062728881836,0.6988812685012817,0.5353924036026001,0.7973017692565918,0.9073769450187683,1.1756963729858398,1.4434040784835815,2.4485373497009277,2.5383434295654297,2.3130927085876465,2.0353047847747803,1.7768903970718384,1.6976152658462524,1.4347208738327026,1.493428111076355,1.2324658632278442,1.1893800497055054,1.0476878881454468,1.3052525520324707,1.338702917098999,1.5643677711486816,1.8283381462097168,2.8219196796417236,2.884600877761841,2.7067148685455322,2.424077272415161,2.2586960792541504,2.2207655906677246,2.023080348968506,2.1056969165802,1.854211449623108,1.8005566596984863,1.7109215259552002,1.9992833137512207,1.9945564270019531,2.240049362182617,2.502922773361206
B12,2.632584810256958,2.417973041534424,2.0514447689056396,1.9434608221054077,1.6259844303131104,1.612046241760254,1.427910566329956,1.395751714706421,1.4055404663085938,1.1129440069198608,0.9262768626213074,0.6521225571632385,0.8580257296562195,0.9389063119888306,1.2132866382598877,2.0515897274017334,2.1090261936187744,1.7592676877975464,1.5820297002792358,1.1951894760131836,1.1540257930755615,0.8214207887649536,0.893122136592865,0.888349175453186,0.6654341220855713,0.38260790705680847,0.0,0.3835529386997223,0.6191202402114868,0.9504708051681519,1.9607800245285034,2.080249309539795,1.8015047311782837,1.5650348663330078,1.206978440284729,1.1597627401351929,0.830769419670105,0.9508067965507507,0.8379994034767151,0.7565078139305115,0.4872184693813324,0.5448393225669861,0.577438473701477,0.7999380826950073,1.0745515823364258,2.086827039718628,2.200814723968506,1.9857597351074219,1.738468885421753,1.4673484563827515,1.4449162483215332,1.1956909894943237,1.3357946872711182,1.167259693145752,1.1367303133010864,0.9230496883392334,1.0825899839401245,1.0577280521392822,1.2321467399597168,1.4821158647537231,2.461883544921875,2.5376877784729004,2.3776538372039795,2.119230031967163,1.9499891996383667,1.957423448562622,1.7752314805984497,1.9131227731704712,1.7210148572921753,1.6861108541488647,1.5500562191009521,1.7873176336288452,1.7408850193023682,1.951683759689331,2.1984989643096924
B13,2.5380046367645264,2.3370988368988037,1.9865037202835083,1.9313892126083374,1.6049884557724,1.664893388748169,1.4752380847930908,1.5237538814544678,1.5174431800842285,1.2616850137710571,0.9816450476646423,0.6454766392707825,0.6611296534538269,0.7249600291252136,0.9131829142570496,1.9184774160385132,2.043274164199829,1.7291040420532227,1.6161553859710693,1.2391756772994995,1.3063225746154785,1.0273823738098145,1.1997740268707275,1.207180142402649,1.012962818145752,0.6719573736190796,0.3835529386997223,0.0,0.3841475248336792,0.622403085231781,1.8404524326324463,2.0210390090942383,1.793548583984375,1.6236040592193604,1.2839741706848145,1.3437278270721436,1.0751981735229492,1.27706778049469,1.2147377729415894,1.123436689376831,0.8053138852119446,0.7404749989509583,0.5404663681983948,0.7062763571739197,0.8573887348175049,1.989272117614746,2.1559958457946777,1.994886040687561,1.8111902475357056,1.5539286136627197,1.6199935674667358,1.4045488834381104,1.6078835725784302,1.4967432022094727,1.4405931234359741,1.1631214618682861,1.2340046167373657,1.0860787630081177,1.2195101976394653,1.3781002759933472,2.4156150817871094,2.5185587406158447,2.408179759979248,2.200610399246216,2.0305685997009277,2.104207754135132,1.9329766035079956,2.1155476570129395,1.9732764959335327,1.917595386505127,1.7184003591537476,1.9043538570404053,1.7806473970413208,1.973920226097107,2.1590256690979004
