,A1,A2,A3,A4,A5,A6,A7,A8,A9,A10,A11,A12,A13,A14,A15,B1,B2,B3,B4,B5,B6,B7,B8,B9,B10,B11,B12,B13,B14,B15,C1,C2,C3,C4,C5,C6,C7,C8,C9,C10,C11,C12,C13,C14,C15,D1,D2,D3,D4,D5,D6,D7,D8,D9,D10,D11,D12,D13,D14,D15,E1,E2,E3,E4,E5,E6,E7,E8,E9,E10,E11,E12,E13,E14,E15
A1,0.0,0.3897099196910858,0.5606384873390198,0.8853110074996948,1.192251205444336,1.5129588842391968,1.851968765258789,2.2125954627990723,2.510331869125366,2.758981227874756,2.908167839050293,2.8454055786132812,2.7162585258483887,2.356644630432129,2.296886682510376,0.8145251870155334,0.916498601436615,0.9960244297981262,1.1009212732315063,1.486114740371704,1.6535260677337646,2.0191361904144287,2.288154363632202,2.6305553913116455,2.91194748878479,3.1203532218933105,2.9649579524993896,2.935887098312378,2.585573196411133,2.583796501159668,1.5785093307495117,1.7479809522628784,1.6894739866256714,1.8708953857421875,1.921077013015747,2.1358587741851807,2.393906593322754,2.58151912689209,2.9052674770355225,3.1117303371429443,3.3590826988220215,3.156808376312256,3.1987743377685547,2.888274908065796,2.9143073558807373,2.1752233505249023,2.3889102935791016,2.305734395980835,2.571016788482666,2.489455223083496,2.8333654403686523,2.8398869037628174,3.193664312362671,3.2933590412139893,3.5590403079986572,3.73931884765625,3.495171308517456,3.605785369873047,3.33268666267395,3.4377856254577637,2.964534044265747,3.1588945388793945,2.9752063751220703,3.202566623687744,3.123020887374878,3.4487245082855225,3.4826862812042236,3.8270199298858643,3.9007768630981445,4.039906024932861,4.19774866104126,4.22649621963501,4.562718868255615,4.625792980194092,4.884605407714844
A2,0.3897099196910858,0.0,0.39306506514549255,0.6271897554397583,0.9741368889808655,1.279154658317566,1.6262502670288086,1.9798955917358398,2.2541468143463135,2.5282700061798096,2.6842198371887207,2.6654458045959473,2.5679526329040527,2.2303683757781982,2.227959156036377,0.9468715190887451,0.9435721039772034,0.8852439522743225,0.9043247103691101,1.2595021724700928,1.4245244264602661,1.758817434310913,2.0365726947784424,2.3549914360046387,2.6608119010925293,2.883356809616089,2.7656619548797607,2.7678935527801514,2.4304144382476807,2.4812753200531006,1.6021486520767212,1.7103667259216309,1.5748933553695679,1.6932399272918701,1.7164835929870605,1.8770403861999512,2.1303510665893555,2.2887723445892334,2.618298292160034,2.8437469005584717,3.1117804050445557,2.9404714107513428,3.014791965484619,2.7198944091796875,2.7931268215179443,2.147203207015991,2.338589906692505,2.199690818786621,2.4300806522369385,2.298604965209961,2.6258435249328613,2.5985634326934814,2.9369161128997803,3.0218076705932617,3.2909653186798096,3.4948439598083496,3.2764089107513428,3.416421890258789,3.1618616580963135,3.3061094284057617,2.9144744873046875,3.0913944244384766,2.8684301376342773,3.0626823902130127,2.942488670349121,3.2563652992248535,3.259645938873291,3.5914790630340576,3.6624255180358887,3.7779459953308105,3.9386234283447266,3.9848029613494873,4.333543300628662,4.421854496002197,4.693840980529785
A3,0.5606384873390198,0.39306506514549255,0.0,0.39789965748786926,0.6518422365188599,1.005552053451538,1.3190281391143799,1.6869635581970215,1.9643878936767578,2.2094202041625977,2.3533523082733154,2.3067870140075684,2.1974937915802,1.8514399528503418,1.8430026769638062,0.7668825387954712,0.8421798944473267,0.7183948755264282,0.6396598815917969,0.9930989742279053,1.1089143753051758,1.4730807542800903,1.7297544479370117,2.074216604232788,2.355988025665283,2.5758485794067383,2.432882070541382,2.433908700942993,2.101242780685425,2.1496777534484863,1.5106083154678345,1.6693732738494873,1.5194600820541382,1.5936938524246216,1.5436885356903076,1.722169041633606,1.9299895763397217,2.0859320163726807,2.391866683959961,2.581096887588501,2.840892791748047,2.646069288253784,2.7199113368988037,2.435913324356079,2.504985809326172,2.063699960708618,2.3034934997558594,2.1518099308013916,2.344026565551758,2.1924407482147217,2.5007197856903076,2.447868585586548,2.777620792388916,2.8363513946533203,3.078937530517578,3.2567007541656494,3.0201621055603027,3.1610171794891357,2.9180896282196045,3.0597853660583496,2.8379909992218018,3.0531108379364014,2.8268885612487793,2.9970059394836426,2.861518383026123,3.152967929840088,3.1345977783203125,3.4578664302825928,3.492473840713501,3.602581262588501,3.734896183013916,3.7496964931488037,4.088542938232422,4.171196937561035,4.42427396774292
A4,0.8853110074996948,0.6271897554397583,0.39789965748786926,0.0,0.3804166615009308,0.6523129343986511,1.0055311918258667,1.35531747341156,1.6461691856384277,1.9253108501434326,2.1124930381774902,2.1110081672668457,2.064338207244873,1.744873285293579,1.8136399984359741,1.1282687187194824,1.1897858381271362,0.9794365167617798,0.7499564290046692,0.9872077703475952,0.9880737066268921,1.3093273639678955,1.5147444009780884,1.847048282623291,2.145634651184082,2.4067256450653076,2.2995550632476807,2.3616201877593994,2.0669806003570557,2.180769205093384,1.821152687072754,1.9496476650238037,1.744905948638916,1.73944890499115,1.6203927993774414,1.7223014831542969,1.875810146331787,1.9637892246246338,2.2475430965423584,2.4246742725372314,2.7163665294647217,2.5500853061676025,2.6771955490112305,2.434708833694458,2.556779623031616,2.3274154663085938,2.558872938156128,2.363546133041382,2.5064773559570312,2.297618865966797,2.568821907043457,2.45668363571167,2.7510087490081787,2.763385057449341,2.9841103553771973,3.1750504970550537,2.964507818222046,3.148143768310547,2.9440178871154785,3.1273491382598877,3.0723795890808105,3.2819364070892334,3.0255062580108643,3.1548819541931152,2.97403621673584,3.2380545139312744,3.171679973602295,3.4694011211395264,3.4768059253692627,3.545778512954712,3.657925844192505,3.671532154083252,4.01800537109375,4.13239860534668,4.383047103881836
A5,1.192251205444336,0.9741368889808655,0.6518422365188599,0.3804166615009308,0.0,0.39237985014915466,0.6672584414482117,1.036545753479004,1.3202853202819824,1.5713446140289307,1.7490555047988892,1.7336182594299316,1.6934312582015991,1.3805859088897705,1.4802980422973633,1.213343620300293,1.2954214811325073,1.0399603843688965,0.7190197706222534,0.8312851786613464,0.7052663564682007,1.0241469144821167,1.1815519332885742,1.535483479499817,1.8098876476287842,2.075392723083496,1.9553468227386475,2.034578561782837,1.7624982595443726,1.8987805843353271,1.8607710599899292,2.0061728954315186,1.7845017910003662,1.7200078964233398,1.523082971572876,1.6109728813171387,1.6953153610229492,1.7587902545928955,2.0047996044158936,2.1394288539886475,2.427018404006958,2.2482945919036865,2.389129400253296,2.1740517616271973,2.309260129928589,2.330226421356201,2.5879709720611572,2.3753466606140137,2.4678597450256348,2.2328124046325684,2.4682528972625732,2.320523738861084,2.5904994010925293,2.567004680633545,2.7538585662841797,2.9210779666900635,2.7031962871551514,2.8971190452575684,2.7177443504333496,2.909367084503174,3.0492937564849854,3.2832720279693604,3.020273447036743,3.1155478954315186,2.913419723510742,3.1456055641174316,3.049370288848877,3.328474521636963,3.2967119216918945,3.350659132003784,3.431349039077759,3.41623592376709,3.753063917160034,3.8693084716796875,4.102003574371338
A6,1.5129588842391968,1.279154658317566,1.005552053451538,0.6523129343986511,0.39237985014915466,0.0,0.39337319135665894,0.7118947505950928,1.0393155813217163,1.329460859298706,1.5745995044708252,1.6099441051483154,1.6559052467346191,1.3935015201568604,1.5718613862991333,1.5985534191131592,1.6866763830184937,1.4191709756851196,1.077195167541504,1.096992015838623,0.8629556894302368,1.066962718963623,1.1071968078613281,1.4295378923416138,1.7015188932418823,2.0129759311676025,1.9317082166671753,2.0800344944000244,1.8671151399612427,2.0572822093963623,2.2371554374694824,2.36830735206604,2.1244988441467285,2.016603469848633,1.7801138162612915,1.8021827936172485,1.8228025436401367,1.8084781169891357,2.0078771114349365,2.109781503677368,2.422269821166992,2.2746081352233887,2.467437505722046,2.3060288429260254,2.482250928878784,2.6784913539886475,2.9292917251586914,2.694470167160034,2.7518954277038574,2.4814586639404297,2.678833246231079,2.482755422592163,2.709296941757202,2.6360878944396973,2.788642406463623,2.959127426147461,2.7695834636688232,3.000898599624634,2.865654468536377,3.0877554416656494,3.3703432083129883,3.6000733375549316,3.3204729557037354,3.3847429752349854,3.1514194011688232,3.355376720428467,3.2184252738952637,3.4678993225097656,3.406229257583618,3.4180846214294434,3.471226215362549,3.4479894638061523,3.784503698348999,3.9295599460601807,4.151411533355713
A7,1.851968765258789,1.6262502670288086,1.3190281391143799,1.0055311918258667,0.6672584414482117,0.39337319135665894,0.0,0.3750859498977661,0.6818495988845825,0.9413926005363464,1.188981294631958,1.2333292961120605,1.321558952331543,1.1093385219573975,1.3549920320510864,1.8045179843902588,1.8866819143295288,1.598090410232544,1.2328400611877441,1.1346412897109985,0.8010194897651672,0.8957788944244385,0.8123646378517151,1.128131628036499,1.36083984375,1.683674693107605,1.606737494468689,1.7936612367630005,1.6336944103240967,1.8613535165786743,2.360487937927246,2.490607500076294,2.234842538833618,2.0748510360717773,1.7804409265518188,1.7712363004684448,1.7102986574172974,1.6520544290542603,1.7895829677581787,1.8343232870101929,2.1410751342773438,1.9949463605880737,2.2128491401672363,2.0993552207946777,2.298114538192749,2.7468278408050537,3.0079472064971924,2.7578814029693604,2.762949228286743,2.4700405597686768,2.6204779148101807,2.387709379196167,2.5743377208709717,2.4580743312835693,2.566215753555298,2.711331367492676,2.5265021324157715,2.7733070850372314,2.6761505603790283,2.911200523376465,3.392049789428711,3.6354358196258545,3.350083589553833,3.3761250972747803,3.1216063499450684,3.2868235111236572,3.1168415546417236,3.338068962097168,3.2351949214935303,3.224027395248413,3.2411537170410156,3.1898715496063232,3.513772964477539,3.666062116622925,3.8683948516845703
A8,2.2125954627990723,1.9798955917358398,1.6869635581970215,1.35531747341156,1.036545753479004,0.7118947505950928,0.3750859498977661,0.0,0.3967374265193939,0.6777455806732178,1.0044541358947754,1.116806983947754,1.3098604679107666,1.19338059425354,1.498113751411438,2.1746928691864014,2.255631446838379,1.959761619567871,1.589845061302185,1.4472417831420898,1.090835452079773,1.0691039562225342,0.8541834354400635,1.0741609334945679,1.2610411643981934,1.6130151748657227,1.5822250843048096,1.8337143659591675,1.7499593496322632,2.016367197036743,2.7055470943450928,2.824885129928589,2.5567305088043213,2.3647537231445312,2.0454046726226807,1.9890960454940796,1.8684736490249634,1.7433481216430664,1.8130115270614624,1.8057297468185425,2.1180005073547363,2.007131814956665,2.267763137817383,2.216237783432007,2.44531512260437,3.0594520568847656,3.315061330795288,3.0501561164855957,3.02069354057312,2.7051734924316406,2.81462025642395,2.5447375774383545,2.6823089122772217,2.5183217525482178,2.5810022354125977,2.716493844985962,2.5625522136688232,2.8375449180603027,2.7888686656951904,3.0453829765319824,3.6690866947174072,3.910167932510376,3.6148054599761963,3.609802722930908,3.331895351409912,3.464197874069214,3.2585580348968506,3.4453773498535156,3.309307336807251,3.258049249649048,3.2410800457000732,3.1751904487609863,3.489060163497925,3.665396213531494,3.8501322269439697
A9,2.510331869125366,2.2541468143463135,1.9643878936767578,1.6461691856384277,1.3202853202819824,1.0393155813217163,0.6818495988845825,0.3967374265193939,0.0,0.37698113918304443,0.699593186378479,0.9239576458930969,1.1862353086471558,1.1802669763565063,1.5377379655838013,2.410374641418457,2.449188470840454,2.1299681663513184,1.7568608522415161,1.5329946279525757,1.1719304323196411,1.0119013786315918,0.7003808617591858,0.7868518829345703,0.9397438764572144,1.3057639598846436,1.3408825397491455,1.644374132156372,1.6290063858032227,1.9448039531707764,2.825849771499634,2.9129669666290283,2.624804735183716,2.3830032348632812,2.0347506999969482,1.9225355386734009,1.7349042892456055,1.549271821975708,1.5507742166519165,1.503125786781311,1.8178327083587646,1.750065565109253,2.049381971359253,2.053788423538208,2.3232977390289307,3.1068758964538574,3.3457558155059814,3.059006929397583,2.97853946685791,2.6384100914001465,2.695404052734375,2.389803171157837,2.475048065185547,2.2701261043548584,2.294029474258423,2.4241559505462646,2.303098201751709,2.6037349700927734,2.5997536182403564,2.883368492126465,3.651090383529663,3.8830792903900146,3.575192451477051,3.527972936630249,3.224407434463501,3.3167049884796143,3.0757577419281006,3.226836681365967,3.062070846557617,2.9781479835510254,2.936274290084839,2.8649165630340576,3.1739072799682617,3.3713479042053223,3.552002191543579
A10,2.758981227874756,2.5282700061798096,2.2094202041625977,1.9253108501434326,1.5713446140289307,1.329460859298706,0.9413926005363464,0.6777455806732178,0.37698113918304443,0.0,0.38212794065475464,0.616083025932312,0.9468083381652832,1.0434683561325073,1.4164602756500244,2.5660598278045654,2.617685317993164,2.3093953132629395,1.9485793113708496,1.6939232349395752,1.324631929397583,1.1331067085266113,0.7577253580093384,0.7830354571342468,0.7745580673217773,1.1080092191696167,1.1228623390197754,1.4503082036972046,1.508100152015686,1.8227611780166626,2.936751365661621,3.038433790206909,2.764491319656372,2.5098330974578857,2.1398978233337402,2.038689613342285,1.801445722579956,1.6143436431884766,1.5436171293258667,1.4066812992095947,1.6733267307281494,1.5888197422027588,1.8873738050460815,1.9441378116607666,2.2049403190612793,3.183452844619751,3.436711549758911,3.1577486991882324,3.0470573902130127,2.714393377304077,2.7380542755126953,2.42588472366333,2.480292320251465,2.249065399169922,2.2199013233184814,2.297537088394165,2.1682655811309814,2.4610366821289062,2.491553783416748,2.763105869293213,3.68806529045105,3.937695264816284,3.641486883163452,3.5732226371765137,3.271575927734375,3.3322885036468506,3.079343557357788,3.2071754932403564,3.0039639472961426,2.9125616550445557,2.829174518585205,2.7136082649230957,2.9940855503082275,3.181696891784668,3.3291146755218506
A11,2.908167839050293,2.6842198371887207,2.3533523082733154,2.1124930381774902,1.7490555047988892,1.5745995044708252,1.188981294631958,1.0044541358947754,0.699593186378479,0.38212794065475464,0.0,0.3792685270309448,0.7150329947471619,0.9285334348678589,1.3003112077713013,2.6175169944763184,2.6454672813415527,2.339564085006714,2.000032901763916,1.6987618207931519,1.354377031326294,1.107376217842102,0.7279171943664551,0.6642893552780151,0.49000242352485657,0.7644705176353455,0.775658905506134,1.1248137950897217,1.250898003578186,1.5791429281234741,2.87821102142334,2.9693398475646973,2.702031373977661,2.4244394302368164,2.0401954650878906,1.9348193407058716,1.6514018774032593,1.4672454595565796,1.3357131481170654,1.13091242313385,1.3503390550613403,1.2537602186203003,1.5528037548065186,1.6538360118865967,1.9205325841903687,3.06058669090271,3.3110668659210205,3.0333058834075928,2.885040760040283,2.557321071624756,2.542462110519409,2.2261133193969727,2.2509536743164062,2.0046708583831787,1.9387335777282715,1.976611614227295,1.8394562005996704,2.1258385181427,2.182873010635376,2.452096700668335,3.504194736480713,3.7588818073272705,3.4699182510375977,3.37542986869812,3.073298454284668,3.1025819778442383,2.840125560760498,2.9482662677764893,2.7190258502960205,2.6289937496185303,2.5219993591308594,2.3788371086120605,2.6439170837402344,2.8209259510040283,2.9566051959991455
A12,2.8454055786132812,2.6654458045959473,2.3067870140075684,2.1110081672668457,1.7336182594299316,1.6099441051483154,1.2333292961120605,1.116806983947754,0.9239576458930969,0.616083025932312,0.3792685270309448,0.0,0.3831886947154999,0.6444072723388672,0.9879739284515381,2.4777467250823975,2.5400314331054688,2.2656967639923096,1.950635313987732,1.671504020690918,1.3341174125671387,1.162502646446228,0.8306851387023926,0.894231379032135,0.7039768695831299,0.863712728023529,0.7032120823860168,0.9718567728996277,1.0875463485717773,1.3553974628448486,2.749347686767578,2.880019187927246,2.647099494934082,2.3985397815704346,2.0186452865600586,1.9803383350372314,1.7165685892105103,1.6056857109069824,1.499206304550171,1.2837464809417725,1.439831018447876,1.2522660493850708,1.47834050655365,1.5557664632797241,1.759894847869873,2.947349786758423,3.2274138927459717,2.979369640350342,2.845640182495117,2.553110361099243,2.55741024017334,2.277677297592163,2.3348782062530518,2.1200199127197266,2.0587000846862793,2.0503523349761963,1.8538274765014648,2.088308334350586,2.11841082572937,2.338256359100342,3.403461217880249,3.686156988143921,3.4234964847564697,3.34892201423645,3.077951431274414,3.1175484657287598,2.8862669467926025,3.014833927154541,2.7850711345672607,2.7366135120391846,2.626978635787964,2.450446128845215,2.6922144889831543,2.822702407836914,2.9339325428009033
A13,2.7162585258483887,2.5679526329040527,2.1974937915802,2.064338207244873,1.6934312582015991,1.6559052467346191,1.321558952331543,1.3098604679107666,1.1862353086471558,0.9468083381652832,0.7150329947471619,0.3831886947154999,0.0,0.3801902234554291,0.6599693298339844,2.255814552307129,2.319359540939331,2.0721688270568848,1.796199083328247,1.5233314037322998,1.2313042879104614,1.114403247833252,0.8830722570419312,1.0201609134674072,0.8545926213264465,0.9101760387420654,0.6107165217399597,0.731113076210022,0.7935503125190735,1.002983570098877,2.4706850051879883,2.620150566101074,2.416975498199463,2.1887025833129883,1.8196314573287964,1.8393728733062744,1.5986839532852173,1.566782832145691,1.4960063695907593,1.3024771213531494,1.406437873840332,1.137489676475525,1.2769218683242798,1.3030575513839722,1.4498162269592285,2.655578851699829,2.9520184993743896,2.7284910678863525,2.6023221015930176,2.3442814350128174,2.3639755249023438,2.1250741481781006,2.217559576034546,2.0465850830078125,2.009566068649292,1.9750810861587524,1.7212308645248413,1.901647925376892,1.887474775314331,2.0644185543060303,3.106823444366455,3.4077913761138916,3.167436361312866,3.108859062194824,2.867473840713501,2.9189112186431885,2.7223522663116455,2.8760788440704346,2.660435199737549,2.6616275310516357,2.570307493209839,2.383887767791748,2.6179776191711426,2.7029402256011963,2.815197229385376
A14,2.356644630432129,2.2303683757781982,1.8514399528503418,1.744873285293579,1.3805859088897705,1.3935015201568604,1.1093385219573975,1.19338059425354,1.1802669763565063,1.0434683561325073,0.9285334348678589,0.6444072723388672,0.3801902234554291,0.0,0.3800771236419678,1.8934614658355713,1.9826552867889404,1.7510071992874146,1.4820880889892578,1.257777452468872,0.9724704027175903,0.9728112816810608,0.8328540921211243,1.100204348564148,1.058321475982666,1.168503761291504,0.8739216923713684,0.9147288799285889,0.8037554621696472,0.9486165642738342,2.184509038925171,2.3631033897399902,2.174318790435791,1.9875736236572266,1.6396154165267944,1.7161905765533447,1.5460301637649536,1.5734854936599731,1.5921705961227417,1.481476068496704,1.6230226755142212,1.336461067199707,1.437462329864502,1.3602789640426636,1.4659041166305542,2.438589334487915,2.7528274059295654,2.545531749725342,2.470862865447998,2.232780694961548,2.3128833770751953,2.1099090576171875,2.266267776489258,2.144848108291626,2.1703062057495117,2.1719167232513428,1.8948737382888794,2.053943395614624,1.9716944694519043,2.126734733581543,2.9648430347442627,3.2731122970581055,3.040015697479248,3.0261826515197754,2.807847261428833,2.9080893993377686,2.749886989593506,2.948206901550293,2.776484727859497,2.8130083084106445,2.7660608291625977,2.610557794570923,2.865361452102661,2.936136484146118,3.072798013687134
A15,2.296886682510376,2.227959156036377,1.8430026769638062,1.8136399984359741,1.4802980422973633,1.5718613862991333,1.3549920320510864,1.498113751411438,1.5377379655838013,1.4164602756500244,1.3003112077713013,0.9879739284515381,0.6599693298339844,0.3800771236419678,0.0,1.7381681203842163,1.8592993021011353,1.6862064599990845,1.4832208156585693,1.317385196685791,1.1130911111831665,1.2043315172195435,1.156875729560852,1.4393596649169922,1.3992804288864136,1.4522579908370972,1.1166497468948364,1.0305192470550537,0.8534801602363586,0.830625057220459,2.0128695964813232,2.2348039150238037,2.0990312099456787,1.9633688926696777,1.6539981365203857,1.8075345754623413,1.6863431930541992,1.7860225439071655,1.8343125581741333,1.7409530878067017,1.8351306915283203,1.508469820022583,1.5171512365341187,1.384722113609314,1.388410210609436,2.2822747230529785,2.6227409839630127,2.4594032764434814,2.413135290145874,2.230156183242798,2.3380472660064697,2.192143440246582,2.3832314014434814,2.3077099323272705,2.3508031368255615,2.3262593746185303,2.0113465785980225,2.1059517860412598,1.9784947633743286,2.066293239593506,2.820187568664551,3.1521127223968506,2.9545156955718994,2.971421718597412,2.797762155532837,2.9160797595977783,2.80350399017334,3.0250537395477295,2.8713583946228027,2.9526898860931396,2.9188523292541504,2.7530364990234375,2.9884707927703857,3.013594388961792,3.1381423473358154
B1,0.8145251870155334,0.9468715190887451,0.7668825387954712,1.1282687187194824,1.213343620300293,1.5985534191131592,1.8045179843902588,2.1746928691864014,2.410374641418457,2.5660598278045654,2.6175169944763184,2.4777467250823975,2.255814552307129,1.8934614658355713,1.7381681203842163,0.0,0.3870903253555298,0.5931202173233032,0.8149796724319458,1.1501694917678833,1.3612562417984009,1.7351064682006836,2.0194973945617676,2.3710520267486572,2.585007667541504,2.715759754180908,2.497481346130371,2.3828797340393066,2.0112290382385254,1.9202200174331665,0.9536274671554565,1.2434840202331543,1.248064637184143,1.443131923675537,1.4722703695297241,1.7850229740142822,2.0182085037231445,2.2739920616149902,2.570563793182373,2.7358477115631104,2.914949655532837,2.6582419872283936,2.624751329421997,2.2895290851593018,2.240166664123535,1.5764062404632568,1.8740298748016357,1.8247382640838623,2.0666356086730957,2.032299041748047,2.368037700653076,2.411818504333496,2.776639938354492,2.8938982486724854,3.138810634613037,3.259002208709717,2.967695713043213,3.018462657928467,2.721935987472534,2.767763137817383,2.374537944793701,2.6345744132995605,2.4832160472869873,2.7054283618927,2.657195568084717,2.9650728702545166,3.022271156311035,3.3719236850738525,3.422450304031372,3.602172613143921,3.7411749362945557,3.7285497188568115,4.0328874588012695,4.046370506286621,4.280452251434326
B2,0.916498601436615,0.9435721039772034,0.8421798944473267,1.1897858381271362,1.2954214811325073,1.6866763830184937,1.8866819143295288,2.255631446838379,2.449188470840454,2.617685317993164,2.6454672813415527,2.5400314331054688,2.319359540939331,1.9826552867889404,1.8592993021011353,0.3870903253555298,0.0,0.3600262999534607,0.7133823037147522,1.0271128416061401,1.3251854181289673,1.6604697704315186,1.9928678274154663,2.309260368347168,2.5428829193115234,2.654268741607666,2.467392921447754,2.3433659076690674,1.9631487131118774,1.8913217782974243,0.686927855014801,0.9042330980300903,0.8852730393409729,1.1111187934875488,1.2078888416290283,1.522378921508789,1.8027909994125366,2.08207631111145,2.4031429290771484,2.6088879108428955,2.784111499786377,2.5529909133911133,2.5131499767303467,2.161561965942383,2.1293070316314697,1.2875021696090698,1.5496318340301514,1.479581356048584,1.7390570640563965,1.7121930122375488,2.065079689025879,2.1349732875823975,2.512059211730957,2.6611242294311523,2.9341676235198975,3.0768110752105713,2.8026695251464844,2.849677085876465,2.5393853187561035,2.5976765155792236,2.0855085849761963,2.3175225257873535,2.147768974304199,2.375074625015259,2.3274147510528564,2.6509618759155273,2.7235360145568848,3.0820260047912598,3.1638524532318115,3.3544726371765137,3.522212028503418,3.5413191318511963,3.855181932449341,3.8727645874023438,4.131457328796387
B3,0.9960244297981262,0.8852439522743225,0.7183948755264282,0.9794365167617798,1.0399603843688965,1.4191709756851196,1.598090410232544,1.959761619567871,2.1299681663513184,2.3093953132629395,2.339564085006714,2.2656967639923096,2.0721688270568848,1.7510071992874146,1.6862064599990845,0.5931202173233032,0.3600262999534607,0.0,0.3759114444255829,0.6823060512542725,0.99744713306427,1.320170283317566,1.6636587381362915,1.9700806140899658,2.220731258392334,2.3479349613189697,2.187377691268921,2.097170829772949,1.7261829376220703,1.7164256572723389,0.8509316444396973,0.9859552383422852,0.8307774662971497,0.9354931116104126,0.9515188336372375,1.2281267642974854,1.4944732189178467,1.7509158849716187,2.075831413269043,2.2896728515625,2.4877750873565674,2.2761294841766357,2.2742035388946533,1.9398084878921509,1.9640567302703857,1.3553463220596313,1.6059551239013672,1.4547524452209473,1.651397705078125,1.5446962118148804,1.8764708042144775,1.8918867111206055,2.2557010650634766,2.37727952003479,2.6465234756469727,2.8063669204711914,2.5488076210021973,2.6328883171081543,2.3462154865264893,2.4525880813598633,2.1224758625030518,2.3482065200805664,2.1291379928588867,2.306682586669922,2.2005465030670166,2.5039138793945312,2.5296192169189453,2.874384880065918,2.936736583709717,3.098973035812378,3.2582879066467285,3.282336473464966,3.6093857288360596,3.654048204421997,3.920027732849121
B4,1.1009212732315063,0.9043247103691101,0.6396598815917969,0.7499564290046692,0.7190197706222534,1.077195167541504,1.2328400611877441,1.589845061302185,1.7568608522415161,1.9485793113708496,2.000032901763916,1.950635313987732,1.796199083328247,1.4820880889892578,1.4832208156585693,0.8149796724319458,0.7133823037147522,0.3759114444255829,0.0,0.39061442017555237,0.6488860249519348,0.991080105304718,1.3196072578430176,1.6385995149612427,1.9037234783172607,2.0672554969787598,1.9243711233139038,1.8874269723892212,1.5391123294830322,1.59959077835083,1.177524447441101,1.2917983531951904,1.0697815418243408,1.0434556007385254,0.9230349659919739,1.122557520866394,1.3239046335220337,1.524219274520874,1.8347599506378174,2.0327906608581543,2.263673782348633,2.064107656478882,2.11537766456604,1.817716121673584,1.9000062942504883,1.61918044090271,1.8695943355560303,1.6674059629440308,1.7927557229995728,1.6077070236206055,1.8943408727645874,1.8321387767791748,2.1639506816864014,2.2310869693756104,2.4759786128997803,2.6431756019592285,2.399087905883789,2.529282808303833,2.282059907913208,2.434323310852051,2.3457305431365967,2.5747768878936768,2.323847770690918,2.4496171474456787,2.287961959838867,2.556443929672241,2.523350477218628,2.8427600860595703,2.865868091583252,2.9871554374694824,3.1195549964904785,3.132192611694336,3.467777729034424,3.541773796081543,3.801726818084717
B5,1.486114740371704,1.2595021724700928,0.9930989742279053,0.9872077703475952,0.8312851786613464,1.096992015838623,1.1346412897109985,1.4472417831420898,1.5329946279525757,1.6939232349395752,1.6987618207931519,1.671504020690918,1.5233314037322998,1.257777452468872,1.317385196685791,1.1501694917678833,1.0271128416061401,0.6823060512542725,0.39061442017555237,0.0,0.3795810043811798,0.6404087543487549,0.9994400143623352,1.2888455390930176,1.547927737236023,1.6943821907043457,1.5718449354171753,1.5483592748641968,1.216456651687622,1.3392908573150635,1.3210737705230713,1.3864413499832153,1.1117388010025024,0.9507097601890564,0.69819575548172,0.8320385813713074,0.9646026492118835,1.151419758796692,1.4496088027954102,1.6431316137313843,1.8751741647720337,1.6865490674972534,1.759893774986267,1.4833406209945679,1.6169854402542114,1.6349979639053345,1.8762847185134888,1.6254287958145142,1.6628715991973877,1.4155133962631226,1.6475218534469604,1.529127597808838,1.834032654762268,1.8702197074890137,2.0993611812591553,2.2654876708984375,2.029550313949585,2.1832189559936523,1.961958885192871,2.1510701179504395,2.2828543186187744,2.5140016078948975,2.235926628112793,2.30240797996521,2.094785213470459,2.322817087173462,2.2444186210632324,2.5415916442871094,2.5339810848236084,2.635075807571411,2.751124382019043,2.7574594020843506,3.095991849899292,3.184018850326538,3.4451968669891357
B6,1.6535260677337646,1.4245244264602661,1.1089143753051758,0.9880737066268921,0.7052663564682007,0.8629556894302368,0.8010194897651672,1.090835452079773,1.1719304323196411,1.324631929397583,1.354377031326294,1.3341174125671387,1.2313042879104614,0.9724704027175903,1.1130911111831665,1.3612562417984009,1.3251854181289673,0.99744713306427,0.6488860249519348,0.3795810043811798,0.0,0.3942577540874481,0.6746864318847656,1.0169079303741455,1.270473837852478,1.4680782556533813,1.3444392681121826,1.390466332435608,1.1083177328109741,1.2958799600601196,1.6559044122695923,1.7507597208023071,1.4843512773513794,1.298828363418579,0.9911362528800964,1.045135498046875,1.0472007989883423,1.133246660232544,1.3660824298858643,1.4963243007659912,1.7557357549667358,1.5654841661453247,1.6955868005752563,1.4816731214523315,1.653192400932312,1.9703900814056396,2.225853443145752,1.9712061882019043,1.9688372611999512,1.6934945583343506,1.8708041906356812,1.6897047758102417,1.9399409294128418,1.9049686193466187,2.080092191696167,2.229238510131836,2.0004305839538574,2.192884683609009,2.0236377716064453,2.2365550994873047,2.5928139686584473,2.836827039718628,2.5555896759033203,2.589466094970703,2.355746269226074,2.543485403060913,2.417865037918091,2.680098056793213,2.620805501937866,2.6794283390045166,2.7497568130493164,2.723849058151245,3.057039260864258,3.1659955978393555,3.403726577758789
B7,2.0191361904144287,1.758817434310913,1.4730807542800903,1.3093273639678955,1.0241469144821167,1.066962718963623,0.8957788944244385,1.0691039562225342,1.0119013786315918,1.1331067085266113,1.107376217842102,1.162502646446228,1.114403247833252,0.9728112816810608,1.2043315172195435,1.7351064682006836,1.6604697704315186,1.320170283317566,0.991080105304718,0.6404087543487549,0.3942577540874481,0.0,0.38692623376846313,0.6503522396087646,0.9284824132919312,1.1304004192352295,1.0777885913848877,1.1861298084259033,0.9773018956184387,1.2634469270706177,1.9039613008499146,1.9461050033569336,1.648613452911377,1.3830913305282593,1.024430274963379,0.9493241906166077,0.8234631419181824,0.8092103600502014,0.9987372159957886,1.123123288154602,1.409980297088623,1.2658510208129883,1.4574779272079468,1.3056038618087769,1.555588960647583,2.1154844760894775,2.3397433757781982,2.049221992492676,1.972777247428894,1.646834373474121,1.7491602897644043,1.4995787143707275,1.6882394552230835,1.598598837852478,1.7455259561538696,1.90669584274292,1.7126158475875854,1.9509040117263794,1.8333146572113037,2.097667932510376,2.6477012634277344,2.874577045440674,2.5697431564331055,2.5448830127716064,2.2661118507385254,2.4044177532196045,2.2242162227630615,2.44744610786438,2.355116367340088,2.373483657836914,2.4237992763519287,2.400376319885254,2.741081714630127,2.880110740661621,3.1229159832000732
B8,2.288154363632202,2.0365726947784424,1.7297544479370117,1.5147444009780884,1.1815519332885742,1.1071968078613281,0.8123646378517151,0.8541834354400635,0.7003808617591858,0.7577253580093384,0.7279171943664551,0.8306851387023926,0.8830722570419312,0.8328540921211243,1.156875729560852,2.0194973945617676,1.9928678274154663,1.6636587381362915,1.3196072578430176,0.9994400143623352,0.6746864318847656,0.38692623376846313,0.0,0.3905666172504425,0.6316788196563721,0.9127551913261414,0.8837960958480835,1.0994206666946411,1.0028681755065918,1.333853006362915,2.249610424041748,2.3131942749023438,2.0254528522491455,1.7557156085968018,1.3851377964019775,1.2884236574172974,1.082353949546814,0.9670622944831848,1.0230381488800049,1.0299447774887085,1.329539179801941,1.2000757455825806,1.4533605575561523,1.3940141201019287,1.6657696962356567,2.459040641784668,2.6940085887908936,2.406090021133423,2.3027217388153076,1.9703452587127686,2.025754690170288,1.7396230697631836,1.862398624420166,1.7027474641799927,1.7735055685043335,1.9020193815231323,1.72758948802948,1.9977046251296997,1.9445655345916748,2.2209811210632324,2.964611291885376,3.201359748840332,2.899226427078247,2.847688674926758,2.5551087856292725,2.652886152267456,2.4355850219726562,2.616380214691162,2.47182297706604,2.4449915885925293,2.440138101577759,2.378016710281372,2.7020301818847656,2.8613312244415283,3.0726523399353027
B9,2.6305553913116455,2.3549914360046387,2.074216604232788,1.847048282623291,1.535483479499817,1.4295378923416138,1.128131628036499,1.0741609334945679,0.7868518829345703,0.7830354571342468,0.6642893552780151,0.894231379032135,1.0201609134674072,1.100204348564148,1.4393596649169922,2.3710520267486572,2.309260368347168,1.9700806140899658,1.6385995149612427,1.2888455390930176,1.0169079303741455,0.6503522396087646,0.3905666172504425,0.0,0.36978307366371155,0.6743930578231812,0.8045222163200378,1.0922996997833252,1.1041299104690552,1.4800193309783936,2.510166645050049,2.530397653579712,2.2244906425476074,1.910977840423584,1.5357239246368408,1.35429847240448,1.070176601409912,0.8396069407463074,0.7755072116851807,0.7361941933631897,1.071031093597412,1.0380862951278687,1.3603283166885376,1.385433554649353,1.7141181230545044,2.643073081970215,2.844761848449707,2.5340163707733154,2.3772835731506348,2.0170838832855225,2.0038082599639893,1.6695570945739746,1.7120941877365112,1.4913153648376465,1.5137927532196045,1.6549363136291504,1.5428825616836548,1.8593755960464478,1.8703839778900146,2.189103841781616,3.067650556564331,3.281108856201172,2.9631924629211426,2.862370491027832,2.536893129348755,2.585484504699707,2.320312738418579,2.4515902996063232,2.275959014892578,2.1979897022247314,2.1677792072296143,2.112790584564209,2.4408042430877686,2.6376283168792725,2.853398084640503
B10,2.91194748878479,2.6608119010925293,2.355988025665283,2.145634651184082,1.8098876476287842,1.7015188932418823,1.36083984375,1.2610411643981934,0.9397438764572144,0.7745580673217773,0.49000242352485657,0.7039768695831299,0.8545926213264465,1.058321475982666,1.3992804288864136,2.585007667541504,2.5428829193115234,2.220731258392334,1.9037234783172607,1.547927737236023,1.270473837852478,0.9284824132919312,0.6316788196563721,0.36978307366371155,0.0,0.3710291087627411,0.5445271730422974,0.8990805745124817,1.0341675281524658,1.4113104343414307,2.693174123764038,2.7298667430877686,2.4443776607513428,2.126894474029541,1.7413530349731445,1.5815799236297607,1.2547740936279297,1.0375702381134033,0.8568375110626221,0.6444058418273926,0.9003880023956299,0.855143129825592,1.1974120140075684,1.3110631704330444,1.634369969367981,2.7910706996917725,3.005199909210205,2.7069966793060303,2.5187430381774902,2.1736464500427246,2.118014335632324,1.7813950777053833,1.7754005193710327,1.5175909996032715,1.4568544626235962,1.5233412981033325,1.4072329998016357,1.7219210863113403,1.7879610061645508,2.096069812774658,3.166112184524536,3.3958592414855957,3.0932579040527344,2.967639923095703,2.6465814113616943,2.6538233757019043,2.373338460922241,2.469128131866455,2.2430148124694824,2.149291515350342,2.0613887310028076,1.9486029148101807,2.2434897422790527,2.4348158836364746,2.6131837368011475
B11,3.1203532218933105,2.883356809616089,2.5758485794067383,2.4067256450653076,2.075392723083496,2.0129759311676025,1.683674693107605,1.6130151748657227,1.3057639598846436,1.1080092191696167,0.7644705176353455,0.863712728023529,0.9101760387420654,1.168503761291504,1.4522579908370972,2.715759754180908,2.654268741607666,2.3479349613189697,2.0672554969787598,1.6943821907043457,1.4680782556533813,1.1304004192352295,0.9127551913261414,0.6743930578231812,0.3710291087627411,0.0,0.36873701214790344,0.6837209463119507,0.9203133583068848,1.2829025983810425,2.7121922969818115,2.7360684871673584,2.467417001724243,2.137152910232544,1.7567194700241089,1.6022648811340332,1.2426106929779053,1.0568209886550903,0.7994834780693054,0.4738018810749054,0.5923998951911926,0.5363402366638184,0.8895828127861023,1.0829740762710571,1.4115862846374512,2.735175609588623,2.94018816947937,2.6503286361694336,2.4211983680725098,2.0927634239196777,1.9870071411132812,1.6562411785125732,1.6056714057922363,1.3339664936065674,1.2157007455825806,1.2159920930862427,1.0877488851547241,1.3961420059204102,1.5051453113555908,1.8115023374557495,3.0294313430786133,3.260955572128296,2.971322774887085,2.8151419162750244,2.4986562728881836,2.464465618133545,2.175248861312866,2.2427382469177246,1.9830594062805176,1.8938210010528564,1.7748346328735352,1.623929738998413,1.900933027267456,2.077697992324829,2.246687173843384
B12,2.9649579524993896,2.7656619548797607,2.432882070541382,2.2995550632476807,1.9553468227386475,1.9317082166671753,1.606737494468689,1.5822250843048096,1.3408825397491455,1.1228623390197754,0.775658905506134,0.7032120823860168,0.6107165217399597,0.8739216923713684,1.1166497468948364,2.497481346130371,2.467392921447754,2.187377691268921,1.9243711233139038,1.5718449354171753,1.3444392681121826,1.0777885913848877,0.8837960958480835,0.8045222163200378,0.5445271730422974,0.36873701214790344,0.0,0.379554808139801,0.6340415477752686,0.9707210063934326,2.5143048763275146,2.580732822418213,2.3434197902679443,2.045480966567993,1.664801001548767,1.5905083417892456,1.2664378881454468,1.178673267364502,1.0061326026916504,0.7458328604698181,0.7979902029037476,0.554244875907898,0.7896538376808167,0.9279912710189819,1.1936153173446655,2.566556930541992,2.8075058460235596,2.5466835498809814,2.3432579040527344,2.0505192279815674,1.98433256149292,1.7002805471420288,1.7135610580444336,1.4988950490951538,1.4174041748046875,1.375409722328186,1.1535534858703613,1.3883146047592163,1.4402852058410645,1.6900012493133545,2.896334171295166,3.160876512527466,2.8961052894592285,2.7719666957855225,2.491021156311035,2.484287738800049,2.2393364906311035,2.3463995456695557,2.101435422897339,2.0718882083892822,1.9663903713226318,1.7874047756195068,2.0405893325805664,2.1580700874328613,2.304727554321289
B13,2.935887098312378,2.7678935527801514,2.433908700942993,2.3616201877593994,2.034578561782837,2.0800344944000244,1.7936612367630005,1.8337143659591675,1.644374132156372,1.4503082036972046,1.1248137950897217,0.9718567728996277,0.731113076210022,0.9147288799285889,1.0305192470550537,2.3828797340393066,2.3433659076690674,2.097170829772949,1.8874269723892212,1.5483592748641968,1.390466332435608,1.1861298084259033,1.0994206666946411,1.0922996997833252,0.8990805745124817,0.6837209463119507,0.379554808139801,0.0,0.3842030167579651,0.6464971303939819,2.3035123348236084,2.3784005641937256,2.176807403564453,1.8980870246887207,1.5397459268569946,1.527762770652771,1.2353565692901611,1.2504066228866577,1.126009225845337,0.9214324951171875,0.8707228302955627,0.5191192030906677,0.5493838787078857,0.6353280544281006,0.8370028734207153,2.3119354248046875,2.5627212524414062,2.3296239376068115,2.121410369873047,1.8730831146240234,1.8096983432769775,1.5803638696670532,1.6262212991714478,1.4725241661071777,1.416783332824707,1.3289451599121094,1.0285121202468872,1.1732001304626465,1.172240138053894,1.369217038154602,2.6068115234375,2.889772415161133,2.6515133380889893,2.5354368686676025,2.2886741161346436,2.2845380306243896,2.079601287841797,2.209449529647827,1.9778687953948975,2.0114052295684814,1.9257659912109375,1.732781171798706,1.9661507606506348,2.0218498706817627,2.1672396659851074
