,A1,A2,A3,A4,A5,A6,A7,A8,A9,A10,A11,A12,A13,A14,A15,B1,B2,B3,B4,B5,B6,B7,B8,B9,B10,B11,B12,B13,B14,B15,C1,C2,C3,C4,C5,C6,C7,C8,C9,C10,C11,C12,C13,C14,C15,D1,D2,D3,D4,D5,D6,D7,D8,D9,D10,D11,D12,D13,D14,D15,E1,E2,E3,E4,E5,E6,E7,E8,E9,E10,E11,E12,E13,E14,E15
A1,0.0,0.38786929845809937,0.5742459297180176,0.9025579690933228,1.0529863834381104,1.416235089302063,1.6781609058380127,2.048823356628418,2.264559507369995,2.6384477615356445,2.8902251720428467,2.8051202297210693,2.6429636478424072,2.265155076980591,2.0834858417510986,0.5631658434867859,0.5642889738082886,0.6271052956581116,1.0081593990325928,1.165522575378418,1.483661413192749,1.7484468221664429,2.0993947982788086,2.308490037918091,2.6675498485565186,2.967909574508667,2.8658576011657715,2.764648199081421,2.3910980224609375,2.254950761795044,1.0733423233032227,1.0765184164047241,1.029049038887024,1.3547110557556152,1.4641807079315186,1.7265251874923706,1.9759489297866821,2.2851953506469727,2.488107442855835,2.802546977996826,3.1372792720794678,3.0062272548675537,2.9499917030334473,2.5962398052215576,2.513120651245117,1.5879876613616943,1.589982509613037,1.491289734840393,1.7762360572814941,1.840827465057373,2.0595595836639404,2.282442092895508,2.5511906147003174,2.7592880725860596,2.973928213119507,3.335446357727051,3.1926424503326416,3.1864733695983887,2.869786500930786,2.837233304977417,2.0862348079681396,2.1253035068511963,1.9907296895980835,2.264063596725464,2.2851202487945557,2.47931170463562,2.6787328720092773,2.8795340061187744,3.153529405593872,3.1930034160614014,3.555161476135254,3.5272057056427,3.7418534755706787,3.5416500568389893,3.785541534423828
A2,0.38786929845809937,0.0,0.38423436880111694,0.693833589553833,0.9693145155906677,1.2727751731872559,1.593390941619873,1.9354705810546875,2.2047207355499268,2.559680461883545,2.84135365486145,2.807182788848877,2.693114757537842,2.3112454414367676,2.190964460372925,0.8218852877616882,0.6244606375694275,0.5485877394676208,0.8768051266670227,1.1012696027755737,1.3501390218734741,1.658970594406128,1.9795933961868286,2.2380900382995605,2.579514741897583,2.907562255859375,2.856520652770996,2.8021481037139893,2.4345784187316895,2.356649875640869,1.2771227359771729,1.164141297340393,1.0365701913833618,1.297430157661438,1.4333772659301758,1.625029444694519,1.9001374244689941,2.1725287437438965,2.4143617153167725,2.7082226276397705,3.0684335231781006,2.985564708709717,2.973487138748169,2.631171226501465,2.6022591590881348,1.7736660242080688,1.6947647333145142,1.5409576892852783,1.7693915367126465,1.8394882678985596,1.9925963878631592,2.2223048210144043,2.451192855834961,2.689169406890869,2.8783371448516846,3.2594857215881348,3.1612155437469482,3.195712089538574,2.895580530166626,2.9119746685028076,2.2678029537200928,2.24456787109375,2.0669400691986084,2.2935500144958496,2.30985951423645,2.4463298320770264,2.6370298862457275,2.7927427291870117,3.0822649002075195,3.0961124897003174,3.4636921882629395,3.4768855571746826,3.7195279598236084,3.5462605953216553,3.8219854831695557
A3,0.5742459297180176,0.38423436880111694,0.0,0.3873152732849121,0.6118310689926147,0.9125522375106812,1.2258069515228271,1.5720328092575073,1.839907169342041,2.1952898502349854,2.4895424842834473,2.4575889110565186,2.36525821685791,1.9853609800338745,1.8928784132003784,0.9615635871887207,0.828235924243927,0.5726903080940247,0.7869794368743896,0.8869893550872803,1.096435308456421,1.3664071559906006,1.6742442846298218,1.9160281419754028,2.2468559741973877,2.587547779083252,2.535839319229126,2.5062742233276367,2.151533365249634,2.1024203300476074,1.402610421180725,1.322013020515442,1.100791335105896,1.2832508087158203,1.3148831129074097,1.4648902416229248,1.6857936382293701,1.9341069459915161,2.146775960922241,2.4187076091766357,2.785609006881714,2.7005228996276855,2.7143166065216064,2.392476797103882,2.3893303871154785,1.885585904121399,1.8289927244186401,1.6128549575805664,1.7879794836044312,1.7757993936538696,1.8991976976394653,2.0718586444854736,2.2743115425109863,2.478912830352783,2.636121988296509,3.013984441757202,2.91283917427063,2.9728472232818604,2.6983845233917236,2.736659288406372,2.3698019981384277,2.363227128982544,2.1412100791931152,2.330188035964966,2.2804343700408936,2.3999860286712646,2.538484811782837,2.676001787185669,2.9331214427948,2.9087443351745605,3.257758378982544,3.2638418674468994,3.524531602859497,3.376582384109497,3.6623425483703613
A4,0.9025579690933228,0.693833589553833,0.3873152732849121,0.0,0.391183465719223,0.5982937812805176,0.9456096291542053,1.2591572999954224,1.554675579071045,1.8919957876205444,2.1849725246429443,2.1930503845214844,2.131765127182007,1.7573434114456177,1.727249264717102,1.1371582746505737,0.9669973850250244,0.5971361994743347,0.5865567326545715,0.6213042140007019,0.7383043169975281,1.0238209962844849,1.3114748001098633,1.5830470323562622,1.9062302112579346,2.253124952316284,2.237276315689087,2.238372325897217,1.8938555717468262,1.9002189636230469,1.4818097352981567,1.360160231590271,1.049135446548462,1.1089417934417725,1.080607533454895,1.1518949270248413,1.3559318780899048,1.5733925104141235,1.7998995780944824,2.059828519821167,2.4365687370300293,2.38138747215271,2.425449848175049,2.1188275814056396,2.1646294593811035,1.9107166528701782,1.819860577583313,1.5364303588867188,1.6283222436904907,1.5642597675323486,1.6264554262161255,1.767157793045044,1.934475064277649,2.139854907989502,2.2766354084014893,2.660980463027954,2.5843570232391357,2.673100233078003,2.4190304279327393,2.498905897140503,2.3655447959899902,2.3283169269561768,2.053962230682373,2.181259870529175,2.0862059593200684,2.159372568130493,2.2600340843200684,2.364243268966675,2.6103286743164062,2.5603396892547607,2.9041037559509277,2.9277780055999756,3.206289768218994,3.082759380340576,3.3892769813537598
A5,1.0529863834381104,0.9693145155906677,0.6118310689926147,0.391183465719223,0.0,0.3865892291069031,0.6322317719459534,0.99603670835495,1.2370712757110596,1.5992642641067505,1.8802958726882935,1.848990559577942,1.7733852863311768,1.3972065448760986,1.3599612712860107,1.2235835790634155,1.1663323640823364,0.8093531727790833,0.7613888382911682,0.5640394687652588,0.6742967963218689,0.8249739408493042,1.1256773471832275,1.3239585161209106,1.6547157764434814,1.9922940731048584,1.932625651359558,1.925065279006958,1.5878292322158813,1.5886499881744385,1.5428540706634521,1.503409504890442,1.1862674951553345,1.218031406402588,1.0642762184143066,1.141137719154358,1.2431789636611938,1.4595754146575928,1.611026406288147,1.8630927801132202,2.2242767810821533,2.126523017883301,2.165248155593872,1.8732728958129883,1.9104114770889282,1.9464898109436035,1.9181768894195557,1.6250535249710083,1.7014063596725464,1.5566284656524658,1.634582757949829,1.7037311792373657,1.8710683584213257,2.0108914375305176,2.1325697898864746,2.4943947792053223,2.378877639770508,2.4638872146606445,2.226760149002075,2.2955217361450195,2.3803927898406982,2.391922950744629,2.110481023788452,2.2294955253601074,2.0777058601379395,2.1726748943328857,2.225752353668213,2.344010829925537,2.5414533615112305,2.4729864597320557,2.789992570877075,2.7737088203430176,3.0483694076538086,2.9317333698272705,3.224445343017578
A6,1.416235089302063,1.2727751731872559,0.9125522375106812,0.5982937812805176,0.3865892291069031,0.0,0.376182496547699,0.665786862373352,0.9759318232536316,1.3030351400375366,1.620019555091858,1.6525993347167969,1.6548280715942383,1.3048081398010254,1.37651789188385,1.5867000818252563,1.4907387495040894,1.1085526943206787,0.9491282105445862,0.7168771624565125,0.5974912047386169,0.6634224653244019,0.859268844127655,1.0839309692382812,1.370330572128296,1.7422378063201904,1.7397387027740479,1.8063914775848389,1.5106114149093628,1.6032357215881348,1.8656983375549316,1.7910715341567993,1.4376335144042969,1.3728773593902588,1.1729943752288818,1.1205637454986572,1.1536720991134644,1.2750098705291748,1.4180067777633667,1.612442970275879,1.995483160018921,1.9463163614273071,2.05177640914917,1.8065582513809204,1.9175870418548584,2.230841636657715,2.172386884689331,1.8417149782180786,1.841467022895813,1.6522150039672852,1.6433742046356201,1.6517163515090942,1.742530345916748,1.8639553785324097,1.923210859298706,2.28841233253479,2.213945150375366,2.356635332107544,2.1681296825408936,2.2956008911132812,2.6366255283355713,2.6204402446746826,2.304039716720581,2.3621015548706055,2.1694416999816895,2.2027859687805176,2.200239658355713,2.2602250576019287,2.430293083190918,2.3068153858184814,2.601109266281128,2.6129403114318848,2.9199092388153076,2.8503267765045166,3.1688592433929443
A7,1.6781609058380127,1.593390941619873,1.2258069515228271,0.9456096291542053,0.6322317719459534,0.376182496547699,0.0,0.3862193822860718,0.6172430515289307,0.9712153673171997,1.279025673866272,1.2862908840179443,1.3026256561279297,0.9690390229225159,1.0923691987991333,1.7948415279388428,1.758520245552063,1.3911632299423218,1.2166386842727661,0.8925880789756775,0.7478868365287781,0.6003923416137695,0.7219889760017395,0.8211936354637146,1.0922324657440186,1.4547086954116821,1.417733907699585,1.5009454488754272,1.2393182516098022,1.3640152215957642,2.0333690643310547,2.007533073425293,1.6575281620025635,1.5642043352127075,1.2844223976135254,1.2155675888061523,1.128419280052185,1.2083985805511475,1.2481396198272705,1.4066150188446045,1.7658518552780151,1.6827852725982666,1.8016078472137451,1.595990538597107,1.7209620475769043,2.35754656791687,2.3392300605773926,2.004690408706665,1.978239893913269,1.7260406017303467,1.7128913402557373,1.6417624950408936,1.7097947597503662,1.7523483037948608,1.777619481086731,2.108402967453003,2.0038037300109863,2.155463218688965,2.003695011138916,2.134373426437378,2.728839635848999,2.7440009117126465,2.4220917224884033,2.4587106704711914,2.2163751125335693,2.254112720489502,2.1971282958984375,2.2562694549560547,2.368265151977539,2.2184770107269287,2.4731719493865967,2.4495925903320312,2.754702568054199,2.7045233249664307,3.0108835697174072
A8,2.048823356628418,1.9354705810546875,1.5720328092575073,1.2591572999954224,0.99603670835495,0.665786862373352,0.3862193822860718,0.0,0.38542476296424866,0.6448083519935608,0.9932374358177185,1.0951757431030273,1.2199981212615967,0.9660505652427673,1.2119784355163574,2.153217315673828,2.0951106548309326,1.71782648563385,1.4895424842834473,1.171318531036377,0.9224086403846741,0.6844109892845154,0.5817407965660095,0.627721905708313,0.7896633744239807,1.18488347530365,1.2215372323989868,1.3997838497161865,1.2181812524795532,1.4401682615280151,2.3568553924560547,2.30971360206604,1.9431205987930298,1.7873965501785278,1.4860498905181885,1.3261007070541382,1.1608200073242188,1.116831660270691,1.1044508218765259,1.1637094020843506,1.5273128747940063,1.4991540908813477,1.6947331428527832,1.5616410970687866,1.760308861732483,2.6433634757995605,2.6054930686950684,2.2500483989715576,2.1637463569641113,1.8799347877502441,1.7958695888519287,1.6586003303527832,1.6420546770095825,1.6407268047332764,1.5859956741333008,1.8983514308929443,1.8360213041305542,2.047785520553589,1.9608911275863647,2.1469335556030273,2.9824657440185547,2.9775400161743164,2.6330761909484863,2.616086959838867,2.3398709297180176,2.3239433765411377,2.208624839782715,2.211005210876465,2.2782647609710693,2.0718753337860107,2.2850019931793213,2.2827537059783936,2.613753080368042,2.6165530681610107,2.9398744106292725
A9,2.264559507369995,2.2047207355499268,1.839907169342041,1.554675579071045,1.2370712757110596,0.9759318232536316,0.6172430515289307,0.38542476296424866,0.0,0.3853180408477783,0.6795889735221863,0.7184863090515137,0.8667610287666321,0.6766022443771362,0.9870315790176392,2.3198611736297607,2.315417766571045,1.958443522453308,1.7398074865341187,1.377224087715149,1.1721636056900024,0.8516626358032227,0.7276009321212769,0.5385071039199829,0.6350383758544922,0.9654422998428345,0.9223567843437195,1.111851453781128,0.9963293075561523,1.2396316528320312,2.4880311489105225,2.4890646934509277,2.1386759281158447,1.9818443059921265,1.6363892555236816,1.5016895532608032,1.2599927186965942,1.2059351205825806,1.066371202468872,1.0843093395233154,1.3788342475891113,1.2845929861068726,1.4763435125350952,1.3968379497528076,1.5904194116592407,2.736262321472168,2.7411885261535645,2.396636486053467,2.304682731628418,1.981743574142456,1.9180852174758911,1.7245529890060425,1.707608938217163,1.619922161102295,1.546132206916809,1.7969874143600464,1.6820725202560425,1.8826732635498047,1.8341981172561646,2.0044188499450684,3.040114164352417,3.0707411766052246,2.73433256149292,2.7101573944091797,2.4007813930511475,2.4050631523132324,2.2514102458953857,2.2702059745788574,2.2788751125335693,2.066610336303711,2.2326831817626953,2.176084518432617,2.4871437549591064,2.4998950958251953,2.7954726219177246
A10,2.6384477615356445,2.559680461883545,2.1952898502349854,1.8919957876205444,1.5992642641067505,1.3030351400375366,0.9712153673171997,0.6448083519935608,0.3853180408477783,0.0,0.41086745262145996,0.6209688782691956,0.9232089519500732,0.8866425156593323,1.2523598670959473,2.689689874649048,2.670774459838867,2.307446241378784,2.0605344772338867,1.708778738975525,1.4581815004348755,1.125367283821106,0.8856990337371826,0.6417874693870544,0.4825485646724701,0.7733239531517029,0.8232601881027222,1.1271107196807861,1.13465416431427,1.441885232925415,2.8364784717559814,2.823587656021118,2.4649887084960938,2.271204948425293,1.9209434986114502,1.734000563621521,1.451680302619934,1.3023207187652588,1.104461431503296,0.9852588772773743,1.2306071519851685,1.1964070796966553,1.467451572418213,1.4847782850265503,1.7340216636657715,3.0569584369659424,3.049114942550659,2.693978786468506,2.5613009929656982,2.222146987915039,2.1089580059051514,1.867251992225647,1.7773305177688599,1.6381993293762207,1.478337287902832,1.6756010055541992,1.6037355661392212,1.860244631767273,1.8900079727172852,2.1036221981048584,3.3330602645874023,3.3499300479888916,3.000957489013672,2.935704231262207,2.6039211750030518,2.566030263900757,2.363511562347412,2.3325119018554688,2.2892627716064453,2.0267341136932373,2.1310975551605225,2.0881900787353516,2.413978099822998,2.484774351119995,2.7852272987365723
A11,2.8902251720428467,2.84135365486145,2.4895424842834473,2.1849725246429443,1.8802958726882935,1.620019555091858,1.279025673866272,0.9932374358177185,0.6795889735221863,0.41086745262145996,0.0,0.38624846935272217,0.7363600730895996,0.8562505841255188,1.2414132356643677,2.872868537902832,2.8795809745788574,2.53513240814209,2.272125482559204,1.9038523435592651,1.6697248220443726,1.3031227588653564,1.0578211545944214,0.713881254196167,0.4637185335159302,0.49207502603530884,0.49585601687431335,0.8543733954429626,0.9907824993133545,1.3286550045013428,2.9579060077667236,2.9667985439300537,2.621647357940674,2.4039549827575684,2.029334783554077,1.845069169998169,1.5088688135147095,1.3390545845031738,1.0417675971984863,0.8666052222251892,0.9803788661956787,0.8987217545509338,1.183849573135376,1.2921801805496216,1.5579609870910645,3.117542028427124,3.128823757171631,2.7814910411834717,2.621060371398926,2.253964424133301,2.13834810256958,1.8446290493011475,1.7384623289108276,1.516806721687317,1.3349425792694092,1.4439409971237183,1.3332297801971436,1.5858889818191528,1.6769084930419922,1.8930816650390625,3.339977264404297,3.369736433029175,3.02470064163208,2.930424213409424,2.5702686309814453,2.530336380004883,2.2845733165740967,2.2548463344573975,2.1470463275909424,1.8826252222061157,1.9281502962112427,1.8353649377822876,2.1359059810638428,2.2279138565063477,2.5025339126586914
A12,2.8051202297210693,2.807182788848877,2.4575889110565186,2.1930503845214844,1.848990559577942,1.6525993347167969,1.2862908840179443,1.0951757431030273,0.7184863090515137,0.6209688782691956,0.38624846935272217,0.0,0.3945590853691101,0.6100839376449585,0.9609361290931702,2.76641845703125,2.824092149734497,2.504119634628296,2.281630516052246,1.891363263130188,1.7271924018859863,1.3567485809326172,1.2085047960281372,0.8373638987541199,0.747843861579895,0.7360572814941406,0.48814457654953003,0.6962714791297913,0.8405667543411255,1.1084182262420654,2.8488314151763916,2.907407760620117,2.5880963802337646,2.411404609680176,2.0247457027435303,1.9100666046142578,1.5800037384033203,1.4948484897613525,1.1847233772277832,1.1100069284439087,1.187530279159546,0.9727434515953064,1.1425728797912598,1.2256611585617065,1.4102964401245117,3.0045955181121826,3.06311297416687,2.7411446571350098,2.6202855110168457,2.2498016357421875,2.1988160610198975,1.9195301532745361,1.883189082145691,1.652075171470642,1.5422457456588745,1.6366276741027832,1.4362561702728271,1.6047585010528564,1.660739541053772,1.8048921823501587,3.2219135761260986,3.295978546142578,2.976005792617798,2.9184861183166504,2.560885190963745,2.57863712310791,2.3546862602233887,2.3849539756774902,2.2808797359466553,2.066204071044922,2.125218152999878,1.9717273712158203,2.226146697998047,2.2702810764312744,2.5020217895507812
A13,2.6429636478424072,2.693114757537842,2.36525821685791,2.131765127182007,1.7733852863311768,1.6548280715942383,1.3026256561279297,1.2199981212615967,0.8667610287666321,0.9232089519500732,0.7363600730895996,0.3945590853691101,0.0,0.38191893696784973,0.6432552933692932,2.548391580581665,2.6483960151672363,2.363100051879883,2.1673412322998047,1.7695685625076294,1.6773604154586792,1.3193943500518799,1.2705577611923218,0.9113913178443909,0.9664570689201355,0.9297387003898621,0.5646811723709106,0.5070257782936096,0.5951114296913147,0.7680066823959351,2.596783399581909,2.6954402923583984,2.407047748565674,2.257704019546509,1.8665696382522583,1.8186780214309692,1.5001434087753296,1.5005906820297241,1.1955004930496216,1.232435703277588,1.291547179222107,0.978827178478241,1.0058430433273315,1.0243284702301025,1.1179307699203491,2.7258639335632324,2.821714162826538,2.526623487472534,2.4332094192504883,2.063631534576416,2.0728001594543457,1.8118023872375488,1.8473986387252808,1.6193491220474243,1.5972357988357544,1.694288730621338,1.4185519218444824,1.4916629791259766,1.4872210025787354,1.5578335523605347,2.924240827560425,3.0313689708709717,2.7354965209960938,2.704801559448242,2.3531129360198975,2.4234871864318848,2.225507974624634,2.316770076751709,2.2259066104888916,2.0735394954681396,2.162895679473877,1.9613165855407715,2.1698927879333496,2.151214361190796,2.3480820655822754
A14,2.265155076980591,2.3112454414367676,1.9853609800338745,1.7573434114456177,1.3972065448760986,1.3048081398010254,0.9690390229225159,0.9660505652427673,0.6766022443771362,0.8866425156593323,0.8562505841255188,0.6100839376449585,0.38191893696784973,0.0,0.38806986808776855,2.185889959335327,2.277127981185913,1.9871549606323242,1.803968071937561,1.4050238132476807,1.338013768196106,1.0009377002716064,1.0299994945526123,0.7365912795066833,0.9310570955276489,1.0295394659042358,0.7403628826141357,0.6690067648887634,0.5072528123855591,0.6355183124542236,2.263188362121582,2.352097749710083,2.057415246963501,1.9292036294937134,1.546388030052185,1.524883508682251,1.2474663257598877,1.3102949857711792,1.0808544158935547,1.2088584899902344,1.3719896078109741,1.0954395532608032,1.1098631620407104,0.9954817295074463,1.0671279430389404,2.433339834213257,2.5179076194763184,2.217711925506592,2.1513209342956543,1.7998669147491455,1.832292079925537,1.6203582286834717,1.7003782987594604,1.5447460412979126,1.5741231441497803,1.7556583881378174,1.5014557838439941,1.5696989297866821,1.4805256128311157,1.5449820756912231,2.6760106086730957,2.773869514465332,2.474877119064331,2.474241018295288,2.1466622352600098,2.233894109725952,2.083118438720703,2.1948466300964355,2.1689116954803467,2.0391721725463867,2.196636915206909,2.0304579734802246,2.2596027851104736,2.2034573554992676,2.4289379119873047
A15,2.0834858417510986,2.190964460372925,1.8928784132003784,1.727249264717102,1.3599612712860107,1.37651789188385,1.0923691987991333,1.2119784355163574,0.9870315790176392,1.2523598670959473,1.2414132356643677,0.9609361290931702,0.6432552933692932,0.38806986808776855,0.0,1.9663218259811401,2.115446090698242,1.8727078437805176,1.751447319984436,1.3641390800476074,1.4047417640686035,1.1327632665634155,1.2738713026046753,1.0501079559326172,1.2999546527862549,1.390107274055481,1.0769331455230713,0.8879995942115784,0.6552495360374451,0.5300273299217224,2.035926103591919,2.180107831954956,1.9301613569259644,1.8646196126937866,1.5016587972640991,1.5773240327835083,1.3581693172454834,1.5144346952438354,1.3320978879928589,1.528407335281372,1.6810572147369385,1.3700789213180542,1.283435344696045,1.096878170967102,1.0313825607299805,2.205915689468384,2.3406877517700195,2.081415891647339,2.074660062789917,1.7491507530212402,1.8634165525436401,1.7046723365783691,1.8615151643753052,1.7370113134384155,1.8364180326461792,2.021395683288574,1.7306742668151855,1.7197974920272827,1.565382480621338,1.5394712686538696,2.4520761966705322,2.5950188636779785,2.333585023880005,2.387144088745117,2.088463544845581,2.242170572280884,2.1424505710601807,2.314724922180176,2.318270206451416,2.2474210262298584,2.432225465774536,2.240142822265625,2.427656412124634,2.314311981201172,2.502211570739746
B1,0.5631658434867859,0.8218852877616882,0.9615635871887207,1.1371582746505737,1.2235835790634155,1.5867000818252563,1.7948415279388428,2.153217315673828,2.3198611736297607,2.689689874649048,2.872868537902832,2.76641845703125,2.548391580581665,2.185889959335327,1.9663218259811401,0.0,0.3852361738681793,0.624821662902832,0.9416998624801636,1.0878055095672607,1.4607688188552856,1.703361988067627,2.077306032180786,2.2591898441314697,2.6393065452575684,2.87978458404541,2.7523763179779053,2.5884366035461426,2.206291913986206,2.0200014114379883,0.5156079530715942,0.6232600212097168,0.6912820339202881,1.0671288967132568,1.2006158828735352,1.5422515869140625,1.7954647541046143,2.1497504711151123,2.341369152069092,2.695012092590332,2.984981060028076,2.8259527683258057,2.706777334213257,2.3306782245635986,2.196479320526123,1.0297054052352905,1.0789062976837158,1.0339516401290894,1.3716423511505127,1.4669991731643677,1.757370114326477,2.0032243728637695,2.3238024711608887,2.5261847972869873,2.7954161167144775,3.131540298461914,2.9591262340545654,2.893012046813965,2.5449516773223877,2.4647743701934814,1.5263899564743042,1.5916602611541748,1.4870351552963257,1.7974731922149658,1.8455584049224854,2.0940823554992676,2.324981689453125,2.5775232315063477,2.8514788150787354,2.949718952178955,3.3158152103424072,3.2574193477630615,3.4259281158447266,3.1848320960998535,3.3952155113220215
B2,0.5642889738082886,0.6244606375694275,0.828235924243927,0.9669973850250244,1.1663323640823364,1.4907387495040894,1.758520245552063,2.0951106548309326,2.315417766571045,2.670774459838867,2.8795809745788574,2.824092149734497,2.6483960151672363,2.277127981185913,2.115446090698242,0.3852361738681793,0.0,0.39156001806259155,0.7233939170837402,0.9955547451972961,1.3260161876678467,1.63135826587677,1.9869277477264404,2.226267099380493,2.5970571041107178,2.862229108810425,2.787338972091675,2.6647350788116455,2.282245635986328,2.153106689453125,0.6869848370552063,0.545174777507782,0.5279426574707031,0.8949042558670044,1.113783359527588,1.402999758720398,1.709972620010376,2.040921211242676,2.285505771636963,2.6299173831939697,2.9453611373901367,2.8366804122924805,2.7562379837036133,2.384009838104248,2.3043532371520996,1.1629700660705566,1.0762760639190674,0.9703433513641357,1.2664467096328735,1.4042595624923706,1.634820818901062,1.9144630432128906,2.2067465782165527,2.45493483543396,2.7119243144989014,3.0717427730560303,2.946167469024658,2.9153618812561035,2.5755083560943604,2.544955015182495,1.6533753871917725,1.6257461309432983,1.4761149883270264,1.7441916465759277,1.8107223510742188,1.9997227191925049,2.242539882659912,2.4554085731506348,2.7600181102752686,2.8459742069244385,3.226869821548462,3.2135143280029297,3.406576633453369,3.1853675842285156,3.428845167160034
B3,0.6271052956581116,0.5485877394676208,0.5726903080940247,0.5971361994743347,0.8093531727790833,1.1085526943206787,1.3911632299423218,1.71782648563385,1.958443522453308,2.307446241378784,2.53513240814209,2.504119634628296,2.363100051879883,1.9871549606323242,1.8727078437805176,0.624821662902832,0.39156001806259155,0.0,0.392624169588089,0.6559787392616272,0.9623713493347168,1.2793184518814087,1.6259002685546875,1.8810346126556396,2.2434897422790527,2.5310115814208984,2.4784224033355713,2.394277334213257,2.0179858207702637,1.9384709596633911,0.9253339767456055,0.7768246531486511,0.5311908721923828,0.7649272680282593,0.8967881202697754,1.12912917137146,1.4205083847045898,1.7278944253921509,1.9750605821609497,2.3011574745178223,2.6374781131744385,2.5481913089752197,2.5084640979766846,2.1522490978240967,2.1212360858917236,1.3704184293746948,1.2703131437301636,1.046764850616455,1.243808388710022,1.291617751121521,1.461605191230774,1.6993242502212524,1.9562926292419434,2.196284055709839,2.41973876953125,2.791743278503418,2.683211326599121,2.6936657428741455,2.3793506622314453,2.393712043762207,1.844157338142395,1.8041836023330688,1.5784425735473633,1.7774856090545654,1.7673728466033936,1.9092223644256592,2.0987396240234375,2.274503231048584,2.5622780323028564,2.602158546447754,2.975191116333008,2.975292444229126,3.2004756927490234,3.013209581375122,3.2847740650177
B4,1.0081593990325928,0.8768051266670227,0.7869794368743896,0.5865567326545715,0.7613888382911682,0.9491282105445862,1.2166386842727661,1.4895424842834473,1.7398074865341187,2.0605344772338867,2.272125482559204,2.281630516052246,2.1673412322998047,1.803968071937561,1.751447319984436,0.9416998624801636,0.7233939170837402,0.392624169588089,0.0,0.3989744782447815,0.6308062076568604,0.9761196970939636,1.3023086786270142,1.5862090587615967,1.9402564764022827,2.2206075191497803,2.2063114643096924,2.146951198577881,1.7815923690795898,1.758892297744751,1.0956600904464722,0.9020563364028931,0.5323551893234253,0.5251864790916443,0.5992754697799683,0.7548888921737671,1.0649809837341309,1.3563971519470215,1.6305464506149292,1.9540767669677734,2.293973684310913,2.237558364868164,2.2226884365081787,1.8781133890151978,1.8993626832962036,1.4415713548660278,1.2948622703552246,0.9775243401527405,1.047333836555481,1.032089114189148,1.1288468837738037,1.3501139879226685,1.5812612771987915,1.8351376056671143,2.0503218173980713,2.429945230484009,2.348285675048828,2.383495569229126,2.084916114807129,2.1451666355133057,1.8642983436584473,1.782254934310913,1.4881213903427124,1.6032403707504272,1.5383037328720093,1.6226730346679688,1.7769994735717773,1.9204243421554565,2.2057080268859863,2.227682113647461,2.601987361907959,2.62213134765625,2.8635449409484863,2.697847843170166,2.993269205093384
B5,1.165522575378418,1.1012696027755737,0.8869893550872803,0.6213042140007019,0.5640394687652588,0.7168771624565125,0.8925880789756775,1.171318531036377,1.377224087715149,1.708778738975525,1.9038523435592651,1.891363263130188,1.7695685625076294,1.4050238132476807,1.3641390800476074,1.0878055095672607,0.9955547451972961,0.6559787392616272,0.3989744782447815,0.0,0.3826081156730652,0.6361971497535706,0.998896062374115,1.2336935997009277,1.6021595001220703,1.8763508796691895,1.8321903944015503,1.7702711820602417,1.404532551765442,1.3934403657913208,1.2278406620025635,1.1393882036209106,0.7732270359992981,0.6938667893409729,0.502023458480835,0.634680986404419,0.8203233480453491,1.1221504211425781,1.3326022624969482,1.6566332578659058,1.9911290407180786,1.900850534439087,1.8892393112182617,1.5537570714950562,1.5838797092437744,1.5400248765945435,1.4672514200210571,1.1299458742141724,1.1512190103530884,0.9967021346092224,1.0880274772644043,1.2041254043579102,1.427464246749878,1.6130635738372803,1.8092386722564697,2.175781011581421,2.060506582260132,2.1030125617980957,1.8226724863052368,1.887680172920227,1.9333460330963135,1.9037855863571167,1.5899854898452759,1.6755009889602661,1.5210233926773071,1.61477530002594,1.6950136423110962,1.8420054912567139,2.070302724838257,2.059142827987671,2.407787322998047,2.3923850059509277,2.6409599781036377,2.4901576042175293,2.782622814178467
B6,1.483661413192749,1.3501390218734741,1.096435308456421,0.7383043169975281,0.6742967963218689,0.5974912047386169,0.7478868365287781,0.9224086403846741,1.1721636056900024,1.4581815004348755,1.6697248220443726,1.7271924018859863,1.6773604154586792,1.338013768196106,1.4047417640686035,1.4607688188552856,1.3260161876678467,0.9623713493347168,0.6308062076568604,0.3826081156730652,0.0,0.37789592146873474,0.6738624572753906,0.97953200340271,1.3178082704544067,1.6199647188186646,1.6451032161712646,1.656852126121521,1.3292717933654785,1.4227405786514282,1.5859966278076172,1.4582582712173462,1.0737749338150024,0.8791518211364746,0.6463482975959778,0.5244438052177429,0.6349008679389954,0.8380839824676514,1.081496238708496,1.366135597229004,1.7323462963104248,1.7033414840698242,1.7633626461029053,1.472881555557251,1.5943527221679688,1.8567439317703247,1.7471907138824463,1.3790156841278076,1.2992119789123535,1.0942260026931763,1.0490518808364868,1.089621663093567,1.21848726272583,1.404549241065979,1.5426133871078491,1.9275192022323608,1.8641436100006104,1.9720134735107422,1.7413805723190308,1.880984902381897,2.212585210800171,2.147409439086914,1.7989095449447632,1.8054449558258057,1.6050621271133423,1.611445426940918,1.6241463422775269,1.6960405111312866,1.9035565853118896,1.831874132156372,2.1686127185821533,2.19203519821167,2.480133295059204,2.3799474239349365,2.707061290740967
B7,1.7484468221664429,1.658970594406128,1.3664071559906006,1.0238209962844849,0.8249739408493042,0.6634224653244019,0.6003923416137695,0.6844109892845154,0.8516626358032227,1.125367283821106,1.3031227588653564,1.3567485809326172,1.3193943500518799,1.0009377002716064,1.1327632665634155,1.703361988067627,1.63135826587677,1.2793184518814087,0.9761196970939636,0.6361971497535706,0.37789592146873474,0.0,0.3775595426559448,0.6112288236618042,0.9689610004425049,1.2621694803237915,1.2703806161880493,1.3012374639511108,0.9961832165718079,1.1498372554779053,1.800672173500061,1.7296292781829834,1.3588371276855469,1.148025631904602,0.8185434937477112,0.662605881690979,0.529477596282959,0.6622849702835083,0.7897424697875977,1.0597736835479736,1.4192222356796265,1.36333167552948,1.4465399980545044,1.1907994747161865,1.3520464897155762,2.02829647064209,1.964800477027893,1.597717046737671,1.4847239255905151,1.1962944269180298,1.131908655166626,1.0436738729476929,1.1276893615722656,1.2128585577011108,1.3090412616729736,1.6704891920089722,1.578537940979004,1.7076621055603027,1.5180011987686157,1.678573489189148,2.3430027961730957,2.311772108078003,1.957505226135254,1.9322065114974976,1.6661043167114258,1.6680999994277954,1.6005322933197021,1.6611818075180054,1.7941545248031616,1.6805505752563477,1.9759974479675293,1.9645084142684937,2.260915756225586,2.1874144077301025,2.5110254287719727
B8,2.0993947982788086,1.9795933961868286,1.6742442846298218,1.3114748001098633,1.1256773471832275,0.859268844127655,0.7219889760017395,0.5817407965660095,0.7276009321212769,0.8856990337371826,1.0578211545944214,1.2085047960281372,1.2705577611923218,1.0299994945526123,1.2738713026046753,2.077306032180786,1.9869277477264404,1.6259002685546875,1.3023086786270142,0.998896062374115,0.6738624572753906,0.3775595426559448,0.0,0.3860797584056854,0.6571025848388672,0.9838177561759949,1.0900804996490479,1.225389838218689,1.013325572013855,1.2742259502410889,2.1650309562683105,2.0767300128936768,1.7004485130310059,1.4475725889205933,1.126770257949829,0.8731516599655151,0.641564130783081,0.5355793833732605,0.601446270942688,0.7609599232673645,1.1546210050582886,1.1762914657592773,1.3561358451843262,1.1898248195648193,1.4405823945999146,2.365342140197754,2.2849624156951904,1.9077343940734863,1.7400938272476196,1.4320722818374634,1.2798537015914917,1.1062045097351074,1.0612823963165283,1.0909122228622437,1.0798673629760742,1.4383283853530884,1.4043740034103394,1.6127448081970215,1.5033994913101196,1.7331197261810303,2.6487956047058105,2.598754405975342,2.229032039642334,2.1483001708984375,1.8518778085708618,1.787122368812561,1.6478562355041504,1.630671739578247,1.709140658378601,1.5192292928695679,1.7719454765319824,1.7921833992004395,2.1257131099700928,2.1161346435546875,2.4628329277038574
B9,2.308490037918091,2.2380900382995605,1.9160281419754028,1.5830470323562622,1.3239585161209106,1.0839309692382812,0.8211936354637146,0.627721905708313,0.5385071039199829,0.6417874693870544,0.713881254196167,0.8373638987541199,0.9113913178443909,0.7365912795066833,1.0501079559326172,2.2591898441314697,2.226267099380493,1.8810346126556396,1.5862090587615967,1.2336935997009277,0.97953200340271,0.6112288236618042,0.3860797584056854,0.0,0.38351359963417053,0.6717394590377808,0.7146799564361572,0.8791595697402954,0.7331849932670593,1.0522860288619995,2.3270082473754883,2.2938802242279053,1.936686396598816,1.700129747390747,1.3361130952835083,1.135807991027832,0.8207514882087708,0.7068910002708435,0.5282818078994751,0.614975094795227,0.9466230273246765,0.8885666728019714,1.08682382106781,0.9859400391578674,1.252824306488037,2.4969875812530518,2.466794729232788,2.1049320697784424,1.9416292905807495,1.5927646160125732,1.4741960763931274,1.2312955856323242,1.1831226348876953,1.0822019577026367,1.0305622816085815,1.313835859298706,1.2128815650939941,1.4230278730392456,1.3654800653457642,1.586840033531189,2.747741460800171,2.7399377822875977,2.3817548751831055,2.298243522644043,1.9649744033813477,1.9270542860031128,1.7400882244110107,1.741169810295105,1.7406233549118042,1.534850001335144,1.7236297130584717,1.677245855331421,1.9959255456924438,2.0035173892974854,2.3235621452331543
B10,2.6675498485565186,2.579514741897583,2.2468559741973877,1.9062302112579346,1.6547157764434814,1.370330572128296,1.0922324657440186,0.7896633744239807,0.6350383758544922,0.4825485646724701,0.4637185335159302,0.747843861579895,0.9664570689201355,0.9310570955276489,1.2999546527862549,2.6393065452575684,2.5970571041107178,2.2434897422790527,1.9402564764022827,1.6021595001220703,1.3178082704544067,0.9689610004425049,0.6571025848388672,0.38351359963417053,0.0,0.41261568665504456,0.6172627210617065,0.9308449625968933,0.9412416815757751,1.3049207925796509,2.708388090133667,2.6673526763916016,2.3059396743774414,2.0515213012695312,1.6957671642303467,1.4580003023147583,1.1303517818450928,0.910868763923645,0.6682824492454529,0.50282883644104,0.7853713035583496,0.8172996640205383,1.1270345449447632,1.1552095413208008,1.4686949253082275,2.865683078765869,2.828421115875244,2.4625086784362793,2.2721447944641113,1.9184898138046265,1.7563014030456543,1.4734793901443481,1.3380385637283325,1.174005389213562,0.9958321452140808,1.2097214460372925,1.1671210527420044,1.4526691436767578,1.4954497814178467,1.7587894201278687,3.0963211059570312,3.080328941345215,2.716118335723877,2.599661111831665,2.2512331008911133,2.172196388244629,1.9366408586502075,1.8786842823028564,1.816156268119812,1.5450087785720825,1.6543867588043213,1.6262027025222778,1.9661099910736084,2.045158863067627,2.3687586784362793
B11,2.967909574508667,2.907562255859375,2.587547779083252,2.253124952316284,1.9922940731048584,1.7422378063201904,1.4547086954116821,1.18488347530365,0.9654422998428345,0.7733239531517029,0.49207502603530884,0.7360572814941406,0.9297387003898621,1.0295394659042358,1.390107274055481,2.87978458404541,2.862229108810425,2.5310115814208984,2.2206075191497803,1.8763508796691895,1.6199647188186646,1.2621694803237915,0.9838177561759949,0.6717394590377808,0.41261568665504456,0.0,0.3978295922279358,0.7456350326538086,0.9055610299110413,1.2854915857315063,2.8895263671875,2.8696486949920654,2.527052640914917,2.25388240814209,1.884364366531372,1.657216191291809,1.2900649309158325,1.059212565422058,0.7139139175415039,0.46034902334213257,0.48848286271095276,0.4932180643081665,0.8587296009063721,1.0158030986785889,1.3538672924041748,2.9833247661590576,2.964285135269165,2.611165761947632,2.392899990081787,2.0174381732940674,1.8525643348693848,1.5167465209960938,1.357955813407898,1.0888631343841553,0.8718988299369812,0.9518868923187256,0.8698834180831909,1.171647071838379,1.3039355278015137,1.5806565284729004,3.154791831970215,3.1498489379882812,2.792872905731201,2.64304256439209,2.2678110599517822,2.1819889545440674,1.8959492444992065,1.83307945728302,1.6875059604644775,1.4104129076004028,1.4372042417526245,1.3505107164382935,1.6672695875167847,1.7811944484710693,2.0805959701538086
B12,2.8658576011657715,2.856520652770996,2.535839319229126,2.237276315689087,1.932625651359558,1.7397387027740479,1.417733907699585,1.2215372323989868,0.9223567843437195,0.8232601881027222,0.49585601687431335,0.48814457654953003,0.5646811723709106,0.7403628826141357,1.0769331455230713,2.7523763179779053,2.787338972091675,2.4784224033355713,2.2063114643096924,1.8321903944015503,1.6451032161712646,1.2703806161880493,1.0900804996490479,0.7146799564361572,0.6172627210617065,0.3978295922279358,0.0,0.3932192325592041,0.6287020444869995,0.980394721031189,2.755983591079712,2.7885735034942627,2.4701619148254395,2.237727642059326,1.8479889631271362,1.6963704824447632,1.3278554677963257,1.201940894126892,0.8359445333480835,0.7504249215126038,0.7416307926177979,0.48463040590286255,0.6990023255348206,0.8465989232063293,1.113967776298523,2.843204975128174,2.8750452995300293,2.5460121631622314,2.368612766265869,1.9830094575881958,1.8923414945602417,1.5692334175109863,1.500473141670227,1.2196646928787231,1.1092329025268555,1.1687949895858765,0.9482549428939819,1.1331596374511719,1.2250880002975464,1.4212522506713867,3.0079541206359863,3.051255702972412,2.71848464012146,2.6076855659484863,2.2299773693084717,2.211958408355713,1.9493799209594727,1.9621585607528687,1.8216882944107056,1.6103614568710327,1.6547199487686157,1.4851948022842407,1.7406028509140015,1.7939554452896118,2.0425567626953125
B13,2.764648199081421,2.8021481037139893,2.5062742233276367,2.238372325897217,1.925065279006958,1.8063914775848389,1.5009454488754272,1.3997838497161865,1.111851453781128,1.1271107196807861,0.8543733954429626,0.6962714791297913,0.5070257782936096,0.6690067648887634,0.8879995942115784,2.5884366035461426,2.6647350788116455,2.394277334213257,2.146951198577881,1.7702711820602417,1.656852126121521,1.3012374639511108,1.225389838218689,0.8791595697402954,0.9308449625968933,0.7456350326538086,0.3932192325592041,0.0,0.3836073875427246,0.6600522994995117,2.545637845993042,2.6181507110595703,2.3343701362609863,2.12514066696167,1.7319247722625732,1.6505167484283447,1.2941315174102783,1.26576566696167,0.9150928258895874,0.9714040756225586,0.9303653836250305,0.5515094995498657,0.49906396865844727,0.5901423692703247,0.7688129544258118,2.5916712284088135,2.6615538597106934,2.361855983734131,2.206035852432251,1.8182296752929688,1.7912850379943848,1.4824341535568237,1.4966257810592651,1.2136789560317993,1.2176635265350342,1.2655267715454102,0.9441970586776733,0.9853053689002991,1.0097297430038452,1.1201564073562622,2.724245309829712,2.8008885383605957,2.4930968284606934,2.402700662612915,2.0255229473114014,2.0637598037719727,1.8229200839996338,1.9069063663482666,1.7730871438980103,1.641119360923767,1.7133151292800903,1.4791733026504517,1.6682372093200684,1.645798921585083,1.8488945960998535
