,A1,A2,A3,A4,A5,A6,A7,A8,A9,A10,A11,A12,A13,A14,A15,B1,B2,B3,B4,B5,B6,B7,B8,B9,B10,B11,B12,B13,B14,B15,C1,C2,C3,C4,C5,C6,C7,C8,C9,C10,C11,C12,C13,C14,C15,D1,D2,D3,D4,D5,D6,D7,D8,D9,D10,D11,D12,D13,D14,D15,E1,E2,E3,E4,E5,E6,E7,E8,E9,E10,E11,E12,E13,E14,E15
A1,0.0,0.38820305466651917,0.5379823446273804,0.9117547273635864,1.1531896591186523,1.4903879165649414,1.7780120372772217,2.091104745864868,2.390543222427368,2.635526180267334,2.7514243125915527,2.5374462604522705,2.8063695430755615,2.671076774597168,2.8150272369384766,3.1465885639190674,3.355363130569458,3.3447537422180176,3.0977842807769775,3.0650620460510254,2.840956211090088,2.8610219955444336,2.760638952255249,2.6728363037109375,2.9785594940185547,3.2359941005706787,3.482750415802002,3.6015024185180664,3.509504795074463,3.8503313064575195,5.220084190368652,5.386083602905273,5.278596878051758,5.281551361083984,4.967771530151367,4.999755382537842,4.651827335357666,4.688793659210205,4.398891448974609,4.209709167480469,3.8349995613098145,3.683842658996582,3.9433183670043945,3.857174873352051,4.215817451477051,5.122864246368408,5.48604154586792,5.326692581176758,5.27823543548584,4.903243064880371,4.926264762878418,4.5626420974731445,4.526060581207275,4.301547050476074,4.031882286071777,3.6688575744628906,3.4302284717559814,3.4076833724975586,3.5239667892456055,3.367349147796631,4.600245952606201,4.874457359313965,4.721810340881348,4.636178016662598,4.267612457275391,4.241373062133789,3.8891005516052246,3.8687820434570312,3.7026164531707764,3.4116663932800293,3.3043415546417236,2.9439408779144287,2.7933177947998047,2.948025703430176,2.742360830307007
A2,0.38820305466651917,0.0,0.3944789469242096,0.6386070847511292,0.9079885482788086,1.2340419292449951,1.5238641500473022,1.8533384799957275,2.122903347015381,2.401042938232422,2.5248751640319824,2.334258556365967,2.6093714237213135,2.4695775508880615,2.6556923389434814,3.1199278831481934,3.3375611305236816,3.3192460536956787,3.0802910327911377,3.0068836212158203,2.7890918254852295,2.7655956745147705,2.6735594272613525,2.54402494430542,2.8262112140655518,3.050686836242676,3.3067476749420166,3.417097330093384,3.3186445236206055,3.6731879711151123,5.0201497077941895,5.176298141479492,5.053245544433594,5.067627906799316,4.747704982757568,4.791769504547119,4.441348075866699,4.476378440856934,4.200357437133789,3.9959797859191895,3.6246426105499268,3.4661941528320312,3.704331398010254,3.616541862487793,3.9650051593780518,4.816228866577148,5.1776204109191895,5.010175704956055,4.97183084487915,4.5967302322387695,4.62722635269165,4.27131462097168,4.238711357116699,4.0353474617004395,3.761580467224121,3.401963710784912,3.143455982208252,3.115238666534424,3.206299066543579,3.0389089584350586,4.2460126876831055,4.520833969116211,4.358904838562012,4.277420520782471,3.9082109928131104,3.886762857437134,3.5406763553619385,3.5242958068847656,3.3781003952026367,3.080698251724243,2.9938812255859375,2.6435506343841553,2.5241589546203613,2.716038465499878,2.5439436435699463
A3,0.5379823446273804,0.3944789469242096,0.0,0.40671101212501526,0.6337617635726929,0.9548431634902954,1.2533059120178223,1.5553038120269775,1.8613488674163818,2.107703685760498,2.2432920932769775,2.0579421520233154,2.355313777923584,2.259195566177368,2.441697359085083,3.02407169342041,3.2056355476379395,3.145906686782837,2.872666358947754,2.779837131500244,2.5269393920898438,2.4883155822753906,2.358097553253174,2.2194623947143555,2.4974381923675537,2.7424516677856445,3.0102150440216064,3.14892840385437,3.0826961994171143,3.4419593811035156,4.848188400268555,4.988482475280762,4.858929634094238,4.846205711364746,4.518978595733643,4.536874771118164,4.17846155166626,4.196653366088867,3.903076171875,3.698975086212158,3.326812982559204,3.1906325817108154,3.4553606510162354,3.393237590789795,3.755420446395874,4.668764591217041,5.029261112213135,4.856701374053955,4.790836334228516,4.412074565887451,4.418270111083984,4.050682544708252,4.001647472381592,3.7734322547912598,3.498887538909912,3.1363489627838135,2.9045822620391846,2.8998117446899414,3.0307040214538574,2.8982088565826416,4.216072082519531,4.466790676116943,4.303452968597412,4.190194606781006,3.81823468208313,3.7682700157165527,3.406609296798706,3.3728182315826416,3.188154458999634,2.902653217315674,2.783907413482666,2.4221673011779785,2.2677884101867676,2.4255082607269287,2.2379770278930664
A4,0.9117547273635864,0.6386070847511292,0.40671101212501526,0.0,0.3898720145225525,0.6140617728233337,0.951962947845459,1.2416391372680664,1.531546711921692,1.8111867904663086,1.9795807600021362,1.8455634117126465,2.167445659637451,2.0994455814361572,2.335015296936035,3.114750862121582,3.2876455783843994,3.2030186653137207,2.9268226623535156,2.781858205795288,2.5216965675354004,2.4220447540283203,2.2774460315704346,2.0763282775878906,2.308131217956543,2.5181925296783447,2.8096213340759277,2.9584133625030518,2.9075963497161865,3.2853472232818604,4.687619686126709,4.805369853973389,4.651452541351318,4.637146472930908,4.297601222991943,4.313723087310791,3.9468631744384766,3.9475436210632324,3.6604464054107666,3.431932210922241,3.066493272781372,2.941732406616211,3.1939423084259033,3.1506099700927734,3.5053176879882812,4.370540618896484,4.726837158203125,4.536821365356445,4.467558860778809,4.085715293884277,4.083549976348877,3.7196176052093506,3.659125566482544,3.44580340385437,3.1588423252105713,2.8005712032318115,2.559924364089966,2.5728023052215576,2.690599203109741,2.568195343017578,3.9096150398254395,4.146834850311279,3.964376449584961,3.837320327758789,3.4616150856018066,3.396409511566162,3.0341053009033203,2.9854395389556885,2.806718349456787,2.5102248191833496,2.392965316772461,2.032510280609131,1.8942854404449463,2.080393075942993,1.9209551811218262
A5,1.1531896591186523,0.9079885482788086,0.6337617635726929,0.3898720145225525,0.0,0.3953287899494171,0.6256847977638245,0.9621530175209045,1.2387824058532715,1.4959290027618408,1.6272330284118652,1.466546654701233,1.7815641164779663,1.716505527496338,1.9511102437973022,2.815767288208008,2.970750093460083,2.8658807277679443,2.5860676765441895,2.419034481048584,2.1590635776519775,2.042802572250366,1.9084768295288086,1.707179307937622,1.950003743171692,2.1583712100982666,2.435743570327759,2.5752668380737305,2.5213050842285156,2.8974714279174805,4.311795234680176,4.428719520568848,4.278990745544434,4.260260581970215,3.9236245155334473,3.940053701400757,3.5768444538116455,3.5892493724823,3.305299997329712,3.092193603515625,2.7219901084899902,2.580803155899048,2.8360183238983154,2.78460431098938,3.144975423812866,4.057309627532959,4.4158124923706055,4.238196849822998,4.162761688232422,3.7832655906677246,3.785979747772217,3.4176876544952393,3.374131917953491,3.149277687072754,2.882307767868042,2.518902063369751,2.2793021202087402,2.267120599746704,2.4083988666534424,2.2920258045196533,3.6850199699401855,3.912264108657837,3.7508997917175293,3.615790843963623,3.245739459991455,3.1843550205230713,2.8159964084625244,2.7907681465148926,2.590271234512329,2.328453302383423,2.2227258682250977,1.8778939247131348,1.7530276775360107,1.9427292346954346,1.8269009590148926
A6,1.4903879165649414,1.2340419292449951,0.9548431634902954,0.6140617728233337,0.3953287899494171,0.0,0.3872251808643341,0.6292362213134766,0.9291096925735474,1.2033344507217407,1.400749683380127,1.3269709348678589,1.6824731826782227,1.6906633377075195,1.9682379961013794,3.0294735431671143,3.157128095626831,3.0153472423553467,2.7211813926696777,2.5071189403533936,2.2260358333587646,2.047168254852295,1.86969792842865,1.596924066543579,1.7688167095184326,1.9500651359558105,2.2649922370910645,2.4395179748535156,2.4299497604370117,2.8218605518341064,4.2522501945495605,4.336417198181152,4.158913612365723,4.120980739593506,3.7685015201568604,3.763774871826172,3.3872196674346924,3.3651633262634277,3.074744939804077,2.832019567489624,2.471487522125244,2.3676295280456543,2.6277918815612793,2.6204237937927246,2.977757692337036,3.8661704063415527,4.217123985290527,4.016022682189941,3.919329881668091,3.5349299907684326,3.509209156036377,3.138004779815674,3.0645461082458496,2.839165449142456,2.552412986755371,2.192656993865967,1.9665580987930298,2.0034611225128174,2.156984806060791,2.082364559173584,3.5462841987609863,3.744188070297241,3.558866262435913,3.3909802436828613,3.017340660095215,2.9180514812469482,2.5418803691864014,2.480339288711548,2.2607614994049072,1.9900656938552856,1.85517418384552,1.499578595161438,1.3591772317886353,1.5516079664230347,1.4521781206130981
A7,1.7780120372772217,1.5238641500473022,1.2533059120178223,0.951962947845459,0.6256847977638245,0.3872251808643341,0.0,0.39439892768859863,0.6182306408882141,0.8806517720222473,1.0325108766555786,0.9522178769111633,1.3055100440979004,1.3308968544006348,1.6276588439941406,2.813163995742798,2.9217400550842285,2.7599058151245117,2.473318576812744,2.2248568534851074,1.9557666778564453,1.7387847900390625,1.581017017364502,1.286491870880127,1.445041298866272,1.599032998085022,1.9015339612960815,2.0616471767425537,2.0489954948425293,2.443575620651245,3.872284412384033,3.9513447284698486,3.772677421569824,3.7340493202209473,3.382505416870117,3.3827834129333496,3.009307622909546,2.999805212020874,2.7193472385406494,2.488039493560791,2.1234378814697266,1.9962869882583618,2.2505760192871094,2.235110282897949,2.594857692718506,3.5153772830963135,3.867905855178833,3.6777994632720947,3.577875852584839,3.195988178253174,3.1788277626037598,2.8052873611450195,2.753908634185791,2.523745536804199,2.2603414058685303,1.8961470127105713,1.6618813276290894,1.6642699241638184,1.839022159576416,1.7718721628189087,3.2805659770965576,3.4658234119415283,3.3016438484191895,3.126697301864624,2.761593818664551,2.668602705001831,2.2900431156158447,2.2590219974517822,2.022228717803955,1.7974061965942383,1.6902225017547607,1.3731037378311157,1.2770730257034302,1.4845964908599854,1.4665004014968872
A8,2.091104745864868,1.8533384799957275,1.5553038120269775,1.2416391372680664,0.9621530175209045,0.6292362213134766,0.39439892768859863,0.0,0.3889315724372864,0.589328408241272,0.8497518301010132,0.9027700424194336,1.2851407527923584,1.4196991920471191,1.7208259105682373,3.041720151901245,3.112074375152588,2.910099983215332,2.60422945022583,2.3232929706573486,2.02878737449646,1.7630332708358765,1.5460528135299683,1.189087986946106,1.2489752769470215,1.384964108467102,1.7318342924118042,1.9476076364517212,2.0045273303985596,2.401933193206787,3.8536128997802734,3.896075963973999,3.6936614513397217,3.621091604232788,3.255533218383789,3.218156099319458,2.83081316947937,2.776557207107544,2.477478504180908,2.218876838684082,1.8653730154037476,1.7996340990066528,2.0781452655792236,2.1275434494018555,2.486156463623047,3.4142911434173584,3.754967451095581,3.544232130050659,3.4081060886383057,3.023958921432495,2.962994337081909,2.581317186355591,2.4886090755462646,2.2371952533721924,1.9550658464431763,1.593025803565979,1.4058436155319214,1.4860255718231201,1.7066974639892578,1.715773582458496,3.2993664741516113,3.443345308303833,3.2623867988586426,3.044639825820923,2.6843631267547607,2.5408408641815186,2.1553568840026855,2.077817678451538,1.7945791482925415,1.5837061405181885,1.4199590682983398,1.0989298820495605,0.955866277217865,1.1214925050735474,1.1309971809387207
A9,2.390543222427368,2.122903347015381,1.8613488674163818,1.531546711921692,1.2387824058532715,0.9291096925735474,0.6182306408882141,0.3889315724372864,0.0,0.3768033981323242,0.6173723340034485,0.778897225856781,1.1156736612319946,1.2697978019714355,1.6104066371917725,3.0371837615966797,3.103147268295288,2.8970787525177,2.6210715770721436,2.3059918880462646,2.050433397293091,1.741497278213501,1.572337031364441,1.1940853595733643,1.1771694421768188,1.2069472074508667,1.541494369506836,1.7275866270065308,1.779012680053711,2.179816484451294,3.5726544857025146,3.599846601486206,3.3807990550994873,3.3199679851531982,2.9506266117095947,2.9301440715789795,2.545475959777832,2.496222496032715,2.2270188331604004,1.9574334621429443,1.6138842105865479,1.524961233139038,1.7615565061569214,1.811050534248352,2.152475357055664,3.0329971313476562,3.372452974319458,3.158174991607666,3.0281050205230713,2.6431941986083984,2.594146966934204,2.217028856277466,2.1434998512268066,1.916135311126709,1.644490361213684,1.2817349433898926,1.050139307975769,1.1041244268417358,1.3180350065231323,1.3396791219711304,2.942714214324951,3.0716934204101562,2.8945155143737793,2.6695852279663086,2.314819097518921,2.1731112003326416,1.78866708278656,1.7351144552230835,1.4534178972244263,1.278748631477356,1.169615626335144,0.9195573329925537,0.8970803618431091,1.1255329847335815,1.260833978652954
A10,2.635526180267334,2.401042938232422,2.107703685760498,1.8111867904663086,1.4959290027618408,1.2033344507217407,0.8806517720222473,0.589328408241272,0.3768033981323242,0.0,0.3633454740047455,0.6426282525062561,0.9589114189147949,1.216874122619629,1.5146456956863403,3.0128443241119385,3.0344467163085938,2.790494918823242,2.499938488006592,2.1643917560577393,1.8946276903152466,1.5557156801223755,1.351855754852295,0.9506824016571045,0.8444198369979858,0.8611742258071899,1.221358299255371,1.4567595720291138,1.5734449625015259,1.9628548622131348,3.396385908126831,3.4030961990356445,3.18184494972229,3.0841190814971924,2.7110705375671387,2.6535282135009766,2.2613418102264404,2.1915104389190674,1.896782398223877,1.6329082250595093,1.2812544107437134,1.2301770448684692,1.5166687965393066,1.61454439163208,1.968172311782837,2.9404258728027344,3.271099805831909,3.0646800994873047,2.89790415763855,2.519789457321167,2.4398398399353027,2.050543785095215,1.9653537273406982,1.688354253768921,1.4402108192443848,1.0765776634216309,0.9310563802719116,1.0158023834228516,1.3174519538879395,1.412969946861267,3.0425710678100586,3.1362838745117188,2.9801247119903564,2.728445529937744,2.397183418273926,2.232988119125366,1.8570332527160645,1.8010003566741943,1.4676614999771118,1.3753331899642944,1.2392796277999878,1.0501338243484497,0.9944518208503723,1.1150530576705933,1.2753983736038208
A11,2.7514243125915527,2.5248751640319824,2.2432920932769775,1.9795807600021362,1.6272330284118652,1.400749683380127,1.0325108766555786,0.8497518301010132,0.6173723340034485,0.3633454740047455,0.0,0.383105993270874,0.6151885390281677,0.9102184772491455,1.1937230825424194,2.7357873916625977,2.7429001331329346,2.4927594661712646,2.2227869033813477,1.870099663734436,1.634047508239746,1.2759335041046143,1.133927583694458,0.762836754322052,0.6622537970542908,0.6223229765892029,0.9282609224319458,1.11918044090271,1.212386965751648,1.604614496231079,3.051008462905884,3.0712883472442627,2.8655731678009033,2.776439905166626,2.411625385284424,2.3738584518432617,1.9909788370132446,1.9682936668395996,1.6910778284072876,1.476104497909546,1.1066787242889404,0.9671147465705872,1.2538186311721802,1.3061914443969727,1.6775178909301758,2.731872081756592,3.0694165229797363,2.895473003387451,2.7392330169677734,2.3707995414733887,2.324918746948242,1.9389489889144897,1.9141985177993774,1.6359524726867676,1.4571189880371094,1.1113793849945068,0.9593225121498108,0.9179984927177429,1.2399139404296875,1.3163007497787476,2.9137444496154785,3.009610891342163,2.8967373371124268,2.6627964973449707,2.351602077484131,2.2267117500305176,1.8678687810897827,1.8797551393508911,1.5634362697601318,1.5388952493667603,1.4711778163909912,1.3429765701293945,1.3384233713150024,1.4620085954666138,1.6317777633666992
A12,2.5374462604522705,2.334258556365967,2.0579421520233154,1.8455634117126465,1.466546654701233,1.3269709348678589,0.9522178769111633,0.9027700424194336,0.778897225856781,0.6426282525062561,0.383105993270874,0.0,0.38855499029159546,0.617922842502594,0.8817660212516785,2.3763246536254883,2.394134283065796,2.156764030456543,1.882643222808838,1.5463229417800903,1.309537410736084,0.9792686700820923,0.883582353591919,0.5760444402694702,0.6879793405532837,0.7742921113967896,0.9887637495994568,1.1163145303726196,1.1256208419799805,1.5167982578277588,3.005197286605835,3.0708231925964355,2.904806613922119,2.836764335632324,2.4938013553619385,2.4830451011657715,2.121094226837158,2.154470443725586,1.8851665258407593,1.7300904989242554,1.3559015989303589,1.152796983718872,1.4326093196868896,1.3989237546920776,1.7845418453216553,2.896125078201294,3.2441251277923584,3.1036221981048584,2.974323272705078,2.6156058311462402,2.6082510948181152,2.2319889068603516,2.2468032836914062,1.9746030569076538,1.8236321210861206,1.4858593940734863,1.3169784545898438,1.2074981927871704,1.4894460439682007,1.4907832145690918,3.0261118412017822,3.157874822616577,3.0743956565856934,2.878571033477783,2.5678060054779053,2.4890058040618896,2.135744571685791,2.1856296062469482,1.8984664678573608,1.8541191816329956,1.8036291599273682,1.6386971473693848,1.6134164333343506,1.7455718517303467,1.8560304641723633
A13,2.8063695430755615,2.6093714237213135,2.355313777923584,2.167445659637451,1.7815641164779663,1.6824731826782227,1.3055100440979004,1.2851407527923584,1.1156736612319946,0.9589114189147949,0.6151885390281677,0.38855499029159546,0.0,0.3874807357788086,0.5912377834320068,2.1630828380584717,2.15714168548584,1.910638451576233,1.6777616739273071,1.3138192892074585,1.1526925563812256,0.8028342127799988,0.8502529263496399,0.6786398887634277,0.7649704813957214,0.7527695894241333,0.804987370967865,0.8134809732437134,0.7524859309196472,1.1411206722259521,2.627967357635498,2.7071094512939453,2.5596094131469727,2.5040900707244873,2.1773786544799805,2.1941356658935547,1.8565577268600464,1.9474765062332153,1.7181462049484253,1.6278022527694702,1.2757996320724487,0.9897273778915405,1.2235006093978882,1.1194227933883667,1.503048062324524,2.673241376876831,3.0203402042388916,2.917259693145752,2.800703287124634,2.463129758834839,2.4905624389648438,2.1335017681121826,2.206900119781494,1.949520468711853,1.8689215183258057,1.570429801940918,1.4138604402542114,1.2184844017028809,1.4854775667190552,1.475315809249878,2.904447555541992,3.0292112827301025,2.992807149887085,2.815218687057495,2.5362958908081055,2.493565559387207,2.171159505844116,2.2764387130737305,2.0106406211853027,2.028879165649414,2.028139591217041,1.920243501663208,1.9367244243621826,2.0705485343933105,2.211195945739746
A14,2.671076774597168,2.4695775508880615,2.259195566177368,2.0994455814361572,1.716505527496338,1.6906633377075195,1.3308968544006348,1.4196991920471191,1.2697978019714355,1.216874122619629,0.9102184772491455,0.617922842502594,0.3874807357788086,0.0,0.38507169485092163,1.8817873001098633,1.9254876375198364,1.7322044372558594,1.5457231998443604,1.2143007516860962,1.1276203393936157,0.8666038513183594,1.0297099351882935,0.9517395496368408,1.1291967630386353,1.1393747329711914,1.1514503955841064,1.0661697387695312,0.8659818172454834,1.2150421142578125,2.6038284301757812,2.7316040992736816,2.614877939224243,2.6138882637023926,2.3142905235290527,2.388930559158325,2.0845632553100586,2.225116491317749,2.0366194248199463,1.9666873216629028,1.6294790506362915,1.3086159229278564,1.4684927463531494,1.2752788066864014,1.6264352798461914,2.729501962661743,3.0862793922424316,3.007481575012207,2.93922758102417,2.609874725341797,2.689131259918213,2.352184295654297,2.4637680053710938,2.2454092502593994,2.1683268547058105,1.8698992729187012,1.6599477529525757,1.4107922315597534,1.6026123762130737,1.5054066181182861,2.8167331218719482,2.985093832015991,2.97084379196167,2.8420090675354004,2.5628206729888916,2.5743906497955322,2.264401912689209,2.4113576412200928,2.1938703060150146,2.1886041164398193,2.2274022102355957,2.1071219444274902,2.146298408508301,2.325089693069458,2.4504287242889404
A15,2.8150272369384766,2.6556923389434814,2.441697359085083,2.335015296936035,1.9511102437973022,1.9682379961013794,1.6276588439941406,1.7208259105682373,1.6104066371917725,1.5146456956863403,1.1937230825424194,0.8817660212516785,0.5912377834320068,0.38507169485092163,0.0,1.580349087715149,1.5806896686553955,1.3624175786972046,1.1850736141204834,0.8450325727462769,0.8258301019668579,0.6274975538253784,0.9202008843421936,0.9994365572929382,1.2180190086364746,1.2619458436965942,1.1778764724731445,1.0392470359802246,0.8002990484237671,1.0612351894378662,2.456463575363159,2.6135222911834717,2.5424039363861084,2.5346713066101074,2.268594741821289,2.3427929878234863,2.072718620300293,2.251603126525879,2.071800708770752,2.067843437194824,1.7506638765335083,1.4257500171661377,1.5868557691574097,1.3695811033248901,1.7014652490615845,2.866248369216919,3.2128489017486572,3.171475887298584,3.1009998321533203,2.7963180541992188,2.8824596405029297,2.558417558670044,2.6891164779663086,2.455944299697876,2.417501211166382,2.1388132572174072,1.969405174255371,1.719565987586975,1.9245492219924927,1.840023398399353,3.0580434799194336,3.221040725708008,3.2429986000061035,3.1254329681396484,2.869767665863037,2.8936216831207275,2.599390745162964,2.7573797702789307,2.5326380729675293,2.5499625205993652,2.5800940990448,2.461305618286133,2.4787676334381104,2.625641345977783,2.732468605041504
B1,3.1465885639190674,3.1199278831481934,3.02407169342041,3.114750862121582,2.815767288208008,3.0294735431671143,2.813163995742798,3.041720151901245,3.0371837615966797,3.0128443241119385,2.7357873916625977,2.3763246536254883,2.1630828380584717,1.8817873001098633,1.580349087715149,0.0,0.36552372574806213,0.6795524954795837,0.9349867105484009,1.1572349071502686,1.4542897939682007,1.7233489751815796,2.0666117668151855,2.350233793258667,2.6645870208740234,2.7862329483032227,2.6402947902679443,2.444709300994873,2.158620834350586,2.158754348754883,2.940577983856201,3.245140314102173,3.3470053672790527,3.4238226413726807,3.3039371967315674,3.4475786685943604,3.306706666946411,3.5741686820983887,3.452577829360962,3.541562557220459,3.263134241104126,2.938444137573242,3.0442402362823486,2.7574989795684814,2.9834303855895996,4.000072956085205,4.320610046386719,4.3792572021484375,4.385634899139404,4.140623092651367,4.29899263381958,4.023560523986816,4.20813512802124,3.9981846809387207,3.989154815673828,3.718182325363159,3.5335705280303955,3.2554240226745605,3.3945775032043457,3.226813793182373,4.048099517822266,4.280012130737305,4.387919902801514,4.378084659576416,4.158668518066406,4.274378299713135,4.018427848815918,4.226359844207764,4.0526251792907715,4.041738510131836,4.091116428375244,3.93204665184021,3.9272356033325195,4.082101821899414,4.11329460144043
B2,3.355363130569458,3.3375611305236816,3.2056355476379395,3.2876455783843994,2.970750093460083,3.157128095626831,2.9217400550842285,3.112074375152588,3.103147268295288,3.0344467163085938,2.7429001331329346,2.394134283065796,2.15714168548584,1.9254876375198364,1.5806896686553955,0.36552372574806213,0.0,0.3825698494911194,0.7270963788032532,0.9963662028312683,1.330414056777954,1.6242619752883911,1.9728002548217773,2.295276641845703,2.5903923511505127,2.711984395980835,2.5322060585021973,2.335994005203247,2.0774924755096436,2.031299114227295,2.807786226272583,3.103184700012207,3.220069169998169,3.2674224376678467,3.16267728805542,3.282616376876831,3.1588828563690186,3.427821159362793,3.306861162185669,3.4266116619110107,3.1667819023132324,2.858093500137329,2.972618818283081,2.702836751937866,2.9228217601776123,3.9898626804351807,4.299951076507568,4.367578983306885,4.351089954376221,4.117143154144287,4.258987903594971,3.985867500305176,4.167789459228516,3.9419143199920654,3.9541220664978027,3.697713851928711,3.546462059020996,3.278599262237549,3.4456331729888916,3.3107056617736816,4.173325061798096,4.378296852111816,4.493264198303223,4.461987495422363,4.2521443367004395,4.350017547607422,4.094189167022705,4.294950485229492,4.099269390106201,4.111794948577881,4.14748477935791,3.998776435852051,3.982374668121338,4.109077453613281,4.144193172454834
B3,3.3447537422180176,3.3192460536956787,3.145906686782837,3.2030186653137207,2.8658807277679443,3.0153472423553467,2.7599058151245117,2.910099983215332,2.8970787525177,2.790494918823242,2.4927594661712646,2.156764030456543,1.910638451576233,1.7322044372558594,1.3624175786972046,0.6795524954795837,0.3825698494911194,0.0,0.40533193945884705,0.663551390171051,1.0141748189926147,1.3110058307647705,1.6578400135040283,2.000656843185425,2.2784292697906494,2.4036166667938232,2.2111334800720215,2.0317556858062744,1.808802843093872,1.7588523626327515,2.6662323474884033,2.9308295249938965,3.028003692626953,3.0354576110839844,2.9137394428253174,2.999657392501831,2.863494873046875,3.116508960723877,2.979140281677246,3.1068711280822754,2.8524281978607178,2.5624873638153076,2.6998212337493896,2.457826852798462,2.6927547454833984,3.8262083530426025,4.135136604309082,4.1897735595703125,4.143001556396484,3.9045844078063965,4.0197906494140625,3.7377941608428955,3.9040544033050537,3.6592204570770264,3.6772329807281494,3.4275763034820557,3.304422378540039,3.055666446685791,3.2533514499664307,3.152846097946167,4.11191987991333,4.291621208190918,4.393701076507568,4.330649375915527,4.1179518699646,4.187323570251465,3.9228575229644775,4.105994701385498,3.885850191116333,3.9120359420776367,3.929419994354248,3.7867672443389893,3.758195638656616,3.8600711822509766,3.899949550628662
B4,3.0977842807769775,3.0802910327911377,2.872666358947754,2.9268226623535156,2.5860676765441895,2.7211813926696777,2.473318576812744,2.60422945022583,2.6210715770721436,2.499938488006592,2.2227869033813477,1.882643222808838,1.6777616739273071,1.5457231998443604,1.1850736141204834,0.9349867105484009,0.7270963788032532,0.40533193945884705,0.0,0.38775157928466797,0.6492750644683838,0.9932499527931213,1.3018548488616943,1.6636080741882324,1.9616390466690063,2.130275249481201,1.974583387374878,1.8560669422149658,1.684395670890808,1.6982744932174683,2.818676710128784,3.045750379562378,3.101867914199829,3.0698273181915283,2.9062037467956543,2.9493203163146973,2.7692954540252686,2.9817562103271484,2.7988781929016113,2.9005789756774902,2.6253585815429688,2.363765001296997,2.553889036178589,2.3538146018981934,2.631439685821533,3.8296310901641846,4.148029327392578,4.169113636016846,4.092546463012695,3.8307061195373535,3.911130428314209,3.604163408279419,3.734937906265259,3.4632480144500732,3.4556665420532227,3.1912684440612793,3.0827760696411133,2.8700342178344727,3.10005784034729,3.0233747959136963,4.124434947967529,4.296254634857178,4.364319324493408,4.2701005935668945,4.034851551055908,4.069948673248291,3.7815544605255127,3.931971788406372,3.6851959228515625,3.6948742866516113,3.680149793624878,3.5172927379608154,3.4601759910583496,3.539133071899414,3.5591278076171875
B5,3.0650620460510254,3.0068836212158203,2.779837131500244,2.781858205795288,2.419034481048584,2.5071189403533936,2.2248568534851074,2.3232929706573486,2.3059918880462646,2.1643917560577393,1.870099663734436,1.5463229417800903,1.3138192892074585,1.2143007516860962,0.8450325727462769,1.1572349071502686,0.9963662028312683,0.663551390171051,0.38775157928466797,0.0,0.3934297263622284,0.6489483714103699,1.0037505626678467,1.344059944152832,1.6161781549453735,1.758488655090332,1.5953779220581055,1.4733607769012451,1.3079502582550049,1.3537318706512451,2.6016385555267334,2.8006672859191895,2.821573257446289,2.7774572372436523,2.5851993560791016,2.6209146976470947,2.4177191257476807,2.6207566261291504,2.43328595161438,2.523522138595581,2.2448160648345947,1.9771441221237183,2.169881582260132,1.9786946773529053,2.269174098968506,3.489301919937134,3.810670852661133,3.8167245388031006,3.728658437728882,3.459831476211548,3.531125545501709,3.219965934753418,3.3473782539367676,3.0761287212371826,3.0714187622070312,2.8118183612823486,2.7085211277008057,2.4957616329193115,2.7341983318328857,2.675116777420044,3.821561574935913,3.977231979370117,4.034750938415527,3.9231948852539062,3.6879992485046387,3.7099101543426514,3.421461343765259,3.5682272911071777,3.316437244415283,3.3405096530914307,3.3296315670013428,3.1849045753479004,3.1412551403045654,3.2224299907684326,3.2692320346832275
B6,2.840956211090088,2.7890918254852295,2.5269393920898438,2.5216965675354004,2.1590635776519775,2.2260358333587646,1.9557666778564453,2.02878737449646,2.050433397293091,1.8946276903152466,1.634047508239746,1.309537410736084,1.1526925563812256,1.1276203393936157,0.8258301019668579,1.4542897939682007,1.330414056777954,1.0141748189926147,0.6492750644683838,0.3934297263622284,0.0,0.38558870553970337,0.6534395217895508,1.0195497274398804,1.326932668685913,1.5331289768218994,1.4367121458053589,1.4091136455535889,1.321427583694458,1.4526183605194092,2.8469772338867188,3.009262800216675,2.990035057067871,2.9120516777038574,2.6804871559143066,2.6727819442749023,2.423675775527954,2.573577404022217,2.3349788188934326,2.384629964828491,2.080214738845825,1.8536254167556763,2.107944965362549,1.9729359149932861,2.3039684295654297,3.559013605117798,3.8868753910064697,3.8565564155578613,3.7407779693603516,3.4483957290649414,3.481989622116089,3.1458582878112793,3.2302191257476807,2.932091474533081,2.892446994781494,2.614344358444214,2.525813579559326,2.360619306564331,2.631287097930908,2.5978691577911377,3.8781464099884033,4.0271711349487305,4.047173976898193,3.9059951305389404,3.6473605632781982,3.6327147483825684,3.319845676422119,3.4276180267333984,3.1490976810455322,3.149916887283325,3.1015841960906982,2.9314889907836914,2.8539865016937256,2.9099271297454834,2.932349920272827
B7,2.8610219955444336,2.7655956745147705,2.4883155822753906,2.4220447540283203,2.042802572250366,2.047168254852295,1.7387847900390625,1.7630332708358765,1.741497278213501,1.5557156801223755,1.2759335041046143,0.9792686700820923,0.8028342127799988,0.8666038513183594,0.6274975538253784,1.7233489751815796,1.6242619752883911,1.3110058307647705,0.9932499527931213,0.6489483714103699,0.38558870553970337,0.0,0.39724037051200867,0.7008625268936157,0.9729883074760437,1.1534414291381836,1.0701197385787964,1.0702848434448242,1.0221103429794312,1.2225775718688965,2.7177464962005615,2.8441011905670166,2.7826225757598877,2.6913998126983643,2.426298141479492,2.4059348106384277,2.1247551441192627,2.2512974739074707,2.000507354736328,2.0233540534973145,1.707342505455017,1.4800742864608765,1.7502670288085938,1.6414018869400024,1.991433024406433,3.2562618255615234,3.585810661315918,3.5340089797973633,3.403965950012207,3.101426601409912,3.120021104812622,2.7763166427612305,2.850209951400757,2.5500738620758057,2.506956100463867,2.230380058288574,2.1486990451812744,1.9915714263916016,2.276566743850708,2.268714427947998,3.605668544769287,3.735980272293091,3.739647626876831,3.5773110389709473,3.316938877105713,3.283196210861206,2.968261241912842,3.066601514816284,2.779790163040161,2.794477939605713,2.747109889984131,2.5968260765075684,2.5337722301483154,2.5916545391082764,2.6466846466064453
B8,2.760638952255249,2.6735594272613525,2.358097553253174,2.2774460315704346,1.9084768295288086,1.86969792842865,1.581017017364502,1.5460528135299683,1.572337031364441,1.351855754852295,1.133927583694458,0.883582353591919,0.8502529263496399,1.0297099351882935,0.9202008843421936,2.0666117668151855,1.9728002548217773,1.6578400135040283,1.3018548488616943,1.0037505626678467,0.6534395217895508,0.39724037051200867,0.0,0.4069584608078003,0.7121737003326416,0.9954798817634583,1.0187067985534668,1.157281517982483,1.2213892936706543,1.465551733970642,3.00679349899292,3.096677303314209,3.003446102142334,2.875903367996216,2.5838754177093506,2.5132246017456055,2.1972601413726807,2.257026433944702,1.953626036643982,1.9310168027877808,1.599197506904602,1.449399471282959,1.7839571237564087,1.7552316188812256,2.1255228519439697,3.3937692642211914,3.720829963684082,3.634450912475586,3.4723846912384033,3.1535301208496094,3.125426769256592,2.7619056701660156,2.7819769382476807,2.4515156745910645,2.371426820755005,2.082676649093628,2.0347893238067627,1.949533224105835,2.270049571990967,2.3022053241729736,3.7502870559692383,3.8662750720977783,3.8330671787261963,3.638056755065918,3.3601725101470947,3.2826104164123535,2.947503089904785,2.9962944984436035,2.6776862144470215,2.671236515045166,2.574415445327759,2.3998210430145264,2.2915730476379395,2.305696725845337,2.333172082901001
B9,2.6728363037109375,2.54402494430542,2.2194623947143555,2.0763282775878906,1.707179307937622,1.596924066543579,1.286491870880127,1.189087986946106,1.1940853595733643,0.9506824016571045,0.762836754322052,0.5760444402694702,0.6786398887634277,0.9517395496368408,0.9994365572929382,2.350233793258667,2.295276641845703,2.000656843185425,1.6636080741882324,1.344059944152832,1.0195497274398804,0.7008625268936157,0.4069584608078003,0.0,0.3999796211719513,0.7199877500534058,0.8870270848274231,1.1056495904922485,1.2154111862182617,1.5342804193496704,3.0940101146698,3.1533925533294678,3.0154287815093994,2.887610912322998,2.5613274574279785,2.483992338180542,2.1309077739715576,2.14437198638916,1.8227053880691528,1.7261912822723389,1.3666425943374634,1.245309829711914,1.6034870147705078,1.6220707893371582,2.0077545642852783,3.230118989944458,3.5608479976654053,3.438276529312134,3.2668657302856445,2.927746057510376,2.8784255981445312,2.5004358291625977,2.488443374633789,2.1574246883392334,2.036653757095337,1.727705955505371,1.6726008653640747,1.6269358396530151,1.9592279195785522,2.0139758586883545,3.537738561630249,3.6449763774871826,3.577501058578491,3.361794948577881,3.0687544345855713,2.9641003608703613,2.6162772178649902,2.6366803646087646,2.3077595233917236,2.2861855030059814,2.174356460571289,1.9966429471969604,1.8887584209442139,1.909184455871582,1.9578866958618164
B10,2.9785594940185547,2.8262112140655518,2.4974381923675537,2.308131217956543,1.950003743171692,1.7688167095184326,1.445041298866272,1.2489752769470215,1.1771694421768188,0.8444198369979858,0.6622537970542908,0.6879793405532837,0.7649704813957214,1.1291967630386353,1.2180190086364746,2.6645870208740234,2.5903923511505127,2.2784292697906494,1.9616390466690063,1.6161781549453735,1.326932668685913,0.9729883074760437,0.7121737003326416,0.3999796211719513,0.0,0.37740933895111084,0.6335422396659851,0.9528979659080505,1.1715459823608398,1.4850528240203857,3.0177321434020996,3.0293188095092773,2.857189893722534,2.6968870162963867,2.3521947860717773,2.2360055446624756,1.8634856939315796,1.8248214721679688,1.4816349744796753,1.355319619178772,0.99955815076828,0.9513658881187439,1.340936303138733,1.443250298500061,1.8157399892807007,3.022536277770996,3.3380560874938965,3.1973955631256104,2.993547201156616,2.6575098037719727,2.570185899734497,2.1903936862945557,2.1512532234191895,1.801253080368042,1.6913436651229858,1.4065672159194946,1.4168896675109863,1.4188321828842163,1.782169222831726,1.9034602642059326,3.44342041015625,3.51017165184021,3.4320411682128906,3.183384418487549,2.9050493240356445,2.765342950820923,2.4274282455444336,2.425213098526001,2.0734317302703857,2.0956552028656006,1.972814917564392,1.8456144332885742,1.752118468284607,1.7382351160049438,1.8421614170074463
B11,3.2359941005706787,3.050686836242676,2.7424516677856445,2.5181925296783447,2.1583712100982666,1.9500651359558105,1.599032998085022,1.384964108467102,1.2069472074508667,0.8611742258071899,0.6223229765892029,0.7742921113967896,0.7527695894241333,1.1393747329711914,1.2619458436965942,2.7862329483032227,2.711984395980835,2.4036166667938232,2.130275249481201,1.758488655090332,1.5331289768218994,1.1534414291381836,0.9954798817634583,0.7199877500534058,0.37740933895111084,0.0,0.3894975185394287,0.7247238755226135,0.992874801158905,1.306028127670288,2.7762885093688965,2.7584304809570312,2.558429002761841,2.3974449634552,2.038092851638794,1.9254624843597412,1.540236473083496,1.4928741455078125,1.1681835651397705,1.0206763744354248,0.651351809501648,0.5818424224853516,0.9752758145332336,1.1197909116744995,1.4787116050720215,2.665379762649536,2.9744038581848145,2.8299732208251953,2.6188430786132812,2.286256790161133,2.198056697845459,1.8218015432357788,1.8005722761154175,1.4589710235595703,1.3869125843048096,1.1299539804458618,1.160041332244873,1.137580156326294,1.5069630146026611,1.665007472038269,3.1648216247558594,3.2043566703796387,3.1338112354278564,2.8741631507873535,2.6165719032287598,2.473905563354492,2.1565663814544678,2.1730518341064453,1.8277587890625,1.9088059663772583,1.826979398727417,1.7720394134521484,1.7440428733825684,1.756333827972412,1.9343016147613525
B12,3.482750415802002,3.3067476749420166,3.0102150440216064,2.8096213340759277,2.435743570327759,2.2649922370910645,1.9015339612960815,1.7318342924118042,1.541494369506836,1.221358299255371,0.9282609224319458,0.9887637495994568,0.804987370967865,1.1514503955841064,1.1778764724731445,2.6402947902679443,2.5322060585021973,2.2111334800720215,1.974583387374878,1.5953779220581055,1.4367121458053589,1.0701197385787964,1.0187067985534668,0.8870270848274231,0.6335422396659851,0.3894975185394287,0.0,0.3827666938304901,0.722312867641449,0.9651666283607483,2.43013072013855,2.4145615100860596,2.2354514598846436,2.063950300216675,1.721337914466858,1.6116913557052612,1.2478727102279663,1.266070008277893,0.9761416912078857,0.9542868137359619,0.6512774229049683,0.4752183258533478,0.8239192962646484,0.9243434071540833,1.26360023021698,2.5245258808135986,2.824439287185669,2.723418712615967,2.517221689224243,2.2162814140319824,2.1577184200286865,1.8104608058929443,1.8523967266082764,1.5302135944366455,1.5499510765075684,1.3544660806655884,1.3943467140197754,1.2943416833877563,1.6346694231033325,1.7791286706924438,3.155292510986328,3.1833152770996094,3.1598544120788574,2.9178426265716553,2.6955671310424805,2.586515188217163,2.303002119064331,2.36824631690979,2.049142837524414,2.177584171295166,2.138129711151123,2.1178739070892334,2.1173603534698486,2.137641191482544,2.3227367401123047
B13,3.6015024185180664,3.417097330093384,3.14892840385437,2.9584133625030518,2.5752668380737305,2.4395179748535156,2.0616471767425537,1.9476076364517212,1.7275866270065308,1.4567595720291138,1.11918044090271,1.1163145303726196,0.8134809732437134,1.0661697387695312,1.0392470359802246,2.444709300994873,2.335994005203247,2.0317556858062744,1.8560669422149658,1.4733607769012451,1.4091136455535889,1.0702848434448242,1.157281517982483,1.1056495904922485,0.9528979659080505,0.7247238755226135,0.3827666938304901,0.0,0.3811114430427551,0.5921789407730103,2.069183588027954,2.0786008834838867,1.9190467596054077,1.7848992347717285,1.4583792686462402,1.4181828498840332,1.0929104089736938,1.225094199180603,1.0405526161193848,1.0998002290725708,0.8656818270683289,0.556541383266449,0.7291300296783447,0.6836391091346741,1.0087674856185913,2.308567762374878,2.6132004261016846,2.553927421569824,2.3841989040374756,2.105024814605713,2.1092097759246826,1.7938275337219238,1.9135074615478516,1.6462067365646362,1.71770441532135,1.5479483604431152,1.538404107093811,1.3443686962127686,1.629003643989563,1.7290440797805786,2.967848539352417,3.0033724308013916,3.023705244064331,2.815714120864868,2.618783950805664,2.5606489181518555,2.306694269180298,2.4317009449005127,2.156766176223755,2.309091329574585,2.3265509605407715,2.329989433288574,2.3725500106811523,2.4369170665740967,2.636749744415283
