0.000000000000000000e+00,3.899545669555664062e-01,6.568788886070251465e-01,1.011133432388305664e+00,1.345249891281127930e+00,1.635780811309814453e+00,1.933564066886901855e+00,2.081809282302856445e+00,1.937642931938171387e+00,1.821530222892761230e+00,1.455636739730834961e+00,1.434261918067932129e+00,1.123308181762695312e+00,1.261932969093322754e+00,1.130774736404418945e+00,4.860115647315979004e-01,5.592616200447082520e-01,7.439643740653991699e-01,1.024505376815795898e+00,1.353562235832214355e+00,1.594790458679199219e+00,1.924613595008850098e+00,2.094561100006103516e+00,1.932389616966247559e+00,1.877864122390747070e+00,1.536866188049316406e+00,1.577788233757019043e+00,1.340308308601379395e+00,1.500286817550659180e+00,1.425060629844665527e+00,1.001982331275939941e+00,9.995746612548828125e-01,1.098549723625183105e+00,1.289032816886901855e+00,1.542968630790710449e+00,1.782513260841369629e+00,2.015185594558715820e+00,2.229722738265991211e+00,2.049366474151611328e+00,2.050275325775146484e+00,1.758771061897277832e+00,1.838220238685607910e+00,1.664197444915771484e+00,1.825436115264892578e+00,1.791838645935058594e+00,1.530806183815002441e+00,1.481372833251953125e+00,1.537276148796081543e+00,1.673479437828063965e+00,1.819935441017150879e+00,2.146833658218383789e+00,2.147652149200439453e+00,2.439351797103881836e+00,2.236607074737548828e+00,2.302462816238403320e+00,2.062623739242553711e+00,2.174125194549560547e+00,2.049180269241333008e+00,2.210638999938964844e+00,2.210180759429931641e+00,2.091236591339111328e+00,2.007249593734741211e+00,2.055024623870849609e+00,2.169123172760009766e+00,2.296714067459106445e+00,2.600884437561035156e+00,2.533777713775634766e+00,2.733955144882202148e+00,2.510756492614746094e+00,2.616354227066040039e+00,2.413611173629760742e+00,2.557234525680541992e+00,2.465771675109863281e+00,2.631014585494995117e+00,2.642646074295043945e+00
3.899545669555664062e-01,0.000000000000000000e+00,3.828065693378448486e-01,6.551998853683471680e-01,1.021888971328735352e+00,1.289474248886108398e+00,1.563222408294677734e+00,1.715141057968139648e+00,1.560924768447875977e+00,1.465860366821289062e+00,1.107049465179443359e+00,1.137688517570495605e+00,8.909272551536560059e-01,1.121040582656860352e+00,1.111871600151062012e+00,7.061402201652526855e-01,5.281791687011718750e-01,6.514725089073181152e-01,7.905415296554565430e-01,1.113957405090332031e+00,1.299596428871154785e+00,1.613764524459838867e+00,1.782512307167053223e+00,1.599204063415527344e+00,1.570426702499389648e+00,1.255697369575500488e+00,1.336186170578002930e+00,1.173838496208190918e+00,1.386747002601623535e+00,1.411817550659179688e+00,1.165051937103271484e+00,1.028850317001342773e+00,1.102046966552734375e+00,1.174476265907287598e+00,1.402018785476684570e+00,1.577305674552917480e+00,1.769461512565612793e+00,1.979159951210021973e+00,1.776754975318908691e+00,1.803388953208923340e+00,1.550499796867370605e+00,1.652784347534179688e+00,1.547719120979309082e+00,1.734397649765014648e+00,1.779089450836181641e+00,1.667016744613647461e+00,1.530812382698059082e+00,1.582778334617614746e+00,1.633248209953308105e+00,1.762598633766174316e+00,2.039441347122192383e+00,1.974305152893066406e+00,2.246012926101684570e+00,2.027114868164062500e+00,2.112689733505249023e+00,1.912982821464538574e+00,2.033305644989013672e+00,1.965881943702697754e+00,2.136184453964233398e+00,2.197638750076293945e+00,2.204094648361206055e+00,2.060719013214111328e+00,2.115715980529785156e+00,2.165752887725830078e+00,2.287698745727539062e+00,2.547312736511230469e+00,2.433248043060302734e+00,2.591301679611206055e+00,2.357787847518920898e+00,2.479022264480590820e+00,2.311804294586181641e+00,2.452357292175292969e+00,2.406221151351928711e+00,2.564428091049194336e+00,2.623504400253295898e+00
6.568788886070251465e-01,3.828065693378448486e-01,0.000000000000000000e+00,3.978066146373748779e-01,6.922951936721801758e-01,1.018226265907287598e+00,1.326378226280212402e+00,1.530603051185607910e+00,1.451617479324340820e+00,1.450078129768371582e+00,1.146591305732727051e+00,1.293828010559082031e+00,1.138491749763488770e+00,1.433343291282653809e+00,1.474520564079284668e+00,9.200111031532287598e-01,7.029271721839904785e-01,6.018024682998657227e-01,6.576470732688903809e-01,8.738079071044921875e-01,1.098329663276672363e+00,1.364519476890563965e+00,1.601444482803344727e+00,1.483817934989929199e+00,1.547320246696472168e+00,1.300911903381347656e+00,1.477897524833679199e+00,1.394023895263671875e+00,1.666883349418640137e+00,1.739665389060974121e+00,1.351102113723754883e+00,1.165184974670410156e+00,1.115108847618103027e+00,1.117879986763000488e+00,1.242874860763549805e+00,1.420278906822204590e+00,1.552139282226562500e+00,1.818468451499938965e+00,1.671793818473815918e+00,1.779689550399780273e+00,1.593553423881530762e+00,1.772562861442565918e+00,1.733236312866210938e+00,1.973994374275207520e+00,2.063937425613403320e+00,1.838919639587402344e+00,1.656260132789611816e+00,1.627861380577087402e+00,1.616345882415771484e+00,1.662163257598876953e+00,1.909738898277282715e+00,1.810669302940368652e+00,2.108574867248535156e+00,1.937959909439086914e+00,2.091103315353393555e+00,1.952587604522705078e+00,2.132380247116088867e+00,2.122404813766479492e+00,2.338853836059570312e+00,2.443161249160766602e+00,2.366194486618041992e+00,2.178412914276123047e+00,2.177191019058227539e+00,2.175598144531250000e+00,2.237010002136230469e+00,2.473343372344970703e+00,2.311715841293334961e+00,2.475524425506591797e+00,2.284601449966430664e+00,2.461870670318603516e+00,2.349138259887695312e+00,2.533679008483886719e+00,2.539589166641235352e+00,2.732457637786865234e+00,2.831889152526855469e+00
1.011133432388305664e+00,6.551998853683471680e-01,3.978066146373748779e-01,0.000000000000000000e+00,3.901754915714263916e-01,6.597466468811035156e-01,9.361885786056518555e-01,1.152315497398376465e+00,1.080780625343322754e+00,1.137994885444641113e+00,8.936685919761657715e-01,1.132492184638977051e+00,1.099229812622070312e+00,1.448296785354614258e+00,1.586940169334411621e+00,1.227873325347900391e+00,9.228947758674621582e-01,7.924885749816894531e-01,6.270619630813598633e-01,7.459595203399658203e-01,8.487804532051086426e-01,1.065057873725891113e+00,1.301763415336608887e+00,1.170111775398254395e+00,1.288332462310791016e+00,1.115917444229125977e+00,1.345269203186035156e+00,1.364666700363159180e+00,1.668485760688781738e+00,1.824359655380249023e+00,1.591311931610107422e+00,1.328739523887634277e+00,1.266688466072082520e+00,1.145518541336059570e+00,1.215064048767089844e+00,1.287552356719970703e+00,1.348272919654846191e+00,1.599404931068420410e+00,1.435939431190490723e+00,1.583054065704345703e+00,1.466316103935241699e+00,1.668388962745666504e+00,1.710365414619445801e+00,1.965013384819030762e+00,2.123073816299438477e+00,2.030660629272460938e+00,1.788007855415344238e+00,1.761463761329650879e+00,1.668322086334228516e+00,1.693973064422607422e+00,1.868004798889160156e+00,1.693324208259582520e+00,1.952876091003417969e+00,1.772012829780578613e+00,1.946786403656005859e+00,1.865531444549560547e+00,2.050160169601440430e+00,2.103204011917114258e+00,2.321799278259277344e+00,2.481935977935791016e+00,2.517677307128906250e+00,2.284879446029663086e+00,2.292759418487548828e+00,2.230383634567260742e+00,2.285863399505615234e+00,2.465846061706542969e+00,2.259068727493286133e+00,2.368051767349243164e+00,2.172170162200927734e+00,2.362252950668334961e+00,2.294068813323974609e+00,2.470291137695312500e+00,2.524044752120971680e+00,2.705574035644531250e+00,2.849401950836181641e+00
1.345249891281127930e+00,1.021888971328735352e+00,6.922951936721801758e-01,3.901754915714263916e-01,0.000000000000000000e+00,4.078114926815032959e-01,7.174645662307739258e-01,1.001791119575500488e+00,1.056796431541442871e+00,1.233617186546325684e+00,1.098790049552917480e+00,1.408790707588195801e+00,1.440945386886596680e+00,1.807829141616821289e+00,1.967384815216064453e+00,1.529044508934020996e+00,1.227915048599243164e+00,1.002827048301696777e+00,7.726398706436157227e-01,6.788095235824584961e-01,7.554580569267272949e-01,8.391544222831726074e-01,1.159875273704528809e+00,1.130403399467468262e+00,1.357106208801269531e+00,1.287154197692871094e+00,1.580750465393066406e+00,1.660635709762573242e+00,1.992110490798950195e+00,2.174671411514282227e+00,1.856999039649963379e+00,1.573146462440490723e+00,1.431515812873840332e+00,1.247843503952026367e+00,1.192950010299682617e+00,1.226717710494995117e+00,1.182323813438415527e+00,1.483035683631896973e+00,1.396346807479858398e+00,1.629754304885864258e+00,1.599136471748352051e+00,1.858146190643310547e+00,1.956722736358642578e+00,2.244249820709228516e+00,2.433796644210815430e+00,2.266437768936157227e+00,1.993605017662048340e+00,1.907174825668334961e+00,1.755438089370727539e+00,1.698724269866943359e+00,1.814213275909423828e+00,1.594241619110107422e+00,1.858832120895385742e+00,1.739228367805480957e+00,1.978906869888305664e+00,1.970177054405212402e+00,2.200871706008911133e+00,2.307103633880615234e+00,2.557751417160034180e+00,2.752075433731079102e+00,2.728374481201171875e+00,2.461470842361450195e+00,2.424206018447875977e+00,2.310425281524658203e+00,2.308002471923828125e+00,2.447766304016113281e+00,2.192021608352661133e+00,2.290697097778320312e+00,2.145665645599365234e+00,2.386672496795654297e+00,2.379963159561157227e+00,2.589714765548706055e+00,2.693594932556152344e+00,2.900049209594726562e+00,3.079162836074829102e+00
1.635780811309814453e+00,1.289474248886108398e+00,1.018226265907287598e+00,6.597466468811035156e-01,4.078114926815032959e-01,0.000000000000000000e+00,3.826106786727905273e-01,6.101295948028564453e-01,7.478401660919189453e-01,9.928904175758361816e-01,9.822570681571960449e-01,1.347212553024291992e+00,1.474587678909301758e+00,1.861854076385498047e+00,2.080829858779907227e+00,1.749587059020996094e+00,1.403554916381835938e+00,1.186243891716003418e+00,8.519873619079589844e-01,6.713009476661682129e-01,5.314911007881164551e-01,4.995137751102447510e-01,7.959462404251098633e-01,7.906989455223083496e-01,1.087003350257873535e+00,1.128000020980834961e+00,1.461873412132263184e+00,1.629025936126708984e+00,1.979250907897949219e+00,2.220433473587036133e+00,1.996577739715576172e+00,1.663088679313659668e+00,1.522753953933715820e+00,1.250049352645874023e+00,1.153939366340637207e+00,1.058001279830932617e+00,9.364554882049560547e-01,1.186750531196594238e+00,1.096070408821105957e+00,1.368732094764709473e+00,1.423968553543090820e+00,1.703832983970642090e+00,1.876413464546203613e+00,2.176986455917358398e+00,2.420845746994018555e+00,2.339767694473266602e+00,2.021966934204101562e+00,1.941435933113098145e+00,1.722410202026367188e+00,1.659440398216247559e+00,1.691780686378479004e+00,1.407568097114562988e+00,1.609228014945983887e+00,1.483797550201416016e+00,1.737109303474426270e+00,1.791697621345520020e+00,2.026507377624511719e+00,2.192684412002563477e+00,2.448418617248535156e+00,2.691049337387084961e+00,2.744798660278320312e+00,2.441423416137695312e+00,2.413864612579345703e+00,2.245784759521484375e+00,2.244329929351806641e+00,2.322516202926635742e+00,2.037130355834960938e+00,2.072144269943237305e+00,1.922808527946472168e+00,2.166773796081542969e+00,2.206007003784179688e+00,2.406228780746459961e+00,2.556812524795532227e+00,2.756070137023925781e+00,2.976100206375122070e+00
1.933564066886901855e+00,1.563222408294677734e+00,1.326378226280212402e+00,9.361885786056518555e-01,7.174645662307739258e-01,3.826106786727905273e-01,0.000000000000000000e+00,3.913833200931549072e-01,5.686093568801879883e-01,9.198846220970153809e-01,1.026181459426879883e+00,1.398358225822448730e+00,1.606497049331665039e+00,1.979082465171813965e+00,2.245124101638793945e+00,2.072912693023681641e+00,1.714325189590454102e+00,1.537182927131652832e+00,1.191049098968505859e+00,1.030889391899108887e+00,7.964017987251281738e-01,6.440154910087585449e-01,8.317788839340209961e-01,7.877058982849121094e-01,1.113238215446472168e+00,1.242817163467407227e+00,1.553746104240417480e+00,1.781206727027893066e+00,2.107544422149658203e+00,2.387665748596191406e+00,2.316320657730102539e+00,1.971975088119506836e+00,1.863234639167785645e+00,1.570671916007995605e+00,1.479497313499450684e+00,1.312184572219848633e+00,1.134170889854431152e+00,1.304435253143310547e+00,1.187796592712402344e+00,1.457035541534423828e+00,1.571898341178894043e+00,1.820767045021057129e+00,2.037862300872802734e+00,2.310700416564941406e+00,2.585983514785766602e+00,2.642904043197631836e+00,2.314397335052490234e+00,2.260370731353759766e+00,2.021553993225097656e+00,1.969987988471984863e+00,1.953661322593688965e+00,1.630681037902832031e+00,1.761854648590087891e+00,1.623322486877441406e+00,1.860307216644287109e+00,1.954918742179870605e+00,2.157425165176391602e+00,2.356182098388671875e+00,2.583097934722900391e+00,2.851285219192504883e+00,3.024224281311035156e+00,2.712538003921508789e+00,2.708596706390380859e+00,2.519840717315673828e+00,2.529565334320068359e+00,2.567263364791870117e+00,2.266013860702514648e+00,2.242902278900146484e+00,2.086619853973388672e+00,2.314411640167236328e+00,2.380419015884399414e+00,2.547639369964599609e+00,2.720618963241577148e+00,2.887607097625732422e+00,3.127627611160278320e+00
2.081809282302856445e+00,1.715141057968139648e+00,1.530603051185607910e+00,1.152315497398376465e+00,1.001791119575500488e+00,6.101295948028564453e-01,3.913833200931549072e-01,0.000000000000000000e+00,3.795890212059020996e-01,7.233908772468566895e-01,9.506741166114807129e-01,1.318429589271545410e+00,1.579823732376098633e+00,1.948600888252258301e+00,2.245009899139404297e+00,2.149168491363525391e+00,1.772409319877624512e+00,1.619771599769592285e+00,1.242404103279113770e+00,1.090871691703796387e+00,7.505416870117187500e-01,5.932537317276000977e-01,5.706395506858825684e-01,4.879539906978607178e-01,8.337111473083496094e-01,1.066169738769531250e+00,1.380458712577819824e+00,1.666295766830444336e+00,1.994115591049194336e+00,2.309711217880249023e+00,2.314380407333374023e+00,1.946149110794067383e+00,1.857607364654541016e+00,1.525130867958068848e+00,1.444253087043762207e+00,1.191419005393981934e+00,1.013372182846069336e+00,1.065820217132568359e+00,9.073836207389831543e-01,1.164508938789367676e+00,1.345172524452209473e+00,1.588742017745971680e+00,1.857951879501342773e+00,2.131208419799804688e+00,2.442383766174316406e+00,2.574295043945312500e+00,2.222871780395507812e+00,2.189478635787963867e+00,1.917316913604736328e+00,1.890615820884704590e+00,1.822512745857238770e+00,1.478776454925537109e+00,1.531858444213867188e+00,1.362228512763977051e+00,1.573188424110412598e+00,1.706668257713317871e+00,1.893437504768371582e+00,2.132638692855834961e+00,2.354675531387329102e+00,2.655336856842041016e+00,2.897617816925048828e+00,2.568331480026245117e+00,2.585012912750244141e+00,2.367445230484008789e+00,2.398622989654541016e+00,2.393728733062744141e+00,2.096360445022583008e+00,2.016285657882690430e+00,1.835932016372680664e+00,2.037219047546386719e+00,2.125338315963745117e+00,2.268972873687744141e+00,2.470023632049560547e+00,2.623274087905883789e+00,2.890002727508544922e+00
1.937642931938171387e+00,1.560924768447875977e+00,1.451617479324340820e+00,1.080780625343322754e+00,1.056796431541442871e+00,7.478401660919189453e-01,5.686093568801879883e-01,3.795890212059020996e-01,0.000000000000000000e+00,3.879328370094299316e-01,6.425710320472717285e-01,9.864436984062194824e-01,1.285068631172180176e+00,1.631078004837036133e+00,1.951240420341491699e+00,2.026563167572021484e+00,1.647803068161010742e+00,1.572895526885986328e+00,1.217896223068237305e+00,1.186416625976562500e+00,8.691100478172302246e-01,8.697013258934020996e-01,8.023573756217956543e-01,5.126380324363708496e-01,6.959053277969360352e-01,8.705254793167114258e-01,1.119684696197509766e+00,1.412691235542297363e+00,1.704713225364685059e+00,2.031968593597412109e+00,2.205163002014160156e+00,1.847813487052917480e+00,1.831608176231384277e+00,1.533131122589111328e+00,1.547900676727294922e+00,1.324447512626647949e+00,1.245877861976623535e+00,1.261712670326232910e+00,9.948788285255432129e-01,1.136499285697937012e+00,1.242483854293823242e+00,1.410831332206726074e+00,1.659577727317810059e+00,1.887017965316772461e+00,2.195082664489746094e+00,2.477449893951416016e+00,2.145533561706542969e+00,2.173846960067749023e+00,1.942874670028686523e+00,1.988851308822631836e+00,1.969783782958984375e+00,1.660706162452697754e+00,1.709819674491882324e+00,1.465450048446655273e+00,1.596488952636718750e+00,1.661237597465515137e+00,1.782808303833007812e+00,1.986275196075439453e+00,2.160667896270751953e+00,2.446025371551513672e+00,2.812445163726806641e+00,2.509865760803222656e+00,2.577831268310546875e+00,2.400424957275390625e+00,2.488577604293823242e+00,2.515809297561645508e+00,2.259586334228515625e+00,2.183606624603271484e+00,1.945642828941345215e+00,2.087748289108276367e+00,2.116158008575439453e+00,2.209801197052001953e+00,2.367919445037841797e+00,2.478668689727783203e+00,2.721046447753906250e+00
1.821530222892761230e+00,1.465860366821289062e+00,1.450078129768371582e+00,1.137994885444641113e+00,1.233617186546325684e+00,9.928904175758361816e-01,9.198846220970153809e-01,7.233908772468566895e-01,3.879328370094299316e-01,0.000000000000000000e+00,3.831377327442169189e-01,6.575692296028137207e-01,9.921616315841674805e-01,1.313953995704650879e+00,1.652272939682006836e+00,1.868954420089721680e+00,1.496607065200805664e+00,1.500059366226196289e+00,1.179094433784484863e+00,1.253782510757446289e+00,9.630160927772521973e-01,1.091495394706726074e+00,9.524298906326293945e-01,5.672281980514526367e-01,4.945091009140014648e-01,5.923659205436706543e-01,7.615227103233337402e-01,1.076488494873046875e+00,1.343760728836059570e+00,1.688562035560607910e+00,2.004521846771240234e+00,1.656528472900390625e+00,1.710648059844970703e+00,1.441451191902160645e+00,1.545457243919372559e+00,1.337843537330627441e+00,1.362120151519775391e+00,1.319029688835144043e+00,9.714590907096862793e-01,9.760053753852844238e-01,1.003090500831604004e+00,1.092169404029846191e+00,1.328801751136779785e+00,1.522543430328369141e+00,1.836389899253845215e+00,2.246794223785400391e+00,1.929543375968933105e+00,2.017559051513671875e+00,1.819415211677551270e+00,1.939332962036132812e+00,1.952263236045837402e+00,1.688295483589172363e+00,1.718593001365661621e+00,1.409172296524047852e+00,1.450927615165710449e+00,1.447586536407470703e+00,1.505215644836425781e+00,1.678140640258789062e+00,1.815395951271057129e+00,2.093093872070312500e+00,2.562541246414184570e+00,2.281467437744140625e+00,2.398323535919189453e+00,2.252723217010498047e+00,2.397668361663818359e+00,2.445285081863403320e+00,2.238797664642333984e+00,2.162285804748535156e+00,1.870918035507202148e+00,1.947936534881591797e+00,1.918867349624633789e+00,1.964941263198852539e+00,2.084780693054199219e+00,2.161921262741088867e+00,2.386036872863769531e+00
1.455636739730834961e+00,1.107049465179443359e+00,1.146591305732727051e+00,8.936685919761657715e-01,1.098790049552917480e+00,9.822570681571960449e-01,1.026181459426879883e+00,9.506741166114807129e-01,6.425710320472717285e-01,3.831377327442169189e-01,0.000000000000000000e+00,3.804693222045898438e-01,6.434420347213745117e-01,9.988090395927429199e-01,1.311394453048706055e+00,1.525656104087829590e+00,1.164231300354003906e+00,1.218535184860229492e+00,9.550561904907226562e-01,1.133712530136108398e+00,9.472911357879638672e-01,1.179760336875915527e+00,1.128808498382568359e+00,7.719745635986328125e-01,6.568413972854614258e-01,4.954819977283477783e-01,6.178686022758483887e-01,8.241216540336608887e-01,1.100394248962402344e+00,1.405174732208251953e+00,1.705504179000854492e+00,1.383172154426574707e+00,1.474746584892272949e+00,1.269517064094543457e+00,1.441676020622253418e+00,1.325788617134094238e+00,1.425559163093566895e+00,1.448897838592529297e+00,1.108682990074157715e+00,1.084603428840637207e+00,9.744687676429748535e-01,1.041100859642028809e+00,1.176085114479064941e+00,1.364362955093383789e+00,1.625775218009948730e+00,2.000999689102172852e+00,1.716836452484130859e+00,1.825600504875183105e+00,1.688157677650451660e+00,1.840667963027954102e+00,1.931112051010131836e+00,1.719611406326293945e+00,1.817490696907043457e+00,1.503928780555725098e+00,1.535892367362976074e+00,1.444537281990051270e+00,1.499299407005310059e+00,1.592616200447082520e+00,1.727169036865234375e+00,1.950942754745483398e+00,2.372096300125122070e+00,2.124387502670288086e+00,2.249770164489746094e+00,2.159082651138305664e+00,2.321934461593627930e+00,2.431207895278930664e+00,2.256622552871704102e+00,2.241453886032104492e+00,1.942045092582702637e+00,2.014900684356689453e+00,1.924704909324645996e+00,1.981726884841918945e+00,2.041484594345092773e+00,2.128339529037475586e+00,2.303682565689086914e+00
1.434261918067932129e+00,1.137688517570495605e+00,1.293828010559082031e+00,1.132492184638977051e+00,1.408790707588195801e+00,1.347212553024291992e+00,1.398358225822448730e+00,1.318429589271545410e+00,9.864436984062194824e-01,6.575692296028137207e-01,3.804693222045898438e-01,0.000000000000000000e+00,3.818186223506927490e-01,6.574009656906127930e-01,1.006834864616394043e+00,1.491219997406005859e+00,1.176499366760253906e+00,1.338670372962951660e+00,1.162249088287353516e+00,1.418215036392211914e+00,1.277479767799377441e+00,1.543679833412170410e+00,1.466490983963012695e+00,1.099196910858154297e+00,8.766860961914062500e-01,6.247562170028686523e-01,4.948816299438476562e-01,6.119207739830017090e-01,7.843378186225891113e-01,1.095778822898864746e+00,1.646987438201904297e+00,1.373025298118591309e+00,1.555088520050048828e+00,1.419564962387084961e+00,1.665688037872314453e+00,1.583718895912170410e+00,1.740003108978271484e+00,1.731513142585754395e+00,1.368330001831054688e+00,1.245577931404113770e+00,1.048990488052368164e+00,9.808334708213806152e-01,1.030362248420715332e+00,1.122401356697082520e+00,1.354710817337036133e+00,1.924016356468200684e+00,1.687070488929748535e+00,1.867581963539123535e+00,1.790600657463073730e+00,2.008069515228271484e+00,2.133472204208374023e+00,1.968552827835083008e+00,2.052786827087402344e+00,1.708880424499511719e+00,1.662719249725341797e+00,1.498327255249023438e+00,1.466288685798645020e+00,1.486664891242980957e+00,1.546070098876953125e+00,1.726715087890625000e+00,2.284043312072753906e+00,2.083657264709472656e+00,2.264325618743896484e+00,2.225087881088256836e+00,2.440046310424804688e+00,2.574286222457885742e+00,2.449500560760498047e+00,2.438791036605834961e+00,2.107313394546508789e+00,2.117822885513305664e+00,1.966565728187561035e+00,1.965587735176086426e+00,1.961751937866210938e+00,1.995341777801513672e+00,2.124250173568725586e+00
1.123308181762695312e+00,8.909272551536560059e-01,1.138491749763488770e+00,1.099229812622070312e+00,1.440945386886596680e+00,1.474587678909301758e+00,1.606497049331665039e+00,1.579823732376098633e+00,1.285068631172180176e+00,9.921616315841674805e-01,6.434420347213745117e-01,3.818186223506927490e-01,0.000000000000000000e+00,3.942475318908691406e-01,6.690495014190673828e-01,1.171416282653808594e+00,9.077782630920410156e-01,1.151051640510559082e+00,1.084970712661743164e+00,1.415542602539062500e+00,1.375272750854492188e+00,1.695800781250000000e+00,1.668352246284484863e+00,1.340657114982604980e+00,1.123806595802307129e+00,7.782109975814819336e-01,6.216851472854614258e-01,4.827693104743957520e-01,6.211662292480468750e-01,8.280873298645019531e-01,1.352144002914428711e+00,1.134985208511352539e+00,1.368009686470031738e+00,1.325131416320800781e+00,1.626641750335693359e+00,1.630843997001647949e+00,1.844349861145019531e+00,1.877983570098876953e+00,1.542089700698852539e+00,1.409924268722534180e+00,1.127866387367248535e+00,1.048955440521240234e+00,9.640740156173706055e-01,1.039693832397460938e+00,1.176111817359924316e+00,1.671724796295166016e+00,1.488676309585571289e+00,1.692343592643737793e+00,1.689785480499267578e+00,1.935762643814086914e+00,2.127413749694824219e+00,2.021734952926635742e+00,2.154626607894897461e+00,1.823467373847961426e+00,1.771370291709899902e+00,1.540679574012756348e+00,1.512092113494873047e+00,1.446293234825134277e+00,1.505209445953369141e+00,1.611031770706176758e+00,2.079187154769897461e+00,1.924221396446228027e+00,2.110466003417968750e+00,2.131922960281372070e+00,2.360681533813476562e+00,2.549408197402954102e+00,2.462497234344482422e+00,2.506165027618408203e+00,2.178855895996093750e+00,2.184643745422363281e+00,1.983522534370422363e+00,1.996745228767395020e+00,1.933810591697692871e+00,1.983192324638366699e+00,2.055725574493408203e+00
1.261932969093322754e+00,1.121040582656860352e+00,1.433343291282653809e+00,1.448296785354614258e+00,1.807829141616821289e+00,1.861854076385498047e+00,1.979082465171813965e+00,1.948600888252258301e+00,1.631078004837036133e+00,1.313953995704650879e+00,9.988090395927429199e-01,6.574009656906127930e-01,3.942475318908691406e-01,0.000000000000000000e+00,3.798319995403289795e-01,1.307693123817443848e+00,1.140516877174377441e+00,1.446170806884765625e+00,1.443589925765991211e+00,1.792374134063720703e+00,1.765684366226196289e+00,2.088526725769042969e+00,2.044870138168334961e+00,1.705651283264160156e+00,1.451641201972961426e+00,1.113757133483886719e+00,8.564826250076293945e-01,6.344031691551208496e-01,5.030357837677001953e-01,6.053960919380187988e-01,1.457866787910461426e+00,1.326395869255065918e+00,1.620159029960632324e+00,1.636863350868225098e+00,1.968377590179443359e+00,1.988815426826477051e+00,2.222473144531250000e+00,2.235097169876098633e+00,1.889163136482238770e+00,1.708688855171203613e+00,1.400992631912231445e+00,1.230575680732727051e+00,1.064462542533874512e+00,9.975003004074096680e-01,1.040470719337463379e+00,1.742970228195190430e+00,1.632366418838500977e+00,1.891858935356140137e+00,1.945071935653686523e+00,2.229348182678222656e+00,2.440039873123168945e+00,2.365030527114868164e+00,2.483644723892211914e+00,2.139423370361328125e+00,2.036804199218750000e+00,1.766592025756835938e+00,1.666258096694946289e+00,1.530427813529968262e+00,1.497506976127624512e+00,1.527267575263977051e+00,2.124697208404541016e+00,2.033544778823852539e+00,2.265996217727661133e+00,2.337351560592651367e+00,2.602747440338134766e+00,2.807872772216796875e+00,2.760550022125244141e+00,2.804937601089477539e+00,2.461188077926635742e+00,2.419297456741333008e+00,2.176087379455566406e+00,2.136470556259155273e+00,2.012331724166870117e+00,2.002383708953857422e+00,2.012083292007446289e+00
1.130774736404418945e+00,1.111871600151062012e+00,1.474520564079284668e+00,1.586940169334411621e+00,1.967384815216064453e+00,2.080829858779907227e+00,2.245124101638793945e+00,2.245009899139404297e+00,1.951240420341491699e+00,1.652272939682006836e+00,1.311394453048706055e+00,1.006834864616394043e+00,6.690495014190673828e-01,3.798319995403289795e-01,0.000000000000000000e+00,1.155441522598266602e+00,1.102622747421264648e+00,1.454832792282104492e+00,1.549436926841735840e+00,1.926203012466430664e+00,1.967734813690185547e+00,2.315235376358032227e+00,2.302932262420654297e+00,1.992606639862060547e+00,1.747977852821350098e+00,1.380834937095642090e+00,1.143482804298400879e+00,8.319380879402160645e-01,6.606203913688659668e-01,5.118963718414306641e-01,1.306780576705932617e+00,1.276884555816650391e+00,1.601393938064575195e+00,1.705025076866149902e+00,2.061465024948120117e+00,2.145457506179809570e+00,2.412507534027099609e+00,2.452656030654907227e+00,2.132745504379272461e+00,1.952218055725097656e+00,1.607384204864501953e+00,1.442992806434631348e+00,1.194261550903320312e+00,1.105601191520690918e+00,1.015835046768188477e+00,1.608079552650451660e+00,1.579336047172546387e+00,1.853074908256530762e+00,1.978697061538696289e+00,2.277480363845825195e+00,2.536103010177612305e+00,2.511782646179199219e+00,2.662588834762573242e+00,2.336094141006469727e+00,2.231104135513305664e+00,1.922803163528442383e+00,1.827659726142883301e+00,1.626119256019592285e+00,1.586951136589050293e+00,1.529598951339721680e+00,2.015540599822998047e+00,1.986629962921142578e+00,2.220562696456909180e+00,2.352138042449951172e+00,2.624496936798095703e+00,2.872498750686645508e+00,2.861479997634887695e+00,2.948589324951171875e+00,2.615427255630493164e+00,2.568571567535400391e+00,2.291034221649169922e+00,2.261515617370605469e+00,2.087386608123779297e+00,2.087570190429687500e+00,2.037027597427368164e+00
4.860115647315979004e-01,7.061402201652526855e-01,9.200111031532287598e-01,1.227873325347900391e+00,1.529044508934020996e+00,1.749587059020996094e+00,2.072912693023681641e+00,2.149168491363525391e+00,2.026563167572021484e+00,1.868954420089721680e+00,1.525656104087829590e+00,1.491219997406005859e+00,1.171416282653808594e+00,1.307693123817443848e+00,1.155441522598266602e+00,0.000000000000000000e+00,3.820919096469879150e-01,6.197699308395385742e-01,9.628319740295410156e-01,1.304425239562988281e+00,1.555691123008728027e+00,1.920518636703491211e+00,2.036613464355468750e+00,1.901095390319824219e+00,1.799828052520751953e+00,1.446609377861022949e+00,1.476972818374633789e+00,1.201957464218139648e+00,1.378395795822143555e+00,1.272582411766052246e+00,5.199934840202331543e-01,5.885263681411743164e-01,7.342143058776855469e-01,1.018319487571716309e+00,1.325562000274658203e+00,1.594045400619506836e+00,1.892812848091125488e+00,2.066353321075439453e+00,1.904592275619506836e+00,1.860744714736938477e+00,1.537024021148681641e+00,1.614327549934387207e+00,1.398916721343994141e+00,1.587418079376220703e+00,1.528573989868164062e+00,1.051772952079772949e+00,1.027866244316101074e+00,1.094792366027832031e+00,1.292070150375366211e+00,1.486902952194213867e+00,1.841935276985168457e+00,1.911576509475708008e+00,2.193335294723510742e+00,1.997123718261718750e+00,2.027473688125610352e+00,1.752419471740722656e+00,1.868353009223937988e+00,1.710494399070739746e+00,1.899648070335388184e+00,1.880616188049316406e+00,1.615700721740722656e+00,1.543363928794860840e+00,1.589375138282775879e+00,1.739217996597290039e+00,1.891544938087463379e+00,2.218434095382690430e+00,2.204693078994750977e+00,2.424281835556030273e+00,2.199231863021850586e+00,2.276739358901977539e+00,2.044536590576171875e+00,2.197165489196777344e+00,2.083302974700927734e+00,2.276308774948120117e+00,2.275374174118041992e+00
5.592616200447082520e-01,5.281791687011718750e-01,7.029271721839904785e-01,9.228947758674621582e-01,1.227915048599243164e+00,1.403554916381835938e+00,1.714325189590454102e+00,1.772409319877624512e+00,1.647803068161010742e+00,1.496607065200805664e+00,1.164231300354003906e+00,1.176499366760253906e+00,9.077782630920410156e-01,1.140516877174377441e+00,1.102622747421264648e+00,3.820919096469879150e-01,0.000000000000000000e+00,3.701227307319641113e-01,6.217773556709289551e-01,9.940909743309020996e-01,1.202092885971069336e+00,1.572421312332153320e+00,1.674860715866088867e+00,1.523386001586914062e+00,1.432933092117309570e+00,1.089175701141357422e+00,1.165584802627563477e+00,9.519123435020446777e-01,1.207533597946166992e+00,1.210535049438476562e+00,6.821653246879577637e-01,5.017899274826049805e-01,6.211861371994018555e-01,7.714853286743164062e-01,1.084766745567321777e+00,1.298016309738159180e+00,1.579724311828613281e+00,1.743800163269042969e+00,1.557827472686767578e+00,1.530998706817626953e+00,1.229252934455871582e+00,1.341091990470886230e+00,1.192715644836425781e+00,1.428768992424011230e+00,1.461040139198303223e+00,1.158089399337768555e+00,1.005066275596618652e+00,1.066522598266601562e+00,1.154510021209716797e+00,1.341139435768127441e+00,1.650227546691894531e+00,1.655645966529846191e+00,1.921272277832031250e+00,1.702383160591125488e+00,1.750798225402832031e+00,1.507880449295043945e+00,1.642176389694213867e+00,1.546152472496032715e+00,1.757695674896240234e+00,1.812135815620422363e+00,1.688377141952514648e+00,1.536486506462097168e+00,1.590906143188476562e+00,1.661200881004333496e+00,1.810722827911376953e+00,2.091031312942504883e+00,2.027228593826293945e+00,2.205215454101562500e+00,1.963209509849548340e+00,2.057687520980834961e+00,1.858942627906799316e+00,2.014425277709960938e+00,1.951413512229919434e+00,2.144444227218627930e+00,2.199596166610717773e+00
7.439643740653991699e-01,6.514725089073181152e-01,6.018024682998657227e-01,7.924885749816894531e-01,1.002827048301696777e+00,1.186243891716003418e+00,1.537182927131652832e+00,1.619771599769592285e+00,1.572895526885986328e+00,1.500059366226196289e+00,1.218535184860229492e+00,1.338670372962951660e+00,1.151051640510559082e+00,1.446170806884765625e+00,1.454832792282104492e+00,6.197699308395385742e-01,3.701227307319641113e-01,0.000000000000000000e+00,3.845821022987365723e-01,6.877512931823730469e-01,9.731229543685913086e-01,1.321113467216491699e+00,1.479414463043212891e+00,1.406463742256164551e+00,1.402422428131103516e+00,1.126966834068298340e+00,1.310674428939819336e+00,1.185454607009887695e+00,1.498081922531127930e+00,1.549225926399230957e+00,8.671122193336486816e-01,6.337543129920959473e-01,5.136723518371582031e-01,5.844656229019165039e-01,7.991882562637329102e-01,1.056903839111328125e+00,1.309058547019958496e+00,1.533811211585998535e+00,1.416600227355957031e+00,1.474785089492797852e+00,1.243200302124023438e+00,1.450136661529541016e+00,1.378628730773925781e+00,1.673108458518981934e+00,1.752345085144042969e+00,1.300161719322204590e+00,1.090972542762756348e+00,1.027505040168762207e+00,1.037089586257934570e+00,1.121584177017211914e+00,1.420033335685729980e+00,1.407732486724853516e+00,1.715948104858398438e+00,1.554210543632507324e+00,1.679664731025695801e+00,1.502725005149841309e+00,1.713887453079223633e+00,1.683956265449523926e+00,1.950386643409729004e+00,2.050112247467041016e+00,1.807209253311157227e+00,1.602492809295654297e+00,1.578029870986938477e+00,1.586983323097229004e+00,1.661789178848266602e+00,1.926352381706237793e+00,1.815452098846435547e+00,2.013775825500488281e+00,1.820185661315917969e+00,1.980431556701660156e+00,1.841339945793151855e+00,2.054839849472045898e+00,2.051185131072998047e+00,2.288279056549072266e+00,2.386925458908081055e+00
1.024505376815795898e+00,7.905415296554565430e-01,6.576470732688903809e-01,6.270619630813598633e-01,7.726398706436157227e-01,8.519873619079589844e-01,1.191049098968505859e+00,1.242404103279113770e+00,1.217896223068237305e+00,1.179094433784484863e+00,9.550561904907226562e-01,1.162249088287353516e+00,1.084970712661743164e+00,1.443589925765991211e+00,1.549436926841735840e+00,9.628319740295410156e-01,6.217773556709289551e-01,3.845821022987365723e-01,0.000000000000000000e+00,3.873829543590545654e-01,5.980598926544189453e-01,9.578658342361450195e-01,1.104475736618041992e+00,1.031533598899841309e+00,1.073447227478027344e+00,8.604769706726074219e-01,1.126903057098388672e+00,1.115315198898315430e+00,1.476464867591857910e+00,1.620193362236022949e+00,1.148586392402648926e+00,8.239914774894714355e-01,6.943401694297790527e-01,5.184813141822814941e-01,6.528995037078857422e-01,7.895132303237915039e-01,9.968468546867370605e-01,1.215104937553405762e+00,1.079207301139831543e+00,1.186099171638488770e+00,1.024112701416015625e+00,1.283471107482910156e+00,1.311589121818542480e+00,1.635367751121520996e+00,1.795410275459289551e+00,1.507547259330749512e+00,1.221445679664611816e+00,1.158639311790466309e+00,1.041309475898742676e+00,1.092071175575256348e+00,1.297778129577636719e+00,1.189459204673767090e+00,1.469038009643554688e+00,1.289864182472229004e+00,1.450912952423095703e+00,1.339362025260925293e+00,1.572409868240356445e+00,1.622153639793395996e+00,1.901152729988098145e+00,2.068797111511230469e+00,1.956174254417419434e+00,1.693934202194213867e+00,1.678356170654296875e+00,1.603738069534301758e+00,1.667637109756469727e+00,1.862591028213500977e+00,1.692258477210998535e+00,1.831182837486267090e+00,1.627437591552734375e+00,1.811115145683288574e+00,1.725472927093505859e+00,1.938698887825012207e+00,1.995689749717712402e+00,2.226800918579101562e+00,2.379850387573242188e+00
1.353562235832214355e+00,1.113957405090332031e+00,8.738079071044921875e-01,7.459595203399658203e-01,6.788095235824584961e-01,6.713009476661682129e-01,1.030889391899108887e+00,1.090871691703796387e+00,1.186416625976562500e+00,1.253782510757446289e+00,1.133712530136108398e+00,1.418215036392211914e+00,1.415542602539062500e+00,1.792374134063720703e+00,1.926203012466430664e+00,1.304425239562988281e+00,9.940909743309020996e-01,6.877512931823730469e-01,3.873829543590545654e-01,0.000000000000000000e+00,3.829768002033233643e-01,6.599417328834533691e-01,8.877066969871520996e-01,9.486255049705505371e-01,1.113983154296875000e+00,1.032189846038818359e+00,1.365783929824829102e+00,1.430493712425231934e+00,1.808073639869689941e+00,1.982189536094665527e+00,1.457476139068603516e+00,1.131553292274475098e+00,9.059455990791320801e-01,6.377391815185546875e-01,5.171589851379394531e-01,5.967510342597961426e-01,6.889531612396240234e-01,9.938933253288269043e-01,9.659078121185302734e-01,1.189970374107360840e+00,1.148955106735229492e+00,1.473818659782409668e+00,1.574617981910705566e+00,1.924056291580200195e+00,2.118775844573974609e+00,1.765812635421752930e+00,1.451878547668457031e+00,1.310328125953674316e+00,1.105329036712646484e+00,1.026810288429260254e+00,1.146575331687927246e+00,9.698389172554016113e-01,1.274622440338134766e+00,1.176334261894226074e+00,1.429471135139465332e+00,1.418113470077514648e+00,1.708323001861572266e+00,1.826259970664978027e+00,2.136640310287475586e+00,2.342916250228881836e+00,2.168888807296752930e+00,1.867926120758056641e+00,1.793931603431701660e+00,1.647617936134338379e+00,1.632234692573547363e+00,1.772302150726318359e+00,1.534572362899780273e+00,1.664519071578979492e+00,1.523963451385498047e+00,1.777447581291198730e+00,1.773583292961120605e+00,2.028968572616577148e+00,2.149547815322875977e+00,2.407487154006958008e+00,2.601631402969360352e+00
1.594790458679199219e+00,1.299596428871154785e+00,1.098329663276672363e+00,8.487804532051086426e-01,7.554580569267272949e-01,5.314911007881164551e-01,7.964017987251281738e-01,7.505416870117187500e-01,8.691100478172302246e-01,9.630160927772521973e-01,9.472911357879638672e-01,1.277479767799377441e+00,1.375272750854492188e+00,1.765684366226196289e+00,1.967734813690185547e+00,1.555691123008728027e+00,1.202092885971069336e+00,9.731229543685913086e-01,5.980598926544189453e-01,3.829768002033233643e-01,0.000000000000000000e+00,3.854221403598785400e-01,5.268957018852233887e-01,5.768653750419616699e-01,8.042799830436706543e-01,8.368134498596191406e-01,1.207048177719116211e+00,1.370035529136657715e+00,1.752575516700744629e+00,1.991936326026916504e+00,1.673434376716613770e+00,1.309855103492736816e+00,1.147552013397216797e+00,8.093753457069396973e-01,7.052680253982543945e-01,5.445150136947631836e-01,5.345699191093444824e-01,7.530314922332763672e-01,6.609491705894470215e-01,9.313840866088867188e-01,9.848917722702026367e-01,1.318165183067321777e+00,1.502171397209167480e+00,1.846441030502319336e+00,2.099207639694213867e+00,1.932437896728515625e+00,1.584379315376281738e+00,1.490516066551208496e+00,1.229730248451232910e+00,1.182791352272033691e+00,1.199422359466552734e+00,9.278704524040222168e-01,1.134228944778442383e+00,9.860483407974243164e-01,1.242384910583496094e+00,1.294886469841003418e+00,1.568446755409240723e+00,1.748951077461242676e+00,2.044416189193725586e+00,2.299763441085815430e+00,2.284173250198364258e+00,1.957331538200378418e+00,1.922840952873229980e+00,1.730437636375427246e+00,1.741700768470764160e+00,1.811931133270263672e+00,1.545673370361328125e+00,1.583825469017028809e+00,1.410522103309631348e+00,1.651239752769470215e+00,1.686993122100830078e+00,1.910613179206848145e+00,2.073659658432006836e+00,2.303992033004760742e+00,2.536581754684448242e+00
