,A1,A2,A3,A4,A5,A6,A7,A8,A9,A10,A11,A12,A13,A14,A15,B1,B2,B3,B4,B5,B6,B7,B8,B9,B10,B11,B12,B13,B14,B15,C1,C2,C3,C4,C5,C6,C7,C8,C9,C10,C11,C12,C13,C14,C15,D1,D2,D3,D4,D5,D6,D7,D8,D9,D10,D11,D12,D13,D14,D15,E1,E2,E3,E4,E5,E6,E7,E8,E9,E10,E11,E12,E13,E14,E15
A1,0.0,0.3941950500011444,0.6539896130561829,0.9823769927024841,1.3273812532424927,1.5439577102661133,1.7840903997421265,1.8312263488769531,1.5800563097000122,1.5246244668960571,1.1679755449295044,1.1708139181137085,0.941865861415863,1.0858325958251953,1.062766194343567,0.9165861010551453,0.843576192855835,0.9619733691215515,1.1134964227676392,1.3313698768615723,1.7057822942733765,1.7878305912017822,1.972858190536499,1.7182894945144653,1.7339701652526855,1.4392306804656982,1.5061814785003662,1.3726797103881836,1.5356312990188599,1.565348505973816,1.5554826259613037,1.4594299793243408,1.5367144346237183,1.5897636413574219,1.7184247970581055,2.057143449783325,2.026081085205078,2.2278635501861572,1.9750196933746338,2.043222427368164,1.8124797344207764,1.9045878648757935,1.8163352012634277,1.978108286857605,2.024138927459717,2.120420217514038,2.0149033069610596,2.0767805576324463,2.088503837585449,2.1879470348358154,2.463162422180176,2.356069564819336,2.555856943130493,2.301302909851074,2.4085967540740967,2.2228055000305176,2.329935312271118,2.27284836769104,2.437715768814087,2.509688377380371,2.7835030555725098,2.6629648208618164,2.7864105701446533,2.8100521564483643,2.8828651905059814,3.081881284713745,2.922245979309082,2.9859821796417236,2.710073232650757,2.8657288551330566,2.6890130043029785,2.8344147205352783,2.776257038116455,2.9320783615112305,3.0160880088806152
A2,0.3941950500011444,0.0,0.39204543828964233,0.6366707682609558,1.0045909881591797,1.2509297132492065,1.4485489130020142,1.495072841644287,1.2211307287216187,1.1886053085327148,0.8619428277015686,0.9182850122451782,0.814180314540863,1.030713438987732,1.142754316329956,1.1177868843078613,0.9035339951515198,0.9844455718994141,0.9910073280334473,1.1765384674072266,1.5249370336532593,1.5310736894607544,1.702656626701355,1.429548740386963,1.464943766593933,1.2212053537368774,1.3114490509033203,1.2747706174850464,1.4655932188034058,1.5914058685302734,1.6877912282943726,1.506241798400879,1.576446294784546,1.5370839834213257,1.648478627204895,1.938522458076477,1.837343454360962,2.014357328414917,1.7509874105453491,1.831570029258728,1.651352047920227,1.7483582496643066,1.731644868850708,1.9001107215881348,2.0191826820373535,2.217650890350342,2.0520122051239014,2.1162524223327637,2.06231689453125,2.154597520828247,2.378666877746582,2.214836359024048,2.3808608055114746,2.123755931854248,2.2395129203796387,2.097395896911621,2.1996028423309326,2.1957309246063232,2.3555843830108643,2.484158515930176,2.8478894233703613,2.6853363513946533,2.8172852993011475,2.795177459716797,2.8649237155914307,3.0181288719177246,2.8201892375946045,2.8428516387939453,2.5679566860198975,2.727125406265259,2.5826847553253174,2.7159972190856934,2.6975622177124023,2.8358943462371826,2.959587812423706
A3,0.6539896130561829,0.39204543828964233,0.0,0.38819241523742676,0.690479040145874,0.9654313921928406,1.2175320386886597,1.3539313077926636,1.1403772830963135,1.2325241565704346,0.9853047728538513,1.1614367961883545,1.1403859853744507,1.4006727933883667,1.528355360031128,1.311619758605957,1.0757906436920166,1.0111095905303955,0.9477241635322571,1.0030748844146729,1.3572087287902832,1.358016014099121,1.5961337089538574,1.385236382484436,1.5190826654434204,1.3539106845855713,1.5267635583877563,1.5582828521728516,1.7946054935455322,1.9466047286987305,1.889374852180481,1.6735725402832031,1.6594812870025635,1.5634280443191528,1.5844351053237915,1.8495088815689087,1.7252957820892334,1.9456690549850464,1.73855721950531,1.8932232856750488,1.7809950113296509,1.938549518585205,1.9807721376419067,2.1901731491088867,2.341012716293335,2.419649124145508,2.2194390296936035,2.2241368293762207,2.1232199668884277,2.1495413780212402,2.3401193618774414,2.1511077880859375,2.3407866954803467,2.13297438621521,2.306736469268799,2.2222492694854736,2.3704893589019775,2.4181690216064453,2.611734390258789,2.7728869915008545,3.046339988708496,2.8507490158081055,2.941084861755371,2.876615524291992,2.89929461479187,3.0259923934936523,2.79438853263855,2.8277812004089355,2.5924806594848633,2.7964446544647217,2.7010891437530518,2.8673315048217773,2.895508289337158,3.056211471557617,3.215665578842163
A4,0.9823769927024841,0.6366707682609558,0.38819241523742676,0.0,0.3764132559299469,0.6592772006988525,0.8493518829345703,0.9886237978935242,0.782572865486145,0.9469411373138428,0.8009902834892273,1.0649107694625854,1.1672887802124023,1.4733271598815918,1.6743067502975464,1.5010641813278198,1.189349889755249,1.0988117456436157,0.8945050835609436,0.889318585395813,1.1674401760101318,1.0741925239562988,1.2933350801467896,1.0874974727630615,1.2643524408340454,1.187726616859436,1.3997869491577148,1.5266969203948975,1.7902817726135254,2.0086252689361572,1.9871490001678467,1.7096894979476929,1.6839649677276611,1.504643201828003,1.5033667087554932,1.6983321905136108,1.5036485195159912,1.6918056011199951,1.4918498992919922,1.6678411960601807,1.6244293451309204,1.7974847555160522,1.9127622842788696,2.135815382003784,2.3456151485443115,2.465860366821289,2.216557264328003,2.217247724533081,2.0564887523651123,2.072140693664551,2.2033193111419678,1.96308171749115,2.114445209503174,1.9168434143066406,2.1024954319000244,2.0714328289031982,2.222627639770508,2.326111078262329,2.5225906372070312,2.7332639694213867,3.046468496322632,2.813656806945801,2.904369354248047,2.7958343029022217,2.8125507831573486,2.8915445804595947,2.6273062229156494,2.6214065551757812,2.396484613418579,2.6049087047576904,2.548719882965088,2.7083163261413574,2.780010223388672,2.931110382080078,3.129631996154785
A5,1.3273812532424927,1.0045909881591797,0.690479040145874,0.3764132559299469,0.0,0.3971293866634369,0.6051021218299866,0.8707283735275269,0.78623366355896,1.0769411325454712,1.0500088930130005,1.3615814447402954,1.5109319686889648,1.8299263715744019,2.0430960655212402,1.790592908859253,1.4727884531021118,1.3075857162475586,1.0468218326568604,0.9019985795021057,1.1004759073257446,0.9567224979400635,1.2195974588394165,1.1064637899398804,1.36955988407135,1.3891096115112305,1.6457602977752686,1.8239787817001343,2.107659101486206,2.3468565940856934,2.2464332580566406,1.9447757005691528,1.863609790802002,1.6316874027252197,1.5512418746948242,1.6818493604660034,1.4469579458236694,1.6502206325531006,1.5201445817947388,1.7551438808441162,1.7891860008239746,1.9994202852249146,2.1663529872894287,2.4109702110290527,2.6482882499694824,2.701045274734497,2.422887086868286,2.381701707839966,2.1750071048736572,2.1354892253875732,2.211883068084717,1.9396644830703735,2.0900213718414307,1.9488404989242554,2.1784722805023193,2.210984230041504,2.391103506088257,2.5428340435028076,2.757809638977051,2.998314619064331,3.256143569946289,2.9940414428710938,3.0531163215637207,2.9017276763916016,2.8797051906585693,2.918931722640991,2.621328353881836,2.609818696975708,2.429121494293213,2.669412851333618,2.6663193702697754,2.8445041179656982,2.9617435932159424,3.1229822635650635,3.354160785675049
A6,1.5439577102661133,1.2509297132492065,0.9654313921928406,0.6592772006988525,0.3971293866634369,0.0,0.3787447214126587,0.6629013419151306,0.7473245859146118,1.0776159763336182,1.113693118095398,1.475548505783081,1.6345595121383667,1.9927542209625244,2.199286699295044,1.8105274438858032,1.4774025678634644,1.2527052164077759,0.9311450719833374,0.6885818243026733,0.7699772715568542,0.6051964163780212,0.9136523008346558,0.9092198610305786,1.2413500547409058,1.3263347148895264,1.6428799629211426,1.8522844314575195,2.179187774658203,2.4252281188964844,2.1790332794189453,1.8493717908859253,1.715051531791687,1.431352972984314,1.2914037704467773,1.3581465482711792,1.1033645868301392,1.3261750936508179,1.265298843383789,1.5559965372085571,1.6484214067459106,1.9118942022323608,2.1189839839935303,2.4064993858337402,2.661658525466919,2.5848276615142822,2.2766025066375732,2.193319797515869,1.9443117380142212,1.8616398572921753,1.8920516967773438,1.6041561365127563,1.7619298696517944,1.670099139213562,1.9411195516586304,2.0227770805358887,2.2453346252441406,2.437822103500366,2.6898083686828613,2.9521751403808594,3.1000022888183594,2.8096349239349365,2.8347291946411133,2.6460635662078857,2.593061685562134,2.6027414798736572,2.2872729301452637,2.2805888652801514,2.1358911991119385,2.4060919284820557,2.4451065063476562,2.653407335281372,2.8100125789642334,2.999037027359009,3.2590270042419434
A7,1.7840903997421265,1.4485489130020142,1.2175320386886597,0.8493518829345703,0.6051021218299866,0.3787447214126587,0.0,0.3767787516117096,0.5564242601394653,0.9324933290481567,1.096764326095581,1.4578115940093994,1.6944774389266968,2.0457475185394287,2.2997570037841797,2.037858724594116,1.6748074293136597,1.4996061325073242,1.1384490728378296,0.9486262798309326,0.9112786650657654,0.592852771282196,0.7670007348060608,0.7692990899085999,1.1058541536331177,1.2886457443237305,1.5885001420974731,1.8628462553024292,2.176011800765991,2.466351270675659,2.337423801422119,1.981351613998413,1.8805010318756104,1.5594913959503174,1.4502596855163574,1.4374269247055054,1.1080713272094727,1.230599284172058,1.1635327339172363,1.4357558488845825,1.5945490598678589,1.8337355852127075,2.0931129455566406,2.3618409633636475,2.6578099727630615,2.6897988319396973,2.3582022190093994,2.302032709121704,2.020848274230957,1.9615434408187866,1.9341059923171997,1.600414752960205,1.678171992301941,1.5829651355743408,1.8322683572769165,1.959485650062561,2.153871536254883,2.3855698108673096,2.614337921142578,2.911595344543457,3.1514410972595215,2.843186855316162,2.8891329765319824,2.6754074096679688,2.639671564102173,2.6032350063323975,2.26845383644104,2.199859142303467,2.0546586513519287,2.3015387058258057,2.369497060775757,2.5460455417633057,2.7320001125335693,2.8913047313690186,3.175827741622925
A8,1.8312263488769531,1.495072841644287,1.3539313077926636,0.9886237978935242,0.8707283735275269,0.6629013419151306,0.3767787516117096,0.0,0.36999788880348206,0.6801583170890808,0.9258630275726318,1.2780121564865112,1.5479071140289307,1.900399923324585,2.171546459197998,1.9785710573196411,1.5974260568618774,1.4770501852035522,1.098079800605774,0.9998396039009094,0.9000641107559204,0.5330483317375183,0.5085164308547974,0.4502795934677124,0.7708930373191833,1.0222058296203613,1.3163641691207886,1.629706859588623,1.9430547952651978,2.25467848777771,2.1849470138549805,1.8121416568756104,1.7505676746368408,1.4129729270935059,1.3664171695709229,1.3181061744689941,0.9615078568458557,0.9825818538665771,0.8592127561569214,1.0955334901809692,1.2874444723129272,1.5128520727157593,1.8050354719161987,2.070514440536499,2.3894569873809814,2.479661464691162,2.1349310874938965,2.111429214477539,1.8186920881271362,1.8058489561080933,1.7599667310714722,1.4122371673583984,1.4262598752975464,1.2885074615478516,1.502146601676941,1.6408480405807495,1.8146864175796509,2.0668063163757324,2.28676176071167,2.602898597717285,2.8942935466766357,2.5794124603271484,2.650628089904785,2.433635711669922,2.431459903717041,2.380911350250244,2.0536937713623047,1.942248821258545,1.7661172151565552,1.9809986352920532,2.0465941429138184,2.1998865604400635,2.3948700428009033,2.540306806564331,2.8361802101135254
A9,1.5800563097000122,1.2211307287216187,1.1403772830963135,0.782572865486145,0.78623366355896,0.7473245859146118,0.5564242601394653,0.36999788880348206,0.0,0.3825640380382538,0.6173216700553894,0.95048588514328,1.2442798614501953,1.576202630996704,1.867801547050476,1.8230050802230835,1.4396288394927979,1.392164945602417,1.0476570129394531,1.0509027242660522,1.0760588645935059,0.778562605381012,0.7678066492080688,0.5069948434829712,0.689276397228241,0.8492459654808044,1.0856223106384277,1.3875410556793213,1.6690093278884888,1.987858533859253,2.0774545669555664,1.722642421722412,1.7265527248382568,1.4373672008514404,1.467576265335083,1.5027204751968384,1.1889398097991943,1.2101926803588867,0.9801779389381409,1.1247687339782715,1.2228845357894897,1.3846033811569214,1.6369411945343018,1.8626233339309692,2.1722373962402344,2.4092743396759033,2.0918149948120117,2.122035026550293,1.8764560222625732,1.9228811264038086,1.9402016401290894,1.6228582859039307,1.6412721872329712,1.4292179346084595,1.580507516860962,1.6419161558151245,1.7632700204849243,1.9654866456985474,2.1471333503723145,2.4430222511291504,2.860595703125,2.57637095451355,2.6912925243377686,2.5206968784332275,2.561971664428711,2.553518295288086,2.2571704387664795,2.148216485977173,1.918514609336853,2.0904576778411865,2.092113494873047,2.209099054336548,2.351602792739868,2.467689275741577,2.730461359024048
A10,1.5246244668960571,1.1886053085327148,1.2325241565704346,0.9469411373138428,1.0769411325454712,1.0776159763336182,0.9324933290481567,0.6801583170890808,0.3825640380382538,0.0,0.38087791204452515,0.6399039626121521,0.9727707505226135,1.2835936546325684,1.5942481756210327,1.7021106481552124,1.324067234992981,1.375813603401184,1.0784687995910645,1.2046849727630615,1.2517452239990234,1.0113060474395752,0.9116402864456177,0.5487655401229858,0.4845319390296936,0.5774676203727722,0.7310983538627625,1.0563997030258179,1.3138062953948975,1.6522107124328613,1.8943275213241577,1.5518174171447754,1.6345645189285278,1.3858869075775146,1.5120930671691895,1.574696660041809,1.3019357919692993,1.2619695663452148,0.9425129890441895,0.9582306146621704,0.9823437333106995,1.067076325416565,1.3058254718780518,1.4989796876907349,1.817279577255249,2.1946370601654053,1.8945232629776,1.9877469539642334,1.777738332748413,1.897965669631958,1.9469356536865234,1.6608299016952515,1.6441375017166138,1.3610190153121948,1.4271478652954102,1.4253469705581665,1.485599398612976,1.6561185121536255,1.8030897378921509,2.094130277633667,2.6277737617492676,2.3656466007232666,2.5275356769561768,2.3927268981933594,2.487473726272583,2.501859188079834,2.243150234222412,2.1160311698913574,1.8338675498962402,1.9459342956542969,1.8926920890808105,1.9653300046920776,2.068371295928955,2.155574321746826,2.397998571395874
A11,1.1679755449295044,0.8619428277015686,0.9853047728538513,0.8009902834892273,1.0500088930130005,1.113693118095398,1.096764326095581,0.9258630275726318,0.6173216700553894,0.38087791204452515,0.0,0.3774162232875824,0.6293072700500488,0.9747958183288574,1.2556257247924805,1.3626843690872192,0.9976908564567566,1.1043468713760376,0.8815049529075623,1.0956555604934692,1.2484655380249023,1.1115303039550781,1.095858097076416,0.7335125207901001,0.6494220495223999,0.483669251203537,0.612055242061615,0.8215463161468506,1.0946805477142334,1.3891521692276,1.62264883518219,1.3122166395187378,1.4261354207992554,1.247022271156311,1.416528344154358,1.5719587802886963,1.3728554248809814,1.4023088216781616,1.0683151483535767,1.0742663145065308,0.9639332294464111,1.0422155857086182,1.1761012077331543,1.3743833303451538,1.635777235031128,1.9887275695800781,1.7265925407409668,1.8348110914230347,1.6840970516204834,1.8270816802978516,1.9526511430740356,1.71961510181427,1.7660006284713745,1.4630162715911865,1.5250346660614014,1.4366858005523682,1.5032423734664917,1.5953201055526733,1.7510794401168823,1.986551284790039,2.490103244781494,2.262784957885742,2.4316980838775635,2.346151351928711,2.452402114868164,2.5261545181274414,2.3014323711395264,2.2267420291900635,1.9251794815063477,2.039616823196411,1.9285749197006226,2.018078088760376,2.0615408420562744,2.169177770614624,2.3646256923675537
A12,1.1708139181137085,0.9182850122451782,1.1614367961883545,1.0649107694625854,1.3615814447402954,1.475548505783081,1.4578115940093994,1.2780121564865112,0.95048588514328,0.6399039626121521,0.3774162232875824,0.0,0.38543063402175903,0.6447133421897888,0.9726309776306152,1.3824056386947632,1.0725207328796387,1.2882541418075562,1.1551594734191895,1.4238035678863525,1.5972511768341064,1.4814411401748657,1.4355883598327637,1.0632998943328857,0.8721954822540283,0.6261800527572632,0.5078262686729431,0.621135950088501,0.7883392572402954,1.096938967704773,1.6154820919036865,1.3606442213058472,1.5612947940826416,1.4547497034072876,1.6860692501068115,1.8650566339492798,1.6982401609420776,1.695839762687683,1.3344067335128784,1.2458244562149048,1.0544726848602295,1.0038832426071167,1.0468032360076904,1.1502701044082642,1.387007236480713,1.9652128219604492,1.7528786659240723,1.9294911623001099,1.8371776342391968,2.0376505851745605,2.193351984024048,1.9928487539291382,2.0165517330169678,1.678902506828308,1.6654170751571655,1.50933039188385,1.492838978767395,1.5100454092025757,1.594275712966919,1.7914880514144897,2.457725763320923,2.2749032974243164,2.4928503036499023,2.456820487976074,2.6102566719055176,2.7094287872314453,2.5221431255340576,2.437669515609741,2.1045596599578857,2.160677909851074,1.9938615560531616,2.0277674198150635,2.0080742835998535,2.068614959716797,2.2149250507354736
A13,0.941865861415863,0.814180314540863,1.1403859853744507,1.1672887802124023,1.5109319686889648,1.6345595121383667,1.6944774389266968,1.5479071140289307,1.2442798614501953,0.9727707505226135,0.6293072700500488,0.38543063402175903,0.0,0.38793760538101196,0.6271191835403442,1.079248070716858,0.8380261063575745,1.1342556476593018,1.1210474967956543,1.4463169574737549,1.675087571144104,1.6452772617340088,1.642124056816101,1.2940318584442139,1.1138544082641602,0.7712568640708923,0.6444022059440613,0.5059581995010376,0.655749499797821,0.849520206451416,1.3503050804138184,1.163320779800415,1.4032071828842163,1.3906493186950684,1.6568527221679688,1.9009151458740234,1.8077633380889893,1.8490004539489746,1.498101830482483,1.4087625741958618,1.1326041221618652,1.0843455791473389,0.9966394901275635,1.0990281105041504,1.2353752851486206,1.7505033016204834,1.5958354473114014,1.7879970073699951,1.7673588991165161,1.987705111503601,2.2066760063171387,2.064844846725464,2.135436534881592,1.7961493730545044,1.7788499593734741,1.5566089153289795,1.5510190725326538,1.4862406253814697,1.5821384191513062,1.7035788297653198,2.2975664138793945,2.158909320831299,2.3789656162261963,2.395904302597046,2.5596675872802734,2.712847948074341,2.565506935119629,2.529064416885376,2.1891932487487793,2.2448017597198486,2.0317978858947754,2.0841245651245117,2.008288621902466,2.0946176052093506,2.188654899597168
A14,1.0858325958251953,1.030713438987732,1.4006727933883667,1.4733271598815918,1.8299263715744019,1.9927542209625244,2.0457475185394287,1.900399923324585,1.576202630996704,1.2835936546325684,0.9747958183288574,0.6447133421897888,0.38793760538101196,0.0,0.37445369362831116,1.2715251445770264,1.125000238418579,1.4588624238967896,1.4935706853866577,1.8230990171432495,2.0619301795959473,2.0296599864959717,2.0141210556030273,1.6571040153503418,1.4430720806121826,1.1108150482177734,0.8855012059211731,0.664003312587738,0.568579375743866,0.678959846496582,1.5158452987670898,1.408305287361145,1.6941452026367188,1.7317323684692383,2.0183162689208984,2.270249366760254,2.1879122257232666,2.2115399837493896,1.8510146141052246,1.71800696849823,1.4199364185333252,1.2872525453567505,1.1200644969940186,1.092021107673645,1.1491761207580566,1.8856892585754395,1.794960379600525,2.0335278511047363,2.0610105991363525,2.3111703395843506,2.5451061725616455,2.422008991241455,2.476663112640381,2.1236491203308105,2.060934543609619,1.8045885562896729,1.7340134382247925,1.6022642850875854,1.6153656244277954,1.6721642017364502,2.409691572189331,2.323364496231079,2.5791728496551514,2.6398324966430664,2.8357272148132324,3.00630521774292,2.8864102363586426,2.8427934646606445,2.4881198406219482,2.5016207695007324,2.2532951831817627,2.25740385055542,2.125762701034546,2.162306070327759,2.1956064701080322
A15,1.062766194343567,1.142754316329956,1.528355360031128,1.6743067502975464,2.0430960655212402,2.199286699295044,2.2997570037841797,2.171546459197998,1.867801547050476,1.5942481756210327,1.2556257247924805,0.9726309776306152,0.6271191835403442,0.37445369362831116,0.0,1.1216199398040771,1.0936739444732666,1.4589847326278687,1.585960865020752,1.9358142614364624,2.1999282836914062,2.228055953979492,2.2376322746276855,1.9028873443603516,1.7001407146453857,1.3343228101730347,1.1361013650894165,0.8194769024848938,0.7083646059036255,0.5974888801574707,1.363580584526062,1.351378321647644,1.6542205810546875,1.7727973461151123,2.073497772216797,2.3641886711120605,2.339973211288452,2.3919925689697266,2.047842264175415,1.9191858768463135,1.581531047821045,1.463634967803955,1.216976523399353,1.188615083694458,1.1255710124969482,1.7525910139083862,1.7330005168914795,1.9774799346923828,2.0710787773132324,2.330190896987915,2.608643054962158,2.5365993976593018,2.6245148181915283,2.279062032699585,2.215524673461914,1.9199464321136475,1.8626269102096558,1.6712133884429932,1.6944609880447388,1.672268033027649,2.30580997467041,2.269516706466675,2.520763635635376,2.6306138038635254,2.832383632659912,3.046482563018799,2.9642422199249268,2.960369110107422,2.6078386306762695,2.620342969894409,2.3415441513061523,2.361586570739746,2.1866722106933594,2.2462615966796875,2.2303285598754883
B1,0.9165861010551453,1.1177868843078613,1.311619758605957,1.5010641813278198,1.790592908859253,1.8105274438858032,2.037858724594116,1.9785710573196411,1.8230050802230835,1.7021106481552124,1.3626843690872192,1.3824056386947632,1.079248070716858,1.2715251445770264,1.1216199398040771,0.0,0.3870379328727722,0.6065975427627563,0.9472371935844421,1.2657850980758667,1.5475168228149414,1.7599074840545654,1.8794113397598267,1.6908314228057861,1.6477385759353638,1.3081669807434082,1.4019577503204346,1.1736267805099487,1.4093937873840332,1.3326432704925537,0.6817536354064941,0.6994779109954834,0.7895162105560303,1.0286403894424438,1.2505602836608887,1.6240990161895752,1.7463568449020386,1.9329748153686523,1.7172666788101196,1.7439090013504028,1.4452855587005615,1.5803636312484741,1.4172446727752686,1.662522315979004,1.6363648176193237,1.268635630607605,1.217352032661438,1.2581682205200195,1.3785951137542725,1.522640347480774,1.8735064268112183,1.893991470336914,2.1223642826080322,1.8809226751327515,1.9589767456054688,1.70994234085083,1.865217924118042,1.756656527519226,1.9993213415145874,2.0187737941741943,1.953843116760254,1.8621702194213867,1.95302414894104,2.034310817718506,2.122195243835449,2.3883419036865234,2.3159241676330566,2.443389415740967,2.171919822692871,2.3123791217803955,2.0942060947418213,2.286994218826294,2.196241617202759,2.4273359775543213,2.489058256149292
B2,0.843576192855835,0.9035339951515198,1.0757906436920166,1.189349889755249,1.4727884531021118,1.4774025678634644,1.6748074293136597,1.5974260568618774,1.4396288394927979,1.324067234992981,0.9976908564567566,1.0725207328796387,0.8380261063575745,1.125000238418579,1.0936739444732666,0.3870379328727722,0.0,0.3834518492221832,0.6167389154434204,0.9721730947494507,1.2461063861846924,1.411848783493042,1.518441915512085,1.3107937574386597,1.2792919874191284,0.953112006187439,1.0971440076828003,0.9500037431716919,1.252218246459961,1.2839748859405518,0.8146100044250488,0.6314406394958496,0.7127503156661987,0.8099709749221802,1.0392965078353882,1.387508749961853,1.4433295726776123,1.6158651113510132,1.3772488832473755,1.4207285642623901,1.1513384580612183,1.3164160251617432,1.230162262916565,1.5087652206420898,1.5724315643310547,1.351613163948059,1.1945823431015015,1.2382144927978516,1.2554949522018433,1.395480751991272,1.6977540254592896,1.649486780166626,1.8536522388458252,1.5967522859573364,1.6925536394119263,1.4813039302825928,1.6471954584121704,1.6020714044570923,1.8548591136932373,1.946055293083191,2.0017459392547607,1.8465871810913086,1.950217843055725,1.9671038389205933,2.0505640506744385,2.2642953395843506,2.1401140689849854,2.2248735427856445,1.9445712566375732,2.098367691040039,1.9121131896972656,2.1019933223724365,2.0590693950653076,2.2795398235321045,2.3920814990997314
B3,0.9619733691215515,0.9844455718994141,1.0111095905303955,1.0988117456436157,1.3075857162475586,1.2527052164077759,1.4996061325073242,1.4770501852035522,1.392164945602417,1.375813603401184,1.1043468713760376,1.2882541418075562,1.1342556476593018,1.4588624238967896,1.4589847326278687,0.6065975427627563,0.3834518492221832,0.0,0.3843890428543091,0.6613260507583618,0.9604073166847229,1.1918638944625854,1.3706423044204712,1.2435312271118164,1.3186503648757935,1.0765849351882935,1.3187230825424194,1.258426308631897,1.5937039852142334,1.657483458518982,1.0132673978805542,0.7941889762878418,0.6749076843261719,0.6853092908859253,0.7795021533966064,1.1504387855529785,1.2258400917053223,1.4721719026565552,1.3087564706802368,1.4492582082748413,1.2631365060806274,1.5099728107452393,1.498680591583252,1.8161365985870361,1.9131660461425781,1.5234100818634033,1.3239479064941406,1.257994532585144,1.2093006372451782,1.2437269687652588,1.528518795967102,1.4708212614059448,1.7295700311660767,1.5372530221939087,1.713613748550415,1.5736701488494873,1.806009292602539,1.8246980905532837,2.1169087886810303,2.241623640060425,2.1551320552825928,1.9600571393966675,1.9956068992614746,1.9585224390029907,1.9727435111999512,2.165997266769409,2.007533073425293,2.1250715255737305,1.8953770399093628,2.1122360229492188,1.9863507747650146,2.2256932258605957,2.2393500804901123,2.490963935852051,2.6422488689422607
B4,1.1134964227676392,0.9910073280334473,0.9477241635322571,0.8945050835609436,1.0468218326568604,0.9311450719833374,1.1384490728378296,1.098079800605774,1.0476570129394531,1.0784687995910645,0.8815049529075623,1.1551594734191895,1.1210474967956543,1.4935706853866577,1.585960865020752,0.9472371935844421,0.6167389154434204,0.3843890428543091,0.0,0.3762935996055603,0.647681713104248,0.819381058216095,1.0007119178771973,0.882434606552124,1.019330620765686,0.8618926405906677,1.1747469902038574,1.23050856590271,1.5958266258239746,1.7443796396255493,1.2520091533660889,0.9405534863471985,0.8168145418167114,0.6286023855209351,0.6634898781776428,0.9538558721542358,0.9241319894790649,1.1648845672607422,0.9999234080314636,1.1925575733184814,1.0893704891204834,1.3730919361114502,1.4583213329315186,1.7904974222183228,1.9623980522155762,1.687896490097046,1.41756010055542,1.3510913848876953,1.195910930633545,1.2056574821472168,1.4044800996780396,1.2572661638259888,1.485449194908142,1.2970759868621826,1.5083167552947998,1.4384962320327759,1.6831154823303223,1.7763748168945312,2.070619821548462,2.258598804473877,2.260328531265259,2.014530658721924,2.054661273956299,1.9522331953048706,1.954943060874939,2.0818932056427,1.8663567304611206,1.9348366260528564,1.7116414308547974,1.9474272727966309,1.8723044395446777,2.1078598499298096,2.17793869972229,2.4162163734436035,2.6160781383514404
B5,1.3313698768615723,1.1765384674072266,1.0030748844146729,0.889318585395813,0.9019985795021057,0.6885818243026733,0.9486262798309326,0.9998396039009094,1.0509027242660522,1.2046849727630615,1.0956555604934692,1.4238035678863525,1.4463169574737549,1.8230990171432495,1.9358142614364624,1.2657850980758667,0.9721730947494507,0.6613260507583618,0.3762935996055603,0.0,0.39575329422950745,0.616890549659729,0.913234293460846,0.9145029783248901,1.168554425239563,1.1221243143081665,1.467367172241211,1.5767861604690552,1.9438669681549072,2.112922430038452,1.5768846273422241,1.2687737941741943,1.0684435367584229,0.8226443529129028,0.6682212352752686,0.8781098127365112,0.8050286173820496,1.119523286819458,1.0593749284744263,1.3411650657653809,1.3359633684158325,1.6506677865982056,1.7871843576431274,2.1264588832855225,2.3210432529449463,1.9877676963806152,1.6995917558670044,1.5717908143997192,1.3633944988250732,1.272477149963379,1.401874303817749,1.2151148319244385,1.4723238945007324,1.367451786994934,1.6458274126052856,1.655480146408081,1.931056022644043,2.073333740234375,2.3792688846588135,2.592402935028076,2.5307135581970215,2.2588353157043457,2.2522122859954834,2.1000113487243652,2.0420889854431152,2.1258108615875244,1.8666657209396362,1.9457517862319946,1.784492015838623,2.0691423416137695,2.0590531826019287,2.318782091140747,2.4371180534362793,2.6847305297851562,2.914222240447998
B6,1.7057822942733765,1.5249370336532593,1.3572087287902832,1.1674401760101318,1.1004759073257446,0.7699772715568542,0.9112786650657654,0.9000641107559204,1.0760588645935059,1.2517452239990234,1.2484655380249023,1.5972511768341064,1.675087571144104,2.0619301795959473,2.1999282836914062,1.5475168228149414,1.2461063861846924,0.9604073166847229,0.647681713104248,0.39575329422950745,0.0,0.3846352994441986,0.6548553109169006,0.8092576265335083,1.1072887182235718,1.1718753576278687,1.5436345338821411,1.712058663368225,2.0932698249816895,2.290771007537842,1.7198864221572876,1.3805272579193115,1.149993896484375,0.8173547387123108,0.5780895948410034,0.5951888561248779,0.44548335671424866,0.7927027940750122,0.8448897004127502,1.1861027479171753,1.2814898490905762,1.6313459873199463,1.8312772512435913,2.1903793811798096,2.4196877479553223,2.033722162246704,1.7040752172470093,1.5426443815231323,1.2583372592926025,1.1136993169784546,1.1379154920578003,0.8942165374755859,1.1445378065109253,1.1102566719055176,1.437166452407837,1.5296941995620728,1.836950421333313,2.040407419204712,2.3656980991363525,2.615168333053589,2.4947900772094727,2.1831812858581543,2.1473357677459717,1.9342597723007202,1.8438446521759033,1.8650907278060913,1.566577434539795,1.6274160146713257,1.511871337890625,1.828073501586914,1.8834151029586792,2.1622822284698486,2.3374719619750977,2.5967049598693848,2.8651840686798096
B7,1.7878305912017822,1.5310736894607544,1.358016014099121,1.0741925239562988,0.9567224979400635,0.6051964163780212,0.592852771282196,0.5330483317375183,0.778562605381012,1.0113060474395752,1.1115303039550781,1.4814411401748657,1.6452772617340088,2.0296599864959717,2.228055953979492,1.7599074840545654,1.411848783493042,1.1918638944625854,0.819381058216095,0.616890549659729,0.3846352994441986,0.0,0.37550485134124756,0.5569015741348267,0.918805718421936,1.085807204246521,1.4498577117919922,1.6920188665390015,2.0567233562469482,2.3086998462677,1.9389435052871704,1.5732827186584473,1.4130432605743408,1.0574800968170166,0.9064382314682007,0.8459177613258362,0.5224630236625671,0.7250657081604004,0.7351378202438354,1.0813195705413818,1.249508023262024,1.5680930614471436,1.8241612911224365,2.155332326889038,2.4310529232025146,2.2353596687316895,1.8876237869262695,1.7811064720153809,1.474709391593933,1.3815805912017822,1.3444020748138428,1.0229829549789429,1.1577987670898438,1.095340609550476,1.4005980491638184,1.538978099822998,1.8042514324188232,2.0459115505218506,2.336333751678467,2.623775005340576,2.666391134262085,2.34263014793396,2.3475334644317627,2.1172263622283936,2.057727098464966,2.029339075088501,1.701796293258667,1.6769298315048218,1.5458701848983765,1.8336353302001953,1.9127635955810547,2.147043466567993,2.3469526767730713,2.56420636177063,2.855487823486328
B8,1.972858190536499,1.702656626701355,1.5961337089538574,1.2933350801467896,1.2195974588394165,0.9136523008346558,0.7670007348060608,0.5085164308547974,0.7678066492080688,0.9116402864456177,1.095858097076416,1.4355883598327637,1.642124056816101,2.0141210556030273,2.2376322746276855,1.8794113397598267,1.518441915512085,1.3706423044204712,1.0007119178771973,0.913234293460846,0.6548553109169006,0.37550485134124756,0.0,0.37737250328063965,0.693000316619873,0.9618260860443115,1.3044471740722656,1.5950227975845337,1.94845449924469,2.228411912918091,1.9512873888015747,1.5689553022384644,1.4599895477294922,1.087393045425415,1.0194652080535889,0.8769867420196533,0.504819393157959,0.4767942428588867,0.45174169540405273,0.7869647741317749,1.0401160717010498,1.3434627056121826,1.650841236114502,1.9722782373428345,2.280117988586426,2.1669626235961914,1.79973566532135,1.7321555614471436,1.4010168313980103,1.361838698387146,1.269309401512146,0.9111793041229248,0.925017774105072,0.8260715007781982,1.1032472848892212,1.291454792022705,1.5357507467269897,1.8194057941436768,2.096953868865967,2.4148824214935303,2.5255072116851807,2.1863760948181152,2.218820810317993,1.9699807167053223,1.9460455179214478,1.8773536682128906,1.545556664466858,1.4460926055908203,1.2895915508270264,1.5448588132858276,1.6461517810821533,1.8525832891464233,2.081676959991455,2.2793378829956055,2.594243288040161
B9,1.7182894945144653,1.429548740386963,1.385236382484436,1.0874974727630615,1.1064637899398804,0.9092198610305786,0.7692990899085999,0.4502795934677124,0.5069948434829712,0.5487655401229858,0.7335125207901001,1.0632998943328857,1.2940318584442139,1.6571040153503418,1.9028873443603516,1.6908314228057861,1.3107937574386597,1.2435312271118164,0.882434606552124,0.9145029783248901,0.8092576265335083,0.5569015741348267,0.37737250328063965,0.0,0.3763456344604492,0.6340669989585876,0.9626662731170654,1.2695558071136475,1.608343243598938,1.9061200618743896,1.7990394830703735,1.4191631078720093,1.3926019668579102,1.0604110956192017,1.1033750772476196,1.076943039894104,0.7680144309997559,0.7312400341033936,0.4741024971008301,0.675678014755249,0.8404127955436707,1.0926913022994995,1.3860232830047607,1.679968237876892,1.993285894393921,2.051607608795166,1.7034034729003906,1.7071967124938965,1.4252221584320068,1.4722990989685059,1.4606856107711792,1.1433987617492676,1.1464574337005615,0.9245703816413879,1.1051121950149536,1.20167076587677,1.3848884105682373,1.6289786100387573,1.8710367679595947,2.181199073791504,2.4499754905700684,2.139359712600708,2.2308528423309326,2.03459095954895,2.0708775520324707,2.0498361587524414,1.7574560642242432,1.6489499807357788,1.415486454963684,1.6065914630889893,1.6287885904312134,1.7870452404022217,1.9630560874938965,2.126875162124634,2.4153528213500977
B10,1.7339701652526855,1.464943766593933,1.5190826654434204,1.2643524408340454,1.36955988407135,1.2413500547409058,1.1058541536331177,0.7708930373191833,0.689276397228241,0.4845319390296936,0.6494220495223999,0.8721954822540283,1.1138544082641602,1.4430720806121826,1.7001407146453857,1.6477385759353638,1.2792919874191284,1.3186503648757935,1.019330620765686,1.168554425239563,1.1072887182235718,0.918805718421936,0.693000316619873,0.3763456344604492,0.0,0.38639214634895325,0.642686665058136,0.9859758019447327,1.301425576210022,1.618456244468689,1.6743305921554565,1.3067898750305176,1.3749889135360718,1.0951309204101562,1.2520698308944702,1.2535066604614258,1.0089293718338013,0.8844662308692932,0.5206339359283447,0.47409647703170776,0.5686903595924377,0.7431773543357849,1.0575087070465088,1.327035665512085,1.6603388786315918,1.8765301704406738,1.5421802997589111,1.624153971672058,1.3814502954483032,1.5211015939712524,1.5391079187393188,1.2652113437652588,1.2078510522842407,0.8943968415260315,0.9435255527496338,0.9690631031990051,1.0768440961837769,1.306565761566162,1.5162136554718018,1.8349859714508057,2.2416188716888428,1.9502853155136108,2.099804401397705,1.9404704570770264,2.0427958965301514,2.0406289100646973,1.7936025857925415,1.6528170108795166,1.3553261756896973,1.4631177186965942,1.4229124784469604,1.5234256982803345,1.665140986442566,1.7958101034164429,2.0734148025512695
B11,1.4392306804656982,1.2212053537368774,1.3539106845855713,1.187726616859436,1.3891096115112305,1.3263347148895264,1.2886457443237305,1.0222058296203613,0.8492459654808044,0.5774676203727722,0.483669251203537,0.6261800527572632,0.7712568640708923,1.1108150482177734,1.3343228101730347,1.3081669807434082,0.953112006187439,1.0765849351882935,0.8618926405906677,1.1221243143081665,1.1718753576278687,1.085807204246521,0.9618260860443115,0.6340669989585876,0.38639214634895325,0.0,0.37360429763793945,0.6372629404067993,0.9887163639068604,1.2742581367492676,1.3588985204696655,1.014221429824829,1.1509666442871094,0.9564552903175354,1.1960368156433105,1.3095993995666504,1.1562076807022095,1.1126649379730225,0.7431169152259827,0.6533465385437012,0.48057886958122253,0.6145423054695129,0.8074782490730286,1.0915530920028687,1.3789410591125488,1.619523048400879,1.3235549926757812,1.4491418600082397,1.2837660312652588,1.4756842851638794,1.590928554534912,1.387673258781433,1.398568868637085,1.0567938089370728,1.070771336555481,0.9535900950431824,1.041221022605896,1.16211998462677,1.3735780715942383,1.6355949640274048,2.059007167816162,1.810117244720459,1.9861679077148438,1.893523931503296,2.0258450508117676,2.0966434478759766,1.8987237215042114,1.8137139081954956,1.4859917163848877,1.575110673904419,1.4464713335037231,1.5479415655136108,1.6036615371704102,1.7455710172653198,1.9650591611862183
B12,1.5061814785003662,1.3114490509033203,1.5267635583877563,1.3997869491577148,1.6457602977752686,1.6428799629211426,1.5885001420974731,1.3163641691207886,1.0856223106384277,0.7310983538627625,0.612055242061615,0.5078262686729431,0.6444022059440613,0.8855012059211731,1.1361013650894165,1.4019577503204346,1.0971440076828003,1.3187230825424194,1.1747469902038574,1.467367172241211,1.5436345338821411,1.4498577117919922,1.3044471740722656,0.9626662731170654,0.642686665058136,0.37360429763793945,0.0,0.3859645426273346,0.6592345237731934,0.9922969937324524,1.4100911617279053,1.1272001266479492,1.3593590259552002,1.241837501525879,1.5271141529083252,1.6528586149215698,1.5168688297271729,1.4350855350494385,1.0565152168273926,0.8574314117431641,0.6120625734329224,0.49622079730033875,0.6011425256729126,0.7827281355857849,1.0893988609313965,1.6307878494262695,1.387982726097107,1.5973314046859741,1.4945229291915894,1.7443212270736694,1.8768600225448608,1.7018826007843018,1.673888921737671,1.3067213296890259,1.2201039791107178,1.0311387777328491,0.9854378700256348,1.0234341621398926,1.1416645050048828,1.3871865272521973,2.038994550704956,1.8361830711364746,2.073812961578369,2.031581401824951,2.218226432800293,2.3047940731048584,2.14566707611084,2.037374496459961,1.681121826171875,1.6912015676498413,1.503017544746399,1.520906925201416,1.5071059465408325,1.582235336303711,1.7583444118499756
B13,1.3726797103881836,1.2747706174850464,1.5582828521728516,1.5266969203948975,1.8239787817001343,1.8522844314575195,1.8628462553024292,1.629706859588623,1.3875410556793213,1.0563997030258179,0.8215463161468506,0.621135950088501,0.5059581995010376,0.664003312587738,0.8194769024848938,1.1736267805099487,0.9500037431716919,1.258426308631897,1.23050856590271,1.5767861604690552,1.712058663368225,1.6920188665390015,1.5950227975845337,1.2695558071136475,0.9859758019447327,0.6372629404067993,0.3859645426273346,0.0,0.38686081767082214,0.6374660134315491,1.1625077724456787,0.9624426364898682,1.2677967548370361,1.2625590562820435,1.592151403427124,1.78543221950531,1.7227699756622314,1.6855887174606323,1.3230998516082764,1.1294376850128174,0.7913941144943237,0.6490681171417236,0.49234434962272644,0.6348413228988647,0.824626624584198,1.4141064882278442,1.246577262878418,1.5015488862991333,1.4919501543045044,1.7767143249511719,1.9788891077041626,1.8692418336868286,1.8860465288162231,1.5197383165359497,1.418668508529663,1.1432603597640991,1.0831981897354126,0.9837499260902405,1.0854185819625854,1.227391242980957,1.8756134510040283,1.733906865119934,1.992975115776062,2.022010564804077,2.233229637145996,2.3808786869049072,2.272010087966919,2.2109601497650146,1.8462516069412231,1.8412501811981201,1.5898096561431885,1.6090770959854126,1.5079412460327148,1.5936298370361328,1.6913505792617798
