,A1,A2,A3,A4,A5,A6,A7,A8,A9,A10,A11,A12,A13,A14,A15,B1,B2,B3,B4,B5,B6,B7,B8,B9,B10,B11,B12,B13,B14,B15,C1,C2,C3,C4,C5,C6,C7,C8,C9,C10,C11,C12,C13,C14,C15,D1,D2,D3,D4,D5,D6,D7,D8,D9,D10,D11,D12,D13,D14,D15,E1,E2,E3,E4,E5,E6,E7,E8,E9,E10,E11,E12,E13,E14,E15
A1,0.0,0.380259245634079,0.6313852071762085,0.9524856209754944,1.2472047805786133,1.5661990642547607,1.8100671768188477,2.136866807937622,2.245394468307495,2.6091065406799316,2.803016185760498,3.1716527938842773,3.3002383708953857,3.666949510574341,3.8357954025268555,2.8364782333374023,2.7230873107910156,2.3477368354797363,2.246029853820801,1.9631847143173218,1.8607765436172485,2.0267493724823,2.379934787750244,2.5757508277893066,2.9569661617279053,3.112467050552368,3.473252296447754,3.644624948501587,4.0001935958862305,4.203096389770508,4.273907661437988,3.9367575645446777,3.7729382514953613,3.4074208736419678,3.2486212253570557,2.8670926094055176,2.709261178970337,2.81040620803833,2.9025750160217285,3.2707645893096924,3.413715124130249,3.7907650470733643,3.930640935897827,4.302757263183594,4.447625637054443,4.330004692077637,3.959202527999878,3.8359556198120117,3.454655170440674,3.307952404022217,3.0651986598968506,2.7452433109283447,2.535043954849243,2.6694579124450684,2.907301902770996,3.148056745529175,3.3952622413635254,3.5867152214050293,3.8904366493225098,4.016922473907471,3.3475961685180664,2.999305486679077,2.893766164779663,2.618300437927246,2.4614856243133545,2.4712095260620117,2.132056713104248,1.8641328811645508,1.7711619138717651,1.7096924781799316,2.0238943099975586,1.9252437353134155,2.2122905254364014,2.25459623336792,2.411823034286499
A2,0.380259245634079,0.0,0.39834916591644287,0.6192235350608826,0.956985592842102,1.2762638330459595,1.5019936561584473,1.8082740306854248,1.8933335542678833,2.2504074573516846,2.4474141597747803,2.8104615211486816,2.949333429336548,3.311832904815674,3.495004415512085,2.491279125213623,2.365615129470825,1.9858522415161133,1.888127326965332,1.598406434059143,1.5278576612472534,1.7001140117645264,2.0623743534088135,2.2359397411346436,2.6209099292755127,2.7740118503570557,3.126593828201294,3.304575204849243,3.6526308059692383,3.867361545562744,3.9508869647979736,3.62441349029541,3.4556467533111572,3.0989418029785156,2.9483745098114014,2.561038017272949,2.436889886856079,2.553239583969116,2.6217920780181885,2.9991040229797363,3.130763530731201,3.507944345474243,3.6460251808166504,4.0149383544921875,4.167141914367676,4.116760730743408,3.7513535022735596,3.6323776245117188,3.2464895248413086,3.1188302040100098,2.852722406387329,2.5561678409576416,2.332437038421631,2.449650287628174,2.7151482105255127,2.9322102069854736,3.206437587738037,3.3785128593444824,3.7013235092163086,3.81532621383667,3.2220704555511475,2.858414649963379,2.7747135162353516,2.473379373550415,2.35026216506958,2.3292057514190674,1.9882636070251465,1.683039903640747,1.6219258308410645,1.5318849086761475,1.829641342163086,1.7551589012145996,2.0169711112976074,2.0938360691070557,2.2205166816711426
A3,0.6313852071762085,0.39834916591644287,0.0,0.3749723732471466,0.6260446310043335,0.936589241027832,1.2005457878112793,1.5307862758636475,1.6814502477645874,2.039830207824707,2.2652649879455566,2.6391961574554443,2.796684503555298,3.171342372894287,3.362607479095459,2.4701216220855713,2.287524461746216,1.916584849357605,1.7425341606140137,1.426156759262085,1.2784053087234497,1.4082359075546265,1.7565690279006958,1.9737876653671265,2.34853196144104,2.5275886058807373,2.890439510345459,3.0813205242156982,3.440070867538452,3.655168056488037,3.65903902053833,3.3195011615753174,3.1472549438476562,2.7803142070770264,2.6174418926239014,2.2370715141296387,2.0806431770324707,2.1904137134552,2.28639817237854,2.656680107116699,2.8129794597625732,3.1846799850463867,3.342250108718872,3.7075905799865723,3.872645139694214,3.763763666152954,3.4011447429656982,3.2648751735687256,2.8799896240234375,2.736093521118164,2.4698967933654785,2.1691155433654785,1.9614920616149902,2.107103109359741,2.3822951316833496,2.6218457221984863,2.9005227088928223,3.095430374145508,3.419529438018799,3.56084942817688,3.0143494606018066,2.6514534950256348,2.5329225063323975,2.21173095703125,2.060225009918213,1.997260332107544,1.6440612077713013,1.3497238159179688,1.348978877067566,1.3333828449249268,1.6687971353530884,1.6810139417648315,1.9663206338882446,2.1164066791534424,2.2810420989990234
A4,0.9524856209754944,0.6192235350608826,0.3749723732471466,0.0,0.39712458848953247,0.6723177433013916,0.8980229496955872,1.199463963508606,1.3226654529571533,1.6758180856704712,1.9057261943817139,2.2748045921325684,2.4438211917877197,2.8144137859344482,3.0205252170562744,2.140566110610962,1.937530755996704,1.5666170120239258,1.384596347808838,1.0556710958480835,0.9401450157165527,1.081923007965088,1.4438115358352661,1.6308252811431885,2.0118958950042725,2.1861822605133057,2.540926456451416,2.7380948066711426,3.0892832279205322,3.3162832260131836,3.3393313884735107,3.0120327472686768,2.837080955505371,2.480569839477539,2.332819938659668,1.946069359779358,1.8353071212768555,1.9593088626861572,2.019468307495117,2.4001705646514893,2.5388906002044678,2.910714864730835,3.063450336456299,3.425142288208008,3.596449613571167,3.569725275039673,3.2148687839508057,3.087813377380371,2.7005343437194824,2.585195302963257,2.2950825691223145,2.0286202430725098,1.8029978275299072,1.918962001800537,2.223574161529541,2.4285807609558105,2.736088752746582,2.9045422077178955,3.247687578201294,3.3720717430114746,2.91617751121521,2.5424745082855225,2.4532322883605957,2.110520601272583,2.006564140319824,1.9110902547836304,1.570887565612793,1.2396063804626465,1.2823801040649414,1.2314844131469727,1.5270113945007324,1.573832631111145,1.817650556564331,2.0054931640625,2.134404420852661
A5,1.2472047805786133,0.956985592842102,0.6260446310043335,0.39712458848953247,0.0,0.39837783575057983,0.7239676713943481,1.012796401977539,1.2259199619293213,1.5430678129196167,1.828864336013794,2.1907618045806885,2.4017391204833984,2.771561861038208,3.0041258335113525,2.248469114303589,1.986696720123291,1.6384316682815552,1.3863699436187744,1.0191595554351807,0.843192994594574,0.842473030090332,1.1855266094207764,1.43614661693573,1.7948293685913086,2.0242841243743896,2.374669075012207,2.6065568923950195,2.9566478729248047,3.2012076377868652,3.099546194076538,2.7650320529937744,2.562485933303833,2.2003896236419678,2.0130255222320557,1.6273492574691772,1.4930028915405273,1.6529719829559326,1.7619956731796265,2.1343023777008057,2.3175220489501953,2.673004627227783,2.8636624813079834,3.2113027572631836,3.4135055541992188,3.3317711353302,2.989741325378418,2.827179431915283,2.4430391788482666,2.297407627105713,1.983634352684021,1.733824610710144,1.5564547777175903,1.7254973649978638,2.0606131553649902,2.2869091033935547,2.609898805618286,2.80112624168396,3.149211883544922,3.3045148849487305,2.941460609436035,2.5749425888061523,2.450573444366455,2.0871951580047607,1.9552762508392334,1.7849589586257935,1.4390865564346313,1.1393685340881348,1.2991849184036255,1.3423405885696411,1.6457903385162354,1.7797340154647827,2.021056890487671,2.264137029647827,2.4044764041900635
A6,1.5661990642547607,1.2762638330459595,0.936589241027832,0.6723177433013916,0.39837783575057983,0.0,0.3586144745349884,0.6670781373977661,0.9462756514549255,1.2607260942459106,1.5410349369049072,1.9081865549087524,2.113201141357422,2.4893550872802734,2.711718797683716,2.094783067703247,1.7940949201583862,1.4880614280700684,1.166929006576538,0.8380258679389954,0.5499098300933838,0.5192780494689941,0.8327431082725525,1.1038440465927124,1.4524215459823608,1.6760417222976685,2.0384738445281982,2.2608840465545654,2.6212430000305176,2.851832151412964,2.7378172874450684,2.394629716873169,2.2141361236572266,1.844673991203308,1.6892280578613281,1.314634919166565,1.1719634532928467,1.2891241312026978,1.3734718561172485,1.7485337257385254,1.9228030443191528,2.282048225402832,2.4684085845947266,2.8185877799987793,3.0175681114196777,2.948153018951416,2.607135057449341,2.4568135738372803,2.071741819381714,1.9544492959976196,1.6425412893295288,1.4089069366455078,1.2026405334472656,1.3467437028884888,1.6952717304229736,1.9065827131271362,2.241318941116333,2.426424264907837,2.7799460887908936,2.9380619525909424,2.649901866912842,2.288121461868286,2.165846109390259,1.7912321090698242,1.685875415802002,1.480323314666748,1.1624048948287964,0.8635964393615723,1.0912050008773804,1.1652445793151855,1.4333633184432983,1.6431872844696045,1.8629225492477417,2.1610870361328125,2.313913106918335
A7,1.8100671768188477,1.5019936561584473,1.2005457878112793,0.8980229496955872,0.7239676713943481,0.3586144745349884,0.0,0.3639979958534241,0.6428514719009399,0.9719778299331665,1.2169421911239624,1.5914582014083862,1.7763679027557373,2.157315254211426,2.366283416748047,1.828603744506836,1.5096664428710938,1.2434371709823608,0.8824361562728882,0.6286343336105347,0.2540419101715088,0.33844324946403503,0.6093000769615173,0.8163876533508301,1.1744203567504883,1.3532401323318481,1.7264939546585083,1.9253053665161133,2.2924811840057373,2.509370803833008,2.4654743671417236,2.12760853767395,1.9817863702774048,1.6200188398361206,1.5319993495941162,1.1748034954071045,1.0869194269180298,1.144486904144287,1.1359834671020508,1.5208510160446167,1.643121600151062,2.014469623565674,2.1707041263580322,2.528620958328247,2.711252212524414,2.73378324508667,2.394155740737915,2.28228759765625,1.9000471830368042,1.8464468717575073,1.5463827848434448,1.352420449256897,1.0907399654388428,1.141739010810852,1.4935829639434814,1.649269461631775,2.000521183013916,2.148564100265503,2.5136680603027344,2.6463613510131836,2.425492525100708,2.0627553462982178,1.9799748659133911,1.6037507057189941,1.5692954063415527,1.3677122592926025,1.1088554859161377,0.8023175001144409,1.0225303173065186,1.0491180419921875,1.2367082834243774,1.484621524810791,1.65541672706604,1.9864529371261597,2.1238582134246826
A8,2.136866807937622,1.8082740306854248,1.5307862758636475,1.199463963508606,1.012796401977539,0.6670781373977661,0.3639979958534241,0.0,0.3809520900249481,0.6317139267921448,0.909696102142334,1.2653547525405884,1.4841159582138062,1.8531867265701294,2.0895891189575195,1.6660325527191162,1.3070718050003052,1.1013339757919312,0.7130855321884155,0.5379363894462585,0.3256584405899048,0.23291468620300293,0.3361813724040985,0.4541339874267578,0.8237085938453674,1.0142465829849243,1.3765145540237427,1.598504900932312,1.955013632774353,2.194484233856201,2.1426496505737305,1.822342038154602,1.6691540479660034,1.3271775245666504,1.2719955444335938,0.9256740212440491,0.9466681480407715,1.0207065343856812,0.9334980845451355,1.3162267208099365,1.4101898670196533,1.769022822380066,1.9248120784759521,2.2688844203948975,2.467674970626831,2.598278045654297,2.2833962440490723,2.1818151473999023,1.8160004615783691,1.805670142173767,1.4881749153137207,1.3803861141204834,1.140748381614685,1.1367974281311035,1.5018795728683472,1.5906295776367188,1.9664171934127808,2.0729501247406006,2.4503071308135986,2.5628249645233154,2.4884746074676514,2.1379873752593994,2.0887949466705322,1.7192089557647705,1.74009370803833,1.5112959146499634,1.3175101280212402,1.0581107139587402,1.2907664775848389,1.294352412223816,1.395836353302002,1.66159188747406,1.7656421661376953,2.1130428314208984,2.2064311504364014
A9,2.245394468307495,1.8933335542678833,1.6814502477645874,1.3226654529571533,1.2259199619293213,0.9462756514549255,0.6428514719009399,0.3809520900249481,0.0,0.387358158826828,0.6035276651382446,0.9748459458351135,1.1815816164016724,1.5504236221313477,1.7952536344528198,1.2926000356674194,0.929187536239624,0.7400808334350586,0.3564431667327881,0.3489459753036499,0.4397563934326172,0.546026885509491,0.6201803088188171,0.45722806453704834,0.8204027414321899,0.9005941152572632,1.2360776662826538,1.430153250694275,1.7693181037902832,2.0157206058502197,2.1325626373291016,1.85509192943573,1.7286297082901,1.4390037059783936,1.450609803199768,1.1372601985931396,1.2554398775100708,1.3201234340667725,1.1463185548782349,1.501648187637329,1.5102646350860596,1.8595919609069824,1.9612699747085571,2.299327850341797,2.472944974899292,2.7665159702301025,2.4641079902648926,2.407327175140381,2.058932065963745,2.1012990474700928,1.8004366159439087,1.7224935293197632,1.4628105163574219,1.3846489191055298,1.71579110622406,1.7310374975204468,2.103837728500366,2.147191047668457,2.5284109115600586,2.5849649906158447,2.541187047958374,2.1889455318450928,2.2063210010528564,1.8572522401809692,1.9453682899475098,1.766019344329834,1.6016695499420166,1.322448492050171,1.4785672426223755,1.3857836723327637,1.4059966802597046,1.6200567483901978,1.652529001235962,1.9781699180603027,2.007779359817505
A10,2.6091065406799316,2.2504074573516846,2.039830207824707,1.6758180856704712,1.5430678129196167,1.2607260942459106,0.9719778299331665,0.6317139267921448,0.387358158826828,0.0,0.3854638934135437,0.6723533272743225,0.9608280658721924,1.2920589447021484,1.5875402688980103,1.287964105606079,0.8948954343795776,0.8423485159873962,0.5645428895950317,0.6662562489509583,0.8088824152946472,0.7764483094215393,0.6869260668754578,0.34454861283302307,0.5650395750999451,0.6311884522438049,0.9049085378646851,1.1448591947555542,1.4517364501953125,1.7393018007278442,1.8304146528244019,1.5920424461364746,1.4533698558807373,1.2206298112869263,1.2735034227371216,1.0207618474960327,1.2495628595352173,1.3314753770828247,1.1090209484100342,1.4102071523666382,1.3868931531906128,1.6899480819702148,1.7912293672561646,2.0940587520599365,2.289452075958252,2.692101001739502,2.428037166595459,2.3757009506225586,2.059446096420288,2.1325080394744873,1.8269526958465576,1.828494668006897,1.6129844188690186,1.5151560306549072,1.8387305736541748,1.8004662990570068,2.1782445907592773,2.1849937438964844,2.5644211769104004,2.605041027069092,2.7153255939483643,2.386214256286621,2.420224189758301,2.0847361087799072,2.197735071182251,1.9900221824645996,1.8676353693008423,1.6293059587478638,1.8133783340454102,1.7369866371154785,1.7183126211166382,1.9450335502624512,1.933301568031311,2.2608654499053955,2.2550666332244873
A11,2.803016185760498,2.4474141597747803,2.2652649879455566,1.9057261943817139,1.828864336013794,1.5410349369049072,1.2169421911239624,0.909696102142334,0.6035276651382446,0.3854638934135437,0.0,0.38837265968322754,0.5917012691497803,0.9510163068771362,1.2172775268554688,1.0391108989715576,0.6546847224235535,0.7590623497962952,0.5836421251296997,0.8728867173194885,1.0258841514587402,1.0976561307907104,1.0004678964614868,0.6390054821968079,0.731645941734314,0.5625135898590088,0.7875551581382751,0.9145089983940125,1.2202391624450684,1.4692288637161255,1.7895618677139282,1.5886163711547852,1.5364484786987305,1.357923150062561,1.5074390172958374,1.3205052614212036,1.5455877780914307,1.553234577178955,1.2603617906570435,1.5140812397003174,1.3904699087142944,1.680420994758606,1.7006226778030396,2.001588821411133,2.144420623779297,2.684574842453003,2.4294397830963135,2.438124895095825,2.145378589630127,2.280425548553467,2.02101993560791,2.033057451248169,1.7840949296951294,1.607326626777649,1.87489914894104,1.7636266946792603,2.118922233581543,2.062499761581421,2.4326772689819336,2.4192323684692383,2.576129198074341,2.263282060623169,2.3558080196380615,2.055026054382324,2.233283042907715,2.0727956295013428,2.000148057937622,1.7724957466125488,1.8996912240982056,1.773264765739441,1.669532060623169,1.8762915134429932,1.7955334186553955,2.114476442337036,2.0748648643493652
A12,3.1716527938842773,2.8104615211486816,2.6391961574554443,2.2748045921325684,2.1907618045806885,1.9081865549087524,1.5914582014083862,1.2653547525405884,0.9748459458351135,0.6723533272743225,0.38837265968322754,0.0,0.37324583530426025,0.6281706690788269,0.9626213908195496,1.0870448350906372,0.7630110383033752,0.9980270862579346,0.9356269836425781,1.2258363962173462,1.4067572355270386,1.4394137859344482,1.2969915866851807,0.9174788594245911,0.8583110570907593,0.6091553568840027,0.6136304140090942,0.7019733786582947,0.9174783825874329,1.2014554738998413,1.6238003969192505,1.5027204751968384,1.4774121046066284,1.3971319198608398,1.59735906124115,1.4870463609695435,1.768676519393921,1.7782323360443115,1.4621995687484741,1.643223524093628,1.471171259880066,1.6892499923706055,1.6739522218704224,1.9202152490615845,2.057309150695801,2.7435202598571777,2.531787633895874,2.561725378036499,2.3100974559783936,2.4777050018310547,2.2316741943359375,2.2969377040863037,2.076247453689575,1.882737159729004,2.124459981918335,1.963436484336853,2.301180601119995,2.1980156898498535,2.550557851791382,2.503247022628784,2.7906830310821533,2.506190776824951,2.624689817428589,2.3482048511505127,2.5510969161987305,2.3866188526153564,2.3443071842193604,2.1385538578033447,2.269402027130127,2.14165997505188,2.007842540740967,2.205014228820801,2.0835812091827393,2.384977102279663,2.305424690246582
A13,3.3002383708953857,2.949333429336548,2.796684503555298,2.4438211917877197,2.4017391204833984,2.113201141357422,1.7763679027557373,1.4841159582138062,1.1815816164016724,0.9608280658721924,0.5917012691497803,0.37324583530426025,0.0,0.39134833216667175,0.62847501039505,0.9855673313140869,0.7519643902778625,1.073084831237793,1.0685184001922607,1.4222558736801147,1.582270622253418,1.6833903789520264,1.5540012121200562,1.1858175992965698,1.1357766389846802,0.8058595061302185,0.7944948673248291,0.6895071864128113,0.8799095749855042,1.0566574335098267,1.7361901998519897,1.637320637702942,1.6939113140106201,1.6304216384887695,1.8781620264053345,1.7868897914886475,2.0350427627563477,1.987850308418274,1.6414577960968018,1.796762228012085,1.5601444244384766,1.770258903503418,1.6768678426742554,1.9228531122207642,1.9908926486968994,2.763787031173706,2.5538790225982666,2.638253927230835,2.4040472507476807,2.613555431365967,2.4103457927703857,2.464418411254883,2.2128310203552246,1.9665404558181763,2.1537272930145264,1.9436675310134888,2.2459864616394043,2.0911707878112793,2.4237759113311768,2.3244423866271973,2.627251625061035,2.3643524646759033,2.532658815383911,2.2957561016082764,2.5469601154327393,2.4313952922821045,2.426227331161499,2.2311856746673584,2.310732126235962,2.1482934951782227,1.9514079093933105,2.124593734741211,1.9498016834259033,2.2336111068725586,2.1336469650268555
A14,3.666949510574341,3.311832904815674,3.171342372894287,2.8144137859344482,2.771561861038208,2.4893550872802734,2.157315254211426,1.8531867265701294,1.5504236221313477,1.2920589447021484,0.9510163068771362,0.6281706690788269,0.39134833216667175,0.0,0.3978259265422821,1.1594876050949097,1.0209159851074219,1.3803187608718872,1.432112216949463,1.7801423072814941,1.9629169702529907,2.0438549518585205,1.8967527151107788,1.5213114023208618,1.411697506904602,1.0796400308609009,0.9276944994926453,0.7552370429039001,0.7551299929618835,0.905613362789154,1.7390530109405518,1.7272655963897705,1.8125194311141968,1.8284189701080322,2.10102915763855,2.058457136154175,2.337712049484253,2.295043468475342,1.9424669742584229,2.047741651535034,1.7845369577407837,1.9274417161941528,1.798451542854309,1.9796615839004517,2.0251872539520264,2.9239556789398193,2.7551045417785645,2.8598575592041016,2.6624152660369873,2.893965244293213,2.703460216522217,2.7911994457244873,2.5586674213409424,2.305255174636841,2.4718565940856934,2.2303264141082764,2.5086655616760254,2.3161733150482178,2.6213879585266113,2.486656904220581,2.8897147178649902,2.6560745239257812,2.846299171447754,2.633310317993164,2.900576114654541,2.786707878112793,2.7998640537261963,2.6162540912628174,2.6954421997070312,2.5290982723236084,2.314924716949463,2.4724063873291016,2.2688257694244385,2.526188611984253,2.39015793800354
A15,3.8357954025268555,3.495004415512085,3.362607479095459,3.0205252170562744,3.0041258335113525,2.711718797683716,2.366283416748047,2.0895891189575195,1.7952536344528198,1.5875402688980103,1.2172775268554688,0.9626213908195496,0.62847501039505,0.3978259265422821,0.0,1.2790770530700684,1.2192628383636475,1.5899986028671265,1.6512386798858643,2.0255327224731445,2.174800157546997,2.297905683517456,2.1528656482696533,1.7914353609085083,1.6882067918777466,1.3211802244186401,1.1943975687026978,0.919354259967804,0.8996495008468628,0.8717302083969116,1.895618200302124,1.8940956592559814,2.0468597412109375,2.066190719604492,2.371859550476074,2.3439221382141113,2.590515613555908,2.4977269172668457,2.1275851726531982,2.20678448677063,1.8990041017532349,2.028259515762329,1.8319824934005737,2.003833055496216,1.9734338521957397,2.930877923965454,2.7692384719848633,2.924769639968872,2.7499773502349854,3.0167927742004395,2.87009859085083,2.9493303298950195,2.696723222732544,2.4030587673187256,2.513341188430786,2.231982469558716,2.463437795639038,2.2238352298736572,2.49432110786438,2.307516098022461,2.738814115524292,2.5406136512756348,2.7727649211883545,2.6070446968078613,2.91253924369812,2.8424854278564453,2.8942034244537354,2.730839729309082,2.7691493034362793,2.5855824947357178,2.3224246501922607,2.462430477142334,2.2192325592041016,2.4563539028167725,2.314908742904663
B1,2.8364782333374023,2.491279125213623,2.4701216220855713,2.140566110610962,2.248469114303589,2.094783067703247,1.828603744506836,1.6660325527191162,1.2926000356674194,1.287964105606079,1.0391108989715576,1.0870448350906372,0.9855673313140869,1.1594876050949097,1.2790770530700684,0.0,0.3946842551231384,0.622143566608429,0.9604166746139526,1.2903980016708374,1.577296495437622,1.8168582916259766,1.8917618989944458,1.595582127571106,1.7659997940063477,1.5700517892837524,1.6872236728668213,1.667216181755066,1.8458727598190308,2.0051259994506836,2.6898772716522217,2.5542211532592773,2.539783000946045,2.393994092941284,2.533555269241333,2.307877540588379,2.506838083267212,2.5262720584869385,2.2502434253692627,2.5190834999084473,2.3552825450897217,2.64165997505188,2.578094959259033,2.8670427799224854,2.9203407764434814,3.5829293727874756,3.314937114715576,3.378401517868042,3.0815389156341553,3.2275938987731934,2.986346960067749,2.9307503700256348,2.624875545501709,2.42699933052063,2.644066333770752,2.515584707260132,2.8162643909454346,2.701861619949341,3.0379831790924072,2.9251601696014404,2.893887519836426,2.582428455352783,2.7794241905212402,2.537076950073242,2.766313076019287,2.73275089263916,2.6347107887268066,2.3440911769866943,2.3164784908294678,2.0333192348480225,1.8519635200500488,1.8398185968399048,1.6334162950515747,1.7704174518585205,1.5415420532226562
B2,2.7230873107910156,2.365615129470825,2.287524461746216,1.937530755996704,1.986696720123291,1.7940949201583862,1.5096664428710938,1.3070718050003052,0.929187536239624,0.8948954343795776,0.6546847224235535,0.7630110383033752,0.7519643902778625,1.0209159851074219,1.2192628383636475,0.3946842551231384,0.0,0.38777101039886475,0.6294710636138916,0.9838072061538696,1.2630393505096436,1.4653247594833374,1.510851263999939,1.2036739587783813,1.3754767179489136,1.2027688026428223,1.3529033660888672,1.3842629194259644,1.6080421209335327,1.8084920644760132,2.369208335876465,2.2091658115386963,2.172954797744751,2.0110223293304443,2.140496015548706,1.9139522314071655,2.1184921264648438,2.1448988914489746,1.8727935552597046,2.1473119258880615,2.0054688453674316,2.29886531829834,2.26863431930542,2.5658364295959473,2.6536965370178223,3.263901472091675,2.995450496673584,3.034428596496582,2.732560157775879,2.8666179180145264,2.6126961708068848,2.571113109588623,2.281142473220825,2.097654104232788,2.3402414321899414,2.2266573905944824,2.551924228668213,2.463819980621338,2.8179168701171875,2.743913412094116,2.7600009441375732,2.4373629093170166,2.594425678253174,2.3219923973083496,2.5290818214416504,2.4510321617126465,2.349379777908325,2.06728196144104,2.091951847076416,1.8548979759216309,1.7073155641555786,1.7740858793258667,1.620217204093933,1.8373318910598755,1.6869269609451294
B3,2.3477368354797363,1.9858522415161133,1.916584849357605,1.5666170120239258,1.6384316682815552,1.4880614280700684,1.2434371709823608,1.1013339757919312,0.7400808334350586,0.8423485159873962,0.7590623497962952,0.9980270862579346,1.073084831237793,1.3803187608718872,1.5899986028671265,0.622143566608429,0.38777101039886475,0.0,0.4004240036010742,0.6724539399147034,0.989520788192749,1.2241816520690918,1.3561815023422241,1.1214545965194702,1.3886512517929077,1.3110008239746094,1.5350383520126343,1.6287988424301147,1.8939145803451538,2.1143546104431152,2.5456812381744385,2.341785430908203,2.2608602046966553,2.0447299480438232,2.109771490097046,1.8253148794174194,1.988376498222351,2.0481162071228027,1.830096960067749,2.1521074771881104,2.071641445159912,2.398728609085083,2.4147188663482666,2.736330509185791,2.8494720458984375,3.3353683948516846,3.0411598682403564,3.0439696311950684,2.7123515605926514,2.798527717590332,2.5218636989593506,2.4364383220672607,2.1440489292144775,2.0102131366729736,2.284374713897705,2.2343475818634033,2.5729031562805176,2.5380141735076904,2.9030375480651855,2.8693008422851562,2.7697322368621826,2.4205212593078613,2.5374197959899902,2.2374184131622314,2.396278142929077,2.3142402172088623,2.1611855030059814,1.8476861715316772,1.8715903759002686,1.6339433193206787,1.5537961721420288,1.6042537689208984,1.5166960954666138,1.7309410572052002,1.6162190437316895
B4,2.246029853820801,1.888127326965332,1.7425341606140137,1.384596347808838,1.3863699436187744,1.166929006576538,0.8824361562728882,0.7130855321884155,0.3564431667327881,0.5645428895950317,0.5836421251296997,0.9356269836425781,1.0685184001922607,1.432112216949463,1.6512386798858643,0.9604166746139526,0.6294710636138916,0.4004240036010742,0.0,0.3944339454174042,0.6343498229980469,0.8623481392860413,0.9759910702705383,0.7702004909515381,1.0809520483016968,1.0549097061157227,1.3502657413482666,1.482141137123108,1.799823522567749,2.0250344276428223,2.318955421447754,2.0724868774414062,1.981317162513733,1.72500741481781,1.7752622365951538,1.4796985387802124,1.6107170581817627,1.655887246131897,1.450942039489746,1.7892056703567505,1.7414841651916504,2.0871269702911377,2.13645339012146,2.4743380546569824,2.609593629837036,2.997411012649536,2.6938021183013916,2.6752424240112305,2.3339743614196777,2.4050393104553223,2.1256308555603027,2.036158323287964,1.7477147579193115,1.6276261806488037,1.9215366840362549,1.8996106386184692,2.2533063888549805,2.255134105682373,2.6297597885131836,2.6391961574554443,2.551703929901123,2.1965973377227783,2.2681994438171387,1.943442940711975,2.075510025024414,1.9563584327697754,1.80170476436615,1.5005351305007935,1.5748332738876343,1.395355463027954,1.3549293279647827,1.4954876899719238,1.470567226409912,1.7580101490020752,1.7328312397003174
B5,1.9631847143173218,1.598406434059143,1.426156759262085,1.0556710958480835,1.0191595554351807,0.8380258679389954,0.6286343336105347,0.5379363894462585,0.3489459753036499,0.6662562489509583,0.8728867173194885,1.2258363962173462,1.4222558736801147,1.7801423072814941,2.0255327224731445,1.2903980016708374,0.9838072061538696,0.6724539399147034,0.3944339454174042,0.0,0.39611223340034485,0.588131844997406,0.827954888343811,0.765483558177948,1.1403288841247559,1.2410615682601929,1.5579942464828491,1.7528680562973022,2.077153205871582,2.3291873931884766,2.466583490371704,2.1925253868103027,2.043308973312378,1.7480427026748657,1.7100293636322021,1.3593617677688599,1.4461003541946411,1.555706262588501,1.439072847366333,1.809921383857727,1.8452000617980957,2.198888063430786,2.306917190551758,2.6472935676574707,2.8187966346740723,3.0791866779327393,2.764786958694458,2.6940817832946777,2.332247734069824,2.3387718200683594,2.0259625911712646,1.9032561779022217,1.6428338289260864,1.609478235244751,1.9445221424102783,1.9979981184005737,2.361668348312378,2.422494888305664,2.800234794616699,2.8569416999816895,2.7059624195098877,2.3382394313812256,2.3508362770080566,1.9983071088790894,2.0564708709716797,1.9041613340377808,1.6867477893829346,1.363943338394165,1.482614517211914,1.3544622659683228,1.4242024421691895,1.5703078508377075,1.630632996559143,1.9108742475509644,1.9267200231552124
B6,1.8607765436172485,1.5278576612472534,1.2784053087234497,0.9401450157165527,0.843192994594574,0.5499098300933838,0.2540419101715088,0.3256584405899048,0.4397563934326172,0.8088824152946472,1.0258841514587402,1.4067572355270386,1.582270622253418,1.9629169702529907,2.174800157546997,1.577296495437622,1.2630393505096436,0.989520788192749,0.6343498229980469,0.39611223340034485,0.0,0.3880437910556793,0.6542738080024719,0.7384300827980042,1.1197681427001953,1.252723217010498,1.6182336807250977,1.8042378425598145,2.163877010345459,2.385383367538452,2.4364726543426514,2.1198716163635254,1.9855215549468994,1.646450400352478,1.5955581665039062,1.2424521446228027,1.2286368608474731,1.288011908531189,1.2126235961914062,1.5966500043869019,1.6693955659866333,2.042241334915161,2.169121265411377,2.527132511138916,2.6971113681793213,2.8254752159118652,2.4920196533203125,2.4081735610961914,2.033365488052368,2.0178771018981934,1.7210568189620972,1.5566731691360474,1.2796014547348022,1.2702292203903198,1.609297513961792,1.7129755020141602,2.069995880126953,2.176638126373291,2.5488898754119873,2.6459150314331055,2.445664167404175,2.0776867866516113,2.041985034942627,1.675463080406189,1.6941888332366943,1.5249396562576294,1.2942330837249756,0.9756028652191162,1.133431315422058,1.0753885507583618,1.2021888494491577,1.4178047180175781,1.5432614088058472,1.86501145362854,1.9622211456298828
B7,2.0267493724823,1.7001140117645264,1.4082359075546265,1.081923007965088,0.842473030090332,0.5192780494689941,0.33844324946403503,0.23291468620300293,0.546026885509491,0.7764483094215393,1.0976561307907104,1.4394137859344482,1.6833903789520264,2.0438549518585205,2.297905683517456,1.8168582916259766,1.4653247594833374,1.2241816520690918,0.8623481392860413,0.588131844997406,0.3880437910556793,0.0,0.37139561772346497,0.599903404712677,0.9526767134666443,1.1965731382369995,1.5411453247070312,1.7906192541122437,2.135960817337036,2.392587900161743,2.269984006881714,1.9479495286941528,1.7567781209945679,1.4081146717071533,1.2863743305206299,0.9077547788619995,0.8981208801269531,1.0441813468933105,1.037227749824524,1.4183539152145386,1.56126868724823,1.9077258110046387,2.0934689044952393,2.4277801513671875,2.645796298980713,2.7170493602752686,2.404113292694092,2.2694091796875,1.8994526863098145,1.8426361083984375,1.5014652013778687,1.3771610260009766,1.1771446466445923,1.2446808815002441,1.623008370399475,1.7517375946044922,2.123807191848755,2.2564985752105713,2.6296920776367188,2.7611582279205322,2.6583447456359863,2.305542230606079,2.229950189590454,1.853667140007019,1.8305163383483887,1.585119605064392,1.3517048358917236,1.088416576385498,1.3453866243362427,1.3774468898773193,1.5313245058059692,1.7816303968429565,1.9157134294509888,2.248271942138672,2.3467330932617188
B8,2.379934787750244,2.0623743534088135,1.7565690279006958,1.4438115358352661,1.1855266094207764,0.8327431082725525,0.6093000769615173,0.3361813724040985,0.6201803088188171,0.6869260668754578,1.0004678964614868,1.2969915866851807,1.5540012121200562,1.8967527151107788,2.1528656482696533,1.8917618989944458,1.510851263999939,1.3561815023422241,0.9759910702705383,0.827954888343811,0.6542738080024719,0.37139561772346497,0.0,0.37971240282058716,0.6395584940910339,0.9293586611747742,1.2644319534301758,1.5297123193740845,1.8723808526992798,2.128161668777466,1.9141541719436646,1.5843440294265747,1.3941093683242798,1.0390169620513916,0.943037211894989,0.5931381583213806,0.6363944411277771,0.7543956637382507,0.7018036246299744,1.071131706237793,1.2227925062179565,1.5528581142425537,1.7582615613937378,2.0791261196136475,2.3165812492370605,2.402048349380493,2.109827756881714,1.9727965593338013,1.6194536685943604,1.5927860736846924,1.2479428052902222,1.2039028406143188,1.036933183670044,1.0732837915420532,1.4539945125579834,1.5470390319824219,1.9286043643951416,2.0499088764190674,2.4223296642303467,2.562443494796753,2.5954818725585938,2.2670414447784424,2.190093755722046,1.8233537673950195,1.8241714239120483,1.5374425649642944,1.373779296875,1.1848939657211304,1.4788345098495483,1.5463571548461914,1.6498216390609741,1.9497705698013306,2.053367853164673,2.416177988052368,2.516467571258545
B9,2.5757508277893066,2.2359397411346436,1.9737876653671265,1.6308252811431885,1.43614661693573,1.1038440465927124,0.8163876533508301,0.4541339874267578,0.45722806453704834,0.34454861283302307,0.6390054821968079,0.9174788594245911,1.1858175992965698,1.5213114023208618,1.7914353609085083,1.595582127571106,1.2036739587783813,1.1214545965194702,0.7702004909515381,0.765483558177948,0.7384300827980042,0.599903404712677,0.37971240282058716,0.0,0.3890964984893799,0.6080453991889954,0.9412844181060791,1.2035295963287354,1.5396919250488281,1.8095512390136719,1.7307226657867432,1.4398672580718994,1.2832098007202148,0.9865981936454773,1.0057642459869385,0.7325114011764526,0.9198741316795349,0.9881930947303772,0.7903890609741211,1.1175298690795898,1.158011794090271,1.4783244132995605,1.6295716762542725,1.9442421197891235,2.1640796661376953,2.4359123706817627,2.1631009578704834,2.0792884826660156,1.7520172595977783,1.800545573234558,1.4857486486434937,1.4912080764770508,1.2970411777496338,1.2310171127319336,1.5759297609329224,1.577439546585083,1.9626145362854004,2.014493227005005,2.393554449081421,2.481126070022583,2.5958356857299805,2.2725577354431152,2.2577478885650635,1.9100866317749023,1.9850050210952759,1.7357025146484375,1.6174073219299316,1.4157118797302246,1.6536571979522705,1.6484471559524536,1.6705937385559082,1.9503523111343384,1.9863111972808838,2.3438241481781006,2.3943915367126465
B10,2.9569661617279053,2.6209099292755127,2.34853196144104,2.0118958950042725,1.7948293685913086,1.4524215459823608,1.1744203567504883,0.8237085938453674,0.8204027414321899,0.5650395750999451,0.731645941734314,0.8583110570907593,1.1357766389846802,1.411697506904602,1.6882067918777466,1.7659997940063477,1.3754767179489136,1.3886512517929077,1.0809520483016968,1.1403288841247559,1.1197681427001953,0.9526767134666443,0.6395584940910339,0.3890964984893799,0.0,0.3866824209690094,0.6414307951927185,0.9483402967453003,1.2586162090301514,1.5421336889266968,1.3454289436340332,1.0664681196212769,0.9096843004226685,0.6578599810600281,0.778136670589447,0.6568739414215088,0.9322547316551208,0.9606326818466187,0.7002202272415161,0.9156620502471924,0.9192140102386475,1.178924560546875,1.3428353071212769,1.6207391023635864,1.8691428899765015,2.213595151901245,1.9846545457839966,1.9083950519561768,1.6274712085723877,1.7196494340896606,1.4268627166748047,1.5280464887619019,1.3892498016357422,1.293432354927063,1.6018298864364624,1.5468080043792725,1.9211013317108154,1.942872405052185,2.308784008026123,2.3933401107788086,2.6704561710357666,2.3815040588378906,2.372401237487793,2.0489015579223633,2.1451923847198486,1.8733367919921875,1.8163481950759888,1.6752732992172241,1.9297690391540527,1.9490915536880493,1.9357284307479858,2.2392871379852295,2.2468321323394775,2.6159589290618896,2.659364938735962
B11,3.112467050552368,2.7740118503570557,2.5275886058807373,2.1861822605133057,2.0242841243743896,1.6760417222976685,1.3532401323318481,1.0142465829849243,0.9005941152572632,0.6311884522438049,0.5625135898590088,0.6091553568840027,0.8058595061302185,1.0796400308609009,1.3211802244186401,1.5700517892837524,1.2027688026428223,1.3110008239746094,1.0549097061157227,1.2410615682601929,1.252723217010498,1.1965731382369995,0.9293586611747742,0.6080453991889954,0.3866824209690094,0.0,0.38938769698143005,0.6013420224189758,0.9530445337295532,1.2047920227050781,1.2685495615005493,1.033111333847046,1.009568691253662,0.8509222269058228,1.0926313400268555,1.0330841541290283,1.2746105194091797,1.2192233800888062,0.8796690702438354,1.03413987159729,0.8843520283699036,1.1354811191558838,1.1902883052825928,1.4774760007858276,1.6679359674453735,2.186432361602783,1.9653863906860352,1.9651044607162476,1.7110555171966553,1.8780314922332764,1.644196629524231,1.7434544563293457,1.5567079782485962,1.368361234664917,1.6147669553756714,1.473473310470581,1.8278369903564453,1.778115153312683,2.1391592025756836,2.167675495147705,2.5065040588378906,2.234072685241699,2.2827250957489014,1.992545247077942,2.1570403575897217,1.9353523254394531,1.9267951250076294,1.787920355796814,1.9853858947753906,1.9554146528244019,1.8653677701950073,2.155400037765503,2.104928731918335,2.468703269958496,2.4875295162200928
B12,3.473252296447754,3.126593828201294,2.890439510345459,2.540926456451416,2.374669075012207,2.0384738445281982,1.7264939546585083,1.3765145540237427,1.2360776662826538,0.9049085378646851,0.7875551581382751,0.6136304140090942,0.7944948673248291,0.9276944994926453,1.1943975687026978,1.6872236728668213,1.3529033660888672,1.5350383520126343,1.3502657413482666,1.5579942464828491,1.6182336807250977,1.5411453247070312,1.2644319534301758,0.9412844181060791,0.6414307951927185,0.38938769698143005,0.0,0.373795747756958,0.6199243664741516,0.9370530247688293,1.0198211669921875,0.8943401575088501,0.905124843120575,0.9060469269752502,1.197577953338623,1.2344297170639038,1.5293210744857788,1.4905322790145874,1.1597633361816406,1.2133716344833374,1.0214942693710327,1.149623155593872,1.1679656505584717,1.3702200651168823,1.5685148239135742,2.246588706970215,2.084324598312378,2.102022647857666,1.9041314125061035,2.0977911949157715,1.8823202848434448,2.036698341369629,1.8882391452789307,1.6975914239883423,1.9127668142318726,1.7296079397201538,2.055086374282837,1.960974931716919,2.2952916622161865,2.29323673248291,2.762982130050659,2.5192036628723145,2.589447259902954,2.3236896991729736,2.5057108402252197,2.282632350921631,2.2964465618133545,2.1726436614990234,2.3701815605163574,2.3336212635040283,2.2212657928466797,2.4985952377319336,2.415259599685669,2.764889717102051,2.7496566772460938
B13,3.644624948501587,3.304575204849243,3.0813205242156982,2.7380948066711426,2.6065568923950195,2.2608840465545654,1.9253053665161133,1.598504900932312,1.430153250694275,1.1448591947555542,0.9145089983940125,0.7019733786582947,0.6895071864128113,0.7552370429039001,0.919354259967804,1.667216181755066,1.3842629194259644,1.6287988424301147,1.482141137123108,1.7528680562973022,1.8042378425598145,1.7906192541122437,1.5297123193740845,1.2035295963287354,0.9483402967453003,0.6013420224189758,0.373795747756958,0.0,0.3912166655063629,0.6071537137031555,1.0662800073623657,0.9932445883750916,1.135387659072876,1.1679706573486328,1.5051846504211426,1.557795763015747,1.8134959936141968,1.7123432159423828,1.3486275672912598,1.3623679876327515,1.078413724899292,1.1775985956192017,1.0757060050964355,1.2678616046905518,1.3822143077850342,2.2063047885894775,2.056640386581421,2.1428639888763428,1.9756221771240234,2.2235400676727295,2.062347650527954,2.2101094722747803,2.032418966293335,1.7822390794754028,1.9334571361541748,1.6860182285308838,1.9707062244415283,1.8125492334365845,2.123474359512329,2.067647933959961,2.6066081523895264,2.3929688930511475,2.5083541870117188,2.284785270690918,2.5163161754608154,2.336794376373291,2.395294666290283,2.2874627113342285,2.4413669109344482,2.3792154788970947,2.209556818008423,2.475569486618042,2.348961591720581,2.6888654232025146,2.6634480953216553
