0.000000000000000000e+00,3.705823421478271484e-01,6.534591913223266602e-01,7.964898943901062012e-01,6.871359348297119141e-01,6.780152320861816406e-01,9.040667414665222168e-01,9.330976009368896484e-01,1.286291241645812988e+00,1.427682757377624512e+00,1.816426277160644531e+00,2.038738965988159180e+00,2.390373468399047852e+00,2.305304527282714844e+00,1.978790998458862305e+00,7.431132793426513672e-01,6.907064318656921387e-01,9.398884177207946777e-01,8.815493583679199219e-01,6.600211858749389648e-01,6.457968354225158691e-01,9.471344351768493652e-01,1.005123734474182129e+00,1.353953003883361816e+00,1.542483329772949219e+00,1.893078327178955078e+00,2.127495765686035156e+00,2.492402076721191406e+00,2.457708835601806641e+00,2.168323993682861328e+00,1.331696748733520508e+00,1.285267710685729980e+00,1.462708115577697754e+00,1.288111805915832520e+00,1.023339152336120605e+00,9.111051559448242188e-01,1.194729685783386230e+00,1.274147987365722656e+00,1.565580487251281738e+00,1.767275571823120117e+00,2.074372768402099609e+00,2.309739828109741211e+00,2.675164937973022461e+00,2.679863452911376953e+00,2.433189392089843750e+00,1.893803358078002930e+00,1.874167919158935547e+00,2.028916120529174805e+00,1.811282157897949219e+00,1.550123691558837891e+00,1.361421704292297363e+00,1.596621632575988770e+00,1.658047080039978027e+00,1.888138175010681152e+00,2.073287725448608398e+00,2.331853628158569336e+00,2.559246540069580078e+00,2.921311855316162109e+00,2.950969934463500977e+00,2.744957923889160156e+00,2.477628946304321289e+00,2.481328248977661133e+00,2.646403312683105469e+00,2.408011436462402344e+00,2.097442150115966797e+00,1.847998976707458496e+00,2.063574552536010742e+00,2.089553833007812500e+00,2.281776189804077148e+00,2.442592859268188477e+00,2.655028581619262695e+00,2.867643594741821289e+00,3.226219654083251953e+00,3.269586324691772461e+00,3.104349136352539062e+00
3.705823421478271484e-01,0.000000000000000000e+00,4.042325019836425781e-01,6.246503591537475586e-01,7.024346590042114258e-01,8.241101503372192383e-01,1.138328194618225098e+00,1.242321133613586426e+00,1.608310461044311523e+00,1.778943538665771484e+00,2.165580034255981445e+00,2.398130178451538086e+00,2.754187583923339844e+00,2.673199415206909180e+00,2.346342325210571289e+00,9.690842032432556152e-01,7.603389620780944824e-01,9.077772498130798340e-01,7.918897271156311035e-01,6.956468224525451660e-01,8.417357802391052246e-01,1.198809504508972168e+00,1.331544041633605957e+00,1.682564020156860352e+00,1.898670196533203125e+00,2.246761322021484375e+00,2.492668151855468750e+00,2.858859300613403320e+00,2.827503204345703125e+00,2.535270929336547852e+00,1.529654383659362793e+00,1.393007040023803711e+00,1.503367304801940918e+00,1.292595624923706055e+00,1.123715877532958984e+00,1.095703601837158203e+00,1.424256801605224609e+00,1.572870969772338867e+00,1.873577952384948730e+00,2.105639696121215820e+00,2.415295362472534180e+00,2.665379762649536133e+00,3.032641887664794922e+00,3.040979146957397461e+00,2.788128614425659180e+00,2.083104372024536133e+00,2.001554012298583984e+00,2.107784271240234375e+00,1.861825346946716309e+00,1.663223028182983398e+00,1.528478741645812988e+00,1.800048470497131348e+00,1.922488331794738770e+00,2.166054010391235352e+00,2.384849786758422852e+00,2.650181770324707031e+00,2.896359920501708984e+00,3.262219190597534180e+00,3.296852827072143555e+00,3.082385301589965820e+00,2.665607213973999023e+00,2.622911214828491211e+00,2.755447626113891602e+00,2.488575220108032227e+00,2.217389822006225586e+00,2.007164239883422852e+00,2.251495599746704102e+00,2.329767465591430664e+00,2.532822370529174805e+00,2.727845668792724609e+00,2.947722434997558594e+00,3.182582139968872070e+00,3.545959949493408203e+00,3.597301244735717773e+00,3.421725988388061523e+00
6.534591913223266602e-01,4.042325019836425781e-01,0.000000000000000000e+00,3.941551446914672852e-01,6.282805204391479492e-01,9.180637001991271973e-01,1.228397965431213379e+00,1.425585985183715820e+00,1.791720271110534668e+00,2.000537633895874023e+00,2.386113643646240234e+00,2.636296033859252930e+00,2.982546806335449219e+00,2.904024124145507812e+00,2.574114084243774414e+00,1.023375749588012695e+00,7.500073909759521484e-01,6.980152130126953125e-01,4.642261266708374023e-01,5.099459886550903320e-01,8.166560530662536621e-01,1.189385890960693359e+00,1.420249342918395996e+00,1.777486085891723633e+00,2.038189888000488281e+00,2.393781900405883789e+00,2.663710832595825195e+00,3.026120901107788086e+00,2.999508380889892578e+00,2.697910547256469727e+00,1.492276310920715332e+00,1.306557059288024902e+00,1.307514667510986328e+00,1.029498457908630371e+00,9.512094855308532715e-01,9.865644574165344238e-01,1.336538910865783691e+00,1.574745535850524902e+00,1.886205196380615234e+00,2.168388366699218750e+00,2.490332126617431641e+00,2.770685911178588867e+00,3.139614820480346680e+00,3.155606508255004883e+00,2.890104770660400391e+00,2.003463268280029297e+00,1.886428117752075195e+00,1.917775392532348633e+00,1.625763654708862305e+00,1.485662102699279785e+00,1.379287004470825195e+00,1.663712859153747559e+00,1.859624385833740234e+00,2.111381053924560547e+00,2.381356716156005859e+00,2.659099340438842773e+00,2.939928054809570312e+00,3.311670064926147461e+00,3.357834815979003906e+00,3.130482196807861328e+00,2.559632778167724609e+00,2.488166570663452148e+00,2.565906524658203125e+00,2.263581037521362305e+00,2.032606124877929688e+00,1.842396855354309082e+00,2.092096567153930664e+00,2.228586435317993164e+00,2.431305885314941406e+00,2.673257112503051758e+00,2.901078701019287109e+00,3.172645330429077148e+00,3.542211532592773438e+00,3.610801935195922852e+00,3.421650886535644531e+00
7.964898943901062012e-01,6.246503591537475586e-01,3.941551446914672852e-01,0.000000000000000000e+00,3.754784464836120605e-01,7.205399274826049805e-01,1.042159795761108398e+00,1.320705056190490723e+00,1.678234219551086426e+00,1.948421239852905273e+00,2.317855119705200195e+00,2.608061552047729492e+00,2.959527969360351562e+00,2.930494308471679688e+00,2.627070426940917969e+00,1.242997407913208008e+00,1.055145263671875000e+00,9.730081558227539062e-01,6.248556375503540039e-01,5.251409411430358887e-01,7.342842221260070801e-01,1.077330827713012695e+00,1.360822796821594238e+00,1.680164456367492676e+00,1.989100813865661621e+00,2.317645072937011719e+00,2.624570369720458984e+00,2.988666534423828125e+00,3.011354207992553711e+00,2.738491773605346680e+00,1.699101686477661133e+00,1.570236921310424805e+00,1.538047552108764648e+00,1.201697945594787598e+00,1.100382089614868164e+00,1.019131302833557129e+00,1.302641630172729492e+00,1.556662321090698242e+00,1.813647150993347168e+00,2.126483678817749023e+00,2.412702560424804688e+00,2.723227262496948242e+00,3.090699195861816406e+00,3.154771566390991211e+00,2.919571161270141602e+00,2.191326856613159180e+00,2.115802288055419922e+00,2.120010137557983398e+00,1.793320655822753906e+00,1.645941734313964844e+00,1.465998768806457520e+00,1.682534813880920410e+00,1.873332500457763672e+00,2.065949440002441406e+00,2.349354743957519531e+00,2.585959196090698242e+00,2.889342069625854492e+00,3.255639314651489258e+00,3.346938610076904297e+00,3.151201248168945312e+00,2.725413322448730469e+00,2.685340642929077148e+00,2.735423326492309570e+00,2.415083408355712891e+00,2.185453891754150391e+00,1.948792338371276855e+00,2.140880584716796875e+00,2.264188528060913086e+00,2.410091161727905273e+00,2.652861595153808594e+00,2.836230993270874023e+00,3.122582197189331055e+00,3.482611894607543945e+00,3.592105627059936523e+00,3.434693813323974609e+00
6.871359348297119141e-01,7.024346590042114258e-01,6.282805204391479492e-01,3.754784464836120605e-01,0.000000000000000000e+00,3.823172748088836670e-01,6.698815226554870605e-01,9.678135514259338379e-01,1.315397500991821289e+00,1.601311922073364258e+00,1.962260127067565918e+00,2.263506889343261719e+00,2.612247943878173828e+00,2.603256464004516602e+00,2.315756559371948242e+00,1.128575563430786133e+00,1.061536908149719238e+00,1.058229207992553711e+00,7.552035450935363770e-01,4.557848572731018066e-01,4.348496198654174805e-01,7.427580952644348145e-01,1.017513990402221680e+00,1.317993402481079102e+00,1.636973023414611816e+00,1.954091548919677734e+00,2.270560741424560547e+00,2.634033203125000000e+00,2.676689386367797852e+00,2.421201705932617188e+00,1.592523336410522461e+00,1.550983309745788574e+00,1.570946455001831055e+00,1.253409981727600098e+00,1.048614978790283203e+00,8.377043008804321289e-01,1.055137991905212402e+00,1.262831568717956543e+00,1.486196279525756836e+00,1.793057084083557129e+00,2.060881614685058594e+00,2.374500274658203125e+00,2.740543127059936523e+00,2.822993278503417969e+00,2.607349157333374023e+00,2.086689472198486328e+00,2.076696157455444336e+00,2.119618415832519531e+00,1.809644699096679688e+00,1.597918033599853516e+00,1.339998364448547363e+00,1.498427867889404297e+00,1.631525874137878418e+00,1.786270141601562500e+00,2.047379493713378906e+00,2.260242462158203125e+00,2.558063507080078125e+00,2.919971227645874023e+00,3.026166677474975586e+00,2.851681232452392578e+00,2.617174863815307617e+00,2.628530502319335938e+00,2.703263998031616211e+00,2.404553413391113281e+00,2.135022640228271484e+00,1.844754576683044434e+00,1.991264343261718750e+00,2.059435129165649414e+00,2.173113584518432617e+00,2.384510278701782227e+00,2.542929887771606445e+00,2.815329790115356445e+00,3.168527126312255859e+00,3.287148714065551758e+00,3.152256488800048828e+00
6.780152320861816406e-01,8.241101503372192383e-01,9.180637001991271973e-01,7.205399274826049805e-01,3.823172748088836670e-01,0.000000000000000000e+00,3.707517981529235840e-01,6.334396600723266602e-01,9.814750552177429199e-01,1.280387401580810547e+00,1.632552981376647949e+00,1.945578217506408691e+00,2.304249048233032227e+00,2.324443578720092773e+00,2.060070037841796875e+00,1.191114544868469238e+00,1.218534350395202637e+00,1.319275498390197754e+00,1.082571029663085938e+00,7.344461083412170410e-01,4.950311183929443359e-01,6.773514747619628906e-01,8.354117870330810547e-01,1.090775489807128906e+00,1.392516255378723145e+00,1.683504104614257812e+00,2.000073432922363281e+00,2.367149591445922852e+00,2.435175657272338867e+00,2.208411931991577148e+00,1.686686396598815918e+00,1.714338421821594238e+00,1.805359482765197754e+00,1.531000018119812012e+00,1.257809996604919434e+00,9.703773856163024902e-01,1.106982707977294922e+00,1.202436208724975586e+00,1.369681000709533691e+00,1.631579160690307617e+00,1.861949801445007324e+00,2.160104990005493164e+00,2.522107362747192383e+00,2.624068975448608398e+00,2.440052747726440430e+00,2.192031383514404297e+00,2.234849691390991211e+00,2.330894470214843750e+00,2.053454399108886719e+00,1.791167140007019043e+00,1.489627599716186523e+00,1.598598480224609375e+00,1.643856406211853027e+00,1.753487348556518555e+00,1.958422064781188965e+00,2.132646083831787109e+00,2.402632236480712891e+00,2.753258943557739258e+00,2.871151924133300781e+00,2.728119134902954102e+00,2.725705146789550781e+00,2.780248165130615234e+00,2.892967224121093750e+00,2.624089717864990234e+00,2.319989204406738281e+00,1.997418880462646484e+00,2.110015392303466797e+00,2.109438657760620117e+00,2.193793296813964844e+00,2.350310325622558594e+00,2.476151227951049805e+00,2.713311672210693359e+00,3.052566766738891602e+00,3.172996997833251953e+00,3.069123506546020508e+00
9.040667414665222168e-01,1.138328194618225098e+00,1.228397965431213379e+00,1.042159795761108398e+00,6.698815226554870605e-01,3.707517981529235840e-01,0.000000000000000000e+00,3.853029608726501465e-01,6.711698174476623535e-01,1.005139827728271484e+00,1.332543134689331055e+00,1.662065505981445312e+00,2.007174730300903320e+00,2.054253339767456055e+00,1.816564083099365234e+00,1.244135141372680664e+00,1.375477433204650879e+00,1.492886543273925781e+00,1.295354962348937988e+00,9.201588034629821777e-01,5.569897294044494629e-01,4.979910552501678467e-01,5.756121277809143066e-01,7.511906027793884277e-01,1.074293255805969238e+00,1.341078877449035645e+00,1.675910115242004395e+00,2.036946296691894531e+00,2.132719278335571289e+00,1.931315779685974121e+00,1.667965412139892578e+00,1.776578545570373535e+00,1.887819409370422363e+00,1.640249133110046387e+00,1.324385643005371094e+00,9.647182822227478027e-01,9.716279506683349609e-01,9.829304218292236328e-01,1.071106076240539551e+00,1.318865895271301270e+00,1.515699267387390137e+00,1.821750283241271973e+00,2.178460359573364258e+00,2.305939674377441406e+00,2.147890090942382812e+00,2.130193471908569336e+00,2.234849691390991211e+00,2.349475622177124023e+00,2.093806028366088867e+00,1.797618508338928223e+00,1.446171402931213379e+00,1.472997665405273438e+00,1.448931932449340820e+00,1.496230840682983398e+00,1.668239116668701172e+00,1.805238008499145508e+00,2.069963216781616211e+00,2.411902189254760742e+00,2.550358533859252930e+00,2.433833599090576172e+00,2.630236625671386719e+00,2.733298063278198242e+00,2.856255054473876953e+00,2.611706495285034180e+00,2.287865400314331055e+00,1.929407119750976562e+00,1.982767939567565918e+00,1.925921082496643066e+00,1.964353680610656738e+00,2.082931041717529297e+00,2.174116849899291992e+00,2.395870685577392578e+00,2.723425626754760742e+00,2.857324838638305664e+00,2.779634952545166016e+00
9.330976009368896484e-01,1.242321133613586426e+00,1.425585985183715820e+00,1.320705056190490723e+00,9.678135514259338379e-01,6.334396600723266602e-01,3.853029608726501465e-01,0.000000000000000000e+00,3.712188303470611572e-01,6.483286023139953613e-01,1.001821756362915039e+00,1.313235759735107422e+00,1.671723127365112305e+00,1.709664106369018555e+00,1.474179267883300781e+00,1.225263953208923340e+00,1.425566077232360840e+00,1.632009387016296387e+00,1.513670086860656738e+00,1.144259929656982422e+00,7.745578885078430176e-01,6.738202571868896484e-01,4.979509711265563965e-01,6.157264113426208496e-01,8.295587301254272461e-01,1.094012379646301270e+00,1.391729474067687988e+00,1.759948968887329102e+00,1.841906070709228516e+00,1.649193882942199707e+00,1.653117060661315918e+00,1.809253931045532227e+00,1.995032787322998047e+00,1.811313748359680176e+00,1.458065748214721680e+00,1.110108375549316406e+00,1.095354318618774414e+00,9.744480252265930176e-01,1.039028763771057129e+00,1.181841850280761719e+00,1.363807082176208496e+00,1.616065740585327148e+00,1.968996047973632812e+00,2.075991153717041016e+00,1.929678559303283691e+00,2.118626832962036133e+00,2.257019281387329102e+00,2.432742595672607422e+00,2.227199792861938477e+00,1.895327329635620117e+00,1.551158070564270020e+00,1.572313904762268066e+00,1.466003775596618652e+00,1.510798096656799316e+00,1.601623058319091797e+00,1.728767156600952148e+00,1.935649871826171875e+00,2.266766548156738281e+00,2.378453254699707031e+00,2.272170305252075195e+00,2.622780799865722656e+00,2.752589702606201172e+00,2.924943923950195312e+00,2.721157550811767578e+00,2.369263648986816406e+00,2.011540174484252930e+00,2.064895629882812500e+00,1.950527548789978027e+00,1.999481916427612305e+00,2.057588577270507812e+00,2.149224519729614258e+00,2.316880464553833008e+00,2.634037494659423828e+00,2.735024929046630859e+00,2.666378259658813477e+00
1.286291241645812988e+00,1.608310461044311523e+00,1.791720271110534668e+00,1.678234219551086426e+00,1.315397500991821289e+00,9.814750552177429199e-01,6.711698174476623535e-01,3.712188303470611572e-01,0.000000000000000000e+00,3.807442188262939453e-01,6.639848351478576660e-01,1.006872415542602539e+00,1.354479432106018066e+00,1.447224736213684082e+00,1.270902991294860840e+00,1.481317043304443359e+00,1.733409762382507324e+00,1.947393536567687988e+00,1.848506450653076172e+00,1.478546619415283203e+00,1.093366026878356934e+00,8.912327885627746582e-01,6.215784549713134766e-01,4.992377460002899170e-01,6.125271916389465332e-01,7.800786495208740234e-01,1.084921598434448242e+00,1.443211078643798828e+00,1.573697090148925781e+00,1.438618779182434082e+00,1.832863807678222656e+00,2.046158790588378906e+00,2.247695207595825195e+00,2.089794874191284180e+00,1.724721670150756836e+00,1.360678315162658691e+00,1.254969835281372070e+00,1.041607618331909180e+00,9.811052083969116211e-01,1.029833078384399414e+00,1.120852470397949219e+00,1.346141934394836426e+00,1.678982973098754883e+00,1.821815609931945801e+00,1.729449987411499023e+00,2.242872953414916992e+00,2.432543039321899414e+00,2.626773834228515625e+00,2.447888135910034180e+00,2.099810361862182617e+00,1.737776160240173340e+00,1.689790964126586914e+00,1.508235096931457520e+00,1.475363612174987793e+00,1.488345503807067871e+00,1.544750928878784180e+00,1.710454702377319336e+00,2.013421773910522461e+00,2.147158145904541016e+00,2.088951110839843750e+00,2.702272176742553711e+00,2.876630306243896484e+00,3.062236785888671875e+00,2.887966632843017578e+00,2.525867700576782227e+00,2.151759386062622070e+00,2.150602102279663086e+00,1.975335597991943359e+00,1.972805857658386230e+00,1.966494321823120117e+00,2.005941390991210938e+00,2.129009962081909180e+00,2.417168140411376953e+00,2.526875495910644531e+00,2.500822782516479492e+00
1.427682757377624512e+00,1.778943538665771484e+00,2.000537633895874023e+00,1.948421239852905273e+00,1.601311922073364258e+00,1.280387401580810547e+00,1.005139827728271484e+00,6.483286023139953613e-01,3.807442188262939453e-01,0.000000000000000000e+00,3.896587789058685303e-01,6.653987169265747070e-01,1.026937842369079590e+00,1.085275173187255859e+00,9.087679982185363770e-01,1.519977688789367676e+00,1.817065477371215820e+00,2.081834554672241211e+00,2.049429893493652344e+00,1.698407649993896484e+00,1.332001090049743652e+00,1.134739041328430176e+00,7.836951613426208496e-01,6.378364562988281250e-01,4.985406100749969482e-01,6.241023540496826172e-01,8.218929767608642578e-01,1.180631875991821289e+00,1.271014690399169922e+00,1.143144130706787109e+00,1.826493024826049805e+00,2.076625585556030273e+00,2.330745220184326172e+00,2.233533143997192383e+00,1.855322003364562988e+00,1.524644374847412109e+00,1.414203763008117676e+00,1.125024318695068359e+00,1.060703516006469727e+00,9.764978885650634766e-01,1.049121499061584473e+00,1.175262451171875000e+00,1.490468025207519531e+00,1.587037801742553711e+00,1.502585411071777344e+00,2.209267616271972656e+00,2.426401853561401367e+00,2.669047832489013672e+00,2.541618347167968750e+00,2.175236463546752930e+00,1.838376045227050781e+00,1.790089488029479980e+00,1.550870060920715332e+00,1.527881383895874023e+00,1.458239793777465820e+00,1.513881564140319824e+00,1.601349592208862305e+00,1.883868813514709473e+00,1.969603776931762695e+00,1.914776444435119629e+00,2.652735710144042969e+00,2.848858833312988281e+00,3.076284408569335938e+00,2.945013046264648438e+00,2.567379951477050781e+00,2.208534717559814453e+00,2.209503889083862305e+00,1.991064429283142090e+00,2.006954669952392578e+00,1.944751024246215820e+00,1.995709657669067383e+00,2.057867527008056641e+00,2.331154108047485352e+00,2.392629623413085938e+00,2.367071866989135742e+00
1.816426277160644531e+00,2.165580034255981445e+00,2.386113643646240234e+00,2.317855119705200195e+00,1.962260127067565918e+00,1.632552981376647949e+00,1.332543134689331055e+00,1.001821756362915039e+00,6.639848351478576660e-01,3.896587789058685303e-01,0.000000000000000000e+00,3.719036579132080078e-01,7.073799967765808105e-01,8.801101446151733398e-01,8.431007862091064453e-01,1.879920482635498047e+00,2.193344593048095703e+00,2.455102443695068359e+00,2.424441337585449219e+00,2.070855617523193359e+00,1.695800304412841797e+00,1.461224913597106934e+00,1.114284873008728027e+00,8.691375851631164551e-01,6.364585161209106445e-01,5.045945644378662109e-01,6.028937697410583496e-01,9.086938500404357910e-01,1.077911734580993652e+00,1.066402554512023926e+00,2.130870342254638672e+00,2.410874366760253906e+00,2.667840957641601562e+00,2.583321094512939453e+00,2.204882621765136719e+00,1.868016123771667480e+00,1.709961891174316406e+00,1.389893531799316406e+00,1.236892938613891602e+00,1.062160134315490723e+00,9.963212013244628906e-01,1.034330725669860840e+00,1.284673094749450684e+00,1.424252867698669434e+00,1.429569721221923828e+00,2.458646774291992188e+00,2.710067749023437500e+00,2.960742473602294922e+00,2.852635383605957031e+00,2.482827663421630859e+00,2.140700817108154297e+00,2.044502496719360352e+00,1.761892914772033691e+00,1.671771287918090820e+00,1.526257395744323730e+00,1.492931127548217773e+00,1.507817625999450684e+00,1.730262875556945801e+00,1.836446642875671387e+00,1.850600481033325195e+00,2.850883722305297852e+00,3.081631422042846680e+00,3.315864562988281250e+00,3.210113286972045898e+00,2.831836700439453125e+00,2.468295574188232422e+00,2.424587249755859375e+00,2.162464857101440430e+00,2.128911018371582031e+00,2.002769947052001953e+00,1.992833852767944336e+00,1.993130803108215332e+00,2.216489553451538086e+00,2.282414436340332031e+00,2.312117576599121094e+00
2.038738965988159180e+00,2.398130178451538086e+00,2.636296033859252930e+00,2.608061552047729492e+00,2.263506889343261719e+00,1.945578217506408691e+00,1.662065505981445312e+00,1.313235759735107422e+00,1.006872415542602539e+00,6.653987169265747070e-01,3.719036579132080078e-01,0.000000000000000000e+00,3.775063753128051758e-01,5.372203588485717773e-01,5.993492007255554199e-01,2.024565696716308594e+00,2.359737634658813477e+00,2.648295402526855469e+00,2.664317607879638672e+00,2.328325986862182617e+00,1.970321655273437500e+00,1.742646574974060059e+00,1.373059630393981934e+00,1.146494507789611816e+00,8.274822831153869629e-01,6.567813754081726074e-01,5.114199519157409668e-01,7.242771983146667480e-01,8.355510830879211426e-01,8.830356001853942871e-01,2.222611188888549805e+00,2.524547576904296875e+00,2.813764095306396484e+00,2.776800870895385742e+00,2.397546768188476562e+00,2.091630220413208008e+00,1.933865904808044434e+00,1.583078265190124512e+00,1.438431620597839355e+00,1.183098196983337402e+00,1.096672296524047852e+00,1.003472447395324707e+00,1.186365008354187012e+00,1.261964917182922363e+00,1.297707796096801758e+00,2.508250236511230469e+00,2.778969049453735352e+00,3.063026666641235352e+00,2.999428510665893555e+00,2.623870849609375000e+00,2.309777498245239258e+00,2.213421106338500977e+00,1.898678779602050781e+00,1.817750573158264160e+00,1.609960079193115234e+00,1.571874618530273438e+00,1.499735116958618164e+00,1.676482081413269043e+00,1.724368929862976074e+00,1.752082347869873047e+00,2.868331193923950195e+00,3.116542816162109375e+00,3.381964206695556641e+00,3.316355466842651367e+00,2.933157920837402344e+00,2.590687513351440430e+00,2.546261787414550781e+00,2.255202531814575195e+00,2.234935045242309570e+00,2.061626195907592773e+00,2.058639526367187500e+00,1.995356917381286621e+00,2.189283847808837891e+00,2.201949357986450195e+00,2.237209558486938477e+00
2.390373468399047852e+00,2.754187583923339844e+00,2.982546806335449219e+00,2.959527969360351562e+00,2.612247943878173828e+00,2.304249048233032227e+00,2.007174730300903320e+00,1.671723127365112305e+00,1.354479432106018066e+00,1.026937842369079590e+00,7.073799967765808105e-01,3.775063753128051758e-01,0.000000000000000000e+00,3.872821927070617676e-01,6.679229140281677246e-01,2.310142755508422852e+00,2.662945747375488281e+00,2.947317123413085938e+00,2.982704162597656250e+00,2.654551506042480469e+00,2.298946857452392578e+00,2.047740936279296875e+00,1.679335713386535645e+00,1.424496531486511230e+00,1.077777385711669922e+00,8.294557929039001465e-01,5.308741331100463867e-01,5.158807635307312012e-01,6.413196921348571777e-01,8.379434347152709961e-01,2.438230752944946289e+00,2.765768527984619141e+00,3.058360576629638672e+00,3.048102378845214844e+00,2.673285245895385742e+00,2.377283573150634766e+00,2.188408851623535156e+00,1.819532155990600586e+00,1.637791514396667480e+00,1.325374007225036621e+00,1.166418075561523438e+00,9.571518301963806152e-01,1.021119117736816406e+00,1.080782055854797363e+00,1.204394459724426270e+00,2.657290697097778320e+00,2.956292629241943359e+00,3.249401807785034180e+00,3.216721057891845703e+00,2.842771053314208984e+00,2.539522647857666016e+00,2.410660028457641602e+00,2.066304445266723633e+00,1.951467394828796387e+00,1.683382391929626465e+00,1.593319058418273926e+00,1.434277534484863281e+00,1.532609105110168457e+00,1.557688117027282715e+00,1.641252040863037109e+00,2.955712318420410156e+00,3.232637405395507812e+00,3.507215499877929688e+00,3.476451873779296875e+00,3.097753763198852539e+00,2.765382289886474609e+00,2.688564300537109375e+00,2.364948987960815430e+00,2.318259716033935547e+00,2.089991569519042969e+00,2.053179740905761719e+00,1.920997619628906250e+00,2.059629440307617188e+00,2.045456409454345703e+00,2.119702577590942383e+00
2.305304527282714844e+00,2.673199415206909180e+00,2.904024124145507812e+00,2.930494308471679688e+00,2.603256464004516602e+00,2.324443578720092773e+00,2.054253339767456055e+00,1.709664106369018555e+00,1.447224736213684082e+00,1.085275173187255859e+00,8.801101446151733398e-01,5.372203588485717773e-01,3.872821927070617676e-01,0.000000000000000000e+00,3.709973096847534180e-01,2.136936902999877930e+00,2.499668598175048828e+00,2.800981044769287109e+00,2.885644912719726562e+00,2.585391044616699219e+00,2.260308027267456055e+00,2.033053874969482422e+00,1.655034542083740234e+00,1.460095405578613281e+00,1.085065126419067383e+00,9.446641206741333008e-01,6.162700057029724121e-01,6.288860440254211426e-01,4.958623945713043213e-01,5.944414734840393066e-01,2.219532012939453125e+00,2.551966190338134766e+00,2.869087219238281250e+00,2.904056549072265625e+00,2.536614894866943359e+00,2.283485412597656250e+00,2.118397712707519531e+00,1.742689490318298340e+00,1.619201540946960449e+00,1.287830114364624023e+00,1.217394351959228516e+00,9.817797541618347168e-01,1.069353222846984863e+00,9.894510507583618164e-01,1.027551054954528809e+00,2.414799690246582031e+00,2.712485551834106445e+00,3.031556367874145508e+00,3.036108255386352539e+00,2.663736820220947266e+00,2.398699998855590820e+00,2.296744346618652344e+00,1.949787855148315430e+00,1.890264630317687988e+00,1.615554690361022949e+00,1.599005460739135742e+00,1.425806164741516113e+00,1.549833416938781738e+00,1.483922243118286133e+00,1.497666478157043457e+00,2.707112073898315430e+00,2.978366374969482422e+00,3.279038190841674805e+00,3.274862527847290039e+00,2.895147562026977539e+00,2.592183828353881836e+00,2.543120861053466797e+00,2.221474647521972656e+00,2.226800441741943359e+00,2.001461505889892578e+00,2.028749227523803711e+00,1.892205595970153809e+00,2.056748628616333008e+00,1.979166269302368164e+00,1.995144844055175781e+00
1.978790998458862305e+00,2.346342325210571289e+00,2.574114084243774414e+00,2.627070426940917969e+00,2.315756559371948242e+00,2.060070037841796875e+00,1.816564083099365234e+00,1.474179267883300781e+00,1.270902991294860840e+00,9.087679982185363770e-01,8.431007862091064453e-01,5.993492007255554199e-01,6.679229140281677246e-01,3.709973096847534180e-01,0.000000000000000000e+00,1.777332782745361328e+00,2.139552593231201172e+00,2.448401212692260742e+00,2.551104545593261719e+00,2.265719175338745117e+00,1.961919188499450684e+00,1.762556314468383789e+00,1.385278463363647461e+00,1.255449652671813965e+00,8.918920159339904785e-01,8.883394002914428711e-01,6.591499447822570801e-01,8.264786601066589355e-01,6.400311589241027832e-01,4.942938387393951416e-01,1.871353387832641602e+00,2.193768739700317383e+00,2.520397424697875977e+00,2.563761472702026367e+00,2.198452949523925781e+00,1.966293931007385254e+00,1.833303451538085938e+00,1.467305064201354980e+00,1.409541964530944824e+00,1.111231327056884766e+00,1.153246521949768066e+00,9.978672862052917480e-01,1.188410401344299316e+00,1.075066328048706055e+00,9.828884601593017578e-01,2.100546598434448242e+00,2.379556894302368164e+00,2.704721689224243164e+00,2.707119703292846680e+00,2.334073543548583984e+00,2.082999467849731445e+00,2.017491340637207031e+00,1.690686225891113281e+00,1.690689086914062500e+00,1.460952639579772949e+00,1.529039978981018066e+00,1.422013878822326660e+00,1.622720718383789062e+00,1.540313005447387695e+00,1.468426585197448730e+00,2.438386917114257812e+00,2.685500860214233398e+00,2.990816354751586914e+00,2.973525524139404297e+00,2.589661359786987305e+00,2.294134378433227539e+00,2.283112287521362305e+00,1.987849950790405273e+00,2.043186187744140625e+00,1.865372419357299805e+00,1.955327272415161133e+00,1.875883102416992188e+00,2.099037647247314453e+00,2.018280506134033203e+00,1.970983386039733887e+00
7.431132793426513672e-01,9.690842032432556152e-01,1.023375749588012695e+00,1.242997407913208008e+00,1.128575563430786133e+00,1.191114544868469238e+00,1.244135141372680664e+00,1.225263953208923340e+00,1.481317043304443359e+00,1.519977688789367676e+00,1.879920482635498047e+00,2.024565696716308594e+00,2.310142755508422852e+00,2.136936902999877930e+00,1.777332782745361328e+00,0.000000000000000000e+00,3.879613876342773438e-01,6.852249503135681152e-01,8.943982124328613281e-01,7.915314435958862305e-01,8.182430863380432129e-01,9.644510149955749512e-01,9.721980690956115723e-01,1.316556334495544434e+00,1.425917148590087891e+00,1.804663062095642090e+00,1.977745294570922852e+00,2.304624795913696289e+00,2.183104515075683594e+00,1.838376402854919434e+00,5.949734449386596680e-01,6.216804385185241699e-01,9.064074158668518066e-01,9.017532467842102051e-01,5.883378386497497559e-01,6.307256221771240234e-01,8.912643194198608398e-01,9.467203021049499512e-01,1.313574433326721191e+00,1.476998925209045410e+00,1.848370194435119629e+00,2.045719385147094727e+00,2.395620107650756836e+00,2.319578170776367188e+00,2.009275674819946289e+00,1.161428093910217285e+00,1.162158608436584473e+00,1.378208875656127930e+00,1.246361255645751953e+00,9.338523745536804199e-01,8.149194121360778809e-01,1.096349477767944336e+00,1.156738877296447754e+00,1.479241132736206055e+00,1.658578038215637207e+00,1.993511080741882324e+00,2.201218128204345703e+00,2.565238714218139648e+00,2.525255918502807617e+00,2.256233692169189453e+00,1.751393437385559082e+00,1.759843349456787109e+00,1.963282227516174316e+00,1.775681853294372559e+00,1.436650037765502930e+00,1.216860890388488770e+00,1.474158406257629395e+00,1.506397724151611328e+00,1.777343630790710449e+00,1.946930646896362305e+00,2.234216451644897461e+00,2.439755678176879883e+00,2.809610605239868164e+00,2.797133445739746094e+00,2.572198867797851562e+00
6.907064318656921387e-01,7.603389620780944824e-01,7.500073909759521484e-01,1.055145263671875000e+00,1.061536908149719238e+00,1.218534350395202637e+00,1.375477433204650879e+00,1.425566077232360840e+00,1.733409762382507324e+00,1.817065477371215820e+00,2.193344593048095703e+00,2.359737634658813477e+00,2.662945747375488281e+00,2.499668598175048828e+00,2.139552593231201172e+00,3.879613876342773438e-01,0.000000000000000000e+00,4.027653336524963379e-01,6.552210450172424316e-01,6.915470361709594727e-01,8.877651691436767578e-01,1.148407936096191406e+00,1.246985316276550293e+00,1.613787531852722168e+00,1.767820954322814941e+00,2.147680997848510742e+00,2.341292619705200195e+00,2.676994085311889648e+00,2.565626859664916992e+00,2.223481416702270508e+00,8.194425106048583984e-01,6.374483704566955566e-01,8.234229683876037598e-01,7.655538916587829590e-01,5.820061564445495605e-01,7.592915296554565430e-01,1.107953906059265137e+00,1.258599877357482910e+00,1.628346562385559082e+00,1.832484483718872070e+00,2.200442790985107422e+00,2.417556285858154297e+00,2.771868944168090820e+00,2.705373764038085938e+00,2.395213365554809570e+00,1.358014345169067383e+00,1.250689148902893066e+00,1.396445155143737793e+00,1.218564867973327637e+00,9.977556467056274414e-01,9.687470793724060059e-01,1.307934284210205078e+00,1.453551054000854492e+00,1.781666994094848633e+00,2.001067399978637695e+00,2.335757732391357422e+00,2.565052747726440430e+00,2.932578563690185547e+00,2.901693344116210938e+00,2.628775119781494141e+00,1.942454814910888672e+00,1.880166888236999512e+00,2.041193962097167969e+00,1.812316179275512695e+00,1.526518583297729492e+00,1.368416070938110352e+00,1.670140743255615234e+00,1.774792551994323730e+00,2.054110288619995117e+00,2.264275789260864258e+00,2.554736137390136719e+00,2.784951448440551758e+00,3.158604621887207031e+00,3.156666278839111328e+00,2.923627138137817383e+00
9.398884177207946777e-01,9.077772498130798340e-01,6.980152130126953125e-01,9.730081558227539062e-01,1.058229207992553711e+00,1.319275498390197754e+00,1.492886543273925781e+00,1.632009387016296387e+00,1.947393536567687988e+00,2.081834554672241211e+00,2.455102443695068359e+00,2.648295402526855469e+00,2.947317123413085938e+00,2.800981044769287109e+00,2.448401212692260742e+00,6.852249503135681152e-01,4.027653336524963379e-01,0.000000000000000000e+00,3.943162262439727783e-01,6.258046627044677734e-01,9.453197717666625977e-01,1.213989853858947754e+00,1.413051486015319824e+00,1.773878455162048340e+00,1.979780554771423340e+00,2.356364250183105469e+00,2.579759359359741211e+00,2.911845445632934570e+00,2.817718505859375000e+00,2.477873802185058594e+00,9.177964329719543457e-01,6.552886962890625000e-01,6.146423220634460449e-01,4.300615787506103516e-01,4.383576810359954834e-01,7.418346405029296875e-01,1.101986765861511230e+00,1.356620192527770996e+00,1.720902681350708008e+00,1.979665040969848633e+00,2.347729444503784180e+00,2.598432779312133789e+00,2.951865911483764648e+00,2.903197526931762695e+00,2.590127944946289062e+00,1.368356466293334961e+00,1.204010128974914551e+00,1.229735255241394043e+00,9.721657037734985352e-01,8.462834954261779785e-01,8.756824731826782227e-01,1.234558463096618652e+00,1.476608991622924805e+00,1.803834199905395508e+00,2.080550432205200195e+00,2.418596982955932617e+00,2.685616970062255859e+00,3.055744409561157227e+00,3.044423818588256836e+00,2.765665769577026367e+00,1.909345865249633789e+00,1.804835557937622070e+00,1.888763785362243652e+00,1.605342268943786621e+00,1.375387072563171387e+00,1.249704957008361816e+00,1.562961578369140625e+00,1.746452808380126953e+00,2.020355701446533203e+00,2.285474300384521484e+00,2.578030586242675781e+00,2.848891973495483398e+00,3.225888252258300781e+00,3.247831821441650391e+00,3.005712032318115234e+00
8.815493583679199219e-01,7.918897271156311035e-01,4.642261266708374023e-01,6.248556375503540039e-01,7.552035450935363770e-01,1.082571029663085938e+00,1.295354962348937988e+00,1.513670086860656738e+00,1.848506450653076172e+00,2.049429893493652344e+00,2.424441337585449219e+00,2.664317607879638672e+00,2.982704162597656250e+00,2.885644912719726562e+00,2.551104545593261719e+00,8.943982124328613281e-01,6.552210450172424316e-01,3.943162262439727783e-01,0.000000000000000000e+00,3.768723011016845703e-01,7.666838765144348145e-01,1.076712489128112793e+00,1.352965354919433594e+00,1.705818772315979004e+00,1.972473144531250000e+00,2.335870504379272461e+00,2.604026556015014648e+00,2.949601411819458008e+00,2.906323909759521484e+00,2.590521335601806641e+00,1.206877470016479492e+00,1.014043927192687988e+00,9.217559695243835449e-01,5.892460942268371582e-01,5.758695602416992188e-01,7.101946473121643066e-01,1.062509417533874512e+00,1.365328311920166016e+00,1.693908691406250000e+00,1.999112486839294434e+00,2.340895652770996094e+00,2.630046129226684570e+00,2.991675376892089844e+00,2.993966817855834961e+00,2.708988904953002930e+00,1.654808521270751953e+00,1.529896855354309082e+00,1.509150624275207520e+00,1.188704848289489746e+00,1.074234724044799805e+00,9.943860173225402832e-01,1.292809247970581055e+00,1.548617720603942871e+00,1.822008013725280762e+00,2.126191139221191406e+00,2.428190708160400391e+00,2.726204633712768555e+00,3.098672389984130859e+00,3.136047124862670898e+00,2.887997150421142578e+00,2.177154779434204102e+00,2.097595214843750000e+00,2.140373229980468750e+00,1.822395324707031250e+00,1.607090950012207031e+00,1.426568269729614258e+00,1.681261062622070312e+00,1.862357735633850098e+00,2.078241825103759766e+00,2.355073451995849609e+00,2.604784727096557617e+00,2.898629426956176758e+00,3.272364377975463867e+00,3.339115619659423828e+00,3.128480195999145508e+00
6.600211858749389648e-01,6.956468224525451660e-01,5.099459886550903320e-01,5.251409411430358887e-01,4.557848572731018066e-01,7.344461083412170410e-01,9.201588034629821777e-01,1.144259929656982422e+00,1.478546619415283203e+00,1.698407649993896484e+00,2.070855617523193359e+00,2.328325986862182617e+00,2.654551506042480469e+00,2.585391044616699219e+00,2.265719175338745117e+00,7.915314435958862305e-01,6.915470361709594727e-01,6.258046627044677734e-01,3.768723011016845703e-01,0.000000000000000000e+00,3.936401009559631348e-01,7.295114994049072266e-01,1.008658885955810547e+00,1.358476877212524414e+00,1.641154527664184570e+00,1.996551752090454102e+00,2.280220508575439453e+00,2.633292675018310547e+00,2.618161439895629883e+00,2.321660518646240234e+00,1.193598985671997070e+00,1.114095926284790039e+00,1.115331411361694336e+00,8.095377683639526367e-01,6.061100959777832031e-01,5.058385729789733887e-01,8.335888981819152832e-01,1.099330902099609375e+00,1.404352784156799316e+00,1.710482478141784668e+00,2.034182548522949219e+00,2.331321001052856445e+00,2.697601556777954102e+00,2.726796150207519531e+00,2.465840339660644531e+00,1.679135918617248535e+00,1.636629343032836914e+00,1.672562122344970703e+00,1.369810938835144043e+00,1.163851261138916016e+00,9.562966227531433105e-01,1.190056920051574707e+00,1.377998471260070801e+00,1.610562562942504883e+00,1.894173383712768555e+00,2.168477535247802734e+00,2.464051723480224609e+00,2.835942268371582031e+00,2.896374464035034180e+00,2.675885200500488281e+00,2.215049743652343750e+00,2.198231935501098633e+00,2.273798227310180664e+00,1.977565050125122070e+00,1.710737943649291992e+00,1.452116608619689941e+00,1.651271343231201172e+00,1.762684226036071777e+00,1.938402533531188965e+00,2.180220842361450195e+00,2.397562265396118164e+00,2.678136825561523438e+00,3.046966075897216797e+00,3.129684448242187500e+00,2.949465513229370117e+00
6.457968354225158691e-01,8.417357802391052246e-01,8.166560530662536621e-01,7.342842221260070801e-01,4.348496198654174805e-01,4.950311183929443359e-01,5.569897294044494629e-01,7.745578885078430176e-01,1.093366026878356934e+00,1.332001090049743652e+00,1.695800304412841797e+00,1.970321655273437500e+00,2.298946857452392578e+00,2.260308027267456055e+00,1.961919188499450684e+00,8.182430863380432129e-01,8.877651691436767578e-01,9.453197717666625977e-01,7.666838765144348145e-01,3.936401009559631348e-01,0.000000000000000000e+00,3.750492334365844727e-01,6.436263918876647949e-01,9.819391369819641113e-01,1.281421184539794922e+00,1.624660849571228027e+00,1.923879504203796387e+00,2.281234979629516602e+00,2.296639442443847656e+00,2.024901628494262695e+00,1.235180735588073730e+00,1.275107622146606445e+00,1.348417520523071289e+00,1.089067697525024414e+00,7.862789630889892578e-01,4.755007326602935791e-01,6.631336212158203125e-01,8.385127186775207520e-01,1.096727609634399414e+00,1.394622445106506348e+00,1.693260192871093750e+00,1.996034145355224609e+00,2.364033460617065430e+00,2.421594619750976562e+00,2.189674615859985352e+00,1.718322873115539551e+00,1.760692000389099121e+00,1.846303820610046387e+00,1.574366569519042969e+00,1.301235318183898926e+00,9.953281283378601074e-01,1.129898548126220703e+00,1.219560980796813965e+00,1.392135620117187500e+00,1.639804363250732422e+00,1.878109335899353027e+00,2.165574789047241211e+00,2.533131837844848633e+00,2.616682767868041992e+00,2.428154706954956055e+00,2.244899749755859375e+00,2.292684555053710938e+00,2.398493051528930664e+00,2.132707357406616211e+00,1.825377821922302246e+00,1.504418969154357910e+00,1.635290741920471191e+00,1.664150238037109375e+00,1.790302753448486328e+00,1.983931660652160645e+00,2.162688732147216797e+00,2.422562360763549805e+00,2.782239913940429688e+00,2.879402875900268555e+00,2.733067989349365234e+00
