,A1,A2,A3,A4,A5,A6,A7,A8,A9,A10,A11,A12,A13,A14,A15,B1,B2,B3,B4,B5,B6,B7,B8,B9,B10,B11,B12,B13,B14,B15,C1,C2,C3,C4,C5,C6,C7,C8,C9,C10,C11,C12,C13,C14,C15,D1,D2,D3,D4,D5,D6,D7,D8,D9,D10,D11,D12,D13,D14,D15,E1,E2,E3,E4,E5,E6,E7,E8,E9,E10,E11,E12,E13,E14,E15
A1,0.0,0.401356965303421,0.6718823909759521,0.7424052953720093,0.8164876699447632,0.7197774648666382,1.063565969467163,1.1221493482589722,1.4649574756622314,1.6668750047683716,2.020608901977539,2.272207736968994,2.658168315887451,2.638530731201172,2.3466827869415283,1.240532398223877,1.0741584300994873,1.2365608215332031,1.0185256004333496,1.1614360809326172,1.043294906616211,1.3313571214675903,1.4187376499176025,1.7017135620117188,1.919081687927246,2.2174909114837646,2.4694085121154785,2.8496763706207275,2.8767309188842773,2.643343448638916,1.8643380403518677,1.7451757192611694,1.8474138975143433,1.5795456171035767,1.6320964097976685,1.4882137775421143,1.7207378149032593,1.7882765531539917,2.017733335494995,2.223398208618164,2.475689649581909,2.723381757736206,3.093160629272461,3.157735586166382,2.965754508972168,2.446105480194092,2.3705263137817383,2.464906930923462,2.179760456085205,2.090975761413574,1.9378010034561157,2.1492936611175537,2.200307607650757,2.38970947265625,2.5743587017059326,2.7832672595977783,3.024946451187134,3.3780229091644287,3.4665322303771973,3.324873208999634,3.0653622150421143,3.0342347621917725,3.120595693588257,2.816540241241455,2.5968432426452637,2.426943778991699,2.6341159343719482,2.646543025970459,2.811657667160034,2.9664976596832275,3.117121458053589,3.3587169647216797,3.6339402198791504,3.9353787899017334,4.0549116134643555
A2,0.401356965303421,0.0,0.3959950804710388,0.5352411270141602,0.7815799713134766,0.8705775737762451,1.2407554388046265,1.3905528783798218,1.7518353462219238,1.9812053442001343,2.3459219932556152,2.6069226264953613,2.990124464035034,2.95837140083313,2.6516621112823486,1.3544951677322388,1.1030116081237793,1.1429359912872314,0.8781955242156982,1.0737217664718628,1.0891627073287964,1.4216792583465576,1.5999585390090942,1.9102144241333008,2.1664531230926514,2.4841158390045166,2.753676652908325,3.136631488800049,3.156949281692505,2.9038867950439453,1.9240869283676147,1.7462570667266846,1.7678405046463013,1.461734414100647,1.5359811782836914,1.4804058074951172,1.7545721530914307,1.9029650688171387,2.1584677696228027,2.4103519916534424,2.684152603149414,2.9577298164367676,3.3345513343811035,3.39825177192688,3.1852118968963623,2.4786906242370605,2.3592939376831055,2.392272710800171,2.0728323459625244,2.0025386810302734,1.9132153987884521,2.153287649154663,2.271568775177002,2.478168487548828,2.7102742195129395,2.937164068222046,3.2091081142425537,3.5713260173797607,3.667354106903076,3.5039150714874268,3.0798914432525635,3.0140459537506104,3.05450701713562,2.721187114715576,2.506258249282837,2.39072322845459,2.620572328567505,2.6891555786132812,2.860830068588257,3.060886859893799,3.21795392036438,3.492661714553833,3.7733476161956787,4.075404167175293,4.225523471832275
A3,0.6718823909759521,0.3959950804710388,0.0,0.3779274523258209,0.6258850693702698,0.8556855320930481,1.1919102668762207,1.3777507543563843,1.750376582145691,1.9749764204025269,2.3540263175964355,2.6070711612701416,2.9786136150360107,2.918079137802124,2.5929431915283203,1.1578600406646729,0.8857274055480957,0.8147534132003784,0.5118247270584106,0.7392743825912476,0.8673751354217529,1.2269247770309448,1.4595038890838623,1.799667477607727,2.0692553520202637,2.412691831588745,2.683751344680786,3.0641448497772217,3.0622758865356445,2.7845420837402344,1.6495951414108276,1.4543362855911255,1.4208707809448242,1.0915048122406006,1.1673957109451294,1.1689749956130981,1.4752601385116577,1.6771173477172852,1.9641917943954468,2.2412800788879395,2.5442581176757812,2.8288424015045166,3.2096517086029053,3.257308006286621,3.018367290496826,2.169987678527832,2.037611484527588,2.0354104042053223,1.7007834911346436,1.6296970844268799,1.5733808279037476,1.8334532976150513,1.9947621822357178,2.224503755569458,2.4863123893737793,2.7393624782562256,3.027193784713745,3.397451639175415,3.4857022762298584,3.296178102493286,2.7495548725128174,2.671752452850342,2.688047170639038,2.3460094928741455,2.1290996074676514,2.0369880199432373,2.2797977924346924,2.3819239139556885,2.56681752204895,2.796557903289795,2.971569538116455,3.2667415142059326,3.5606703758239746,3.8504302501678467,4.0222578048706055
A4,0.7424052953720093,0.5352411270141602,0.3779274523258209,0.0,0.36692214012145996,0.6576963067054749,0.9754669666290283,1.2440156936645508,1.5971413850784302,1.8785793781280518,2.2395894527435303,2.529660701751709,2.899726629257202,2.8822154998779297,2.580915927886963,1.3099851608276367,1.1239128112792969,1.0413553714752197,0.6708527207374573,0.6989398002624512,0.7613182663917542,1.0638123750686646,1.3404712677001953,1.6413286924362183,1.9552843570709229,2.273735284805298,2.578796625137329,2.9569313526153564,2.9988605976104736,2.747502326965332,1.7776254415512085,1.6466232538223267,1.596663236618042,1.2360564470291138,1.1954752206802368,1.1333767175674438,1.37114679813385,1.5817961692810059,1.8175638914108276,2.1230170726776123,2.393296480178833,2.705566167831421,3.081672191619873,3.1719236373901367,2.960681676864624,2.2733516693115234,2.191880226135254,2.176905393600464,1.8299542665481567,1.6833645105361938,1.5765728950500488,1.7732480764389038,1.9251911640167236,2.1001217365264893,2.372530460357666,2.587047815322876,2.8945515155792236,3.2555925846099854,3.383925676345825,3.222876787185669,2.8195388317108154,2.7819466590881348,2.7805824279785156,2.445028781890869,2.179537773132324,2.0572760105133057,2.2481908798217773,2.334181308746338,2.4664242267608643,2.691054344177246,2.8223276138305664,3.1233654022216797,3.3911709785461426,3.704108238220215,3.8848495483398438
A5,0.8164876699447632,0.7815799713134766,0.6258850693702698,0.36692214012145996,0.0,0.3817627429962158,0.6334292888641357,0.9252454042434692,1.2671723365783691,1.5565582513809204,1.9122670888900757,2.2075555324554443,2.569892168045044,2.5608856678009033,2.269291400909424,1.1460305452346802,1.0670493841171265,1.028928518295288,0.6839171051979065,0.5483960509300232,0.4512571394443512,0.7100504636764526,0.9875245690345764,1.2776973247528076,1.6011611223220825,1.9160692691802979,2.227766513824463,2.6032185554504395,2.655311346054077,2.4136171340942383,1.5917030572891235,1.5370866060256958,1.5251396894454956,1.1842209100723267,1.0645776987075806,0.8941579461097717,1.0727670192718506,1.2484142780303955,1.462304711341858,1.7662327289581299,2.028266429901123,2.3439085483551025,2.718616247177124,2.8184444904327393,2.618234157562256,2.078709363937378,2.054940700531006,2.072968006134033,1.7492730617523193,1.5495326519012451,1.366830587387085,1.5151280164718628,1.6227856874465942,1.7726998329162598,2.0301856994628906,2.232038974761963,2.5365445613861084,2.8950448036193848,3.030235528945923,2.8820137977600098,2.614081621170044,2.6204278469085693,2.6417062282562256,2.3339874744415283,2.0423994064331055,1.8627970218658447,2.0149261951446533,2.057832956314087,2.1693553924560547,2.3696372509002686,2.489170789718628,2.7789230346679688,3.0425803661346436,3.3591275215148926,3.531763792037964
A6,0.7197774648666382,0.8705775737762451,0.8556855320930481,0.6576963067054749,0.3817627429962158,0.0,0.3708544373512268,0.602588951587677,0.9473353028297424,1.2443960905075073,1.5932223796844482,1.897889256477356,2.2705461978912354,2.288346529006958,2.0168211460113525,1.1344354152679443,1.134319543838501,1.2205027341842651,0.9405149221420288,0.8217416405677795,0.5385481715202332,0.6942386031150818,0.8325234651565552,1.0813391208648682,1.3782931566238403,1.6691615581512451,1.9765043258666992,2.3554811477661133,2.42812442779541,2.2137999534606934,1.6429996490478516,1.6437373161315918,1.7151964902877808,1.4213545322418213,1.3069260120391846,1.0462721586227417,1.159054160118103,1.2167187929153442,1.3834583759307861,1.6342246532440186,1.8629497289657593,2.1572163105010986,2.527404308319092,2.6394972801208496,2.469233989715576,2.1599252223968506,2.1776516437530518,2.257983922958374,1.9715497493743896,1.7679864168167114,1.5244901180267334,1.6355137825012207,1.6562312841415405,1.7754006385803223,1.9729819297790527,2.1444504261016846,2.416896343231201,2.765047073364258,2.9003591537475586,2.783207893371582,2.7139477729797363,2.7539710998535156,2.8219218254089355,2.543717622756958,2.255305290222168,2.024378776550293,2.1498918533325195,2.126793384552002,2.2246644496917725,2.3684639930725098,2.472487211227417,2.7229862213134766,2.9753851890563965,3.297468900680542,3.435424327850342
A7,1.063565969467163,1.2407554388046265,1.1919102668762207,0.9754669666290283,0.6334292888641357,0.3708544373512268,0.0,0.3840862512588501,0.6557888388633728,0.9907325506210327,1.3137280941009521,1.6369494199752808,1.9938364028930664,2.0376577377319336,1.7924106121063232,1.2064262628555298,1.3121421337127686,1.4034538269042969,1.1635738611221313,0.9473461508750916,0.5855727791786194,0.5125042200088501,0.5754424333572388,0.7436521649360657,1.0678355693817139,1.3350813388824463,1.6636713743209839,2.0356156826019287,2.136690855026245,1.9472397565841675,1.6265077590942383,1.7107901573181152,1.7989283800125122,1.5370149612426758,1.353156566619873,1.0190790891647339,1.0090612173080444,0.9909827709197998,1.0801234245300293,1.322466254234314,1.5181670188903809,1.8235588073730469,2.1875853538513184,2.3258538246154785,2.1809189319610596,2.0937306880950928,2.1762146949768066,2.2752439975738525,2.0186972618103027,1.7679038047790527,1.463923454284668,1.493572473526001,1.4514750242233276,1.5103983879089355,1.679552674293518,1.8146162033081055,2.084625005722046,2.4230499267578125,2.5787923336029053,2.487496852874756,2.605379343032837,2.6952404975891113,2.7751388549804688,2.5314152240753174,2.220830202102661,1.9427695274353027,2.0083436965942383,1.9342838525772095,1.9881516695022583,2.095266580581665,2.168242931365967,2.401768684387207,2.637932062149048,2.968533515930176,3.0992002487182617
A8,1.1221493482589722,1.3905528783798218,1.3777507543563843,1.2440156936645508,0.9252454042434692,0.602588951587677,0.3840862512588501,0.0,0.3746432065963745,0.6428639888763428,0.9956925511360168,1.2968525886535645,1.6680711507797241,1.7000536918640137,1.4536426067352295,1.1136300563812256,1.2937517166137695,1.4802111387252808,1.3214800357818604,1.157682180404663,0.7696499228477478,0.683567464351654,0.5009588599205017,0.6271052956581116,0.8372232913970947,1.106562852859497,1.3946346044540405,1.7741514444351196,1.8567813634872437,1.6729023456573486,1.55295991897583,1.6798357963562012,1.8476111888885498,1.6490333080291748,1.5066838264465332,1.1457115411758423,1.124289870262146,0.982226550579071,1.0597432851791382,1.196799397468567,1.3850021362304688,1.634385108947754,1.996140480041504,2.107962131500244,1.9710127115249634,2.0379326343536377,2.1459975242614746,2.309124231338501,2.1006386280059814,1.8772482872009277,1.5489215850830078,1.5780116319656372,1.4587315320968628,1.5273810625076294,1.618537425994873,1.7544729709625244,1.9676450490951538,2.3001186847686768,2.419708013534546,2.336902141571045,2.570493698120117,2.6773717403411865,2.810520648956299,2.5985374450683594,2.3155953884124756,2.0068397521972656,2.0726046562194824,1.9450907707214355,2.0212202072143555,2.0734927654266357,2.166452646255493,2.3518500328063965,2.5972018241882324,2.9081876277923584,2.9975550174713135
A9,1.4649574756622314,1.7518353462219238,1.750376582145691,1.5971413850784302,1.2671723365783691,0.9473353028297424,0.6557888388633728,0.3746432065963745,0.0,0.38544830679893494,0.6616429090499878,1.0008347034454346,1.3588025569915771,1.4505630731582642,1.26594877243042,1.3884834051132202,1.6205261945724487,1.8154430389404297,1.6765058040618896,1.4821475744247437,1.0924816131591797,0.9050682783126831,0.6290677785873413,0.5154634714126587,0.631241500377655,0.7999740839004517,1.0981264114379883,1.4651453495025635,1.5996432304382324,1.476348876953125,1.7468472719192505,1.9338960647583008,2.1204254627227783,1.9522321224212646,1.7801837921142578,1.3964009284973145,1.2865698337554932,1.057281255722046,1.009737491607666,1.0569791793823242,1.1529505252838135,1.3761987686157227,1.714921236038208,1.86301851272583,1.7823007106781006,2.1749069690704346,2.3373866081237793,2.523470401763916,2.3484365940093994,2.1036393642425537,1.7436631917953491,1.7028145790100098,1.5108281373977661,1.5030558109283447,1.5180532932281494,1.5844954252243042,1.7572704553604126,2.0597481727600098,2.197180986404419,2.165117025375366,2.6592328548431396,2.812260627746582,2.9646100997924805,2.7901926040649414,2.5011579990386963,2.15964412689209,2.168982982635498,1.982897400856018,2.010371685028076,1.9971154928207397,2.0468199253082275,2.183166980743408,2.3969109058380127,2.712026596069336,2.7707698345184326
A10,1.6668750047683716,1.9812053442001343,1.9749764204025269,1.8785793781280518,1.5565582513809204,1.2443960905075073,0.9907325506210327,0.6428639888763428,0.38544830679893494,0.0,0.38819384574890137,0.6541272401809692,1.0275853872299194,1.0831626653671265,0.8966147899627686,1.392024278640747,1.6791996955871582,1.9226250648498535,1.8553729057312012,1.691832423210144,1.3140888214111328,1.1366997957229614,0.7785027027130127,0.6438406705856323,0.5082944631576538,0.641547441482544,0.8326097130775452,1.2004964351654053,1.2917474508285522,1.172719955444336,1.6966034173965454,1.9244329929351807,2.1663782596588135,2.062661647796631,1.9222397804260254,1.5407975912094116,1.427649736404419,1.125104546546936,1.0761120319366455,0.9907320141792297,1.0744985342025757,1.1998286247253418,1.5237115621566772,1.6214814186096191,1.5448771715164185,2.0999667644500732,2.288994550704956,2.5263729095458984,2.4043242931365967,2.18764328956604,1.8227111101150513,1.7800887823104858,1.5312339067459106,1.5375529527664185,1.470948576927185,1.5444104671478271,1.6414653062820435,1.9300369024276733,2.0122621059417725,1.9820075035095215,2.5776875019073486,2.747368574142456,2.9460554122924805,2.8094396591186523,2.5526366233825684,2.193856716156006,2.200491189956665,1.9718233346939087,2.023360013961792,1.9582175016403198,2.0358026027679443,2.1192173957824707,2.3450727462768555,2.6245245933532715,2.6411378383636475
A11,2.020608901977539,2.3459219932556152,2.3540263175964355,2.2395894527435303,1.9122670888900757,1.5932223796844482,1.3137280941009521,0.9956925511360168,0.6616429090499878,0.38819384574890137,0.0,0.37288472056388855,0.7128137350082397,0.8855485916137695,0.8387988805770874,1.758655309677124,2.0594441890716553,2.3030500411987305,2.2380635738372803,2.057936191558838,1.679307460784912,1.4640346765518188,1.1078815460205078,0.8718189597129822,0.6432550549507141,0.5248234868049622,0.6249046325683594,0.9354143738746643,1.1036100387573242,1.0985913276672363,2.0069594383239746,2.2653541564941406,2.513322114944458,2.4257826805114746,2.267993211746216,1.8812016248703003,1.7218897342681885,1.39018714427948,1.2525676488876343,1.0793732404708862,1.0287164449691772,1.0685365200042725,1.3258329629898071,1.4614338874816895,1.472719669342041,2.353168487548828,2.5785961151123047,2.8284740447998047,2.7313337326049805,2.5031487941741943,2.126385450363159,2.036435604095459,1.7459009885787964,1.686646580696106,1.5451487302780151,1.5346516370773315,1.560673713684082,1.7903193235397339,1.8825803995132446,1.9205487966537476,2.776078224182129,2.9816768169403076,3.193967342376709,3.0899200439453125,2.8328726291656494,2.45786190032959,2.419658660888672,2.149393081665039,2.1551740169525146,2.0256614685058594,2.0555853843688965,2.0736565589904785,2.253925323486328,2.525625228881836,2.497420072555542
A12,2.272207736968994,2.6069226264953613,2.6070711612701416,2.529660701751709,2.2075555324554443,1.897889256477356,1.6369494199752808,1.2968525886535645,1.0008347034454346,0.6541272401809692,0.37288472056388855,0.0,0.38729146122932434,0.5372174382209778,0.5823222994804382,1.878061294555664,2.205322265625,2.4726946353912354,2.4585015773773193,2.2995476722717285,1.9362382888793945,1.7321314811706543,1.3541371822357178,1.1396503448486328,0.8201887607574463,0.6662429571151733,0.5315067768096924,0.7551097273826599,0.8568382859230042,0.8995004892349243,2.06311297416687,2.3458919525146484,2.6275670528411865,2.5913407802581787,2.4579520225524902,2.083545684814453,1.9270771741867065,1.5672107934951782,1.4400705099105835,1.1847803592681885,1.1192591190338135,1.0314679145812988,1.2284945249557495,1.2931573390960693,1.3260389566421509,2.3654391765594482,2.609700918197632,2.8953897953033447,2.845005512237549,2.6428112983703613,2.273020029067993,2.182936668395996,1.8619325160980225,1.8149563074111938,1.611565351486206,1.6037501096725464,1.5459941625595093,1.7399057149887085,1.7649385929107666,1.8111127614974976,2.761871814727783,2.980581760406494,3.2292041778564453,3.1619439125061035,2.93660306930542,2.5565719604492188,2.5146517753601074,2.2167954444885254,2.2405128479003906,2.0678985118865967,2.120145082473755,2.0837249755859375,2.2667956352233887,2.4919567108154297,2.4177229404449463
A13,2.658168315887451,2.990124464035034,2.9786136150360107,2.899726629257202,2.569892168045044,2.2705461978912354,1.9938364028930664,1.6680711507797241,1.3588025569915771,1.0275853872299194,0.7128137350082397,0.38729146122932434,0.0,0.3918952941894531,0.6693757176399231,2.195774555206299,2.5395915508270264,2.800182819366455,2.8046646118164062,2.6337971687316895,2.279698610305786,2.0520551204681396,1.6751848459243774,1.429478645324707,1.081615924835205,0.8406664133071899,0.5545319318771362,0.5477437973022461,0.6636337041854858,0.8553916215896606,2.304436445236206,2.6147568225860596,2.8997342586517334,2.8924591541290283,2.750051259994507,2.380788803100586,2.194204568862915,1.81876802444458,1.6512770652770996,1.3383232355117798,1.1955790519714355,0.9914663434028625,1.06765878200531,1.1126930713653564,1.2333705425262451,2.533836841583252,2.809760808944702,3.106776714324951,3.091865301132202,2.8889122009277344,2.5186338424682617,2.394681692123413,2.0457732677459717,1.9622246026992798,1.697056770324707,1.6364669799804688,1.4907726049423218,1.6084593534469604,1.6016478538513184,1.7036066055297852,2.8620479106903076,3.111259698867798,3.3754258155822754,3.3486392498016357,3.1357920169830322,2.7484686374664307,2.6709184646606445,2.3418283462524414,2.3386566638946533,2.110175132751465,2.1382081508636475,2.0317602157592773,2.1785757541656494,2.3648109436035156,2.2377076148986816
A14,2.638530731201172,2.95837140083313,2.918079137802124,2.8822154998779297,2.5608856678009033,2.288346529006958,2.0376577377319336,1.7000536918640137,1.4505630731582642,1.0831626653671265,0.8855485916137695,0.5372174382209778,0.3918952941894531,0.0,0.37214356660842896,2.0175888538360596,2.3763697147369385,2.643918037414551,2.6996877193450928,2.5539183616638184,2.2276532649993896,2.0262351036071777,1.643402099609375,1.4583663940429688,1.0813909769058228,0.948190450668335,0.6251574754714966,0.6499345898628235,0.5136520862579346,0.5994945168495178,2.0632565021514893,2.382509708404541,2.6881375312805176,2.727313756942749,2.6159448623657227,2.2710208892822266,2.108975410461426,1.7298541069030762,1.6197137832641602,1.2858250141143799,1.2304719686508179,0.9986999034881592,1.1038788557052612,1.01493239402771,1.0449330806732178,2.2624075412750244,2.5378949642181396,2.8586325645446777,2.8801019191741943,2.7105793952941895,2.3601624965667725,2.260648012161255,1.9102298021316528,1.880584478378296,1.6079769134521484,1.6204328536987305,1.4606850147247314,1.6097911596298218,1.5192166566848755,1.5491137504577637,2.5886781215667725,2.8285956382751465,3.1185147762298584,3.1113317012786865,2.9328036308288574,2.5542542934417725,2.499119281768799,2.1716482639312744,2.219313621520996,1.997228980064392,2.0899219512939453,1.9898481369018555,2.187864303588867,2.334967851638794,2.2127809524536133
A15,2.3466827869415283,2.6516621112823486,2.5929431915283203,2.580915927886963,2.269291400909424,2.0168211460113525,1.7924106121063232,1.4536426067352295,1.26594877243042,0.8966147899627686,0.8387988805770874,0.5823222994804382,0.6693757176399231,0.37214356660842896,0.0,1.6525859832763672,2.0140368938446045,2.283461809158325,2.3568625450134277,2.229048728942871,1.918524980545044,1.7465373277664185,1.3668131828308105,1.2476513385772705,0.8837012052536011,0.888631284236908,0.6631187200546265,0.8481815457344055,0.6686995029449463,0.5209292769432068,1.7045377492904663,2.015305280685425,2.3277459144592285,2.3726181983947754,2.281092882156372,1.9477713108062744,1.818516492843628,1.4501022100448608,1.4059232473373413,1.1063741445541382,1.1628259420394897,1.0136529207229614,1.2243107557296753,1.1137475967407227,1.0183748006820679,1.941985845565796,2.1969685554504395,2.5204765796661377,2.534320116043091,2.3801944255828857,2.0399222373962402,1.9767094850540161,1.646506905555725,1.6760025024414062,1.450478196144104,1.5446891784667969,1.4531315565109253,1.6776697635650635,1.5860027074813843,1.5334422588348389,2.323380947113037,2.535970687866211,2.8244543075561523,2.7953054904937744,2.6224777698516846,2.2525861263275146,2.2351367473602295,1.9332845211029053,2.028892993927002,1.8574776649475098,2.001802921295166,1.9641401767730713,2.2135632038116455,2.37558913230896,2.3043935298919678
B1,1.240532398223877,1.3544951677322388,1.1578600406646729,1.3099851608276367,1.1460305452346802,1.1344354152679443,1.2064262628555298,1.1136300563812256,1.3884834051132202,1.392024278640747,1.758655309677124,1.878061294555664,2.195774555206299,2.0175888538360596,1.6525859832763672,0.0,0.3803805708885193,0.6525458097457886,0.8261898159980774,0.8926708698272705,0.8163338303565979,1.0034288167953491,0.9652136564254761,1.3073166608810425,1.3875213861465454,1.7617878913879395,1.9120676517486572,2.2615420818328857,2.1455044746398926,1.8157768249511719,0.6475427746772766,0.628772497177124,0.9009260535240173,0.862838864326477,0.9591197967529297,0.8091106414794922,1.0513761043548584,1.0452884435653687,1.3897788524627686,1.5146749019622803,1.871124505996704,2.0501294136047363,2.415806770324707,2.3541100025177,2.065622568130493,1.2461529970169067,1.2074179649353027,1.4106254577636719,1.2524362802505493,1.2082146406173706,1.0323243141174316,1.2877964973449707,1.2969352006912231,1.6038585901260376,1.7503881454467773,2.0678908824920654,2.2623772621154785,2.6315653324127197,2.6139817237854004,2.381075382232666,1.8905048370361328,1.8700224161148071,2.0351486206054688,1.8034037351608276,1.642281413078308,1.4268367290496826,1.6684788465499878,1.655648946762085,1.9252761602401733,2.071514129638672,2.3328027725219727,2.556032657623291,2.8987560272216797,3.1175968647003174,3.2343432903289795
B2,1.0741584300994873,1.1030116081237793,0.8857274055480957,1.1239128112792969,1.0670493841171265,1.134319543838501,1.3121421337127686,1.2937517166137695,1.6205261945724487,1.6791996955871582,2.0594441890716553,2.205322265625,2.5395915508270264,2.3763697147369385,2.0140368938446045,0.3803805708885193,0.0,0.3945895731449127,0.5973814725875854,0.8178107738494873,0.8631777167320251,1.1565155982971191,1.217101812362671,1.582393765449524,1.7149076461791992,2.090050458908081,2.2649953365325928,2.6229538917541504,2.520434617996216,2.1946282386779785,0.8824703693389893,0.6847553253173828,0.8561177849769592,0.7456299662590027,0.9446151256561279,0.9122811555862427,1.235439419746399,1.3232008218765259,1.676918625831604,1.8492108583450317,2.20412015914917,2.40700626373291,2.777719020843506,2.728593587875366,2.4402499198913574,1.456951379776001,1.3250981569290161,1.4564235210418701,1.239132285118103,1.2509783506393433,1.1703035831451416,1.4798680543899536,1.5679636001586914,1.8813605308532715,2.0714566707611084,2.3889570236206055,2.608341693878174,2.981476068496704,2.9773714542388916,2.7399091720581055,2.0970635414123535,2.0176808834075928,2.1374611854553223,1.8572719097137451,1.713918685913086,1.5738416910171509,1.8580812215805054,1.910144329071045,2.1835012435913086,2.370654821395874,2.627889394760132,2.8772380352020264,3.2176640033721924,3.445385217666626,3.580212354660034
B3,1.2365608215332031,1.1429359912872314,0.8147534132003784,1.0413553714752197,1.028928518295288,1.2205027341842651,1.4034538269042969,1.4802111387252808,1.8154430389404297,1.9226250648498535,2.3030500411987305,2.4726946353912354,2.800182819366455,2.643918037414551,2.283461809158325,0.6525458097457886,0.3945895731449127,0.0,0.3817252516746521,0.6347422003746033,0.8552821278572083,1.16191565990448,1.3286792039871216,1.6998378038406372,1.8838932514190674,2.2642834186553955,2.4667468070983887,2.821422815322876,2.7278220653533936,2.395493268966675,0.9229673147201538,0.6597915887832642,0.6283559799194336,0.4037931561470032,0.6643134355545044,0.7832887768745422,1.1504980325698853,1.3459721803665161,1.7112497091293335,1.9406347274780273,2.305629253387451,2.5418965816497803,2.913699150085449,2.876152753829956,2.5757572650909424,1.4104427099227905,1.2345713376998901,1.2584530115127563,0.9699263572692871,0.9877069592475891,0.9976251125335693,1.3420144319534302,1.5223318338394165,1.8440324068069458,2.0924181938171387,2.4198601245880127,2.675969123840332,3.0530529022216797,3.067117691040039,2.813288688659668,2.003429412841797,1.8923853635787964,1.9428547620773315,1.6206750869750977,1.4637242555618286,1.3882343769073486,1.6961699724197388,1.8213489055633545,2.092440605163574,2.334038019180298,2.590301275253296,2.8774852752685547,3.217535972595215,3.446777105331421,3.6186022758483887
B4,1.0185256004333496,0.8781955242156982,0.5118247270584106,0.6708527207374573,0.6839171051979065,0.9405149221420288,1.1635738611221313,1.3214800357818604,1.6765058040618896,1.8553729057312012,2.2380635738372803,2.4585015773773193,2.8046646118164062,2.6996877193450928,2.3568625450134277,0.8261898159980774,0.5973814725875854,0.3817252516746521,0.0,0.37442925572395325,0.6371034979820251,0.9863786697387695,1.2276753187179565,1.5927166938781738,1.8401297330856323,2.208491086959839,2.4577441215515137,2.825673818588257,2.7842326164245605,2.4779512882232666,1.1890782117843628,1.0003100633621216,0.9344688653945923,0.5946031808853149,0.6786708235740662,0.7326852679252625,1.0847928524017334,1.317970871925354,1.6493618488311768,1.925641417503357,2.2648465633392334,2.5400726795196533,2.9188098907470703,2.932187080383301,2.6615495681762695,1.6743141412734985,1.5460995435714722,1.5373408794403076,1.2061247825622559,1.12710702419281,1.082878828048706,1.3755379915237427,1.563377022743225,1.833992838859558,2.1077041625976562,2.39872145652771,2.6849186420440674,3.0611417293548584,3.1228981018066406,2.9009175300598145,2.241288185119629,2.1640467643737793,2.1817121505737305,1.8472704887390137,1.6292574405670166,1.5334947109222412,1.794423222541809,1.9136426448822021,2.129467725753784,2.3762335777282715,2.5861263275146484,2.888446807861328,3.204394817352295,3.4680519104003906,3.6506285667419434
B5,1.1614360809326172,1.0737217664718628,0.7392743825912476,0.6989398002624512,0.5483960509300232,0.8217416405677795,0.9473461508750916,1.157682180404663,1.4821475744247437,1.691832423210144,2.057936191558838,2.2995476722717285,2.6337971687316895,2.5539183616638184,2.229048728942871,0.8926708698272705,0.8178107738494873,0.6347422003746033,0.37442925572395325,0.0,0.39044469594955444,0.6761952042579651,0.9827817678451538,1.3247922658920288,1.6089009046554565,1.9656742811203003,2.2398083209991455,2.6015079021453857,2.5880038738250732,2.2974047660827637,1.1690388917922974,1.0890443325042725,1.009006381034851,0.6611384749412537,0.5210745930671692,0.4580044746398926,0.7628064155578613,1.035038948059082,1.3398778438568115,1.6514503955841064,1.9772801399230957,2.2783827781677246,2.6540088653564453,2.6965668201446533,2.441465377807617,1.6040849685668945,1.5515496730804443,1.5341627597808838,1.2031598091125488,1.0098876953125,0.8783429861068726,1.1025748252868652,1.2898072004318237,1.5211387872695923,1.8154584169387817,2.086329936981201,2.3942112922668457,2.7667713165283203,2.8584647178649902,2.6528570652008057,2.1254847049713135,2.102105140686035,2.106020927429199,1.7893805503845215,1.5094361305236816,1.3610681295394897,1.562927007675171,1.6637269258499146,1.8348737955093384,2.083315372467041,2.2642710208892822,2.577174425125122,2.8790812492370605,3.1575467586517334,3.352396011352539
B6,1.043294906616211,1.0891627073287964,0.8673751354217529,0.7613182663917542,0.4512571394443512,0.5385481715202332,0.5855727791786194,0.7696499228477478,1.0924816131591797,1.3140888214111328,1.679307460784912,1.9362382888793945,2.279698610305786,2.2276532649993896,1.918524980545044,0.8163338303565979,0.8631777167320251,0.8552821278572083,0.6371034979820251,0.39044469594955444,0.0,0.37109115719795227,0.6344197392463684,0.9783859848976135,1.269214153289795,1.6185662746429443,1.903554081916809,2.274275541305542,2.2872962951660156,2.020390510559082,1.1859287023544312,1.2016358375549316,1.2341772317886353,0.9526783227920532,0.7908697128295898,0.5086743235588074,0.6831980347633362,0.8295298218727112,1.09700345993042,1.3859550952911377,1.6893006563186646,1.9880051612854004,2.3673148155212402,2.4319193363189697,2.206249237060547,1.6615222692489624,1.6798487901687622,1.7388681173324585,1.456663966178894,1.234581470489502,0.9881464838981628,1.1306376457214355,1.2036536931991577,1.3891410827636719,1.6341921091079712,1.873401165008545,2.1643638610839844,2.533130645751953,2.6369385719299316,2.465603828430176,2.199239492416382,2.230842351913452,2.285662889480591,2.009390354156494,1.7182073593139648,1.489444613456726,1.63590669631958,1.647628903388977,1.7868999242782593,1.975274920463562,2.130647897720337,2.411475419998169,2.7010650634765625,2.9952166080474854,3.1608901023864746
B7,1.3313571214675903,1.4216792583465576,1.2269247770309448,1.0638123750686646,0.7100504636764526,0.6942386031150818,0.5125042200088501,0.683567464351654,0.9050682783126831,1.1366997957229614,1.4640346765518188,1.7321314811706543,2.0520551204681396,2.0262351036071777,1.7465373277664185,1.0034288167953491,1.1565155982971191,1.16191565990448,0.9863786697387695,0.6761952042579651,0.37109115719795227,0.0,0.3861066699028015,0.6656032800674438,0.9940951466560364,1.3225195407867432,1.628933310508728,1.9881354570388794,2.030801296234131,1.788743495941162,1.2490060329437256,1.3675684928894043,1.4126904010772705,1.1777745485305786,0.9290251731872559,0.5607554316520691,0.49728164076805115,0.5623481869697571,0.754476010799408,1.0687175989151,1.3491766452789307,1.6700193881988525,2.044180393218994,2.138817310333252,1.9374289512634277,1.6477699279785156,1.7471249103546143,1.8208353519439697,1.5763654708862305,1.2929115295410156,0.967946469783783,0.9829793572425842,0.9797914624214172,1.0895192623138428,1.32304847240448,1.528973937034607,1.8308542966842651,2.193474769592285,2.324594020843506,2.178701162338257,2.1249337196350098,2.2178425788879395,2.2798287868499756,2.044701099395752,1.7230348587036133,1.4367785453796387,1.499359369277954,1.4505869150161743,1.5306376218795776,1.6864339113235474,1.805881381034851,2.079228639602661,2.3533666133880615,2.6608200073242188,2.825979471206665
B8,1.4187376499176025,1.5999585390090942,1.4595038890838623,1.3404712677001953,0.9875245690345764,0.8325234651565552,0.5754424333572388,0.5009588599205017,0.6290677785873413,0.7785027027130127,1.1078815460205078,1.3541371822357178,1.6751848459243774,1.643402099609375,1.3668131828308105,0.9652136564254761,1.217101812362671,1.3286792039871216,1.2276753187179565,0.9827817678451538,0.6344197392463684,0.3861066699028015,0.0,0.3739442229270935,0.6358945965766907,0.9876434803009033,1.27219820022583,1.6416759490966797,1.6765851974487305,1.4414448738098145,1.2120500802993774,1.404515266418457,1.5436817407608032,1.3840371370315552,1.180992603302002,0.7891924381256104,0.6738529801368713,0.4813016951084137,0.6152762770652771,0.8145170211791992,1.0924720764160156,1.37369704246521,1.7532340288162231,1.8344537019729614,1.6462444067001343,1.6186389923095703,1.768974781036377,1.9193933010101318,1.736507773399353,1.4774032831192017,1.1150039434432983,1.096031665802002,0.9581043124198914,1.046006441116333,1.172705888748169,1.3664227724075317,1.6135367155075073,1.9730087518692017,2.0793344974517822,1.9516268968582153,2.106583833694458,2.2362112998962402,2.3596115112304688,2.170006036758423,1.8747082948684692,1.5422093868255615,1.5802829265594482,1.4450823068618774,1.5286450386047363,1.6031506061553955,1.7288185358047485,1.9446287155151367,2.222404956817627,2.5181403160095215,2.639056921005249
B9,1.7017135620117188,1.9102144241333008,1.799667477607727,1.6413286924362183,1.2776973247528076,1.0813391208648682,0.7436521649360657,0.6271052956581116,0.5154634714126587,0.6438406705856323,0.8718189597129822,1.1396503448486328,1.429478645324707,1.4583663940429688,1.2476513385772705,1.3073166608810425,1.582393765449524,1.6998378038406372,1.5927166938781738,1.3247922658920288,0.9783859848976135,0.6656032800674438,0.3739442229270935,0.0,0.38335949182510376,0.6610751152038574,0.9908328056335449,1.3483408689498901,1.447201132774353,1.2758700847625732,1.4872831106185913,1.7282229661941528,1.8727054595947266,1.7312142848968506,1.497505784034729,1.105241298675537,0.8893632888793945,0.6116372346878052,0.4946708381175995,0.6076617240905762,0.783862292766571,1.0829123258590698,1.451582431793213,1.5889363288879395,1.4623910188674927,1.8180439472198486,2.0241613388061523,2.1853222846984863,2.031383752822876,1.7475109100341797,1.364210605621338,1.250958800315857,1.0305787324905396,0.9890444874763489,1.0296764373779297,1.1296064853668213,1.358022689819336,1.6948667764663696,1.8402516841888428,1.7710766792297363,2.2356855869293213,2.4174559116363525,2.5497467517852783,2.398937463760376,2.0927956104278564,1.7327840328216553,1.694185733795166,1.4934208393096924,1.4977140426635742,1.4968504905700684,1.5566058158874512,1.7290970087051392,1.970263957977295,2.283726453781128,2.3833916187286377
B10,1.919081687927246,2.1664531230926514,2.0692553520202637,1.9552843570709229,1.6011611223220825,1.3782931566238403,1.0678355693817139,0.8372232913970947,0.631241500377655,0.5082944631576538,0.6432550549507141,0.8201887607574463,1.081615924835205,1.0813909769058228,0.8837012052536011,1.3875213861465454,1.7149076461791992,1.8838932514190674,1.8401297330856323,1.6089009046554565,1.269214153289795,0.9940951466560364,0.6358945965766907,0.38335949182510376,0.0,0.3815944790840149,0.637178361415863,1.0071570873260498,1.0762895345687866,0.9122219681739807,1.5066118240356445,1.7965397834777832,1.998855471611023,1.9233866930007935,1.7245268821716309,1.3410582542419434,1.1299623250961304,0.7721260190010071,0.6314724683761597,0.48316600918769836,0.6159813404083252,0.8057271838188171,1.1743825674057007,1.2733570337295532,1.1595304012298584,1.797695279121399,2.04274582862854,2.259678363800049,2.16513991355896,1.910593032836914,1.5244306325912476,1.401888132095337,1.1042109727859497,1.0584810972213745,0.9644521474838257,1.048746109008789,1.1760562658309937,1.4978705644607544,1.5924400091171265,1.5377410650253296,2.1950626373291016,2.4055793285369873,2.589035987854004,2.484978675842285,2.2129955291748047,1.8324921131134033,1.779301404953003,1.5177074670791626,1.5353049039840698,1.4527498483657837,1.530714750289917,1.6271339654922485,1.8739917278289795,2.1526076793670654,2.200575590133667
B11,2.2174909114837646,2.4841158390045166,2.412691831588745,2.273735284805298,1.9160692691802979,1.6691615581512451,1.3350813388824463,1.106562852859497,0.7999740839004517,0.641547441482544,0.5248234868049622,0.6662429571151733,0.8406664133071899,0.948190450668335,0.888631284236908,1.7617878913879395,2.090050458908081,2.2642834186553955,2.208491086959839,1.9656742811203003,1.6185662746429443,1.3225195407867432,0.9876434803009033,0.6610751152038574,0.3815944790840149,0.0,0.37318912148475647,0.7097445130348206,0.8967999219894409,0.8712224960327148,1.8616101741790771,2.1666600704193115,2.3703198432922363,2.2986838817596436,2.0850489139556885,1.7013531923294067,1.4578310251235962,1.1034246683120728,0.8657669425010681,0.6304918527603149,0.5046876072883606,0.6046724915504456,0.9182912111282349,1.0963802337646484,1.0980923175811768,2.102614641189575,2.375697135925293,2.597355604171753,2.5195391178131104,2.253952980041504,1.8641924858093262,1.69740891456604,1.373542308807373,1.2414815425872803,1.061872959136963,1.0123021602630615,1.0573596954345703,1.3126391172409058,1.4425944089889526,1.4783626794815063,2.4383444786071777,2.683055877685547,2.872570753097534,2.7976367473602295,2.5234029293060303,2.1345109939575195,2.0331428050994873,1.7354109287261963,1.688776969909668,1.5321621894836426,1.5358068943023682,1.5555164813995361,1.741803765296936,2.024336338043213,2.0280048847198486
B12,2.4694085121154785,2.753676652908325,2.683751344680786,2.578796625137329,2.227766513824463,1.9765043258666992,1.6636713743209839,1.3946346044540405,1.0981264114379883,0.8326097130775452,0.6249046325683594,0.5315067768096924,0.5545319318771362,0.6251574754714966,0.6631187200546265,1.9120676517486572,2.2649953365325928,2.4667468070983887,2.4577441215515137,2.2398083209991455,1.903554081916809,1.628933310508728,1.27219820022583,0.9908328056335449,0.637178361415863,0.37318912148475647,0.0,0.38302451372146606,0.5426226258277893,0.6038029193878174,1.9544554948806763,2.2843239307403564,2.5230295658111572,2.501959800720215,2.315452814102173,1.945542812347412,1.7129416465759277,1.3359960317611694,1.1253358125686646,0.798719584941864,0.6468733549118042,0.5003024339675903,0.7307119369506836,0.8372520804405212,0.8880146145820618,2.1466989517211914,2.442183017730713,2.701324224472046,2.6724488735198975,2.434661865234375,2.054224967956543,1.8896832466125488,1.535138487815857,1.41795814037323,1.1582404375076294,1.1013010740280151,1.0162240266799927,1.2165313959121704,1.2672101259231567,1.3276300430297852,2.4477250576019287,2.710677146911621,2.9390571117401123,2.905301094055176,2.6649701595306396,2.2716424465179443,2.164292812347412,1.8344478607177734,1.804565668106079,1.5900599956512451,1.6140096187591553,1.5553971529006958,1.737393856048584,1.9640005826950073,1.9070950746536255
B13,2.8496763706207275,3.136631488800049,3.0641448497772217,2.9569313526153564,2.6032185554504395,2.3554811477661133,2.0356156826019287,1.7741514444351196,1.4651453495025635,1.2004964351654053,0.9354143738746643,0.7551097273826599,0.5477437973022461,0.6499345898628235,0.8481815457344055,2.2615420818328857,2.6229538917541504,2.821422815322876,2.825673818588257,2.6015079021453857,2.274275541305542,1.9881354570388794,1.6416759490966797,1.3483408689498901,1.0071570873260498,0.7097445130348206,0.38302451372146606,0.0,0.3883569538593292,0.667750358581543,2.2469112873077393,2.594604015350342,2.834381580352783,2.837291955947876,2.645393133163452,2.285277843475342,2.0325870513916016,1.6562738418579102,1.4172879457473755,1.0631225109100342,0.8279309868812561,0.5263950824737549,0.5202496647834778,0.633241593837738,0.835141122341156,2.369380474090576,2.69049334526062,2.9563980102539062,2.959925651550293,2.723653554916382,2.3491344451904297,2.1553544998168945,1.7850481271743774,1.6300252676010132,1.3133416175842285,1.18328058719635,0.980019211769104,1.062578558921814,1.0837889909744263,1.2319973707199097,2.594740629196167,2.886852979660034,3.1264407634735107,3.133028984069824,2.9062676429748535,2.5118701457977295,2.3683769702911377,2.013176441192627,1.9490183591842651,1.6739540100097656,1.659387230873108,1.511246681213379,1.6383931636810303,1.8199001550674438,1.6982139348983765
