,A1,A2,A3,A4,A5,A6,A7,A8,A9,A10,A11,A12,A13,A14,A15,B1,B2,B3,B4,B5,B6,B7,B8,B9,B10,B11,B12,B13,B14,B15,C1,C2,C3,C4,C5,C6,C7,C8,C9,C10,C11,C12,C13,C14,C15,D1,D2,D3,D4,D5,D6,D7,D8,D9,D10,D11,D12,D13,D14,D15,E1,E2,E3,E4,E5,E6,E7,E8,E9,E10,E11,E12,E13,E14,E15
A1,0.0,0.396313339471817,0.6022379994392395,0.780170738697052,1.110278606414795,1.1673247814178467,1.5362827777862549,1.6265374422073364,1.9754749536514282,2.179060220718384,2.5250258445739746,2.7535958290100098,3.1525001525878906,3.1482956409454346,2.845884084701538,1.620995283126831,1.3433204889297485,1.3535652160644531,1.143675446510315,1.3967461585998535,1.414573311805725,1.7448841333389282,1.8778434991836548,2.176079273223877,2.4095680713653564,2.712911367416382,2.968446969985962,3.358529806137085,3.3704993724823,3.09702467918396,2.1084017753601074,1.917794108390808,1.9284253120422363,1.662696361541748,1.8139524459838867,1.772086262702942,2.0489442348480225,2.178825616836548,2.4227097034454346,2.6543595790863037,2.9170148372650146,3.1786439418792725,3.563573122024536,3.6141741275787354,3.372303009033203,2.619779348373413,2.488971471786499,2.504869222640991,2.2034618854522705,2.268000602722168,2.184785842895508,2.422457456588745,2.531853675842285,2.7273128032684326,2.9436774253845215,3.1604487895965576,3.4202563762664795,3.7972803115844727,3.885226011276245,3.684145450592041,3.2074458599090576,3.153787612915039,3.177969455718994,2.8379580974578857,2.7589735984802246,2.635984420776367,2.8644559383392334,2.934174060821533,3.095003843307495,3.2874884605407715,3.4228315353393555,3.6904351711273193,3.861102342605591,4.220136642456055,4.35765266418457
A2,0.396313339471817,0.0,0.3983441889286041,0.5327885746955872,0.8849672079086304,1.0608394145965576,1.430707335472107,1.5971190929412842,1.9609063863754272,2.1990878582000732,2.5587522983551025,2.8068461418151855,3.2024075984954834,3.1956393718719482,2.8823091983795166,1.5504450798034668,1.2709476947784424,1.174075961112976,0.9143552780151367,1.1213936805725098,1.2129294872283936,1.5580147504806519,1.761650800704956,2.0758349895477295,2.350269317626953,2.669274091720581,2.948005437850952,3.3395395278930664,3.3534739017486572,3.067638635635376,1.9736425876617432,1.777443528175354,1.7158721685409546,1.4126691818237305,1.5228476524353027,1.5275590419769287,1.8147441148757935,2.0043203830718994,2.2581493854522705,2.5324461460113525,2.8076884746551514,3.096548318862915,3.4856204986572266,3.5419576168060303,3.2883996963500977,2.4478352069854736,2.313020706176758,2.2769670486450195,1.9473295211791992,1.9791772365570068,1.9274357557296753,2.1659023761749268,2.3222827911376953,2.517390251159668,2.7730419635772705,2.9965462684631348,3.2849478721618652,3.667280435562134,3.764927625656128,3.5533432960510254,3.006962537765503,2.9497342109680176,2.9328224658966064,2.5758893489837646,2.470479726791382,2.374075412750244,2.597730875015259,2.7025585174560547,2.8532721996307373,3.0778160095214844,3.2085232734680176,3.5022459030151367,3.6744680404663086,4.03639030456543,4.2032012939453125
A3,0.6022379994392395,0.3983441889286041,0.0,0.38944101333618164,0.6190829873085022,0.8017764091491699,1.1498833894729614,1.2850048542022705,1.6630486249923706,1.8758982419967651,2.2499358654022217,2.4822170734405518,2.872821092605591,2.8444571495056152,2.5204310417175293,1.159433126449585,0.9032630324363708,0.8316431641578674,0.5543336272239685,0.7981934547424316,0.8659062385559082,1.224897027015686,1.4038958549499512,1.7397147417068481,1.997056484222412,2.3334121704101562,2.599029779434204,2.98952054977417,2.984525442123413,2.688006639480591,1.5926090478897095,1.4247208833694458,1.397565484046936,1.093345046043396,1.2157645225524902,1.176827311515808,1.4701553583145142,1.6344982385635376,1.9067834615707397,2.1670448780059814,2.4592394828796387,2.7364277839660645,3.1273038387298584,3.1662118434906006,2.9029972553253174,2.080106496810913,1.9711039066314697,1.9679630994796753,1.6459225416183472,1.6789610385894775,1.586288332939148,1.825132966041565,1.955664873123169,2.165297746658325,2.407238483428955,2.646285057067871,2.9229085445404053,3.308675765991211,3.389861822128296,3.1700565814971924,2.6495954990386963,2.6130568981170654,2.622393846511841,2.2798116207122803,2.1756017208099365,2.0424609184265137,2.2641546726226807,2.344494104385376,2.5087711811065674,2.720075845718384,2.868224620819092,3.152862787246704,3.3420891761779785,3.696437120437622,3.852184534072876
A4,0.780170738697052,0.5327885746955872,0.38944101333618164,0.0,0.371408611536026,0.5818139314651489,0.9333966374397278,1.1652230024337769,1.5172667503356934,1.7966337203979492,2.148944854736328,2.4253909587860107,2.8129115104675293,2.832472801208496,2.5337162017822266,1.3291261196136475,1.1572262048721313,1.0665897130966187,0.7049692273139954,0.7594566345214844,0.7557539939880371,1.0646846294403076,1.2997665405273438,1.5907145738601685,1.8990768194198608,2.2067408561706543,2.5108535289764404,2.899137496948242,2.9411916732788086,2.671126365661621,1.7470916509628296,1.6408092975616455,1.5845270156860352,1.2313292026519775,1.2331023216247559,1.1451109647750854,1.371620774269104,1.557206630706787,1.7723766565322876,2.0645203590393066,2.3199045658111572,2.6290667057037354,3.014665126800537,3.0987634658813477,2.8639605045318604,2.2108731269836426,2.150535821914673,2.125725030899048,1.7753220796585083,1.7235794067382812,1.597847580909729,1.7728209495544434,1.9042891263961792,2.053645372390747,2.3081955909729004,2.5045104026794434,2.8048112392425537,3.181208848953247,3.3046927452087402,3.114622116088867,2.7501776218414307,2.752171754837036,2.737854480743408,2.3904221057891846,2.225661277770996,2.0756030082702637,2.2427659034729004,2.3115365505218506,2.4188501834869385,2.625187397003174,2.725605010986328,3.0151240825653076,3.167640447616577,3.5352284908294678,3.7071571350097656
A5,1.110278606414795,0.8849672079086304,0.6190829873085022,0.371408611536026,0.0,0.37687838077545166,0.6406373381614685,0.9117897152900696,1.2542366981506348,1.5408787727355957,1.89316987991333,2.173363447189331,2.5483617782592773,2.567063093185425,2.2711784839630127,1.1481449604034424,1.0721997022628784,0.9900172352790833,0.6227096319198608,0.5256425738334656,0.41258755326271057,0.6957977414131165,0.9599223732948303,1.2509124279022217,1.5761164426803589,1.889053225517273,2.2007274627685547,2.5843770503997803,2.6289665699005127,2.3601677417755127,1.5273840427398682,1.4899022579193115,1.4438071250915527,1.08439302444458,1.012822151184082,0.8434342741966248,1.0219430923461914,1.2010873556137085,1.4045225381851196,1.7081716060638428,1.9654057025909424,2.283163070678711,2.66796612739563,2.756117582321167,2.523550271987915,1.9688975811004639,1.9609392881393433,1.9501745700836182,1.6025809049606323,1.5020018815994263,1.3191505670547485,1.4500107765197754,1.5585136413574219,1.6885048151016235,1.9421120882034302,2.134700059890747,2.4399757385253906,2.816490411758423,2.944467544555664,2.7583484649658203,2.487804889678955,2.528334379196167,2.5222487449645996,2.191307783126831,1.9973405599594116,1.8069061040878296,1.9381835460662842,1.9788342714309692,2.067857503890991,2.2623605728149414,2.3566622734069824,2.64393949508667,2.797645330429077,3.164318799972534,3.337690591812134
A6,1.1673247814178467,1.0608394145965576,0.8017764091491699,0.5818139314651489,0.37687838077545166,0.0,0.3745204210281372,0.6038065552711487,0.9382164478302002,1.2400778532028198,1.5785998106002808,1.8724056482315063,2.2552733421325684,2.3054089546203613,2.0333685874938965,1.1635750532150269,1.1549228429794312,1.1950498819351196,0.874957263469696,0.8206647038459778,0.5345836877822876,0.6881362795829773,0.8237958550453186,1.059190273284912,1.3620357513427734,1.6447657346725464,1.956678032875061,2.343332290649414,2.41400146484375,2.1740803718566895,1.6160638332366943,1.6323552131652832,1.667124629020691,1.3431514501571655,1.2885080575942993,1.0303523540496826,1.1303621530532837,1.1943621635437012,1.3367693424224854,1.5867811441421509,1.8046692609786987,2.105342149734497,2.485079050064087,2.592508554458618,2.3916680812835693,2.0880227088928223,2.1227807998657227,2.1718270778656006,1.8528754711151123,1.7586019039154053,1.514170527458191,1.5991207361221313,1.6199456453323364,1.7090718746185303,1.899378776550293,2.0551304817199707,2.3300650119781494,2.6943399906158447,2.8328731060028076,2.67911434173584,2.6204655170440674,2.695418357849121,2.7334117889404297,2.4291763305664062,2.2410380840301514,2.0020620822906494,2.1034293174743652,2.0769574642181396,2.145793914794922,2.280503034591675,2.3541877269744873,2.6003377437591553,2.732701301574707,3.099663734436035,3.2396905422210693
A7,1.5362827777862549,1.430707335472107,1.1498833894729614,0.9333966374397278,0.6406373381614685,0.3745204210281372,0.0,0.38615795969963074,0.6395164728164673,0.978070855140686,1.292214035987854,1.6051427125930786,1.9699037075042725,2.043595790863037,1.7959444522857666,1.2043567895889282,1.3050446510314941,1.3690859079360962,1.0913324356079102,0.947458803653717,0.5800932049751282,0.5003754496574402,0.5605452060699463,0.7101324200630188,1.0392451286315918,1.2994087934494019,1.6314513683319092,2.010941982269287,2.1076159477233887,1.8910548686981201,1.5978472232818604,1.6973254680633545,1.753995656967163,1.4548685550689697,1.3396520614624023,1.0091392993927002,0.9845198392868042,0.9699714779853821,1.0291837453842163,1.2650467157363892,1.449514389038086,1.76011061668396,2.133594036102295,2.2650580406188965,2.0891261100769043,2.027494430541992,2.127803087234497,2.1992437839508057,1.9020146131515503,1.7630243301391602,1.4617414474487305,1.4647464752197266,1.4196521043777466,1.4460123777389526,1.6004695892333984,1.7191213369369507,1.989193081855774,2.3436594009399414,2.501262903213501,2.373502492904663,2.520625114440918,2.645270824432373,2.6979336738586426,2.4240012168884277,2.2102901935577393,1.9287914037704468,1.970362901687622,1.8884857892990112,1.9143413305282593,2.0055928230285645,2.0504181385040283,2.2740848064422607,2.388644218444824,2.755734443664551,2.887293577194214
A8,1.6265374422073364,1.5971190929412842,1.2850048542022705,1.1652230024337769,0.9117897152900696,0.6038065552711487,0.38615795969963074,0.0,0.3829754590988159,0.6373691558837891,0.988625705242157,1.2710590362548828,1.6527342796325684,1.7074434757232666,1.4540148973464966,1.080141544342041,1.2426376342773438,1.4117133617401123,1.212131381034851,1.1493488550186157,0.7726804614067078,0.6890077590942383,0.5006966590881348,0.6198143362998962,0.8202307224273682,1.0897481441497803,1.3754932880401611,1.7644108533859253,1.8370503187179565,1.620723009109497,1.515508770942688,1.6503973007202148,1.7922673225402832,1.5531885623931885,1.5031391382217407,1.146754264831543,1.1202502250671387,0.977982759475708,1.0351589918136597,1.1570836305618286,1.3414382934570312,1.5905128717422485,1.9636635780334473,2.065504312515259,1.8928115367889404,1.9703092575073242,2.0922446250915527,2.231342077255249,1.9807120561599731,1.8903141021728516,1.560505986213684,1.5702110528945923,1.4447722434997559,1.4897805452346802,1.5620269775390625,1.6887025833129883,1.8962111473083496,2.244990587234497,2.3675537109375,2.2430851459503174,2.483944892883301,2.621774435043335,2.73052978515625,2.4895389080047607,2.3168447017669678,2.00352144241333,2.054387092590332,1.9197943210601807,1.9760040044784546,2.0131239891052246,2.0861239433288574,2.261347532272339,2.394071340560913,2.7412736415863037,2.8241400718688965
A9,1.9754749536514282,1.9609063863754272,1.6630486249923706,1.5172667503356934,1.2542366981506348,0.9382164478302002,0.6395164728164673,0.3829754590988159,0.0,0.39293426275253296,0.6553995013237,0.9857974052429199,1.3487162590026855,1.468508243560791,1.280275821685791,1.368503212928772,1.5821878910064697,1.7645268440246582,1.5803406238555908,1.4814037084579468,1.0991766452789307,0.9097315073013306,0.6486759781837463,0.5170208811759949,0.6255215406417847,0.7829203605651855,1.08441960811615,1.4597501754760742,1.590351939201355,1.4381802082061768,1.7454298734664917,1.9350910186767578,2.094057083129883,1.876067042350769,1.7928400039672852,1.4156684875488281,1.3008646965026855,1.0825225114822388,1.0078059434890747,1.0371772050857544,1.1190670728683472,1.3441323041915894,1.6914434432983398,1.8362302780151367,1.724632740020752,2.151026964187622,2.3242297172546387,2.483820915222168,2.2565712928771973,2.1391868591308594,1.7821580171585083,1.7223058938980103,1.5303045511245728,1.4941010475158691,1.4866502285003662,1.536229133605957,1.7024658918380737,2.016871452331543,2.165987968444824,2.096585988998413,2.617215871810913,2.7984707355499268,2.9243509769439697,2.7147839069366455,2.5275254249572754,2.188112258911133,2.1828126907348633,1.9912548065185547,1.9960002899169922,1.9642051458358765,1.991111159324646,2.1120004653930664,2.20485258102417,2.5429792404174805,2.5954418182373047
A10,2.179060220718384,2.1990878582000732,1.8758982419967651,1.7966337203979492,1.5408787727355957,1.2400778532028198,0.978070855140686,0.6373691558837891,0.39293426275253296,0.0,0.3908575773239136,0.6342252492904663,1.016910433769226,1.0949076414108276,0.9008733630180359,1.3555830717086792,1.620405912399292,1.862917184829712,1.7518504858016968,1.6954108476638794,1.3307961225509644,1.1523014307022095,0.8016805052757263,0.6636923551559448,0.5122023820877075,0.6399267911911011,0.8240011930465698,1.200803518295288,1.284422516822815,1.1347670555114746,1.7013425827026367,1.9268765449523926,2.147822856903076,1.9927340745925903,1.9530705213546753,1.575118899345398,1.4610506296157837,1.163968563079834,1.0967402458190918,0.9899880290031433,1.0649689435958862,1.183131217956543,1.5146504640579224,1.6078369617462158,1.5001429319381714,2.0894453525543213,2.2869811058044434,2.502070426940918,2.3272364139556885,2.248389959335327,1.8802521228790283,1.8232009410858154,1.5700477361679077,1.5546749830245972,1.4634315967559814,1.5251718759536743,1.6083457469940186,1.9058442115783691,2.0019326210021973,1.9333027601242065,2.5464279651641846,2.7419910430908203,2.917560577392578,2.7483015060424805,2.6000256538391113,2.2408978939056396,2.2393033504486084,2.0043394565582275,2.0389249324798584,1.9558123350143433,2.017035961151123,2.0848965644836426,2.2038917541503906,2.507683038711548,2.5079500675201416
A11,2.5250258445739746,2.5587522983551025,2.2499358654022217,2.148944854736328,1.89316987991333,1.5785998106002808,1.292214035987854,0.988625705242157,0.6553995013237,0.3908575773239136,0.0,0.37305232882499695,0.7097764015197754,0.909163236618042,0.8566473126411438,1.7290735244750977,2.005436420440674,2.2504522800445557,2.137917995452881,2.0627565383911133,1.6932178735733032,1.476945400238037,1.1351463794708252,0.8956537246704102,0.665269672870636,0.5403692126274109,0.6384463906288147,0.9537397623062134,1.119994044303894,1.089403748512268,2.0353052616119385,2.285521984100342,2.5121500492095947,2.366258382797241,2.3065576553344727,1.9232099056243896,1.7656954526901245,1.447057843208313,1.2955034971237183,1.1101239919662476,1.0503634214401245,1.0868263244628906,1.346407413482666,1.4839025735855103,1.468840479850769,2.379122495651245,2.607208728790283,2.8331263065338135,2.6745312213897705,2.5787880420684814,2.201232433319092,2.100888729095459,1.8134257793426514,1.7355751991271973,1.5747520923614502,1.551941990852356,1.5662633180618286,1.799109935760498,1.9147878885269165,1.9174481630325317,2.7881503105163574,3.0138936042785645,3.201523780822754,3.057919979095459,2.90139102935791,2.530935764312744,2.488438844680786,2.216191291809082,2.2070369720458984,2.0624258518218994,2.0775837898254395,2.0792343616485596,2.150388479232788,2.428710699081421,2.383960008621216
A12,2.7535958290100098,2.8068461418151855,2.4822170734405518,2.4253909587860107,2.173363447189331,1.8724056482315063,1.6051427125930786,1.2710590362548828,0.9857974052429199,0.6342252492904663,0.37305232882499695,0.0,0.3993564546108246,0.5564659833908081,0.5784690976142883,1.8229063749313354,2.1229357719421387,2.400493621826172,2.340768575668335,2.293558120727539,1.9419138431549072,1.7389217615127563,1.3682388067245483,1.158758282661438,0.8353685140609741,0.6941238045692444,0.5644059181213379,0.7980373501777649,0.8907663226127625,0.9023134708404541,2.084078073501587,2.3535664081573486,2.6200528144836426,2.5244712829589844,2.496303081512451,2.1219334602355957,1.9715206623077393,1.6193480491638184,1.4876930713653564,1.2252681255340576,1.1641892194747925,1.07680082321167,1.2796032428741455,1.3458905220031738,1.349513053894043,2.3952627182006836,2.6379387378692627,2.9033005237579346,2.790242910385132,2.7255401611328125,2.3494491577148438,2.2548816204071045,1.9345301389694214,1.8777498006820679,1.660284161567688,1.6497910022735596,1.5822398662567139,1.7796440124511719,1.8317795991897583,1.839751958847046,2.780263900756836,3.0143685340881348,3.241037607192993,3.1347134113311768,3.0126547813415527,2.635004997253418,2.5965070724487305,2.29787278175354,2.313971996307373,2.132009267807007,2.1773438453674316,2.1313703060150146,2.2252612113952637,2.4602925777435303,2.364046812057495
A13,3.1525001525878906,3.2024075984954834,2.872821092605591,2.8129115104675293,2.5483617782592773,2.2552733421325684,1.9699037075042725,1.6527342796325684,1.3487162590026855,1.016910433769226,0.7097764015197754,0.3993564546108246,0.0,0.3995724618434906,0.6670888662338257,2.1558358669281006,2.474151849746704,2.748929738998413,2.7062301635742188,2.6435484886169434,2.298466444015503,2.0692262649536133,1.699608325958252,1.4547407627105713,1.1023948192596436,0.8668084740638733,0.5878380537033081,0.5936145782470703,0.7100121378898621,0.8813493847846985,2.353381395339966,2.6485936641693115,2.920660972595215,2.849686622619629,2.809520721435547,2.4377381801605225,2.256298065185547,1.8871082067489624,1.7148549556732178,1.3965519666671753,1.2576125860214233,1.057999610900879,1.1366420984268188,1.1928552389144897,1.2923158407211304,2.6023693084716797,2.8743159770965576,3.1523284912109375,3.069220542907715,2.9970173835754395,2.6186907291412354,2.4915595054626465,2.1430344581604004,2.051222324371338,1.7739357948303223,1.7109278440475464,1.557015061378479,1.6712074279785156,1.701573371887207,1.7717543840408325,2.9236228466033936,3.1846227645874023,3.4275429248809814,3.358424186706543,3.2402169704437256,2.8564162254333496,2.7846052646636963,2.4544827938079834,2.445695638656616,2.2087743282318115,2.232623815536499,2.1170451641082764,2.185720682144165,2.369246482849121,2.2152106761932373
A14,3.1482956409454346,3.1956393718719482,2.8444571495056152,2.832472801208496,2.567063093185425,2.3054089546203613,2.043595790863037,1.7074434757232666,1.468508243560791,1.0949076414108276,0.909163236618042,0.5564659833908081,0.3995724618434906,0.0,0.3772255778312683,1.9978277683258057,2.330744743347168,2.6195461750030518,2.6315977573394775,2.595702886581421,2.2809252738952637,2.0773425102233887,1.6938084363937378,1.5120725631713867,1.1267077922821045,0.9978058338165283,0.6709144711494446,0.6906945705413818,0.5639294385910034,0.6501858234405518,2.1398258209228516,2.4427194595336914,2.7413220405578613,2.720026731491089,2.714409351348877,2.363084077835083,2.2059006690979004,1.8240900039672852,1.7096604108810425,1.3676011562347412,1.311811923980713,1.0731759071350098,1.1707433462142944,1.095202088356018,1.119040846824646,2.358151435852051,2.6304941177368164,2.9366700649261475,2.8952271938323975,2.8594541549682617,2.494189977645874,2.391758918762207,2.0338616371154785,1.9959341287612915,1.707811713218689,1.7147018909454346,1.537217378616333,1.675076961517334,1.618442416191101,1.6259154081344604,2.6676957607269287,2.9208765029907227,3.193404197692871,3.151806354522705,3.0726819038391113,2.6927895545959473,2.6445138454437256,2.3121447563171387,2.354016065597534,2.1209614276885986,2.2076191902160645,2.0966312885284424,2.2286922931671143,2.3919076919555664,2.231588363647461
A15,2.845884084701538,2.8823091983795166,2.5204310417175293,2.5337162017822266,2.2711784839630127,2.0333685874938965,1.7959444522857666,1.4540148973464966,1.280275821685791,0.9008733630180359,0.8566473126411438,0.5784690976142883,0.6670888662338257,0.3772255778312683,0.0,1.6279680728912354,1.9637566804885864,2.254875659942627,2.2861499786376953,2.268012762069702,1.9711061716079712,1.796319603919983,1.4110374450683594,1.295377492904663,0.920167088508606,0.9259586930274963,0.6858927607536316,0.8662043809890747,0.6851860284805298,0.539819061756134,1.77317214012146,2.0689778327941895,2.3741872310638428,2.361767530441284,2.377525806427002,2.036830186843872,1.9106957912445068,1.5348049402236938,1.4828084707260132,1.170549750328064,1.2201062440872192,1.0534319877624512,1.2575522661209106,1.1517720222473145,1.0499780178070068,2.019596815109253,2.275418996810913,2.5843825340270996,2.5410373210906982,2.524975538253784,2.1672282218933105,2.097963809967041,1.7552471160888672,1.7717235088348389,1.5252625942230225,1.6090753078460693,1.492712378501892,1.7090853452682495,1.641264796257019,1.5659536123275757,2.3736512660980225,2.605271577835083,2.876643657684326,2.8192379474639893,2.752871513366699,2.3782293796539307,2.3640389442443848,2.0541529655456543,2.139476776123047,1.9528231620788574,2.0860705375671387,2.0345826148986816,2.2142391204833984,2.410126209259033,2.2991812229156494
B1,1.620995283126831,1.5504450798034668,1.159433126449585,1.3291261196136475,1.1481449604034424,1.1635750532150269,1.2043567895889282,1.080141544342041,1.368503212928772,1.3555830717086792,1.7290735244750977,1.8229063749313354,2.1558358669281006,1.9978277683258057,1.6279680728912354,0.0,0.37082862854003906,0.6397389769554138,0.7898762822151184,0.9347274899482727,0.8674589395523071,1.0242170095443726,0.9311437606811523,1.276710867881775,1.339566707611084,1.718725562095642,1.8595027923583984,2.2146477699279785,2.08884859085083,1.7381792068481445,0.5810266733169556,0.6194764971733093,0.8894142508506775,0.8423035740852356,1.0341668128967285,0.8500823378562927,1.058105230331421,0.9936617016792297,1.3319220542907715,1.4380165338516235,1.7960312366485596,1.962958574295044,2.337397575378418,2.2626190185546875,1.94600248336792,1.1323843002319336,1.1371861696243286,1.3408499956130981,1.1806215047836304,1.28660249710083,1.0572326183319092,1.2762802839279175,1.2340967655181885,1.5279171466827393,1.6525797843933105,1.967598557472229,2.1461377143859863,2.5286896228790283,2.5035252571105957,2.2351670265197754,1.7417018413543701,1.7712267637252808,1.9263871908187866,1.6993744373321533,1.673802137374878,1.414011836051941,1.6340218782424927,1.5920180082321167,1.846321940422058,1.9752702713012695,2.220672607421875,2.4382500648498535,2.707730770111084,3.0041732788085938,3.0945584774017334
B2,1.3433204889297485,1.2709476947784424,0.9032630324363708,1.1572262048721313,1.0721997022628784,1.1549228429794312,1.3050446510314941,1.2426376342773438,1.5821878910064697,1.620405912399292,2.005436420440674,2.1229357719421387,2.474151849746704,2.330744743347168,1.9637566804885864,0.37082862854003906,0.0,0.3910151720046997,0.5913221836090088,0.8705952167510986,0.9058899879455566,1.172794222831726,1.1731268167495728,1.5423845052719116,1.656317114830017,2.0342726707458496,2.1983659267425537,2.5629072189331055,2.4501163959503174,2.104109764099121,0.7911520600318909,0.6334832310676575,0.8259415030479431,0.7409080862998962,1.0198463201522827,0.9392087459564209,1.234603762626648,1.2664333581924438,1.6155312061309814,1.7691471576690674,2.123601198196411,2.3136978149414062,2.6932621002197266,2.630197525024414,2.314828634262085,1.3239167928695679,1.2255496978759766,1.3652737140655518,1.167170524597168,1.321608304977417,1.1797939538955688,1.4605830907821655,1.5009052753448486,1.8037259578704834,1.9734928607940674,2.287199020385742,2.4905552864074707,2.87740421295166,2.8632869720458984,2.591507911682129,1.9367239475250244,1.9029330015182495,2.01780366897583,1.7493077516555786,1.7438974380493164,1.5514971017837524,1.8173271417617798,1.842126727104187,2.1021323204040527,2.273390293121338,2.5135819911956787,2.757112741470337,3.020806074142456,3.3278608322143555,3.4366636276245117
B3,1.3535652160644531,1.174075961112976,0.8316431641578674,1.0665897130966187,0.9900172352790833,1.1950498819351196,1.3690859079360962,1.4117133617401123,1.7645268440246582,1.862917184829712,2.2504522800445557,2.400493621826172,2.748929738998413,2.6195461750030518,2.254875659942627,0.6397389769554138,0.3910151720046997,0.0,0.3798828423023224,0.6533262133598328,0.8517560958862305,1.1553106307983398,1.272143006324768,1.6537457704544067,1.8307063579559326,2.2144346237182617,2.4124951362609863,2.7765278816223145,2.6775083541870117,2.3275108337402344,0.8437365889549255,0.6106323599815369,0.5900173187255859,0.4069676995277405,0.7271456122398376,0.7814310193061829,1.1351498365402222,1.2828282117843628,1.6487482786178589,1.8694449663162231,2.232680082321167,2.4613988399505615,2.843461275100708,2.7946903705596924,2.4704790115356445,1.292480230331421,1.1443369388580322,1.169285774230957,0.9006973505020142,1.0465329885482788,0.9901365637779236,1.314885139465332,1.4547005891799927,1.7680069208145142,2.004455327987671,2.3263251781463623,2.5718369483947754,2.964383363723755,2.966928720474243,2.682924747467041,1.8668897151947021,1.8004664182662964,1.8408758640289307,1.5252892971038818,1.4961116313934326,1.3649879693984985,1.655185341835022,1.7568566799163818,2.013751268386841,2.2440693378448486,2.479994058609009,2.764658212661743,3.0283706188201904,3.3421010971069336,3.4911980628967285
B4,1.143675446510315,0.9143552780151367,0.5543336272239685,0.7049692273139954,0.6227096319198608,0.874957263469696,1.0913324356079102,1.212131381034851,1.5803406238555908,1.7518504858016968,2.137917995452881,2.340768575668335,2.7062301635742188,2.6315977573394775,2.2861499786376953,0.7898762822151184,0.5913221836090088,0.3798828423023224,0.0,0.37882593274116516,0.5803481936454773,0.9360615015029907,1.1277269124984741,1.5011570453643799,1.7431381940841675,2.1122090816497803,2.3586597442626953,2.736523151397705,2.6911203861236572,2.3656668663024902,1.0967000722885132,0.9484848976135254,0.8862836360931396,0.5601374506950378,0.6986835598945618,0.6848304867744446,1.0268824100494385,1.2183263301849365,1.5454165935516357,1.8128124475479126,2.14735746383667,2.417318105697632,2.806795358657837,2.810230255126953,2.5151846408843994,1.5476939678192139,1.453126311302185,1.4428246021270752,1.1168478727340698,1.1455724239349365,1.0458276271820068,1.315014123916626,1.46676504611969,1.7220239639282227,1.9818350076675415,2.2634880542755127,2.540926694869995,2.9337120056152344,2.985466241836548,2.7337515354156494,2.10211443901062,2.073883056640625,2.081759214401245,1.7462120056152344,1.6395319700241089,1.4928319454193115,1.7289388179779053,1.8225460052490234,2.018641233444214,2.2498860359191895,2.435504913330078,2.7317111492156982,2.9574573040008545,3.295259475708008,3.460134506225586
B5,1.3967461585998535,1.1213936805725098,0.7981934547424316,0.7594566345214844,0.5256425738334656,0.8206647038459778,0.947458803653717,1.1493488550186157,1.4814037084579468,1.6954108476638794,2.0627565383911133,2.293558120727539,2.6435484886169434,2.595702886581421,2.268012762069702,0.9347274899482727,0.8705952167510986,0.6533262133598328,0.37882593274116516,0.0,0.38356369733810425,0.6800957918167114,0.9668774008750916,1.3128235340118408,1.6037132740020752,1.9591113328933716,2.235536575317383,2.6045050621032715,2.587887763977051,2.2768938541412354,1.1410435438156128,1.0856846570968628,0.964657187461853,0.5934741497039795,0.4921509921550751,0.42057129740715027,0.7266265153884888,0.994254469871521,1.2927687168121338,1.6101927757263184,1.9301819801330566,2.2332634925842285,2.6174423694610596,2.6506659984588623,2.369267225265503,1.520037293434143,1.489396095275879,1.4390223026275635,1.082710862159729,0.9833098649978638,0.840526282787323,1.045372486114502,1.2293297052383423,1.4423097372055054,1.739000678062439,2.0002338886260986,2.3094124794006348,2.698377847671509,2.7808053493499756,2.5430164337158203,2.0175976753234863,2.0338122844696045,2.005906581878662,1.6680446863174438,1.483285903930664,1.3164966106414795,1.493377923965454,1.5904982089996338,1.737419605255127,1.9841585159301758,2.1384801864624023,2.4536702632904053,2.6615798473358154,3.0076658725738525,3.1980972290039062
B6,1.414573311805725,1.2129294872283936,0.8659062385559082,0.7557539939880371,0.41258755326271057,0.5345836877822876,0.5800932049751282,0.7726804614067078,1.0991766452789307,1.3307961225509644,1.6932178735733032,1.9419138431549072,2.298466444015503,2.2809252738952637,1.9711061716079712,0.8674589395523071,0.9058899879455566,0.8517560958862305,0.5803481936454773,0.38356369733810425,0.0,0.37172624468803406,0.6294322609901428,0.9692255258560181,1.271823763847351,1.6162235736846924,1.9066407680511475,2.284064531326294,2.2966055870056152,2.0083539485931396,1.181134581565857,1.216038703918457,1.2042970657348633,0.8817386627197266,0.7797553539276123,0.49592071771621704,0.6530539989471436,0.8028978109359741,1.0515373945236206,1.3487839698791504,1.6433278322219849,1.948401927947998,2.336534023284912,2.3959691524505615,2.143066644668579,1.6035041809082031,1.643408179283142,1.667168140411377,1.3467928171157837,1.2317126989364624,0.9802865386009216,1.0918779373168945,1.1619460582733154,1.3176662921905518,1.5627691745758057,1.7882815599441528,2.0834217071533203,2.4685866832733154,2.571073532104492,2.3664066791534424,2.114454507827759,2.1851449012756348,2.2058942317962646,1.9027245044708252,1.7084615230560303,1.4692126512527466,1.5873723030090332,1.5940568447113037,1.7024970054626465,1.8854272365570068,2.010329246520996,2.2919929027557373,2.476572275161743,2.83156681060791,2.995936393737793
B7,1.7448841333389282,1.5580147504806519,1.224897027015686,1.0646846294403076,0.6957977414131165,0.6881362795829773,0.5003754496574402,0.6890077590942383,0.9097315073013306,1.1523014307022095,1.476945400238037,1.7389217615127563,2.0692262649536133,2.0773425102233887,1.796319603919983,1.0242170095443726,1.172794222831726,1.1553106307983398,0.9360615015029907,0.6800957918167114,0.37172624468803406,0.0,0.3869951367378235,0.6545458436012268,0.9952901601791382,1.3170033693313599,1.6280088424682617,1.9926732778549194,2.034191370010376,1.7710204124450684,1.2564401626586914,1.3898594379425049,1.3983821868896484,1.1171634197235107,0.9321228861808777,0.5712191462516785,0.4842671751976013,0.5502159595489502,0.7089865207672119,1.0301241874694824,1.298984408378601,1.6260312795639038,2.007906675338745,2.096605062484741,1.8690860271453857,1.612760305404663,1.7328051328659058,1.7751026153564453,1.483397126197815,1.3034842014312744,0.983831524848938,0.965186595916748,0.955807089805603,1.0257787704467773,1.252547264099121,1.4414293766021729,1.7469719648361206,2.1256041526794434,2.2548468112945557,2.077317237854004,2.0664889812469482,2.197693347930908,2.2278976440429688,1.9602826833724976,1.7275954484939575,1.4398632049560547,1.472037434577942,1.412678599357605,1.4587454795837402,1.600566029548645,1.6885013580322266,1.9573593139648438,2.1222870349884033,2.482664108276367,2.646986722946167
B8,1.8778434991836548,1.761650800704956,1.4038958549499512,1.2997665405273438,0.9599223732948303,0.8237958550453186,0.5605452060699463,0.5006966590881348,0.6486759781837463,0.8016805052757263,1.1351463794708252,1.3682388067245483,1.699608325958252,1.6938084363937378,1.4110374450683594,0.9311437606811523,1.1731268167495728,1.272143006324768,1.1277269124984741,0.9668774008750916,0.6294322609901428,0.3869951367378235,0.0,0.3822740614414215,0.643109917640686,0.9959877133369446,1.2787851095199585,1.6546934843063354,1.6811176538467407,1.4174796342849731,1.1942118406295776,1.394587516784668,1.5040788650512695,1.2943485975265503,1.1810266971588135,0.7952290773391724,0.6752395629882812,0.47790586948394775,0.5882034301757812,0.7803046107292175,1.0573303699493408,1.3393045663833618,1.7292801141738892,1.7994449138641357,1.5778446197509766,1.56980299949646,1.736654281616211,1.8605722188949585,1.6272097826004028,1.4945478439331055,1.1336623430252075,1.0933901071548462,0.9452111124992371,1.004746675491333,1.1138771772384644,1.2994390726089478,1.5430433750152588,1.9200326204299927,2.024348020553589,1.8578264713287354,2.036170244216919,2.199570417404175,2.295286178588867,2.0730860233306885,1.8797259330749512,1.5461150407791138,1.5662404298782349,1.4204667806625366,1.4813077449798584,1.5389537811279297,1.6438217163085938,1.8514418601989746,2.027208089828491,2.371365547180176,2.4839529991149902
B9,2.176079273223877,2.0758349895477295,1.7397147417068481,1.5907145738601685,1.2509124279022217,1.059190273284912,0.7101324200630188,0.6198143362998962,0.5170208811759949,0.6636923551559448,0.8956537246704102,1.158758282661438,1.4547407627105713,1.5120725631713867,1.295377492904663,1.276710867881775,1.5423845052719116,1.6537457704544067,1.5011570453643799,1.3128235340118408,0.9692255258560181,0.6545458436012268,0.3822740614414215,0.0,0.3939937949180603,0.6649987101554871,0.9972184896469116,1.360554814338684,1.454662561416626,1.2566078901290894,1.49556565284729,1.7378907203674316,1.8541181087493896,1.656473994255066,1.5055896043777466,1.1209497451782227,0.903813362121582,0.6415020227432251,0.49197623133659363,0.5868983864784241,0.7485429048538208,1.052581787109375,1.430203914642334,1.5614104270935059,1.405747413635254,1.808459758758545,2.025151014328003,2.1590988636016846,1.9458882808685303,1.7783435583114624,1.4035106897354126,1.2736937999725342,1.0543690919876099,0.9795497059822083,0.9936235547065735,1.0737603902816772,1.2976224422454834,1.6490148305892944,1.7993088960647583,1.6959660053253174,2.209357738494873,2.419783115386963,2.5237112045288086,2.3332948684692383,2.117445707321167,1.765487790107727,1.7112302780151367,1.5027666091918945,1.4822543859481812,1.4579442739486694,1.4929817914962769,1.6485509872436523,1.7749083042144775,2.121771812438965,2.214745283126831
B10,2.4095680713653564,2.350269317626953,1.997056484222412,1.8990768194198608,1.5761164426803589,1.3620357513427734,1.0392451286315918,0.8202307224273682,0.6255215406417847,0.5122023820877075,0.665269672870636,0.8353685140609741,1.1023948192596436,1.1267077922821045,0.920167088508606,1.339566707611084,1.656317114830017,1.8307063579559326,1.7431381940841675,1.6037132740020752,1.271823763847351,0.9952901601791382,0.643109917640686,0.3939937949180603,0.0,0.38650450110435486,0.6363502144813538,1.0136070251464844,1.075178861618042,0.8815499544143677,1.52141273021698,1.8081703186035156,1.9897593259811401,1.8567224740982056,1.7520614862442017,1.3721444606781006,1.1635866165161133,0.8133521676063538,0.6567266583442688,0.47979554533958435,0.5980130434036255,0.7775489687919617,1.1556527614593506,1.247654914855957,1.1045756340026855,1.8047047853469849,2.0576059818267822,2.25213623046875,2.0970778465270996,1.9684370756149292,1.5840840339660645,1.4508634805679321,1.15061354637146,1.0815626382827759,0.9550206065177917,1.0227882862091064,1.1309700012207031,1.4627712965011597,1.56551992893219,1.4764643907546997,2.183351993560791,2.4196383953094482,2.5785930156707764,2.436927318572998,2.2606499195098877,1.886310338973999,1.8252099752426147,1.5554566383361816,1.5556228160858154,1.44833242893219,1.5092124938964844,1.5836896896362305,1.7281769514083862,2.0355186462402344,2.063631296157837
B11,2.712911367416382,2.669274091720581,2.3334121704101562,2.2067408561706543,1.889053225517273,1.6447657346725464,1.2994087934494019,1.0897481441497803,0.7829203605651855,0.6399267911911011,0.5403692126274109,0.6941238045692444,0.8668084740638733,0.9978058338165283,0.9259586930274963,1.718725562095642,2.0342726707458496,2.2144346237182617,2.1122090816497803,1.9591113328933716,1.6162235736846924,1.3170033693313599,0.9959877133369446,0.6649987101554871,0.38650450110435486,0.0,0.37925517559051514,0.7210589647293091,0.9060018062591553,0.8558960556983948,1.8898849487304688,2.1878809928894043,2.3704681396484375,2.2365610599517822,2.1122846603393555,1.7322313785552979,1.4914172887802124,1.1508876085281372,0.9024417996406555,0.654779851436615,0.5123874545097351,0.6011197566986084,0.9152256846427917,1.0935462713241577,1.0734237432479858,2.135136127471924,2.410518169403076,2.6085352897644043,2.463167190551758,2.315643787384033,1.930200219154358,1.7558046579360962,1.437477469444275,1.2878135442733765,1.084250569343567,1.0168251991271973,1.0425751209259033,1.2987794876098633,1.4470815658569336,1.4532630443572998,2.4608325958251953,2.724877119064331,2.8888001441955566,2.769515037536621,2.5811574459075928,2.2033369541168213,2.0976669788360596,1.796816110610962,1.7360775470733643,1.5583546161651611,1.5471876859664917,1.5411062240600586,1.6169428825378418,1.9039591550827026,1.8878350257873535
B12,2.968446969985962,2.948005437850952,2.599029779434204,2.5108535289764404,2.2007274627685547,1.956678032875061,1.6314513683319092,1.3754932880401611,1.08441960811615,0.8240011930465698,0.6384463906288147,0.5644059181213379,0.5878380537033081,0.6709144711494446,0.6858927607536316,1.8595027923583984,2.1983659267425537,2.4124951362609863,2.3586597442626953,2.235536575317383,1.9066407680511475,1.6280088424682617,1.2787851095199585,0.9972184896469116,0.6363502144813538,0.37925517559051514,0.0,0.39175546169281006,0.5458970665931702,0.5844559669494629,1.9857728481292725,2.305799961090088,2.5286192893981934,2.444781541824341,2.3524978160858154,1.9825141429901123,1.7531145811080933,1.3823238611221313,1.165529489517212,0.8288635015487671,0.6750756502151489,0.5154284834861755,0.7389275431632996,0.8464404344558716,0.8791100382804871,2.1904990673065186,2.486015558242798,2.724882125854492,2.627833366394043,2.511096239089966,2.12849760055542,1.959058165550232,1.6052556037902832,1.4769223928451538,1.1974265575408936,1.1316399574279785,1.0245232582092285,1.2183318138122559,1.2930710315704346,1.324913501739502,2.4805920124053955,2.7596421241760254,2.9650516510009766,2.8887524604797363,2.73539662361145,2.350327253341675,2.244016647338867,1.9106242656707764,1.8724924325942993,1.6411702632904053,1.6580896377563477,1.5781043767929077,1.671525478363037,1.898234486579895,1.8104246854782104
B13,3.358529806137085,3.3395395278930664,2.98952054977417,2.899137496948242,2.5843770503997803,2.343332290649414,2.010941982269287,1.7644108533859253,1.4597501754760742,1.200803518295288,0.9537397623062134,0.7980373501777649,0.5936145782470703,0.6906945705413818,0.8662043809890747,2.2146477699279785,2.5629072189331055,2.7765278816223145,2.736523151397705,2.6045050621032715,2.284064531326294,1.9926732778549194,1.6546934843063354,1.360554814338684,1.0136070251464844,0.7210589647293091,0.39175546169281006,0.0,0.39092379808425903,0.666500449180603,2.2904245853424072,2.6269943714141846,2.8532121181488037,2.7917227745056152,2.6909875869750977,2.3297665119171143,2.079805374145508,1.708385944366455,1.4652529954910278,1.1031036376953125,0.8712412714958191,0.5669635534286499,0.5453931093215942,0.6634047627449036,0.8562729954719543,2.4342474937438965,2.7527761459350586,3.0001790523529053,2.9321680068969727,2.8097758293151855,2.4323177337646484,2.2354395389556885,1.8657183647155762,1.7040066719055176,1.3717325925827026,1.2388564348220825,1.0179892778396606,1.0831139087677002,1.1367003917694092,1.261755347251892,2.6538519859313965,2.957258701324463,3.1751511096954346,3.136709213256836,2.9880435466766357,2.603532552719116,2.4640893936157227,2.105674982070923,2.038071632385254,1.7491419315338135,1.7348271608352661,1.5674303770065308,1.6228902339935303,1.7821879386901855,1.6222478151321411
