,A1,A2,A3,A4,A5,A6,A7,A8,A9,A10,A11,A12,A13,A14,A15,B1,B2,B3,B4,B5,B6,B7,B8,B9,B10,B11,B12,B13,B14,B15,C1,C2,C3,C4,C5,C6,C7,C8,C9,C10,C11,C12,C13,C14,C15,D1,D2,D3,D4,D5,D6,D7,D8,D9,D10,D11,D12,D13,D14,D15,E1,E2,E3,E4,E5,E6,E7,E8,E9,E10,E11,E12,E13,E14,E15
A1,0.0,0.38512277603149414,0.5846805572509766,0.8272287249565125,1.1638394594192505,1.336361289024353,1.7009260654449463,1.7877455949783325,2.1529970169067383,2.3337769508361816,2.6931986808776855,2.928424596786499,3.321568012237549,3.2984745502471924,2.994368076324463,1.7144243717193604,1.484532356262207,1.3717397451400757,1.08668053150177,1.322484016418457,1.4751416444778442,1.8518465757369995,1.9939966201782227,2.3263728618621826,2.5449349880218506,2.8684914112091064,3.1284759044647217,3.512444257736206,3.552227258682251,3.308751344680786,2.18715500831604,1.9822288751602173,1.8052312135696411,1.539933204650879,1.7317286729812622,1.7710742950439453,2.1193366050720215,2.269505500793457,2.558966875076294,2.7881062030792236,3.075457811355591,3.348074197769165,3.718170404434204,3.8094005584716797,3.6199421882629395,2.726283073425293,2.551687479019165,2.3211913108825684,2.0778403282165527,2.1606972217559814,2.1383044719696045,2.4494054317474365,2.591106414794922,2.843346118927002,3.072103977203369,3.319444179534912,3.5948197841644287,3.9455926418304443,4.088787078857422,3.971369743347168,3.324120044708252,3.1852610111236572,3.003477096557617,2.682161569595337,2.623209238052368,2.5574166774749756,2.8385825157165527,2.964754343032837,3.179597854614258,3.4041013717651367,3.5842700004577637,3.872684955596924,4.093348026275635,4.38893985748291,4.508690357208252
A2,0.38512277603149414,0.0,0.384319543838501,0.5753821134567261,0.8535957932472229,1.092220664024353,1.4386066198349,1.5492582321166992,1.9253981113433838,2.1164140701293945,2.485685110092163,2.7258591651916504,3.1158275604248047,3.0848584175109863,2.7711873054504395,1.48652184009552,1.2139945030212402,1.0701104402542114,0.7398006916046143,0.9445168375968933,1.1323151588439941,1.5162826776504517,1.6837670803070068,2.031830072402954,2.265697479248047,2.602705955505371,2.870734691619873,3.2567403316497803,3.2916202545166016,3.0367238521575928,1.891067385673523,1.6693477630615234,1.4610321521759033,1.1839771270751953,1.3509916067123413,1.3947008848190308,1.749979853630066,1.9209028482437134,2.221787452697754,2.4676220417022705,2.7667672634124756,3.04990291595459,3.424649953842163,3.514383554458618,3.3149187564849854,2.4029412269592285,2.2242143154144287,1.970353126525879,1.7316722869873047,1.7901393175125122,1.7582679986953735,2.0693461894989014,2.224745512008667,2.4813451766967773,2.7246294021606445,2.9797863960266113,3.266211748123169,3.6221399307250977,3.7669787406921387,3.6409027576446533,2.9839558601379395,2.8524935245513916,2.652947425842285,2.34082293510437,2.2637081146240234,2.1842737197875977,2.4588425159454346,2.5912845134735107,2.8040904998779297,3.03875994682312,3.221886157989502,3.519951820373535,3.745934009552002,4.043063640594482,4.156525611877441
A3,0.5846805572509766,0.384319543838501,0.0,0.37744686007499695,0.6338207125663757,0.765804648399353,1.120893120765686,1.2122678756713867,1.581210732460022,1.7829859256744385,2.143430233001709,2.3975956439971924,2.790085792541504,2.787447452545166,2.494607925415039,1.3220010995864868,1.1214103698730469,0.8965051174163818,0.6588505506515503,0.8773345947265625,0.9332584142684937,1.2937315702438354,1.423803448677063,1.7460949420928955,1.9764618873596191,2.295142412185669,2.5692689418792725,2.9531259536743164,3.012807607650757,2.7841269969940186,1.7807666063308716,1.626307487487793,1.3881094455718994,1.2001640796661377,1.3609615564346313,1.300359845161438,1.6127409934997559,1.7340490818023682,1.9994769096374512,2.2274010181427,2.5017526149749756,2.78132963180542,3.1483163833618164,3.257225275039673,3.0858476161956787,2.3275933265686035,2.2061095237731934,1.945656657218933,1.7761284112930298,1.8350610733032227,1.7261106967926025,1.993314504623413,2.095780849456787,2.3175466060638428,2.5324349403381348,2.7610621452331543,3.034682273864746,3.378274440765381,3.5349605083465576,3.4383881092071533,2.9345295429229736,2.8493034839630127,2.666503667831421,2.3892433643341064,2.3273701667785645,2.1880760192871094,2.4265074729919434,2.506174325942993,2.692620038986206,2.8923604488372803,3.052248477935791,3.3277251720428467,3.5361788272857666,3.833681583404541,3.969503402709961
A4,0.8272287249565125,0.5753821134567261,0.37744686007499695,0.0,0.38057178258895874,0.5992168188095093,0.9603976607322693,1.1689050197601318,1.5239589214324951,1.7903834581375122,2.1368086338043213,2.4281158447265625,2.8135409355163574,2.8445184230804443,2.5684621334075928,1.507390022277832,1.2913917303085327,0.9933438301086426,0.7322958707809448,0.7653326988220215,0.7685192227363586,1.1194928884506226,1.3360451459884644,1.6387077569961548,1.9259594678878784,2.2312653064727783,2.5415091514587402,2.9207935333251953,3.014091730117798,2.800842761993408,1.8751753568649292,1.7161188125610352,1.4146276712417603,1.2281759977340698,1.2764915227890015,1.168460488319397,1.453645944595337,1.628777027130127,1.8649576902389526,2.1384007930755615,2.3944625854492188,2.707402467727661,3.0687201023101807,3.211951494216919,3.05720591545105,2.3711163997650146,2.253911256790161,1.9478007555007935,1.794553518295288,1.772659420967102,1.6241822242736816,1.8568592071533203,1.9891493320465088,2.174342393875122,2.4202373027801514,2.6247637271881104,2.925801992416382,3.259997606277466,3.4510133266448975,3.3721771240234375,2.9394147396087646,2.874272346496582,2.652888774871826,2.3979358673095703,2.28105092048645,2.112696886062622,2.3125782012939453,2.4021570682525635,2.5479531288146973,2.763974666595459,2.8914549350738525,3.1823008060455322,3.366668224334717,3.6858460903167725,3.841458559036255
A5,1.1638394594192505,0.8535957932472229,0.6338207125663757,0.38057178258895874,0.0,0.37992751598358154,0.6584667563438416,0.9059129357337952,1.252072811126709,1.530548334121704,1.873962640762329,2.1695034503936768,2.5443336963653564,2.576136827468872,2.30357027053833,1.3543448448181152,1.1555275917053223,0.8046781420707703,0.624691367149353,0.5238280892372131,0.40267738699913025,0.7409006357192993,0.9869610071182251,1.2906360626220703,1.5969048738479614,1.9061155319213867,2.2251803874969482,2.601778507232666,2.6979551315307617,2.485416889190674,1.6338835954666138,1.5033904314041138,1.163440465927124,1.0470349788665771,1.0346773862838745,0.8436122536659241,1.09035062789917,1.2636528015136719,1.4896315336227417,1.7759259939193726,2.032927989959717,2.3553626537323,2.717128276824951,2.86502742767334,2.711984634399414,2.0934882164001465,2.006340742111206,1.6817615032196045,1.5848193168640137,1.532985806465149,1.325379490852356,1.5181175470352173,1.6327286958694458,1.7998000383377075,2.047356367111206,2.247523069381714,2.5544581413269043,2.8889176845550537,3.0850300788879395,3.0092837810516357,2.6428470611572266,2.60978364944458,2.3841843605041504,2.165286064147949,2.0421178340911865,1.8287612199783325,1.993752360343933,2.0580785274505615,2.18542742729187,2.392965316772461,2.5127627849578857,2.802790403366089,2.986684799194336,3.3063461780548096,3.463569402694702
A6,1.336361289024353,1.092220664024353,0.765804648399353,0.5992168188095093,0.37992751598358154,0.0,0.37711092829704285,0.61216801404953,0.9393060207366943,1.2422126531600952,1.5676294565200806,1.8825877904891968,2.259727954864502,2.329470157623291,2.088820457458496,1.3243451118469238,1.2311625480651855,0.8582298755645752,0.8356205224990845,0.8098347187042236,0.5260478258132935,0.7174947261810303,0.8574981093406677,1.0957603454589844,1.3878631591796875,1.6628810167312622,1.9867397546768188,2.358480930328369,2.4862430095672607,2.311474084854126,1.6618788242340088,1.6150476932525635,1.2901369333267212,1.2743306159973145,1.2908365726470947,1.0223644971847534,1.1764296293258667,1.2484846115112305,1.4066146612167358,1.6493102312088013,1.8638014793395996,2.173147439956665,2.5212888717651367,2.6908857822418213,2.5760788917541504,2.151411771774292,2.1276941299438477,1.8251851797103882,1.7951607704162598,1.7709596157073975,1.5128800868988037,1.6466997861862183,1.6798439025878906,1.796576738357544,1.9902057647705078,2.1506519317626953,2.430394411087036,2.7451796531677246,2.9508955478668213,2.9127421379089355,2.7223563194274902,2.7328860759735107,2.5410945415496826,2.3559720516204834,2.266981363296509,2.0141704082489014,2.1424379348754883,2.141021251678467,2.239133834838867,2.392758369445801,2.4842467308044434,2.7363922595977783,2.897528648376465,3.2116146087646484,3.3937747478485107
A7,1.7009260654449463,1.4386066198349,1.120893120765686,0.9603976607322693,0.6584667563438416,0.37711092829704285,0.0,0.38974839448928833,0.6349940299987793,0.975157618522644,1.2730424404144287,1.6036187410354614,1.9634227752685547,2.05583119392395,1.8408076763153076,1.3335365056991577,1.30495285987854,0.9349486231803894,1.030421257019043,0.9398621916770935,0.5618104338645935,0.5147624611854553,0.5862709879875183,0.7444266676902771,1.0599442720413208,1.312657356262207,1.6538599729537964,2.0173661708831787,2.167717218399048,2.016223669052124,1.5757255554199219,1.5946273803710938,1.266300916671753,1.3523775339126587,1.322487473487854,0.9794238805770874,1.0076994895935059,1.007552981376648,1.090584397315979,1.3208872079849243,1.5050855875015259,1.8212682008743286,2.1610238552093506,2.35018253326416,2.258892774581909,2.0140573978424072,2.0472640991210938,1.748518705368042,1.798382043838501,1.75533926486969,1.439255714416504,1.4905341863632202,1.461204171180725,1.5191547870635986,1.6819254159927368,1.8096914291381836,2.0822834968566895,2.384946823120117,2.6038553714752197,2.589224100112915,2.555842161178589,2.615846872329712,2.436061143875122,2.3042962551116943,2.222315788269043,1.9225451946258545,1.992499828338623,1.9355332851409912,1.992927074432373,2.108201265335083,2.172229290008545,2.40321683883667,2.549269914627075,2.86190128326416,3.0584709644317627
A8,1.7877455949783325,1.5492582321166992,1.2122678756713867,1.1689050197601318,0.9059129357337952,0.61216801404953,0.38974839448928833,0.0,0.37866172194480896,0.6323875784873962,0.972918689250946,1.273830533027649,1.6519194841384888,1.7194050550460815,1.4945621490478516,1.0856584310531616,1.16218101978302,0.8443834781646729,1.0708184242248535,1.0899513959884644,0.7563649415969849,0.6872069239616394,0.5077560544013977,0.6407761573791504,0.8341862559318542,1.1022757291793823,1.399048924446106,1.7738673686981201,1.8956210613250732,1.7401013374328613,1.3802783489227295,1.473581075668335,1.208842158317566,1.3712584972381592,1.4256678819656372,1.1017541885375977,1.1173348426818848,0.9883521795272827,1.0712131261825562,1.1967992782592773,1.3872114419937134,1.6475470066070557,1.9909921884536743,2.144658088684082,2.049609422683716,1.8613845109939575,1.9403377771377563,1.6964356899261475,1.78715980052948,1.8186981678009033,1.512488842010498,1.563993215560913,1.4553042650222778,1.5302698612213135,1.618057131767273,1.7580934762954712,1.9768505096435547,2.2822113037109375,2.45953631401062,2.4399311542510986,2.4408750534057617,2.5164411067962646,2.3918559551239014,2.2717373371124268,2.2556862831115723,1.957174301147461,2.0387847423553467,1.9335325956344604,2.0199942588806152,2.0849244594573975,2.1758742332458496,2.3659536838531494,2.5335512161254883,2.8111143112182617,2.9908976554870605
A9,2.1529970169067383,1.9253981113433838,1.581210732460022,1.5239589214324951,1.252072811126709,0.9393060207366943,0.6349940299987793,0.37866172194480896,0.0,0.3860059082508087,0.6397492289543152,0.9822970628738403,1.3401141166687012,1.4688749313354492,1.310107707977295,1.3141882419586182,1.4574518203735352,1.177004098892212,1.4358031749725342,1.4265159368515015,1.0745500326156616,0.889850914478302,0.6335710287094116,0.5202787518501282,0.6286830306053162,0.795690655708313,1.1032706499099731,1.458790898323059,1.6308884620666504,1.537868857383728,1.5338107347488403,1.6963740587234497,1.4585906267166138,1.6788721084594727,1.7051365375518799,1.3557173013687134,1.2714273929595947,1.0628399848937988,1.0152618885040283,1.0560104846954346,1.1556081771850586,1.3900796175003052,1.7029788494110107,1.889329433441162,1.8506287336349487,1.952070951461792,2.09481143951416,1.8755192756652832,2.029456853866577,2.050724506378174,1.715036153793335,1.6895593404769897,1.511447787284851,1.5035696029663086,1.5176186561584473,1.5890051126480103,1.7656241655349731,2.0344481468200684,2.2255876064300537,2.255199670791626,2.4910707473754883,2.619976043701172,2.5207183361053467,2.453169345855713,2.4497873783111572,2.1213855743408203,2.1449527740478516,1.9783775806427002,2.012960433959961,2.0132009983062744,2.059248924255371,2.1979868412017822,2.331817865371704,2.5968990325927734,2.8018620014190674
A10,2.3337769508361816,2.1164140701293945,1.7829859256744385,1.7903834581375122,1.530548334121704,1.2422126531600952,0.975157618522644,0.6323875784873962,0.3860059082508087,0.0,0.3800124228000641,0.6415441632270813,1.0233590602874756,1.1076674461364746,0.94080650806427,1.214557409286499,1.4473438262939453,1.2523695230484009,1.5792001485824585,1.6247820854187012,1.3187792301177979,1.1381319761276245,0.7898336052894592,0.6590043902397156,0.5199472308158875,0.6594393253326416,0.8574151396751404,1.217714548110962,1.34014093875885,1.2441033124923706,1.4130465984344482,1.648018479347229,1.4885550737380981,1.764230489730835,1.8417030572891235,1.5249767303466797,1.4318922758102417,1.142329454421997,1.094922661781311,1.0055456161499023,1.0991566181182861,1.237544298171997,1.5423935651779175,1.6725703477859497,1.6279231309890747,1.822526216506958,2.014103412628174,1.8594943284988403,2.0531375408172607,2.1308436393737793,1.8161122798919678,1.7853342294692993,1.5457168817520142,1.55183744430542,1.4853774309158325,1.5675487518310547,1.672224760055542,1.9364262819290161,2.069495677947998,2.0888001918792725,2.3673691749572754,2.5153603553771973,2.4734158515930176,2.427786350250244,2.483302354812622,2.164191722869873,2.191169023513794,1.9836177825927734,2.043046712875366,1.9923707246780396,2.066973924636841,2.1590778827667236,2.316943883895874,2.535337209701538,2.712738275527954
A11,2.6931986808776855,2.485685110092163,2.143430233001709,2.1368086338043213,1.873962640762329,1.5676294565200806,1.2730424404144287,0.972918689250946,0.6397492289543152,0.3800124228000641,0.0,0.3761455714702606,0.710724413394928,0.9070044755935669,0.8759270310401917,1.5556206703186035,1.8108595609664917,1.6293601989746094,1.956508755683899,1.982879877090454,1.6614596843719482,1.4375183582305908,1.09804105758667,0.8576851487159729,0.634918749332428,0.5345055460929871,0.6507828831672668,0.9472727179527283,1.1391690969467163,1.1512116193771362,1.6981364488601685,1.9672001600265503,1.8257797956466675,2.1217520236968994,2.1776914596557617,1.848806619644165,1.7031837701797485,1.3886220455169678,1.2484087944030762,1.0783745050430298,1.0440864562988281,1.1029024124145508,1.337205171585083,1.4970834255218506,1.5336759090423584,2.036297559738159,2.272369861602783,2.1408932209014893,2.370955228805542,2.4373347759246826,2.1090002059936523,2.0265676975250244,1.7482770681381226,1.6843934059143066,1.5475778579711914,1.549099087715149,1.5845881700515747,1.7870272397994995,1.9233589172363281,2.003436803817749,2.5248961448669434,2.7165720462799072,2.6983845233917236,2.6954007148742676,2.758375406265259,2.4238457679748535,2.405113458633423,2.1543257236480713,2.165663719177246,2.053224563598633,2.0800042152404785,2.107630968093872,2.222839593887329,2.414623975753784,2.614612340927124
A12,2.928424596786499,2.7258591651916504,2.3975956439971924,2.4281158447265625,2.1695034503936768,1.8825877904891968,1.6036187410354614,1.273830533027649,0.9822970628738403,0.6415441632270813,0.3761455714702606,0.0,0.39386919140815735,0.5457659363746643,0.5909172296524048,1.620776653289795,1.923707127571106,1.8098485469818115,2.167886734008789,2.2231829166412354,1.9348986148834229,1.7157618999481201,1.3463449478149414,1.125732660293579,0.807672381401062,0.6702601909637451,0.5528859496116638,0.7751122713088989,0.888551652431488,0.9335392713546753,1.7145193815231323,2.0299739837646484,1.9552226066589355,2.281855344772339,2.367560625076294,2.0684382915496826,1.918582558631897,1.567343831062317,1.4352043867111206,1.1812267303466797,1.1329914331436157,1.0660520792007446,1.2528520822525024,1.33358895778656,1.3767907619476318,2.0066306591033936,2.2819411754608154,2.211620569229126,2.4702184200286865,2.5751395225524902,2.2702207565307617,2.182020425796509,1.867012858390808,1.812683343887329,1.6121824979782104,1.6168737411499023,1.5714675188064575,1.7500320672988892,1.8146002292633057,1.8874047994613647,2.468905210494995,2.679457426071167,2.714935064315796,2.737391471862793,2.8473575115203857,2.527055263519287,2.5064706802368164,2.226595878601074,2.2541885375976562,2.096827507019043,2.1451642513275146,2.123018503189087,2.255157470703125,2.391188621520996,2.558051586151123
A13,3.321568012237549,3.1158275604248047,2.790085792541504,2.8135409355163574,2.5443336963653564,2.259727954864502,1.9634227752685547,1.6519194841384888,1.3401141166687012,1.0233590602874756,0.710724413394928,0.39386919140815735,0.0,0.40269553661346436,0.6846156120300293,1.9623080492019653,2.2729547023773193,2.1784536838531494,2.5413737297058105,2.581357717514038,2.2934823036193848,2.0461885929107666,1.6806410551071167,1.4218837022781372,1.0826913118362427,0.8458852767944336,0.5771971344947815,0.5711304545402527,0.6947384476661682,0.8877917528152466,1.9848740100860596,2.322080135345459,2.271955728530884,2.617588758468628,2.688246965408325,2.39123797416687,2.204996347427368,1.8389681577682495,1.6596769094467163,1.3528149127960205,1.2198773622512817,1.0383169651031494,1.105210304260254,1.1606533527374268,1.2864248752593994,2.190533399581909,2.50140380859375,2.4629931449890137,2.753538131713867,2.853978395462036,2.549103021621704,2.421895980834961,2.0791444778442383,1.9807885885238647,1.7204352617263794,1.6664835214614868,1.533652663230896,1.6357157230377197,1.6626739501953125,1.7834392786026,2.576930284500122,2.8254001140594482,2.891920804977417,2.958085536956787,3.082293748855591,2.7584900856018066,2.7006826400756836,2.3867475986480713,2.3814737796783447,2.1671934127807617,2.18516206741333,2.092534065246582,2.193969964981079,2.2766308784484863,2.440808057785034
A14,3.2984745502471924,3.0848584175109863,2.787447452545166,2.8445184230804443,2.576136827468872,2.329470157623291,2.05583119392395,1.7194050550460815,1.4688749313354492,1.1076674461364746,0.9070044755935669,0.5457659363746643,0.40269553661346436,0.0,0.37976640462875366,1.7954659461975098,2.124185800552368,2.0948374271392822,2.475752592086792,2.541273355484009,2.3001956939697266,2.074345588684082,1.6905661821365356,1.491981863975525,1.117293119430542,0.9806881546974182,0.6616392731666565,0.6931716799736023,0.5686266422271729,0.6479446291923523,1.7595990896224976,2.1192426681518555,2.1309757232666016,2.4925479888916016,2.594665050506592,2.340237617492676,2.1732780933380127,1.7921631336212158,1.668696403503418,1.334904670715332,1.281624674797058,1.063321828842163,1.1682158708572388,1.0927765369415283,1.1221388578414917,1.9299585819244385,2.2553861141204834,2.270897150039673,2.5711793899536133,2.7116565704345703,2.4432733058929443,2.335887908935547,1.9826440811157227,1.9362856149673462,1.6615865230560303,1.6746940612792969,1.5242904424667358,1.6675609350204468,1.6125506162643433,1.6547998189926147,2.309898614883423,2.551089286804199,2.6596407890319824,2.7311906814575195,2.897984743118286,2.60170841217041,2.566577434539795,2.2520835399627686,2.2954533100128174,2.0805115699768066,2.160099744796753,2.073366641998291,2.234513998031616,2.2862319946289062,2.389709234237671
A15,2.994368076324463,2.7711873054504395,2.494607925415039,2.5684621334075928,2.30357027053833,2.088820457458496,1.8408076763153076,1.4945621490478516,1.310107707977295,0.94080650806427,0.8759270310401917,0.5909172296524048,0.6846156120300293,0.37976640462875366,0.0,1.433284878730774,1.7614643573760986,1.7594351768493652,2.1451823711395264,2.2271430492401123,2.0185046195983887,1.8218001127243042,1.4337579011917114,1.3041319847106934,0.9362573623657227,0.9334796667098999,0.7006802558898926,0.8900570869445801,0.7228677272796631,0.5798711776733398,1.387740969657898,1.7486133575439453,1.7787474393844604,2.1397879123687744,2.264439821243286,2.035623788833618,1.9015038013458252,1.524868369102478,1.4695122241973877,1.1625996828079224,1.2177761793136597,1.072642207145691,1.283504843711853,1.1902530193328857,1.1013575792312622,1.5997428894042969,1.9086673259735107,1.92807936668396,2.21492862701416,2.37750506401062,2.1293394565582275,2.0580906867980957,1.7198457717895508,1.7356646060943604,1.5011471509933472,1.5954424142837524,1.5088069438934326,1.7303714752197266,1.677918553352356,1.6441569328308105,2.0405113697052,2.2487714290618896,2.3510282039642334,2.3940236568450928,2.570720672607422,2.2900991439819336,2.2926714420318604,2.003951072692871,2.0979175567626953,1.9290813207626343,2.063206195831299,2.037271022796631,2.2489559650421143,2.331106185913086,2.4107511043548584
B1,1.7144243717193604,1.48652184009552,1.3220010995864868,1.507390022277832,1.3543448448181152,1.3243451118469238,1.3335365056991577,1.0856584310531616,1.3141882419586182,1.214557409286499,1.5556206703186035,1.620776653289795,1.9623080492019653,1.7954659461975098,1.433284878730774,0.0,0.38227105140686035,0.5698250532150269,0.9055056571960449,1.161603331565857,1.1678961515426636,1.2684364318847656,1.063314437866211,1.3413796424865723,1.3152871131896973,1.6557289361953735,1.7647511959075928,2.1235220432281494,2.0322718620300293,1.7314019203186035,0.6534758806228638,0.7380894422531128,0.7748546600341797,0.959945023059845,1.267919898033142,1.2069289684295654,1.373684048652649,1.2255529165267944,1.5098081827163696,1.5330462455749512,1.853029489517212,1.9916375875473022,2.353590250015259,2.3225934505462646,2.0829524993896484,1.2767462730407715,1.286521315574646,1.2101855278015137,1.241443157196045,1.5008487701416016,1.3896429538726807,1.5918257236480713,1.4942649602890015,1.7681689262390137,1.8279354572296143,2.1169934272766113,2.273956775665283,2.6304824352264404,2.655742883682251,2.493506669998169,1.9466811418533325,1.911868691444397,1.8891326189041138,1.6937209367752075,1.835245132446289,1.6735576391220093,1.9030115604400635,1.848509430885315,2.111323356628418,2.1988823413848877,2.446413993835449,2.6395246982574463,2.9240007400512695,3.121891975402832,3.1749610900878906
B2,1.484532356262207,1.2139945030212402,1.1214103698730469,1.2913917303085327,1.1555275917053223,1.2311625480651855,1.30495285987854,1.16218101978302,1.4574518203735352,1.4473438262939453,1.8108595609664917,1.923707127571106,2.2729547023773193,2.124185800552368,1.7614643573760986,0.38227105140686035,0.0,0.3806605339050293,0.6031979918479919,0.8735361099243164,0.9900044202804565,1.1721943616867065,1.0840402841567993,1.4271270036697388,1.4893256425857544,1.8551608324050903,2.0117714405059814,2.3806843757629395,2.3050243854522705,1.992094874382019,0.7109498977661133,0.5888542532920837,0.5582939982414246,0.6145744323730469,0.9637561440467834,0.9825824499130249,1.2347586154937744,1.1955444812774658,1.5357214212417603,1.6423009634017944,1.9889178276062012,2.176771640777588,2.5524914264678955,2.5390875339508057,2.2830886840820312,1.2914012670516968,1.197161078453064,1.0551048517227173,0.981637716293335,1.229369044303894,1.1674320697784424,1.4391273260116577,1.4347131252288818,1.7479686737060547,1.8825935125350952,2.193978786468506,2.400424003601074,2.7719247341156006,2.8196024894714355,2.639660358428955,1.9384580850601196,1.8505948781967163,1.7645835876464844,1.5140020847320557,1.6061601638793945,1.479463815689087,1.7537782192230225,1.7744418382644653,2.055326223373413,2.2072012424468994,2.463994264602661,2.704155445098877,2.993811845779419,3.2163848876953125,3.2655558586120605
B3,1.3717397451400757,1.0701104402542114,0.8965051174163818,0.9933438301086426,0.8046781420707703,0.8582298755645752,0.9349486231803894,0.8443834781646729,1.177004098892212,1.2523695230484009,1.6293601989746094,1.8098485469818115,2.1784536838531494,2.0948374271392822,1.7594351768493652,0.5698250532150269,0.3806605339050293,0.0,0.38884130120277405,0.6111125946044922,0.6339068412780762,0.8428732752799988,0.8032522201538086,1.167374610900879,1.3069500923156738,1.6723904609680176,1.8896636962890625,2.2721753120422363,2.2590935230255127,1.9805644750595093,0.8976714015007019,0.8092665672302246,0.5813391208648682,0.6262133717536926,0.865145206451416,0.7617194056510925,1.016542911529541,1.0108692646026611,1.3302658796310425,1.4921246767044067,1.8195428848266602,2.0556137561798096,2.4351673126220703,2.479792356491089,2.2618188858032227,1.4533487558364868,1.3894349336624146,1.159735918045044,1.1114659309387207,1.2484099864959717,1.0918760299682617,1.3318761587142944,1.3403642177581787,1.6074392795562744,1.7717368602752686,2.0496654510498047,2.2888240814208984,2.65328311920166,2.7527575492858887,2.613713264465332,2.082331418991089,2.0357472896575928,1.9014452695846558,1.6762813329696655,1.693796157836914,1.504423975944519,1.7322789430618286,1.7444740533828735,1.972188949584961,2.1315932273864746,2.343170166015625,2.5953755378723145,2.8525002002716064,3.107632875442505,3.198317766189575
B4,1.08668053150177,0.7398006916046143,0.6588505506515503,0.7322958707809448,0.624691367149353,0.8356205224990845,1.030421257019043,1.0708184242248535,1.4358031749725342,1.5792001485824585,1.956508755683899,2.167886734008789,2.5413737297058105,2.475752592086792,2.1451823711395264,0.9055056571960449,0.6031979918479919,0.38884130120277405,0.0,0.3950129747390747,0.6005043387413025,0.9378597140312195,1.046900987625122,1.422685980796814,1.6265264749526978,1.9881457090377808,2.2356393337249756,2.6193485260009766,2.62347674369812,2.3464550971984863,1.1926592588424683,0.9962123036384583,0.7396120429039001,0.5548364520072937,0.7644109725952148,0.7546823620796204,1.100916862487793,1.2216635942459106,1.5524935722351074,1.7769973278045654,2.1032419204711914,2.3717281818389893,2.752509832382202,2.8156633377075195,2.595951557159424,1.6937432289123535,1.5554122924804688,1.2873975038528442,1.1299495697021484,1.2119381427764893,1.1136772632598877,1.4093879461288452,1.5161420106887817,1.7920951843261719,2.0151917934417725,2.293384075164795,2.567263126373291,2.9334120750427246,3.054657459259033,2.911210536956787,2.2841148376464844,2.1934690475463867,2.0087809562683105,1.7390859127044678,1.6942925453186035,1.5507580041885376,1.8081210851669312,1.894215703010559,2.120572090148926,2.3325419425964355,2.537635087966919,2.8242580890655518,3.073709726333618,3.3507578372955322,3.44476318359375
B5,1.322484016418457,0.9445168375968933,0.8773345947265625,0.7653326988220215,0.5238280892372131,0.8098347187042236,0.9398621916770935,1.0899513959884644,1.4265159368515015,1.6247820854187012,1.982879877090454,2.2231829166412354,2.581357717514038,2.541273355484009,2.2271430492401123,1.161603331565857,0.8735361099243164,0.6111125946044922,0.3950129747390747,0.0,0.3878800570964813,0.7101701498031616,0.9448134899139404,1.3074150085449219,1.5723680257797241,1.9245964288711548,2.205090284347534,2.580470085144043,2.610219717025757,2.342694044113159,1.2803477048873901,1.0753867626190186,0.7314661741256714,0.5538111925125122,0.5231202244758606,0.45214709639549255,0.813510537147522,1.0369160175323486,1.3561216592788696,1.6431454420089722,1.961769461631775,2.26729154586792,2.643852472305298,2.735234022140503,2.5235912799835205,1.6779837608337402,1.538295030593872,1.2051289081573486,1.0704715251922607,1.0220811367034912,0.8658679127693176,1.1363728046417236,1.3031251430511475,1.5538136959075928,1.8276617527008057,2.0931637287139893,2.403151273727417,2.765122175216675,2.9175832271575928,2.7820208072662354,2.2024154663085938,2.1325647830963135,1.8936866521835327,1.6541781425476074,1.5313060283660889,1.3486922979354858,1.564345121383667,1.6756601333618164,1.8645665645599365,2.1090056896209717,2.2898356914520264,2.603208541870117,2.83738374710083,3.136026620864868,3.241414785385132
B6,1.4751416444778442,1.1323151588439941,0.9332584142684937,0.7685192227363586,0.40267738699913025,0.5260478258132935,0.5618104338645935,0.7563649415969849,1.0745500326156616,1.3187792301177979,1.6614596843719482,1.9348986148834229,2.2934823036193848,2.3001956939697266,2.0185046195983887,1.1678961515426636,0.9900044202804565,0.6339068412780762,0.6005043387413025,0.3878800570964813,0.0,0.38589638471603394,0.6461589932441711,0.9808289408683777,1.2824187278747559,1.6123237609863281,1.9212456941604614,2.295832872390747,2.37031888961792,2.1414718627929688,1.320578694343567,1.2202622890472412,0.8554971218109131,0.8427658081054688,0.7847169041633606,0.4972865581512451,0.7070538997650146,0.8639476299285889,1.1143214702606201,1.4047837257385254,1.6863723993301392,2.0069875717163086,2.375770330429077,2.5063138008117676,2.3368968963623047,1.7345863580703735,1.6765631437301636,1.3444881439208984,1.3142940998077393,1.2535704374313354,0.9895036816596985,1.1485768556594849,1.2339634895324707,1.4090791940689087,1.6547068357467651,1.8739405870437622,2.1810426712036133,2.5264527797698975,2.708760976791382,2.618189811706543,2.267864465713501,2.2614541053771973,2.0418100357055664,1.8587766885757446,1.7478357553482056,1.493913173675537,1.6344178915023804,1.669346809387207,1.7999483346939087,1.9985884428024292,2.1335368156433105,2.423116445541382,2.625946044921875,2.9353015422821045,3.0777039527893066
B7,1.8518465757369995,1.5162826776504517,1.2937315702438354,1.1194928884506226,0.7409006357192993,0.7174947261810303,0.5147624611854553,0.6872069239616394,0.889850914478302,1.1381319761276245,1.4375183582305908,1.7157618999481201,2.0461885929107666,2.074345588684082,1.8218001127243042,1.2684364318847656,1.1721943616867065,0.8428732752799988,0.9378597140312195,0.7101701498031616,0.38589638471603394,0.0,0.38970521092414856,0.6544783115386963,0.9907765984535217,1.2986022233963013,1.6231030225753784,1.9835318326950073,2.0802314281463623,1.874277949333191,1.2999684810638428,1.2811063528060913,0.9232378005981445,1.0437196493148804,0.91734778881073,0.5346845388412476,0.4936426877975464,0.578127920627594,0.7515535354614258,1.0639714002609253,1.3238431215286255,1.6619175672531128,2.0228641033172607,2.175875186920166,2.028937816619873,1.6340031623840332,1.6454854011535645,1.3157604932785034,1.3917009830474854,1.2960147857666016,0.951088547706604,0.97807776927948,0.9880620837211609,1.0870895385742188,1.3182226419448853,1.5068359375,1.8200538158416748,2.1563186645507812,2.3579370975494385,2.2909834384918213,2.122091770172119,2.1770591735839844,1.9658740758895874,1.8533624410629272,1.7436078786849976,1.4271981716156006,1.4824177026748657,1.4490681886672974,1.5230274200439453,1.6862246990203857,1.788442850112915,2.065272808074951,2.2528953552246094,2.5667760372161865,2.726271867752075
B8,1.9939966201782227,1.6837670803070068,1.423803448677063,1.3360451459884644,0.9869610071182251,0.8574981093406677,0.5862709879875183,0.5077560544013977,0.6335710287094116,0.7898336052894592,1.09804105758667,1.3463449478149414,1.6806410551071167,1.6905661821365356,1.4337579011917114,1.063314437866211,1.0840402841567993,0.8032522201538086,1.046900987625122,0.9448134899139404,0.6461589932441711,0.38970521092414856,0.0,0.38041436672210693,0.6383596062660217,0.9803494215011597,1.2775465250015259,1.6515100002288818,1.7292624711990356,1.521344780921936,1.0992788076400757,1.1886482238769531,0.898988664150238,1.1357147693634033,1.1070613861083984,0.7552617788314819,0.6612280011177063,0.48102015256881714,0.6172063946723938,0.8108985424041748,1.0837124586105347,1.3796972036361694,1.750413417816162,1.8790744543075562,1.7341176271438599,1.4676133394241333,1.5538926124572754,1.285988211631775,1.4355168342590332,1.4235773086547852,1.0816584825515747,1.0769615173339844,0.9491280913352966,1.038714051246643,1.164772391319275,1.35628342628479,1.614722728729248,1.954528570175171,2.1232972145080566,2.061091423034668,1.99522864818573,2.0868608951568604,1.9401711225509644,1.8580141067504883,1.8250309228897095,1.4973039627075195,1.5440469980239868,1.4284512996673584,1.5172501802444458,1.603574275970459,1.722211480140686,1.946230411529541,2.1493208408355713,2.429875135421753,2.5819315910339355
B9,2.3263728618621826,2.031830072402954,1.7460949420928955,1.6387077569961548,1.2906360626220703,1.0957603454589844,0.7444266676902771,0.6407761573791504,0.5202787518501282,0.6590043902397156,0.8576851487159729,1.125732660293579,1.4218837022781372,1.491981863975525,1.3041319847106934,1.3413796424865723,1.4271270036697388,1.167374610900879,1.422685980796814,1.3074150085449219,0.9808289408683777,0.6544783115386963,0.38041436672210693,0.0,0.382318377494812,0.6454707384109497,0.9855954051017761,1.3416049480438232,1.4793905019760132,1.3369762897491455,1.3308347463607788,1.4870994091033936,1.2330169677734375,1.5010958909988403,1.4422202110290527,1.078520655632019,0.8741787075996399,0.6170843839645386,0.4956228733062744,0.6007562875747681,0.771389901638031,1.0813326835632324,1.4322230815887451,1.6113767623901367,1.5292603969573975,1.617569923400879,1.772121787071228,1.532781720161438,1.7411069869995117,1.7087270021438599,1.3435746431350708,1.2389891147613525,1.0318243503570557,0.9854978919029236,1.0233166217803955,1.1220293045043945,1.354688048362732,1.6621818542480469,1.8631795644760132,1.859726071357727,2.0836455821990967,2.2371113300323486,2.113095998764038,2.092017412185669,2.063659429550171,1.706834077835083,1.6757419109344482,1.48854398727417,1.4967175722122192,1.5056614875793457,1.5582950115203857,1.7314671277999878,1.893027663230896,2.172916889190674,2.3613195419311523
B10,2.5449349880218506,2.265697479248047,1.9764618873596191,1.9259594678878784,1.5969048738479614,1.3878631591796875,1.0599442720413208,0.8341862559318542,0.6286830306053162,0.5199472308158875,0.634918749332428,0.807672381401062,1.0826913118362427,1.117293119430542,0.9362573623657227,1.3152871131896973,1.4893256425857544,1.3069500923156738,1.6265264749526978,1.5723680257797241,1.2824187278747559,0.9907765984535217,0.6383596062660217,0.382318377494812,0.0,0.37524664402008057,0.6393124461174011,1.0150893926620483,1.1167649030685425,0.9750250577926636,1.263443112373352,1.5062592029571533,1.3375104665756226,1.6629406213760376,1.658316969871521,1.332862377166748,1.128717303276062,0.7817617058753967,0.6392139196395874,0.4866170287132263,0.6229544878005981,0.8224724531173706,1.1784765720367432,1.312095284461975,1.233303427696228,1.519751787185669,1.742687702178955,1.5776691436767578,1.8367201089859009,1.8626594543457031,1.5219635963439941,1.4041383266448975,1.1147348880767822,1.0636900663375854,0.9681340456008911,1.0571680068969727,1.1910320520401,1.4911606311798096,1.6366971731185913,1.6352123022079468,1.9806289672851562,2.1696255207061768,2.1113295555114746,2.1251111030578613,2.1606695652008057,1.8114069700241089,1.7727091312408447,1.5259110927581787,1.5483940839767456,1.4769911766052246,1.5490357875823975,1.6519653797149658,1.8315575122833252,2.0582125186920166,2.225609540939331
B11,2.8684914112091064,2.602705955505371,2.295142412185669,2.2312653064727783,1.9061155319213867,1.6628810167312622,1.312657356262207,1.1022757291793823,0.795690655708313,0.6594393253326416,0.5345055460929871,0.6702601909637451,0.8458852767944336,0.9806881546974182,0.9334796667098999,1.6557289361953735,1.8551608324050903,1.6723904609680176,1.9881457090377808,1.9245964288711548,1.6123237609863281,1.2986022233963013,0.9803494215011597,0.6454707384109497,0.37524664402008057,0.0,0.3782915472984314,0.7100136280059814,0.9188177585601807,0.9088938236236572,1.5982545614242554,1.8636218309402466,1.7078584432601929,2.035753011703491,2.013585329055786,1.6775155067443848,1.4371353387832642,1.0992053747177124,0.8553512096405029,0.6218850612640381,0.5107333064079285,0.6219704747200012,0.9109016060829163,1.1119660139083862,1.1418001651763916,1.7931145429611206,2.052027940750122,1.9080132246017456,2.189401626586914,2.200605869293213,1.8513031005859375,1.6864302158355713,1.3746778964996338,1.2339330911636353,1.0569796562194824,1.0180206298828125,1.0675806999206543,1.2930516004562378,1.463478446006775,1.5449978113174438,2.1863136291503906,2.41829514503479,2.3803257942199707,2.4344139099121094,2.4708940982818604,2.1110270023345947,2.023719310760498,1.7385659217834473,1.6958214044570923,1.5529112815856934,1.5526628494262695,1.5769692659378052,1.6970292329788208,1.9028151035308838,2.107079029083252
B12,3.1284759044647217,2.870734691619873,2.5692689418792725,2.5415091514587402,2.2251803874969482,1.9867397546768188,1.6538599729537964,1.399048924446106,1.1032706499099731,0.8574151396751404,0.6507828831672668,0.5528859496116638,0.5771971344947815,0.6616392731666565,0.7006802558898926,1.7647511959075928,2.0117714405059814,1.8896636962890625,2.2356393337249756,2.205090284347534,1.9212456941604614,1.6231030225753784,1.2775465250015259,0.9855954051017761,0.6393124461174011,0.3782915472984314,0.0,0.38618355989456177,0.5529223084449768,0.617027759552002,1.6619008779525757,1.9753280878067017,1.8868221044540405,2.2432010173797607,2.2525312900543213,1.947299838066101,1.7101534605026245,1.3420639038085938,1.1201773881912231,0.7932119369506836,0.6503832936286926,0.5142484307289124,0.7293267250061035,0.8466729521751404,0.9109784364700317,1.7985954284667969,2.103874444961548,2.0257821083068848,2.3375601768493652,2.387504816055298,2.064220666885376,1.8939470052719116,1.5448968410491943,1.4127284288406372,1.1518385410308838,1.1018946170806885,1.021803379058838,1.202745795249939,1.2868455648422241,1.3766676187515259,2.1509323120117188,2.4113643169403076,2.4323480129241943,2.518928050994873,2.6041557788848877,2.2596936225891113,2.1663546562194824,1.8466651439666748,1.815822958946228,1.61106276512146,1.6274696588516235,1.5765678882598877,1.707797884941101,1.8407315015792847,2.011972427368164
B13,3.512444257736206,3.2567403316497803,2.9531259536743164,2.9207935333251953,2.601778507232666,2.358480930328369,2.0173661708831787,1.7738673686981201,1.458790898323059,1.217714548110962,0.9472727179527283,0.7751122713088989,0.5711304545402527,0.6931716799736023,0.8900570869445801,2.1235220432281494,2.3806843757629395,2.2721753120422363,2.6193485260009766,2.580470085144043,2.295832872390747,1.9835318326950073,1.6515100002288818,1.3416049480438232,1.0150893926620483,0.7100136280059814,0.38618355989456177,0.0,0.3955641984939575,0.6814146041870117,1.983852505683899,2.3100953102111816,2.2423603534698486,2.606931447982788,2.604633331298828,2.3035311698913574,2.0422239303588867,1.6770987510681152,1.421401023864746,1.076212763786316,0.8417662382125854,0.5574914216995239,0.5352877378463745,0.6493740677833557,0.860230565071106,2.0461699962615967,2.377371072769165,2.328359842300415,2.66158127784729,2.7055509090423584,2.3863754272460938,2.1836295127868652,1.8210947513580322,1.644773244857788,1.3330700397491455,1.2032649517059326,1.0082656145095825,1.068137526512146,1.1148539781570435,1.283768653869629,2.314089775085449,2.6096460819244385,2.658541440963745,2.786024808883667,2.8809680938720703,2.537533760070801,2.4076485633850098,2.061372756958008,1.9903360605239868,1.726439118385315,1.6970268487930298,1.557126760482788,1.6389076709747314,1.707396149635315,1.8836292028427124
