,A1,A2,A3,A4,A5,A6,A7,A8,A9,A10,A11,A12,A13,A14,A15,B1,B2,B3,B4,B5,B6,B7,B8,B9,B10,B11,B12,B13,B14,B15,C1,C2,C3,C4,C5,C6,C7,C8,C9,C10,C11,C12,C13,C14,C15,D1,D2,D3,D4,D5,D6,D7,D8,D9,D10,D11,D12,D13,D14,D15,E1,E2,E3,E4,E5,E6,E7,E8,E9,E10,E11,E12,E13,E14,E15
A1,0.0,0.40098896622657776,0.6485258936882019,0.7344775795936584,1.040060043334961,1.3370760679244995,1.6550419330596924,1.8518434762954712,2.111877918243408,2.3864283561706543,2.591024398803711,2.885777473449707,3.108665704727173,3.4244472980499268,3.4243764877319336,3.277108669281006,3.1575193405151367,2.7926909923553467,2.6540846824645996,2.5832552909851074,2.246964454650879,2.1223578453063965,2.0506343841552734,1.7277754545211792,1.8761552572250366,1.5690271854400635,1.7022619247436523,1.4668240547180176,1.4643840789794922,1.7411103248596191,2.7206218242645264,2.917567729949951,2.744083881378174,2.859121084213257,3.086545705795288,2.951051712036133,3.2663028240203857,3.261725664138794,3.4159414768218994,3.603832721710205,3.686851739883423,3.952955484390259,3.9670908451080322,4.297502040863037,4.294371604919434,5.040345191955566,5.0622100830078125,4.704853534698486,4.772964000701904,4.427995681762695,4.597411155700684,4.363345146179199,4.532608509063721,4.695511817932129,4.663378715515137,4.977059364318848,4.857132434844971,5.210056304931641,5.109364032745361,5.035334587097168,3.8740880489349365,3.5945539474487305,3.8029258251190186,3.5134479999542236,3.609670877456665,3.9576237201690674,4.003828048706055,4.375566005706787,4.568382740020752,4.802640438079834,5.099560260772705,5.259693622589111,5.632880687713623,5.707912921905518,5.994796276092529
A2,0.40098896622657776,0.0,0.4136549234390259,0.5992875695228577,0.9129617810249329,1.1726897954940796,1.4417837858200073,1.701781988143921,1.9224181175231934,2.231984853744507,2.433885335922241,2.7438580989837646,2.9742510318756104,3.2980480194091797,3.334195375442505,3.1230409145355225,2.99704909324646,2.6227869987487793,2.529592752456665,2.4510128498077393,2.0932681560516357,2.0126678943634033,1.8895233869552612,1.606297492980957,1.7514251470565796,1.4484717845916748,1.651466965675354,1.4403847455978394,1.5392943620681763,1.863737940788269,2.747450113296509,2.8977487087249756,2.693627119064331,2.768449306488037,2.9660489559173584,2.8148231506347656,3.1078271865844727,3.1228907108306885,3.2428691387176514,3.4543020725250244,3.509312868118286,3.7966108322143555,3.7969205379486084,4.1433892250061035,4.173487663269043,4.934441089630127,4.927881717681885,4.560699939727783,4.627228736877441,4.274118900299072,4.448531150817871,4.212546348571777,4.407647132873535,4.555781841278076,4.549876689910889,4.8570876121521,4.757115364074707,5.11086893081665,5.0276780128479,4.982117652893066,3.880457878112793,3.5777370929718018,3.772005796432495,3.4898343086242676,3.6054556369781494,3.961162567138672,4.0027642250061035,4.36454439163208,4.5771026611328125,4.787407398223877,5.100564956665039,5.2390618324279785,5.62114953994751,5.688377380371094,5.958528995513916
A3,0.6485258936882019,0.4136549234390259,0.0,0.37933841347694397,0.5473725199699402,0.8432831168174744,1.080977439880371,1.3463338613510132,1.5970118045806885,1.8868639469146729,2.1247410774230957,2.4116711616516113,2.672476291656494,2.976182460784912,2.999454975128174,2.7234809398651123,2.5886456966400146,2.217540979385376,2.1192924976348877,2.037679433822632,1.6803847551345825,1.608476161956787,1.4984803199768066,1.2321416139602661,1.4257057905197144,1.1761583089828491,1.4324995279312134,1.3112058639526367,1.435778021812439,1.7729123830795288,2.465745210647583,2.604501962661743,2.3685169219970703,2.4574100971221924,2.6308400630950928,2.4520015716552734,2.7360129356384277,2.731839895248413,2.8476343154907227,3.0489375591278076,3.1027982234954834,3.385347366333008,3.3868625164031982,3.731794834136963,3.7608461380004883,4.52850341796875,4.523002624511719,4.15789270401001,4.233406066894531,3.884401321411133,4.0707621574401855,3.847956657409668,4.049130439758301,4.211925506591797,4.218576908111572,4.534818649291992,4.452555179595947,4.814891338348389,4.752455711364746,4.7118730545043945,3.6280508041381836,3.3101675510406494,3.4747238159179688,3.1786420345306396,3.2783708572387695,3.6303043365478516,3.6513681411743164,4.01202392578125,4.221259117126465,4.418665885925293,4.734073638916016,4.860036373138428,5.244455814361572,5.3019232749938965,5.568048477172852
A4,0.7344775795936584,0.5992875695228577,0.37933841347694397,0.0,0.3898378610610962,0.609645426273346,0.9422820806503296,1.1384540796279907,1.3786200284957886,1.666145920753479,1.8679001331329346,2.1692821979522705,2.3987457752227783,2.716909646987915,2.741772174835205,2.6096150875091553,2.5218896865844727,2.1436870098114014,2.0470728874206543,2.033233404159546,1.6931204795837402,1.6663124561309814,1.6282418966293335,1.3975441455841064,1.6612712144851685,1.4674574136734009,1.7288832664489746,1.639907717704773,1.721167802810669,2.034893274307251,2.6550521850585938,2.813768148422241,2.557744264602661,2.6829428672790527,2.834606885910034,2.619382858276367,2.8862431049346924,2.83539080619812,2.936652183532715,3.0994627475738525,3.1327662467956543,3.3872487545013428,3.356433629989624,3.6866843700408936,3.6988601684570312,4.55858850479126,4.5666046142578125,4.212502956390381,4.319041728973389,3.983743667602539,4.197901248931885,4.002442836761475,4.209522247314453,4.396948337554932,4.416087627410889,4.74409294128418,4.677982330322266,5.048240661621094,5.001547336578369,4.955833911895752,3.861314058303833,3.5427770614624023,3.683138608932495,3.366525650024414,3.4294421672821045,3.7684695720672607,3.755286931991577,4.122817039489746,4.305440902709961,4.496791839599609,4.800787448883057,4.915538787841797,5.297238826751709,5.331339359283447,5.6027607917785645
A5,1.040060043334961,0.9129617810249329,0.5473725199699402,0.3898378610610962,0.0,0.3718179166316986,0.6540898680686951,0.8323508501052856,1.1311228275299072,1.3791534900665283,1.6347146034240723,1.8993432521820068,2.1702158451080322,2.4590046405792236,2.4622514247894287,2.2452406883239746,2.14530611038208,1.7721145153045654,1.6612153053283691,1.6465116739273071,1.3130041360855103,1.2973730564117432,1.2943909168243408,1.0990946292877197,1.4139286279678345,1.3000338077545166,1.587418794631958,1.586909294128418,1.6795611381530762,1.9855066537857056,2.4025256633758545,2.548870325088501,2.266425371170044,2.4079580307006836,2.533367156982422,2.2928946018218994,2.5480315685272217,2.4736359119415283,2.5734806060791016,2.721336603164673,2.7573225498199463,3.0040621757507324,2.9780807495117188,3.3053438663482666,3.313331365585327,4.172558307647705,4.183858394622803,3.8330869674682617,3.9475064277648926,3.6180951595306396,3.8422460556030273,3.660893440246582,3.870131492614746,4.0720038414001465,4.100788116455078,4.435892105102539,4.385437965393066,4.761382102966309,4.733203887939453,4.690670967102051,3.61967396736145,3.2915611267089844,3.4017086029052734,3.0744192600250244,3.1192126274108887,3.4509854316711426,3.4176011085510254,3.782305955886841,3.9603567123413086,4.139510631561279,4.444401741027832,4.548116207122803,4.931018829345703,4.957210063934326,5.225109100341797
A6,1.3370760679244995,1.1726897954940796,0.8432831168174744,0.609645426273346,0.3718179166316986,0.0,0.38531824946403503,0.5364732146263123,0.7802116274833679,1.0615538358688354,1.2858991622924805,1.5753644704818726,1.829867959022522,2.135340929031372,2.1724836826324463,2.0329198837280273,1.9783134460449219,1.5954457521438599,1.5387234687805176,1.593615174293518,1.277758002281189,1.3638640642166138,1.3867617845535278,1.2875760793685913,1.629987120628357,1.5730854272842407,1.889492154121399,1.9210858345031738,2.0347790718078613,2.340843915939331,2.6404500007629395,2.764472246170044,2.451864719390869,2.589252471923828,2.6677334308624268,2.3878467082977295,2.5996885299682617,2.4973785877227783,2.5503311157226562,2.6760640144348145,2.665963649749756,2.8988559246063232,2.8285720348358154,3.151899576187134,3.1721253395080566,4.123944282531738,4.124929904937744,3.780161142349243,3.922006607055664,3.6031856536865234,3.855358362197876,3.7011284828186035,3.9331836700439453,4.144474029541016,4.2043328285217285,4.541715621948242,4.521369934082031,4.901338577270508,4.900352478027344,4.874031066894531,3.8497745990753174,3.5105137825012207,3.5875861644744873,3.2547004222869873,3.281071186065674,3.6004233360290527,3.5336763858795166,3.8901703357696533,4.057126045227051,4.209291458129883,4.512942314147949,4.588167667388916,4.971848487854004,4.970480918884277,5.227700710296631
A7,1.6550419330596924,1.4417837858200073,1.080977439880371,0.9422820806503296,0.6540898680686951,0.38531824946403503,0.0,0.3834770917892456,0.5654908418655396,0.8515574336051941,1.1194233894348145,1.3820698261260986,1.6777182817459106,1.9583282470703125,2.018413543701172,1.7338787317276,1.6664258241653442,1.2780176401138306,1.281367301940918,1.3373396396636963,1.0231261253356934,1.195654034614563,1.198560118675232,1.205769419670105,1.547831654548645,1.5642331838607788,1.9106303453445435,2.0020811557769775,2.1610794067382812,2.4709715843200684,2.600100517272949,2.6775033473968506,2.3365933895111084,2.4480936527252197,2.4777138233184814,2.1709203720092773,2.342313766479492,2.238119125366211,2.2503116130828857,2.3819186687469482,2.341137647628784,2.5855634212493896,2.5017220973968506,2.8371894359588623,2.8874661922454834,3.8486902713775635,3.82702374458313,3.478588819503784,3.625382423400879,3.3071658611297607,3.5705008506774902,3.428344249725342,3.6815199851989746,3.8894119262695312,3.9769630432128906,4.3105645179748535,4.316781044006348,4.697076320648193,4.721275329589844,4.717642784118652,3.765533208847046,3.4116666316986084,3.4573779106140137,3.1310083866119385,3.159557342529297,3.472592830657959,3.390620470046997,3.730447292327881,3.9074113368988037,4.030332088470459,4.343668460845947,4.393691539764404,4.781445503234863,4.76904296875,5.008418083190918
A8,1.8518434762954712,1.701781988143921,1.3463338613510132,1.1384540796279907,0.8323508501052856,0.5364732146263123,0.3834770917892456,0.0,0.38421422243118286,0.5480565428733826,0.84299635887146,1.0755590200424194,1.376649260520935,1.6448380947113037,1.6710387468338013,1.523938775062561,1.5144054889678955,1.1417275667190552,1.115151047706604,1.2678382396697998,1.0306997299194336,1.2259604930877686,1.3398042917251587,1.3701502084732056,1.7436387538909912,1.8033524751663208,2.122685670852661,2.2396364212036133,2.3530824184417725,2.633481502532959,2.6627445220947266,2.7628495693206787,2.4169399738311768,2.5742311477661133,2.5882859230041504,2.2599353790283203,2.4146273136138916,2.2515761852264404,2.2649199962615967,2.3341825008392334,2.2887861728668213,2.482783079147339,2.3761355876922607,2.681365489959717,2.6956636905670166,3.731982469558716,3.736741065979004,3.4088423252105713,3.58683443069458,3.292736291885376,3.5789613723754883,3.4704017639160156,3.714224338531494,3.9523794651031494,4.04237174987793,4.38714599609375,4.405062675476074,4.789945602416992,4.82750129699707,4.810819625854492,3.8499581813812256,3.5043222904205322,3.522794246673584,3.1789333820343018,3.162090539932251,3.4525070190429688,3.3340492248535156,3.6765098571777344,3.8191239833831787,3.9369425773620605,4.232136249542236,4.273339748382568,4.653384685516357,4.618898868560791,4.865586757659912
A9,2.111877918243408,1.9224181175231934,1.5970118045806885,1.3786200284957886,1.1311228275299072,0.7802116274833679,0.5654908418655396,0.38421422243118286,0.0,0.38073572516441345,0.560368001461029,0.8580361604690552,1.1227781772613525,1.423351764678955,1.53096604347229,1.4754687547683716,1.5251389741897583,1.1680434942245483,1.2496110200881958,1.4485809803009033,1.245656132698059,1.508647084236145,1.5922391414642334,1.675952434539795,2.0323550701141357,2.0991506576538086,2.4388601779937744,2.5534000396728516,2.69445538520813,2.9878475666046143,2.9933083057403564,3.0662012100219727,2.7069613933563232,2.838131904602051,2.8164916038513184,2.4714603424072266,2.5810883045196533,2.4170238971710205,2.3735814094543457,2.4352364540100098,2.332080841064453,2.5180611610412598,2.3596386909484863,2.6612300872802734,2.706693649291992,3.8155901432037354,3.797196626663208,3.475374698638916,3.6719000339508057,3.3877816200256348,3.6922237873077393,3.604008436203003,3.872119426727295,4.104368209838867,4.225327491760254,4.563104152679443,4.607353687286377,4.990086555480957,5.0492095947265625,5.053874492645264,4.148904800415039,3.7949140071868896,3.794895887374878,3.4587948322296143,3.442774772644043,3.724402904510498,3.589162588119507,3.9158873558044434,4.057117462158203,4.14632511138916,4.4422831535339355,4.4547271728515625,4.83349609375,4.776123523712158,5.004895210266113
A10,2.3864283561706543,2.231984853744507,1.8868639469146729,1.666145920753479,1.3791534900665283,1.0615538358688354,0.8515574336051941,0.5480565428733826,0.38073572516441345,0.0,0.38072529435157776,0.5357570052146912,0.8690300583839417,1.1121920347213745,1.176775336265564,1.1749011278152466,1.282335877418518,0.9697414636611938,1.0466551780700684,1.3249996900558472,1.2171409130096436,1.500363826751709,1.657340168952942,1.7821228504180908,2.147322416305542,2.2680001258850098,2.587522268295288,2.7421839237213135,2.8600618839263916,3.1269454956054688,2.9869070053100586,3.060943126678467,2.6965301036834717,2.855564832687378,2.8069510459899902,2.444772958755493,2.52597975730896,2.312966823577881,2.261796236038208,2.2648873329162598,2.1536483764648438,2.2900373935699463,2.1120963096618652,2.3833420276641846,2.401867389678955,3.5648670196533203,3.565105438232422,3.2640929222106934,3.487032175064087,3.2284886837005615,3.55185604095459,3.497971534729004,3.7586829662323,4.0153093338012695,4.143533229827881,4.487517833709717,4.548595905303955,4.932629108428955,5.010202884674072,5.009232521057129,4.127479076385498,3.780057668685913,3.746066093444824,3.4020183086395264,3.348137855529785,3.603625535964966,3.4339818954467773,3.752363443374634,3.8660082817077637,3.9398019313812256,4.220671653747559,4.217337131500244,4.587976932525635,4.509396076202393,4.737551212310791
A11,2.591024398803711,2.433885335922241,2.1247410774230957,1.8679001331329346,1.6347146034240723,1.2858991622924805,1.1194233894348145,0.84299635887146,0.560368001461029,0.38072529435157776,0.0,0.37929627299308777,0.5633278489112854,0.8883910179138184,1.0460964441299438,1.3557542562484741,1.5344501733779907,1.268205165863037,1.3844923973083496,1.6843490600585938,1.5915254354476929,1.8808655738830566,2.027925491333008,2.148226737976074,2.5124895572662354,2.6150963306427,2.941429853439331,3.0760838985443115,3.1939120292663574,3.467144727706909,3.3653855323791504,3.441432476043701,3.0764503479003906,3.231785535812378,3.175114870071411,2.809054136276245,2.872124433517456,2.6549501419067383,2.577693223953247,2.563941478729248,2.4191842079162598,2.529632329940796,2.3092658519744873,2.553879737854004,2.57702374458313,3.805732250213623,3.801478624343872,3.5162770748138428,3.7581076622009277,3.5154988765716553,3.8513290882110596,3.815758228302002,4.085229396820068,4.342390537261963,4.485148906707764,4.826010704040527,4.900036334991455,5.282577991485596,5.370027542114258,5.375181674957275,4.506432056427002,4.159034729003906,4.119713306427002,3.7761924266815186,3.715277671813965,3.962290048599243,3.7794556617736816,4.091353416442871,4.191463947296143,4.252258777618408,4.52340030670166,4.503780364990234,4.867105960845947,4.767059326171875,4.987440586090088
A12,2.885777473449707,2.7438580989837646,2.4116711616516113,2.1692821979522705,1.8993432521820068,1.5753644704818726,1.3820698261260986,1.0755590200424194,0.8580361604690552,0.5357570052146912,0.37929627299308777,0.0,0.3953581750392914,0.5775838494300842,0.7043886184692383,1.0988783836364746,1.3426660299301147,1.1579017639160156,1.282758116722107,1.6271142959594727,1.6202552318572998,1.9206944704055786,2.109933614730835,2.270183801651001,2.6299588680267334,2.7794876098632812,3.0908362865448,3.2625184059143066,3.3701682090759277,3.6225931644439697,3.381037950515747,3.4475197792053223,3.080275297164917,3.2493855953216553,3.1627938747406006,2.7864654064178467,2.815244674682617,2.562056541442871,2.46956729888916,2.403127908706665,2.244594097137451,2.303738594055176,2.0610337257385254,2.268517017364502,2.2726380825042725,3.5447754859924316,3.5521657466888428,3.290454626083374,3.555645227432251,3.3412249088287354,3.6920833587646484,3.690993547439575,3.955005168914795,4.229515552520752,4.3831562995910645,4.724945545196533,4.818512916564941,5.1988725662231445,5.306703090667725,5.311833381652832,4.4854559898376465,4.144398212432861,4.0712175369262695,3.727515697479248,3.6365764141082764,3.856081247329712,3.642850160598755,3.9386677742004395,4.01529598236084,4.054075241088867,4.310769557952881,4.270272254943848,4.6237006187438965,4.501675128936768,4.714949607849121
A13,3.108665704727173,2.9742510318756104,2.672476291656494,2.3987457752227783,2.1702158451080322,1.829867959022522,1.6777182817459106,1.376649260520935,1.1227781772613525,0.8690300583839417,0.5633278489112854,0.3953581750392914,0.0,0.3894670009613037,0.6515275239944458,1.4169741868972778,1.696757197380066,1.5424509048461914,1.6713029146194458,2.0207204818725586,2.012420892715454,2.3080363273620605,2.4947736263275146,2.6406702995300293,3.005171298980713,3.136202812194824,3.4505367279052734,3.603314161300659,3.704078435897827,3.9592881202697754,3.7606093883514404,3.8364102840423584,3.471406936645508,3.643887758255005,3.557830572128296,3.1809489727020264,3.203322649002075,2.9465789794921875,2.8430984020233154,2.762486696243286,2.5868165493011475,2.619887351989746,2.3503363132476807,2.522965908050537,2.520744562149048,3.8333632946014404,3.8436129093170166,3.6012959480285645,3.881669521331787,3.6841354370117188,4.042588233947754,4.056806564331055,4.322851657867432,4.599827289581299,4.760907173156738,5.1010212898254395,5.202160358428955,5.581264495849609,5.694787502288818,5.7005510330200195,4.873962879180908,4.535355567932129,4.460506916046143,4.115067481994629,4.015327453613281,4.226860046386719,4.003042697906494,4.295050144195557,4.355116367340088,4.386689186096191,4.629892349243164,4.5783843994140625,4.921391487121582,4.779897212982178,4.988400936126709
A14,3.4244472980499268,3.2980480194091797,2.976182460784912,2.716909646987915,2.4590046405792236,2.135340929031372,1.9583282470703125,1.6448380947113037,1.423351764678955,1.1121920347213745,0.8883910179138184,0.5775838494300842,0.3894670009613037,0.0,0.3825262188911438,1.2998770475387573,1.626993179321289,1.5623900890350342,1.6948881149291992,2.061809539794922,2.1224489212036133,2.4210894107818604,2.6345272064208984,2.81254506111145,3.168285369873047,3.3372535705566406,3.6388230323791504,3.8224387168884277,3.9170596599578857,4.154784202575684,3.8333775997161865,3.8974740505218506,3.5337412357330322,3.7140424251556396,3.6002490520477295,3.219062328338623,3.2075254917144775,2.9238061904907227,2.8046271800994873,2.675773859024048,2.4868741035461426,2.464942216873169,2.1747817993164062,2.296497106552124,2.2757551670074463,3.6175696849823,3.6377103328704834,3.425102472305298,3.727015972137451,3.5622408390045166,3.931772470474243,3.981260299682617,4.240731716156006,4.53090238571167,4.703431606292725,5.040879249572754,5.1621012687683105,5.536271572113037,5.670311450958252,5.677828788757324,4.901159763336182,4.5702033042907715,4.463489055633545,4.122088432312012,3.996150493621826,4.17875337600708,3.9274535179138184,4.198740005493164,4.234972953796387,4.241480827331543,4.467416286468506,4.392181873321533,4.721383571624756,4.55567741394043,4.7529120445251465
A15,3.4243764877319336,3.334195375442505,2.999454975128174,2.741772174835205,2.4622514247894287,2.1724836826324463,2.018413543701172,1.6710387468338013,1.53096604347229,1.176775336265564,1.0460964441299438,0.7043886184692383,0.6515275239944458,0.3825262188911438,0.0,1.2292569875717163,1.5552884340286255,1.5260511636734009,1.5865885019302368,1.964097499847412,2.065974473953247,2.329444646835327,2.5876882076263428,2.7544023990631104,3.1120970249176025,3.2973392009735107,3.5718727111816406,3.7702229022979736,3.834277629852295,4.045400142669678,3.6641767024993896,3.7471084594726562,3.3966763019561768,3.6076760292053223,3.501983642578125,3.12758207321167,3.1264069080352783,2.815924644470215,2.730681896209717,2.566145181655884,2.415611505508423,2.358064889907837,2.0962212085723877,2.187540292739868,2.1072802543640137,3.4375290870666504,3.4945435523986816,3.296950578689575,3.6041128635406494,3.4532763957977295,3.820298910140991,3.879136800765991,4.1133270263671875,4.422908782958984,4.57640266418457,4.921081066131592,5.033356666564941,5.407779693603516,5.537116527557373,5.524629592895508,4.727963447570801,4.411754608154297,4.296459674835205,3.9483911991119385,3.7946951389312744,3.9597725868225098,3.6949856281280518,3.968285083770752,3.979177713394165,3.9951415061950684,4.20379638671875,4.138213157653809,4.458954334259033,4.291751861572266,4.504274845123291
B1,3.277108669281006,3.1230409145355225,2.7234809398651123,2.6096150875091553,2.2452406883239746,2.0329198837280273,1.7338787317276,1.523938775062561,1.4754687547683716,1.1749011278152466,1.3557542562484741,1.0988783836364746,1.4169741868972778,1.2998770475387573,1.2292569875717163,0.0,0.35980960726737976,0.5538865923881531,0.7382102012634277,1.0236365795135498,1.2477514743804932,1.5487319231033325,1.756681203842163,2.0479705333709717,2.322725772857666,2.603961706161499,2.8684356212615967,3.1486613750457764,3.276092529296875,3.4817698001861572,2.845125198364258,2.8273632526397705,2.4602181911468506,2.605062484741211,2.4254610538482666,2.0448381900787354,1.9698526859283447,1.6697226762771606,1.5269850492477417,1.377540111541748,1.1970323324203491,1.2075258493423462,0.9775552749633789,1.2116153240203857,1.246789574623108,2.463987350463867,2.4558281898498535,2.1925125122070312,2.465894937515259,2.274064302444458,2.6379692554473877,2.681776762008667,2.9434783458709717,3.2318503856658936,3.411491870880127,3.74482798576355,3.878650665283203,4.248457431793213,4.3988165855407715,4.423983573913574,3.76225209236145,3.4284167289733887,3.277204751968384,2.9634625911712646,2.850844621658325,3.023188352584839,2.7785212993621826,3.0210371017456055,3.107053518295288,3.088444232940674,3.357048749923706,3.277952194213867,3.63596773147583,3.513866424560547,3.6995511054992676
B2,3.1575193405151367,2.99704909324646,2.5886456966400146,2.5218896865844727,2.14530611038208,1.9783134460449219,1.6664258241653442,1.5144054889678955,1.5251389741897583,1.282335877418518,1.5344501733779907,1.3426660299301147,1.696757197380066,1.626993179321289,1.5552884340286255,0.35980960726737976,0.0,0.38864630460739136,0.5581409335136414,0.7369257807731628,0.9994083642959595,1.2860978841781616,1.4733959436416626,1.7909361124038696,2.0329654216766357,2.3376145362854004,2.5900521278381348,2.8894739151000977,3.0286242961883545,3.228255271911621,2.5416479110717773,2.5001251697540283,2.1306405067443848,2.2586071491241455,2.069676399230957,1.688891887664795,1.6116694211959839,1.3186947107315063,1.1818240880966187,1.0664209127426147,0.9162598848342896,1.0077496767044067,0.8658959269523621,1.174059510231018,1.2371883392333984,2.307051658630371,2.2853236198425293,1.9860643148422241,2.2262744903564453,1.9996885061264038,2.35015606880188,2.3648951053619385,2.629883289337158,2.910677194595337,3.083078622817993,3.418377161026001,3.5426056385040283,3.9150736331939697,4.05788516998291,4.0862226486206055,3.430821418762207,3.0913925170898438,2.942844867706299,2.6355137825012207,2.543755292892456,2.7306747436523438,2.507642984390259,2.7530107498168945,2.8713831901550293,2.8622708320617676,3.1536662578582764,3.091219186782837,3.4632322788238525,3.3727338314056396,3.5609946250915527
B3,2.7926909923553467,2.6227869987487793,2.217540979385376,2.1436870098114014,1.7721145153045654,1.5954457521438599,1.2780176401138306,1.1417275667190552,1.1680434942245483,0.9697414636611938,1.268205165863037,1.1579017639160156,1.5424509048461914,1.5623900890350342,1.5260511636734009,0.5538865923881531,0.38864630460739136,0.0,0.36316293478012085,0.5830717086791992,0.7170659303665161,1.053382158279419,1.2246589660644531,1.517580270767212,1.7966790199279785,2.064244508743286,2.3449833393096924,2.6155030727386475,2.7631824016571045,2.988758087158203,2.4589266777038574,2.4440195560455322,2.064107894897461,2.19248104095459,2.0518152713775635,1.6677027940750122,1.661829948425293,1.4137486219406128,1.320289969444275,1.3008770942687988,1.1893888711929321,1.3547766208648682,1.2374722957611084,1.5602967739105225,1.6208727359771729,2.653259038925171,2.6297430992126465,2.3107519149780273,2.520887613296509,2.2593767642974854,2.587169885635376,2.552055835723877,2.8198907375335693,3.082909345626831,3.234528064727783,3.573965311050415,3.6677334308624268,4.0470123291015625,4.160185813903809,4.181424140930176,3.4410147666931152,3.0898897647857666,2.988816022872925,2.66851544380188,2.608673572540283,2.8369410037994385,2.65022611618042,2.9284169673919678,3.0673866271972656,3.0970919132232666,3.3991222381591797,3.3694262504577637,3.7491350173950195,3.6816937923431396,3.8854403495788574
B4,2.6540846824645996,2.529592752456665,2.1192924976348877,2.0470728874206543,1.6612153053283691,1.5387234687805176,1.281367301940918,1.115151047706604,1.2496110200881958,1.0466551780700684,1.3844923973083496,1.282758116722107,1.6713029146194458,1.6948881149291992,1.5865885019302368,0.7382102012634277,0.5581409335136414,0.36316293478012085,0.0,0.37778517603874207,0.5812731385231018,0.8325169086456299,1.0979827642440796,1.3466376066207886,1.6409376859664917,1.9154889583587646,2.1614933013916016,2.4404690265655518,2.5473246574401855,2.7465267181396484,2.1906070709228516,2.2146551609039307,1.845584511756897,2.026867151260376,1.924369215965271,1.5523849725723267,1.6039999723434448,1.3276094198226929,1.3293155431747437,1.2879743576049805,1.2759798765182495,1.4165817499160767,1.3710845708847046,1.6632146835327148,1.6521934270858765,2.619011878967285,2.6403536796569824,2.3262646198272705,2.5245304107666016,2.262450933456421,2.573317050933838,2.5248217582702637,2.756013870239258,3.0384058952331543,3.151256561279297,3.5039026737213135,3.569074869155884,3.9531378746032715,4.044649600982666,4.035538196563721,3.2213521003723145,2.8816611766815186,2.7911651134490967,2.451140880584717,2.368431329727173,2.599788188934326,2.414106845855713,2.717806100845337,2.8436734676361084,2.9083447456359863,3.203444480895996,3.2062065601348877,3.58632230758667,3.5364277362823486,3.767317533493042
B5,2.5832552909851074,2.4510128498077393,2.037679433822632,2.033233404159546,1.6465116739273071,1.593615174293518,1.3373396396636963,1.2678382396697998,1.4485809803009033,1.3249996900558472,1.6843490600585938,1.6271142959594727,2.0207204818725586,2.061809539794922,1.964097499847412,1.0236365795135498,0.7369257807731628,0.5830717086791992,0.37778517603874207,0.0,0.37333860993385315,0.5583186745643616,0.7969118356704712,1.0868878364562988,1.3301539421081543,1.641462802886963,1.8696423768997192,2.1765499114990234,2.3006458282470703,2.492499828338623,1.8760758638381958,1.8698937892913818,1.4933180809020996,1.6547131538391113,1.5524301528930664,1.181794285774231,1.2628196477890015,1.0181210041046143,1.0700628757476807,1.1069401502609253,1.1647192239761353,1.3772637844085693,1.418327808380127,1.7380731105804443,1.7519619464874268,2.5371665954589844,2.543687343597412,2.203188180923462,2.353644371032715,2.058260679244995,2.337449550628662,2.246849775314331,2.4746243953704834,2.741182804107666,2.838890790939331,3.191084623336792,3.2394349575042725,3.625009536743164,3.7033531665802,3.696967601776123,2.8822169303894043,2.5337188243865967,2.45414137840271,2.121206283569336,2.0728683471679688,2.3284707069396973,2.179847002029419,2.486733913421631,2.653167486190796,2.732043504714966,3.0494954586029053,3.0732831954956055,3.463106870651245,3.4494731426239014,3.6792831420898438
B6,2.246964454650879,2.0932681560516357,1.6803847551345825,1.6931204795837402,1.3130041360855103,1.277758002281189,1.0231261253356934,1.0306997299194336,1.245656132698059,1.2171409130096436,1.5915254354476929,1.6202552318572998,2.012420892715454,2.1224489212036133,2.065974473953247,1.2477514743804932,0.9994083642959595,0.7170659303665161,0.5812731385231018,0.37333860993385315,0.0,0.37255430221557617,0.532689094543457,0.802440345287323,1.0919448137283325,1.3567819595336914,1.6292856931686401,1.9029934406280518,2.0522475242614746,2.2821521759033203,1.8716861009597778,1.8831650018692017,1.5065457820892334,1.6419099569320679,1.5954499244689941,1.2456134557724,1.391418695449829,1.2332606315612793,1.2924625873565674,1.411203145980835,1.4539402723312378,1.7091153860092163,1.7324001789093018,2.0719704627990723,2.1083528995513916,2.8862948417663574,2.8765711784362793,2.52297306060791,2.6494243144989014,2.33109974861145,2.587261438369751,2.455623149871826,2.690326690673828,2.9265716075897217,3.0118141174316406,3.3574113845825195,3.381101369857788,3.766331195831299,3.8183035850524902,3.813427448272705,2.9427378177642822,2.5845720767974854,2.558377504348755,2.228790760040283,2.228519916534424,2.5198776721954346,2.416231393814087,2.7373085021972656,2.926050901412964,3.028951644897461,3.3536770343780518,3.397538423538208,3.78963565826416,3.7933108806610107,4.026075839996338
B7,2.1223578453063965,2.0126678943634033,1.608476161956787,1.6663124561309814,1.2973730564117432,1.3638640642166138,1.195654034614563,1.2259604930877686,1.508647084236145,1.500363826751709,1.8808655738830566,1.9206944704055786,2.3080363273620605,2.4210894107818604,2.329444646835327,1.5487319231033325,1.2860978841781616,1.053382158279419,0.8325169086456299,0.5583186745643616,0.37255430221557617,0.0,0.38034895062446594,0.5497280359268188,0.8262093663215637,1.1121660470962524,1.331695556640625,1.627587914466858,1.743804693222046,1.94649338722229,1.5211302042007446,1.5658068656921387,1.2037405967712402,1.3815869092941284,1.4014921188354492,1.0972925424575806,1.3301008939743042,1.1997171640396118,1.3596773147583008,1.4927330017089844,1.618827223777771,1.867946982383728,1.9532605409622192,2.2745659351348877,2.2774834632873535,2.925581216812134,2.941359281539917,2.589055061340332,2.6814725399017334,2.3565938472747803,2.574246644973755,2.4108269214630127,2.6061925888061523,2.841413974761963,2.880828857421875,3.230969190597534,3.2159664630889893,3.601391553878784,3.6220037937164307,3.5904104709625244,2.642835855484009,2.2925004959106445,2.297417163848877,1.9576493501663208,1.9668694734573364,2.278111219406128,2.2097063064575195,2.5511739253997803,2.749077320098877,2.8920328617095947,3.2162466049194336,3.299619674682617,3.690263271331787,3.7268614768981934,3.9777770042419434
B8,2.0506343841552734,1.8895233869552612,1.4984803199768066,1.6282418966293335,1.2943909168243408,1.3867617845535278,1.198560118675232,1.3398042917251587,1.5922391414642334,1.657340168952942,2.027925491333008,2.109933614730835,2.4947736263275146,2.6345272064208984,2.5876882076263428,1.756681203842163,1.4733959436416626,1.2246589660644531,1.0979827642440796,0.7969118356704712,0.532689094543457,0.38034895062446594,0.0,0.38421112298965454,0.5746705532073975,0.8701669573783875,1.1390831470489502,1.4331825971603394,1.6234538555145264,1.8625251054763794,1.5465056896209717,1.5360102653503418,1.178091049194336,1.256359577178955,1.2856489419937134,1.009558916091919,1.2583104372024536,1.235473871231079,1.367936372756958,1.5901423692703247,1.6979899406433105,2.0032811164855957,2.094886302947998,2.443843126296997,2.496320962905884,3.076678514480591,3.05268931388855,2.6810994148254395,2.7380077838897705,2.3875582218170166,2.577455997467041,2.3742103576660156,2.58937668800354,2.780594825744629,2.8261477947235107,3.159329414367676,3.1370599269866943,3.5166261196136475,3.527155876159668,3.5196402072906494,2.6069231033325195,2.2415831089019775,2.277649402618408,1.9708415269851685,2.0496699810028076,2.382927656173706,2.3605902194976807,2.684126138687134,2.9225401878356934,3.0587730407714844,3.40031099319458,3.483154058456421,3.877362012863159,3.931741714477539,4.165609836578369
B9,1.7277754545211792,1.606297492980957,1.2321416139602661,1.3975441455841064,1.0990946292877197,1.2875760793685913,1.205769419670105,1.3701502084732056,1.675952434539795,1.7821228504180908,2.148226737976074,2.270183801651001,2.6406702995300293,2.81254506111145,2.7544023990631104,2.0479705333709717,1.7909361124038696,1.517580270767212,1.3466376066207886,1.0868878364562988,0.802440345287323,0.5497280359268188,0.38421112298965454,0.0,0.38762345910072327,0.572492778301239,0.8408122062683105,1.101306438446045,1.265217661857605,1.518808364868164,1.4443546533584595,1.5060774087905884,1.1995346546173096,1.311691403388977,1.4419324398040771,1.2404043674468994,1.5461878776550293,1.54001784324646,1.7178162336349487,1.9285321235656738,2.0621821880340576,2.351407527923584,2.448716402053833,2.786454916000366,2.8108584880828857,3.3739309310913086,3.3727171421051025,3.00728440284729,3.0524582862854004,2.7038016319274902,2.870664596557617,2.6479873657226562,2.8313148021698,3.0157816410064697,3.0206146240234375,3.351685047149658,3.2888500690460205,3.6635019779205322,3.635279417037964,3.5997626781463623,2.585700750350952,2.2372052669525146,2.331446409225464,2.0208961963653564,2.1119425296783447,2.4612386226654053,2.473296642303467,2.8174753189086914,3.0506205558776855,3.2269906997680664,3.558501958847046,3.6759791374206543,4.0646867752075195,4.138568878173828,4.391425132751465
B10,1.8761552572250366,1.7514251470565796,1.4257057905197144,1.6612712144851685,1.4139286279678345,1.629987120628357,1.547831654548645,1.7436387538909912,2.0323550701141357,2.147322416305542,2.5124895572662354,2.6299588680267334,3.005171298980713,3.168285369873047,3.1120970249176025,2.322725772857666,2.0329654216766357,1.7966790199279785,1.6409376859664917,1.3301539421081543,1.0919448137283325,0.8262093663215637,0.5746705532073975,0.38762345910072327,0.0,0.3870496153831482,0.5804898738861084,0.9083170294761658,1.1220052242279053,1.3562122583389282,1.2586591243743896,1.2680176496505737,1.0021241903305054,1.0356113910675049,1.216836929321289,1.105297565460205,1.442009687423706,1.523268222808838,1.7267619371414185,1.983993649482727,2.1489932537078857,2.4594991207122803,2.599526882171631,2.938605308532715,2.9791908264160156,3.3970651626586914,3.3812313079833984,3.0104260444641113,3.0086541175842285,2.6487181186676025,2.7676100730895996,2.5056891441345215,2.6720187664031982,2.8204994201660156,2.801762104034424,3.116776704788208,3.0283098220825195,3.393322229385376,3.342799425125122,3.3118202686309814,2.3108646869659424,1.9600744247436523,2.0894663333892822,1.8137341737747192,1.9660475254058838,2.3293614387512207,2.3958818912506104,2.722107172012329,2.989734172821045,3.1732003688812256,3.5141191482543945,3.6471827030181885,4.033073902130127,4.138192653656006,4.3821282386779785
B11,1.5690271854400635,1.4484717845916748,1.1761583089828491,1.4674574136734009,1.3000338077545166,1.5730854272842407,1.5642331838607788,1.8033524751663208,2.0991506576538086,2.2680001258850098,2.6150963306427,2.7794876098632812,3.136202812194824,3.3372535705566406,3.2973392009735107,2.603961706161499,2.3376145362854004,2.064244508743286,1.9154889583587646,1.641462802886963,1.3567819595336914,1.1121660470962524,0.8701669573783875,0.572492778301239,0.3870496153831482,0.0,0.379726767539978,0.5770006775856018,0.8466256260871887,1.1453677415847778,1.4560749530792236,1.5106958150863647,1.3093990087509155,1.3290845155715942,1.5533156394958496,1.480047583580017,1.8156033754348755,1.9094823598861694,2.10319447517395,2.3644821643829346,2.515397787094116,2.8293910026550293,2.9515464305877686,3.2962021827697754,3.336277723312378,3.7833263874053955,3.7679343223571777,3.396242141723633,3.391231060028076,3.0290534496307373,3.138795852661133,2.8650052547454834,3.0249903202056885,3.154513359069824,3.1203768253326416,3.4226160049438477,3.3103597164154053,3.6639115810394287,3.5846309661865234,3.5455424785614014,2.5029406547546387,2.173414707183838,2.3538129329681396,2.0958001613616943,2.265260934829712,2.632861614227295,2.7231054306030273,3.054445505142212,3.3198907375335693,3.5217244625091553,3.856703519821167,4.0050883293151855,4.387313365936279,4.500622749328613,4.751132011413574
B12,1.7022619247436523,1.651466965675354,1.4324995279312134,1.7288832664489746,1.587418794631958,1.889492154121399,1.9106303453445435,2.122685670852661,2.4388601779937744,2.587522268295288,2.941429853439331,3.0908362865448,3.4505367279052734,3.6388230323791504,3.5718727111816406,2.8684356212615967,2.5900521278381348,2.3449833393096924,2.1614933013916016,1.8696423768997192,1.6292856931686401,1.331695556640625,1.1390831470489502,0.8408122062683105,0.5804898738861084,0.379726767539978,0.0,0.38691723346710205,0.5899275541305542,0.8242668509483337,1.234062910079956,1.3190382719039917,1.2090100049972534,1.2368890047073364,1.5310786962509155,1.5415806770324707,1.9023895263671875,2.014800786972046,2.254786491394043,2.5078623294830322,2.7019708156585693,3.001765012741089,3.1601576805114746,3.488175868988037,3.5070383548736572,3.846544027328491,3.849771738052368,3.488245964050293,3.4559500217437744,3.101006269454956,3.1737618446350098,2.8828306198120117,2.99943208694458,3.119124412536621,3.039783477783203,3.333566665649414,3.1821672916412354,3.524057626724243,3.4099814891815186,3.3430755138397217,2.2427542209625244,1.9404453039169312,2.166959524154663,1.9285348653793335,2.1178507804870605,2.485276937484741,2.6189327239990234,2.947108268737793,3.216097354888916,3.446054458618164,3.771308183670044,3.950727939605713,4.3220319747924805,4.464139938354492,4.723228931427002
B13,1.4668240547180176,1.4403847455978394,1.3112058639526367,1.639907717704773,1.586909294128418,1.9210858345031738,2.0020811557769775,2.2396364212036133,2.5534000396728516,2.7421839237213135,3.0760838985443115,3.2625184059143066,3.603314161300659,3.8224387168884277,3.7702229022979736,3.1486613750457764,2.8894739151000977,2.6155030727386475,2.4404690265655518,2.1765499114990234,1.9029934406280518,1.627587914466858,1.4331825971603394,1.101306438446045,0.9083170294761658,0.5770006775856018,0.38691723346710205,0.0,0.3790951371192932,0.7009596228599548,1.549555778503418,1.6625314950942993,1.586333990097046,1.605458378791809,1.9053705930709839,1.9212756156921387,2.2768397331237793,2.3924002647399902,2.6199841499328613,2.876696825027466,3.0559568405151367,3.360102415084839,3.501108407974243,3.835366725921631,3.8550496101379395,4.231001377105713,4.233608245849609,3.870302677154541,3.839378595352173,3.4821577072143555,3.552994966506958,3.2563161849975586,3.3723936080932617,3.478545665740967,3.3918185234069824,3.674075126647949,3.507422685623169,3.837341070175171,3.701648473739624,3.6294894218444824,2.514665126800537,2.2388298511505127,2.4966835975646973,2.2750747203826904,2.4693126678466797,2.833550453186035,2.978677272796631,3.30895733833313,3.5725865364074707,3.81404447555542,4.133200645446777,4.322206020355225,4.6901397705078125,4.836019039154053,5.10010290145874
