,A1,A2,A3,A4,A5,A6,A7,A8,A9,A10,A11,A12,A13,A14,A15,B1,B2,B3,B4,B5,B6,B7,B8,B9,B10,B11,B12,B13,B14,B15,C1,C2,C3,C4,C5,C6,C7,C8,C9,C10,C11,C12,C13,C14,C15,D1,D2,D3,D4,D5,D6,D7,D8,D9,D10,D11,D12,D13,D14,D15,E1,E2,E3,E4,E5,E6,E7,E8,E9,E10,E11,E12,E13,E14,E15
A1,0.0,0.3932112455368042,0.6053104400634766,0.945906400680542,1.198205828666687,1.55390465259552,1.8320257663726807,2.1876983642578125,2.4612717628479004,2.8236746788024902,2.7805111408233643,2.457078456878662,2.4646031856536865,2.1174111366271973,2.1157684326171875,0.7216415405273438,0.776520848274231,0.7974321842193604,1.0998207330703735,1.3474467992782593,1.6316955089569092,1.9412401914596558,2.245356321334839,2.5393013954162598,2.910501718521118,2.9368603229522705,2.6689319610595703,2.7370388507843018,2.4576354026794434,2.5045816898345947,1.4051378965377808,1.3436347246170044,1.245017409324646,1.4533969163894653,1.6348425149917603,1.8399168252944946,2.1359493732452393,2.3784756660461426,2.682114839553833,3.0519039630889893,3.1411914825439453,2.9317290782928467,3.0495176315307617,2.831359386444092,2.9148006439208984,2.0483810901641846,1.905962347984314,1.750720500946045,1.891819715499878,2.0098581314086914,2.143711805343628,2.404306173324585,2.5820791721343994,2.8788111209869385,3.2351131439208984,3.3651390075683594,3.2173781394958496,3.375605583190918,3.2274651527404785,3.3463618755340576,2.7214605808258057,2.513395071029663,2.309873580932617,2.3907182216644287,2.4427356719970703,2.524751901626587,2.7346298694610596,2.8450095653533936,3.1299445629119873,3.4609298706054688,3.639861822128296,3.55656361579895,3.760841131210327,3.7111780643463135,3.9147684574127197
A2,0.3932112455368042,0.0,0.37964725494384766,0.6272429823875427,0.9309922456741333,1.2719063758850098,1.5646165609359741,1.916329026222229,2.1973862648010254,2.545691967010498,2.5091700553894043,2.194876194000244,2.2252283096313477,1.881666660308838,1.932769536972046,0.6839614510536194,0.5653166770935059,0.4727538228034973,0.7222817540168762,1.000956654548645,1.2739310264587402,1.6044286489486694,1.9096416234970093,2.2152812480926514,2.581435203552246,2.6161141395568848,2.353222370147705,2.442303419113159,2.165069580078125,2.250221014022827,1.2727967500686646,1.1371692419052124,0.9597245454788208,1.104124903678894,1.2752166986465454,1.4576815366744995,1.7664039134979248,2.005706548690796,2.3207521438598633,2.68902325630188,2.7874624729156494,2.583937406539917,2.7210845947265625,2.5086259841918945,2.6228206157684326,1.8684711456298828,1.691451907157898,1.4822434186935425,1.5691841840744019,1.6597181558609009,1.7659810781478882,2.025331497192383,2.193936586380005,2.497352361679077,2.8526036739349365,2.991468906402588,2.851640462875366,3.026622772216797,2.889009475708008,3.032855272293091,2.509819746017456,2.2831084728240967,2.0444698333740234,2.0835957527160645,2.1044304370880127,2.161620616912842,2.3589391708374023,2.456998348236084,2.7412447929382324,3.069702386856079,3.2547943592071533,3.1804330348968506,3.3959293365478516,3.3620927333831787,3.581653118133545
A3,0.6053104400634766,0.37964725494384766,0.0,0.3649981617927551,0.6068270206451416,0.9502690434455872,1.2465169429779053,1.591773509979248,1.8811448812484741,2.2424466609954834,2.2307474613189697,1.9317301511764526,1.9980236291885376,1.6838946342468262,1.7698403596878052,0.8775006532669067,0.8227069973945618,0.5538232922554016,0.7034347653388977,0.8418727517127991,1.0757591724395752,1.3759366273880005,1.6578924655914307,1.9585514068603516,2.3299999237060547,2.3846020698547363,2.1470203399658203,2.2639124393463135,2.0277397632598877,2.142524003982544,1.4569469690322876,1.359434723854065,1.0980336666107178,1.1823368072509766,1.2367738485336304,1.377246379852295,1.6294585466384888,1.836674690246582,2.1297645568847656,2.4949288368225098,2.605297327041626,2.4299793243408203,2.5836708545684814,2.4139175415039062,2.546555995941162,2.0279576778411865,1.8878974914550781,1.6241097450256348,1.6800862550735474,1.6858594417572021,1.766462802886963,1.9640265703201294,2.1039915084838867,2.373384475708008,2.7188150882720947,2.8603765964508057,2.7481536865234375,2.9281370639801025,2.830386161804199,2.9821529388427734,2.6573662757873535,2.4598581790924072,2.1811423301696777,2.206414222717285,2.164483070373535,2.214123010635376,2.3550374507904053,2.4362633228302,2.6801857948303223,2.997965097427368,3.1754040718078613,3.1258492469787598,3.3313941955566406,3.3251712322235107,3.5390400886535645
A4,0.945906400680542,0.6272429823875427,0.3649981617927551,0.0,0.38436660170555115,0.6598637104034424,0.9890918731689453,1.3136584758758545,1.6204419136047363,1.9664390087127686,1.979838490486145,1.7060191631317139,1.8186790943145752,1.5322275161743164,1.6915374994277954,1.092270016670227,0.9460609555244446,0.5927298069000244,0.521602988243103,0.5799037218093872,0.7356904745101929,1.058012843132019,1.3215303421020508,1.6418589353561401,2.0081446170806885,2.087877035140991,1.8726298809051514,2.029972791671753,1.818585753440857,1.9891000986099243,1.538722276687622,1.3933055400848389,1.0642995834350586,1.0314472913742065,1.0069681406021118,1.0728141069412231,1.310938835144043,1.488863468170166,1.7908591032028198,2.151528835296631,2.2840917110443115,2.132143020629883,2.3187217712402344,2.175320863723755,2.350612163543701,2.0286824703216553,1.8695414066314697,1.5553263425827026,1.5352874994277954,1.4753589630126953,1.49956214427948,1.664236307144165,1.7712866067886353,2.0356645584106445,2.3732621669769287,2.5317115783691406,2.4438424110412598,2.6479780673980713,2.5789647102355957,2.762397289276123,2.603447198867798,2.3983190059661865,2.0851004123687744,2.058926582336426,1.96330988407135,1.9746227264404297,2.076322317123413,2.1290230751037598,2.3555033206939697,2.6621744632720947,2.8482210636138916,2.8218016624450684,3.0388777256011963,3.0622951984405518,3.292647123336792
A5,1.198205828666687,0.9309922456741333,0.6068270206451416,0.38436660170555115,0.0,0.37869173288345337,0.6406490206718445,0.9933931827545166,1.2762017250061035,1.6357150077819824,1.6385743618011475,1.3630708456039429,1.488919734954834,1.2322276830673218,1.4153615236282349,1.2302778959274292,1.1602962017059326,0.7834298610687256,0.6922028660774231,0.5086851119995117,0.626283586025238,0.8320940732955933,1.0949441194534302,1.3733596801757812,1.7461594343185425,1.8101205825805664,1.6022017002105713,1.7603282928466797,1.5876541137695312,1.7656385898590088,1.6214573383331299,1.542504072189331,1.1855459213256836,1.1434649229049683,0.9991322755813599,1.060552954673767,1.1932846307754517,1.3630290031433105,1.6084816455841064,1.9660714864730835,2.0745797157287598,1.9310332536697388,2.104963779449463,1.997401475906372,2.1660470962524414,2.068432331085205,1.9706610441207886,1.6320395469665527,1.6175422668457031,1.4863200187683105,1.5265201330184937,1.6143401861190796,1.7233480215072632,1.9293484687805176,2.25895357131958,2.38620662689209,2.3037116527557373,2.4848198890686035,2.443183183670044,2.6101813316345215,2.623063802719116,2.467425584793091,2.131723165512085,2.1210145950317383,1.9793025255203247,2.018906593322754,2.068173885345459,2.1376285552978516,2.3135647773742676,2.6172451972961426,2.765690326690674,2.740086317062378,2.9237890243530273,2.9534103870391846,3.1584465503692627
A6,1.55390465259552,1.2719063758850098,0.9502690434455872,0.6598637104034424,0.37869173288345337,0.0,0.3786921501159668,0.656841516494751,0.9831526875495911,1.3332210779190063,1.4025535583496094,1.1916338205337524,1.4057188034057617,1.2334131002426147,1.4969950914382935,1.5948023796081543,1.49337637424469,1.1117279529571533,0.921195924282074,0.64537113904953,0.5247592329978943,0.6258634328842163,0.7857484817504883,1.076872706413269,1.4404287338256836,1.5602012872695923,1.4159538745880127,1.64091157913208,1.5409754514694214,1.78340482711792,1.9204769134521484,1.8208426237106323,1.442603588104248,1.315435767173767,1.0830292701721191,1.022515058517456,1.05802321434021,1.133634328842163,1.3512815237045288,1.6866992712020874,1.833280324935913,1.748478651046753,1.9669688940048218,1.9233174324035645,2.1388819217681885,2.2967817783355713,2.195711374282837,1.8307833671569824,1.7513624429702759,1.5463300943374634,1.5133975744247437,1.5197449922561646,1.559116005897522,1.7208245992660522,2.01985239982605,2.1679635047912598,2.137197256088257,2.3435306549072266,2.3585445880889893,2.556713581085205,2.790616273880005,2.640127420425415,2.281403064727783,2.224538564682007,2.0225112438201904,2.018355369567871,1.9989885091781616,2.0222980976104736,2.1476869583129883,2.4204444885253906,2.5728585720062256,2.590120792388916,2.777299165725708,2.8533236980438232,3.0679924488067627
A7,1.8320257663726807,1.5646165609359741,1.2465169429779053,0.9890918731689453,0.6406490206718445,0.3786921501159668,0.0,0.38455748558044434,0.6359654068946838,0.9980642795562744,1.0385222434997559,0.8323193788528442,1.0763418674468994,0.9743964076042175,1.273519515991211,1.7673118114471436,1.7052150964736938,1.3337520360946655,1.1498199701309204,0.7939897775650024,0.6618174314498901,0.5231860876083374,0.6414821743965149,0.8217652440071106,1.1818991899490356,1.264322280883789,1.1308417320251465,1.3530848026275635,1.311490535736084,1.5611463785171509,2.0105743408203125,1.959683895111084,1.5817331075668335,1.454323410987854,1.1530019044876099,1.1005462408065796,1.0108600854873657,1.075814962387085,1.195239543914795,1.5124636888504028,1.6122620105743408,1.5334731340408325,1.7273783683776855,1.7263308763504028,1.9301693439483643,2.3200979232788086,2.272580862045288,1.9022307395935059,1.8288578987121582,1.5740805864334106,1.5634616613388062,1.4935522079467773,1.5432379245758057,1.6293959617614746,1.9109044075012207,2.009146213531494,1.9769611358642578,2.1481149196624756,2.189657688140869,2.3652591705322266,2.7707695960998535,2.668687105178833,2.3005499839782715,2.2582719326019287,2.0221853256225586,2.0492734909057617,1.982862949371338,2.0317018032073975,2.102768898010254,2.3693182468414307,2.4706342220306396,2.479557514190674,2.624141216278076,2.700331926345825,2.883802890777588
A8,2.1876983642578125,1.916329026222229,1.591773509979248,1.3136584758758545,0.9933931827545166,0.656841516494751,0.38455748558044434,0.0,0.3700064420700073,0.7047739028930664,0.873180091381073,0.8139492273330688,1.1507244110107422,1.1721546649932861,1.505914568901062,2.149880886077881,2.072303295135498,1.6986624002456665,1.4805799722671509,1.1252139806747437,0.8968629240989685,0.6641244888305664,0.5429105162620544,0.6337778568267822,0.9385047554969788,1.101528286933899,1.0861481428146362,1.372997760772705,1.4316518306732178,1.722612977027893,2.369488477706909,2.306093692779541,1.92374587059021,1.754393458366394,1.4229106903076172,1.2895238399505615,1.1110423803329468,1.0502300262451172,1.0836941003799438,1.335038661956787,1.4724050760269165,1.4816004037857056,1.7124170064926147,1.7927708625793457,2.0306930541992188,2.6330838203430176,2.584550619125366,2.205831289291382,2.0913593769073486,1.794938325881958,1.7266401052474976,1.5810035467147827,1.5536025762557983,1.566849708557129,1.789154291152954,1.8998609781265259,1.9333100318908691,2.1198477745056152,2.2273638248443604,2.4248950481414795,3.0310325622558594,2.9366519451141357,2.5593276023864746,2.483473300933838,2.205718517303467,2.1954641342163086,2.064990758895874,2.0670998096466064,2.073485851287842,2.292823314666748,2.388014316558838,2.445146322250366,2.5827012062072754,2.707852363586426,2.8919172286987305
A9,2.4612717628479004,2.1973862648010254,1.8811448812484741,1.6204419136047363,1.2762017250061035,0.9831526875495911,0.6359654068946838,0.3700064420700073,0.0,0.3812764286994934,0.532394289970398,0.5718260407447815,0.9383664131164551,1.0761128664016724,1.4123111963272095,2.3450376987457275,2.293471574783325,1.934699296951294,1.7275102138519287,1.3487403392791748,1.149085283279419,0.8297701478004456,0.6881664991378784,0.5558031797409058,0.7748426795005798,0.8712180852890015,0.9026740193367004,1.1699533462524414,1.311277985572815,1.5921841859817505,2.494359254837036,2.4682705402374268,2.097327709197998,1.9351996183395386,1.576621413230896,1.4645813703536987,1.21169114112854,1.1507781744003296,1.0658981800079346,1.2610435485839844,1.326471209526062,1.3498938083648682,1.538588285446167,1.6710556745529175,1.8867002725601196,2.6941447257995605,2.6904659271240234,2.318650960922241,2.2134292125701904,1.8919525146484375,1.8480732440948486,1.6484993696212769,1.6359989643096924,1.5725570917129517,1.7615057229995728,1.807671070098877,1.8384323120117188,1.9770081043243408,2.1122887134552,2.2796897888183594,3.0423336029052734,2.9926397800445557,2.616924524307251,2.5559234619140625,2.258816957473755,2.2778801918029785,2.112241268157959,2.14103102684021,2.0965747833251953,2.3029050827026367,2.339622735977173,2.384229898452759,2.4713706970214844,2.5934042930603027,2.7397007942199707
A10,2.8236746788024902,2.545691967010498,2.2424466609954834,1.9664390087127686,1.6357150077819824,1.3332210779190063,0.9980642795562744,0.7047739028930664,0.3812764286994934,0.0,0.3903447985649109,0.6646170616149902,1.0209589004516602,1.256717562675476,1.5960170030593872,2.6721832752227783,2.6067326068878174,2.257274866104126,2.026505470275879,1.6464613676071167,1.4190691709518433,1.0633938312530518,0.8441870212554932,0.5568996667861938,0.564714252948761,0.6648144125938416,0.8416252732276917,1.1223002672195435,1.3606820106506348,1.6559033393859863,2.756539821624756,2.727818727493286,2.3634414672851562,2.173509120941162,1.7964493036270142,1.6513779163360596,1.3360265493392944,1.2133060693740845,1.0133916139602661,1.0987657308578491,1.134546160697937,1.2346311807632446,1.4204565286636353,1.6326907873153687,1.8605700731277466,2.8839056491851807,2.8915512561798096,2.5225348472595215,2.389949321746826,2.0396268367767334,1.9702775478363037,1.707721471786499,1.657916784286499,1.5083260536193848,1.627096176147461,1.637460708618164,1.7110416889190674,1.8319398164749146,2.0253114700317383,2.194850444793701,3.1584975719451904,3.1299681663513184,2.754910707473755,2.673170328140259,2.3456623554229736,2.350973129272461,2.131366729736328,2.14436674118042,2.0324273109436035,2.1949357986450195,2.1906492710113525,2.2577173709869385,2.312042236328125,2.4653708934783936,2.5942137241363525
A11,2.7805111408233643,2.5091700553894043,2.2307474613189697,1.979838490486145,1.6385743618011475,1.4025535583496094,1.0385222434997559,0.873180091381073,0.532394289970398,0.3903447985649109,0.0,0.3746543526649475,0.6699166893959045,0.964877724647522,1.2836287021636963,2.535444974899292,2.4957051277160645,2.173384666442871,1.9696531295776367,1.5856351852416992,1.426941156387329,1.0539813041687012,0.952754020690918,0.6437526941299438,0.6868253350257874,0.549843430519104,0.6066213250160217,0.7929369211196899,1.0534993410110474,1.3113081455230713,2.5484225749969482,2.558966636657715,2.2173733711242676,2.0570693016052246,1.6806914806365967,1.602181315422058,1.2802083492279053,1.2537643909454346,1.0432237386703491,1.1635169982910156,1.0770187377929688,1.0763263702392578,1.171602725982666,1.3642959594726562,1.5407898426055908,2.6281051635742188,2.6785573959350586,2.3275272846221924,2.22832989692688,1.8848718404769897,1.878456473350525,1.6225152015686035,1.6522178649902344,1.5037288665771484,1.6583260297775269,1.592543363571167,1.5858553647994995,1.6392379999160767,1.7944154739379883,1.9128972291946411,2.8792331218719482,2.8890368938446045,2.525219678878784,2.4803738594055176,2.1657960414886475,2.22822904586792,2.0271284580230713,2.107218027114868,2.00924015045166,2.2090721130371094,2.1565732955932617,2.158334970474243,2.170102119445801,2.268681287765503,2.359971523284912
A12,2.457078456878662,2.194876194000244,1.9317301511764526,1.7060191631317139,1.3630708456039429,1.1916338205337524,0.8323193788528442,0.8139492273330688,0.5718260407447815,0.6646170616149902,0.3746543526649475,0.0,0.3783974051475525,0.6012210845947266,0.9363406896591187,2.1761631965637207,2.1543543338775635,1.844220757484436,1.670699119567871,1.2905786037445068,1.2011948823928833,0.8557363152503967,0.8937520384788513,0.69520503282547,0.8904329538345337,0.7262970209121704,0.5655962824821472,0.6783308386802673,0.8174144625663757,1.0507972240447998,2.1891801357269287,2.2185661792755127,1.8840500116348267,1.7588146924972534,1.3976885080337524,1.3861573934555054,1.11474609375,1.1931148767471313,1.0750832557678223,1.2953097820281982,1.2022767066955566,1.089791178703308,1.1535401344299316,1.242004632949829,1.385804295539856,2.2985999584198,2.3581480979919434,2.0121350288391113,1.9503450393676758,1.634026288986206,1.6828811168670654,1.4860562086105347,1.5873206853866577,1.5149139165878296,1.7424014806747437,1.6831403970718384,1.6059321165084839,1.6536253690719604,1.7308926582336426,1.8294984102249146,2.6004881858825684,2.6069748401641846,2.246309280395508,2.2351133823394775,1.9530112743377686,2.05462908744812,1.910823106765747,2.0355138778686523,2.0033681392669678,2.2553818225860596,2.221513032913208,2.17706036567688,2.206096649169922,2.252997398376465,2.3502037525177
A13,2.4646031856536865,2.2252283096313477,1.9980236291885376,1.8186790943145752,1.488919734954834,1.4057188034057617,1.0763418674468994,1.1507244110107422,0.9383664131164551,1.0209589004516602,0.6699166893959045,0.3783974051475525,0.0,0.3844199478626251,0.6320054531097412,2.0884487628936768,2.107074499130249,1.8423956632614136,1.7198364734649658,1.3680802583694458,1.3724243640899658,1.0720276832580566,1.2006913423538208,1.0279089212417603,1.202518105506897,0.9502512812614441,0.6957721710205078,0.5865690112113953,0.6556128859519958,0.7634105682373047,2.024364709854126,2.1098902225494385,1.816446304321289,1.7450788021087646,1.4158999919891357,1.4929481744766235,1.258137822151184,1.4207419157028198,1.3167777061462402,1.54008150100708,1.3725048303604126,1.1750510931015015,1.1216181516647339,1.1411123275756836,1.1828383207321167,2.086790084838867,2.203456163406372,1.8911893367767334,1.885172963142395,1.6024744510650635,1.7306592464447021,1.5682570934295654,1.7441645860671997,1.6865880489349365,1.9317988157272339,1.8169046640396118,1.6665245294570923,1.6409778594970703,1.6542595624923706,1.678539514541626,2.3739445209503174,2.4277584552764893,2.0898733139038086,2.1341745853424072,1.887116551399231,2.055952310562134,1.9497992992401123,2.13832426071167,2.12821364402771,2.4055144786834717,2.3342196941375732,2.2284023761749268,2.2170748710632324,2.197906494140625,2.250365972518921
A14,2.1174111366271973,1.881666660308838,1.6838946342468262,1.5322275161743164,1.2322276830673218,1.2334131002426147,0.9743964076042175,1.1721546649932861,1.0761128664016724,1.256717562675476,0.964877724647522,0.6012210845947266,0.3844199478626251,0.0,0.3814878463745117,1.7087454795837402,1.7332689762115479,1.4859898090362549,1.3962302207946777,1.0739784240722656,1.1646391153335571,0.948698878288269,1.18941330909729,1.131262183189392,1.3859890699386597,1.1762685775756836,0.8536980748176575,0.7544583082199097,0.608420193195343,0.6714964509010315,1.6497541666030884,1.7414478063583374,1.4533958435058594,1.4204100370407104,1.1267900466918945,1.2786418199539185,1.132076621055603,1.3771209716796875,1.3723187446594238,1.661086916923523,1.5289384126663208,1.2787275314331055,1.2437372207641602,1.1500849723815918,1.1799625158309937,1.7647218704223633,1.8712975978851318,1.5600453615188599,1.5916498899459839,1.3525975942611694,1.53065824508667,1.4492876529693604,1.676372766494751,1.7019429206848145,2.000025510787964,1.9194327592849731,1.7322568893432617,1.7337902784347534,1.6768008470535278,1.7079750299453735,2.1270878314971924,2.1543242931365967,1.817962408065796,1.8889282941818237,1.6851692199707031,1.877845287322998,1.8392008543014526,2.051697015762329,2.110905170440674,2.425081253051758,2.39145565032959,2.262361526489258,2.289911985397339,2.2391343116760254,2.31951904296875
A15,2.1157684326171875,1.932769536972046,1.7698403596878052,1.6915374994277954,1.4153615236282349,1.4969950914382935,1.273519515991211,1.505914568901062,1.4123111963272095,1.5960170030593872,1.2836287021636963,0.9363406896591187,0.6320054531097412,0.3814878463745117,0.0,1.633804440498352,1.7315280437469482,1.5451922416687012,1.5411655902862549,1.2789924144744873,1.4520196914672852,1.293809413909912,1.5606926679611206,1.5118093490600586,1.7568416595458984,1.522178292274475,1.196095585823059,1.0120872259140015,0.8245033025741577,0.6914029121398926,1.5340862274169922,1.7090327739715576,1.484035611152649,1.5405653715133667,1.3198777437210083,1.547312617301941,1.4554704427719116,1.7332526445388794,1.740111231803894,2.0243136882781982,1.8636852502822876,1.5862268209457397,1.484346628189087,1.3404511213302612,1.2639695405960083,1.6464773416519165,1.8219330310821533,1.567346453666687,1.6836727857589722,1.5146369934082031,1.7599666118621826,1.7278895378112793,1.994364619255066,2.0359818935394287,2.3388562202453613,2.232346773147583,2.0079872608184814,1.9607199430465698,1.8516230583190918,1.8123992681503296,2.034749746322632,2.1093602180480957,1.8143452405929565,1.9587293863296509,1.8174949884414673,2.0660626888275146,2.0752477645874023,2.326943874359131,2.4087393283843994,2.7352654933929443,2.6831774711608887,2.5156772136688232,2.515960693359375,2.412046194076538,2.452176570892334
B1,0.7216415405273438,0.6839614510536194,0.8775006532669067,1.092270016670227,1.2302778959274292,1.5948023796081543,1.7673118114471436,2.149880886077881,2.3450376987457275,2.6721832752227783,2.535444974899292,2.1761631965637207,2.0884487628936768,1.7087454795837402,1.633804440498352,0.0,0.39009609818458557,0.5815512537956238,0.9406698942184448,1.159430742263794,1.526345133781433,1.772680401802063,2.1345925331115723,2.3667118549346924,2.722212314605713,2.6589865684509277,2.3352012634277344,2.316335439682007,1.9890843629837036,1.9583872556686401,0.7096196413040161,0.7710822224617004,0.7473688721656799,1.0794835090637207,1.2887003421783447,1.6061753034591675,1.8803855180740356,2.201653242111206,2.4666993618011475,2.837794780731201,2.8446104526519775,2.571430206298828,2.6140639781951904,2.3452467918395996,2.3615124225616455,1.364813208580017,1.295203685760498,1.1758782863616943,1.416494607925415,1.5747246742248535,1.8162745237350464,2.0843067169189453,2.3478500843048096,2.6242835521698,2.9956510066986084,3.052995204925537,2.8385684490203857,2.934035539627075,2.733011245727539,2.795293092727661,2.0552122592926025,1.897293210029602,1.7111947536468506,1.8689013719558716,1.9599939584732056,2.132927179336548,2.369194984436035,2.5649125576019287,2.8486905097961426,3.2086105346679688,3.325106620788574,3.175483226776123,3.3331427574157715,3.2225382328033447,3.386251926422119
B2,0.776520848274231,0.5653166770935059,0.8227069973945618,0.9460609555244446,1.1602962017059326,1.49337637424469,1.7052150964736938,2.072303295135498,2.293471574783325,2.6067326068878174,2.4957051277160645,2.1543543338775635,2.107074499130249,1.7332689762115479,1.7315280437469482,0.39009609818458557,0.0,0.38167449831962585,0.6797387003898621,0.989857017993927,1.3298159837722778,1.6212999820709229,1.9741007089614868,2.2358059883117676,2.5843074321746826,2.5472376346588135,2.235156536102295,2.252784490585327,1.9225691556930542,1.947238564491272,0.7297855615615845,0.5803212523460388,0.4996790289878845,0.7824630737304688,1.0554865598678589,1.3431711196899414,1.6632122993469238,1.974381685256958,2.270751476287842,2.6384482383728027,2.6725664138793945,2.410543203353882,2.4887073040008545,2.218013286590576,2.281705141067505,1.315786600112915,1.141383171081543,0.9782842993736267,1.148013710975647,1.3244420289993286,1.5245344638824463,1.8253412246704102,2.072225570678711,2.378103733062744,2.7474184036254883,2.8330280780792236,2.6315929889678955,2.761817693710327,2.565582275390625,2.6704695224761963,1.9643501043319702,1.743896484375,1.534501552581787,1.6272937059402466,1.7131294012069702,1.838391661643982,2.0887176990509033,2.258701801300049,2.564131021499634,2.918182373046875,3.0624561309814453,2.927443265914917,3.1171536445617676,3.0267105102539062,3.2248666286468506
B3,0.7974321842193604,0.4727538228034973,0.5538232922554016,0.5927298069000244,0.7834298610687256,1.1117279529571533,1.3337520360946655,1.6986624002456665,1.934699296951294,2.257274866104126,2.173384666442871,1.844220757484436,1.8423956632614136,1.4859898090362549,1.5451922416687012,0.5815512537956238,0.38167449831962585,0.0,0.3713400065898895,0.6434471607208252,0.9825994372367859,1.2796157598495483,1.6247276067733765,1.8975121974945068,2.255436420440674,2.2447779178619385,1.953923225402832,2.013442277908325,1.7162015438079834,1.7952992916107178,0.958678126335144,0.8232637643814087,0.5450933575630188,0.6916937828063965,0.8428919315338135,1.091688632965088,1.3887392282485962,1.6773818731307983,1.9723984003067017,2.3444390296936035,2.401082992553711,2.167041063308716,2.2782387733459473,2.04888653755188,2.1531713008880615,1.4906256198883057,1.3363264799118042,1.07342529296875,1.161428451538086,1.2253752946853638,1.3784148693084717,1.6298867464065552,1.8448704481124878,2.134080410003662,2.500190258026123,2.6014034748077393,2.4319591522216797,2.5837032794952393,2.4321200847625732,2.564049005508423,2.1101858615875244,1.9062141180038452,1.6341432332992554,1.680370569229126,1.6787389516830444,1.7733150720596313,1.9640997648239136,2.105013132095337,2.379692792892456,2.725360631942749,2.875211238861084,2.7728116512298584,2.9666576385498047,2.9150516986846924,3.121940851211548
B4,1.0998207330703735,0.7222817540168762,0.7034347653388977,0.521602988243103,0.6922028660774231,0.921195924282074,1.1498199701309204,1.4805799722671509,1.7275102138519287,2.026505470275879,1.9696531295776367,1.670699119567871,1.7198364734649658,1.3962302207946777,1.5411655902862549,0.9406698942184448,0.6797387003898621,0.3713400065898895,0.0,0.38651835918426514,0.6638537049293518,0.9931423664093018,1.3221467733383179,1.6144944429397583,1.9621983766555786,1.9785188436508179,1.7105857133865356,1.8170385360717773,1.5437724590301514,1.6933863162994385,1.1592466831207275,0.9552525877952576,0.5959281921386719,0.510552167892456,0.5702461004257202,0.7425240278244019,1.0591533184051514,1.3288347721099854,1.64326810836792,2.011427879333496,2.0941827297210693,1.883000135421753,2.0356860160827637,1.8314720392227173,1.9920064210891724,1.5667868852615356,1.3789042234420776,1.0504186153411865,1.015721082687378,0.995031476020813,1.0726245641708374,1.306519627571106,1.4912071228027344,1.788612723350525,2.1505255699157715,2.274844169616699,2.130614995956421,2.3160645961761475,2.194420099258423,2.3698108196258545,2.107868194580078,1.8868050575256348,1.5718318223953247,1.5414491891860962,1.4720923900604248,1.5111069679260254,1.6645389795303345,1.7718961238861084,2.0383739471435547,2.3754889965057373,2.541302442550659,2.4646425247192383,2.6789608001708984,2.662324905395508,2.8946332931518555
B5,1.3474467992782593,1.000956654548645,0.8418727517127991,0.5799037218093872,0.5086851119995117,0.64537113904953,0.7939897775650024,1.1252139806747437,1.3487403392791748,1.6464613676071167,1.5856351852416992,1.2905786037445068,1.3680802583694458,1.0739784240722656,1.2789924144744873,1.159430742263794,0.989857017993927,0.6434471607208252,0.38651835918426514,0.0,0.3762911558151245,0.6366074085235596,0.9875065684318542,1.2563780546188354,1.613415002822876,1.6239732503890991,1.3632416725158691,1.491540551185608,1.2578988075256348,1.4482327699661255,1.3341772556304932,1.203672170639038,0.8175408840179443,0.6836738586425781,0.49052250385284424,0.6103582382202148,0.8088273406028748,1.0748069286346436,1.3491344451904297,1.7224133014678955,1.7938246726989746,1.5961576700210571,1.756301999092102,1.596785545349121,1.7753437757492065,1.6746102571487427,1.5523321628570557,1.1869722604751587,1.1271895170211792,0.9778580665588379,1.039483904838562,1.1643742322921753,1.33640718460083,1.5766693353652954,1.9338738918304443,2.0385756492614746,1.9101696014404297,2.0878970623016357,2.0074315071105957,2.1837196350097656,2.1744182109832764,2.005066156387329,1.6552667617797852,1.620308518409729,1.4712122678756714,1.5205711126327515,1.592930555343628,1.7011488676071167,1.9072480201721191,2.2383620738983154,2.3741891384124756,2.311046838760376,2.5000007152557373,2.5049526691436768,2.721590757369995
B6,1.6316955089569092,1.2739310264587402,1.0757591724395752,0.7356904745101929,0.626283586025238,0.5247592329978943,0.6618174314498901,0.8968629240989685,1.149085283279419,1.4190691709518433,1.426941156387329,1.2011948823928833,1.3724243640899658,1.1646391153335571,1.4520196914672852,1.526345133781433,1.3298159837722778,0.9825994372367859,0.6638537049293518,0.3762911558151245,0.0,0.38179078698158264,0.6626700162887573,0.9818587303161621,1.3306268453598022,1.4095160961151123,1.2153041362762451,1.4303902387619019,1.2735720872879028,1.5451360940933228,1.6834914684295654,1.5213367938995361,1.1358835697174072,0.90572589635849,0.6287353038787842,0.49836158752441406,0.6022127270698547,0.7640647888183594,1.058850646018982,1.4238755702972412,1.5541547536849976,1.4211112260818481,1.6498788595199585,1.558463454246521,1.8039381504058838,1.9585832357406616,1.8184267282485962,1.4377673864364624,1.289628028869629,1.0570616722106934,0.9900563359260559,1.0226144790649414,1.0981954336166382,1.318574070930481,1.6547695398330688,1.8022854328155518,1.7353553771972656,1.9602426290512085,1.9428937435150146,2.168552875518799,2.386775016784668,2.2107157707214355,1.8430242538452148,1.740934133529663,1.5229755640029907,1.4960203170776367,1.4890742301940918,1.5265169143676758,1.6903562545776367,1.9916938543319702,2.150587320327759,2.1415088176727295,2.3515725135803223,2.4147567749023438,2.6553843021392822
B7,1.9412401914596558,1.6044286489486694,1.3759366273880005,1.058012843132019,0.8320940732955933,0.6258634328842163,0.5231860876083374,0.6641244888305664,0.8297701478004456,1.0633938312530518,1.0539813041687012,0.8557363152503967,1.0720276832580566,0.948698878288269,1.293809413909912,1.772680401802063,1.6212999820709229,1.2796157598495483,0.9931423664093018,0.6366074085235596,0.38179078698158264,0.0,0.3761638104915619,0.6226243376731873,0.9807820916175842,1.0387544631958008,0.8600883483886719,1.1113008260726929,1.0297809839248657,1.3438550233840942,1.8619054555892944,1.7500555515289307,1.3698848485946655,1.1441110372543335,0.786918580532074,0.6420887112617493,0.48864680528640747,0.6011103391647339,0.7846850156784058,1.1470072269439697,1.2449064254760742,1.1295557022094727,1.361737608909607,1.3335832357406616,1.593293309211731,2.0604512691497803,1.9759236574172974,1.5903654098510742,1.4394475221633911,1.1349952220916748,1.0723843574523926,0.9723026156425476,1.0323318243026733,1.1476563215255737,1.463749885559082,1.568060278892517,1.5149277448654175,1.718750238418579,1.7482364177703857,1.9670718908309937,2.4291725158691406,2.304450273513794,1.9242067337036133,1.8264732360839844,1.5547523498535156,1.5488972663879395,1.4625555276870728,1.5121980905532837,1.5957627296447754,1.8824000358581543,1.9897613525390625,1.986083984375,2.1562576293945312,2.236246347427368,2.452265977859497
B8,2.245356321334839,1.9096416234970093,1.6578924655914307,1.3215303421020508,1.0949441194534302,0.7857484817504883,0.6414821743965149,0.5429105162620544,0.6881664991378784,0.8441870212554932,0.952754020690918,0.8937520384788513,1.2006913423538208,1.18941330909729,1.5606926679611206,2.1345925331115723,1.9741007089614868,1.6247276067733765,1.3221467733383179,0.9875065684318542,0.6626700162887573,0.3761638104915619,0.0,0.37123581767082214,0.7016355395317078,0.8830425143241882,0.8489453196525574,1.1857795715332031,1.2161003351211548,1.5673553943634033,2.234654188156128,2.109346866607666,1.729858160018921,1.4757964611053467,1.1199126243591309,0.8859162926673889,0.6428320407867432,0.5083917379379272,0.597575306892395,0.9059927463531494,1.0837982892990112,1.0864404439926147,1.3808643817901611,1.4481881856918335,1.7491636276245117,2.4060916900634766,2.314897060394287,1.9284535646438599,1.738957405090332,1.406963586807251,1.2668815851211548,1.079372525215149,1.0134845972061157,1.0420461893081665,1.2912564277648926,1.4339818954467773,1.4707701206207275,1.7089004516601562,1.8173425197601318,2.0686066150665283,2.726585865020752,2.6037657260894775,2.2204389572143555,2.0845372676849365,1.7750264406204224,1.7140952348709106,1.5531883239746094,1.529262661933899,1.5368698835372925,1.7656172513961792,1.881734013557434,1.9444128274917603,2.119410753250122,2.26252818107605,2.48797607421875
B9,2.5393013954162598,2.2152812480926514,1.9585514068603516,1.6418589353561401,1.3733596801757812,1.076872706413269,0.8217652440071106,0.6337778568267822,0.5558031797409058,0.5568996667861938,0.6437526941299438,0.69520503282547,1.0279089212417603,1.131262183189392,1.5118093490600586,2.3667118549346924,2.2358059883117676,1.8975121974945068,1.6144944429397583,1.2563780546188354,0.9818587303161621,0.6226243376731873,0.37123581767082214,0.0,0.3737086057662964,0.5345554947853088,0.5951270461082458,0.9607741236686707,1.0999194383621216,1.4580479860305786,2.405846118927002,2.3190643787384033,1.9518965482711792,1.7103768587112427,1.3309170007705688,1.1316642761230469,0.8015662431716919,0.6584048867225647,0.5106518268585205,0.7343088388442993,0.8388082981109619,0.8861251473426819,1.16189444065094,1.3101388216018677,1.6043535470962524,2.5114974975585938,2.4665515422821045,2.088257312774658,1.9081114530563354,1.5486669540405273,1.434893250465393,1.173624038696289,1.114665150642395,1.0188738107681274,1.2119807004928589,1.2788594961166382,1.3294860124588013,1.5238412618637085,1.6815110445022583,1.9114854335784912,2.7740368843078613,2.6983773708343506,2.3166656494140625,2.193059206008911,1.8581112623214722,1.825834035873413,1.613825798034668,1.6138837337493896,1.5448853969573975,1.7476879358291626,1.7932045459747314,1.852209210395813,1.9713690280914307,2.1242384910583496,2.3137059211730957
B10,2.910501718521118,2.581435203552246,2.3299999237060547,2.0081446170806885,1.7461594343185425,1.4404287338256836,1.1818991899490356,0.9385047554969788,0.7748426795005798,0.564714252948761,0.6868253350257874,0.8904329538345337,1.202518105506897,1.3859890699386597,1.7568416595458984,2.722212314605713,2.5843074321746826,2.255436420440674,1.9621983766555786,1.613415002822876,1.3306268453598022,0.9807820916175842,0.7016355395317078,0.3737086057662964,0.0,0.3826022446155548,0.6627485156059265,1.0199313163757324,1.2520790100097656,1.6097477674484253,2.715778112411499,2.627798318862915,2.271744728088379,2.012627601623535,1.6318747997283936,1.4097821712493896,1.047093152999878,0.8340557217597961,0.532320499420166,0.5347483158111572,0.6304265856742859,0.8208349347114563,1.1058647632598877,1.348501443862915,1.6551525592803955,2.7591135501861572,2.7234725952148438,2.353973388671875,2.150442361831665,1.773989200592041,1.6321395635604858,1.311388373374939,1.195950984954834,0.9840220212936401,1.0650099515914917,1.0979597568511963,1.2237149477005005,1.4097933769226074,1.643154501914978,1.8822357654571533,2.948350667953491,2.891730785369873,2.516122341156006,2.370304822921753,2.0097873210906982,1.9560561180114746,1.684327244758606,1.6544843912124634,1.4984171390533447,1.6362401247024536,1.637956142425537,1.7366114854812622,1.824636459350586,2.0246822834014893,2.2015817165374756
B11,2.9368603229522705,2.6161141395568848,2.3846020698547363,2.087877035140991,1.8101205825805664,1.5602012872695923,1.264322280883789,1.101528286933899,0.8712180852890015,0.6648144125938416,0.549843430519104,0.7262970209121704,0.9502512812614441,1.1762685775756836,1.522178292274475,2.6589865684509277,2.5472376346588135,2.2447779178619385,1.9785188436508179,1.6239732503890991,1.4095160961151123,1.0387544631958008,0.8830425143241882,0.5345554947853088,0.3826022446155548,0.0,0.37399232387542725,0.6743611097335815,0.9643822908401489,1.298546314239502,2.576786518096924,2.528602123260498,2.196284770965576,1.9650378227233887,1.5820856094360352,1.4294929504394531,1.0520633459091187,0.9572812914848328,0.6409839391708374,0.6733582019805908,0.527717113494873,0.597131609916687,0.7873278856277466,1.054223895072937,1.324306845664978,2.5598948001861572,2.570380449295044,2.2194862365722656,2.0463852882385254,1.6706393957138062,1.595878005027771,1.2699943780899048,1.2504900693893433,1.0245068073272705,1.1364604234695435,1.0452462434768677,1.0720330476760864,1.1684125661849976,1.3833850622177124,1.5730645656585693,2.7095508575439453,2.6975646018981934,2.332587242126465,2.2216856479644775,1.8665252923965454,1.8758691549301147,1.612876534461975,1.663547396659851,1.5105044841766357,1.685072422027588,1.6124231815338135,1.6329118013381958,1.6574345827102661,1.8033183813095093,1.9346747398376465
B12,2.6689319610595703,2.353222370147705,2.1470203399658203,1.8726298809051514,1.6022017002105713,1.4159538745880127,1.1308417320251465,1.0861481428146362,0.9026740193367004,0.8416252732276917,0.6066213250160217,0.5655962824821472,0.6957721710205078,0.8536980748176575,1.196095585823059,2.3352012634277344,2.235156536102295,1.953923225402832,1.7105857133865356,1.3632416725158691,1.2153041362762451,0.8600883483886719,0.8489453196525574,0.5951270461082458,0.6627485156059265,0.37399232387542725,0.0,0.3764669895172119,0.5996131896972656,0.9487906098365784,2.217674732208252,2.1880991458892822,1.8684775829315186,1.6629018783569336,1.2861021757125854,1.2017996311187744,0.8492611646652222,0.8945574760437012,0.6834838390350342,0.8641580939292908,0.6869256496429443,0.524531900882721,0.6400468349456787,0.792879581451416,1.0428972244262695,2.195850133895874,2.222297430038452,1.8771841526031494,1.7346172332763672,1.3717126846313477,1.362634301185608,1.081423282623291,1.168696641921997,1.028873324394226,1.241597294807434,1.1360619068145752,1.0417802333831787,1.1063534021377563,1.2212309837341309,1.3819684982299805,2.3712258338928223,2.3657591342926025,2.0011091232299805,1.9235718250274658,1.5903257131576538,1.6545263528823853,1.4464504718780518,1.568986177444458,1.4907108545303345,1.7356352806091309,1.6692358255386353,1.6155481338500977,1.6451079845428467,1.7164045572280884,1.8443260192871094
B13,2.7370388507843018,2.442303419113159,2.2639124393463135,2.029972791671753,1.7603282928466797,1.64091157913208,1.3530848026275635,1.372997760772705,1.1699533462524414,1.1223002672195435,0.7929369211196899,0.6783308386802673,0.5865690112113953,0.7544583082199097,1.0120872259140015,2.316335439682007,2.252784490585327,2.013442277908325,1.8170385360717773,1.491540551185608,1.4303902387619019,1.1113008260726929,1.1857795715332031,0.9607741236686707,1.0199313163757324,0.6743611097335815,0.3764669895172119,0.0,0.3781048655509949,0.6395963430404663,2.1157941818237305,2.139374017715454,1.8619487285614014,1.7068129777908325,1.3612412214279175,1.3698384761810303,1.065085768699646,1.2000844478607178,1.0200612545013428,1.1794637441635132,0.917445957660675,0.6561272144317627,0.535463273525238,0.6174805760383606,0.7479526996612549,2.0254032611846924,2.1127376556396484,1.8036834001541138,1.7139849662780762,1.3828741312026978,1.462665319442749,1.2202651500701904,1.392196774482727,1.267576813697815,1.4816365242004395,1.2999447584152222,1.1124159097671509,1.0556153059005737,1.0958181619644165,1.1575688123703003,2.1590287685394287,2.211102247238159,1.8698160648345947,1.8480758666992188,1.546105980873108,1.6896618604660034,1.5188380479812622,1.7172136306762695,1.656654953956604,1.9200778007507324,1.799210548400879,1.669704794883728,1.6342551708221436,1.6235792636871338,1.6879246234893799
