,A1,A2,A3,A4,A5,A6,A7,A8,A9,A10,A11,A12,A13,A14,A15,B1,B2,B3,B4,B5,B6,B7,B8,B9,B10,B11,B12,B13,B14,B15,C1,C2,C3,C4,C5,C6,C7,C8,C9,C10,C11,C12,C13,C14,C15,D1,D2,D3,D4,D5,D6,D7,D8,D9,D10,D11,D12,D13,D14,D15,E1,E2,E3,E4,E5,E6,E7,E8,E9,E10,E11,E12,E13,E14,E15
A1,0.0,0.3950757086277008,0.5495771169662476,0.9071240425109863,1.046118140220642,1.4211633205413818,1.6554217338562012,2.009244203567505,2.2648892402648926,2.6440908908843994,2.619701623916626,2.2969307899475098,2.371299982070923,2.05403470993042,2.1566009521484375,0.668936550617218,0.7449480891227722,0.7140612602233887,1.061403751373291,1.2275962829589844,1.5405843257904053,1.8079204559326172,2.114758253097534,2.397951602935791,2.777627468109131,2.8134725093841553,2.5436906814575195,2.6550540924072266,2.4147841930389404,2.5356807708740234,1.2646969556808472,1.2842501401901245,1.1388977766036987,1.4018547534942627,1.5423662662506104,1.7792549133300781,2.041530132293701,2.2900784015655518,2.5811610221862793,2.958080291748047,3.0502772331237793,2.834672212600708,2.991215229034424,2.8043830394744873,2.9505884647369385,1.9036667346954346,1.8279985189437866,1.644779086112976,1.8275861740112305,1.928719162940979,2.096477746963501,2.332573413848877,2.518864870071411,2.8057711124420166,3.170938491821289,3.3054161071777344,3.146393060684204,3.340006113052368,3.2091903686523438,3.3824009895324707,2.5565779209136963,2.386869192123413,2.173393487930298,2.3019721508026123,2.358671188354492,2.4710519313812256,2.6682887077331543,2.7880094051361084,3.0664122104644775,3.381242513656616,3.5919973850250244,3.500865936279297,3.7689902782440186,3.740401029586792,3.9789516925811768
A2,0.3950757086277008,0.0,0.38128846883773804,0.6497582793235779,0.9080852270126343,1.2499053478240967,1.5351994037628174,1.8729362487792969,2.1589882373809814,2.5219342708587646,2.5162150859832764,2.2028489112854004,2.31060791015625,2.003465175628662,2.1630303859710693,0.7030574083328247,0.577243983745575,0.4635275900363922,0.7503268122673035,1.0016382932662964,1.2865288257598877,1.6029671430587769,1.8983057737350464,2.213595390319824,2.5849294662475586,2.642307758331299,2.378432273864746,2.5222017765045166,2.289341926574707,2.4570279121398926,1.1912614107131958,1.1055947542190552,0.9110456109046936,1.1042084693908691,1.2814322710037231,1.4817602634429932,1.7815735340118408,2.016273260116577,2.3369147777557373,2.708024740219116,2.8234286308288574,2.6158664226531982,2.8033149242401123,2.62613844871521,2.812762975692749,1.7898226976394653,1.6522942781448364,1.4318207502365112,1.5503376722335815,1.6585088968276978,1.7839568853378296,2.0414135456085205,2.207296133041382,2.5177841186523438,2.87690806388855,3.035520315170288,2.887410879135132,3.1096413135528564,2.9922702312469482,3.2000370025634766,2.41713285446167,2.2066304683685303,1.964128017425537,2.0375401973724365,2.0857114791870117,2.15630841255188,2.3590714931488037,2.4526498317718506,2.7443950176239014,3.048506021499634,3.2792792320251465,3.201275110244751,3.4902501106262207,3.4789059162139893,3.7401864528656006
A3,0.5495771169662476,0.38128846883773804,0.0,0.38047799468040466,0.5877937078475952,0.9208377599716187,1.214909315109253,1.539448857307434,1.8353354930877686,2.2051141262054443,2.2299447059631348,1.936324119567871,2.082754135131836,1.811786413192749,2.0040314197540283,0.8620889782905579,0.8223019242286682,0.5300126075744629,0.7057167887687683,0.8338043689727783,1.0676519870758057,1.3596247434616089,1.627617359161377,1.938592791557312,2.311367988586426,2.3942387104034424,2.1590075492858887,2.3328335285186768,2.14465594291687,2.336980104446411,1.3617595434188843,1.3214709758758545,1.0371038913726807,1.1602344512939453,1.2264204025268555,1.371496558189392,1.620687484741211,1.8191916942596436,2.119673252105713,2.485380172729492,2.6182644367218018,2.4418554306030273,2.647651195526123,2.5136399269104004,2.7122256755828857,1.943533182144165,1.8441940546035767,1.5662658214569092,1.6455974578857422,1.6667125225067139,1.7529791593551636,1.9512540102005005,2.083815336227417,2.362311601638794,2.7108564376831055,2.8774173259735107,2.760470390319824,2.989889144897461,2.912032127380371,3.121738910675049,2.5642075538635254,2.3786392211914062,2.094642162322998,2.149045944213867,2.129092216491699,2.1807196140289307,2.325855016708374,2.3977575302124023,2.6499226093292236,2.94161057472229,3.1699867248535156,3.119166135787964,3.400594472885132,3.4188392162323,3.670252561569214
A4,0.9071240425109863,0.6497582793235779,0.38047799468040466,0.0,0.38538047671318054,0.6267346739768982,0.9591050744056702,1.2591724395751953,1.5739597082138062,1.9230412244796753,1.9643025398254395,1.688355565071106,1.8725743293762207,1.6325286626815796,1.8833369016647339,1.0227465629577637,0.9212096333503723,0.5447899699211121,0.4792238175868988,0.5532068014144897,0.7081196904182434,1.0282690525054932,1.2786505222320557,1.6102778911590576,1.9750272035598755,2.076699733734131,1.8562597036361694,2.0650479793548584,1.9052551984786987,2.1442360877990723,1.388334035873413,1.3128550052642822,0.9632346034049988,0.9624114036560059,0.9613224864006042,1.0333436727523804,1.2749041318893433,1.4490535259246826,1.7598298788070679,2.120360851287842,2.2705259323120117,2.1108579635620117,2.3445708751678467,2.238553285598755,2.4714512825012207,1.8908085823059082,1.7810101509094238,1.4525325298309326,1.455328345298767,1.4158456325531006,1.4463508129119873,1.6169099807739258,1.7216360569000244,1.9966027736663818,2.3383898735046387,2.518110752105713,2.4198310375213623,2.6689491271972656,2.6191837787628174,2.8522143363952637,2.46689510345459,2.2765231132507324,1.953437089920044,1.9577895402908325,1.8850817680358887,1.8997704982757568,2.0088210105895996,2.0573630332946777,2.293116569519043,2.5759220123291016,2.8083603382110596,2.7746963500976562,3.0617611408233643,3.1034302711486816,3.362277030944824
A5,1.046118140220642,0.9080852270126343,0.5877937078475952,0.38538047671318054,0.0,0.3893829882144928,0.6306484937667847,0.9741302728652954,1.2538905143737793,1.6225268840789795,1.6437515020370483,1.360345482826233,1.5420527458190918,1.3188151121139526,1.5704632997512817,1.0704870223999023,1.0891088247299194,0.7174639701843262,0.6671134233474731,0.484391987323761,0.6291407346725464,0.8248782157897949,1.0916171073913574,1.3718162775039673,1.7488369941711426,1.8263399600982666,1.6082204580307007,1.803490400314331,1.667275071144104,1.8932170867919922,1.4255069494247437,1.4439079761505127,1.0791923999786377,1.094010591506958,0.9647597670555115,1.0471374988555908,1.1827627420425415,1.3622575998306274,1.611598253250122,1.976163625717163,2.095485210418701,1.9389679431915283,2.148385524749756,2.061300277709961,2.2691128253936768,1.906434416770935,1.8722751140594482,1.5302993059158325,1.558297872543335,1.4436850547790527,1.5001212358474731,1.5943723917007446,1.7126587629318237,1.9280682802200317,2.2704129219055176,2.4128990173339844,2.3151354789733887,2.532949924468994,2.4948151111602783,2.6967029571533203,2.4768221378326416,2.340571403503418,2.0073013305664062,2.043732166290283,1.9247934818267822,1.9755250215530396,2.033625364303589,2.109135866165161,2.296748161315918,2.58799409866333,2.781132459640503,2.741509199142456,2.993981122970581,3.033057689666748,3.2598111629486084
A6,1.4211633205413818,1.2499053478240967,0.9208377599716187,0.6267346739768982,0.3893829882144928,0.0,0.38076889514923096,0.6335576772689819,0.9618003964424133,1.3097344636917114,1.3945738077163696,1.1690596342086792,1.4313017129898071,1.2958282232284546,1.6102851629257202,1.4371551275253296,1.42314875125885,1.0438966751098633,0.8666623830795288,0.6105008125305176,0.48929914832115173,0.599682629108429,0.763212263584137,1.05918288230896,1.4223846197128296,1.5556461811065674,1.395520806312561,1.6547503471374512,1.5966423749923706,1.8748918771743774,1.7169519662857056,1.7122654914855957,1.3292665481567383,1.2393265962600708,1.0272170305252075,0.970603883266449,1.016788125038147,1.1023305654525757,1.3275375366210938,1.668801188468933,1.8275859355926514,1.7263716459274292,1.977575659751892,1.9579535722732544,2.201056480407715,2.1209752559661865,2.0841293334960938,1.7154548168182373,1.6682807207107544,1.4803129434585571,1.4514607191085815,1.4672932624816895,1.5144972801208496,1.6876742839813232,1.9998706579208374,2.1649985313415527,2.117753505706787,2.3584444522857666,2.3787147998809814,2.6007328033447266,2.6351497173309326,2.502924919128418,2.1425015926361084,2.1266589164733887,1.9442334175109863,1.943554162979126,1.9328643083572388,1.9612184762954712,2.0980679988861084,2.3579671382904053,2.554433822631836,2.5559284687042236,2.8068177700042725,2.8897860050201416,3.1157736778259277
A7,1.6554217338562012,1.5351994037628174,1.214909315109253,0.9591050744056702,0.6306484937667847,0.38076889514923096,0.0,0.3840227723121643,0.624026358127594,0.9934494495391846,1.03938889503479,0.8095552325248718,1.084869384765625,1.0036965608596802,1.3295140266418457,1.57801353931427,1.6266337633132935,1.274462342262268,1.1144386529922485,0.7666484713554382,0.6421031355857849,0.5013678669929504,0.6425713300704956,0.818108081817627,1.1862820386886597,1.275571346282959,1.1230053901672363,1.3654818534851074,1.35075843334198,1.6171685457229614,1.8008317947387695,1.8592357635498047,1.4867361783981323,1.4057612419128418,1.1139819622039795,1.0693343877792358,0.985447347164154,1.0685969591140747,1.1906596422195435,1.5219664573669434,1.6297067403793335,1.5327821969985962,1.7486218214035034,1.7559794187545776,1.9702931642532349,2.147186279296875,2.173236131668091,1.807283878326416,1.7760961055755615,1.5307096242904663,1.5271153450012207,1.4630458354949951,1.5267943143844604,1.6219966411590576,1.9245522022247314,2.035764217376709,1.9861925840377808,2.184546947479248,2.217906951904297,2.403898000717163,2.6270651817321777,2.546647071838379,2.1861250400543213,2.1945066452026367,1.9737673997879028,2.007458209991455,1.9473234415054321,2.007035732269287,2.0901238918304443,2.355135202407837,2.4996278285980225,2.4891958236694336,2.6964285373687744,2.7728171348571777,2.96146559715271
A8,2.009244203567505,1.8729362487792969,1.539448857307434,1.2591724395751953,0.9741302728652954,0.6335576772689819,0.3840227723121643,0.0,0.37049585580825806,0.693352997303009,0.8644840121269226,0.7730927467346191,1.1305829286575317,1.1757164001464844,1.5213525295257568,1.9583760499954224,1.9868669509887695,1.626664161682129,1.4226367473602295,1.0887525081634521,0.8523960113525391,0.6295421123504639,0.5215768218040466,0.612497091293335,0.924907922744751,1.0979642868041992,1.0582973957061768,1.361434817314148,1.4505623579025269,1.7460001707077026,2.157200336456299,2.1973564624786377,1.8209677934646606,1.6873822212219238,1.3727654218673706,1.2333548069000244,1.065407633781433,1.0169256925582886,1.056158423423767,1.3225818872451782,1.4724003076553345,1.4616105556488037,1.7103822231292725,1.801851749420166,2.037170171737671,2.457379102706909,2.4788429737091064,2.1045401096343994,2.0245039463043213,1.7402726411819458,1.6677757501602173,1.5306075811386108,1.5128107070922852,1.5365612506866455,1.780882716178894,1.908355474472046,1.925093173980713,2.135874032974243,2.2365810871124268,2.432035207748413,2.8896169662475586,2.813643217086792,2.4416282176971436,2.410433053970337,2.1469366550445557,2.1353485584259033,2.011662006378174,2.0218236446380615,2.04024076461792,2.2582755088806152,2.396850824356079,2.4342243671417236,2.628739833831787,2.752072334289551,2.9307196140289307
A9,2.2648892402648926,2.1589882373809814,1.8353354930877686,1.5739597082138062,1.2538905143737793,0.9618003964424133,0.624026358127594,0.37049585580825806,0.0,0.38861772418022156,0.5276581645011902,0.5258273482322693,0.8926057815551758,1.0458391904830933,1.3704590797424316,2.149336099624634,2.2166361808776855,1.8800033330917358,1.6918182373046875,1.3263280391693115,1.1214816570281982,0.8087080717086792,0.6862501502037048,0.5457783937454224,0.7837182879447937,0.8865387439727783,0.8954213857650757,1.1611937284469604,1.3194541931152344,1.5856372117996216,2.2996737957000732,2.383333921432495,2.02398943901062,1.9020147323608398,1.5526117086410522,1.4355261325836182,1.1906596422195435,1.1434228420257568,1.0599650144577026,1.2772305011749268,1.3544073104858398,1.360833764076233,1.5556131601333618,1.684690237045288,1.879852294921875,2.543980598449707,2.614342451095581,2.2523577213287354,2.18699312210083,1.8714829683303833,1.8234764337539673,1.6294528245925903,1.6279304027557373,1.5726537704467773,1.7893180847167969,1.8508586883544922,1.86802077293396,2.0241386890411377,2.1408677101135254,2.2923943996429443,2.9339065551757812,2.903738260269165,2.5405797958374023,2.5295920372009277,2.242530345916748,2.260537624359131,2.0991666316986084,2.1378417015075684,2.105750560760498,2.3206801414489746,2.4014837741851807,2.425950288772583,2.5691611766815186,2.6843276023864746,2.819509983062744
A10,2.6440908908843994,2.5219342708587646,2.2051141262054443,1.9230412244796753,1.6225268840789795,1.3097344636917114,0.9934494495391846,0.693352997303009,0.38861772418022156,0.0,0.3913394808769226,0.6387909650802612,0.9760839939117432,1.233635663986206,1.5449602603912354,2.5002646446228027,2.553853750228882,2.223918914794922,2.0052661895751953,1.6429507732391357,1.3989801406860352,1.0566233396530151,0.8377135396003723,0.5441955327987671,0.5639075040817261,0.6875180006027222,0.8503043055534363,1.1219974756240845,1.380587100982666,1.6496121883392334,2.5973329544067383,2.673905611038208,2.322392702102661,2.1645660400390625,1.7977608442306519,1.6359021663665771,1.330100178718567,1.2074179649353027,1.0065997838974,1.1105597019195557,1.1694451570510864,1.2618889808654785,1.4483251571655273,1.6594817638397217,1.853920817375183,2.7742085456848145,2.8522815704345703,2.493776559829712,2.39528489112854,2.0495643615722656,1.9650179147720337,1.706907868385315,1.658332109451294,1.5138529539108276,1.6578195095062256,1.6898730993270874,1.7590564489364624,1.8941937685012817,2.0705626010894775,2.21152663230896,3.098724603652954,3.0861005783081055,2.722907304763794,2.686126708984375,2.364736318588257,2.360471487045288,2.1420485973358154,2.1586456298828125,2.0560121536254883,2.2287425994873047,2.2696077823638916,2.321132183074951,2.425905704498291,2.5717570781707764,2.6787805557250977
A11,2.619701623916626,2.5162150859832764,2.2299447059631348,1.9643025398254395,1.6437515020370483,1.3945738077163696,1.03938889503479,0.8644840121269226,0.5276581645011902,0.3913394808769226,0.0,0.36577147245407104,0.619552493095398,0.932012140750885,1.2154860496520996,2.3864691257476807,2.4680745601654053,2.1749560832977295,1.9795219898223877,1.6003148555755615,1.41908597946167,1.0454498529434204,0.9373177289962769,0.6089596152305603,0.6660630702972412,0.5489227175712585,0.6173718571662903,0.7889400720596313,1.058253288269043,1.2885987758636475,2.4203836917877197,2.535480260848999,2.211867570877075,2.0803840160369873,1.699717402458191,1.5995069742202759,1.273605227470398,1.240857481956482,1.0174568891525269,1.1578950881958008,1.0918735265731812,1.0984002351760864,1.1957182884216309,1.376002550125122,1.5200469493865967,2.543968439102173,2.6657135486602783,2.329352378845215,2.26310396194458,1.9113582372665405,1.8864740133285522,1.6223175525665283,1.6496156454086304,1.497222900390625,1.6775270700454712,1.6299574375152588,1.6279237270355225,1.69784677028656,1.8293527364730835,1.9230097532272339,2.8376171588897705,2.864636182785034,2.519641876220703,2.519714832305908,2.202087879180908,2.253148317337036,2.042905330657959,2.124863624572754,2.0306265354156494,2.246102809906006,2.239255905151367,2.2300806045532227,2.2992095947265625,2.3924827575683594,2.4695355892181396
A12,2.2969307899475098,2.2028489112854004,1.936324119567871,1.688355565071106,1.360345482826233,1.1690596342086792,0.8095552325248718,0.7730927467346191,0.5258273482322693,0.6387909650802612,0.36577147245407104,0.0,0.38267892599105835,0.5961712002754211,0.9212668538093567,2.0311152935028076,2.1253881454467773,1.8478634357452393,1.6781703233718872,1.2938220500946045,1.1738837957382202,0.81253981590271,0.8386972546577454,0.620701253414154,0.8437405228614807,0.7027063369750977,0.5578052401542664,0.6921401619911194,0.8345683813095093,1.0684186220169067,2.0631041526794434,2.193607807159424,1.876511812210083,1.7769593000411987,1.4023010730743408,1.3638646602630615,1.0776517391204834,1.1463183164596558,1.0158571004867554,1.2606879472732544,1.1902769804000854,1.0882607698440552,1.1762558221817017,1.2539820671081543,1.3941196203231812,2.2112600803375244,2.3396592140197754,2.0070226192474365,1.9750022888183594,1.6430211067199707,1.6708784103393555,1.4579918384552002,1.5538748502731323,1.4771960973739624,1.730554223060608,1.6918232440948486,1.6213862895965576,1.6993720531463623,1.7576686143875122,1.8563635349273682,2.5459039211273193,2.5683181285858154,2.226987361907959,2.2580361366271973,1.9688812494277954,2.057399272918701,1.8989235162734985,2.0220749378204346,1.9922059774398804,2.2565407752990723,2.272252082824707,2.2214107513427734,2.319453239440918,2.3701415061950684,2.4709603786468506
A13,2.371299982070923,2.31060791015625,2.082754135131836,1.8725743293762207,1.5420527458190918,1.4313017129898071,1.084869384765625,1.1305829286575317,0.8926057815551758,0.9760839939117432,0.619552493095398,0.38267892599105835,0.0,0.38285523653030396,0.6062236428260803,2.0211775302886963,2.1553802490234375,1.931492567062378,1.8065966367721558,1.432360053062439,1.3966875076293945,1.0629403591156006,1.1679712533950806,0.9611269235610962,1.1414364576339722,0.8908896446228027,0.6765725612640381,0.5760215520858765,0.6495599150657654,0.7624989748001099,1.9867069721221924,2.16972017288208,1.8985371589660645,1.8452613353729248,1.4822546243667603,1.5234947204589844,1.2534630298614502,1.395599365234375,1.259779691696167,1.4952377080917358,1.3350353240966797,1.1633142232894897,1.126446008682251,1.133532166481018,1.1735646724700928,2.0743625164031982,2.26121187210083,1.9677900075912476,1.9859353303909302,1.668105125427246,1.7692135572433472,1.5699357986450195,1.7339396476745605,1.6542067527770996,1.917297124862671,1.8103572130203247,1.6764612197875977,1.6747230291366577,1.669636845588684,1.6964797973632812,2.3738303184509277,2.4493026733398438,2.140742063522339,2.2241005897521973,1.9548190832138062,2.107661008834839,1.969075083732605,2.1534154415130615,2.1320056915283203,2.422069787979126,2.3924970626831055,2.2865540981292725,2.3422911167144775,2.333697557449341,2.3948333263397217
A14,2.05403470993042,2.003465175628662,1.811786413192749,1.6325286626815796,1.3188151121139526,1.2958282232284546,1.0036965608596802,1.1757164001464844,1.0458391904830933,1.233635663986206,0.932012140750885,0.5961712002754211,0.38285523653030396,0.0,0.38536638021469116,1.6586443185806274,1.8065369129180908,1.6136125326156616,1.5289087295532227,1.174758791923523,1.2312214374542236,0.9686822295188904,1.1916872262954712,1.1003882884979248,1.3612862825393677,1.1444004774093628,0.843711793422699,0.7459840178489685,0.5998015403747559,0.6845394968986511,1.6131919622421265,1.816376805305481,1.5618423223495483,1.5558117628097534,1.2215979099273682,1.3477513790130615,1.1566035747528076,1.3894667625427246,1.3522120714187622,1.652311086654663,1.515798568725586,1.2775397300720215,1.253153920173645,1.1462199687957764,1.186666488647461,1.7337744235992432,1.927111029624939,1.6433632373809814,1.7090753316879272,1.4316506385803223,1.5972192287445068,1.4739484786987305,1.698739767074585,1.7008705139160156,2.0162651538848877,1.9335763454437256,1.7503643035888672,1.769826054573059,1.6925501823425293,1.7350952625274658,2.0908923149108887,2.1553332805633545,1.854695439338684,1.9764198064804077,1.7526291608810425,1.9443670511245728,1.8729602098464966,2.0905704498291016,2.1377809047698975,2.463414430618286,2.463961362838745,2.3271658420562744,2.418292284011841,2.3739476203918457,2.4666025638580322
A15,2.1566009521484375,2.1630303859710693,2.0040314197540283,1.8833369016647339,1.5704632997512817,1.6102851629257202,1.3295140266418457,1.5213525295257568,1.3704590797424316,1.5449602603912354,1.2154860496520996,0.9212668538093567,0.6062236428260803,0.38536638021469116,0.0,1.715775966644287,1.9223278760910034,1.7883564233779907,1.7714159488677979,1.4483611583709717,1.569150686264038,1.339859962463379,1.5758715867996216,1.473506212234497,1.7098740339279175,1.4578652381896973,1.1705445051193237,0.972995936870575,0.7885876297950745,0.6623161435127258,1.6416007280349731,1.9100940227508545,1.7138378620147705,1.775721788406372,1.4839783906936646,1.6702170372009277,1.5090384483337402,1.7629021406173706,1.7179721593856812,2.0014455318450928,1.8251278400421143,1.5708537101745605,1.4674041271209717,1.3134007453918457,1.2414497137069702,1.7309740781784058,1.9882601499557495,1.7616761922836304,1.8936759233474731,1.658596158027649,1.8813281059265137,1.7833746671676636,2.0395326614379883,2.0392491817474365,2.3500473499298096,2.229570150375366,2.016568183898926,1.9764994382858276,1.8506594896316528,1.8200762271881104,2.070526599884033,2.1915197372436523,1.9416310787200928,2.125624179840088,1.9431569576263428,2.1863203048706055,2.1418936252593994,2.395242214202881,2.4492733478546143,2.7842772006988525,2.756624698638916,2.5868043899536133,2.6437313556671143,2.5533342361450195,2.6075658798217773
B1,0.668936550617218,0.7030574083328247,0.8620889782905579,1.0227465629577637,1.0704870223999023,1.4371551275253296,1.57801353931427,1.9583760499954224,2.149336099624634,2.5002646446228027,2.3864691257476807,2.0311152935028076,2.0211775302886963,1.6586443185806274,1.715775966644287,0.0,0.3848876655101776,0.5427089929580688,0.8909468054771423,1.009074091911316,1.3921574354171753,1.6035329103469849,1.9666240215301514,2.202298879623413,2.572829484939575,2.526175022125244,2.2060093879699707,2.2426323890686035,1.942873239517212,2.0152640342712402,0.617233395576477,0.7563670873641968,0.6723856925964355,1.0302809476852417,1.164459466934204,1.5019639730453491,1.7431813478469849,2.0650036334991455,2.3272182941436768,2.71111798286438,2.7293715476989746,2.4576961994171143,2.552122116088867,2.308044195175171,2.4134342670440674,1.2585477828979492,1.2483551502227783,1.0907511711120605,1.3570762872695923,1.4699738025665283,1.7326329946517944,1.970070481300354,2.2339556217193604,2.506211757659912,2.890078544616699,2.959712028503418,2.74269700050354,2.885756254196167,2.7006916999816895,2.839843511581421,1.9172941446304321,1.7885648012161255,1.5922907590866089,1.7867602109909058,1.8626002073287964,2.054009437561035,2.2673048973083496,2.4627742767333984,2.74239444732666,3.0935218334198,3.250607490539551,3.1012513637542725,3.3358070850372314,3.254007577896118,3.469987154006958
B2,0.7449480891227722,0.577243983745575,0.8223019242286682,0.9212096333503723,1.0891088247299194,1.42314875125885,1.6266337633132935,1.9868669509887695,2.2166361808776855,2.553853750228882,2.4680745601654053,2.1253881454467773,2.1553802490234375,1.8065369129180908,1.9223278760910034,0.3848876655101776,0.0,0.38595443964004517,0.6884230375289917,0.9396565556526184,1.2939146757125854,1.568720817565918,1.916487455368042,2.192683219909668,2.55442476272583,2.5365524291992188,2.2236595153808594,2.2977705001831055,2.0032894611358643,2.1263935565948486,0.6333936452865601,0.5459030866622925,0.45137444138526917,0.7825008034706116,1.0223116874694824,1.3321136236190796,1.6348743438720703,1.94370698928833,2.246807813644409,2.6244256496429443,2.67264723777771,2.4081149101257324,2.5389721393585205,2.2992353439331055,2.451021194458008,1.2220982313156128,1.0947434902191162,0.916939914226532,1.1251680850982666,1.2951239347457886,1.52049720287323,1.8078038692474365,2.053619623184204,2.3645477294921875,2.742985248565674,2.8445637226104736,2.636181592941284,2.8149898052215576,2.6373465061187744,2.8188936710357666,1.8536170721054077,1.6543759107589722,1.4413576126098633,1.5748566389083862,1.6751623153686523,1.8212884664535522,2.06644868850708,2.2346913814544678,2.5447800159454346,2.884946823120117,3.071396589279175,2.933295249938965,3.1982853412628174,3.1308231353759766,3.378939390182495
B3,0.7140612602233887,0.4635275900363922,0.5300126075744629,0.5447899699211121,0.7174639701843262,1.0438966751098633,1.274462342262268,1.626664161682129,1.8800033330917358,2.223918914794922,2.1749560832977295,1.8478634357452393,1.931492567062378,1.6136125326156616,1.7883564233779907,0.5427089929580688,0.38595443964004517,0.0,0.38442516326904297,0.6144288182258606,0.9557859301567078,1.248375654220581,1.5807101726531982,1.8742687702178955,2.2424473762512207,2.260632276535034,1.9732855558395386,2.096085786819458,1.8466804027557373,2.019737958908081,0.8733366131782532,0.805533230304718,0.5088106393814087,0.6999412775039673,0.8391225934028625,1.0917119979858398,1.3804322481155396,1.6579554080963135,1.9647278785705566,2.343348503112793,2.423319101333618,2.1911914348602295,2.360135555267334,2.1686508655548096,2.3545050621032715,1.4250563383102417,1.3159451484680176,1.0399926900863647,1.1556981801986694,1.2234781980514526,1.3838633298873901,1.6287152767181396,1.8337458372116089,2.132479190826416,2.504905939102173,2.6309757232666016,2.4594833850860596,2.6643567085266113,2.5351414680480957,2.737382173538208,2.03899884223938,1.8489068746566772,1.571655511856079,1.6505510807037354,1.665576457977295,1.7654147148132324,1.9544366598129272,2.0849156379699707,2.367025136947632,2.6931748390197754,2.893366813659668,2.7916903495788574,3.0640883445739746,3.038161277770996,3.2895543575286865
B4,1.061403751373291,0.7503268122673035,0.7057167887687683,0.4792238175868988,0.6671134233474731,0.8666623830795288,1.1144386529922485,1.4226367473602295,1.6918182373046875,2.0052661895751953,1.9795219898223877,1.6781703233718872,1.8065966367721558,1.5289087295532227,1.7714159488677979,0.8909468054771423,0.6884230375289917,0.38442516326904297,0.0,0.3869036138057709,0.6426368951797485,0.9762213826179504,1.2839574813842773,1.600996971130371,1.9533559083938599,1.9964745044708252,1.7276729345321655,1.8947117328643799,1.6785885095596313,1.91197669506073,1.0474814176559448,0.9128378033638,0.5444081425666809,0.4839456379413605,0.5647578239440918,0.7335397601127625,1.049767255783081,1.3054887056350708,1.6349201202392578,2.0054948329925537,2.1103672981262207,1.8973121643066406,2.1053855419158936,1.9458669424057007,2.180081844329834,1.4705723524093628,1.331687569618225,0.9906762838363647,0.9778976440429688,0.9759118556976318,1.0569705963134766,1.29237961769104,1.4666805267333984,1.776492714881897,2.142232894897461,2.2911434173583984,2.141535997390747,2.3780059814453125,2.282010078430176,2.5203857421875,2.0171947479248047,1.8100206851959229,1.4827853441238403,1.4818894863128662,1.434010624885559,1.47573721408844,1.6329246759414673,1.7306592464447021,2.006336212158203,2.3221206665039062,2.5360817909240723,2.45639967918396,2.744338274002075,2.7487452030181885,3.016719102859497
B5,1.2275962829589844,1.0016382932662964,0.8338043689727783,0.5532068014144897,0.484391987323761,0.6105008125305176,0.7666484713554382,1.0887525081634521,1.3263280391693115,1.6429507732391357,1.6003148555755615,1.2938220500946045,1.432360053062439,1.174758791923523,1.4483611583709717,1.009074091911316,0.9396565556526184,0.6144288182258606,0.3869036138057709,0.0,0.38618409633636475,0.6354473233222961,0.9793061017990112,1.2629669904708862,1.6287885904312134,1.654600739479065,1.3851289749145508,1.5569722652435303,1.3690606355667114,1.6169613599777222,1.1492645740509033,1.1233395338058472,0.7397778034210205,0.6623595952987671,0.48037052154541016,0.6242351531982422,0.8180853128433228,1.0852938890457153,1.3660656213760376,1.7472975254058838,1.8305236101150513,1.6228779554367065,1.8231745958328247,1.692460060119629,1.9206624031066895,1.525660753250122,1.4736340045928955,1.106488823890686,1.0940686464309692,0.9592981338500977,1.0405287742614746,1.167453408241272,1.345086693763733,1.593417763710022,1.9623520374298096,2.082094192504883,1.9405277967453003,2.157177686691284,2.085704803466797,2.3046624660491943,2.0506927967071533,1.9034135341644287,1.5525527000427246,1.5685542821884155,1.4404752254486084,1.5046805143356323,1.582627534866333,1.6963151693344116,1.9118597507476807,2.232952833175659,2.4114813804626465,2.335373640060425,2.5925416946411133,2.6063883304595947,2.8462071418762207
B6,1.5405843257904053,1.2865288257598877,1.0676519870758057,0.7081196904182434,0.6291407346725464,0.48929914832115173,0.6421031355857849,0.8523960113525391,1.1214816570281982,1.3989801406860352,1.41908597946167,1.1738837957382202,1.3966875076293945,1.2312214374542236,1.569150686264038,1.3921574354171753,1.2939146757125854,0.9557859301567078,0.6426368951797485,0.38618409633636475,0.0,0.3801332116127014,0.6423971056938171,0.9761368036270142,1.3259226083755493,1.41591477394104,1.2042845487594604,1.4578777551651,1.3558685779571533,1.6688501834869385,1.503165602684021,1.441203236579895,1.061592936515808,0.8619319200515747,0.6061095595359802,0.48134472966194153,0.5909301042556763,0.7569501399993896,1.0571367740631104,1.4256463050842285,1.5646398067474365,1.4149746894836426,1.6784785985946655,1.6236587762832642,1.9033528566360474,1.801805019378662,1.733324646949768,1.3505395650863647,1.2361423969268799,1.0205847024917603,0.9623368382453918,1.0011193752288818,1.0847711563110352,1.312281608581543,1.6586710214614868,1.819148063659668,1.7347646951675415,1.9931806325912476,1.9893772602081299,2.243218421936035,2.2571611404418945,2.105062246322632,1.7300071716308594,1.671610713005066,1.4718159437179565,1.4546059370040894,1.4537285566329956,1.4992609024047852,1.6701124906539917,1.9592547416687012,2.1560750007629395,2.1296660900115967,2.3986172676086426,2.466433525085449,2.716141939163208
B7,1.8079204559326172,1.6029671430587769,1.3596247434616089,1.0282690525054932,0.8248782157897949,0.599682629108429,0.5013678669929504,0.6295421123504639,0.8087080717086792,1.0566233396530151,1.0454498529434204,0.81253981590271,1.0629403591156006,0.9686822295188904,1.339859962463379,1.6035329103469849,1.568720817565918,1.248375654220581,0.9762213826179504,0.6354473233222961,0.3801332116127014,0.0,0.37747931480407715,0.6288280487060547,0.9941838979721069,1.0529801845550537,0.8467962741851807,1.121529459953308,1.0829613208770752,1.415901780128479,1.6668390035629272,1.667955994606018,1.3034765720367432,1.1167935132980347,0.770473062992096,0.634588360786438,0.4844946265220642,0.617180585861206,0.798539936542511,1.171635627746582,1.2709884643554688,1.1330984830856323,1.3861901760101318,1.3796136379241943,1.652208685874939,1.8951923847198486,1.8919812440872192,1.5134869813919067,1.4057973623275757,1.1110042333602905,1.0591260194778442,0.9628462195396423,1.0408977270126343,1.160593032836914,1.4954466819763184,1.6066758632659912,1.5325456857681274,1.7597546577453613,1.7882871627807617,2.017307758331299,2.300260305404663,2.2032887935638428,1.8252863883972168,1.7810323238372803,1.5231834650039673,1.5299980640411377,1.44806706905365,1.5139884948730469,1.6051799058914185,1.891626000404358,2.0341856479644775,2.0070760250091553,2.232022523880005,2.3070380687713623,2.5211517810821533
B8,2.114758253097534,1.8983057737350464,1.627617359161377,1.2786505222320557,1.0916171073913574,0.763212263584137,0.6425713300704956,0.5215768218040466,0.6862501502037048,0.8377135396003723,0.9373177289962769,0.8386972546577454,1.1679712533950806,1.1916872262954712,1.5758715867996216,1.9666240215301514,1.916487455368042,1.5807101726531982,1.2839574813842773,0.9793061017990112,0.6423971056938171,0.37747931480407715,0.0,0.379133939743042,0.7043114304542542,0.8830713629722595,0.8116280436515808,1.168450951576233,1.246467113494873,1.6049212217330933,2.03810715675354,2.0182223320007324,1.6531010866165161,1.4265058040618896,1.0918474197387695,0.849688708782196,0.6158609986305237,0.4960269629955292,0.5905771255493164,0.9101603627204895,1.0901672840118408,1.0635697841644287,1.3746178150177002,1.4689602851867676,1.7692127227783203,2.2375152111053467,2.222263813018799,1.84258234500885,1.6859400272369385,1.3685312271118164,1.225379467010498,1.0454075336456299,0.9935009479522705,1.0292173624038696,1.2990059852600098,1.4506648778915405,1.4638322591781616,1.7211707830429077,1.8322383165359497,2.079983949661255,2.596489429473877,2.498197078704834,2.1143298149108887,2.0234639644622803,1.7276036739349365,1.6701829433441162,1.515040636062622,1.5054278373718262,1.5207421779632568,1.7488614320755005,1.8981496095657349,1.9346728324890137,2.156029224395752,2.2914950847625732,2.5025901794433594
B9,2.397951602935791,2.213595390319824,1.938592791557312,1.6102778911590576,1.3718162775039673,1.05918288230896,0.818108081817627,0.612497091293335,0.5457783937454224,0.5441955327987671,0.6089596152305603,0.620701253414154,0.9611269235610962,1.1003882884979248,1.473506212234497,2.202298879623413,2.192683219909668,1.8742687702178955,1.600996971130371,1.2629669904708862,0.9761368036270142,0.6288280487060547,0.379133939743042,0.0,0.3813421130180359,0.5319634675979614,0.5553260445594788,0.9284171462059021,1.1117998361587524,1.4588093757629395,2.233693838119507,2.2577035427093506,1.9094425439834595,1.6991333961486816,1.3325798511505127,1.1248081922531128,0.8012300133705139,0.6695712804794312,0.5153588056564331,0.7562325596809387,0.8610219359397888,0.8835135698318481,1.159555196762085,1.3256670236587524,1.5986453294754028,2.3741657733917236,2.409095287322998,2.043212413787842,1.9004443883895874,1.5489211082458496,1.430165410041809,1.1720794439315796,1.1256303787231445,1.0305001735687256,1.24802827835083,1.3214116096496582,1.3536235094070435,1.5562357902526855,1.7066783905029297,1.91488778591156,2.681549072265625,2.631898880004883,2.257328987121582,2.1833550930023193,1.8570955991744995,1.826957106590271,1.6166026592254639,1.6314207315444946,1.567988395690918,1.7794468402862549,1.8570127487182617,1.8898309469223022,2.050239086151123,2.1895945072174072,2.353330135345459
B10,2.777627468109131,2.5849294662475586,2.311367988586426,1.9750272035598755,1.7488369941711426,1.4223846197128296,1.1862820386886597,0.924907922744751,0.7837182879447937,0.5639075040817261,0.6660630702972412,0.8437405228614807,1.1414364576339722,1.3612862825393677,1.7098740339279175,2.572829484939575,2.55442476272583,2.2424473762512207,1.9533559083938599,1.6287885904312134,1.3259226083755493,0.9941838979721069,0.7043114304542542,0.3813421130180359,0.0,0.3852999210357666,0.6411877870559692,0.9917322993278503,1.268941044807434,1.604584813117981,2.568746328353882,2.5856802463531494,2.2490925788879395,2.0136871337890625,1.648073673248291,1.4076982736587524,1.0556752681732178,0.8397971987724304,0.5324932336807251,0.548069953918457,0.6563202738761902,0.828406810760498,1.1037966012954712,1.3685904741287231,1.6404060125350952,2.651411533355713,2.6905648708343506,2.334306240081787,2.1619815826416016,1.7939198017120361,1.6367124319076538,1.3206894397735596,1.2077199220657349,0.9948528409004211,1.098261833190918,1.1440386772155762,1.2586138248443604,1.4460238218307495,1.6748220920562744,1.877236008644104,2.892688274383545,2.8580777645111084,2.489222288131714,2.3872570991516113,2.033137798309326,1.9730809926986694,1.7020269632339478,1.6809723377227783,1.5286504030227661,1.6778939962387085,1.7108579874038696,1.7855985164642334,1.9049830436706543,2.088920831680298,2.225884199142456
B11,2.8134725093841553,2.642307758331299,2.3942387104034424,2.076699733734131,1.8263399600982666,1.5556461811065674,1.275571346282959,1.0979642868041992,0.8865387439727783,0.6875180006027222,0.5489227175712585,0.7027063369750977,0.8908896446228027,1.1444004774093628,1.4578652381896973,2.526175022125244,2.5365524291992188,2.260632276535034,1.9964745044708252,1.654600739479065,1.41591477394104,1.0529801845550537,0.8830713629722595,0.5319634675979614,0.3852999210357666,0.0,0.3661748766899109,0.6402893662452698,0.9667734503746033,1.2741318941116333,2.4574103355407715,2.5133047103881836,2.2062506675720215,1.9969547986984253,1.6160343885421753,1.4411832094192505,1.0636506080627441,0.9596060514450073,0.6262356042861938,0.6766551733016968,0.5441734194755554,0.61424720287323,0.7854143381118774,1.0595780611038208,1.2903128862380981,2.4766359329223633,2.5625035762786865,2.2302591800689697,2.0887136459350586,1.7097927331924438,1.616448163986206,1.2841747999191284,1.2629470825195312,1.02778160572052,1.1650218963623047,1.085091233253479,1.1125457286834717,1.2102820873260498,1.4078220129013062,1.5590243339538574,2.6739144325256348,2.684583902359009,2.334775924682617,2.268944501876831,1.9121474027633667,1.9129706621170044,1.6414783000946045,1.6985807418823242,1.5455747842788696,1.74043607711792,1.7025429010391235,1.7040992975234985,1.7685297727584839,1.896053671836853,1.9915223121643066
B12,2.5436906814575195,2.378432273864746,2.1590075492858887,1.8562597036361694,1.6082204580307007,1.395520806312561,1.1230053901672363,1.0582973957061768,0.8954213857650757,0.8503043055534363,0.6173718571662903,0.5578052401542664,0.6765725612640381,0.843711793422699,1.1705445051193237,2.2060093879699707,2.2236595153808594,1.9732855558395386,1.7276729345321655,1.3851289749145508,1.2042845487594604,0.8467962741851807,0.8116280436515808,0.5553260445594788,0.6411877870559692,0.3661748766899109,0.0,0.38669103384017944,0.6285781860351562,0.9699784517288208,2.105168342590332,2.1757609844207764,1.8833236694335938,1.6963937282562256,1.3126851320266724,1.1982522010803223,0.8332890868186951,0.8605996370315552,0.6297656297683716,0.8398216962814331,0.6810153126716614,0.5313196182250977,0.6648303866386414,0.8150760531425476,1.053267478942871,2.1164886951446533,2.2159695625305176,1.8903977870941162,1.7772257328033447,1.4034035205841064,1.3701605796813965,1.0719135999679565,1.151218295097351,1.000740647315979,1.2416956424713135,1.15292489528656,1.0664887428283691,1.1548631191253662,1.2527649402618408,1.403347134590149,2.3332667350769043,2.348515748977661,2.0015833377838135,1.9673749208450317,1.6278460025787354,1.6795008182525635,1.455133318901062,1.5782023668289185,1.4981056451797485,1.7616626024246216,1.7377136945724487,1.6736350059509277,1.7619242668151855,1.8259536027908325,1.940830945968628
B13,2.6550540924072266,2.5222017765045166,2.3328335285186768,2.0650479793548584,1.803490400314331,1.6547503471374512,1.3654818534851074,1.361434817314148,1.1611937284469604,1.1219974756240845,0.7889400720596313,0.6921401619911194,0.5760215520858765,0.7459840178489685,0.972995936870575,2.2426323890686035,2.2977705001831055,2.096085786819458,1.8947117328643799,1.5569722652435303,1.4578777551651,1.121529459953308,1.168450951576233,0.9284171462059021,0.9917322993278503,0.6402893662452698,0.38669103384017944,0.0,0.3851657807826996,0.6392160058021545,2.0753581523895264,2.1959316730499268,1.9498414993286133,1.8094762563705444,1.4390721321105957,1.4118624925613403,1.0804059505462646,1.190122365951538,0.9800511598587036,1.1526473760604858,0.8913570642471313,0.6628108620643616,0.5513253211975098,0.6170274019241333,0.7352496981620789,2.0129165649414062,2.1733341217041016,1.8903088569641113,1.827489972114563,1.469164490699768,1.5188466310501099,1.242931842803955,1.3996975421905518,1.2500581741333008,1.4835028648376465,1.3056398630142212,1.1391690969467163,1.100878357887268,1.119194507598877,1.1718982458114624,2.1753127574920654,2.2514872550964355,1.9403852224349976,1.9602223634719849,1.6395014524459839,1.7653865814208984,1.5625935792922974,1.7565973997116089,1.6828246116638184,1.9668105840682983,1.882822871208191,1.752236247062683,1.7771053314208984,1.7668815851211548,1.8249666690826416
