,A1,A2,A3,A4,A5,A6,A7,A8,A9,A10,A11,A12,A13,A14,A15,B1,B2,B3,B4,B5,B6,B7,B8,B9,B10,B11,B12,B13,B14,B15,C1,C2,C3,C4,C5,C6,C7,C8,C9,C10,C11,C12,C13,C14,C15,D1,D2,D3,D4,D5,D6,D7,D8,D9,D10,D11,D12,D13,D14,D15,E1,E2,E3,E4,E5,E6,E7,E8,E9,E10,E11,E12,E13,E14,E15
A1,0.0,0.3906991481781006,0.5888822674751282,0.9521751403808594,1.1274824142456055,1.5032042264938354,1.7491233348846436,2.120020627975464,2.3949294090270996,2.753264904022217,2.6983120441436768,2.3737521171569824,2.334695816040039,1.9850835800170898,1.8854961395263672,0.6282588839530945,0.7519506812095642,0.7062732577323914,1.0423293113708496,1.230968952178955,1.539215087890625,1.8068190813064575,2.1368248462677,2.432457447052002,2.8064393997192383,2.8012542724609375,2.504342794418335,2.516653060913086,2.21267032623291,2.1652209758758545,1.3067964315414429,1.333971381187439,1.1637694835662842,1.3678725957870483,1.5044806003570557,1.7234805822372437,1.9716721773147583,2.2415082454681396,2.537325620651245,2.913853168487549,2.9570424556732178,2.7038586139678955,2.760544776916504,2.5126678943634033,2.5118000507354736,1.9259593486785889,1.9207344055175781,1.696351408958435,1.803227424621582,1.8839794397354126,2.0263075828552246,2.2353265285491943,2.4399492740631104,2.718822717666626,3.0836806297302246,3.166844367980957,2.9689667224884033,3.058220863342285,2.866053342819214,2.9018852710723877,2.551769971847534,2.51562237739563,2.2412056922912598,2.3165717124938965,2.3324029445648193,2.4194769859313965,2.581664562225342,2.71669864654541,2.97058367729187,3.2994072437286377,3.449350595474243,3.301783561706543,3.4642860889434814,3.3305492401123047,3.457479476928711
A2,0.3906991481781006,0.0,0.3779749274253845,0.6733784675598145,0.9448147416114807,1.295180082321167,1.5870743989944458,1.94089674949646,2.24006986618042,2.5841944217681885,2.5550308227539062,2.2468974590301514,2.243802785873413,1.8909910917282104,1.841538667678833,0.6631510853767395,0.5632017254829407,0.4453965127468109,0.7213541865348816,0.977587878704071,1.2570267915725708,1.571056604385376,1.8884094953536987,2.212136745452881,2.5792720317840576,2.6021945476531982,2.320178985595703,2.3702478408813477,2.0648932456970215,2.0655038356781006,1.2585632801055908,1.1732884645462036,0.9635482430458069,1.0846439599990845,1.2372798919677734,1.41317617893219,1.6936695575714111,1.946653127670288,2.2693746089935303,2.6419761180877686,2.714501142501831,2.4765591621398926,2.571484327316284,2.326666831970215,2.3715591430664062,1.8514106273651123,1.770828366279602,1.519425630569458,1.5548332929611206,1.6249134540557861,1.7179017066955566,1.9394084215164185,2.1196932792663574,2.419577121734619,2.780151128768921,2.892331123352051,2.712085485458374,2.8376309871673584,2.6553561687469482,2.733637571334839,2.4610002040863037,2.3689703941345215,2.072619676589966,2.09029221534729,2.0845179557800293,2.124709367752075,2.2828986644744873,2.3872833251953125,2.651078224182129,2.9696757793426514,3.1446189880371094,3.0152320861816406,3.2073073387145996,3.0918819904327393,3.254146099090576
A3,0.5888822674751282,0.3779749274253845,0.0,0.3772173225879669,0.6132145524024963,0.9562280774116516,1.256451964378357,1.6041396856307983,1.9146171808242798,2.2695162296295166,2.2686879634857178,1.9785159826278687,2.017725944519043,1.6909279823303223,1.7007653713226318,0.9298842549324036,0.8391402959823608,0.5491580367088318,0.6793150901794434,0.8081629872322083,1.0306569337844849,1.3184831142425537,1.611744999885559,1.9334150552749634,2.3061575889587402,2.353695869445801,2.0973737239837646,2.183140993118286,1.9165608882904053,1.9661750793457031,1.5044944286346436,1.4125292301177979,1.1234239339828491,1.1621930599212646,1.1999377012252808,1.3112165927886963,1.534012794494629,1.7478398084640503,2.0506606101989746,2.4199912548065186,2.5106866359710693,2.3032960891723633,2.4235637187957764,2.223968982696533,2.304553747177124,2.0665431022644043,1.9823908805847168,1.6816291809082031,1.6720688343048096,1.6554254293441772,1.7038912773132324,1.8597140312194824,2.0004076957702637,2.2660176753997803,2.614177942276001,2.7354602813720703,2.586841583251953,2.7256221771240234,2.5890915393829346,2.689929723739624,2.6481988430023193,2.555894136428833,2.228090286254883,2.2203752994537354,2.1488382816314697,2.1672091484069824,2.2636168003082275,2.3397932052612305,2.558544874191284,2.859893798828125,3.0330395698547363,2.934420108795166,3.12577748298645,3.0504400730133057,3.2201356887817383
A4,0.9521751403808594,0.6733784675598145,0.3772173225879669,0.0,0.3824237585067749,0.6470794081687927,0.9853297472000122,1.3052159547805786,1.6323565244674683,1.9707516431808472,1.9978930950164795,1.7339844703674316,1.8206813335418701,1.5147782564163208,1.5969096422195435,1.1572047472000122,0.9816300272941589,0.6305717825889587,0.5246869325637817,0.5638881325721741,0.6857125163078308,0.9946029782295227,1.2625495195388794,1.6030527353286743,1.969200611114502,2.045910596847534,1.8157703876495361,1.9478495121002197,1.7066514492034912,1.8203016519546509,1.617529034614563,1.464752435684204,1.1295777559280396,1.0477651357650757,1.002143383026123,1.0215405225753784,1.2203046083450317,1.395886778831482,1.7050435543060303,2.0682358741760254,2.1856882572174072,2.0059962272644043,2.166553258895874,1.9971920251846313,2.1307787895202637,2.113278388977051,1.9848787784576416,1.6501795053482056,1.5653988122940063,1.4801099300384521,1.4622831344604492,1.575275182723999,1.6736513376235962,1.9291682243347168,2.26636004447937,2.40834641456604,2.288790464401245,2.4582533836364746,2.355797529220581,2.4981114864349365,2.6475141048431396,2.522688627243042,2.170639991760254,2.110774040222168,1.9829128980636597,1.9579594135284424,2.0072860717773438,2.0475542545318604,2.2409183979034424,2.5256125926971436,2.7087929248809814,2.637831449508667,2.8451387882232666,2.8047659397125244,3.0001118183135986
A5,1.1274824142456055,0.9448147416114807,0.6132145524024963,0.3824237585067749,0.0,0.3864727020263672,0.645330011844635,1.001628041267395,1.3026419878005981,1.656761646270752,1.6652034521102905,1.3942632675170898,1.4876432418823242,1.2056152820587158,1.323135256767273,1.3011295795440674,1.1993972063064575,0.8238921165466309,0.7102504372596741,0.5134205222129822,0.5967816710472107,0.771914541721344,1.0487701892852783,1.3443703651428223,1.7206586599349976,1.774125576019287,1.5442863702774048,1.6728354692459106,1.4680567979812622,1.598419189453125,1.731382966041565,1.6280161142349243,1.2600443363189697,1.1812673807144165,1.018379807472229,1.0337104797363281,1.116999626159668,1.285428524017334,1.5320935249328613,1.8943570852279663,1.9819494485855103,1.807443380355835,1.9513298273086548,1.8206276893615723,1.9534622430801392,2.189429521560669,2.100194215774536,1.7408051490783691,1.6699031591415405,1.5139297246932983,1.5122880935668945,1.5441282987594604,1.643459677696228,1.8340299129486084,2.1630775928497314,2.2687454223632812,2.1531879901885986,2.2953267097473145,2.2251336574554443,2.353851795196533,2.6897854804992676,2.59875226020813,2.233548641204834,2.19219708442688,2.019286870956421,2.0232560634613037,2.017185688018799,2.0741610527038574,2.210993528366089,2.493267059326172,2.63503360748291,2.56571888923645,2.737318277359009,2.7143166065216064,2.884098529815674
A6,1.5032042264938354,1.295180082321167,0.9562280774116516,0.6470794081687927,0.3864727020263672,0.0,0.3826133906841278,0.6613538265228271,1.0034685134887695,1.3473914861679077,1.4241197109222412,1.2163819074630737,1.4016531705856323,1.1944586038589478,1.4127589464187622,1.669408917427063,1.5322940349578857,1.15898859500885,0.9488780498504639,0.6864725351333618,0.5260078310966492,0.5860876441001892,0.745559811592102,1.0487878322601318,1.4154402017593384,1.5297894477844238,1.366673469543457,1.571250081062317,1.440273404121399,1.6519250869750977,2.0450823307037354,1.9084086418151855,1.5329253673553467,1.3752750158309937,1.1425551176071167,1.0329718589782715,1.0169038772583008,1.0754927396774292,1.286558747291565,1.6234582662582397,1.7560930252075195,1.6460464000701904,1.8444955348968506,1.782556176185608,1.9767475128173828,2.450438976287842,2.3329615592956543,1.9611365795135498,1.831925392150879,1.6134669780731201,1.5351701974868774,1.4869842529296875,1.5052036046981812,1.6449470520019531,1.93728506565094,2.0698864459991455,2.0121009349823,2.1884074211120605,2.1811513900756836,2.353961229324341,2.902583360671997,2.7894062995910645,2.412841320037842,2.32681941986084,2.1003546714782715,2.0572667121887207,1.9841248989105225,1.9868522882461548,2.0664103031158447,2.3088386058807373,2.457897663116455,2.4379749298095703,2.6208231449127197,2.6532294750213623,2.845792531967163
A7,1.7491233348846436,1.5870743989944458,1.256451964378357,0.9853297472000122,0.645330011844635,0.3826133906841278,0.0,0.3842697739601135,0.6582592129707336,1.0201172828674316,1.0667824745178223,0.8620044589042664,1.077409029006958,0.939666748046875,1.2159029245376587,1.8631715774536133,1.7695058584213257,1.4012311697006226,1.2031450271606445,0.8612625002861023,0.7004014253616333,0.5218170881271362,0.6242445707321167,0.8066262006759644,1.1712071895599365,1.2468788623809814,1.0966278314590454,1.3013198375701904,1.238160490989685,1.473469614982605,2.185854196548462,2.0857725143432617,1.703857421875,1.5549969673156738,1.255445957183838,1.1553187370300293,1.0162445306777954,1.0532783269882202,1.153959035873413,1.4685816764831543,1.5535454750061035,1.4568004608154297,1.6311115026474,1.624536395072937,1.8176331520080566,2.538010358810425,2.4525718688964844,2.073383092880249,1.9580167531967163,1.6901073455810547,1.631858229637146,1.5073306560516357,1.5277297496795654,1.5828852653503418,1.8519117832183838,1.9328325986862183,1.8809373378753662,2.020720958709717,2.052870512008667,2.2095587253570557,2.9418952465057373,2.8583555221557617,2.4799394607543945,2.4102232456207275,2.1495795249938965,2.1354734897613525,2.01233172416687,2.035189390182495,2.053302526473999,2.2869532108306885,2.382551908493042,2.362056016921997,2.5001702308654785,2.5507748126983643,2.712940216064453
A8,2.120020627975464,1.94089674949646,1.6041396856307983,1.3052159547805786,1.001628041267395,0.6613538265228271,0.3842697739601135,0.0,0.375000536441803,0.7089465856552124,0.8753247857093811,0.8080392479896545,1.1273458003997803,1.108860731124878,1.4446109533309937,2.2366225719451904,2.1209495067596436,1.7549257278442383,1.5176043510437012,1.179174542427063,0.9278039336204529,0.6710497736930847,0.5299845337867737,0.5996009111404419,0.9094783663749695,1.0674035549163818,1.0369151830673218,1.3171312808990479,1.3543590307235718,1.6472957134246826,2.5287108421325684,2.4074110984802246,2.027885913848877,1.8365075588226318,1.5127969980239868,1.3380460739135742,1.122633695602417,1.0315037965774536,1.0358526706695557,1.2793506383895874,1.4070333242416382,1.403483271598816,1.6243451833724976,1.7008192539215088,1.941411018371582,2.84155535697937,2.737170457839966,2.357027530670166,2.2040233612060547,1.90103280544281,1.7877471446990967,1.5968468189239502,1.5372155904769897,1.5156735181808472,1.71937096118927,1.8171157836914062,1.8357082605361938,2.0000178813934326,2.1022257804870605,2.2937088012695312,3.2022478580474854,3.1034834384918213,2.7234973907470703,2.6211354732513428,2.3241069316864014,2.2731738090515137,2.0922136306762695,2.065483331680298,2.0162627696990967,2.195981740951538,2.2866804599761963,2.3200440406799316,2.45863676071167,2.5673933029174805,2.7439000606536865
A9,2.3949294090270996,2.24006986618042,1.9146171808242798,1.6323565244674683,1.3026419878005981,1.0034685134887695,0.6582592129707336,0.375000536441803,0.0,0.3807799220085144,0.5350943207740784,0.571940541267395,0.9346957802772522,1.0414600372314453,1.4030327796936035,2.464775562286377,2.375239849090576,2.0197343826293945,1.7916409969329834,1.4264321327209473,1.2007673978805542,0.8681246042251587,0.6975787878036499,0.5330724716186523,0.7437884211540222,0.8411075472831726,0.8744353652000427,1.1456273794174194,1.280166506767273,1.5823966264724731,2.704669237136841,2.6090636253356934,2.234431028366089,2.0516395568847656,1.6974705457687378,1.5401456356048584,1.256819248199463,1.1549257040023804,1.0334804058074951,1.2079938650131226,1.2681089639663696,1.297142505645752,1.4823611974716187,1.627166748046875,1.8609004020690918,2.963512659072876,2.8834877014160156,2.5068912506103516,2.365586996078491,2.034374713897705,1.9400238990783691,1.6965073347091675,1.6412159204483032,1.5363296270370483,1.6964508295059204,1.731227993965149,1.7619128227233887,1.8820523023605347,2.0291476249694824,2.2022624015808105,3.2714340686798096,3.1967787742614746,2.8234407901763916,2.733811378479004,2.414760112762451,2.3879833221435547,2.168586492538452,2.1601157188415527,2.053809404373169,2.2157223224639893,2.2467732429504395,2.280669927597046,2.368647813796997,2.497528076171875,2.6408181190490723
A10,2.753264904022217,2.5841944217681885,2.2695162296295166,1.9707516431808472,1.656761646270752,1.3473914861679077,1.0201172828674316,0.7089465856552124,0.3807799220085144,0.0,0.39517828822135925,0.6603098511695862,1.0245474576950073,1.2255245447158813,1.5964806079864502,2.784019947052002,2.680776357650757,2.3365159034729004,2.084115982055664,1.7190731763839722,1.4679739475250244,1.1122143268585205,0.8665270209312439,0.5555716156959534,0.5399144291877747,0.65496826171875,0.8447425365447998,1.1388479471206665,1.3662577867507935,1.6934690475463867,2.966295003890991,2.860311508178711,2.4958088397979736,2.2877280712127686,1.9177131652832031,1.7306535243988037,1.3994399309158325,1.2342737913131714,1.001115083694458,1.0548545122146606,1.0981783866882324,1.219163179397583,1.413989782333374,1.6389333009719849,1.8980075120925903,3.1665546894073486,3.0777952671051025,2.7089688777923584,2.5458579063415527,2.189577579498291,2.0704407691955566,1.7750612497329712,1.6771143674850464,1.4875530004501343,1.5688003301620483,1.5764758586883545,1.6633929014205933,1.7785565853118896,1.9909251928329468,2.181182861328125,3.4145052433013916,3.3340795040130615,2.9687752723693848,2.8594415187835693,2.5136475563049316,2.4717912673950195,2.204524040222168,2.1739349365234375,2.0002171993255615,2.112544536590576,2.1056673526763916,2.174531936645508,2.237299680709839,2.4141061305999756,2.553715229034424
A11,2.6983120441436768,2.5550308227539062,2.2686879634857178,1.9978930950164795,1.6652034521102905,1.4241197109222412,1.0667824745178223,0.8753247857093811,0.5350943207740784,0.39517828822135925,0.0,0.3674304783344269,0.6754633784294128,0.9460134506225586,1.2999590635299683,2.6611688137054443,2.5905706882476807,2.26774525642395,2.043375015258789,1.6644550561904907,1.4802659749984741,1.1016337871551514,0.9645297527313232,0.6360821723937988,0.6547697186470032,0.5125800967216492,0.6033147573471069,0.8078553080558777,1.0768520832061768,1.3761874437332153,2.787635326385498,2.717679977416992,2.3659229278564453,2.190293073654175,1.810577154159546,1.686094880104065,1.3411389589309692,1.2642799615859985,1.015899896621704,1.1027761697769165,1.009056568145752,1.0421046018600464,1.1431879997253418,1.3721632957458496,1.5876753330230713,2.9442005157470703,2.8906257152557373,2.531916379928589,2.404543876647949,2.045785665512085,1.985177755355835,1.6875733137130737,1.6636552810668945,1.4679322242736816,1.5844205617904663,1.5044094324111938,1.5177215337753296,1.556214690208435,1.7490755319595337,1.8896303176879883,3.1586790084838867,3.11212158203125,2.7581255435943604,2.6843581199645996,2.3440918922424316,2.356375217437744,2.0976293087005615,2.1317224502563477,1.9664850234985352,2.121708869934082,2.059009552001953,2.0653865337371826,2.0734920501708984,2.2101635932922363,2.301121711730957
A12,2.3737521171569824,2.2468974590301514,1.9785159826278687,1.7339844703674316,1.3942632675170898,1.2163819074630737,0.8620044589042664,0.8080392479896545,0.571940541267395,0.6603098511695862,0.3674304783344269,0.0,0.37662413716316223,0.5863468050956726,0.9466696977615356,2.3134970664978027,2.2634122371673584,1.9489434957504272,1.753493309020996,1.3714605569839478,1.249495506286621,0.8840262293815613,0.8766604661941528,0.6565545797348022,0.8368386626243591,0.6530293226242065,0.5043673515319824,0.6291144490242004,0.8040547370910645,1.077233076095581,2.44238543510437,2.3932945728302,2.041905164718628,1.8983715772628784,1.5253576040267944,1.4584693908691406,1.1456114053726196,1.1688158512115479,1.0079219341278076,1.2042862176895142,1.0894289016723633,0.995090901851654,1.0499693155288696,1.187345027923584,1.3631623983383179,2.6182897090911865,2.583590507507324,2.2232186794281006,2.1272079944610596,1.7861454486846924,1.7741791009902954,1.519016981124878,1.5668585300445557,1.4421546459197998,1.6391273736953735,1.5555152893066406,1.487575650215149,1.5058430433273315,1.6210525035858154,1.728667974472046,2.8647050857543945,2.833502769470215,2.4769554138183594,2.432546377182007,2.116187810897827,2.164752721786499,1.9509637355804443,2.032538652420044,1.929988145828247,2.1442556381225586,2.0955238342285156,2.0461771488189697,2.0608983039855957,2.135155200958252,2.215242862701416
A13,2.334695816040039,2.243802785873413,2.017725944519043,1.8206813335418701,1.4876432418823242,1.4016531705856323,1.077409029006958,1.1273458003997803,0.9346957802772522,1.0245474576950073,0.6754633784294128,0.37662413716316223,0.0,0.3776874840259552,0.6565746665000916,2.2029519081115723,2.1964516639709473,1.9183886051177979,1.7716025114059448,1.4041023254394531,1.3765873908996582,1.051026463508606,1.1492263078689575,0.9756578803062439,1.145419716835022,0.8719124794006348,0.6127143502235413,0.4871325194835663,0.6187861561775208,0.790167510509491,2.2723124027252197,2.2714056968688965,1.9446107149124146,1.8533265590667725,1.4955521821975708,1.5158225297927856,1.2342242002487183,1.3526798486709595,1.2192519903182983,1.4284621477127075,1.2320901155471802,1.0419988632202148,0.9634640216827393,1.0427501201629639,1.122275710105896,2.4056453704833984,2.4174671173095703,2.075974464416504,2.033097982406616,1.7110073566436768,1.775512456893921,1.549225091934204,1.6777864694595337,1.5743502378463745,1.7983076572418213,1.6534433364868164,1.5069373846054077,1.4410386085510254,1.4974726438522339,1.5267270803451538,2.6246049404144287,2.6366381645202637,2.2977235317230225,2.3030405044555664,2.0107803344726562,2.123974561691284,1.94156014919281,2.0903379917144775,2.015047550201416,2.2659475803375244,2.1780261993408203,2.0649948120117188,2.0309557914733887,2.0444092750549316,2.0675387382507324
A14,1.9850835800170898,1.8909910917282104,1.6909279823303223,1.5147782564163208,1.2056152820587158,1.1944586038589478,0.939666748046875,1.108860731124878,1.0414600372314453,1.2255245447158813,0.9460134506225586,0.5863468050956726,0.3776874840259552,0.0,0.3763220012187958,1.828073501586914,1.821826457977295,1.5529998540878296,1.4270414113998413,1.0739800930023193,1.117157220840454,0.8582278490066528,1.074226975440979,1.027253270149231,1.2839857339859009,1.0617899894714355,0.7238073348999023,0.608567476272583,0.48550480604171753,0.6070463061332703,1.90665864944458,1.9064972400665283,1.575990080833435,1.5073707103729248,1.1669710874557495,1.2444425821304321,1.0297942161560059,1.236955165863037,1.211550235748291,1.4971113204956055,1.339873194694519,1.0822173357009888,1.0228708982467651,0.9677485227584839,1.0230425596237183,2.0795836448669434,2.0889549255371094,1.7397830486297607,1.7155827283859253,1.4201587438583374,1.5215672254562378,1.3591212034225464,1.5423505306243896,1.526556134223938,1.8128656148910522,1.7052680253982544,1.5130420923233032,1.4754794836044312,1.4469494819641113,1.4736779928207397,2.3553104400634766,2.359980821609497,2.011390447616577,2.0303006172180176,1.7674548625946045,1.8966529369354248,1.769983172416687,1.9440032243728638,1.9401205778121948,2.2329905033111572,2.1862852573394775,2.043250799179077,2.049339771270752,2.0135505199432373,2.0588927268981934
A15,1.8854961395263672,1.841538667678833,1.7007653713226318,1.5969096422195435,1.323135256767273,1.4127589464187622,1.2159029245376587,1.4446109533309937,1.4030327796936035,1.5964806079864502,1.2999590635299683,0.9466696977615356,0.6565746665000916,0.3763220012187958,0.0,1.6549491882324219,1.7096542119979858,1.4959977865219116,1.4500224590301514,1.1536078453063965,1.3062164783477783,1.1308146715164185,1.4040517807006836,1.393268346786499,1.647921085357666,1.4029000997543335,1.0483583211898804,0.8357130289077759,0.615034282207489,0.48175302147865295,1.6824195384979248,1.7487009763717651,1.4562978744506836,1.472171664237976,1.1903221607208252,1.372930645942688,1.2363457679748535,1.510306477546692,1.524877667427063,1.8168798685073853,1.6310030221939087,1.3266687393188477,1.18812894821167,1.0407389402389526,0.96208655834198,1.8357517719268799,1.9057670831680298,1.5845640897750854,1.6394575834274292,1.4010541439056396,1.5910991430282593,1.4956918954849243,1.7461678981781006,1.7713590860366821,2.077345371246338,1.9441431760787964,1.6970998048782349,1.6056395769119263,1.4973981380462646,1.439674973487854,2.115790605545044,2.1713294982910156,1.8459067344665527,1.9320509433746338,1.7239491939544678,1.9203779697418213,1.8543133735656738,2.085338592529297,2.1268398761749268,2.448465347290039,2.3873469829559326,2.1931753158569336,2.1726534366607666,2.069629669189453,2.0677666664123535
B1,0.6282588839530945,0.6631510853767395,0.9298842549324036,1.1572047472000122,1.3011295795440674,1.669408917427063,1.8631715774536133,2.2366225719451904,2.464775562286377,2.784019947052002,2.6611688137054443,2.3134970664978027,2.2029519081115723,1.828073501586914,1.6549491882324219,0.0,0.3861483037471771,0.5773267149925232,0.9365360140800476,1.1512421369552612,1.5198500156402588,1.769327163696289,2.13706374168396,2.404050827026367,2.7560830116271973,2.6865053176879883,2.3491580486297607,2.2958645820617676,1.9456900358200073,1.830571174621582,0.6806597113609314,0.7745107412338257,0.6853817105293274,1.0085424184799194,1.2120321989059448,1.5272393226623535,1.7945656776428223,2.1279244422912598,2.415762424468994,2.7880330085754395,2.7729604244232178,2.4694738388061523,2.4709866046905518,2.167501449584961,2.1116769313812256,1.3003326654434204,1.3259140253067017,1.1362438201904297,1.3239766359329224,1.4690542221069336,1.6987838745117188,1.9475699663162231,2.22346568107605,2.510833740234375,2.8876614570617676,2.9223129749298096,2.6701090335845947,2.717336893081665,2.468081474304199,2.462519645690918,1.9291787147521973,1.9109615087509155,1.6589889526367188,1.7846366167068481,1.8534289598464966,2.0043530464172363,2.2134087085723877,2.4146463871002197,2.694188117980957,3.051246404647827,3.163381814956665,2.9605512619018555,3.0944435596466064,2.905884265899658,3.004302978515625
B2,0.7519506812095642,0.5632017254829407,0.8391402959823608,0.9816300272941589,1.1993972063064575,1.5322940349578857,1.7695058584213257,2.1209495067596436,2.375239849090576,2.680776357650757,2.5905706882476807,2.2634122371673584,2.1964516639709473,1.821826457977295,1.7096542119979858,0.3861483037471771,0.0,0.3760021924972534,0.6666633486747742,0.9716917872428894,1.3062719106674194,1.6043692827224731,1.954289197921753,2.2512130737304688,2.5948753356933594,2.5595486164093018,2.2411389350891113,2.2328226566314697,1.8827990293502808,1.8259496688842773,0.7293910980224609,0.6121888756752014,0.47449177503585815,0.7177218198776245,0.9842952489852905,1.2601003646850586,1.5746619701385498,1.8901877403259277,2.2100985050201416,2.577255964279175,2.597677707672119,2.312295913696289,2.3596534729003906,2.0586791038513184,2.058368444442749,1.3021248579025269,1.2125900983810425,0.990522027015686,1.0842938423156738,1.2401542663574219,1.416283369064331,1.6956688165664673,1.9473572969436646,2.2648558616638184,2.6376826763153076,2.7082479000091553,2.4759562015533447,2.567819118499756,2.3277628421783447,2.3742518424987793,1.911880373954773,1.81575345993042,1.5378345251083374,1.586992621421814,1.6406769752502441,1.7333132028579712,1.9511243104934692,2.118274450302124,2.41817569732666,2.765146493911743,2.910045623779297,2.7273011207580566,2.8995025157928467,2.7302961349487305,2.8732430934906006
B3,0.7062732577323914,0.4453965127468109,0.5491580367088318,0.6305717825889587,0.8238921165466309,1.15898859500885,1.4012311697006226,1.7549257278442383,2.0197343826293945,2.3365159034729004,2.26774525642395,1.9489434957504272,1.9183886051177979,1.5529998540878296,1.4959977865219116,0.5773267149925232,0.3760021924972534,0.0,0.37870150804519653,0.6402589082717896,0.97734534740448,1.2741731405258179,1.6217807531356812,1.9249815940856934,2.2806107997894287,2.2662055492401123,1.9629355669021606,1.9898842573165894,1.6651450395584106,1.66080641746521,0.9953540563583374,0.8749311566352844,0.5751876831054688,0.6785999536514282,0.810897707939148,1.0418975353240967,1.323097586631775,1.619228482246399,1.9328652620315552,2.3069818019866943,2.3455402851104736,2.0828046798706055,2.159083843231201,1.8968418836593628,1.9388471841812134,1.5293017625808716,1.4340025186538696,1.1357320547103882,1.1573505401611328,1.1957218647003174,1.3201643228530884,1.5382739305496216,1.7575972080230713,2.0518696308135986,2.422285556793213,2.5046002864837646,2.300318956375122,2.410290002822876,2.215254783630371,2.2905805110931396,2.105942487716675,2.007730484008789,1.685555100440979,1.6973700523376465,1.664052128791809,1.7269831895828247,1.8765170574188232,2.013948440551758,2.2734017372131348,2.6095190048217773,2.7567384243011475,2.604588508605957,2.7809228897094727,2.6542108058929443,2.809758186340332
B4,1.0423293113708496,0.7213541865348816,0.6793150901794434,0.5246869325637817,0.7102504372596741,0.9488780498504639,1.2031450271606445,1.5176043510437012,1.7916409969329834,2.084115982055664,2.043375015258789,1.753493309020996,1.7716025114059448,1.4270414113998413,1.4500224590301514,0.9365360140800476,0.6666633486747742,0.37870150804519653,0.0,0.38346219062805176,0.6506040096282959,0.9840388894081116,1.3090828657150269,1.6309581995010376,1.9744786024093628,1.989913821220398,1.7122976779937744,1.7898391485214233,1.4863673448562622,1.5576694011688232,1.2045867443084717,0.9964199662208557,0.651396632194519,0.5235688090324402,0.5581846237182617,0.6925791501998901,0.9921639561653137,1.264507532119751,1.5978822708129883,1.9668571949005127,2.035538911819458,1.798289179801941,1.9230748414993286,1.6868044137954712,1.795030951499939,1.6384092569351196,1.4775434732437134,1.1396832466125488,1.042520523071289,0.9941403269767761,1.0292807817459106,1.2215957641601562,1.403580904006958,1.704941749572754,2.0696778297424316,2.179199695587158,2.0031116008758545,2.1540753841400146,1.991715669631958,2.121187686920166,2.151463508605957,2.0057928562164307,1.654487133026123,1.590411901473999,1.487810492515564,1.4885215759277344,1.5927917957305908,1.6892112493515015,1.9351781606674194,2.258552312850952,2.4239065647125244,2.3000869750976562,2.502506732940674,2.412799119949341,2.6048412322998047
B5,1.230968952178955,0.977587878704071,0.8081629872322083,0.5638881325721741,0.5134205222129822,0.6864725351333618,0.8612625002861023,1.179174542427063,1.4264321327209473,1.7190731763839722,1.6644550561904907,1.3714605569839478,1.4041023254394531,1.0739800930023193,1.1536078453063965,1.1512421369552612,0.9716917872428894,0.6402589082717896,0.38346219062805176,0.0,0.3811250329017639,0.635595977306366,0.99102383852005,1.2861180305480957,1.640395998954773,1.6402597427368164,1.3605237007141113,1.450352668762207,1.1754649877548218,1.2918297052383423,1.395361065864563,1.2410534620285034,0.8621771931648254,0.7117977738380432,0.5049905180931091,0.5840966105461121,0.7480764985084534,1.0241656303405762,1.3128353357315063,1.6898924112319946,1.7390515804290771,1.5076751708984375,1.6339045763015747,1.439570665359497,1.5716909170150757,1.7723345756530762,1.6468249559402466,1.2760261297225952,1.171787142753601,1.0006766319274902,1.0225085020065308,1.0959272384643555,1.2661601305007935,1.5026694536209106,1.8641310930252075,1.9470890760421753,1.7817132472991943,1.9197511672973633,1.8005154132843018,1.9344528913497925,2.234252691268921,2.1167197227478027,1.7449884414672852,1.6842598915100098,1.5066406726837158,1.521540880203247,1.540514349937439,1.6392590999603271,1.8160336017608643,2.134143590927124,2.264162302017212,2.1519482135772705,2.3267688751220703,2.267817974090576,2.445478916168213
B6,1.539215087890625,1.2570267915725708,1.0306569337844849,0.6857125163078308,0.5967816710472107,0.5260078310966492,0.7004014253616333,0.9278039336204529,1.2007673978805542,1.4679739475250244,1.4802659749984741,1.249495506286621,1.3765873908996582,1.117157220840454,1.3062164783477783,1.5198500156402588,1.3062719106674194,0.97734534740448,0.6506040096282959,0.3811250329017639,0.0,0.38073277473449707,0.6613736152648926,1.0022214651107788,1.3484936952590942,1.4184478521347046,1.204347014427185,1.3880268335342407,1.1877516508102417,1.403868317604065,1.7432341575622559,1.5486267805099487,1.183072566986084,0.9411882162094116,0.675629734992981,0.5073038339614868,0.5628474950790405,0.7203150391578674,1.0256245136260986,1.3939138650894165,1.5070576667785645,1.342832088470459,1.5481135845184326,1.425927758216858,1.6396833658218384,2.0712954998016357,1.9070367813110352,1.5352822542190552,1.3533931970596313,1.1156411170959473,1.0098778009414673,0.9889604449272156,1.0493170022964478,1.2589571475982666,1.5954886674880981,1.7266747951507568,1.6267242431640625,1.8215564489364624,1.7709569931030273,1.9672340154647827,2.4819092750549316,2.331510543823242,1.9529889822006226,1.8303853273391724,1.5937025547027588,1.5326290130615234,1.474052906036377,1.4939361810684204,1.6196528673171997,1.8989659547805786,2.0548760890960693,2.001066207885742,2.2052505016326904,2.2100300788879395,2.4259517192840576
B7,1.8068190813064575,1.571056604385376,1.3184831142425537,0.9946029782295227,0.771914541721344,0.5860876441001892,0.5218170881271362,0.6710497736930847,0.8681246042251587,1.1122143268585205,1.1016337871551514,0.8840262293815613,1.051026463508606,0.8582278490066528,1.1308146715164185,1.769327163696289,1.6043692827224731,1.2741731405258179,0.9840388894081116,0.635595977306366,0.38073277473449707,0.0,0.37911465764045715,0.6519240736961365,1.011661171913147,1.0561860799789429,0.8513517379760742,1.070566177368164,0.9445856213569641,1.222632646560669,1.9506579637527466,1.7949053049087524,1.4261474609375,1.1991634368896484,0.8554719090461731,0.6856445074081421,0.49495968222618103,0.5862149000167847,0.7678177356719971,1.1342744827270508,1.2127925157546997,1.0677876472473145,1.2774012088775635,1.2278711795806885,1.46848464012146,2.2194011211395264,2.08627986907959,1.7081650495529175,1.5361264944076538,1.2316800355911255,1.1337302923202515,0.9864183664321899,1.0218271017074585,1.1143711805343628,1.4265587329864502,1.5123099088668823,1.430679440498352,1.6034566164016724,1.6114354133605957,1.8087823390960693,2.571269989013672,2.4479761123657227,2.0668845176696777,1.9538620710372925,1.6677855253219604,1.6284980773925781,1.491841435432434,1.5189086198806763,1.5558972358703613,1.8176523447036743,1.9194996356964111,1.877606987953186,2.0407512187957764,2.080110788345337,2.274050235748291
B8,2.1368248462677,1.8884094953536987,1.611744999885559,1.2625495195388794,1.0487701892852783,0.745559811592102,0.6242445707321167,0.5299845337867737,0.6975787878036499,0.8665270209312439,0.9645297527313232,0.8766604661941528,1.1492263078689575,1.074226975440979,1.4040517807006836,2.13706374168396,1.954289197921753,1.6217807531356812,1.3090828657150269,0.99102383852005,0.6613736152648926,0.37911465764045715,0.0,0.37898963689804077,0.7144864797592163,0.8793465495109558,0.8162490725517273,1.1363664865493774,1.1265255212783813,1.460531234741211,2.3154666423797607,2.1389033794403076,1.7782586812973022,1.5171890258789062,1.1775068044662476,0.9227818846702576,0.6604011058807373,0.5022713541984558,0.5710404515266418,0.8818524479866028,1.0459747314453125,1.0234789848327637,1.3078627586364746,1.356960415840149,1.6521517038345337,2.557541847229004,2.4033966064453125,2.031205654144287,1.8208767175674438,1.493895411491394,1.3229987621307373,1.1017650365829468,1.0087957382202148,1.0079419612884521,1.2463165521621704,1.3762035369873047,1.3894513845443726,1.6078990697860718,1.6993114948272705,1.942075252532959,2.8708906173706055,2.728637933731079,2.3505313396453857,2.199726104736328,1.8810703754425049,1.7890050411224365,1.5868809223175049,1.5381312370300293,1.4952105283737183,1.68992018699646,1.8023782968521118,1.8326040506362915,2.0099081993103027,2.1206321716308594,2.339416980743408
B9,2.432457447052002,2.212136745452881,1.9334150552749634,1.6030527353286743,1.3443703651428223,1.0487878322601318,0.8066262006759644,0.5996009111404419,0.5330724716186523,0.5555716156959534,0.6360821723937988,0.6565545797348022,0.9756578803062439,1.027253270149231,1.393268346786499,2.404050827026367,2.2512130737304688,1.9249815940856934,1.6309581995010376,1.2861180305480957,1.0022214651107788,0.6519240736961365,0.37898963689804077,0.0,0.3775162398815155,0.5319631099700928,0.5791871547698975,0.941843569278717,1.056258201599121,1.4169520139694214,2.539435625076294,2.39074444770813,2.035604953765869,1.7888349294662476,1.4218025207519531,1.1969622373580933,0.859910249710083,0.681337833404541,0.501292884349823,0.7077339291572571,0.809147834777832,0.856070339679718,1.1302822828292847,1.2781734466552734,1.5818451642990112,2.7269110679626465,2.5978779792785645,2.230764389038086,2.0334620475769043,1.6767170429229736,1.5267466306686401,1.2381328344345093,1.138718605041504,1.0053579807281494,1.1721690893173218,1.2307147979736328,1.2775585651397705,1.4579962491989136,1.6183724403381348,1.8528436422348022,2.982154130935669,2.863666296005249,2.493440628051758,2.3538336753845215,2.008570909500122,1.9398791790008545,1.6859021186828613,1.6502288579940796,1.5235297679901123,1.6844899654388428,1.7259598970413208,1.7694848775863647,1.8920276165008545,2.039558172225952,2.2285208702087402
B10,2.8064393997192383,2.5792720317840576,2.3061575889587402,1.969200611114502,1.7206586599349976,1.4154402017593384,1.1712071895599365,0.9094783663749695,0.7437884211540222,0.5399144291877747,0.6547697186470032,0.8368386626243591,1.145419716835022,1.2839857339859009,1.647921085357666,2.7560830116271973,2.5948753356933594,2.2806107997894287,1.9744786024093628,1.640395998954773,1.3484936952590942,1.011661171913147,0.7144864797592163,0.3775162398815155,0.0,0.3885372579097748,0.6640125513076782,1.026423454284668,1.2337393760681152,1.6034252643585205,2.845555305480957,2.6891510486602783,2.348743200302124,2.084590196609497,1.7161964178085327,1.471120834350586,1.111913800239563,0.8691236972808838,0.5470840334892273,0.5157415866851807,0.6260339021682739,0.8302925825119019,1.122106909751892,1.3612412214279175,1.6869831085205078,2.9783034324645996,2.8412108421325684,2.48747181892395,2.2711589336395264,1.8989756107330322,1.7235908508300781,1.388361930847168,1.2319103479385376,0.9872362017631531,1.0308774709701538,1.0656843185424805,1.201928734779358,1.387133240699768,1.62763249874115,1.8840972185134888,3.172576427459717,3.047455310821533,2.6900627613067627,2.529649257659912,2.1618528366088867,2.0729997158050537,1.7681467533111572,1.6988027095794678,1.4869599342346191,1.57633376121521,1.5761284828186035,1.6726332902908325,1.7721703052520752,1.9825689792633057,2.173133134841919
B11,2.8012542724609375,2.6021945476531982,2.353695869445801,2.045910596847534,1.774125576019287,1.5297894477844238,1.2468788623809814,1.0674035549163818,0.8411075472831726,0.65496826171875,0.5125800967216492,0.6530293226242065,0.8719124794006348,1.0617899894714355,1.4029000997543335,2.6865053176879883,2.5595486164093018,2.2662055492401123,1.989913821220398,1.6402597427368164,1.4184478521347046,1.0561860799789429,0.8793465495109558,0.5319631099700928,0.3885372579097748,0.0,0.37606310844421387,0.6832317113876343,0.9574080109596252,1.3108481168746948,2.7173264026641846,2.598449945449829,2.271357297897339,2.040719509124756,1.659898281097412,1.4835487604141235,1.1054235696792603,0.974091649055481,0.6377663016319275,0.6465413570404053,0.49697306752204895,0.6026210188865662,0.8003993630409241,1.0801904201507568,1.3761708736419678,2.79925274848938,2.698838710784912,2.355679750442505,2.175985097885132,1.7966805696487427,1.6862531900405884,1.3413307666778564,1.2755953073501587,1.0143139362335205,1.0943388938903809,0.9930907487869263,1.0393515825271606,1.1284987926483154,1.3698248863220215,1.5808755159378052,2.9510879516601562,2.861551523208618,2.5159120559692383,2.3919270038604736,2.02453875541687,1.9967737197875977,1.694062352180481,1.702364444732666,1.4922617673873901,1.6289807558059692,1.5484089851379395,1.5702074766159058,1.5952675342559814,1.7698118686676025,1.9056193828582764
B12,2.504342794418335,2.320178985595703,2.0973737239837646,1.8157703876495361,1.5442863702774048,1.366673469543457,1.0966278314590454,1.0369151830673218,0.8744353652000427,0.8447425365447998,0.6033147573471069,0.5043673515319824,0.6127143502235413,0.7238073348999023,1.0483583211898804,2.3491580486297607,2.2411389350891113,1.9629355669021606,1.7122976779937744,1.3605237007141113,1.204347014427185,0.8513517379760742,0.8162490725517273,0.5791871547698975,0.6640125513076782,0.37606310844421387,0.0,0.3758378326892853,0.5882875323295593,0.9485203623771667,2.3606438636779785,2.263061761856079,1.939391016960144,1.737877607345581,1.3554333448410034,1.242357850074768,0.8794164657592773,0.8800003528594971,0.6511161923408508,0.826540470123291,0.6358592510223389,0.4908443093299866,0.6080729365348816,0.7947566509246826,1.0661344528198242,2.445002794265747,2.3650596141815186,2.019822835922241,1.8714078664779663,1.4996720552444458,1.4480326175689697,1.1363643407821655,1.1719781160354614,0.9960947632789612,1.1898045539855957,1.0683916807174683,0.9835086464881897,1.0272159576416016,1.1734769344329834,1.3461251258850098,2.6174726486206055,2.5461440086364746,2.19639253616333,2.1044552326202393,1.7544903755187988,1.7755964994430542,1.5171384811401367,1.5951917171478271,1.4597961902618408,1.6767524480819702,1.6029139757156372,1.5427879095077515,1.5633805990219116,1.6555068492889404,1.7705482244491577
B13,2.516653060913086,2.3702478408813477,2.183140993118286,1.9478495121002197,1.6728354692459106,1.571250081062317,1.3013198375701904,1.3171312808990479,1.1456273794174194,1.1388479471206665,0.8078553080558777,0.6291144490242004,0.4871325194835663,0.608567476272583,0.8357130289077759,2.2958645820617676,2.2328226566314697,1.9898842573165894,1.7898391485214233,1.450352668762207,1.3880268335342407,1.070566177368164,1.1363664865493774,0.941843569278717,1.026423454284668,0.6832317113876343,0.3758378326892853,0.0,0.3764978051185608,0.6582652926445007,2.243537664413452,2.196561813354492,1.8997658491134644,1.7535432577133179,1.3877785205841064,1.37147057056427,1.0521299839019775,1.1584190130233765,0.9775876402854919,1.143478274345398,0.8679986596107483,0.6151404976844788,0.47636452317237854,0.6164211630821228,0.7819928526878357,2.273658514022827,2.2438745498657227,1.9201370477676392,1.8290482759475708,1.4760191440582275,1.5134656429290771,1.2370647192001343,1.3669949769973755,1.2177939414978027,1.42534601688385,1.2254122495651245,1.0436877012252808,0.953968346118927,1.035813570022583,1.1092338562011719,2.4045193195343018,2.381232738494873,2.0513954162597656,2.014070987701416,1.6867865324020386,1.7853347063064575,1.5601803064346313,1.7182037830352783,1.6102478504180908,1.860262393951416,1.7330505847930908,1.597699761390686,1.545203685760498,1.5663821697235107,1.604577660560608
