0.000000000000000000e+00,3.882164955139160156e-01,5.807156562805175781e-01,9.357892870903015137e-01,1.086285471916198730e+00,1.466679930686950684e+00,1.700085520744323730e+00,2.075231790542602539e+00,2.340061426162719727e+00,2.697121620178222656e+00,2.634104490280151367e+00,2.306017875671386719e+00,2.258197069168090820e+00,1.906623840332031250e+00,1.800617456436157227e+00,6.226490139961242676e-01,7.632048726081848145e-01,6.875960230827331543e-01,1.025981068611145020e+00,1.188864231109619141e+00,1.505092978477478027e+00,1.758535623550415039e+00,2.094715356826782227e+00,2.381431818008422852e+00,2.755830526351928711e+00,2.742777824401855469e+00,2.440950870513916016e+00,2.444626808166503906e+00,2.137963533401489258e+00,2.082918405532836914e+00,1.267161846160888672e+00,1.304980158805847168e+00,1.127058029174804688e+00,1.340527057647705078e+00,1.464430451393127441e+00,1.693441033363342285e+00,1.929140567779541016e+00,2.208957433700561523e+00,2.494173526763916016e+00,2.872113704681396484e+00,2.906908750534057617e+00,2.647017717361450195e+00,2.694086790084838867e+00,2.440816640853881836e+00,2.427120685577392578e+00,1.892535567283630371e+00,1.893087387084960938e+00,1.663558125495910645e+00,1.776831269264221191e+00,1.845745086669921875e+00,1.999574303627014160e+00,2.192642211914062500e+00,2.414013385772705078e+00,2.682816743850708008e+00,3.050310850143432617e+00,3.123352289199829102e+00,2.914581775665283203e+00,2.993384122848510742e+00,2.794572353363037109e+00,2.814154386520385742e+00,2.493216276168823242e+00,2.468167781829833984e+00,2.197519063949584961e+00,2.274769067764282227e+00,2.284411430358886719e+00,2.388156890869140625e+00,2.550230979919433594e+00,2.709435701370239258e+00,2.955101728439331055e+00,3.301763296127319336e+00,3.402492523193359375e+00,3.237457513809204102e+00,3.337554216384887695e+00,3.185995578765869141e+00,3.237020730972290039e+00
3.882164955139160156e-01,0.000000000000000000e+00,3.782198727130889893e-01,6.831908226013183594e-01,9.447351098060607910e-01,1.298878788948059082e+00,1.587122082710266113e+00,1.944908738136291504e+00,2.239749670028686523e+00,2.584512948989868164e+00,2.552631855010986328e+00,2.242530107498168945e+00,2.233497858047485352e+00,1.878143310546875000e+00,1.823953866958618164e+00,6.577872633934020996e-01,5.743021368980407715e-01,4.460622072219848633e-01,7.338482737541198730e-01,9.790270328521728516e-01,1.264695763587951660e+00,1.572870373725891113e+00,1.894368529319763184e+00,2.214434862136840820e+00,2.582802534103393555e+00,2.603306293487548828e+00,2.317703247070312500e+00,2.361875057220458984e+00,2.052227020263671875e+00,2.046526908874511719e+00,1.240513801574707031e+00,1.160336017608642578e+00,9.522035717964172363e-01,1.085530996322631836e+00,1.239017844200134277e+00,1.423067688941955566e+00,1.698781132698059082e+00,1.959166884422302246e+00,2.276735067367553711e+00,2.651051521301269531e+00,2.720318317413330078e+00,2.477515935897827148e+00,2.565726280212402344e+00,2.313055276870727539e+00,2.346650123596191406e+00,1.846464276313781738e+00,1.767110228538513184e+00,1.517853617668151855e+00,1.558815360069274902e+00,1.627112865447998047e+00,1.729034185409545898e+00,1.941231369972229004e+00,2.135678052902221680e+00,2.429938077926635742e+00,2.793394327163696289e+00,2.900613546371459961e+00,2.711241722106933594e+00,2.829684972763061523e+00,2.638075828552246094e+00,2.702317476272583008e+00,2.434201478958129883e+00,2.349275112152099609e+00,2.061573743820190430e+00,2.078740596771240234e+00,2.073955297470092773e+00,2.127666234970092773e+00,2.292474269866943359e+00,2.419445753097534180e+00,2.681972265243530273e+00,3.021236181259155273e+00,3.153737306594848633e+00,3.009335279464721680e+00,3.146080255508422852e+00,3.009642601013183594e+00,3.102157115936279297e+00
5.807156562805175781e-01,3.782198727130889893e-01,0.000000000000000000e+00,3.781824111938476562e-01,6.175897121429443359e-01,9.601582884788513184e-01,1.262057185173034668e+00,1.610710263252258301e+00,1.919692993164062500e+00,2.274524927139282227e+00,2.275011062622070312e+00,1.985420703887939453e+00,2.022694349288940430e+00,1.693795323371887207e+00,1.704130053520202637e+00,9.481192231178283691e-01,8.535678982734680176e-01,5.607931017875671387e-01,6.872717142105102539e-01,8.146079182624816895e-01,1.036241531372070312e+00,1.322215437889099121e+00,1.616609811782836914e+00,1.937481164932250977e+00,2.310665369033813477e+00,2.359717607498168945e+00,2.101990699768066406e+00,2.186563730239868164e+00,1.915980219841003418e+00,1.964157581329345703e+00,1.499936461448669434e+00,1.403746485710144043e+00,1.116812825202941895e+00,1.159593820571899414e+00,1.203105211257934570e+00,1.316103219985961914e+00,1.538182139396667480e+00,1.756587266921997070e+00,2.056961297988891602e+00,2.426935672760009766e+00,2.518118858337402344e+00,2.307590484619140625e+00,2.426469564437866211e+00,2.219273805618286133e+00,2.293637752532958984e+00,2.076223373413085938e+00,1.985052704811096191e+00,1.686875700950622559e+00,1.678106546401977539e+00,1.661648035049438477e+00,1.712215542793273926e+00,1.860280871391296387e+00,2.011022567749023438e+00,2.272152185440063477e+00,2.622163295745849609e+00,2.742395162582397461e+00,2.586049079895019531e+00,2.723421573638916016e+00,2.577675342559814453e+00,2.670548915863037109e+00,2.638149261474609375e+00,2.542747974395751953e+00,2.222411870956420898e+00,2.209187030792236328e+00,2.137743711471557617e+00,2.161958456039428711e+00,2.266507863998413086e+00,2.359178781509399414e+00,2.581100225448608398e+00,2.901855945587158203e+00,3.037452459335327148e+00,2.925220727920532227e+00,3.069055080413818359e+00,2.975182294845581055e+00,3.083569288253784180e+00
9.357892870903015137e-01,6.831908226013183594e-01,3.781824111938476562e-01,0.000000000000000000e+00,3.814689517021179199e-01,6.461943387985229492e-01,9.852703213691711426e-01,1.307424426078796387e+00,1.633038401603698730e+00,1.971976757049560547e+00,2.000441312789916992e+00,1.737188458442687988e+00,1.821352362632751465e+00,1.513752579689025879e+00,1.597103953361511230e+00,1.170249819755554199e+00,9.927384257316589355e-01,6.400476694107055664e-01,5.314458012580871582e-01,5.686956048011779785e-01,6.899651885032653809e-01,9.952748417854309082e-01,1.264558672904968262e+00,1.603723645210266113e+00,1.970549941062927246e+00,2.048753738403320312e+00,1.816967606544494629e+00,1.947516918182373047e+00,1.702531099319458008e+00,1.815334320068359375e+00,1.615339279174804688e+00,1.458752989768981934e+00,1.123307347297668457e+00,1.045176744461059570e+00,1.004613161087036133e+00,1.026113510131835938e+00,1.223204135894775391e+00,1.403467416763305664e+00,1.709411382675170898e+00,2.073204278945922852e+00,2.190688371658325195e+00,2.007885217666625977e+00,2.167015552520751953e+00,1.990113496780395508e+00,2.118203639984130859e+00,2.127244710922241211e+00,1.990834832191467285e+00,1.657856822013854980e+00,1.575035333633422852e+00,1.489673614501953125e+00,1.473562479019165039e+00,1.577381849288940430e+00,1.685233354568481445e+00,1.934291839599609375e+00,2.273349285125732422e+00,2.413751363754272461e+00,2.286185264587402344e+00,2.454535722732543945e+00,2.342439889907836914e+00,2.478099822998046875e+00,2.643554925918579102e+00,2.511839628219604492e+00,2.166339635848999023e+00,2.101128578186035156e+00,1.972147703170776367e+00,1.951834559440612793e+00,2.009500026702880859e+00,2.065493345260620117e+00,2.264092683792114258e+00,2.569289684295654297e+00,2.716736316680908203e+00,2.632738113403320312e+00,2.797112941741943359e+00,2.738393306732177734e+00,2.878167867660522461e+00
1.086285471916198730e+00,9.447351098060607910e-01,6.175897121429443359e-01,3.814689517021179199e-01,0.000000000000000000e+00,3.860088586807250977e-01,6.463843584060668945e-01,1.004005074501037598e+00,1.303417801856994629e+00,1.657425284385681152e+00,1.667007327079772949e+00,1.396802425384521484e+00,1.487991452217102051e+00,1.203945517539978027e+00,1.323510050773620605e+00,1.316822052001953125e+00,1.211340904235839844e+00,8.360970616340637207e-01,7.173266410827636719e-01,5.211039781570434570e-01,6.019777655601501465e-01,7.725969552993774414e-01,1.050526738166809082e+00,1.344638347625732422e+00,1.721360206604003906e+00,1.775740027427673340e+00,1.544215559959411621e+00,1.672083258628845215e+00,1.463340997695922852e+00,1.593493700027465820e+00,1.727563381195068359e+00,1.620030641555786133e+00,1.253683090209960938e+00,1.178650021553039551e+00,1.020591855049133301e+00,1.037302970886230469e+00,1.119225025177001953e+00,1.293057084083557129e+00,1.535981774330139160e+00,1.898566365242004395e+00,1.985787868499755859e+00,1.807161450386047363e+00,1.951096177101135254e+00,1.812981009483337402e+00,1.941331148147583008e+00,2.203645944595336914e+00,2.104396343231201172e+00,1.746757507324218750e+00,1.679315447807312012e+00,1.523764491081237793e+00,1.522327065467834473e+00,1.545586228370666504e+00,1.653871297836303711e+00,1.838574171066284180e+00,2.169087886810302734e+00,2.272955417633056641e+00,2.148143053054809570e+00,2.290936708450317383e+00,2.211118698120117188e+00,2.335039377212524414e+00,2.690206527709960938e+00,2.586850643157958984e+00,2.226776361465454102e+00,2.180954217910766602e+00,2.006510734558105469e+00,2.012352228164672852e+00,2.014544725418090820e+00,2.083159685134887695e+00,2.225191593170166016e+00,2.522536754608154297e+00,2.629762887954711914e+00,2.546554088592529297e+00,2.677840232849121094e+00,2.640506744384765625e+00,2.758439302444458008e+00
1.466679930686950684e+00,1.298878788948059082e+00,9.601582884788513184e-01,6.461943387985229492e-01,3.860088586807250977e-01,0.000000000000000000e+00,3.820196986198425293e-01,6.638473868370056152e-01,1.003675341606140137e+00,1.347558379173278809e+00,1.424926042556762695e+00,1.217912077903747559e+00,1.399974703788757324e+00,1.190564036369323730e+00,1.411725401878356934e+00,1.681205987930297852e+00,1.539419174194335938e+00,1.166813254356384277e+00,9.500202536582946777e-01,6.893640756607055664e-01,5.279973149299621582e-01,5.832524299621582031e-01,7.451617121696472168e-01,1.046726703643798828e+00,1.413928985595703125e+00,1.528744697570800781e+00,1.363019824028015137e+00,1.567225933074951172e+00,1.431859016418457031e+00,1.644410610198974609e+00,2.039326906204223633e+00,1.898234844207763672e+00,1.523378849029541016e+00,1.368210196495056152e+00,1.140060901641845703e+00,1.031406402587890625e+00,1.014941692352294922e+00,1.080048441886901855e+00,1.287755846977233887e+00,1.624925374984741211e+00,1.756391048431396484e+00,1.641313433647155762e+00,1.841005563735961914e+00,1.771171212196350098e+00,1.962553381919860840e+00,2.463232994079589844e+00,2.334661722183227539e+00,1.964139461517333984e+00,1.838782191276550293e+00,1.621625781059265137e+00,1.542957663536071777e+00,1.486924529075622559e+00,1.513161301612854004e+00,1.645552992820739746e+00,1.939685940742492676e+00,2.070174694061279297e+00,2.002057790756225586e+00,2.180806159973144531e+00,2.162881851196289062e+00,2.333642005920410156e+00,2.903824806213378906e+00,2.774678468704223633e+00,2.402548313140869141e+00,2.311955690383911133e+00,2.083293199539184570e+00,2.039762496948242188e+00,1.975077509880065918e+00,1.986914038658142090e+00,2.075734138488769531e+00,2.334802865982055664e+00,2.453151941299438477e+00,2.419251441955566406e+00,2.569816112518310547e+00,2.588132858276367188e+00,2.737422943115234375e+00
1.700085520744323730e+00,1.587122082710266113e+00,1.262057185173034668e+00,9.852703213691711426e-01,6.463843584060668945e-01,3.820196986198425293e-01,0.000000000000000000e+00,3.846209049224853516e-01,6.576746702194213867e-01,1.018591761589050293e+00,1.066624164581298828e+00,8.633483052253723145e-01,1.076754093170166016e+00,9.373047351837158203e-01,1.217851281166076660e+00,1.877438426017761230e+00,1.778838634490966797e+00,1.411840677261352539e+00,1.206853270530700684e+00,8.666713237762451172e-01,7.032676935195922852e-01,5.202304124832153320e-01,6.227295398712158203e-01,8.034471273422241211e-01,1.168379902839660645e+00,1.244437813758850098e+00,1.092161774635314941e+00,1.298374414443969727e+00,1.231624960899353027e+00,1.469088673591613770e+00,2.182174444198608398e+00,2.077532768249511719e+00,1.697711825370788574e+00,1.551341414451599121e+00,1.255713462829589844e+00,1.155316114425659180e+00,1.015470147132873535e+00,1.058082938194274902e+00,1.154892802238464355e+00,1.469285130500793457e+00,1.553120374679565430e+00,1.450883150100708008e+00,1.628700494766235352e+00,1.615380644798278809e+00,1.807358026504516602e+00,2.554114341735839844e+00,2.456052541732788086e+00,2.078045845031738281e+00,1.967439293861389160e+00,1.700912833213806152e+00,1.640420675277709961e+00,1.508834242820739746e+00,1.535266995429992676e+00,1.584066987037658691e+00,1.854028105735778809e+00,1.932927012443542480e+00,1.870188355445861816e+00,2.014566659927368164e+00,2.036941051483154297e+00,2.193969249725341797e+00,2.950821638107299805e+00,2.846421480178833008e+00,2.471076726913452148e+00,2.397605657577514648e+00,2.134406328201293945e+00,2.117024898529052734e+00,2.001292228698730469e+00,2.028174161911010742e+00,2.053887605667114258e+00,2.296748399734497070e+00,2.364126205444335938e+00,2.330229282379150391e+00,2.440216541290283203e+00,2.482579946517944336e+00,2.607377052307128906e+00
2.075231790542602539e+00,1.944908738136291504e+00,1.610710263252258301e+00,1.307424426078796387e+00,1.004005074501037598e+00,6.638473868370056152e-01,3.846209049224853516e-01,0.000000000000000000e+00,3.726089000701904297e-01,7.068139910697937012e-01,8.748761415481567383e-01,8.098511099815368652e-01,1.126650214195251465e+00,1.107748985290527344e+00,1.447682738304138184e+00,2.251060485839843750e+00,2.130887985229492188e+00,1.766392827033996582e+00,1.522613763809204102e+00,1.186338543891906738e+00,9.338855743408203125e-01,6.739265322685241699e-01,5.329544544219970703e-01,5.983410477638244629e-01,9.077129364013671875e-01,1.065473556518554688e+00,1.033151388168334961e+00,1.315289735794067383e+00,1.350002646446228027e+00,1.645275831222534180e+00,2.527485370635986328e+00,2.402296781539916992e+00,2.024252414703369141e+00,1.835567235946655273e+00,1.515839338302612305e+00,1.341139435768127441e+00,1.125682115554809570e+00,1.039961814880371094e+00,1.040469884872436523e+00,1.282759070396423340e+00,1.408093333244323730e+00,1.398888945579528809e+00,1.624335765838623047e+00,1.694784998893737793e+00,1.935322523117065430e+00,2.860947132110595703e+00,2.743993043899536133e+00,2.364740610122680664e+00,2.217280864715576172e+00,1.916442155838012695e+00,1.801014065742492676e+00,1.604469418525695801e+00,1.549325227737426758e+00,1.520030498504638672e+00,1.724269032478332520e+00,1.819456934928894043e+00,1.826800584793090820e+00,1.997263312339782715e+00,2.089498281478881836e+00,2.283573150634765625e+00,3.217001676559448242e+00,3.095274925231933594e+00,2.717873573303222656e+00,2.612400770187377930e+00,2.312753915786743164e+00,2.256966829299926758e+00,2.083055019378662109e+00,2.056946277618408203e+00,2.017866611480712891e+00,2.206325292587280273e+00,2.274189233779907227e+00,2.294950246810913086e+00,2.414913177490234375e+00,2.516358852386474609e+00,2.664884567260742188e+00
2.340061426162719727e+00,2.239749670028686523e+00,1.919692993164062500e+00,1.633038401603698730e+00,1.303417801856994629e+00,1.003675341606140137e+00,6.576746702194213867e-01,3.726089000701904297e-01,0.000000000000000000e+00,3.803650736808776855e-01,5.375388860702514648e-01,5.765025615692138672e-01,9.369884133338928223e-01,1.043144583702087402e+00,1.408598899841308594e+00,2.478222370147705078e+00,2.384706020355224609e+00,2.030822992324829102e+00,1.796874880790710449e+00,1.433479785919189453e+00,1.206465482711791992e+00,8.725888133049011230e-01,7.020670175552368164e-01,5.368308424949645996e-01,7.464859485626220703e-01,8.426929116249084473e-01,8.743653893470764160e-01,1.148381352424621582e+00,1.280519604682922363e+00,1.584935545921325684e+00,2.704126358032226562e+00,2.604872703552246094e+00,2.232512235641479492e+00,2.052877187728881836e+00,1.702464461326599121e+00,1.545066714286804199e+00,1.262619972229003906e+00,1.165587067604064941e+00,1.042042136192321777e+00,1.215620040893554688e+00,1.273384928703308105e+00,1.295913934707641602e+00,1.487416028976440430e+00,1.626839160919189453e+00,1.861465692520141602e+00,2.985110759735107422e+00,2.891767263412475586e+00,2.515810966491699219e+00,2.381016016006469727e+00,2.052287101745605469e+00,1.954838752746582031e+00,1.707540035247802734e+00,1.655176997184753418e+00,1.545175194740295410e+00,1.705544471740722656e+00,1.738068461418151855e+00,1.756985664367675781e+00,1.885082125663757324e+00,2.022674083709716797e+00,2.200304269790649414e+00,3.293293952941894531e+00,3.191968679428100586e+00,2.819995641708374023e+00,2.728432416915893555e+00,2.407147645950317383e+00,2.373561620712280273e+00,2.160774707794189453e+00,2.148590803146362305e+00,2.050551176071166992e+00,2.213248968124389648e+00,2.224996328353881836e+00,2.247591257095336914e+00,2.322557687759399414e+00,2.450103759765625000e+00,2.573032617568969727e+00
2.697121620178222656e+00,2.584512948989868164e+00,2.274524927139282227e+00,1.971976757049560547e+00,1.657425284385681152e+00,1.347558379173278809e+00,1.018591761589050293e+00,7.068139910697937012e-01,3.803650736808776855e-01,0.000000000000000000e+00,3.960368335247039795e-01,6.621333360671997070e-01,1.024426460266113281e+00,1.225914478302001953e+00,1.600372672080993652e+00,2.794646263122558594e+00,2.688313961029052734e+00,2.346170902252197266e+00,2.088478326797485352e+00,1.724883079528808594e+00,1.473003268241882324e+00,1.116185784339904785e+00,8.708571195602416992e-01,5.601693391799926758e-01,5.448672771453857422e-01,6.559271216392517090e-01,8.435804843902587891e-01,1.140118122100830078e+00,1.366117835044860840e+00,1.695430040359497070e+00,2.965689182281494141e+00,2.856564044952392578e+00,2.494046449661254883e+00,2.289251565933227539e+00,1.922328829765319824e+00,1.735506415367126465e+00,1.405299782752990723e+00,1.244529485702514648e+00,1.010533094406127930e+00,1.064218640327453613e+00,1.103639125823974609e+00,1.217400312423706055e+00,1.418999791145324707e+00,1.639429211616516113e+00,1.900261878967285156e+00,3.188399076461791992e+00,3.086188554763793945e+00,2.717560052871704102e+00,2.561613559722900391e+00,2.207925558090209961e+00,2.085524797439575195e+00,1.787932276725769043e+00,1.691378474235534668e+00,1.497734189033508301e+00,1.579485297203063965e+00,1.584241390228271484e+00,1.658881068229675293e+00,1.783063292503356934e+00,1.986033558845520020e+00,2.182698965072631836e+00,3.439905166625976562e+00,3.330295085906982422e+00,2.965504884719848633e+00,2.855228662490844727e+00,2.507304191589355469e+00,2.457234859466552734e+00,2.195984125137329102e+00,2.157893657684326172e+00,1.992588400840759277e+00,2.100811481475830078e+00,2.081118345260620117e+00,2.140814781188964844e+00,2.201224565505981445e+00,2.379856348037719727e+00,2.510461568832397461e+00
2.634104490280151367e+00,2.552631855010986328e+00,2.275011062622070312e+00,2.000441312789916992e+00,1.667007327079772949e+00,1.424926042556762695e+00,1.066624164581298828e+00,8.748761415481567383e-01,5.375388860702514648e-01,3.960368335247039795e-01,0.000000000000000000e+00,3.682475984096527100e-01,6.751947999000549316e-01,9.473415017127990723e-01,1.304260969161987305e+00,2.671609163284301758e+00,2.599245548248291016e+00,2.278651714324951172e+00,2.050081253051757812e+00,1.671543240547180176e+00,1.486595749855041504e+00,1.107441067695617676e+00,9.701122045516967773e-01,6.428431272506713867e-01,6.616287231445312500e-01,5.156875848770141602e-01,6.046339869499206543e-01,8.111130595207214355e-01,1.079274415969848633e+00,1.379992365837097168e+00,2.788016557693481445e+00,2.715317010879516602e+00,2.366764068603515625e+00,2.195009469985961914e+00,1.817670464515686035e+00,1.693649530410766602e+00,1.349415063858032227e+00,1.276581287384033203e+00,1.026873230934143066e+00,1.113832473754882812e+00,1.017233967781066895e+00,1.042497038841247559e+00,1.150236725807189941e+00,1.375665545463562012e+00,1.592672705650329590e+00,2.967036485671997070e+00,2.899774312973022461e+00,2.541249752044677734e+00,2.421817541122436523e+00,2.065180063247680664e+00,2.000722169876098633e+00,1.701139688491821289e+00,1.678394556045532227e+00,1.481426835060119629e+00,1.597857356071472168e+00,1.514957070350646973e+00,1.515893220901489258e+00,1.562796711921691895e+00,1.747566819190979004e+00,1.894089698791503906e+00,3.187806129455566406e+00,3.110209941864013672e+00,2.755955219268798828e+00,2.682404518127441406e+00,2.340312242507934570e+00,2.344049930572509766e+00,2.090783596038818359e+00,2.116561889648437500e+00,1.954836249351501465e+00,2.098351716995239258e+00,2.018587827682495117e+00,2.016139030456542969e+00,2.016135692596435547e+00,2.162133693695068359e+00,2.242996454238891602e+00
2.306017875671386719e+00,2.242530107498168945e+00,1.985420703887939453e+00,1.737188458442687988e+00,1.396802425384521484e+00,1.217912077903747559e+00,8.633483052253723145e-01,8.098511099815368652e-01,5.765025615692138672e-01,6.621333360671997070e-01,3.682475984096527100e-01,0.000000000000000000e+00,3.739723265171051025e-01,5.863512754440307617e-01,9.495273828506469727e-01,2.323898792266845703e+00,2.272729873657226562e+00,1.960435628890991211e+00,1.761533975601196289e+00,1.379354596138000488e+00,1.256852269172668457e+00,8.911079168319702148e-01,8.834050297737121582e-01,6.637821793556213379e-01,8.430279493331909180e-01,6.562061905860900879e-01,5.062344670295715332e-01,6.313255429267883301e-01,8.052651882171630859e-01,1.079014301300048828e+00,2.441820383071899414e+00,2.390156269073486328e+00,2.042893171310424805e+00,1.903801679611206055e+00,1.533191800117492676e+00,1.467235803604125977e+00,1.154761433601379395e+00,1.182500243186950684e+00,1.018836498260498047e+00,1.214832663536071777e+00,1.097579479217529297e+00,9.957416653633117676e-01,1.055209398269653320e+00,1.188773870468139648e+00,1.364385485649108887e+00,2.639610528945922852e+00,2.591479301452636719e+00,2.231678962707519531e+00,2.143823385238647461e+00,1.804547786712646484e+00,1.789025068283081055e+00,1.530732154846191406e+00,1.581441998481750488e+00,1.455847859382629395e+00,1.652511596679687500e+00,1.565740466117858887e+00,1.485525131225585938e+00,1.509707212448120117e+00,1.617181062698364258e+00,1.727846145629882812e+00,2.890366554260253906e+00,2.829711198806762695e+00,2.473379135131835938e+00,2.429279565811157227e+00,2.111206531524658203e+00,2.152827024459838867e+00,1.944898247718811035e+00,2.021580696105957031e+00,1.920669913291931152e+00,2.125123500823974609e+00,2.052619457244873047e+00,1.992080450057983398e+00,1.986418485641479492e+00,2.068542003631591797e+00,2.126404047012329102e+00
2.258197069168090820e+00,2.233497858047485352e+00,2.022694349288940430e+00,1.821352362632751465e+00,1.487991452217102051e+00,1.399974703788757324e+00,1.076754093170166016e+00,1.126650214195251465e+00,9.369884133338928223e-01,1.024426460266113281e+00,6.751947999000549316e-01,3.739723265171051025e-01,0.000000000000000000e+00,3.788973689079284668e-01,6.606109738349914551e-01,2.210979700088500977e+00,2.203951358795166016e+00,1.927735447883605957e+00,1.777933597564697266e+00,1.408957958221435547e+00,1.379889011383056641e+00,1.053970813751220703e+00,1.150974035263061523e+00,9.780673384666442871e-01,1.147936344146728516e+00,8.727310895919799805e-01,6.136114001274108887e-01,4.909664392471313477e-01,6.218296289443969727e-01,7.939786314964294434e-01,2.270521879196166992e+00,2.266650438308715820e+00,1.945313453674316406e+00,1.858078479766845703e+00,1.501629590988159180e+00,1.521848320960998535e+00,1.239656567573547363e+00,1.361253142356872559e+00,1.224741339683532715e+00,1.434582471847534180e+00,1.237541794776916504e+00,1.041229009628295898e+00,9.676592350006103516e-01,1.044753551483154297e+00,1.124638795852661133e+00,2.425471544265747070e+00,2.422978162765502930e+00,2.081880569458007812e+00,2.046837329864501953e+00,1.725341200828552246e+00,1.785076260566711426e+00,1.555337309837341309e+00,1.686461329460144043e+00,1.584628105163574219e+00,1.808233857154846191e+00,1.661205768585205078e+00,1.503947257995605469e+00,1.443447947502136230e+00,1.494412064552307129e+00,1.526164531707763672e+00,2.651391506195068359e+00,2.632023811340332031e+00,2.292424678802490234e+00,2.298490047454833984e+00,2.004703998565673828e+00,2.110533714294433594e+00,1.933231115341186523e+00,2.076826572418212891e+00,1.998773932456970215e+00,2.234863758087158203e+00,2.119736433029174805e+00,1.994866490364074707e+00,1.932297706604003906e+00,1.958100557327270508e+00,1.953503727912902832e+00
1.906623840332031250e+00,1.878143310546875000e+00,1.693795323371887207e+00,1.513752579689025879e+00,1.203945517539978027e+00,1.190564036369323730e+00,9.373047351837158203e-01,1.107748985290527344e+00,1.043144583702087402e+00,1.225914478302001953e+00,9.473415017127990723e-01,5.863512754440307617e-01,3.788973689079284668e-01,0.000000000000000000e+00,3.797381520271301270e-01,1.834064722061157227e+00,1.828150391578674316e+00,1.560667037963867188e+00,1.432721257209777832e+00,1.077426552772521973e+00,1.119237780570983887e+00,8.600988388061523438e-01,1.075346589088439941e+00,1.029300451278686523e+00,1.286786913871765137e+00,1.064545512199401855e+00,7.267270684242248535e-01,6.124941110610961914e-01,4.881529211997985840e-01,6.091485619544982910e-01,1.904008626937866211e+00,1.900817513465881348e+00,1.575958728790283203e+00,1.511994600296020508e+00,1.173217535018920898e+00,1.250889897346496582e+00,1.035468220710754395e+00,1.245920181274414062e+00,1.217222929000854492e+00,1.503816843032836914e+00,1.346893310546875000e+00,1.084270834922790527e+00,1.027455091476440430e+00,9.687473773956298828e-01,1.021581530570983887e+00,2.099008083343505859e+00,2.094300270080566406e+00,1.745704650878906250e+00,1.729120373725891113e+00,1.434098362922668457e+00,1.531046748161315918e+00,1.364031076431274414e+00,1.551582217216491699e+00,1.537362575531005859e+00,1.823658347129821777e+00,1.714298486709594727e+00,1.512178421020507812e+00,1.477506995201110840e+00,1.442919135093688965e+00,1.468157172203063965e+00,2.378112554550170898e+00,2.354585409164428711e+00,2.006209373474121094e+00,2.025336265563964844e+00,1.761183619499206543e+00,1.885177612304687500e+00,1.764650583267211914e+00,1.937581896781921387e+00,1.931198000907897949e+00,2.214476585388183594e+00,2.137312650680541992e+00,1.981438398361206055e+00,1.950956106185913086e+00,1.920615077018737793e+00,1.926118373870849609e+00
1.800617456436157227e+00,1.823953866958618164e+00,1.704130053520202637e+00,1.597103953361511230e+00,1.323510050773620605e+00,1.411725401878356934e+00,1.217851281166076660e+00,1.447682738304138184e+00,1.408598899841308594e+00,1.600372672080993652e+00,1.304260969161987305e+00,9.495273828506469727e-01,6.606109738349914551e-01,3.797381520271301270e-01,0.000000000000000000e+00,1.658422708511352539e+00,1.715296149253845215e+00,1.502997398376464844e+00,1.456913709640502930e+00,1.157324552536010742e+00,1.309476971626281738e+00,1.134652614593505859e+00,1.407708525657653809e+00,1.398100733757019043e+00,1.653384685516357422e+00,1.408032655715942383e+00,1.053714036941528320e+00,8.408833146095275879e-01,6.193941831588745117e-01,4.826769828796386719e-01,1.676693797111511230e+00,1.740854382514953613e+00,1.456570744514465332e+00,1.477778434753417969e+00,1.196855306625366211e+00,1.380200743675231934e+00,1.242491364479064941e+00,1.519936919212341309e+00,1.531484723091125488e+00,1.824882984161376953e+00,1.639341115951538086e+00,1.330577015876770020e+00,1.192277789115905762e+00,1.041927814483642578e+00,9.579667448997497559e-01,1.850479722023010254e+00,1.907030105590820312e+00,1.586818337440490723e+00,1.649756550788879395e+00,1.410534381866455078e+00,1.597352862358093262e+00,1.497649788856506348e+00,1.754135847091674805e+00,1.782699108123779297e+00,2.088950395584106445e+00,1.953891992568969727e+00,1.697930216789245605e+00,1.606830000877380371e+00,1.493955135345458984e+00,1.430851340293884277e+00,2.134184837341308594e+00,2.162750244140625000e+00,1.837560057640075684e+00,1.925312876701354980e+00,1.716976165771484375e+00,1.910232067108154297e+00,1.850190639495849609e+00,2.082237482070922852e+00,2.117988348007202148e+00,2.428382158279418945e+00,2.333399295806884766e+00,2.125107049942016602e+00,2.058910131454467773e+00,1.959848642349243164e+00,1.906693816184997559e+00
6.226490139961242676e-01,6.577872633934020996e-01,9.481192231178283691e-01,1.170249819755554199e+00,1.316822052001953125e+00,1.681205987930297852e+00,1.877438426017761230e+00,2.251060485839843750e+00,2.478222370147705078e+00,2.794646263122558594e+00,2.671609163284301758e+00,2.323898792266845703e+00,2.210979700088500977e+00,1.834064722061157227e+00,1.658422708511352539e+00,0.000000000000000000e+00,3.864157795906066895e-01,5.801883935928344727e-01,9.419049024581909180e-01,1.154392123222351074e+00,1.523626804351806641e+00,1.774072885513305664e+00,2.142712593078613281e+00,2.409724235534667969e+00,2.760893583297729492e+00,2.691636800765991211e+00,2.352991580963134766e+00,2.296287775039672852e+00,1.941643953323364258e+00,1.822210431098937988e+00,6.466975212097167969e-01,7.364104986190795898e-01,6.652234196662902832e-01,9.960351586341857910e-01,1.205411911010742188e+00,1.524364113807678223e+00,1.791942238807678223e+00,2.129972219467163086e+00,2.416310071945190430e+00,2.789263725280761719e+00,2.774442434310913086e+00,2.467845201492309570e+00,2.464691400527954102e+00,2.153128862380981445e+00,2.087886333465576172e+00,1.276478767395019531e+00,1.295634269714355469e+00,1.111351609230041504e+00,1.300655603408813477e+00,1.448296785354614258e+00,1.683741211891174316e+00,1.929859757423400879e+00,2.218112707138061523e+00,2.507454633712768555e+00,2.886013507843017578e+00,2.918996095657348633e+00,2.659832000732421875e+00,2.701655864715576172e+00,2.444051027297973633e+00,2.425074815750122070e+00,1.883344173431396484e+00,1.868571281433105469e+00,1.626144051551818848e+00,1.748403787612915039e+00,1.822618722915649414e+00,1.983628153800964355e+00,2.201305389404296875e+00,2.421050548553466797e+00,2.697129249572753906e+00,3.065348863601684570e+00,3.137654542922973633e+00,2.921866416931152344e+00,2.998304605484008789e+00,2.791855812072753906e+00,2.818218946456909180e+00
7.632048726081848145e-01,5.743021368980407715e-01,8.535678982734680176e-01,9.927384257316589355e-01,1.211340904235839844e+00,1.539419174194335938e+00,1.778838634490966797e+00,2.130887985229492188e+00,2.384706020355224609e+00,2.688313961029052734e+00,2.599245548248291016e+00,2.272729873657226562e+00,2.203951358795166016e+00,1.828150391578674316e+00,1.715296149253845215e+00,3.864157795906066895e-01,0.000000000000000000e+00,3.756456077098846436e-01,6.702358126640319824e-01,9.729698300361633301e-01,1.307523250579833984e+00,1.606957912445068359e+00,1.957037568092346191e+00,2.254290580749511719e+00,2.597378969192504883e+00,2.563925266265869141e+00,2.244862556457519531e+00,2.233797788619995117e+00,1.880183219909667969e+00,1.820852994918823242e+00,7.194065451622009277e-01,5.876019001007080078e-01,4.592427909374237061e-01,7.064323425292968750e-01,9.792746901512145996e-01,1.257191896438598633e+00,1.571898460388183594e+00,1.890477418899536133e+00,2.209368705749511719e+00,2.577242136001586914e+00,2.599123001098632812e+00,2.312193870544433594e+00,2.355456113815307617e+00,2.047081470489501953e+00,2.038989067077636719e+00,1.296980738639831543e+00,1.197690725326538086e+00,9.787043333053588867e-01,1.068188667297363281e+00,1.224987983703613281e+00,1.404559135437011719e+00,1.680302381515502930e+00,1.942684054374694824e+00,2.261234998703002930e+00,2.635811567306518555e+00,2.705733060836791992e+00,2.468086957931518555e+00,2.555022001266479492e+00,2.307006835937500000e+00,2.341550827026367188e+00,1.880382061004638672e+00,1.785696029663085938e+00,1.517043590545654297e+00,1.558790326118469238e+00,1.615926504135131836e+00,1.717779159545898438e+00,1.943865418434143066e+00,2.130056381225585938e+00,2.427740573883056641e+00,2.789442300796508789e+00,2.896855831146240234e+00,2.703820705413818359e+00,2.822284221649169922e+00,2.634098291397094727e+00,2.709574222564697266e+00
6.875960230827331543e-01,4.460622072219848633e-01,5.607931017875671387e-01,6.400476694107055664e-01,8.360970616340637207e-01,1.166813254356384277e+00,1.411840677261352539e+00,1.766392827033996582e+00,2.030822992324829102e+00,2.346170902252197266e+00,2.278651714324951172e+00,1.960435628890991211e+00,1.927735447883605957e+00,1.560667037963867188e+00,1.502997398376464844e+00,5.801883935928344727e-01,3.756456077098846436e-01,0.000000000000000000e+00,3.822556436061859131e-01,6.435254216194152832e-01,9.806558489799499512e-01,1.278911352157592773e+00,1.627068638801574707e+00,1.930701971054077148e+00,2.286132812500000000e+00,2.273560523986816406e+00,1.969232320785522461e+00,1.993741154670715332e+00,1.664687633514404297e+00,1.657949566841125488e+00,9.840975999832153320e-01,8.538383841514587402e-01,5.572109222412109375e-01,6.661276221275329590e-01,8.074905276298522949e-01,1.041307806968688965e+00,1.323417663574218750e+00,1.623574852943420410e+00,1.936109066009521484e+00,2.311099529266357422e+00,2.350910902023315430e+00,2.085771322250366211e+00,2.158975362777709961e+00,1.888549327850341797e+00,1.923306345939636230e+00,1.530460953712463379e+00,1.424854159355163574e+00,1.129421710968017578e+00,1.149711966514587402e+00,1.188831925392150879e+00,1.315456867218017578e+00,1.528632044792175293e+00,1.758764386177062988e+00,2.052777528762817383e+00,2.425152063369750977e+00,2.506785869598388672e+00,2.295779228210449219e+00,2.402464628219604492e+00,2.198271512985229492e+00,2.263570070266723633e+00,2.085459470748901367e+00,1.983003616333007812e+00,1.668706178665161133e+00,1.673932075500488281e+00,1.642635464668273926e+00,1.712468504905700684e+00,1.871560215950012207e+00,2.026483774185180664e+00,2.286593675613403320e+00,2.637984752655029297e+00,2.748257160186767578e+00,2.584434509277343750e+00,2.710474729537963867e+00,2.565447807312011719e+00,2.657610177993774414e+00
1.025981068611145020e+00,7.338482737541198730e-01,6.872717142105102539e-01,5.314458012580871582e-01,7.173266410827636719e-01,9.500202536582946777e-01,1.206853270530700684e+00,1.522613763809204102e+00,1.796874880790710449e+00,2.088478326797485352e+00,2.050081253051757812e+00,1.761533975601196289e+00,1.777933597564697266e+00,1.432721257209777832e+00,1.456913709640502930e+00,9.419049024581909180e-01,6.702358126640319824e-01,3.822556436061859131e-01,0.000000000000000000e+00,3.833332657814025879e-01,6.488484144210815430e-01,9.842569828033447266e-01,1.308999300003051758e+00,1.631597280502319336e+00,1.975094437599182129e+00,1.993593811988830566e+00,1.715513467788696289e+00,1.791262865066528320e+00,1.484401583671569824e+00,1.555245637893676758e+00,1.205521225929260254e+00,9.890246987342834473e-01,6.437107920646667480e-01,5.141562223434448242e-01,5.555714368820190430e-01,6.900148987770080566e-01,9.899793267250061035e-01,1.264924287796020508e+00,1.597296357154846191e+00,1.967117071151733398e+00,2.037867069244384766e+00,1.799375653266906738e+00,1.921943068504333496e+00,1.678243041038513184e+00,1.781253814697265625e+00,1.652719020843505859e+00,1.480387091636657715e+00,1.144334554672241211e+00,1.045039534568786621e+00,9.951506853103637695e-01,1.028868317604064941e+00,1.213336110115051270e+00,1.404025316238403320e+00,1.703376173973083496e+00,2.069954395294189453e+00,2.179350376129150391e+00,1.997396826744079590e+00,2.146144390106201172e+00,1.974889755249023438e+00,2.096782445907592773e+00,2.145194530487060547e+00,1.990711450576782227e+00,1.646173477172851562e+00,1.573926687240600586e+00,1.470432400703430176e+00,1.475181698799133301e+00,1.588649392127990723e+00,1.701214909553527832e+00,1.949835658073425293e+00,2.289948225021362305e+00,2.420966863632202148e+00,2.287502527236938477e+00,2.445108413696289062e+00,2.337798357009887695e+00,2.473571777343750000e+00
1.188864231109619141e+00,9.790270328521728516e-01,8.146079182624816895e-01,5.686956048011779785e-01,5.211039781570434570e-01,6.893640756607055664e-01,8.666713237762451172e-01,1.186338543891906738e+00,1.433479785919189453e+00,1.724883079528808594e+00,1.671543240547180176e+00,1.379354596138000488e+00,1.408957958221435547e+00,1.077426552772521973e+00,1.157324552536010742e+00,1.154392123222351074e+00,9.729698300361633301e-01,6.435254216194152832e-01,3.833332657814025879e-01,0.000000000000000000e+00,3.814719319343566895e-01,6.370772719383239746e-01,9.931073188781738281e-01,1.288400053977966309e+00,1.642667055130004883e+00,1.644146323204040527e+00,1.362946391105651855e+00,1.450168967247009277e+00,1.170533418655395508e+00,1.285839676856994629e+00,1.389331340789794922e+00,1.228473305702209473e+00,8.506001830101013184e-01,7.019811868667602539e-01,4.995359480381011963e-01,5.816555023193359375e-01,7.460861802101135254e-01,1.027517080307006836e+00,1.314077734947204590e+00,1.692132830619812012e+00,1.741915941238403320e+00,1.507277131080627441e+00,1.631501197814941406e+00,1.428588390350341797e+00,1.555556416511535645e+00,1.783460497856140137e+00,1.645446777343750000e+00,1.276051521301269531e+00,1.174112439155578613e+00,1.002894163131713867e+00,1.023537516593933105e+00,1.089011907577514648e+00,1.268993496894836426e+00,1.503174066543579102e+00,1.866583347320556641e+00,1.948134779930114746e+00,1.774354219436645508e+00,1.911158204078674316e+00,1.781775712966918945e+00,1.909499406814575195e+00,2.230848073959350586e+00,2.098644495010375977e+00,1.731807231903076172e+00,1.665467143058776855e+00,1.486401081085205078e+00,1.503196954727172852e+00,1.532019734382629395e+00,1.643768787384033203e+00,1.824742794036865234e+00,2.155625820159912109e+00,2.252007007598876953e+00,2.128080606460571289e+00,2.261210918426513672e+00,2.187673091888427734e+00,2.313504934310913086e+00
1.505092978477478027e+00,1.264695763587951660e+00,1.036241531372070312e+00,6.899651885032653809e-01,6.019777655601501465e-01,5.279973149299621582e-01,7.032676935195922852e-01,9.338855743408203125e-01,1.206465482711791992e+00,1.473003268241882324e+00,1.486595749855041504e+00,1.256852269172668457e+00,1.379889011383056641e+00,1.119237780570983887e+00,1.309476971626281738e+00,1.523626804351806641e+00,1.307523250579833984e+00,9.806558489799499512e-01,6.488484144210815430e-01,3.814719319343566895e-01,0.000000000000000000e+00,3.811069726943969727e-01,6.627148389816284180e-01,1.003290534019470215e+00,1.349617362022399902e+00,1.421371340751647949e+00,1.205246448516845703e+00,1.386408209800720215e+00,1.181586503982543945e+00,1.398049235343933105e+00,1.739888191223144531e+00,1.539853096008300781e+00,1.174050927162170410e+00,9.331029653549194336e-01,6.715855002403259277e-01,5.037218332290649414e-01,5.600262284278869629e-01,7.235424518585205078e-01,1.026476740837097168e+00,1.395576238632202148e+00,1.508925557136535645e+00,1.341214418411254883e+00,1.545460700988769531e+00,1.414719462394714355e+00,1.625296473503112793e+00,2.085841178894042969e+00,1.909307718276977539e+00,1.538575053215026855e+00,1.359711527824401855e+00,1.123277068138122559e+00,1.015909910202026367e+00,9.864978194236755371e-01,1.054714918136596680e+00,1.258781433105468750e+00,1.597486019134521484e+00,1.727063655853271484e+00,1.618098497390747070e+00,1.813388466835021973e+00,1.751857042312622070e+00,1.944954276084899902e+00,2.484152555465698242e+00,2.316782712936401367e+00,1.942780017852783203e+00,1.814528346061706543e+00,1.575405120849609375e+00,1.513475775718688965e+00,1.464598655700683594e+00,1.495311856269836426e+00,1.630466938018798828e+00,1.926023721694946289e+00,2.051883697509765625e+00,1.987013101577758789e+00,2.157907724380493164e+00,2.147851467132568359e+00,2.320919036865234375e+00
