,A1,A2,A3,A4,A5,A6,A7,A8,A9,A10,A11,A12,A13,A14,A15,B1,B2,B3,B4,B5,B6,B7,B8,B9,B10,B11,B12,B13,B14,B15,C1,C2,C3,C4,C5,C6,C7,C8,C9,C10,C11,C12,C13,C14,C15,D1,D2,D3,D4,D5,D6,D7,D8,D9,D10,D11,D12,D13,D14,D15,E1,E2,E3,E4,E5,E6,E7,E8,E9,E10,E11,E12,E13,E14,E15
A1,0.0,0.38535213470458984,0.6540523171424866,0.9976240992546082,1.3005996942520142,1.6280279159545898,1.9801493883132935,2.042612314224243,1.8185205459594727,2.0476012229919434,1.9023264646530151,2.2331600189208984,2.1000232696533203,1.9899181127548218,1.6340289115905762,0.49520212411880493,0.5970941781997681,0.7651835680007935,1.0873116254806519,1.338678002357483,1.6688381433486938,2.03847599029541,2.135563611984253,1.9502497911453247,2.1780407428741455,2.089646577835083,2.402249574661255,2.3083529472351074,2.1985151767730713,1.844631314277649,0.9879377484321594,1.0159965753555298,1.111647129058838,1.3521655797958374,1.5456292629241943,1.847430944442749,2.209045171737671,2.331395387649536,2.183142900466919,2.399488687515259,2.332749605178833,2.602285861968994,2.561765432357788,2.463947057723999,2.113201141357422,1.499865174293518,1.488272786140442,1.5448615550994873,1.7100486755371094,1.858115553855896,2.1155927181243896,2.4560651779174805,2.5969903469085693,2.488745927810669,2.696371078491211,2.646373748779297,2.877248764038086,2.8499350547790527,2.778033494949341,2.4371461868286133,2.0580008029937744,1.9863649606704712,2.018643856048584,2.1251778602600098,2.2321524620056152,2.4503016471862793,2.7589104175567627,2.9250686168670654,2.8486852645874023,3.0576186180114746,3.0324854850769043,3.2678112983703613,3.23413348197937,3.300206184387207,2.9902005195617676
A2,0.38535213470458984,0.0,0.38637256622314453,0.6526541709899902,0.9929363131523132,1.292182207107544,1.6571906805038452,1.6952183246612549,1.4604538679122925,1.685530424118042,1.5530710220336914,1.884647011756897,1.7682604789733887,1.7048721313476562,1.3450512886047363,0.648342490196228,0.49711477756500244,0.6226073503494263,0.8357471823692322,1.0990875959396362,1.387804388999939,1.7644537687301636,1.835119605064392,1.6456502676010132,1.8597002029418945,1.7862917184829712,2.087559223175049,2.009493350982666,1.9464160203933716,1.6012063026428223,1.08946692943573,0.9844147562980652,1.0526046752929688,1.1927334070205688,1.383125901222229,1.6323431730270386,1.9923003911972046,2.0844364166259766,1.9356470108032227,2.1292595863342285,2.0766212940216064,2.3248186111450195,2.304471492767334,2.251546621322632,1.916872501373291,1.5731542110443115,1.474557638168335,1.52313232421875,1.6090993881225586,1.755922555923462,1.9594290256500244,2.2941930294036865,2.401844024658203,2.2929556369781494,2.4726979732513428,2.4359567165374756,2.642153024673462,2.634050130844116,2.605476140975952,2.2856078147888184,2.1057069301605225,1.972797155380249,2.0146944522857666,2.0598316192626953,2.17488956451416,2.343029260635376,2.6485376358032227,2.7778618335723877,2.7014694213867188,2.8776490688323975,2.862386703491211,3.0693066120147705,3.0537655353546143,3.1598896980285645,2.8776440620422363
A3,0.6540523171424866,0.38637256622314453,0.0,0.3843291401863098,0.6468331813812256,0.9833257794380188,1.33316171169281,1.4303618669509888,1.2598601579666138,1.5483667850494385,1.5037059783935547,1.8615376949310303,1.8196382522583008,1.8294050693511963,1.4810539484024048,0.8837088942527771,0.632199227809906,0.49997928738594055,0.6187628507614136,0.7815670371055603,1.0796746015548706,1.4436241388320923,1.5682668685913086,1.442138433456421,1.7093619108200073,1.7156552076339722,2.0382184982299805,2.0318424701690674,2.0367681980133057,1.7034639120101929,1.2508265972137451,1.057425618171692,0.9846869707107544,1.0408103466033936,1.137887716293335,1.3646364212036133,1.7013764381408691,1.8345743417739868,1.7436139583587646,1.9755014181137085,1.992088794708252,2.259019374847412,2.3034772872924805,2.3095295429229736,1.9862523078918457,1.691308617591858,1.5232417583465576,1.4795756340026855,1.4966416358947754,1.5690275430679321,1.7362850904464722,2.040163516998291,2.1750338077545166,2.1167752742767334,2.3214833736419678,2.3436789512634277,2.567582845687866,2.6157240867614746,2.6385765075683594,2.3297269344329834,2.1952173709869385,2.006517171859741,1.9862675666809082,1.9734458923339844,2.0317981243133545,2.1584370136260986,2.430675506591797,2.5725154876708984,2.540524482727051,2.726987838745117,2.761932849884033,2.975898027420044,3.008619546890259,3.1502974033355713,2.8860368728637695
A4,0.9976240992546082,0.6526541709899902,0.3843291401863098,0.0,0.37786418199539185,0.6401292681694031,1.006384015083313,1.0633964538574219,0.8870733380317688,1.1848078966140747,1.1842148303985596,1.5416808128356934,1.5462768077850342,1.6228712797164917,1.3006763458251953,1.1420478820800781,0.8014530539512634,0.6365550756454468,0.4990367293357849,0.6198341846466064,0.8111557960510254,1.1740617752075195,1.2568937540054321,1.1341259479522705,1.3868780136108398,1.4287177324295044,1.7350804805755615,1.7648255825042725,1.8335590362548828,1.5302654504776,1.4319689273834229,1.1555837392807007,1.060166358947754,0.9787676334381104,1.051608920097351,1.1811336278915405,1.4996914863586426,1.587292194366455,1.5013315677642822,1.702472448348999,1.7449426651000977,1.9846333265304565,2.0615034103393555,2.123962879180908,1.832419753074646,1.8125824928283691,1.5773231983184814,1.5270469188690186,1.4545527696609497,1.5191526412963867,1.6092145442962646,1.8940783739089966,1.9824825525283813,1.9256631135940552,2.0936625003814697,2.1351356506347656,2.329188108444214,2.4037694931030273,2.476858377456665,2.2002930641174316,2.266282320022583,2.026746988296509,2.015944719314575,1.9391897916793823,2.0044708251953125,2.0698277950286865,2.3310141563415527,2.4253952503204346,2.393280267715454,2.5390210151672363,2.5859670639038086,2.7661402225494385,2.8210291862487793,3.0036070346832275,2.774364709854126
A5,1.3005996942520142,0.9929363131523132,0.6468331813812256,0.37786418199539185,0.0,0.3670291006565094,0.6981268525123596,0.8688012361526489,0.8307470679283142,1.1875523328781128,1.3034254312515259,1.6521375179290771,1.7306932210922241,1.871901512145996,1.5815420150756836,1.4582616090774536,1.1205612421035767,0.8592753410339355,0.6377003788948059,0.5150483846664429,0.6163932085037231,0.9212127327919006,1.0849214792251587,1.0775152444839478,1.375054955482483,1.5154671669006348,1.817776083946228,1.9202144145965576,2.052029609680176,1.7780829668045044,1.7144192457199097,1.41238534450531,1.2272168397903442,1.068564772605896,1.0085091590881348,1.0616098642349243,1.3143919706344604,1.448486328125,1.4499624967575073,1.6799975633621216,1.8041272163391113,2.045689105987549,2.187967300415039,2.3073155879974365,2.04089093208313,2.0574095249176025,1.7870409488677979,1.6648719310760498,1.529314398765564,1.5057029724121094,1.5330730676651,1.7584879398345947,1.8714812994003296,1.881068468093872,2.0654964447021484,2.1737308502197266,2.3746345043182373,2.5061705112457275,2.6295268535614014,2.3741846084594727,2.4772510528564453,2.2024519443511963,2.1381900310516357,2.0084939002990723,2.0120275020599365,2.022500991821289,2.2329695224761963,2.3341312408447266,2.3551347255706787,2.503246307373047,2.6051104068756104,2.7838406562805176,2.8890016078948975,3.105515956878662,2.900648355484009
A6,1.6280279159545898,1.292182207107544,0.9833257794380188,0.6401292681694031,0.3670291006565094,0.0,0.37888553738594055,0.5229848027229309,0.5729933977127075,0.9335944056510925,1.1396794319152832,1.4559465646743774,1.5998492240905762,1.8080589771270752,1.5693788528442383,1.741944670677185,1.3758999109268188,1.131127953529358,0.8184004426002502,0.6548543572425842,0.5225882530212402,0.7355075478553772,0.8425422310829163,0.886748731136322,1.1524040699005127,1.3549304008483887,1.6189854145050049,1.7725223302841187,1.9714772701263428,1.7464872598648071,1.9489338397979736,1.610531210899353,1.4253857135772705,1.1820728778839111,1.0954561233520508,1.0203535556793213,1.2076674699783325,1.2821904420852661,1.3100301027297974,1.495147943496704,1.6598740816116333,1.8611016273498535,2.044701337814331,2.223639488220215,2.0023810863494873,2.240635871887207,1.9317392110824585,1.8089118003845215,1.60637629032135,1.5708236694335938,1.5125393867492676,1.6949347257614136,1.7530546188354492,1.7739150524139404,1.9127304553985596,2.0484323501586914,2.212564706802368,2.376314163208008,2.5515358448028564,2.337341070175171,2.6091396808624268,2.300762176513672,2.2440130710601807,2.0620293617248535,2.067631483078003,2.014854669570923,2.201002359390259,2.249795913696289,2.2757675647735596,2.3774259090423584,2.4958508014678955,2.635671854019165,2.767483949661255,3.0228397846221924,2.8580925464630127
A7,1.9801493883132935,1.6571906805038452,1.33316171169281,1.006384015083313,0.6981268525123596,0.37888553738594055,0.0,0.3860399127006531,0.6654444932937622,0.9867343306541443,1.2863107919692993,1.5615439414978027,1.7772272825241089,2.026184320449829,1.8319834470748901,2.0657856464385986,1.695716142654419,1.4201478958129883,1.0805459022521973,0.8327860236167908,0.5555344820022583,0.5376293063163757,0.6766945123672485,0.8712757229804993,1.1302982568740845,1.420776128768921,1.6564706563949585,1.880865216255188,2.1314191818237305,1.9481580257415771,2.224000930786133,1.8659535646438599,1.6390280723571777,1.3418174982070923,1.1754002571105957,0.9896942973136902,1.0546470880508423,1.1278934478759766,1.2468856573104858,1.4266774654388428,1.6675305366516113,1.8520303964614868,2.097121477127075,2.329241991043091,2.1467838287353516,2.4627912044525146,2.1251485347747803,1.9607088565826416,1.7018853425979614,1.6051685810089111,1.4642413854599,1.5655548572540283,1.6106632947921753,1.6905624866485596,1.8189542293548584,2.0161314010620117,2.1709086894989014,2.3887202739715576,2.614056348800659,2.434579610824585,2.7783570289611816,2.4401161670684814,2.3506674766540527,2.1172285079956055,2.080838680267334,1.9613077640533447,2.0908632278442383,2.116543769836426,2.184800624847412,2.2664146423339844,2.432854175567627,2.555781126022339,2.7357778549194336,3.0244269371032715,2.895669937133789
A8,2.042612314224243,1.6952183246612549,1.4303618669509888,1.0633964538574219,0.8688012361526489,0.5229848027229309,0.3860399127006531,0.0,0.36986446380615234,0.6234012842178345,0.9592461585998535,1.2061474323272705,1.4580705165863037,1.7285189628601074,1.5813671350479126,2.0663812160491943,1.6800100803375244,1.4604384899139404,1.087174892425537,0.9372264742851257,0.6165857911109924,0.6220324039459229,0.5120137333869934,0.6168370246887207,0.7876684665679932,1.0842069387435913,1.285528302192688,1.5256493091583252,1.8064559698104858,1.6629148721694946,2.1803338527679443,1.8066730499267578,1.630181074142456,1.3037605285644531,1.2132316827774048,0.9884535074234009,1.0734392404556274,1.0112626552581787,1.0521169900894165,1.146501898765564,1.3642897605895996,1.505723237991333,1.7509727478027344,2.0079593658447266,1.859656572341919,2.379352569580078,2.0279123783111572,1.910753846168518,1.6318248510360718,1.5976430177688599,1.4326200485229492,1.5581550598144531,1.5133321285247803,1.5290592908859253,1.5882482528686523,1.7531185150146484,1.8632087707519531,2.0708980560302734,2.313825845718384,2.1636624336242676,2.6569528579711914,2.3105854988098145,2.268385410308838,2.023463726043701,2.0437376499176025,1.912137508392334,2.0713441371917725,2.0337765216827393,2.048962354660034,2.0775063037872314,2.2076456546783447,2.2910571098327637,2.4549994468688965,2.756493091583252,2.6501336097717285
A9,1.8185205459594727,1.4604538679122925,1.2598601579666138,0.8870733380317688,0.8307470679283142,0.5729933977127075,0.6654444932937622,0.36986446380615234,0.0,0.37425610423088074,0.622925341129303,0.9260574579238892,1.134634017944336,1.3751728534698486,1.2143577337265015,1.808555006980896,1.421268343925476,1.266971468925476,0.9037351608276367,0.8858688473701477,0.6578205227851868,0.8246561288833618,0.6480281949043274,0.5148293972015381,0.6352058053016663,0.8216489553451538,1.050724744796753,1.2280840873718262,1.475408673286438,1.3109732866287231,1.9183543920516968,1.551682710647583,1.4401886463165283,1.1410459280014038,1.158835768699646,1.0071494579315186,1.1968352794647217,1.0924471616744995,1.0055840015411377,1.0647404193878174,1.1825120449066162,1.326128602027893,1.507225513458252,1.7240184545516968,1.5541749000549316,2.125861167907715,1.7891842126846313,1.7327868938446045,1.4897080659866333,1.5394604206085205,1.4338167905807495,1.6363886594772339,1.5691550970077515,1.501308798789978,1.5413036346435547,1.6268056631088257,1.7284997701644897,1.876425862312317,2.078207492828369,1.9087026119232178,2.419119119644165,2.092757225036621,2.102705717086792,1.8955620527267456,1.979465365409851,1.8998236656188965,2.118913173675537,2.0761539936065674,2.0297820568084717,2.0555732250213623,2.1226415634155273,2.206967830657959,2.316058874130249,2.5896999835968018,2.4599380493164062
A10,2.0476012229919434,1.685530424118042,1.5483667850494385,1.1848078966140747,1.1875523328781128,0.9335944056510925,0.9867343306541443,0.6234012842178345,0.37425610423088074,0.0,0.3840111196041107,0.5864868760108948,0.8649144172668457,1.1560800075531006,1.0888571739196777,1.9958806037902832,1.6191823482513428,1.5306955575942993,1.185723066329956,1.226563572883606,0.9987350106239319,1.114542841911316,0.8361304998397827,0.6361405253410339,0.5101890563964844,0.6270954012870789,0.7418287396430969,0.9302341938018799,1.237971544265747,1.1533819437026978,2.067052125930786,1.7082161903381348,1.656160593032837,1.3601737022399902,1.4307268857955933,1.2579476833343506,1.4205231666564941,1.2215229272842407,1.0726830959320068,0.995682954788208,1.0503536462783813,1.093124508857727,1.257493019104004,1.5126181840896606,1.4066946506500244,2.230149507522583,1.8962920904159546,1.8930866718292236,1.6457407474517822,1.7437744140625,1.6167099475860596,1.8120192289352417,1.6680927276611328,1.5467772483825684,1.495202898979187,1.5318751335144043,1.5545756816864014,1.6789854764938354,1.9037805795669556,1.7850165367126465,2.474583864212036,2.151517868041992,2.2122530937194824,2.000753879547119,2.132079601287842,2.0375025272369385,2.2643067836761475,2.1613247394561768,2.06956148147583,2.0301902294158936,2.054600477218628,2.079151153564453,2.1658287048339844,2.4538137912750244,2.360038995742798
A11,1.9023264646530151,1.5530710220336914,1.5037059783935547,1.1842148303985596,1.3034254312515259,1.1396794319152832,1.2863107919692993,0.9592461585998535,0.622925341129303,0.3840111196041107,0.0,0.3822559416294098,0.5448785424232483,0.7814032435417175,0.7195371985435486,1.8095195293426514,1.4592254161834717,1.4605145454406738,1.1741254329681396,1.3255378007888794,1.1897732019424438,1.3837950229644775,1.1161961555480957,0.8185856342315674,0.6605653762817383,0.5261727571487427,0.6334141492843628,0.6597721576690674,0.9042682647705078,0.8009501695632935,1.8673795461654663,1.5392818450927734,1.5726954936981201,1.336349606513977,1.502628207206726,1.4067593812942505,1.6339898109436035,1.4304925203323364,1.1966397762298584,1.0958207845687866,1.0112186670303345,1.041202187538147,1.0841658115386963,1.2643251419067383,1.1366029977798462,2.0296554565429688,1.7296522855758667,1.801629662513733,1.6107524633407593,1.7865854501724243,1.723332405090332,1.9740232229232788,1.8252414464950562,1.6374236345291138,1.5734705924987793,1.516372799873352,1.5255684852600098,1.5609393119812012,1.7193883657455444,1.5811870098114014,2.2818617820739746,1.9946404695510864,2.116058111190796,1.9565582275390625,2.1479642391204834,2.109473943710327,2.383117198944092,2.283534526824951,2.1379661560058594,2.1009092330932617,2.056727647781372,2.0828940868377686,2.1004271507263184,2.3446340560913086,2.2245097160339355
A12,2.2331600189208984,1.884647011756897,1.8615376949310303,1.5416808128356934,1.6521375179290771,1.4559465646743774,1.5615439414978027,1.2061474323272705,0.9260574579238892,0.5864868760108948,0.3822559416294098,0.0,0.3757409453392029,0.7162729501724243,0.8244288563728333,2.1369974613189697,1.8051958084106445,1.8346872329711914,1.5561522245407104,1.6998172998428345,1.5354593992233276,1.6830265522003174,1.3788918256759644,1.1098614931106567,0.8479970693588257,0.6863572001457214,0.5528396964073181,0.5257390141487122,0.852936863899231,0.8964165449142456,2.1808266639709473,1.871272087097168,1.9322624206542969,1.697507381439209,1.8636168241500854,1.7381330728530884,1.9265460968017578,1.677382230758667,1.442883014678955,1.252379298210144,1.1341458559036255,1.0292332172393799,1.0330256223678589,1.2512190341949463,1.224562168121338,2.3121964931488037,2.025010347366333,2.125282049179077,1.93013596534729,2.11543345451355,2.024904727935791,2.2496631145477295,2.0532069206237793,1.8496630191802979,1.7125855684280396,1.626598834991455,1.5450530052185059,1.5531623363494873,1.735163688659668,1.6685707569122314,2.5197513103485107,2.2429797649383545,2.3958852291107178,2.230638027191162,2.44122576713562,2.3805909156799316,2.642695665359497,2.497694730758667,2.331345558166504,2.2356743812561035,2.1639387607574463,2.123380184173584,2.1232070922851562,2.3808982372283936,2.3083832263946533
A13,2.1000232696533203,1.7682604789733887,1.8196382522583008,1.5462768077850342,1.7306932210922241,1.5998492240905762,1.7772272825241089,1.4580705165863037,1.134634017944336,0.8649144172668457,0.5448785424232483,0.3757409453392029,0.0,0.39552125334739685,0.5494844317436218,2.009800910949707,1.717535138130188,1.8203463554382324,1.6046956777572632,1.811912178993225,1.716955542564392,1.9251292943954468,1.6556955575942993,1.356634259223938,1.1451739072799683,0.9084370136260986,0.8210400342941284,0.6036186218261719,0.759843111038208,0.7741259336471558,2.081843614578247,1.8196125030517578,1.9471838474273682,1.7777824401855469,1.9965269565582275,1.9357517957687378,2.173091411590576,1.952728271484375,1.6912506818771362,1.5312033891677856,1.3526031970977783,1.2711303234100342,1.169076919555664,1.2745442390441895,1.2132325172424316,2.2461049556732178,2.0082082748413086,2.1639750003814697,2.029759645462036,2.257239818572998,2.223829746246338,2.4880220890045166,2.3158457279205322,2.0888400077819824,1.9734752178192139,1.83865487575531,1.7687729597091675,1.7049411535263062,1.8070613145828247,1.710927963256836,2.4886951446533203,2.2586216926574707,2.4518699645996094,2.341275691986084,2.58235239982605,2.5727758407592773,2.86540150642395,2.744791269302368,2.5568084716796875,2.4834983348846436,2.3740108013153076,2.3499486446380615,2.2975287437438965,2.506713628768921,2.401149034500122
A14,1.9899181127548218,1.7048721313476562,1.8294050693511963,1.6228712797164917,1.871901512145996,1.8080589771270752,2.026184320449829,1.7285189628601074,1.3751728534698486,1.1560800075531006,0.7814032435417175,0.7162729501724243,0.39552125334739685,0.0,0.36000144481658936,1.8427232503890991,1.6054837703704834,1.781267762184143,1.6352097988128662,1.9038892984390259,1.8733183145523071,2.121107339859009,1.8657952547073364,1.5272319316864014,1.3424038887023926,1.026223063468933,0.9859692454338074,0.6547263264656067,0.5671699643135071,0.549311101436615,1.8789960145950317,1.6704233884811401,1.8684552907943726,1.7646039724349976,2.0409464836120605,2.039456367492676,2.3143646717071533,2.104387044906616,1.801375389099121,1.6575435400009155,1.4060252904891968,1.355399250984192,1.1530252695083618,1.1258424520492554,1.0301142930984497,2.023205280303955,1.836726188659668,2.0538129806518555,1.9803667068481445,2.2580065727233887,2.2792320251464844,2.5786430835723877,2.4164865016937256,2.151850938796997,2.050088882446289,1.8539245128631592,1.8011375665664673,1.6617510318756104,1.6719744205474854,1.546458125114441,2.2599167823791504,2.0792794227600098,2.318993091583252,2.2640328407287598,2.544379949569702,2.5860705375671387,2.909541130065918,2.8036279678344727,2.581109046936035,2.5266778469085693,2.368499994277954,2.3656363487243652,2.254547357559204,2.4039971828460693,2.263523578643799
A15,1.6340289115905762,1.3450512886047363,1.4810539484024048,1.3006763458251953,1.5815420150756836,1.5693788528442383,1.8319834470748901,1.5813671350479126,1.2143577337265015,1.0888571739196777,0.7195371985435486,0.8244288563728333,0.5494844317436218,0.36000144481658936,0.0,1.5124298334121704,1.2683312892913818,1.4538034200668335,1.3374184370040894,1.6282345056533813,1.6476712226867676,1.937181830406189,1.7328300476074219,1.3974571228027344,1.3007410764694214,1.0199410915374756,1.1053045988082886,0.847987174987793,0.7608321905136108,0.5510498881340027,1.6007429361343384,1.3913308382034302,1.588549017906189,1.5151886940002441,1.7982802391052246,1.8415340185165405,2.148847818374634,1.9910881519317627,1.7030014991760254,1.6349679231643677,1.4192333221435547,1.46061372756958,1.3068856000900269,1.266864538192749,1.070365309715271,1.8124926090240479,1.6301029920578003,1.8329484462738037,1.7850539684295654,2.0552492141723633,2.1126925945281982,2.432774305343628,2.320802927017212,2.078545093536377,2.040466070175171,1.875403881072998,1.8933645486831665,1.7861533164978027,1.7839598655700684,1.5908746719360352,2.1227638721466064,1.9432463645935059,2.1560142040252686,2.119476079940796,2.379795551300049,2.448826551437378,2.779939889907837,2.7202541828155518,2.5223660469055176,2.520127534866333,2.3911855220794678,2.4426021575927734,2.353071689605713,2.4950149059295654,2.3117549419403076
B1,0.49520212411880493,0.648342490196228,0.8837088942527771,1.1420478820800781,1.4582616090774536,1.741944670677185,2.0657856464385986,2.0663812160491943,1.808555006980896,1.9958806037902832,1.8095195293426514,2.1369974613189697,2.009800910949707,1.8427232503890991,1.5124298334121704,0.0,0.3883541226387024,0.6829383373260498,1.022788643836975,1.3341197967529297,1.653273105621338,2.014854907989502,2.059536933898926,1.8259086608886719,2.0268239974975586,1.8886958360671997,2.2092792987823486,2.1010706424713135,1.9382184743881226,1.5835415124893188,0.4977445602416992,0.6019794344902039,0.8128671646118164,1.1203479766845703,1.3924479484558105,1.7127364873886108,2.0861191749572754,2.1688311100006104,1.9706178903579712,2.172520160675049,2.0578832626342773,2.3418707847595215,2.269981622695923,2.123137950897217,1.7624166011810303,1.0112576484680176,1.036009669303894,1.1573429107666016,1.381123423576355,1.5967319011688232,1.887265682220459,2.252088785171509,2.3654677867889404,2.2114264965057373,2.4121623039245605,2.3183138370513916,2.560020923614502,2.5008251667022705,2.384917736053467,2.0308825969696045,1.570139765739441,1.5238269567489624,1.5929505825042725,1.7431482076644897,1.9002141952514648,2.1543095111846924,2.492077589035034,2.6429967880249023,2.524561643600464,2.7345213890075684,2.670879364013672,2.917609453201294,2.852118968963623,2.8802330493927,2.5534610748291016
B2,0.5970941781997681,0.49711477756500244,0.632199227809906,0.8014530539512634,1.1205612421035767,1.3758999109268188,1.695716142654419,1.6800100803375244,1.421268343925476,1.6191823482513428,1.4592254161834717,1.8051958084106445,1.717535138130188,1.6054837703704834,1.2683312892913818,0.3883541226387024,0.0,0.3795720934867859,0.656034529209137,0.9934645891189575,1.288630723953247,1.6564466953277588,1.6858344078063965,1.4519541263580322,1.6606559753417969,1.5503103733062744,1.8813706636428833,1.8096102476119995,1.7047168016433716,1.3488099575042725,0.65041184425354,0.4874662458896637,0.6203783750534058,0.8274242281913757,1.1028759479522705,1.3877583742141724,1.7654471397399902,1.8310930728912354,1.6378039121627808,1.8377556800842285,1.7509640455245972,2.033933162689209,1.9999786615371704,1.9099795818328857,1.5564589500427246,1.0961694717407227,0.9774940609931946,1.0513536930084229,1.1751137971878052,1.379150152206421,1.6209020614624023,1.9830312728881836,2.0754642486572266,1.9294371604919434,2.1186411380767822,2.0519936084747314,2.2852392196655273,2.2614336013793945,2.201063871383667,1.862366795539856,1.6158394813537598,1.4762102365493774,1.529625415802002,1.597496509552002,1.7476775646209717,1.9476220607757568,2.2799696922302246,2.4034948348999023,2.295401096343994,2.4834728240966797,2.443471670150757,2.6723711490631104,2.6386396884918213,2.71592378616333,2.416811466217041
B3,0.7651835680007935,0.6226073503494263,0.49997928738594055,0.6365550756454468,0.8592753410339355,1.131127953529358,1.4201478958129883,1.4604384899139404,1.266971468925476,1.5306955575942993,1.4605145454406738,1.8346872329711914,1.8203463554382324,1.781267762184143,1.4538034200668335,0.6829383373260498,0.3795720934867859,0.0,0.38336145877838135,0.6525055766105652,0.9868784546852112,1.3444987535476685,1.434597373008728,1.2652899026870728,1.5420308113098145,1.5193225145339966,1.8783799409866333,1.8839412927627563,1.8503175973892212,1.509745478630066,0.8700836300849915,0.6139753460884094,0.48484331369400024,0.6083857417106628,0.7886951565742493,1.0880972146987915,1.455579400062561,1.576280951499939,1.4448879957199097,1.7014704942703247,1.6937267780303955,2.005502462387085,2.0436692237854004,2.016510009765625,1.676802158355713,1.2443162202835083,1.0460810661315918,0.9798183441162109,1.025108814239502,1.1374132633209229,1.3602733612060547,1.700093150138855,1.8345872163772583,1.7457243204116821,1.9758230447769165,1.9771121740341187,2.2388060092926025,2.27839732170105,2.272331714630127,1.9447396993637085,1.7228667736053467,1.5212557315826416,1.4868229627609253,1.4897122383117676,1.5665358304977417,1.731038212776184,2.0320498943328857,2.1808972358703613,2.124037504196167,2.3346800804138184,2.35278582572937,2.597773313522339,2.617943048477173,2.7306149005889893,2.4480483531951904
B4,1.0873116254806519,0.8357471823692322,0.6187628507614136,0.4990367293357849,0.6377003788948059,0.8184004426002502,1.0805459022521973,1.087174892425537,0.9037351608276367,1.185723066329956,1.1741254329681396,1.5561522245407104,1.6046956777572632,1.6352097988128662,1.3374184370040894,1.022788643836975,0.656034529209137,0.38336145877838135,0.0,0.3688972294330597,0.6330427527427673,1.0013980865478516,1.0612249374389648,0.8976596593856812,1.1922729015350342,1.224652886390686,1.5859276056289673,1.647247552871704,1.6875948905944824,1.3777977228164673,1.145504117012024,0.8030142188072205,0.6212129592895508,0.4799792170524597,0.6050574779510498,0.8015792369842529,1.1671472787857056,1.2538151741027832,1.1344789266586304,1.3849267959594727,1.4231098890304565,1.724610447883606,1.813399076461792,1.8556863069534302,1.5482841730117798,1.4339288473129272,1.1499706506729126,1.0521913766860962,0.9563721418380737,1.035792589187622,1.1602444648742676,1.4818326234817505,1.5766171216964722,1.4995695352554321,1.7059131860733032,1.7436587810516357,1.9870270490646362,2.069235324859619,2.126638889312744,1.8328237533569336,1.8400532007217407,1.5711361169815063,1.5313864946365356,1.4419928789138794,1.510315179824829,1.5939148664474487,1.8780964612960815,1.9814280271530151,1.9350147247314453,2.109656810760498,2.1539175510406494,2.3705012798309326,2.426016092300415,2.589451789855957,2.345928192138672
B5,1.338678002357483,1.0990875959396362,0.7815670371055603,0.6198341846466064,0.5150483846664429,0.6548543572425842,0.8327860236167908,0.9372264742851257,0.8858688473701477,1.226563572883606,1.3255378007888794,1.6998172998428345,1.811912178993225,1.9038892984390259,1.6282345056533813,1.3341197967529297,0.9934645891189575,0.6525055766105652,0.3688972294330597,0.0,0.37056753039360046,0.7094350457191467,0.8819757699966431,0.8549066781997681,1.2114977836608887,1.3522493839263916,1.70760178565979,1.8401700258255005,1.942274570465088,1.662946105003357,1.4515551328659058,1.113592505455017,0.8384896516799927,0.6166611313819885,0.4936768710613251,0.6096228361129761,0.922316312789917,1.089860439300537,1.082493782043457,1.3814369440078735,1.5159717798233032,1.8212157487869263,1.9789998531341553,2.0787932872772217,1.800568699836731,1.704980492591858,1.3998395204544067,1.213652491569519,1.0453766584396362,0.9914413094520569,1.0426340103149414,1.299731731414795,1.440992832183838,1.449360728263855,1.6870195865631104,1.8047480583190918,2.0603690147399902,2.204929828643799,2.313758611679077,2.0441384315490723,2.071765899658203,1.7729618549346924,1.6647664308547974,1.516120433807373,1.4986189603805542,1.519608974456787,1.744677186012268,1.8678065538406372,1.888221025466919,2.075169324874878,2.1851634979248047,2.405869960784912,2.5173487663269043,2.714193105697632,2.4959328174591064
B6,1.6688381433486938,1.387804388999939,1.0796746015548706,0.8111557960510254,0.6163932085037231,0.5225882530212402,0.5555344820022583,0.6165857911109924,0.6578205227851868,0.9987350106239319,1.1897732019424438,1.5354593992233276,1.716955542564392,1.8733183145523071,1.6476712226867676,1.653273105621338,1.288630723953247,0.9868784546852112,0.6330427527427673,0.37056753039360046,0.0,0.3798362910747528,0.5314351320266724,0.5964766144752502,0.9622642397880554,1.1904678344726562,1.5165259838104248,1.7132680416107178,1.8873540163040161,1.6593589782714844,1.7365037202835083,1.3696539402008057,1.111560583114624,0.7961719036102295,0.6291239261627197,0.49807825684547424,0.7221826910972595,0.8338087797164917,0.880670964717865,1.1539306640625,1.3555985689163208,1.6286031007766724,1.8426836729049683,2.011625289916992,1.7830380201339722,1.9359029531478882,1.5926607847213745,1.4076370000839233,1.1537797451019287,1.0724084377288818,0.9909085035324097,1.1844412088394165,1.2646563053131104,1.299976110458374,1.4958029985427856,1.6602240800857544,1.8836721181869507,2.0742955207824707,2.2457237243652344,2.0223116874694824,2.2408998012542725,1.9047205448150635,1.801760196685791,1.58546781539917,1.5618048906326294,1.4940314292907715,1.6820094585418701,1.7445964813232422,1.7800054550170898,1.917414903640747,2.0571000576019287,2.2389838695526123,2.388605833053589,2.6325981616973877,2.4603970050811768
B7,2.03847599029541,1.7644537687301636,1.4436241388320923,1.1740617752075195,0.9212127327919006,0.7355075478553772,0.5376293063163757,0.6220324039459229,0.8246561288833618,1.114542841911316,1.3837950229644775,1.6830265522003174,1.9251292943954468,2.121107339859009,1.937181830406189,2.014854907989502,1.6564466953277588,1.3444987535476685,1.0013980865478516,0.7094350457191467,0.3798362910747528,0.0,0.3826856315135956,0.6687085628509521,1.0021536350250244,1.3156431913375854,1.6017906665802002,1.8649836778640747,2.088031530380249,1.9057408571243286,2.060880661010742,1.6895498037338257,1.4054946899414062,1.062630295753479,0.8154898881912231,0.530005693435669,0.517158567905426,0.6516686081886292,0.8480075001716614,1.1167129278182983,1.4076213836669922,1.6580854654312134,1.9354557991027832,2.1575894355773926,1.9745982885360718,2.2063064575195312,1.844645619392395,1.6211373805999756,1.314502239227295,1.1548608541488647,0.9585375785827637,1.0284631252288818,1.0985119342803955,1.221614956855774,1.410417914390564,1.6521852016448975,1.8660691976547241,2.1167829036712646,2.3407721519470215,2.1588263511657715,2.4496374130249023,2.0886170864105225,1.9495244026184082,1.6775949001312256,1.5985908508300781,1.444273591041565,1.5546021461486816,1.5912131071090698,1.6846439838409424,1.801927924156189,2.0026752948760986,2.1677494049072266,2.3734614849090576,2.6521875858306885,2.5215060710906982
B8,2.135563611984253,1.835119605064392,1.5682668685913086,1.2568937540054321,1.0849214792251587,0.8425422310829163,0.6766945123672485,0.5120137333869934,0.6480281949043274,0.8361304998397827,1.1161961555480957,1.3788918256759644,1.6556955575942993,1.8657952547073364,1.7328300476074219,2.059536933898926,1.6858344078063965,1.434597373008728,1.0612249374389648,0.8819757699966431,0.5314351320266724,0.3826856315135956,0.0,0.37161484360694885,0.641291618347168,0.986849308013916,1.2437642812728882,1.5354158878326416,1.78932785987854,1.6525168418884277,2.0637662410736084,1.676985263824463,1.451396107673645,1.07821524143219,0.9341131448745728,0.6097492575645447,0.6200991868972778,0.4993191063404083,0.6029444336891174,0.7815796732902527,1.0806336402893066,1.2954286336898804,1.5894628763198853,1.8455898761749268,1.7031207084655762,2.165978193283081,1.7880102396011353,1.6188488006591797,1.2858580350875854,1.2063034772872925,0.9737135767936707,1.068368911743164,1.0015405416488647,1.0431982278823853,1.1444119215011597,1.3658229112625122,1.534811019897461,1.788732647895813,2.0417301654815674,1.8951141834259033,2.3644487857818604,1.9912854433059692,1.9059609174728394,1.6156963109970093,1.6057428121566772,1.4302983283996582,1.5732884407043457,1.522147536277771,1.5511845350265503,1.5986828804016113,1.76482355594635,1.884082555770874,2.0814568996429443,2.3824567794799805,2.2805535793304443
B9,1.9502497911453247,1.6456502676010132,1.442138433456421,1.1341259479522705,1.0775152444839478,0.886748731136322,0.8712757229804993,0.6168370246887207,0.5148293972015381,0.6361405253410339,0.8185856342315674,1.1098614931106567,1.356634259223938,1.5272319316864014,1.3974571228027344,1.8259086608886719,1.4519541263580322,1.2652899026870728,0.8976596593856812,0.8549066781997681,0.5964766144752502,0.6687085628509521,0.37161484360694885,0.0,0.3782600164413452,0.6479164958000183,0.9566614627838135,1.207725167274475,1.4311802387237549,1.2829794883728027,1.806365728378296,1.4188497066497803,1.259020209312439,0.896151602268219,0.8869989514350891,0.6540184617042542,0.8198965787887573,0.6314690113067627,0.4907552897930145,0.6114700436592102,0.8027833700180054,1.039231777191162,1.2814202308654785,1.5065702199935913,1.34544038772583,1.9001963138580322,1.5260387659072876,1.4225990772247314,1.1136826276779175,1.1451131105422974,0.9835532903671265,1.1829664707183838,1.073754906654358,0.9865139126777649,1.049681305885315,1.171514630317688,1.3329272270202637,1.5282117128372192,1.7466782331466675,1.5809745788574219,2.1030354499816895,1.7410022020339966,1.7168704271316528,1.4594372510910034,1.5342029333114624,1.4184249639511108,1.6387412548065186,1.5716736316680908,1.5152753591537476,1.5498874187469482,1.6357676982879639,1.7521713972091675,1.8887355327606201,2.165778875350952,2.040652275085449
B10,2.1780407428741455,1.8597002029418945,1.7093619108200073,1.3868780136108398,1.375054955482483,1.1524040699005127,1.1302982568740845,0.7876684665679932,0.6352058053016663,0.5101890563964844,0.6605653762817383,0.8479970693588257,1.1451739072799683,1.3424038887023926,1.3007410764694214,2.0268239974975586,1.6606559753417969,1.5420308113098145,1.1922729015350342,1.2114977836608887,0.9622642397880554,1.0021536350250244,0.641291618347168,0.3782600164413452,0.0,0.3849713206291199,0.6044161915779114,0.9104952216148376,1.1965221166610718,1.1359031200408936,1.9806023836135864,1.605275273323059,1.5163625478744507,1.1763534545898438,1.2309321165084839,1.004021406173706,1.1225833892822266,0.8350540399551392,0.623406171798706,0.4855315089225769,0.602625846862793,0.723551869392395,0.9843385815620422,1.2717384099960327,1.1877373456954956,2.034034252166748,1.667913556098938,1.6300028562545776,1.3297805786132812,1.4191604852676392,1.2428981065750122,1.4197598695755005,1.216428279876709,1.0608865022659302,0.9850508570671082,1.0442603826522827,1.103469967842102,1.2866885662078857,1.5469775199890137,1.4440369606018066,2.1841204166412354,1.8282585144042969,1.8651008605957031,1.6077343225479126,1.738284945487976,1.6067123413085938,1.8284038305282593,1.6866602897644043,1.5746657848358154,1.5203814506530762,1.5535022020339966,1.592621922492981,1.7084509134292603,2.0109267234802246,1.9313071966171265
B11,2.089646577835083,1.7862917184829712,1.7156552076339722,1.4287177324295044,1.5154671669006348,1.3549304008483887,1.420776128768921,1.0842069387435913,0.8216489553451538,0.6270954012870789,0.5261727571487427,0.6863572001457214,0.9084370136260986,1.026223063468933,1.0199410915374756,1.8886958360671997,1.5503103733062744,1.5193225145339966,1.224652886390686,1.3522493839263916,1.1904678344726562,1.3156431913375854,0.986849308013916,0.6479164958000183,0.3849713206291199,0.0,0.38057252764701843,0.577564001083374,0.816642165184021,0.7691965103149414,1.8113678693771362,1.464634656906128,1.4672183990478516,1.1876977682113647,1.3504887819290161,1.2119555473327637,1.3999818563461304,1.1221089363098145,0.8182644248008728,0.636296808719635,0.4856448471546173,0.571881115436554,0.6902164220809937,0.9262447953224182,0.8336302042007446,1.8436418771743774,1.5065170526504517,1.5562328100204468,1.3149203062057495,1.5002104043960571,1.3983579874038696,1.634436845779419,1.42448091506958,1.184214472770691,1.07601797580719,0.991364598274231,1.0143542289733887,1.0823343992233276,1.2807260751724243,1.1643140316009521,1.9832783937454224,1.6594421863555908,1.772642731666565,1.5701860189437866,1.7783775329589844,1.7101835012435913,1.9837214946746826,1.83957839012146,1.6577292680740356,1.5943533182144165,1.532641887664795,1.5612258911132812,1.5885264873504639,1.847154140472412,1.7440037727355957
B12,2.402249574661255,2.087559223175049,2.0382184982299805,1.7350804805755615,1.817776083946228,1.6189854145050049,1.6564706563949585,1.285528302192688,1.050724744796753,0.7418287396430969,0.6334141492843628,0.5528396964073181,0.8210400342941284,0.9859692454338074,1.1053045988082886,2.2092792987823486,1.8813706636428833,1.8783799409866333,1.5859276056289673,1.70760178565979,1.5165259838104248,1.6017906665802002,1.2437642812728882,0.9566614627838135,0.6044161915779114,0.38057252764701843,0.0,0.3847983777523041,0.7513265013694763,0.8643776178359985,2.1334688663482666,1.806554913520813,1.838489055633545,1.5676912069320679,1.724263310432434,1.5586377382278442,1.7017772197723389,1.385709524154663,1.1085102558135986,0.8256092071533203,0.6515926122665405,0.47718778252601624,0.5587716698646545,0.885330319404602,0.9329442381858826,2.14628267288208,1.8286722898483276,1.9078515768051147,1.6706513166427612,1.8568226099014282,1.727217197418213,1.925840973854065,1.6685166358947754,1.4239414930343628,1.2240748405456543,1.1081206798553467,0.9939929246902466,1.0314452648162842,1.2750897407531738,1.2577744722366333,2.243408679962158,1.9364367723464966,2.0813353061676025,1.877295732498169,2.098450183868408,2.0048341751098633,2.256791591644287,2.06280517578125,1.8635512590408325,1.7267606258392334,1.6343704462051392,1.5727213621139526,1.5817471742630005,1.8630108833312988,1.8234928846359253
B13,2.3083529472351074,2.009493350982666,2.0318424701690674,1.7648255825042725,1.9202144145965576,1.7725223302841187,1.880865216255188,1.5256493091583252,1.2280840873718262,0.9302341938018799,0.6597721576690674,0.5257390141487122,0.6036186218261719,0.6547263264656067,0.847987174987793,2.1010706424713135,1.8096102476119995,1.8839412927627563,1.647247552871704,1.8401700258255005,1.7132680416107178,1.8649836778640747,1.5354158878326416,1.207725167274475,0.9104952216148376,0.577564001083374,0.3847983777523041,0.0,0.40655359625816345,0.595282256603241,2.0314159393310547,1.7490788698196411,1.8596446514129639,1.6537400484085083,1.8763197660446167,1.7782933712005615,1.9775078296661377,1.6899936199188232,1.3799327611923218,1.1368756294250488,0.8733833432197571,0.724974513053894,0.5677186250686646,0.7364196181297302,0.7769556641578674,2.0575156211853027,1.7888801097869873,1.941294550895691,1.7702045440673828,2.013894557952881,1.94792640209198,2.192328691482544,1.9579553604125977,1.681708574295044,1.502413034439087,1.3108402490615845,1.195669174194336,1.1068120002746582,1.2392600774765015,1.2004544734954834,2.173679828643799,1.9171288013458252,2.1221022605895996,1.9806281328201294,2.2474045753479004,2.212264060974121,2.5007548332214355,2.3283963203430176,2.097102403640747,1.9789386987686157,1.8283506631851196,1.7749154567718506,1.7034813165664673,1.9209569692611694,1.8488165140151978
