,A1,A2,A3,A4,A5,A6,A7,A8,A9,A10,A11,A12,A13,A14,A15,B1,B2,B3,B4,B5,B6,B7,B8,B9,B10,B11,B12,B13,B14,B15,C1,C2,C3,C4,C5,C6,C7,C8,C9,C10,C11,C12,C13,C14,C15,D1,D2,D3,D4,D5,D6,D7,D8,D9,D10,D11,D12,D13,D14,D15,E1,E2,E3,E4,E5,E6,E7,E8,E9,E10,E11,E12,E13,E14,E15
A1,0.0,0.3849329650402069,0.6438800692558289,0.9697550535202026,1.2684937715530396,1.5811450481414795,1.9378830194473267,1.9959721565246582,1.7644046545028687,1.9932674169540405,1.8339662551879883,2.145800828933716,1.9724409580230713,1.848616361618042,1.4729526042938232,0.4705548882484436,0.5864989757537842,0.7457796931266785,1.0653395652770996,1.3129783868789673,1.6314127445220947,1.9958479404449463,2.1024904251098633,1.9355199337005615,2.1662890911102295,2.086744785308838,2.3738200664520264,2.2746353149414062,2.1793994903564453,1.8160310983657837,1.123809814453125,1.0722404718399048,1.147533655166626,1.3584165573120117,1.5316431522369385,1.8175218105316162,2.17050838470459,2.316530704498291,2.1998891830444336,2.4285340309143066,2.3795368671417236,2.6439266204833984,2.5652613639831543,2.5129621028900146,2.1705048084259033,1.6782335042953491,1.579687476158142,1.6156998872756958,1.7454711198806763,1.8603522777557373,2.1028454303741455,2.4295623302459717,2.597376585006714,2.5309863090515137,2.757826566696167,2.742455005645752,2.986924648284912,2.9210643768310547,2.9046401977539062,2.5799317359924316,2.298759698867798,2.121485948562622,2.124444007873535,2.1882271766662598,2.253777265548706,2.4546544551849365,2.748631715774536,2.9342050552368164,2.917112350463867,3.146169662475586,3.182717800140381,3.4203550815582275,3.407233238220215,3.5424773693084717,3.253352642059326
A2,0.3849329650402069,0.0,0.3788084387779236,0.6301507949829102,0.9614318609237671,1.247298002243042,1.6185736656188965,1.6627200841903687,1.4282829761505127,1.659292459487915,1.5206927061080933,1.8331938982009888,1.6783639192581177,1.6136243343353271,1.2443846464157104,0.6436710953712463,0.5031437277793884,0.6444283723831177,0.847255289554596,1.099845290184021,1.372434377670288,1.7415844202041626,1.8287321329116821,1.6665606498718262,1.887306571006775,1.8315402269363403,2.1060562133789062,2.0326619148254395,1.9956895112991333,1.657392978668213,1.2359317541122437,1.0654644966125488,1.1351544857025146,1.242478609085083,1.4105863571166992,1.6372520923614502,1.9847995042800903,2.103478193283081,1.9924896955490112,2.2007205486297607,2.1727895736694336,2.4170453548431396,2.3631603717803955,2.3632912635803223,2.0512430667877197,1.7635798454284668,1.5887348651885986,1.6342341899871826,1.6868447065353394,1.8033705949783325,1.988357663154602,2.3060402870178223,2.441131591796875,2.3780155181884766,2.5773143768310547,2.57824969291687,2.798471450805664,2.755388021469116,2.786344528198242,2.4930291175842285,2.3589394092559814,2.13222599029541,2.154649496078491,2.1619479656219482,2.239670991897583,2.3911080360412598,2.6809816360473633,2.8284809589385986,2.8121824264526367,3.0085861682891846,3.0569725036621094,3.266977071762085,3.2764017581939697,3.4501378536224365,3.1927480697631836
A3,0.6438800692558289,0.3788084387779236,0.0,0.3775466978549957,0.6264516711235046,0.9538629055023193,1.3085923194885254,1.4112672805786133,1.2421116828918457,1.5353312492370605,1.479850172996521,1.8262052536010742,1.7454067468643188,1.7414671182632446,1.394765019416809,0.8671432137489319,0.6109773516654968,0.5120354294776917,0.6284728050231934,0.7817867994308472,1.067320704460144,1.423637866973877,1.5634562969207764,1.4650722742080688,1.736971139907837,1.7547547817230225,2.0582873821258545,2.0527265071868896,2.0672214031219482,1.7478481531143188,1.3491274118423462,1.102959394454956,1.0515661239624023,1.0807507038116455,1.1603529453277588,1.363884687423706,1.687606930732727,1.844092845916748,1.7897651195526123,2.034546375274658,2.068878412246704,2.337082624435425,2.3410189151763916,2.3860769271850586,2.096445083618164,1.8359267711639404,1.6017483472824097,1.57182776927948,1.5577151775360107,1.6065847873687744,1.7523809671401978,2.0388410091400146,2.1960768699645996,2.181753158569336,2.402909278869629,2.4563684463500977,2.6939926147460938,2.7000911235809326,2.7692830562591553,2.499716281890869,2.400876760482788,2.128979444503784,2.101597785949707,2.0507659912109375,2.07934832572937,2.186486005783081,2.445040225982666,2.5987801551818848,2.623696804046631,2.8260374069213867,2.9175920486450195,3.135233163833618,3.184295654296875,3.379979372024536,3.151911735534668
A4,0.9697550535202026,0.6301507949829102,0.3775466978549957,0.0,0.3737400770187378,0.6188875436782837,0.9894030690193176,1.0521918535232544,0.8775303363800049,1.1794432401657104,1.1665139198303223,1.5148210525512695,1.4814560413360596,1.5434491634368896,1.2381527423858643,1.0939157009124756,0.7413689494132996,0.6319800019264221,0.5026171803474426,0.6340780854225159,0.8097329139709473,1.164856195449829,1.2608932256698608,1.1639959812164307,1.4208256006240845,1.4716123342514038,1.7610023021697998,1.794080376625061,1.8702911138534546,1.59377121925354,1.4692776203155518,1.1487457752227783,1.1012747287750244,1.005752682685852,1.0802030563354492,1.1884233951568604,1.4964042901992798,1.6031208038330078,1.5485213994979858,1.7626808881759644,1.8196513652801514,2.0640594959259033,2.0982913970947266,2.1964080333709717,1.9486987590789795,1.8948746919631958,1.604020357131958,1.5894654989242554,1.4971542358398438,1.5551037788391113,1.62944495677948,1.901340126991272,2.008132219314575,1.9889172315597534,2.1724801063537598,2.2393412590026855,2.448427677154541,2.478468179702759,2.593461275100708,2.3625705242156982,2.4099953174591064,2.100905656814575,2.0974135398864746,1.9942413568496704,2.0432238578796387,2.0978896617889404,2.3515188694000244,2.4548428058624268,2.471306324005127,2.6333539485931396,2.7310380935668945,2.9169867038726807,2.986168384552002,3.21596097946167,3.0225400924682617
A5,1.2684937715530396,0.9614318609237671,0.6264516711235046,0.3737400770187378,0.0,0.3632543087005615,0.6959787607192993,0.875664472579956,0.8423513770103455,1.2000486850738525,1.299006462097168,1.6462087631225586,1.6866998672485352,1.8056327104568481,1.5389108657836914,1.4134976863861084,1.0618213415145874,0.8466741442680359,0.6329540014266968,0.5244652032852173,0.6209878921508789,0.918280839920044,1.0945374965667725,1.1133652925491333,1.413266658782959,1.5567383766174316,1.8521329164505005,1.9555307626724243,2.083021879196167,1.8400132656097412,1.7359766960144043,1.3937127590179443,1.257835865020752,1.0878589153289795,1.0357409715652466,1.0684950351715088,1.3102941513061523,1.458618402481079,1.4901829957962036,1.7319397926330566,1.8649805784225464,2.11788272857666,2.214728593826294,2.35925030708313,2.145030975341797,2.1197001934051514,1.7979450225830078,1.7193591594696045,1.5636191368103027,1.5406255722045898,1.5485010147094727,1.7606464624404907,1.8849560022354126,1.9305001497268677,2.126805305480957,2.255223035812378,2.4709091186523438,2.5554327964782715,2.7111785411834717,2.5128204822540283,2.5956363677978516,2.257607936859131,2.2095065116882324,2.0509607791900635,2.045820713043213,2.0411741733551025,2.246114492416382,2.3480849266052246,2.414381504058838,2.573218822479248,2.719560146331787,2.904655694961548,3.0182323455810547,3.2709484100341797,3.1136105060577393
A6,1.5811450481414795,1.247298002243042,0.9538629055023193,0.6188875436782837,0.3632543087005615,0.0,0.38336583971977234,0.5350210070610046,0.5844518542289734,0.9431342482566833,1.12837815284729,1.448596715927124,1.5562171936035156,1.7406005859375,1.5378119945526123,1.6748627424240112,1.294137716293335,1.1038745641708374,0.7950583100318909,0.6604411005973816,0.530785858631134,0.7437413930892944,0.8560030460357666,0.9164025187492371,1.1840025186538696,1.38345205783844,1.6469134092330933,1.8019951581954956,1.993092656135559,1.8080781698226929,1.9249556064605713,1.5517094135284424,1.4294562339782715,1.178902506828308,1.1182070970535278,1.02940833568573,1.2134582996368408,1.2930694818496704,1.3395658731460571,1.5355926752090454,1.703413724899292,1.9208128452301025,2.057612419128418,2.25711989402771,2.09578013420105,2.249539613723755,1.8961728811264038,1.832399845123291,1.616470456123352,1.5987719297409058,1.5279455184936523,1.705045223236084,1.7672415971755981,1.8133347034454346,1.9612605571746826,2.1088576316833496,2.2881925106048584,2.4033777713775635,2.6062092781066895,2.4545059204101562,2.6690468788146973,2.308194875717163,2.280871868133545,2.078843593597412,2.090498924255371,2.0312342643737793,2.2201638221740723,2.2649896144866943,2.3244364261627197,2.435436964035034,2.5898630619049072,2.7374825477600098,2.874717950820923,3.1596739292144775,3.0423903465270996
A7,1.9378830194473267,1.6185736656188965,1.3085923194885254,0.9894030690193176,0.6959787607192993,0.38336583971977234,0.0,0.3851785957813263,0.6670131087303162,0.9849441647529602,1.2666815519332886,1.5529437065124512,1.7373615503311157,1.957221269607544,1.8054590225219727,2.0043575763702393,1.6183310747146606,1.392881155014038,1.052847981452942,0.8290419578552246,0.551741898059845,0.5387871265411377,0.6696372032165527,0.8755397796630859,1.1357496976852417,1.4217417240142822,1.6671116352081299,1.8920670747756958,2.1273622512817383,1.9907437562942505,2.1787259578704834,1.7927175760269165,1.6292802095413208,1.323279857635498,1.187699794769287,0.9871308207511902,1.0515493154525757,1.1145707368850708,1.2451510429382324,1.4320242404937744,1.6726750135421753,1.8780509233474731,2.0786612033843994,2.323685646057129,2.211503267288208,2.4395954608917236,2.06378436088562,1.9650520086288452,1.6915518045425415,1.6225416660308838,1.4660024642944336,1.5652129650115967,1.600600242614746,1.697904348373413,1.8281980752944946,2.0315279960632324,2.1989567279815674,2.369666337966919,2.615557909011841,2.511188507080078,2.794990062713623,2.4130687713623047,2.362611770629883,2.1084020137786865,2.0895700454711914,1.9614672660827637,2.098951578140259,2.10886812210083,2.2008039951324463,2.2836358547210693,2.477412223815918,2.606853723526001,2.7875781059265137,3.0967671871185303,3.0267741680145264
A8,1.9959721565246582,1.6627200841903687,1.4112672805786133,1.0521918535232544,0.875664472579956,0.5350210070610046,0.3851785957813263,0.0,0.3745823800563812,0.6233606934547424,0.9435115456581116,1.2034685611724854,1.4286999702453613,1.668643832206726,1.5728192329406738,1.991713523864746,1.5944044589996338,1.4283579587936401,1.0561262369155884,0.9372090101242065,0.6161503791809082,0.6259498596191406,0.5093039274215698,0.6135664582252502,0.7912294864654541,1.081591248512268,1.2959924936294556,1.5379348993301392,1.8036314249038696,1.7121632099151611,2.100095272064209,1.7055656909942627,1.6003751754760742,1.26900053024292,1.2175618410110474,0.9843401312828064,1.0743781328201294,1.0046086311340332,1.045576572418213,1.1509733200073242,1.3664711713790894,1.5321110486984253,1.7326939105987549,2.0023162364959717,1.9253959655761719,2.313236713409424,1.9298899173736572,1.885337233543396,1.5989820957183838,1.6003047227859497,1.4306858777999878,1.5607990026474,1.511520266532898,1.5357369184494019,1.6009321212768555,1.76711905002594,1.893646478652954,2.052827835083008,2.315873146057129,2.236513137817383,2.6277318000793457,2.2452847957611084,2.2466540336608887,1.9919025897979736,2.0355031490325928,1.9086029529571533,2.08034348487854,2.034487724304199,2.065633773803711,2.102870225906372,2.2571358680725098,2.3509786128997803,2.515961170196533,2.8380439281463623,2.77840256690979
A9,1.7644046545028687,1.4282829761505127,1.2421116828918457,0.8775303363800049,0.8423513770103455,0.5844518542289734,0.6670131087303162,0.3745823800563812,0.0,0.3726585805416107,0.6015488505363464,0.9134719371795654,1.0932029485702515,1.3056327104568481,1.1987648010253906,1.7186375856399536,1.324678659439087,1.229092001914978,0.869940459728241,0.8913270235061646,0.6632165312767029,0.8325733542442322,0.6617103219032288,0.5265814661979675,0.6582515835762024,0.8344236016273499,1.066351294517517,1.2438440322875977,1.4811317920684814,1.3667653799057007,1.8241443634033203,1.4362242221832275,1.40214204788208,1.1021552085876465,1.1627867221832275,1.008208990097046,1.2044572830200195,1.1069363355636597,1.0213783979415894,1.0979160070419312,1.2131396532058716,1.3769335746765137,1.5077461004257202,1.7421504259109497,1.6347377300262451,2.051227569580078,1.6819161176681519,1.6987940073013306,1.454969048500061,1.5388392210006714,1.437950849533081,1.6467187404632568,1.5888612270355225,1.531929850578308,1.5872725248336792,1.6761807203292847,1.7987301349639893,1.893632411956787,2.1194167137145996,2.0060882568359375,2.391846179962158,2.0272486209869385,2.0767526626586914,1.867935061454773,1.9701861143112183,1.9046533107757568,2.1350786685943604,2.0972132682800293,2.0712532997131348,2.1168739795684814,2.213747262954712,2.3116893768310547,2.4248180389404297,2.7259974479675293,2.625946283340454
A10,1.9932674169540405,1.659292459487915,1.5353312492370605,1.1794432401657104,1.2000486850738525,0.9431342482566833,0.9849441647529602,0.6233606934547424,0.3726585805416107,0.0,0.37383586168289185,0.5848464965820312,0.8458943963050842,1.109310269355774,1.110866904258728,1.8973878622055054,1.5215798616409302,1.4925217628479004,1.1540522575378418,1.231541395187378,1.0017454624176025,1.1197574138641357,0.8462783694267273,0.6318659782409668,0.5261896252632141,0.6337315440177917,0.7571258544921875,0.9535670280456543,1.254565954208374,1.2270324230194092,1.943680763244629,1.5727267265319824,1.6034568548202515,1.3106215000152588,1.4273645877838135,1.2555232048034668,1.4276338815689087,1.236100196838379,1.077677607536316,1.0220155715942383,1.0743929147720337,1.1437283754348755,1.2616060972213745,1.5353496074676514,1.490189552307129,2.1127536296844482,1.754359483718872,1.8313666582107544,1.590262532234192,1.7296643257141113,1.6153037548065186,1.8218740224838257,1.690061330795288,1.5704697370529175,1.5383621454238892,1.5739628076553345,1.6233848333358765,1.6975288391113281,1.946435570716858,1.8754385709762573,2.395695924758911,2.043757438659668,2.1511805057525635,1.9492026567459106,2.106214761734009,2.036536693572998,2.278676748275757,2.185657262802124,2.105487585067749,2.092724084854126,2.143373727798462,2.187009811401367,2.280820846557617,2.595906972885132,2.5164406299591064
A11,1.8339662551879883,1.5206927061080933,1.479850172996521,1.1665139198303223,1.299006462097168,1.12837815284729,1.2666815519332886,0.9435115456581116,0.6015488505363464,0.37383586168289185,0.0,0.3798389732837677,0.5270137786865234,0.7403366565704346,0.7529854774475098,1.6916085481643677,1.349207878112793,1.4075626134872437,1.1304739713668823,1.315601110458374,1.1764367818832397,1.3721261024475098,1.1170470714569092,0.8125136494636536,0.6863372921943665,0.5653766393661499,0.6708840131759644,0.7137907147407532,0.9593207240104675,0.9057328701019287,1.7264904975891113,1.3882893323898315,1.5041224956512451,1.275620698928833,1.4835968017578125,1.3921111822128296,1.6287040710449219,1.4455914497375488,1.2114185094833374,1.1441959142684937,1.0721427202224731,1.129387617111206,1.1323169469833374,1.3384056091308594,1.2523819208145142,1.902294397354126,1.5786292552947998,1.7256883382797241,1.5480886697769165,1.758168339729309,1.7143480777740479,1.9757715463638306,1.852896809577942,1.67503821849823,1.643932580947876,1.5978405475616455,1.6438016891479492,1.634614109992981,1.8234155178070068,1.7098362445831299,2.2071423530578613,1.8888224363327026,2.0478947162628174,1.9057904481887817,2.1132431030273438,2.1062357425689697,2.391860246658325,2.315717935562134,2.190751791000366,2.1930460929870605,2.1870641708374023,2.238598346710205,2.2727956771850586,2.55356764793396,2.4277944564819336
A12,2.145800828933716,1.8331938982009888,1.8262052536010742,1.5148210525512695,1.6462087631225586,1.448596715927124,1.5529437065124512,1.2034685611724854,0.9134719371795654,0.5848464965820312,0.3798389732837677,0.0,0.37044692039489746,0.6884241104125977,0.8707436919212341,1.9947351217269897,1.6792880296707153,1.772616982460022,1.5086644887924194,1.6915329694747925,1.529739260673523,1.6858330965042114,1.3939499855041504,1.1070917844772339,0.8736901879310608,0.710206151008606,0.5923000574111938,0.59052973985672,0.9151942133903503,0.9947913289070129,2.010110378265381,1.7016983032226562,1.8517886400222778,1.632046103477478,1.846331238746643,1.7320454120635986,1.9366624355316162,1.706895112991333,1.4599477052688599,1.3022611141204834,1.188079833984375,1.1201279163360596,1.0898078680038452,1.3269671201705933,1.3248646259307861,2.1436259746551514,1.8454034328460693,2.0295894145965576,1.8571704626083374,2.0858383178710938,2.023195505142212,2.2661004066467285,2.096275806427002,1.891640305519104,1.7890732288360596,1.7041572332382202,1.6656255722045898,1.6324262619018555,1.839162826538086,1.7796202898025513,2.393317937850952,2.099246025085449,2.3007166385650635,2.1655948162078857,2.4019575119018555,2.3835062980651855,2.6642158031463623,2.5460996627807617,2.3895273208618164,2.338392496109009,2.29655122756958,2.2883529663085938,2.305145025253296,2.595679759979248,2.497499704360962
A13,1.9724409580230713,1.6783639192581177,1.7454067468643188,1.4814560413360596,1.6866998672485352,1.5562171936035156,1.7373615503311157,1.4286999702453613,1.0932029485702515,0.8458943963050842,0.5270137786865234,0.37044692039489746,0.0,0.3889627456665039,0.5952118635177612,1.8208423852920532,1.551041603088379,1.7173599004745483,1.5199800729751587,1.7650704383850098,1.6749879121780396,1.8931087255477905,1.6426903009414673,1.3328770399093628,1.158467411994934,0.9339170455932617,0.8629677295684814,0.6970850229263306,0.8798618316650391,0.8940122127532959,1.886916995048523,1.6221508979797363,1.8332003355026245,1.6813334226608276,1.9418768882751465,1.8947398662567139,2.1481878757476807,1.9569272994995117,1.692968487739563,1.5752625465393066,1.414541482925415,1.3740845918655396,1.2573034763336182,1.398354172706604,1.330452561378479,2.067218780517578,1.8144731521606445,2.0421032905578613,1.9333813190460205,2.1937055587768555,2.1909191608428955,2.4715757369995117,2.3363773822784424,2.1186606884002686,2.048405647277832,1.929033637046814,1.9122021198272705,1.821224331855774,1.9607223272323608,1.8466466665267944,2.369643449783325,2.114133834838867,2.3407669067382812,2.2616660594940186,2.5154123306274414,2.5491161346435547,2.8563663959503174,2.7725489139556885,2.6060171127319336,2.586552619934082,2.5207786560058594,2.535489320755005,2.512274980545044,2.766638994216919,2.621169090270996
A14,1.848616361618042,1.6136243343353271,1.7414671182632446,1.5434491634368896,1.8056327104568481,1.7406005859375,1.957221269607544,1.668643832206726,1.3056327104568481,1.109310269355774,0.7403366565704346,0.6884241104125977,0.3889627456665039,0.0,0.3757827877998352,1.6291488409042358,1.4223387241363525,1.647320032119751,1.5201053619384766,1.8204686641693115,1.7931926250457764,2.0464084148406982,1.8110105991363525,1.4631750583648682,1.3150219917297363,1.0126535892486572,0.9858988523483276,0.6993358731269836,0.6817420721054077,0.6271530389785767,1.6380233764648438,1.4342783689498901,1.7070547342300415,1.6239346265792847,1.9366623163223267,1.950480580329895,2.2391018867492676,2.062983751296997,1.7605786323547363,1.6626009941101074,1.4349080324172974,1.4239449501037598,1.2203949689865112,1.246395468711853,1.1145609617233276,1.7982550859451294,1.599740743637085,1.8779122829437256,1.8344106674194336,2.138063430786133,2.1934242248535156,2.507824182510376,2.389451503753662,2.1381494998931885,2.088883876800537,1.9178217649459839,1.9253658056259155,1.7698675394058228,1.829240083694458,1.661890983581543,2.1060705184936523,1.896223545074463,2.1566929817199707,2.1373114585876465,2.421440839767456,2.509284734725952,2.844007730484009,2.7830212116241455,2.5884041786193848,2.595837354660034,2.4914374351501465,2.5320215225219727,2.459249258041382,2.666215181350708,2.471689224243164
A15,1.4729526042938232,1.2443846464157104,1.394765019416809,1.2381527423858643,1.5389108657836914,1.5378119945526123,1.8054590225219727,1.5728192329406738,1.1987648010253906,1.110866904258728,0.7529854774475098,0.8707436919212341,0.5952118635177612,0.3757827877998352,0.0,1.26990807056427,1.0645606517791748,1.314643383026123,1.2344900369644165,1.563105821609497,1.5983396768569946,1.8972545862197876,1.722107172012329,1.3863343000411987,1.3364906311035156,1.07596755027771,1.172082781791687,0.9460291266441345,0.8904734253883362,0.6637967824935913,1.3629841804504395,1.1545710563659668,1.4322253465652466,1.391672968864441,1.710599422454834,1.7784032821655273,2.1009671688079834,1.9859167337417603,1.7076698541641235,1.6922446489334106,1.5016659498214722,1.5807042121887207,1.4095150232315063,1.4097458124160767,1.1885112524032593,1.6187515258789062,1.4193217754364014,1.676437497138977,1.664004921913147,1.9532173871994019,2.04953670501709,2.383544683456421,2.321847438812256,2.101383686065674,2.1197431087493896,1.9827263355255127,2.0585999488830566,1.923937439918518,1.9637142419815063,1.739980697631836,2.0219504833221436,1.8044171333312988,2.025235414505005,2.0222432613372803,2.2763760089874268,2.3913333415985107,2.731231212615967,2.7203667163848877,2.558905601501465,2.6192500591278076,2.5467514991760254,2.6393837928771973,2.5807981491088867,2.7753195762634277,2.550621271133423
B1,0.4705548882484436,0.6436710953712463,0.8671432137489319,1.0939157009124756,1.4134976863861084,1.6748627424240112,2.0043575763702393,1.991713523864746,1.7186375856399536,1.8973878622055054,1.6916085481643677,1.9947351217269897,1.8208423852920532,1.6291488409042358,1.26990807056427,0.0,0.39743858575820923,0.6716384887695312,0.9961727261543274,1.311597228050232,1.6102391481399536,1.969892978668213,2.0161917209625244,1.7906543016433716,1.9864037036895752,1.8498809337615967,2.137117385864258,2.006531000137329,1.8509151935577393,1.4737873077392578,0.6680359840393066,0.6829546093940735,0.8625080585479736,1.1339586973190308,1.3917843103408813,1.6930798292160034,2.0623764991760254,2.1629526615142822,1.9883198738098145,2.1940598487854004,2.091918468475342,2.3578810691833496,2.2428367137908936,2.139763593673706,1.779009461402893,1.2235618829727173,1.1597293615341187,1.2541741132736206,1.4381334781646729,1.6229368448257446,1.898447871208191,2.254206895828247,2.3909106254577637,2.2717580795288086,2.4855613708496094,2.4236257076263428,2.6694788932800293,2.568040132522583,2.5096242427825928,2.166579008102417,1.8459196090698242,1.6930211782455444,1.7319215536117554,1.8393750190734863,1.9569015502929688,2.1952757835388184,2.5211234092712402,2.69030499458313,2.626222848892212,2.85258412361145,2.8483901023864746,3.089077949523926,3.0417332649230957,3.148242712020874,2.8382461071014404
B2,0.5864989757537842,0.5031437277793884,0.6109773516654968,0.7413689494132996,1.0618213415145874,1.294137716293335,1.6183310747146606,1.5944044589996338,1.324678659439087,1.5215798616409302,1.349207878112793,1.6792880296707153,1.551041603088379,1.4223387241363525,1.0645606517791748,0.39743858575820923,0.0,0.37365731596946716,0.6218525171279907,0.9628756642341614,1.2344640493392944,1.5996078252792358,1.6350411176681519,1.4156978130340576,1.6246331930160522,1.524402379989624,1.8265222311019897,1.742499589920044,1.6527446508407593,1.2918922901153564,0.7740797400474548,0.5627269744873047,0.6893777251243591,0.8477603197097778,1.1045984029769897,1.3639675378799438,1.7349220514297485,1.8206472396850586,1.656948208808899,1.8639277219772339,1.7963323593139648,2.064941167831421,1.9917341470718384,1.9505482912063599,1.6176855564117432,1.2742321491241455,1.085815668106079,1.1548792123794556,1.2375963926315308,1.4111964702606201,1.6325987577438354,1.9821336269378662,2.09786319732666,1.99118971824646,2.194082736968994,2.162553548812866,2.4011659622192383,2.336982011795044,2.3348658084869385,2.0245180130004883,1.8595017194747925,1.629598617553711,1.6643328666687012,1.6921932697296143,1.8061864376068115,1.9889252185821533,2.307999610900879,2.447437286376953,2.3950252532958984,2.5990567207336426,2.619943380355835,2.8441483974456787,2.8306710720062256,2.9804320335388184,2.7077295780181885
B3,0.7457796931266785,0.6444283723831177,0.5120354294776917,0.6319800019264221,0.8466741442680359,1.1038745641708374,1.392881155014038,1.4283579587936401,1.229092001914978,1.4925217628479004,1.4075626134872437,1.772616982460022,1.7173599004745483,1.647320032119751,1.314643383026123,0.6716384887695312,0.37365731596946716,0.0,0.38083726167678833,0.6437687873840332,0.965437650680542,1.3183883428573608,1.418015480041504,1.2666816711425781,1.5441203117370605,1.5250300168991089,1.8654563426971436,1.8540924787521362,1.8124760389328003,1.4741606712341309,0.921209990978241,0.6433452367782593,0.5401018857955933,0.6369181275367737,0.7951858639717102,1.0769121646881104,1.4366270303726196,1.5800702571868896,1.47922945022583,1.7443879842758179,1.7467666864395142,2.0532500743865967,2.0431008338928223,2.0422775745391846,1.7311575412750244,1.360526204109192,1.11392080783844,1.0611317157745361,1.077854037284851,1.1619892120361328,1.367889404296875,1.6946650743484497,1.8532572984695435,1.8036314249038696,2.0484843254089355,2.076880693435669,2.347459077835083,2.3365299701690674,2.3670594692230225,2.0771470069885254,1.909638524055481,1.6350560188293457,1.592157244682312,1.560215950012207,1.6046953201293945,1.7536990642547607,2.0428688526153564,2.207012891769409,2.204561710357666,2.4310662746429443,2.5017201900482178,2.746767997741699,2.774505853652954,2.939213275909424,2.6918842792510986
B4,1.0653395652770996,0.847255289554596,0.6284728050231934,0.5026171803474426,0.6329540014266968,0.7950583100318909,1.052847981452942,1.0561262369155884,0.869940459728241,1.1540522575378418,1.1304739713668823,1.5086644887924194,1.5199800729751587,1.5201053619384766,1.2344900369644165,0.9961727261543274,0.6218525171279907,0.38083726167678833,0.0,0.3732343316078186,0.6150338649749756,0.9782540798187256,1.0480761528015137,0.9051387906074524,1.2005568742752075,1.2368195056915283,1.5833959579467773,1.6309980154037476,1.661847710609436,1.3713082075119019,1.1443841457366943,0.7794336080551147,0.6503726840019226,0.5037813186645508,0.6254165768623352,0.7978758811950684,1.15483820438385,1.2616052627563477,1.172237753868103,1.4307754039764404,1.4772069454193115,1.7768429517745972,1.815672516822815,1.8811426162719727,1.6186143159866333,1.4897221326828003,1.165791630744934,1.1078025102615356,0.9961895942687988,1.0658468008041382,1.1743673086166382,1.4838824272155762,1.5984584093093872,1.5575873851776123,1.776945948600769,1.8371168375015259,2.089914321899414,2.1188762187957764,2.2078864574432373,1.9640618562698364,1.966267466545105,1.6389412879943848,1.6077206134796143,1.4942042827606201,1.5449366569519043,1.6188161373138428,1.895445704460144,2.0093436241149902,2.0110251903533936,2.200577974319458,2.292217969894409,2.5105438232421875,2.5711793899536133,2.7781479358673096,2.57431960105896
B5,1.3129783868789673,1.099845290184021,0.7817867994308472,0.6340780854225159,0.5244652032852173,0.6604411005973816,0.8290419578552246,0.9372090101242065,0.8913270235061646,1.231541395187378,1.315601110458374,1.6915329694747925,1.7650704383850098,1.8204686641693115,1.563105821609497,1.311597228050232,0.9628756642341614,0.6437687873840332,0.3732343316078186,0.0,0.36766088008880615,0.6963222026824951,0.8850264549255371,0.8848379254341125,1.2402302026748657,1.379827618598938,1.7310835123062134,1.8486829996109009,1.9294699430465698,1.674559235572815,1.4450676441192627,1.0897338390350342,0.8557438254356384,0.6339244842529297,0.512105405330658,0.6066848635673523,0.9071415662765503,1.0958236455917358,1.1210076808929443,1.4287023544311523,1.5658553838729858,1.8786534070968628,1.9847569465637207,2.0954864025115967,1.8693605661392212,1.7462080717086792,1.405638337135315,1.260989785194397,1.0771631002426147,1.018437385559082,1.0490566492080688,1.2915585041046143,1.448961615562439,1.4950069189071655,1.7444003820419312,1.879776120185852,2.14715838432312,2.236740827560425,2.365384578704834,2.156076431274414,2.1756515502929688,1.8248357772827148,1.731162190437317,1.5546704530715942,1.5248469114303589,1.5298818349838257,1.7479960918426514,1.8753466606140137,1.9433611631393433,2.1411991119384766,2.2927258014678955,2.5182571411132812,2.6282148361206055,2.8550705909729004,2.688633441925049
B6,1.6314127445220947,1.372434377670288,1.067320704460144,0.8097329139709473,0.6209878921508789,0.530785858631134,0.551741898059845,0.6161503791809082,0.6632165312767029,1.0017454624176025,1.1764367818832397,1.529739260673523,1.6749879121780396,1.7931926250457764,1.5983396768569946,1.6102391481399536,1.2344640493392944,0.965437650680542,0.6150338649749756,0.36766088008880615,0.0,0.3734234869480133,0.5362546443939209,0.6213817596435547,0.984045684337616,1.2052415609359741,1.5355275869369507,1.717562198638916,1.8667038679122925,1.6745028495788574,1.6890791654586792,1.3068293333053589,1.1017099618911743,0.7846764922142029,0.6425556540489197,0.4990500807762146,0.7176578640937805,0.8385342955589294,0.9066817760467529,1.1881787776947021,1.3857976198196411,1.6727845668792725,1.8339805603027344,2.008767604827881,1.842977523803711,1.922971487045288,1.5490330457687378,1.4207732677459717,1.1565884351730347,1.0929661989212036,0.9982874989509583,1.1855759620666504,1.2714430093765259,1.3331013917922974,1.5374277830123901,1.7104651927947998,1.9466025829315186,2.0804998874664307,2.2663018703460693,2.1117982864379883,2.2823851108551025,1.9045549631118774,1.8306269645690918,1.5947895050048828,1.577205777168274,1.5022099018096924,1.6926559209823608,1.751867413520813,1.8218382596969604,1.9678279161453247,2.139712333679199,2.328317642211914,2.472649574279785,2.738689661026001,2.6207709312438965
B7,1.9958479404449463,1.7415844202041626,1.423637866973877,1.164856195449829,0.918280839920044,0.7437413930892944,0.5387871265411377,0.6259498596191406,0.8325733542442322,1.1197574138641357,1.3721261024475098,1.6858330965042114,1.8931087255477905,2.0464084148406982,1.8972545862197876,1.969892978668213,1.5996078252792358,1.3183883428573608,0.9782540798187256,0.6963222026824951,0.3734234869480133,0.0,0.3818354606628418,0.6776810884475708,1.011507272720337,1.3148062229156494,1.6170680522918701,1.862965703010559,2.052818775177002,1.9112199544906616,1.9940736293792725,1.61513352394104,1.3821512460708618,1.0383037328720093,0.8167059421539307,0.5237542986869812,0.5128545761108398,0.6395846605300903,0.848712146282196,1.1260528564453125,1.408470869064331,1.6806715726852417,1.907453179359436,2.125396490097046,2.012993335723877,2.1631574630737305,1.7788119316101074,1.615799903869629,1.2990329265594482,1.167060136795044,0.9571712613105774,1.0268088579177856,1.0877233743667603,1.2284250259399414,1.4207836389541626,1.6644302606582642,1.890937089920044,2.0866000652313232,2.315333604812622,2.213184356689453,2.4494426250457764,2.0570664405822754,1.9554800987243652,1.664307951927185,1.603759527206421,1.441386342048645,1.5612154006958008,1.582487940788269,1.6998083591461182,1.8186763525009155,2.041592836380005,2.214657783508301,2.4088165760040283,2.6982076168060303,2.6326541900634766
B8,2.1024904251098633,1.8287321329116821,1.5634562969207764,1.2608932256698608,1.0945374965667725,0.8560030460357666,0.6696372032165527,0.5093039274215698,0.6617103219032288,0.8462783694267273,1.1170470714569092,1.3939499855041504,1.6426903009414673,1.8110105991363525,1.722107172012329,2.0161917209625244,1.6350411176681519,1.418015480041504,1.0480761528015137,0.8850264549255371,0.5362546443939209,0.3818354606628418,0.0,0.3775023818016052,0.651581346988678,0.9877099990844727,1.2639662027359009,1.5396701097488403,1.7618939876556396,1.674096941947937,1.9766570329666138,1.5887513160705566,1.4219343662261963,1.049630880355835,0.9385899305343628,0.6111361980438232,0.624164879322052,0.4953334629535675,0.5987321138381958,0.7907625436782837,1.080683708190918,1.3200632333755493,1.5654114484786987,1.8180828094482422,1.7519248723983765,2.090348720550537,1.6950886249542236,1.5932708978652954,1.255226492881775,1.211228370666504,0.9753124117851257,1.0743451118469238,1.0022737979888916,1.0512330532073975,1.1586555242538452,1.3776977062225342,1.561877965927124,1.760587215423584,2.0194201469421387,1.953099012374878,2.324509620666504,1.9272570610046387,1.8845703601837158,1.58485746383667,1.6001558303833008,1.4298205375671387,1.5855711698532104,1.525445580482483,1.5691829919815063,1.6245745420455933,1.8100062608718872,1.9398926496505737,2.127060890197754,2.4394798278808594,2.393606662750244
B9,1.9355199337005615,1.6665606498718262,1.4650722742080688,1.1639959812164307,1.1133652925491333,0.9164025187492371,0.8755397796630859,0.6135664582252502,0.5265814661979675,0.6318659782409668,0.8125136494636536,1.1070917844772339,1.3328770399093628,1.4631750583648682,1.3863343000411987,1.7906543016433716,1.4156978130340576,1.2666816711425781,0.9051387906074524,0.8848379254341125,0.6213817596435547,0.6776810884475708,0.3775023818016052,0.0,0.37426304817199707,0.6374663710594177,0.9556323885917664,1.1924508810043335,1.390856385231018,1.2972420454025269,1.7106635570526123,1.324676513671875,1.2317490577697754,0.8712413311004639,0.9029426574707031,0.6667458415031433,0.8297262191772461,0.6418952345848083,0.4949704110622406,0.6260532140731812,0.8062349557876587,1.0586055517196655,1.2479804754257202,1.47806978225708,1.3935165405273438,1.8107669353485107,1.4182305335998535,1.3871347904205322,1.076830267906189,1.1475043296813965,0.9894739985466003,1.192748785018921,1.0878303050994873,1.0056263208389282,1.079013466835022,1.1985598802566528,1.3750914335250854,1.508943796157837,1.7402400970458984,1.6466501951217651,2.05204439163208,1.663638710975647,1.6825261116027832,1.4230612516403198,1.522651195526123,1.421202301979065,1.6525547504425049,1.5865657329559326,1.5455315113067627,1.5963690280914307,1.706107258796692,1.8321610689163208,1.961830973625183,2.2595157623291016,2.175034523010254
B10,2.1662890911102295,1.887306571006775,1.736971139907837,1.4208256006240845,1.413266658782959,1.1840025186538696,1.1357496976852417,0.7912294864654541,0.6582515835762024,0.5261896252632141,0.6863372921943665,0.8736901879310608,1.158467411994934,1.3150219917297363,1.3364906311035156,1.9864037036895752,1.6246331930160522,1.5441203117370605,1.2005568742752075,1.2402302026748657,0.984045684337616,1.011507272720337,0.651581346988678,0.37426304817199707,0.0,0.37858372926712036,0.6141225695610046,0.909915030002594,1.1733790636062622,1.178977131843567,1.8638120889663696,1.4980747699737549,1.480056881904602,1.1460832357406616,1.2408920526504517,1.0138063430786133,1.1332927942276,0.8488575220108032,0.6179211139678955,0.4962143301963806,0.6019151210784912,0.7469089031219482,0.9574934840202332,1.2514115571975708,1.2487455606460571,1.9064589738845825,1.53022301197052,1.5701606273651123,1.2756444215774536,1.4093215465545654,1.244706392288208,1.4299778938293457,1.234686255455017,1.0728875398635864,1.012821912765503,1.064026117324829,1.145849585533142,1.2691103219985962,1.5430978536605835,1.5074610710144043,2.0806329250335693,1.708008885383606,1.7952300310134888,1.5474474430084229,1.71036696434021,1.6044347286224365,1.8405123949050903,1.7057311534881592,1.5983102321624756,1.5684666633605957,1.6215240955352783,1.6771037578582764,1.7897676229476929,2.1116373538970947,2.05671763420105
B11,2.086744785308838,1.8315402269363403,1.7547547817230225,1.4716123342514038,1.5567383766174316,1.38345205783844,1.4217417240142822,1.081591248512268,0.8344236016273499,0.6337315440177917,0.5653766393661499,0.710206151008606,0.9339170455932617,1.0126535892486572,1.07596755027771,1.8498809337615967,1.524402379989624,1.5250300168991089,1.2368195056915283,1.379827618598938,1.2052415609359741,1.3148062229156494,0.9877099990844727,0.6374663710594177,0.37858372926712036,0.0,0.3752354085445404,0.5685219168663025,0.7955343723297119,0.8221355080604553,1.6792426109313965,1.3491127490997314,1.4220192432403564,1.151416301727295,1.3504936695098877,1.2112810611724854,1.3983376026153564,1.1306815147399902,0.8141059279441833,0.6539135575294495,0.5086126923561096,0.6102967262268066,0.6756246089935303,0.9278866648674011,0.9104577898979187,1.6932953596115112,1.3489593267440796,1.4760241508483887,1.247127890586853,1.4733693599700928,1.3887720108032227,1.6325591802597046,1.4407413005828857,1.1982500553131104,1.1169517040252686,1.0354448556900024,1.0900729894638062,1.0991287231445312,1.3169583082199097,1.2468822002410889,1.8599522113800049,1.5190304517745972,1.6800737380981445,1.4974100589752197,1.7331980466842651,1.6982910633087158,1.983453631401062,1.8577618598937988,1.6853828430175781,1.6585770845413208,1.6275551319122314,1.677492618560791,1.7119181156158447,1.9998162984848022,1.8977423906326294
B12,2.3738200664520264,2.1060562133789062,2.0582873821258545,1.7610023021697998,1.8521329164505005,1.6469134092330933,1.6671116352081299,1.2959924936294556,1.066351294517517,0.7571258544921875,0.6708840131759644,0.5923000574111938,0.8629677295684814,0.9858988523483276,1.172082781791687,2.137117385864258,1.8265222311019897,1.8654563426971436,1.5833959579467773,1.7310835123062134,1.5355275869369507,1.6170680522918701,1.2639662027359009,0.9556323885917664,0.6141225695610046,0.3752354085445404,0.0,0.37463825941085815,0.7327338457107544,0.9163753390312195,1.9697134494781494,1.666723608970642,1.7777897119522095,1.5231127738952637,1.724307894706726,1.5673162937164307,1.719875693321228,1.4158262014389038,1.114634394645691,0.8536708950996399,0.6697831153869629,0.5294005870819092,0.5551173686981201,0.8862505555152893,0.9916452169418335,1.9547749757766724,1.6433454751968384,1.808660626411438,1.5952508449554443,1.8308985233306885,1.7288943529129028,1.944242238998413,1.7074408531188965,1.4485975503921509,1.277633786201477,1.149749994277954,1.0761595964431763,1.0558834075927734,1.309109091758728,1.3176289796829224,2.0655436515808105,1.757926106452942,1.9626818895339966,1.7931852340698242,2.051832437515259,2.0035696029663086,2.274665117263794,2.1037979125976562,1.901244044303894,1.8071027994155884,1.7335071563720703,1.702818751335144,1.717888593673706,2.02131724357605,1.9584397077560425
B13,2.2746353149414062,2.0326619148254395,2.0527265071868896,1.794080376625061,1.9555307626724243,1.8019951581954956,1.8920670747756958,1.5379348993301392,1.2438440322875977,0.9535670280456543,0.7137907147407532,0.59052973985672,0.6970850229263306,0.6993358731269836,0.9460291266441345,2.006531000137329,1.742499589920044,1.8540924787521362,1.6309980154037476,1.8486829996109009,1.717562198638916,1.862965703010559,1.5396701097488403,1.1924508810043335,0.909915030002594,0.5685219168663025,0.37463825941085815,0.0,0.40238362550735474,0.6482371091842651,1.8322981595993042,1.5787062644958496,1.7661430835723877,1.5797187089920044,1.8448262214660645,1.7570724487304688,1.9639978408813477,1.6922458410263062,1.3612289428710938,1.1428494453430176,0.8750728964805603,0.755447506904602,0.5677589774131775,0.7501927018165588,0.811284601688385,1.8204087018966675,1.5606410503387451,1.7953858375549316,1.6542638540267944,1.9435142278671265,1.9094390869140625,2.1696736812591553,1.961342692375183,1.6735389232635498,1.5294240713119507,1.3338477611541748,1.2684394121170044,1.1370409727096558,1.2881954908370972,1.2384076118469238,1.9508411884307861,1.6922653913497925,1.9514317512512207,1.85226571559906,2.1504595279693604,2.1653103828430176,2.470937490463257,2.329024076461792,2.098881483078003,2.031547784805298,1.9081398248672485,1.8918014764785767,1.8379085063934326,2.0897905826568604,1.9698973894119263
