,A1,A2,A3,A4,A5,A6,A7,A8,A9,A10,A11,A12,A13,A14,A15,B1,B2,B3,B4,B5,B6,B7,B8,B9,B10,B11,B12,B13,B14,B15,C1,C2,C3,C4,C5,C6,C7,C8,C9,C10,C11,C12,C13,C14,C15,D1,D2,D3,D4,D5,D6,D7,D8,D9,D10,D11,D12,D13,D14,D15,E1,E2,E3,E4,E5,E6,E7,E8,E9,E10,E11,E12,E13,E14,E15
A1,0.0,0.3818737864494324,0.6304775476455688,0.9568849802017212,1.2446818351745605,1.5738874673843384,1.9224222898483276,1.9903156757354736,1.7414896488189697,2.0142152309417725,1.8614935874938965,2.202773332595825,2.049532175064087,1.9739292860031128,1.5890697240829468,0.5541621446609497,0.632125973701477,0.7550299763679504,1.0663281679153442,1.2958967685699463,1.6239279508590698,1.9896290302276611,2.104734420776367,1.9137706756591797,2.1697328090667725,2.0752735137939453,2.376603126525879,2.295720338821411,2.2065320014953613,1.8299131393432617,1.0782355070114136,1.0710771083831787,1.1368227005004883,1.3533289432525635,1.5219508409500122,1.8133188486099243,2.166367292404175,2.3132171630859375,2.178762912750244,2.4160866737365723,2.3613076210021973,2.6322546005249023,2.5941169261932373,2.5304126739501953,2.167647123336792,1.6007894277572632,1.5566797256469727,1.5897682905197144,1.732548713684082,1.8564623594284058,2.102041244506836,2.4268906116485596,2.5942394733428955,2.5071218013763428,2.7349472045898438,2.7167725563049316,2.96867299079895,2.908494472503662,2.879241943359375,2.5314016342163086,2.1536295413970947,2.0657806396484375,2.0745365619659424,2.1573803424835205,2.2426059246063232,2.439608335494995,2.721345901489258,2.918048143386841,2.8767471313476562,3.1131374835968018,3.1346864700317383,3.381800889968872,3.3772354125976562,3.6361641883850098,3.5676329135894775
A2,0.3818737864494324,0.0,0.3819684088230133,0.620840847492218,0.9487216472625732,1.2474339008331299,1.6141915321350098,1.6555029153823853,1.3937666416168213,1.6571846008300781,1.512715220451355,1.848577618598938,1.7090051174163818,1.677354335784912,1.291304588317871,0.6975429058074951,0.5509519577026367,0.6519654393196106,0.8474620580673218,1.0869221687316895,1.3675830364227295,1.7414098978042603,1.82760751247406,1.6309540271759033,1.8649500608444214,1.780777931213379,2.062553882598877,1.99497389793396,1.9495885372161865,1.5854289531707764,1.1794599294662476,1.0550894737243652,1.113741159439087,1.2300183773040771,1.398564338684082,1.6316461563110352,1.983060359954834,2.09637713432312,1.959439754486084,2.1663942337036133,2.1218228340148926,2.3655853271484375,2.338252067565918,2.315173625946045,1.9734375476837158,1.6753731966018677,1.555633306503296,1.5961675643920898,1.663272500038147,1.792737364768982,1.982511281967163,2.303227186203003,2.433274269104004,2.3423893451690674,2.535698890686035,2.5248048305511475,2.746189594268799,2.6957192420959473,2.7062182426452637,2.381527900695801,2.2069132328033447,2.0656373500823975,2.0936217308044434,2.119103193283081,2.219534397125244,2.3668429851531982,2.650327682495117,2.806688070297241,2.7590770721435547,2.9588279724121094,2.982177972793579,3.1977429389953613,3.2060389518737793,3.4471118450164795,3.4056875705718994
A3,0.6304775476455688,0.3819684088230133,0.0,0.38028061389923096,0.6158639788627625,0.959374189376831,1.3043315410614014,1.4115769863128662,1.2163724899291992,1.5359278917312622,1.4806183576583862,1.8332054615020752,1.7677985429763794,1.8065776824951172,1.4334440231323242,0.9276946783065796,0.6920763850212097,0.5628681182861328,0.6735324859619141,0.7975831031799316,1.0857598781585693,1.4388198852539062,1.5819201469421387,1.4511148929595947,1.7292078733444214,1.7248883247375488,2.0229058265686035,2.025841236114502,2.0461177825927734,1.6926690340042114,1.343575358390808,1.1392539739608765,1.071222186088562,1.1096935272216797,1.1835107803344727,1.3923853635787964,1.7129740715026855,1.8671581745147705,1.7895896434783936,2.026712656021118,2.0501434803009033,2.307152509689331,2.3415961265563965,2.3754138946533203,2.045975923538208,1.8034069538116455,1.618879795074463,1.5764130353927612,1.577979326248169,1.6359210014343262,1.7876219749450684,2.0715668201446533,2.2267959117889404,2.187143564224243,2.396653413772583,2.4423418045043945,2.6725776195526123,2.6747894287109375,2.7332406044006348,2.4231576919555664,2.3075060844421387,2.114420175552368,2.0861330032348633,2.054746389389038,2.10264253616333,2.20717716217041,2.4545295238494873,2.62056827545166,2.61649489402771,2.816270589828491,2.886467933654785,3.0997605323791504,3.1524412631988525,3.410043716430664,3.4089040756225586
A4,0.9568849802017212,0.620840847492218,0.38028061389923096,0.0,0.370607852935791,0.6271565556526184,0.9960237741470337,1.0528812408447266,0.8434039354324341,1.1634843349456787,1.1414625644683838,1.4906100034713745,1.4685275554656982,1.5629087686538696,1.2180540561676025,1.1377766132354736,0.805331289768219,0.6681057214736938,0.5517770051956177,0.653793215751648,0.8324576616287231,1.1883141994476318,1.2811279296875,1.1451003551483154,1.3968265056610107,1.4167450666427612,1.694015383720398,1.7275851964950562,1.803505301475525,1.480515956878662,1.473980188369751,1.1917612552642822,1.1227926015853882,1.0392202138900757,1.1065374612808228,1.2209893465042114,1.5286273956298828,1.6301428079605103,1.5488301515579224,1.7461684942245483,1.7853517532348633,2.0114986896514893,2.0657567977905273,2.147002935409546,1.8506349325180054,1.8766851425170898,1.6325793266296387,1.6002063751220703,1.5224218368530273,1.5871851444244385,1.6675065755844116,1.9401508569717407,2.0430362224578857,1.9961116313934326,2.162325620651245,2.215798854827881,2.4114797115325928,2.4279754161834717,2.5286927223205566,2.2504727840423584,2.3373138904571533,2.0995090007781982,2.091775417327881,2.004228115081787,2.0703625679016113,2.1197102069854736,2.366279363632202,2.4808290004730225,2.4654860496520996,2.621854066848755,2.691335439682007,2.869366407394409,2.9351038932800293,3.1731154918670654,3.2004477977752686
A5,1.2446818351745605,0.9487216472625732,0.6158639788627625,0.370607852935791,0.0,0.3765214681625366,0.6997624039649963,0.8740370273590088,0.8022307753562927,1.1627724170684814,1.2590938806533813,1.5884617567062378,1.643166184425354,1.8017269372940063,1.4931470155715942,1.4482117891311646,1.1172996759414673,0.881807804107666,0.6922951936721802,0.5743724703788757,0.6710070967674255,0.957545816898346,1.1272934675216675,1.1029362678527832,1.3833849430084229,1.5016523599624634,1.7701324224472046,1.875669240951538,2.014070749282837,1.7215014696121216,1.751652717590332,1.4430350065231323,1.2889819145202637,1.1365480422973633,1.0832425355911255,1.1284489631652832,1.3658220767974854,1.5083950757980347,1.5103020668029785,1.724631905555725,1.8422504663467407,2.064927816390991,2.1817073822021484,2.318791389465332,2.0487940311431885,2.121279001235962,1.8422781229019165,1.7446855306625366,1.6083101034164429,1.5941358804702759,1.6150456666946411,1.8266754150390625,1.9486970901489258,1.9644492864608765,2.1357369422912598,2.251018762588501,2.443716526031494,2.5150163173675537,2.6637697219848633,2.410175085067749,2.550175189971924,2.2782609462738037,2.2231061458587646,2.0844688415527344,2.096372365951538,2.0927016735076904,2.289614677429199,2.40600848197937,2.4392507076263428,2.5857388973236084,2.704296827316284,2.870806932449341,2.9828219413757324,3.2297489643096924,3.2991275787353516
A6,1.5738874673843384,1.2474339008331299,0.959374189376831,0.6271565556526184,0.3765214681625366,0.0,0.3848612606525421,0.5128392577171326,0.5253883004188538,0.8737208843231201,1.063186526298523,1.3552052974700928,1.483728051185608,1.703383445739746,1.4562441110610962,1.7134212255477905,1.3489603996276855,1.1342533826828003,0.8416905999183655,0.6930667757987976,0.5680714249610901,0.7738218903541565,0.8742959499359131,0.8920278549194336,1.124210238456726,1.3019475936889648,1.5283290147781372,1.6865216493606567,1.8911019563674927,1.6530827283859253,1.9562915563583374,1.6095342636108398,1.4618778228759766,1.2244436740875244,1.1555519104003906,1.077459454536438,1.2582457065582275,1.3323954343795776,1.351171851158142,1.5095345973968506,1.6614048480987549,1.8396514654159546,1.990717887878418,2.18436598777771,1.9638948440551758,2.2690937519073486,1.9521230459213257,1.8620952367782593,1.6603190898895264,1.6443746089935303,1.583595633506775,1.7610902786254883,1.8211573362350464,1.8395103216171265,1.9567906856536865,2.0897252559661865,2.2389705181121826,2.3356735706329346,2.5329408645629883,2.323014259338379,2.6472058296203613,2.342294692993164,2.302107334136963,2.1133644580841064,2.1360974311828613,2.0726959705352783,2.2554643154144287,2.3139379024505615,2.3411099910736084,2.4359230995178223,2.559115409851074,2.682996988296509,2.81485652923584,3.039140224456787,3.1436400413513184
A7,1.9224222898483276,1.6141915321350098,1.3043315410614014,0.9960237741470337,0.6997624039649963,0.3848612606525421,0.0,0.39410319924354553,0.659553050994873,0.9469237923622131,1.238132119178772,1.4828364849090576,1.68854820728302,1.9409706592559814,1.7417645454406738,2.033994436264038,1.6663135290145874,1.413470983505249,1.0925977230072021,0.8513347506523132,0.5894685983657837,0.5733441114425659,0.7090222835540771,0.8824736475944519,1.1000804901123047,1.3757389783859253,1.575789451599121,1.807241678237915,2.061476707458496,1.8664506673812866,2.2246549129486084,1.8583502769470215,1.6641275882720947,1.3741153478622437,1.2240700721740723,1.0436094999313354,1.1041195392608643,1.1763684749603271,1.285847544670105,1.4327961206436157,1.6638978719711304,1.8244127035140991,2.0403804779052734,2.2863638401031494,2.1058449745178223,2.4850809574127197,2.1391541957855225,2.006463050842285,1.7494555711746216,1.6739121675491333,1.5343067646026611,1.6320948600769043,1.677128791809082,1.7533859014511108,1.8528622388839722,2.0455057621002197,2.1784675121307373,2.333110809326172,2.578404188156128,2.406588315963745,2.8115761280059814,2.4763343334198,2.404109239578247,2.1641438007354736,2.1472206115722656,2.019193410873413,2.1478981971740723,2.18034029006958,2.2462635040283203,2.3117525577545166,2.478421449661255,2.577902317047119,2.7560126781463623,2.980894088745117,3.130793571472168
A8,1.9903156757354736,1.6555029153823853,1.4115769863128662,1.0528812408447266,0.8740370273590088,0.5128392577171326,0.39410319924354553,0.0,0.3754440248012543,0.5780396461486816,0.9076287746429443,1.1259711980819702,1.370468258857727,1.6342793703079224,1.4885437488555908,2.0263288021087646,1.641474962234497,1.4519033432006836,1.0911753177642822,0.9530245065689087,0.6382498145103455,0.6625080704689026,0.555627167224884,0.6331344246864319,0.7509907484054565,1.0278828144073486,1.1916773319244385,1.438550591468811,1.721272587776184,1.570326566696167,2.168048143386841,1.788840651512146,1.651719331741333,1.333292841911316,1.262624979019165,1.041664958000183,1.133255124092102,1.0735667943954468,1.100022315979004,1.1592146158218384,1.3584781885147095,1.4736928939819336,1.6812463998794556,1.9481350183486938,1.8038504123687744,2.3859987258911133,2.0302388668060303,1.9505342245101929,1.6760584115982056,1.6657342910766602,1.5047465562820435,1.6357955932617188,1.593551516532898,1.601479172706604,1.6345441341400146,1.7857202291488647,1.8745429515838623,2.0093307495117188,2.2682318687438965,2.1240427494049072,2.678023099899292,2.337033987045288,2.3160817623138428,2.068598985671997,2.1102230548858643,1.9737929105758667,2.1400980949401855,2.1117305755615234,2.118844985961914,2.1395556926727295,2.261068344116211,2.3270020484924316,2.4822847843170166,2.676994562149048,2.8264784812927246
A9,1.7414896488189697,1.3937666416168213,1.2163724899291992,0.8434039354324341,0.8022307753562927,0.5253883004188538,0.659553050994873,0.3754440248012543,0.0,0.3775372803211212,0.5864198803901672,0.8823484778404236,1.0635242462158203,1.2911560535430908,1.118558645248413,1.7445664405822754,1.3591625690460205,1.2378815412521362,0.8879418969154358,0.882752001285553,0.6643338799476624,0.8606287240982056,0.7108399271965027,0.5663350820541382,0.6652926802635193,0.8058708310127258,1.0040919780731201,1.1744544506072998,1.4143319129943848,1.2310314178466797,1.8920238018035889,1.5241204500198364,1.453870177268982,1.169229507446289,1.2025803327560425,1.0585994720458984,1.2603288888931274,1.1780918836593628,1.087734341621399,1.1361498832702637,1.230247139930725,1.3570849895477295,1.4893049001693726,1.7058080434799194,1.5297536849975586,2.12742018699646,1.7921702861785889,1.7718664407730103,1.539857029914856,1.6069597005844116,1.510627269744873,1.721023678779602,1.6721131801605225,1.6045736074447632,1.6397078037261963,1.7142736911773682,1.8110684156417847,1.877772569656372,2.088547706604004,1.9133654832839966,2.4457223415374756,2.1292073726654053,2.1560683250427246,1.9524915218353271,2.0500009059906006,1.9701263904571533,2.1950936317443848,2.1747632026672363,2.1285088062286377,2.167405128479004,2.2321646213531494,2.3160409927368164,2.4165351390838623,2.6041347980499268,2.7057011127471924
A10,2.0142152309417725,1.6571846008300781,1.5359278917312622,1.1634843349456787,1.1627724170684814,0.8737208843231201,0.9469237923622131,0.5780396461486816,0.3775372803211212,0.0,0.38418006896972656,0.552712619304657,0.8222243785858154,1.1035667657852173,1.045047402381897,1.9782044887542725,1.6018472909927368,1.5419895648956299,1.2014352083206177,1.2406659126281738,1.0033023357391357,1.1365110874176025,0.8818106055259705,0.7026963233947754,0.5733015537261963,0.6599869132041931,0.718309223651886,0.9069348573684692,1.2158217430114746,1.1302261352539062,2.088454246520996,1.7295185327529907,1.713619589805603,1.425742745399475,1.4993314743041992,1.3214904069900513,1.4916599988937378,1.3182106018066406,1.1825810670852661,1.1036138534545898,1.1469324827194214,1.1675513982772827,1.2771692276000977,1.5335062742233276,1.4323530197143555,2.2788729667663574,1.9479966163635254,1.9772104024887085,1.7365539073944092,1.8428891897201538,1.7177561521530151,1.9188367128372192,1.7959184646606445,1.6843018531799316,1.6333699226379395,1.663970708847046,1.6815595626831055,1.724436640739441,1.9604637622833252,1.8393447399139404,2.5522382259368896,2.237989902496338,2.3130671977996826,2.1027822494506836,2.2411999702453613,2.1418302059173584,2.3741018772125244,2.2941079139709473,2.2057390213012695,2.1845455169677734,2.2072348594665527,2.234994888305664,2.3154635429382324,2.452040910720825,2.563995599746704
A11,1.8614935874938965,1.512715220451355,1.4806183576583862,1.1414625644683838,1.2590938806533813,1.063186526298523,1.238132119178772,0.9076287746429443,0.5864198803901672,0.38418006896972656,0.0,0.3862227201461792,0.5095288753509521,0.7311288118362427,0.6722764372825623,1.7806506156921387,1.4294774532318115,1.4602246284484863,1.1719334125518799,1.3226302862167358,1.1752077341079712,1.3916362524032593,1.1448115110397339,0.8619866967201233,0.7304736971855164,0.5892567038536072,0.6503738760948181,0.6683775782585144,0.9061873555183411,0.7976269721984863,1.883003830909729,1.5572161674499512,1.6242518424987793,1.3934438228607178,1.557538628578186,1.4525450468063354,1.691066026687622,1.5158345699310303,1.2996588945388794,1.2163883447647095,1.1358115673065186,1.1572176218032837,1.1501727104187012,1.3257496356964111,1.1971577405929565,2.0775365829467773,1.7836683988571167,1.8831086158752441,1.6982064247131348,1.8750561475753784,1.8119957447052002,2.0701241493225098,1.9479337930679321,1.7754369974136353,1.7285349369049072,1.677358627319336,1.6993027925491333,1.6584081649780273,1.8272923231124878,1.6777859926223755,2.3661208152770996,2.0888495445251465,2.218554973602295,2.061026096343994,2.251737356185913,2.2079217433929443,2.4857656955718994,2.4153177738189697,2.2802512645721436,2.2769386768341064,2.2418203353881836,2.2864835262298584,2.305342674255371,2.4287326335906982,2.483743190765381
A12,2.202773332595825,1.848577618598938,1.8332054615020752,1.4906100034713745,1.5884617567062378,1.3552052974700928,1.4828364849090576,1.1259711980819702,0.8823484778404236,0.552712619304657,0.3862227201461792,0.0,0.37388697266578674,0.7057161927223206,0.8308035135269165,2.1286842823028564,1.792218565940857,1.8431447744369507,1.5576204061508179,1.6924318075180054,1.5112700462341309,1.6765491962432861,1.3942455053329468,1.14956796169281,0.9128013253211975,0.7713098526000977,0.6122758984565735,0.5998111963272095,0.9145964980125427,0.9588643312454224,2.2225286960601807,1.9123121500015259,1.9991635084152222,1.7642686367034912,1.9223864078521729,1.7839910984039307,1.9829643964767456,1.7644649744033813,1.553848147392273,1.3870854377746582,1.288446307182312,1.1903737783432007,1.1511833667755127,1.362231731414795,1.3351655006408691,2.390028238296509,2.107038736343384,2.228898286819458,2.035491466522217,2.2170135974884033,2.124004364013672,2.3571574687957764,2.1903488636016846,2.0076770782470703,1.894047737121582,1.8208940029144287,1.760423183441162,1.7018632888793945,1.895331859588623,1.8130561113357544,2.6417441368103027,2.3715410232543945,2.5283517837524414,2.3625054359436035,2.567765235900879,2.5001916885375977,2.7681450843811035,2.6548373699188232,2.501746416091919,2.445282459259033,2.384983539581299,2.3707833290100098,2.3775575160980225,2.442084789276123,2.512939214706421
A13,2.049532175064087,1.7090051174163818,1.7677985429763794,1.4685275554656982,1.643166184425354,1.483728051185608,1.68854820728302,1.370468258857727,1.0635242462158203,0.8222243785858154,0.5095288753509521,0.37388697266578674,0.0,0.3942732810974121,0.554908275604248,1.976420521736145,1.678513765335083,1.8008408546447754,1.5765281915664673,1.776955008506775,1.6687445640563965,1.8968678712844849,1.649024486541748,1.3636270761489868,1.1831731796264648,0.958228349685669,0.858829140663147,0.674494206905365,0.8329514861106873,0.8409016728401184,2.09833025932312,1.83449125289917,1.9829341173171997,1.810612440109253,2.020395040512085,1.9472004175186157,2.196861982345581,2.0073189735412598,1.7655128240585327,1.6345152854919434,1.4767282009124756,1.4110875129699707,1.284300684928894,1.3920252323150635,1.3233522176742554,2.2974493503570557,2.062382459640503,2.2331080436706543,2.0984458923339844,2.319145917892456,2.283419609069824,2.5567984580993652,2.4161345958709717,2.2091996669769287,2.124687433242798,2.0088579654693604,1.972983956336975,1.8550139665603638,1.976601004600525,1.8565689325332642,2.5847434997558594,2.3587779998779297,2.54931378364563,2.4367053508758545,2.6681504249572754,2.65152645111084,2.9485907554626465,2.8631138801574707,2.6917247772216797,2.666339159011841,2.5767369270324707,2.5897345542907715,2.5537421703338623,2.616995334625244,2.6348767280578613
A14,1.9739292860031128,1.677354335784912,1.8065776824951172,1.5629087686538696,1.8017269372940063,1.703383445739746,1.9409706592559814,1.6342793703079224,1.2911560535430908,1.1035667657852173,0.7311288118362427,0.7057161927223206,0.3942732810974121,0.0,0.3867279589176178,1.822933316230774,1.5756349563598633,1.7677021026611328,1.6006131172180176,1.8645923137664795,1.812399983406067,2.076615333557129,1.8303805589675903,1.4971919059753418,1.339806318283081,1.0257991552352905,0.9754385352134705,0.6660152673721313,0.6096718907356262,0.6046301126480103,1.8953447341918945,1.6817550659179688,1.8962467908859253,1.7793529033660889,2.046942710876465,2.02410888671875,2.3100130558013916,2.1204497814178467,1.830952763557434,1.7124054431915283,1.4782299995422363,1.4390769004821777,1.2248460054397583,1.2152113914489746,1.1175456047058105,2.064260959625244,1.8767589330673218,2.1046981811523438,2.0228681564331055,2.2924773693084717,2.304293155670166,2.6124989986419678,2.474367618560791,2.2256975173950195,2.1541779041290283,1.979128360748291,1.9631493091583252,1.7803401947021484,1.8208591938018799,1.6728047132492065,2.3395168781280518,2.1575350761413574,2.3923497200012207,2.3300068378448486,2.5994229316711426,2.6288068294525146,2.9557809829711914,2.8794639110565186,2.6729319095611572,2.668511390686035,2.5345146656036377,2.5720880031585693,2.4838714599609375,2.5454962253570557,2.504502534866333
A15,1.5890697240829468,1.291304588317871,1.4334440231323242,1.2180540561676025,1.4931470155715942,1.4562441110610962,1.7417645454406738,1.4885437488555908,1.118558645248413,1.045047402381897,0.6722764372825623,0.8308035135269165,0.554908275604248,0.3867279589176178,0.0,1.464153528213501,1.2101836204528809,1.411509394645691,1.2781862020492554,1.565948486328125,1.5714699029922485,1.8795870542526245,1.691109299659729,1.35713529586792,1.2993481159210205,1.0184555053710938,1.102230191230774,0.8690109848976135,0.8034948110580444,0.5861974954605103,1.5942528247833252,1.378537654876709,1.5890759229660034,1.5051518678665161,1.7782056331634521,1.8055436611175537,2.1237494945526123,1.9921293258666992,1.7183566093444824,1.6817030906677246,1.4833451509475708,1.5392776727676392,1.3763351440429688,1.3559348583221436,1.1510796546936035,1.8346489667892456,1.649065375328064,1.8576611280441284,1.8028932809829712,2.0624403953552246,2.1137616634368896,2.4400978088378906,2.356858730316162,2.13273286819458,2.1277689933776855,1.9872982501983643,2.043111801147461,1.8914976119995117,1.9207391738891602,1.706020474433899,2.181216239929199,2.00028920173645,2.2027528285980225,2.1587748527526855,2.4053282737731934,2.4632976055145264,2.7933008670806885,2.7672345638275146,2.5899107456207275,2.6375908851623535,2.5385422706604004,2.6275787353515625,2.561964988708496,2.6780202388763428,2.6335229873657227
B1,0.5541621446609497,0.6975429058074951,0.9276946783065796,1.1377766132354736,1.4482117891311646,1.7134212255477905,2.033994436264038,2.0263288021087646,1.7445664405822754,1.9782044887542725,1.7806506156921387,2.1286842823028564,1.976420521736145,1.822933316230774,1.464153528213501,0.0,0.3868112862110138,0.6655825972557068,0.9872685074806213,1.2980668544769287,1.6088892221450806,1.9738762378692627,2.0240941047668457,1.7770063877105713,2.011460304260254,1.859870433807373,2.1801979541778564,2.074699640274048,1.919981837272644,1.5382591485977173,0.5310771465301514,0.6063340306282043,0.7996883988380432,1.0905436277389526,1.3547018766403198,1.6646537780761719,2.0394506454467773,2.137450695037842,1.942642331123352,2.169435501098633,2.0573627948760986,2.347334384918213,2.2775988578796387,2.1553454399108887,1.7761610746383667,1.0553566217422485,1.0527210235595703,1.156407117843628,1.3642829656600952,1.565468192100525,1.8486262559890747,2.2087743282318115,2.3429644107818604,2.200557231903076,2.4263947010040283,2.3575100898742676,2.625610113143921,2.5323245525360107,2.4493205547332764,2.0844409465789795,1.6106570959091187,1.551662802696228,1.6021332740783691,1.7351932525634766,1.8765629529953003,2.1155314445495605,2.435588836669922,2.6139657497406006,2.5234837532043457,2.768038034439087,2.7460312843322754,3.010655164718628,2.9677109718322754,3.2291464805603027,3.12332820892334
B2,0.632125973701477,0.5509519577026367,0.6920763850212097,0.805331289768219,1.1172996759414673,1.3489603996276855,1.6663135290145874,1.641474962234497,1.3591625690460205,1.6018472909927368,1.4294774532318115,1.792218565940857,1.678513765335083,1.5756349563598633,1.2101836204528809,0.3868112862110138,0.0,0.3789452314376831,0.6257410049438477,0.9646235108375549,1.2481049299240112,1.6211345195770264,1.6551088094711304,1.4067778587341309,1.6452609300613403,1.5190074443817139,1.845639705657959,1.7758868932724,1.6771643161773682,1.2930811643600464,0.6850146651268005,0.5049560070037842,0.6360117793083191,0.8153327703475952,1.0825258493423462,1.3512343168258667,1.730544090270996,1.8098846673965454,1.619684100151062,1.8389815092086792,1.7531880140304565,2.037445545196533,1.9994808435440063,1.9319767951965332,1.563178539276123,1.1439208984375,1.0049790143966675,1.0750423669815063,1.1790052652359009,1.3714507818222046,1.6009148359298706,1.9580540657043457,2.068420171737671,1.9333219528198242,2.140901565551758,2.0960230827331543,2.349013328552246,2.2828874588012695,2.253061294555664,1.9065790176391602,1.662618637084961,1.5151944160461426,1.5582993030548096,1.6076488494873047,1.7472007274627686,1.9284746646881104,2.2453835010528564,2.3929789066314697,2.3091318607330322,2.5258359909057617,2.5217514038085938,2.7630550861358643,2.747615337371826,3.0046916007995605,2.9376790523529053
B3,0.7550299763679504,0.6519654393196106,0.5628681182861328,0.6681057214736938,0.881807804107666,1.1342533826828003,1.413470983505249,1.4519033432006836,1.2378815412521362,1.5419895648956299,1.4602246284484863,1.8431447744369507,1.8008408546447754,1.7677021026611328,1.411509394645691,0.6655825972557068,0.3789452314376831,0.0,0.3774165213108063,0.635249137878418,0.9669288396835327,1.3248651027679443,1.4257385730743408,1.2455154657363892,1.5483779907226562,1.5114408731460571,1.8638921976089478,1.870681881904602,1.8401179313659668,1.469473958015442,0.8920838236808777,0.629808783531189,0.5086761713027954,0.6147862076759338,0.7788427472114563,1.068070650100708,1.4319676160812378,1.5709022283554077,1.4458303451538086,1.7184735536575317,1.7120100259780884,2.0226261615753174,2.05562686920166,2.0479257106781006,1.692063570022583,1.2908377647399902,1.0786857604980469,1.0138250589370728,1.0451419353485107,1.1438641548156738,1.355833649635315,1.6845932006835938,1.8396430015563965,1.764500617980957,2.0077884197235107,2.03023362159729,2.305269241333008,2.3003835678100586,2.319694757461548,1.9863942861557007,1.770716667175293,1.5664335489273071,1.5239191055297852,1.5103942155838013,1.5774099826812744,1.723658800125122,2.0045876502990723,2.1787309646606445,2.148033857345581,2.379241466522217,2.431908130645752,2.681558847427368,2.7162418365478516,2.998857259750366,2.97324800491333
B4,1.0663281679153442,0.8474620580673218,0.6735324859619141,0.5517770051956177,0.6922951936721802,0.8416905999183655,1.0925977230072021,1.0911753177642822,0.8879418969154358,1.2014352083206177,1.1719334125518799,1.5576204061508179,1.5765281915664673,1.6006131172180176,1.2781862020492554,0.9872685074806213,0.6257410049438477,0.3774165213108063,0.0,0.3717537224292755,0.6235724687576294,0.9956658482551575,1.0594358444213867,0.8780634999275208,1.1907885074615479,1.2004340887069702,1.5534250736236572,1.6123653650283813,1.6485258340835571,1.3082590103149414,1.1347359418869019,0.783463716506958,0.6318225860595703,0.48745813965797424,0.6131877899169922,0.7929412722587585,1.157554268836975,1.255726933479309,1.1358288526535034,1.3931869268417358,1.4244424104690552,1.7216343879699707,1.7955713272094727,1.850027322769165,1.5271451473236084,1.4450592994689941,1.150808334350586,1.0729420185089111,0.9711500406265259,1.0525552034378052,1.166666865348816,1.4813456535339355,1.5899056196212769,1.5196648836135864,1.7303768396377563,1.7794225215911865,2.0299408435821533,2.0565285682678223,2.1325275897979736,1.833289623260498,1.858159065246582,1.5902612209320068,1.5544081926345825,1.4537272453308105,1.5244826078414917,1.5923279523849487,1.8645901679992676,1.9875423908233643,1.957289457321167,2.146669864654541,2.213752269744873,2.4310848712921143,2.4927279949188232,2.7644505500793457,2.7785332202911377
B5,1.2958967685699463,1.0869221687316895,0.7975831031799316,0.653793215751648,0.5743724703788757,0.6930667757987976,0.8513347506523132,0.9530245065689087,0.882752001285553,1.2406659126281738,1.3226302862167358,1.6924318075180054,1.776955008506775,1.8645923137664795,1.565948486328125,1.2980668544769287,0.9646235108375549,0.635249137878418,0.3717537224292755,0.0,0.37242239713668823,0.7049878835678101,0.8860024213790894,0.8439180254936218,1.2066203355789185,1.3290677070617676,1.6725142002105713,1.804113507270813,1.9033654928207397,1.595780611038208,1.4429939985275269,1.0966864824295044,0.8444340229034424,0.6269242167472839,0.5089925527572632,0.6138843894004822,0.9156056642532349,1.0952736139297485,1.0887277126312256,1.385341763496399,1.5145660638809204,1.8118054866790771,1.9553793668746948,2.068185567855835,1.7766177654266357,1.7208184003829956,1.404618740081787,1.2388980388641357,1.0676727294921875,1.020754098892212,1.062591314315796,1.3057570457458496,1.4583556652069092,1.4740959405899048,1.7055912017822266,1.8335129022598267,2.0874686241149902,2.1781980991363525,2.304992914199829,2.0340311527252197,2.094590425491333,1.7966769933700562,1.694905161857605,1.5347832441329956,1.5241074562072754,1.5288907289505005,1.7388898134231567,1.8781570196151733,1.9139286279678345,2.1024186611175537,2.232697010040283,2.443962574005127,2.5599327087402344,2.846041440963745,2.9051177501678467
B6,1.6239279508590698,1.3675830364227295,1.0857598781585693,0.8324576616287231,0.6710070967674255,0.5680714249610901,0.5894685983657837,0.6382498145103455,0.6643338799476624,1.0033023357391357,1.1752077341079712,1.5112700462341309,1.6687445640563965,1.812399983406067,1.5714699029922485,1.6088892221450806,1.2481049299240112,0.9669288396835327,0.6235724687576294,0.37242239713668823,0.0,0.38335615396499634,0.5289155840873718,0.5707881450653076,0.9306874871253967,1.1406118869781494,1.453933596611023,1.6504558324813843,1.8195126056671143,1.568278193473816,1.711632490158081,1.3359352350234985,1.1080586910247803,0.7955763936042786,0.6474004983901978,0.5097001194953918,0.7273315191268921,0.8383018374443054,0.8762670755386353,1.1340276002883911,1.3262020349502563,1.5879287719726562,1.7826811075210571,1.961940050125122,1.724133014678955,1.9295375347137451,1.5760759115219116,1.4203251600265503,1.1650340557098389,1.1033490896224976,1.016657829284668,1.2039722204208374,1.2855224609375,1.3191498517990112,1.49684476852417,1.6620763540267944,1.8759026527404785,2.0067803859710693,2.193483829498291,1.9716968536376953,2.2425129413604736,1.9076573848724365,1.819414496421814,1.5938518047332764,1.5873878002166748,1.506745457649231,1.6900908946990967,1.7611334323883057,1.7999143600463867,1.930517554283142,2.078075408935547,2.2449755668640137,2.3925130367279053,2.6605288982391357,2.763556718826294
B7,1.9896290302276611,1.7414098978042603,1.4388198852539062,1.1883141994476318,0.957545816898346,0.7738218903541565,0.5733441114425659,0.6625080704689026,0.8606287240982056,1.1365110874176025,1.3916362524032593,1.6765491962432861,1.8968678712844849,2.076615333557129,1.8795870542526245,1.9738762378692627,1.6211345195770264,1.3248651027679443,0.9956658482551575,0.7049878835678101,0.38335615396499634,0.0,0.38944873213768005,0.6674398183822632,0.98011314868927,1.284398078918457,1.5569320917129517,1.819504737854004,2.0361599922180176,1.8333477973937988,2.03934645652771,1.661483645439148,1.402614951133728,1.0659493207931519,0.8317840099334717,0.5525569319725037,0.5310918092727661,0.6629160642623901,0.8533421754837036,1.0974478721618652,1.3839107751846313,1.6203235387802124,1.8819059133529663,2.113283395767212,1.9236756563186646,2.2043750286102295,1.833892583847046,1.6378952264785767,1.3319379091262817,1.1924738883972168,0.99649977684021,1.0597485303878784,1.1274936199188232,1.2486320734024048,1.4086838960647583,1.6505508422851562,1.8460994958877563,2.043238401412964,2.280428647994995,2.104792594909668,2.4572947025299072,2.0978405475616455,1.9741796255111694,1.6939306259155273,1.634377360343933,1.4698612689971924,1.5771681070327759,1.617746353149414,1.7110307216644287,1.8086131811141968,2.0129454135894775,2.1535627841949463,2.3559136390686035,2.6254935264587402,2.7784647941589355
B8,2.104734420776367,1.82760751247406,1.5819201469421387,1.2811279296875,1.1272934675216675,0.8742959499359131,0.7090222835540771,0.555627167224884,0.7108399271965027,0.8818106055259705,1.1448115110397339,1.3942455053329468,1.649024486541748,1.8303805589675903,1.691109299659729,2.0240941047668457,1.6551088094711304,1.4257385730743408,1.0594358444213867,0.8860024213790894,0.5289155840873718,0.38944873213768005,0.0,0.37487050890922546,0.6132317781448364,0.9525365829467773,1.1982779502868652,1.4894582033157349,1.7336678504943848,1.582059383392334,2.040412425994873,1.6491159200668335,1.4545161724090576,1.0859638452529907,0.9568355083465576,0.6291454434394836,0.642119288444519,0.5181244015693665,0.610014021396637,0.7545881867408752,1.0472135543823242,1.2467914819717407,1.5228626728057861,1.786015510559082,1.6406922340393066,2.155728816986084,1.7716143131256104,1.6347463130950928,1.3023481369018555,1.243964433670044,1.01038658618927,1.1073535680770874,1.0385891199111938,1.0739487409591675,1.1445852518081665,1.3579158782958984,1.5071035623550415,1.7008647918701172,1.9657058715820312,1.8261281251907349,2.364311695098877,1.9934734106063843,1.9270786046981812,1.630223274230957,1.6408789157867432,1.4563475847244263,1.6046980619430542,1.5575642585754395,1.5793591737747192,1.6134146451950073,1.7732501029968262,1.871960997581482,2.060272455215454,2.300941228866577,2.4634177684783936
B9,1.9137706756591797,1.6309540271759033,1.4511148929595947,1.1451003551483154,1.1029362678527832,0.8920278549194336,0.8824736475944519,0.6331344246864319,0.5663350820541382,0.7026963233947754,0.8619866967201233,1.14956796169281,1.3636270761489868,1.4971919059753418,1.35713529586792,1.7770063877105713,1.4067778587341309,1.2455154657363892,0.8780634999275208,0.8439180254936218,0.5707881450653076,0.6674398183822632,0.37487050890922546,0.0,0.38034215569496155,0.6211422681808472,0.9288848042488098,1.1713844537734985,1.3793357610702515,1.2101045846939087,1.7707101106643677,1.3801037073135376,1.2553890943527222,0.8973268866539001,0.902707576751709,0.661043643951416,0.8402371406555176,0.6650823354721069,0.5216013789176941,0.6264770030975342,0.7942782640457153,1.0208181142807007,1.234574556350708,1.460495114326477,1.2884093523025513,1.8808242082595825,1.503443717956543,1.4346234798431396,1.1294171810150146,1.1787501573562622,1.0176339149475098,1.2247718572616577,1.1267131567001343,1.0388011932373047,1.0913333892822266,1.201137900352478,1.3549286127090454,1.4754905700683594,1.7003408670425415,1.531569480895996,2.1014182567596436,1.7441781759262085,1.7383943796157837,1.478832483291626,1.569509744644165,1.4474624395370483,1.6745795011520386,1.622107744216919,1.5636399984359741,1.606505036354065,1.687989592552185,1.7994147539138794,1.9232593774795532,2.1530556678771973,2.267604351043701
B10,2.1697328090667725,1.8649500608444214,1.7292078733444214,1.3968265056610107,1.3833849430084229,1.124210238456726,1.1000804901123047,0.7509907484054565,0.6652926802635193,0.5733015537261963,0.7304736971855164,0.9128013253211975,1.1831731796264648,1.339806318283081,1.2993481159210205,2.011460304260254,1.6452609300613403,1.5483779907226562,1.1907885074615479,1.2066203355789185,0.9306874871253967,0.98011314868927,0.6132317781448364,0.38034215569496155,0.0,0.3870929479598999,0.5881537199020386,0.8946874737739563,1.1723437309265137,1.1064373254776,1.9827214479446411,1.6054073572158813,1.5476573705673218,1.2075048685073853,1.263432264328003,1.0164456367492676,1.1411843299865723,0.8657808899879456,0.6724478006362915,0.5304977893829346,0.6344207525253296,0.7280842661857605,0.9553810358047485,1.2487174272537231,1.1668123006820679,2.052692413330078,1.6859370470046997,1.6793735027313232,1.379431128501892,1.4762383699417114,1.292513132095337,1.4751291275024414,1.2849751710891724,1.1401562690734863,1.0605446100234985,1.1109704971313477,1.1580307483673096,1.2614043951034546,1.5321284532546997,1.431736946105957,2.224963426589966,1.8736215829849243,1.9265373945236206,1.6657308340072632,1.8046048879623413,1.6625196933746338,1.8909705877304077,1.7642050981521606,1.6530803442001343,1.6130379438400269,1.6403648853302002,1.67781662940979,1.7816225290298462,1.9540293216705322,2.087205648422241
B11,2.0752735137939453,1.780777931213379,1.7248883247375488,1.4167450666427612,1.5016523599624634,1.3019475936889648,1.3757389783859253,1.0278828144073486,0.8058708310127258,0.6599869132041931,0.5892567038536072,0.7713098526000977,0.958228349685669,1.0257991552352905,1.0184555053710938,1.859870433807373,1.5190074443817139,1.5114408731460571,1.2004340887069702,1.3290677070617676,1.1406118869781494,1.284398078918457,0.9525365829467773,0.6211422681808472,0.3870929479598999,0.0,0.38362744450569153,0.5665302872657776,0.7915223836898804,0.7358471155166626,1.8009530305862427,1.4533302783966064,1.4874111413955688,1.2033472061157227,1.366638422012329,1.2052079439163208,1.407230019569397,1.1422474384307861,0.8513382077217102,0.6906935572624207,0.5474138855934143,0.6187536716461182,0.6892169713973999,0.9208706617355347,0.8217350244522095,1.8527047634124756,1.51755952835083,1.597199559211731,1.354843020439148,1.5431691408157349,1.4326088428497314,1.6800650358200073,1.4876576662063599,1.2604730129241943,1.1703083515167236,1.089774489402771,1.1234897375106812,1.1062798500061035,1.3080276250839233,1.1819733381271362,2.0233359336853027,1.7050424814224243,1.8311681747436523,1.6268136501312256,1.8372114896774292,1.758986234664917,2.040970802307129,1.9179444313049316,1.7425413131713867,1.7133879661560059,1.656121850013733,1.7027488946914673,1.7231061458587646,1.8704332113265991,1.9385590553283691
B12,2.376603126525879,2.062553882598877,2.0229058265686035,1.694015383720398,1.7701324224472046,1.5283290147781372,1.575789451599121,1.1916773319244385,1.0040919780731201,0.718309223651886,0.6503738760948181,0.6122758984565735,0.858829140663147,0.9754385352134705,1.102230191230774,2.1801979541778564,1.845639705657959,1.8638921976089478,1.5534250736236572,1.6725142002105713,1.453933596611023,1.5569320917129517,1.1982779502868652,0.9288848042488098,0.5881537199020386,0.38362744450569153,0.0,0.3773386776447296,0.7414273023605347,0.8588560223579407,2.1326963901519775,1.8034725189208984,1.8637804985046387,1.5865126848220825,1.7411562204360962,1.5535774230957031,1.7119289636611938,1.4117703437805176,1.1512017250061035,0.8910698294639587,0.737656831741333,0.5788963437080383,0.5978551506996155,0.9088135361671448,0.9549134969711304,2.1719188690185547,1.8567981719970703,1.963199496269226,1.7239102125167847,1.911373496055603,1.7740373611450195,1.9873625040054321,1.751243233680725,1.5230313539505005,1.3483256101608276,1.2407488822937012,1.1497818231582642,1.106124758720398,1.3476319313049316,1.3155977725982666,2.3105506896972656,2.008043050765991,2.1640512943267822,1.9585732221603394,2.1794869899749756,2.077561855316162,2.342040777206421,2.173001527786255,1.9811867475509644,1.8854862451553345,1.796989917755127,1.764223575592041,1.7687877416610718,1.8389956951141357,1.9297659397125244
B13,2.295720338821411,1.99497389793396,2.025841236114502,1.7275851964950562,1.875669240951538,1.6865216493606567,1.807241678237915,1.438550591468811,1.1744544506072998,0.9069348573684692,0.6683775782585144,0.5998111963272095,0.674494206905365,0.6660152673721313,0.8690109848976135,2.074699640274048,1.7758868932724,1.870681881904602,1.6123653650283813,1.804113507270813,1.6504558324813843,1.819504737854004,1.4894582033157349,1.1713844537734985,0.8946874737739563,0.5665302872657776,0.3773386776447296,0.0,0.40079089999198914,0.6056076884269714,2.0270450115203857,1.7426552772521973,1.8787180185317993,1.6622554063796997,1.882094383239746,1.7600394487380981,1.9737144708633423,1.6992641687393188,1.399912714958191,1.1787149906158447,0.9307666420936584,0.7977929711341858,0.6130243539810181,0.7694751620292664,0.8069213628768921,2.0725386142730713,1.8062180280685425,1.9815030097961426,1.8045779466629028,2.0472872257232666,1.9711599349975586,2.2298429012298584,2.014052629470825,1.7501753568649292,1.5987080335617065,1.4199682474136353,1.3399018049240112,1.1901754140853882,1.3293184041976929,1.2683736085891724,2.2270543575286865,1.97262442111969,2.184316873550415,2.038811445236206,2.302229881286621,2.256526470184326,2.556286334991455,2.4081947803497314,2.184948444366455,2.1145756244659424,1.9752150774002075,1.9615579843521118,1.8980305194854736,1.9452238082885742,1.9649827480316162
