,A1,A2,A3,A4,A5,A6,A7,A8,A9,A10,A11,A12,A13,A14,A15,B1,B2,B3,B4,B5,B6,B7,B8,B9,B10,B11,B12,B13,B14,B15,C1,C2,C3,C4,C5,C6,C7,C8,C9,C10,C11,C12,C13,C14,C15,D1,D2,D3,D4,D5,D6,D7,D8,D9,D10,D11,D12,D13,D14,D15,E1,E2,E3,E4,E5,E6,E7,E8,E9,E10,E11,E12,E13,E14,E15
A1,0.0,0.39141538739204407,0.6256337761878967,0.9537384510040283,1.2405650615692139,1.557026982307434,1.9140379428863525,1.9832097291946411,1.7191612720489502,1.974007487297058,1.7515803575515747,2.0779049396514893,1.904390573501587,1.7641170024871826,1.3915408849716187,0.5089170932769775,0.5927928686141968,0.7073094844818115,1.0324854850769043,1.2617194652557373,1.5968624353408813,1.9623265266418457,2.0964038372039795,1.9007543325424194,2.157255172729492,2.0138754844665527,2.3166027069091797,2.1581780910491943,2.101680278778076,1.7354342937469482,1.0592726469039917,1.033983826637268,1.0742114782333374,1.2991055250167847,1.4538025856018066,1.7602694034576416,2.1132116317749023,2.295405864715576,2.157033681869507,2.4260411262512207,2.341801166534424,2.636420249938965,2.5193417072296143,2.5287373065948486,2.184208869934082,1.607613205909729,1.520106315612793,1.5238697528839111,1.662710189819336,1.7553577423095703,2.0195536613464355,2.336921215057373,2.5586469173431396,2.475961923599243,2.7602505683898926,2.708982467651367,2.9966883659362793,2.8999640941619873,2.9612860679626465,2.6349191665649414,2.1787374019622803,2.029989242553711,2.0320770740509033,2.087175130844116,2.1329774856567383,2.3434455394744873,2.584951162338257,2.8560829162597656,2.86006498336792,3.1801440715789795,3.220912218093872,3.5064713954925537,3.6406209468841553,3.634697198867798,3.7531163692474365
A2,0.39141538739204407,0.0,0.3912237584590912,0.6268821954727173,0.9600231051445007,1.238326907157898,1.617155909538269,1.66457200050354,1.3892863988876343,1.6376570463180542,1.4268934726715088,1.7439515590667725,1.5708149671554565,1.4819200038909912,1.1165761947631836,0.6613136529922485,0.5049842000007629,0.6380963921546936,0.837666392326355,1.0867438316345215,1.3689000606536865,1.7478251457214355,1.8566895723342896,1.6597014665603638,1.897414207458496,1.771694540977478,2.04976487159729,1.8963706493377686,1.896967887878418,1.55181086063385,1.1673493385314941,1.0315555334091187,1.095715045928955,1.2170356512069702,1.3812137842178345,1.6249711513519287,1.982240080833435,2.1326797008514404,1.9956738948822021,2.2376863956451416,2.1685495376586914,2.4328975677490234,2.319420576095581,2.377201795578003,2.0568270683288574,1.6960045099258423,1.5461755990982056,1.5833568572998047,1.6492621898651123,1.7592403888702393,1.9649913311004639,2.284268379211426,2.468456983566284,2.385348320007324,2.639451503753662,2.6006224155426025,2.857032299041748,2.763435125350952,2.8676917552948,2.5617291927337646,2.2574703693389893,2.0676894187927246,2.111029863357544,2.1174559593200684,2.1943447589874268,2.3585479259490967,2.614454746246338,2.8460988998413086,2.838313341140747,3.128588914871216,3.167043447494507,3.424215793609619,3.5651259422302246,3.535472869873047,3.674928665161133
A3,0.6256337761878967,0.3912237584590912,0.0,0.3785364031791687,0.6163377165794373,0.945133626461029,1.299536108970642,1.4093483686447144,1.1963893175125122,1.5093742609024048,1.3826961517333984,1.7318668365478516,1.6339255571365356,1.6109038591384888,1.2715708017349243,0.8784623742103577,0.6246206760406494,0.509081244468689,0.6175018548965454,0.759354829788208,1.0538374185562134,1.4137331247329712,1.5757807493209839,1.4387637376785278,1.727655291557312,1.675977349281311,1.9798530340194702,1.8958001136779785,1.9495506286621094,1.6313400268554688,1.3053193092346191,1.0802334547042847,1.0207136869430542,1.051763892173767,1.1237565279006958,1.3410122394561768,1.6691346168518066,1.8567813634872437,1.7748456001281738,2.049410104751587,2.043684482574463,2.3219571113586426,2.266733169555664,2.3718221187591553,2.079073190689087,1.788023829460144,1.5658241510391235,1.5292937755584717,1.516932487487793,1.5595216751098633,1.7207499742507935,2.0052785873413086,2.2084710597991943,2.174147129058838,2.444481372833252,2.4592554569244385,2.7230148315429688,2.678925037384033,2.82092022895813,2.5464026927948,2.3085880279541016,2.064854383468628,2.0652358531951904,2.0054750442504883,2.0404598712921143,2.153877019882202,2.377340078353882,2.606048345565796,2.6351561546325684,2.914443016052246,2.993579149246216,3.2378408908843994,3.414905071258545,3.4094791412353516,3.5828824043273926
A4,0.9537384510040283,0.6268821954727173,0.3785364031791687,0.0,0.3806694746017456,0.6137991547584534,0.9920403957366943,1.055967926979065,0.8315449953079224,1.1486657857894897,1.0616005659103394,1.4062395095825195,1.3479030132293701,1.3909567594528198,1.098739504814148,1.0921655893325806,0.7432311773300171,0.6415609121322632,0.5058069825172424,0.6408250331878662,0.8164970278739929,1.184934139251709,1.298404574394226,1.1595970392227173,1.4244903326034546,1.4038918018341064,1.6816059350967407,1.6231120824813843,1.7398629188537598,1.4655756950378418,1.4280915260314941,1.1306370496749878,1.0939111709594727,1.0031182765960693,1.0820785760879517,1.2005844116210938,1.5228599309921265,1.65713632106781,1.5738073587417603,1.8105779886245728,1.8240028619766235,2.067211389541626,2.0251681804656982,2.180213689804077,1.9248567819595337,1.853897213935852,1.5840983390808105,1.57960045337677,1.4941565990447998,1.5584518909454346,1.6477277278900146,1.9285234212875366,2.0768790245056152,2.036525011062622,2.2663354873657227,2.2926619052886963,2.519994020462036,2.482889413833618,2.665973663330078,2.4206430912017822,2.338808059692383,2.0627708435058594,2.1022777557373047,1.9979054927825928,2.068070888519287,2.132995843887329,2.3714098930358887,2.5488533973693848,2.5578577518463135,2.800549030303955,2.8717763423919678,3.0841126441955566,3.263638973236084,3.2350597381591797,3.4270596504211426
A5,1.2405650615692139,0.9600231051445007,0.6163377165794373,0.3806694746017456,0.0,0.37194332480430603,0.6949290037155151,0.8830145001411438,0.7988736629486084,1.1718610525131226,1.2078883647918701,1.5438365936279297,1.559738039970398,1.6648350954055786,1.415880799293518,1.4081650972366333,1.0666996240615845,0.8537580966949463,0.6379531025886536,0.5309295058250427,0.6230683922767639,0.9255950450897217,1.1201297044754028,1.0935113430023193,1.401829481124878,1.48189115524292,1.760956048965454,1.778914451599121,1.9465831518173218,1.7135813236236572,1.708138346672058,1.382407784461975,1.2569818496704102,1.085424780845642,1.037431240081787,1.0769673585891724,1.3272172212600708,1.5020275115966797,1.5033578872680664,1.7625584602355957,1.855596899986267,2.0966756343841553,2.1197166442871094,2.321580648422241,2.104560613632202,2.0919575691223145,1.7828038930892944,1.7161656618118286,1.5602948665618896,1.5460469722747803,1.565286636352539,1.783877968788147,1.9453893899917603,1.9698374271392822,2.2059500217437744,2.295926570892334,2.519636392593384,2.537466526031494,2.7582504749298096,2.551649808883667,2.5319936275482178,2.2205748558044434,2.219820261001587,2.0559070110321045,2.07975697517395,2.0824921131134033,2.2737598419189453,2.4393703937530518,2.4917984008789062,2.7124147415161133,2.8292734622955322,3.019376754760742,3.237215995788574,3.232792377471924,3.4594104290008545
A6,1.557026982307434,1.238326907157898,0.945133626461029,0.6137991547584534,0.37194332480430603,0.0,0.3962971568107605,0.5413451194763184,0.5326514840126038,0.8977894186973572,1.0322636365890503,1.3263274431228638,1.4059274196624756,1.5832945108413696,1.4087239503860474,1.66592276096344,1.2939374446868896,1.1190091371536255,0.8100627064704895,0.6984251737594604,0.5658961534500122,0.7986093759536743,0.9159551858901978,0.9241496920585632,1.1829036474227905,1.322501301765442,1.5511600971221924,1.613277554512024,1.84721839427948,1.6776145696640015,1.9045829772949219,1.548629641532898,1.4513130187988281,1.205177664756775,1.1640052795410156,1.0848082304000854,1.2911899089813232,1.3903483152389526,1.402984857559204,1.6038007736206055,1.727205514907837,1.9166357517242432,1.9631084203720093,2.2168641090393066,2.0504469871520996,2.234511375427246,1.9008488655090332,1.8638265132904053,1.655230164527893,1.6601758003234863,1.6048932075500488,1.802610993385315,1.8961801528930664,1.9181816577911377,2.100287675857544,2.2060253620147705,2.3825857639312744,2.4128682613372803,2.674373149871826,2.5055770874023438,2.632547616958618,2.3023927211761475,2.335564374923706,2.1377005577087402,2.192385673522949,2.1484737396240234,2.3464794158935547,2.4544565677642822,2.486241579055786,2.661466598510742,2.7698445320129395,2.9206149578094482,3.139787197113037,3.1122779846191406,3.357245445251465
A7,1.9140379428863525,1.617155909538269,1.299536108970642,0.9920403957366943,0.6949290037155151,0.3962971568107605,0.0,0.4008718430995941,0.6524080038070679,0.963017463684082,1.2126331329345703,1.4646036624908447,1.6268802881240845,1.8385299444198608,1.7147812843322754,1.9983599185943604,1.6263117790222168,1.4094164371490479,1.070480465888977,0.8594918847084045,0.5781587362289429,0.5883569121360779,0.7208850979804993,0.8808993101119995,1.1282823085784912,1.3728843927383423,1.5757311582565308,1.722389578819275,1.9949724674224854,1.8821686506271362,2.1781911849975586,1.8034290075302124,1.6623862981796265,1.356946587562561,1.238905429840088,1.0459905862808228,1.134519100189209,1.2141480445861816,1.312577247619629,1.494661569595337,1.6982380151748657,1.8611407279968262,1.977701187133789,2.275055408477783,2.163447618484497,2.446190595626831,2.0842113494873047,2.0137338638305664,1.7433542013168335,1.6996612548828125,1.556453824043274,1.6803210973739624,1.7408180236816406,1.8155438899993896,1.970905065536499,2.136124849319458,2.28694748878479,2.3725435733795166,2.6722800731658936,2.5556046962738037,2.7812483310699463,2.424433946609497,2.4380767345428467,2.1867785453796387,2.218879461288452,2.1061463356018066,2.2650516033172607,2.3283309936523438,2.382361888885498,2.5129597187042236,2.652812957763672,2.7650394439697266,3.0134804248809814,3.00028395652771,3.277848243713379
A8,1.9832097291946411,1.66457200050354,1.4093483686447144,1.055967926979065,0.8830145001411438,0.5413451194763184,0.4008718430995941,0.0,0.37515923380851746,0.591731607913971,0.8960768580436707,1.1117793321609497,1.3274446725845337,1.5560731887817383,1.496719479560852,1.9818207025527954,1.5968992710113525,1.4431413412094116,1.0692949295043945,0.9655081629753113,0.6398605108261108,0.6933099031448364,0.5873488187789917,0.6453672051429749,0.789895236492157,1.03949773311615,1.1958932876586914,1.3591147661209106,1.6629362106323242,1.6014052629470825,2.0935282707214355,1.7111865282058716,1.6319342851638794,1.3046964406967163,1.2733968496322632,1.049967646598816,1.1800276041030884,1.1329522132873535,1.1466114521026611,1.2438549995422363,1.4144030809402466,1.5297280550003052,1.6301488876342773,1.9486408233642578,1.8686494827270508,2.310971260070801,1.9493927955627441,1.9385780096054077,1.662179946899414,1.6921098232269287,1.5391982793807983,1.7055919170379639,1.6863484382629395,1.6908890008926392,1.7860143184661865,1.9103142023086548,2.0193519592285156,2.075760841369629,2.3877105712890625,2.2840535640716553,2.616166830062866,2.2640485763549805,2.3337292671203613,2.090015172958374,2.186127185821533,2.0801033973693848,2.28898024559021,2.3085086345672607,2.299422264099121,2.4074220657348633,2.495265245437622,2.591362953186035,2.806103467941284,2.751460313796997,3.0183188915252686
A9,1.7191612720489502,1.3892863988876343,1.1963893175125122,0.8315449953079224,0.7988736629486084,0.5326514840126038,0.6524080038070679,0.37515923380851746,0.0,0.3834754228591919,0.5614432096481323,0.8474113941192627,1.010400652885437,1.2028805017471313,1.1227971315383911,1.679884910583496,1.2941060066223145,1.207051396369934,0.8463651537895203,0.877454400062561,0.656350314617157,0.8808485865592957,0.7534279823303223,0.6062941551208496,0.7316153049468994,0.8406053185462952,1.0262218713760376,1.100199818611145,1.3734960556030273,1.2717831134796143,1.793143391609192,1.4222670793533325,1.4076380729675293,1.1211528778076172,1.1919801235198975,1.057186245918274,1.2967580556869507,1.2450631856918335,1.1512171030044556,1.2481142282485962,1.3170603513717651,1.4533944129943848,1.4721708297729492,1.7484288215637207,1.620954155921936,2.034170627593994,1.695685863494873,1.7377313375473022,1.513189673423767,1.6128877401351929,1.5349316596984863,1.7769025564193726,1.768898844718933,1.7047858238220215,1.8120574951171875,1.8636647462844849,1.990609049797058,1.9824342727661133,2.2560224533081055,2.1041078567504883,2.379542350769043,2.0520424842834473,2.158773422241211,1.9655653238296509,2.1031713485717773,2.060459613800049,2.317593574523926,2.3646888732910156,2.317840337753296,2.4624297618865967,2.5062553882598877,2.637057065963745,2.8134658336639404,2.73681640625,2.9668705463409424
A10,1.974007487297058,1.6376570463180542,1.5093742609024048,1.1486657857894897,1.1718610525131226,0.8977894186973572,0.963017463684082,0.591731607913971,0.3834754228591919,0.0,0.38476648926734924,0.5263175368309021,0.7911198139190674,1.0342919826507568,1.077570915222168,1.8738864660263062,1.5022841691970825,1.4836751222610474,1.1401833295822144,1.225631594657898,0.994425892829895,1.163360595703125,0.9228134155273438,0.7257654070854187,0.6338422894477844,0.697969913482666,0.7449019551277161,0.8260049223899841,1.1660873889923096,1.1589545011520386,1.9238346815109253,1.5697892904281616,1.6204291582107544,1.3398133516311646,1.4648874998092651,1.3060102462768555,1.5272904634475708,1.3817180395126343,1.2335125207901,1.2114207744598389,1.230117678642273,1.272955060005188,1.2581876516342163,1.56343412399292,1.4913448095321655,2.1043930053710938,1.7837328910827637,1.887671709060669,1.668086290359497,1.8217952251434326,1.72758948802948,1.9745959043502808,1.8949754238128662,1.7799371480941772,1.8101983070373535,1.8197413682937622,1.880452036857605,1.8372501134872437,2.124382972717285,1.9984474182128906,2.4060757160186768,2.094989538192749,2.2587943077087402,2.0770766735076904,2.26676344871521,2.221280336380005,2.5037946701049805,2.5039684772491455,2.4063589572906494,2.5142815113067627,2.509629249572754,2.6097254753112793,2.7495779991149902,2.625978946685791,2.843918800354004
A11,1.7515803575515747,1.4268934726715088,1.3826961517333984,1.0616005659103394,1.2078883647918701,1.0322636365890503,1.2126331329345703,0.8960768580436707,0.5614432096481323,0.38476648926734924,0.0,0.3836181163787842,0.5158725380897522,0.6720304489135742,0.7031128406524658,1.6018036603927612,1.2547237873077393,1.3222789764404297,1.0399911403656006,1.2392973899841309,1.1146091222763062,1.3721787929534912,1.1599088907241821,0.868656575679779,0.794735312461853,0.6553866267204285,0.7360297441482544,0.6397581100463867,0.9058471322059631,0.8357306122779846,1.641148567199707,1.3203214406967163,1.4494895935058594,1.2393392324447632,1.4530067443847656,1.384926676750183,1.6772648096084595,1.5512007474899292,1.3321229219436646,1.327359676361084,1.2393172979354858,1.3139710426330566,1.1978367567062378,1.423466682434082,1.2849061489105225,1.8398810625076294,1.5597920417785645,1.7223268747329712,1.5725547075271606,1.7867145538330078,1.769487977027893,2.0717926025390625,2.0150256156921387,1.8486316204071045,1.9003100395202637,1.8396762609481812,1.9267239570617676,1.8167319297790527,2.045409917831421,1.8618850708007812,2.181988000869751,1.9082437753677368,2.107363224029541,1.987212061882019,2.2098615169525146,2.2291510105133057,2.546647071838379,2.578556537628174,2.453745126724243,2.600083827972412,2.5586705207824707,2.696791887283325,2.799722194671631,2.6632580757141113,2.837928056716919
A12,2.0779049396514893,1.7439515590667725,1.7318668365478516,1.4062395095825195,1.5438365936279297,1.3263274431228638,1.4646036624908447,1.1117793321609497,0.8474113941192627,0.5263175368309021,0.3836181163787842,0.0,0.3706763982772827,0.6475551128387451,0.8551386594772339,1.920897126197815,1.5949479341506958,1.696070671081543,1.4232467412948608,1.6132724285125732,1.455538034439087,1.6681554317474365,1.4125237464904785,1.148665428161621,0.9629846215248108,0.8273887038230896,0.7127246260643005,0.5843400955200195,0.9161533117294312,0.9718620777130127,1.939699411392212,1.6477421522140503,1.8090124130249023,1.6035984754562378,1.8196293115615845,1.721362590789795,1.9821159839630127,1.807647705078125,1.5855623483657837,1.4966946840286255,1.3894098997116089,1.3600183725357056,1.2126191854476929,1.4561046361923218,1.3878101110458374,2.0987024307250977,1.8462032079696655,2.044386863708496,1.8972200155258179,2.1276590824127197,2.0873682498931885,2.3751914501190186,2.27235746383667,2.0890040397644043,2.0780670642852783,1.9966835975646973,2.0149314403533936,1.8793649673461914,2.117841958999634,1.9687129259109497,2.401723861694336,2.150968074798584,2.387829065322876,2.2745509147644043,2.5230929851531982,2.5304858684539795,2.8531150817871094,2.848876953125,2.6968462467193604,2.8060312271118164,2.733879804611206,2.8361072540283203,2.910844564437866,2.732760429382324,2.897017478942871
A13,1.904390573501587,1.5708149671554565,1.6339255571365356,1.3479030132293701,1.559738039970398,1.4059274196624756,1.6268802881240845,1.3274446725845337,1.010400652885437,0.7911198139190674,0.5158725380897522,0.3706763982772827,0.0,0.38361501693725586,0.6044924855232239,1.7632341384887695,1.4702191352844238,1.6420097351074219,1.4347397089004517,1.6811827421188354,1.5980894565582275,1.8692855834960938,1.6654305458068848,1.3828489780426025,1.262160301208496,1.0711538791656494,1.0157912969589233,0.7786592841148376,0.9868977069854736,0.9520598649978638,1.8371375799179077,1.5916646718978882,1.8042500019073486,1.6680569648742676,1.9198696613311768,1.8894362449645996,2.1918439865112305,2.0621156692504883,1.8277552127838135,1.783360481262207,1.6408319473266602,1.6504539251327515,1.453449010848999,1.623104453086853,1.4896427392959595,2.0569217205047607,1.8522140979766846,2.079434871673584,1.9943712949752808,2.243434429168701,2.26104474067688,2.5772626399993896,2.514885187149048,2.323518753051758,2.348201036453247,2.240760564804077,2.2896502017974854,2.121487855911255,2.3127832412719727,2.114865779876709,2.421555995941162,2.2089195251464844,2.4549474716186523,2.3914642333984375,2.6419382095336914,2.6966052055358887,3.0299389362335205,3.064640522003174,2.915907144546509,3.0595450401306152,2.981177806854248,3.113189697265625,3.1753604412078857,2.9990270137786865,3.1361420154571533
A14,1.7641170024871826,1.4819200038909912,1.6109038591384888,1.3909567594528198,1.6648350954055786,1.5832945108413696,1.8385299444198608,1.5560731887817383,1.2028805017471313,1.0342919826507568,0.6720304489135742,0.6475551128387451,0.38361501693725586,0.0,0.3726714551448822,1.5459983348846436,1.3098704814910889,1.5444036722183228,1.406638503074646,1.7118868827819824,1.694642186164856,1.9995800256729126,1.8034871816635132,1.4742337465286255,1.372182011604309,1.090329647064209,1.084043264389038,0.7596017718315125,0.7994055151939392,0.6926335096359253,1.5653669834136963,1.3760358095169067,1.6485941410064697,1.579757571220398,1.8845338821411133,1.913858413696289,2.2504217624664307,2.1288042068481445,1.8504765033721924,1.821255087852478,1.6117830276489258,1.6567766666412354,1.401825189590454,1.4774227142333984,1.2858436107635498,1.7668806314468384,1.6152141094207764,1.8871593475341797,1.8649184703826904,2.1541638374328613,2.2267448902130127,2.57423996925354,2.5246241092681885,2.296325922012329,2.3373773097991943,2.1789162158966064,2.2544443607330322,2.0425994396209717,2.1722300052642822,1.9290612936019897,2.142880439758301,1.9737929105758667,2.2438859939575195,2.235445261001587,2.508213758468628,2.612272024154663,2.9670541286468506,3.021806478500366,2.8509066104888916,3.0227878093719482,2.91591739654541,3.079918622970581,3.1122350692749023,2.9353585243225098,3.0336833000183105
A15,1.3915408849716187,1.1165761947631836,1.2715708017349243,1.098739504814148,1.415880799293518,1.4087239503860474,1.7147812843322754,1.496719479560852,1.1227971315383911,1.077570915222168,0.7031128406524658,0.8551386594772339,0.6044924855232239,0.3726714551448822,0.0,1.1929947137832642,0.9557886719703674,1.2156803607940674,1.1311686038970947,1.4648746252059937,1.518113613128662,1.863715648651123,1.7320343255996704,1.406952142715454,1.4035604000091553,1.1367359161376953,1.2480319738388062,0.9648017287254333,0.9629327058792114,0.7091003656387329,1.2871744632720947,1.0997929573059082,1.3719102144241333,1.3501883745193481,1.6582858562469482,1.746205449104309,2.1092941761016846,2.0492074489593506,1.786564588546753,1.8352562189102173,1.6468976736068726,1.7715764045715332,1.5462536811828613,1.6033594608306885,1.344273328781128,1.5809880495071411,1.4284331798553467,1.672716498374939,1.6820918321609497,1.9537187814712524,2.0694217681884766,2.4281671047210693,2.4346065521240234,2.2288858890533447,2.3310999870300293,2.192413330078125,2.3278236389160156,2.139030694961548,2.2541112899780273,1.9758713245391846,2.030104875564575,1.855455756187439,2.084763288497925,2.0900304317474365,2.330796718597412,2.460977077484131,2.8060455322265625,2.9064645767211914,2.7674076557159424,2.9778084754943848,2.9016189575195312,3.099080801010132,3.156461238861084,3.0177950859069824,3.123012065887451
B1,0.5089170932769775,0.6613136529922485,0.8784623742103577,1.0921655893325806,1.4081650972366333,1.66592276096344,1.9983599185943604,1.9818207025527954,1.679884910583496,1.8738864660263062,1.6018036603927612,1.920897126197815,1.7632341384887695,1.5459983348846436,1.1929947137832642,0.0,0.387174516916275,0.6433218717575073,0.9673815965652466,1.276655912399292,1.5859745740890503,1.9530186653137207,2.010495185852051,1.7518222332000732,1.9620028734207153,1.7524715662002563,2.0552401542663574,1.873404622077942,1.742211937904358,1.367231845855713,0.5601633191108704,0.6128829717636108,0.7761514782905579,1.0702420473098755,1.3253531455993652,1.6422615051269531,2.0204689502716064,2.141357421875,1.936478614807129,2.1728627681732178,2.025527000427246,2.321890354156494,2.1715123653411865,2.122493267059326,1.76094388961792,1.114040493965149,1.0681018829345703,1.1434743404388428,1.3463810682296753,1.524312138557434,1.82024085521698,2.1772267818450928,2.354706048965454,2.2083942890167236,2.4706783294677734,2.3629534244537354,2.6495392322540283,2.516716718673706,2.5346593856811523,2.189621686935425,1.6947740316390991,1.5750819444656372,1.6221004724502563,1.7282193899154663,1.8362183570861816,2.0867345333099365,2.376965284347534,2.6245479583740234,2.5718698501586914,2.8947227001190186,2.885913610458374,3.1827445030212402,3.2769417762756348,3.2549028396606445,3.3403615951538086
B2,0.5927928686141968,0.5049842000007629,0.6246206760406494,0.7432311773300171,1.0666996240615845,1.2939374446868896,1.6263117790222168,1.5968992710113525,1.2941060066223145,1.5022841691970825,1.2547237873077393,1.5949479341506958,1.4702191352844238,1.3098704814910889,0.9557886719703674,0.387174516916275,0.0,0.37885332107543945,0.6159223318099976,0.9561986923217773,1.2345079183578491,1.613046646118164,1.6582465171813965,1.402398705482483,1.6198835372924805,1.4405752420425415,1.7479649782180786,1.594876766204834,1.5314475297927856,1.1705684661865234,0.7146203517913818,0.5278200507164001,0.6573894619941711,0.8272068500518799,1.085963249206543,1.3555330038070679,1.740801453590393,1.8457841873168945,1.651110291481018,1.882824420928955,1.7672072649002075,2.0530989170074463,1.927153468132019,1.9415595531463623,1.6051051616668701,1.2102230787277222,1.0429517030715942,1.1120516061782837,1.2061330080032349,1.3804066181182861,1.6162104606628418,1.9722316265106201,2.1261394023895264,1.9928702116012573,2.240558385848999,2.16284441947937,2.431199550628662,2.3203296661376953,2.394548177719116,2.0774142742156982,1.7600913047790527,1.565264105796814,1.6299850940704346,1.65532648563385,1.7750142812728882,1.965682029724121,2.2606122493743896,2.4756598472595215,2.4263033866882324,2.7229981422424316,2.728616237640381,2.999134063720703,3.115326404571533,3.0832667350769043,3.203064203262329
B3,0.7073094844818115,0.6380963921546936,0.509081244468689,0.6415609121322632,0.8537580966949463,1.1190091371536255,1.4094164371490479,1.4431413412094116,1.207051396369934,1.4836751222610474,1.3222789764404297,1.696070671081543,1.6420097351074219,1.5444036722183228,1.2156803607940674,0.6433218717575073,0.37885332107543945,0.0,0.38244661688804626,0.6363657712936401,0.9685827493667603,1.3270763158798218,1.4355063438415527,1.2403095960617065,1.527877688407898,1.4274985790252686,1.773679256439209,1.697334885597229,1.6812827587127686,1.3516799211502075,0.8900607824325562,0.6241295337677002,0.5118346214294434,0.6108289361000061,0.7688907384872437,1.0628578662872314,1.430590271949768,1.5919854640960693,1.4545429944992065,1.7418150901794434,1.6950925588607788,2.0114521980285645,1.9525725841522217,2.0076487064361572,1.6979897022247314,1.3187509775161743,1.0760771036148071,1.0204659700393677,1.0366647243499756,1.121240496635437,1.3402875661849976,1.6690754890441895,1.8636770248413086,1.7843908071517944,2.068774700164795,2.04960298538208,2.341480255126953,2.2877354621887207,2.3923983573913574,2.1054346561431885,1.8159044981002808,1.5656660795211792,1.55660879611969,1.513256311416626,1.5692185163497925,1.720759391784668,1.9801074266433716,2.2111074924468994,2.208336591720581,2.5083084106445312,2.562636137008667,2.831477642059326,2.9882395267486572,2.992713689804077,3.1452553272247314
B4,1.0324854850769043,0.837666392326355,0.6175018548965454,0.5058069825172424,0.6379531025886536,0.8100627064704895,1.070480465888977,1.0692949295043945,0.8463651537895203,1.1401833295822144,1.0399911403656006,1.4232467412948608,1.4347397089004517,1.406638503074646,1.1311686038970947,0.9673815965652466,0.6159223318099976,0.38244661688804626,0.0,0.37412434816360474,0.6206181645393372,0.9972144365310669,1.0719025135040283,0.8790780305862427,1.1795389652252197,1.1325454711914062,1.4776005744934082,1.453415870666504,1.5121021270751953,1.2346552610397339,1.12126624584198,0.7660415768623352,0.6495880484580994,0.49750974774360657,0.6271144151687622,0.8024492859840393,1.17491614818573,1.296473741531372,1.169311761856079,1.4421310424804688,1.437650203704834,1.7338155508041382,1.7103314399719238,1.8320943117141724,1.5686203241348267,1.4595497846603394,1.144955039024353,1.1021225452423096,0.9888249039649963,1.070343255996704,1.185221552848816,1.5040549039840698,1.6493948698043823,1.5793430805206299,1.8329901695251465,1.8455250263214111,2.107802152633667,2.0791537761688232,2.240021228790283,1.9930881261825562,1.8955703973770142,1.5938506126403809,1.6135151386260986,1.4928085803985596,1.5718896389007568,1.6473186016082764,1.9114713668823242,2.087646961212158,2.077096939086914,2.3373377323150635,2.398643970489502,2.6327762603759766,2.805954694747925,2.7961666584014893,2.9799745082855225
B5,1.2617194652557373,1.0867438316345215,0.759354829788208,0.6408250331878662,0.5309295058250427,0.6984251737594604,0.8594918847084045,0.9655081629753113,0.877454400062561,1.225631594657898,1.2392973899841309,1.6132724285125732,1.6811827421188354,1.7118868827819824,1.4648746252059937,1.276655912399292,0.9561986923217773,0.6363657712936401,0.37412434816360474,0.0,0.3776932656764984,0.7068383097648621,0.8978466987609863,0.8394939303398132,1.2043184041976929,1.2706727981567383,1.6164462566375732,1.6688796281814575,1.7762433290481567,1.541469693183899,1.4279320240020752,1.077675700187683,0.8544371724128723,0.6216220855712891,0.5068145990371704,0.6034085750579834,0.912691593170166,1.1142277717590332,1.0959943532943726,1.4151736497879028,1.50642991065979,1.8067786693572998,1.8567914962768555,2.022752523422241,1.8010514974594116,1.7244887351989746,1.3837811946868896,1.2542399168014526,1.060354471206665,1.0162044763565063,1.0505043268203735,1.2989565134048462,1.4823758602142334,1.496744990348816,1.7738028764724731,1.863668441772461,2.131012439727783,2.167151927947998,2.3632655143737793,2.158677339553833,2.1063601970672607,1.773543357849121,1.7328708171844482,1.5440523624420166,1.551498293876648,1.5551397800445557,1.759494423866272,1.9361799955368042,1.9847391843795776,2.2299301624298096,2.349529504776001,2.5663442611694336,2.7851452827453613,2.809844732284546,3.0299134254455566
B6,1.5968624353408813,1.3689000606536865,1.0538374185562134,0.8164970278739929,0.6230683922767639,0.5658961534500122,0.5781587362289429,0.6398605108261108,0.656350314617157,0.994425892829895,1.1146091222763062,1.455538034439087,1.5980894565582275,1.694642186164856,1.518113613128662,1.5859745740890503,1.2345079183578491,0.9685827493667603,0.6206181645393372,0.3776932656764984,0.0,0.3895251154899597,0.544248104095459,0.5686359405517578,0.9371406435966492,1.1013033390045166,1.412981629371643,1.5344476699829102,1.7127686738967896,1.5495750904083252,1.6849737167358398,1.3068255186080933,1.1192091703414917,0.7947205901145935,0.6678214073181152,0.5199847221374512,0.7537921667098999,0.8801319599151611,0.9061537981033325,1.1852389574050903,1.3416730165481567,1.598456859588623,1.6968404054641724,1.9276610612869263,1.7680320739746094,1.916582465171814,1.547029733657837,1.4438666105270386,1.1735973358154297,1.1342709064483643,1.0416709184646606,1.2437409162521362,1.347589135169983,1.3793390989303589,1.6024399995803833,1.732020616531372,1.9533612728118896,2.0214285850524902,2.2713773250579834,2.1173322200775146,2.239567279815674,1.8808317184448242,1.8699113130569458,1.628219485282898,1.660536527633667,1.5886003971099854,1.7867748737335205,1.8907628059387207,1.9272383451461792,2.116486072540283,2.2406933307647705,2.411376476287842,2.644308090209961,2.6534574031829834,2.9033193588256836
B7,1.9623265266418457,1.7478251457214355,1.4137331247329712,1.184934139251709,0.9255950450897217,0.7986093759536743,0.5883569121360779,0.6933099031448364,0.8808485865592957,1.163360595703125,1.3721787929534912,1.6681554317474365,1.8692855834960938,1.9995800256729126,1.863715648651123,1.9530186653137207,1.613046646118164,1.3270763158798218,0.9972144365310669,0.7068383097648621,0.3895251154899597,0.0,0.39191144704818726,0.6557974219322205,0.9882240891456604,1.2548494338989258,1.530341386795044,1.7282205820083618,1.9374943971633911,1.8292436599731445,2.0119006633758545,1.63459050655365,1.4123127460479736,1.0627753734588623,0.8455850481987,0.5510772466659546,0.5472461581230164,0.6821529865264893,0.8597447872161865,1.1267952919006348,1.382717251777649,1.6116986274719238,1.7879338264465332,2.0556342601776123,1.9545596837997437,2.1831164360046387,1.7990525960922241,1.6574358940124512,1.3323931694030762,1.2209136486053467,1.0119572877883911,1.0956069231033325,1.1698346138000488,1.287042260169983,1.4884463548660278,1.6976869106292725,1.8958255052566528,2.0323691368103027,2.3178582191467285,2.222667932510376,2.4348902702331543,2.056511878967285,2.0156257152557373,1.7175928354263306,1.7104308605194092,1.55148446559906,1.6889169216156006,1.7431362867355347,1.8179006576538086,1.957611322402954,2.1288437843322754,2.259025812149048,2.5310730934143066,2.565737724304199,2.8516783714294434
B8,2.0964038372039795,1.8566895723342896,1.5757807493209839,1.298404574394226,1.1201297044754028,0.9159551858901978,0.7208850979804993,0.5873488187789917,0.7534279823303223,0.9228134155273438,1.1599088907241821,1.4125237464904785,1.6654305458068848,1.8034871816635132,1.7320343255996704,2.010495185852051,1.6582465171813965,1.4355063438415527,1.0719025135040283,0.8978466987609863,0.544248104095459,0.39191144704818726,0.0,0.37272903323173523,0.6250121593475342,0.9410083889961243,1.1794023513793945,1.4199367761611938,1.6548404693603516,1.609565258026123,1.997473955154419,1.6115896701812744,1.4530614614486694,1.075347661972046,0.9640445709228516,0.6258358359336853,0.6606578230857849,0.5466295480728149,0.6305769085884094,0.7982200980186462,1.0635052919387817,1.2475062608718872,1.438881516456604,1.7392446994781494,1.6856430768966675,2.1052205562591553,1.716756820678711,1.6373393535614014,1.2943875789642334,1.269555926322937,1.0321660041809082,1.1565163135528564,1.1022911071777344,1.135840654373169,1.2536643743515015,1.4371027946472168,1.5859272480010986,1.7110544443130493,2.0242743492126465,1.956903338432312,2.3116323947906494,1.931704044342041,1.9514224529266357,1.6506454944610596,1.7187095880508423,1.55458664894104,1.7466211318969727,1.7328108549118042,1.7308629751205444,1.830739974975586,1.9470691680908203,2.0496623516082764,2.293220043182373,2.285062313079834,2.5708670616149902
B9,1.9007543325424194,1.6597014665603638,1.4387637376785278,1.1595970392227173,1.0935113430023193,0.9241496920585632,0.8808993101119995,0.6453672051429749,0.6062941551208496,0.7257654070854187,0.868656575679779,1.148665428161621,1.3828489780426025,1.4742337465286255,1.406952142715454,1.7518222332000732,1.402398705482483,1.2403095960617065,0.8790780305862427,0.8394939303398132,0.5686359405517578,0.6557974219322205,0.37272903323173523,0.0,0.3833754062652588,0.5995844602584839,0.8953262567520142,1.0898749828338623,1.295993685722351,1.2373278141021729,1.7005761861801147,1.31644868850708,1.2221150398254395,0.855441153049469,0.8772167563438416,0.6306847929954529,0.8373507857322693,0.6870712041854858,0.5462414622306824,0.685542643070221,0.8239662051200867,1.0383601188659668,1.155654788017273,1.4302258491516113,1.3423092365264893,1.798776626586914,1.4189074039459229,1.4025118350982666,1.0926849842071533,1.171602487564087,1.0161937475204468,1.2501983642578125,1.1856615543365479,1.1026206016540527,1.2142575979232788,1.2974509000778198,1.4584836959838867,1.5075939893722534,1.7928550243377686,1.6804596185684204,2.02609920501709,1.6599982976913452,1.733468770980835,1.4775129556655884,1.6142691373825073,1.5207023620605469,1.7839683294296265,1.7882000207901,1.722352147102356,1.8566367626190186,1.9060310125350952,2.042454719543457,2.2344422340393066,2.190004587173462,2.4371345043182373
B10,2.157255172729492,1.897414207458496,1.727655291557312,1.4244903326034546,1.401829481124878,1.1829036474227905,1.1282823085784912,0.789895236492157,0.7316153049468994,0.6338422894477844,0.794735312461853,0.9629846215248108,1.262160301208496,1.372182011604309,1.4035604000091553,1.9620028734207153,1.6198835372924805,1.527877688407898,1.1795389652252197,1.2043184041976929,0.9371406435966492,0.9882240891456604,0.6250121593475342,0.3833754062652588,0.0,0.38383781909942627,0.5577316284179688,0.8328928351402283,1.0943105220794678,1.146065354347229,1.8575360774993896,1.4930487871170044,1.4737792015075684,1.1334148645401,1.2204837799072266,0.980499804019928,1.1400423049926758,0.879343569278717,0.6745350956916809,0.5784274935722351,0.6569662094116211,0.7451992034912109,0.8632523417472839,1.1990747451782227,1.192157506942749,1.8916622400283813,1.534173607826233,1.589756965637207,1.297086477279663,1.4382977485656738,1.271854281425476,1.4946752786636353,1.3366550207138062,1.1884247064590454,1.1797082424163818,1.2098283767700195,1.2782115936279297,1.294215202331543,1.6133396625518799,1.5426335334777832,2.0633349418640137,1.715884804725647,1.8558080196380615,1.6156489849090576,1.8123973608016968,1.7149932384490967,1.999613881111145,1.942863941192627,1.8146113157272339,1.8949618339538574,1.8832948207855225,1.9762074947357178,2.126274824142456,2.024733066558838,2.265331745147705
B11,2.0138754844665527,1.771694540977478,1.675977349281311,1.4038918018341064,1.48189115524292,1.322501301765442,1.3728843927383423,1.03949773311615,0.8406053185462952,0.697969913482666,0.6553866267204285,0.8273887038230896,1.0711538791656494,1.090329647064209,1.1367359161376953,1.7524715662002563,1.4405752420425415,1.4274985790252686,1.1325454711914062,1.2706727981567383,1.1013033390045166,1.2548494338989258,0.9410083889961243,0.5995844602584839,0.38383781909942627,0.0,0.3814193308353424,0.5268595814704895,0.7219744324684143,0.7722548246383667,1.5973362922668457,1.2635233402252197,1.3300044536590576,1.0543034076690674,1.253574252128601,1.116957187652588,1.3606009483337402,1.1276663541793823,0.8265582919120789,0.7319349646568298,0.585480809211731,0.6968549489974976,0.6444910168647766,0.9152234196662903,0.8512039184570312,1.60810387134552,1.2840847969055176,1.4203811883926392,1.1982959508895874,1.430281162261963,1.3543611764907837,1.645163893699646,1.5050886869430542,1.2786102294921875,1.2774070501327515,1.1907271146774292,1.2750400304794312,1.183665156364441,1.44013512134552,1.303966760635376,1.7959589958190918,1.4819339513778687,1.683384895324707,1.511873483657837,1.7671897411346436,1.7460734844207764,2.078775405883789,2.049041748046875,1.874639630317688,1.9926857948303223,1.9204800128936768,2.052306890487671,2.144582748413086,2.0127921104431152,2.1976685523986816
B12,2.3166027069091797,2.04976487159729,1.9798530340194702,1.6816059350967407,1.760956048965454,1.5511600971221924,1.5757311582565308,1.1958932876586914,1.0262218713760376,0.7449019551277161,0.7360297441482544,0.7127246260643005,1.0157912969589233,1.084043264389038,1.2480319738388062,2.0552401542663574,1.7479649782180786,1.773679256439209,1.4776005744934082,1.6164462566375732,1.412981629371643,1.530341386795044,1.1794023513793945,0.8953262567520142,0.5577316284179688,0.3814193308353424,0.0,0.3684534728527069,0.6855680346488953,0.8925889134407043,1.8974858522415161,1.5902444124221802,1.6955511569976807,1.4339685440063477,1.6303168535232544,1.4669479131698608,1.6690951585769653,1.3911361694335938,1.1149427890777588,0.904985785484314,0.7495154738426208,0.6496852040290833,0.5457745790481567,0.8845093250274658,0.9395204186439514,1.8798797130584717,1.5922064781188965,1.766343116760254,1.5574917793273926,1.7957091331481934,1.6953734159469604,1.9574215412139893,1.7665716409683228,1.5321435928344727,1.4429259300231934,1.3342373371124268,1.3097182512283325,1.1852577924728394,1.4654192924499512,1.3865880966186523,2.024972438812256,1.7431440353393555,1.9836825132369995,1.8240528106689453,2.0998096466064453,2.0627708435058594,2.3913216590881348,2.317998170852661,2.1159374713897705,2.1812384128570557,2.0722923278808594,2.151876211166382,2.208590507507324,2.022321939468384,2.198115348815918
B13,2.1581780910491943,1.8963706493377686,1.8958001136779785,1.6231120824813843,1.778914451599121,1.613277554512024,1.722389578819275,1.3591147661209106,1.100199818611145,0.8260049223899841,0.6397581100463867,0.5843400955200195,0.7786592841148376,0.7596017718315125,0.9648017287254333,1.873404622077942,1.594876766204834,1.697334885597229,1.453415870666504,1.6688796281814575,1.5344476699829102,1.7282205820083618,1.4199367761611938,1.0898749828338623,0.8328928351402283,0.5268595814704895,0.3684534728527069,0.0,0.39911675453186035,0.6150954365730286,1.7223905324935913,1.4567842483520508,1.638824701309204,1.4463493824005127,1.7077295780181885,1.6205902099609375,1.883500576019287,1.6504896879196167,1.3461495637893677,1.1945511102676392,0.9658670425415039,0.9205123782157898,0.6785544753074646,0.8745299577713013,0.8361384868621826,1.7334932088851929,1.4967511892318726,1.7335976362228394,1.5991398096084595,1.8834867477416992,1.8554778099060059,2.1619210243225098,2.011869192123413,1.7542670965194702,1.7034657001495361,1.5407302379608154,1.5479265451431274,1.3528333902359009,1.5540448427200317,1.4019622802734375,1.933384656906128,1.6984535455703735,1.9775291681289673,1.8851213455200195,2.183962821960449,2.2095510959625244,2.5622353553771973,2.529125690460205,2.317622423171997,2.422797203063965,2.2909951210021973,2.4058735370635986,2.431152105331421,2.234112501144409,2.3620030879974365
