0.000000000000000000e+00,3.828008174896240234e-01,6.456747055053710938e-01,9.893980026245117188e-01,1.291837096214294434e+00,1.616822838783264160e+00,1.964669227600097656e+00,2.033784151077270508e+00,1.807799100875854492e+00,2.041133642196655273e+00,1.877300620079040527e+00,2.203622102737426758e+00,2.061126470565795898e+00,1.967205286026000977e+00,1.606720924377441406e+00,4.991550445556640625e-01,5.941614508628845215e-01,7.511399388313293457e-01,1.071315765380859375e+00,1.318061709403991699e+00,1.650073647499084473e+00,2.016238689422607422e+00,2.121886968612670898e+00,1.938014864921569824e+00,2.172405958175659180e+00,2.065091133117675781e+00,2.365688800811767578e+00,2.297560930252075195e+00,2.188482046127319336e+00,1.829064369201660156e+00,9.959198832511901855e-01,1.022111773490905762e+00,1.106179952621459961e+00,1.340525865554809570e+00,1.523157715797424316e+00,1.825815677642822266e+00,2.184518098831176758e+00,2.315895557403564453e+00,2.168598413467407227e+00,2.393676757812500000e+00,2.313126564025878906e+00,2.570857286453247070e+00,2.542121887207031250e+00,2.459283351898193359e+00,2.108180999755859375e+00,1.504486680030822754e+00,1.491370320320129395e+00,1.536821603775024414e+00,1.697244286537170410e+00,1.835307121276855469e+00,2.090366840362548828e+00,2.429019689559936523e+00,2.582057237625122070e+00,2.473807811737060547e+00,2.689760923385620117e+00,2.635135412216186523e+00,2.866797208786010742e+00,2.831324577331542969e+00,2.777166843414306641e+00,2.441738843917846680e+00,2.032887935638427734e+00,1.978515744209289551e+00,2.006816625595092773e+00,2.110106468200683594e+00,2.215876579284667969e+00,2.430635213851928711e+00,2.740002632141113281e+00,2.906858205795288086e+00,2.830524682998657227e+00,3.041655540466308594e+00,3.011432886123657227e+00,3.238390445709228516e+00,3.205332040786743164e+00,3.215878486633300781e+00,2.900779247283935547e+00
3.828008174896240234e-01,0.000000000000000000e+00,3.869347870349884033e-01,6.508878469467163086e-01,9.937949776649475098e-01,1.289189338684082031e+00,1.651600956916809082e+00,1.694737672805786133e+00,1.456027865409851074e+00,1.683652520179748535e+00,1.530107975006103516e+00,1.856346130371093750e+00,1.730185985565185547e+00,1.683787941932678223e+00,1.319977641105651855e+00,6.564564704895019531e-01,5.039189457893371582e-01,6.238648295402526855e-01,8.309415578842163086e-01,1.091932415962219238e+00,1.381053566932678223e+00,1.756093621253967285e+00,1.833802580833435059e+00,1.643401026725769043e+00,1.862010240554809570e+00,1.767036914825439453e+00,2.054136753082275391e+00,2.005197286605834961e+00,1.942637205123901367e+00,1.592544436454772949e+00,1.102178454399108887e+00,9.991071224212646484e-01,1.061632752418518066e+00,1.195181250572204590e+00,1.377088904380798340e+00,1.626053214073181152e+00,1.984963655471801758e+00,2.084716558456420898e+00,1.934564113616943359e+00,2.134813070297241211e+00,2.067306041717529297e+00,2.302529811859130859e+00,2.291515111923217773e+00,2.253200054168701172e+00,1.921334385871887207e+00,1.585889816284179688e+00,1.489076614379882812e+00,1.530236005783081055e+00,1.612282395362854004e+00,1.751573801040649414e+00,1.952347636222839355e+00,2.286569118499755859e+00,2.404504060745239258e+00,2.293609380722045898e+00,2.479567527770996094e+00,2.436762809753417969e+00,2.642083644866943359e+00,2.623519182205200195e+00,2.610685586929321289e+00,2.300555706024169922e+00,2.096091508865356445e+00,1.981373310089111328e+00,2.019187688827514648e+00,2.062087059020996094e+00,2.176730871200561523e+00,2.341510295867919922e+00,2.647724151611328125e+00,2.776494503021240234e+00,2.697739601135253906e+00,2.874758720397949219e+00,2.852805376052856445e+00,3.050599098205566406e+00,3.034118175506591797e+00,3.083260774612426758e+00,2.793657064437866211e+00
6.456747055053710938e-01,3.869347870349884033e-01,0.000000000000000000e+00,3.835205137729644775e-01,6.463715434074401855e-01,9.796415567398071289e-01,1.325869083404541016e+00,1.428482174873352051e+00,1.253515124320983887e+00,1.545501112937927246e+00,1.479446530342102051e+00,1.835975766181945801e+00,1.785051941871643066e+00,1.812912344932556152e+00,1.462076187133789062e+00,8.932126760482788086e-01,6.444776058197021484e-01,5.099461078643798828e-01,6.209669709205627441e-01,7.770722508430480957e-01,1.073761582374572754e+00,1.434235811233520508e+00,1.565757513046264648e+00,1.438679337501525879e+00,1.709928870201110840e+00,1.694363951683044434e+00,2.006388425827026367e+00,2.030887126922607422e+00,2.036221504211425781e+00,1.699861884117126465e+00,1.266449451446533203e+00,1.077495336532592773e+00,1.001561403274536133e+00,1.050558924674987793e+00,1.136811852455139160e+00,1.360553622245788574e+00,1.694344043731689453e+00,1.834476947784423828e+00,1.741972804069519043e+00,1.979347944259643555e+00,1.980392098426818848e+00,2.237794160842895508e+00,2.291998863220214844e+00,2.313197374343872070e+00,1.994965434074401855e+00,1.710268020629882812e+00,1.544594883918762207e+00,1.493887305259704590e+00,1.505943179130554199e+00,1.569854497909545898e+00,1.732156991958618164e+00,2.034098863601684570e+00,2.177803516387939453e+00,2.117057323455810547e+00,2.326119661331176758e+00,2.341522693634033203e+00,2.565275669097900391e+00,2.603514909744262695e+00,2.643225669860839844e+00,2.348927021026611328e+00,2.193830251693725586e+00,2.022289991378784180e+00,1.996585607528686523e+00,1.980763554573059082e+00,2.038254976272583008e+00,2.160398483276367188e+00,2.432120800018310547e+00,2.572733879089355469e+00,2.537786245346069336e+00,2.724498987197875977e+00,2.752629280090332031e+00,2.960330009460449219e+00,2.992867946624755859e+00,3.084614276885986328e+00,2.812404870986938477e+00
9.893980026245117188e-01,6.508878469467163086e-01,3.835205137729644775e-01,0.000000000000000000e+00,3.824084401130676270e-01,6.387965083122253418e-01,1.003270030021667480e+00,1.064707756042480469e+00,8.824834823608398438e-01,1.183072090148925781e+00,1.160494089126586914e+00,1.517933487892150879e+00,1.514921188354492188e+00,1.611310124397277832e+00,1.288558721542358398e+00,1.151682972908020020e+00,8.138758540153503418e-01,6.516373753547668457e-01,5.113079547882080078e-01,6.262557506561279297e-01,8.133716583251953125e-01,1.174123167991638184e+00,1.262703061103820801e+00,1.137317895889282227e+00,1.392131090164184570e+00,1.411067962646484375e+00,1.706175446510314941e+00,1.770787835121154785e+00,1.840616106986999512e+00,1.535781502723693848e+00,1.449073910713195801e+00,1.177834987640380859e+00,1.083347678184509277e+00,9.982485771179199219e-01,1.063101291656494141e+00,1.188860416412353516e+00,1.505880832672119141e+00,1.599352002143859863e+00,1.510170578956604004e+00,1.714642882347106934e+00,1.741751074790954590e+00,1.971718788146972656e+00,2.056740760803222656e+00,2.134471654891967773e+00,1.851235270500183105e+00,1.837065815925598145e+00,1.606026172637939453e+00,1.551172375679016113e+00,1.475712418556213379e+00,1.534042477607727051e+00,1.619560956954956055e+00,1.903277754783630371e+00,1.998915433883666992e+00,1.938274979591369629e+00,2.108566284179687500e+00,2.142614603042602539e+00,2.335197925567626953e+00,2.398690462112426758e+00,2.487153530120849609e+00,2.229501724243164062e+00,2.279122114181518555e+00,2.056326150894165039e+00,2.038825035095214844e+00,1.960244655609130859e+00,2.024346828460693359e+00,2.085566759109497070e+00,2.345532655715942383e+00,2.438032627105712891e+00,2.401258468627929688e+00,2.546231746673583984e+00,2.585710048675537109e+00,2.759500980377197266e+00,2.813613891601562500e+00,2.947070598602294922e+00,2.708193302154541016e+00
1.291837096214294434e+00,9.937949776649475098e-01,6.463715434074401855e-01,3.824084401130676270e-01,0.000000000000000000e+00,3.661656975746154785e-01,6.923929452896118164e-01,8.705617785453796387e-01,8.277599811553955078e-01,1.189282298088073730e+00,1.286336064338684082e+00,1.638422727584838867e+00,1.711283087730407715e+00,1.871078372001647949e+00,1.581021547317504883e+00,1.469379901885986328e+00,1.135428786277770996e+00,8.761591315269470215e-01,6.572702527046203613e-01,5.302045345306396484e-01,6.243327260017395020e-01,9.218889474868774414e-01,1.091933012008666992e+00,1.082574248313903809e+00,1.381875395774841309e+00,1.501702904701232910e+00,1.797074198722839355e+00,1.935248732566833496e+00,2.067336797714233398e+00,1.792677879333496094e+00,1.733578443527221680e+00,1.437388420104980469e+00,1.253866791725158691e+00,1.094206333160400391e+00,1.026688694953918457e+00,1.074289917945861816e+00,1.322550296783447266e+00,1.462146401405334473e+00,1.460578918457031250e+00,1.692996382713317871e+00,1.802687644958496094e+00,2.039363622665405273e+00,2.189758300781250000e+00,2.323890447616577148e+00,2.066865205764770508e+00,2.086210012435913086e+00,1.820317029953002930e+00,1.693762183189392090e+00,1.555875658988952637e+00,1.525893807411193848e+00,1.547778367996215820e+00,1.770223736763000488e+00,1.889068841934204102e+00,1.894787311553955078e+00,2.079923629760742188e+00,2.180860280990600586e+00,2.381814241409301758e+00,2.503584623336791992e+00,2.642716407775878906e+00,2.409661769866943359e+00,2.496839523315429688e+00,2.237877368927001953e+00,2.165576219558715820e+00,2.034231185913085938e+00,2.035795211791992188e+00,2.041935443878173828e+00,2.249502420425415039e+00,2.348881483078002930e+00,2.365027189254760742e+00,2.512389183044433594e+00,2.607299566268920898e+00,2.783451080322265625e+00,2.888688802719116211e+00,3.063470602035522461e+00,2.848222255706787109e+00
1.616822838783264160e+00,1.289189338684082031e+00,9.796415567398071289e-01,6.387965083122253418e-01,3.661656975746154785e-01,0.000000000000000000e+00,3.777425587177276611e-01,5.253618359565734863e-01,5.668102502822875977e-01,9.322265386581420898e-01,1.121532320976257324e+00,1.443367719650268555e+00,1.583487033843994141e+00,1.808883905410766602e+00,1.571937084197998047e+00,1.748527646064758301e+00,1.384675621986389160e+00,1.142256498336791992e+00,8.317497968673706055e-01,6.689723730087280273e-01,5.356004834175109863e-01,7.452629804611206055e-01,8.550863862037658691e-01,8.927301764488220215e-01,1.157797574996948242e+00,1.340112805366516113e+00,1.598459839820861816e+00,1.789500236511230469e+00,1.988196372985839844e+00,1.763227105140686035e+00,1.962809324264526367e+00,1.628958463668823242e+00,1.446967720985412598e+00,1.204541921615600586e+00,1.115620732307434082e+00,1.038296341896057129e+00,1.225139141082763672e+00,1.303304553031921387e+00,1.324572443962097168e+00,1.509715676307678223e+00,1.660281300544738770e+00,1.858275294303894043e+00,2.047492027282714844e+00,2.239979982376098633e+00,2.030043840408325195e+00,2.266228199005126953e+00,1.962037205696105957e+00,1.836664080619812012e+00,1.633778095245361328e+00,1.595290899276733398e+00,1.534207463264465332e+00,1.716095685958862305e+00,1.778074502944946289e+00,1.792715311050415039e+00,1.930175662040710449e+00,2.057489633560180664e+00,2.221044301986694336e+00,2.373983860015869141e+00,2.562742710113525391e+00,2.373971700668334961e+00,2.632869958877563477e+00,2.339185714721679688e+00,2.273684978485107422e+00,2.091479539871215820e+00,2.095460414886474609e+00,2.039946079254150391e+00,2.223489046096801758e+00,2.270180225372314453e+00,2.289017438888549805e+00,2.389289855957031250e+00,2.499850988388061523e+00,2.637949705123901367e+00,2.768952369689941406e+00,2.984642028808593750e+00,2.807866334915161133e+00
1.964669227600097656e+00,1.651600956916809082e+00,1.325869083404541016e+00,1.003270030021667480e+00,6.923929452896118164e-01,3.777425587177276611e-01,0.000000000000000000e+00,3.902361989021301270e-01,6.630430817604064941e-01,9.895031452178955078e-01,1.276269793510437012e+00,1.560772538185119629e+00,1.771412014961242676e+00,2.033792018890380859e+00,1.840703368186950684e+00,2.068890094757080078e+00,1.701301693916320801e+00,1.426713824272155762e+00,1.090340614318847656e+00,8.423593044281005859e-01,5.675345063209533691e-01,5.516423583030700684e-01,6.916235089302062988e-01,8.777840137481689453e-01,1.136302351951599121e+00,1.410430431365966797e+00,1.646174192428588867e+00,1.903560280799865723e+00,2.152558803558349609e+00,1.969409108161926270e+00,2.234546899795532227e+00,1.880886316299438477e+00,1.656659007072448730e+00,1.361805915832519531e+00,1.194711565971374512e+00,1.009105443954467773e+00,1.075828790664672852e+00,1.151867747306823730e+00,1.262634515762329102e+00,1.441431283950805664e+00,1.669448018074035645e+00,1.856118917465209961e+00,2.105366706848144531e+00,2.349144220352172852e+00,2.177964448928833008e+00,2.487420082092285156e+00,2.154304504394531250e+00,1.987439513206481934e+00,1.729313969612121582e+00,1.630935072898864746e+00,1.488991856575012207e+00,1.590741157531738281e+00,1.638123869895935059e+00,1.710759162902832031e+00,1.836230993270874023e+00,2.024795532226562500e+00,2.180457592010498047e+00,2.388414621353149414e+00,2.626297712326049805e+00,2.474435329437255859e+00,2.806233167648315430e+00,2.480916261672973633e+00,2.381428956985473633e+00,2.148518085479736328e+00,2.109935760498046875e+00,1.988922595977783203e+00,2.115266799926757812e+00,2.139582157135009766e+00,2.199864625930786133e+00,2.280521154403686523e+00,2.439314126968383789e+00,2.564604759216308594e+00,2.743997335433959961e+00,3.000529766082763672e+00,2.858413457870483398e+00
2.033784151077270508e+00,1.694737672805786133e+00,1.428482174873352051e+00,1.064707756042480469e+00,8.705617785453796387e-01,5.253618359565734863e-01,3.902361989021301270e-01,0.000000000000000000e+00,3.689804077148437500e-01,6.242763400077819824e-01,9.522258043289184570e-01,1.207574129104614258e+00,1.456135272979736328e+00,1.739597678184509277e+00,1.596123099327087402e+00,2.072892427444458008e+00,1.687145590782165527e+00,1.468184113502502441e+00,1.095282196998596191e+00,9.447283744812011719e-01,6.237163543701171875e-01,6.342701911926269531e-01,5.274669528007507324e-01,6.231756210327148438e-01,7.912005186080932617e-01,1.073719382286071777e+00,1.273345232009887695e+00,1.548720598220825195e+00,1.829598307609558105e+00,1.688108444213867188e+00,2.191932678222656250e+00,1.820402860641479492e+00,1.646219253540039062e+00,1.320556163787841797e+00,1.229913711547851562e+00,1.005242347717285156e+00,1.094939827919006348e+00,1.036835789680480957e+00,1.069406867027282715e+00,1.161601662635803223e+00,1.368404865264892578e+00,1.509631991386413574e+00,1.758801460266113281e+00,2.028111457824707031e+00,1.893388509750366211e+00,2.404350519180297852e+00,2.056499958038330078e+00,1.936911463737487793e+00,1.658314704895019531e+00,1.622993588447570801e+00,1.457649350166320801e+00,1.584871888160705566e+00,1.542904734611511230e+00,1.551632523536682129e+00,1.607559323310852051e+00,1.764360189437866211e+00,1.873232603073120117e+00,2.070600032806396484e+00,2.325035810470581055e+00,2.204365253448486328e+00,2.689903497695922852e+00,2.354607582092285156e+00,2.300989389419555664e+00,2.056223869323730469e+00,2.073146820068359375e+00,1.939623355865478516e+00,2.095287322998046875e+00,2.055953502655029297e+00,2.063018083572387695e+00,2.089787483215332031e+00,2.212761640548706055e+00,2.295781612396240234e+00,2.459552049636840820e+00,2.726646900177001953e+00,2.607353687286376953e+00
1.807799100875854492e+00,1.456027865409851074e+00,1.253515124320983887e+00,8.824834823608398438e-01,8.277599811553955078e-01,5.668102502822875977e-01,6.630430817604064941e-01,3.689804077148437500e-01,0.000000000000000000e+00,3.787055611610412598e-01,6.149230599403381348e-01,9.240244030952453613e-01,1.128376603126525879e+00,1.385493516921997070e+00,1.228690505027770996e+00,1.813522338867187500e+00,1.425667524337768555e+00,1.271331667900085449e+00,9.064714312553405762e-01,8.871355056762695312e-01,6.584877967834472656e-01,8.324078917503356934e-01,6.642963886260986328e-01,5.290161967277526855e-01,6.495419144630432129e-01,8.162356019020080566e-01,1.037412524223327637e+00,1.254042267799377441e+00,1.502471446990966797e+00,1.339836955070495605e+00,1.930002331733703613e+00,1.564875125885009766e+00,1.454936027526855469e+00,1.156248450279235840e+00,1.172303318977355957e+00,1.021873831748962402e+00,1.217135787010192871e+00,1.121074557304382324e+00,1.029980540275573730e+00,1.090698957443237305e+00,1.196889400482177734e+00,1.334033012390136719e+00,1.519943118095397949e+00,1.750110507011413574e+00,1.593695044517517090e+00,2.151757001876831055e+00,1.819177627563476562e+00,1.759557366371154785e+00,1.517344474792480469e+00,1.564319968223571777e+00,1.459039092063903809e+00,1.663564085960388184e+00,1.603321909904479980e+00,1.531140208244323730e+00,1.571604609489440918e+00,1.649936318397521973e+00,1.749190330505371094e+00,1.885100603103637695e+00,2.097775697708129883e+00,1.955300927162170410e+00,2.454063892364501953e+00,2.139843225479125977e+00,2.137870311737060547e+00,1.931182384490966797e+00,2.010634422302246094e+00,1.929136037826538086e+00,2.145220756530761719e+00,2.102012157440185547e+00,2.049378395080566406e+00,2.074481248855590820e+00,2.134852647781372070e+00,2.214894771575927734e+00,2.323623180389404297e+00,2.554358959197998047e+00,2.412038326263427734e+00
2.041133642196655273e+00,1.683652520179748535e+00,1.545501112937927246e+00,1.183072090148925781e+00,1.189282298088073730e+00,9.322265386581420898e-01,9.895031452178955078e-01,6.242763400077819824e-01,3.787055611610412598e-01,0.000000000000000000e+00,3.846892118453979492e-01,5.874217748641967773e-01,8.652395606040954590e-01,1.170667171478271484e+00,1.110103607177734375e+00,2.001366853713989258e+00,1.622472763061523438e+00,1.534634590148925781e+00,1.186240434646606445e+00,1.228115439414978027e+00,9.998623728752136230e-01,1.124941945075988770e+00,8.522025942802429199e-01,6.493129730224609375e-01,5.254950523376464844e-01,6.266061663627624512e-01,7.259414792060852051e-01,9.600507616996765137e-01,1.269027590751647949e+00,1.186963081359863281e+00,2.076895236968994141e+00,1.717299699783325195e+00,1.667372107505798340e+00,1.370473384857177734e+00,1.442128062248229980e+00,1.271314978599548340e+00,1.443022489547729492e+00,1.252093076705932617e+00,1.098952651023864746e+00,1.024820804595947266e+00,1.072439551353454590e+00,1.106065392494201660e+00,1.272265791893005371e+00,1.539615869522094727e+00,1.448915243148803711e+00,2.253301382064819336e+00,1.922481894493103027e+00,1.917033672332763672e+00,1.670540809631347656e+00,1.767827033996582031e+00,1.642695426940917969e+00,1.842448234558105469e+00,1.705755233764648438e+00,1.580372214317321777e+00,1.530459403991699219e+00,1.561301827430725098e+00,1.580072283744812012e+00,1.690986990928649902e+00,1.922938227653503418e+00,1.831870436668395996e+00,2.512486457824707031e+00,2.199461460113525391e+00,2.247607231140136719e+00,2.036780595779418945e+00,2.163405418395996094e+00,2.067650556564331055e+00,2.292202711105346680e+00,2.188893556594848633e+00,2.090359210968017578e+00,2.050098657608032227e+00,2.068081378936767578e+00,2.085664749145507812e+00,2.171330451965332031e+00,2.413273096084594727e+00,2.306976318359375000e+00
1.877300620079040527e+00,1.530107975006103516e+00,1.479446530342102051e+00,1.160494089126586914e+00,1.286336064338684082e+00,1.121532320976257324e+00,1.276269793510437012e+00,9.522258043289184570e-01,6.149230599403381348e-01,3.846892118453979492e-01,0.000000000000000000e+00,3.854929506778717041e-01,5.417551994323730469e-01,7.964554429054260254e-01,7.350867390632629395e-01,1.795714259147644043e+00,1.440823793411254883e+00,1.441872835159301758e+00,1.150475621223449707e+00,1.305340051651000977e+00,1.172844052314758301e+00,1.380076766014099121e+00,1.122007966041564941e+00,8.224757909774780273e-01,6.783936023712158203e-01,5.339487195014953613e-01,6.237430572509765625e-01,7.016984224319458008e-01,9.448052644729614258e-01,8.372712135314941406e-01,1.860276818275451660e+00,1.529579043388366699e+00,1.563689231872558594e+00,1.326305270195007324e+00,1.494055390357971191e+00,1.403613448143005371e+00,1.643042445182800293e+00,1.451923489570617676e+00,1.216700911521911621e+00,1.127959489822387695e+00,1.041426658630371094e+00,1.061229586601257324e+00,1.109057307243347168e+00,1.300196290016174316e+00,1.182393193244934082e+00,2.038254022598266602e+00,1.741042256355285645e+00,1.809141159057617188e+00,1.620056509971618652e+00,1.794092178344726562e+00,1.735259175300598145e+00,1.992510795593261719e+00,1.856393575668334961e+00,1.667711257934570312e+00,1.613271832466125488e+00,1.554387331008911133e+00,1.563459515571594238e+00,1.585644245147705078e+00,1.748605251312255859e+00,1.630139708518981934e+00,2.308857917785644531e+00,2.032099008560180664e+00,2.139507770538330078e+00,1.981436252593994141e+00,2.166802167892456055e+00,2.128808259963989258e+00,2.401977539062500000e+00,2.305617570877075195e+00,2.156214714050292969e+00,2.122535705566406250e+00,2.073998212814331055e+00,2.092438936233520508e+00,2.109113454818725586e+00,2.296747207641601562e+00,2.162403345108032227e+00
2.203622102737426758e+00,1.856346130371093750e+00,1.835975766181945801e+00,1.517933487892150879e+00,1.638422727584838867e+00,1.443367719650268555e+00,1.560772538185119629e+00,1.207574129104614258e+00,9.240244030952453613e-01,5.874217748641967773e-01,3.854929506778717041e-01,0.000000000000000000e+00,3.692820370197296143e-01,7.201573848724365234e-01,8.286220431327819824e-01,2.116480350494384766e+00,1.781334400177001953e+00,1.815238952636718750e+00,1.534761905670166016e+00,1.685735464096069336e+00,1.527422547340393066e+00,1.691577315330505371e+00,1.396411538124084473e+00,1.121700167655944824e+00,8.714789152145385742e-01,7.030558586120605469e-01,5.521129965782165527e-01,5.751786828041076660e-01,8.912336230278015137e-01,9.232903122901916504e-01,2.166591644287109375e+00,1.855450391769409180e+00,1.921659708023071289e+00,1.688749074935913086e+00,1.860868692398071289e+00,1.743941903114318848e+00,1.948562622070312500e+00,1.711906552314758301e+00,1.472921252250671387e+00,1.294929265975952148e+00,1.176758408546447754e+00,1.066047072410583496e+00,1.065543651580810547e+00,1.286258339881896973e+00,1.266067028045654297e+00,2.313730478286743164e+00,2.030739307403564453e+00,2.131621599197387695e+00,1.941263318061828613e+00,2.129022359848022461e+00,2.046598911285400391e+00,2.281695365905761719e+00,2.098351955413818359e+00,1.892111182212829590e+00,1.766118764877319336e+00,1.677746653556823730e+00,1.597560644149780273e+00,1.589008450508117676e+00,1.766313791275024414e+00,1.715892672538757324e+00,2.545691490173339844e+00,2.279355525970458984e+00,2.420734643936157227e+00,2.259754657745361328e+00,2.466401338577270508e+00,2.409437894821166992e+00,2.673367261886596680e+00,2.532850742340087891e+00,2.360863685607910156e+00,2.269704818725585938e+00,2.192280530929565430e+00,2.143596887588500977e+00,2.139075279235839844e+00,2.336012601852416992e+00,2.247622966766357422e+00
2.061126470565795898e+00,1.730185985565185547e+00,1.785051941871643066e+00,1.514921188354492188e+00,1.711283087730407715e+00,1.583487033843994141e+00,1.771412014961242676e+00,1.456135272979736328e+00,1.128376603126525879e+00,8.652395606040954590e-01,5.417551994323730469e-01,3.692820370197296143e-01,0.000000000000000000e+00,3.987249433994293213e-01,5.454554557800292969e-01,1.972581386566162109e+00,1.676481127738952637e+00,1.784273505210876465e+00,1.567174673080444336e+00,1.783467054367065430e+00,1.696417212486267090e+00,1.920049905776977539e+00,1.659650564193725586e+00,1.353686571121215820e+00,1.154004096984863281e+00,9.066945910453796387e-01,8.027038574218750000e-01,6.350770592689514160e-01,7.874722480773925781e-01,7.825532555580139160e-01,2.046516656875610352e+00,1.781931400299072266e+00,1.914703488349914551e+00,1.747251272201538086e+00,1.972666978836059570e+00,1.921673774719238281e+00,2.174562454223632812e+00,1.966405630111694336e+00,1.699328184127807617e+00,1.552678823471069336e+00,1.372423529624938965e+00,1.283447384834289551e+00,1.180959105491638184e+00,1.290513992309570312e+00,1.231016874313354492e+00,2.221583127975463867e+00,1.987475275993347168e+00,2.143725633621215820e+00,2.014493703842163086e+00,2.244712591171264648e+00,2.220004320144653320e+00,2.494680166244506836e+00,2.336388587951660156e+00,2.106119871139526367e+00,2.003896713256835938e+00,1.867180585861206055e+00,1.800631523132324219e+00,1.722000598907470703e+00,1.819581270217895508e+00,1.732137680053710938e+00,2.483629465103149414e+00,2.264704942703247070e+00,2.447444915771484375e+00,2.341118335723876953e+00,2.579252719879150391e+00,2.573895931243896484e+00,2.869562149047851562e+00,2.753714561462402344e+00,2.560235261917114258e+00,2.492755174636840820e+00,2.377512216567993164e+00,2.344553947448730469e+00,2.287352323532104492e+00,2.427431583404541016e+00,2.305698871612548828e+00
1.967205286026000977e+00,1.683787941932678223e+00,1.812912344932556152e+00,1.611310124397277832e+00,1.871078372001647949e+00,1.808883905410766602e+00,2.033792018890380859e+00,1.739597678184509277e+00,1.385493516921997070e+00,1.170667171478271484e+00,7.964554429054260254e-01,7.201573848724365234e-01,3.987249433994293213e-01,0.000000000000000000e+00,3.641124665737152100e-01,1.815155029296875000e+00,1.575074434280395508e+00,1.756937861442565918e+00,1.610320568084716797e+00,1.887747526168823242e+00,1.864693999290466309e+00,2.124765634536743164e+00,1.877086281776428223e+00,1.534000158309936523e+00,1.358538150787353516e+00,1.033333301544189453e+00,9.720528125762939453e-01,6.695120930671691895e-01,5.863649845123291016e-01,5.524411797523498535e-01,1.848388433456420898e+00,1.637564897537231445e+00,1.842122912406921387e+00,1.740661263465881348e+00,2.024147510528564453e+00,2.032092571258544922e+00,2.320302486419677734e+00,2.120589256286621094e+00,1.812890052795410156e+00,1.680482506752014160e+00,1.426119565963745117e+00,1.359689712524414062e+00,1.157302737236022949e+00,1.134572982788085938e+00,1.040218353271484375e+00,1.998162150382995605e+00,1.815614700317382812e+00,2.035065174102783203e+00,1.966891884803771973e+00,2.248096227645874023e+00,2.277468442916870117e+00,2.586290121078491211e+00,2.436989307403564453e+00,2.169202804565429688e+00,2.079787969589233398e+00,1.881583213806152344e+00,1.828791379928588867e+00,1.674458622932434082e+00,1.680456876754760742e+00,1.558954238891601562e+00,2.250639438629150391e+00,2.081085920333862305e+00,2.313096761703491211e+00,2.262306213378906250e+00,2.541257619857788086e+00,2.586682796478271484e+00,2.913753509521484375e+00,2.811031103134155273e+00,2.583210468292236328e+00,2.533165216445922852e+00,2.368360757827758789e+00,2.351660966873168945e+00,2.234434843063354492e+00,2.307721853256225586e+00,2.154160261154174805e+00
1.606720924377441406e+00,1.319977641105651855e+00,1.462076187133789062e+00,1.288558721542358398e+00,1.581021547317504883e+00,1.571937084197998047e+00,1.840703368186950684e+00,1.596123099327087402e+00,1.228690505027770996e+00,1.110103607177734375e+00,7.350867390632629395e-01,8.286220431327819824e-01,5.454554557800292969e-01,3.641124665737152100e-01,0.000000000000000000e+00,1.481581687927246094e+00,1.234974861145019531e+00,1.427630305290222168e+00,1.312346100807189941e+00,1.612276792526245117e+00,1.640761017799377441e+00,1.941470623016357422e+00,1.746849536895751953e+00,1.408331513404846191e+00,1.322955846786499023e+00,1.028600811958312988e+00,1.094405889511108398e+00,8.697456717491149902e-01,7.837347388267517090e-01,5.610775947570800781e-01,1.570116877555847168e+00,1.359866261482238770e+00,1.563181161880493164e+00,1.493433117866516113e+00,1.782104849815368652e+00,1.835579037666320801e+00,2.154662609100341797e+00,2.008634090423583984e+00,1.716994285583496094e+00,1.661677956581115723e+00,1.439711928367614746e+00,1.465897440910339355e+00,1.315358400344848633e+00,1.282437086105346680e+00,1.086986064910888672e+00,1.789793491363525391e+00,1.612562656402587891e+00,1.815984129905700684e+00,1.773881435394287109e+00,2.045660734176635742e+00,2.111080169677734375e+00,2.439300537109375000e+00,2.341456413269042969e+00,2.096671104431152344e+00,2.071335077285766602e+00,1.903188824653625488e+00,1.921787023544311523e+00,1.800016283988952637e+00,1.798394203186035156e+00,1.610074400901794434e+00,2.111000776290893555e+00,1.945904374122619629e+00,2.150789976119995117e+00,2.118678331375122070e+00,2.377285718917846680e+00,2.450018882751464844e+00,2.784394741058349609e+00,2.728494167327880859e+00,2.526204586029052734e+00,2.529000520706176758e+00,2.393391132354736328e+00,2.433001041412353516e+00,2.338468313217163086e+00,2.405931472778320312e+00,2.208626985549926758e+00
4.991550445556640625e-01,6.564564704895019531e-01,8.932126760482788086e-01,1.151682972908020020e+00,1.469379901885986328e+00,1.748527646064758301e+00,2.068890094757080078e+00,2.072892427444458008e+00,1.813522338867187500e+00,2.001366853713989258e+00,1.795714259147644043e+00,2.116480350494384766e+00,1.972581386566162109e+00,1.815155029296875000e+00,1.481581687927246094e+00,0.000000000000000000e+00,3.886283934116363525e-01,6.792583465576171875e-01,1.018211722373962402e+00,1.328104853630065918e+00,1.649247527122497559e+00,2.008944272994995117e+00,2.059205055236816406e+00,1.826318502426147461e+00,2.031348943710327148e+00,1.873401641845703125e+00,2.181540250778198242e+00,2.085399389266967773e+00,1.920162320137023926e+00,1.561205863952636719e+00,5.028307437896728516e-01,6.080033183097839355e-01,8.104242086410522461e-01,1.114994883537292480e+00,1.381146073341369629e+00,1.703837513923645020e+00,2.076172590255737305e+00,2.165182113647460938e+00,1.966612458229064941e+00,2.175300121307373047e+00,2.043842554092407227e+00,2.312604188919067383e+00,2.250450849533081055e+00,2.115321636199951172e+00,1.751489639282226562e+00,1.013025999069213867e+00,1.037811398506164551e+00,1.151531696319580078e+00,1.373189568519592285e+00,1.582910180091857910e+00,1.872893571853637695e+00,2.237958908081054688e+00,2.361974477767944336e+00,2.206298589706420898e+00,2.414508104324340820e+00,2.313456773757934570e+00,2.553696632385253906e+00,2.484114885330200195e+00,2.384124755859375000e+00,2.031773805618286133e+00,1.542698264122009277e+00,1.514321208000183105e+00,1.583745956420898438e+00,1.732500910758972168e+00,1.891566991806030273e+00,2.143746614456176758e+00,2.484691619873046875e+00,2.635226964950561523e+00,2.515762805938720703e+00,2.727144241333007812e+00,2.656434774398803711e+00,2.892249107360839844e+00,2.825559139251708984e+00,2.796168327331542969e+00,2.465382575988769531e+00
5.941614508628845215e-01,5.039189457893371582e-01,6.444776058197021484e-01,8.138758540153503418e-01,1.135428786277770996e+00,1.384675621986389160e+00,1.701301693916320801e+00,1.687145590782165527e+00,1.425667524337768555e+00,1.622472763061523438e+00,1.440823793411254883e+00,1.781334400177001953e+00,1.676481127738952637e+00,1.575074434280395508e+00,1.234974861145019531e+00,3.886283934116363525e-01,0.000000000000000000e+00,3.801086544990539551e-01,6.525390744209289551e-01,9.906495809555053711e-01,1.286842942237854004e+00,1.653907895088195801e+00,1.687193751335144043e+00,1.452118635177612305e+00,1.663298845291137695e+00,1.530230879783630371e+00,1.849187254905700684e+00,1.792452931404113770e+00,1.685531854629516602e+00,1.325929760932922363e+00,6.546231508255004883e-01,4.953820705413818359e-01,6.239483356475830078e-01,8.254786133766174316e-01,1.096546053886413574e+00,1.382697343826293945e+00,1.760762333869934082e+00,1.831186175346374512e+00,1.635436892509460449e+00,1.840423703193664551e+00,1.735098838806152344e+00,2.003225326538085938e+00,1.977998375892639160e+00,1.900475025177001953e+00,1.547193765640258789e+00,1.102561235427856445e+00,9.852420687675476074e-01,1.053283333778381348e+00,1.173389554023742676e+00,1.372924447059631348e+00,1.612876296043395996e+00,1.976160645484924316e+00,2.077306270599365234e+00,1.927742362022399902e+00,2.122292280197143555e+00,2.046902894973754883e+00,2.277765274047851562e+00,2.242028236389160156e+00,2.197136402130126953e+00,1.866111755371093750e+00,1.600816845893859863e+00,1.477645754814147949e+00,1.529295921325683594e+00,1.594840049743652344e+00,1.747137427330017090e+00,1.944133400917053223e+00,2.279233694076538086e+00,2.400896549224853516e+00,2.289555072784423828e+00,2.477733850479125977e+00,2.429366827011108398e+00,2.647721767425537109e+00,2.612218618392944336e+00,2.633319854736328125e+00,2.327829122543334961e+00
7.511399388313293457e-01,6.238648295402526855e-01,5.099461078643798828e-01,6.516373753547668457e-01,8.761591315269470215e-01,1.142256498336791992e+00,1.426713824272155762e+00,1.468184113502502441e+00,1.271331667900085449e+00,1.534634590148925781e+00,1.441872835159301758e+00,1.815238952636718750e+00,1.784273505210876465e+00,1.756937861442565918e+00,1.427630305290222168e+00,6.792583465576171875e-01,3.801086544990539551e-01,0.000000000000000000e+00,3.834958076477050781e-01,6.499840617179870605e-01,9.855020046234130859e-01,1.340474963188171387e+00,1.434139370918273926e+00,1.263431310653686523e+00,1.542703986167907715e+00,1.496658563613891602e+00,1.848759412765502930e+00,1.870877265930175781e+00,1.835040688514709473e+00,1.492654442787170410e+00,8.718166947364807129e-01,6.224104762077331543e-01,4.918242394924163818e-01,6.097300648689270020e-01,7.820388674736022949e-01,1.081876277923583984e+00,1.448179244995117188e+00,1.573280096054077148e+00,1.439048051834106445e+00,1.700460791587829590e+00,1.672896027565002441e+00,1.974986910820007324e+00,2.022823810577392578e+00,2.008431434631347656e+00,1.670903086662292480e+00,1.252663969993591309e+00,1.056786060333251953e+00,9.841464161872863770e-01,1.024729967117309570e+00,1.130725860595703125e+00,1.350318193435668945e+00,1.690375685691833496e+00,1.832809805870056152e+00,1.739720106124877930e+00,1.974120616912841797e+00,1.965561389923095703e+00,2.226873159408569336e+00,2.255465745925903320e+00,2.266071319580078125e+00,1.950786471366882324e+00,1.711605429649353027e+00,1.525341391563415527e+00,1.486937999725341797e+00,1.486883044242858887e+00,1.565248727798461914e+00,1.726221919059753418e+00,2.029230594635009766e+00,2.176102638244628906e+00,2.115466594696044922e+00,2.326425552368164062e+00,2.336004018783569336e+00,2.574577569961547852e+00,2.593978166580200195e+00,2.658679723739624023e+00,2.369229555130004883e+00
1.071315765380859375e+00,8.309415578842163086e-01,6.209669709205627441e-01,5.113079547882080078e-01,6.572702527046203613e-01,8.317497968673706055e-01,1.090340614318847656e+00,1.095282196998596191e+00,9.064714312553405762e-01,1.186240434646606445e+00,1.150475621223449707e+00,1.534761905670166016e+00,1.567174673080444336e+00,1.610320568084716797e+00,1.312346100807189941e+00,1.018211722373962402e+00,6.525390744209289551e-01,3.834958076477050781e-01,0.000000000000000000e+00,3.714680969715118408e-01,6.346133947372436523e-01,1.002474308013916016e+00,1.063081383705139160e+00,8.947316408157348633e-01,1.189976572990417480e+00,1.196605205535888672e+00,1.553222775459289551e+00,1.633734583854675293e+00,1.672822475433349609e+00,1.362837791442871094e+00,1.145676851272583008e+00,8.075180053710937500e-01,6.300010085105895996e-01,4.870523512363433838e-01,6.078705787658691406e-01,8.020611405372619629e-01,1.168410658836364746e+00,1.256979823112487793e+00,1.131622791290283203e+00,1.384259223937988281e+00,1.401237368583679199e+00,1.694379687309265137e+00,1.791829586029052734e+00,1.847502827644348145e+00,1.545885801315307617e+00,1.444481730461120605e+00,1.164053797721862793e+00,1.063739776611328125e+00,9.647783041000366211e-01,1.040956139564514160e+00,1.160898089408874512e+00,1.483530640602111816e+00,1.583365678787231445e+00,1.499600887298583984e+00,1.707177639007568359e+00,1.733493924140930176e+00,1.975378632545471191e+00,2.045474052429199219e+00,2.118849515914916992e+00,1.843139529228210449e+00,1.841109871864318848e+00,1.586409449577331543e+00,1.541439294815063477e+00,1.449807643890380859e+00,1.519716143608093262e+00,1.599400281906127930e+00,1.884765625000000000e+00,1.984566211700439453e+00,1.931807756423950195e+00,2.105191946029663086e+00,2.139758348464965820e+00,2.350422620773315430e+00,2.404711484909057617e+00,2.522919416427612305e+00,2.270727157592773438e+00
1.318061709403991699e+00,1.091932415962219238e+00,7.770722508430480957e-01,6.262557506561279297e-01,5.302045345306396484e-01,6.689723730087280273e-01,8.423593044281005859e-01,9.447283744812011719e-01,8.871355056762695312e-01,1.228115439414978027e+00,1.305340051651000977e+00,1.685735464096069336e+00,1.783467054367065430e+00,1.887747526168823242e+00,1.612276792526245117e+00,1.328104853630065918e+00,9.906495809555053711e-01,6.499840617179870605e-01,3.714680969715118408e-01,0.000000000000000000e+00,3.708876967430114746e-01,7.063343524932861328e-01,8.801410198211669922e-01,8.486530184745788574e-01,1.207408547401428223e+00,1.325655102729797363e+00,1.681221723556518555e+00,1.834310889244079590e+00,1.934542298316955566e+00,1.655924320220947266e+00,1.450687289237976074e+00,1.117866516113281250e+00,8.451756834983825684e-01,6.244502067565917969e-01,4.965490400791168213e-01,6.078611016273498535e-01,9.190983176231384277e-01,1.088674306869506836e+00,1.075519561767578125e+00,1.377168893814086914e+00,1.492237329483032227e+00,1.795287132263183594e+00,1.962083101272583008e+00,2.074702024459838867e+00,1.803341746330261230e+00,1.715850830078125000e+00,1.414184212684631348e+00,1.224787950515747070e+00,1.053945541381835938e+00,9.959635734558105469e-01,1.041342973709106445e+00,1.297943472862243652e+00,1.443201780319213867e+00,1.444707155227661133e+00,1.682783365249633789e+00,1.789600849151611328e+00,2.046404361724853516e+00,2.180866241455078125e+00,2.306179761886596680e+00,2.057768583297729492e+00,2.075010538101196289e+00,1.789309978485107422e+00,1.674142599105834961e+00,1.523351788520812988e+00,1.506364226341247559e+00,1.523406624794006348e+00,1.748283624649047852e+00,1.868315339088439941e+00,1.882210254669189453e+00,2.068559646606445312e+00,2.169600486755371094e+00,2.389323234558105469e+00,2.500654220581054688e+00,2.660820245742797852e+00,2.433387041091918945e+00
1.650073647499084473e+00,1.381053566932678223e+00,1.073761582374572754e+00,8.133716583251953125e-01,6.243327260017395020e-01,5.356004834175109863e-01,5.675345063209533691e-01,6.237163543701171875e-01,6.584877967834472656e-01,9.998623728752136230e-01,1.172844052314758301e+00,1.527422547340393066e+00,1.696417212486267090e+00,1.864693999290466309e+00,1.640761017799377441e+00,1.649247527122497559e+00,1.286842942237854004e+00,9.855020046234130859e-01,6.346133947372436523e-01,3.708876967430114746e-01,0.000000000000000000e+00,3.798035383224487305e-01,5.297151803970336914e-01,5.883460044860839844e-01,9.564008712768554688e-01,1.165344595909118652e+00,1.494633316993713379e+00,1.713716983795166016e+00,1.886826634407043457e+00,1.661035776138305664e+00,1.737040042877197266e+00,1.373867034912109375e+00,1.118221282958984375e+00,8.045439124107360840e-01,6.369246840476989746e-01,5.028489828109741211e-01,7.270823717117309570e-01,8.384882807731628418e-01,8.772079348564147949e-01,1.150807380676269531e+00,1.335225105285644531e+00,1.608810782432556152e+00,1.831093311309814453e+00,2.012848854064941406e+00,1.793878674507141113e+00,1.949721217155456543e+00,1.609877467155456543e+00,1.422471284866333008e+00,1.167703866958618164e+00,1.084761619567871094e+00,9.991803765296936035e-01,1.192627429962158203e+00,1.274311661720275879e+00,1.301328182220458984e+00,1.494773626327514648e+00,1.648522257804870605e+00,1.872802019119262695e+00,2.053824186325073242e+00,2.240824937820434570e+00,2.043070554733276367e+00,2.255064964294433594e+00,1.930358171463012695e+00,1.818508863449096680e+00,1.601061582565307617e+00,1.576662302017211914e+00,1.505621433258056641e+00,1.691884398460388184e+00,1.751100420951843262e+00,1.778524398803710938e+00,1.914537429809570312e+00,2.045533657073974609e+00,2.228018760681152344e+00,2.377821207046508789e+00,2.589379310607910156e+00,2.406637668609619141e+00
