,A1,A2,A3,A4,A5,A6,A7,A8,A9,A10,A11,A12,A13,A14,A15,B1,B2,B3,B4,B5,B6,B7,B8,B9,B10,B11,B12,B13,B14,B15,C1,C2,C3,C4,C5,C6,C7,C8,C9,C10,C11,C12,C13,C14,C15,D1,D2,D3,D4,D5,D6,D7,D8,D9,D10,D11,D12,D13,D14,D15,E1,E2,E3,E4,E5,E6,E7,E8,E9,E10,E11,E12,E13,E14,E15
A1,0.0,0.3849952816963196,0.5802378058433533,0.8892173171043396,1.1678388118743896,1.425161361694336,1.7500627040863037,1.9937717914581299,2.328190326690674,2.4413540363311768,2.788087844848633,2.80611515045166,3.1864209175109863,3.1942389011383057,3.52724027633667,2.3572275638580322,2.2004785537719727,1.9604318141937256,1.699341893196106,1.7346422672271729,1.8516758680343628,1.9225717782974243,2.2303388118743896,2.396803617477417,2.5661239624023438,2.945343255996704,3.020707607269287,3.377869129180908,3.4834976196289062,3.835535764694214,2.8978092670440674,2.845491409301758,2.5859572887420654,2.5354719161987305,2.474869728088379,2.4973580837249756,2.469789743423462,2.6766538619995117,2.753124713897705,2.882380962371826,3.2436063289642334,3.36386775970459,3.6668155193328857,3.82707142829895,4.166298866271973,3.416734457015991,3.430413007736206,3.16801381111145,3.184643030166626,3.1750593185424805,3.117135524749756,3.1052472591400146,3.2277579307556152,3.2789194583892822,3.4154369831085205,3.6738533973693848,3.831859827041626,4.078978061676025,4.282287120819092,4.593889236450195,4.059574127197266,4.178981304168701,3.924506425857544,4.067884922027588,4.115985870361328,3.9168179035186768,3.995849847793579,3.9492828845977783,4.027669906616211,4.182366371154785,4.17068338394165,4.346648693084717,4.404483318328857,4.689385414123535,4.774842262268066
A2,0.3849952816963196,0.0,0.39037859439849854,0.5833727121353149,0.8817198872566223,1.1672500371932983,1.4625978469848633,1.7461557388305664,2.055283784866333,2.2040657997131348,2.5489163398742676,2.609572649002075,2.984936237335205,3.033339262008667,3.371580123901367,2.3487634658813477,2.24867844581604,1.9744985103607178,1.7561801671981812,1.727962613105774,1.7738186120986938,1.7838679552078247,2.068512201309204,2.1855223178863525,2.3625857830047607,2.7333011627197266,2.8420250415802,3.1859476566314697,3.32509446144104,3.6759462356567383,2.8873534202575684,2.8807454109191895,2.610543966293335,2.5957753658294678,2.4866716861724854,2.453212261199951,2.381998300552368,2.5526745319366455,2.5841448307037354,2.707913637161255,3.051380157470703,3.196828842163086,3.4799318313598633,3.6672091484069824,3.9994232654571533,3.3985161781311035,3.4513561725616455,3.18623685836792,3.2297253608703613,3.184222459793091,3.0817415714263916,3.0384509563446045,3.1246860027313232,3.139368772506714,3.264821767807007,3.493656873703003,3.666840076446533,3.8901565074920654,4.114901542663574,4.415424346923828,4.0258965492248535,4.177250862121582,3.926100730895996,4.0861687660217285,4.104547500610352,3.8745203018188477,3.9312493801116943,3.851313591003418,3.9042255878448486,4.039013385772705,3.995331048965454,4.163421154022217,4.190042018890381,4.471214294433594,4.531581878662109
A3,0.5802378058433533,0.39037859439849854,0.0,0.38752397894859314,0.5963349938392639,0.8571650981903076,1.1729239225387573,1.4191495180130005,1.7486039400100708,1.8716881275177002,2.2147045135498047,2.253237724304199,2.6327037811279297,2.6676149368286133,3.0103280544281006,1.9677528142929077,1.884040117263794,1.6011337041854858,1.4097511768341064,1.3789297342300415,1.3982313871383667,1.434374213218689,1.7076548337936401,1.8551065921783447,2.010974168777466,2.387425184249878,2.474527359008789,2.8232269287109375,2.9486255645751953,3.3005151748657227,2.5070011615753174,2.5161547660827637,2.2544596195220947,2.27079439163208,2.1642351150512695,2.1097793579101562,2.06152081489563,2.213939666748047,2.2688398361206055,2.3687336444854736,2.7165749073028564,2.8397419452667236,3.125152826309204,3.2976815700531006,3.6296305656433105,3.0285563468933105,3.0948712825775146,2.8429205417633057,2.9129176139831543,2.8759820461273193,2.758594036102295,2.7372729778289795,2.806284189224243,2.8414011001586914,2.9438729286193848,3.179030656814575,3.3300514221191406,3.55414080619812,3.7629079818725586,4.062160015106201,3.669137477874756,3.8288509845733643,3.592045783996582,3.7716622352600098,3.797802686691284,3.5607824325561523,3.6360280513763428,3.5466229915618896,3.61989688873291,3.7394299507141113,3.707747220993042,3.8579838275909424,3.8964359760284424,4.166038990020752,4.2366766929626465
A4,0.8892173171043396,0.5833727121353149,0.38752397894859314,0.0,0.3952871561050415,0.603312075138092,0.915048360824585,1.1888689994812012,1.5002758502960205,1.642523169517517,1.99311101436615,2.066812753677368,2.4346208572387695,2.505819797515869,2.840790033340454,2.0130536556243896,2.001979351043701,1.7204813957214355,1.6054413318634033,1.5448719263076782,1.4658749103546143,1.457364559173584,1.6650649309158325,1.7607150077819824,1.8912290334701538,2.252709150314331,2.3590128421783447,2.6806252002716064,2.830864906311035,3.169325113296509,2.579108953475952,2.643622636795044,2.397170066833496,2.4663569927215576,2.3337366580963135,2.2178895473480225,2.145148515701294,2.2364134788513184,2.249593496322632,2.3162012100219727,2.6341700553894043,2.7669031620025635,3.016878604888916,3.206472158432007,3.519157886505127,3.1085259914398193,3.2194325923919678,2.98437237739563,3.0935778617858887,3.0372893810272217,2.87487530708313,2.837954044342041,2.8566462993621826,2.861778736114502,2.932588815689087,3.1291916370391846,3.2799313068389893,3.466564416885376,3.6870434284210205,3.9639945030212402,3.744966983795166,3.937920570373535,3.7190873622894287,3.924022912979126,3.9310128688812256,3.6650397777557373,3.729001998901367,3.6008951663970947,3.656661033630371,3.7428276538848877,3.678338050842285,3.8045730590820312,3.8060050010681152,4.0585246086120605,4.095597743988037
A5,1.1678388118743896,0.8817198872566223,0.5963349938392639,0.3952871561050415,0.0,0.38392335176467896,0.5915769934654236,0.8940860629081726,1.1808924674987793,1.3568391799926758,1.6850740909576416,1.7866671085357666,2.1557579040527344,2.2521543502807617,2.605173110961914,1.8258010149002075,1.8499789237976074,1.530226469039917,1.45023512840271,1.3134499788284302,1.1773899793624878,1.1062994003295898,1.2994931936264038,1.37019681930542,1.5197629928588867,1.8796173334121704,2.0095596313476562,2.336483955383301,2.5085058212280273,2.8573336601257324,2.316964626312256,2.407247543334961,2.1466434001922607,2.235740900039673,2.062354326248169,1.9055765867233276,1.8042336702346802,1.8701775074005127,1.864043116569519,1.9304641485214233,2.244929552078247,2.3917508125305176,2.6440491676330566,2.848893880844116,3.1680712699890137,2.808659076690674,2.941649913787842,2.701906681060791,2.8262887001037598,2.7422943115234375,2.5505270957946777,2.4971485137939453,2.4925925731658936,2.484524726867676,2.54776930809021,2.7365286350250244,2.8925299644470215,3.0780999660491943,3.307147979736328,3.5873546600341797,3.415940999984741,3.625859022140503,3.408005475997925,3.6206905841827393,3.6076860427856445,3.3251428604125977,3.378740072250366,3.2337632179260254,3.282780408859253,3.3583524227142334,3.287914514541626,3.4105489253997803,3.410975217819214,3.664724349975586,3.706477403640747
A6,1.425161361694336,1.1672500371932983,0.8571650981903076,0.603312075138092,0.38392335176467896,0.0,0.4002329707145691,0.5896185040473938,0.9284053444862366,1.040558934211731,1.3938069343566895,1.4673649072647095,1.8332581520080566,1.9212796688079834,2.2616779804229736,1.6300177574157715,1.7202465534210205,1.4414761066436768,1.4558049440383911,1.358750343322754,1.1393617391586304,1.120123028755188,1.2091466188430786,1.2981233596801758,1.356016993522644,1.7059855461120605,1.7944539785385132,2.0980539321899414,2.2513043880462646,2.581246852874756,2.1788504123687744,2.316082239151001,2.102600336074829,2.2571401596069336,2.1080665588378906,1.9114733934402466,1.8527904748916626,1.8523979187011719,1.8634567260742188,1.8566219806671143,2.146266222000122,2.25006365776062,2.470669746398926,2.652156114578247,2.948216199874878,2.707188844680786,2.873906135559082,2.676238775253296,2.8501617908477783,2.788269519805908,2.572080135345459,2.5532538890838623,2.5034306049346924,2.5134503841400146,2.520738363265991,2.6907052993774414,2.8049871921539307,2.9605319499969482,3.165005683898926,3.4215149879455566,3.341085433959961,3.570345401763916,3.3885302543640137,3.635277271270752,3.6355526447296143,3.341963291168213,3.4203784465789795,3.250992774963379,3.3208420276641846,3.3576362133026123,3.286811351776123,3.3664753437042236,3.3580310344696045,3.578179121017456,3.60660982131958
A7,1.7500627040863037,1.4625978469848633,1.1729239225387573,0.915048360824585,0.5915769934654236,0.4002329707145691,0.0,0.3836365342140198,0.5963259935379028,0.8180021643638611,1.1269290447235107,1.2909824848175049,1.636096477508545,1.7934458255767822,2.1432876586914062,1.7234764099121094,1.865328073501587,1.5647222995758057,1.6197247505187988,1.4426528215408325,1.158900260925293,1.0256870985031128,1.0355970859527588,1.0175070762634277,1.0876984596252441,1.4078806638717651,1.5582458972930908,1.8414860963821411,2.0490214824676514,2.379565715789795,2.1643006801605225,2.3428361415863037,2.120591640472412,2.296076536178589,2.093782424926758,1.8412128686904907,1.7264409065246582,1.6677690744400024,1.6140316724777222,1.5953558683395386,1.8493521213531494,1.9897122383117676,2.186002254486084,2.406038284301758,2.6966843605041504,2.628338098526001,2.83146333694458,2.63227915763855,2.822916269302368,2.7170310020446777,2.4578020572662354,2.400641441345215,2.3055410385131836,2.2715330123901367,2.2615888118743896,2.3917312622070312,2.522987127304077,2.6525282859802246,2.882716655731201,3.1297690868377686,3.20572829246521,3.4641568660736084,3.286348819732666,3.540471076965332,3.504117012023926,3.184068202972412,3.233907699584961,3.0311062335968018,3.0723049640655518,3.0849504470825195,2.982876777648926,3.0524439811706543,3.015054941177368,3.2317304611206055,3.2411293983459473
A8,1.9937717914581299,1.7461557388305664,1.4191495180130005,1.1888689994812012,0.8940860629081726,0.5896185040473938,0.3836365342140198,0.0,0.38881534337997437,0.4628235399723053,0.8049649000167847,0.9176178574562073,1.27202570438385,1.4123165607452393,1.7613519430160522,1.4769165515899658,1.6827950477600098,1.4288264513015747,1.5729165077209473,1.4308017492294312,1.0895586013793945,1.0250329971313477,0.9142617583274841,0.9446283578872681,0.8826358914375305,1.1879539489746094,1.2702465057373047,1.537821650505066,1.714737057685852,2.033191442489624,1.9286327362060547,2.150005578994751,1.9778165817260742,2.2117199897766113,2.0386502742767334,1.7575205564498901,1.6999160051345825,1.580149531364441,1.567491054534912,1.4665501117706299,1.6963629722595215,1.772960901260376,1.9450291395187378,2.128190517425537,2.4011337757110596,2.413097620010376,2.6445698738098145,2.4897491931915283,2.725023031234741,2.6456384658813477,2.371504783630371,2.3592336177825928,2.227050304412842,2.2281699180603027,2.1608152389526367,2.2837817668914795,2.3597962856292725,2.4694137573242188,2.6619808673858643,2.891010046005249,3.010547161102295,3.2818105220794678,3.1409072875976562,3.4250104427337646,3.4070770740509033,3.084468364715576,3.166208505630493,2.9493038654327393,3.0229110717773438,3.0016191005706787,2.916151285171509,2.9425415992736816,2.91512131690979,3.0970523357391357,3.110590934753418
A9,2.328190326690674,2.055283784866333,1.7486039400100708,1.5002758502960205,1.1808924674987793,0.9284053444862366,0.5963259935379028,0.38881534337997437,0.0,0.3639032244682312,0.5620503425598145,0.8282536864280701,1.1163150072097778,1.3519642353057861,1.6894701719284058,1.704651951789856,1.947691798210144,1.6949673891067505,1.8621118068695068,1.6722702980041504,1.308102011680603,1.159897804260254,0.9597113728523254,0.8488675951957703,0.7527995705604553,0.9647981524467468,1.1194400787353516,1.3287609815597534,1.5726324319839478,1.8740652799606323,2.039789915084839,2.2991466522216797,2.132037878036499,2.3818135261535645,2.1700029373168945,1.8455613851547241,1.741113543510437,1.5533198118209839,1.4682437181472778,1.3335598707199097,1.4899941682815552,1.597627878189087,1.716262698173523,1.9404170513153076,2.191913366317749,2.4465439319610596,2.7148938179016113,2.56931471824646,2.8206162452697754,2.7033121585845947,2.3906264305114746,2.3436684608459473,2.158372640609741,2.1120262145996094,2.0122549533843994,2.075105905532837,2.158597230911255,2.221296787261963,2.437390089035034,2.643265962600708,2.974111318588257,3.275432586669922,3.147313356399536,3.4392220973968506,3.3857784271240234,3.038999557495117,3.092240810394287,2.8377885818481445,2.8808889389038086,2.8234853744506836,2.700791597366333,2.7030797004699707,2.6353490352630615,2.8008084297180176,2.783460855484009
A10,2.4413540363311768,2.2040657997131348,1.8716881275177002,1.642523169517517,1.3568391799926758,1.040558934211731,0.8180021643638611,0.4628235399723053,0.3639032244682312,0.0,0.37131819128990173,0.5022167563438416,0.822633683681488,1.015028953552246,1.351636290550232,1.4863154888153076,1.774511456489563,1.5830188989639282,1.812207818031311,1.6813445091247559,1.3035811185836792,1.2539191246032715,1.0031367540359497,0.9958836436271667,0.7743601202964783,0.9605515599250793,0.9852357506752014,1.172850251197815,1.3487954139709473,1.6318354606628418,1.8644206523895264,2.150193691253662,2.0388376712799072,2.3319129943847656,2.1689629554748535,1.8462376594543457,1.8160898685455322,1.6055452823638916,1.5898154973983765,1.3913182020187378,1.5351173877716064,1.5522751808166504,1.6502834558486938,1.8094924688339233,2.0388529300689697,2.3132665157318115,2.5941364765167236,2.4944348335266113,2.779137134552002,2.704636812210083,2.3990752696990967,2.4091079235076904,2.2129874229431152,2.2189724445343018,2.0768368244171143,2.1505684852600098,2.1697027683258057,2.2222867012023926,2.3835151195526123,2.571307420730591,2.8806283473968506,3.181216239929199,3.0885298252105713,3.4044065475463867,3.3836183547973633,3.0477375984191895,3.142235279083252,2.891422748565674,2.9764082431793213,2.8993704319000244,2.807619571685791,2.7738864421844482,2.729731321334839,2.8605034351348877,2.855501413345337
A11,2.788087844848633,2.5489163398742676,2.2147045135498047,1.99311101436615,1.6850740909576416,1.3938069343566895,1.1269290447235107,0.8049649000167847,0.5620503425598145,0.37131819128990173,0.0,0.38937172293663025,0.5725365877151489,0.8667407631874084,1.1832243204116821,1.627342700958252,1.9463872909545898,1.774221658706665,2.0332181453704834,1.8779176473617554,1.4911216497421265,1.4091782569885254,1.0867913961410522,1.0126644372940063,0.7204381227493286,0.7479981780052185,0.7695275545120239,0.8637048602104187,1.0856724977493286,1.344311237335205,1.8701297044754028,2.1924712657928467,2.1061604022979736,2.4215261936187744,2.2432050704956055,1.8903613090515137,1.8509752750396729,1.5760504007339478,1.531950831413269,1.2763102054595947,1.3309863805770874,1.3249472379684448,1.3547050952911377,1.5213602781295776,1.7207328081130981,2.2372429370880127,2.5534238815307617,2.4812793731689453,2.788942337036133,2.696369171142578,2.363274574279785,2.3672590255737305,2.120743751525879,2.1109185218811035,1.9187675714492798,1.9413377046585083,1.9303615093231201,1.93435800075531,2.087341785430908,2.2465405464172363,2.738590717315674,3.0642504692077637,2.9989326000213623,3.3281545639038086,3.28757643699646,2.938032865524292,3.024322032928467,2.744243621826172,2.8225722312927246,2.703620672225952,2.598392963409424,2.5239994525909424,2.461482286453247,2.5588040351867676,2.540022373199463
A12,2.80611515045166,2.609572649002075,2.253237724304199,2.066812753677368,1.7866671085357666,1.4673649072647095,1.2909824848175049,0.9176178574562073,0.8282536864280701,0.5022167563438416,0.38937172293663025,0.0,0.3832939863204956,0.5251297354698181,0.8794491291046143,1.3449856042861938,1.6951179504394531,1.5902299880981445,1.8969782590866089,1.8054648637771606,1.4295644760131836,1.4498732089996338,1.1248129606246948,1.176092267036438,0.8381004333496094,0.892539381980896,0.7325188517570496,0.8362917304039001,0.9140176773071289,1.1664049625396729,1.6300556659698486,1.9650532007217407,1.9354407787322998,2.282693386077881,2.163050889968872,1.831770658493042,1.8749808073043823,1.6104193925857544,1.6551603078842163,1.3727644681930542,1.4538167715072632,1.3488001823425293,1.3944954872131348,1.463598370552063,1.6541774272918701,2.0536975860595703,2.366556406021118,2.3373286724090576,2.6681573390960693,2.6283159255981445,2.3195784091949463,2.388301372528076,2.1570138931274414,2.214207887649536,2.0049245357513428,2.0688936710357666,1.9983164072036743,2.0240445137023926,2.109546422958374,2.2668330669403076,2.613708972930908,2.9238386154174805,2.887443780899048,3.2333059310913086,3.236499547958374,2.909980535507202,3.04491925239563,2.787946939468384,2.917072057723999,2.8005592823028564,2.744046926498413,2.6543872356414795,2.638986825942993,2.717831611633301,2.7336161136627197
A13,3.1864209175109863,2.984936237335205,2.6327037811279297,2.4346208572387695,2.1557579040527344,1.8332581520080566,1.636096477508545,1.27202570438385,1.1163150072097778,0.822633683681488,0.5725365877151489,0.3832939863204956,0.0,0.38386058807373047,0.6293575763702393,1.6074726581573486,1.9768282175064087,1.9111289978027344,2.2375948429107666,2.1482017040252686,1.7760648727416992,1.7852308750152588,1.4337730407714844,1.4420791864395142,1.086135983467102,1.0055372714996338,0.8103098273277283,0.7240245938301086,0.7663304209709167,0.9099308252334595,1.7983555793762207,2.160024881362915,2.173753261566162,2.539491653442383,2.4252781867980957,2.083566665649414,2.1303796768188477,1.825680136680603,1.852907419204712,1.5323559045791626,1.5202397108078003,1.368177056312561,1.3088061809539795,1.3353803157806396,1.4435445070266724,2.1497108936309814,2.4909369945526123,2.5063045024871826,2.8593032360076904,2.818683624267578,2.4966354370117188,2.5709762573242188,2.3004729747772217,2.350003957748413,2.093302011489868,2.102755308151245,1.9842275381088257,1.9423009157180786,1.9888291358947754,2.0865774154663086,2.6458206176757812,2.974428176879883,2.9808919429779053,3.341986894607544,3.3377585411071777,3.0073604583740234,3.1430585384368896,2.863007068634033,2.9911882877349854,2.8290011882781982,2.7633206844329834,2.621246099472046,2.5848441123962402,2.608590841293335,2.6004011631011963
A14,3.1942389011383057,3.033339262008667,2.6676149368286133,2.505819797515869,2.2521543502807617,1.9212796688079834,1.7934458255767822,1.4123165607452393,1.3519642353057861,1.015028953552246,0.8667407631874084,0.5251297354698181,0.38386058807373047,0.0,0.3801414370536804,1.3833200931549072,1.765112280845642,1.770922064781189,2.1270575523376465,2.09753155708313,1.752631664276123,1.8431755304336548,1.5109118223190308,1.6098442077636719,1.2490513324737549,1.2170566320419312,0.9240126609802246,0.8824548125267029,0.7480196952819824,0.8633068799972534,1.6007094383239746,1.9611300230026245,2.0320169925689697,2.4162750244140625,2.360567092895508,2.051086664199829,2.168196678161621,1.8880685567855835,1.988314151763916,1.6660770177841187,1.6921114921569824,1.4739609956741333,1.451659917831421,1.3846896886825562,1.4881904125213623,2.0006072521209717,2.3270201683044434,2.383436918258667,2.7495696544647217,2.760953187942505,2.4708640575408936,2.6023921966552734,2.357454538345337,2.465792655944824,2.208761215209961,2.2639575004577637,2.104966402053833,2.0978500843048096,2.085308313369751,2.1893839836120605,2.5510053634643555,2.855332612991333,2.8868911266326904,3.257333755493164,3.2972629070281982,2.9949300289154053,3.1748383045196533,2.92453670501709,3.0977752208709717,2.9483556747436523,2.9298253059387207,2.7868263721466064,2.7983896732330322,2.8173630237579346,2.8470730781555176
A15,3.52724027633667,3.371580123901367,3.0103280544281006,2.840790033340454,2.605173110961914,2.2616779804229736,2.1432876586914062,1.7613519430160522,1.6894701719284058,1.351636290550232,1.1832243204116821,0.8794491291046143,0.6293575763702393,0.3801414370536804,0.0,1.651647925376892,2.033315420150757,2.0882034301757812,2.455162525177002,2.450834274291992,2.116964101791382,2.2202460765838623,1.8862203359603882,1.9768797159194946,1.61238431930542,1.5368865728378296,1.2374600172042847,1.1036146879196167,0.9063201546669006,0.853266716003418,1.840105414390564,2.2016079425811768,2.3196516036987305,2.7133090496063232,2.6828975677490234,2.3828237056732178,2.516944646835327,2.227123260498047,2.3287160396575928,1.9929124116897583,1.9753156900405884,1.7257373332977295,1.6396652460098267,1.513598084449768,1.5248130559921265,2.202316999435425,2.5324182510375977,2.634920835494995,3.0137317180633545,3.044459819793701,2.7610974311828613,2.9104154109954834,2.652416944503784,2.767381429672241,2.4856481552124023,2.5136940479278564,2.316361904144287,2.265587329864502,2.2036678791046143,2.2494163513183594,2.7148706912994385,3.0170397758483887,3.0916061401367188,3.471912384033203,3.5235612392425537,3.2320408821105957,3.424690008163452,3.1699154376983643,3.3522706031799316,3.175468921661377,3.160841226577759,2.9805755615234375,2.9847307205200195,2.9571335315704346,2.9714701175689697
B1,2.3572275638580322,2.3487634658813477,1.9677528142929077,2.0130536556243896,1.8258010149002075,1.6300177574157715,1.7234764099121094,1.4769165515899658,1.704651951789856,1.4863154888153076,1.627342700958252,1.3449856042861938,1.6074726581573486,1.3833200931549072,1.651647925376892,0.0,0.38294535875320435,0.539476752281189,0.9119406342506409,1.0756360292434692,0.9433063864707947,1.2942801713943481,1.2192414999008179,1.5823825597763062,1.4208614826202393,1.659408688545227,1.4156920909881592,1.7062411308288574,1.5670219659805298,1.851334810256958,0.800000786781311,0.9405993819236755,0.9904149174690247,1.3145033121109009,1.41863214969635,1.3006969690322876,1.5863208770751953,1.5480631589889526,1.8414990901947021,1.692718267440796,1.9654502868652344,1.7934373617172241,2.047670602798462,1.9840160608291626,2.2628087997436523,1.476191520690918,1.6052416563034058,1.5831259489059448,1.8609849214553833,1.9956872463226318,1.8629796504974365,2.096198797225952,2.0572383403778076,2.2984118461608887,2.200963020324707,2.464211940765381,2.3732142448425293,2.5866990089416504,2.589294910430908,2.847588300704956,2.2436184883117676,2.406526565551758,2.3372857570648193,2.64190936088562,2.7874252796173096,2.5814826488494873,2.8305697441101074,2.731794595718384,2.9804904460906982,2.991879940032959,3.090432643890381,3.0919885635375977,3.241981029510498,3.389462471008301,3.544107675552368
B2,2.2004785537719727,2.24867844581604,1.884040117263794,2.001979351043701,1.8499789237976074,1.7202465534210205,1.865328073501587,1.6827950477600098,1.947691798210144,1.774511456489563,1.9463872909545898,1.6951179504394531,1.9768282175064087,1.765112280845642,2.033315420150757,0.38294535875320435,0.0,0.3905319273471832,0.6666750311851501,0.9343283176422119,0.9485068917274475,1.3373523950576782,1.3660329580307007,1.7492494583129883,1.6571688652038574,1.925389289855957,1.7174750566482544,2.033511161804199,1.907682180404663,2.2009224891662598,0.8848026990890503,0.8611345887184143,0.8725304007530212,1.1095198392868042,1.2824856042861938,1.2684465646743774,1.5809520483016968,1.633003830909729,1.9513609409332275,1.8654754161834717,2.1744797229766846,2.0297036170959473,2.3212714195251465,2.2667832374572754,2.5649759769439697,1.531069278717041,1.5700361728668213,1.5094249248504639,1.7232458591461182,1.8951833248138428,1.8306995630264282,2.0783984661102295,2.1100804805755615,2.372006893157959,2.3270068168640137,2.627955198287964,2.561357021331787,2.8144350051879883,2.824341058731079,3.107106924057007,2.299140691757202,2.4096763134002686,2.305734634399414,2.571709156036377,2.7436106204986572,2.5755114555358887,2.832387924194336,2.7821884155273438,3.0398926734924316,3.096139669418335,3.2194557189941406,3.258704423904419,3.4351553916931152,3.609994411468506,3.787494421005249
B3,1.9604318141937256,1.9744985103607178,1.6011337041854858,1.7204813957214355,1.530226469039917,1.4414761066436768,1.5647222995758057,1.4288264513015747,1.6949673891067505,1.5830188989639282,1.774221658706665,1.5902299880981445,1.9111289978027344,1.770922064781189,2.0882034301757812,0.539476752281189,0.3905319273471832,0.0,0.3837706744670868,0.5635337233543396,0.5707814693450928,0.9643215537071228,1.0497877597808838,1.432858943939209,1.4006582498550415,1.7072664499282837,1.5679255723953247,1.923105001449585,1.8705289363861084,2.205502986907959,0.9517838358879089,0.9504350423812866,0.8009600043296814,1.002044439315796,1.0662388801574707,1.0153307914733887,1.2720859050750732,1.3536664247512817,1.6478277444839478,1.6056398153305054,1.9471410512924194,1.8651071786880493,2.1836490631103516,2.192983865737915,2.5224661827087402,1.5490999221801758,1.608776330947876,1.463708758354187,1.6524969339370728,1.7515289783477783,1.652938723564148,1.8425267934799194,1.881832480430603,2.107835054397583,2.097271680831909,2.4021944999694824,2.3871705532073975,2.653242826461792,2.715261936187744,3.0190043449401855,2.2844362258911133,2.419987678527832,2.2670466899871826,2.5184743404388428,2.642667293548584,2.4436264038085938,2.658564567565918,2.5948643684387207,2.817843198776245,2.891434907913208,2.988788366317749,3.0580315589904785,3.21773362159729,3.4222571849823,3.5915145874023438
B4,1.699341893196106,1.7561801671981812,1.4097511768341064,1.6054413318634033,1.45023512840271,1.4558049440383911,1.6197247505187988,1.5729165077209473,1.8621118068695068,1.812207818031311,2.0332181453704834,1.8969782590866089,2.2375948429107666,2.1270575523376465,2.455162525177002,0.9119406342506409,0.6666750311851501,0.3837706744670868,0.0,0.3899127244949341,0.6309558749198914,0.9805487990379333,1.1930110454559326,1.5531225204467773,1.6053295135498047,1.9371012449264526,1.8552649021148682,2.2278831005096436,2.210052251815796,2.557912588119507,1.2394269704818726,1.1464706659317017,0.9153921604156494,0.958917498588562,1.0139716863632202,1.0607914924621582,1.272220253944397,1.4523988962173462,1.7287521362304688,1.7644178867340088,2.1334187984466553,2.104102849960327,2.4469149112701416,2.4886133670806885,2.8352115154266357,1.7614201307296753,1.7603310346603394,1.5523924827575684,1.6534593105316162,1.7397464513778687,1.692236304283142,1.847906470298767,1.9547964334487915,2.1660196781158447,2.219653844833374,2.5451910495758057,2.576184034347534,2.8688783645629883,2.959754705429077,3.283585548400879,2.456197500228882,2.558736801147461,2.3582634925842285,2.560934543609619,2.6800312995910645,2.502546787261963,2.6947457790374756,2.666792631149292,2.871476411819458,2.9907917976379395,3.090116500854492,3.203946352005005,3.3699898719787598,3.6072731018066406,3.784339666366577
B5,1.7346422672271729,1.727962613105774,1.3789297342300415,1.5448719263076782,1.3134499788284302,1.358750343322754,1.4426528215408325,1.4308017492294312,1.6722702980041504,1.6813445091247559,1.8779176473617554,1.8054648637771606,2.1482017040252686,2.09753155708313,2.450834274291992,1.0756360292434692,0.9343283176422119,0.5635337233543396,0.3899127244949341,0.0,0.38684168457984924,0.6411107182502747,0.9115505218505859,1.24168860912323,1.3572652339935303,1.6901581287384033,1.6712335348129272,2.057126760482788,2.0964372158050537,2.4656543731689453,1.2579821348190308,1.211191177368164,0.8956000804901123,0.925521969795227,0.8225352764129639,0.8001654744148254,0.9263116121292114,1.1308953762054443,1.3776015043258667,1.4580317735671997,1.8399171829223633,1.8640002012252808,2.221555233001709,2.3120505809783936,2.6767632961273193,1.692504644393921,1.7252211570739746,1.4644968509674072,1.5587456226348877,1.557958960533142,1.4597549438476562,1.5514780282974243,1.6521168947219849,1.8267433643341064,1.9065775871276855,2.229383707046509,2.3008310794830322,2.601193904876709,2.7308108806610107,3.067737340927124,2.3273544311523438,2.4596452713012695,2.229360580444336,2.425940990447998,2.49182391166687,2.280160903930664,2.4307103157043457,2.3823931217193604,2.554903745651245,2.6815297603607178,2.7594449520111084,2.8939945697784424,3.048574447631836,3.30619740486145,3.480503797531128
B6,1.8516758680343628,1.7738186120986938,1.3982313871383667,1.4658749103546143,1.1773899793624878,1.1393617391586304,1.158900260925293,1.0895586013793945,1.308102011680603,1.3035811185836792,1.4911216497421265,1.4295644760131836,1.7760648727416992,1.752631664276123,2.116964101791382,0.9433063864707947,0.9485068917274475,0.5707814693450928,0.6309558749198914,0.38684168457984924,0.0,0.39577314257621765,0.5684159994125366,0.9240890741348267,0.9943274855613708,1.341506838798523,1.325340986251831,1.7114793062210083,1.7743439674377441,2.1480915546417236,1.1808274984359741,1.253918170928955,0.9838348031044006,1.1421717405319214,0.9944223761558533,0.8121232390403748,0.8950430154800415,0.969750165939331,1.1843494176864624,1.1985116004943848,1.5694583654403687,1.5908693075180054,1.9251312017440796,2.0323216915130615,2.388928174972534,1.6479650735855103,1.765285849571228,1.5432490110397339,1.7148528099060059,1.6829854249954224,1.5001248121261597,1.572399616241455,1.5811851024627686,1.724270224571228,1.7465174198150635,2.0314173698425293,2.0915393829345703,2.3550121784210205,2.4941060543060303,2.812947988510132,2.2907979488372803,2.4776604175567627,2.2805163860321045,2.5207502841949463,2.560107469558716,2.303400754928589,2.443939685821533,2.335881471633911,2.4942197799682617,2.5713298320770264,2.6142170429229736,2.712804079055786,2.832883358001709,3.069930076599121,3.2163808345794678
B7,1.9225717782974243,1.7838679552078247,1.434374213218689,1.457364559173584,1.1062994003295898,1.120123028755188,1.0256870985031128,1.0250329971313477,1.159897804260254,1.2539191246032715,1.4091782569885254,1.4498732089996338,1.7852308750152588,1.8431755304336548,2.2202460765838623,1.2942801713943481,1.3373523950576782,0.9643215537071228,0.9805487990379333,0.6411107182502747,0.39577314257621765,0.0,0.38520005345344543,0.6227665543556213,0.8216657638549805,1.1666232347488403,1.2627146244049072,1.6450426578521729,1.7894445657730103,2.1731860637664795,1.4204376935958862,1.5211904048919678,1.2192341089248657,1.341373085975647,1.0842524766921997,0.8357658386230469,0.7336626052856445,0.786604106426239,0.8925272226333618,0.9729371666908264,1.3498769998550415,1.462536096572876,1.7962921857833862,1.9741803407669067,2.339804172515869,1.7744789123535156,1.9196035861968994,1.6638697385787964,1.8158808946609497,1.6969225406646729,1.4628580808639526,1.4361371994018555,1.41672945022583,1.4802135229110718,1.531996250152588,1.7918567657470703,1.9137723445892334,2.17120361328125,2.3664088249206543,2.691572427749634,2.3245623111724854,2.539569139480591,2.319056749343872,2.5446436405181885,2.5229971408843994,2.2318806648254395,2.312469244003296,2.1729400157928467,2.276759386062622,2.355508327484131,2.3557589054107666,2.477811336517334,2.567744731903076,2.8291163444519043,2.9599697589874268
B8,2.2303388118743896,2.068512201309204,1.7076548337936401,1.6650649309158325,1.2994931936264038,1.2091466188430786,1.0355970859527588,0.9142617583274841,0.9597113728523254,1.0031367540359497,1.0867913961410522,1.1248129606246948,1.4337730407714844,1.5109118223190308,1.8862203359603882,1.2192414999008179,1.3660329580307007,1.0497877597808838,1.1930110454559326,0.9115505218505859,0.5684159994125366,0.38520005345344543,0.0,0.3853577673435211,0.45568904280662537,0.7993152141571045,0.8796898126602173,1.2605657577514648,1.417970061302185,1.801072359085083,1.2943296432495117,1.4860265254974365,1.2486181259155273,1.4642566442489624,1.2203295230865479,0.8867186307907104,0.8168016076087952,0.6776925325393677,0.7693050503730774,0.7086076140403748,1.057159185409546,1.1343958377838135,1.4444775581359863,1.6219273805618286,1.977940559387207,1.6341720819473267,1.8487186431884766,1.6483632326126099,1.8705523014068604,1.751606822013855,1.460742473602295,1.4542278051376343,1.3362654447555542,1.3967918157577515,1.3569934368133545,1.576467514038086,1.6546701192855835,1.87502920627594,2.0577504634857178,2.3636584281921387,2.175318956375122,2.4331493377685547,2.258242130279541,2.5263545513153076,2.496236562728882,2.177539587020874,2.2690510749816895,2.079927444458008,2.192485809326172,2.21077036857605,2.196748971939087,2.264533281326294,2.337301254272461,2.5638034343719482,2.6811938285827637
B9,2.396803617477417,2.1855223178863525,1.8551065921783447,1.7607150077819824,1.37019681930542,1.2981233596801758,1.0175070762634277,0.9446283578872681,0.8488675951957703,0.9958836436271667,1.0126644372940063,1.176092267036438,1.4420791864395142,1.6098442077636719,1.9768797159194946,1.5823825597763062,1.7492494583129883,1.432858943939209,1.5531225204467773,1.24168860912323,0.9240890741348267,0.6227665543556213,0.3853577673435211,0.0,0.36746251583099365,0.6357460618019104,0.8810203671455383,1.2087292671203613,1.4599385261535645,1.8289088010787964,1.6115021705627441,1.8220375776290894,1.581799030303955,1.7763606309890747,1.4842731952667236,1.1340231895446777,0.9445313811302185,0.7413817644119263,0.630098283290863,0.5864823460578918,0.8751432299613953,1.0664474964141846,1.3332390785217285,1.591652750968933,1.9346786737442017,1.8596638441085815,2.099766731262207,1.893326759338379,2.1042637825012207,1.9256283044815063,1.597720980644226,1.5059478282928467,1.3337756395339966,1.2891883850097656,1.2451279163360596,1.3926016092300415,1.5298540592193604,1.710651159286499,1.9542315006256104,2.248018980026245,2.3015074729919434,2.5877487659454346,2.4095494747161865,2.6682121753692627,2.5833842754364014,2.2346434593200684,2.2668845653533936,2.033517599105835,2.082726240158081,2.0769119262695312,2.0006730556488037,2.0706238746643066,2.0892717838287354,2.3267781734466553,2.410364866256714
B10,2.5661239624023438,2.3625857830047607,2.010974168777466,1.8912290334701538,1.5197629928588867,1.356016993522644,1.0876984596252441,0.8826358914375305,0.7527995705604553,0.7743601202964783,0.7204381227493286,0.8381004333496094,1.086135983467102,1.2490513324737549,1.61238431930542,1.4208614826202393,1.6571688652038574,1.4006582498550415,1.6053295135498047,1.3572652339935303,0.9943274855613708,0.8216657638549805,0.45568904280662537,0.36746251583099365,0.0,0.38256582617759705,0.5473991632461548,0.8826936483383179,1.1202071905136108,1.4869422912597656,1.468546986579895,1.7394728660583496,1.5690327882766724,1.8346022367477417,1.595535159111023,1.22745680809021,1.1396740674972534,0.8655173778533936,0.8365752100944519,0.6197195053100586,0.8289936184883118,0.9040998220443726,1.1257383823394775,1.3439041376113892,1.6672793626785278,1.7542122602462769,2.036733627319336,1.8930548429489136,2.1606671810150146,2.0251495838165283,1.6878606081008911,1.6628364324569702,1.444838285446167,1.4485269784927368,1.3133797645568848,1.4305986166000366,1.4798319339752197,1.6150259971618652,1.8095754384994507,2.0734498500823975,2.2315218448638916,2.5379257202148438,2.411020278930664,2.7086875438690186,2.6501123905181885,2.3010942935943604,2.3741238117218018,2.1225738525390625,2.208918333053589,2.1522929668426514,2.0884206295013428,2.092134714126587,2.107780933380127,2.2908642292022705,2.3635146617889404
B11,2.945343255996704,2.7333011627197266,2.387425184249878,2.252709150314331,1.8796173334121704,1.7059855461120605,1.4078806638717651,1.1879539489746094,0.9647981524467468,0.9605515599250793,0.7479981780052185,0.892539381980896,1.0055372714996338,1.2170566320419312,1.5368865728378296,1.659408688545227,1.925389289855957,1.7072664499282837,1.9371012449264526,1.6901581287384033,1.341506838798523,1.1666232347488403,0.7993152141571045,0.6357460618019104,0.38256582617759705,0.0,0.38620230555534363,0.5997081995010376,0.9163075685501099,1.252758264541626,1.5827841758728027,1.8881524801254272,1.7583105564117432,2.0412216186523438,1.7970401048660278,1.4136229753494263,1.3184256553649902,0.9721824526786804,0.8875084519386292,0.5774867534637451,0.5862731337547302,0.6431568264961243,0.7792932391166687,1.0429420471191406,1.3456852436065674,1.755375862121582,2.078169584274292,1.973763108253479,2.2639124393463135,2.1079885959625244,1.7419644594192505,1.7053189277648926,1.4161584377288818,1.3885304927825928,1.173433780670166,1.2045892477035522,1.2139527797698975,1.2847310304641724,1.4837373495101929,1.722760796546936,2.133103370666504,2.4719150066375732,2.3809728622436523,2.69262957572937,2.606419324874878,2.2400383949279785,2.2977590560913086,2.003824472427368,2.076448440551758,1.9594199657440186,1.8723671436309814,1.8204643726348877,1.8107967376708984,1.9567331075668335,2.0168635845184326
B12,3.020707607269287,2.8420250415802,2.474527359008789,2.3590128421783447,2.0095596313476562,1.7944539785385132,1.5582458972930908,1.2702465057373047,1.1194400787353516,0.9852357506752014,0.7695275545120239,0.7325188517570496,0.8103098273277283,0.9240126609802246,1.2374600172042847,1.4156920909881592,1.7174750566482544,1.5679255723953247,1.8552649021148682,1.6712335348129272,1.325340986251831,1.2627146244049072,0.8796898126602173,0.8810203671455383,0.5473991632461548,0.38620230555534363,0.0,0.3887287378311157,0.5793368220329285,0.9497769474983215,1.318135380744934,1.6601759195327759,1.6012341976165771,1.9340252876281738,1.7546648979187012,1.3855810165405273,1.3996188640594482,1.0569775104522705,1.1023290157318115,0.757743775844574,0.780316174030304,0.6192360520362854,0.743674635887146,0.8607457280158997,1.1606826782226562,1.5320302248001099,1.8743298053741455,1.8306242227554321,2.1624858379364014,2.0670106410980225,1.7212839126586914,1.7712827920913696,1.4904484748840332,1.5535523891448975,1.3027546405792236,1.372723937034607,1.2774763107299805,1.3516467809677124,1.4477216005325317,1.6714363098144531,1.9748923778533936,2.3100366592407227,2.26387619972229,2.605372905731201,2.5681910514831543,2.224489450454712,2.3439865112304688,2.0710740089416504,2.2076685428619385,2.079939365386963,2.0503547191619873,1.9616214036941528,1.9993177652359009,2.1014950275421143,2.188206911087036
B13,3.377869129180908,3.1859476566314697,2.8232269287109375,2.6806252002716064,2.336483955383301,2.0980539321899414,1.8414860963821411,1.537821650505066,1.3287609815597534,1.172850251197815,0.8637048602104187,0.8362917304039001,0.7240245938301086,0.8824548125267029,1.1036146879196167,1.7062411308288574,2.033511161804199,1.923105001449585,2.2278831005096436,2.057126760482788,1.7114793062210083,1.6450426578521729,1.2605657577514648,1.2087292671203613,0.8826936483383179,0.5997081995010376,0.3887287378311157,0.0,0.38634660840034485,0.6621785759925842,1.5724583864212036,1.9346030950546265,1.92255437374115,2.2671258449554443,2.0987792015075684,1.7323815822601318,1.7433675527572632,1.3796789646148682,1.384604573249817,1.026800274848938,0.9004659056663513,0.6882479786872864,0.5879427790641785,0.6651470065116882,0.8693941831588745,1.7098667621612549,2.0780396461486816,2.0844271183013916,2.4325318336486816,2.3362350463867188,1.9831408262252808,2.0307929515838623,1.7102497816085815,1.748904824256897,1.4455920457839966,1.4246717691421509,1.2681900262832642,1.2309107780456543,1.2837837934494019,1.4317395687103271,2.061415910720825,2.4184343814849854,2.422318935394287,2.776277542114258,2.726104497909546,2.3791298866271973,2.4910433292388916,2.188509702682495,2.313234567642212,2.125530242919922,2.0741310119628906,1.9156826734542847,1.9160494804382324,1.9478638172149658,2.000553607940674
