,A1,A2,A3,A4,A5,A6,A7,A8,A9,A10,A11,A12,A13,A14,A15,B1,B2,B3,B4,B5,B6,B7,B8,B9,B10,B11,B12,B13,B14,B15,C1,C2,C3,C4,C5,C6,C7,C8,C9,C10,C11,C12,C13,C14,C15,D1,D2,D3,D4,D5,D6,D7,D8,D9,D10,D11,D12,D13,D14,D15,E1,E2,E3,E4,E5,E6,E7,E8,E9,E10,E11,E12,E13,E14,E15
A1,0.0,0.3934635519981384,0.6314978003501892,0.9134069681167603,1.2148427963256836,1.5139529705047607,1.8283164501190186,2.127410650253296,2.444788694381714,2.6782124042510986,3.0165934562683105,3.265620470046997,3.6235153675079346,3.8601930141448975,4.190199851989746,3.9453117847442627,3.8133604526519775,3.4668893814086914,3.243107557296753,2.9096083641052246,2.7168710231781006,2.546254873275757,2.6059646606445312,2.662395715713501,3.0398435592651367,3.240044593811035,3.5561695098876953,3.8708279132843018,4.1643548011779785,4.522758960723877,4.593451023101807,4.546037673950195,4.184128284454346,4.0487895011901855,3.7883987426757812,3.4993584156036377,3.3934502601623535,3.1880884170532227,3.2658767700195312,3.542687177658081,3.5140695571899414,3.8194987773895264,4.042511463165283,4.351742744445801,4.696945667266846,5.211468696594238,5.182334899902344,4.8651041984558105,4.901173114776611,4.578072547912598,4.450951099395752,4.226192474365234,3.9760875701904297,4.068014621734619,4.149957180023193,3.9569337368011475,4.184884548187256,4.157801151275635,4.386142730712891,4.606733322143555,4.908100128173828,4.94292688369751,4.594534873962402,4.488036632537842,4.138912200927734,3.88944673538208,3.6605920791625977,3.3307480812072754,3.284653663635254,3.155155658721924,2.964460849761963,2.7872471809387207,2.6044647693634033,2.7098073959350586,2.7383594512939453
A2,0.3934635519981384,0.0,0.3830150067806244,0.5858785510063171,0.8810842633247375,1.1982280015945435,1.4976004362106323,1.8189767599105835,2.1209824085235596,2.3836636543273926,2.7106356620788574,2.984829902648926,3.3329710960388184,3.593998670578003,3.926265239715576,3.7845022678375244,3.676469087600708,3.3160598278045654,3.1141960620880127,2.761702060699463,2.5343844890594482,2.3320794105529785,2.34505033493042,2.3737027645111084,2.7505884170532227,2.926518440246582,3.256221294403076,3.5547845363616943,3.865203857421875,4.216300964355469,4.3591227531433105,4.318975448608398,3.965590238571167,3.8333687782287598,3.560115337371826,3.2501046657562256,3.12626314163208,2.896062135696411,2.948568820953369,3.2127463817596436,3.1658647060394287,3.477397918701172,3.686777114868164,4.004138469696045,4.343026638031006,4.904250144958496,4.891138076782227,4.58196496963501,4.613680362701416,4.293210029602051,4.145155906677246,3.9210360050201416,3.6532692909240723,3.7333743572235107,3.79949951171875,3.5930209159851074,3.8150830268859863,3.777340888977051,4.006480693817139,4.220675945281982,4.53289794921875,4.574129104614258,4.230710983276367,4.125409126281738,3.7840209007263184,3.524026870727539,3.305823802947998,2.9671835899353027,2.931241750717163,2.793480396270752,2.5919227600097656,2.4310672283172607,2.2424404621124268,2.370469570159912,2.4103567600250244
A3,0.6314978003501892,0.3830150067806244,0.0,0.38511356711387634,0.5987548232078552,0.9142255783081055,1.2050788402557373,1.5092600584030151,1.8167275190353394,2.0548908710479736,2.387538433074951,2.6442601680755615,2.9967575073242188,3.2426812648773193,3.572628974914551,3.4160714149475098,3.3153645992279053,2.956865072250366,2.7679829597473145,2.4106156826019287,2.1943130493164062,1.9793976545333862,2.0151915550231934,2.042858123779297,2.425632953643799,2.61560320854187,2.936627149581909,3.2468225955963135,3.542332172393799,3.900190830230713,4.047368049621582,4.024726867675781,3.675595998764038,3.5675251483917236,3.3141682147979736,2.9975719451904297,2.9077770709991455,2.668907880783081,2.7511096000671387,2.99857759475708,2.9459025859832764,3.2351467609405518,3.4508612155914307,3.747809648513794,4.095736026763916,4.6741838455200195,4.668555736541748,4.369138240814209,4.428771018981934,4.126867771148682,3.989520311355591,3.796030044555664,3.5246620178222656,3.6325488090515137,3.6786715984344482,3.474123001098633,3.671511650085449,3.6318106651306152,3.8337419033050537,4.063022613525391,4.461446762084961,4.53447151184082,4.196756362915039,4.121779918670654,3.794095516204834,3.528536558151245,3.3476428985595703,2.9986445903778076,3.0037176609039307,2.8573849201202393,2.6282618045806885,2.5090463161468506,2.291109085083008,2.443291187286377,2.454896926879883
A4,0.9134069681167603,0.5858785510063171,0.38511356711387634,0.0,0.3874010443687439,0.6217126250267029,0.958171010017395,1.2532979249954224,1.5786529779434204,1.8290579319000244,2.1656923294067383,2.4370105266571045,2.791804552078247,3.0581603050231934,3.398421287536621,3.2906737327575684,3.1963775157928467,2.8249318599700928,2.638317823410034,2.2751455307006836,2.014216661453247,1.799923300743103,1.7777076959609985,1.8155471086502075,2.1826024055480957,2.3658130168914795,2.689347505569458,2.992095947265625,3.301868200302124,3.6511237621307373,3.7889671325683594,3.7532260417938232,3.406080961227417,3.282144546508789,3.0091335773468018,2.6855640411376953,2.5686657428741455,2.3251476287841797,2.3886220455169678,2.6451659202575684,2.6032066345214844,2.906987190246582,3.130260467529297,3.4414143562316895,3.7863082885742188,4.330504417419434,4.323275089263916,4.0211615562438965,4.068142890930176,3.76102876663208,3.615621566772461,3.4160144329071045,3.1431162357330322,3.2485246658325195,3.299907684326172,3.101823091506958,3.3088033199310303,3.284148931503296,3.498076915740967,3.7353036403656006,4.101001739501953,4.174006462097168,3.8326303958892822,3.7692410945892334,3.440062999725342,3.1845619678497314,3.0156960487365723,2.6727755069732666,2.706176519393921,2.58292818069458,2.364705801010132,2.2874839305877686,2.0956857204437256,2.2980217933654785,2.3542237281799316
A5,1.2148427963256836,0.8810842633247375,0.5987548232078552,0.3874010443687439,0.0,0.3932048976421356,0.6188388466835022,0.9564641118049622,1.2403087615966797,1.5150141716003418,1.8319170475006104,2.120058059692383,2.4593915939331055,2.736243724822998,3.069066047668457,3.0667037963867188,3.0082297325134277,2.635746955871582,2.4935595989227295,2.1155128479003906,1.851274013519287,1.5804636478424072,1.5361802577972412,1.5119678974151611,1.8926295042037964,2.05037522315979,2.387127161026001,2.6787421703338623,2.9922564029693604,3.341805934906006,3.5942800045013428,3.591186046600342,3.2611658573150635,3.172234296798706,2.914081573486328,2.565574884414673,2.470155954360962,2.188835382461548,2.249309539794922,2.462010383605957,2.377923011779785,2.661125659942627,2.8621697425842285,3.1590356826782227,3.5038135051727295,4.152381420135498,4.1737236976623535,3.8933045864105225,3.962794542312622,3.678710699081421,3.519252300262451,3.3490803241729736,3.0531198978424072,3.1625325679779053,3.1718952655792236,2.9525132179260254,3.123054265975952,3.0697596073150635,3.2541303634643555,3.486884117126465,3.9535651206970215,4.056824684143066,3.7320239543914795,3.683239459991455,3.3797402381896973,3.102520704269409,2.9694130420684814,2.6108407974243164,2.666377305984497,2.5125067234039307,2.257659673690796,2.2084872722625732,1.9766910076141357,2.18345046043396,2.1999762058258057
A6,1.5139529705047607,1.1982280015945435,0.9142255783081055,0.6217126250267029,0.3932048976421356,0.0,0.398624986410141,0.6345861554145813,0.9811551570892334,1.216178297996521,1.5570791959762573,1.828262448310852,2.183884620666504,2.4578311443328857,2.8021998405456543,2.7791435718536377,2.7188456058502197,2.3396952152252197,2.1972692012786865,1.8213869333267212,1.5250037908554077,1.2661994695663452,1.1841124296188354,1.202199935913086,1.5639199018478394,1.7475181818008423,2.068169593811035,2.3732681274414062,2.6812615394592285,3.0301380157470703,3.2179927825927734,3.2059407234191895,2.875464916229248,2.7827868461608887,2.5230484008789062,2.172560691833496,2.0828697681427,1.8041484355926514,1.8856713771820068,2.1050145626068115,2.046926736831665,2.325566291809082,2.554903745651245,2.847606897354126,3.200279474258423,3.7783939838409424,3.7920033931732178,3.5099308490753174,3.588092088699341,3.3106536865234375,3.1643412113189697,3.011547803878784,2.7250280380249023,2.8623430728912354,2.874180793762207,2.6778063774108887,2.8443710803985596,2.8199141025543213,2.9967904090881348,3.2565290927886963,3.7327373027801514,3.853947639465332,3.5275814533233643,3.5158417224884033,3.2181475162506104,2.9620280265808105,2.8653738498687744,2.521794080734253,2.632185935974121,2.5120248794555664,2.269597291946411,2.286846876144409,2.083402156829834,2.338489055633545,2.3840858936309814
A7,1.8283164501190186,1.4976004362106323,1.2050788402557373,0.958171010017395,0.6188388466835022,0.398624986410141,0.0,0.38676586747169495,0.6247809529304504,0.9255298376083374,1.2255728244781494,1.5356502532958984,1.8630396127700806,2.1624064445495605,2.4969091415405273,2.6424715518951416,2.632200241088867,2.2579076290130615,2.1783242225646973,1.7973759174346924,1.5020686388015747,1.1761239767074585,1.0345065593719482,0.9333435297012329,1.3059252500534058,1.435688853263855,1.7812262773513794,2.061990976333618,2.3831114768981934,2.728081464767456,3.0797970294952393,3.106518030166626,2.8037445545196533,2.75166654586792,2.509064197540283,2.1336681842803955,2.0621886253356934,1.7391897439956665,1.7994909286499023,1.9524526596069336,1.8329871892929077,2.0856575965881348,2.2787961959838867,2.557570695877075,2.9063329696655273,3.6208109855651855,3.671344041824341,3.4181816577911377,3.5157880783081055,3.266152858734131,3.098019599914551,2.9768455028533936,2.6643576622009277,2.7956817150115967,2.7561516761779785,2.5329627990722656,2.654215097427368,2.5919902324676514,2.734402894973755,2.9839837551116943,3.5678927898406982,3.719494104385376,3.4157211780548096,3.416250228881836,3.1513214111328125,2.8736014366149902,2.8160078525543213,2.4631078243255615,2.592015266418457,2.442157030105591,2.1690468788146973,2.217949151992798,1.9845614433288574,2.238640069961548,2.2484450340270996
A8,2.127410650253296,1.8189767599105835,1.5092600584030151,1.2532979249954224,0.9564641118049622,0.6345861554145813,0.38676586747169495,0.0,0.4029787480831146,0.5867787599563599,0.9292384386062622,1.2025132179260254,1.5540481805801392,1.8388655185699463,2.1844773292541504,2.3046629428863525,2.3012266159057617,1.9265378713607788,1.8651041984558105,1.4934759140014648,1.1811689138412476,0.8528693914413452,0.6556480526924133,0.5780453681945801,0.940638542175293,1.1173352003097534,1.437751293182373,1.745816946029663,2.0488698482513428,2.3999783992767334,2.693957805633545,2.7261786460876465,2.4285659790039062,2.393641948699951,2.16928768157959,1.7919368743896484,1.7591968774795532,1.4381178617477417,1.5445696115493774,1.6785095930099487,1.5814586877822876,1.8012573719024658,2.0263211727142334,2.28021502494812,2.6417770385742188,3.296222448348999,3.3438878059387207,3.097456216812134,3.221040964126587,2.9928107261657715,2.8472740650177,2.7643065452575684,2.4669244289398193,2.637976884841919,2.5899651050567627,2.3963639736175537,2.4939639568328857,2.459346055984497,2.5724568367004395,2.8522775173187256,3.481584310531616,3.6607484817504883,3.363910436630249,3.4090800285339355,3.1604628562927246,2.906933069229126,2.8939173221588135,2.5630011558532715,2.7412514686584473,2.6202898025512695,2.360891342163086,2.4628729820251465,2.251842975616455,2.529161214828491,2.548596143722534
A9,2.444788694381714,2.1209824085235596,1.8167275190353394,1.5786529779434204,1.2403087615966797,0.9811551570892334,0.6247809529304504,0.4029787480831146,0.0,0.39930617809295654,0.6126683950424194,0.9620745778083801,1.2567144632339478,1.585158109664917,1.9140068292617798,2.2721033096313477,2.3302109241485596,1.975772500038147,1.9896550178527832,1.6372021436691284,1.3523329496383667,0.9963608384132385,0.7427558302879333,0.44859597086906433,0.7680217027664185,0.8258841633796692,1.186195731163025,1.4479976892471313,1.7734224796295166,2.114625930786133,2.6263983249664307,2.7027840614318848,2.44663667678833,2.4562292098999023,2.254457712173462,1.8648399114608765,1.8463841676712036,1.4928982257843018,1.557470679283142,1.5984280109405518,1.4212700128555298,1.5971062183380127,1.766054391860962,1.999617099761963,2.352614164352417,3.1736483573913574,3.2652366161346436,3.0558815002441406,3.195340156555176,3.000351667404175,2.829355478286743,2.7797532081604004,2.4595787525177,2.615173101425171,2.5104362964630127,2.2897751331329346,2.3315205574035645,2.2519378662109375,2.3205833435058594,2.5846383571624756,3.328483819961548,3.537754535675049,3.2697410583496094,3.3261263370513916,3.1163060665130615,2.845489978790283,2.872530221939087,2.541656017303467,2.7331082820892334,2.5877795219421387,2.3087925910949707,2.4405059814453125,2.2128937244415283,2.48115873336792,2.47006893157959
A10,2.6782124042510986,2.3836636543273926,2.0548908710479736,1.8290579319000244,1.5150141716003418,1.216178297996521,0.9255298376083374,0.5867787599563599,0.39930617809295654,0.0,0.383262574672699,0.6167837381362915,0.9719626903533936,1.2545682191848755,1.6002525091171265,1.8831229209899902,1.9509457349777222,1.6046195030212402,1.6509023904800415,1.3226953744888306,1.062362790107727,0.7243258357048035,0.46691009402275085,0.08164477348327637,0.41193968057632446,0.5937097668647766,0.8889346122741699,1.2142828702926636,1.487841248512268,1.84922456741333,2.2708022594451904,2.3654394149780273,2.1167447566986084,2.163412094116211,2.0061824321746826,1.6324952840805054,1.690845251083374,1.3698596954345703,1.5101587772369385,1.5232375860214233,1.389111042022705,1.4918123483657837,1.6986603736877441,1.8735593557357788,2.240612030029297,2.9733004570007324,3.0572662353515625,2.858767509460449,3.0384817123413086,2.8748092651367188,2.7447688579559326,2.7436060905456543,2.4548678398132324,2.6574997901916504,2.5517215728759766,2.374194860458374,2.3884589672088623,2.3430569171905518,2.3700320720672607,2.662276029586792,3.4488449096679688,3.6822750568389893,3.422685384750366,3.5199975967407227,3.323350191116333,3.080200672149658,3.1375527381896973,2.828516721725464,3.0496363639831543,2.928130865097046,2.663036584854126,2.8165292739868164,2.6012985706329346,2.8753111362457275,2.8633909225463867
A11,3.0165934562683105,2.7106356620788574,2.387538433074951,2.1656923294067383,1.8319170475006104,1.5570791959762573,1.2255728244781494,0.9292384386062622,0.6126683950424194,0.383262574672699,0.0,0.39873984456062317,0.645090639591217,0.9897264838218689,1.3138302564620972,1.8817846775054932,2.0148468017578125,1.708536982536316,1.8289941549301147,1.545665979385376,1.3301383256912231,1.0270359516143799,0.7825051546096802,0.4418439567089081,0.3964386582374573,0.3099556863307953,0.6297009587287903,0.8936169147491455,1.183630347251892,1.5346249341964722,2.193655252456665,2.334866523742676,2.139589786529541,2.2323741912841797,2.10571551322937,1.7395133972167969,1.8128669261932373,1.486274003982544,1.586128830909729,1.503311038017273,1.3054983615875244,1.3295292854309082,1.4723783731460571,1.5996887683868408,1.955073356628418,2.837846040725708,2.9649126529693604,2.8091940879821777,3.006632089614868,2.8827567100524902,2.736438512802124,2.7740159034729004,2.47613787651062,2.667081594467163,2.5112342834472656,2.3226377964019775,2.2768497467041016,2.198045253753662,2.168182849884033,2.446518898010254,3.339252471923828,3.6025426387786865,3.374594211578369,3.489647150039673,3.332921028137207,3.085439682006836,3.182734727859497,2.884871006011963,3.1199440956115723,2.9877357482910156,2.7173571586608887,2.898414373397827,2.6809463500976562,2.9460904598236084,2.914842367172241
A12,3.265620470046997,2.984829902648926,2.6442601680755615,2.4370105266571045,2.120058059692383,1.828262448310852,1.5356502532958984,1.2025132179260254,0.9620745778083801,0.6167837381362915,0.39873984456062317,0.0,0.40147554874420166,0.6417123079299927,0.9913814067840576,1.5157692432403564,1.6791027784347534,1.4070618152618408,1.5856858491897583,1.3620182275772095,1.2172319889068604,0.9912112951278687,0.8317294120788574,0.6296993494033813,0.38307636976242065,0.4169234335422516,0.44018998742103577,0.7705777287483215,0.9396483302116394,1.3137680292129517,1.8869956731796265,2.063246726989746,1.8924216032028198,2.0397512912750244,1.9777721166610718,1.651450753211975,1.8072282075881958,1.5373555421829224,1.6995859146118164,1.5928775072097778,1.450295090675354,1.3884836435317993,1.5532951354980469,1.5945147275924683,1.9467953443527222,2.722158432006836,2.8428425788879395,2.7073652744293213,2.9479715824127197,2.8631856441497803,2.7624154090881348,2.8484818935394287,2.5882139205932617,2.817091464996338,2.6638898849487305,2.518707036972046,2.4490339756011963,2.402141571044922,2.332528591156006,2.626599073410034,3.5445210933685303,3.825960159301758,3.6083366870880127,3.7557661533355713,3.610543966293335,3.3871469497680664,3.5042779445648193,3.2235140800476074,3.4761550426483154,3.3604555130004883,3.0996716022491455,3.289875030517578,3.0780773162841797,3.344827890396118,3.310330867767334
A13,3.6235153675079346,3.3329710960388184,2.9967575073242188,2.791804552078247,2.4593915939331055,2.183884620666504,1.8630396127700806,1.5540481805801392,1.2567144632339478,0.9719626903533936,0.645090639591217,0.40147554874420166,0.0,0.4028318524360657,0.6881759166717529,1.6162490844726562,1.8444114923477173,1.6355631351470947,1.8712704181671143,1.6968730688095093,1.5891597270965576,1.3864216804504395,1.2268251180648804,1.0011296272277832,0.7324497103691101,0.5640273094177246,0.42638880014419556,0.5411799550056458,0.6495171785354614,1.0009734630584717,1.8849257230758667,2.1128480434417725,2.011505365371704,2.2027018070220947,2.1751224994659424,1.872418999671936,2.0330898761749268,1.7716525793075562,1.8920304775238037,1.7082613706588745,1.5222615003585815,1.3740168809890747,1.4525277614593506,1.4080450534820557,1.72576904296875,2.6470260620117188,2.813413143157959,2.7302353382110596,2.987290859222412,2.9477500915527344,2.835763692855835,2.959900379180908,2.698946714401245,2.9126553535461426,2.7157161235809326,2.5668041706085205,2.43845534324646,2.3620355129241943,2.2294833660125732,2.4996066093444824,3.51151704788208,3.8198859691619873,3.637423038482666,3.8012871742248535,3.6962389945983887,3.472895622253418,3.624765157699585,3.3579602241516113,3.6191439628601074,3.4954476356506348,3.2337512969970703,3.443969964981079,3.2325236797332764,3.487478256225586,3.4358482360839844
A14,3.8601930141448975,3.593998670578003,3.2426812648773193,3.0581603050231934,2.736243724822998,2.4578311443328857,2.1624064445495605,1.8388655185699463,1.585158109664917,1.2545682191848755,0.9897264838218689,0.6417123079299927,0.4028318524360657,0.0,0.35772666335105896,1.3204412460327148,1.5944938659667969,1.4564073085784912,1.7506026029586792,1.6501132249832153,1.6271640062332153,1.492699384689331,1.4174927473068237,1.2661279439926147,0.9859750866889954,0.9233897924423218,0.6803061366081238,0.7738150358200073,0.6462446451187134,0.9624634981155396,1.7204196453094482,1.9922269582748413,1.9278674125671387,2.174109697341919,2.215561628341675,1.9650055170059204,2.1897053718566895,1.9821134805679321,2.1488969326019287,1.966942310333252,1.8302544355392456,1.6404880285263062,1.7317578792572021,1.6168605089187622,1.9064193964004517,2.695265531539917,2.851496458053589,2.7915525436401367,3.085609197616577,3.0817229747772217,3.0140838623046875,3.1735808849334717,2.9471445083618164,3.187598943710327,2.999441623687744,2.8833718299865723,2.74463152885437,2.6916067600250244,2.5355255603790283,2.808577537536621,3.8265953063964844,4.14471435546875,3.9694442749023438,4.152538776397705,4.05241060256958,3.843986749649048,4.002738952636719,3.743077278137207,4.010491847991943,3.8933868408203125,3.6335957050323486,3.841062068939209,3.626025438308716,3.877730131149292,3.81683611869812
A15,4.190199851989746,3.926265239715576,3.572628974914551,3.398421287536621,3.069066047668457,2.8021998405456543,2.4969091415405273,2.1844773292541504,1.9140068292617798,1.6002525091171265,1.3138302564620972,0.9913814067840576,0.6881759166717529,0.35772666335105896,0.0,1.420120358467102,1.7365652322769165,1.668782114982605,1.9961979389190674,1.93873929977417,1.952519178390503,1.8342199325561523,1.7743967771530151,1.6162010431289673,1.3389543294906616,1.2393895387649536,0.9796136617660522,0.953940749168396,0.7118180990219116,0.9066286683082581,1.8028309345245361,2.114548444747925,2.108436107635498,2.3889753818511963,2.4675068855285645,2.2468535900115967,2.4835193157196045,2.2923574447631836,2.4465463161468506,2.233020067214966,2.0864810943603516,1.8537774085998535,1.8933472633361816,1.710720419883728,1.9481087923049927,2.774409770965576,2.9552626609802246,2.9385595321655273,3.2492034435272217,3.283156156539917,3.2217259407043457,3.4097065925598145,3.1930322647094727,3.4279160499572754,3.2187254428863525,3.107832431793213,2.9349164962768555,2.86822509765625,2.6706769466400146,2.920368194580078,3.9892020225524902,4.323850154876709,4.173670291900635,4.368210315704346,4.293447017669678,4.087408542633057,4.2650556564331055,4.013747215270996,4.283520698547363,4.160398483276367,3.8989837169647217,4.112444877624512,3.893770694732666,4.133555889129639,4.05602502822876
B1,3.9453117847442627,3.7845022678375244,3.4160714149475098,3.2906737327575684,3.0667037963867188,2.7791435718536377,2.6424715518951416,2.3046629428863525,2.2721033096313477,1.8831229209899902,1.8817846775054932,1.5157692432403564,1.6162490844726562,1.3204412460327148,1.420120358467102,0.0,0.35387519001960754,0.5489278435707092,0.9058002829551697,1.1080708503723145,1.3690088987350464,1.5186610221862793,1.7118992805480957,1.8383431434631348,1.6608721017837524,1.8837859630584717,1.6680642366409302,1.9238866567611694,1.738107442855835,1.9863401651382446,1.5698391199111938,1.7741029262542725,1.6610362529754639,1.9338651895523071,2.1152098178863525,2.029144763946533,2.3832478523254395,2.343775987625122,2.6618359088897705,2.6214101314544678,2.6608035564422607,2.5283751487731934,2.76231050491333,2.6739907264709473,2.9728174209594727,3.1541428565979004,3.169602870941162,3.057753801345825,3.389657974243164,3.384131669998169,3.4592578411102295,3.6245195865631104,3.5010743141174316,3.822350263595581,3.743000030517578,3.7144250869750977,3.65797758102417,3.7078351974487305,3.6135263442993164,3.9378249645233154,4.786404609680176,5.07247257232666,4.848680019378662,5.0474443435668945,4.885941505432129,4.721319198608398,4.834165573120117,4.577003002166748,4.844017028808594,4.766754627227783,4.52400541305542,4.6938581466674805,4.483572959899902,4.7507004737854,4.711211204528809
B2,3.8133604526519775,3.676469087600708,3.3153645992279053,3.1963775157928467,3.0082297325134277,2.7188456058502197,2.632200241088867,2.3012266159057617,2.3302109241485596,1.9509457349777222,2.0148468017578125,1.6791027784347534,1.8444114923477173,1.5944938659667969,1.7365652322769165,0.35387519001960754,0.0,0.3823208808898926,0.6463394165039062,0.9372200965881348,1.244117259979248,1.4673513174057007,1.7032743692398071,1.894823431968689,1.755678653717041,2.02842378616333,1.8444366455078125,2.137442111968994,1.988356590270996,2.250581979751587,1.6403357982635498,1.7780767679214478,1.6150139570236206,1.8448742628097534,2.0236282348632812,1.9660518169403076,2.323410749435425,2.31805157661438,2.660614013671875,2.6686384677886963,2.746373414993286,2.6498873233795166,2.919455051422119,2.8654110431671143,3.177863597869873,3.244960308074951,3.2211074829101562,3.076531410217285,3.3951823711395264,3.3660647869110107,3.463871955871582,3.6093363761901855,3.5046956539154053,3.836926221847534,3.791736602783203,3.7781941890716553,3.754911184310913,3.828765392303467,3.7657597064971924,4.103187084197998,4.884984493255615,5.153162956237793,4.910565376281738,5.104188919067383,4.920448303222656,4.7664103507995605,4.859837532043457,4.604207992553711,4.8669610023498535,4.803524494171143,4.570379257202148,4.729321002960205,4.5277180671691895,4.8016037940979,4.778317451477051
B3,3.4668893814086914,3.3160598278045654,2.956865072250366,2.8249318599700928,2.635746955871582,2.3396952152252197,2.2579076290130615,1.9265378713607788,1.975772500038147,1.6046195030212402,1.708536982536316,1.4070618152618408,1.6355631351470947,1.4564073085784912,1.668782114982605,0.5489278435707092,0.3823208808898926,0.0,0.37457922101020813,0.5756564140319824,0.8665222525596619,1.0879961252212524,1.33195960521698,1.5437180995941162,1.4363733530044556,1.740206241607666,1.604423999786377,1.9369970560073853,1.8547881841659546,2.1574103832244873,1.6535096168518066,1.7632468938827515,1.5389493703842163,1.7217071056365967,1.8341009616851807,1.7195897102355957,2.0510849952697754,2.0136783123016357,2.3552398681640625,2.3876442909240723,2.459022283554077,2.4009616374969482,2.685035467147827,2.6757946014404297,3.010120391845703,3.146150827407837,3.1257681846618652,2.951641798019409,3.2465484142303467,3.1805686950683594,3.2504639625549316,3.3648645877838135,3.237175464630127,3.5598044395446777,3.520639419555664,3.4900100231170654,3.486875057220459,3.5555248260498047,3.5181729793548584,3.8577358722686768,4.615835666656494,4.871914863586426,4.617080211639404,4.794395923614502,4.597827911376953,4.434992790222168,4.514309883117676,4.251217842102051,4.50628137588501,4.440980434417725,4.207927227020264,4.3605427742004395,4.161033630371094,4.437430381774902,4.422709941864014
B4,3.243107557296753,3.1141960620880127,2.7679829597473145,2.638317823410034,2.4935595989227295,2.1972692012786865,2.1783242225646973,1.8651041984558105,1.9896550178527832,1.6509023904800415,1.8289941549301147,1.5856858491897583,1.8712704181671143,1.7506026029586792,1.9961979389190674,0.9058002829551697,0.6463394165039062,0.37457922101020813,0.0,0.38464346528053284,0.7064353823661804,1.0184776782989502,1.298378825187683,1.579699158668518,1.5313241481781006,1.874666452407837,1.7887630462646484,2.147897481918335,2.114161729812622,2.4276843070983887,1.8113822937011719,1.8490116596221924,1.5681148767471313,1.6755130290985107,1.7504074573516846,1.6486743688583374,1.95926833152771,1.9489035606384277,2.3066301345825195,2.398908853530884,2.505678415298462,2.4973244667053223,2.8125710487365723,2.8480470180511475,3.1942946910858154,3.2443013191223145,3.188586473464966,2.9760079383850098,3.2442853450775146,3.1421096324920654,3.223737955093384,3.304602861404419,3.1897990703582764,3.5158519744873047,3.514364004135132,3.49359393119812,3.5305685997009277,3.6203739643096924,3.622016429901123,3.9705185890197754,4.648519039154053,4.880868434906006,4.60505485534668,4.770336151123047,4.548224925994873,4.3946123123168945,4.448485851287842,4.186697483062744,4.432763576507568,4.382001876831055,4.161224842071533,4.299386024475098,4.111860275268555,4.394111633300781,4.3997015953063965
B5,2.9096083641052246,2.761702060699463,2.4106156826019287,2.2751455307006836,2.1155128479003906,1.8213869333267212,1.7973759174346924,1.4934759140014648,1.6372021436691284,1.3226953744888306,1.545665979385376,1.3620182275772095,1.6968730688095093,1.6501132249832153,1.93873929977417,1.1080708503723145,0.9372200965881348,0.5756564140319824,0.38464346528053284,0.0,0.37112197279930115,0.648877739906311,0.9649147987365723,1.249808669090271,1.2696014642715454,1.6294666528701782,1.6140613555908203,1.996222734451294,2.029607057571411,2.3729066848754883,1.961112380027771,2.0002026557922363,1.6949269771575928,1.7657876014709473,1.7626103162765503,1.580852746963501,1.8398997783660889,1.7665737867355347,2.1059415340423584,2.215522527694702,2.291400909423828,2.323889970779419,2.6346328258514404,2.711291790008545,3.0724446773529053,3.255678415298462,3.2201523780822754,2.992152214050293,3.2356314659118652,3.1008522510528564,3.1391167640686035,3.186126232147217,3.0338501930236816,3.3389947414398193,3.331796884536743,3.2788784503936768,3.329223394393921,3.3972365856170654,3.418771982192993,3.759563684463501,4.438400745391846,4.661485195159912,4.377729415893555,4.519864559173584,4.2883195877075195,4.114798069000244,4.152720928192139,3.8754994869232178,4.107045650482178,4.0423197746276855,3.8130624294281006,3.9385015964508057,3.743116855621338,4.020000457763672,4.022645473480225
B6,2.7168710231781006,2.5343844890594482,2.1943130493164062,2.014216661453247,1.851274013519287,1.5250037908554077,1.5020686388015747,1.1811689138412476,1.3523329496383667,1.062362790107727,1.3301383256912231,1.2172319889068604,1.5891597270965576,1.6271640062332153,1.952519178390503,1.3690088987350464,1.244117259979248,0.8665222525596619,0.7064353823661804,0.37112197279930115,0.0,0.38907724618911743,0.6449794769287109,0.9830921292304993,1.033278465270996,1.4064289331436157,1.4449430704116821,1.8360555171966553,1.93468177318573,2.2864086627960205,1.9634562730789185,1.9762619733810425,1.6474074125289917,1.667017936706543,1.5891146659851074,1.348373293876648,1.5559815168380737,1.4462960958480835,1.7735111713409424,1.9074820280075073,1.9841442108154297,2.057631492614746,2.3795289993286133,2.499955654144287,2.868968963623047,3.085747241973877,3.054781913757324,2.807647705078125,3.022690534591675,2.858819007873535,2.8678293228149414,2.887601852416992,2.716238498687744,3.0092976093292236,3.0076069831848145,2.9448394775390625,3.0139496326446533,3.0842955112457275,3.131517171859741,3.4730257987976074,4.110640525817871,4.3224992752075195,4.031269073486328,4.16427755355835,3.9259588718414307,3.751704454421997,3.7844114303588867,3.5085623264312744,3.7417209148406982,3.684692621231079,3.4635989665985107,3.596583127975464,3.4153265953063965,3.704326868057251,3.72839093208313
B7,2.546254873275757,2.3320794105529785,1.9793976545333862,1.799923300743103,1.5804636478424072,1.2661994695663452,1.1761239767074585,0.8528693914413452,0.9963608384132385,0.7243258357048035,1.0270359516143799,0.9912112951278687,1.3864216804504395,1.492699384689331,1.8342199325561523,1.5186610221862793,1.4673513174057007,1.0879961252212524,1.0184776782989502,0.648877739906311,0.38907724618911743,0.0,0.38501909375190735,0.6496542096138,0.8089180588722229,1.1664143800735474,1.287840485572815,1.6782221794128418,1.8320329189300537,2.2014710903167725,2.1517882347106934,2.200773239135742,1.8932818174362183,1.9241068363189697,1.8115425109863281,1.5086746215820312,1.6597429513931274,1.4615408182144165,1.735555648803711,1.8464267253875732,1.8515889644622803,1.9457217454910278,2.232577323913574,2.3745782375335693,2.748455047607422,3.163130044937134,3.1718382835388184,2.9363627433776855,3.1389830112457275,2.966779947280884,2.924659013748169,2.9270548820495605,2.7084548473358154,2.9693963527679443,2.9369239807128906,2.827329397201538,2.8862757682800293,2.9123549461364746,2.958756446838379,3.281560182571411,3.971324920654297,4.185830593109131,3.899379014968872,4.0098090171813965,3.7764222621917725,3.5703699588775635,3.5973050594329834,3.2995266914367676,3.5166492462158203,3.4289543628692627,3.1859018802642822,3.3079144954681396,3.1039741039276123,3.3795623779296875,3.382046937942505
B8,2.6059646606445312,2.34505033493042,2.0151915550231934,1.7777076959609985,1.5361802577972412,1.1841124296188354,1.0345065593719482,0.6556480526924133,0.7427558302879333,0.46691009402275085,0.7825051546096802,0.8317294120788574,1.2268251180648804,1.4174927473068237,1.7743967771530151,1.7118992805480957,1.7032743692398071,1.33195960521698,1.298378825187683,0.9649147987365723,0.6449794769287109,0.38501909375190735,0.0,0.385997474193573,0.5335355997085571,0.8783507347106934,1.0509743690490723,1.4273990392684937,1.6423938274383545,2.004018545150757,2.0783865451812744,2.120499610900879,1.8240629434585571,1.8339687585830688,1.673356294631958,1.321110725402832,1.4162774085998535,1.1595213413238525,1.395249366760254,1.4906504154205322,1.4757163524627686,1.5929239988327026,1.8802465200424194,2.0544745922088623,2.429828405380249,2.9003515243530273,2.9280154705047607,2.693516731262207,2.8764753341674805,2.6961209774017334,2.6188039779663086,2.6138839721679688,2.3715076446533203,2.618251085281372,2.570129871368408,2.448981285095215,2.5054543018341064,2.528951406478882,2.5840957164764404,2.9079251289367676,3.5877652168273926,3.804673194885254,3.5223662853240967,3.636596918106079,3.412987470626831,3.207293748855591,3.2510263919830322,2.960689067840576,3.1943843364715576,3.115253210067749,2.8801538944244385,3.0318710803985596,2.8464763164520264,3.140521764755249,3.1652684211730957
B9,2.662395715713501,2.3737027645111084,2.042858123779297,1.8155471086502075,1.5119678974151611,1.202199935913086,0.9333435297012329,0.5780453681945801,0.44859597086906433,0.08164477348327637,0.4418439567089081,0.6296993494033813,1.0011296272277832,1.2661279439926147,1.6162010431289673,1.8383431434631348,1.894823431968689,1.5437180995941162,1.579699158668518,1.249808669090271,0.9830921292304993,0.6496542096138,0.385997474193573,0.0,0.3970874547958374,0.6286258697509766,0.9008194804191589,1.2411259412765503,1.503374695777893,1.8671438694000244,2.229979991912842,2.3174924850463867,2.0611023902893066,2.103680372238159,1.9472354650497437,1.5764720439910889,1.6425843238830566,1.3306841850280762,1.488368034362793,1.5146340131759644,1.4008361101150513,1.5050700902938843,1.727695107460022,1.9014068841934204,2.271092653274536,2.959174633026123,3.033862590789795,2.8295481204986572,3.011098861694336,2.8451969623565674,2.7244725227355957,2.723560094833374,2.442455291748047,2.65358829498291,2.557321071624756,2.389585256576538,2.410719633102417,2.3775830268859863,2.408764600753784,2.707324981689453,3.4773356914520264,3.7084884643554688,3.4448487758636475,3.5455150604248047,3.3440799713134766,3.107196807861328,3.162306070327759,2.8560147285461426,3.079549551010132,2.9651272296905518,2.7047410011291504,2.8576762676239014,2.646949291229248,2.9244625568389893,2.918372631072998
B10,3.0398435592651367,2.7505884170532227,2.425632953643799,2.1826024055480957,1.8926295042037964,1.5639199018478394,1.3059252500534058,0.940638542175293,0.7680217027664185,0.41193968057632446,0.3964386582374573,0.38307636976242065,0.7324497103691101,0.9859750866889954,1.3389543294906616,1.6608721017837524,1.755678653717041,1.4363733530044556,1.5313241481781006,1.2696014642715454,1.033278465270996,0.8089180588722229,0.5335355997085571,0.3970874547958374,0.0,0.37363970279693604,0.53099524974823,0.9000195860862732,1.1380513906478882,1.4997227191925049,1.8759455680847168,1.9867113828659058,1.7659938335418701,1.8474924564361572,1.7262924909591675,1.3686751127243042,1.4819262027740479,1.191996693611145,1.3642081022262573,1.3147131204605103,1.213574767112732,1.2320470809936523,1.4670722484588623,1.5893830060958862,1.9612666368484497,2.613903284072876,2.702319860458374,2.524014472961426,2.734071731567383,2.608067750930786,2.502656936645508,2.5540475845336914,2.2920191287994385,2.5269742012023926,2.407714366912842,2.271789073944092,2.2504799365997314,2.238901138305664,2.2256672382354736,2.541995048522949,3.3540923595428467,3.612499952316284,3.3694140911102295,3.51129150390625,3.3396828174591064,3.1283457279205322,3.2288527488708496,2.9519567489624023,3.21086049079895,3.1196975708007812,2.8768656253814697,3.0716609954833984,2.884434461593628,3.175412654876709,3.1811540126800537
B11,3.240044593811035,2.926518440246582,2.61560320854187,2.3658130168914795,2.05037522315979,1.7475181818008423,1.435688853263855,1.1173352003097534,0.8258841633796692,0.5937097668647766,0.3099556863307953,0.4169234335422516,0.5640273094177246,0.9233897924423218,1.2393895387649536,1.8837859630584717,2.02842378616333,1.740206241607666,1.874666452407837,1.6294666528701782,1.4064289331436157,1.1664143800735474,0.8783507347106934,0.6286258697509766,0.37363970279693604,0.0,0.3815542161464691,0.6314455270767212,0.9545576572418213,1.2924147844314575,1.9766113758087158,2.1176743507385254,1.9479902982711792,2.0464375019073486,1.9243779182434082,1.5656230449676514,1.639707088470459,1.3223552703857422,1.4062402248382568,1.2688918113708496,1.0715104341506958,1.0441306829452515,1.1978933811187744,1.3106058835983276,1.6732618808746338,2.533989429473877,2.671433687210083,2.5296003818511963,2.732485055923462,2.6282713413238525,2.4818077087402344,2.5465989112854004,2.2578182220458984,2.4584455490112305,2.2881667613983154,2.1214234828948975,2.0515549182891846,1.9941655397415161,1.9432018995285034,2.239928722381592,3.1372673511505127,3.415349245071411,3.1988208293914795,3.3430423736572266,3.2051329612731934,2.980626106262207,3.1100974082946777,2.8384482860565186,3.1025078296661377,2.996910333633423,2.7486844062805176,2.9657936096191406,2.778783082962036,3.062448501586914,3.0575759410858154
B12,3.5561695098876953,3.256221294403076,2.936627149581909,2.689347505569458,2.387127161026001,2.068169593811035,1.7812262773513794,1.437751293182373,1.186195731163025,0.8889346122741699,0.6297009587287903,0.44018998742103577,0.42638880014419556,0.6803061366081238,0.9796136617660522,1.6680642366409302,1.8444366455078125,1.604423999786377,1.7887630462646484,1.6140613555908203,1.4449430704116821,1.287840485572815,1.0509743690490723,0.9008194804191589,0.53099524974823,0.3815542161464691,0.0,0.39342963695526123,0.6156740188598633,0.9709522128105164,1.6459306478500366,1.8240329027175903,1.700468897819519,1.8531144857406616,1.7926669120788574,1.4793869256973267,1.622318148612976,1.367065191268921,1.488644003868103,1.3018001317977905,1.1589359045028687,1.0138252973556519,1.1751339435577393,1.181006908416748,1.5358790159225464,2.305828809738159,2.4498796463012695,2.3399503231048584,2.5842068195343018,2.529228925704956,2.4205586910247803,2.5429396629333496,2.2928268909454346,2.524275302886963,2.346897602081299,2.2274110317230225,2.121539831161499,2.0967350006103516,1.9965687990188599,2.305772542953491,3.2271134853363037,3.5267245769500732,3.3290457725524902,3.5107593536376953,3.394920825958252,3.1993649005889893,3.3582253456115723,3.1122326850891113,3.3976800441741943,3.312335968017578,3.0791351795196533,3.3144373893737793,3.1405608654022217,3.4283740520477295,3.426381826400757
B13,3.8708279132843018,3.5547845363616943,3.2468225955963135,2.992095947265625,2.6787421703338623,2.3732681274414062,2.061990976333618,1.745816946029663,1.4479976892471313,1.2142828702926636,0.8936169147491455,0.7705777287483215,0.5411799550056458,0.7738150358200073,0.953940749168396,1.9238866567611694,2.137442111968994,1.9369970560073853,2.147897481918335,1.996222734451294,1.8360555171966553,1.6782221794128418,1.4273990392684937,1.2411259412765503,0.9000195860862732,0.6314455270767212,0.39342963695526123,0.0,0.4024794399738312,0.6767747402191162,1.7225167751312256,1.929254412651062,1.8744808435440063,2.044945240020752,1.9975868463516235,1.707639217376709,1.8234943151474,1.574425220489502,1.6255240440368652,1.3574564456939697,1.15947687625885,0.9200868606567383,0.959603488445282,0.8735494613647461,1.200252652168274,2.1698834896087646,2.3686206340789795,2.312577962875366,2.5559957027435303,2.5416274070739746,2.4067201614379883,2.559889078140259,2.3048200607299805,2.507499933242798,2.2814581394195557,2.155661106109619,1.9868513345718384,1.9313058853149414,1.767293095588684,2.0537726879119873,3.05753755569458,3.3823368549346924,3.2221100330352783,3.42016339302063,3.3480734825134277,3.1564972400665283,3.3528361320495605,3.1277379989624023,3.423072338104248,3.3364923000335693,3.110809803009033,3.3713977336883545,3.2090492248535156,3.4898438453674316,3.4839606285095215
