,A1,A2,A3,A4,A5,A6,A7,A8,A9,A10,A11,A12,A13,A14,A15,B1,B2,B3,B4,B5,B6,B7,B8,B9,B10,B11,B12,B13,B14,B15,C1,C2,C3,C4,C5,C6,C7,C8,C9,C10,C11,C12,C13,C14,C15,D1,D2,D3,D4,D5,D6,D7,D8,D9,D10,D11,D12,D13,D14,D15,E1,E2,E3,E4,E5,E6,E7,E8,E9,E10,E11,E12,E13,E14,E15
A1,0.0,0.37738120555877686,0.5881844162940979,0.9100453853607178,1.2111179828643799,1.4282718896865845,1.7806740999221802,1.9330803155899048,2.3133928775787354,2.3831589221954346,2.734675168991089,2.6752982139587402,3.0059967041015625,2.994239091873169,3.281231164932251,2.31223201751709,2.102571487426758,1.906248927116394,1.5744588375091553,1.61668062210083,1.6776280403137207,1.878517508506775,2.1216933727264404,2.4256646633148193,2.585141658782959,2.943011999130249,2.987736463546753,3.3122100830078125,3.402618646621704,3.7262909412384033,2.9613125324249268,2.841059446334839,2.5919528007507324,2.4121205806732178,2.4342477321624756,2.3468892574310303,2.4700167179107666,2.5784168243408203,2.8065006732940674,2.9247281551361084,3.2412095069885254,3.3280062675476074,3.625845432281494,3.7684223651885986,4.076645851135254,3.533616542816162,3.499704599380493,3.2742607593536377,3.190725564956665,3.221984624862671,3.050785541534424,3.1948890686035156,3.1954331398010254,3.3605732917785645,3.4095706939697266,3.6891613006591797,3.7782328128814697,4.04240083694458,4.2286376953125,4.528257846832275,4.3417158126831055,4.414755344390869,4.173169136047363,4.199532985687256,4.275968551635742,4.098407745361328,4.32416296005249,4.094261169433594,4.356173038482666,4.205231666564941,4.474294662475586,4.4127960205078125,4.737493991851807,4.79644250869751,5.138000965118408
A2,0.37738120555877686,0.0,0.38875871896743774,0.6342332363128662,0.9347306489944458,1.210158348083496,1.5415284633636475,1.7537891864776611,2.117013454437256,2.2406506538391113,2.59818434715271,2.583843946456909,2.9323134422302246,2.963308811187744,3.275034189224243,2.3725008964538574,2.169069528579712,1.9176831245422363,1.5733616352081299,1.522112250328064,1.5434961318969727,1.6736598014831543,1.9360195398330688,2.2055294513702393,2.4089951515197754,2.772271156311035,2.8596737384796143,3.1958651542663574,3.324197292327881,3.6627986431121826,2.952760696411133,2.842477560043335,2.5550286769866943,2.364047050476074,2.3261003494262695,2.2013914585113525,2.2692956924438477,2.380129337310791,2.5756585597991943,2.7279140949249268,3.0461418628692627,3.1712377071380615,3.476158857345581,3.6520843505859375,3.968435287475586,3.4915263652801514,3.4667060375213623,3.209696054458618,3.1170148849487305,3.1039185523986816,2.897700786590576,3.0000827312469482,2.995441198348999,3.128596782684326,3.2012546062469482,3.4761533737182617,3.5977954864501953,3.863048791885376,4.077406883239746,4.380312919616699,4.254873275756836,4.337246894836426,4.074850082397461,4.096432209014893,4.140134334564209,3.936558485031128,4.1400532722473145,3.8940584659576416,4.1351318359375,3.984987735748291,4.245152950286865,4.199169635772705,4.518862247467041,4.591374397277832,4.941000461578369
A3,0.5881844162940979,0.38875871896743774,0.0,0.3872566819190979,0.6261072754859924,0.8620893955230713,1.197885513305664,1.3801084756851196,1.7497084140777588,1.8564337491989136,2.2129104137420654,2.196420192718506,2.5447731018066406,2.583242416381836,2.8981707096099854,2.0684032440185547,1.9005889892578125,1.61874258518219,1.3048356771469116,1.246791124343872,1.2063896656036377,1.3550719022750854,1.5833172798156738,1.863040566444397,2.04392671585083,2.4034905433654785,2.486137866973877,2.816890001296997,2.947613477706909,3.2832300662994385,2.657275438308716,2.5831353664398193,2.2941641807556152,2.1460328102111816,2.1100432872772217,1.9437922239303589,2.0177407264709473,2.083420515060425,2.2762949466705322,2.3982760906219482,2.7039458751678467,2.8187577724456787,3.1130716800689697,3.286182403564453,3.5954182147979736,3.19895339012146,3.2053310871124268,2.954577684402466,2.898460865020752,2.8887574672698975,2.667389154434204,2.773703098297119,2.7311854362487793,2.862987518310547,2.903186798095703,3.162553071975708,3.2699365615844727,3.5213332176208496,3.729546308517456,4.023508548736572,3.972717046737671,4.0799970626831055,3.8302760124206543,3.8816072940826416,3.918327569961548,3.7274296283721924,3.9181416034698486,3.6573548316955566,3.893803834915161,3.7187039852142334,3.9653189182281494,3.895036220550537,4.206178188323975,4.259655952453613,4.600934982299805
A4,0.9100453853607178,0.6342332363128662,0.3872566819190979,0.0,0.39697179198265076,0.6106156706809998,0.9536209106445312,1.1869615316390991,1.538986325263977,1.7043589353561401,2.071753978729248,2.121368408203125,2.473687171936035,2.5675575733184814,2.8883750438690186,2.239837646484375,2.115443706512451,1.7937166690826416,1.5172771215438843,1.3918538093566895,1.2505946159362793,1.3098115921020508,1.499632716178894,1.7191212177276611,1.9299976825714111,2.2795989513397217,2.4149117469787598,2.738515615463257,2.912935733795166,3.2468316555023193,2.7927231788635254,2.7561116218566895,2.4472124576568604,2.322465658187866,2.238243818283081,2.012723445892334,2.0211567878723145,2.0454905033111572,2.1775362491607666,2.3122007846832275,2.5940628051757812,2.747472047805786,3.0266027450561523,3.233412981033325,3.532482624053955,3.304799795150757,3.342825412750244,3.076165199279785,3.0367441177368164,2.989319324493408,2.727102518081665,2.785198926925659,2.707810878753662,2.789956569671631,2.8320436477661133,3.061645269393921,3.197544813156128,3.427125930786133,3.6619906425476074,3.942349433898926,4.041579723358154,4.1749749183654785,3.9180588722229004,3.9829142093658447,3.9835500717163086,3.7748069763183594,3.9305613040924072,3.6427347660064697,3.8460581302642822,3.6529223918914795,3.8713436126708984,3.7983925342559814,4.08866548538208,4.135841369628906,4.474255084991455
A5,1.2111179828643799,0.9347306489944458,0.6261072754859924,0.39697179198265076,0.0,0.3905273973941803,0.6209442615509033,0.9031782746315002,1.2232670783996582,1.4173084497451782,1.7699971199035645,1.8372479677200317,2.200378656387329,2.3178231716156006,2.660815477371216,2.061563730239868,1.954405665397644,1.5979478359222412,1.3511579036712646,1.1510204076766968,0.9489960670471191,0.9398290514945984,1.1283464431762695,1.331311821937561,1.5645753145217896,1.9182285070419312,2.0721795558929443,2.405728578567505,2.599759340286255,2.9458866119384766,2.526237726211548,2.5089540481567383,2.1813814640045166,2.0743796825408936,1.9538663625717163,1.6886218786239624,1.6655153036117554,1.6668120622634888,1.783398151397705,1.923771619796753,2.2072901725769043,2.375217914581299,2.6611006259918213,2.8833279609680176,3.1906044483184814,3.0011208057403564,3.054194927215576,2.7740564346313477,2.74651837348938,2.6756880283355713,2.3916077613830566,2.4305222034454346,2.3326478004455566,2.4027907848358154,2.4409871101379395,2.6667544841766357,2.810466766357422,3.0419368743896484,3.2864162921905518,3.5707712173461914,3.702152729034424,3.847818374633789,3.5868875980377197,3.6619760990142822,3.6430320739746094,3.4311513900756836,3.570286989212036,3.271812915802002,3.46600604057312,3.264382839202881,3.4770193099975586,3.402824640274048,3.6925132274627686,3.743917942047119,4.085884094238281
A6,1.4282718896865845,1.210158348083496,0.8620893955230713,0.6106156706809998,0.3905273973941803,0.0,0.3955378532409668,0.5826692581176758,0.9343312382698059,1.1096631288528442,1.4781404733657837,1.5702965259552002,1.9198858737945557,2.0620059967041016,2.388242483139038,1.9917421340942383,1.9550457000732422,1.5966860055923462,1.431605577468872,1.276246190071106,0.9794323444366455,0.9906228184700012,1.0415279865264893,1.222150206565857,1.3955525159835815,1.7230020761489868,1.8801162242889404,2.184669256210327,2.386901617050171,2.7113711833953857,2.497429847717285,2.5369327068328857,2.2330334186553955,2.193300485610962,2.0956451892852783,1.7933367490768433,1.7773525714874268,1.6937617063522339,1.7784961462020874,1.8546783924102783,2.090898275375366,2.2430953979492188,2.4906954765319824,2.7080304622650146,2.9873251914978027,2.977867364883423,3.0775604248046875,2.822338819503784,2.847773790359497,2.791191577911377,2.499554395675659,2.54046630859375,2.386795997619629,2.440859317779541,2.4242167472839355,2.606113910675049,2.727484703063965,2.9192166328430176,3.153378963470459,3.4101779460906982,3.694545269012451,3.874753952026367,3.639589548110962,3.7537286281585693,3.7294468879699707,3.538510322570801,3.657238245010376,3.3419229984283447,3.52051043510437,3.2827460765838623,3.463372230529785,3.34914231300354,3.613156795501709,3.625356912612915,3.946636438369751
A7,1.7806740999221802,1.5415284633636475,1.197885513305664,0.9536209106445312,0.6209442615509033,0.3955378532409668,0.0,0.381473571062088,0.6166799068450928,0.8784214854240417,1.217157006263733,1.3687492609024048,1.7212913036346436,1.9128811359405518,2.2574734687805176,1.9919309616088867,1.985209345817566,1.6071207523345947,1.4957022666931152,1.275006890296936,0.9195531606674194,0.8038449883460999,0.7739763855934143,0.8672413229942322,1.0744471549987793,1.3915629386901855,1.5983936786651611,1.9046682119369507,2.147217035293579,2.4796462059020996,2.3759937286376953,2.446317672729492,2.129476308822632,2.1176598072052,1.9754873514175415,1.6278671026229858,1.5541555881500244,1.417470097541809,1.4449024200439453,1.5214424133300781,1.7379342317581177,1.9227200746536255,2.1662280559539795,2.414097309112549,2.6953015327453613,2.795462131500244,2.9195821285247803,2.651737689971924,2.6948769092559814,2.6045055389404297,2.285024881362915,2.2872447967529297,2.0976216793060303,2.1152877807617188,2.08943510055542,2.2476553916931152,2.3871266841888428,2.567999839782715,2.8221659660339355,3.0758063793182373,3.451258659362793,3.651003122329712,3.4126200675964355,3.5402581691741943,3.4846978187561035,3.2877655029296875,3.3753373622894287,3.0430164337158203,3.1970956325531006,2.9442508220672607,3.104620933532715,2.9865784645080566,3.2394373416900635,3.252232789993286,3.5750832557678223
A8,1.9330803155899048,1.7537891864776611,1.3801084756851196,1.1869615316390991,0.9031782746315002,0.5826692581176758,0.381473571062088,0.0,0.39195752143859863,0.5326619148254395,0.898206889629364,1.0341565608978271,1.3759067058563232,1.5696935653686523,1.8997546434402466,1.794901967048645,1.8540419340133667,1.4957536458969116,1.4708207845687866,1.3219866752624512,0.9338313937187195,0.9096691012382507,0.7344145178794861,0.849518358707428,0.9136235117912292,1.1967346668243408,1.3606539964675903,1.6365290880203247,1.8611503839492798,2.1725363731384277,2.22015380859375,2.3396005630493164,2.0620100498199463,2.116950750350952,2.0239126682281494,1.6733404397964478,1.6520565748214722,1.4501802921295166,1.4891371726989746,1.4668419361114502,1.6365890502929688,1.7647106647491455,1.9701426029205322,2.1865506172180176,2.4423563480377197,2.654590368270874,2.8165292739868164,2.5870614051818848,2.682612657546997,2.629103660583496,2.328136682510376,2.363887310028076,2.136009931564331,2.172485828399658,2.078179121017456,2.20375394821167,2.2900609970092773,2.4375076293945312,2.6573421955108643,2.8877153396606445,3.3449788093566895,3.569448709487915,3.365842819213867,3.5304853916168213,3.48984956741333,3.3292624950408936,3.415062189102173,3.0836172103881836,3.241809368133545,2.961552381515503,3.103983163833618,2.9405879974365234,3.1773841381073,3.1478493213653564,3.4470839500427246
A9,2.3133928775787354,2.117013454437256,1.7497084140777588,1.538986325263977,1.2232670783996582,0.9343312382698059,0.6166799068450928,0.39195752143859863,0.0,0.37878188490867615,0.6458650827407837,0.9036106467247009,1.2137315273284912,1.4817441701889038,1.8099991083145142,1.932603359222412,2.0315279960632324,1.679442048072815,1.7104229927062988,1.5296541452407837,1.1332095861434937,1.016602635383606,0.7347705960273743,0.6750404238700867,0.6967130303382874,0.9059011340141296,1.141180396080017,1.3872859477996826,1.6667636632919312,1.9685137271881104,2.230377674102783,2.3920514583587646,2.1198766231536865,2.212960720062256,2.088175058364868,1.7084718942642212,1.6343460083007812,1.3647361993789673,1.3180034160614014,1.2574489116668701,1.3579853773117065,1.514426589012146,1.684653401374817,1.9348082542419434,2.1738808155059814,2.588437795639038,2.786068916320801,2.557361364364624,2.6816208362579346,2.599604606628418,2.279019355773926,2.2734882831573486,1.998555064201355,1.9858520030975342,1.8608161211013794,1.9311351776123047,2.0263702869415283,2.1365110874176025,2.373490810394287,2.583843231201172,3.2042617797851562,3.4570658206939697,3.260899782180786,3.4474258422851562,3.3733882904052734,3.2146575450897217,3.25992751121521,2.911046266555786,3.0335302352905273,2.7290053367614746,2.832822322845459,2.6510813236236572,2.859992265701294,2.813678026199341,3.103496789932251
A10,2.3831589221954346,2.2406506538391113,1.8564337491989136,1.7043589353561401,1.4173084497451782,1.1096631288528442,0.8784214854240417,0.5326619148254395,0.37878188490867615,0.0,0.3747813105583191,0.5579246282577515,0.8686110973358154,1.1196792125701904,1.440345048904419,1.6829886436462402,1.8383785486221313,1.5231132507324219,1.6297898292541504,1.52606999874115,1.143183708190918,1.1334856748580933,0.8018404245376587,0.8318021297454834,0.6692841649055481,0.8239646553993225,0.9450414180755615,1.1581474542617798,1.3887884616851807,1.6730355024337769,2.024149179458618,2.223111629486084,1.9980683326721191,2.1467125415802,2.082488536834717,1.7256070375442505,1.7258883714675903,1.4330624341964722,1.4415485858917236,1.287347674369812,1.3570443391799927,1.4167875051498413,1.5533653497695923,1.7430589199066162,1.9617555141448975,2.4081356525421143,2.6311798095703125,2.4468231201171875,2.6142613887786865,2.581486701965332,2.2963452339172363,2.343327760696411,2.0570058822631836,2.0907974243164062,1.9075541496276855,1.9674639701843262,1.9898663759231567,2.079941749572754,2.2618443965911865,2.4563710689544678,3.076042890548706,3.3410186767578125,3.181288957595825,3.3962838649749756,3.352271795272827,3.2347025871276855,3.2955405712127686,2.9623870849609375,3.1060726642608643,2.7897632122039795,2.8939831256866455,2.6743195056915283,2.8797693252563477,2.797666549682617,3.0644431114196777
A11,2.734675168991089,2.59818434715271,2.2129104137420654,2.071753978729248,1.7699971199035645,1.4781404733657837,1.217157006263733,0.898206889629364,0.6458650827407837,0.3747813105583191,0.0,0.3870561420917511,0.5959182977676392,0.922612190246582,1.2262096405029297,1.7363991737365723,1.9403066635131836,1.661074161529541,1.8328630924224854,1.7366713285446167,1.3770638704299927,1.3469682931900024,0.9731814861297607,0.9204074740409851,0.6336184144020081,0.6046009659767151,0.6948938965797424,0.8272051215171814,1.0864940881729126,1.3476176261901855,1.9567828178405762,2.205843210220337,2.0159332752227783,2.2174394130706787,2.1572413444519043,1.8034048080444336,1.799147605895996,1.4592704772949219,1.4296187162399292,1.1937012672424316,1.1672534942626953,1.1782251596450806,1.2467057704925537,1.425835371017456,1.6137990951538086,2.2688910961151123,2.533241033554077,2.3766586780548096,2.5874252319335938,2.556183338165283,2.28118634223938,2.3211019039154053,1.9986821413040161,2.0180907249450684,1.7787455320358276,1.7803492546081543,1.7602860927581787,1.8001779317855835,1.9584999084472656,2.1238348484039307,2.88352632522583,3.1772170066833496,3.0456981658935547,3.2921502590179443,3.2361674308776855,3.14473819732666,3.1793229579925537,2.846036195755005,2.9702610969543457,2.6320273876190186,2.702739953994751,2.447054386138916,2.6246471405029297,2.5071921348571777,2.7503750324249268
A12,2.6752982139587402,2.583843946456909,2.196420192718506,2.121368408203125,1.8372479677200317,1.5702965259552002,1.3687492609024048,1.0341565608978271,0.9036106467247009,0.5579246282577515,0.3870561420917511,0.0,0.3696672320365906,0.5833357572555542,0.9326868057250977,1.3888866901397705,1.628692626953125,1.394319772720337,1.6263636350631714,1.599465250968933,1.2867484092712402,1.3512896299362183,0.9976780414581299,1.0626462697982788,0.7230508327484131,0.7260527014732361,0.6030072569847107,0.7422812581062317,0.875465989112854,1.153485894203186,1.646836519241333,1.9116463661193848,1.7651437520980835,2.0034093856811523,2.005596399307251,1.6935349702835083,1.7717050313949585,1.4521030187606812,1.5119301080703735,1.2376798391342163,1.248498797416687,1.1532549858093262,1.23776376247406,1.3250555992126465,1.5260204076766968,2.0069870948791504,2.2728543281555176,2.1541693210601807,2.3881518840789795,2.4110186100006104,2.181208372116089,2.285504102706909,1.9846957921981812,2.0736868381500244,1.8126752376556396,1.8524686098098755,1.7671226263046265,1.8327784538269043,1.9287225008010864,2.1084659099578857,2.7001054286956787,2.9835848808288574,2.8773066997528076,3.133479356765747,3.1206352710723877,3.064286231994629,3.1353020668029785,2.8304831981658936,2.9959444999694824,2.6703097820281982,2.7731730937957764,2.508653163909912,2.7110893726348877,2.5915298461914062,2.829077959060669
A13,3.0059967041015625,2.9323134422302246,2.5447731018066406,2.473687171936035,2.200378656387329,1.9198858737945557,1.7212913036346436,1.3759067058563232,1.2137315273284912,0.8686110973358154,0.5959182977676392,0.3696672320365906,0.0,0.3791011869907379,0.6427634358406067,1.5289288759231567,1.8206433057785034,1.6456886529922485,1.921769618988037,1.9270634651184082,1.6377261877059937,1.7070587873458862,1.3495495319366455,1.3765621185302734,1.0108354091644287,0.8880041241645813,0.6895691752433777,0.628074049949646,0.6811961531639099,0.8628847002983093,1.7249888181686401,2.0366783142089844,1.9495731592178345,2.2325685024261475,2.260172128677368,1.9698145389556885,2.05715012550354,1.7222825288772583,1.7605974674224854,1.4404523372650146,1.367714762687683,1.2014535665512085,1.177780032157898,1.188930869102478,1.3094515800476074,2.0274250507354736,2.333296537399292,2.266523599624634,2.543478488922119,2.5871849060058594,2.3836710453033447,2.493549108505249,2.1753437519073486,2.258066415786743,1.9543380737304688,1.9385852813720703,1.7968593835830688,1.796411395072937,1.8330543041229248,1.957463026046753,2.6848602294921875,2.9939565658569336,2.932478427886963,3.2211179733276367,3.211591958999634,3.1912550926208496,3.244962692260742,2.9503722190856934,3.10074520111084,2.7603113651275635,2.828822135925293,2.526923418045044,2.6915338039398193,2.523533582687378,2.716886043548584
A14,2.994239091873169,2.963308811187744,2.583242416381836,2.5675575733184814,2.3178231716156006,2.0620059967041016,1.9128811359405518,1.5696935653686523,1.4817441701889038,1.1196792125701904,0.922612190246582,0.5833357572555542,0.3791011869907379,0.0,0.38468992710113525,1.2723280191421509,1.6025623083114624,1.5001405477523804,1.822942852973938,1.8987046480178833,1.6681565046310425,1.8093490600585938,1.4904650449752808,1.5926220417022705,1.228795051574707,1.1533660888671875,0.8633720278739929,0.8117527365684509,0.6755312085151672,0.8200691342353821,1.510735273361206,1.8331419229507446,1.8068233728408813,2.118206262588501,2.2100608348846436,1.9727073907852173,2.128441572189331,1.8276596069335938,1.9336111545562744,1.6075323820114136,1.5741978883743286,1.343748927116394,1.338643193244934,1.2544889450073242,1.372139573097229,1.8586196899414062,2.1590774059295654,2.141737937927246,2.436156749725342,2.5358917713165283,2.382977247238159,2.549349784851074,2.2616772651672363,2.400946617126465,2.093027353286743,2.1132893562316895,1.9255672693252563,1.9505974054336548,1.928039312362671,2.0607497692108154,2.58931565284729,2.8813047409057617,2.8495519161224365,3.143068790435791,3.1787848472595215,3.1929738521575928,3.2819266319274902,3.019120216369629,3.205394983291626,2.883439064025879,2.9809882640838623,2.6798055171966553,2.8645200729370117,2.7005228996276855,2.8858814239501953
A15,3.281231164932251,3.275034189224243,2.8981707096099854,2.8883750438690186,2.660815477371216,2.388242483139038,2.2574734687805176,1.8997546434402466,1.8099991083145142,1.440345048904419,1.2262096405029297,0.9326868057250977,0.6427634358406067,0.38468992710113525,0.0,1.4917970895767212,1.8493708372116089,1.8035699129104614,2.1416683197021484,2.2526040077209473,2.0357649326324463,2.1912052631378174,1.8729848861694336,1.9651527404785156,1.5967137813568115,1.482508659362793,1.19217050075531,1.0461456775665283,0.8376356363296509,0.7993662357330322,1.7287366390228271,2.067936897277832,2.0972440242767334,2.4286372661590576,2.5490925312042236,2.333690881729126,2.5004897117614746,2.1991429328918457,2.2964513301849365,1.9562469720840454,1.8839391469955444,1.6257086992263794,1.550600528717041,1.399545431137085,1.4204851388931274,2.038980484008789,2.3560290336608887,2.3916656970977783,2.7101738452911377,2.8356025218963623,2.709385395050049,2.885289192199707,2.5951662063598633,2.7326884269714355,2.405731439590454,2.3935372829437256,2.1722285747528076,2.1488711833953857,2.071781873703003,2.1464834213256836,2.7427754402160645,3.044621706008911,3.0575406551361084,3.3714168071746826,3.420729160308838,3.4666171073913574,3.549494981765747,3.300931215286255,3.479240655899048,3.1523327827453613,3.2262582778930664,2.901829242706299,3.054124355316162,2.851902723312378,2.9915850162506104
B1,2.31223201751709,2.3725008964538574,2.0684032440185547,2.239837646484375,2.061563730239868,1.9917421340942383,1.9919309616088867,1.794901967048645,1.932603359222412,1.6829886436462402,1.7363991737365723,1.3888866901397705,1.5289288759231567,1.2723280191421509,1.4917970895767212,0.0,0.37225326895713806,0.543519914150238,0.9096736907958984,1.1902072429656982,1.2456361055374146,1.5705878734588623,1.5063209533691406,1.82224440574646,1.629082202911377,1.7971223592758179,1.5327248573303223,1.7294539213180542,1.5761699676513672,1.8261668682098389,0.8962745070457458,0.9807603359222412,1.001283049583435,1.2303837537765503,1.498962640762329,1.4618231058120728,1.8030704259872437,1.7198048830032349,2.034281015396118,1.8512619733810425,2.048712968826294,1.854698657989502,2.0634167194366455,1.9863300323486328,2.245213031768799,1.5339553356170654,1.6218833923339844,1.600033164024353,1.7760075330734253,1.996111512184143,1.9623414278030396,2.2719838619232178,2.161245107650757,2.4528465270996094,2.2690939903259277,2.4850947856903076,2.3324124813079834,2.5422732830047607,2.532228946685791,2.7920327186584473,2.4735119342803955,2.6122825145721436,2.5329270362854004,2.7201902866363525,2.8769469261169434,2.8918955326080322,3.121272087097168,2.942702054977417,3.2488534450531006,3.0365641117095947,3.27897310256958,3.0863208770751953,3.3900365829467773,3.3525307178497314,3.614121913909912
B2,2.102571487426758,2.169069528579712,1.9005889892578125,2.115443706512451,1.954405665397644,1.9550457000732422,1.985209345817566,1.8540419340133667,2.0315279960632324,1.8383785486221313,1.9403066635131836,1.628692626953125,1.8206433057785034,1.6025623083114624,1.8493708372116089,0.37225326895713806,0.0,0.38677898049354553,0.6609489917755127,0.9823518991470337,1.149122953414917,1.489190936088562,1.5176053047180176,1.8606401681900024,1.7380181550979614,1.9565197229385376,1.7346059083938599,1.9783614873886108,1.861713171005249,2.141213893890381,0.966661274433136,0.904466450214386,0.8685819506645203,0.9927027821540833,1.289508581161499,1.3159430027008057,1.683186650276184,1.6791428327560425,2.027970790863037,1.9088876247406006,2.159607410430908,2.0068907737731934,2.2620205879211426,2.2183170318603516,2.5087902545928955,1.6025097370147705,1.6075292825698853,1.540346622467041,1.6376218795776367,1.859408974647522,1.8420617580413818,2.1673171520233154,2.11466383934021,2.426736354827881,2.2970998287200928,2.558913230895996,2.4417576789855957,2.6937930583953857,2.7113711833953857,3.0006985664367676,2.52608060836792,2.6182470321655273,2.501171112060547,2.638887405395508,2.809246778488159,2.800764322280884,3.059652805328369,2.8972127437591553,3.2234740257263184,3.045262336730957,3.3207950592041016,3.1684443950653076,3.498121500015259,3.500386953353882,3.786627769470215
B3,1.906248927116394,1.9176831245422363,1.61874258518219,1.7937166690826416,1.5979478359222412,1.5966860055923462,1.6071207523345947,1.4957536458969116,1.679442048072815,1.5231132507324219,1.661074161529541,1.394319772720337,1.6456886529922485,1.5001405477523804,1.8035699129104614,0.543519914150238,0.38677898049354553,0.0,0.39011886715888977,0.64995276927948,0.7644118070602417,1.1108198165893555,1.1480904817581177,1.504153847694397,1.4178394079208374,1.6768672466278076,1.5108025074005127,1.7990822792053223,1.7543725967407227,2.0742130279541016,1.0733842849731445,1.0475162267684937,0.8689411282539368,0.9517544507980347,1.143935203552246,1.0712178945541382,1.4017722606658936,1.3808454275131226,1.718753457069397,1.6278620958328247,1.9014577865600586,1.802750587463379,2.082918643951416,2.100965976715088,2.4127142429351807,1.6794829368591309,1.7144315242767334,1.56999671459198,1.6505026817321777,1.796323299407959,1.700089931488037,1.9789080619812012,1.9001790285110474,2.1808226108551025,2.0684027671813965,2.333024263381958,2.2615623474121094,2.5198380947113037,2.5885472297668457,2.887600898742676,2.5643434524536133,2.6825342178344727,2.524662494659424,2.6597931385040283,2.7798798084259033,2.724806308746338,2.9569547176361084,2.7550694942474365,3.060197353363037,2.866255760192871,3.133417844772339,2.988722324371338,3.317816734313965,3.3290855884552,3.6328275203704834
B4,1.5744588375091553,1.5733616352081299,1.3048356771469116,1.5172771215438843,1.3511579036712646,1.431605577468872,1.4957022666931152,1.4708207845687866,1.7104229927062988,1.6297898292541504,1.8328630924224854,1.6263636350631714,1.921769618988037,1.822942852973938,2.1416683197021484,0.9096736907958984,0.6609489917755127,0.39011886715888977,0.0,0.3981786370277405,0.6431410908699036,0.999531626701355,1.1575298309326172,1.5296257734298706,1.5391924381256104,1.8496534824371338,1.7528690099716187,2.074080467224121,2.078279495239258,2.4155287742614746,1.3900867700576782,1.2896168231964111,1.0470221042633057,0.9786273241043091,1.1104782819747925,1.050492286682129,1.3507494926452637,1.4086027145385742,1.748996376991272,1.7419865131378174,2.0573337078094482,2.023123025894165,2.3323581218719482,2.3963963985443115,2.7244858741760254,1.962390422821045,1.9493328332901,1.754456639289856,1.7537802457809448,1.8578104972839355,1.7390623092651367,1.9918923377990723,1.958408236503601,2.2257888317108154,2.1773812770843506,2.471221446990967,2.4544873237609863,2.736699104309082,2.84639310836792,3.1612513065338135,2.8042657375335693,2.894479274749756,2.6960723400115967,2.784451961517334,2.8933584690093994,2.795536756515503,3.0373880863189697,2.8331315517425537,3.138643503189087,2.9689278602600098,3.253727436065674,3.1469578742980957,3.48925518989563,3.5319502353668213,3.857085704803467
B5,1.61668062210083,1.522112250328064,1.246791124343872,1.3918538093566895,1.1510204076766968,1.276246190071106,1.275006890296936,1.3219866752624512,1.5296541452407837,1.52606999874115,1.7366713285446167,1.599465250968933,1.9270634651184082,1.8987046480178833,2.2526040077209473,1.1902072429656982,0.9823518991470337,0.64995276927948,0.3981786370277405,0.0,0.3974049985408783,0.6592550277709961,0.9022039771080017,1.25071382522583,1.3395519256591797,1.6750212907791138,1.6472489833831787,1.9994564056396484,2.067265033721924,2.431913375854492,1.4853647947311401,1.3918203115463257,1.064394474029541,0.9417367577552795,0.9234480857849121,0.77606201171875,1.009137511253357,1.0981897115707397,1.4269903898239136,1.4848475456237793,1.8289010524749756,1.8587009906768799,2.1954293251037598,2.31598162651062,2.6649436950683594,1.9778881072998047,1.9683837890625,1.708067536354065,1.6741375923156738,1.6948168277740479,1.5100314617156982,1.707031011581421,1.6745256185531616,1.9129021167755127,1.9072569608688354,2.2149670124053955,2.2509303092956543,2.5502710342407227,2.7066924571990967,3.036017656326294,2.7384095191955566,2.8353657722473145,2.5963363647460938,2.668436288833618,2.729569911956787,2.586737871170044,2.805076837539673,2.5767571926116943,2.8638198375701904,2.698259115219116,2.9838809967041016,2.90409517288208,3.251157760620117,3.3210580348968506,3.665431261062622
B6,1.6776280403137207,1.5434961318969727,1.2063896656036377,1.2505946159362793,0.9489960670471191,0.9794323444366455,0.9195531606674194,0.9338313937187195,1.1332095861434937,1.143183708190918,1.3770638704299927,1.2867484092712402,1.6377261877059937,1.6681565046310425,2.0357649326324463,1.2456361055374146,1.149122953414917,0.7644118070602417,0.6431410908699036,0.3974049985408783,0.0,0.392627090215683,0.5544362664222717,0.9239346385002136,1.0140784978866577,1.3683104515075684,1.3872953653335571,1.7433971166610718,1.860233187675476,2.2268998622894287,1.580528736114502,1.5789061784744263,1.2574254274368286,1.226525068283081,1.1625081300735474,0.8887830972671509,1.0221582651138306,0.9858980178833008,1.2505204677581787,1.2821344137191772,1.6008514165878296,1.6603076457977295,1.9777178764343262,2.132108449935913,2.4675629138946533,2.0583856105804443,2.1182708740234375,1.8611905574798584,1.8845915794372559,1.8714241981506348,1.6296031475067139,1.769322395324707,1.6552711725234985,1.8354520797729492,1.7949528694152832,2.0583579540252686,2.1094167232513428,2.3739895820617676,2.553757429122925,2.8628926277160645,2.8040194511413574,2.950345277786255,2.720503568649292,2.830787420272827,2.8526647090911865,2.702573776245117,2.874760150909424,2.6050004959106445,2.853891134262085,2.6449191570281982,2.8906006813049316,2.7816357612609863,3.1028048992156982,3.144975423812866,3.481940984725952
B7,1.878517508506775,1.6736598014831543,1.3550719022750854,1.3098115921020508,0.9398290514945984,0.9906228184700012,0.8038449883460999,0.9096691012382507,1.016602635383606,1.1334856748580933,1.3469682931900024,1.3512896299362183,1.7070587873458862,1.8093490600585938,2.1912052631378174,1.5705878734588623,1.489190936088562,1.1108198165893555,0.999531626701355,0.6592550277709961,0.392627090215683,0.0,0.3825948238372803,0.6510061025619507,0.8706620931625366,1.231614589691162,1.3441712856292725,1.7118622064590454,1.8951960802078247,2.2735097408294678,1.7487876415252686,1.7589592933654785,1.404190182685852,1.354607343673706,1.1758968830108643,0.827180802822113,0.7991091012954712,0.7437524199485779,0.9405343532562256,1.05621337890625,1.3903405666351318,1.5325638055801392,1.8644514083862305,2.079397201538086,2.424511671066284,2.1313111782073975,2.200214385986328,1.9011601209640503,1.9062422513961792,1.813429355621338,1.5100637674331665,1.5645596981048584,1.430111289024353,1.5501823425292969,1.5513967275619507,1.8121967315673828,1.9256443977355957,2.196171283721924,2.4257771968841553,2.7409985065460205,2.7740070819854736,2.930703639984131,2.6715242862701416,2.7717442512512207,2.740886688232422,2.5512523651123047,2.6853058338165283,2.387944459915161,2.6037747859954834,2.3925814628601074,2.626509189605713,2.542177677154541,2.8595943450927734,2.9262726306915283,3.278761148452759
B8,2.1216933727264404,1.9360195398330688,1.5833172798156738,1.499632716178894,1.1283464431762695,1.0415279865264893,0.7739763855934143,0.7344145178794861,0.7347705960273743,0.8018404245376587,0.9731814861297607,0.9976780414581299,1.3495495319366455,1.4904650449752808,1.8729848861694336,1.5063209533691406,1.5176053047180176,1.1480904817581177,1.1575298309326172,0.9022039771080017,0.5544362664222717,0.3825948238372803,0.0,0.3803481459617615,0.5027700662612915,0.8711177706718445,0.9968354105949402,1.3572009801864624,1.5656806230545044,1.937423586845398,1.6729869842529297,1.7657328844070435,1.4486204385757446,1.499726414680481,1.3541338443756104,0.9765292406082153,0.9493743181228638,0.7285056710243225,0.8538469672203064,0.8472273349761963,1.125287413597107,1.2509214878082275,1.5517693758010864,1.772493839263916,2.0995640754699707,2.036663293838501,2.1707775592803955,1.9041762351989746,1.9830726385116577,1.9035381078720093,1.5959054231643677,1.6432079076766968,1.4252046346664429,1.5162895917892456,1.4320439100265503,1.632292628288269,1.7150505781173706,1.9420055150985718,2.1640918254852295,2.4552347660064697,2.6786506175994873,2.8809423446655273,2.6541361808776855,2.8041508197784424,2.760640859603882,2.599095344543457,2.70053768157959,2.383660316467285,2.5751216411590576,2.3178787231445312,2.510335922241211,2.375105619430542,2.6648473739624023,2.6879308223724365,3.021498203277588
B9,2.4256646633148193,2.2055294513702393,1.863040566444397,1.7191212177276611,1.331311821937561,1.222150206565857,0.8672413229942322,0.849518358707428,0.6750404238700867,0.8318021297454834,0.9204074740409851,1.0626462697982788,1.3765621185302734,1.5926220417022705,1.9651527404785156,1.82224440574646,1.8606401681900024,1.504153847694397,1.5296257734298706,1.25071382522583,0.9239346385002136,0.6510061025619507,0.3803481459617615,0.0,0.3846547305583954,0.6865835189819336,0.9421663284301758,1.2745444774627686,1.5552858114242554,1.9157031774520874,1.8759541511535645,1.9990466833114624,1.685106873512268,1.7501224279403687,1.550845742225647,1.1522594690322876,1.006579041481018,0.7127520442008972,0.651151716709137,0.6618796586990356,0.8846959471702576,1.105491042137146,1.3851560354232788,1.6695178747177124,1.9846605062484741,2.142716884613037,2.3049216270446777,2.027585744857788,2.1174123287200928,1.9836246967315674,1.6397079229354858,1.6032768487930298,1.3324700593948364,1.3305716514587402,1.2421175241470337,1.3868995904922485,1.5229365825653076,1.7217568159103394,1.9908231496810913,2.2684545516967773,2.675377607345581,2.9030163288116455,2.669968843460083,2.8299617767333984,2.735194444656372,2.5550363063812256,2.6022777557373047,2.2559869289398193,2.396017551422119,2.115307092666626,2.2665722370147705,2.129833936691284,2.3948280811309814,2.4187655448913574,2.7555670738220215
B10,2.585141658782959,2.4089951515197754,2.04392671585083,1.9299976825714111,1.5645753145217896,1.3955525159835815,1.0744471549987793,0.9136235117912292,0.6967130303382874,0.6692841649055481,0.6336184144020081,0.7230508327484131,1.0108354091644287,1.228795051574707,1.5967137813568115,1.629082202911377,1.7380181550979614,1.4178394079208374,1.5391924381256104,1.3395519256591797,1.0140784978866577,0.8706620931625366,0.5027700662612915,0.3846547305583954,0.0,0.36967143416404724,0.5712135434150696,0.9057455062866211,1.1793303489685059,1.5368542671203613,1.6720741987228394,1.858616828918457,1.5978777408599854,1.7465101480484009,1.6126794815063477,1.2346853017807007,1.1789649724960327,0.8305796384811401,0.8141053318977356,0.6189398765563965,0.7466773986816406,0.8568599224090576,1.1010487079620361,1.349424123764038,1.6518324613571167,1.9394909143447876,2.151062250137329,1.9236133098602295,2.0807271003723145,1.9968279600143433,1.69008469581604,1.7057358026504517,1.3980358839035034,1.433780312538147,1.242540955543518,1.3383654356002808,1.381833553314209,1.540306806564331,1.7594362497329712,2.0173544883728027,2.5097055435180664,2.767674446105957,2.579291820526123,2.7846055030822754,2.7111318111419678,2.5813510417938232,2.6291022300720215,2.2932519912719727,2.44122052192688,2.132310152053833,2.2627177238464355,2.066818952560425,2.31439208984375,2.285844326019287,2.595205068588257
B11,2.943011999130249,2.772271156311035,2.4034905433654785,2.2795989513397217,1.9182285070419312,1.7230020761489868,1.3915629386901855,1.1967346668243408,0.9059011340141296,0.8239646553993225,0.6046009659767151,0.7260527014732361,0.8880041241645813,1.1533660888671875,1.482508659362793,1.7971223592758179,1.9565197229385376,1.6768672466278076,1.8496534824371338,1.6750212907791138,1.3683104515075684,1.231614589691162,0.8711177706718445,0.6865835189819336,0.36967143416404724,0.0,0.3817339837551117,0.6193773150444031,0.9566528797149658,1.2837696075439453,1.739059329032898,1.9791228771209717,1.7645047903060913,1.9641715288162231,1.8392387628555298,1.4791157245635986,1.4126092195510864,1.0346046686172485,0.9407343864440918,0.6425953507423401,0.5631284117698669,0.6300014853477478,0.7836441993713379,1.0591931343078613,1.3316863775253296,1.9154653549194336,2.1760056018829346,1.9832836389541626,2.1876766681671143,2.1022112369537354,1.8090624809265137,1.803661584854126,1.4527270793914795,1.4482828378677368,1.1842600107192993,1.1782615184783936,1.1765788793563843,1.2603684663772583,1.4704326391220093,1.6943461894989014,2.405900716781616,2.7013938426971436,2.5455398559570312,2.7872250080108643,2.692699670791626,2.5898277759552,2.5970354080200195,2.2564375400543213,2.3683648109436035,2.0275955200195312,2.104703426361084,1.8609989881515503,2.0679030418395996,1.9942047595977783,2.279581069946289
B12,2.987736463546753,2.8596737384796143,2.486137866973877,2.4149117469787598,2.0721795558929443,1.8801162242889404,1.5983936786651611,1.3606539964675903,1.141180396080017,0.9450414180755615,0.6948938965797424,0.6030072569847107,0.6895691752433777,0.8633720278739929,1.19217050075531,1.5327248573303223,1.7346059083938599,1.5108025074005127,1.7528690099716187,1.6472489833831787,1.3872953653335571,1.3441712856292725,0.9968354105949402,0.9421663284301758,0.5712135434150696,0.3817339837551117,0.0,0.3702446222305298,0.6152242422103882,0.9777706861495972,1.4383655786514282,1.719354510307312,1.562924861907959,1.822165846824646,1.7656733989715576,1.4529764652252197,1.48056960105896,1.1206079721450806,1.1324245929718018,0.7774209380149841,0.7135055661201477,0.5513750910758972,0.683232843875885,0.8304345011711121,1.1192203760147095,1.628146767616272,1.9152525663375854,1.774397373199463,2.0258946418762207,2.002100944519043,1.7644389867782593,1.8330092430114746,1.498007893562317,1.5738362073898315,1.266230821609497,1.2811716794967651,1.1660113334655762,1.2515509128570557,1.3648663759231567,1.5909675359725952,2.190387487411499,2.4918012619018555,2.3759853839874268,2.6444458961486816,2.59365177154541,2.541299819946289,2.5797531604766846,2.2723257541656494,2.423060417175293,2.089641571044922,2.1872565746307373,1.9172449111938477,2.1348819732666016,2.037524938583374,2.299612522125244
B13,3.3122100830078125,3.1958651542663574,2.816890001296997,2.738515615463257,2.405728578567505,2.184669256210327,1.9046682119369507,1.6365290880203247,1.3872859477996826,1.1581474542617798,0.8272051215171814,0.7422812581062317,0.628074049949646,0.8117527365684509,1.0461456775665283,1.7294539213180542,1.9783614873886108,1.7990822792053223,2.074080467224121,1.9994564056396484,1.7433971166610718,1.7118622064590454,1.3572009801864624,1.2745444774627686,0.9057455062866211,0.6193773150444031,0.3702446222305298,0.0,0.3801080286502838,0.6668253540992737,1.5935524702072144,1.9180622100830078,1.8203856945037842,2.1155614852905273,2.0820887088775635,1.7918927669525146,1.8211592435836792,1.4584274291992188,1.43380606174469,1.0616388320922852,0.8801975250244141,0.6433733701705933,0.551209032535553,0.6094748377799988,0.8092786073684692,1.7078453302383423,2.0387260913848877,1.9533756971359253,2.245426893234253,2.2378509044647217,2.027524709701538,2.0907533168792725,1.7416287660598755,1.7933146953582764,1.4469562768936157,1.374871015548706,1.194590449333191,1.1710435152053833,1.2147890329360962,1.3683385848999023,2.201723337173462,2.5362942218780518,2.469738483428955,2.7729086875915527,2.717475652694702,2.701551914215088,2.711212396621704,2.4136385917663574,2.5350069999694824,2.1834092140197754,2.228323221206665,1.9115967750549316,2.073568820953369,1.9122687578201294,2.1227800846099854
