,A1,A2,A3,A4,A5,A6,A7,A8,A9,A10,A11,A12,A13,A14,A15,B1,B2,B3,B4,B5,B6,B7,B8,B9,B10,B11,B12,B13,B14,B15,C1,C2,C3,C4,C5,C6,C7,C8,C9,C10,C11,C12,C13,C14,C15,D1,D2,D3,D4,D5,D6,D7,D8,D9,D10,D11,D12,D13,D14,D15,E1,E2,E3,E4,E5,E6,E7,E8,E9,E10,E11,E12,E13,E14,E15
A1,0.0,0.39168187975883484,0.596409022808075,0.8993217945098877,1.1866850852966309,1.4216792583465576,1.7480183839797974,1.963368535041809,2.2930333614349365,2.4500110149383545,2.746737480163574,2.9457361698150635,3.2173967361450195,3.4067041873931885,3.6439881324768066,3.2152867317199707,3.211501121520996,2.9352011680603027,2.753614664077759,2.6764824390411377,2.511026382446289,2.5031578540802,2.6421971321105957,2.6741132736206055,2.899604082107544,3.065507650375366,3.3506805896759033,3.5658133029937744,3.8402748107910156,4.115937232971191,3.9864256381988525,4.083400726318359,3.7957894802093506,3.7640531063079834,3.641183376312256,3.38653302192688,3.2926361560821533,3.2987210750579834,3.229794502258301,3.3939318656921387,3.4373817443847656,3.697756052017212,3.8177709579467773,4.11591100692749,4.329165935516357,4.6324262619018555,4.777566909790039,4.511649131774902,4.535906791687012,4.391666889190674,4.098508358001709,4.024508476257324,3.9556500911712646,3.8824236392974854,3.972271680831909,3.916285514831543,4.123621940612793,4.156929969787598,4.453217506408691,4.635873794555664,5.163868427276611,5.421173572540283,5.2279253005981445,5.410874843597412,5.352250576019287,5.23440408706665,5.32238245010376,4.996311187744141,5.233625888824463,5.0469441413879395,4.743537425994873,4.680002689361572,4.605891227722168,4.841602325439453,4.6781134605407715
A2,0.39168187975883484,0.0,0.38619500398635864,0.5820603370666504,0.8988341689109802,1.1551862955093384,1.4632009267807007,1.719994306564331,2.0210273265838623,2.21830677986145,2.488537549972534,2.7225961685180664,2.9768693447113037,3.1981122493743896,3.4347333908081055,3.1223666667938232,3.1554863452911377,2.862957715988159,2.7199368476867676,2.615787982940674,2.4046616554260254,2.3576648235321045,2.4598827362060547,2.4469122886657715,2.6710517406463623,2.80051326751709,3.1010358333587646,3.2929959297180176,3.586991786956787,3.853238105773926,3.837198495864868,3.9626057147979736,3.6762924194335938,3.675044536590576,3.5361294746398926,3.251727342605591,3.1337828636169434,3.1073009967803955,3.006971836090088,3.1585655212402344,3.167182683944702,3.430159330368042,3.5246071815490723,3.832089900970459,4.030717372894287,4.42864990234375,4.597080230712891,4.335057735443115,4.386216640472412,4.236590385437012,3.9221701622009277,3.8397278785705566,3.742359161376953,3.652543306350708,3.723517656326294,3.6402571201324463,3.841231107711792,3.8498265743255615,4.147220134735107,4.311822891235352,4.930225849151611,5.203994274139404,5.026174068450928,5.231080055236816,5.181388854980469,5.088294506072998,5.186451435089111,4.875973701477051,5.130378246307373,4.967769145965576,4.67695951461792,4.613609313964844,4.571887016296387,4.823725700378418,4.672354698181152
A3,0.596409022808075,0.38619500398635864,0.0,0.3891424834728241,0.5935834050178528,0.8591586947441101,1.1583633422851562,1.3967199325561523,1.7105852365493774,1.8888921737670898,2.1833667755126953,2.3992362022399902,2.6759233474731445,2.880831003189087,3.13690185546875,2.7539117336273193,2.7815263271331787,2.4819250106811523,2.340723752975464,2.232257843017578,2.018566608428955,1.978700876235962,2.086625576019287,2.0943193435668945,2.3187448978424072,2.473109722137451,2.766252040863037,2.980015993118286,3.2624318599700928,3.5430736541748047,3.4581997394561768,3.57830548286438,3.291935443878174,3.291292190551758,3.1588056087493896,2.8751025199890137,2.770838737487793,2.745630979537964,2.665261745452881,2.814044952392578,2.846281051635742,3.1042511463165283,3.221482038497925,3.521514654159546,3.737821102142334,4.065903186798096,4.226539611816406,3.965970993041992,4.013443470001221,3.872877597808838,3.56368088722229,3.4963459968566895,3.4027721881866455,3.3332715034484863,3.4020960330963135,3.3423123359680176,3.537687063217163,3.5706470012664795,3.8613338470458984,4.047149658203125,4.590228080749512,4.85577392578125,4.675907135009766,4.872651100158691,4.829087734222412,4.729024410247803,4.835577487945557,4.526458263397217,4.785938739776611,4.626547336578369,4.341946125030518,4.295890808105469,4.261080265045166,4.5283050537109375,4.397239685058594
A4,0.8993217945098877,0.5820603370666504,0.3891424834728241,0.0,0.39560776948928833,0.5863929390907288,0.9038703441619873,1.1579869985580444,1.4506739377975464,1.657130241394043,1.9118446111679077,2.1591453552246094,2.4038314819335938,2.639315128326416,2.8773767948150635,2.667168617248535,2.7467567920684814,2.453298568725586,2.3707025051116943,2.2658400535583496,1.998336672782898,1.9452404975891113,1.9826958179473877,1.9542537927627563,2.144895076751709,2.2529072761535645,2.5454132556915283,2.7229480743408203,3.0178802013397217,3.2762160301208496,3.35247540473938,3.510636329650879,3.2431654930114746,3.287598133087158,3.1605944633483887,2.845003366470337,2.7376906871795654,2.659532308578491,2.559572458267212,2.667612075805664,2.6587209701538086,2.8986306190490723,2.978447437286377,3.2754600048065186,3.4644265174865723,3.9240527153015137,4.114678859710693,3.873488664627075,3.9578564167022705,3.8302881717681885,3.501340389251709,3.444690465927124,3.3107264041900635,3.2395877838134766,3.2686822414398193,3.183192729949951,3.351653814315796,3.3556430339813232,3.6333518028259277,3.7963199615478516,4.448374271392822,4.730600833892822,4.577596664428711,4.795403003692627,4.775688171386719,4.6995849609375,4.829194068908691,4.541507720947266,4.8228583335876465,4.691315650939941,4.426065921783447,4.394283294677734,4.392269611358643,4.680026054382324,4.570415496826172
A5,1.1866850852966309,0.8988341689109802,0.5935834050178528,0.39560776948928833,0.0,0.38180941343307495,0.5783904194831848,0.8782530426979065,1.1449836492538452,1.3712446689605713,1.6430752277374268,1.8935364484786987,2.1626360416412354,2.396939754486084,2.6677465438842773,2.4021518230438232,2.4815256595611572,2.1640806198120117,2.0936245918273926,1.9509559869766235,1.667899250984192,1.5771889686584473,1.614802598953247,1.5698788166046143,1.7824125289916992,1.901961088180542,2.2080342769622803,2.407011032104492,2.7051193714141846,2.984358310699463,3.0063421726226807,3.1639087200164795,2.8868227005004883,2.93527889251709,2.79312801361084,2.469403028488159,2.3498146533966064,2.269124746322632,2.1648404598236084,2.281439781188965,2.2832014560699463,2.534369945526123,2.634969472885132,2.938528060913086,3.1498162746429443,3.550816535949707,3.7381720542907715,3.489555597305298,3.5743215084075928,3.4407060146331787,3.1085751056671143,3.050097703933716,2.915433883666992,2.847320079803467,2.8792073726654053,2.8044655323028564,2.9782893657684326,2.9999070167541504,3.2814595699310303,3.4627268314361572,4.06110954284668,4.341197490692139,4.184206008911133,4.4027485847473145,4.381423473358154,4.3092265129089355,4.4404683113098145,4.157768249511719,4.444554805755615,4.323123455047607,4.066127300262451,4.040679454803467,4.056011199951172,4.355771541595459,4.262757778167725
A6,1.4216792583465576,1.1551862955093384,0.8591586947441101,0.5863929390907288,0.38180941343307495,0.0,0.3937930762767792,0.5728210806846619,0.8854761719703674,1.0710092782974243,1.3345164060592651,1.5743917226791382,1.8293348550796509,2.0614194869995117,2.3142056465148926,2.1512510776519775,2.272977590560913,1.9851981401443481,1.9695323705673218,1.874976396560669,1.5572007894515991,1.518242359161377,1.47923743724823,1.4622184038162231,1.6008085012435913,1.7098106145858765,1.979015827178955,2.1605334281921387,2.4420793056488037,2.7031304836273193,2.8116860389709473,2.995638847351074,2.7519419193267822,2.839726209640503,2.737260341644287,2.400254487991333,2.3240725994110107,2.1961092948913574,2.121907949447632,2.175853967666626,2.1723318099975586,2.3766770362854004,2.4610912799835205,2.736039161682129,2.9285967350006104,3.3870646953582764,3.590480089187622,3.3733932971954346,3.4838058948516846,3.3883838653564453,3.056098222732544,3.040147066116333,2.8781356811523438,2.8459784984588623,2.832148790359497,2.767765998840332,2.8957438468933105,2.9167463779449463,3.1652746200561523,3.3432133197784424,3.9579060077667236,4.238588333129883,4.106916427612305,4.326282978057861,4.33873987197876,4.269664287567139,4.432262420654297,4.166315078735352,4.470114707946777,4.3655595779418945,4.128188610076904,4.136427402496338,4.167276382446289,4.488229274749756,4.4253458976745605
A7,1.7480183839797974,1.4632009267807007,1.1583633422851562,0.9038703441619873,0.5783904194831848,0.3937930762767792,0.0,0.3892364203929901,0.5699681639671326,0.8392397165298462,1.081587553024292,1.3579059839248657,1.6175652742385864,1.8724334239959717,2.154057502746582,2.0295748710632324,2.171562433242798,1.861936092376709,1.8858139514923096,1.7421588897705078,1.3940718173980713,1.285679578781128,1.2008557319641113,1.1172091960906982,1.267906665802002,1.3496723175048828,1.6479617357254028,1.8313826322555542,2.1332178115844727,2.407989978790283,2.5491697788238525,2.750124931335449,2.5018470287323,2.6126017570495605,2.4866981506347656,2.1283490657806396,2.0248498916625977,1.8674862384796143,1.7651554346084595,1.8107633590698242,1.7870358228683472,2.0028085708618164,2.087163209915161,2.3768367767333984,2.5811541080474854,3.052415609359741,3.268068313598633,3.047572374343872,3.1757805347442627,3.071455717086792,2.724907636642456,2.701956272125244,2.5194008350372314,2.4795451164245605,2.4520626068115234,2.378269672393799,2.5040528774261475,2.5238664150238037,2.7762134075164795,2.959188461303711,3.586324453353882,3.875518560409546,3.7502994537353516,3.9837753772735596,3.9993715286254883,3.9498260021209717,4.117780685424805,3.867462158203125,4.1825642585754395,4.101018905639648,3.8799004554748535,3.8917341232299805,3.953650712966919,4.28682279586792,4.242215156555176
A8,1.963368535041809,1.719994306564331,1.3967199325561523,1.1579869985580444,0.8782530426979065,0.5728210806846619,0.3892364203929901,0.0,0.383353054523468,0.4999902844429016,0.7942363023757935,1.0159502029418945,1.2970823049545288,1.5198956727981567,1.8026784658432007,1.6875547170639038,1.861856460571289,1.5859469175338745,1.6620328426361084,1.5779261589050293,1.212905764579773,1.1898189783096313,1.0331717729568481,1.0343068838119507,1.08207106590271,1.1961768865585327,1.4271600246429443,1.6216137409210205,1.8825551271438599,2.1534011363983154,2.2847988605499268,2.49920392036438,2.285742998123169,2.425711154937744,2.3518905639648438,1.9964251518249512,1.9600499868392944,1.772356629371643,1.735551357269287,1.7167285680770874,1.725199818611145,1.879021406173706,1.9752957820892334,2.219165086746216,2.421483278274536,2.85693359375,3.0732710361480713,2.8843324184417725,3.0237457752227783,2.965405225753784,2.6341335773468018,2.6660022735595703,2.475231409072876,2.491128921508789,2.428147315979004,2.3941304683685303,2.472277879714966,2.5185306072235107,2.7290761470794678,2.9271135330200195,3.476893663406372,3.7531628608703613,3.6447196006774902,3.863863229751587,3.9107613563537598,3.8500802516937256,4.04664421081543,3.8072798252105713,4.131874084472656,4.058006763458252,3.853970527648926,3.903878927230835,3.9696855545043945,4.319844722747803,4.305537700653076
A9,2.2930333614349365,2.0210273265838623,1.7105852365493774,1.4506739377975464,1.1449836492538452,0.8854761719703674,0.5699681639671326,0.383353054523468,0.0,0.36991503834724426,0.5316171646118164,0.833335816860199,1.0809205770492554,1.3512409925460815,1.6464394330978394,1.6997082233428955,1.9131379127502441,1.6396141052246094,1.7745755910873413,1.6562211513519287,1.2749017477035522,1.184842824935913,0.937963604927063,0.8376690149307251,0.8312390446662903,0.8555405735969543,1.1106711626052856,1.276113748550415,1.5693182945251465,1.8394111394882202,2.1188440322875977,2.368859052658081,2.1690146923065186,2.351745128631592,2.262033700942993,1.8835370540618896,1.8234494924545288,1.57896089553833,1.5073384046554565,1.4400007724761963,1.3963632583618164,1.536438226699829,1.6042739152908325,1.8574057817459106,2.0538339614868164,2.587880849838257,2.8326516151428223,2.655111074447632,2.830915927886963,2.7730724811553955,2.4243757724761963,2.4567856788635254,2.226668357849121,2.2371480464935303,2.1346395015716553,2.078850507736206,2.1308059692382812,2.1590428352355957,2.3593759536743164,2.5488908290863037,3.1700539588928223,3.4619460105895996,3.37555193901062,3.6171865463256836,3.6790666580200195,3.6489312648773193,3.859098434448242,3.646639823913574,3.9866647720336914,3.9456422328948975,3.7661309242248535,3.822641372680664,3.9257795810699463,4.287436008453369,4.293668746948242
A10,2.4500110149383545,2.21830677986145,1.8888921737670898,1.657130241394043,1.3712446689605713,1.0710092782974243,0.8392397165298462,0.4999902844429016,0.36991503834724426,0.0,0.377760112285614,0.5290610194206238,0.8440315127372742,1.0475285053253174,1.3609472513198853,1.359148383140564,1.60111403465271,1.3684041500091553,1.5526721477508545,1.4997259378433228,1.1258525848388672,1.137295126914978,0.8450759649276733,0.8779616355895996,0.7497809529304504,0.8498581647872925,0.9877167344093323,1.186082124710083,1.4076485633850098,1.6815580129623413,1.874954104423523,2.1289970874786377,1.9648438692092896,2.1673474311828613,2.135542869567871,1.7743743658065796,1.792203664779663,1.5397731065750122,1.5537652969360352,1.4349937438964844,1.4534002542495728,1.522713541984558,1.622578501701355,1.8132604360580444,2.0161359310150146,2.441892623901367,2.6750051975250244,2.5273890495300293,2.701847553253174,2.691368341445923,2.369253158569336,2.45758318901062,2.2373805046081543,2.308140277862549,2.1868999004364014,2.1860125064849854,2.198512554168701,2.2675158977508545,2.4244508743286133,2.6362643241882324,3.1206135749816895,3.3902089595794678,3.312591075897217,3.5298502445220947,3.6172683238983154,3.5667340755462646,3.7994492053985596,3.5920214653015137,3.9342997074127197,3.8927156925201416,3.725501298904419,3.8168046474456787,3.9141786098480225,4.286604881286621,4.317286968231201
A11,2.746737480163574,2.488537549972534,2.1833667755126953,1.9118446111679077,1.6430752277374268,1.3345164060592651,1.081587553024292,0.7942363023757935,0.5316171646118164,0.377760112285614,0.0,0.377939373254776,0.551184356212616,0.8508530855178833,1.1312369108200073,1.50676691532135,1.8003182411193848,1.6115154027938843,1.847320556640625,1.7993499040603638,1.4329705238342285,1.4180681705474854,1.075445294380188,1.0324950218200684,0.8108059167861938,0.7488872408866882,0.8215698003768921,0.9102271199226379,1.148471474647522,1.3770525455474854,1.8880053758621216,2.188918352127075,2.0695853233337402,2.322364568710327,2.2981879711151123,1.9297747611999512,1.9422622919082642,1.6356440782546997,1.6243774890899658,1.4307854175567627,1.3743633031845093,1.375970482826233,1.399221658706665,1.5615986585617065,1.7146860361099243,2.3501241207122803,2.6230568885803223,2.5141918659210205,2.73651123046875,2.74589467048645,2.4160284996032715,2.5173099040985107,2.2529213428497314,2.3243026733398438,2.145517349243164,2.115138292312622,2.071500062942505,2.1014158725738525,2.2191953659057617,2.398416042327881,3.0107028484344482,3.296046495437622,3.259817361831665,3.4992923736572266,3.6170527935028076,3.5999372005462646,3.8544907569885254,3.68101167678833,4.037752151489258,4.029952049255371,3.8898186683654785,3.991580009460449,4.119664669036865,4.500378608703613,4.548686504364014
A12,2.9457361698150635,2.7225961685180664,2.3992362022399902,2.1591453552246094,1.8935364484786987,1.5743917226791382,1.3579059839248657,1.0159502029418945,0.833335816860199,0.5290610194206238,0.377939373254776,0.0,0.3757244646549225,0.5246828198432922,0.8580124378204346,1.1947429180145264,1.521389126777649,1.3942091464996338,1.6814184188842773,1.6938493251800537,1.3620938062667847,1.4278125762939453,1.0729957818984985,1.1366664171218872,0.8363211154937744,0.8561596274375916,0.77132248878479,0.8971908688545227,1.011401653289795,1.2435030937194824,1.6294962167739868,1.9342665672302246,1.8620781898498535,2.1357614994049072,2.1708600521087646,1.83157217502594,1.9188154935836792,1.615104079246521,1.6859911680221558,1.4540683031082153,1.4678384065628052,1.3994545936584473,1.4668750762939453,1.5509865283966064,1.7154221534729004,2.1848390102386475,2.4405295848846436,2.366384744644165,2.585031509399414,2.643885612487793,2.3480169773101807,2.5036723613739014,2.255908966064453,2.385718822479248,2.1958673000335693,2.2245430946350098,2.1477088928222656,2.225338935852051,2.299437999725342,2.504896402359009,2.939819097518921,3.1969316005706787,3.168750762939453,3.3796896934509277,3.5222997665405273,3.484792947769165,3.7600655555725098,3.5944342613220215,3.9505436420440674,3.9441030025482178,3.8193016052246094,3.9548492431640625,4.078838348388672,4.467769145965576,4.541364669799805
A13,3.2173967361450195,2.9768693447113037,2.6759233474731445,2.4038314819335938,2.1626360416412354,1.8293348550796509,1.6175652742385864,1.2970823049545288,1.0809205770492554,0.8440315127372742,0.551184356212616,0.3757244646549225,0.0,0.380586177110672,0.5979557633399963,1.4442226886749268,1.7987866401672363,1.7200366258621216,2.029374599456787,2.054713487625122,1.7310872077941895,1.784316062927246,1.4170879125595093,1.4332995414733887,1.1099897623062134,1.0172767639160156,0.859961748123169,0.821627140045166,0.8924217224121094,1.018080711364746,1.780042290687561,2.1163649559020996,2.094987630844116,2.4020183086395264,2.450239896774292,2.1160714626312256,2.200740098953247,1.868381142616272,1.9188597202301025,1.6398510932922363,1.5917201042175293,1.45561945438385,1.4360361099243164,1.4606354236602783,1.5442832708358765,2.233426570892334,2.5212433338165283,2.4949216842651367,2.7524399757385254,2.8348493576049805,2.5416808128356934,2.7089507579803467,2.43039870262146,2.559852361679077,2.324256658554077,2.326866865158081,2.1963951587677,2.233055353164673,2.257699489593506,2.4204790592193604,2.972869634628296,3.2382638454437256,3.254366397857666,3.479872941970825,3.653749465942383,3.644132375717163,3.9388744831085205,3.8042893409729004,4.169281005859375,4.189706325531006,4.087527751922607,4.23244571685791,4.376961708068848,4.77052116394043,4.856710910797119
A14,3.4067041873931885,3.1981122493743896,2.880831003189087,2.639315128326416,2.396939754486084,2.0614194869995117,1.8724334239959717,1.5198956727981567,1.3512409925460815,1.0475285053253174,0.8508530855178833,0.5246828198432922,0.380586177110672,0.0,0.37944111227989197,1.2072511911392212,1.5793821811676025,1.5757286548614502,1.9185975790023804,1.9991618394851685,1.72230863571167,1.838726282119751,1.484361171722412,1.5789517164230347,1.2289166450500488,1.2121918201446533,0.9678692817687988,0.9793482422828674,0.9033882021903992,1.0161625146865845,1.5777356624603271,1.9061557054519653,1.9389606714248657,2.2567555904388428,2.3628623485565186,2.068051338195801,2.217989921569824,1.9029886722564697,2.0224521160125732,1.728633165359497,1.7476167678833008,1.5687404870986938,1.6004153490066528,1.5567692518234253,1.6558424234390259,2.1219468116760254,2.3821725845336914,2.392268419265747,2.638101100921631,2.7680280208587646,2.5148119926452637,2.728912591934204,2.474966287612915,2.6542348861694336,2.419402837753296,2.477203369140625,2.3279685974121094,2.411968469619751,2.403660535812378,2.593172788619995,2.9470834732055664,3.1784229278564453,3.1991679668426514,3.3910157680511475,3.5859568119049072,3.5535078048706055,3.864443063735962,3.736644983291626,4.096487045288086,4.115822792053223,4.027775764465332,4.203110694885254,4.34052038192749,4.7384443283081055,4.846889495849609
A15,3.6439881324768066,3.4347333908081055,3.13690185546875,2.8773767948150635,2.6677465438842773,2.3142056465148926,2.154057502746582,1.8026784658432007,1.6464394330978394,1.3609472513198853,1.1312369108200073,0.8580124378204346,0.5979557633399963,0.37944111227989197,0.0,1.4744826555252075,1.850518822669983,1.8967626094818115,2.2425010204315186,2.3529887199401855,2.084742307662964,2.214320421218872,1.8620035648345947,1.9471728801727295,1.597377061843872,1.5428504943847656,1.287244200706482,1.2121416330337524,1.0909597873687744,1.0711969137191772,1.8487361669540405,2.1784746646881104,2.2549798488616943,2.582298994064331,2.710906982421875,2.429356813430786,2.5874669551849365,2.266996145248413,2.3806471824645996,2.0709774494171143,2.060995578765869,1.8501770496368408,1.8272002935409546,1.7343013286590576,1.756035566329956,2.3438661098480225,2.6121129989624023,2.6657049655914307,2.927259683609009,3.0819544792175293,2.841315984725952,3.0669617652893066,2.8026022911071777,2.9842848777770996,2.7270259857177734,2.77121901512146,2.5902280807495117,2.646453380584717,2.600105047225952,2.752284288406372,3.1664483547210693,3.3923182487487793,3.4468610286712646,3.63735032081604,3.8578391075134277,3.8364269733428955,4.161630630493164,4.053333282470703,4.414544582366943,4.446116924285889,4.371560096740723,4.557460784912109,4.699299335479736,5.098846912384033,5.214989185333252
B1,3.2152867317199707,3.1223666667938232,2.7539117336273193,2.667168617248535,2.4021518230438232,2.1512510776519775,2.0295748710632324,1.6875547170639038,1.6997082233428955,1.359148383140564,1.50676691532135,1.1947429180145264,1.4442226886749268,1.2072511911392212,1.4744826555252075,0.0,0.3762105703353882,0.5376518964767456,0.889941394329071,1.1265122890472412,1.059758186340332,1.3715181350708008,1.220183253288269,1.5546152591705322,1.3455950021743774,1.6263083219528198,1.4729782342910767,1.7544912099838257,1.6686033010482788,1.933488130569458,1.1556445360183716,1.2667231559753418,1.2517045736312866,1.4289971590042114,1.6448737382888794,1.4848361015319824,1.782023310661316,1.6512713432312012,1.9358223676681519,1.7883284091949463,2.0362863540649414,1.9674710035324097,2.2137999534606934,2.2211828231811523,2.477591037750244,2.1116538047790527,2.193983554840088,2.1286866664886475,2.202918529510498,2.3486328125,2.196848154067993,2.4483001232147217,2.3529720306396484,2.60099196434021,2.505664110183716,2.7018284797668457,2.6605684757232666,2.886348009109497,2.944072961807251,3.243671417236328,3.034147262573242,3.1725637912750244,3.076573610305786,3.15505313873291,3.2864530086517334,3.129131555557251,3.398463487625122,3.195491075515747,3.503260612487793,3.4365270137786865,3.3107335567474365,3.5157175064086914,3.570441722869873,3.9527065753936768,4.06668758392334
B2,3.211501121520996,3.1554863452911377,2.7815263271331787,2.7467567920684814,2.4815256595611572,2.272977590560913,2.171562433242798,1.861856460571289,1.9131379127502441,1.60111403465271,1.8003182411193848,1.521389126777649,1.7987866401672363,1.5793821811676025,1.850518822669983,0.3762105703353882,0.0,0.38708049058914185,0.6463688611984253,0.9471030235290527,1.009630799293518,1.3558756113052368,1.3077261447906494,1.6733866930007935,1.532789945602417,1.855811595916748,1.7394790649414062,2.0529563426971436,1.9775521755218506,2.2619354724884033,1.2317416667938232,1.2309906482696533,1.177962303161621,1.2576367855072021,1.5001215934753418,1.4114875793457031,1.7371970415115356,1.687955617904663,2.0008153915405273,1.9131574630737305,2.205742120742798,2.1735615730285645,2.4577059745788574,2.4820661544799805,2.766327381134033,2.2193119525909424,2.242795705795288,2.14689302444458,2.1540095806121826,2.289883852005005,2.177826404571533,2.42439341545105,2.387033462524414,2.641960859298706,2.5960938930511475,2.822237730026245,2.8160574436187744,3.070969343185425,3.148313045501709,3.4691002368927,3.1224918365478516,3.2324302196502686,3.0987720489501953,3.1414079666137695,3.2428159713745117,3.0471835136413574,3.2916996479034424,3.062753677368164,3.345266342163086,3.245868444442749,3.104456663131714,3.31337308883667,3.335716962814331,3.707167148590088,3.819514513015747
B3,2.9352011680603027,2.862957715988159,2.4819250106811523,2.453298568725586,2.1640806198120117,1.9851981401443481,1.861936092376709,1.5859469175338745,1.6396141052246094,1.3684041500091553,1.6115154027938843,1.3942091464996338,1.7200366258621216,1.5757286548614502,1.8967626094818115,0.5376518964767456,0.38708049058914185,0.0,0.3808184862136841,0.5961007475852966,0.6238072514533997,0.9735053777694702,0.9634013175964355,1.3394043445587158,1.258050560951233,1.611398696899414,1.5648713111877441,1.9108166694641113,1.9015082120895386,2.2243871688842773,1.2444562911987305,1.2654304504394531,1.1001780033111572,1.1569089889526367,1.3073800802230835,1.1574251651763916,1.4379996061325073,1.4020898342132568,1.6922153234481812,1.6511650085449219,1.9475550651550293,1.9726746082305908,2.270721435546875,2.3499555587768555,2.657210350036621,2.172039031982422,2.2157232761383057,2.06074595451355,2.067397356033325,2.1402947902679443,1.9833693504333496,2.185070514678955,2.1463284492492676,2.367812156677246,2.3489930629730225,2.557353973388672,2.590815544128418,2.839848756790161,2.9573020935058594,3.2814137935638428,3.0116989612579346,3.149462938308716,2.9924232959747314,3.0638911724090576,3.1320278644561768,2.948848009109497,3.17071533203125,2.919855833053589,3.209162473678589,3.1012656688690186,2.9337005615234375,3.1080543994903564,3.1338632106781006,3.505929470062256,3.5929453372955322
B4,2.753614664077759,2.7199368476867676,2.340723752975464,2.3707025051116943,2.0936245918273926,1.9695323705673218,1.8858139514923096,1.6620328426361084,1.7745755910873413,1.5526721477508545,1.847320556640625,1.6814184188842773,2.029374599456787,1.9185975790023804,2.2425010204315186,0.889941394329071,0.6463688611984253,0.3808184862136841,0.0,0.39000147581100464,0.5912339687347412,0.950334370136261,1.080414056777954,1.4527405500411987,1.4656555652618408,1.838135838508606,1.8526344299316406,2.212602138519287,2.23832106590271,2.5739142894744873,1.540248990058899,1.4986138343811035,1.2778096199035645,1.220702886581421,1.3262156248092651,1.2220699787139893,1.4686901569366455,1.5197241306304932,1.7925775051116943,1.830265760421753,2.139035224914551,2.2192296981811523,2.5312294960021973,2.6458911895751953,2.9675843715667725,2.4361073970794678,2.4490368366241455,2.253221273422241,2.2062807083129883,2.235065460205078,2.0918006896972656,2.2517969608306885,2.2618584632873535,2.456841468811035,2.4945693016052246,2.7031641006469727,2.7847301959991455,3.0392799377441406,3.1910338401794434,3.5219945907592773,3.2221555709838867,3.35128116607666,3.15797758102417,3.213772773742676,3.239349365234375,3.0311479568481445,3.213318109512329,2.9270029067993164,3.188603639602661,3.038942575454712,2.8355712890625,2.985367774963379,2.968315601348877,3.321518659591675,3.3805763721466064
B5,2.6764824390411377,2.615787982940674,2.232257843017578,2.2658400535583496,1.9509559869766235,1.874976396560669,1.7421588897705078,1.5779261589050293,1.6562211513519287,1.4997259378433228,1.7993499040603638,1.6938493251800537,2.054713487625122,1.9991618394851685,2.3529887199401855,1.1265122890472412,0.9471030235290527,0.5961007475852966,0.39000147581100464,0.0,0.3818039000034332,0.6339914202690125,0.8609293103218079,1.2000046968460083,1.2917797565460205,1.669277310371399,1.7415279150009155,2.117084503173828,2.186615467071533,2.546550989151001,1.5294480323791504,1.4942396879196167,1.1953991651535034,1.1126052141189575,1.1035406589508057,0.9564120769500732,1.1379421949386597,1.231026291847229,1.4788798093795776,1.577559232711792,1.893852710723877,2.025744676589966,2.3535544872283936,2.5080528259277344,2.850849151611328,2.318974494934082,2.338031053543091,2.0926353931427,2.039268732070923,2.006655216217041,1.8328571319580078,1.9455652236938477,1.9671190977096558,2.13175106048584,2.204216957092285,2.4059810638427734,2.526136636734009,2.7836978435516357,2.9664907455444336,3.303043842315674,3.0211024284362793,3.1661534309387207,2.9508543014526367,3.0274665355682373,3.020836114883423,2.827054262161255,2.986135721206665,2.686575174331665,2.953270435333252,2.8042843341827393,2.5851309299468994,2.704191207885742,2.7028298377990723,3.059746026992798,3.104504108428955
B6,2.511026382446289,2.4046616554260254,2.018566608428955,1.998336672782898,1.667899250984192,1.5572007894515991,1.3940718173980713,1.212905764579773,1.2749017477035522,1.1258525848388672,1.4329705238342285,1.3620938062667847,1.7310872077941895,1.72230863571167,2.084742307662964,1.059758186340332,1.009630799293518,0.6238072514533997,0.5912339687347412,0.3818039000034332,0.0,0.38931846618652344,0.5314859747886658,0.8845934867858887,0.9715087413787842,1.3453963994979858,1.4500638246536255,1.8172465562820435,1.926979660987854,2.286163568496704,1.5171889066696167,1.5748300552368164,1.2904824018478394,1.3100982904434204,1.2708522081375122,1.0112190246582031,1.1281310319900513,1.1152442693710327,1.3100999593734741,1.375144362449646,1.6455198526382446,1.7853375673294067,2.0828046798706055,2.2594597339630127,2.5862674713134766,2.267016649246216,2.347872018814087,2.112903356552124,2.1264450550079346,2.087428569793701,1.8524547815322876,1.951032042503357,1.902359127998352,2.039224863052368,2.070493459701538,2.2256226539611816,2.3340001106262207,2.5553059577941895,2.7448816299438477,3.0611255168914795,2.9666576385498047,3.151458978652954,2.9652230739593506,3.087136745452881,3.100792169570923,2.9486477375030518,3.1270692348480225,2.8483660221099854,3.1419589519500732,3.0240931510925293,2.8154735565185547,2.919278621673584,2.9509146213531494,3.3141283988952637,3.3497607707977295
B7,2.5031578540802,2.3576648235321045,1.978700876235962,1.9452404975891113,1.5771889686584473,1.518242359161377,1.285679578781128,1.1898189783096313,1.184842824935913,1.137295126914978,1.4180681705474854,1.4278125762939453,1.784316062927246,1.838726282119751,2.214320421218872,1.3715181350708008,1.3558756113052368,0.9735053777694702,0.950334370136261,0.6339914202690125,0.38931846618652344,0.0,0.38409143686294556,0.6128607988357544,0.8295415639877319,1.1786816120147705,1.3617303371429443,1.7264677286148071,1.8893764019012451,2.2616982460021973,1.5937139987945557,1.6711324453353882,1.3469610214233398,1.3702458143234253,1.2226991653442383,0.9045937657356262,0.8844493627548218,0.8724027872085571,0.9906487464904785,1.1277467012405396,1.382572054862976,1.5883773565292358,1.8891723155975342,2.113586664199829,2.4537222385406494,2.1903812885284424,2.2902612686157227,2.01676607131958,2.043078899383545,1.9419718980789185,1.6625272035598755,1.6986587047576904,1.6367318630218506,1.7235057353973389,1.7805678844451904,1.9096461534500122,2.059232234954834,2.271669387817383,2.4967947006225586,2.8116018772125244,2.7849273681640625,2.993837833404541,2.7965312004089355,2.9498953819274902,2.9375739097595215,2.815080165863037,2.973972797393799,2.695512533187866,2.996913433074951,2.893245220184326,2.6797773838043213,2.7486753463745117,2.808117389678955,3.170847177505493,3.1927802562713623
B8,2.6421971321105957,2.4598827362060547,2.086625576019287,1.9826958179473877,1.614802598953247,1.47923743724823,1.2008557319641113,1.0331717729568481,0.937963604927063,0.8450759649276733,1.075445294380188,1.0729957818984985,1.4170879125595093,1.484361171722412,1.8620035648345947,1.220183253288269,1.3077261447906494,0.9634013175964355,1.080414056777954,0.8609293103218079,0.5314859747886658,0.38409143686294556,0.0,0.3795657157897949,0.4628104865550995,0.829056978225708,0.9906478524208069,1.3532320261001587,1.5199943780899048,1.8881374597549438,1.417403221130371,1.5763309001922607,1.3053736686706543,1.434767723083496,1.3318134546279907,0.9660781025886536,0.9747831225395203,0.8032090663909912,0.9136543869972229,0.9215329885482788,1.1396375894546509,1.2957518100738525,1.5736054182052612,1.7830625772476196,2.1079111099243164,1.994837999343872,2.1470305919647217,1.915428876876831,2.0114734172821045,1.9521695375442505,1.6463979482650757,1.7233799695968628,1.5840131044387817,1.690558910369873,1.6638119220733643,1.7717353105545044,1.8620647192001343,2.0533761978149414,2.248255968093872,2.550276756286621,2.6347553730010986,2.865870714187622,2.7132551670074463,2.89365291595459,2.927293300628662,2.837634325027466,3.0370192527770996,2.7972803115844727,3.1252505779266357,3.0627148151397705,2.884334087371826,2.9765713214874268,3.0722665786743164,3.448518991470337,3.494307041168213
B9,2.6741132736206055,2.4469122886657715,2.0943193435668945,1.9542537927627563,1.5698788166046143,1.4622184038162231,1.1172091960906982,1.0343068838119507,0.8376690149307251,0.8779616355895996,1.0324950218200684,1.1366664171218872,1.4332995414733887,1.5789517164230347,1.9471728801727295,1.5546152591705322,1.6733866930007935,1.3394043445587158,1.4527405500411987,1.2000046968460083,0.8845934867858887,0.6128607988357544,0.3795657157897949,0.0,0.37931063771247864,0.617975115776062,0.9004345536231995,1.2222625017166138,1.462853193283081,1.824634075164795,1.5968234539031982,1.7888115644454956,1.5183196067810059,1.6665589809417725,1.5011149644851685,1.1113916635513306,0.9942660331726074,0.7615733742713928,0.7085018754005432,0.7343911528587341,0.8591573238372803,1.089849591255188,1.3358756303787231,1.6055164337158203,1.925214171409607,1.992321491241455,2.1840028762817383,1.939657211303711,2.0727102756500244,1.969357967376709,1.6184630393981934,1.6356537342071533,1.4440292119979858,1.4830485582351685,1.4411563873291016,1.4834206104278564,1.5966517925262451,1.7492554187774658,1.9785267114639282,2.2631778717041016,2.51965594291687,2.7863175868988037,2.645015001296997,2.8680357933044434,2.8921473026275635,2.8471062183380127,3.037203311920166,2.8147168159484863,3.15230131149292,3.115492343902588,2.9441490173339844,3.006444215774536,3.1335504055023193,3.5054214000701904,3.540205240249634
B10,2.899604082107544,2.6710517406463623,2.3187448978424072,2.144895076751709,1.7824125289916992,1.6008085012435913,1.267906665802002,1.08207106590271,0.8312390446662903,0.7497809529304504,0.8108059167861938,0.8363211154937744,1.1099897623062134,1.2289166450500488,1.597377061843872,1.3455950021743774,1.532789945602417,1.258050560951233,1.4656555652618408,1.2917797565460205,0.9715087413787842,0.8295415639877319,0.4628104865550995,0.37931063771247864,0.0,0.3780570924282074,0.5514005422592163,0.900351345539093,1.1069140434265137,1.4710060358047485,1.3641177415847778,1.6144975423812866,1.410896897315979,1.6358718872070312,1.5428364276885986,1.1578296422958374,1.1384929418563843,0.8255109786987305,0.8570376634597778,0.6960833072662354,0.8066810965538025,0.9029572010040283,1.1376285552978516,1.348085880279541,1.656869888305664,1.788069725036621,2.011657238006592,1.824708104133606,2.0060861110687256,1.9699904918670654,1.6328679323196411,1.724773645401001,1.4937880039215088,1.595536231994629,1.4701564311981201,1.5315141677856445,1.5520635843276978,1.7051582336425781,1.8690924644470215,2.1504404544830322,2.410102128982544,2.675708293914795,2.577167510986328,2.8005969524383545,2.876206159591675,2.8405723571777344,3.0728189945220947,2.8828229904174805,3.2358758449554443,3.225579023361206,3.08675217628479,3.1887378692626953,3.332068920135498,3.717508554458618,3.783923387527466
B11,3.065507650375366,2.80051326751709,2.473109722137451,2.2529072761535645,1.901961088180542,1.7098106145858765,1.3496723175048828,1.1961768865585327,0.8555405735969543,0.8498581647872925,0.7488872408866882,0.8561596274375916,1.0172767639160156,1.2121918201446533,1.5428504943847656,1.6263083219528198,1.855811595916748,1.611398696899414,1.838135838508606,1.669277310371399,1.3453963994979858,1.1786816120147705,0.829056978225708,0.617975115776062,0.3780570924282074,0.0,0.3845604360103607,0.6197025179862976,0.9177095293998718,1.2519341707229614,1.5387276411056519,1.8324309587478638,1.6686575412750244,1.9280695915222168,1.8234922885894775,1.4399157762527466,1.3748447895050049,1.0203640460968018,0.9504234790802002,0.7110291719436646,0.6306872367858887,0.6865308880805969,0.8209999799728394,1.0681184530258179,1.3456655740737915,1.7838633060455322,2.0615549087524414,1.9049923419952393,2.1411492824554443,2.1028451919555664,1.7461774349212646,1.8187270164489746,1.5266187191009521,1.589679479598999,1.3967077732086182,1.383046269416809,1.3540019989013672,1.4411706924438477,1.592347264289856,1.8383902311325073,2.3286490440368652,2.6277096271514893,2.57149600982666,2.8341176509857178,2.929672956466675,2.942129135131836,3.184995412826538,3.0298399925231934,3.3942599296569824,3.4185101985931396,3.3013923168182373,3.3952274322509766,3.569040298461914,3.953916072845459,4.023542404174805
B12,3.3506805896759033,3.1010358333587646,2.766252040863037,2.5454132556915283,2.2080342769622803,1.979015827178955,1.6479617357254028,1.4271600246429443,1.1106711626052856,0.9877167344093323,0.8215698003768921,0.77132248878479,0.859961748123169,0.9678692817687988,1.287244200706482,1.4729782342910767,1.7394790649414062,1.5648713111877441,1.8526344299316406,1.7415279150009155,1.4500638246536255,1.3617303371429443,0.9906478524208069,0.9004345536231995,0.5514005422592163,0.3845604360103607,0.0,0.3803318440914154,0.5637387037277222,0.9254835844039917,1.2914776802062988,1.6255404949188232,1.5367531776428223,1.8497159481048584,1.8111907243728638,1.4588650465011597,1.47968590259552,1.1082581281661987,1.1369842290878296,0.8064733743667603,0.7821266055107117,0.6350836753845215,0.7696259617805481,0.8768267035484314,1.1526070833206177,1.547481894493103,1.8424299955368042,1.7495522499084473,2.0182390213012695,2.0486769676208496,1.7273420095443726,1.8737341165542603,1.5771151781082153,1.7129467725753784,1.4706591367721558,1.512696623802185,1.3965542316436768,1.5135072469711304,1.5748615264892578,1.8282556533813477,2.197392702102661,2.477982521057129,2.458436965942383,2.705901622772217,2.8487472534179688,2.8605270385742188,3.1394214630126953,3.0133538246154785,3.38496732711792,3.429786443710327,3.3436756134033203,3.4774956703186035,3.661627769470215,4.057300567626953,4.159846782684326
B13,3.5658133029937744,3.2929959297180176,2.980015993118286,2.7229480743408203,2.407011032104492,2.1605334281921387,1.8313826322555542,1.6216137409210205,1.276113748550415,1.186082124710083,0.9102271199226379,0.8971908688545227,0.821627140045166,0.9793482422828674,1.2121416330337524,1.7544912099838257,2.0529563426971436,1.9108166694641113,2.212602138519287,2.117084503173828,1.8172465562820435,1.7264677286148071,1.3532320261001587,1.2222625017166138,0.900351345539093,0.6197025179862976,0.3803318440914154,0.0,0.38125699758529663,0.6464792490005493,1.5405452251434326,1.897666335105896,1.8553428649902344,2.1882975101470947,2.156219005584717,1.8134628534317017,1.8178144693374634,1.437205195426941,1.4179733991622925,1.0700589418411255,0.9262645244598389,0.6955936551094055,0.6261558532714844,0.6652125716209412,0.843185544013977,1.6436762809753418,1.9804898500442505,1.9390617609024048,2.2488057613372803,2.293095350265503,1.9749119281768799,2.1151158809661865,1.7849397659301758,1.8969224691390991,1.603503704071045,1.5865943431854248,1.402420163154602,1.4410521984100342,1.4428083896636963,1.6352647542953491,2.2290866374969482,2.528979539871216,2.563063621520996,2.8354249000549316,3.0067925453186035,3.057652473449707,3.3499319553375244,3.258444309234619,3.635930299758911,3.709123373031616,3.6437900066375732,3.7775251865386963,3.98184871673584,4.377211093902588,4.485284328460693
