,A1,A2,A3,A4,A5,A6,A7,A8,A9,A10,A11,A12,A13,A14,A15,B1,B2,B3,B4,B5,B6,B7,B8,B9,B10,B11,B12,B13,B14,B15,C1,C2,C3,C4,C5,C6,C7,C8,C9,C10,C11,C12,C13,C14,C15,D1,D2,D3,D4,D5,D6,D7,D8,D9,D10,D11,D12,D13,D14,D15,E1,E2,E3,E4,E5,E6,E7,E8,E9,E10,E11,E12,E13,E14,E15
A1,0.0,0.39452704787254333,0.5850767493247986,0.8945791721343994,1.1254006624221802,1.349076271057129,1.262665867805481,1.298736572265625,1.6319931745529175,1.745176911354065,1.6730334758758545,1.923348069190979,2.2363460063934326,2.3418216705322266,2.6782827377319336,3.239745855331421,3.0048744678497314,3.148176670074463,3.121628522872925,2.9739067554473877,3.349412679672241,3.456817150115967,3.197460889816284,3.3358235359191895,3.6822094917297363,3.660724639892578,3.618359327316284,3.9568862915039062,4.237407207489014,4.520511627197266,5.312254428863525,4.968085289001465,5.02040958404541,4.761348247528076,4.5512824058532715,4.738200664520264,5.063887596130371,4.902858257293701,4.793936252593994,5.127631664276123,5.362322807312012,5.267545700073242,5.402125358581543,5.777814865112305,5.985016822814941,5.182669162750244,4.795607089996338,4.7041754722595215,4.370291233062744,4.123166561126709,4.158184051513672,4.512246131896973,4.415787696838379,4.187253475189209,4.458646774291992,4.754690170288086,4.611605167388916,4.663482189178467,5.033514499664307,5.19467306137085,4.176649570465088,3.9108641147613525,3.607938289642334,3.39931321144104,3.111232280731201,2.918457269668579,3.0055723190307617,2.901519298553467,2.544370174407959,2.544645071029663,2.7075119018554688,2.4162678718566895,2.1851468086242676,2.4522175788879395,2.6315128803253174
A2,0.39452704787254333,0.0,0.3727366030216217,0.5579251646995544,0.7784183025360107,1.0247515439987183,1.0270425081253052,1.0632264614105225,1.3504647016525269,1.5021998882293701,1.5092780590057373,1.7461285591125488,2.0398645401000977,2.195622205734253,2.5190913677215576,2.9491655826568604,2.6938726902008057,2.8142595291137695,2.770766019821167,2.605677366256714,2.9764842987060547,3.0947797298431396,2.832667827606201,2.9570236206054688,3.307904005050659,3.300287961959839,3.2534000873565674,3.5848140716552734,3.874460220336914,4.15265417098999,4.933995246887207,4.590986728668213,4.6384382247924805,4.384306907653809,4.168234825134277,4.360231399536133,4.681558609008789,4.514540195465088,4.407776832580566,4.744656085968018,4.974347114562988,4.877929210662842,5.017631530761719,5.3923420906066895,5.604747295379639,4.842724323272705,4.456623554229736,4.360761642456055,4.036281108856201,3.7763547897338867,3.8226919174194336,4.170417785644531,4.058454990386963,3.8317317962646484,4.112689971923828,4.398736953735352,4.247476577758789,4.31102180480957,4.681819915771484,4.838512420654297,3.8689255714416504,3.5973310470581055,3.300234317779541,3.093165159225464,2.7875711917877197,2.6219780445098877,2.724846124649048,2.5960450172424316,2.238016366958618,2.2808971405029297,2.4490232467651367,2.148599624633789,1.956467628479004,2.2614994049072266,2.4539172649383545
A3,0.5850767493247986,0.3727366030216217,0.0,0.3860101103782654,0.6049507856369019,0.7798197269439697,0.6854512095451355,0.7559159398078918,1.0694246292114258,1.17034113407135,1.1520885229110718,1.4161587953567505,1.6996417045593262,1.8343305587768555,2.157027244567871,2.6715993881225586,2.446004867553711,2.582326889038086,2.5801734924316406,2.4390060901641846,2.821091413497925,2.903844118118286,2.647329568862915,2.8114418983459473,3.1460952758789062,3.1092355251312256,3.0884246826171875,3.4362168312072754,3.7023332118988037,3.9808173179626465,4.788018703460693,4.449005126953125,4.5238728523254395,4.270065784454346,4.080535411834717,4.2855448722839355,4.605712890625,4.449443817138672,4.369369029998779,4.705358505249023,4.929027557373047,4.8559112548828125,5.0124969482421875,5.379331588745117,5.5929670333862305,4.868531227111816,4.479474067687988,4.4084577560424805,4.096017837524414,3.836583375930786,3.9184682369232178,4.261606693267822,4.127607345581055,3.9238884449005127,4.225600719451904,4.491724967956543,4.3370890617370605,4.43146276473999,4.8001604080200195,4.955329418182373,4.074292182922363,3.7963168621063232,3.5093724727630615,3.3039183616638184,2.9788029193878174,2.8478848934173584,2.9695496559143066,2.8121466636657715,2.4593098163604736,2.546005964279175,2.708847761154175,2.3940184116363525,2.242143392562866,2.5666749477386475,2.7480757236480713
A4,0.8945791721343994,0.5579251646995544,0.3860101103782654,0.0,0.3769495189189911,0.48264172673225403,0.5771349668502808,0.7187854647636414,0.9148644804954529,1.0327296257019043,1.1493018865585327,1.4043384790420532,1.6322754621505737,1.8134737014770508,2.102602005004883,2.393291711807251,2.136683940887451,2.2612411975860596,2.2294921875,2.083127737045288,2.461822032928467,2.5671534538269043,2.3212056159973145,2.4734585285186768,2.811846971511841,2.8025100231170654,2.790914535522461,3.127948760986328,3.4064600467681885,3.6697075366973877,4.4285569190979,4.084681510925293,4.150584697723389,3.893296957015991,3.7001278400421143,3.9013328552246094,4.223109245300293,4.069860458374023,3.987044334411621,4.321211338043213,4.54806661605835,4.47867488861084,4.632876873016357,4.999019622802734,5.20987606048584,4.49603796005249,4.107558250427246,4.039175987243652,3.7334067821502686,3.470538854598999,3.5659470558166504,3.9050586223602295,3.762155055999756,3.568398952484131,3.878657102584839,4.135764122009277,3.983642578125,4.092706680297852,4.45861291885376,4.6180243492126465,3.8119003772735596,3.520996332168579,3.2514898777008057,3.037079095840454,2.702463388442993,2.596951723098755,2.747952938079834,2.579073905944824,2.2284483909606934,2.358961343765259,2.5406994819641113,2.236849784851074,2.124318838119507,2.47463321685791,2.6792075634002686
A5,1.1254006624221802,0.7784183025360107,0.6049507856369019,0.3769495189189911,0.0,0.37951675057411194,0.5534262657165527,0.5084717869758606,0.6347556114196777,0.8687602281570435,1.0190891027450562,1.1865957975387573,1.4250205755233765,1.6675000190734863,1.9572492837905884,2.294140338897705,2.047586679458618,2.115903854370117,2.106333017349243,1.9146174192428589,2.289095401763916,2.3672075271606445,2.0862550735473633,2.2311031818389893,2.572200298309326,2.5372700691223145,2.496454954147339,2.8399851322174072,3.1141412258148193,3.3970863819122314,4.243163108825684,3.9153623580932617,3.9934568405151367,3.761106252670288,3.564453363418579,3.7945680618286133,4.096813678741455,3.920228958129883,3.8588035106658936,4.20564079284668,4.406523704528809,4.329405307769775,4.508943557739258,4.86989164352417,5.102725982666016,4.502561569213867,4.120132923126221,4.039116382598877,3.755678176879883,3.466402769088745,3.5740039348602295,3.8940885066986084,3.72029185295105,3.5197982788085938,3.839229106903076,4.076294898986816,3.894641876220703,4.012223720550537,4.380048751831055,4.513381004333496,3.7197065353393555,3.4492666721343994,3.1711223125457764,2.9922935962677,2.637725353240967,2.576915740966797,2.704279661178589,2.489739418029785,2.1631784439086914,2.326911211013794,2.4632081985473633,2.1334574222564697,2.074031352996826,2.4350204467773438,2.6014201641082764
A6,1.349076271057129,1.0247515439987183,0.7798197269439697,0.48264172673225403,0.37951675057411194,0.0,0.3829844295978546,0.5482405424118042,0.5444678068161011,0.6382989287376404,0.8915225267410278,1.1097215414047241,1.2610753774642944,1.483788013458252,1.734636902809143,1.9471986293792725,1.7039997577667236,1.8100754022598267,1.8151686191558838,1.6729607582092285,2.0585176944732666,2.126955986022949,1.8812246322631836,2.0674185752868652,2.388892650604248,2.3566043376922607,2.369631767272949,2.7170591354370117,2.9760019779205322,3.2357771396636963,4.023494720458984,3.6881966590881348,3.7812657356262207,3.5340611934661865,3.36511492729187,3.588909149169922,3.900111198425293,3.7501139640808105,3.7022459506988525,4.03776741027832,4.248051166534424,4.200917720794678,4.380079746246338,4.733886241912842,4.952764511108398,4.336177825927734,3.9513189792633057,3.9030473232269287,3.626267671585083,3.353426218032837,3.494567394256592,3.8140523433685303,3.633225202560425,3.4669511318206787,3.801393747329712,4.022952079772949,3.8581924438476562,4.007022380828857,4.3662590980529785,4.514223098754883,3.844710111618042,3.5538923740386963,3.304124593734741,3.1050312519073486,2.7484633922576904,2.707301139831543,2.8755908012390137,2.663658857345581,2.3398044109344482,2.535665512084961,2.6998062133789062,2.38992977142334,2.3495054244995117,2.7198123931884766,2.908461570739746
A7,1.262665867805481,1.0270425081253052,0.6854512095451355,0.5771349668502808,0.5534262657165527,0.3829844295978546,0.0,0.3818759024143219,0.5471956133842468,0.5048245191574097,0.5982778668403625,0.8989620208740234,1.0901859998703003,1.2416757345199585,1.5294455289840698,2.0324532985687256,1.8476182222366333,1.9896268844604492,2.052088975906372,1.9470739364624023,2.334606170654297,2.359457015991211,2.1200380325317383,2.3437540531158447,2.6435728073120117,2.5691611766815186,2.5977985858917236,2.9609787464141846,3.1897430419921875,3.4576616287231445,4.284073352813721,3.9552290439605713,4.0715155601501465,3.824754238128662,3.6787171363830566,3.9061872959136963,4.216623306274414,4.0766215324401855,4.043837547302246,4.375333309173584,4.582848072052002,4.548558712005615,4.733911037445068,5.082660675048828,5.299289703369141,4.676000118255615,4.28964900970459,4.2563300132751465,3.977360248565674,3.7149293422698975,3.860236167907715,4.183230400085449,4.005302906036377,3.8450706005096436,4.1798176765441895,4.4015350341796875,4.23936653137207,4.389819145202637,4.7487640380859375,4.896864891052246,4.20844030380249,3.9216396808624268,3.6635212898254395,3.4657983779907227,3.112032175064087,3.0556440353393555,3.212553024291992,3.005760431289673,2.6762702465057373,2.848184108734131,3.004070281982422,2.681734085083008,2.615102529525757,2.974161386489868,3.1479384899139404
A8,1.298736572265625,1.0632264614105225,0.7559159398078918,0.7187854647636414,0.5084717869758606,0.5482405424118042,0.3818759024143219,0.0,0.3744041621685028,0.5402490496635437,0.5440678000450134,0.7057609558105469,0.990846574306488,1.2053531408309937,1.524922251701355,2.191577911376953,2.0218560695648193,2.1026313304901123,2.1835269927978516,2.025261402130127,2.403264284133911,2.402998208999634,2.119797468185425,2.3254363536834717,2.630812883377075,2.524418592453003,2.506101131439209,2.8757529258728027,3.1002402305603027,3.397691011428833,4.331003665924072,4.020127296447754,4.142314910888672,3.9224486351013184,3.76395583152771,4.016427516937256,4.307347297668457,4.138415813446045,4.117464542388916,4.462824821472168,4.645570278167725,4.592749118804932,4.797829627990723,5.145028114318848,5.384387493133545,4.850154876708984,4.469041347503662,4.412295818328857,4.144813060760498,3.857802391052246,3.9947428703308105,4.3054585456848145,4.11067008972168,3.9299099445343018,4.262689590454102,4.478049278259277,4.287562847137451,4.42811918258667,4.791777610778809,4.9136738777160645,4.170105457305908,3.909909248352051,3.6318655014038086,3.4694273471832275,3.1068782806396484,3.067201614379883,3.1853766441345215,2.951021671295166,2.639073610305786,2.808997392654419,2.918365240097046,2.572028875350952,2.5249619483947754,2.8775439262390137,3.008885145187378
A9,1.6319931745529175,1.3504647016525269,1.0694246292114258,0.9148644804954529,0.6347556114196777,0.5444678068161011,0.5471956133842468,0.3744041621685028,0.0,0.3741394877433777,0.5959993004798889,0.6428701281547546,0.8178407549858093,1.1146092414855957,1.3806322813034058,1.896733045578003,1.7285219430923462,1.770218014717102,1.8663803339004517,1.6955033540725708,2.0659892559051514,2.045159339904785,1.7560251951217651,1.9717051982879639,2.267414093017578,2.151728630065918,2.1412618160247803,2.5133213996887207,2.7316675186157227,3.0262415409088135,3.9737322330474854,3.670214891433716,3.8031044006347656,3.594501495361328,3.4452664852142334,3.711651086807251,3.9913034439086914,3.8200175762176514,3.8187010288238525,4.164480686187744,4.3338494300842285,4.290451526641846,4.509893894195557,4.848433971405029,5.093942642211914,4.6337666511535645,4.259078502655029,4.208683013916016,3.9632976055145264,3.668226718902588,3.8296453952789307,4.123291015625,3.9048047065734863,3.7397854328155518,4.0840959548950195,4.274966239929199,4.075666904449463,4.239189147949219,4.59628438949585,4.708972454071045,4.061941623687744,3.8027679920196533,3.541883707046509,3.3903470039367676,3.017585039138794,3.021937370300293,3.152869462966919,2.893620729446411,2.6038379669189453,2.817978620529175,2.920025110244751,2.579610824584961,2.5843873023986816,2.949993371963501,3.079286813735962
A10,1.745176911354065,1.5021998882293701,1.17034113407135,1.0327296257019043,0.8687602281570435,0.6382989287376404,0.5048245191574097,0.5402490496635437,0.3741394877433777,0.0,0.40308091044425964,0.5757054686546326,0.6360540986061096,0.8549453616142273,1.1030539274215698,1.6832618713378906,1.557255744934082,1.6631619930267334,1.8021368980407715,1.7067365646362305,2.080329656600952,2.0338921546936035,1.792884349822998,2.059551239013672,2.321960926055908,2.194979667663574,2.2462499141693115,2.6209499835968018,2.8100645542144775,3.081211805343628,3.9739630222320557,3.6658403873443604,3.8190176486968994,3.5949485301971436,3.480421543121338,3.736123561859131,4.024796485900879,3.884636640548706,3.896130084991455,4.227059364318848,4.40703821182251,4.39419412612915,4.609780788421631,4.940560817718506,5.169095993041992,4.672761917114258,4.295925140380859,4.278924465179443,4.034156799316406,3.761824369430542,3.945668935775757,4.243286609649658,4.028178691864014,3.8918471336364746,4.243813514709473,4.427716255187988,4.248537540435791,4.432298183441162,4.7821831703186035,4.910981178283691,4.3383259773254395,4.0620269775390625,3.8179538249969482,3.644883871078491,3.2759976387023926,3.275641679763794,3.4337520599365234,3.1884939670562744,2.889772653579712,3.107224225997925,3.2355844974517822,2.906231641769409,2.898075580596924,3.2667059898376465,3.415569305419922
A11,1.6730334758758545,1.5092780590057373,1.1520885229110718,1.1493018865585327,1.0190891027450562,0.8915225267410278,0.5982778668403625,0.5440678000450134,0.5959993004798889,0.40308091044425964,0.0,0.3798210322856903,0.5860599875450134,0.6879149675369263,1.022111415863037,1.9844831228256226,1.9052108526229858,2.0240514278411865,2.189091920852661,2.101487398147583,2.4699819087982178,2.4010703563690186,2.1552937030792236,2.4263200759887695,2.6790413856506348,2.520745277404785,2.5601155757904053,2.941054344177246,3.1091620922088623,3.3946354389190674,4.337793350219727,4.0388875007629395,4.203387260437012,3.9850099086761475,3.8767189979553223,4.135843753814697,4.421501636505127,4.279363632202148,4.295450210571289,4.627633571624756,4.803070068359375,4.788283824920654,5.007879734039307,5.338210582733154,5.5699334144592285,5.067506313323975,4.688670635223389,4.670498371124268,4.418317794799805,4.1474738121032715,4.320990085601807,4.624698162078857,4.415776252746582,4.269747257232666,4.617183208465576,4.809676170349121,4.626741409301758,4.799320697784424,5.153628349304199,5.278308868408203,4.639134883880615,4.372040748596191,4.1102190017700195,3.9432241916656494,3.5763745307922363,3.5548272132873535,3.691596031188965,3.450770854949951,3.14452862739563,3.332101583480835,3.446277618408203,3.101810932159424,3.0656604766845703,3.4204626083374023,3.549243927001953
A12,1.923348069190979,1.7461285591125488,1.4161587953567505,1.4043384790420532,1.1865957975387573,1.1097215414047241,0.8989620208740234,0.7057609558105469,0.6428701281547546,0.5757054686546326,0.3798210322856903,0.0,0.38272330164909363,0.605944812297821,0.9309289455413818,2.0241847038269043,1.975406527519226,2.031177282333374,2.2276241779327393,2.1076650619506836,2.4540765285491943,2.343620777130127,2.072012186050415,2.338331460952759,2.5743138790130615,2.3735311031341553,2.3855316638946533,2.7692322731018066,2.9140408039093018,3.2200560569763184,4.259640216827393,3.984029531478882,4.16431999206543,3.9752397537231445,3.8697495460510254,4.153910160064697,4.416091442108154,4.254483222961426,4.294254779815674,4.633594036102295,4.780869483947754,4.760918617248535,5.003712177276611,5.324824810028076,5.5755934715271,5.180936336517334,4.8102498054504395,4.781571388244629,4.549539089202881,4.260197639465332,4.440533638000488,4.726286888122559,4.494356155395508,4.3440704345703125,4.694599151611328,4.868597507476807,4.661998271942139,4.839388847351074,5.191769123077393,5.291669845581055,4.6649699211120605,4.419701099395752,4.152968406677246,4.017403602600098,3.642444610595703,3.65159273147583,3.765799045562744,3.496612071990967,3.215268611907959,3.4174554347991943,3.494093656539917,3.137995719909668,3.1366193294525146,3.4878952503204346,3.5820016860961914
A13,2.2363460063934326,2.0398645401000977,1.6996417045593262,1.6322754621505737,1.4250205755233765,1.2610753774642944,1.0901859998703003,0.990846574306488,0.8178407549858093,0.6360540986061096,0.5860599875450134,0.38272330164909363,0.0,0.38112524151802063,0.6070123314857483,1.722795844078064,1.7283809185028076,1.783542513847351,2.027531385421753,1.9500521421432495,2.2754645347595215,2.1229472160339355,1.8855538368225098,2.1875436305999756,2.3819944858551025,2.1589200496673584,2.2184152603149414,2.5992205142974854,2.7100839614868164,2.9965217113494873,4.015192985534668,3.748281478881836,3.9520652294158936,3.7671756744384766,3.6941115856170654,3.9815802574157715,4.2357587814331055,4.092283248901367,4.157421112060547,4.485090255737305,4.62507438659668,4.631649017333984,4.883017539978027,5.18973445892334,5.434403896331787,5.082798957824707,4.718886375427246,4.714460849761963,4.501605987548828,4.221500396728516,4.4305500984191895,4.703598976135254,4.457561016082764,4.336025714874268,4.696471691131592,4.847102642059326,4.646292209625244,4.850707530975342,5.192085266113281,5.293213367462158,4.7799201011657715,4.527279376983643,4.282499313354492,4.143435478210449,3.765922784805298,3.80104398727417,3.9373104572296143,3.660794973373413,3.3899965286254883,3.620755910873413,3.7071285247802734,3.361880302429199,3.3851938247680664,3.746640920639038,3.851482391357422
A14,2.3418216705322266,2.195622205734253,1.8343305587768555,1.8134737014770508,1.6675000190734863,1.483788013458252,1.2416757345199585,1.2053531408309937,1.1146092414855957,0.8549453616142273,0.6879149675369263,0.605944812297821,0.38112524151802063,0.0,0.3644026517868042,1.8093312978744507,1.8678659200668335,1.9769880771636963,2.243751287460327,2.219283103942871,2.5404536724090576,2.375734806060791,2.176490068435669,2.4993155002593994,2.670551061630249,2.4414255619049072,2.5348479747772217,2.9102869033813477,2.995828628540039,3.264724016189575,4.242364406585693,3.976480484008789,4.194492816925049,3.999873399734497,3.9517908096313477,4.227965354919434,4.48795747756958,4.367010593414307,4.437953948974609,4.754132270812988,4.902072906494141,4.927525520324707,5.173795700073242,5.475618839263916,5.7073974609375,5.317154407501221,4.951323509216309,4.968297958374023,4.750473499298096,4.487868309020996,4.703977108001709,4.984106063842773,4.746613502502441,4.638228416442871,5.000271797180176,5.153224468231201,4.966407299041748,5.176753520965576,5.51599645614624,5.628574848175049,5.127234935760498,4.8649468421936035,4.622274875640869,4.468585014343262,4.094342231750488,4.113436698913574,4.2595062255859375,3.995875835418701,3.7121176719665527,3.9314308166503906,4.0323662757873535,3.687481164932251,3.687966823577881,4.047497749328613,4.16065788269043
A15,2.6782827377319336,2.5190913677215576,2.157027244567871,2.102602005004883,1.9572492837905884,1.734636902809143,1.5294455289840698,1.524922251701355,1.3806322813034058,1.1030539274215698,1.022111415863037,0.9309289455413818,0.6070123314857483,0.3644026517868042,0.0,1.6388298273086548,1.7689626216888428,1.8758759498596191,2.18375301361084,2.2031500339508057,2.4910366535186768,2.286773681640625,2.130303382873535,2.4742584228515625,2.5979959964752197,2.3496477603912354,2.4845988750457764,2.8461110591888428,2.8918650150299072,3.1366946697235107,4.086348056793213,3.8348731994628906,4.076287269592285,3.8899755477905273,3.8759844303131104,4.153136730194092,4.401175022125244,4.298519134521484,4.3946709632873535,4.696868896484375,4.834771633148193,4.885209560394287,5.139097213745117,5.424454212188721,5.649967193603516,5.307711124420166,4.951093673706055,4.990120887756348,4.791936874389648,4.539179801940918,4.7788543701171875,5.045180797576904,4.796064376831055,4.713247776031494,5.081335067749023,5.212147235870361,5.030243396759033,5.262588977813721,5.590381145477295,5.701772212982178,5.296736240386963,5.031411170959473,4.806565761566162,4.6531195640563965,4.278489589691162,4.319001197814941,4.4792280197143555,4.209383487701416,3.9365315437316895,4.176311492919922,4.281030654907227,3.9439704418182373,3.964155673980713,4.32969331741333,4.447327613830566
B1,3.239745855331421,2.9491655826568604,2.6715993881225586,2.393291711807251,2.294140338897705,1.9471986293792725,2.0324532985687256,2.191577911376953,1.896733045578003,1.6832618713378906,1.9844831228256226,2.0241847038269043,1.722795844078064,1.8093312978744507,1.6388298273086548,0.0,0.38703662157058716,0.5632995963096619,0.8625534176826477,1.137387752532959,1.2766669988632202,1.1169562339782715,1.2400344610214233,1.5737659931182861,1.5873863697052002,1.5265533924102783,1.841593623161316,2.0880537033081055,2.1595757007598877,2.237075090408325,2.7095205783843994,2.409773111343384,2.6350350379943848,2.3971312046051025,2.447206974029541,2.670336961746216,2.9329798221588135,2.9150731563568115,3.0195746421813965,3.265287399291992,3.4354617595672607,3.55647873878479,3.774252414703369,4.0326714515686035,4.203978538513184,3.8572850227355957,3.5295214653015137,3.637070417404175,3.498037815093994,3.3003900051116943,3.6103668212890625,3.8286876678466797,3.57125186920166,3.592440366744995,3.963294506072998,4.030511856079102,3.909773588180542,4.208957195281982,4.484236717224121,4.631361484527588,4.631567001342773,4.328134059906006,4.21256160736084,4.023604393005371,3.6868174076080322,3.796649932861328,4.047974109649658,3.8078811168670654,3.584449291229248,3.8995606899261475,4.070209503173828,3.828925371170044,3.919053077697754,4.297362804412842,4.492907524108887
B2,3.0048744678497314,2.6938726902008057,2.446004867553711,2.136683940887451,2.047586679458618,1.7039997577667236,1.8476182222366333,2.0218560695648193,1.7285219430923462,1.557255744934082,1.9052108526229858,1.975406527519226,1.7283809185028076,1.8678659200668335,1.7689626216888428,0.38703662157058716,0.0,0.3847348988056183,0.5604212284088135,0.8379042148590088,1.0366511344909668,0.9804947376251221,1.0729209184646606,1.377825379371643,1.4613853693008423,1.4704121351242065,1.7494937181472778,2.001079797744751,2.139726161956787,2.231826066970825,2.68279767036438,2.35172438621521,2.531153440475464,2.2686822414398193,2.265371561050415,2.4816136360168457,2.771008253097534,2.734995126724243,2.7999088764190674,3.0631110668182373,3.256671905517578,3.350848913192749,3.5534324645996094,3.835324764251709,4.009354114532471,3.5890538692474365,3.246703863143921,3.333367109298706,3.1737663745880127,2.965285539627075,3.2626380920410156,3.495378255844116,3.246635913848877,3.251342535018921,3.622227668762207,3.7089731693267822,3.59017276763916,3.8771564960479736,4.162169456481934,4.3190789222717285,4.276205539703369,3.9650864601135254,3.849445343017578,3.650545835494995,3.316781997680664,3.419687271118164,3.678070306777954,3.448052167892456,3.2214810848236084,3.535778522491455,3.717951774597168,3.488727331161499,3.5765066146850586,3.952943801879883,4.1611504554748535
B3,3.148176670074463,2.8142595291137695,2.582326889038086,2.2612411975860596,2.115903854370117,1.8100754022598267,1.9896268844604492,2.1026313304901123,1.770218014717102,1.6631619930267334,2.0240514278411865,2.031177282333374,1.783542513847351,1.9769880771636963,1.8758759498596191,0.5632995963096619,0.3847348988056183,0.0,0.38173630833625793,0.5935197472572327,0.7305706739425659,0.6043425798416138,0.71772301197052,1.0272154808044434,1.0828686952590942,1.0903873443603516,1.379193902015686,1.618874192237854,1.7581647634506226,1.8546417951583862,2.3954951763153076,2.0774428844451904,2.2682995796203613,2.039843797683716,2.0252864360809326,2.2827649116516113,2.544485569000244,2.4754638671875,2.5666885375976562,2.8452959060668945,3.006770133972168,3.090747594833374,3.3213093280792236,3.5971627235412598,3.7969717979431152,3.516190767288208,3.187016010284424,3.250607967376709,3.1198995113372803,2.883892297744751,3.1868369579315186,3.393047332763672,3.11430287361145,3.114341974258423,3.4879987239837646,3.5500476360321045,3.4036169052124023,3.6990294456481934,3.979891777038574,4.110257625579834,4.109212875366211,3.818586587905884,3.7077419757843018,3.5402612686157227,3.202584981918335,3.3442790508270264,3.5853946208953857,3.330939769744873,3.1361260414123535,3.4702279567718506,3.622366189956665,3.395582675933838,3.521883010864258,3.8942389488220215,4.080174922943115
B4,3.121628522872925,2.770766019821167,2.5801734924316406,2.2294921875,2.106333017349243,1.8151686191558838,2.052088975906372,2.1835269927978516,1.8663803339004517,1.8021368980407715,2.189091920852661,2.2276241779327393,2.027531385421753,2.243751287460327,2.18375301361084,0.8625534176826477,0.5604212284088135,0.38173630833625793,0.0,0.3855854272842407,0.5045933127403259,0.602308452129364,0.7423697710037231,0.9408355951309204,1.0449131727218628,1.179952621459961,1.4285959005355835,1.6266536712646484,1.8259629011154175,1.8983362913131714,2.29949951171875,1.9493849277496338,2.0846614837646484,1.8243095874786377,1.765138864517212,2.0018811225891113,2.2914528846740723,2.2210538387298584,2.2721660137176514,2.5562660694122314,2.746183395385742,2.8162119388580322,3.0240442752838135,3.3167595863342285,3.508789539337158,3.1601736545562744,2.823887586593628,2.8784523010253906,2.7407541275024414,2.503741979598999,2.8065972328186035,3.015930414199829,2.743621826171875,2.7467753887176514,3.119743585586548,3.188347101211548,3.0546231269836426,3.3493635654449463,3.6295034885406494,3.77467942237854,3.8003554344177246,3.4987878799438477,3.4067933559417725,3.2265846729278564,2.902273178100586,3.0481321811676025,3.306403160095215,3.0694048404693604,2.883902072906494,3.2228777408599854,3.3922181129455566,3.1944034099578857,3.3260891437530518,3.691765785217285,3.89638352394104
B5,2.9739067554473877,2.605677366256714,2.4390060901641846,2.083127737045288,1.9146174192428589,1.6729607582092285,1.9470739364624023,2.025261402130127,1.6955033540725708,1.7067365646362305,2.101487398147583,2.1076650619506836,1.9500521421432495,2.219283103942871,2.2031500339508057,1.137387752532959,0.8379042148590088,0.5935197472572327,0.3855854272842407,0.0,0.38836193084716797,0.5522698163986206,0.5046437382698059,0.6485661864280701,0.8704670667648315,1.0169113874435425,1.1791965961456299,1.4034045934677124,1.6595697402954102,1.7879050970077515,2.3530964851379395,2.015637159347534,2.12729811668396,1.9007219076156616,1.7754385471343994,2.046651840209961,2.3205907344818115,2.18815541267395,2.225151538848877,2.5452864170074463,2.715646505355835,2.7371370792388916,2.96232008934021,3.2716400623321533,3.4963393211364746,3.206125497817993,2.8678829669952393,2.8705265522003174,2.7267370223999023,2.4469075202941895,2.7228996753692627,2.9327871799468994,2.6464731693267822,2.604198455810547,2.9785449504852295,3.0582563877105713,2.887582778930664,3.1631994247436523,3.460939884185791,3.584028959274292,3.5185327529907227,3.233038902282715,3.1200459003448486,2.9641573429107666,2.6255757808685303,2.7871365547180176,3.020824909210205,2.7607431411743164,2.587214231491089,2.9339864253997803,3.0768542289733887,2.870295286178589,3.0231711864471436,3.3865373134613037,3.571880340576172
B6,3.349412679672241,2.9764842987060547,2.821091413497925,2.461822032928467,2.289095401763916,2.0585176944732666,2.334606170654297,2.403264284133911,2.0659892559051514,2.080329656600952,2.4699819087982178,2.4540765285491943,2.2754645347595215,2.5404536724090576,2.4910366535186768,1.2766669988632202,1.0366511344909668,0.7305706739425659,0.5045933127403259,0.38836193084716797,0.0,0.3799412250518799,0.5374970436096191,0.538965106010437,0.6246622800827026,0.8838849067687988,1.0818442106246948,1.2087268829345703,1.451636791229248,1.513121247291565,1.9684845209121704,1.630721926689148,1.7439855337142944,1.5326083898544312,1.4202568531036377,1.7132805585861206,1.9644449949264526,1.8334420919418335,1.9042130708694458,2.2162160873413086,2.3665316104888916,2.4085328578948975,2.6490116119384766,2.9404640197753906,3.1686301231384277,3.0015945434570312,2.688504934310913,2.7012856006622314,2.606203556060791,2.3321495056152344,2.6344008445739746,2.8010904788970947,2.49014949798584,2.4855754375457764,2.856701135635376,2.890188217163086,2.7194652557373047,3.023743152618408,3.2958168983459473,3.4062602519989014,3.504249095916748,3.231321096420288,3.1558609008789062,3.019371271133423,2.701321840286255,2.902904510498047,3.1382551193237305,2.8779945373535156,2.747018575668335,3.108150005340576,3.2391879558563232,3.0611867904663086,3.245325803756714,3.595745325088501,3.7745468616485596
B7,3.456817150115967,3.0947797298431396,2.903844118118286,2.5671534538269043,2.3672075271606445,2.126955986022949,2.359457015991211,2.402998208999634,2.045159339904785,2.0338921546936035,2.4010703563690186,2.343620777130127,2.1229472160339355,2.375734806060791,2.286773681640625,1.1169562339782715,0.9804947376251221,0.6043425798416138,0.602308452129364,0.5522698163986206,0.3799412250518799,0.0,0.376327246427536,0.5405439138412476,0.4872609078884125,0.6031129956245422,0.8959497809410095,1.0585823059082031,1.2267662286758423,1.3062167167663574,1.9404956102371216,1.6429396867752075,1.829236626625061,1.663366436958313,1.6160757541656494,1.9326509237289429,2.142695188522339,2.016775131225586,2.1443734169006348,2.442695379257202,2.5525949001312256,2.6161839962005615,2.88512921333313,3.149980306625366,3.3870296478271484,3.3234615325927734,3.023359775543213,3.049720525741577,2.9705638885498047,2.7014896869659424,3.0077896118164062,3.163468599319458,2.8438100814819336,2.843458414077759,3.21213960647583,3.229510545730591,3.0463316440582275,3.3544280529022217,3.6202805042266846,3.710282564163208,3.810577869415283,3.553619861602783,3.464484453201294,3.3461570739746094,3.017578125,3.2214465141296387,3.438504457473755,3.158813238143921,3.0256247520446777,3.3852040767669678,3.494959831237793,3.2910315990448,3.477428674697876,3.8331081867218018,3.990070104598999
B8,3.197460889816284,2.832667827606201,2.647329568862915,2.3212056159973145,2.0862550735473633,1.8812246322631836,2.1200380325317383,2.119797468185425,1.7560251951217651,1.792884349822998,2.1552937030792236,2.072012186050415,1.8855538368225098,2.176490068435669,2.130303382873535,1.2400344610214233,1.0729209184646606,0.71772301197052,0.7423697710037231,0.5046437382698059,0.5374970436096191,0.376327246427536,0.0,0.3691045045852661,0.5328856706619263,0.5399397015571594,0.7090823650360107,0.9803369641304016,1.2055870294570923,1.388022780418396,2.2252633571624756,1.943638563156128,2.10834002494812,1.960031270980835,1.8596868515014648,2.187171459197998,2.3962819576263428,2.225508689880371,2.3278660774230957,2.6543712615966797,2.75748348236084,2.7755379676818848,3.051225423812866,3.3345515727996826,3.5939548015594482,3.5167174339294434,3.2040138244628906,3.19218111038208,3.0874502658843994,2.7888102531433105,3.063905715942383,3.2379684448242188,2.9202661514282227,2.8711323738098145,3.2400083541870117,3.2847702503204346,3.073625326156616,3.3534462451934814,3.6426758766174316,3.719013214111328,3.6727285385131836,3.426964521408081,3.302812337875366,3.199183464050293,2.852205991744995,3.048762798309326,3.2400569915771484,2.9412076473236084,2.800368309020996,3.154632568359375,3.2427890300750732,3.015108108520508,3.2028307914733887,3.5601847171783447,3.69848895072937
B9,3.3358235359191895,2.9570236206054688,2.8114418983459473,2.4734585285186768,2.2311031818389893,2.0674185752868652,2.3437540531158447,2.3254363536834717,1.9717051982879639,2.059551239013672,2.4263200759887695,2.338331460952759,2.1875436305999756,2.4993155002593994,2.4742584228515625,1.5737659931182861,1.377825379371643,1.0272154808044434,0.9408355951309204,0.6485661864280701,0.538965106010437,0.5405439138412476,0.3691045045852661,0.0,0.3741133511066437,0.5699772834777832,0.6012850999832153,0.7780618667602539,1.0869910717010498,1.2571988105773926,2.0728445053100586,1.7977321147918701,1.9184411764144897,1.7977322340011597,1.6450371742248535,1.9874123334884644,2.1757235527038574,1.9632925987243652,2.056356191635132,2.39884877204895,2.4848134517669678,2.4717423915863037,2.756265878677368,3.0444934368133545,3.3226284980773926,3.322812080383301,3.024219512939453,2.981381416320801,2.8973283767700195,2.579859495162964,2.845391035079956,2.9946553707122803,2.661792039871216,2.603496551513672,2.965440273284912,2.9938817024230957,2.7633090019226074,3.042337417602539,3.3265464305877686,3.3849356174468994,3.380737781524658,3.1510212421417236,3.043156385421753,2.9640896320343018,2.6287636756896973,2.85945463180542,3.0400595664978027,2.735454559326172,2.634648323059082,3.0005927085876465,3.0705971717834473,2.869436740875244,3.090343952178955,3.432229518890381,3.5617189407348633
B10,3.6822094917297363,3.307904005050659,3.1460952758789062,2.811846971511841,2.572200298309326,2.388892650604248,2.6435728073120117,2.630812883377075,2.267414093017578,2.321960926055908,2.6790413856506348,2.5743138790130615,2.3819944858551025,2.670551061630249,2.5979959964752197,1.5873863697052002,1.4613853693008423,1.0828686952590942,1.0449131727218628,0.8704670667648315,0.6246622800827026,0.4872609078884125,0.5328856706619263,0.3741133511066437,0.0,0.38843417167663574,0.5563504695892334,0.6010216474533081,0.8296443223953247,0.9280361533164978,1.754555344581604,1.5066732168197632,1.67484712600708,1.5951006412506104,1.503131628036499,1.8642997741699219,2.0099101066589355,1.8145320415496826,1.9705077409744263,2.2870876789093018,2.336888074874878,2.3636958599090576,2.6704142093658447,2.9241602420806885,3.201258897781372,3.3326945304870605,3.0602049827575684,3.04390025138855,3.002089262008667,2.70444655418396,2.9952733516693115,3.1098241806030273,2.7624967098236084,2.7461588382720947,3.1017322540283203,3.086782693862915,2.8633008003234863,3.1683578491210938,3.4237382411956787,3.469289541244507,3.6124980449676514,3.394108772277832,3.3133881092071533,3.24582576751709,2.9260671138763428,3.1749460697174072,3.3580849170684814,3.055954933166504,2.9752368927001953,3.34515380859375,3.409691095352173,3.219841241836548,3.4512622356414795,3.787743330001831,3.9112887382507324
B11,3.660724639892578,3.300287961959839,3.1092355251312256,2.8025100231170654,2.5372700691223145,2.3566043376922607,2.5691611766815186,2.524418592453003,2.151728630065918,2.194979667663574,2.520745277404785,2.3735311031341553,2.1589200496673584,2.4414255619049072,2.3496477603912354,1.5265533924102783,1.4704121351242065,1.0903873443603516,1.179952621459961,1.0169113874435425,0.8838849067687988,0.6031129956245422,0.5399397015571594,0.5699772834777832,0.38843417167663574,0.0,0.37924912571907043,0.5730888843536377,0.6889923810958862,0.8920219540596008,1.9672396183013916,1.762711524963379,1.9779632091522217,1.9217290878295898,1.8668547868728638,2.2289535999298096,2.358969211578369,2.1693949699401855,2.3454854488372803,2.6548502445220947,2.684345006942749,2.715822219848633,3.0347366333007812,3.2753114700317383,3.5579335689544678,3.7159037590026855,3.440276861190796,3.428121566772461,3.3771286010742188,3.0772838592529297,3.3622422218322754,3.487029790878296,3.1416544914245605,3.1116137504577637,3.467759609222412,3.460552215576172,3.2263314723968506,3.520766496658325,3.7827112674713135,3.815678358078003,3.8850998878479004,3.677565574645996,3.569382667541504,3.5120017528533936,3.176276922225952,3.412614583969116,3.576561212539673,3.257554054260254,3.161945343017578,3.5234663486480713,3.5697615146636963,3.3473663330078125,3.570929765701294,3.913414239883423,4.015493869781494
B12,3.618359327316284,3.2534000873565674,3.0884246826171875,2.790914535522461,2.496454954147339,2.369631767272949,2.5977985858917236,2.506101131439209,2.1412618160247803,2.2462499141693115,2.5601155757904053,2.3855316638946533,2.2184152603149414,2.5348479747772217,2.4845988750457764,1.841593623161316,1.7494937181472778,1.379193902015686,1.4285959005355835,1.1791965961456299,1.0818442106246948,0.8959497809410095,0.7090823650360107,0.6012850999832153,0.5563504695892334,0.37924912571907043,0.0,0.38375070691108704,0.6226739883422852,0.9320839643478394,2.1337974071502686,1.9521400928497314,2.127565383911133,2.1017682552337646,1.991700530052185,2.3631904125213623,2.474982976913452,2.2351443767547607,2.3926734924316406,2.72292160987854,2.7307302951812744,2.712827444076538,3.0422005653381348,3.2913782596588135,3.6005494594573975,3.80954909324646,3.537137031555176,3.483760356903076,3.430755376815796,3.104750633239746,3.360699415206909,3.479346990585327,3.128995895385742,3.0617332458496094,3.4076833724975586,3.4059221744537354,3.140399694442749,3.4104669094085693,3.6809377670288086,3.686652898788452,3.676758050918579,3.496169090270996,3.37184476852417,3.3481228351593018,3.0109212398529053,3.2614126205444336,3.3918750286102295,3.055201530456543,2.98382568359375,3.342364549636841,3.352947473526001,3.128246545791626,3.3738274574279785,3.7028844356536865,3.7767794132232666
B13,3.9568862915039062,3.5848140716552734,3.4362168312072754,3.127948760986328,2.8399851322174072,2.7170591354370117,2.9609787464141846,2.8757529258728027,2.5133213996887207,2.6209499835968018,2.941054344177246,2.7692322731018066,2.5992205142974854,2.9102869033813477,2.8461110591888428,2.0880537033081055,2.001079797744751,1.618874192237854,1.6266536712646484,1.4034045934677124,1.2087268829345703,1.0585823059082031,0.9803369641304016,0.7780618667602539,0.6010216474533081,0.5730888843536377,0.38375070691108704,0.0,0.385858416557312,0.6392396092414856,1.8564282655715942,1.7175102233886719,1.8822160959243774,1.9144089221954346,1.8084479570388794,2.1872618198394775,2.247274398803711,1.9898372888565063,2.1793270111083984,2.4952282905578613,2.4599125385284424,2.442092180252075,2.7899582386016846,3.0139825344085693,3.334883689880371,3.6886978149414062,3.446453094482422,3.388524055480957,3.3769705295562744,3.055694103240967,3.3169920444488525,3.3945512771606445,3.02972412109375,2.984154462814331,3.3153953552246094,3.2728540897369385,3.001271963119507,3.2842347621917725,3.527695417404175,3.5102477073669434,3.637056827545166,3.476696252822876,3.3856279850006104,3.385194778442383,3.071507692337036,3.35364031791687,3.4804279804229736,3.147806406021118,3.116865873336792,3.4826786518096924,3.4816431999206543,3.28824520111084,3.5591859817504883,3.871999740600586,3.9398763179779053
