,A1,A2,A3,A4,A5,A6,A7,A8,A9,A10,A11,A12,A13,A14,A15,B1,B2,B3,B4,B5,B6,B7,B8,B9,B10,B11,B12,B13,B14,B15,C1,C2,C3,C4,C5,C6,C7,C8,C9,C10,C11,C12,C13,C14,C15,D1,D2,D3,D4,D5,D6,D7,D8,D9,D10,D11,D12,D13,D14,D15,E1,E2,E3,E4,E5,E6,E7,E8,E9,E10,E11,E12,E13,E14,E15
A1,0.0,0.3818989098072052,0.5870948433876038,0.920237123966217,1.1453871726989746,1.368097186088562,1.2484145164489746,1.2930974960327148,1.6336030960083008,1.7125433683395386,1.6344412565231323,1.9253379106521606,2.1566362380981445,2.1609041690826416,2.52502703666687,2.8943722248077393,3.0173537731170654,3.243483304977417,3.307000160217285,3.218587875366211,3.614577531814575,3.8034064769744873,3.53464674949646,3.6537158489227295,3.9798662662506104,4.038721084594727,4.320392608642578,4.306863307952881,4.394383430480957,4.45377779006958,2.906332015991211,2.911790609359741,2.9370815753936768,2.775290012359619,3.085716485977173,3.1000585556030273,2.8172237873077393,2.95619797706604,3.2973408699035645,3.170585870742798,3.04561448097229,3.3814845085144043,3.623809576034546,3.5214438438415527,3.669994592666626,3.8949320316314697,3.9016506671905518,4.080764293670654,4.0429911613464355,3.9029107093811035,4.191799640655518,4.463399410247803,4.339051246643066,4.354614734649658,4.718182563781738,4.857485294342041,4.873397350311279,5.085582733154297,5.416511058807373,5.545982837677002,4.481872081756592,4.2322282791137695,3.9857850074768066,3.7850589752197266,3.4431188106536865,3.3511476516723633,3.552943706512451,3.3845906257629395,3.026139736175537,3.1576573848724365,3.3689637184143066,3.0489978790283203,2.8912529945373535,3.2128307819366455,3.3345701694488525
A2,0.3818989098072052,0.0,0.3670419752597809,0.5864008069038391,0.8094202280044556,1.0440380573272705,1.004456639289856,1.067207932472229,1.3620785474777222,1.4719245433807373,1.4694770574569702,1.7488203048706055,1.9566010236740112,2.0160415172576904,2.39643931388855,2.604353427886963,2.702049732208252,2.925133228302002,2.964195966720581,2.8644979000091553,3.2541604042053223,3.456068515777588,3.1989338397979736,3.301274299621582,3.632596254348755,3.7088043689727783,3.9847514629364014,3.9739742279052734,4.079153060913086,4.1497650146484375,2.557086706161499,2.5439693927764893,2.571274995803833,2.4021806716918945,2.7199056148529053,2.731088161468506,2.459632158279419,2.613436698913574,2.952754497528076,2.8328588008880615,2.7320315837860107,3.0788731575012207,3.317744731903076,3.2288010120391846,3.40324068069458,3.5489439964294434,3.540924310684204,3.717186689376831,3.669326066970825,3.5297958850860596,3.8141260147094727,4.089924335479736,3.972487211227417,3.9850716590881348,4.345747470855713,4.4912919998168945,4.5130934715271,4.720556735992432,5.0513763427734375,5.188988208770752,4.158663272857666,3.897728681564331,3.665571689605713,3.458178758621216,3.1158628463745117,3.030395269393921,3.253772258758545,3.093369722366333,2.733407735824585,2.883031129837036,3.1133852005004883,2.8087456226348877,2.6611523628234863,3.0007119178771973,3.1508426666259766
A3,0.5870948433876038,0.3670419752597809,0.0,0.4126739501953125,0.60567307472229,0.8070830702781677,0.6857170462608337,0.7237117886543274,1.0491269826889038,1.1423158645629883,1.1073997020721436,1.3883785009384155,1.604305386543274,1.659534215927124,2.0371456146240234,2.311178207397461,2.4427475929260254,2.6613481044769287,2.7395853996276855,2.6702687740325928,3.0754666328430176,3.243825674057007,2.9629313945770264,3.094458818435669,3.4181530475616455,3.465606689453125,3.7559008598327637,3.756288766860962,3.837846517562866,3.914828300476074,2.4423012733459473,2.445890188217163,2.526542901992798,2.3891501426696777,2.73164439201355,2.7641334533691406,2.5341532230377197,2.7037787437438965,3.0457658767700195,2.954089879989624,2.892395496368408,3.2478950023651123,3.487645387649536,3.4211082458496094,3.6247403621673584,3.6391708850860596,3.5972979068756104,3.769758701324463,3.6830594539642334,3.5411484241485596,3.796738624572754,4.096755027770996,3.9966673851013184,3.979006290435791,4.333197116851807,4.506933212280273,4.525571346282959,4.706416130065918,5.047797679901123,5.204218864440918,4.179789066314697,3.898892402648926,3.67810320854187,3.4373605251312256,3.1150245666503906,2.991464376449585,3.22760272026062,3.108586549758911,2.734243869781494,2.8501386642456055,3.111621379852295,2.835306167602539,2.647784948348999,2.974560499191284,3.159092664718628
A4,0.920237123966217,0.5864008069038391,0.4126739501953125,0.0,0.36641502380371094,0.46365100145339966,0.509735107421875,0.6695681214332581,0.8633975386619568,0.9515348672866821,1.0600190162658691,1.3345688581466675,1.4751039743423462,1.5862789154052734,1.9753669500350952,2.033015489578247,2.1185903549194336,2.352710008621216,2.3958308696746826,2.2999422550201416,2.698096990585327,2.8853394985198975,2.6241347789764404,2.7430365085601807,3.063037395477295,3.1291654109954834,3.4045679569244385,3.3931498527526855,3.4936776161193848,3.5694918632507324,2.034281015396118,2.0362870693206787,2.1160550117492676,1.9905564785003662,2.3352317810058594,2.3861405849456787,2.1740105152130127,2.3403077125549316,2.684917688369751,2.620546817779541,2.580479621887207,2.9362971782684326,3.182420253753662,3.146090030670166,3.374842405319214,3.3280723094940186,3.2607812881469727,3.4140400886535645,3.313854694366455,3.1572506427764893,3.4070825576782227,3.7110841274261475,3.606919765472412,3.5778748989105225,3.933175563812256,4.11155891418457,4.124289512634277,4.299585819244385,4.643717288970947,4.802198886871338,3.785454511642456,3.497326612472534,3.2850563526153564,3.0373785495758057,2.7183783054351807,2.594759225845337,2.8449292182922363,2.736358404159546,2.3618860244750977,2.488431692123413,2.7655582427978516,2.5081734657287598,2.3292508125305176,2.668475866317749,2.8787171840667725
A5,1.1453871726989746,0.8094202280044556,0.60567307472229,0.36641502380371094,0.0,0.38766226172447205,0.5588408708572388,0.5212027430534363,0.6387850046157837,0.8686357736587524,1.005606770515442,1.181657314300537,1.3548083305358887,1.5461113452911377,1.9217231273651123,1.8577384948730469,1.957594394683838,2.1456987857818604,2.1907291412353516,2.123528242111206,2.522022247314453,2.700692892074585,2.428955316543579,2.5289480686187744,2.871121644973755,2.9457507133483887,3.2375476360321045,3.2627205848693848,3.372964382171631,3.4881808757781982,1.9978387355804443,1.9462966918945312,2.0654499530792236,1.9146652221679688,2.2828385829925537,2.2978060245513916,2.1205224990844727,2.339254140853882,2.658879280090332,2.579094886779785,2.5884480476379395,2.9594945907592773,3.173698902130127,3.1270532608032227,3.377976655960083,3.1802256107330322,3.1055026054382324,3.282740354537964,3.1632347106933594,3.038334369659424,3.2694146633148193,3.5852301120758057,3.517965078353882,3.490320920944214,3.828655958175659,4.025238990783691,4.065336227416992,4.2265448570251465,4.566003322601318,4.748691558837891,3.827944040298462,3.518990993499756,3.340738296508789,3.0794076919555664,2.769655227661133,2.6532719135284424,2.9396581649780273,2.854468822479248,2.48604416847229,2.6268413066864014,2.929445743560791,2.702043056488037,2.5319151878356934,2.875770330429077,3.1150712966918945
A6,1.368097186088562,1.0440380573272705,0.8070830702781677,0.46365100145339966,0.38766226172447205,0.0,0.37770792841911316,0.5472642183303833,0.5156116485595703,0.6013706922531128,0.8517659902572632,1.0630509853363037,1.130294680595398,1.3163602352142334,1.6940815448760986,1.5742239952087402,1.6581257581710815,1.8899495601654053,1.9452718496322632,1.8674925565719604,2.275928020477295,2.4407436847686768,2.168165922164917,2.302793264389038,2.617056131362915,2.671400308609009,2.9537506103515625,2.9540586471557617,3.0492820739746094,3.1419758796691895,1.702852725982666,1.7068533897399902,1.8551218509674072,1.7711172103881836,2.137998580932617,2.2133443355560303,2.0711841583251953,2.257000207901001,2.588536262512207,2.5663294792175293,2.5881545543670654,2.9453372955322266,3.182623863220215,3.182245969772339,3.4508450031280518,3.219071865081787,3.1031363010406494,3.2425272464752197,3.093313455581665,2.9339592456817627,3.143744945526123,3.473121166229248,3.392815589904785,3.32781720161438,3.6699411869049072,3.8809196949005127,3.8935985565185547,4.035355091094971,4.3875956535339355,4.569877624511719,3.598616600036621,3.2843968868255615,3.101398229598999,2.816880702972412,2.528059720993042,2.371685028076172,2.651207447052002,2.5987768173217773,2.2223174571990967,2.3253753185272217,2.6445722579956055,2.4425864219665527,2.2420318126678467,2.5702431201934814,2.833045244216919
A7,1.2484145164489746,1.004456639289856,0.6857170462608337,0.509735107421875,0.5588408708572388,0.37770792841911316,0.0,0.3904819190502167,0.5409727096557617,0.4784356355667114,0.5742839574813843,0.8846468329429626,0.987446665763855,1.077336072921753,1.466697096824646,1.661651849746704,1.8071285486221313,2.04833984375,2.1656670570373535,2.1198570728302,2.538459539413452,2.6629347801208496,2.3645784854888916,2.5442140102386475,2.837045192718506,2.8464019298553467,3.139633893966675,3.1353495121002197,3.188908338546753,3.2621514797210693,1.9695993661880493,2.02120304107666,2.1812405586242676,2.126133918762207,2.485996961593628,2.579763412475586,2.4317216873168945,2.5978925228118896,2.939429521560669,2.922569751739502,2.9236676692962646,3.2752702236175537,3.5252528190612793,3.522024154663086,3.776977300643921,3.5944676399230957,3.4807803630828857,3.617544412612915,3.46504807472229,3.2987353801727295,3.501819372177124,3.8349175453186035,3.748809814453125,3.6712818145751953,4.014819622039795,4.229675769805908,4.22829532623291,4.362585544586182,4.720653533935547,4.899265766143799,3.8760826587677,3.5685746669769287,3.368687391281128,3.0770604610443115,2.798847198486328,2.612586259841919,2.863795042037964,2.820300579071045,2.4356799125671387,2.4941811561584473,2.80464506149292,2.5934853553771973,2.353640556335449,2.6553022861480713,2.9049880504608154
A8,1.2930974960327148,1.067207932472229,0.7237117886543274,0.6695681214332581,0.5212027430534363,0.5472642183303833,0.3904819190502167,0.0,0.38326364755630493,0.5520966649055481,0.5282365083694458,0.7025920152664185,0.9399504065513611,1.0947957038879395,1.4591158628463745,1.6735291481018066,1.8653534650802612,2.044330358505249,2.185523748397827,2.1846251487731934,2.603774070739746,2.7097630500793457,2.390819549560547,2.5565099716186523,2.873544692993164,2.881516695022583,3.199317693710327,3.2394347190856934,3.2932496070861816,3.4074788093566895,2.181701183319092,2.1796951293945312,2.3654801845550537,2.2736289501190186,2.6508445739746094,2.6989755630493164,2.5637028217315674,2.776402235031128,3.0972611904144287,3.0475449562072754,3.074704885482788,3.4417495727539062,3.661623239517212,3.630403518676758,3.8900461196899414,3.6178925037384033,3.5149424076080322,3.6849961280822754,3.5265614986419678,3.3983261585235596,3.5908000469207764,3.929823637008667,3.8784940242767334,3.81278920173645,4.140621185302734,4.366704940795898,4.395166873931885,4.522839546203613,4.873668193817139,5.07218074798584,4.133689880371094,3.8127334117889404,3.6374435424804688,3.3419690132141113,3.0644962787628174,2.892777442932129,3.169523239135742,3.1321358680725098,2.7523906230926514,2.829054594039917,3.1503472328186035,2.9475438594818115,2.7197911739349365,3.026853322982788,3.284511089324951
A9,1.6336030960083008,1.3620785474777222,1.0491269826889038,0.8633975386619568,0.6387850046157837,0.5156116485595703,0.5409727096557617,0.38326364755630493,0.0,0.3912573456764221,0.580285370349884,0.6161784529685974,0.7512277364730835,1.0234171152114868,1.3658398389816284,1.3151627779006958,1.4994615316390991,1.6654013395309448,1.8061447143554688,1.8194326162338257,2.2385151386260986,2.3333210945129395,2.011367082595825,2.1776061058044434,2.4947853088378906,2.50457763671875,2.8252031803131104,2.8775699138641357,2.9383270740509033,3.0720374584198,1.908911108970642,1.8938521146774292,2.120966911315918,2.0518038272857666,2.4345543384552,2.4919352531433105,2.406694173812866,2.631878137588501,2.9359452724456787,2.9126925468444824,2.982807159423828,3.347269058227539,3.5568554401397705,3.5505735874176025,3.8369529247283936,3.4371612071990967,3.3014791011810303,3.4603426456451416,3.270967960357666,3.144490957260132,3.3082499504089355,3.6602585315704346,3.627382516860962,3.541175365447998,3.8560354709625244,4.101472854614258,4.133388042449951,4.239094257354736,4.591307640075684,4.805624485015869,3.919631004333496,3.5830910205841064,3.4342093467712402,3.120704174041748,2.865264415740967,2.6836705207824707,2.9821829795837402,2.9791064262390137,2.6078855991363525,2.680133581161499,3.0246007442474365,2.8617911338806152,2.63604736328125,2.9387247562408447,3.229308605194092
A10,1.7125433683395386,1.4719245433807373,1.1423158645629883,0.9515348672866821,0.8686357736587524,0.6013706922531128,0.4784356355667114,0.5520966649055481,0.3912573456764221,0.0,0.3897136449813843,0.5663194060325623,0.5417930483818054,0.7283613681793213,1.0965995788574219,1.2201671600341797,1.4157606363296509,1.643449306488037,1.8190701007843018,1.8259119987487793,2.249699354171753,2.317690372467041,1.9920296669006348,2.2122855186462402,2.484001398086548,2.4530282020568848,2.761920213699341,2.777569055557251,2.802175998687744,2.8934998512268066,1.8407541513442993,1.9061118364334106,2.1410844326019287,2.1367063522338867,2.5031299591064453,2.6174721717834473,2.539396047592163,2.718848705291748,3.040184736251831,3.059492826461792,3.1133885383605957,3.461515426635742,3.699781894683838,3.7244153022766113,4.009580612182617,3.6605358123779297,3.503664493560791,3.628082036972046,3.4269487857818604,3.264033317565918,3.4174747467041016,3.7735681533813477,3.7163140773773193,3.5999045372009277,3.9224205017089844,4.171620845794678,4.16940975189209,4.262950897216797,4.626776695251465,4.830272197723389,3.8602845668792725,3.530951499938965,3.362647771835327,3.0355281829833984,2.7998757362365723,2.5758817195892334,2.8440427780151367,2.8637962341308594,2.4865500926971436,2.5057008266448975,2.849240303039551,2.6975719928741455,2.4326157569885254,2.705298662185669,2.9995319843292236
A11,1.6344412565231323,1.4694770574569702,1.1073997020721436,1.0600190162658691,1.005606770515442,0.8517659902572632,0.5742839574813843,0.5282365083694458,0.580285370349884,0.3897136449813843,0.0,0.3924541771411896,0.5402090549468994,0.5767615437507629,0.9474195837974548,1.4749703407287598,1.725935459136963,1.9260250329971313,2.145001173019409,2.1830737590789795,2.6056747436523438,2.6458349227905273,2.3028409481048584,2.539414405822754,2.804656744003296,2.744307279586792,3.0653836727142334,3.09272837638855,3.0870108604431152,3.174867630004883,2.2253577709198,2.29567289352417,2.526362180709839,2.5109407901763916,2.8794381618499756,2.9825327396392822,2.8860294818878174,3.068679094314575,3.3955891132354736,3.396219253540039,3.433281183242798,3.786431312561035,4.025484085083008,4.030359268188477,4.301729679107666,3.9901154041290283,3.8492040634155273,3.9885547161102295,3.7941572666168213,3.64081072807312,3.7974026203155518,4.153181552886963,4.099084854125977,3.9877169132232666,4.309616565704346,4.558361530303955,4.558184623718262,4.652596473693848,5.016285419464111,5.219654083251953,4.233741283416748,3.909404993057251,3.7313883304595947,3.4068386554718018,3.168936252593994,2.940091848373413,3.1926558017730713,3.205731153488159,2.8240671157836914,2.8286075592041016,3.1597976684570312,2.991386890411377,2.7105255126953125,2.96927809715271,3.244046449661255
A12,1.9253379106521606,1.7488203048706055,1.3883785009384155,1.3345688581466675,1.181657314300537,1.0630509853363037,0.8846468329429626,0.7025920152664185,0.6161784529685974,0.5663194060325623,0.3924541771411896,0.0,0.3856358528137207,0.5865637063980103,0.8554093837738037,1.3131792545318604,1.6155272722244263,1.747536301612854,2.0062077045440674,2.1004486083984375,2.5136632919311523,2.514810085296631,2.1521999835968018,2.3904058933258057,2.65901255607605,2.5814707279205322,2.9232523441314697,2.9938478469848633,2.9785377979278564,3.107177495956421,2.310091733932495,2.345691680908203,2.6163508892059326,2.5968782901763916,2.9738879203796387,3.055800437927246,2.9974558353424072,3.212292194366455,3.5158467292785645,3.5124309062957764,3.5885541439056396,3.9483273029327393,4.162881851196289,4.164370059967041,4.45254373550415,4.009450912475586,3.8557143211364746,4.008597373962402,3.7900924682617188,3.6639184951782227,3.7905113697052,4.157236576080322,4.139051914215088,4.019851207733154,4.319713592529297,4.589257717132568,4.609264373779297,4.681369781494141,5.040375232696533,5.2674360275268555,4.369811534881592,4.028616428375244,3.882338523864746,3.5439565181732178,3.32382869720459,3.095075845718384,3.372018575668335,3.411714553833008,3.038684129714966,3.046659231185913,3.396425485610962,3.2566542625427246,2.981320381164551,3.237218141555786,3.534844160079956
A13,2.1566362380981445,1.9566010236740112,1.604305386543274,1.4751039743423462,1.3548083305358887,1.130294680595398,0.987446665763855,0.9399504065513611,0.7512277364730835,0.5417930483818054,0.5402090549468994,0.3856358528137207,0.0,0.39591705799102783,0.6450716853141785,1.0185723304748535,1.3272126913070679,1.4944897890090942,1.7767174243927002,1.874220848083496,2.281597375869751,2.2559189796447754,1.8940305709838867,2.1705482006073,2.4009246826171875,2.2950236797332764,2.626411199569702,2.6759724617004395,2.639138698577881,2.748741626739502,2.090073585510254,2.169236183166504,2.462395668029785,2.497565746307373,2.859487771987915,2.982208013534546,2.956364631652832,3.145850896835327,3.4472951889038086,3.4864420890808105,3.5749869346618652,3.9197022914886475,4.145848274230957,4.182374000549316,4.48360538482666,4.009070873260498,3.823779582977295,3.944530725479126,3.703369140625,3.5534307956695557,3.656325101852417,4.029556751251221,4.004308223724365,3.8541500568389893,4.149712085723877,4.430341720581055,4.428650379180908,4.4797749519348145,4.845283508300781,5.0722737312316895,4.155888557434082,3.813368558883667,3.6722536087036133,3.3184988498687744,3.1280393600463867,2.87027907371521,3.136749505996704,3.211782693862915,2.8473072052001953,2.8193769454956055,3.177016258239746,3.0719950199127197,2.779940605163574,3.009671926498413,3.326380968093872
A14,2.1609041690826416,2.0160415172576904,1.659534215927124,1.5862789154052734,1.5461113452911377,1.3163602352142334,1.077336072921753,1.0947957038879395,1.0234171152114868,0.7283613681793213,0.5767615437507629,0.5865637063980103,0.39591705799102783,0.0,0.39004310965538025,1.3059171438217163,1.60489821434021,1.8039202690124512,2.097386598587036,2.1823666095733643,2.5846211910247803,2.5462026596069336,2.1915018558502197,2.4937548637390137,2.691241979598999,2.555356979370117,2.8715105056762695,2.8905553817749023,2.817146062850952,2.8814175128936768,2.306412935256958,2.435544729232788,2.7105746269226074,2.7682526111602783,3.1193013191223145,3.267874240875244,3.2217583656311035,3.3814053535461426,3.7007791996002197,3.7506651878356934,3.810032367706299,4.147160530090332,4.395060062408447,4.436920166015625,4.7250142097473145,4.337550163269043,4.155820369720459,4.264109134674072,4.0303521156311035,3.8595309257507324,3.9700167179107666,4.339700698852539,4.291843414306641,4.1331892013549805,4.438650608062744,4.712583065032959,4.687815189361572,4.740548610687256,5.1121344566345215,5.3246049880981445,4.329387187957764,4.0012006759643555,3.834914207458496,3.482875108718872,3.2974228858947754,3.017822265625,3.247873544692993,3.3226144313812256,2.9541773796081543,2.8880269527435303,3.2276504039764404,3.1130149364471436,2.7920119762420654,2.992077589035034,3.2894492149353027
A15,2.52502703666687,2.39643931388855,2.0371456146240234,1.9753669500350952,1.9217231273651123,1.6940815448760986,1.466697096824646,1.4591158628463745,1.3658398389816284,1.0965995788574219,0.9474195837974548,0.8554093837738037,0.6450716853141785,0.39004310965538025,0.0,1.3655180931091309,1.6942145824432373,1.8544836044311523,2.1948354244232178,2.3223605155944824,2.700568914413452,2.6052582263946533,2.245504379272461,2.576709270477295,2.7330803871154785,2.5466296672821045,2.862028121948242,2.8929433822631836,2.771801710128784,2.8340446949005127,2.532796859741211,2.6750106811523438,2.97442889213562,3.0579917430877686,3.40153169631958,3.5600292682647705,3.541576623916626,3.7004942893981934,4.009984016418457,4.075580596923828,4.151415824890137,4.483954429626465,4.728477478027344,4.781190872192383,5.078001976013184,4.629744052886963,4.430364608764648,4.531065940856934,4.27543830871582,4.107388973236084,4.188233375549316,4.565001487731934,4.531303405761719,4.350569725036621,4.639689922332764,4.929972171783447,4.900094985961914,4.926105499267578,5.2980194091796875,5.520969390869141,4.55000114440918,4.218418121337891,4.066375732421875,3.7015175819396973,3.5462963581085205,3.2468197345733643,3.4679343700408936,3.575862407684326,3.2191059589385986,3.12168550491333,3.4632568359375,3.3787975311279297,3.0438008308410645,3.211019277572632,3.516986846923828
B1,2.8943722248077393,2.604353427886963,2.311178207397461,2.033015489578247,1.8577384948730469,1.5742239952087402,1.661651849746704,1.6735291481018066,1.3151627779006958,1.2201671600341797,1.4749703407287598,1.3131792545318604,1.0185723304748535,1.3059171438217163,1.3655180931091309,0.0,0.37933260202407837,0.5032615661621094,0.8326680660247803,1.0047966241836548,1.3567981719970703,1.2585411071777344,0.8914716839790344,1.211585283279419,1.3935500383377075,1.2783068418502808,1.612987995147705,1.6925641298294067,1.6873723268508911,1.867255449295044,1.5450760126113892,1.598394751548767,1.9694364070892334,2.088038921356201,2.3993988037109375,2.5484700202941895,2.6549980640411377,2.84016752243042,3.0717782974243164,3.18237042427063,3.3604319095611572,3.669194459915161,3.8611698150634766,3.960858106613159,4.306417942047119,3.578953266143799,3.318011999130249,3.3869738578796387,3.078500747680664,2.9304962158203125,2.9422407150268555,3.3286406993865967,3.346487283706665,3.1406052112579346,3.386535406112671,3.707397937774658,3.707484245300293,3.6949031352996826,4.053885459899902,4.3135552406311035,3.5683228969573975,3.2017898559570312,3.143273115158081,2.76425838470459,2.6565980911254883,2.394810914993286,2.696939706802368,2.8599319458007812,2.5584826469421387,2.5255064964294434,2.9097628593444824,2.9182515144348145,2.6720950603485107,2.875138998031616,3.2491490840911865
B2,3.0173537731170654,2.702049732208252,2.4427475929260254,2.1185903549194336,1.957594394683838,1.6581257581710815,1.8071285486221313,1.8653534650802612,1.4994615316390991,1.4157606363296509,1.725935459136963,1.6155272722244263,1.3272126913070679,1.60489821434021,1.6942145824432373,0.37933260202407837,0.0,0.37672099471092224,0.5489318370819092,0.6621230244636536,1.0083515644073486,0.9458715319633484,0.6166220903396606,0.9302977919578552,1.1025601625442505,1.043933391571045,1.3465139865875244,1.3935474157333374,1.4471254348754883,1.6279089450836182,1.2365236282348633,1.2909525632858276,1.6704422235488892,1.8268681764602661,2.107434034347534,2.2783331871032715,2.419431209564209,2.584480047225952,2.796509265899658,2.9376535415649414,3.131549119949341,3.4201362133026123,3.6088743209838867,3.7348194122314453,4.08752965927124,3.337254762649536,3.055755138397217,3.0952231884002686,2.777064323425293,2.6118106842041016,2.6088404655456543,2.993544101715088,3.005011558532715,2.7840869426727295,3.0273282527923584,3.35009765625,3.3410696983337402,3.321807384490967,3.6822876930236816,3.9404799938201904,3.2144689559936523,2.845233917236328,2.8046751022338867,2.4245333671569824,2.3375890254974365,2.0820789337158203,2.3931822776794434,2.5735905170440674,2.2976443767547607,2.2730114459991455,2.657071828842163,2.6966633796691895,2.479050636291504,2.6787831783294678,3.061278820037842
B3,3.243483304977417,2.925133228302002,2.6613481044769287,2.352710008621216,2.1456987857818604,1.8899495601654053,2.04833984375,2.044330358505249,1.6654013395309448,1.643449306488037,1.9260250329971313,1.747536301612854,1.4944897890090942,1.8039202690124512,1.8544836044311523,0.5032615661621094,0.37672099471092224,0.0,0.4081966280937195,0.6929842829704285,0.9555692076683044,0.8074283599853516,0.4268379509449005,0.7342978119850159,0.9260485172271729,0.856553852558136,1.2064424753189087,1.352161169052124,1.4132157564163208,1.6743724346160889,1.4969178438186646,1.476365327835083,1.8634064197540283,1.9886651039123535,2.2630226612091064,2.390625,2.5651607513427734,2.763155937194824,2.9409985542297363,3.0660810470581055,3.2940359115600586,3.5845415592193604,3.7409605979919434,3.856426477432251,4.218644618988037,3.3419301509857178,3.052365779876709,3.1085007190704346,2.7696170806884766,2.6480326652526855,2.6065454483032227,2.9944002628326416,3.0541491508483887,2.835263252258301,3.042139768600464,3.382784843444824,3.405021905899048,3.361853837966919,3.70708966255188,3.991118907928467,3.4005415439605713,3.023879051208496,3.022925853729248,2.6493618488311768,2.5779800415039062,2.349515914916992,2.6745851039886475,2.861374855041504,2.603943347930908,2.59849214553833,2.9803638458251953,3.031355619430542,2.831683874130249,3.0329928398132324,3.4172210693359375
B4,3.307000160217285,2.964195966720581,2.7395853996276855,2.3958308696746826,2.1907291412353516,1.9452718496322632,2.1656670570373535,2.185523748397827,1.8061447143554688,1.8190701007843018,2.145001173019409,2.0062077045440674,1.7767174243927002,2.097386598587036,2.1948354244232178,0.8326680660247803,0.5489318370819092,0.4081966280937195,0.0,0.3361304700374603,0.5700913071632385,0.5396215915679932,0.27472710609436035,0.4014205038547516,0.691917359828949,0.7973753809928894,1.0849426984786987,1.2152730226516724,1.385271668434143,1.6544610261917114,1.260565996170044,1.1770256757736206,1.5575979948043823,1.6860789060592651,1.9296557903289795,2.0504462718963623,2.2620246410369873,2.456869602203369,2.6036181449890137,2.7424323558807373,2.9933269023895264,3.2673282623291016,3.407708168029785,3.5381038188934326,3.9067068099975586,2.986753225326538,2.682040214538574,2.7211713790893555,2.374762773513794,2.2523586750030518,2.199889659881592,2.587433099746704,2.653195381164551,2.4354541301727295,2.6381452083587646,2.979186773300171,3.011303424835205,2.971963882446289,3.3138859272003174,3.601224899291992,3.0703649520874023,2.689818859100342,2.7153990268707275,2.3549070358276367,2.289630174636841,2.098783254623413,2.442993640899658,2.6249308586120605,2.3967721462249756,2.429286003112793,2.8028903007507324,2.8692877292633057,2.7155258655548096,2.9291422367095947,3.3107314109802246
B5,3.218587875366211,2.8644979000091553,2.6702687740325928,2.2999422550201416,2.123528242111206,1.8674925565719604,2.1198570728302,2.1846251487731934,1.8194326162338257,1.8259119987487793,2.1830737590789795,2.1004486083984375,1.874220848083496,2.1823666095733643,2.3223605155944824,1.0047966241836548,0.6621230244636536,0.6929842829704285,0.3361304700374603,0.0,0.42412060499191284,0.6103880405426025,0.5210883617401123,0.5214503407478333,0.7895446419715881,0.9752315878868103,1.1823701858520508,1.2298980951309204,1.453434944152832,1.6715561151504517,0.9487764835357666,0.8513123989105225,1.2293907403945923,1.3838139772415161,1.6108949184417725,1.7586034536361694,1.9748382568359375,2.146460771560669,2.295215368270874,2.4547035694122314,2.699462652206421,2.9621822834014893,3.113459587097168,3.2605433464050293,3.6276605129241943,2.7658379077911377,2.4576685428619385,2.474147081375122,2.1386265754699707,1.9818662405014038,1.9541308879852295,2.340261220932007,2.373828649520874,2.156693696975708,2.3865246772766113,2.714540481567383,2.7324557304382324,2.715770959854126,3.0670530796051025,3.3385226726531982,2.7528367042541504,2.3720712661743164,2.389399290084839,2.033010959625244,1.9577271938323975,1.7800490856170654,2.1336042881011963,2.304997205734253,2.0860421657562256,2.1395068168640137,2.507593870162964,2.5758745670318604,2.4472405910491943,2.670315742492676,3.0464999675750732
B6,3.614577531814575,3.2541604042053223,3.0754666328430176,2.698096990585327,2.522022247314453,2.275928020477295,2.538459539413452,2.603774070739746,2.2385151386260986,2.249699354171753,2.6056747436523438,2.5136632919311523,2.281597375869751,2.5846211910247803,2.700568914413452,1.3567981719970703,1.0083515644073486,0.9555692076683044,0.5700913071632385,0.42412060499191284,0.0,0.3975759744644165,0.6002091765403748,0.39507463574409485,0.5306509733200073,0.8431124091148376,0.9390454292297363,0.9968491792678833,1.300093412399292,1.5480890274047852,1.125611662864685,1.003935694694519,1.3264291286468506,1.5081901550292969,1.6482617855072021,1.7912335395812988,2.0735323429107666,2.2234113216400146,2.3096656799316406,2.5007286071777344,2.780113697052002,3.0049405097961426,3.1269209384918213,3.3018383979797363,3.675846815109253,2.7105915546417236,2.3692662715911865,2.344818592071533,1.97796630859375,1.8322259187698364,1.7265291213989258,2.105861186981201,2.172961950302124,1.9223066568374634,2.1027235984802246,2.4533181190490723,2.4759533405303955,2.414267063140869,2.7542498111724854,3.0460572242736816,2.6100220680236816,2.2308433055877686,2.311706304550171,1.9711424112319946,1.9604250192642212,1.8151613473892212,2.1567728519439697,2.36026668548584,2.2040603160858154,2.2583224773406982,2.603004217147827,2.7213900089263916,2.6304898262023926,2.8261311054229736,3.200544595718384
B7,3.8034064769744873,3.456068515777588,3.243825674057007,2.8853394985198975,2.700692892074585,2.4407436847686768,2.6629347801208496,2.7097630500793457,2.3333210945129395,2.317690372467041,2.6458349227905273,2.514810085296631,2.2559189796447754,2.5462026596069336,2.6052582263946533,1.2585411071777344,0.9458715319633484,0.8074283599853516,0.5396215915679932,0.6103880405426025,0.3975759744644165,0.0,0.38089004158973694,0.3196527659893036,0.18707768619060516,0.447716623544693,0.6008123159408569,0.752784252166748,1.0025887489318848,1.3125869035720825,1.409997820854187,1.3532556295394897,1.6942890882492065,1.887312650680542,2.039307117462158,2.187081813812256,2.4620258808135986,2.6125383377075195,2.7060294151306152,2.8965537548065186,3.1728639602661133,3.400487184524536,3.5244815349578857,3.6972522735595703,4.0715436935424805,3.0780513286590576,2.734670400619507,2.7138845920562744,2.336947202682495,2.2074813842773438,2.069814443588257,2.441159248352051,2.5265285968780518,2.2570178508758545,2.403888702392578,2.766650438308716,2.78037428855896,2.6785573959350586,3.0098702907562256,3.3114607334136963,2.903334379196167,2.530750274658203,2.6153624057769775,2.261834144592285,2.282083511352539,2.097290515899658,2.413435459136963,2.6498661041259766,2.4887332916259766,2.494056224822998,2.844315528869629,2.9794061183929443,2.8524646759033203,3.0186922550201416,3.4039103984832764
B8,3.53464674949646,3.1989338397979736,2.9629313945770264,2.6241347789764404,2.428955316543579,2.168165922164917,2.3645784854888916,2.390819549560547,2.011367082595825,1.9920296669006348,2.3028409481048584,2.1521999835968018,1.8940305709838867,2.1915018558502197,2.245504379272461,0.8914716839790344,0.6166220903396606,0.4268379509449005,0.27472710609436035,0.5210883617401123,0.6002091765403748,0.38089004158973694,0.0,0.38753464818000793,0.5079723000526428,0.5290151834487915,0.8385339379310608,0.9942764639854431,1.1369974613189697,1.4320874214172363,1.4025391340255737,1.3636168241500854,1.7393202781677246,1.903793215751648,2.119568109512329,2.2600159645080566,2.4893200397491455,2.6644439697265625,2.800513744354248,2.9609172344207764,3.2159125804901123,3.4754762649536133,3.6161611080169678,3.7622764110565186,4.132629871368408,3.189941644668579,2.8705015182495117,2.888103723526001,2.527261257171631,2.4006989002227783,2.311504364013672,2.6940383911132812,2.766763687133789,2.5214858055114746,2.7002546787261963,3.05309796333313,3.0708749294281006,2.998548984527588,3.337784767150879,3.6309404373168945,3.1277947425842285,2.7511026859283447,2.7924835681915283,2.4251673221588135,2.3998496532440186,2.1894583702087402,2.513469934463501,2.7287099361419678,2.5186102390289307,2.5173697471618652,2.8867974281311035,2.9831981658935547,2.8195760250091553,3.003032684326172,3.3910534381866455
B9,3.6537158489227295,3.301274299621582,3.094458818435669,2.7430365085601807,2.5289480686187744,2.302793264389038,2.5442140102386475,2.5565099716186523,2.1776061058044434,2.2122855186462402,2.539414405822754,2.3904058933258057,2.1705482006073,2.4937548637390137,2.576709270477295,1.211585283279419,0.9302977919578552,0.7342978119850159,0.4014205038547516,0.5214503407478333,0.39507463574409485,0.3196527659893036,0.38753464818000793,0.0,0.4054824411869049,0.6705011129379272,0.8811638951301575,1.070346713066101,1.3100873231887817,1.625672459602356,1.4287667274475098,1.2967408895492554,1.6443097591400146,1.775485873222351,1.9600130319595337,2.058407783508301,2.3260860443115234,2.51834774017334,2.6093151569366455,2.762047052383423,3.0492117404937744,3.297051191329956,3.4041101932525635,3.549670696258545,3.926025390625,2.889068603515625,2.55950927734375,2.5779712200164795,2.2053921222686768,2.111506938934326,1.9953023195266724,2.375417470932007,2.4838247299194336,2.2521169185638428,2.405728578567505,2.764159917831421,2.8155159950256348,2.741111993789673,3.065082550048828,3.3742992877960205,3.0032265186309814,2.624133348464966,2.7047739028930664,2.36232328414917,2.3387644290924072,2.1843671798706055,2.5275933742523193,2.72658109664917,2.545762538909912,2.5923571586608887,2.9493250846862793,3.050002098083496,2.932347536087036,3.1333439350128174,3.5135245323181152
B10,3.9798662662506104,3.632596254348755,3.4181530475616455,3.063037395477295,2.871121644973755,2.617056131362915,2.837045192718506,2.873544692993164,2.4947853088378906,2.484001398086548,2.804656744003296,2.65901255607605,2.4009246826171875,2.691241979598999,2.7330803871154785,1.3935500383377075,1.1025601625442505,0.9260485172271729,0.691917359828949,0.7895446419715881,0.5306509733200073,0.18707768619060516,0.5079723000526428,0.4054824411869049,0.0,0.3848053514957428,0.4844227433204651,0.7084506750106812,0.962044358253479,1.303582787513733,1.582379698753357,1.5180885791778564,1.8480192422866821,2.0378448963165283,2.173825979232788,2.3110790252685547,2.6006107330322266,2.7521321773529053,2.8275210857391357,3.0196356773376465,3.3070874214172363,3.5267117023468018,3.638108968734741,3.813636064529419,4.189785003662109,3.1498701572418213,2.799915313720703,2.7739968299865723,2.3883864879608154,2.2755935192108154,2.108473300933838,2.471412181854248,2.5776538848876953,2.3017325401306152,2.4197099208831787,2.789689064025879,2.8100712299346924,2.6855075359344482,3.00506591796875,3.316970109939575,2.983153820037842,2.6150076389312744,2.7206454277038574,2.3746111392974854,2.4142024517059326,2.2374517917633057,2.5461301803588867,2.791788101196289,2.6456716060638428,2.647688865661621,2.991438627243042,3.1390254497528076,3.0172455310821533,3.1739184856414795,3.5589122772216797
B11,4.038721084594727,3.7088043689727783,3.465606689453125,3.1291654109954834,2.9457507133483887,2.671400308609009,2.8464019298553467,2.881516695022583,2.50457763671875,2.4530282020568848,2.744307279586792,2.5814707279205322,2.2950236797332764,2.555356979370117,2.5466296672821045,1.2783068418502808,1.043933391571045,0.856553852558136,0.7973753809928894,0.9752315878868103,0.8431124091148376,0.447716623544693,0.5290151834487915,0.6705011129379272,0.3848053514957428,0.0,0.3700745403766632,0.6355536580085754,0.7297505736351013,1.1009562015533447,1.7517166137695312,1.7530689239501953,2.102774143218994,2.311495304107666,2.4704086780548096,2.6305501461029053,2.8969364166259766,3.041243553161621,3.144803524017334,3.3398332595825195,3.609053134918213,3.8375048637390137,3.968543291091919,4.142818927764893,4.516368865966797,3.5159547328948975,3.1712121963500977,3.1489572525024414,2.766604423522949,2.6421260833740234,2.483529567718506,2.84557843208313,2.9376401901245117,2.650455951690674,2.772730827331543,3.1413252353668213,3.139652729034424,3.003634214401245,3.326603651046753,3.6307077407836914,3.229788064956665,2.8675177097320557,2.9503495693206787,2.5871424674987793,2.6360270977020264,2.414468765258789,2.699446201324463,2.9657721519470215,2.8023011684417725,2.757352590560913,3.1072463989257812,3.2590625286102295,3.097064971923828,3.2284419536590576,3.6198623180389404
B12,4.320392608642578,3.9847514629364014,3.7559008598327637,3.4045679569244385,3.2375476360321045,2.9537506103515625,3.139633893966675,3.199317693710327,2.8252031803131104,2.761920213699341,3.0653836727142334,2.9232523441314697,2.626411199569702,2.8715105056762695,2.862028121948242,1.612987995147705,1.3465139865875244,1.2064424753189087,1.0849426984786987,1.1823701858520508,0.9390454292297363,0.6008123159408569,0.8385339379310608,0.8811638951301575,0.4844227433204651,0.3700745403766632,0.0,0.3703058958053589,0.5510750412940979,0.9281412959098816,1.8442740440368652,1.860108733177185,2.1741669178009033,2.4144692420959473,2.519104242324829,2.696983814239502,2.990262031555176,3.1020162105560303,3.1766414642333984,3.4025416374206543,3.679016351699829,3.8761069774627686,4.000685691833496,4.201791286468506,4.574568271636963,3.563228130340576,3.2016665935516357,3.139270782470703,2.7513270378112793,2.615854024887085,2.4179186820983887,2.7576215267181396,2.8489246368408203,2.535074472427368,2.623868942260742,2.9939920902252197,2.972465991973877,2.8002641201019287,3.1126255989074707,3.4159388542175293,3.082681894302368,2.73524808883667,2.850508213043213,2.5017547607421875,2.6019489765167236,2.390629768371582,2.6487808227539062,2.941300868988037,2.8230950832366943,2.7651679515838623,3.0918006896972656,3.2830991744995117,3.1442298889160156,3.246213436126709,3.632627010345459
B13,4.306863307952881,3.9739742279052734,3.756288766860962,3.3931498527526855,3.2627205848693848,2.9540586471557617,3.1353495121002197,3.2394347190856934,2.8775699138641357,2.777569055557251,3.09272837638855,2.9938478469848633,2.6759724617004395,2.8905553817749023,2.8929433822631836,1.6925641298294067,1.3935474157333374,1.352161169052124,1.2152730226516724,1.2298980951309204,0.9968491792678833,0.752784252166748,0.9942764639854431,1.070346713066101,0.7084506750106812,0.6355536580085754,0.3703058958053589,0.0,0.3842014968395233,0.6496807336807251,1.7033084630966187,1.7815213203430176,2.0673718452453613,2.352928400039673,2.4275758266448975,2.6506145000457764,2.935980796813965,3.0033679008483887,3.087110757827759,3.3446807861328125,3.599529981613159,3.776799440383911,3.9240925312042236,4.148959636688232,4.514257907867432,3.5961146354675293,3.2316975593566895,3.1359119415283203,2.760850667953491,2.580167055130005,2.395521402359009,2.7237095832824707,2.7691075801849365,2.434048652648926,2.541701316833496,2.89788556098938,2.8318188190460205,2.66009521484375,2.9860024452209473,3.2638611793518066,2.8301801681518555,2.49529767036438,2.5983195304870605,2.247072696685791,2.3784329891204834,2.1463840007781982,2.371004343032837,2.686249017715454,2.5895702838897705,2.500516891479492,2.811044692993164,3.0281455516815186,2.8915116786956787,2.9637022018432617,3.3457226753234863
