0.000000000000000000e+00,4.084752202033996582e-01,6.003872156143188477e-01,7.945759892463684082e-01,1.063925743103027344e+00,1.280352830886840820e+00,1.269885063171386719e+00,1.362530946731567383e+00,1.633318662643432617e+00,1.747298359870910645e+00,1.744594931602478027e+00,1.975034475326538086e+00,2.194726705551147461e+00,2.216809272766113281e+00,2.339352607727050781e+00,3.134438753128051758e+00,2.835884571075439453e+00,3.096716165542602539e+00,3.328862190246582031e+00,3.160357952117919922e+00,3.238547086715698242e+00,3.557679653167724609e+00,3.609565496444702148e+00,3.556639671325683594e+00,3.751383304595947266e+00,4.005565643310546875e+00,4.091233253479003906e+00,4.147115707397460938e+00,4.320345878601074219e+00,4.593058586120605469e+00,4.805102348327636719e+00,4.405290126800537109e+00,4.469329357147216797e+00,4.520455837249755859e+00,4.184591770172119141e+00,4.049595832824707031e+00,4.410311222076416016e+00,4.430040836334228516e+00,4.102628231048583984e+00,4.235124111175537109e+00,4.598085880279541016e+00,4.495831012725830078e+00,4.332783222198486328e+00,4.648487567901611328e+00,4.901179313659667969e+00,3.963418483734130859e+00,3.737409353256225586e+00,3.565575838088989258e+00,3.514556884765625000e+00,3.261610269546508789e+00,2.985658168792724609e+00,3.214559316635131836e+00,3.309679269790649414e+00,2.936844348907470703e+00,2.908103704452514648e+00,3.257182359695434570e+00,3.169072628021240234e+00,2.890185356140136719e+00,3.133853673934936523e+00,3.503935337066650391e+00,2.751660823822021484e+00,2.401406049728393555e+00,2.268747329711914062e+00,2.486814498901367188e+00,2.341939210891723633e+00,2.034528732299804688e+00,2.288375377655029297e+00,2.538233041763305664e+00,2.321868181228637695e+00,2.207002639770507812e+00,2.573932170867919922e+00,2.677279472351074219e+00,2.431428432464599609e+00,2.545225858688354492e+00,2.910417795181274414e+00
4.084752202033996582e-01,0.000000000000000000e+00,3.733686506748199463e-01,6.032464504241943359e-01,7.576966881752014160e-01,9.740310907363891602e-01,1.067822456359863281e+00,1.158235073089599609e+00,1.357972025871276855e+00,1.506426453590393066e+00,1.578079581260681152e+00,1.776332259178161621e+00,1.964912056922912598e+00,2.042745113372802734e+00,2.201500654220581055e+00,2.885454654693603516e+00,2.568859815597534180e+00,2.821819782257080078e+00,3.034579515457153320e+00,2.837469100952148438e+00,2.908819675445556641e+00,3.242437839508056641e+00,3.282092094421386719e+00,3.205126762390136719e+00,3.408492326736450195e+00,3.673397302627563477e+00,3.740936040878295898e+00,3.788744211196899414e+00,3.979479551315307617e+00,4.252062797546386719e+00,4.448972225189208984e+00,4.052822113037109375e+00,4.118051052093505859e+00,4.152580738067626953e+00,3.809462070465087891e+00,3.682740211486816406e+00,4.041965484619140625e+00,4.047528266906738281e+00,3.717617273330688477e+00,3.860955238342285156e+00,4.218564510345458984e+00,4.106998920440673828e+00,3.953066825866699219e+00,4.276767730712890625e+00,4.522950649261474609e+00,3.624783039093017578e+00,3.413098335266113281e+00,3.248906373977661133e+00,3.177443027496337891e+00,2.907439231872558594e+00,2.647613763809204102e+00,2.881022453308105469e+00,2.950502634048461914e+00,2.570633172988891602e+00,2.566288471221923828e+00,2.913745641708374023e+00,2.805964469909667969e+00,2.547014474868774414e+00,2.814222335815429688e+00,3.178745508193969727e+00,2.393650531768798828e+00,2.036188364028930664e+00,1.925373673439025879e+00,2.128576040267944336e+00,1.959799885749816895e+00,1.669418931007385254e+00,1.952934622764587402e+00,2.180876255035400391e+00,1.962609291076660156e+00,1.885331630706787109e+00,2.257800579071044922e+00,2.352149248123168945e+00,2.137245655059814453e+00,2.280535459518432617e+00,2.633046388626098633e+00
6.003872156143188477e-01,3.733686506748199463e-01,0.000000000000000000e+00,3.796164095401763916e-01,6.207430958747863770e-01,7.186237573623657227e-01,7.651013731956481934e-01,9.529177546501159668e-01,1.155335545539855957e+00,1.226737022399902344e+00,1.313158988952636719e+00,1.560817360877990723e+00,1.710236072540283203e+00,1.750775456428527832e+00,1.940893292427062988e+00,2.585632562637329102e+00,2.266975641250610352e+00,2.512676239013671875e+00,2.749888181686401367e+00,2.581491708755493164e+00,2.645009517669677734e+00,2.965398311614990234e+00,3.030659198760986328e+00,2.977550745010375977e+00,3.159646749496459961e+00,3.417742967605590820e+00,3.514297008514404297e+00,3.562962770462036133e+00,3.726751804351806641e+00,4.004905223846435547e+00,4.221584320068359375e+00,3.821051120758056641e+00,3.896994352340698242e+00,3.958502531051635742e+00,3.626555442810058594e+00,3.502355575561523438e+00,3.871200084686279297e+00,3.895455360412597656e+00,3.582805395126342773e+00,3.726182222366333008e+00,4.090193748474121094e+00,4.005857467651367188e+00,3.861818313598632812e+00,4.173170089721679688e+00,4.439154624938964844e+00,3.543777704238891602e+00,3.306664228439331055e+00,3.177007675170898438e+00,3.133826255798339844e+00,2.846564292907714844e+00,2.609865903854370117e+00,2.881474733352661133e+00,2.948931455612182617e+00,2.571851015090942383e+00,2.607927322387695312e+00,2.969448089599609375e+00,2.869541645050048828e+00,2.645953178405761719e+00,2.929982185363769531e+00,3.297871589660644531e+00,2.549780607223510742e+00,2.181858777999877930e+00,2.113979816436767578e+00,2.280493021011352539e+00,2.057620763778686523e+00,1.796197533607482910e+00,2.116130113601684570e+00,2.291120290756225586e+00,2.032901763916015625e+00,2.009789943695068359e+00,2.390684604644775391e+00,2.430566310882568359e+00,2.218709945678710938e+00,2.417047977447509766e+00,2.751010894775390625e+00
7.945759892463684082e-01,6.032464504241943359e-01,3.796164095401763916e-01,0.000000000000000000e+00,3.848097622394561768e-01,5.556495785713195801e-01,4.955753982067108154e-01,5.948544144630432129e-01,8.581047654151916504e-01,9.556104540824890137e-01,9.805138111114501953e-01,1.210936784744262695e+00,1.403324246406555176e+00,1.449471235275268555e+00,1.602596759796142578e+00,2.351488590240478516e+00,2.064921140670776367e+00,2.347841262817382812e+00,2.562548398971557617e+00,2.405935287475585938e+00,2.518671035766601562e+00,2.819056034088134766e+00,2.855610609054565430e+00,2.835168361663818359e+00,3.041119098663330078e+00,3.266452074050903320e+00,3.360009908676147461e+00,3.446971416473388672e+00,3.608160734176635742e+00,3.862155199050903320e+00,4.197442531585693359e+00,3.802112340927124023e+00,3.913246154785156250e+00,3.972723484039306641e+00,3.634753704071044922e+00,3.547158718109130859e+00,3.923589944839477539e+00,3.926873207092285156e+00,3.629122734069824219e+00,3.804668188095092773e+00,4.158096790313720703e+00,4.069009780883789062e+00,3.958210468292236328e+00,4.278916835784912109e+00,4.539847850799560547e+00,3.722773551940917969e+00,3.494778633117675781e+00,3.390762567520141602e+00,3.331386089324951172e+00,3.016942262649536133e+00,2.814221858978271484e+00,3.094075679779052734e+00,3.121408700942993164e+00,2.737175226211547852e+00,2.812246799468994141e+00,3.163280963897705078e+00,3.025998115539550781e+00,2.831085443496704102e+00,3.140297412872314453e+00,3.492219209671020508e+00,2.609168291091918945e+00,2.263622760772705078e+00,2.166265487670898438e+00,2.275922775268554688e+00,2.033284664154052734e+00,1.752213358879089355e+00,2.056567907333374023e+00,2.202362537384033203e+00,1.903604149818420410e+00,1.872319817543029785e+00,2.253271818161010742e+00,2.249838113784790039e+00,2.005738496780395508e+00,2.225672006607055664e+00,2.551162958145141602e+00
1.063925743103027344e+00,7.576966881752014160e-01,6.207430958747863770e-01,3.848097622394561768e-01,0.000000000000000000e+00,3.739747107028961182e-01,5.278004407882690430e-01,4.940263926982879639e-01,6.057810783386230469e-01,8.213116526603698730e-01,9.382161498069763184e-01,1.067127227783203125e+00,1.239959120750427246e+00,1.385806918144226074e+00,1.553795456886291504e+00,2.194384098052978516e+00,1.900632023811340332e+00,2.187989711761474609e+00,2.359513521194458008e+00,2.161247730255126953e+00,2.288487672805786133e+00,2.602885246276855469e+00,2.604111671447753906e+00,2.559190511703491211e+00,2.792725324630737305e+00,3.020399570465087891e+00,3.081474781036376953e+00,3.173874616622924805e+00,3.363497972488403320e+00,3.606485366821289062e+00,3.961572885513305664e+00,3.574149847030639648e+00,3.695611476898193359e+00,3.727651834487915039e+00,3.376651048660278320e+00,3.311478614807128906e+00,3.684832096099853516e+00,3.659271717071533203e+00,3.360064506530761719e+00,3.558801651000976562e+00,3.899310350418090820e+00,3.790585041046142578e+00,3.699399709701538086e+00,4.034031391143798828e+00,4.279273986816406250e+00,3.535016298294067383e+00,3.334239721298217773e+00,3.238340377807617188e+00,3.145863771438598633e+00,2.812925577163696289e+00,2.637354373931884766e+00,2.909732103347778320e+00,2.895859241485595703e+00,2.507543802261352539e+00,2.611963272094726562e+00,2.946340322494506836e+00,2.774763345718383789e+00,2.607296943664550781e+00,2.937983274459838867e+00,3.270606040954589844e+00,2.306111335754394531e+00,1.976141929626464844e+00,1.881847143173217773e+00,1.950201153755187988e+00,1.686782240867614746e+00,1.417012929916381836e+00,1.730977654457092285e+00,1.844611406326293945e+00,1.534102320671081543e+00,1.533705949783325195e+00,1.912567138671875000e+00,1.891211152076721191e+00,1.670149683952331543e+00,1.917769074440002441e+00,2.225967168807983398e+00
1.280352830886840820e+00,9.740310907363891602e-01,7.186237573623657227e-01,5.556495785713195801e-01,3.739747107028961182e-01,0.000000000000000000e+00,3.807190358638763428e-01,5.468875765800476074e-01,5.251713991165161133e-01,5.954847335815429688e-01,8.362588286399841309e-01,1.014060258865356445e+00,1.074730396270751953e+00,1.202702641487121582e+00,1.448474407196044922e+00,1.921803832054138184e+00,1.600048303604125977e+00,1.863373756408691406e+00,2.063907146453857422e+00,1.880701065063476562e+00,1.977651357650756836e+00,2.292554855346679688e+00,2.329655885696411133e+00,2.289898395538330078e+00,2.493867874145507812e+00,2.731501579284667969e+00,2.820086002349853516e+00,2.895511388778686523e+00,3.063170909881591797e+00,3.322222471237182617e+00,3.650419235229492188e+00,3.257922410964965820e+00,3.379975318908691406e+00,3.435039520263671875e+00,3.096091985702514648e+00,3.025444269180297852e+00,3.404678583145141602e+00,3.400825023651123047e+00,3.115793943405151367e+00,3.306961536407470703e+00,3.653911352157592773e+00,3.572893619537353516e+00,3.484648942947387695e+00,3.803883075714111328e+00,4.067587852478027344e+00,3.320677280426025391e+00,3.099509954452514648e+00,3.034891605377197266e+00,2.969316482543945312e+00,2.626607418060302734e+00,2.474653005599975586e+00,2.777891874313354492e+00,2.766169071197509766e+00,2.389127492904663086e+00,2.527316093444824219e+00,2.870875120162963867e+00,2.717652797698974609e+00,2.584857463836669922e+00,2.921889305114746094e+00,3.256044626235961914e+00,2.396039247512817383e+00,2.055428028106689453e+00,2.027520656585693359e+00,2.079159498214721680e+00,1.772520065307617188e+00,1.568283796310424805e+00,1.916839957237243652e+00,1.975561141967773438e+00,1.657025694847106934e+00,1.735684871673583984e+00,2.102685213088989258e+00,2.041184902191162109e+00,1.863011360168457031e+00,2.154570579528808594e+00,2.430024862289428711e+00
1.269885063171386719e+00,1.067822456359863281e+00,7.651013731956481934e-01,4.955753982067108154e-01,5.278004407882690430e-01,3.807190358638763428e-01,0.000000000000000000e+00,3.820645809173583984e-01,5.586023926734924316e-01,4.944353997707366943e-01,5.723469853401184082e-01,8.578336834907531738e-01,9.673826098442077637e-01,9.869529008865356445e-01,1.199968814849853516e+00,1.867468357086181641e+00,1.588025093078613281e+00,1.877747058868408203e+00,2.102508306503295898e+00,1.980699777603149414e+00,2.105898380279541016e+00,2.380265474319458008e+00,2.429814815521240234e+00,2.447721242904663086e+00,2.639391183853149414e+00,2.841693162918090820e+00,2.962284326553344727e+00,3.064595937728881836e+00,3.196903467178344727e+00,3.444383859634399414e+00,3.850459814071655273e+00,3.458323955535888672e+00,3.598158597946166992e+00,3.680313110351562500e+00,3.354629755020141602e+00,3.292307138442993164e+00,3.676123619079589844e+00,3.685390949249267578e+00,3.418270349502563477e+00,3.609260082244873047e+00,3.957066774368286133e+00,3.893938302993774414e+00,3.813597202301025391e+00,4.122517108917236328e+00,4.396434783935546875e+00,3.644423246383666992e+00,3.404619455337524414e+00,3.352794170379638672e+00,3.309613704681396484e+00,2.969449520111083984e+00,2.817843437194824219e+00,3.130810499191284180e+00,3.130507469177246094e+00,2.757276535034179688e+00,2.892775535583496094e+00,3.241657257080078125e+00,3.096036434173583984e+00,2.958569765090942383e+00,3.290431976318359375e+00,3.629834175109863281e+00,2.754905462265014648e+00,2.418940544128417969e+00,2.366112470626831055e+00,2.413551807403564453e+00,2.114890336990356445e+00,1.885476827621459961e+00,2.210665464401245117e+00,2.275276660919189453e+00,1.937737941741943359e+00,1.981915354728698730e+00,2.348952293395996094e+00,2.267398595809936523e+00,2.044700384140014648e+00,2.331673145294189453e+00,2.612418413162231445e+00
1.362530946731567383e+00,1.158235073089599609e+00,9.529177546501159668e-01,5.948544144630432129e-01,4.940263926982879639e-01,5.468875765800476074e-01,3.820645809173583984e-01,0.000000000000000000e+00,3.795115649700164795e-01,5.220372676849365234e-01,4.740681946277618408e-01,6.203925609588623047e-01,8.548259735107421875e-01,9.541976451873779297e-01,1.073285937309265137e+00,1.882606506347656250e+00,1.647574782371520996e+00,1.975659489631652832e+00,2.141843080520629883e+00,2.001310110092163086e+00,2.184030532836914062e+00,2.447842597961425781e+00,2.439327478408813477e+00,2.465961456298828125e+00,2.701455354690551758e+00,2.875539064407348633e+00,2.962775707244873047e+00,3.102229356765747070e+00,3.257316350936889648e+00,3.473423957824707031e+00,3.974577426910400391e+00,3.593899250030517578e+00,3.756569147109985352e+00,3.812214374542236328e+00,3.472671747207641602e+00,3.443167209625244141e+00,3.824082612991333008e+00,3.797612667083740234e+00,3.531420230865478516e+00,3.751960754394531250e+00,4.083515644073486328e+00,3.994315862655639648e+00,3.937858581542968750e+00,4.264500617980957031e+00,4.517742156982421875e+00,3.837121009826660156e+00,3.624949932098388672e+00,3.569391489028930664e+00,3.491200923919677734e+00,3.139615297317504883e+00,3.000646114349365234e+00,3.294681072235107422e+00,3.260258674621582031e+00,2.879324913024902344e+00,3.022315740585327148e+00,3.352547645568847656e+00,3.168554782867431641e+00,3.035922765731811523e+00,3.379422664642333984e+00,3.701357126235961914e+00,2.685593128204345703e+00,2.380580186843872070e+00,2.280113458633422852e+00,2.289249658584594727e+00,2.004280805587768555e+00,1.745661616325378418e+00,2.030357360839843750e+00,2.089528799057006836e+00,1.735803127288818359e+00,1.743932008743286133e+00,2.100693702697753906e+00,2.001810550689697266e+00,1.745182275772094727e+00,2.027778387069702148e+00,2.305491447448730469e+00
1.633318662643432617e+00,1.357972025871276855e+00,1.155335545539855957e+00,8.581047654151916504e-01,6.057810783386230469e-01,5.251713991165161133e-01,5.586023926734924316e-01,3.795115649700164795e-01,0.000000000000000000e+00,3.728086054325103760e-01,5.520517230033874512e-01,5.467150211334228516e-01,6.562409996986389160e-01,8.881535530090332031e-01,1.069271802902221680e+00,1.637820243835449219e+00,1.384094834327697754e+00,1.707703113555908203e+00,1.838735699653625488e+00,1.662537813186645508e+00,1.853057265281677246e+00,2.127864360809326172e+00,2.097699403762817383e+00,2.106053590774536133e+00,2.357148885726928711e+00,2.535290718078613281e+00,2.603701591491699219e+00,2.743481874465942383e+00,2.915252923965454102e+00,3.127104043960571289e+00,3.639230251312255859e+00,3.265425205230712891e+00,3.438906192779541016e+00,3.479776620864868164e+00,3.135740041732788086e+00,3.126920223236083984e+00,3.505149126052856445e+00,3.461832761764526367e+00,3.203970193862915039e+00,3.441740512847900391e+00,3.761769294738769531e+00,3.668408155441284180e+00,3.632661581039428711e+00,3.962304353713989258e+00,4.208476066589355469e+00,3.597267389297485352e+00,3.401829481124877930e+00,3.367853403091430664e+00,3.274529695510864258e+00,2.907642364501953125e+00,2.805323123931884766e+00,3.101663589477539062e+00,3.033461332321166992e+00,2.660713672637939453e+00,2.841175317764282227e+00,3.156091928482055664e+00,2.953688621520996094e+00,2.862109661102294922e+00,3.220686435699462891e+00,3.523396015167236328e+00,2.500011920928955078e+00,2.211224317550659180e+00,2.145618438720703125e+00,2.108780622482299805e+00,1.790497183799743652e+00,1.583565115928649902e+00,1.882338285446166992e+00,1.879508852958679199e+00,1.514768123626708984e+00,1.595946073532104492e+00,1.934397220611572266e+00,1.793861865997314453e+00,1.587732315063476562e+00,1.917438507080078125e+00,2.155402660369873047e+00
1.747298359870910645e+00,1.506426453590393066e+00,1.226737022399902344e+00,9.556104540824890137e-01,8.213116526603698730e-01,5.954847335815429688e-01,4.944353997707366943e-01,5.220372676849365234e-01,3.728086054325103760e-01,0.000000000000000000e+00,3.915358781814575195e-01,5.486905574798583984e-01,5.056536197662353516e-01,6.191965937614440918e-01,8.958045244216918945e-01,1.401431798934936523e+00,1.137819766998291016e+00,1.457255005836486816e+00,1.644853949546813965e+00,1.530588388442993164e+00,1.700771808624267578e+00,1.950256347656250000e+00,1.973089694976806641e+00,2.022550106048583984e+00,2.229000329971313477e+00,2.398668050765991211e+00,2.518510818481445312e+00,2.651693105697631836e+00,2.777634143829345703e+00,3.002404689788818359e+00,3.517092227935791016e+00,3.137969493865966797e+00,3.316608667373657227e+00,3.396511077880859375e+00,3.074094295501708984e+00,3.057886123657226562e+00,3.441744804382324219e+00,3.430800676345825195e+00,3.194133520126342773e+00,3.417137384414672852e+00,3.744888782501220703e+00,3.687898874282836914e+00,3.651709556579589844e+00,3.959040880203247070e+00,4.227795600891113281e+00,3.594806194305419922e+00,3.370069503784179688e+00,3.364062547683715820e+00,3.309241294860839844e+00,2.943314790725708008e+00,2.852454423904418945e+00,3.175628185272216797e+00,3.125550746917724609e+00,2.766051769256591797e+00,2.960166454315185547e+00,3.287596702575683594e+00,3.113163232803344727e+00,3.036016941070556641e+00,3.390145301818847656e+00,3.701650381088256836e+00,2.780791044235229492e+00,2.477281570434570312e+00,2.449038505554199219e+00,2.421904325485229492e+00,2.086865901947021484e+00,1.909845948219299316e+00,2.227185726165771484e+00,2.208772897720336914e+00,1.847330689430236816e+00,1.956700205802917480e+00,2.289924144744873047e+00,2.133231878280639648e+00,1.942741274833679199e+00,2.282289266586303711e+00,2.506753683090209961e+00
1.744594931602478027e+00,1.578079581260681152e+00,1.313158988952636719e+00,9.805138111114501953e-01,9.382161498069763184e-01,8.362588286399841309e-01,5.723469853401184082e-01,4.740681946277618408e-01,5.520517230033874512e-01,3.915358781814575195e-01,0.000000000000000000e+00,3.791214227676391602e-01,5.344431996345520020e-01,4.981026053428649902e-01,6.345168352127075195e-01,1.520001292228698730e+00,1.339438319206237793e+00,1.682831168174743652e+00,1.861078023910522461e+00,1.795790672302246094e+00,2.003504276275634766e+00,2.210752010345458984e+00,2.218844890594482422e+00,2.313949584960937500e+00,2.524661779403686523e+00,2.653397560119628906e+00,2.781289577484130859e+00,2.947167158126831055e+00,3.054794788360595703e+00,3.255212068557739258e+00,3.852777004241943359e+00,3.479889631271362305e+00,3.672474861145019531e+00,3.760158300399780273e+00,3.442586183547973633e+00,3.436559915542602539e+00,3.820064783096313477e+00,3.806803703308105469e+00,3.576986789703369141e+00,3.804571866989135742e+00,4.129179000854492188e+00,4.071298122406005859e+00,4.040736198425292969e+00,4.348879337310791016e+00,4.615988731384277344e+00,3.982236623764038086e+00,3.753413438796997070e+00,3.741550207138061523e+00,3.688758134841918945e+00,3.326052665710449219e+00,3.223085641860961914e+00,3.541979551315307617e+00,3.497893810272216797e+00,3.132136583328247070e+00,3.311383247375488281e+00,3.641314983367919922e+00,3.461843967437744141e+00,3.366146564483642578e+00,3.717438220977783203e+00,4.033300876617431641e+00,3.048468112945556641e+00,2.752135992050170898e+00,2.680078744888305664e+00,2.653846979141235352e+00,2.341347932815551758e+00,2.121735811233520508e+00,2.406152009963989258e+00,2.411090373992919922e+00,2.040197849273681641e+00,2.091531276702880859e+00,2.423017740249633789e+00,2.263354301452636719e+00,2.019789218902587891e+00,2.335497140884399414e+00,2.570608377456665039e+00
1.975034475326538086e+00,1.776332259178161621e+00,1.560817360877990723e+00,1.210936784744262695e+00,1.067127227783203125e+00,1.014060258865356445e+00,8.578336834907531738e-01,6.203925609588623047e-01,5.467150211334228516e-01,5.486905574798583984e-01,3.791214227676391602e-01,0.000000000000000000e+00,3.801849186420440674e-01,5.507796406745910645e-01,5.722501873970031738e-01,1.437481760978698730e+00,1.306355118751525879e+00,1.671547412872314453e+00,1.772194266319274902e+00,1.682215571403503418e+00,1.944050073623657227e+00,2.136785507202148438e+00,2.081509351730346680e+00,2.182670831680297852e+00,2.434026956558227539e+00,2.532776117324829102e+00,2.623461723327636719e+00,2.824047803878784180e+00,2.954398632049560547e+00,3.121257066726684570e+00,3.808885335922241211e+00,3.452338695526123047e+00,3.668582439422607422e+00,3.729040861129760742e+00,3.402463436126708984e+00,3.433565378189086914e+00,3.810329675674438477e+00,3.761711120605468750e+00,3.540879726409912109e+00,3.797880411148071289e+00,4.101608753204345703e+00,4.023512840270996094e+00,4.022913455963134766e+00,4.343121051788330078e+00,4.589981079101562500e+00,4.047894477844238281e+00,3.847532749176025391e+00,3.843576192855834961e+00,3.759944915771484375e+00,3.384612083435058594e+00,3.308199167251586914e+00,3.613215923309326172e+00,3.530017852783203125e+00,3.166344165802001953e+00,3.366506099700927734e+00,3.673912763595581055e+00,3.460404872894287109e+00,3.388560771942138672e+00,3.752063751220703125e+00,4.044355869293212891e+00,2.964242458343505859e+00,2.703950166702270508e+00,2.615123987197875977e+00,2.537648439407348633e+00,2.227272510528564453e+00,2.018527984619140625e+00,2.267430067062377930e+00,2.233732938766479492e+00,1.854766607284545898e+00,1.911723732948303223e+00,2.211135149002075195e+00,2.010608434677124023e+00,1.768640875816345215e+00,2.099123477935791016e+00,2.299671411514282227e+00
2.194726705551147461e+00,1.964912056922912598e+00,1.710236072540283203e+00,1.403324246406555176e+00,1.239959120750427246e+00,1.074730396270751953e+00,9.673826098442077637e-01,8.548259735107421875e-01,6.562409996986389160e-01,5.056536197662353516e-01,5.344431996345520020e-01,3.801849186420440674e-01,0.000000000000000000e+00,3.852968215942382812e-01,5.841473937034606934e-01,1.071454405784606934e+00,9.268576502799987793e-01,1.293199539184570312e+00,1.397546291351318359e+00,1.328474760055541992e+00,1.589041352272033691e+00,1.766068816184997559e+00,1.729278922080993652e+00,1.850006580352783203e+00,2.081179141998291016e+00,2.174573659896850586e+00,2.288426876068115234e+00,2.484819173812866211e+00,2.594971418380737305e+00,2.767951488494873047e+00,3.464082956314086914e+00,3.110894918441772461e+00,3.338106393814086914e+00,3.413375616073608398e+00,3.100414276123046875e+00,3.142270803451538086e+00,3.517707109451293945e+00,3.478863239288330078e+00,3.280228137969970703e+00,3.537685871124267578e+00,3.836108684539794922e+00,3.780129194259643555e+00,3.793610334396362305e+00,4.098840713500976562e+00,4.354440212249755859e+00,3.849893569946289062e+00,3.644516229629516602e+00,3.673249006271362305e+00,3.604354858398437500e+00,3.223317384719848633e+00,3.180008649826049805e+00,3.499999761581420898e+00,3.406767845153808594e+00,3.061230421066284180e+00,3.292371511459350586e+00,3.595027685165405273e+00,3.390115499496459961e+00,3.354835987091064453e+00,3.722188711166381836e+00,4.006207942962646484e+00,3.003656148910522461e+00,2.743673324584960938e+00,2.705286979675292969e+00,2.610857963562011719e+00,2.270947933197021484e+00,2.118588209152221680e+00,2.392122745513916016e+00,2.312028884887695312e+00,1.937260508537292480e+00,2.063303470611572266e+00,2.348208904266357422e+00,2.119901180267333984e+00,1.935075879096984863e+00,2.297128915786743164e+00,2.463813781738281250e+00
2.216809272766113281e+00,2.042745113372802734e+00,1.750775456428527832e+00,1.449471235275268555e+00,1.385806918144226074e+00,1.202702641487121582e+00,9.869529008865356445e-01,9.541976451873779297e-01,8.881535530090332031e-01,6.191965937614440918e-01,4.981026053428649902e-01,5.507796406745910645e-01,3.852968215942382812e-01,0.000000000000000000e+00,3.772278130054473877e-01,1.082382321357727051e+00,9.813352823257446289e-01,1.327847719192504883e+00,1.498478770256042480e+00,1.516943097114562988e+00,1.747659087181091309e+00,1.884296774864196777e+00,1.903652429580688477e+00,2.067602396011352539e+00,2.249271154403686523e+00,2.325515508651733398e+00,2.489582300186157227e+00,2.680182695388793945e+00,2.740483522415161133e+00,2.919579029083251953e+00,3.615044116973876953e+00,3.258527040481567383e+00,3.483377456665039062e+00,3.595834970474243164e+00,3.304023742675781250e+00,3.329824924468994141e+00,3.708013534545898438e+00,3.701206922531127930e+00,3.514137506484985352e+00,3.751210212707519531e+00,4.059639453887939453e+00,4.031046867370605469e+00,4.033391475677490234e+00,4.321051597595214844e+00,4.595274448394775391e+00,4.040716171264648438e+00,3.807054281234741211e+00,3.843348026275634766e+00,3.807749509811401367e+00,3.435536146163940430e+00,3.379896879196166992e+00,3.715629816055297852e+00,3.651198625564575195e+00,3.308081388473510742e+00,3.528416156768798828e+00,3.847787618637084961e+00,3.668215036392211914e+00,3.619454383850097656e+00,3.978450775146484375e+00,4.279082298278808594e+00,3.331333875656127930e+00,3.050944805145263672e+00,3.014343976974487305e+00,2.947980880737304688e+00,2.610083341598510742e+00,2.441715002059936523e+00,2.726026535034179688e+00,2.670415401458740234e+00,2.295190811157226562e+00,2.400788545608520508e+00,2.700391054153442383e+00,2.485514402389526367e+00,2.279150009155273438e+00,2.626678943634033203e+00,2.810242652893066406e+00
2.339352607727050781e+00,2.201500654220581055e+00,1.940893292427062988e+00,1.602596759796142578e+00,1.553795456886291504e+00,1.448474407196044922e+00,1.199968814849853516e+00,1.073285937309265137e+00,1.069271802902221680e+00,8.958045244216918945e-01,6.345168352127075195e-01,5.722501873970031738e-01,5.841473937034606934e-01,3.772278130054473877e-01,0.000000000000000000e+00,1.270161032676696777e+00,1.264319300651550293e+00,1.614150404930114746e+00,1.733754396438598633e+00,1.768665790557861328e+00,2.039346933364868164e+00,2.143207311630249023e+00,2.121070623397827148e+00,2.311820268630981445e+00,2.513784408569335938e+00,2.548556804656982422e+00,2.696506023406982422e+00,2.922922849655151367e+00,2.982278347015380859e+00,3.125953435897827148e+00,3.912114143371582031e+00,3.568156719207763672e+00,3.809094667434692383e+00,3.912622213363647461e+00,3.619071483612060547e+00,3.664330005645751953e+00,4.039083003997802734e+00,4.015024185180664062e+00,3.832705974578857422e+00,4.084052562713623047e+00,4.382764339447021484e+00,4.342332363128662109e+00,4.358044624328613281e+00,4.653270721435546875e+00,4.917109966278076172e+00,4.392193794250488281e+00,4.167548656463623047e+00,4.197852611541748047e+00,4.149052619934082031e+00,3.773769855499267578e+00,3.715064048767089844e+00,4.041862487792968750e+00,3.967735528945922852e+00,3.617585897445678711e+00,3.832802534103393555e+00,4.147135734558105469e+00,3.950175762176513672e+00,3.893655538558959961e+00,4.255875110626220703e+00,4.552204132080078125e+00,3.519703149795532227e+00,3.256475210189819336e+00,3.182176589965820312e+00,3.100602626800537109e+00,2.781580686569213867e+00,2.586958646774291992e+00,2.834868192672729492e+00,2.784909009933471680e+00,2.405225515365600586e+00,2.469951629638671875e+00,2.753211021423339844e+00,2.526545524597167969e+00,2.286546707153320312e+00,2.613559007644653320e+00,2.788875341415405273e+00
3.134438753128051758e+00,2.885454654693603516e+00,2.585632562637329102e+00,2.351488590240478516e+00,2.194384098052978516e+00,1.921803832054138184e+00,1.867468357086181641e+00,1.882606506347656250e+00,1.637820243835449219e+00,1.401431798934936523e+00,1.520001292228698730e+00,1.437481760978698730e+00,1.071454405784606934e+00,1.082382321357727051e+00,1.270161032676696777e+00,0.000000000000000000e+00,3.963923156261444092e-01,5.339795351028442383e-01,5.381886363029479980e-01,7.776756882667541504e-01,1.016653060913085938e+00,9.579944014549255371e-01,9.912247061729431152e-01,1.284148693084716797e+00,1.383870005607604980e+00,1.348974466323852539e+00,1.575536608695983887e+00,1.793576359748840332e+00,1.770729184150695801e+00,1.910156726837158203e+00,2.765414953231811523e+00,2.461028575897216797e+00,2.749146461486816406e+00,2.882070779800415039e+00,2.649085998535156250e+00,2.755629062652587891e+00,3.098255872726440430e+00,3.085751533508300781e+00,2.996705055236816406e+00,3.253067731857299805e+00,3.504666566848754883e+00,3.526696205139160156e+00,3.606067180633544922e+00,3.846486568450927734e+00,4.114605426788330078e+00,3.793220043182373047e+00,3.585886478424072266e+00,3.720558643341064453e+00,3.697383165359497070e+00,3.320979833602905273e+00,3.382892608642578125e+00,3.722854614257812500e+00,3.598541975021362305e+00,3.327431201934814453e+00,3.629823923110961914e+00,3.897808790206909180e+00,3.717080116271972656e+00,3.782315492630004883e+00,4.143764495849609375e+00,4.388746738433837891e+00,3.579753637313842773e+00,3.350672245025634766e+00,3.407643556594848633e+00,3.265510320663452148e+00,2.895719766616821289e+00,2.864212274551391602e+00,3.144044399261474609e+00,2.966328382492065430e+00,2.630181312561035156e+00,2.860655069351196289e+00,3.081782341003417969e+00,2.794447422027587891e+00,2.718673467636108398e+00,3.110038280487060547e+00,3.185552597045898438e+00
2.835884571075439453e+00,2.568859815597534180e+00,2.266975641250610352e+00,2.064921140670776367e+00,1.900632023811340332e+00,1.600048303604125977e+00,1.588025093078613281e+00,1.647574782371520996e+00,1.384094834327697754e+00,1.137819766998291016e+00,1.339438319206237793e+00,1.306355118751525879e+00,9.268576502799987793e-01,9.813352823257446289e-01,1.264319300651550293e+00,3.963923156261444092e-01,0.000000000000000000e+00,3.694432675838470459e-01,5.507449507713317871e-01,6.399096250534057617e-01,8.215059041976928711e-01,9.094248414039611816e-01,9.977545142173767090e-01,1.188293337821960449e+00,1.299159288406372070e+00,1.378877520561218262e+00,1.592258810997009277e+00,1.749331712722778320e+00,1.773030996322631836e+00,1.977313995361328125e+00,2.660829305648803711e+00,2.320605516433715820e+00,2.574815988540649414e+00,2.703300714492797852e+00,2.445982694625854492e+00,2.512825250625610352e+00,2.873492240905761719e+00,2.874070882797241211e+00,2.748961687088012695e+00,2.991945743560791016e+00,3.269640684127807617e+00,3.284817457199096680e+00,3.332537174224853516e+00,3.583076715469360352e+00,3.861273527145385742e+00,3.460513830184936523e+00,3.243808269500732422e+00,3.361539840698242188e+00,3.340769767761230469e+00,2.964984178543090820e+00,3.009286880493164062e+00,3.353840589523315430e+00,3.245318889617919922e+00,2.966294288635253906e+00,3.259252309799194336e+00,3.538361072540283203e+00,3.370444774627685547e+00,3.422594547271728516e+00,3.780270099639892578e+00,4.036794662475585938e+00,3.275935649871826172e+00,3.026890039443969727e+00,3.100337505340576172e+00,2.984657526016235352e+00,2.609456777572631836e+00,2.581373691558837891e+00,2.886732339859008789e+00,2.727833509445190430e+00,2.396465778350830078e+00,2.636696815490722656e+00,2.880840063095092773e+00,2.624103784561157227e+00,2.555045604705810547e+00,2.947195053100585938e+00,3.050736188888549805e+00
3.096716165542602539e+00,2.821819782257080078e+00,2.512676239013671875e+00,2.347841262817382812e+00,2.187989711761474609e+00,1.863373756408691406e+00,1.877747058868408203e+00,1.975659489631652832e+00,1.707703113555908203e+00,1.457255005836486816e+00,1.682831168174743652e+00,1.671547412872314453e+00,1.293199539184570312e+00,1.327847719192504883e+00,1.614150404930114746e+00,5.339795351028442383e-01,3.694432675838470459e-01,0.000000000000000000e+00,3.869225084781646729e-01,5.914116501808166504e-01,6.248084902763366699e-01,6.335175037384033203e-01,8.427942395210266113e-01,1.043327689170837402e+00,1.051939606666564941e+00,1.135971784591674805e+00,1.406357169151306152e+00,1.518439292907714844e+00,1.488436818122863770e+00,1.719276666641235352e+00,2.352648258209228516e+00,2.018793821334838867e+00,2.278950452804565430e+00,2.436591386795043945e+00,2.212682723999023438e+00,2.284134864807128906e+00,2.632239103317260742e+00,2.657189369201660156e+00,2.567401409149169922e+00,2.794457435607910156e+00,3.061319589614868164e+00,3.111330986022949219e+00,3.169127941131591797e+00,3.390178918838500977e+00,3.677685022354125977e+00,3.317352294921875000e+00,3.096986532211303711e+00,3.251079559326171875e+00,3.253804445266723633e+00,2.889599561691284180e+00,2.967994689941406250e+00,3.316060781478881836e+00,3.206838846206665039e+00,2.961680889129638672e+00,3.270835161209106445e+00,3.536731719970703125e+00,3.390027761459350586e+00,3.473229646682739258e+00,3.819711923599243164e+00,4.063604831695556641e+00,3.415897369384765625e+00,3.172336578369140625e+00,3.284800529479980469e+00,3.169107675552368164e+00,2.790685176849365234e+00,2.802640676498413086e+00,3.115262269973754883e+00,2.938505172729492188e+00,2.629616498947143555e+00,2.898395061492919922e+00,3.129805803298950195e+00,2.874358177185058594e+00,2.840105295181274414e+00,3.234620809555053711e+00,3.322732448577880859e+00
3.328862190246582031e+00,3.034579515457153320e+00,2.749888181686401367e+00,2.562548398971557617e+00,2.359513521194458008e+00,2.063907146453857422e+00,2.102508306503295898e+00,2.141843080520629883e+00,1.838735699653625488e+00,1.644853949546813965e+00,1.861078023910522461e+00,1.772194266319274902e+00,1.397546291351318359e+00,1.498478770256042480e+00,1.733754396438598633e+00,5.381886363029479980e-01,5.507449507713317871e-01,3.869225084781646729e-01,0.000000000000000000e+00,3.835289478302001953e-01,5.444087982177734375e-01,4.284602403640747070e-01,4.991016089916229248e-01,7.848110198974609375e-01,8.458896875381469727e-01,8.433820605278015137e-01,1.084178566932678223e+00,1.264905810356140137e+00,1.256511926651000977e+00,1.433194518089294434e+00,2.239573955535888672e+00,1.940580725669860840e+00,2.240277528762817383e+00,2.359127283096313477e+00,2.133669376373291016e+00,2.265716552734375000e+00,2.594262123107910156e+00,2.572480916976928711e+00,2.508779525756835938e+00,2.771152496337890625e+00,3.002467632293701172e+00,3.034730911254882812e+00,3.136114120483398438e+00,3.363147735595703125e+00,3.624303340911865234e+00,3.393128871917724609e+00,3.210298538208007812e+00,3.375487327575683594e+00,3.346366405487060547e+00,2.975487709045410156e+00,3.087065935134887695e+00,3.415566444396972656e+00,3.265108108520507812e+00,3.032300949096679688e+00,3.362152099609375000e+00,3.599502325057983398e+00,3.423447370529174805e+00,3.537284851074218750e+00,3.890493154525756836e+00,4.106218338012695312e+00,3.403783082962036133e+00,3.197754859924316406e+00,3.307227134704589844e+00,3.148441791534423828e+00,2.775737762451171875e+00,2.814800977706909180e+00,3.096570730209350586e+00,2.879752397537231445e+00,2.583523750305175781e+00,2.869191408157348633e+00,3.060573101043701172e+00,2.775425195693969727e+00,2.771726369857788086e+00,3.168227672576904297e+00,3.213039398193359375e+00
3.160357952117919922e+00,2.837469100952148438e+00,2.581491708755493164e+00,2.405935287475585938e+00,2.161247730255126953e+00,1.880701065063476562e+00,1.980699777603149414e+00,2.001310110092163086e+00,1.662537813186645508e+00,1.530588388442993164e+00,1.795790672302246094e+00,1.682215571403503418e+00,1.328474760055541992e+00,1.516943097114562988e+00,1.768665790557861328e+00,7.776756882667541504e-01,6.399096250534057617e-01,5.914116501808166504e-01,3.835289478302001953e-01,0.000000000000000000e+00,3.763228654861450195e-01,5.161958932876586914e-01,4.513009190559387207e-01,5.590943694114685059e-01,7.600315213203430176e-01,8.743675947189331055e-01,1.003997206687927246e+00,1.164924740791320801e+00,1.274663329124450684e+00,1.473639845848083496e+00,2.183572053909301758e+00,1.866843581199645996e+00,2.148747205734252930e+00,2.217046499252319336e+00,1.945154666900634766e+00,2.076165676116943359e+00,2.415778398513793945e+00,2.361005067825317383e+00,2.260042667388916016e+00,2.543182373046875000e+00,2.780792951583862305e+00,2.776083469390869141e+00,2.872904062271118164e+00,3.128614664077758789e+00,3.376558780670166016e+00,3.147471427917480469e+00,2.987383365631103516e+00,3.131691932678222656e+00,3.070158958435058594e+00,2.690291166305541992e+00,2.802283048629760742e+00,3.117162704467773438e+00,2.947803735733032227e+00,2.707673788070678711e+00,3.041253566741943359e+00,3.268879175186157227e+00,3.075008153915405273e+00,3.193447589874267578e+00,3.551072597503662109e+00,3.758159875869750977e+00,3.031073808670043945e+00,2.836625337600708008e+00,2.952430963516235352e+00,2.784002780914306641e+00,2.413298845291137695e+00,2.473827123641967773e+00,2.750803232192993164e+00,2.523014545440673828e+00,2.241820096969604492e+00,2.545552253723144531e+00,2.726263284683227539e+00,2.449687004089355469e+00,2.473851919174194336e+00,2.868393898010253906e+00,2.908323287963867188e+00
3.238547086715698242e+00,2.908819675445556641e+00,2.645009517669677734e+00,2.518671035766601562e+00,2.288487672805786133e+00,1.977651357650756836e+00,2.105898380279541016e+00,2.184030532836914062e+00,1.853057265281677246e+00,1.700771808624267578e+00,2.003504276275634766e+00,1.944050073623657227e+00,1.589041352272033691e+00,1.747659087181091309e+00,2.039346933364868164e+00,1.016653060913085938e+00,8.215059041976928711e-01,6.248084902763366699e-01,5.444087982177734375e-01,3.763228654861450195e-01,0.000000000000000000e+00,3.849906027317047119e-01,5.401201844215393066e-01,5.052869915962219238e-01,5.413411259651184082e-01,7.919067740440368652e-01,9.690686464309692383e-01,1.004531621932983398e+00,1.092693567276000977e+00,1.370499253273010254e+00,1.879077792167663574e+00,1.538125276565551758e+00,1.803041338920593262e+00,1.898455023765563965e+00,1.640734910964965820e+00,1.748105883598327637e+00,2.091662168502807617e+00,2.073467016220092773e+00,1.983307361602783203e+00,2.240664958953857422e+00,2.488157987594604492e+00,2.516993284225463867e+00,2.600888490676879883e+00,2.833425521850585938e+00,3.100445270538330078e+00,2.853526830673217773e+00,2.682480335235595703e+00,2.852410316467285156e+00,2.817341566085815430e+00,2.450216293334960938e+00,2.584429502487182617e+00,2.905973434448242188e+00,2.749054193496704102e+00,2.538773298263549805e+00,2.879628181457519531e+00,3.102465152740478516e+00,2.941498279571533203e+00,3.079075574874877930e+00,3.420915842056274414e+00,3.624832391738891602e+00,3.047631502151489258e+00,2.843575954437255859e+00,3.003764390945434570e+00,2.859663724899291992e+00,2.488583564758300781e+00,2.580870866775512695e+00,2.878467082977294922e+00,2.656888008117675781e+00,2.401707172393798828e+00,2.723842144012451172e+00,2.910342931747436523e+00,2.661559343338012695e+00,2.709103345870971680e+00,3.098320960998535156e+00,3.147676467895507812e+00
