,A1,A2,A3,A4,A5,A6,A7,A8,A9,A10,A11,A12,A13,A14,A15,B1,B2,B3,B4,B5,B6,B7,B8,B9,B10,B11,B12,B13,B14,B15,C1,C2,C3,C4,C5,C6,C7,C8,C9,C10,C11,C12,C13,C14,C15,D1,D2,D3,D4,D5,D6,D7,D8,D9,D10,D11,D12,D13,D14,D15,E1,E2,E3,E4,E5,E6,E7,E8,E9,E10,E11,E12,E13,E14,E15
A1,0.0,0.39461055397987366,0.5672522187232971,0.5488101840019226,0.6561961770057678,0.9002388119697571,1.027062177658081,1.0838249921798706,1.2801717519760132,1.4467395544052124,1.5290894508361816,1.7052196264266968,1.9193438291549683,2.0499508380889893,2.2565066814422607,2.735534191131592,2.354245662689209,2.418572187423706,2.661726951599121,2.4242665767669678,2.1339056491851807,2.416686773300171,2.582998275756836,2.2781035900115967,2.2345855236053467,2.615508556365967,2.6041340827941895,2.356438159942627,2.5761852264404297,2.755585193634033,2.043989658355713,1.866650104522705,2.17584228515625,2.2193024158477783,1.870567798614502,1.8986544609069824,2.2582926750183105,2.2005767822265625,1.9963396787643433,2.265669345855713,2.5462207794189453,2.467815637588501,2.4960246086120605,2.8448166847229004,2.98513126373291,2.664407968521118,2.4704437255859375,2.6702771186828613,2.6430795192718506,2.262660026550293,2.2414445877075195,2.5119469165802,2.37229585647583,2.060304880142212,2.3023056983947754,2.53313946723938,2.271151304244995,2.180203914642334,2.547739267349243,2.4425535202026367,2.3904361724853516,2.283514976501465,2.6513760089874268,2.777555465698242,2.5451292991638184,2.633413076400757,2.9976606369018555,2.998321294784546,2.9118850231170654,3.166309356689453,3.4296329021453857,3.4194648265838623,3.5377321243286133,3.854942798614502,4.025444030761719
A2,0.39461055397987366,0.0,0.38806700706481934,0.5447160601615906,0.500611424446106,0.6107462644577026,0.8478699922561646,0.9662050604820251,1.0584733486175537,1.205463171005249,1.3754546642303467,1.537955403327942,1.6889773607254028,1.8453394174575806,2.0917551517486572,2.4421546459198,2.068009853363037,2.1331944465637207,2.3432698249816895,2.0872650146484375,1.8024269342422485,2.084246873855591,2.224433660507202,1.9057291746139526,1.8790969848632812,2.256913185119629,2.224900484085083,1.9845167398452759,2.2258589267730713,2.39642333984375,1.8173028230667114,1.6134494543075562,1.9293299913406372,2.026548385620117,1.7054682970046997,1.7130416631698608,2.086289405822754,2.084725856781006,1.9067137241363525,2.1448426246643066,2.4385194778442383,2.419835329055786,2.4462289810180664,2.76735782623291,2.9530627727508545,2.651744842529297,2.419764518737793,2.631648540496826,2.661287546157837,2.2863407135009766,2.2291531562805176,2.5338900089263916,2.448499917984009,2.129753589630127,2.3461828231811523,2.623073101043701,2.405269145965576,2.2865471839904785,2.6555399894714355,2.5971829891204834,2.352522611618042,2.2241673469543457,2.590128183364868,2.692920207977295,2.419267416000366,2.4980249404907227,2.868619203567505,2.842111110687256,2.718447685241699,2.9853742122650146,3.2540175914764404,3.2076096534729004,3.3104488849639893,3.6460695266723633,3.799341917037964
A3,0.5672522187232971,0.38806700706481934,0.0,0.38602912425994873,0.5419518351554871,0.525054395198822,0.602973222732544,0.8407180309295654,0.9890527725219727,1.024327278137207,1.1580995321273804,1.404312014579773,1.5401692390441895,1.6217412948608398,1.8851730823516846,2.2322473526000977,1.84723961353302,1.8746200799942017,2.126391887664795,1.9161417484283447,1.6024444103240967,1.8705512285232544,2.066204786300659,1.785590410232544,1.71453857421875,2.0976545810699463,2.130099058151245,1.9001389741897583,2.0961315631866455,2.3184163570404053,1.5889307260513306,1.3551169633865356,1.6401121616363525,1.7215361595153809,1.3810255527496338,1.363668441772461,1.733815312385559,1.7271839380264282,1.5276046991348267,1.7649786472320557,2.062824249267578,2.038424015045166,2.05819034576416,2.380798101425171,2.5658926963806152,2.3005926609039307,2.0818233489990234,2.3204081058502197,2.350155830383301,1.9769742488861084,1.9517340660095215,2.275350570678711,2.1899566650390625,1.9017819166183472,2.1482906341552734,2.4259486198425293,2.2351317405700684,2.1618199348449707,2.5428881645202637,2.5211739540100098,2.351219654083252,2.1653025150299072,2.508450984954834,2.6580896377563477,2.3843250274658203,2.4050729274749756,2.7866787910461426,2.8033299446105957,2.6522903442382812,2.8822147846221924,3.1825783252716064,3.157026767730713,3.2219393253326416,3.5520896911621094,3.7366855144500732
A4,0.5488101840019226,0.5447160601615906,0.38602912425994873,0.0,0.37481504678726196,0.5607403516769409,0.5201810598373413,0.5960087776184082,0.8612344264984131,0.9700968265533447,0.996904730796814,1.217225193977356,1.439131259918213,1.5280505418777466,1.7277419567108154,2.272327184677124,1.88954758644104,1.970518708229065,2.2453830242156982,2.033078670501709,1.7554665803909302,2.061617851257324,2.254462957382202,1.99769127368927,1.969535231590271,2.3522567749023438,2.3933656215667725,2.202650785446167,2.4126367568969727,2.6466782093048096,1.9316532611846924,1.672020435333252,1.9164055585861206,2.0009067058563232,1.6470420360565186,1.5737533569335938,1.9327483177185059,1.9260075092315674,1.6648997068405151,1.8775945901870728,2.2021195888519287,2.1388447284698486,2.1007778644561768,2.44366455078125,2.6091465950012207,2.1670141220092773,1.9461238384246826,2.1387853622436523,2.1400880813598633,1.7626622915267944,1.7168909311294556,2.0085954666137695,1.9066582918167114,1.5934662818908691,1.8309822082519531,2.095945358276367,1.883740782737732,1.7967582941055298,2.176374912261963,2.1401822566986084,2.042111396789551,1.8690061569213867,2.217055559158325,2.3811190128326416,2.1405417919158936,2.175611734390259,2.5502748489379883,2.587954044342041,2.4774672985076904,2.7004594802856445,2.9894766807556152,3.0005998611450195,3.089531421661377,3.3987603187561035,3.597764015197754
A5,0.6561961770057678,0.500611424446106,0.5419518351554871,0.37481504678726196,0.0,0.3757069706916809,0.5419437289237976,0.4971661865711212,0.6284270882606506,0.8536831140518188,0.9642689824104309,1.0767576694488525,1.2853890657424927,1.465123176574707,1.6624373197555542,2.173973560333252,1.8057560920715332,1.939901351928711,2.167444944381714,1.905984878540039,1.6698862314224243,2.0047671794891357,2.138857841491699,1.8604779243469238,1.8968238830566406,2.2739105224609375,2.2656166553497314,2.0999410152435303,2.3596723079681396,2.564563751220703,2.0516951084136963,1.7722501754760742,2.023759126663208,2.166837453842163,1.841253638267517,1.7444798946380615,2.115064859390259,2.1615312099456787,1.9180762767791748,2.0940399169921875,2.435929536819458,2.4165258407592773,2.3626415729522705,2.683830976486206,2.8824689388275146,2.3738105297088623,2.1093900203704834,2.2712504863739014,2.3172738552093506,1.952884316444397,1.8381056785583496,2.127586841583252,2.0758848190307617,1.7319039106369019,1.9047489166259766,2.2024340629577637,2.0074541568756104,1.8499658107757568,2.210512161254883,2.1823506355285645,1.864351511001587,1.724106788635254,2.0896425247192383,2.1989328861236572,1.93360435962677,2.0122809410095215,2.380964517593384,2.3693583011627197,2.2634363174438477,2.5234875679016113,2.788583278656006,2.76839017868042,2.8825905323028564,3.203260898590088,3.371192455291748
A6,0.9002388119697571,0.6107462644577026,0.525054395198822,0.5607403516769409,0.3757069706916809,0.0,0.37990131974220276,0.5344552993774414,0.5054018497467041,0.6015588641166687,0.832144558429718,0.9822797179222107,1.0854495763778687,1.251764178276062,1.5137405395507812,1.8580737113952637,1.486793041229248,1.6000735759735107,1.8132439851760864,1.552197813987732,1.3019840717315674,1.6323175430297852,1.7676149606704712,1.4915732145309448,1.524425745010376,1.90058171749115,1.9036659002304077,1.751245379447937,2.007488965988159,2.2261929512023926,1.7806472778320312,1.4730497598648071,1.7081611156463623,1.8926446437835693,1.597525715827942,1.4736449718475342,1.8450056314468384,1.939638376235962,1.7233548164367676,1.8665145635604858,2.211735963821411,2.2451181411743164,2.1955742835998535,2.485687017440796,2.7210500240325928,2.281378984451294,1.994997501373291,2.186347484588623,2.284452438354492,1.932610034942627,1.8102569580078125,2.1388378143310547,2.133211135864258,1.8133689165115356,1.9804528951644897,2.3093323707580566,2.1671245098114014,2.0220448970794678,2.3818359375,2.4063780307769775,1.9803600311279297,1.7911546230316162,2.132643938064575,2.2421047687530518,1.9371285438537598,1.9695065021514893,2.347602128982544,2.3305280208587646,2.166510581970215,2.418111801147461,2.706624746322632,2.6568691730499268,2.7311105728149414,3.069807767868042,3.235612630844116
A7,1.027062177658081,0.8478699922561646,0.602973222732544,0.5201810598373413,0.5419437289237976,0.37990131974220276,0.0,0.38165557384490967,0.5288407206535339,0.47482240200042725,0.556576669216156,0.8287060260772705,0.9710105657577515,1.0349985361099243,1.2827222347259521,1.7536070346832275,1.3714216947555542,1.469852328300476,1.747236967086792,1.5452094078063965,1.2868359088897705,1.6125069856643677,1.8077030181884766,1.5933310985565186,1.5935925245285034,1.9643009901046753,2.0370757579803467,1.9090627431869507,2.1171607971191406,2.3827059268951416,1.791720986366272,1.4607911109924316,1.6380106210708618,1.7987953424453735,1.4851455688476562,1.3077521324157715,1.6612433195114136,1.7483675479888916,1.480001449584961,1.6027055978775024,1.9652870893478394,1.9715656042099,1.8824100494384766,2.183898448944092,2.4073073863983154,1.9060533046722412,1.6272833347320557,1.8251467943191528,1.9112143516540527,1.557322382926941,1.4540609121322632,1.7919502258300781,1.7811250686645508,1.482051968574524,1.6755725145339966,1.999743103981018,1.8780550956726074,1.7753418684005737,2.1435341835021973,2.197082757949829,1.9004548788070679,1.658777117729187,1.9749823808670044,2.144472599029541,1.8632726669311523,1.8381741046905518,2.2231714725494385,2.2668192386627197,2.0992116928100586,2.303514242172241,2.6192593574523926,2.6144137382507324,2.661708116531372,2.9808883666992188,3.187788963317871
A8,1.0838249921798706,0.9662050604820251,0.8407180309295654,0.5960087776184082,0.4971661865711212,0.5344552993774414,0.38165557384490967,0.0,0.3775736689567566,0.5469042658805847,0.5052962303161621,0.6292630434036255,0.8980579972267151,1.037482500076294,1.1898058652877808,1.8609451055526733,1.5035345554351807,1.6786261796951294,1.9386671781539917,1.7120020389556885,1.5181798934936523,1.8734513521194458,2.0273830890655518,1.8196778297424316,1.880950927734375,2.2411718368530273,2.286940813064575,2.1895930767059326,2.429433822631836,2.678658962249756,2.1697475910186768,1.8374897241592407,2.007441282272339,2.1765172481536865,1.8623993396759033,1.6717318296432495,2.0135562419891357,2.1022703647613525,1.8095695972442627,1.9122178554534912,2.2853682041168213,2.27005672454834,2.1408190727233887,2.4478657245635986,2.657693386077881,1.9838639497756958,1.6915733814239502,1.8163583278656006,1.8897730112075806,1.5446420907974243,1.3800256252288818,1.6722804307937622,1.6692838668823242,1.3243768215179443,1.4641886949539185,1.793362021446228,1.6561040878295898,1.493250846862793,1.849738597869873,1.891723871231079,1.5407670736312866,1.3280091285705566,1.668580174446106,1.824353814125061,1.5641167163848877,1.5848987102508545,1.9623878002166748,2.0008091926574707,1.8844114542007446,2.1055421829223633,2.3940072059631348,2.4120187759399414,2.503397226333618,2.806443691253662,3.009976863861084
A9,1.2801717519760132,1.0584733486175537,0.9890527725219727,0.8612344264984131,0.6284270882606506,0.5054018497467041,0.5288407206535339,0.3775736689567566,0.0,0.37890082597732544,0.5487510561943054,0.5193288326263428,0.6730960011482239,0.9248911738395691,1.1154941320419312,1.6341403722763062,1.2953795194625854,1.5147275924682617,1.7159184217453003,1.4444326162338257,1.2971669435501099,1.67060387134552,1.7663755416870117,1.5513598918914795,1.6735317707061768,2.0169012546539307,2.0268914699554443,1.966992735862732,2.239992380142212,2.4684815406799316,2.15928316116333,1.8110647201538086,1.9734832048416138,2.2003023624420166,1.9270797967910767,1.7183218002319336,2.0601747035980225,2.205552577972412,1.9486007690429688,2.0130422115325928,2.3903424739837646,2.4329261779785156,2.3048646450042725,2.57576322555542,2.825688600540161,2.170264959335327,1.8418079614639282,1.9583616256713867,2.095529556274414,1.778059959411621,1.5668967962265015,1.8688656091690063,1.9289782047271729,1.5917450189590454,1.672064185142517,2.0306220054626465,1.9371404647827148,1.7351406812667847,2.061643123626709,2.133646011352539,1.528168797492981,1.3222146034240723,1.6544181108474731,1.7494220733642578,1.4354276657104492,1.4697242975234985,1.8450332880020142,1.8269293308258057,1.6729453802108765,1.9287161827087402,2.208956718444824,2.1747236251831055,2.265542507171631,2.593319892883301,2.765441417694092
A10,1.4467395544052124,1.205463171005249,1.024327278137207,0.9700968265533447,0.8536831140518188,0.6015588641166687,0.47482240200042725,0.5469042658805847,0.37890082597732544,0.0,0.378351092338562,0.5259001851081848,0.5229156613349915,0.6536276936531067,0.9377908110618591,1.3363648653030396,0.9719814658164978,1.1573596000671387,1.395159363746643,1.167844533920288,0.9920149445533752,1.356906771659851,1.50106942653656,1.3318818807601929,1.418847680091858,1.755123257637024,1.8242703676223755,1.7840549945831299,2.0148239135742188,2.2815675735473633,1.9312721490859985,1.5608173608779907,1.6712461709976196,1.91301429271698,1.664107084274292,1.4116250276565552,1.7325613498687744,1.9110910892486572,1.6601817607879639,1.6828261613845825,2.063077449798584,2.136094808578491,1.9980884790420532,2.243485689163208,2.5150792598724365,1.9184374809265137,1.5816559791564941,1.7379709482192993,1.9122849702835083,1.6089783906936646,1.417811393737793,1.7596328258514404,1.8473429679870605,1.557328462600708,1.660712480545044,2.0284383296966553,1.9833589792251587,1.8346552848815918,2.164881467819214,2.28257155418396,1.7375383377075195,1.4654948711395264,1.7466840744018555,1.8849290609359741,1.5638279914855957,1.5064600706100464,1.8880341053009033,1.9099972248077393,1.6957721710205078,1.9017912149429321,2.2244465351104736,2.1913459300994873,2.217597484588623,2.5493533611297607,2.747061014175415
A11,1.5290894508361816,1.3754546642303467,1.1580995321273804,0.996904730796814,0.9642689824104309,0.832144558429718,0.556576669216156,0.5052962303161621,0.5487510561943054,0.378351092338562,0.0,0.390018105506897,0.5599809885025024,0.5572835803031921,0.7351135611534119,1.4450969696044922,1.1021478176116943,1.2907583713531494,1.5792146921157837,1.4129400253295898,1.2592543363571167,1.6028028726577759,1.7818244695663452,1.6606180667877197,1.7260873317718506,2.0506482124328613,2.158287286758423,2.1264724731445312,2.327871799468994,2.616065502166748,2.1426501274108887,1.774095892906189,1.8504343032836914,2.05214262008667,1.7816009521484375,1.5049201250076294,1.7973846197128296,1.947780728340149,1.6433629989624023,1.6496435403823853,2.03936505317688,2.063274621963501,1.873977541923523,2.137157440185547,2.3790066242218018,1.6301177740097046,1.2948685884475708,1.415886640548706,1.566725730895996,1.2632285356521606,1.0534648895263672,1.3869752883911133,1.4739434719085693,1.1848784685134888,1.2886989116668701,1.6546120643615723,1.624838948249817,1.4966391324996948,1.8269295692443848,1.9659062623977661,1.5584161281585693,1.2486799955368042,1.5109033584594727,1.712794303894043,1.4392565488815308,1.3428443670272827,1.7261924743652344,1.816375970840454,1.6369762420654297,1.7960858345031738,2.130092144012451,2.1627206802368164,2.188723564147949,2.4857044219970703,2.724297046661377
A12,1.7052196264266968,1.537955403327942,1.404312014579773,1.217225193977356,1.0767576694488525,0.9822797179222107,0.8287060260772705,0.6292630434036255,0.5193288326263428,0.5259001851081848,0.390018105506897,0.0,0.38193279504776,0.584341824054718,0.6372650265693665,1.440570592880249,1.1527605056762695,1.4308465719223022,1.6530481576919556,1.4433996677398682,1.3789132833480835,1.7433825731277466,1.8492369651794434,1.7322629690170288,1.8748470544815063,2.1773087978363037,2.24082612991333,2.251217842102051,2.4927022457122803,2.7533786296844482,2.4450531005859375,2.0711584091186523,2.150822639465332,2.385873794555664,2.132282018661499,1.852715253829956,2.142670154571533,2.3177642822265625,2.0238518714904785,2.009413957595825,2.4001643657684326,2.440033435821533,2.235123872756958,2.4792516231536865,2.729727029800415,1.8854105472564697,1.532376766204834,1.5730563402175903,1.7499444484710693,1.4876697063446045,1.201905369758606,1.4760057926177979,1.6131837368011475,1.3006991147994995,1.2975578308105469,1.6796973943710327,1.670164704322815,1.4602558612823486,1.7465442419052124,1.8995749950408936,1.2432934045791626,0.94699627161026,1.221256971359253,1.3699461221694946,1.0698957443237305,1.0134432315826416,1.3985973596572876,1.4503597021102905,1.2888221740722656,1.4882228374481201,1.796202540397644,1.81984281539917,1.886742115020752,2.1854937076568604,2.404019832611084
A13,1.9193438291549683,1.6889773607254028,1.5401692390441895,1.439131259918213,1.2853890657424927,1.0854495763778687,0.9710105657577515,0.8980579972267151,0.6730960011482239,0.5229156613349915,0.5599809885025024,0.38193279504776,0.0,0.38754770159721375,0.5631868243217468,1.0757414102554321,0.8072602152824402,1.124305248260498,1.3027067184448242,1.090118169784546,1.0842633247375488,1.4403530359268188,1.5159122943878174,1.4405592679977417,1.614930510520935,1.8816834688186646,1.9522312879562378,2.01206374168396,2.246938705444336,2.5080533027648926,2.3370418548583984,1.9529255628585815,1.9933267831802368,2.27193021774292,2.068547248840332,1.7645447254180908,2.0304183959960938,2.259718179702759,2.0039331912994385,1.9408164024353027,2.3246586322784424,2.423548936843872,2.221801280975342,2.418839454650879,2.7081446647644043,1.9438859224319458,1.5711591243743896,1.6343059539794922,1.8775696754455566,1.6491881608963013,1.3663915395736694,1.6629650592803955,1.8477517366409302,1.5796831846237183,1.5668542385101318,1.9545038938522339,1.9913331270217896,1.8001446723937988,2.06663179397583,2.250525951385498,1.495126485824585,1.1933454275131226,1.402618408203125,1.5151671171188354,1.1766198873519897,1.0627838373184204,1.428964614868164,1.450653314590454,1.1988307237625122,1.3893128633499146,1.7199721336364746,1.6878345012664795,1.698890209197998,2.0273256301879883,2.2335307598114014
A14,2.0499508380889893,1.8453394174575806,1.6217412948608398,1.5280505418777466,1.465123176574707,1.251764178276062,1.0349985361099243,1.037482500076294,0.9248911738395691,0.6536276936531067,0.5572835803031921,0.584341824054718,0.38754770159721375,0.0,0.37545034289360046,0.9515565633773804,0.6776466965675354,0.9378083944320679,1.194352149963379,1.0908806324005127,1.059924602508545,1.367969036102295,1.5178080797195435,1.508798599243164,1.618996262550354,1.8687762022018433,2.012944221496582,2.077327013015747,2.2527413368225098,2.5530381202697754,2.261592388153076,1.874624252319336,1.8543078899383545,2.112715244293213,1.9237276315689087,1.5837174654006958,1.802963137626648,2.039536237716675,1.770804524421692,1.659062385559082,2.0398433208465576,2.1389386653900146,1.9047162532806396,2.080669403076172,2.370915412902832,1.595794916152954,1.2194563150405884,1.3026349544525146,1.5752956867218018,1.375178575515747,1.1146095991134644,1.4349483251571655,1.641263723373413,1.4346706867218018,1.4470175504684448,1.823654294013977,1.9052194356918335,1.7811552286148071,2.0475878715515137,2.266328811645508,1.6886483430862427,1.3372523784637451,1.4877616167068481,1.6749234199523926,1.3816560506820679,1.174015998840332,1.5256471633911133,1.6291415691375732,1.3623833656311035,1.4574317932128906,1.8263174295425415,1.8395634889602661,1.7848594188690186,2.085012912750244,2.3385603427886963
A15,2.2565066814422607,2.0917551517486572,1.8851730823516846,1.7277419567108154,1.6624373197555542,1.5137405395507812,1.2827222347259521,1.1898058652877808,1.1154941320419312,0.9377908110618591,0.7351135611534119,0.6372650265693665,0.5631868243217468,0.37545034289360046,0.0,1.1429471969604492,0.9666146636009216,1.2450904846191406,1.4760172367095947,1.3941549062728882,1.4158004522323608,1.7110216617584229,1.838340163230896,1.8516125679016113,1.9831360578536987,2.2158329486846924,2.355337619781494,2.4390151500701904,2.61850643157959,2.9149832725524902,2.623398542404175,2.2381536960601807,2.2085723876953125,2.451937198638916,2.255167245864868,1.9103037118911743,2.109586238861084,2.3312041759490967,2.037154197692871,1.9104084968566895,2.2866358757019043,2.3551814556121826,2.079031467437744,2.2507269382476807,2.515458583831787,1.564789056777954,1.1909008026123047,1.1615849733352661,1.4428575038909912,1.2986639738082886,0.9709166288375854,1.2211147546768188,1.4817333221435547,1.291541576385498,1.2150784730911255,1.5886608362197876,1.720626711845398,1.578365445137024,1.7948417663574219,2.0527305603027344,1.4614900350570679,1.0890510082244873,1.1707937717437744,1.3893545866012573,1.1429684162139893,0.8762437105178833,1.2100378274917603,1.373795509338379,1.141461730003357,1.1817712783813477,1.5540075302124023,1.6312942504882812,1.58621346950531,1.8457112312316895,2.1318254470825195
B1,2.735534191131592,2.4421546459198,2.2322473526000977,2.272327184677124,2.173973560333252,1.8580737113952637,1.7536070346832275,1.8609451055526733,1.6341403722763062,1.3363648653030396,1.4450969696044922,1.440570592880249,1.0757414102554321,0.9515565633773804,1.1429471969604492,0.0,0.388159841299057,0.5577179789543152,0.4733146131038666,0.5722638368606567,0.8264144062995911,0.9156878590583801,0.9336946606636047,1.1510945558547974,1.3116836547851562,1.3647809028625488,1.5443748235702515,1.7664393186569214,1.8774465322494507,2.154970169067383,2.279130458831787,1.9228640794754028,1.7861483097076416,2.1269497871398926,2.1010117530822754,1.7602574825286865,1.864824891090393,2.2121355533599854,2.081571340560913,1.8657327890396118,2.163752317428589,2.4059410095214844,2.2130260467529297,2.239788055419922,2.6002249717712402,2.128438949584961,1.7896826267242432,1.8989355564117432,2.2490267753601074,2.1367876529693604,1.923790693283081,2.221299648284912,2.4756836891174316,2.336867570877075,2.3273603916168213,2.687467098236084,2.8214521408081055,2.706387519836426,2.9375319480895996,3.1865992546081543,2.436295747756958,2.115530252456665,2.1863908767700195,2.2849740982055664,1.968184232711792,1.7353025674819946,1.980250597000122,2.0062077045440674,1.6336332559585571,1.672180414199829,2.011141061782837,1.8970153331756592,1.698176622390747,2.0172927379608154,2.207256317138672
B2,2.354245662689209,2.068009853363037,1.84723961353302,1.88954758644104,1.8057560920715332,1.486793041229248,1.3714216947555542,1.5035345554351807,1.2953795194625854,0.9719814658164978,1.1021478176116943,1.1527605056762695,0.8072602152824402,0.6776466965675354,0.9666146636009216,0.388159841299057,0.0,0.37685099244117737,0.5202372074127197,0.47937989234924316,0.5683138370513916,0.7838768362998962,0.8970072865486145,1.0024453401565552,1.1286776065826416,1.2866449356079102,1.4640052318572998,1.608880877494812,1.7452325820922852,2.0429365634918213,2.008345603942871,1.6342653036117554,1.5434956550598145,1.8744295835494995,1.7984130382537842,1.4595434665679932,1.6199733018875122,1.9432376623153687,1.7860286235809326,1.6164015531539917,1.9466382265090942,2.159930944442749,1.9829144477844238,2.066300630569458,2.416973352432251,1.9444254636764526,1.5964057445526123,1.7470080852508545,2.062851667404175,1.8958855867385864,1.6981710195541382,2.028756618499756,2.2422542572021484,2.074488401412964,2.1075780391693115,2.4748518466949463,2.567648410797119,2.457840919494629,2.7229866981506348,2.943145990371704,2.2646501064300537,1.9395525455474854,2.0675384998321533,2.1912100315093994,1.8619555234909058,1.6581501960754395,1.960031509399414,1.9942777156829834,1.648447036743164,1.7372053861618042,2.0922117233276367,2.0029900074005127,1.8656234741210938,2.1984384059906006,2.400141477584839
B3,2.418572187423706,2.1331944465637207,1.8746200799942017,1.970518708229065,1.939901351928711,1.6000735759735107,1.469852328300476,1.6786261796951294,1.5147275924682617,1.1573596000671387,1.2907583713531494,1.4308465719223022,1.124305248260498,0.9378083944320679,1.2450904846191406,0.5577179789543152,0.37685099244117737,0.0,0.38839808106422424,0.5473004579544067,0.5046482682228088,0.5556466579437256,0.7964373826980591,0.9548919200897217,0.9619127511978149,1.0893027782440186,1.348929524421692,1.4748233556747437,1.5332250595092773,1.8633772134780884,1.7537412643432617,1.3978723287582397,1.2427175045013428,1.573110818862915,1.5496578216552734,1.210526943206787,1.314601182937622,1.6633425951004028,1.5569475889205933,1.3580149412155151,1.6521813869476318,1.9067238569259644,1.7626711130142212,1.8069331645965576,2.1730878353118896,1.9004215002059937,1.5924911499023438,1.8046561479568481,2.1087303161621094,1.9463179111480713,1.81548011302948,2.161686658859253,2.3490700721740723,2.2163171768188477,2.2974870204925537,2.646658420562744,2.735177755355835,2.6700081825256348,2.952165365219116,3.166715621948242,2.5948803424835205,2.25919246673584,2.3911972045898438,2.5410053730010986,2.2196969985961914,2.0056145191192627,2.309644937515259,2.3630940914154053,2.0178701877593994,2.085003137588501,2.446166515350342,2.362636089324951,2.2013988494873047,2.5222489833831787,2.7295756340026855
B4,2.661726951599121,2.3432698249816895,2.126391887664795,2.2453830242156982,2.167444944381714,1.8132439851760864,1.747236967086792,1.9386671781539917,1.7159184217453003,1.395159363746643,1.5792146921157837,1.6530481576919556,1.3027067184448242,1.194352149963379,1.4760172367095947,0.4733146131038666,0.5202372074127197,0.38839808106422424,0.0,0.3756923973560333,0.5554277896881104,0.4779702126979828,0.5366911292076111,0.8146394491195679,0.9034625291824341,0.9128581881523132,1.1443965435028076,1.3625322580337524,1.4269201755523682,1.7169036865234375,1.8981784582138062,1.5695440769195557,1.4137362241744995,1.775143027305603,1.8038948774337769,1.5008256435394287,1.5868293046951294,1.9511216878890991,1.8922513723373413,1.6941132545471191,1.9531071186065674,2.2389638423919678,2.115846633911133,2.1261558532714844,2.500866413116455,2.263883590698242,1.9532514810562134,2.138615846633911,2.4615111351013184,2.3132855892181396,2.157317876815796,2.4910941123962402,2.6999566555023193,2.556492805480957,2.607999086380005,2.9669692516326904,3.0635387897491455,2.9698452949523926,3.238554000854492,3.458311080932617,2.7633705139160156,2.448585033416748,2.567715644836426,2.670112371444702,2.333907127380371,2.134091854095459,2.4081993103027344,2.41538405418396,2.0482661724090576,2.1239075660705566,2.4579837322235107,2.320627212524414,2.1387939453125,2.469421863555908,2.633347749710083
B5,2.4242665767669678,2.0872650146484375,1.9161417484283447,2.033078670501709,1.905984878540039,1.552197813987732,1.5452094078063965,1.7120020389556885,1.4444326162338257,1.167844533920288,1.4129400253295898,1.4433996677398682,1.090118169784546,1.0908806324005127,1.3941549062728882,0.5722638368606567,0.47937989234924316,0.5473004579544067,0.3756923973560333,0.0,0.3767370283603668,0.5171828866004944,0.45569315552711487,0.5834329128265381,0.7969083786010742,0.8980340957641602,1.0185657739639282,1.21769380569458,1.3822245597839355,1.6390495300292969,1.8847768306732178,1.540998935699463,1.4757367372512817,1.8482338190078735,1.8248087167739868,1.5445653200149536,1.7112162113189697,2.0494160652160645,1.9659178256988525,1.8291836977005005,2.122509002685547,2.377671241760254,2.2660791873931885,2.3332877159118652,2.6972222328186035,2.379715919494629,2.0440268516540527,2.2179696559906006,2.523422956466675,2.3344991207122803,2.1488444805145264,2.4887044429779053,2.683600664138794,2.490908622741699,2.5362632274627686,2.910897970199585,2.974447250366211,2.842890977859497,3.120142936706543,3.3150734901428223,2.545236825942993,2.2591419219970703,2.415609121322632,2.484367609024048,2.1276254653930664,1.9795175790786743,2.270324468612671,2.2341880798339844,1.8798059225082397,2.0181078910827637,2.335503101348877,2.1736812591552734,2.0464868545532227,2.40385365486145,2.5406646728515625
B6,2.1339056491851807,1.8024269342422485,1.6024444103240967,1.7554665803909302,1.6698862314224243,1.3019840717315674,1.2868359088897705,1.5181798934936523,1.2971669435501099,0.9920149445533752,1.2592543363571167,1.3789132833480835,1.0842633247375488,1.059924602508545,1.4158004522323608,0.8264144062995911,0.5683138370513916,0.5046482682228088,0.5554277896881104,0.3767370283603668,0.0,0.37967216968536377,0.5441671013832092,0.5097370743751526,0.5760049819946289,0.8150068521499634,0.9764242768287659,1.0572471618652344,1.2099839448928833,1.5076782703399658,1.5389037132263184,1.1815221309661865,1.1479473114013672,1.5127577781677246,1.4627010822296143,1.1973721981048584,1.4009788036346436,1.7188936471939087,1.6394973993301392,1.546191930770874,1.8437029123306274,2.0850870609283447,2.008791446685791,2.1086161136627197,2.461913585662842,2.2324490547180176,1.9155299663543701,2.138429880142212,2.406012773513794,2.180241584777832,2.039090394973755,2.4021995067596436,2.5507097244262695,2.3533825874328613,2.452306032180786,2.818347454071045,2.846890687942505,2.7417502403259277,3.049790859222412,3.217841148376465,2.5688774585723877,2.2767250537872314,2.4728822708129883,2.575836181640625,2.2219951152801514,2.0869522094726562,2.4145352840423584,2.402062177658081,2.0720746517181396,2.2237515449523926,2.5578417778015137,2.4275591373443604,2.327227830886841,2.6831116676330566,2.8412678241729736
B7,2.416686773300171,2.084246873855591,1.8705512285232544,2.061617851257324,2.0047671794891357,1.6323175430297852,1.6125069856643677,1.8734513521194458,1.67060387134552,1.356906771659851,1.6028028726577759,1.7433825731277466,1.4403530359268188,1.367969036102295,1.7110216617584229,0.9156878590583801,0.7838768362998962,0.5556466579437256,0.4779702126979828,0.5171828866004944,0.37967216968536377,0.0,0.3807772696018219,0.5281969904899597,0.45290955901145935,0.5375808477401733,0.8172921538352966,0.9460546970367432,0.9899352788925171,1.310414433479309,1.4509270191192627,1.1404293775558472,1.0180069208145142,1.3986929655075073,1.4458550214767456,1.204779028892517,1.321085810661316,1.6701887845993042,1.6672135591506958,1.536650538444519,1.7717394828796387,2.0661370754241943,2.022080421447754,2.0602385997772217,2.4273459911346436,2.3653576374053955,2.078324317932129,2.3230204582214355,2.6003763675689697,2.4004416465759277,2.29166316986084,2.6542413234710693,2.806415319442749,2.6425604820251465,2.752410888671875,3.108367443084717,3.1529183387756348,3.0723989009857178,3.378679037094116,3.557279348373413,2.932399034500122,2.6310513019561768,2.8068008422851562,2.91513991355896,2.564936876296997,2.407193422317505,2.718362808227539,2.7120611667633057,2.3645176887512207,2.486565113067627,2.821302890777588,2.6791396141052246,2.53883695602417,2.8855574131011963,3.0379583835601807
B8,2.582998275756836,2.224433660507202,2.066204786300659,2.254462957382202,2.138857841491699,1.7676149606704712,1.8077030181884766,2.0273830890655518,1.7663755416870117,1.50106942653656,1.7818244695663452,1.8492369651794434,1.5159122943878174,1.5178080797195435,1.838340163230896,0.9336946606636047,0.8970072865486145,0.7964373826980591,0.5366911292076111,0.45569315552711487,0.5441671013832092,0.3807772696018219,0.0,0.37825968861579895,0.5354506969451904,0.47679147124290466,0.6155703067779541,0.8775791525840759,0.9937313199043274,1.2312161922454834,1.7085853815078735,1.4241585731506348,1.3449147939682007,1.7293014526367188,1.7831227779388428,1.5665102005004883,1.6948814392089844,2.0388314723968506,2.039344310760498,1.9164375066757202,2.150585412979126,2.4467082023620605,2.398104429244995,2.4321436882019043,2.8020241260528564,2.6801834106445312,2.372103452682495,2.583824634552002,2.8792126178741455,2.6832287311553955,2.5350563526153564,2.8874778747558594,3.0615761280059814,2.875408411026001,2.95076847076416,3.320617914199829,3.36851167678833,3.2505619525909424,3.5431342124938965,3.7232508659362793,2.970064878463745,2.695061683654785,2.8651883602142334,2.9249982833862305,2.562120199203491,2.4296224117279053,2.7169411182403564,2.662508010864258,2.307093381881714,2.450765609741211,2.7544496059417725,2.56506609916687,2.428615093231201,2.7854580879211426,2.8926329612731934
B9,2.2781035900115967,1.9057291746139526,1.785590410232544,1.99769127368927,1.8604779243469238,1.4915732145309448,1.5933310985565186,1.8196778297424316,1.5513598918914795,1.3318818807601929,1.6606180667877197,1.7322629690170288,1.4405592679977417,1.508798599243164,1.8516125679016113,1.1510945558547974,1.0024453401565552,0.9548919200897217,0.8146394491195679,0.5834329128265381,0.5097370743751526,0.5281969904899597,0.37825968861579895,0.0,0.3751471936702728,0.5334053039550781,0.5125868320465088,0.6511657238006592,0.8926088809967041,1.1062958240509033,1.5546921491622925,1.2685167789459229,1.2923088073730469,1.667989730834961,1.6708275079727173,1.497504472732544,1.696410059928894,2.0009443759918213,1.9903697967529297,1.9359756708145142,2.1891722679138184,2.452669620513916,2.4308955669403076,2.5178935527801514,2.8717117309570312,2.736079216003418,2.423245429992676,2.645745277404785,2.909984588623047,2.6720659732818604,2.5258636474609375,2.88783860206604,3.028679370880127,2.8072192668914795,2.902106285095215,3.274817943572998,3.280662775039673,3.1479194164276123,3.458592176437378,3.604184865951538,2.8583853244781494,2.6084794998168945,2.823017120361328,2.871752977371216,2.4998574256896973,2.4152164459228516,2.7266652584075928,2.6512908935546875,2.3222694396972656,2.514359712600708,2.8102965354919434,2.619870185852051,2.536491870880127,2.9079952239990234,3.005619525909424
B10,2.2345855236053467,1.8790969848632812,1.71453857421875,1.969535231590271,1.8968238830566406,1.524425745010376,1.5935925245285034,1.880950927734375,1.6735317707061768,1.418847680091858,1.7260873317718506,1.8748470544815063,1.614930510520935,1.618996262550354,1.9831360578536987,1.3116836547851562,1.1286776065826416,0.9619127511978149,0.9034625291824341,0.7969083786010742,0.5760049819946289,0.45290955901145935,0.5354506969451904,0.3751471936702728,0.0,0.38408035039901733,0.53770512342453,0.5202829241752625,0.6379748582839966,0.9423966407775879,1.2047004699707031,0.9381469488143921,0.9423781037330627,1.3154631853103638,1.3568954467773438,1.2212923765182495,1.3946229219436646,1.6908036470413208,1.729561448097229,1.6905686855316162,1.9051449298858643,2.181471824645996,2.2042670249938965,2.2808003425598145,2.6275076866149902,2.645953416824341,2.367241382598877,2.631845474243164,2.873903751373291,2.6302874088287354,2.5358738899230957,2.909881353378296,3.0214285850524902,2.8232104778289795,2.961184024810791,3.3183770179748535,3.313959836959839,3.2210564613342285,3.5498039722442627,3.6871652603149414,3.06314754486084,2.7942330837249756,3.0166618824005127,3.10360050201416,2.740410089492798,2.6368134021759033,2.965471029281616,2.924499034881592,2.5977675914764404,2.7701737880706787,3.088343381881714,2.925132989883423,2.8285834789276123,3.1923131942749023,3.316470146179199
B11,2.615508556365967,2.256913185119629,2.0976545810699463,2.3522567749023438,2.2739105224609375,1.90058171749115,1.9643009901046753,2.2411718368530273,2.0169012546539307,1.755123257637024,2.0506482124328613,2.1773087978363037,1.8816834688186646,1.8687762022018433,2.2158329486846924,1.3647809028625488,1.2866449356079102,1.0893027782440186,0.9128581881523132,0.8980340957641602,0.8150068521499634,0.5375808477401733,0.47679147124290466,0.5334053039550781,0.38408035039901733,0.0,0.38277027010917664,0.5607878565788269,0.5386687517166138,0.8087806701660156,1.3975272178649902,1.1962592601776123,1.1189625263214111,1.484217643737793,1.607428789138794,1.4790750741958618,1.5737868547439575,1.8933331966400146,1.9774006605148315,1.8929870128631592,2.062328577041626,2.377896547317505,2.4042937755584717,2.424288034439087,2.7829439640045166,2.86791729927063,2.596020460128784,2.8537628650665283,3.1203973293304443,2.9063849449157715,2.8089420795440674,3.1765639781951904,3.3123726844787598,3.1335394382476807,3.2549867630004883,3.6136982440948486,3.6346421241760254,3.5429258346557617,3.859421968460083,4.01616907119751,3.3447275161743164,3.0715954303741455,3.2672817707061768,3.341710329055786,2.9769644737243652,2.855517864227295,3.1601803302764893,3.110396385192871,2.7633423805236816,2.9141969680786133,3.2230236530303955,3.0362141132354736,2.9052488803863525,3.26192569732666,3.367377758026123
B12,2.6041340827941895,2.224900484085083,2.130099058151245,2.3933656215667725,2.2656166553497314,1.9036659002304077,2.0370757579803467,2.286940813064575,2.0268914699554443,1.8242703676223755,2.158287286758423,2.24082612991333,1.9522312879562378,2.012944221496582,2.355337619781494,1.5443748235702515,1.4640052318572998,1.348929524421692,1.1443965435028076,1.0185657739639282,0.9764242768287659,0.8172921538352966,0.6155703067779541,0.5125868320465088,0.53770512342453,0.38277027010917664,0.0,0.3871738612651825,0.5649266839027405,0.6654602885246277,1.560710072517395,1.3823320865631104,1.394148826599121,1.7478187084197998,1.8379161357879639,1.7420440912246704,1.8852301836013794,2.179952621459961,2.2525978088378906,2.2062911987304688,2.3926069736480713,2.6890363693237305,2.721715211868286,2.770012140274048,3.12331485748291,3.150508403778076,2.859768867492676,3.1023385524749756,3.3658480644226074,3.1320102214813232,3.009284496307373,3.3756558895111084,3.5087602138519287,3.2965807914733887,3.4053313732147217,3.774414300918579,3.774909734725952,3.6502089500427246,3.966378927230835,4.104511260986328,3.352802276611328,3.1137802600860596,3.3281662464141846,3.3629093170166016,2.987955093383789,2.910255193710327,3.2091994285583496,3.115330457687378,2.780930995941162,2.9705536365509033,3.251199960708618,3.032069206237793,2.933939218521118,3.3024790287017822,3.36897611618042
B13,2.356438159942627,1.9845167398452759,1.9001389741897583,2.202650785446167,2.0999410152435303,1.751245379447937,1.9090627431869507,2.1895930767059326,1.966992735862732,1.7840549945831299,2.1264724731445312,2.251217842102051,2.01206374168396,2.077327013015747,2.4390151500701904,1.7664393186569214,1.608880877494812,1.4748233556747437,1.3625322580337524,1.21769380569458,1.0572471618652344,0.9460546970367432,0.8775791525840759,0.6511657238006592,0.5202829241752625,0.5607878565788269,0.3871738612651825,0.0,0.3894629180431366,0.5062733888626099,1.2646321058273315,1.1285980939865112,1.2226728200912476,1.540213704109192,1.610896110534668,1.5831832885742188,1.7565885782241821,2.003016233444214,2.0940675735473633,2.1086559295654297,2.2826123237609863,2.5538034439086914,2.629495620727539,2.7101962566375732,3.0419883728027344,3.1375012397766113,2.8646137714385986,3.133272171020508,3.361182928085327,3.09800124168396,3.0057532787323,3.3811352252960205,3.4738850593566895,3.2523269653320312,3.3973875045776367,3.75640606880188,3.721522331237793,3.610530138015747,3.9472811222076416,4.05520486831665,3.388481378555298,3.1565074920654297,3.403578519821167,3.4547410011291504,3.0818138122558594,3.0237011909484863,3.3480424880981445,3.2636361122131348,2.949284076690674,3.1570403575897217,3.4476637840270996,3.2483363151550293,3.1771256923675537,3.550874948501587,3.6320693492889404
