,A1,A2,A3,A4,A5,A6,A7,A8,A9,A10,A11,A12,A13,A14,A15,B1,B2,B3,B4,B5,B6,B7,B8,B9,B10,B11,B12,B13,B14,B15,C1,C2,C3,C4,C5,C6,C7,C8,C9,C10,C11,C12,C13,C14,C15,D1,D2,D3,D4,D5,D6,D7,D8,D9,D10,D11,D12,D13,D14,D15,E1,E2,E3,E4,E5,E6,E7,E8,E9,E10,E11,E12,E13,E14,E15
A1,0.0,0.383421391248703,0.5511674284934998,0.5303563475608826,0.6329917311668396,0.8886829614639282,1.0051430463790894,1.0645084381103516,1.2653998136520386,1.4312688112258911,1.5146758556365967,1.7006778717041016,1.9192514419555664,2.1145553588867188,2.4271674156188965,2.436453104019165,2.097822904586792,1.9191370010375977,2.1925086975097656,2.144275665283203,1.7822149991989136,1.8246235847473145,2.1450955867767334,1.9601155519485474,1.688420057296753,1.9710601568222046,2.1452133655548096,1.8674286603927612,1.927188515663147,2.162750482559204,2.027040481567383,1.7965102195739746,1.929056167602539,2.2785818576812744,2.258725166320801,2.1684563159942627,2.4289638996124268,2.658069372177124,2.6383044719696045,2.7025609016418457,2.980773448944092,3.163984537124634,3.221238136291504,3.5414845943450928,3.73541259765625,3.1861538887023926,2.8542537689208984,2.9262490272521973,3.0583674907684326,2.7570912837982178,2.5126969814300537,2.759772300720215,2.8229761123657227,2.4526705741882324,2.4808192253112793,2.8083600997924805,2.6601686477661133,2.396507978439331,2.6671223640441895,2.4349918365478516,1.9247441291809082,1.8561866283416748,2.2253637313842773,2.2509257793426514,1.970657467842102,2.120314836502075,2.4619972705841064,2.380847454071045,2.2845587730407715,2.6023993492126465,2.8174326419830322,2.7213265895843506,2.8816652297973633,3.2277636528015137,3.316777229309082
A2,0.383421391248703,0.0,0.3791806995868683,0.5459973216056824,0.5003564953804016,0.6272872090339661,0.8563868403434753,0.9833956360816956,1.0789742469787598,1.2264492511749268,1.3993799686431885,1.5735721588134766,1.7282637357711792,1.9573229551315308,2.2567336559295654,2.1426053047180176,1.7908222675323486,1.6522847414016724,1.9192790985107422,1.8280503749847412,1.4674255847930908,1.5648303031921387,1.8675782680511475,1.6567093133926392,1.4284356832504272,1.752926230430603,1.9031362533569336,1.6446077823638916,1.7714465856552124,2.005281925201416,1.7486016750335693,1.4830005168914795,1.6301640272140503,1.9757258892059326,1.9222418069839478,1.8187419176101685,2.0996315479278564,2.318969249725342,2.276615619659424,2.3523757457733154,2.6412765979766846,2.8078203201293945,2.8594722747802734,3.1884284019470215,3.370002508163452,2.8178415298461914,2.4897267818450928,2.580872058868408,2.7113635540008545,2.4022316932678223,2.1721699237823486,2.44040584564209,2.4993510246276855,2.135498523712158,2.192068338394165,2.52917218208313,2.390740156173706,2.1579904556274414,2.4607808589935303,2.2684245109558105,1.7779772281646729,1.6425217390060425,1.9979610443115234,2.0667810440063477,1.773261547088623,1.867218017578125,2.2283005714416504,2.1873619556427,2.059086322784424,2.3491573333740234,2.5995514392852783,2.523193597793579,2.649766683578491,3.002913236618042,3.118781566619873
A3,0.5511674284934998,0.3791806995868683,0.0,0.38535207509994507,0.5365443229675293,0.528941810131073,0.612179696559906,0.8524126410484314,1.0039833784103394,1.0430848598480225,1.185052514076233,1.4336439371109009,1.5709562301635742,1.740503191947937,2.0716443061828613,1.910405158996582,1.5837576389312744,1.3826382160186768,1.6432629823684692,1.6092228889465332,1.2496588230133057,1.2781816720962524,1.6101508140563965,1.4568921327590942,1.188926100730896,1.4752315282821655,1.6804368495941162,1.4574220180511475,1.5413202047348022,1.8249025344848633,1.7791674137115479,1.544769048690796,1.76633620262146,2.0712924003601074,1.9769706726074219,1.9258121252059937,2.2359728813171387,2.403958320617676,2.354886054992676,2.4864237308502197,2.7667791843414307,2.8942296504974365,2.9706153869628906,3.3130555152893066,3.471712589263916,2.912602186203003,2.6097235679626465,2.738450050354004,2.8331878185272217,2.4976425170898438,2.3135759830474854,2.5949666500091553,2.603104591369629,2.2381789684295654,2.3482282161712646,2.6644763946533203,2.4850149154663086,2.2855217456817627,2.6043412685394287,2.4059746265411377,2.0860724449157715,1.9302525520324707,2.2790932655334473,2.3871946334838867,2.1040115356445312,2.165487766265869,2.5357258319854736,2.5246691703796387,2.381479263305664,2.6490516662597656,2.922307014465332,2.855088233947754,2.955709218978882,3.314659595489502,3.4397146701812744
A4,0.5303563475608826,0.5459973216056824,0.38535207509994507,0.0,0.378251850605011,0.5561806559562683,0.5102937817573547,0.5955374836921692,0.8635352849960327,0.9650609493255615,1.0010159015655518,1.230249047279358,1.4505127668380737,1.6061984300613403,1.934630274772644,2.0352542400360107,1.7184430360794067,1.5115550756454468,1.8205358982086182,1.8344348669052124,1.4973268508911133,1.5187163352966309,1.880089282989502,1.7746076583862305,1.51266610622406,1.770765781402588,2.014234781265259,1.8152538537979126,1.8678958415985107,2.1710238456726074,2.1586363315582275,1.9101167917251587,2.111915349960327,2.4309449195861816,2.3309035301208496,2.249565601348877,2.5626747608184814,2.7455942630767822,2.6713814735412598,2.7865355014801025,3.0867629051208496,3.212881088256836,3.2601797580718994,3.6086606979370117,3.7548727989196777,3.0951108932495117,2.7977993488311768,2.891958475112915,2.9597764015197754,2.630312919616699,2.433284044265747,2.6751232147216797,2.6653943061828613,2.287644147872925,2.37105655670166,2.661804437637329,2.45247220993042,2.22196102142334,2.507385015487671,2.26326060295105,2.0502820014953613,1.9472682476043701,2.3120858669281006,2.4175665378570557,2.1743643283843994,2.2795937061309814,2.6354665756225586,2.6264562606811523,2.536027193069458,2.812448024749756,3.0625176429748535,3.0181386470794678,3.15555477142334,3.4993245601654053,3.633805990219116
A5,0.6329917311668396,0.5003564953804016,0.5365443229675293,0.378251850605011,0.0,0.3742682933807373,0.5430945754051208,0.5155373811721802,0.6365649104118347,0.8559030294418335,0.9788076281547546,1.1058157682418823,1.3112791776657104,1.5490341186523438,1.8326407670974731,1.9814989566802979,1.637569785118103,1.5109201669692993,1.8449262380599976,1.8049367666244507,1.4787100553512573,1.5929027795791626,1.9376788139343262,1.7997511625289917,1.6015503406524658,1.909903645515442,2.120398759841919,1.931565284729004,2.052757740020752,2.337367296218872,2.1306395530700684,1.8343174457550049,1.9981250762939453,2.332561731338501,2.2187886238098145,2.0816898345947266,2.3950016498565674,2.6007673740386963,2.4922118186950684,2.5769073963165283,2.900909423828125,3.029417037963867,3.037565231323242,3.3876755237579346,3.5252676010131836,2.800997257232666,2.499401569366455,2.565363883972168,2.6316895484924316,2.3154265880584717,2.0985119342803955,2.3227362632751465,2.3255350589752197,1.9456101655960083,2.0062777996063232,2.3006436824798584,2.1054186820983887,1.8618425130844116,2.1477696895599365,1.9155117273330688,1.696708083152771,1.584313988685608,1.9467135667800903,2.0692663192749023,1.8455537557601929,1.9476125240325928,2.298142433166504,2.3128859996795654,2.244112253189087,2.5068132877349854,2.755523681640625,2.742136001586914,2.887277603149414,3.21789813041687,3.3765947818756104
A6,0.8886829614639282,0.6272872090339661,0.528941810131073,0.5561806559562683,0.3742682933807373,0.0,0.37794026732444763,0.5440370440483093,0.5156863927841187,0.6078113913536072,0.84681636095047,1.0077102184295654,1.1105061769485474,1.351875901222229,1.6407641172409058,1.618746280670166,1.269723892211914,1.1564218997955322,1.4876821041107178,1.4352338314056396,1.1182984113693237,1.2620131969451904,1.5992677211761475,1.4747132062911987,1.3147205114364624,1.631258249282837,1.8416143655776978,1.698676586151123,1.8532713651657104,2.1484029293060303,1.9466853141784668,1.6464900970458984,1.8538691997528076,2.153940439224243,1.9919531345367432,1.8736419677734375,2.213873863220215,2.3795230388641357,2.248431921005249,2.37357759475708,2.697169303894043,2.788667917251587,2.806483745574951,3.1684980392456055,3.2828712463378906,2.5608794689178467,2.279146671295166,2.387552261352539,2.432274580001831,2.0925397872924805,1.9211760759353638,2.175511121749878,2.1435329914093018,1.7719695568084717,1.898508906364441,2.188676357269287,1.9815473556518555,1.7972735166549683,2.1243691444396973,1.9370139837265015,1.8204289674758911,1.637745976448059,1.9704465866088867,2.145897150039673,1.9156851768493652,1.9467158317565918,2.3119280338287354,2.37153959274292,2.263507604598999,2.4873874187469482,2.774592876434326,2.775909900665283,2.875593662261963,3.2130634784698486,3.3922863006591797
A7,1.0051430463790894,0.8563868403434753,0.612179696559906,0.5102937817573547,0.5430945754051208,0.37794026732444763,0.0,0.3803626298904419,0.5386670231819153,0.48124271631240845,0.5749884843826294,0.8480067849159241,0.9900096654891968,1.1361333131790161,1.4711750745773315,1.5624943971633911,1.2598835229873657,1.061269760131836,1.4072552919387817,1.452547550201416,1.161407709121704,1.208814024925232,1.5817058086395264,1.5412986278533936,1.343275785446167,1.5916385650634766,1.864790916442871,1.7572599649429321,1.8468451499938965,2.181494951248169,2.1799979209899902,1.9136782884597778,2.1582047939300537,2.4373931884765625,2.262911558151245,2.1831459999084473,2.5323493480682373,2.668623924255371,2.5398638248443604,2.6962809562683105,3.0106050968170166,3.079725980758667,3.113020181655884,3.4805538654327393,3.579099416732788,2.8392372131347656,2.5816402435302734,2.7026987075805664,2.7137622833251953,2.3640947341918945,2.2246131896972656,2.4666802883148193,2.3914225101470947,2.0234973430633545,2.1721079349517822,2.4280903339385986,2.1781747341156006,2.0075912475585938,2.3188812732696533,2.1025002002716064,2.134272813796997,1.975770354270935,2.3096604347229004,2.491114854812622,2.276318311691284,2.3166942596435547,2.677935838699341,2.7397913932800293,2.6399660110473633,2.8639492988586426,3.1497044563293457,3.151538848876953,3.252812623977661,3.5909953117370605,3.7681949138641357
A8,1.0645084381103516,0.9833956360816956,0.8524126410484314,0.5955374836921692,0.5155373811721802,0.5440370440483093,0.3803626298904419,0.0,0.3870236575603485,0.5360791087150574,0.4987873435020447,0.6425248980522156,0.9094784259796143,1.0907971858978271,1.3851277828216553,1.7858926057815552,1.4894309043884277,1.3416709899902344,1.7121070623397827,1.757859706878662,1.490320086479187,1.5691758394241333,1.9378674030303955,1.8972522020339966,1.717311143875122,1.9709712266921997,2.2414255142211914,2.127418279647827,2.2190985679626465,2.549166440963745,2.479454755783081,2.1882965564727783,2.3944156169891357,2.6979312896728516,2.531141757965088,2.4069488048553467,2.7482986450195312,2.9141347408294678,2.7642197608947754,2.8855361938476562,3.2203149795532227,3.300259828567505,3.295931100845337,3.6630396842956543,3.755833148956299,2.9232985973358154,2.665745496749878,2.7385785579681396,2.733158826828003,2.403625726699829,2.2382454872131348,2.4317643642425537,2.354703903198242,1.9795846939086914,2.0820367336273193,2.3134312629699707,2.047320604324341,1.8364449739456177,2.1070008277893066,1.8483129739761353,1.9765886068344116,1.8694384098052979,2.2091474533081055,2.3853044509887695,2.2147107124328613,2.29508113861084,2.634648084640503,2.699259042739868,2.6527926921844482,2.8817458152770996,3.1403167247772217,3.167280435562134,3.3044590950012207,3.6232452392578125,3.8110110759735107
A9,1.2653998136520386,1.0789742469787598,1.0039833784103394,0.8635352849960327,0.6365649104118347,0.5156863927841187,0.5386670231819153,0.3870236575603485,0.0,0.37484174966812134,0.5555970668792725,0.5420560240745544,0.6946426630020142,0.9905779361724854,1.2257258892059326,1.5894994735717773,1.275189995765686,1.223728895187378,1.6027947664260864,1.5960652828216553,1.3617956638336182,1.5267764329910278,1.8636530637741089,1.8071599006652832,1.7006683349609375,1.9863815307617188,2.2240030765533447,2.138760566711426,2.2913131713867188,2.6059911251068115,2.3984744548797607,2.07873272895813,2.270056962966919,2.5609867572784424,2.3634133338928223,2.2063775062561035,2.553116798400879,2.713351249694824,2.5243823528289795,2.6388821601867676,2.9884207248687744,3.0487287044525146,3.014474630355835,3.3854470252990723,3.455850839614868,2.5647025108337402,2.3205368518829346,2.3883755207061768,2.362114429473877,2.033548355102539,1.881212592124939,2.0675110816955566,1.9735779762268066,1.6014888286590576,1.724311351776123,1.9487346410751343,1.6799975633621216,1.4950443506240845,1.792722225189209,1.5734565258026123,1.7893139123916626,1.6379704475402832,1.9480969905853271,2.1700963973999023,2.0211973190307617,2.0580780506134033,2.3923592567443848,2.5029354095458984,2.456834077835083,2.648092746734619,2.9217705726623535,2.9832959175109863,3.1015782356262207,3.408521890640259,3.625394582748413
A10,1.4312688112258911,1.2264492511749268,1.0430848598480225,0.9650609493255615,0.8559030294418335,0.6078113913536072,0.48124271631240845,0.5360791087150574,0.37484174966812134,0.0,0.3811354637145996,0.5263776779174805,0.5323516726493835,0.7481184005737305,1.0413966178894043,1.266829252243042,0.9799836277961731,0.8840746879577637,1.2688437700271606,1.315696358680725,1.1163123846054077,1.243230938911438,1.5821945667266846,1.5878709554672241,1.4936708211898804,1.7369951009750366,2.000859022140503,1.9687854051589966,2.1062841415405273,2.44006085395813,2.3544259071350098,2.062005043029785,2.30328369140625,2.555175304412842,2.32539439201355,2.2157351970672607,2.5798799991607666,2.6914706230163574,2.5004498958587646,2.6655585765838623,2.999375104904175,3.0228819847106934,3.016386032104492,3.3946890830993652,3.4449622631073,2.586682081222534,2.3714520931243896,2.489468812942505,2.4386115074157715,2.0872273445129395,1.994742512702942,2.2079787254333496,2.0706732273101807,1.7193058729171753,1.9100310802459717,2.1163556575775146,1.8291157484054565,1.7126771211624146,2.0297253131866455,1.842971920967102,2.1234474182128906,1.9369444847106934,2.2280139923095703,2.4715447425842285,2.306335687637329,2.3016817569732666,2.6468260288238525,2.773174285888672,2.6904375553131104,2.8627796173095703,3.162593364715576,3.218191385269165,3.3017027378082275,3.619438886642456,3.8387138843536377
A11,1.5146758556365967,1.3993799686431885,1.185052514076233,1.0010159015655518,0.9788076281547546,0.84681636095047,0.5749884843826294,0.4987873435020447,0.5555970668792725,0.3811354637145996,0.0,0.3778633773326874,0.5584423542022705,0.6159331202507019,0.9507306218147278,1.4768061637878418,1.2525259256362915,1.0954633951187134,1.4681957960128784,1.5918917655944824,1.4083545207977295,1.4551724195480347,1.8120721578598022,1.864972710609436,1.7286567687988281,1.9222919940948486,2.2259292602539062,2.1959469318389893,2.276729106903076,2.6317710876464844,2.667397975921631,2.3905811309814453,2.6384029388427734,2.897955894470215,2.679625988006592,2.5817410945892334,2.944234609603882,3.058122158050537,2.8765342235565186,3.0427074432373047,3.3746721744537354,3.400674343109131,3.397488594055176,3.77577543258667,3.824517250061035,2.9439175128936768,2.7363624572753906,2.839481830596924,2.773505926132202,2.430269956588745,2.3356101512908936,2.521552324295044,2.370027780532837,2.0211565494537354,2.1896140575408936,2.366786241531372,2.0531513690948486,1.9177621603012085,2.1924307346343994,1.9593234062194824,2.3315937519073486,2.1917786598205566,2.4961161613464355,2.72379994392395,2.5751521587371826,2.6066839694976807,2.9439334869384766,3.055849552154541,2.997643232345581,3.18691349029541,3.4699881076812744,3.5235209465026855,3.629534959793091,3.9448351860046387,4.157387733459473
A12,1.7006778717041016,1.5735721588134766,1.4336439371109009,1.230249047279358,1.1058157682418823,1.0077102184295654,0.8480067849159241,0.6425248980522156,0.5420560240745544,0.5263776779174805,0.3778633773326874,0.0,0.3834681808948517,0.5717283487319946,0.7780787348747253,1.5881901979446411,1.3683186769485474,1.3085711002349854,1.6868900060653687,1.7739982604980469,1.620881199836731,1.7321804761886597,2.066848039627075,2.1033904552459717,2.010679006576538,2.230703830718994,2.5122361183166504,2.4861433506011963,2.6012916564941406,2.945258140563965,2.863223075866699,2.557374954223633,2.7729289531707764,3.0408098697662354,2.8134071826934814,2.671398878097534,3.0285422801971436,3.157891035079956,2.942927122116089,3.0810062885284424,3.4319186210632324,3.4536478519439697,3.4078097343444824,3.7852745056152344,3.8155291080474854,2.838627815246582,2.6460001468658447,2.7098491191864014,2.614053726196289,2.293064832687378,2.195308208465576,2.332012414932251,2.1622111797332764,1.8226631879806519,1.9679356813430786,2.104830741882324,1.7719203233718872,1.633198857307434,1.877221941947937,1.6358345746994019,2.175898313522339,2.0543322563171387,2.3343024253845215,2.581557273864746,2.48240065574646,2.5163841247558594,2.8277859687805176,2.9672179222106934,2.9476823806762695,3.115976095199585,3.3849217891693115,3.475677490234375,3.5948731899261475,3.886880397796631,4.1220855712890625
A13,1.9192514419555664,1.7282637357711792,1.5709562301635742,1.4505127668380737,1.3112791776657104,1.1105061769485474,0.9900096654891968,0.9094784259796143,0.6946426630020142,0.5323516726493835,0.5584423542022705,0.3834681808948517,0.0,0.38858717679977417,0.5428539514541626,1.2667806148529053,1.0805586576461792,1.0921684503555298,1.4512845277786255,1.532012939453125,1.4463499784469604,1.5893651247024536,1.8828165531158447,1.946433186531067,1.9168367385864258,2.1256191730499268,2.3902840614318848,2.4146437644958496,2.559483766555786,2.8964388370513916,2.7913661003112793,2.488939046859741,2.7183756828308105,2.950037956237793,2.6868796348571777,2.553511619567871,2.917416572570801,3.0107147693634033,2.7698700428009033,2.9321982860565186,3.278348445892334,3.2618632316589355,3.211956024169922,3.5924346446990967,3.592074155807495,2.601686954498291,2.4444282054901123,2.5372467041015625,2.407836675643921,2.0778026580810547,2.0367496013641357,2.182246446609497,1.9685108661651611,1.6568180322647095,1.8648321628570557,1.9786933660507202,1.6363263130187988,1.5789231061935425,1.854222059249878,1.6802937984466553,2.286216974258423,2.113067150115967,2.3556888103485107,2.6422653198242188,2.5446383953094482,2.52266263961792,2.8334596157073975,3.0106966495513916,2.966268301010132,3.0957460403442383,3.3893349170684814,3.4970812797546387,3.579643726348877,3.868683099746704,4.122769355773926
A14,2.1145553588867188,1.9573229551315308,1.740503191947937,1.6061984300613403,1.5490341186523438,1.351875901222229,1.1361333131790161,1.0907971858978271,0.9905779361724854,0.7481184005737305,0.6159331202507019,0.5717283487319946,0.38858717679977417,0.0,0.3775317668914795,1.2594835758209229,1.166513204574585,1.1073540449142456,1.4300590753555298,1.6003323793411255,1.5550124645233154,1.6169590950012207,1.9066040515899658,2.0402679443359375,1.9950604438781738,2.1391780376434326,2.437680959701538,2.4976446628570557,2.597022771835327,2.952380418777466,2.9954733848571777,2.72117018699646,2.981686592102051,3.1954233646392822,2.9242618083953857,2.8285956382751465,3.198984146118164,3.265076160430908,3.034268379211426,3.2266924381256104,3.558802604675293,3.523324966430664,3.4962165355682373,3.878262996673584,3.8666601181030273,2.903761863708496,2.7676641941070557,2.882577896118164,2.7375783920288086,2.403935432434082,2.392637014389038,2.541374683380127,2.30534291267395,2.013449192047119,2.237628936767578,2.3302695751190186,1.977122187614441,1.942441701889038,2.197965621948242,2.0168468952178955,2.662029981613159,2.496199607849121,2.7438132762908936,3.026867151260376,2.9219372272491455,2.9017863273620605,3.2178266048431396,3.3897545337677,3.335824966430664,3.4694321155548096,3.768375873565674,3.8669040203094482,3.943227529525757,4.2395124435424805,4.4883904457092285
A15,2.4271674156188965,2.2567336559295654,2.0716443061828613,1.934630274772644,1.8326407670974731,1.6407641172409058,1.4711750745773315,1.3851277828216553,1.2257258892059326,1.0413966178894043,0.9507306218147278,0.7780787348747253,0.5428539514541626,0.3775317668914795,0.0,1.3744122982025146,1.3310911655426025,1.3607289791107178,1.653073787689209,1.8009092807769775,1.8056939840316772,1.905500054359436,2.1596486568450928,2.2970778942108154,2.2958309650421143,2.4436702728271484,2.7234511375427246,2.8038487434387207,2.9260029792785645,3.2728893756866455,3.250339984893799,2.9630086421966553,3.206723213195801,3.4110350608825684,3.1232595443725586,3.0045502185821533,3.369671106338501,3.430070638656616,3.1681861877441406,3.3497424125671387,3.689133644104004,3.632438898086548,3.572506904602051,3.9512040615081787,3.9084296226501465,2.8704817295074463,2.7723660469055176,2.866159439086914,2.6761839389801025,2.3677332401275635,2.386862277984619,2.488938331604004,2.2139298915863037,1.9619629383087158,2.1877522468566895,2.2184882164001465,1.8488829135894775,1.8609628677368164,2.0802056789398193,1.9269379377365112,2.738635540008545,2.576852798461914,2.786715507507324,3.093216896057129,3.0296263694763184,2.9943196773529053,3.2845818996429443,3.4884936809539795,3.4568684101104736,3.559774398803711,3.852926254272461,3.9852349758148193,4.058553695678711,4.333376407623291,4.604830265045166
B1,2.436453104019165,2.1426053047180176,1.910405158996582,2.0352542400360107,1.9814989566802979,1.618746280670166,1.5624943971633911,1.7858926057815552,1.5894994735717773,1.266829252243042,1.4768061637878418,1.5881901979446411,1.2667806148529053,1.2594835758209229,1.3744122982025146,0.0,0.3723231554031372,0.5604426264762878,0.5128995776176453,0.5968247652053833,0.8513918519020081,0.9651235342025757,1.0008374452590942,1.2028611898422241,1.3738857507705688,1.4532283544540405,1.6287950277328491,1.8365384340286255,2.02349853515625,2.3027138710021973,2.3181397914886475,2.121644973754883,2.426217794418335,2.497677803039551,2.1600680351257324,2.1669723987579346,2.5220096111297607,2.4541006088256836,2.224395275115967,2.5152180194854736,2.7740607261657715,2.644129753112793,2.6866230964660645,3.05366587638855,3.002934455871582,2.3050129413604736,2.2326316833496094,2.4904654026031494,2.3650259971618652,2.010373830795288,2.133173942565918,2.3899104595184326,2.1578562259674072,1.9582159519195557,2.305579662322998,2.4433460235595703,2.1958343982696533,2.2987663745880127,2.649498224258423,2.623298406600952,2.9873909950256348,2.6926374435424805,2.8718714714050293,3.1826987266540527,3.007549524307251,2.8504691123962402,3.178989887237549,3.381540298461914,3.20536208152771,3.2642643451690674,3.6280453205108643,3.7002575397491455,3.6538965702056885,3.964545249938965,4.211220741271973
B2,2.097822904586792,1.7908222675323486,1.5837576389312744,1.7184430360794067,1.637569785118103,1.269723892211914,1.2598835229873657,1.4894309043884277,1.275189995765686,0.9799836277961731,1.2525259256362915,1.3683186769485474,1.0805586576461792,1.166513204574585,1.3310911655426025,0.3723231554031372,0.0,0.3804156482219696,0.5349509716033936,0.4911500811576843,0.5998530983924866,0.8162999749183655,0.9443721771240234,1.0446128845214844,1.1808722019195557,1.3508316278457642,1.5287339687347412,1.6660676002502441,1.8800958395004272,2.1646320819854736,2.078110933303833,1.8459742069244385,2.139235496520996,2.252384662628174,1.930443286895752,1.9042243957519531,2.270700454711914,2.248157262802124,2.0228841304779053,2.287980079650879,2.5711581707000732,2.4845073223114014,2.5178351402282715,2.89414381980896,2.879241943359375,2.1556031703948975,2.0303614139556885,2.2705206871032715,2.1815054416656494,1.8126202821731567,1.8816782236099243,2.155853033065796,1.961272954940796,1.7182281017303467,2.044525623321533,2.2230842113494873,1.9852019548416138,2.0440595149993896,2.408782720565796,2.366771697998047,2.640402317047119,2.3478009700775146,2.5450146198272705,2.8427202701568604,2.6562368869781494,2.514444589614868,2.8529863357543945,3.0400519371032715,2.867992877960205,2.9477267265319824,3.3063879013061523,3.3699965476989746,3.3421571254730225,3.659546136856079,3.8994598388671875
B3,1.9191370010375977,1.6522847414016724,1.3826382160186768,1.5115550756454468,1.5109201669692993,1.1564218997955322,1.061269760131836,1.3416709899902344,1.223728895187378,0.8840746879577637,1.0954633951187134,1.3085711002349854,1.0921684503555298,1.1073540449142456,1.3607289791107178,0.5604426264762878,0.3804156482219696,0.0,0.38549575209617615,0.5389447808265686,0.5200132131576538,0.5647841095924377,0.8050714135169983,0.9611852765083313,0.9875385165214539,1.1156260967254639,1.3682161569595337,1.491408348083496,1.6419421434402466,1.9635792970657349,2.0618910789489746,1.8573330640792847,2.1806468963623047,2.3118762969970703,2.0210609436035156,2.0326428413391113,2.4015424251556396,2.389524221420288,2.213094711303711,2.4842305183410645,2.7552490234375,2.696824550628662,2.766200542449951,3.1395175457000732,3.155423164367676,2.493501901626587,2.3391902446746826,2.574007749557495,2.5131754875183105,2.1399569511413574,2.168736457824707,2.451716899871826,2.2800393104553223,2.0045669078826904,2.302633285522461,2.503161668777466,2.251595973968506,2.2606544494628906,2.6205315589904785,2.529491901397705,2.747621536254883,2.4791512489318848,2.718503952026367,2.9870736598968506,2.775367021560669,2.6721649169921875,3.0286576747894287,3.177917242050171,3.002267837524414,3.1230573654174805,3.4745702743530273,3.506442070007324,3.4972474575042725,3.8323793411254883,4.0470452308654785
B4,2.1925086975097656,1.9192790985107422,1.6432629823684692,1.8205358982086182,1.8449262380599976,1.4876821041107178,1.4072552919387817,1.7121070623397827,1.6027947664260864,1.2688437700271606,1.4681957960128784,1.6868900060653687,1.4512845277786255,1.4300590753555298,1.653073787689209,0.5128995776176453,0.5349509716033936,0.38549575209617615,0.0,0.37532421946525574,0.5561071038246155,0.496076375246048,0.5476756691932678,0.819779098033905,0.9293990731239319,0.9540531039237976,1.1701948642730713,1.383744478225708,1.5308113098144531,1.824923038482666,2.017864465713501,1.869959831237793,2.2136592864990234,2.2826757431030273,1.977583646774292,2.04974627494812,2.4028639793395996,2.332386016845703,2.1740241050720215,2.4848508834838867,2.715916633605957,2.6215879917144775,2.7285189628601074,3.089097023010254,3.091172218322754,2.5478696823120117,2.423096179962158,2.697965621948242,2.6392710208892822,2.2724130153656006,2.3437535762786865,2.644029378890991,2.4697515964508057,2.230926036834717,2.5518369674682617,2.74820613861084,2.5176644325256348,2.5620248317718506,2.928770065307617,2.8663461208343506,3.051445960998535,2.76222562789917,2.9817471504211426,3.251779079437256,3.0258049964904785,2.8919801712036133,3.2456817626953125,3.398057222366333,3.190476894378662,3.2911264896392822,3.6556921005249023,3.6756179332733154,3.6304118633270264,3.96811580657959,4.176146030426025
B5,2.144275665283203,1.8280503749847412,1.6092228889465332,1.8344348669052124,1.8049367666244507,1.4352338314056396,1.452547550201416,1.757859706878662,1.5960652828216553,1.315696358680725,1.5918917655944824,1.7739982604980469,1.532012939453125,1.6003323793411255,1.8009092807769775,0.5968247652053833,0.4911500811576843,0.5389447808265686,0.37532421946525574,0.0,0.3681698739528656,0.5415160655975342,0.5006104111671448,0.6122882962226868,0.8382322788238525,0.9669607877731323,1.0811063051223755,1.270301103591919,1.505016565322876,1.753020167350769,1.738808512687683,1.5737066268920898,1.9023911952972412,1.9565014839172363,1.6346371173858643,1.6966078281402588,2.047285556793213,1.9718393087387085,1.8012912273406982,2.113424062728882,2.345136880874634,2.2498531341552734,2.354099750518799,2.7151644229888916,2.723811149597168,2.2209856510162354,2.087059736251831,2.376826286315918,2.3430140018463135,1.9800946712493896,2.0540225505828857,2.3742663860321045,2.228393077850342,2.0042996406555176,2.3265867233276367,2.5430054664611816,2.3532450199127197,2.4074313640594482,2.786527156829834,2.7580509185791016,2.8514721393585205,2.5392050743103027,2.734889507293701,3.004491090774536,2.771761417388916,2.6090688705444336,2.9564285278320312,3.1152520179748535,2.8899996280670166,2.9712750911712646,3.3423476219177246,3.3628010749816895,3.297379493713379,3.6315436363220215,3.8423876762390137
B6,1.7822149991989136,1.4674255847930908,1.2496588230133057,1.4973268508911133,1.4787100553512573,1.1182984113693237,1.161407709121704,1.490320086479187,1.3617956638336182,1.1163123846054077,1.4083545207977295,1.620881199836731,1.4463499784469604,1.5550124645233154,1.8056939840316772,0.8513918519020081,0.5998530983924866,0.5200132131576538,0.5561071038246155,0.3681698739528656,0.0,0.38356512784957886,0.5472707152366638,0.5021563768386841,0.5975726246833801,0.8443047404289246,0.9953548312187195,1.077264428138733,1.3163914680480957,1.5880385637283325,1.5463998317718506,1.3525751829147339,1.687201738357544,1.7996437549591064,1.5153212547302246,1.5587494373321533,1.9204689264297485,1.902374029159546,1.7632966041564941,2.044282913208008,2.293926239013672,2.2582361698150635,2.3649446964263916,2.729210138320923,2.783982038497925,2.2780163288116455,2.0876753330230713,2.350557327270508,2.3588972091674805,1.9900668859481812,1.9963855743408203,2.3274617195129395,2.2242438793182373,1.9552226066589355,2.239191770553589,2.4941630363464355,2.308828830718994,2.305281162261963,2.6865341663360596,2.6253254413604736,2.611124277114868,2.3145575523376465,2.5440285205841064,2.785299062728882,2.531223773956299,2.402499198913574,2.765211582183838,2.890660524368286,2.668764591217041,2.7896511554718018,3.1503074169158936,3.148145914077759,3.1105337142944336,3.4580259323120117,3.6508219242095947
B7,1.8246235847473145,1.5648303031921387,1.2781816720962524,1.5187163352966309,1.5929027795791626,1.2620131969451904,1.208814024925232,1.5691758394241333,1.5267764329910278,1.243230938911438,1.4551724195480347,1.7321804761886597,1.5893651247024536,1.6169590950012207,1.905500054359436,0.9651235342025757,0.8162999749183655,0.5647841095924377,0.496076375246048,0.5415160655975342,0.38356512784957886,0.0,0.38359102606773376,0.5212752223014832,0.4622800946235657,0.5565744638442993,0.8214415907859802,0.9455065131187439,1.0854995250701904,1.4014838933944702,1.6598542928695679,1.5324656963348389,1.8932024240493774,1.9908678531646729,1.7371723651885986,1.837510585784912,2.1835827827453613,2.147245407104492,2.0542542934417725,2.350095272064209,2.570162773132324,2.5359954833984375,2.679016590118408,3.0322108268737793,3.094985008239746,2.651034355163574,2.4656832218170166,2.732579469680786,2.7411890029907227,2.372025728225708,2.3774733543395996,2.7061140537261963,2.5965845584869385,2.3208470344543457,2.600097417831421,2.8517282009124756,2.6471107006073,2.630110740661621,3.0046370029449463,2.914292335510254,2.904062032699585,2.6273014545440674,2.8795394897460938,3.1035876274108887,2.8363523483276367,2.7321395874023438,3.101590871810913,3.202770471572876,2.9766807556152344,3.119954824447632,3.4749276638031006,3.448923110961914,3.4167282581329346,3.7740373611450195,3.945861339569092
B8,2.1450955867767334,1.8675782680511475,1.6101508140563965,1.880089282989502,1.9376788139343262,1.5992677211761475,1.5817058086395264,1.9378674030303955,1.8636530637741089,1.5821945667266846,1.8120721578598022,2.066848039627075,1.8828165531158447,1.9066040515899658,2.1596486568450928,1.0008374452590942,0.9443721771240234,0.8050714135169983,0.5476756691932678,0.5006104111671448,0.5472707152366638,0.38359102606773376,0.0,0.3835825026035309,0.545369565486908,0.5088856816291809,0.6321199536323547,0.8908769488334656,1.0688116550445557,1.3156174421310425,1.5884544849395752,1.5194529294967651,1.8850902318954468,1.906887412071228,1.6326876878738403,1.7892658710479736,2.111896276473999,2.0113916397094727,1.9311527013778687,2.2627758979797363,2.4410200119018555,2.3670458793640137,2.5425381660461426,2.8799848556518555,2.9270548820495605,2.603073835372925,2.4488942623138428,2.751426935195923,2.761827230453491,2.4044079780578613,2.4528415203094482,2.793771505355835,2.6830787658691406,2.447420120239258,2.7486958503723145,2.993283748626709,2.8135459423065186,2.8359811305999756,3.217721700668335,3.164466619491577,3.1354310512542725,2.8340909481048584,3.0550029277801514,3.2862305641174316,3.0139408111572266,2.8705649375915527,3.229654550552368,3.3427093029022217,3.087712526321411,3.1991748809814453,3.5662271976470947,3.536510705947876,3.4633219242095947,3.8165457248687744,3.986945629119873
B9,1.9601155519485474,1.6567093133926392,1.4568921327590942,1.7746076583862305,1.7997511625289917,1.4747132062911987,1.5412986278533936,1.8972522020339966,1.8071599006652832,1.5878709554672241,1.864972710609436,2.1033904552459717,1.946433186531067,2.0402679443359375,2.2970778942108154,1.2028611898422241,1.0446128845214844,0.9611852765083313,0.819779098033905,0.6122882962226868,0.5021563768386841,0.5212752223014832,0.3835825026035309,0.0,0.3766123354434967,0.5639331936836243,0.5435977578163147,0.6787191033363342,0.9729981422424316,1.1726763248443604,1.2187424898147583,1.1359564065933228,1.5018786191940308,1.5330389738082886,1.2701612710952759,1.4302395582199097,1.7497060298919678,1.6717019081115723,1.6158380508422852,1.9332633018493652,2.112154245376587,2.075169324874878,2.2592530250549316,2.5937647819519043,2.6771199703216553,2.412336826324463,2.2223753929138184,2.5208992958068848,2.578119993209839,2.2292392253875732,2.243624448776245,2.601743698120117,2.5398991107940674,2.2997193336486816,2.5755984783172607,2.8520967960357666,2.7099967002868652,2.71122145652771,3.0974981784820557,3.054718494415283,2.8901076316833496,2.5823638439178467,2.7979958057403564,3.0072946548461914,2.716824531555176,2.568355083465576,2.926395893096924,3.02152156829834,2.7498085498809814,2.866628408432007,3.231175422668457,3.1839818954467773,3.105445146560669,3.463392496109009,3.621544122695923
B10,1.688420057296753,1.4284356832504272,1.188926100730896,1.51266610622406,1.6015503406524658,1.3147205114364624,1.343275785446167,1.717311143875122,1.7006683349609375,1.4936708211898804,1.7286567687988281,2.010679006576538,1.9168367385864258,1.9950604438781738,2.2958309650421143,1.3738857507705688,1.1808722019195557,0.9875385165214539,0.9293990731239319,0.8382322788238525,0.5975726246833801,0.4622800946235657,0.545369565486908,0.3766123354434967,0.0,0.3885033130645752,0.5287855863571167,0.5093427896499634,0.7237349152565002,1.0053173303604126,1.2547982931137085,1.177590250968933,1.5487778186798096,1.64073646068573,1.441609263420105,1.5903875827789307,1.9065816402435303,1.8813762664794922,1.8618500232696533,2.145934581756592,2.333024024963379,2.3443825244903564,2.5291316509246826,2.8614494800567627,2.9749529361724854,2.682623863220215,2.460465908050537,2.7301759719848633,2.802570104598999,2.4474735260009766,2.4148621559143066,2.767888069152832,2.720653772354126,2.4426004886627197,2.6889841556549072,2.981973886489868,2.8225607872009277,2.776207685470581,3.1552634239196777,3.0689780712127686,2.857731342315674,2.5809614658355713,2.8365917205810547,3.0172343254089355,2.712071657180786,2.612476110458374,2.983227491378784,3.041473865509033,2.7830615043640137,2.9459331035614014,3.293785810470581,3.222632884979248,3.1799585819244385,3.5496280193328857,3.6856067180633545
B11,1.9710601568222046,1.752926230430603,1.4752315282821655,1.770765781402588,1.909903645515442,1.631258249282837,1.5916385650634766,1.9709712266921997,1.9863815307617188,1.7369951009750366,1.9222919940948486,2.230703830718994,2.1256191730499268,2.1391780376434326,2.4436702728271484,1.4532283544540405,1.3508316278457642,1.1156260967254639,0.9540531039237976,0.9669607877731323,0.8443047404289246,0.5565744638442993,0.5088856816291809,0.5639331936836243,0.3885033130645752,0.0,0.3763914406299591,0.5432600378990173,0.5859923362731934,0.8886598944664001,1.4835795164108276,1.4829812049865723,1.8571901321411133,1.8985759019851685,1.7064906358718872,1.9045299291610718,2.1999363899230957,2.128682851791382,2.1299784183502197,2.439790964126587,2.592183828353882,2.575024127960205,2.7887957096099854,3.108454704284668,3.2077646255493164,2.9730465412139893,2.7772903442382812,3.0647997856140137,3.120465040206909,2.7642815113067627,2.7604215145111084,3.1119823455810547,3.0420870780944824,2.77545166015625,3.0398330688476562,3.317512273788452,3.1427154541015625,3.1129519939422607,3.491384744644165,3.4006783962249756,3.239661693572998,2.9655826091766357,3.2212932109832764,3.4054477214813232,3.1002628803253174,2.9987003803253174,3.368109941482544,3.426173210144043,3.161426067352295,3.319483518600464,3.669358968734741,3.5909714698791504,3.5360562801361084,3.9061594009399414,4.0337324142456055
B12,2.1452133655548096,1.9031362533569336,1.6804368495941162,2.014234781265259,2.120398759841919,1.8416143655776978,1.864790916442871,2.2414255142211914,2.2240030765533447,2.000859022140503,2.2259292602539062,2.5122361183166504,2.3902840614318848,2.437680959701538,2.7234511375427246,1.6287950277328491,1.5287339687347412,1.3682161569595337,1.1701948642730713,1.0811063051223755,0.9953548312187195,0.8214415907859802,0.6321199536323547,0.5435977578163147,0.5287855863571167,0.3763914406299591,0.0,0.3845689594745636,0.563380777835846,0.7053675651550293,1.2364689111709595,1.306801676750183,1.6723634004592896,1.648730754852295,1.4696462154388428,1.7226073741912842,1.9803043603897095,1.869581699371338,1.9125584363937378,2.2333765029907227,2.3410727977752686,2.3187553882598877,2.567917585372925,2.86409592628479,2.975886821746826,2.8836894035339355,2.6928865909576416,2.9991540908813477,3.0826940536499023,2.74422287940979,2.750732183456421,3.1160194873809814,3.0725977420806885,2.8323593139648438,3.095667839050293,3.383934259414673,3.246155261993408,3.231431484222412,3.61601185798645,3.555755853652954,3.308994770050049,3.0169010162353516,3.246528148651123,3.4206020832061768,3.1029155254364014,2.972874402999878,3.3305130004882812,3.383735418319702,3.0892741680145264,3.2271347045898438,3.580239772796631,3.4857800006866455,3.3964779376983643,3.7640914916992188,3.8784494400024414
B13,1.8674286603927612,1.6446077823638916,1.4574220180511475,1.8152538537979126,1.931565284729004,1.698676586151123,1.7572599649429321,2.127418279647827,2.138760566711426,1.9687854051589966,2.1959469318389893,2.4861433506011963,2.4146437644958496,2.4976446628570557,2.8038487434387207,1.8365384340286255,1.6660676002502441,1.491408348083496,1.383744478225708,1.270301103591919,1.077264428138733,0.9455065131187439,0.8908769488334656,0.6787191033363342,0.5093427896499634,0.5432600378990173,0.3845689594745636,0.0,0.3886074125766754,0.5263797640800476,1.0102941989898682,1.0870349407196045,1.443105936050415,1.471968650817871,1.3596725463867188,1.598339319229126,1.8428958654403687,1.7925750017166138,1.8750702142715454,2.1534616947174072,2.268542766571045,2.308542251586914,2.555002212524414,2.8460867404937744,3.0013999938964844,2.916743755340576,2.684434413909912,2.9645960330963135,3.0861499309539795,2.7529938220977783,2.708768367767334,3.0764918327331543,3.0734095573425293,2.8106703758239746,3.0364246368408203,3.3515827655792236,3.2291829586029053,3.173380136489868,3.552185297012329,3.474435806274414,3.109628200531006,2.8366384506225586,3.0832817554473877,3.221428871154785,2.8855679035186768,2.7848730087280273,3.1446621417999268,3.1603333950042725,2.8656442165374756,3.0361616611480713,3.372589349746704,3.250330924987793,3.182347297668457,3.5583128929138184,3.6483936309814453
