,A1,A2,A3,A4,A5,A6,A7,A8,A9,A10,A11,A12,A13,A14,A15,B1,B2,B3,B4,B5,B6,B7,B8,B9,B10,B11,B12,B13,B14,B15,C1,C2,C3,C4,C5,C6,C7,C8,C9,C10,C11,C12,C13,C14,C15,D1,D2,D3,D4,D5,D6,D7,D8,D9,D10,D11,D12,D13,D14,D15,E1,E2,E3,E4,E5,E6,E7,E8,E9,E10,E11,E12,E13,E14,E15
A1,0.0,0.38630402088165283,0.5493738055229187,0.5230106115341187,0.63535076379776,0.8814979791641235,1.0045074224472046,1.0630059242248535,1.2674530744552612,1.4348106384277344,1.5307958126068115,1.7077622413635254,1.91828191280365,2.1338858604431152,2.435310125350952,2.4206032752990723,2.107313394546509,1.8886691331863403,2.104145050048828,2.0757389068603516,1.709106683731079,1.6756080389022827,1.9732402563095093,1.7983672618865967,1.4765571355819702,1.710689902305603,1.8928678035736084,1.5877796411514282,1.6342660188674927,1.9359928369522095,1.785919189453125,1.5770618915557861,1.650877594947815,2.0013604164123535,2.048370838165283,1.967333436012268,2.1838018894195557,2.4403858184814453,2.479949474334717,2.498316764831543,2.7413368225097656,2.9708735942840576,3.053494930267334,3.298428773880005,3.552992582321167,3.017108678817749,2.6539008617401123,2.6778502464294434,2.894037961959839,2.6604487895965576,2.3672854900360107,2.5951998233795166,2.7638652324676514,2.4394588470458984,2.3526690006256104,2.7204644680023193,2.679792642593384,2.390026330947876,2.6605823040008545,2.6602978706359863,1.7455980777740479,1.6575584411621094,2.0180857181549072,2.062497615814209,1.7747870683670044,1.9155772924423218,2.2718350887298584,2.2084696292877197,2.1036031246185303,2.394688606262207,2.6425235271453857,2.5665767192840576,2.688039779663086,3.0390045642852783,3.136657953262329
A2,0.38630402088165283,0.0,0.378469318151474,0.5385178923606873,0.5023351907730103,0.615577220916748,0.8505856990814209,0.9770955443382263,1.0776100158691406,1.2191067934036255,1.4041266441345215,1.5688709020614624,1.7138080596923828,1.9660212993621826,2.257082462310791,2.123595952987671,1.7914985418319702,1.6155872344970703,1.8409134149551392,1.7681914567947388,1.3998994827270508,1.432968258857727,1.7231353521347046,1.5203279256820679,1.2400259971618652,1.5363283157348633,1.698976993560791,1.4183785915374756,1.5492010116577148,1.847938060760498,1.5442241430282593,1.283831238746643,1.3755176067352295,1.7327202558517456,1.7348787784576416,1.631128191947937,1.8783714771270752,2.129434108734131,2.1352808475494385,2.163761615753174,2.429128885269165,2.6384310722351074,2.708261251449585,2.9701058864593506,3.208247184753418,2.6482222080230713,2.2879018783569336,2.3321244716644287,2.5413026809692383,2.2946736812591553,2.0152711868286133,2.2661824226379395,2.424088716506958,2.1028096675872803,2.0465145111083984,2.4234938621520996,2.3831963539123535,2.1239676475524902,2.423051595687866,2.4470720291137695,1.601346492767334,1.438971996307373,1.7823013067245483,1.877661943435669,1.5841432809829712,1.6615031957626343,2.034749746322632,2.0199944972991943,1.887444257736206,2.1407008171081543,2.4229576587677,2.374690055847168,2.4589831829071045,2.807629346847534,2.9399797916412354
A3,0.5493738055229187,0.378469318151474,0.0,0.3755992352962494,0.5407171845436096,0.5208498239517212,0.604899525642395,0.8425485491752625,1.001038670539856,1.0369778871536255,1.1865078210830688,1.430062174797058,1.5592601299285889,1.754992961883545,2.0810346603393555,1.8979359865188599,1.6006653308868408,1.3681236505508423,1.5604248046875,1.5369982719421387,1.1740543842315674,1.1268645524978638,1.4312939643859863,1.2807272672653198,0.9594569802284241,1.2103434801101685,1.4241595268249512,1.176811933517456,1.2645331621170044,1.602113962173462,1.5164881944656372,1.2930845022201538,1.4792953729629517,1.793064832687378,1.7519066333770752,1.7134686708450317,1.9975223541259766,2.1924452781677246,2.1965997219085693,2.287518262863159,2.5452992916107178,2.7153148651123047,2.8148412704467773,3.0993728637695312,3.324347734451294,2.7801668643951416,2.4325003623962402,2.5248498916625977,2.709841012954712,2.4255876541137695,2.1859397888183594,2.46549916267395,2.5787930488586426,2.2430481910705566,2.24281907081604,2.615495443344116,2.5305981636047363,2.2956080436706543,2.6204354763031006,2.613088607788086,1.9223036766052246,1.7405941486358643,2.0762503147125244,2.2101292610168457,1.9285136461257935,1.971541404724121,2.3509902954101562,2.3650896549224854,2.2159993648529053,2.443063497543335,2.747288942337036,2.7061703205108643,2.759720802307129,3.1114208698272705,3.2557547092437744
A4,0.5230106115341187,0.5385178923606873,0.3755992352962494,0.0,0.38342440128326416,0.5535157322883606,0.5168794393539429,0.5992842316627502,0.8686742782592773,0.9785280823707581,1.0245460271835327,1.2458678483963013,1.4601917266845703,1.6360433101654053,1.9546968936920166,2.021001100540161,1.7367254495620728,1.4724316596984863,1.7051738500595093,1.7492568492889404,1.3985999822616577,1.3198561668395996,1.665083646774292,1.5777833461761475,1.2519290447235107,1.4505630731582642,1.7190868854522705,1.4981887340545654,1.525012731552124,1.8852699995040894,1.891378402709961,1.6631935834884644,1.8324068784713745,2.1590123176574707,2.1162986755371094,2.0547311305999756,2.340299606323242,2.550161123275757,2.535918712615967,2.611602306365967,2.885911226272583,3.0581436157226562,3.1353020668029785,3.4227945804595947,3.6383819580078125,3.0111875534057617,2.6685190200805664,2.7307019233703613,2.891040802001953,2.6071481704711914,2.353855848312378,2.597677230834961,2.695857524871826,2.340761184692383,2.3151888847351074,2.6697919368743896,2.556438446044922,2.2866177558898926,2.5882389545440674,2.5339810848236084,1.8970645666122437,1.772767424583435,2.1298205852508545,2.2559618949890137,2.0121026039123535,2.104421377182007,2.4715118408203125,2.4823763370513916,2.3855626583099365,2.6272058486938477,2.906344413757324,2.884352207183838,2.978092908859253,3.3168396949768066,3.4621171951293945
A5,0.63535076379776,0.5023351907730103,0.5407171845436096,0.38342440128326416,0.0,0.37547528743743896,0.5489838719367981,0.5130161643028259,0.6378635168075562,0.863840639591217,0.9937607645988464,1.1066360473632812,1.3095884323120117,1.5630398988723755,1.8348299264907837,1.963903784751892,1.6432912349700928,1.4416604042053223,1.7323572635650635,1.7385339736938477,1.3875155448913574,1.408559799194336,1.7620692253112793,1.650842308998108,1.3803894519805908,1.644801378250122,1.8932875394821167,1.687227725982666,1.7870665788650513,2.134701728820801,1.9433212280273438,1.6564654111862183,1.7876110076904297,2.1372501850128174,2.073042631149292,1.9468704462051392,2.238067865371704,2.4752895832061768,2.417238712310791,2.4597465991973877,2.765737533569336,2.9381532669067383,2.9705207347869873,3.2605702877044678,3.4585537910461426,2.7433483600616455,2.405547857284546,2.4375267028808594,2.5811822414398193,2.3078196048736572,2.0399932861328125,2.2581052780151367,2.3561389446258545,1.9987231492996216,1.9524574279785156,2.3009374141693115,2.191240072250366,1.910133957862854,2.206449508666992,2.159691095352173,1.5498766899108887,1.418550968170166,1.773284673690796,1.9198166131973267,1.7058042287826538,1.7958825826644897,2.154118537902832,2.1930105686187744,2.1265511512756348,2.351177930831909,2.623856544494629,2.639479875564575,2.7453627586364746,3.063654899597168,3.2325100898742676
A6,0.8814979791641235,0.615577220916748,0.5208498239517212,0.5535157322883606,0.37547528743743896,0.0,0.37794214487075806,0.5416264533996582,0.5228717923164368,0.6094822883605957,0.8530468344688416,1.0064189434051514,1.1043485403060913,1.3672258853912354,1.6516307592391968,1.6034824848175049,1.2770072221755981,1.0886894464492798,1.3801429271697998,1.3681659698486328,1.0210661888122559,1.0793474912643433,1.4298851490020752,1.3272439241409302,1.0975970029830933,1.3854387998580933,1.6317944526672363,1.4772520065307617,1.623060703277588,1.9677380323410034,1.756672739982605,1.4582948684692383,1.6432946920394897,1.9628043174743652,1.8413656949996948,1.7330173254013062,2.06099796295166,2.258606433868408,2.172560453414917,2.257105827331543,2.5709376335144043,2.7039172649383545,2.7428359985351562,3.0552914142608643,3.2326178550720215,2.520203113555908,2.1946141719818115,2.275381088256836,2.4006435871124268,2.0946927070617676,1.868122935295105,2.1267287731170654,2.1891965866088867,1.8306140899658203,1.8532748222351074,2.2061166763305664,2.075180768966675,1.8475916385650635,2.1854257583618164,2.151686191558838,1.6884804964065552,1.4819213151931763,1.8004181385040283,2.003213405609131,1.7869818210601807,1.7991262674331665,2.1671814918518066,2.2545759677886963,2.1495723724365234,2.3268823623657227,2.6364054679870605,2.6693012714385986,2.7245194911956787,3.0418403148651123,3.2382447719573975
A7,1.0045074224472046,0.8505856990814209,0.604899525642395,0.5168794393539429,0.5489838719367981,0.37794214487075806,0.0,0.37915363907814026,0.5384734869003296,0.48737698793411255,0.5826250910758972,0.8530526161193848,0.9902767539024353,1.1580309867858887,1.4885390996932983,1.5377615690231323,1.2715717554092407,0.9909393191337585,1.2600749731063843,1.3506546020507812,1.033621072769165,0.9672721028327942,1.3466838598251343,1.3373445272445679,1.0738557577133179,1.267317533493042,1.5820469856262207,1.470515251159668,1.5389105081558228,1.913780927658081,1.9333724975585938,1.6797465085983276,1.9121534824371338,2.2049121856689453,2.071991443634033,2.014842987060547,2.3533716201782227,2.5165529251098633,2.4398813247680664,2.562039613723755,2.863452672958374,2.975113868713379,3.0366249084472656,3.3591907024383545,3.5298564434051514,2.8281352519989014,2.5159733295440674,2.6184959411621094,2.7231929302215576,2.3983421325683594,2.1985809803009033,2.45892596244812,2.4872822761535645,2.120492935180664,2.1692543029785156,2.5044920444488525,2.333174467086792,2.111971139907837,2.447495698928833,2.3675479888916016,2.0126595497131348,1.831737995147705,2.1533761024475098,2.358384370803833,2.152543306350708,2.1749958992004395,2.540632724761963,2.6266560554504395,2.5249500274658203,2.704401731491089,3.0140268802642822,3.043256998062134,3.0970520973205566,3.417651653289795,3.611015558242798
A8,1.0630059242248535,0.9770955443382263,0.8425485491752625,0.5992842316627502,0.5130161643028259,0.5416264533996582,0.37915363907814026,0.0,0.38361403346061707,0.5528427958488464,0.519277811050415,0.6546528935432434,0.9212910532951355,1.1094094514846802,1.3936445713043213,1.7534183263778687,1.4894170761108398,1.2359565496444702,1.546427607536316,1.6580250263214111,1.3591755628585815,1.320459008216858,1.7037482261657715,1.7048383951187134,1.4518022537231445,1.6404863595962524,1.9608417749404907,1.839870572090149,1.8939430713653564,2.272332191467285,2.2578577995300293,1.9824131727218628,2.175166130065918,2.494436264038086,2.372723340988159,2.2728874683380127,2.6023921966552734,2.7969229221343994,2.7023191452026367,2.7895748615264893,3.1098828315734863,3.2348456382751465,3.263075351715088,3.5813148021698,3.7444794178009033,2.955475091934204,2.6483566761016846,2.7060952186584473,2.789609909057617,2.480234384536743,2.2588579654693604,2.470672369003296,2.4932825565338135,2.1161298751831055,2.124101400375366,2.435265302658081,2.246199131011963,1.9860632419586182,2.288391351699829,2.1664609909057617,1.874253749847412,1.7497386932373047,2.080814838409424,2.2766029834747314,2.1154141426086426,2.182123899459839,2.527331590652466,2.6125881671905518,2.565211057662964,2.7547037601470947,3.0347421169281006,3.0873589515686035,3.1816563606262207,3.484210968017578,3.6803457736968994
A9,1.2674530744552612,1.0776100158691406,1.001038670539856,0.8686742782592773,0.6378635168075562,0.5228717923164368,0.5384734869003296,0.38361403346061707,0.0,0.382182776927948,0.5529589056968689,0.527090847492218,0.6882665753364563,0.988577127456665,1.2175724506378174,1.5558483600616455,1.2639188766479492,1.0908203125,1.4474081993103027,1.5173276662826538,1.242342472076416,1.3051742315292358,1.67435622215271,1.6628175973892212,1.4804266691207886,1.7182316780090332,2.0108377933502197,1.920894980430603,2.042454957962036,2.40429425239563,2.242119550704956,1.9298121929168701,2.1126554012298584,2.425999164581299,2.2651517391204834,2.127540349960327,2.4699900150299072,2.661766767501831,2.5197930335998535,2.5999035835266113,2.943720579147339,3.046335220336914,3.0399999618530273,3.3679215908050537,3.5029029846191406,2.643319606781006,2.354790687561035,2.4108943939208984,2.462076425552368,2.1460587978363037,1.9420732259750366,2.1454198360443115,2.1389431953430176,1.7595185041427612,1.7926106452941895,2.0916619300842285,1.8843461275100708,1.6475564241409302,1.969029426574707,1.8546428680419922,1.7125434875488281,1.5472780466079712,1.8429560661315918,2.0861079692840576,1.9578536748886108,1.9800498485565186,2.3121578693389893,2.446445941925049,2.406822919845581,2.553035259246826,2.841228723526001,2.9335341453552246,3.010749340057373,3.291342258453369,3.5185508728027344
A10,1.4348106384277344,1.2191067934036255,1.0369778871536255,0.9785280823707581,0.863840639591217,0.6094822883605957,0.48737698793411255,0.5528427958488464,0.382182776927948,0.0,0.386728972196579,0.5333973169326782,0.5270851850509644,0.7638232111930847,1.0575270652770996,1.2147202491760254,0.9558126330375671,0.7308938503265381,1.0819292068481445,1.1986724138259888,0.9609350562095642,0.9911312460899353,1.3560984134674072,1.4053611755371094,1.254902720451355,1.4517701864242554,1.7615455389022827,1.7356007099151611,1.8530006408691406,2.2125165462493896,2.1494553089141846,1.8635519742965698,2.1036829948425293,2.3753716945648193,2.1753056049346924,2.087520122528076,2.453115940093994,2.593409538269043,2.446481227874756,2.5804474353790283,2.912647008895874,2.976292848587036,2.9964091777801514,3.3415610790252686,3.462888479232788,2.6500959396362305,2.3774468898773193,2.490199089050293,2.5288703441619873,2.181765079498291,2.0294058322906494,2.2741148471832275,2.2323148250579834,1.8612549304962158,1.9654923677444458,2.2620468139648438,2.0346150398254395,1.8579813241958618,2.2062795162200928,2.0981500148773193,2.037712335586548,1.830389380455017,2.1036441326141357,2.370086908340454,2.2222931385040283,2.196781635284424,2.538756847381592,2.6910810470581055,2.6106698513031006,2.732123851776123,3.048753261566162,3.1352903842926025,3.1705076694488525,3.459012031555176,3.69553542137146
A11,1.5307958126068115,1.4041266441345215,1.1865078210830688,1.0245460271835327,0.9937607645988464,0.8530468344688416,0.5826250910758972,0.519277811050415,0.5529589056968689,0.386728972196579,0.0,0.38894781470298767,0.5581400394439697,0.6199418902397156,0.9523923397064209,1.4109748601913452,1.2297154664993286,0.9473600387573242,1.2486543655395508,1.4548428058624268,1.246708631515503,1.1719932556152344,1.5406217575073242,1.6500966548919678,1.4606316089630127,1.5780267715454102,1.931954264640808,1.9139289855957031,1.9575852155685425,2.3361308574676514,2.4333713054656982,2.1732282638549805,2.4222662448883057,2.6966984272003174,2.512523889541626,2.445446491241455,2.807013511657715,2.9459269046783447,2.815624475479126,2.954871654510498,3.2798824310302734,3.347446918487549,3.377967596054077,3.7222509384155273,3.847201108932495,3.0305397510528564,2.760776996612549,2.8639729022979736,2.8953073024749756,2.5510733127593994,2.395301342010498,2.62060284614563,2.570220470428467,2.1949079036712646,2.2819056510925293,2.560304880142212,2.3108034133911133,2.1132099628448486,2.4344944953918457,2.2774322032928467,2.2597548961639404,2.0998032093048096,2.3911547660827637,2.638918161392212,2.501970052719116,2.514660120010376,2.8533363342285156,2.9879744052886963,2.9277825355529785,3.070765256881714,3.373396873474121,3.454174518585205,3.5114805698394775,3.8028817176818848,4.028946876525879
A12,1.7077622413635254,1.5688709020614624,1.430062174797058,1.2458678483963013,1.1066360473632812,1.0064189434051514,0.8530526161193848,0.6546528935432434,0.527090847492218,0.5333973169326782,0.38894781470298767,0.0,0.3900117874145508,0.5680076479911804,0.7645784020423889,1.5260168313980103,1.3347816467285156,1.141566514968872,1.4828153848648071,1.6597626209259033,1.4713592529296875,1.475459337234497,1.8342983722686768,1.9253491163253784,1.7691607475280762,1.925146460533142,2.2611002922058105,2.238931894302368,2.3147964477539062,2.6887054443359375,2.671204090118408,2.376990556716919,2.5932888984680176,2.8834738731384277,2.689819574356079,2.574429750442505,2.9335429668426514,3.0932908058166504,2.927420139312744,3.036644697189331,3.3852264881134033,3.4508919715881348,3.438441038131714,3.78255033493042,3.8858184814453125,2.971484899520874,2.7207891941070557,2.789414405822754,2.7837705612182617,2.452500581741333,2.2968316078186035,2.475285053253174,2.3992931842803955,2.023893117904663,2.0967624187469482,2.33713960647583,2.0600168704986572,1.8556125164031982,2.1518545150756836,1.9579676389694214,2.115189552307129,1.9792841672897339,2.2460145950317383,2.5091373920440674,2.426708698272705,2.4449820518493652,2.754542112350464,2.9145634174346924,2.8975391387939453,3.021425724029541,3.30373477935791,3.422731876373291,3.4984633922576904,3.762078285217285,4.006054878234863
A13,1.91828191280365,1.7138080596923828,1.5592601299285889,1.4601917266845703,1.3095884323120117,1.1043485403060913,0.9902767539024353,0.9212910532951355,0.6882665753364563,0.5270851850509644,0.5581400394439697,0.3900117874145508,0.0,0.3918156325817108,0.5575116276741028,1.1893523931503296,1.024102807044983,0.8975061774253845,1.2413462400436401,1.4114793539047241,1.2900561094284058,1.34657621383667,1.6658575534820557,1.7807058095932007,1.6978952884674072,1.8563690185546875,2.1692054271698,2.200960397720337,2.3164942264556885,2.6699256896972656,2.6080453395843506,2.3124778270721436,2.5483126640319824,2.8051958084106445,2.5678486824035645,2.4591739177703857,2.832104444503784,2.956451416015625,2.7582645416259766,2.893282651901245,3.244844675064087,3.270127773284912,3.2500951290130615,3.607337713241577,3.6810247898101807,2.758554220199585,2.5370070934295654,2.6406009197235107,2.6033833026885986,2.252204656600952,2.148954153060913,2.345294713973999,2.224581003189087,1.8625465631484985,2.0030059814453125,2.2282016277313232,1.9295778274536133,1.794206142425537,2.11868953704834,1.9460772275924683,2.2326643466949463,2.0441510677337646,2.2692060470581055,2.571585178375244,2.4938576221466064,2.453462839126587,2.7570011615753174,2.9563004970550537,2.9160258769989014,2.9956352710723877,3.2989156246185303,3.4367856979370117,3.473207712173462,3.7259202003479004,3.9935874938964844
A14,2.1338858604431152,1.9660212993621826,1.754992961883545,1.6360433101654053,1.5630398988723755,1.3672258853912354,1.1580309867858887,1.1094094514846802,0.988577127456665,0.7638232111930847,0.6199418902397156,0.5680076479911804,0.3918156325817108,0.0,0.37871402502059937,1.2057311534881592,1.152828574180603,0.9696695804595947,1.2361680269241333,1.4973804950714111,1.4309358596801758,1.4007346630096436,1.6968660354614258,1.886730670928955,1.8031631708145142,1.8819029331207275,2.221928358078003,2.2966561317443848,2.3620965480804443,2.717773199081421,2.8114209175109863,2.548069953918457,2.815786361694336,3.05283784866333,2.808116912841797,2.7397897243499756,3.1192221641540527,3.2155373096466064,3.0284574031829834,3.194434404373169,3.5325586795806885,3.53975772857666,3.54223370552063,3.9060516357421875,3.9747474193573,3.0860776901245117,2.875552177429199,3.0013418197631836,2.956801652908325,2.5967025756835938,2.5158205032348633,2.7202203273773193,2.5823020935058594,2.228982448577881,2.386219024658203,2.5992136001586914,2.2858481407165527,2.1659910678863525,2.479410409927368,2.282942295074463,2.605856418609619,2.427288293838501,2.659560203552246,2.9573299884796143,2.8721072673797607,2.8362560272216797,3.1453564167022705,3.3387601375579834,3.2900137901306152,3.374516248703003,3.6832008361816406,3.812213182449341,3.8424196243286133,4.102468967437744,4.36698579788208
A15,2.435310125350952,2.257082462310791,2.0810346603393555,1.9546968936920166,1.8348299264907837,1.6516307592391968,1.4885390996932983,1.3936445713043213,1.2175724506378174,1.0575270652770996,0.9523923397064209,0.7645784020423889,0.5575116276741028,0.37871402502059937,0.0,1.3501513004302979,1.3293952941894531,1.237478494644165,1.4989509582519531,1.7367053031921387,1.7082518339157104,1.7264348268508911,1.9989732503890991,2.1865179538726807,2.1363863945007324,2.2293896675109863,2.5543975830078125,2.6403346061706543,2.7251017093658447,3.074327230453491,3.1057729721069336,2.825254440307617,3.0772745609283447,3.3135247230529785,3.052520275115967,2.957818031311035,3.3361456394195557,3.433349847793579,3.2139179706573486,3.367427110671997,3.7192914485931396,3.709703207015991,3.679079055786133,4.044846534729004,4.084019184112549,3.1245830059051514,2.9473178386688232,3.0572264194488525,2.9672980308532715,2.617271900177002,2.5623505115509033,2.727654457092285,2.5474681854248047,2.21205472946167,2.3805298805236816,2.541638135910034,2.1959781646728516,2.106797456741333,2.39125919342041,2.1628780364990234,2.691535711288452,2.524937152862549,2.721407413482666,3.0359346866607666,2.9958975315093994,2.9507627487182617,3.2305586338043213,3.451761484146118,3.4305496215820312,3.4877586364746094,3.7831170558929443,3.9458420276641846,3.979024648666382,4.212337493896484,4.495952606201172
B1,2.4206032752990723,2.123595952987671,1.8979359865188599,2.021001100540161,1.963903784751892,1.6034824848175049,1.5377615690231323,1.7534183263778687,1.5558483600616455,1.2147202491760254,1.4109748601913452,1.5260168313980103,1.1893523931503296,1.2057311534881592,1.3501513004302979,0.0,0.37562674283981323,0.5526461601257324,0.5033773183822632,0.5876505374908447,0.8335414528846741,0.9625820517539978,0.9899318814277649,1.1942542791366577,1.3661766052246094,1.4461324214935303,1.6200989484786987,1.8338524103164673,2.0231337547302246,2.261033296585083,2.215423822402954,2.010495185852051,2.32309889793396,2.4245991706848145,2.091386556625366,2.1043074131011963,2.4814159870147705,2.447786808013916,2.231520891189575,2.4925882816314697,2.7811810970306396,2.684459924697876,2.727592706680298,3.103917360305786,3.129713773727417,2.4521567821502686,2.2966909408569336,2.552747964859009,2.512316942214966,2.1283388137817383,2.1765224933624268,2.478203535079956,2.3206756114959717,2.0530049800872803,2.341151714324951,2.572998046875,2.329561948776245,2.3581414222717285,2.7345142364501953,2.6845672130584717,2.8962724208831787,2.59126615524292,2.74599552154541,3.0771570205688477,2.932994842529297,2.7594573497772217,3.0677130222320557,3.2991204261779785,3.139195680618286,3.137503147125244,3.5037355422973633,3.61479115486145,3.520814895629883,3.7791731357574463,4.0619611740112305
B2,2.107313394546509,1.7914985418319702,1.6006653308868408,1.7367254495620728,1.6432912349700928,1.2770072221755981,1.2715717554092407,1.4894170761108398,1.2639188766479492,0.9558126330375671,1.2297154664993286,1.3347816467285156,1.024102807044983,1.152828574180603,1.3293952941894531,0.37562674283981323,0.0,0.3789035677909851,0.5394356846809387,0.49249836802482605,0.5884743332862854,0.8239046931266785,0.94359290599823,1.045057773590088,1.177972674369812,1.3510321378707886,1.5286986827850342,1.6712360382080078,1.8944091796875,2.1526308059692383,1.9805254936218262,1.7342891693115234,2.0259454250335693,2.16617488861084,1.848369836807251,1.8197031021118164,2.203263998031616,2.2148354053497314,1.9988031387329102,2.2278695106506348,2.537980079650879,2.481126546859741,2.510617256164551,2.884554624557495,2.935939311981201,2.2157628536224365,2.022922992706299,2.2569222450256348,2.2434744834899902,1.8593175411224365,1.8643364906311035,2.172987699508667,2.0499370098114014,1.7599389553070068,2.0227303504943848,2.282932758331299,2.0614280700683594,2.0594818592071533,2.443895101547241,2.4137349128723145,2.53165602684021,2.223358631134033,2.386843204498291,2.711097002029419,2.5599493980407715,2.393531560897827,2.7091429233551025,2.932086944580078,2.776390552520752,2.7881221771240234,3.1518938541412354,3.259497880935669,3.1811509132385254,3.4456398487091064,3.72334885597229
B3,1.8886691331863403,1.6155872344970703,1.3681236505508423,1.4724316596984863,1.4416604042053223,1.0886894464492798,0.9909393191337585,1.2359565496444702,1.0908203125,0.7308938503265381,0.9473600387573242,1.141566514968872,0.8975061774253845,0.9696695804595947,1.237478494644165,0.5526461601257324,0.3789035677909851,0.0,0.3779292404651642,0.5375709533691406,0.5008226633071899,0.5651624202728271,0.7971582412719727,0.9580633044242859,0.9864711761474609,1.1140005588531494,1.3705886602401733,1.4965780973434448,1.6590943336486816,1.9571492671966553,1.9555360078811646,1.728292465209961,2.0422277450561523,2.2091543674468994,1.930450677871704,1.9299004077911377,2.313943386077881,2.345816135406494,2.180718421936035,2.4071969985961914,2.70623779296875,2.6858789920806885,2.7467103004455566,3.1125831604003906,3.199235439300537,2.5126914978027344,2.285106658935547,2.498710870742798,2.518784284591675,2.1398329734802246,2.093093156814575,2.400817632675171,2.3114469051361084,1.991082787513733,2.2069449424743652,2.491741895675659,2.267777442932129,2.2061166763305664,2.5869088172912598,2.52738356590271,2.5460991859436035,2.2656869888305664,2.480487108230591,2.7794487476348877,2.6053287982940674,2.4863383769989014,2.826446771621704,3.0129032135009766,2.8610286712646484,2.9212379455566406,3.2801856994628906,3.360349655151367,3.310161590576172,3.599005699157715,3.8530874252319336
B4,2.104145050048828,1.8409134149551392,1.5604248046875,1.7051738500595093,1.7323572635650635,1.3801429271697998,1.2600749731063843,1.546427607536316,1.4474081993103027,1.0819292068481445,1.2486543655395508,1.4828153848648071,1.2413462400436401,1.2361680269241333,1.4989509582519531,0.5033773183822632,0.5394356846809387,0.3779292404651642,0.0,0.38729920983314514,0.5486537218093872,0.5022786259651184,0.5511094331741333,0.8265937566757202,0.9376429319381714,0.9602382183074951,1.1807692050933838,1.3959980010986328,1.5430485010147095,1.7987048625946045,1.9215805530548096,1.7568737268447876,2.1030120849609375,2.211299419403076,1.9188213348388672,1.9865349531173706,2.3607287406921387,2.33463191986084,2.1911611557006836,2.463503122329712,2.725672483444214,2.672414779663086,2.7730228900909424,3.1375153064727783,3.2196505069732666,2.648155689239502,2.437432289123535,2.690225601196289,2.7178404331207275,2.3389809131622314,2.326303243637085,2.6555917263031006,2.563626766204834,2.2692365646362305,2.5079128742218018,2.791746139526367,2.57939076423645,2.5447897911071777,2.9296138286590576,2.8839683532714844,2.877316951751709,2.5836217403411865,2.7907276153564453,3.0849831104278564,2.8897955417633057,2.7517025470733643,3.093979835510254,3.27480149269104,3.0912163257598877,3.1422011852264404,3.513278007507324,3.5741183757781982,3.4928977489471436,3.7889583110809326,4.03614616394043
B5,2.0757389068603516,1.7681914567947388,1.5369982719421387,1.7492568492889404,1.7385339736938477,1.3681659698486328,1.3506546020507812,1.6580250263214111,1.5173276662826538,1.1986724138259888,1.4548428058624268,1.6597626209259033,1.4114793539047241,1.4973804950714111,1.7367053031921387,0.5876505374908447,0.49249836802482605,0.5375709533691406,0.38729920983314514,0.0,0.36851778626441956,0.5573854446411133,0.5029932260513306,0.6143565773963928,0.8408932089805603,0.9703783392906189,1.0804123878479004,1.2782260179519653,1.5145606994628906,1.7265663146972656,1.6416743993759155,1.4671294689178467,1.804398775100708,1.8869236707687378,1.5707868337631226,1.637540578842163,2.0089168548583984,1.9669313430786133,1.8110536336898804,2.0922677516937256,2.349921226501465,2.286931037902832,2.3892204761505127,2.753227949142456,2.836198568344116,2.3160767555236816,2.1053824424743652,2.3790247440338135,2.4248175621032715,2.054178237915039,2.0558345317840576,2.405254364013672,2.332991361618042,2.066039800643921,2.3145716190338135,2.6076242923736572,2.436077356338501,2.425501585006714,2.8158788681030273,2.81967830657959,2.744558572769165,2.423248767852783,2.6025617122650146,2.895261287689209,2.688258171081543,2.515235185623169,2.8497281074523926,3.035573720932007,2.8269705772399902,2.8551535606384277,3.234286069869995,3.2902867794036865,3.1812822818756104,3.4736196994781494,3.7227604389190674
B6,1.709106683731079,1.3998994827270508,1.1740543842315674,1.3985999822616577,1.3875155448913574,1.0210661888122559,1.033621072769165,1.3591755628585815,1.242342472076416,0.9609350562095642,1.246708631515503,1.4713592529296875,1.2900561094284058,1.4309358596801758,1.7082518339157104,0.8335414528846741,0.5884743332862854,0.5008226633071899,0.5486537218093872,0.36851778626441956,0.0,0.38674822449684143,0.5443771481513977,0.5141540169715881,0.5995814204216003,0.842170000076294,1.001360535621643,1.0916187763214111,1.3366293907165527,1.5950270891189575,1.459208607673645,1.244026780128479,1.5743166208267212,1.7187118530273438,1.4453835487365723,1.479852318763733,1.8571747541427612,1.8779898881912231,1.7513928413391113,1.9918681383132935,2.26521635055542,2.263197898864746,2.3629655838012695,2.7170467376708984,2.839028835296631,2.2898738384246826,2.0321125984191895,2.2686831951141357,2.3525431156158447,1.9908454418182373,1.927410364151001,2.2754693031311035,2.2492685317993164,1.9539809226989746,2.152374505996704,2.4760375022888184,2.3234379291534424,2.260335922241211,2.6488678455352783,2.6552982330322266,2.450840711593628,2.1424500942230225,2.3541388511657715,2.625062942504883,2.400157928466797,2.259254217147827,2.611520767211914,2.7699930667877197,2.5682578086853027,2.6346986293792725,3.0071983337402344,3.0467782020568848,2.9685583114624023,3.277681589126587,3.5103859901428223
B7,1.6756080389022827,1.432968258857727,1.1268645524978638,1.3198561668395996,1.408559799194336,1.0793474912643433,0.9672721028327942,1.320459008216858,1.3051742315292358,0.9911312460899353,1.1719932556152344,1.475459337234497,1.34657621383667,1.4007346630096436,1.7264348268508911,0.9625820517539978,0.8239046931266785,0.5651624202728271,0.5022786259651184,0.5573854446411133,0.38674822449684143,0.0,0.38429248332977295,0.5298129320144653,0.4688737690448761,0.5526270270347595,0.8312832713127136,0.9539656639099121,1.097861886024475,1.3938270807266235,1.557206153869629,1.4052900075912476,1.758208155632019,1.8982309103012085,1.666200041770935,1.7525190114974976,2.113041639328003,2.125730276107788,2.0497782230377197,2.2997989654541016,2.545720100402832,2.555645227432251,2.6891720294952393,3.033466100692749,3.1728756427764893,2.6724493503570557,2.4078011512756348,2.637544631958008,2.7318532466888428,2.371933698654175,2.2926065921783447,2.6348953247070312,2.614716053009033,2.304706335067749,2.4835472106933594,2.8120884895324707,2.6451985836029053,2.5528416633605957,2.9360954761505127,2.911789655685425,2.6690895557403564,2.3890252113342285,2.63577938079834,2.8863062858581543,2.6465206146240234,2.5439016819000244,2.909055233001709,3.0383622646331787,2.838536500930786,2.939422607421875,3.305835008621216,3.3211421966552734,3.2594857215881348,3.5850136280059814,3.796571731567383
B8,1.9732402563095093,1.7231353521347046,1.4312939643859863,1.665083646774292,1.7620692253112793,1.4298851490020752,1.3466838598251343,1.7037482261657715,1.67435622215271,1.3560984134674072,1.5406217575073242,1.8342983722686768,1.6658575534820557,1.6968660354614258,1.9989732503890991,0.9899318814277649,0.94359290599823,0.7971582412719727,0.5511094331741333,0.5029932260513306,0.5443771481513977,0.38429248332977295,0.0,0.3828830122947693,0.5488868951797485,0.5089201927185059,0.6366227865219116,0.8974122405052185,1.0681313276290894,1.274280071258545,1.4865080118179321,1.40459144115448,1.7771453857421875,1.8382848501205444,1.581507921218872,1.7350727319717407,2.078169107437134,2.0218265056610107,1.9595791101455688,2.255125045776367,2.4613852500915527,2.4296584129333496,2.598004102706909,2.938755512237549,3.0675530433654785,2.6865932941436768,2.4465391635894775,2.7166457176208496,2.812922477722168,2.456925868988037,2.4205739498138428,2.781524419784546,2.754287004470825,2.477473735809326,2.6870217323303223,3.0086915493011475,2.8563363552093506,2.803413152694702,3.192267894744873,3.191612958908081,2.9542863368988037,2.6523003578186035,2.8729493618011475,3.1262314319610596,2.8752379417419434,2.7379188537597656,3.0946567058563232,3.229334831237793,2.997387170791626,3.0724027156829834,3.450159788131714,3.454036235809326,3.3516130447387695,3.6753499507904053,3.885455369949341
B9,1.7983672618865967,1.5203279256820679,1.2807272672653198,1.5777833461761475,1.650842308998108,1.3272439241409302,1.3373445272445679,1.7048383951187134,1.6628175973892212,1.4053611755371094,1.6500966548919678,1.9253491163253784,1.7807058095932007,1.886730670928955,2.1865179538726807,1.1942542791366577,1.045057773590088,0.9580633044242859,0.8265937566757202,0.6143565773963928,0.5141540169715881,0.5298129320144653,0.3828830122947693,0.0,0.3735087811946869,0.5567827820777893,0.5335168242454529,0.6820408701896667,0.9739179611206055,1.1506683826446533,1.1161189079284668,1.0239887237548828,1.3973010778427124,1.4578306674957275,1.2111365795135498,1.3720135688781738,1.7068601846694946,1.6647452116012573,1.6277302503585815,1.9116462469100952,2.11031174659729,2.108356237411499,2.2877652645111084,2.6168270111083984,2.7734105587005615,2.449622392654419,2.186915636062622,2.4524495601654053,2.5885345935821533,2.2535336017608643,2.195098638534546,2.5663058757781982,2.582805633544922,2.321179151535034,2.5068519115448,2.84665846824646,2.7399826049804688,2.6800687313079834,3.0656888484954834,3.1046478748321533,2.7409892082214355,2.428812026977539,2.6412346363067627,2.873711109161377,2.601036548614502,2.4543590545654297,2.8104894161224365,2.92763090133667,2.674389600753784,2.7532434463500977,3.131486177444458,3.115201711654663,3.0034451484680176,3.3348007202148438,3.5321056842803955
B10,1.4765571355819702,1.2400259971618652,0.9594569802284241,1.2519290447235107,1.3803894519805908,1.0975970029830933,1.0738557577133179,1.4518022537231445,1.4804266691207886,1.254902720451355,1.4606316089630127,1.7691607475280762,1.6978952884674072,1.8031631708145142,2.1363863945007324,1.3661766052246094,1.177972674369812,0.9864711761474609,0.9376429319381714,0.8408932089805603,0.5995814204216003,0.4688737690448761,0.5488868951797485,0.3735087811946869,0.0,0.3922783434391022,0.5394102334976196,0.5173089504241943,0.7475982308387756,1.0248949527740479,1.1349388360977173,1.0292232036590576,1.3892552852630615,1.5214133262634277,1.3492881059646606,1.4804505109786987,1.8058489561080933,1.8281415700912476,1.826878547668457,2.0653960704803467,2.27211332321167,2.3263564109802246,2.500971555709839,2.8171842098236084,3.00352144241333,2.6371772289276123,2.3423655033111572,2.5666348934173584,2.723220109939575,2.394106864929199,2.2814395427703857,2.6381051540374756,2.681859254837036,2.389873743057251,2.529123544692993,2.8862297534942627,2.7784008979797363,2.666307210922241,3.043428897857666,3.062736749649048,2.605438232421875,2.3249764442443848,2.57959246635437,2.7855966091156006,2.499755859375,2.4049880504608154,2.7774758338928223,2.860543727874756,2.6251604557037354,2.7530977725982666,3.1172611713409424,3.082885980606079,3.0136353969573975,3.3613462448120117,3.53767991065979
B11,1.710689902305603,1.5363283157348633,1.2103434801101685,1.4505630731582642,1.644801378250122,1.3854387998580933,1.267317533493042,1.6404863595962524,1.7182316780090332,1.4517701864242554,1.5780267715454102,1.925146460533142,1.8563690185546875,1.8819029331207275,2.2293896675109863,1.4461324214935303,1.3510321378707886,1.1140005588531494,0.9602382183074951,0.9703783392906189,0.842170000076294,0.5526270270347595,0.5089201927185059,0.5567827820777893,0.3922783434391022,0.0,0.39284011721611023,0.5432966947555542,0.5862367749214172,0.8637250065803528,1.3681868314743042,1.347378134727478,1.7127330303192139,1.7989915609359741,1.637513279914856,1.8194990158081055,2.127056121826172,2.1074507236480713,2.1283786296844482,2.3941986560821533,2.5708534717559814,2.6020264625549316,2.8042445182800293,3.117017984390259,3.297741651535034,2.9812750816345215,2.7014009952545166,2.940840244293213,3.0865280628204346,2.749248504638672,2.6552860736846924,3.0132317543029785,3.038296937942505,2.7439098358154297,2.897444248199463,3.247363328933716,3.11830472946167,3.0100157260894775,3.388988494873047,3.385382652282715,2.9671146869659424,2.6982474327087402,2.96146297454834,3.1669046878814697,2.8805832862854004,2.795125722885132,3.1686978340148926,3.246218204498291,3.0092103481292725,3.1413731575012207,3.50512957572937,3.4613611698150635,3.388015031814575,3.7391340732574463,3.9072659015655518
B12,1.8928678035736084,1.698976993560791,1.4241595268249512,1.7190868854522705,1.8932875394821167,1.6317944526672363,1.5820469856262207,1.9608417749404907,2.0108377933502197,1.7615455389022827,1.931954264640808,2.2611002922058105,2.1692054271698,2.221928358078003,2.5543975830078125,1.6200989484786987,1.5286986827850342,1.3705886602401733,1.1807692050933838,1.0804123878479004,1.001360535621643,0.8312832713127136,0.6366227865219116,0.5335168242454529,0.5394102334976196,0.39284011721611023,0.0,0.38821473717689514,0.559605598449707,0.6556801199913025,1.1215344667434692,1.1891305446624756,1.5542770624160767,1.5634957551956177,1.4117207527160645,1.6587995290756226,1.9285449981689453,1.8584671020507812,1.9213240146636963,2.2088987827301025,2.336651563644409,2.3554084300994873,2.5960755348205566,2.88999080657959,3.0807628631591797,2.9056549072265625,2.6349711418151855,2.8971095085144043,3.066058397293091,2.747941732406616,2.672881603240967,3.0453643798828125,3.089273691177368,2.828144073486328,2.9891278743743896,3.3418240547180176,3.2474474906921387,3.163346767425537,3.5437870025634766,3.577779769897461,3.09848952293396,2.810145616531372,3.048306465148926,3.2421836853027344,2.937174081802368,2.822754383087158,3.1861698627471924,3.2551393508911133,2.982907772064209,3.0981926918029785,3.4667632579803467,3.3998029232025146,3.2899436950683594,3.642487049102783,3.7975800037384033
B13,1.5877796411514282,1.4183785915374756,1.176811933517456,1.4981887340545654,1.687227725982666,1.4772520065307617,1.470515251159668,1.839870572090149,1.920894980430603,1.7356007099151611,1.9139289855957031,2.238931894302368,2.200960397720337,2.2966561317443848,2.6403346061706543,1.8338524103164673,1.6712360382080078,1.4965780973434448,1.3959980010986328,1.2782260179519653,1.0916187763214111,0.9539656639099121,0.8974122405052185,0.6820408701896667,0.5173089504241943,0.5432966947555542,0.38821473717689514,0.0,0.39160969853401184,0.5499070882797241,0.9034578204154968,0.9727462530136108,1.3104236125946045,1.371195673942566,1.2983191013336182,1.521782398223877,1.7669845819473267,1.7589585781097412,1.8640737533569336,2.102647066116333,2.229435920715332,2.3113796710968018,2.5491573810577393,2.8229029178619385,3.050938606262207,2.8775739669799805,2.575209140777588,2.8021905422210693,3.0073509216308594,2.7106151580810547,2.588313102722168,2.9513964653015137,3.039449691772461,2.7725090980529785,2.886855125427246,3.256653308868408,3.191315174102783,3.071916103363037,3.439734935760498,3.4865033626556396,2.8702361583709717,2.6014902591705322,2.856818437576294,3.0149176120758057,2.6898908615112305,2.606339693069458,2.9741973876953125,3.0056846141815186,2.7334814071655273,2.8845927715301514,3.2390661239624023,3.144981622695923,3.05971360206604,3.426149845123291,3.555853843688965
