,A1,A2,A3,A4,A5,A6,A7,A8,A9,A10,A11,A12,A13,A14,A15,B1,B2,B3,B4,B5,B6,B7,B8,B9,B10,B11,B12,B13,B14,B15,C1,C2,C3,C4,C5,C6,C7,C8,C9,C10,C11,C12,C13,C14,C15,D1,D2,D3,D4,D5,D6,D7,D8,D9,D10,D11,D12,D13,D14,D15,E1,E2,E3,E4,E5,E6,E7,E8,E9,E10,E11,E12,E13,E14,E15
A1,0.0,0.3843650221824646,0.5340211987495422,0.511893630027771,0.6074998378753662,0.8544036149978638,0.9667790532112122,1.026478886604309,1.23691725730896,1.389319896697998,1.4600352048873901,1.6603264808654785,1.8841373920440674,2.0111546516418457,2.307084321975708,2.3896775245666504,2.057910919189453,1.8569248914718628,2.1336007118225098,2.125552177429199,1.7563027143478394,1.814255714416504,2.148756742477417,1.9961440563201904,1.7384018898010254,2.0335843563079834,2.2844245433807373,2.0683507919311523,2.2221155166625977,2.5833635330200195,1.993445634841919,1.6578365564346313,1.6181042194366455,1.989247441291809,1.9464073181152344,1.660506248474121,1.8823504447937012,2.1991240978240967,2.073385000228882,1.9350231885910034,2.2897987365722656,2.4686830043792725,2.3391573429107666,2.5760281085968018,2.690894842147827,1.6590869426727295,1.3829576969146729,1.457517385482788,1.4626643657684326,1.1178921461105347,0.982733428478241,1.2294403314590454,1.1551593542099,0.7971242070198059,0.9724485278129578,1.2724000215530396,1.1078829765319824,1.0346139669418335,1.4215905666351318,1.4199705123901367,1.6161237955093384,1.305267333984375,1.4138416051864624,1.7723984718322754,1.7057369947433472,1.533140778541565,1.8169519901275635,2.0876214504241943,2.009143352508545,1.9990521669387817,2.3286290168762207,2.514007091522217,2.4858148097991943,2.6829419136047363,2.9989278316497803
A2,0.3843650221824646,0.0,0.3846421241760254,0.5583356022834778,0.5075333118438721,0.6103324890136719,0.8522969484329224,0.9756190776824951,1.0701781511306763,1.2083741426467896,1.37690269947052,1.5589157342910767,1.7187647819519043,1.8952691555023193,2.1943552494049072,2.151963710784912,1.7986313104629517,1.65078866481781,1.9354331493377686,1.8736497163772583,1.5089218616485596,1.638054370880127,1.9517654180526733,1.765988826751709,1.5621777772903442,1.9024689197540283,2.1176178455352783,1.9234286546707153,2.134305715560913,2.470759630203247,1.7472813129425049,1.391242265701294,1.3489829301834106,1.6975574493408203,1.6180837154388428,1.3137798309326172,1.5531643629074097,1.8520628213882446,1.7016059160232544,1.572242259979248,1.939426302909851,2.0975749492645264,1.9712547063827515,2.2224462032318115,2.3267481327056885,1.4366556406021118,1.1326621770858765,1.2728372812271118,1.3436450958251953,0.9946902394294739,0.8806061148643494,1.2176307439804077,1.206133246421814,0.914078950881958,1.1050487756729126,1.4418609142303467,1.3572410345077515,1.3184483051300049,1.6963963508605957,1.7533119916915894,1.7035794258117676,1.3523777723312378,1.4646021127700806,1.7986937761306763,1.6654471158981323,1.453218936920166,1.7660088539123535,2.0125362873077393,1.8668893575668335,1.8560073375701904,2.218698501586914,2.361769914627075,2.2919163703918457,2.5170280933380127,2.825561046600342
A3,0.5340211987495422,0.3846421241760254,0.0,0.3765205442905426,0.5404161810874939,0.5086156725883484,0.599479079246521,0.8435735702514648,0.9985802173614502,1.0211347341537476,1.164533019065857,1.4288278818130493,1.5605069398880005,1.676735520362854,2.012322425842285,1.8802512884140015,1.5509408712387085,1.3482816219329834,1.6124998331069946,1.5922685861587524,1.2224197387695312,1.2952232360839844,1.6281670331954956,1.4842082262039185,1.249530553817749,1.5641591548919678,1.8165700435638428,1.6480165719985962,1.8307483196258545,2.1825335025787354,1.6080392599105835,1.2592687606811523,1.317021369934082,1.6660882234573364,1.5617038011550903,1.3253461122512817,1.6226685047149658,1.8830804824829102,1.7468756437301636,1.6997766494750977,2.066312313079834,2.205430746078491,2.1314685344696045,2.410524606704712,2.4862778186798096,1.7829169034957886,1.474161148071289,1.6327844858169556,1.7250341176986694,1.3760684728622437,1.2552381753921509,1.587525486946106,1.5750668048858643,1.256893277168274,1.419600248336792,1.7601234912872314,1.634583592414856,1.5426321029663086,1.9241586923599243,1.922257661819458,1.8377138376235962,1.5165396928787231,1.703890085220337,2.015420436859131,1.8525058031082153,1.697630763053894,2.0420398712158203,2.2486371994018555,2.0996804237365723,2.1414601802825928,2.504185438156128,2.614758253097534,2.5630643367767334,2.817915201187134,3.103184461593628
A4,0.511893630027771,0.5583356022834778,0.3765205442905426,0.0,0.3867522180080414,0.5486070513725281,0.4876216650009155,0.5898716449737549,0.8677037954330444,0.9451358914375305,0.9721034169197083,1.2265100479125977,1.4394534826278687,1.5231943130493164,1.8372970819473267,1.9641375541687012,1.657846212387085,1.424246907234192,1.7184858322143555,1.7698782682418823,1.423441767692566,1.4575978517532349,1.8235265016555786,1.744799017906189,1.5002045631408691,1.768453598022461,2.0684993267059326,1.92622971534729,2.06286358833313,2.4334914684295654,1.9671998023986816,1.622415542602539,1.6934995651245117,2.0401196479797363,1.919420838356018,1.679069995880127,1.9812746047973633,2.2350687980651855,2.0687859058380127,2.014693260192871,2.39416766166687,2.5096278190612793,2.3961644172668457,2.681575059890747,2.7617597579956055,1.8990181684494019,1.639850378036499,1.8063089847564697,1.8241920471191406,1.4520368576049805,1.3913919925689697,1.6860629320144653,1.5877642631530762,1.2614527940750122,1.479148507118225,1.7635804414749146,1.5626327991485596,1.5090978145599365,1.894127607345581,1.8318513631820679,2.041139602661133,1.7361979484558105,1.8918505907058716,2.2328078746795654,2.119084596633911,1.9560259580612183,2.271402359008789,2.5142905712127686,2.3924448490142822,2.401994228363037,2.7557108402252197,2.9020676612854004,2.8462657928466797,3.072899341583252,3.3796985149383545
A5,0.6074998378753662,0.5075333118438721,0.5404161810874939,0.3867522180080414,0.0,0.3851909935474396,0.5425958037376404,0.5000948309898376,0.6338532567024231,0.8464577198028564,0.9479483962059021,1.0852750539779663,1.3039016723632812,1.4772053956985474,1.746285319328308,1.9756971597671509,1.6419178247451782,1.4846757650375366,1.8210397958755493,1.830423355102539,1.5011749267578125,1.6254363059997559,1.979050636291504,1.8770347833633423,1.6942249536514282,2.002998113632202,2.273275375366211,2.1486783027648926,2.332919120788574,2.6838786602020264,2.069485902786255,1.7034788131713867,1.738858699798584,2.0595359802246094,1.9048030376434326,1.619316577911377,1.9121443033218384,2.1554388999938965,1.9370532035827637,1.8523777723312378,2.2452173233032227,2.327225923538208,2.15971040725708,2.4456212520599365,2.5320441722869873,1.5912760496139526,1.3751764297485352,1.5905417203903198,1.5814381837844849,1.2026640176773071,1.2306108474731445,1.5431369543075562,1.4199035167694092,1.158636212348938,1.4444336891174316,1.7074517011642456,1.5370063781738281,1.5715748071670532,1.9551045894622803,1.9421876668930054,2.1745030879974365,1.8359016180038452,1.9301021099090576,2.281111717224121,2.1682817935943604,1.9443837404251099,2.2359721660614014,2.502755641937256,2.3507795333862305,2.30812406539917,2.6739463806152344,2.826634407043457,2.7232556343078613,2.9314441680908203,3.256284713745117
A6,0.8544036149978638,0.6103324890136719,0.5086156725883484,0.5486070513725281,0.3851909935474396,0.0,0.3891063630580902,0.5533830523490906,0.5295532941818237,0.6057161092758179,0.8413458466529846,1.0165951251983643,1.1201410293579102,1.3134137392044067,1.6133953332901,1.6268255710601807,1.2788015604019165,1.152285099029541,1.4895827770233154,1.4655834436416626,1.1454042196273804,1.3190447092056274,1.6548731327056885,1.5485317707061768,1.414552092552185,1.7410942316055298,1.9896624088287354,1.9035991430282593,2.118795871734619,2.4464967250823975,1.8060710430145264,1.44051194190979,1.526777982711792,1.8122880458831787,1.6111444234848022,1.3577685356140137,1.690648078918457,1.8869037628173828,1.6554341316223145,1.6332825422286987,2.027806520462036,2.078118324279785,1.949973702430725,2.261776924133301,2.3199687004089355,1.6520249843597412,1.4099215269088745,1.6678383350372314,1.73104989528656,1.371391773223877,1.3816121816635132,1.740006923675537,1.681064486503601,1.436050534248352,1.6882452964782715,1.9920917749404907,1.8647103309631348,1.868436336517334,2.253852605819702,2.261021614074707,2.278106927871704,1.9311985969543457,2.0649096965789795,2.384551763534546,2.2133865356445312,1.998051404953003,2.3223533630371094,2.545922040939331,2.348472833633423,2.337641716003418,2.721149206161499,2.822211742401123,2.702568769454956,2.94785475730896,3.2483808994293213
A7,0.9667790532112122,0.8522969484329224,0.599479079246521,0.4876216650009155,0.5425958037376404,0.3891063630580902,0.0,0.38497498631477356,0.5587078928947449,0.4818289577960968,0.5676582455635071,0.8671287298202515,0.9978154301643372,1.0817227363586426,1.4183449745178223,1.5082597732543945,1.2117908000946045,0.990001916885376,1.3213183879852295,1.3967225551605225,1.0950040817260742,1.1675143241882324,1.5381954908370972,1.5156071186065674,1.3433164358139038,1.6043570041656494,1.9106621742248535,1.856209397315979,2.012138843536377,2.359572410583496,1.9224351644515991,1.5797851085662842,1.730636715888977,2.0223705768585205,1.8213005065917969,1.6243271827697754,1.9784038066864014,2.1575920581817627,1.947195053100586,1.9695541858673096,2.3564741611480713,2.4017903804779053,2.3025705814361572,2.6233468055725098,2.668297290802002,2.0266456604003906,1.787960171699524,2.028245449066162,2.074284553527832,1.7035531997680664,1.6961147785186768,2.0336759090423584,1.9465457201004028,1.6623615026474,1.9048057794570923,2.1973578929901123,2.0145463943481445,1.9869191646575928,2.3736062049865723,2.3173210620880127,2.431879758834839,2.11364483833313,2.284498453140259,2.6069157123565674,2.4446828365325928,2.2690818309783936,2.604156970977783,2.8214004039764404,2.646899461746216,2.6624956130981445,3.0386972427368164,3.1421823501586914,3.0477452278137207,3.2992584705352783,3.5942440032958984
A8,1.026478886604309,0.9756190776824951,0.8435735702514648,0.5898716449737549,0.5000948309898376,0.5533830523490906,0.38497498631477356,0.0,0.3989390730857849,0.5394066572189331,0.4777562618255615,0.6436781883239746,0.9104662537574768,1.0190551280975342,1.2859677076339722,1.7314432859420776,1.4515116214752197,1.264841914176941,1.617163896560669,1.7146590948104858,1.4435852766036987,1.5262995958328247,1.8962819576263428,1.8898684978485107,1.7273621559143066,1.977772831916809,2.291935443878174,2.239368200302124,2.385488748550415,2.738511323928833,2.2841203212738037,1.9315468072891235,2.049065351486206,2.3439762592315674,2.138232707977295,1.9056917428970337,2.24363112449646,2.4316043853759766,2.1875991821289062,2.172581195831299,2.569906234741211,2.5967178344726562,2.4401252269744873,2.755460023880005,2.812941789627075,1.991907000541687,1.8127021789550781,2.06264591217041,2.040961980819702,1.6643931865692139,1.7262271642684937,2.032320022583008,1.877603530883789,1.623095154762268,1.9173794984817505,2.1554906368255615,1.9372421503067017,1.9734231233596802,2.3528683185577393,2.2781546115875244,2.608945369720459,2.2862353324890137,2.408099889755249,2.7565314769744873,2.6341540813446045,2.42808198928833,2.7305827140808105,2.98691725730896,2.8259072303771973,2.7954931259155273,3.166438102722168,3.304866075515747,3.1923837661743164,3.4104082584381104,3.7306301593780518
A9,1.23691725730896,1.0701781511306763,0.9985802173614502,0.8677037954330444,0.6338532567024231,0.5295532941818237,0.5587078928947449,0.3989390730857849,0.0,0.3834497630596161,0.5462654232978821,0.5315565466880798,0.6945485472679138,0.943788468837738,1.1685489416122437,1.5850225687026978,1.2825990915298462,1.199910044670105,1.5754889249801636,1.615932583808899,1.382183313369751,1.5579978227615356,1.894614577293396,1.8677786588668823,1.7803486585617065,2.0639266967773438,2.3366775512695312,2.3138442039489746,2.5087101459503174,2.8319334983825684,2.259821891784668,1.9031646251678467,2.0154106616973877,2.265296459197998,2.0157926082611084,1.7763780355453491,2.1145639419555664,2.2615151405334473,1.9729583263397217,1.970501184463501,2.367264747619629,2.3433034420013428,2.1640164852142334,2.4891672134399414,2.5331220626831055,1.825033187866211,1.6794079542160034,1.9807904958724976,1.9762201309204102,1.619911551475525,1.7333794832229614,2.064488649368286,1.9310630559921265,1.7337663173675537,2.0458059310913086,2.290377616882324,2.1211960315704346,2.193169355392456,2.5724518299102783,2.546473741531372,2.769014835357666,2.421393394470215,2.5218307971954346,2.858776807785034,2.7095558643341064,2.469423770904541,2.76755428314209,3.015958309173584,2.8131356239318848,2.7616803646087646,3.1451878547668457,3.2599551677703857,3.1047203540802,3.3252289295196533,3.6426873207092285
A10,1.389319896697998,1.2083741426467896,1.0211347341537476,0.9451358914375305,0.8464577198028564,0.6057161092758179,0.4818289577960968,0.5394066572189331,0.3834497630596161,0.0,0.3872908353805542,0.5550616383552551,0.545482337474823,0.720353901386261,1.030804991722107,1.226034164428711,0.9421330690383911,0.8272996544837952,1.202497959136963,1.2772233486175537,1.0748910903930664,1.2301656007766724,1.5600945949554443,1.5806467533111572,1.5153785943984985,1.7665787935256958,2.0460736751556396,2.0690042972564697,2.2507662773132324,2.5606977939605713,2.0937678813934326,1.7608939409255981,1.9394795894622803,2.1671833992004395,1.8963664770126343,1.7209699153900146,2.0900700092315674,2.197719097137451,1.9287642240524292,1.9974479675292969,2.3822808265686035,2.3466432094573975,2.229565143585205,2.5713613033294678,2.58825421333313,2.098923921585083,1.9134268760681152,2.212996482849121,2.257626533508301,1.9025161266326904,1.9650719165802002,2.317866325378418,2.222501754760742,1.9925419092178345,2.2695658206939697,2.5488686561584473,2.381328582763672,2.4015772342681885,2.787865161895752,2.746882438659668,2.851130247116089,2.5154495239257812,2.6662533283233643,2.982879400253296,2.7995927333831787,2.5934972763061523,2.922759532928467,3.1353964805603027,2.92012882232666,2.913529872894287,3.3026859760284424,3.3829734325408936,3.241567611694336,3.4948318004608154,3.7882330417633057
A11,1.4600352048873901,1.37690269947052,1.164533019065857,0.9721034169197083,0.9479483962059021,0.8413458466529846,0.5676582455635071,0.4777562618255615,0.5462654232978821,0.3872908353805542,0.0,0.4023500680923462,0.5639714002609253,0.5578379034996033,0.8721835017204285,1.3952656984329224,1.1870019435882568,0.9952346086502075,1.3386249542236328,1.506818413734436,1.3215596675872803,1.3774768114089966,1.7280313968658447,1.807363748550415,1.6952223777770996,1.8882321119308472,2.214003801345825,2.2405214309692383,2.3657374382019043,2.6971335411071777,2.3705389499664307,2.0451393127441406,2.2333953380584717,2.486510753631592,2.2358317375183105,2.065884828567505,2.4347829818725586,2.5605523586273193,2.3054370880126953,2.36436128616333,2.7524213790893555,2.7297067642211914,2.6056251525878906,2.9436354637145996,2.967560291290283,2.3561885356903076,2.1828227043151855,2.4622223377227783,2.4664316177368164,2.0965921878814697,2.161172866821289,2.4862260818481445,2.3462367057800293,2.0948729515075684,2.3800392150878906,2.6300060749053955,2.4102330207824707,2.429805040359497,2.8099327087402344,2.716003656387329,2.9880356788635254,2.671543598175049,2.8260562419891357,3.1591901779174805,3.0056586265563965,2.8150506019592285,3.1382555961608887,3.3685972690582275,3.1838037967681885,3.176267385482788,3.5570852756500244,3.6631200313568115,3.5404162406921387,3.781442165374756,4.085882663726807
A12,1.6603264808654785,1.5589157342910767,1.4288278818130493,1.2265100479125977,1.0852750539779663,1.0165951251983643,0.8671287298202515,0.6436781883239746,0.5315565466880798,0.5550616383552551,0.4023500680923462,0.0,0.39527320861816406,0.5416543483734131,0.6831164956092834,1.5525873899459839,1.3523763418197632,1.2581673860549927,1.61198890209198,1.749192476272583,1.5986932516098022,1.7137672901153564,2.0424625873565674,2.109715700149536,2.03743577003479,2.2504758834838867,2.5555245876312256,2.5910685062408447,2.7401998043060303,3.0608625411987305,2.6477105617523193,2.3112633228302,2.472795009613037,2.707728862762451,2.4348299503326416,2.23823881149292,2.593907356262207,2.7049784660339355,2.4080073833465576,2.4480910301208496,2.837916135787964,2.7756006717681885,2.6020588874816895,2.9367222785949707,2.960843324661255,2.301650047302246,2.1908068656921387,2.4964427947998047,2.464277505874634,2.109596014022827,2.2414803504943848,2.553973436355591,2.3826773166656494,2.183352470397949,2.5058634281158447,2.7217068672180176,2.5065524578094482,2.585702419281006,2.958658456802368,2.8797621726989746,3.2331788539886475,2.899850606918335,3.0123116970062256,3.3561787605285645,3.2147035598754883,2.9872589111328125,3.2863717079162598,3.537916421890259,3.3408756256103516,3.2922189235687256,3.6743974685668945,3.7912590503692627,3.6342415809631348,3.852386951446533,4.17139196395874
A13,1.8841373920440674,1.7187647819519043,1.5605069398880005,1.4394534826278687,1.3039016723632812,1.1201410293579102,0.9978154301643372,0.9104662537574768,0.6945485472679138,0.545482337474823,0.5639714002609253,0.39527320861816406,0.0,0.38445621728897095,0.5401319861412048,1.226742148399353,1.0580008029937744,1.0443546772003174,1.3817325830459595,1.5023900270462036,1.4235646724700928,1.5760109424591064,1.8584007024765015,1.9457528591156006,1.9405717849731445,2.144285202026367,2.4176948070526123,2.502192497253418,2.670370578765869,2.9568796157836914,2.545816659927368,2.2316439151763916,2.4261314868927,2.6136322021484375,2.3060591220855713,2.1528236865997314,2.518007755279541,2.5738296508789062,2.2676751613616943,2.362548589706421,2.7350523471832275,2.6311380863189697,2.488746404647827,2.8353471755981445,2.8305535316467285,2.4053092002868652,2.2862296104431152,2.6152334213256836,2.6280088424682617,2.287294387817383,2.410048007965088,2.7505788803100586,2.620239019393921,2.4277100563049316,2.7360496520996094,2.982576847076416,2.798910140991211,2.861084222793579,3.241804599761963,3.185065984725952,3.3882288932800293,3.0483481884002686,3.1804654598236084,3.503592014312744,3.3245348930358887,3.1002893447875977,3.4160027503967285,3.6379590034484863,3.4089183807373047,3.377937078475952,3.769376516342163,3.8478264808654785,3.6752572059631348,3.916221857070923,4.214995861053467
A14,2.0111546516418457,1.8952691555023193,1.676735520362854,1.5231943130493164,1.4772053956985474,1.3134137392044067,1.0817227363586426,1.0190551280975342,0.943788468837738,0.720353901386261,0.5578379034996033,0.5416543483734131,0.38445621728897095,0.0,0.38667812943458557,1.196709156036377,1.117907166481018,1.017322301864624,1.3035619258880615,1.5173856019973755,1.4683443307876587,1.5287079811096191,1.811277151107788,1.966566801071167,1.9375206232070923,2.0756988525390625,2.3808536529541016,2.4905967712402344,2.60762095451355,2.8979992866516113,2.6521236896514893,2.357933521270752,2.5886359214782715,2.786637783050537,2.4904637336730957,2.3712058067321777,2.7498726844787598,2.8068020343780518,2.5292210578918457,2.6467113494873047,3.016771078109741,2.928792715072632,2.8179829120635986,3.1681714057922363,3.1587605476379395,2.736633777618408,2.594045639038086,2.9055662155151367,2.9187192916870117,2.562880754470825,2.6555113792419434,2.991597890853882,2.853808879852295,2.6261889934539795,2.9203786849975586,3.1688766479492188,2.953897476196289,2.985804557800293,3.365447998046875,3.2681450843811035,3.5119473934173584,3.192356824874878,3.3537981510162354,3.6772282123565674,3.5010156631469727,3.30649733543396,3.6357192993164062,3.85113525390625,3.6388463973999023,3.6330273151397705,4.02205228805542,4.101665019989014,3.9539003372192383,4.205204010009766,4.499340534210205
A15,2.307084321975708,2.1943552494049072,2.012322425842285,1.8372970819473267,1.746285319328308,1.6133953332901,1.4183449745178223,1.2859677076339722,1.1685489416122437,1.030804991722107,0.8721835017204285,0.6831164956092834,0.5401319861412048,0.38667812943458557,0.0,1.4338115453720093,1.3970998525619507,1.3611094951629639,1.6271144151687622,1.8302581310272217,1.8162449598312378,1.8962068557739258,2.1573901176452637,2.3185696601867676,2.312223196029663,2.4473631381988525,2.742799758911133,2.8660805225372314,2.9858767986297607,3.2675259113311768,3.003617286682129,2.707396984100342,2.9276487827301025,3.1129400730133057,2.8022053241729736,2.673753499984741,3.0445473194122314,3.0862889289855957,2.783726453781128,2.895498514175415,3.26244854927063,3.141889810562134,3.0019094944000244,3.3483405113220215,3.3342576026916504,2.8985402584075928,2.80070161819458,3.126408576965332,3.112285614013672,2.767550230026245,2.9014434814453125,3.2255241870880127,3.0623583793640137,2.864561080932617,3.181501626968384,3.4037282466888428,3.1823508739471436,3.2498228549957275,3.623279333114624,3.523181915283203,3.846343755722046,3.519261598587036,3.6578474044799805,3.990100383758545,3.823603391647339,3.6092300415039062,3.92397403717041,4.153683662414551,3.9357619285583496,3.905040979385376,4.294295787811279,4.381524085998535,4.212249279022217,4.44817590713501,4.751513957977295
B1,2.3896775245666504,2.151963710784912,1.8802512884140015,1.9641375541687012,1.9756971597671509,1.6268255710601807,1.5082597732543945,1.7314432859420776,1.5850225687026978,1.226034164428711,1.3952656984329224,1.5525873899459839,1.226742148399353,1.196709156036377,1.4338115453720093,0.0,0.37794387340545654,0.5620504021644592,0.5074851512908936,0.5779380798339844,0.8398706316947937,0.9613027572631836,0.986305832862854,1.1828807592391968,1.369566559791565,1.4523857831954956,1.5997021198272705,1.8401527404785156,2.009474277496338,2.1668596267700195,1.9854791164398193,1.8165513277053833,2.134658098220825,2.188448905944824,1.85960853099823,1.9229995012283325,2.285602331161499,2.203331470489502,2.0027544498443604,2.274381637573242,2.5510377883911133,2.428406238555908,2.4869091510772705,2.8318557739257812,2.754934549331665,2.966453790664673,2.7473340034484863,3.0510001182556152,3.205592155456543,2.8954570293426514,2.89552903175354,3.281068801879883,3.2810959815979004,3.0451748371124268,3.2526931762695312,3.591130018234253,3.471986770629883,3.419372081756592,3.803122043609619,3.7750885486602783,3.5149691104888916,3.212877035140991,3.4437143802642822,3.6797122955322266,3.404215097427368,3.264955520629883,3.6349740028381348,3.7385501861572266,3.4682397842407227,3.5513522624969482,3.938594341278076,3.902876615524292,3.7636139392852783,4.085948467254639,4.297285079956055
B2,2.057910919189453,1.7986313104629517,1.5509408712387085,1.657846212387085,1.6419178247451782,1.2788015604019165,1.2117908000946045,1.4515116214752197,1.2825990915298462,0.9421330690383911,1.1870019435882568,1.3523763418197632,1.0580008029937744,1.117907166481018,1.3970998525619507,0.37794387340545654,0.0,0.3794406056404114,0.540605366230011,0.48664590716362,0.5958849787712097,0.8356156945228577,0.9530399441719055,1.0443925857543945,1.1996809244155884,1.3797063827514648,1.5407540798187256,1.7133445739746094,1.926885962486267,2.121729612350464,1.763234257698059,1.5453715324401855,1.836197018623352,1.9181021451950073,1.5848183631896973,1.5985147953033447,1.970800518989563,1.922758936882019,1.7008193731307983,1.942621111869812,2.2439470291137695,2.141150712966919,2.173691749572754,2.5226051807403564,2.46400785446167,2.594655752182007,2.370466709136963,2.6735451221466064,2.828476667404175,2.5208241939544678,2.5220730304718018,2.908531904220581,2.9137866497039795,2.6865060329437256,2.8956377506256104,3.234182357788086,3.128983736038208,3.0860884189605713,3.4696028232574463,3.4612858295440674,3.1973302364349365,2.8819940090179443,3.096599817276001,3.339224338531494,3.0694985389709473,2.913151502609253,3.2778213024139404,3.393768072128296,3.122948169708252,3.191817283630371,3.581660270690918,3.558544158935547,3.4144749641418457,3.729421377182007,3.952193260192871
B3,1.8569248914718628,1.65078866481781,1.3482816219329834,1.424246907234192,1.4846757650375366,1.152285099029541,0.990001916885376,1.264841914176941,1.199910044670105,0.8272996544837952,0.9952346086502075,1.2581673860549927,1.0443546772003174,1.017322301864624,1.3611094951629639,0.5620504021644592,0.3794406056404114,0.0,0.37709105014801025,0.5311394333839417,0.49481475353240967,0.5803863406181335,0.816292405128479,0.9618939757347107,1.0055073499679565,1.1548268795013428,1.3995500802993774,1.5467946529388428,1.7102559804916382,1.9532161951065063,1.7289252281188965,1.4981251955032349,1.8033329248428345,1.9467101097106934,1.6579951047897339,1.655664324760437,2.040114641189575,2.0517213344573975,1.8640196323394775,2.0713982582092285,2.392441987991333,2.346383810043335,2.3746695518493652,2.720541477203369,2.6851143836975098,2.6423838138580322,2.3925325870513916,2.670100212097168,2.80940580368042,2.4777235984802246,2.4498403072357178,2.8267297744750977,2.81646728515625,2.5516161918640137,2.749844789505005,3.087514877319336,2.9519715309143066,2.88216233253479,3.264991044998169,3.2239370346069336,3.0219576358795166,2.7235734462738037,2.9595043659210205,3.213244915008545,2.961646318435669,2.83007550239563,3.20322847366333,3.3293051719665527,3.0910565853118896,3.174844980239868,3.5601348876953125,3.5612032413482666,3.4511146545410156,3.764112949371338,3.996330738067627
B4,2.1336007118225098,1.9354331493377686,1.6124998331069946,1.7184858322143555,1.8210397958755493,1.4895827770233154,1.3213183879852295,1.617163896560669,1.5754889249801636,1.202497959136963,1.3386249542236328,1.61198890209198,1.3817325830459595,1.3035619258880615,1.6271144151687622,0.5074851512908936,0.540605366230011,0.37709105014801025,0.0,0.3863726854324341,0.5477708578109741,0.4890022277832031,0.5600242018699646,0.8242608904838562,0.9316347241401672,0.9700239300727844,1.1784263849258423,1.4037957191467285,1.5351170301437378,1.7281781435012817,1.6892647743225098,1.5321660041809082,1.8774139881134033,1.9773987531661987,1.7036468982696533,1.7818821668624878,2.1500678062438965,2.1226999759674072,1.9855610132217407,2.2374489307403564,2.5202345848083496,2.476003408432007,2.562438488006592,2.8993401527404785,2.8454501628875732,2.9503064155578613,2.6824851036071777,2.9449429512023926,3.1112983226776123,2.789205312728882,2.7308857440948486,3.107809543609619,3.1231818199157715,2.8468334674835205,3.015193462371826,3.3672432899475098,3.2399017810821533,3.1378238201141357,3.513852596282959,3.468599557876587,3.163271903991699,2.889342784881592,3.155219793319702,3.3808343410491943,3.1093192100524902,3.0134198665618896,3.3967702388763428,3.4873974323272705,3.2482125759124756,3.3678715229034424,3.7446882724761963,3.7163400650024414,3.624361515045166,3.956394910812378,4.161856174468994
B5,2.125552177429199,1.8736497163772583,1.5922685861587524,1.7698782682418823,1.830423355102539,1.4655834436416626,1.3967225551605225,1.7146590948104858,1.615932583808899,1.2772233486175537,1.506818413734436,1.749192476272583,1.5023900270462036,1.5173856019973755,1.8302581310272217,0.5779380798339844,0.48664590716362,0.5311394333839417,0.3863726854324341,0.0,0.3778878152370453,0.5498647689819336,0.5073251724243164,0.6107117533683777,0.8440262675285339,0.9794396162033081,1.0785197019577026,1.291872262954712,1.5088711977005005,1.6626672744750977,1.4175128936767578,1.2749375104904175,1.6160635948181152,1.665317177772522,1.3686976432800293,1.4804152250289917,1.8343664407730103,1.769564151763916,1.6412007808685303,1.921605110168457,2.178666830062866,2.1248252391815186,2.2432851791381836,2.571859359741211,2.506669282913208,2.767916679382324,2.495063066482544,2.756640672683716,2.957212448120117,2.66290020942688,2.5969717502593994,2.9809961318969727,3.0349347591400146,2.783090591430664,2.9357969760894775,3.3015403747558594,3.217845916748047,3.1192965507507324,3.49151349067688,3.489647388458252,3.049025774002075,2.7657480239868164,3.022937536239624,3.2250990867614746,2.9293437004089355,2.8259823322296143,3.2065162658691406,3.273592472076416,3.0092689990997314,3.133864641189575,3.5092196464538574,3.452146291732788,3.3469769954681396,3.6884777545928955,3.876105785369873
B6,1.7563027143478394,1.5089218616485596,1.2224197387695312,1.423441767692566,1.5011749267578125,1.1454042196273804,1.0950040817260742,1.4435852766036987,1.382183313369751,1.0748910903930664,1.3215596675872803,1.5986932516098022,1.4235646724700928,1.4683443307876587,1.8162449598312378,0.8398706316947937,0.5958849787712097,0.49481475353240967,0.5477708578109741,0.3778878152370453,0.0,0.3932403326034546,0.5646907687187195,0.5242127776145935,0.6186190843582153,0.8760614991188049,1.040372610092163,1.1452029943466187,1.3846265077590942,1.6075319051742554,1.2360669374465942,1.021337866783142,1.3472458124160767,1.4696954488754272,1.1986571550369263,1.2443816661834717,1.6169660091400146,1.6272072792053223,1.4997538328170776,1.7253159284591675,2.0168802738189697,2.0159661769866943,2.1046195030212402,2.4317450523376465,2.397322654724121,2.4883227348327637,2.196368455886841,2.4409070014953613,2.6353538036346436,2.3330321311950684,2.2488999366760254,2.6287307739257812,2.6825082302093506,2.419539213180542,2.5646779537200928,2.9316940307617188,2.8478775024414062,2.742872953414917,3.114150047302246,3.1159090995788574,2.694955587387085,2.4060003757476807,2.6610605716705322,2.875690221786499,2.593141555786133,2.4865238666534424,2.8685765266418457,2.9530017375946045,2.7048940658569336,2.8246543407440186,3.201002597808838,3.169238328933716,3.0776729583740234,3.4112088680267334,3.615349292755127
B7,1.814255714416504,1.638054370880127,1.2952232360839844,1.4575978517532349,1.6254363059997559,1.3190447092056274,1.1675143241882324,1.5262995958328247,1.5579978227615356,1.2301656007766724,1.3774768114089966,1.7137672901153564,1.5760109424591064,1.5287079811096191,1.8962068557739258,0.9613027572631836,0.8356156945228577,0.5803863406181335,0.4890022277832031,0.5498647689819336,0.3932403326034546,0.0,0.38344284892082214,0.5294762849807739,0.47178080677986145,0.5785803198814392,0.8552320599555969,0.9864590764045715,1.129882574081421,1.3849592208862305,1.3319631814956665,1.1667134761810303,1.5135915279388428,1.6658965349197388,1.4569990634918213,1.5268980264663696,1.8844355344772339,1.9208589792251587,1.841126561164856,2.05417537689209,2.3373892307281494,2.369941473007202,2.471675157546997,2.790940761566162,2.763294219970703,2.7742795944213867,2.466301918029785,2.6833763122558594,2.866013765335083,2.5483481884002686,2.4341037273406982,2.798182249069214,2.8407888412475586,2.5414652824401855,2.665369987487793,3.0304994583129883,2.9161205291748047,2.7730648517608643,3.137617588043213,3.099071741104126,2.70949125289917,2.4553275108337402,2.744136095046997,2.955519199371338,2.686276435852051,2.623422861099243,3.012662887573242,3.0906949043273926,2.8771541118621826,3.0240702629089355,3.3881139755249023,3.3664016723632812,3.313175916671753,3.648655652999878,3.8483500480651855
B8,2.148756742477417,1.9517654180526733,1.6281670331954956,1.8235265016555786,1.979050636291504,1.6548731327056885,1.5381954908370972,1.8962819576263428,1.894614577293396,1.5600945949554443,1.7280313968658447,2.0424625873565674,1.8584007024765015,1.811277151107788,2.1573901176452637,0.986305832862854,0.9530399441719055,0.816292405128479,0.5600242018699646,0.5073251724243164,0.5646907687187195,0.38344284892082214,0.0,0.381889671087265,0.5371540188789368,0.5051814317703247,0.622114360332489,0.881283700466156,1.0332597494125366,1.1870911121368408,1.260270357131958,1.196139931678772,1.5680994987487793,1.6392134428024292,1.435322880744934,1.5966120958328247,1.9230631589889526,1.8963881731033325,1.8621106147766113,2.126662015914917,2.3593590259552,2.3779540061950684,2.538759469985962,2.8455798625946045,2.793692111968994,3.009247064590454,2.69621205329895,2.908210277557373,3.122910737991333,2.826801061630249,2.6989026069641113,3.0651612281799316,3.1397058963775635,2.8505117893218994,2.951735019683838,3.3285741806030273,3.2394306659698486,3.0824007987976074,3.438244581222534,3.4159305095672607,2.891357660293579,2.6550350189208984,2.9576504230499268,3.1325323581695557,2.836129903793335,2.7968709468841553,3.1880075931549072,3.2242274284362793,2.995602607727051,3.1707119941711426,3.5254108905792236,3.4625864028930664,3.4134790897369385,3.767099142074585,3.9341940879821777
B9,1.9961440563201904,1.765988826751709,1.4842082262039185,1.744799017906189,1.8770347833633423,1.5485317707061768,1.5156071186065674,1.8898684978485107,1.8677786588668823,1.5806467533111572,1.807363748550415,2.109715700149536,1.9457528591156006,1.966566801071167,2.3185696601867676,1.1828807592391968,1.0443925857543945,0.9618939757347107,0.8242608904838562,0.6107117533683777,0.5242127776145935,0.5294762849807739,0.381889671087265,0.0,0.3773089647293091,0.5697256922721863,0.5603191256523132,0.7015442848205566,0.9814475774765015,1.1323518753051758,0.8901869654655457,0.8266079425811768,1.1998308897018433,1.2574799060821533,1.0674349069595337,1.2476946115493774,1.55620539188385,1.5384907722473145,1.537745475769043,1.7949156761169434,2.0111660957336426,2.061018466949463,2.241975784301758,2.532486915588379,2.4882631301879883,2.7529520988464355,2.4263174533843994,2.619293689727783,2.8611061573028564,2.5900180339813232,2.4409193992614746,2.8046350479125977,2.9150309562683105,2.642317533493042,2.7191052436828613,3.1061229705810547,3.055997371673584,2.895871162414551,3.243333101272583,3.2601144313812256,2.615849256515503,2.3739097118377686,2.6706905364990234,2.8252224922180176,2.512385845184326,2.4729154109954834,2.861738443374634,2.8800535202026367,2.640157699584961,2.8240575790405273,3.1741132736206055,3.0962066650390625,3.048710823059082,3.40775990486145,3.5639359951019287
B10,1.7384018898010254,1.5621777772903442,1.249530553817749,1.5002045631408691,1.6942249536514282,1.414552092552185,1.3433164358139038,1.7273621559143066,1.7803486585617065,1.5153785943984985,1.6952223777770996,2.03743577003479,1.9405717849731445,1.9375206232070923,2.312223196029663,1.369566559791565,1.1996809244155884,1.0055073499679565,0.9316347241401672,0.8440262675285339,0.6186190843582153,0.47178080677986145,0.5371540188789368,0.3773089647293091,0.0,0.39747726917266846,0.5793694853782654,0.5616217255592346,0.790549099445343,1.0602854490280151,0.9261902570724487,0.8077830076217651,1.157736897468567,1.3194938898086548,1.1970434188842773,1.3033158779144287,1.614269733428955,1.6839033365249634,1.6906766891479492,1.882964015007019,2.1290721893310547,2.230106830596924,2.375570058822632,2.6623716354370117,2.6477606296539307,2.6999971866607666,2.357071876525879,2.52193546295166,2.742806911468506,2.45517897605896,2.2796218395233154,2.627319097518921,2.724043130874634,2.4221482276916504,2.483158826828003,2.866166114807129,2.794100522994995,2.6088578701019287,2.951686143875122,2.9449708461761475,2.356471300125122,2.1292076110839844,2.443577289581299,2.61297607421875,2.3252971172332764,2.306600332260132,2.699185609817505,2.736537218093872,2.535421371459961,2.7240874767303467,3.068044662475586,3.0258302688598633,3.0098583698272705,3.357196569442749,3.5306336879730225
B11,2.0335843563079834,1.9024689197540283,1.5641591548919678,1.768453598022461,2.002998113632202,1.7410942316055298,1.6043570041656494,1.977772831916809,2.0639266967773438,1.7665787935256958,1.8882321119308472,2.2504758834838867,2.144285202026367,2.0756988525390625,2.4473631381988525,1.4523857831954956,1.3797063827514648,1.1548268795013428,0.9700239300727844,0.9794396162033081,0.8760614991188049,0.5785803198814392,0.5051814317703247,0.5697256922721863,0.39747726917266846,0.0,0.39986860752105713,0.5274210572242737,0.5667207837104797,0.82303786277771,1.174734354019165,1.149662733078003,1.497892141342163,1.6286661624908447,1.5321416854858398,1.6807852983474731,1.972935438156128,2.018247365951538,2.0494771003723145,2.262181520462036,2.487578868865967,2.5829355716705322,2.7502076625823975,3.0349278450012207,3.0097897052764893,3.092052936553955,2.748436212539673,2.9058268070220947,3.1208598613739014,2.8268191814422607,2.643277168273926,2.9802486896514893,3.068420648574829,2.749211549758911,2.7986044883728027,3.17563796043396,3.0823168754577637,2.8729870319366455,3.2058069705963135,3.1662051677703857,2.5910284519195557,2.402740478515625,2.7389464378356934,2.893747091293335,2.6134510040283203,2.6320178508758545,3.0232396125793457,3.043619155883789,2.8629441261291504,3.0733110904693604,3.403676748275757,3.3543477058410645,3.3610591888427734,3.712477922439575,3.8713576793670654
B12,2.2844245433807373,2.1176178455352783,1.8165700435638428,2.0684993267059326,2.273275375366211,1.9896624088287354,1.9106621742248535,2.291935443878174,2.3366775512695312,2.0460736751556396,2.214003801345825,2.5555245876312256,2.4176948070526123,2.3808536529541016,2.742799758911133,1.5997021198272705,1.5407540798187256,1.3995500802993774,1.1784263849258423,1.0785197019577026,1.040372610092163,0.8552320599555969,0.622114360332489,0.5603191256523132,0.5793694853782654,0.39986860752105713,0.0,0.38160908222198486,0.5253076553344727,0.5864793658256531,0.9908533096313477,1.0876413583755493,1.4326401948928833,1.47557532787323,1.4106158018112183,1.6393846273422241,1.881531000137329,1.8764411211013794,1.9670977592468262,2.211442232131958,2.3789610862731934,2.477691173553467,2.701425313949585,2.962805986404419,2.921295642852783,3.1958250999450684,2.8462305068969727,2.990910768508911,3.2429206371307373,2.9799206256866455,2.7803187370300293,3.116039514541626,3.245983839035034,2.946948766708374,2.9691832065582275,3.3577494621276855,3.3052308559417725,3.0883138179779053,3.4084599018096924,3.403860092163086,2.6568806171417236,2.4841039180755615,2.8236913681030273,2.933330535888672,2.623061180114746,2.6627604961395264,3.0492842197418213,3.0217695236206055,2.8240740299224854,3.0623602867126465,3.3781776428222656,3.2835946083068848,3.2958905696868896,3.6632447242736816,3.7850520610809326
B13,2.0683507919311523,1.9234286546707153,1.6480165719985962,1.92622971534729,2.1486783027648926,1.9035991430282593,1.856209397315979,2.239368200302124,2.3138442039489746,2.0690042972564697,2.2405214309692383,2.5910685062408447,2.502192497253418,2.4905967712402344,2.8660805225372314,1.8401527404785156,1.7133445739746094,1.5467946529388428,1.4037957191467285,1.291872262954712,1.1452029943466187,0.9864590764045715,0.881283700466156,0.7015442848205566,0.5616217255592346,0.5274210572242737,0.38160908222198486,0.0,0.38440221548080444,0.5693441033363342,0.7969823479652405,0.8973683714866638,1.1959980726242065,1.2933298349380493,1.3087469339370728,1.5012855529785156,1.7117152214050293,1.7727943658828735,1.8976894617080688,2.088273763656616,2.2547659873962402,2.410898208618164,2.6244614124298096,2.866483688354492,2.8502609729766846,3.022022247314453,2.6567234992980957,2.7621190547943115,3.018267869949341,2.7688863277435303,2.535395860671997,2.84962797164917,2.998464584350586,2.6960623264312744,2.682206392288208,3.070645809173584,3.0348715782165527,2.7960846424102783,3.0991203784942627,3.1079580783843994,2.2907683849334717,2.1367433071136475,2.4862618446350098,2.580871343612671,2.2763984203338623,2.3424386978149414,2.7250916957855225,2.6896839141845703,2.5166335105895996,2.770195245742798,3.0714151859283447,2.987990617752075,3.029672384262085,3.391404390335083,3.512620687484741
