,A1,A2,A3,A4,A5,A6,A7,A8,A9,A10,A11,A12,A13,A14,A15,B1,B2,B3,B4,B5,B6,B7,B8,B9,B10,B11,B12,B13,B14,B15,C1,C2,C3,C4,C5,C6,C7,C8,C9,C10,C11,C12,C13,C14,C15,D1,D2,D3,D4,D5,D6,D7,D8,D9,D10,D11,D12,D13,D14,D15,E1,E2,E3,E4,E5,E6,E7,E8,E9,E10,E11,E12,E13,E14,E15
A1,0.0,0.3933125436306,0.6260401010513306,0.950427234172821,1.2277957201004028,1.5645471811294556,1.7952462434768677,2.1408627033233643,2.4791810512542725,2.462571620941162,2.7829973697662354,2.631943941116333,2.2916972637176514,2.265855312347412,1.9027245044708252,0.7407597303390503,0.8986662030220032,1.0263981819152832,1.2424379587173462,1.4722514152526855,1.7654951810836792,1.9998409748077393,2.3174874782562256,2.663524627685547,2.6408984661102295,2.9704577922821045,2.8603010177612305,2.566132068634033,2.5963492393493652,2.300302028656006,1.5448533296585083,1.6237355470657349,1.61778724193573,1.7354991436004639,1.8565009832382202,2.0920913219451904,2.2856853008270264,2.5668723583221436,2.9059293270111084,2.8818399906158447,3.207796096801758,3.1333866119384766,2.8862993717193604,2.948180675506592,2.7155027389526367,2.146718978881836,2.225224256515503,2.170363426208496,2.2600512504577637,2.310015916824341,2.5072271823883057,2.6498093605041504,2.898771286010742,3.212738275527954,3.199760675430298,3.5090856552124023,3.461683750152588,3.2752480506896973,3.3752341270446777,3.232710599899292,2.8667078018188477,2.942305564880371,2.8028831481933594,2.8703360557556152,2.855266809463501,3.020179510116577,3.117729425430298,3.3117992877960205,3.6244983673095703,3.659783363342285,3.947643280029297,3.968296527862549,3.8703527450561523,4.007941246032715,3.996225118637085
A2,0.3933125436306,0.0,0.38401713967323303,0.6111487150192261,0.9407275319099426,1.2508007287979126,1.5108654499053955,1.8492474555969238,2.190757989883423,2.214709997177124,2.546142816543579,2.427316188812256,2.098849058151245,2.1216413974761963,1.7529139518737793,0.7025659680366516,0.70693039894104,0.7535187005996704,0.8906146883964539,1.1310250759124756,1.4002470970153809,1.6642361879348755,1.976448655128479,2.335277557373047,2.3464667797088623,2.6930649280548096,2.615198850631714,2.3355164527893066,2.4118218421936035,2.122978925704956,1.4358464479446411,1.4390792846679688,1.3725417852401733,1.4276576042175293,1.5260875225067139,1.730293869972229,1.9388506412506104,2.208889961242676,2.5609400272369385,2.565873146057129,2.9079718589782715,2.8649749755859375,2.6339025497436523,2.737279176712036,2.5171425342559814,2.0176327228546143,2.043095827102661,1.9393229484558105,1.9813796281814575,1.9998846054077148,2.1647331714630127,2.3099262714385986,2.541886806488037,2.8657889366149902,2.877880573272705,3.19926381111145,3.1818203926086426,3.013463258743286,3.1494433879852295,3.022315263748169,2.7191295623779297,2.753981828689575,2.5791826248168945,2.6102101802825928,2.5648486614227295,2.7005951404571533,2.792623281478882,2.965510129928589,3.282244920730591,3.3388519287109375,3.6295711994171143,3.6757194995880127,3.597388982772827,3.760457992553711,3.769765615463257
A3,0.6260401010513306,0.38401713967323303,0.0,0.37748926877975464,0.6039218306541443,0.9523560404777527,1.1712100505828857,1.521064043045044,1.8552861213684082,1.853679895401001,2.183957815170288,2.0650346279144287,1.7424591779708862,1.7817847728729248,1.4261142015457153,0.7342355251312256,0.7916089296340942,0.6534945964813232,0.803462028503418,0.9180036783218384,1.1926337480545044,1.3971787691116333,1.7032617330551147,2.0471091270446777,2.0307629108428955,2.3691186904907227,2.291712760925293,2.026287317276001,2.1135661602020264,1.8571357727050781,1.4482544660568237,1.4824367761611938,1.3264696598052979,1.3932521343231201,1.399637222290039,1.5969001054763794,1.739537239074707,1.9934581518173218,2.322002410888672,2.2987043857574463,2.6236305236816406,2.579963207244873,2.3680527210235596,2.4745445251464844,2.2902567386627197,2.012375831604004,2.0606656074523926,1.899501919746399,1.9574342966079712,1.9115537405014038,2.0735878944396973,2.158383369445801,2.3740971088409424,2.667293071746826,2.6542656421661377,2.952134847640991,2.9318320751190186,2.7846429347991943,2.9172751903533936,2.8259782791137695,2.695082426071167,2.7452900409698486,2.532233715057373,2.5815768241882324,2.489910840988159,2.6307384967803955,2.6712353229522705,2.832519769668579,3.119847536087036,3.153221368789673,3.4172749519348145,3.453500986099243,3.3927111625671387,3.53963041305542,3.5728046894073486
A4,0.950427234172821,0.6111487150192261,0.37748926877975464,0.0,0.3781386911869049,0.6418931484222412,0.9272438883781433,1.247460126876831,1.597061276435852,1.6592481136322021,2.008521318435669,1.9485381841659546,1.6596453189849854,1.7733784914016724,1.4378011226654053,0.9980228543281555,0.9237244725227356,0.6824906468391418,0.6428369879722595,0.6876866221427917,0.8773841857910156,1.1197192668914795,1.3961857557296753,1.7634618282318115,1.800752878189087,2.1620686054229736,2.141111373901367,1.9119170904159546,2.064818859100342,1.8387174606323242,1.5691537857055664,1.5243499279022217,1.300676703453064,1.271119236946106,1.214106559753418,1.3353973627090454,1.4806246757507324,1.6965378522872925,2.040750741958618,2.0609514713287354,2.402885675430298,2.4110004901885986,2.2345895767211914,2.3966610431671143,2.243290901184082,2.0811166763305664,2.0713794231414795,1.8563544750213623,1.8496209383010864,1.7498199939727783,1.851796269416809,1.925531029701233,2.1007168292999268,2.4007201194763184,2.424027681350708,2.730684518814087,2.7564172744750977,2.643986225128174,2.821820020675659,2.7598512172698975,2.7222228050231934,2.727037191390991,2.476026773452759,2.479166269302368,2.3442602157592773,2.4393551349639893,2.463174343109131,2.584853172302246,2.870424747467041,2.9329729080200195,3.192274332046509,3.264143943786621,3.2363288402557373,3.4119114875793457,3.476710081100464
A5,1.2277957201004028,0.9407275319099426,0.6039218306541443,0.3781386911869049,0.0,0.3757879137992859,0.5737170577049255,0.9187116026878357,1.2565321922302246,1.290041446685791,1.6405322551727295,1.5882554054260254,1.3160003423690796,1.466191053390503,1.1658915281295776,1.1683121919631958,1.1387014389038086,0.8078157901763916,0.7730221152305603,0.6133899092674255,0.7620652318000793,0.8853106498718262,1.1419665813446045,1.4830070734024048,1.4851853847503662,1.8362789154052734,1.8214662075042725,1.6180669069290161,1.791795015335083,1.6164357662200928,1.663428783416748,1.64882230758667,1.360655665397644,1.3452235460281372,1.1864591836929321,1.2854524850845337,1.3321412801742554,1.5166314840316772,1.8216530084609985,1.8060345649719238,2.12359881401062,2.1339218616485596,1.9862490892410278,2.1546294689178467,2.049330711364746,2.1308541297912598,2.142988681793213,1.8816490173339844,1.8920716047286987,1.7278379201889038,1.822066307067871,1.8202955722808838,1.9702898263931274,2.225804328918457,2.21821665763855,2.49303936958313,2.516599178314209,2.431941032409668,2.6060147285461426,2.5867743492126465,2.7326011657714844,2.752357244491577,2.4696295261383057,2.492098808288574,2.312655210494995,2.411543607711792,2.3771071434020996,2.483652353286743,2.730137825012207,2.764519214630127,2.9904239177703857,3.0505239963531494,3.043210744857788,3.1999683380126953,3.2911691665649414
A6,1.5645471811294556,1.2508007287979126,0.9523560404777527,0.6418931484222412,0.3757879137992859,0.0,0.37357714772224426,0.6147667169570923,0.9828543066978455,1.1067843437194824,1.476605772972107,1.514840841293335,1.314002275466919,1.5497312545776367,1.3113378286361694,1.5186657905578613,1.4366401433944702,1.08893620967865,0.9398313760757446,0.6887139678001404,0.6280480027198792,0.7143316864967346,0.8664542436599731,1.2251343727111816,1.294289469718933,1.661250114440918,1.72743821144104,1.5923092365264893,1.8363723754882812,1.720139980316162,1.9313247203826904,1.8681153059005737,1.5419059991836548,1.4496005773544312,1.2190721035003662,1.2051770687103271,1.2078635692596436,1.304351568222046,1.6031972169876099,1.6338013410568237,1.9529356956481934,2.031268358230591,1.9440990686416626,2.1684210300445557,2.1151790618896484,2.343806743621826,2.3143093585968018,2.0121710300445557,1.9672000408172607,1.7436541318893433,1.7629292011260986,1.722618579864502,1.8026567697525024,2.0420076847076416,2.0699431896209717,2.3357293605804443,2.4144434928894043,2.382842540740967,2.5989956855773926,2.624037981033325,2.8924899101257324,2.8763985633850098,2.561573028564453,2.5442287921905518,2.3174960613250732,2.3652279376983643,2.2964417934417725,2.347407817840576,2.57319974899292,2.632821559906006,2.8364903926849365,2.9335787296295166,2.9712724685668945,3.1494412422180176,3.2808728218078613
A7,1.7952462434768677,1.5108654499053955,1.1712100505828857,0.9272438883781433,0.5737170577049255,0.37357714772224426,0.0,0.38382381200790405,0.6841747164726257,0.745590090751648,1.1099917888641357,1.143968105316162,0.9674550294876099,1.2420356273651123,1.065017580986023,1.6421233415603638,1.5937875509262085,1.2155022621154785,1.1102651357650757,0.7714412808418274,0.709648847579956,0.5840306282043457,0.7026262879371643,0.9863417744636536,0.9807409644126892,1.3277554512023926,1.385140061378479,1.2764990329742432,1.53517746925354,1.4766309261322021,1.9676932096481323,1.9384607076644897,1.5810775756835938,1.5247809886932373,1.234068751335144,1.226718783378601,1.1163392066955566,1.1892733573913574,1.4187402725219727,1.3849719762802124,1.6668444871902466,1.7301015853881836,1.6671581268310547,1.886879801750183,1.8808691501617432,2.3267173767089844,2.3243870735168457,1.9969203472137451,1.98340904712677,1.7198485136032104,1.7513681650161743,1.6363645792007446,1.7052443027496338,1.8852177858352661,1.8619745969772339,2.0874183177948,2.1473171710968018,2.135366439819336,2.3363609313964844,2.3985352516174316,2.8276326656341553,2.8325507640838623,2.500209331512451,2.512598991394043,2.258058547973633,2.3236312866210938,2.201730251312256,2.252717971801758,2.4338817596435547,2.450397491455078,2.620129108428955,2.6913509368896484,2.7386391162872314,2.8899946212768555,3.038740634918213
A8,2.1408627033233643,1.8492474555969238,1.521064043045044,1.247460126876831,0.9187116026878357,0.6147667169570923,0.38382381200790405,0.0,0.39546191692352295,0.6030468344688416,0.9689196944236755,1.1375147104263306,1.0846644639968872,1.4233901500701904,1.3334481716156006,2.022935390472412,1.9576873779296875,1.5795646905899048,1.4298357963562012,1.0813864469528198,0.8994272351264954,0.7135216593742371,0.607122004032135,0.8256891965866089,0.8870910406112671,1.2133363485336304,1.375915765762329,1.3715471029281616,1.6821473836898804,1.699002981185913,2.3209362030029297,2.2684097290039062,1.8972746133804321,1.7981363534927368,1.4725569486618042,1.3760546445846558,1.2100669145584106,1.1584320068359375,1.329801321029663,1.3323675394058228,1.5791693925857544,1.7195345163345337,1.7401212453842163,2.000807046890259,2.0591609477996826,2.6418771743774414,2.616302728652954,2.266357898712158,2.216794967651367,1.9124447107315063,1.8788630962371826,1.7171751260757446,1.7010838985443115,1.8327487707138062,1.8351637125015259,2.023167133331299,2.1391000747680664,2.193903684616089,2.42370867729187,2.5387513637542725,3.0944292545318604,3.0767014026641846,2.723314046859741,2.708341598510742,2.4158146381378174,2.436065912246704,2.273216724395752,2.2633473873138428,2.402768135070801,2.433934211730957,2.5608229637145996,2.6633899211883545,2.7629809379577637,2.9226419925689697,3.1153087615966797
A9,2.4791810512542725,2.190757989883423,1.8552861213684082,1.597061276435852,1.2565321922302246,0.9828543066978455,0.6841747164726257,0.39546191692352295,0.0,0.3709302544593811,0.6507211923599243,0.912128746509552,0.9786853194236755,1.352960467338562,1.3611005544662476,2.28182315826416,2.2152585983276367,1.828478455543518,1.6827229261398315,1.3066563606262207,1.1083555221557617,0.811220645904541,0.5918017029762268,0.5923489332199097,0.6055001616477966,0.8719735741615295,1.099817156791687,1.190963864326477,1.533535361289978,1.6330111026763916,2.4771111011505127,2.428786039352417,2.041410446166992,1.9465841054916382,1.5847808122634888,1.4637384414672852,1.2054622173309326,1.0819154977798462,1.1338101625442505,1.0922225713729858,1.2714842557907104,1.442765712738037,1.533521056175232,1.811011552810669,1.9377306699752808,2.724362850189209,2.700425386428833,2.330164670944214,2.2844350337982178,1.9445282220840454,1.892632007598877,1.6598176956176758,1.5978765487670898,1.6459754705429077,1.6142897605895996,1.742745280265808,1.8710157871246338,1.9764209985733032,2.209170341491699,2.376730442047119,3.1010286808013916,3.0827534198760986,2.7130701541900635,2.7048566341400146,2.3812975883483887,2.3936517238616943,2.175196647644043,2.1396608352661133,2.218200445175171,2.217984914779663,2.2952585220336914,2.3904778957366943,2.5213515758514404,2.6656689643859863,2.8908493518829346
A10,2.462571620941162,2.214709997177124,1.853679895401001,1.6592481136322021,1.290041446685791,1.1067843437194824,0.745590090751648,0.6030468344688416,0.3709302544593811,0.0,0.3809278905391693,0.5761017203330994,0.6711639761924744,1.0447325706481934,1.1181787252426147,2.22298526763916,2.210695266723633,1.8264579772949219,1.7528164386749268,1.376273512840271,1.2733145952224731,0.9481738209724426,0.8485163450241089,0.80246502161026,0.6191406846046448,0.7970806956291199,0.916168749332428,0.996879518032074,1.2927868366241455,1.4305927753448486,2.412341594696045,2.4198780059814453,2.040677070617676,2.012809991836548,1.6617541313171387,1.617538332939148,1.34059739112854,1.288360595703125,1.3037149906158447,1.1538524627685547,1.2741165161132812,1.3515170812606812,1.4199893474578857,1.6356333494186401,1.779706597328186,2.655535936355591,2.6823267936706543,2.3251044750213623,2.3388664722442627,2.0156075954437256,2.0257766246795654,1.7791972160339355,1.7700419425964355,1.7907918691635132,1.6822147369384766,1.7727630138397217,1.8254902362823486,1.9061812162399292,2.080479145050049,2.253847122192383,3.031466484069824,3.0582220554351807,2.7006630897521973,2.7447092533111572,2.437614917755127,2.501441717147827,2.274066209793091,2.283977508544922,2.345996379852295,2.287616491317749,2.350022315979004,2.3847174644470215,2.4864821434020996,2.580362319946289,2.7903594970703125
A11,2.7829973697662354,2.546142816543579,2.183957815170288,2.008521318435669,1.6405322551727295,1.476605772972107,1.1099917888641357,0.9689196944236755,0.6507211923599243,0.3809278905391693,0.0,0.4032234847545624,0.6957358717918396,1.0358082056045532,1.2252061367034912,2.484600782394409,2.4806249141693115,2.101581335067749,2.04306960105896,1.6645175218582153,1.5682984590530396,1.2092937231063843,1.0872434377670288,0.9028949737548828,0.6294056177139282,0.5969452261924744,0.712870717048645,0.912102222442627,1.1907179355621338,1.4241127967834473,2.5898311138153076,2.61263370513916,2.2345151901245117,2.2246265411376953,1.8650262355804443,1.8223520517349243,1.4978289604187012,1.4196664094924927,1.32892644405365,1.1096142530441284,1.110097885131836,1.16457998752594,1.2994626760482788,1.4916725158691406,1.7093077898025513,2.7659425735473633,2.8064053058624268,2.446047782897949,2.4775521755218506,2.142554998397827,2.1546506881713867,1.8614168167114258,1.8329918384552002,1.7734172344207764,1.6096090078353882,1.6180200576782227,1.645442008972168,1.7655577659606934,1.911263346672058,2.136122226715088,3.0684711933135986,3.1072545051574707,2.747356414794922,2.811203718185425,2.491628408432007,2.562420606613159,2.2936620712280273,2.2966766357421875,2.298258066177368,2.1912429332733154,2.1981616020202637,2.1986770629882812,2.3171002864837646,2.372292995452881,2.6054179668426514
A12,2.631943941116333,2.427316188812256,2.0650346279144287,1.9485381841659546,1.5882554054260254,1.514840841293335,1.143968105316162,1.1375147104263306,0.912128746509552,0.5761017203330994,0.4032234847545624,0.0,0.3709893822669983,0.6515191793441772,0.9019140005111694,2.268148422241211,2.300539255142212,1.94021737575531,1.9451597929000854,1.589207649230957,1.583754539489746,1.2341665029525757,1.2337663173675537,1.0991358757019043,0.7515733242034912,0.7170608043670654,0.582619309425354,0.661227822303772,0.850959837436676,1.0942111015319824,2.334780693054199,2.404348850250244,2.046795606613159,2.100398063659668,1.7702733278274536,1.8085368871688843,1.4990801811218262,1.5175988674163818,1.4536372423171997,1.1686679124832153,1.1760761737823486,1.0884642601013184,1.126692771911621,1.232909917831421,1.4266051054000854,2.4995009899139404,2.5847411155700684,2.2480480670928955,2.337153673171997,2.0363142490386963,2.1176917552948,1.8414901494979858,1.8910796642303467,1.8513630628585815,1.632027268409729,1.6534432172775269,1.5843461751937866,1.6287702322006226,1.7087265253067017,1.9001096487045288,2.8062920570373535,2.886971950531006,2.5488576889038086,2.6628334522247314,2.376678466796875,2.5045838356018066,2.255171537399292,2.323021411895752,2.3443050384521484,2.1957478523254395,2.2306466102600098,2.1707763671875,2.2257297039031982,2.242612600326538,2.429509162902832
A13,2.2916972637176514,2.098849058151245,1.7424591779708862,1.6596453189849854,1.3160003423690796,1.314002275466919,0.9674550294876099,1.0846644639968872,0.9786853194236755,0.6711639761924744,0.6957358717918396,0.3709893822669983,0.0,0.37809717655181885,0.5375811457633972,1.9036056995391846,1.9512183666229248,1.6010712385177612,1.6447161436080933,1.3132658004760742,1.3810957670211792,1.0727345943450928,1.1842719316482544,1.1552435159683228,0.8324971199035645,0.9262143969535828,0.7233036756515503,0.5886841416358948,0.7240977883338928,0.8478734493255615,1.9903360605239868,2.0796608924865723,1.7346744537353516,1.822964072227478,1.5237759351730347,1.6240460872650146,1.363906979560852,1.4699102640151978,1.4902435541152954,1.2205687761306763,1.3197420835494995,1.1870059967041016,1.1072438955307007,1.1839655637741089,1.2782970666885376,2.1966116428375244,2.299943208694458,1.9810676574707031,2.096964120864868,1.830901026725769,1.960179090499878,1.7328782081604004,1.8488945960998535,1.8782966136932373,1.6697536706924438,1.7629657983779907,1.6657015085220337,1.6315829753875732,1.7011964321136475,1.8191059827804565,2.56504225730896,2.66131329536438,2.3393867015838623,2.4700076580047607,2.2172691822052,2.3772852420806885,2.174144744873047,2.288820505142212,2.367154359817505,2.2326555252075195,2.3282687664031982,2.26444935798645,2.269038200378418,2.3008956909179688,2.4386677742004395
A14,2.265855312347412,2.1216413974761963,1.7817847728729248,1.7733784914016724,1.466191053390503,1.5497312545776367,1.2420356273651123,1.4233901500701904,1.352960467338562,1.0447325706481934,1.0358082056045532,0.6515191793441772,0.37809717655181885,0.0,0.3822145164012909,1.814563512802124,1.9121832847595215,1.6056057214736938,1.7249749898910522,1.4479094743728638,1.5973892211914062,1.3304924964904785,1.5056965351104736,1.4901463985443115,1.159633994102478,1.211561679840088,0.9083367586135864,0.6792140007019043,0.5918177366256714,0.6719762682914734,1.852156639099121,2.003854513168335,1.7020564079284668,1.8641401529312134,1.6191834211349487,1.7928118705749512,1.5652867555618286,1.7328157424926758,1.7577660083770752,1.4607386589050293,1.5387135744094849,1.3139779567718506,1.1548222303390503,1.1080974340438843,1.1500526666641235,2.0395188331604004,2.2006897926330566,1.924045205116272,2.1048717498779297,1.8903918266296387,2.0826447010040283,1.8813016414642334,2.053483247756958,2.0874648094177246,1.8425089120864868,1.9289671182632446,1.7560310363769531,1.6554490327835083,1.6437344551086426,1.7151334285736084,2.4051363468170166,2.55275559425354,2.266420602798462,2.4518420696258545,2.2442963123321533,2.4563887119293213,2.2765135765075684,2.442941904067993,2.527789354324341,2.35817813873291,2.4656693935394287,2.348980665206909,2.297255516052246,2.2848780155181885,2.370967388153076
A15,1.9027245044708252,1.7529139518737793,1.4261142015457153,1.4378011226654053,1.1658915281295776,1.3113378286361694,1.065017580986023,1.3334481716156006,1.3611005544662476,1.1181787252426147,1.2252061367034912,0.9019140005111694,0.5375811457633972,0.3822145164012909,0.0,1.4373295307159424,1.532836675643921,1.2306240797042847,1.3772355318069458,1.1366469860076904,1.3485586643218994,1.151577353477478,1.4063957929611206,1.485482096672058,1.2159926891326904,1.3715165853500366,1.109979271888733,0.8077518343925476,0.7650299072265625,0.6378797888755798,1.5246660709381104,1.6751117706298828,1.3797359466552734,1.5577483177185059,1.3490670919418335,1.5669350624084473,1.4073206186294556,1.6349462270736694,1.7428197860717773,1.4971061944961548,1.6625714302062988,1.4656696319580078,1.2492961883544922,1.2394036054611206,1.1714447736740112,1.7859187126159668,1.9410430192947388,1.6765694618225098,1.8588051795959473,1.6776823997497559,1.8947886228561401,1.7536753416061401,1.966946005821228,2.0725252628326416,1.8708053827285767,2.029614210128784,1.8800684213638306,1.738782525062561,1.762742519378662,1.765724539756775,2.23903489112854,2.37678861618042,2.1005568504333496,2.2742323875427246,2.094306707382202,2.313302516937256,2.1852965354919434,2.3737497329711914,2.516859531402588,2.3878512382507324,2.550935983657837,2.4644479751586914,2.39224910736084,2.4239320755004883,2.4815938472747803
B1,0.7407597303390503,0.7025659680366516,0.7342355251312256,0.9980228543281555,1.1683121919631958,1.5186657905578613,1.6421233415603638,2.022935390472412,2.28182315826416,2.22298526763916,2.484600782394409,2.268148422241211,1.9036056995391846,1.814563512802124,1.4373295307159424,0.0,0.3845151364803314,0.5627033114433289,0.9133731722831726,1.1425384283065796,1.5127954483032227,1.6884396076202393,2.0588648319244385,2.350252628326416,2.275082588195801,2.568946123123169,2.392822027206421,2.054699659347534,2.031205892562866,1.6896475553512573,0.8293182849884033,0.9813909530639648,0.9886792302131653,1.219781756401062,1.3710072040557861,1.6939418315887451,1.8627924919128418,2.202437162399292,2.5061423778533936,2.4321036338806152,2.7399063110351562,2.60402250289917,2.3097245693206787,2.328657388687134,2.053502321243286,1.4308089017868042,1.5529934167861938,1.5065793991088867,1.670440435409546,1.749140977859497,2.018746852874756,2.1510889530181885,2.455615758895874,2.7480878829956055,2.686638593673706,2.989309549331665,2.8885271549224854,2.6572425365448,2.7235896587371826,2.5449914932250977,2.1487884521484375,2.253837823867798,2.1211724281311035,2.239853858947754,2.2468173503875732,2.4674930572509766,2.562706232070923,2.808427333831787,3.11016845703125,3.1018712520599365,3.3982551097869873,3.377577543258667,3.2382164001464844,3.357377290725708,3.312096118927002
B2,0.8986662030220032,0.70693039894104,0.7916089296340942,0.9237244725227356,1.1387014389038086,1.4366401433944702,1.5937875509262085,1.9576873779296875,2.2152585983276367,2.210695266723633,2.4806249141693115,2.300539255142212,1.9512183666229248,1.9121832847595215,1.532836675643921,0.3845151364803314,0.0,0.38767048716545105,0.6436723470687866,0.957638144493103,1.3034533262252808,1.5320931673049927,1.901682734489441,2.2072930335998535,2.181321859359741,2.4950056076049805,2.353680372238159,2.026005506515503,2.050872802734375,1.7041953802108765,0.7476979494094849,0.7397439479827881,0.738274097442627,0.8983945250511169,1.1032484769821167,1.4115402698516846,1.6363013982772827,1.9800729751586914,2.307420492172241,2.278797149658203,2.613079786300659,2.510680675506592,2.222562789916992,2.2881054878234863,2.0064961910247803,1.3153040409088135,1.3441522121429443,1.2766700983047485,1.3754175901412964,1.468801736831665,1.7150192260742188,1.8911161422729492,2.194591522216797,2.5155603885650635,2.493929862976074,2.8245019912719727,2.7567005157470703,2.5310614109039307,2.640937328338623,2.4566152095794678,2.0166194438934326,2.0589852333068848,1.9096919298171997,1.9741824865341187,1.9799411296844482,2.170304298400879,2.294772148132324,2.530611991882324,2.855678081512451,2.8826262950897217,3.2002363204956055,3.212019443511963,3.081552267074585,3.239704132080078,3.2020535469055176
B3,1.0263981819152832,0.7535187005996704,0.6534945964813232,0.6824906468391418,0.8078157901763916,1.08893620967865,1.2155022621154785,1.5795646905899048,1.828478455543518,1.8264579772949219,2.101581335067749,1.94021737575531,1.6010712385177612,1.6056057214736938,1.2306240797042847,0.5627033114433289,0.38767048716545105,0.0,0.3730287253856659,0.5936554074287415,0.9607701897621155,1.160216212272644,1.5313934087753296,1.8357863426208496,1.8064196109771729,2.1280527114868164,2.006793260574341,1.6967477798461914,1.7636566162109375,1.4481496810913086,0.8914206027984619,0.868999719619751,0.6730345487594604,0.7849980592727661,0.8543733954429626,1.1469817161560059,1.3230159282684326,1.6532275676727295,1.9749259948730469,1.9391283988952637,2.273961305618286,2.1917223930358887,1.9295002222061157,2.0280380249023438,1.7890712022781372,1.4025981426239014,1.4210996627807617,1.2461580038070679,1.3212796449661255,1.3098461627960205,1.5293476581573486,1.6463115215301514,1.9250000715255737,2.2292606830596924,2.2013957500457764,2.522050619125366,2.4725077152252197,2.2792115211486816,2.411792516708374,2.2748661041259766,2.0633020401000977,2.0956482887268066,1.8803939819335938,1.936242699623108,1.8667128086090088,2.0393073558807373,2.1064343452453613,2.314927339553833,2.6180312633514404,2.6390581130981445,2.9347012042999268,2.9555866718292236,2.856801748275757,3.016669750213623,3.0182547569274902
B4,1.2424379587173462,0.8906146883964539,0.803462028503418,0.6428369879722595,0.7730221152305603,0.9398313760757446,1.1102651357650757,1.4298357963562012,1.6827229261398315,1.7528164386749268,2.04306960105896,1.9451597929000854,1.6447161436080933,1.7249749898910522,1.3772355318069458,0.9133731722831726,0.6436723470687866,0.3730287253856659,0.0,0.38471370935440063,0.6719545125961304,0.9523097276687622,1.3002947568893433,1.6312065124511719,1.6722019910812378,2.0201075077056885,1.9628407955169678,1.6929830312728882,1.8331173658370972,1.5520139932632446,1.1214699745178223,0.9742114543914795,0.7128806114196777,0.6289651989936829,0.6432957053184509,0.8517410755157471,1.0820751190185547,1.3877884149551392,1.7425189018249512,1.7699426412582397,2.1327285766601562,2.111560106277466,1.8861716985702515,2.051403284072876,1.8425675630569458,1.5449786186218262,1.4735373258590698,1.24277663230896,1.209577202796936,1.143032431602478,1.284877061843872,1.4203709363937378,1.663735032081604,1.9952694177627563,2.0217161178588867,2.3646745681762695,2.3713483810424805,2.2129428386688232,2.4024038314819336,2.291137933731079,2.144697904586792,2.1116113662719727,1.8590819835662842,1.8435150384902954,1.7308094501495361,1.8416824340820312,1.909177303314209,2.0759246349334717,2.3930420875549316,2.4589414596557617,2.7611000537872314,2.828425407409668,2.7632179260253906,2.963473081588745,2.9957218170166016
B5,1.4722514152526855,1.1310250759124756,0.9180036783218384,0.6876866221427917,0.6133899092674255,0.6887139678001404,0.7714412808418274,1.0813864469528198,1.3066563606262207,1.376273512840271,1.6645175218582153,1.589207649230957,1.3132658004760742,1.4479094743728638,1.1366469860076904,1.1425384283065796,0.957638144493103,0.5936554074287415,0.38471370935440063,0.0,0.3821941614151001,0.583143413066864,0.944692850112915,1.2680848836898804,1.296927571296692,1.6512751579284668,1.6168402433395386,1.3767199516296387,1.5653382539749146,1.3401535749435425,1.3196581602096558,1.2110862731933594,0.8641548156738281,0.7751134037971497,0.5739263296127319,0.7135732769966125,0.8225480914115906,1.1013619899749756,1.436803936958313,1.4436768293380737,1.8003246784210205,1.7991743087768555,1.6101611852645874,1.807171106338501,1.657304048538208,1.682373046875,1.6282926797866821,1.3285173177719116,1.2966622114181519,1.117077112197876,1.2215046882629395,1.2546007633209229,1.4582701921463013,1.7518680095672607,1.7584867477416992,2.0793442726135254,2.1006178855895996,1.9817429780960083,2.186722755432129,2.131385087966919,2.2246909141540527,2.198319435119629,1.8979254961013794,1.8908230066299438,1.7063536643981934,1.8039997816085815,1.7935872077941895,1.928460955619812,2.2055258750915527,2.252119541168213,2.5205979347229004,2.5890884399414062,2.557180643081665,2.749098062515259,2.8210599422454834
B6,1.7654951810836792,1.4002470970153809,1.1926337480545044,0.8773841857910156,0.7620652318000793,0.6280480027198792,0.709648847579956,0.8994272351264954,1.1083555221557617,1.2733145952224731,1.5682984590530396,1.583754539489746,1.3810957670211792,1.5973892211914062,1.3485586643218994,1.5127954483032227,1.3034533262252808,0.9607701897621155,0.6719545125961304,0.3821941614151001,0.0,0.379739910364151,0.6503351330757141,1.0114128589630127,1.1392825841903687,1.5152021646499634,1.5739221572875977,1.4115878343582153,1.677207350730896,1.52054762840271,1.6589308977127075,1.5017004013061523,1.144124984741211,0.9510844945907593,0.6672310829162598,0.5786848664283752,0.6504004001617432,0.8244531750679016,1.1880375146865845,1.2733420133590698,1.6463261842727661,1.7303217649459839,1.611917495727539,1.8768168687820435,1.786503791809082,1.9597867727279663,1.8552356958389282,1.5212011337280273,1.4086934328079224,1.1557682752609253,1.1389042139053345,1.1313912868499756,1.2431775331497192,1.538604736328125,1.6043533086776733,1.9278507232666016,2.0210440158843994,1.9639911651611328,2.2230188846588135,2.216257333755493,2.433320999145508,2.360800266265869,2.0291457176208496,1.9644569158554077,1.7237677574157715,1.7461363077163696,1.6996698379516602,1.7615433931350708,2.025574207305908,2.1140029430389404,2.3653998374938965,2.4846012592315674,2.5049169063568115,2.7282590866088867,2.844787120819092
B7,1.9998409748077393,1.6642361879348755,1.3971787691116333,1.1197192668914795,0.8853106498718262,0.7143316864967346,0.5840306282043457,0.7135216593742371,0.811220645904541,0.9481738209724426,1.2092937231063843,1.2341665029525757,1.0727345943450928,1.3304924964904785,1.151577353477478,1.6884396076202393,1.5320931673049927,1.160216212272644,0.9523097276687622,0.583143413066864,0.379739910364151,0.0,0.38256266713142395,0.6862611770629883,0.7629347443580627,1.1387966871261597,1.2072793245315552,1.0819907188415527,1.386701226234436,1.2999238967895508,1.775834083557129,1.6648268699645996,1.2773370742797852,1.140520453453064,0.7827461957931519,0.6935783624649048,0.5338076949119568,0.6512276530265808,0.9376593232154846,0.9561732411384583,1.308948278427124,1.3947921991348267,1.313057780265808,1.595043420791626,1.567191243171692,2.0197415351867676,1.9485509395599365,1.5840308666229248,1.5102657079696655,1.1990159749984741,1.186390995979309,1.056234359741211,1.1346259117126465,1.3511029481887817,1.360015630722046,1.6433850526809692,1.7294172048568726,1.7056820392608643,1.9620628356933594,2.007174253463745,2.4354934692382812,2.3858232498168945,2.029705286026001,1.9980238676071167,1.714624285697937,1.7513896226882935,1.625959873199463,1.6754238605499268,1.8795421123504639,1.9203819036483765,2.1298301219940186,2.2282378673553467,2.2696022987365723,2.469205141067505,2.61487078666687
B8,2.3174874782562256,1.976448655128479,1.7032617330551147,1.3961857557296753,1.1419665813446045,0.8664542436599731,0.7026262879371643,0.607122004032135,0.5918017029762268,0.8485163450241089,1.0872434377670288,1.2337663173675537,1.1842719316482544,1.5056965351104736,1.4063957929611206,2.0588648319244385,1.901682734489441,1.5313934087753296,1.3002947568893433,0.944692850112915,0.6503351330757141,0.38256266713142395,0.0,0.39545074105262756,0.6260880827903748,0.9959138631820679,1.1915764808654785,1.1867648363113403,1.5444180965423584,1.542672872543335,2.151789426803589,2.026860475540161,1.6389812231063843,1.4681499004364014,1.1006779670715332,0.9041588306427002,0.6761677861213684,0.5524117350578308,0.7657995820045471,0.855412483215332,1.1794122457504272,1.3690282106399536,1.3914939165115356,1.7190285921096802,1.7666980028152466,2.3634564876556396,2.27297306060791,1.8950583934783936,1.7846604585647583,1.4380720853805542,1.339493751525879,1.1480631828308105,1.096515417098999,1.2486904859542847,1.299012541770935,1.5414692163467407,1.7027254104614258,1.761899709701538,2.0523293018341064,2.158939838409424,2.725388765335083,2.6529016494750977,2.279555320739746,2.2169363498687744,1.8935741186141968,1.8713840246200562,1.6945767402648926,1.6612757444381714,1.8126780986785889,1.8756492137908936,2.0353355407714844,2.1758856773376465,2.2806873321533203,2.492218017578125,2.6884257793426514
B9,2.663524627685547,2.335277557373047,2.0471091270446777,1.7634618282318115,1.4830070734024048,1.2251343727111816,0.9863417744636536,0.8256891965866089,0.5923489332199097,0.80246502161026,0.9028949737548828,1.0991358757019043,1.1552435159683228,1.4901463985443115,1.485482096672058,2.350252628326416,2.2072930335998535,1.8357863426208496,1.6312065124511719,1.2680848836898804,1.0114128589630127,0.6862611770629883,0.39545074105262756,0.0,0.37386634945869446,0.6676742434501648,0.9489251375198364,1.0545198917388916,1.43906569480896,1.5259785652160645,2.359713554382324,2.2493181228637695,1.8565670251846313,1.705942988395691,1.3220380544662476,1.1239510774612427,0.7981553077697754,0.5697687268257141,0.5422039031982422,0.5771716833114624,0.8334430456161499,1.0850439071655273,1.200094223022461,1.5518563985824585,1.6784783601760864,2.4959073066711426,2.413295030593872,2.0224170684814453,1.9240490198135376,1.5488040447235107,1.4345121383666992,1.1530823707580566,1.0335235595703125,1.0556105375289917,1.0601778030395508,1.2309010028839111,1.4198561906814575,1.5463300943374634,1.8459903001785278,2.0148181915283203,2.771956443786621,2.70174503326416,2.3149802684783936,2.2631897926330566,1.907996416091919,1.8771518468856812,1.6294676065444946,1.561004638671875,1.6289722919464111,1.6517452001571655,1.7504867315292358,1.8872931003570557,2.033064842224121,2.2309844493865967,2.46689510345459
B10,2.6408984661102295,2.3464667797088623,2.0307629108428955,1.800752878189087,1.4851853847503662,1.294289469718933,0.9807409644126892,0.8870910406112671,0.6055001616477966,0.6191406846046448,0.6294056177139282,0.7515733242034912,0.8324971199035645,1.159633994102478,1.2159926891326904,2.275082588195801,2.181321859359741,1.8064196109771729,1.6722019910812378,1.296927571296692,1.1392825841903687,0.7629347443580627,0.6260880827903748,0.37386634945869446,0.0,0.38412830233573914,0.5950354337692261,0.7201695442199707,1.1035401821136475,1.2426623106002808,2.26265549659729,2.2087154388427734,1.8178218603134155,1.7409616708755493,1.361085295677185,1.2600847482681274,0.9068183302879333,0.8065378069877625,0.7252795100212097,0.53498375415802,0.7073046565055847,0.8471081852912903,0.9517978429794312,1.264915943145752,1.4257087707519531,2.385451316833496,2.356199026107788,1.9728913307189941,1.9435677528381348,1.5821396112442017,1.54863703250885,1.24567449092865,1.2060843706130981,1.183796763420105,1.064344882965088,1.179408311843872,1.2704888582229614,1.3740997314453125,1.618335485458374,1.8045321702957153,2.6539013385772705,2.6322479248046875,2.2534048557281494,2.2635669708251953,1.923089861869812,1.958004117012024,1.694836139678955,1.6879957914352417,1.730215311050415,1.670781135559082,1.7481296062469482,1.8070937395095825,1.9205336570739746,2.062190532684326,2.2875914573669434
B11,2.9704577922821045,2.6930649280548096,2.3691186904907227,2.1620686054229736,1.8362789154052734,1.661250114440918,1.3277554512023926,1.2133363485336304,0.8719735741615295,0.7970806956291199,0.5969452261924744,0.7170608043670654,0.9262143969535828,1.211561679840088,1.3715165853500366,2.568946123123169,2.4950056076049805,2.1280527114868164,2.0201075077056885,1.6512751579284668,1.5152021646499634,1.1387966871261597,0.9959138631820679,0.6676742434501648,0.38412830233573914,0.0,0.4075767397880554,0.7165465950965881,1.0629090070724487,1.3057955503463745,2.4973344802856445,2.4662628173828125,2.0853724479675293,2.035081148147583,1.662908673286438,1.575001835823059,1.2023013830184937,1.0818265676498413,0.8677405714988708,0.5879112482070923,0.5131698250770569,0.6417001485824585,0.8698939681053162,1.1555441617965698,1.4099061489105225,2.557891607284546,2.547865152359009,2.1701197624206543,2.164443016052246,1.803281307220459,1.7754712104797363,1.4327269792556763,1.368179440498352,1.234691858291626,1.038382887840271,1.0214638710021973,1.0839722156524658,1.2540020942687988,1.4660983085632324,1.7214082479476929,2.7476696968078613,2.7415390014648438,2.365715503692627,2.399730920791626,2.0519049167633057,2.0942420959472656,1.785920262336731,1.7677165269851685,1.7273170948028564,1.6034401655197144,1.601664423942566,1.6178909540176392,1.759379267692566,1.8549342155456543,2.114783763885498
B12,2.8603010177612305,2.615198850631714,2.291712760925293,2.141111373901367,1.8214662075042725,1.72743821144104,1.385140061378479,1.375915765762329,1.099817156791687,0.916168749332428,0.712870717048645,0.582619309425354,0.7233036756515503,0.9083367586135864,1.109979271888733,2.392822027206421,2.353680372238159,2.006793260574341,1.9628407955169678,1.6168402433395386,1.5739221572875977,1.2072793245315552,1.1915764808654785,0.9489251375198364,0.5950354337692261,0.4075767397880554,0.0,0.3758920729160309,0.6688663959503174,0.957026481628418,2.2670228481292725,2.2844316959381104,1.9244592189788818,1.9436862468719482,1.6023433208465576,1.6064854860305786,1.251587986946106,1.2512298822402954,1.0867583751678467,0.7320616245269775,0.6627235412597656,0.5058518648147583,0.6087037920951843,0.8047695159912109,1.0705139636993408,2.301288604736328,2.339930772781372,1.9848908185958862,2.0462992191314697,1.72136390209198,1.7768689393997192,1.4522510766983032,1.4873754978179932,1.3794279098510742,1.1050323247909546,1.0946314334869385,1.0018930435180664,1.0718885660171509,1.1987515687942505,1.4338469505310059,2.4816830158233643,2.523216485977173,2.168027400970459,2.2635879516601562,1.9512866735458374,2.064608097076416,1.7754579782485962,1.8393791913986206,1.8187081813812256,1.6350635290145874,1.6619867086410522,1.58993399143219,1.649595022201538,1.6892926692962646,1.899829626083374
B13,2.566132068634033,2.3355164527893066,2.026287317276001,1.9119170904159546,1.6180669069290161,1.5923092365264893,1.2764990329742432,1.3715471029281616,1.190963864326477,0.996879518032074,0.912102222442627,0.661227822303772,0.5886841416358948,0.6792140007019043,0.8077518343925476,2.054699659347534,2.026005506515503,1.6967477798461914,1.6929830312728882,1.3767199516296387,1.4115878343582153,1.0819907188415527,1.1867648363113403,1.0545198917388916,0.7201695442199707,0.7165465950965881,0.3758920729160309,0.0,0.3863045871257782,0.5923250317573547,1.9028844833374023,1.9431904554367065,1.5958787202835083,1.6605348587036133,1.3503369092941284,1.4327508211135864,1.122518539428711,1.2363934516906738,1.171286702156067,0.8334615230560303,0.8958462476730347,0.6602514386177063,0.5188530087471008,0.6492213010787964,0.7999696135520935,1.9516524076461792,2.015245199203491,1.674847960472107,1.778346061706543,1.4892464876174927,1.613623023033142,1.337888479232788,1.4670438766479492,1.4417120218276978,1.1713746786117554,1.2538864612579346,1.103315830230713,1.0429961681365967,1.1352694034576416,1.2753275632858276,2.1810083389282227,2.2474029064178467,1.9065748453140259,2.0346758365631104,1.7595411539077759,1.924505352973938,1.6858017444610596,1.8189061880111694,1.8655568361282349,1.6888140439987183,1.7911269664764404,1.7005422115325928,1.6836669445037842,1.7285016775131226,1.8695696592330933
