,A1,A2,A3,A4,A5,A6,A7,A8,A9,A10,A11,A12,A13,A14,A15,B1,B2,B3,B4,B5,B6,B7,B8,B9,B10,B11,B12,B13,B14,B15,C1,C2,C3,C4,C5,C6,C7,C8,C9,C10,C11,C12,C13,C14,C15,D1,D2,D3,D4,D5,D6,D7,D8,D9,D10,D11,D12,D13,D14,D15,E1,E2,E3,E4,E5,E6,E7,E8,E9,E10,E11,E12,E13,E14,E15
A1,0.0,0.38478168845176697,0.6248234510421753,0.9583731293678284,1.2477976083755493,1.5890109539031982,1.8240314722061157,2.2096545696258545,2.4908547401428223,2.4337358474731445,2.7258362770080566,2.510258436203003,2.140601634979248,2.0533387660980225,1.677767038345337,0.5036220550537109,0.7253642082214355,0.8776516914367676,1.117418646812439,1.3708451986312866,1.6791809797286987,1.9175851345062256,2.288513422012329,2.5985662937164307,2.535928964614868,2.84531569480896,2.6644446849823,2.3161568641662598,2.286640167236328,1.9571009874343872,1.0698411464691162,1.2775758504867554,1.3169022798538208,1.4960699081420898,1.6577062606811523,1.915901780128479,2.131864309310913,2.4669301509857178,2.7817749977111816,2.7372050285339355,3.045893907546997,2.893927574157715,2.5814080238342285,2.591757297515869,2.3191277980804443,1.6988078355789185,1.8575963973999023,1.8167368173599243,1.950295090675354,2.039459466934204,2.2538411617279053,2.4356632232666016,2.724621534347534,3.0188591480255127,2.989152431488037,3.2868363857269287,3.1744539737701416,2.911325216293335,2.946971893310547,2.742885112762451,2.410954236984253,2.5159435272216797,2.3960206508636475,2.4901936054229736,2.5160892009735107,2.690955400466919,2.8297111988067627,3.061326026916504,3.347578287124634,3.346829652786255,3.628688097000122,3.5750603675842285,3.378472089767456,3.447439193725586,3.3228468894958496
A2,0.38478168845176697,0.0,0.3875861167907715,0.6240822076797485,0.9613168239593506,1.2730157375335693,1.5456801652908325,1.9166419506072998,2.2143030166625977,2.2028896808624268,2.5154831409454346,2.3405776023864746,1.9853425025939941,1.9596983194351196,1.58689284324646,0.5922803282737732,0.5844975113868713,0.6558104157447815,0.7916858792304993,1.0593327283859253,1.334372639656067,1.6059138774871826,1.9648035764694214,2.2971599102020264,2.2744224071502686,2.6080265045166016,2.466388463973999,2.1372523307800293,2.1652286052703857,1.8477314710617065,1.0629619359970093,1.1549112796783447,1.1312552690505981,1.22699773311615,1.36839759349823,1.585026502609253,1.818574070930481,2.1369714736938477,2.47271466255188,2.464083433151245,2.795022964477539,2.6806206703186035,2.388721466064453,2.4509503841400146,2.195213794708252,1.671900987625122,1.7533613443374634,1.661474347114563,1.7274096012115479,1.7821273803710938,1.9530541896820068,2.1362950801849365,2.401944398880005,2.712043046951294,2.7147397994995117,3.0301513671875,2.954131841659546,2.712584972381592,2.794025421142578,2.611065626144409,2.364529848098755,2.41200852394104,2.2541635036468506,2.296251058578491,2.286677122116089,2.422220230102539,2.550748825073242,2.7545456886291504,3.0475924015045166,3.075672149658203,3.366001605987549,3.345827579498291,3.172247886657715,3.277996301651001,3.180781364440918
A3,0.6248234510421753,0.3875861167907715,0.0,0.38780921697616577,0.6252791285514832,0.9780690670013428,1.2018558979034424,1.587364673614502,1.8690381050109863,1.8321374654769897,2.1418895721435547,1.965460181236267,1.6120002269744873,1.6048638820648193,1.2423553466796875,0.724142849445343,0.7097144722938538,0.5446543097496033,0.674850344657898,0.8106240034103394,1.102209210395813,1.3125487565994263,1.6761500835418701,1.9884164333343506,1.9393868446350098,2.2644879817962646,2.1238269805908203,1.80404531955719,1.848439335823059,1.560760498046875,1.1404058933258057,1.2228349447250366,1.0764249563217163,1.1702619791030884,1.2051810026168823,1.4208617210388184,1.587222695350647,1.8976095914840698,2.2051117420196533,2.1717610359191895,2.4876883029937744,2.376314163208008,2.1014039516448975,2.174762010574341,1.9569685459136963,1.7067210674285889,1.7865153551101685,1.6180628538131714,1.6884430646896362,1.666426420211792,1.8362994194030762,1.9560614824295044,2.2099547386169434,2.484229326248169,2.464691638946533,2.758338212966919,2.685565948486328,2.465996503829956,2.550806760787964,2.407045602798462,2.3730595111846924,2.416189193725586,2.207794427871704,2.2594070434570312,2.194650411605835,2.335364580154419,2.4087040424346924,2.603013277053833,2.859064817428589,2.8665034770965576,3.1294431686401367,3.1089000701904297,2.9569084644317627,3.0535762310028076,2.988429307937622
A4,0.9583731293678284,0.6240822076797485,0.38780921697616577,0.0,0.3805539906024933,0.6497007608413696,0.9475122094154358,1.3019880056381226,1.6194660663604736,1.6513936519622803,1.992323875427246,1.8838144540786743,1.5670644044876099,1.6509315967559814,1.3249971866607666,1.0485873222351074,0.9060658812522888,0.6722214221954346,0.5646001696586609,0.6186135411262512,0.8024262189865112,1.0521680116653442,1.3811230659484863,1.730991005897522,1.7438937425613403,2.0997331142425537,2.0240440368652344,1.7475835084915161,1.8714964389801025,1.6244868040084839,1.3692229986190796,1.3452131748199463,1.1407232284545898,1.1068458557128906,1.0742199420928955,1.1932507753372192,1.3618175983428955,1.626678466796875,1.9597231149673462,1.9801626205444336,2.3203601837158203,2.268686532974243,2.0362179279327393,2.1770265102386475,1.9973949193954468,1.8799798488616943,1.8829517364501953,1.6677316427230835,1.651010274887085,1.5709184408187866,1.6640807390213013,1.7668488025665283,1.9705153703689575,2.2578392028808594,2.2847371101379395,2.593928337097168,2.575712203979492,2.3960626125335693,2.5370352268218994,2.430020570755005,2.502030849456787,2.4868009090423584,2.243403196334839,2.2328133583068848,2.1201953887939453,2.202544689178467,2.2506508827209473,2.396075487136841,2.6516201496124268,2.6982438564300537,2.963343858718872,2.989793300628662,2.875377655029297,3.014248847961426,2.9883341789245605
A5,1.2477976083755493,0.9613168239593506,0.6252791285514832,0.3805539906024933,0.0,0.3783397078514099,0.5848180651664734,0.963061511516571,1.2622700929641724,1.2739349603652954,1.6181724071502686,1.5246801376342773,1.2265796661376953,1.3619595766067505,1.0824695825576782,1.2829617261886597,1.1566243171691895,0.823906421661377,0.70632004737854,0.5240616798400879,0.6555097699165344,0.7792367339134216,1.099710464477539,1.4217573404312134,1.4092873334884644,1.758126139640808,1.6978155374526978,1.4493775367736816,1.6105163097381592,1.4212216138839722,1.5448620319366455,1.5146024227142334,1.2290023565292358,1.18716561794281,1.0301095247268677,1.1183890104293823,1.1799328327178955,1.4149143695831299,1.7050814628601074,1.7006043195724487,2.021432638168335,1.9840099811553955,1.7848591804504395,1.9479751586914062,1.8246089220046997,1.990487813949585,1.988867163658142,1.7148051261901855,1.6980321407318115,1.5384708642959595,1.617552399635315,1.6370536088943481,1.8134262561798096,2.0503711700439453,2.0546700954437256,2.335021495819092,2.328007221221924,2.1827497482299805,2.3326618671417236,2.276224136352539,2.564039945602417,2.5423874855041504,2.2576284408569336,2.253239393234253,2.085775852203369,2.1669039726257324,2.1506595611572266,2.2778167724609375,2.4851083755493164,2.5102951526641846,2.740565061569214,2.770954132080078,2.686203956604004,2.817763090133667,2.8309125900268555
A6,1.5890109539031982,1.2730157375335693,0.9780690670013428,0.6497007608413696,0.3783397078514099,0.0,0.3825485408306122,0.6668545007705688,1.0201183557510376,1.128680944442749,1.50067937374115,1.5033835172653198,1.2794049978256226,1.507416009902954,1.299806833267212,1.636493444442749,1.4648733139038086,1.135019302368164,0.9151319861412048,0.6617135405540466,0.5526489615440369,0.6301870346069336,0.8407809734344482,1.198683500289917,1.2668641805648804,1.6364141702651978,1.6640952825546265,1.490334153175354,1.7284822463989258,1.6022716760635376,1.8590476512908936,1.771433711051941,1.4649808406829834,1.335339069366455,1.1151732206344604,1.0728029012680054,1.0871412754058838,1.224091649055481,1.518821358680725,1.5760176181793213,1.9066712856292725,1.944797396659851,1.8111807107925415,2.0377111434936523,1.9674984216690063,2.2599360942840576,2.2063956260681152,1.904729962348938,1.8198915719985962,1.6054365634918213,1.5978410243988037,1.573146939277649,1.6699718236923218,1.8969097137451172,1.9495868682861328,2.2295894622802734,2.286717176437378,2.1976864337921143,2.398829460144043,2.389040946960449,2.785823106765747,2.719769239425659,2.410165548324585,2.354661703109741,2.141245126724243,2.1622273921966553,2.105311632156372,2.1691668033599854,2.356201648712158,2.418680191040039,2.635754346847534,2.717191696166992,2.6807990074157715,2.848428964614868,2.9067587852478027
A7,1.8240314722061157,1.5456801652908325,1.2018558979034424,0.9475122094154358,0.5848180651664734,0.3825485408306122,0.0,0.39725640416145325,0.687809407711029,0.748187780380249,1.121903657913208,1.1417262554168701,0.9597662091255188,1.2437832355499268,1.1187031269073486,1.8228439092636108,1.678292155265808,1.306571125984192,1.1363333463668823,0.7956671714782715,0.6913171410560608,0.5292919278144836,0.6826886534690857,0.9506218433380127,0.9569735527038574,1.3034080266952515,1.342224359512329,1.2116756439208984,1.4794710874557495,1.4279530048370361,2.0021328926086426,1.928598165512085,1.580549955368042,1.4800338745117188,1.1885476112365723,1.1504069566726685,1.0345700979232788,1.1320573091506958,1.3382647037506104,1.3405447006225586,1.629697322845459,1.672349214553833,1.5784907341003418,1.8134604692459106,1.805706262588501,2.344686508178711,2.302696943283081,1.9668946266174316,1.9058282375335693,1.6404985189437866,1.6425389051437378,1.532381296157837,1.6093122959136963,1.7590748071670532,1.7657090425491333,1.998201608657837,2.053713083267212,1.9993014335632324,2.19433856010437,2.2349042892456055,2.8215930461883545,2.7628722190856934,2.42775821685791,2.3951900005340576,2.1453166007995605,2.182023048400879,2.0651283264160156,2.1234145164489746,2.24936580657959,2.2716081142425537,2.442713499069214,2.5137856006622314,2.5025196075439453,2.64888596534729,2.74114990234375
A8,2.2096545696258545,1.9166419506072998,1.587364673614502,1.3019880056381226,0.963061511516571,0.6668545007705688,0.39725640416145325,0.0,0.39730414748191833,0.6280925869941711,0.9934835433959961,1.152441143989563,1.0988649129867554,1.4488123655319214,1.409834384918213,2.208561658859253,2.039902448654175,1.6696182489395142,1.4575097560882568,1.1053807735443115,0.8870740532875061,0.6471303105354309,0.5376923084259033,0.7447160482406616,0.8438631892204285,1.1716245412826538,1.3272533416748047,1.3102470636367798,1.6373823881149292,1.6612370014190674,2.3568477630615234,2.248267412185669,1.888967514038086,1.7399814128875732,1.4133245944976807,1.281028151512146,1.0937550067901611,1.0472875833511353,1.1911249160766602,1.2468549013137817,1.5100576877593994,1.6428873538970947,1.6403449773788452,1.9267574548721313,1.9839333295822144,2.6550121307373047,2.577091693878174,2.2223336696624756,2.116469383239746,1.808722734451294,1.739802598953247,1.5686084032058716,1.5493229627609253,1.645554780960083,1.6885310411453247,1.890997052192688,2.0160813331604004,2.035043954849243,2.2715816497802734,2.3685147762298584,3.078094720840454,2.9855942726135254,2.6312808990478516,2.562347173690796,2.271667003631592,2.257695436477661,2.0883119106292725,2.078718662261963,2.1552557945251465,2.20170521736145,2.336141347885132,2.4569594860076904,2.504812240600586,2.6771140098571777,2.8211865425109863
A9,2.4908547401428223,2.2143030166625977,1.8690381050109863,1.6194660663604736,1.2622700929641724,1.0201183557510376,0.687809407711029,0.39730414748191833,0.0,0.3768405020236969,0.6592332720756531,0.9071826934814453,0.975942850112915,1.3583636283874512,1.4184319972991943,2.4335196018218994,2.2677974700927734,1.8812710046768188,1.6935274600982666,1.3146828413009644,1.115010380744934,0.7761141657829285,0.5735409259796143,0.5212777853012085,0.5575993657112122,0.8190715909004211,1.0400816202163696,1.1246817111968994,1.481741189956665,1.5915796756744385,2.5193169116973877,2.4055068492889404,2.0251781940460205,1.889060139656067,1.526111364364624,1.3938875198364258,1.1103808879852295,1.003098726272583,1.003254771232605,1.0021387338638306,1.194670557975769,1.3608028888702393,1.4323934316635132,1.7353285551071167,1.8641289472579956,2.7422780990600586,2.6593005657196045,2.2836973667144775,2.18709659576416,1.8443446159362793,1.7742384672164917,1.5275338888168335,1.4751698970794678,1.4716191291809082,1.4691286087036133,1.6071432828903198,1.7465541362762451,1.8197661638259888,2.059715747833252,2.2137324810028076,3.093609571456909,2.9959025382995605,2.624518632888794,2.5659234523773193,2.2450549602508545,2.2355141639709473,2.00892972946167,1.985149621963501,1.9893556833267212,1.9962751865386963,2.0752341747283936,2.1938700675964355,2.27795147895813,2.437265634536743,2.622126340866089
A10,2.4337358474731445,2.2028896808624268,1.8321374654769897,1.6513936519622803,1.2739349603652954,1.128680944442749,0.748187780380249,0.6280925869941711,0.3768405020236969,0.0,0.3850574791431427,0.5616641640663147,0.6576680541038513,1.043425440788269,1.1659058332443237,2.360625982284546,2.245800733566284,1.8510839939117432,1.737077236175537,1.3573362827301025,1.2596904039382935,0.9079229235649109,0.846880316734314,0.7514850497245789,0.5689685344696045,0.733332097530365,0.8446693420410156,0.9145820140838623,1.2313945293426514,1.3811182975769043,2.4528987407684326,2.3895211219787598,2.0066425800323486,1.9402580261230469,1.584189772605896,1.5391546487808228,1.2484830617904663,1.229504942893982,1.1912680864334106,1.0674583911895752,1.1926743984222412,1.2660362720489502,1.3118804693222046,1.555595874786377,1.7038882970809937,2.67118763923645,2.636695146560669,2.264326572418213,2.231893301010132,1.903273105621338,1.90501868724823,1.6563886404037476,1.6701164245605469,1.6380014419555664,1.54972505569458,1.6418349742889404,1.7049839496612549,1.7531310319900513,1.9318819046020508,2.091468095779419,3.0263381004333496,2.971557855606079,2.60538649559021,2.603269577026367,2.2987797260284424,2.348433017730713,2.1247735023498535,2.155644178390503,2.1447715759277344,2.0870206356048584,2.1412789821624756,2.1959755420684814,2.2531135082244873,2.354123592376709,2.526578426361084
A11,2.7258362770080566,2.5154831409454346,2.1418895721435547,1.992323875427246,1.6181724071502686,1.50067937374115,1.121903657913208,0.9934835433959961,0.6592332720756531,0.3850574791431427,0.0,0.400890052318573,0.7041118144989014,1.0495113134384155,1.280566930770874,2.610948324203491,2.5070884227752686,2.1126065254211426,2.0256872177124023,1.6468219757080078,1.569020390510559,1.1969339847564697,1.1111799478530884,0.8809768557548523,0.6086128950119019,0.535908043384552,0.656541645526886,0.861513078212738,1.1566470861434937,1.4030870199203491,2.6531431674957275,2.5946526527404785,2.2079708576202393,2.1629021167755127,1.7988544702529907,1.7669150829315186,1.434007167816162,1.3913880586624146,1.2405322790145874,1.0380750894546509,1.0309584140777588,1.0932270288467407,1.2162902355194092,1.4376143217086792,1.66303288936615,2.803307056427002,2.774101734161377,2.3964216709136963,2.3838040828704834,2.0435800552368164,2.056894302368164,1.763974666595459,1.7650688886642456,1.6454968452453613,1.49472177028656,1.494931936264038,1.5400352478027344,1.6370985507965088,1.7894879579544067,2.0060105323791504,3.0887889862060547,3.0395007133483887,2.6687116622924805,2.6872522830963135,2.3703739643096924,2.434377908706665,2.172342538833618,2.2026774883270264,2.1260030269622803,2.0155458450317383,2.0043294429779053,2.032700300216675,2.1169638633728027,2.1817967891693115,2.3889663219451904
A12,2.510258436203003,2.3405776023864746,1.965460181236267,1.8838144540786743,1.5246801376342773,1.5033835172653198,1.1417262554168701,1.152441143989563,0.9071826934814453,0.5616641640663147,0.400890052318573,0.0,0.3775152266025543,0.6645475029945374,0.9442963004112244,2.36295747756958,2.2975735664367676,1.9120903015136719,1.8929940462112427,1.538160800933838,1.5554172992706299,1.2099628448486328,1.2524720430374146,1.0819292068481445,0.735177218914032,0.6838359236717224,0.5389608144760132,0.6066440343856812,0.8167046308517456,1.0725334882736206,2.3931589126586914,2.3767082691192627,2.0012881755828857,2.0214366912841797,1.684649109840393,1.7387055158615112,1.4348636865615845,1.4976472854614258,1.386860728263855,1.116979718208313,1.120104193687439,1.0334843397140503,1.0492050647735596,1.1835500001907349,1.3847302198410034,2.5340380668640137,2.5488831996917725,2.186368942260742,2.235046148300171,1.9275461435317993,2.015085220336914,1.754523754119873,1.841238021850586,1.7524667978286743,1.5458588600158691,1.5595321655273438,1.5015606880187988,1.5169719457626343,1.5972822904586792,1.776644229888916,2.829894542694092,2.8229215145111084,2.4679007530212402,2.5400800704956055,2.2571494579315186,2.381885051727295,2.1538355350494385,2.253434896469116,2.207597255706787,2.054016590118408,2.067133665084839,2.023183584213257,2.0410468578338623,2.053861379623413,2.211681604385376
A13,2.140601634979248,1.9853425025939941,1.6120002269744873,1.5670644044876099,1.2265796661376953,1.2794049978256226,0.9597662091255188,1.0988649129867554,0.975942850112915,0.6576680541038513,0.7041118144989014,0.3775152266025543,0.0,0.386907160282135,0.579949676990509,1.9917304515838623,1.944413661956787,1.5641025304794312,1.5820188522338867,1.2514129877090454,1.3404972553253174,1.0475423336029053,1.206216812133789,1.149455189704895,0.8297007083892822,0.9205447435379028,0.7053318023681641,0.5370781421661377,0.6860055923461914,0.8212409615516663,2.0462660789489746,2.0557334423065186,1.6905583143234253,1.74616539478302,1.44017493724823,1.5542550086975098,1.3100340366363525,1.4630335569381714,1.448042869567871,1.1984163522720337,1.297199010848999,1.1565443277359009,1.0436203479766846,1.139784574508667,1.2380340099334717,2.2334461212158203,2.274434804916382,1.926963448524475,2.004964590072632,1.7330636978149414,1.8659318685531616,1.6646682024002075,1.8166303634643555,1.806826114654541,1.6152691841125488,1.7034233808517456,1.6089426279067993,1.5376613140106201,1.5984464883804321,1.697585105895996,2.5934317111968994,2.6096389293670654,2.2699944972991943,2.361778974533081,2.11391282081604,2.26800799369812,2.09378981590271,2.2374346256256104,2.2576398849487305,2.118903160095215,2.194803476333618,2.1333587169647217,2.0921883583068848,2.1073384284973145,2.2039148807525635
A14,2.0533387660980225,1.9596983194351196,1.6048638820648193,1.6509315967559814,1.3619595766067505,1.507416009902954,1.2437832355499268,1.4488123655319214,1.3583636283874512,1.043425440788269,1.0495113134384155,0.6645475029945374,0.386907160282135,0.0,0.3812119960784912,1.8630647659301758,1.8726550340652466,1.5257827043533325,1.6333237886428833,1.3639744520187378,1.5434527397155762,1.3076001405715942,1.5303090810775757,1.490112066268921,1.1602256298065186,1.212286353111267,0.8997681140899658,0.6381331086158752,0.5422502160072327,0.6295102834701538,1.8962410688400269,1.9643473625183105,1.6319841146469116,1.769788146018982,1.5197452306747437,1.7150983810424805,1.5155354738235474,1.7321211099624634,1.7276042699813843,1.4455910921096802,1.5203269720077515,1.2866908311843872,1.0925065279006958,1.0548312664031982,1.0991499423980713,2.060323715209961,2.1600654125213623,1.8457366228103638,1.9980741739273071,1.7789924144744873,1.9822343587875366,1.8194090127944946,2.031446933746338,2.0321481227874756,1.8012961149215698,1.8792825937271118,1.7053402662277222,1.5675591230392456,1.5385555028915405,1.586819052696228,2.4196815490722656,2.4896061420440674,2.179563045501709,2.3336219787597656,2.1328039169311523,2.3445839881896973,2.206005811691284,2.404416561126709,2.4391567707061768,2.262843608856201,2.344998836517334,2.221280097961426,2.124246120452881,2.080852746963501,2.1224348545074463
A15,1.677767038345337,1.58689284324646,1.2423553466796875,1.3249971866607666,1.0824695825576782,1.299806833267212,1.1187031269073486,1.409834384918213,1.4184319972991943,1.1659058332443237,1.280566930770874,0.9442963004112244,0.579949676990509,0.3812119960784912,0.0,1.4852043390274048,1.5017157793045044,1.1623530387878418,1.3057692050933838,1.0837852954864502,1.3298732042312622,1.1774476766586304,1.4790345430374146,1.5354599952697754,1.263281226158142,1.4142048358917236,1.1296554803848267,0.7929040789604187,0.7146421074867249,0.5733280181884766,1.5520281791687012,1.6379051208496094,1.3201402425765991,1.4848209619522095,1.281715750694275,1.5234822034835815,1.4020731449127197,1.6795357465744019,1.7623393535614014,1.5295644998550415,1.6871364116668701,1.4641801118850708,1.2046304941177368,1.1810286045074463,1.1032297611236572,1.787712574005127,1.9013265371322632,1.606304407119751,1.7707065343856812,1.5946886539459229,1.8237292766571045,1.729204535484314,1.9817155599594116,2.0586729049682617,1.8684000968933105,2.0170974731445312,1.8507153987884521,1.6610949039459229,1.6512744426727295,1.619997262954712,2.2305831909179688,2.3083865642547607,2.016108751296997,2.168092727661133,2.0029375553131104,2.222466468811035,2.140218496322632,2.360872507095337,2.459146022796631,2.3185834884643555,2.4596822261810303,2.3488364219665527,2.217050075531006,2.2048635482788086,2.19911789894104
B1,0.5036220550537109,0.5922803282737732,0.724142849445343,1.0485873222351074,1.2829617261886597,1.636493444442749,1.8228439092636108,2.208561658859253,2.4335196018218994,2.360625982284546,2.610948324203491,2.36295747756958,1.9917304515838623,1.8630647659301758,1.4852043390274048,0.0,0.3902686834335327,0.6145663857460022,0.9503317475318909,1.2231782674789429,1.5793163776397705,1.7968095541000366,2.189706802368164,2.4584550857543945,2.367539882659912,2.652641773223877,2.4326093196868896,2.0634407997131348,1.9938000440597534,1.632096767425537,0.5746318101882935,0.8356562852859497,0.911400556564331,1.174047827720642,1.377131462097168,1.6962133646011353,1.9109654426574707,2.2819321155548096,2.57283353805542,2.497349977493286,2.791834831237793,2.6002042293548584,2.2578911781311035,2.233917474746704,1.9247111082077026,1.1998635530471802,1.3837515115737915,1.362633228302002,1.5513867139816284,1.6794315576553345,1.9479305744171143,2.141754627227783,2.4718527793884277,2.7547781467437744,2.6942436695098877,2.986959934234619,2.8369760513305664,2.541649103164673,2.5513875484466553,2.313170909881592,1.9115909337997437,2.0322067737579346,1.9249423742294312,2.054666757583618,2.1101088523864746,2.326253652572632,2.482285499572754,2.7539782524108887,3.0392906665802,3.0094823837280273,3.296942949295044,3.2105154991149902,2.9829728603363037,3.036498785018921,2.8814964294433594
B2,0.7253642082214355,0.5844975113868713,0.7097144722938538,0.9060658812522888,1.1566243171691895,1.4648733139038086,1.678292155265808,2.039902448654175,2.2677974700927734,2.245800733566284,2.5070884227752686,2.2975735664367676,1.944413661956787,1.8726550340652466,1.5017157793045044,0.3902686834335327,0.0,0.395528107881546,0.6443925499916077,0.9779164791107178,1.3072688579559326,1.5660719871520996,1.948687195777893,2.232572078704834,2.1850481033325195,2.4919772148132324,2.306600332260132,1.9534350633621216,1.937831163406372,1.5790936946868896,0.519661009311676,0.5751924514770508,0.631199061870575,0.8217232823371887,1.0671106576919556,1.36549973487854,1.6227988004684448,1.9901509284973145,2.305105209350586,2.2685253620147705,2.5888752937316895,2.4291043281555176,2.0984690189361572,2.1249897480010986,1.8171051740646362,1.0984725952148438,1.172568440437317,1.1172596216201782,1.232408881187439,1.3637022972106934,1.6029893159866333,1.8273519277572632,2.150226593017578,2.4601938724517822,2.4346604347229004,2.753972291946411,2.6348633766174316,2.3491439819335938,2.4064812660217285,2.1728787422180176,1.784837007522583,1.834234356880188,1.7001076936721802,1.769365668296814,1.810995101928711,1.9925090074539185,2.1633260250091553,2.420375347137451,2.72709059715271,2.728837728500366,3.0375802516937256,2.9810290336608887,2.76474666595459,2.8612477779388428,2.720717430114746
B3,0.8776516914367676,0.6558104157447815,0.5446543097496033,0.6722214221954346,0.823906421661377,1.135019302368164,1.306571125984192,1.6696182489395142,1.8812710046768188,1.8510839939117432,2.1126065254211426,1.9120903015136719,1.5641025304794312,1.5257827043533325,1.1623530387878418,0.6145663857460022,0.395528107881546,0.0,0.38217735290527344,0.619114100933075,0.9815661311149597,1.1981606483459473,1.5896503925323486,1.8616694211959839,1.8006774187088013,2.1098434925079346,1.934297800064087,1.589311122894287,1.6082557439804077,1.2727417945861816,0.7270190715789795,0.7225304245948792,0.5320111513137817,0.6853845119476318,0.7944918274879456,1.0998674631118774,1.302107810974121,1.668373942375183,1.967393159866333,1.9169710874557495,2.235079050064087,2.087676525115967,1.7739107608795166,1.8309249877929688,1.5619118213653564,1.212025761604309,1.2547005414962769,1.07390296459198,1.164284348487854,1.1833099126815796,1.4111756086349487,1.5705466270446777,1.880555510520935,2.164565086364746,2.126840353012085,2.4352123737335205,2.330110788345337,2.0699589252471924,2.148388624191284,1.9613358974456787,1.8505305051803589,1.8748077154159546,1.6651456356048584,1.7245965003967285,1.6850775480270386,1.858475685119629,1.9651769399642944,2.204773187637329,2.4789819717407227,2.4697773456573486,2.7567617893218994,2.711186408996582,2.5234920978546143,2.6244795322418213,2.5269124507904053
B4,1.117418646812439,0.7916858792304993,0.674850344657898,0.5646001696586609,0.70632004737854,0.9151319861412048,1.1363333463668823,1.4575097560882568,1.6935274600982666,1.737077236175537,2.0256872177124023,1.8929940462112427,1.5820188522338867,1.6333237886428833,1.3057692050933838,0.9503317475318909,0.6443925499916077,0.38217735290527344,0.0,0.3855037987232208,0.6661301255226135,0.9591638445854187,1.323970913887024,1.6362988948822021,1.646685004234314,1.9908649921417236,1.8829646110534668,1.5823365449905396,1.687384009361267,1.396263599395752,1.0188541412353516,0.8731279969215393,0.6321377158164978,0.5430749654769897,0.5919824242591858,0.7993319630622864,1.0509709119796753,1.3882189989089966,1.7295475006103516,1.744675636291504,2.0972952842712402,2.013878583908081,1.7425371408462524,1.8769468069076538,1.6470731496810913,1.4210351705551147,1.3589673042297363,1.1313879489898682,1.088706612586975,1.0445387363433838,1.1787817478179932,1.3464714288711548,1.6142526865005493,1.9311063289642334,1.9516431093215942,2.2880947589874268,2.242861747741699,2.021667718887329,2.1669485569000244,2.015568971633911,1.9942030906677246,1.9439817667007446,1.7000446319580078,1.6732980012893677,1.582854151725769,1.6827566623687744,1.7763363122940063,1.9670066833496094,2.2566046714782715,2.2975246906280518,2.598194122314453,2.605600595474243,2.454592704772949,2.608304738998413,2.54958438873291
B5,1.3708451986312866,1.0593327283859253,0.8106240034103394,0.6186135411262512,0.5240616798400879,0.6617135405540466,0.7956671714782715,1.1053807735443115,1.3146828413009644,1.3573362827301025,1.6468219757080078,1.538160800933838,1.2514129877090454,1.3639744520187378,1.0837852954864502,1.2231782674789429,0.9779164791107178,0.619114100933075,0.3855037987232208,0.0,0.3830571174621582,0.5901859998703003,0.9739483594894409,1.272337555885315,1.2713528871536255,1.6224029064178467,1.5385841131210327,1.2658674716949463,1.428551435470581,1.1977057456970215,1.283919095993042,1.1500554084777832,0.8152542114257812,0.7026752233505249,0.5065032839775085,0.6496512293815613,0.7771670818328857,1.0994770526885986,1.4151853322982788,1.4155323505401611,1.7647989988327026,1.7056267261505127,1.4700580835342407,1.6475582122802734,1.4826172590255737,1.615986704826355,1.5474485158920288,1.244322419166565,1.1872868537902832,1.016142725944519,1.1120634078979492,1.1699519157409668,1.403584599494934,1.676203966140747,1.6821330785751343,1.9997904300689697,1.9767961502075195,1.796629548072815,1.9668151140213013,1.8774924278259277,2.1269311904907227,2.063683032989502,1.7660002708435059,1.7360543012619019,1.5658084154129028,1.6509959697723389,1.659674048423767,1.8202390670776367,2.0596306324005127,2.085789203643799,2.353830337524414,2.375420093536377,2.262716054916382,2.41886830329895,2.4107038974761963
B6,1.6791809797286987,1.334372639656067,1.102209210395813,0.8024262189865112,0.6555097699165344,0.5526489615440369,0.6913171410560608,0.8870740532875061,1.115010380744934,1.2596904039382935,1.569020390510559,1.5554172992706299,1.3404972553253174,1.5434527397155762,1.3298732042312622,1.5793163776397705,1.3072688579559326,0.9815661311149597,0.6661301255226135,0.3830571174621582,0.0,0.38184407353401184,0.6773425936698914,1.0336945056915283,1.1373556852340698,1.5175386667251587,1.53030526638031,1.339810848236084,1.5863492488861084,1.4273061752319336,1.6319820880889893,1.4457556009292603,1.1178531646728516,0.8943225145339966,0.6305312514305115,0.5207743644714355,0.6101660132408142,0.828781008720398,1.1863274574279785,1.2748249769210815,1.649004340171814,1.6782439947128296,1.5175648927688599,1.7696770429611206,1.6657830476760864,1.9206634759902954,1.793609619140625,1.4728233814239502,1.3235207796096802,1.0862882137298584,1.0473268032073975,1.0564724206924438,1.1925015449523926,1.4769593477249146,1.552676796913147,1.8832670450210571,1.9376386404037476,1.8213013410568237,2.0546634197235107,2.0170817375183105,2.372075080871582,2.255988597869873,1.9365664720535278,1.8379018306732178,1.6137008666992188,1.6140413284301758,1.5776101350784302,1.6589951515197754,1.8880950212478638,1.9674745798110962,2.2307240962982178,2.315082550048828,2.256553888320923,2.4597580432891846,2.501239538192749
B7,1.9175851345062256,1.6059138774871826,1.3125487565994263,1.0521680116653442,0.7792367339134216,0.6301870346069336,0.5292919278144836,0.6471303105354309,0.7761141657829285,0.9079229235649109,1.1969339847564697,1.2099628448486328,1.0475423336029053,1.3076001405715942,1.1774476766586304,1.7968095541000366,1.5660719871520996,1.1981606483459473,0.9591638445854187,0.5901859998703003,0.38184407353401184,0.0,0.3979909420013428,0.6941426992416382,0.7605978846549988,1.1434566974639893,1.1813528537750244,1.041033148765564,1.3400543928146362,1.2641942501068115,1.827525019645691,1.6669491529464722,1.2982022762298584,1.123062014579773,0.7748663425445557,0.667080283164978,0.5060026049613953,0.6588089466094971,0.9265973567962646,0.9659193754196167,1.3199892044067383,1.368083119392395,1.256223440170288,1.538875699043274,1.5101544857025146,2.060452699661255,1.9488856792449951,1.5900969505310059,1.4699931144714355,1.1649247407913208,1.1284973621368408,1.0049453973770142,1.1005218029022217,1.2907534837722778,1.3205147981643677,1.6091984510421753,1.6740604639053345,1.6030515432357788,1.8444819450378418,1.8701910972595215,2.456955909729004,2.3475522994995117,1.997166395187378,1.922261118888855,1.648183822631836,1.660413384437561,1.5395095348358154,1.60353422164917,1.7560263872146606,1.794289469718933,2.007708787918091,2.090038537979126,2.0665347576141357,2.25506591796875,2.341768264770508
B8,2.288513422012329,1.9648035764694214,1.6761500835418701,1.3811230659484863,1.099710464477539,0.8407809734344482,0.6826886534690857,0.5376923084259033,0.5735409259796143,0.846880316734314,1.1111799478530884,1.2524720430374146,1.206216812133789,1.5303090810775757,1.4790345430374146,2.189706802368164,1.948687195777893,1.5896503925323486,1.323970913887024,0.9739483594894409,0.6773425936698914,0.3979909420013428,0.0,0.4068600535392761,0.6511135101318359,1.0230556726455688,1.1953206062316895,1.1829633712768555,1.538062334060669,1.544005036354065,2.213094711303711,2.0283963680267334,1.662896990776062,1.447717547416687,1.0923049449920654,0.8725462555885315,0.628964364528656,0.5103368759155273,0.7156074643135071,0.8561747074127197,1.1938530206680298,1.3569741249084473,1.356436014175415,1.6931461095809937,1.7378323078155518,2.411323070526123,2.267693281173706,1.9002301692962646,1.7339900732040405,1.3941478729248047,1.2641264200210571,1.063576579093933,1.0129334926605225,1.1397086381912231,1.2302278280258179,1.4915846586227417,1.6467820405960083,1.6652065515518188,1.9544490575790405,2.0437471866607666,2.7518768310546875,2.608168363571167,2.2438180446624756,2.1272151470184326,1.8114930391311646,1.7569799423217773,1.5722904205322266,1.5434036254882812,1.6374531984329224,1.713590383529663,1.88832426071167,2.0353610515594482,2.0827064514160156,2.3039944171905518,2.4491689205169678
B9,2.5985662937164307,2.2971599102020264,1.9884164333343506,1.730991005897522,1.4217573404312134,1.198683500289917,0.9506218433380127,0.7447160482406616,0.5212777853012085,0.7514850497245789,0.8809768557548523,1.0819292068481445,1.149455189704895,1.490112066268921,1.5354599952697754,2.4584550857543945,2.232572078704834,1.8616694211959839,1.6362988948822021,1.272337555885315,1.0336945056915283,0.6941426992416382,0.4068600535392761,0.0,0.3751611113548279,0.6742472052574158,0.9333544373512268,1.0414072275161743,1.4235992431640625,1.5229206085205078,2.431309223175049,2.251194953918457,1.8711729049682617,1.6837117671966553,1.3055884838104248,1.1110018491744995,0.7672352194786072,0.5592663288116455,0.48243018984794617,0.5620015859603882,0.834622859954834,1.0630629062652588,1.1627912521362305,1.524807333946228,1.65373957157135,2.5539681911468506,2.4104397296905518,2.0261247158050537,1.8774535655975342,1.506368637084961,1.3811129331588745,1.0845590829849243,0.980656623840332,0.9513281583786011,0.9844343662261963,1.1705126762390137,1.3589117527008057,1.4517371654510498,1.7529067993164062,1.9119871854782104,2.8146867752075195,2.6674723625183105,2.2870614528656006,2.1846652030944824,1.8362120389938354,1.787031888961792,1.5282102823257446,1.476360559463501,1.4691476821899414,1.4961470365524292,1.6019198894500732,1.7546563148498535,1.8515079021453857,2.063493251800537,2.2603390216827393
B10,2.535928964614868,2.2744224071502686,1.9393868446350098,1.7438937425613403,1.4092873334884644,1.2668641805648804,0.9569735527038574,0.8438631892204285,0.5575993657112122,0.5689685344696045,0.6086128950119019,0.735177218914032,0.8297007083892822,1.1602256298065186,1.263281226158142,2.367539882659912,2.1850481033325195,1.8006774187088013,1.646685004234314,1.2713528871536255,1.1373556852340698,0.7605978846549988,0.6511135101318359,0.3751611113548279,0.0,0.3881494998931885,0.5723956823348999,0.6996475458145142,1.0838991403579712,1.2355685234069824,2.3310511112213135,2.1960368156433105,1.8061680793762207,1.691525936126709,1.3108245134353638,1.2209595441818237,0.8600214123725891,0.7995100617408752,0.6682077646255493,0.4988594949245453,0.6875997185707092,0.8107582926750183,0.8968134522438049,1.2286090850830078,1.3936954736709595,2.434835910797119,2.337130308151245,1.9489011764526367,1.8703495264053345,1.5072238445281982,1.471914529800415,1.1671595573425293,1.1606457233428955,1.085352897644043,0.9813700914382935,1.1039001941680908,1.1970773935317993,1.2660821676254272,1.513184905052185,1.6900230646133423,2.6888504028320312,2.5836784839630127,2.2027385234832764,2.1638169288635254,1.8280298709869385,1.85254967212677,1.5925766229629517,1.6142398118972778,1.5831079483032227,1.5188729763031006,1.5911295413970947,1.6634188890457153,1.730202555656433,1.879748821258545,2.0702176094055176
B11,2.84531569480896,2.6080265045166016,2.2644879817962646,2.0997331142425537,1.758126139640808,1.6364141702651978,1.3034080266952515,1.1716245412826538,0.8190715909004211,0.733332097530365,0.535908043384552,0.6838359236717224,0.9205447435379028,1.212286353111267,1.4142048358917236,2.652641773223877,2.4919772148132324,2.1098434925079346,1.9908649921417236,1.6224029064178467,1.5175386667251587,1.1434566974639893,1.0230556726455688,0.6742472052574158,0.3881494998931885,0.0,0.4017665684223175,0.7254237532615662,1.0680429935455322,1.3223475217819214,2.5846686363220215,2.465006113052368,2.078089952468872,1.9945060014724731,1.6203532218933105,1.5540194511413574,1.180227279663086,1.0974348783493042,0.837654709815979,0.5692551732063293,0.49528321623802185,0.6303226351737976,0.8521208167076111,1.1541199684143066,1.4138128757476807,2.6295502185821533,2.5444324016571045,2.157851457595825,2.1068921089172363,1.7438217401504517,1.725227952003479,1.3856568336486816,1.3599258661270142,1.1706106662750244,0.9825621247291565,0.959361732006073,1.0368454456329346,1.1850194931030273,1.4013704061508179,1.6525537967681885,2.813666820526123,2.7183847427368164,2.3373942375183105,2.3243489265441895,1.9815746545791626,2.022369384765625,1.722383737564087,1.739037275314331,1.6213845014572144,1.48958420753479,1.4687176942825317,1.5107828378677368,1.6197304725646973,1.7260884046554565,1.964660882949829
B12,2.6644446849823,2.466388463973999,2.1238269805908203,2.0240440368652344,1.6978155374526978,1.6640952825546265,1.342224359512329,1.3272533416748047,1.0400816202163696,0.8446693420410156,0.656541645526886,0.5389608144760132,0.7053318023681641,0.8997681140899658,1.1296554803848267,2.4326093196868896,2.306600332260132,1.934297800064087,1.8829646110534668,1.5385841131210327,1.53030526638031,1.1813528537750244,1.1953206062316895,0.9333544373512268,0.5723956823348999,0.4017665684223175,0.0,0.38517194986343384,0.6778975129127502,0.9707363843917847,2.338937520980835,2.257796049118042,1.880334496498108,1.8654310703277588,1.5174739360809326,1.5471079349517822,1.2037327289581299,1.248196005821228,1.0518630743026733,0.7055880427360535,0.644030749797821,0.494606614112854,0.5807847380638123,0.8041461706161499,1.0731955766677856,2.358025312423706,2.3157200813293457,1.9408434629440308,1.9579684734344482,1.6267753839492798,1.6961983442306519,1.3911857604980469,1.4726380109786987,1.3235636949539185,1.059068202972412,1.0452011823654175,0.9628536701202393,1.0039703845977783,1.1330410242080688,1.3608430624008179,2.538789749145508,2.486992359161377,2.118288278579712,2.1678054332733154,1.859133243560791,1.9744561910629272,1.7110170125961304,1.814182996749878,1.731467366218567,1.5401122570037842,1.5441864728927612,1.485101342201233,1.5097306966781616,1.5466289520263672,1.734987735748291
B13,2.3161568641662598,2.1372523307800293,1.80404531955719,1.7475835084915161,1.4493775367736816,1.490334153175354,1.2116756439208984,1.3102470636367798,1.1246817111968994,0.9145820140838623,0.861513078212738,0.6066440343856812,0.5370781421661377,0.6381331086158752,0.7929040789604187,2.0634407997131348,1.9534350633621216,1.589311122894287,1.5823365449905396,1.2658674716949463,1.339810848236084,1.041033148765564,1.1829633712768555,1.0414072275161743,0.6996475458145142,0.7254237532615662,0.38517194986343384,0.0,0.38461625576019287,0.5997335314750671,1.967570185661316,1.9112900495529175,1.5398324728012085,1.571994662284851,1.2522683143615723,1.36323082447052,1.0779955387115479,1.2422016859054565,1.160692811012268,0.8396152257919312,0.913103461265564,0.6780576109886169,0.5067309737205505,0.6541413068771362,0.8073122501373291,2.0094587802886963,1.997424602508545,1.631554365158081,1.6936328411102295,1.3976632356643677,1.5368839502334595,1.2967727184295654,1.4723975658416748,1.4195280075073242,1.1671011447906494,1.2481155395507812,1.0997360944747925,1.0009151697158813,1.0809991359710693,1.205260157585144,2.2462830543518066,2.2251932621002197,1.868172287940979,1.9532718658447266,1.6836614608764648,1.849241018295288,1.6491347551345825,1.8184545040130615,1.8153729438781738,1.6333740949630737,1.7137175798416138,1.6191396713256836,1.5572878122329712,1.5806519985198975,1.685034990310669
