,A1,A2,A3,A4,A5,A6,A7,A8,A9,A10,A11,A12,A13,A14,A15,B1,B2,B3,B4,B5,B6,B7,B8,B9,B10,B11,B12,B13,B14,B15,C1,C2,C3,C4,C5,C6,C7,C8,C9,C10,C11,C12,C13,C14,C15,D1,D2,D3,D4,D5,D6,D7,D8,D9,D10,D11,D12,D13,D14,D15,E1,E2,E3,E4,E5,E6,E7,E8,E9,E10,E11,E12,E13,E14,E15
A1,0.0,0.37972012162208557,0.6048357486724854,0.9201978445053101,1.203548550605774,1.53066086769104,1.7157777547836304,2.097097396850586,2.3292109966278076,2.3374974727630615,2.050917387008667,2.0762922763824463,1.7018892765045166,1.702599048614502,1.3569306135177612,0.7208346724510193,0.9248859286308289,1.0299097299575806,1.2190829515457153,1.440853476524353,1.709255576133728,1.9184589385986328,2.2574446201324463,2.5304105281829834,2.5527052879333496,2.2132339477539062,2.28690242767334,1.961283802986145,2.02409291267395,1.7783781290054321,1.5001113414764404,1.6075447797775269,1.6071170568466187,1.7150793075561523,1.834105372428894,2.044527769088745,2.2231478691101074,2.520763874053955,2.785583972930908,2.8191676139831543,2.4988198280334473,2.6100127696990967,2.3325276374816895,2.4200282096862793,2.232544183731079,2.1242847442626953,2.225520372390747,2.177964687347412,2.2492566108703613,2.313019275665283,2.4725241661071777,2.626243829727173,2.8952982425689697,3.0873782634735107,3.1252405643463135,2.859098196029663,3.031336545944214,2.805647611618042,2.9339993000030518,2.8130838871002197,2.919313669204712,2.9604527950286865,2.8511600494384766,2.884187698364258,2.90739369392395,3.0412228107452393,3.198564291000366,3.369408130645752,3.6168289184570312,3.7031490802764893,3.7827014923095703,3.8073408603668213,3.6588950157165527,3.782768487930298,3.743314743041992
A2,0.37972012162208557,0.0,0.3831348419189453,0.594796895980835,0.9333158135414124,1.2316555976867676,1.454308032989502,1.8269845247268677,2.0760340690612793,2.129312515258789,1.8881325721740723,1.9521842002868652,1.5926902294158936,1.6587347984313965,1.3287941217422485,0.7145421504974365,0.7512589693069458,0.800286054611206,0.899770200252533,1.1229921579360962,1.360344648361206,1.6041603088378906,1.9383563995361328,2.232383966445923,2.2943787574768066,1.9823226928710938,2.1063880920410156,1.7976206541061401,1.9218580722808838,1.697754144668579,1.4234439134597778,1.44303297996521,1.3940421342849731,1.436021089553833,1.527566909790039,1.701673984527588,1.8995057344436646,2.186025619506836,2.4725751876831055,2.5406527519226074,2.2449069023132324,2.401118516921997,2.1433513164520264,2.2845914363861084,2.120659589767456,2.0187828540802,2.0605735778808594,1.9726243019104004,1.9946025609970093,2.0248122215270996,2.1492738723754883,2.307483196258545,2.5601255893707275,2.773122787475586,2.841364860534668,2.6037235260009766,2.8099277019500732,2.6081221103668213,2.777963876724243,2.6822338104248047,2.7845818996429443,2.788508415222168,2.6448309421539307,2.642963409423828,2.634888172149658,2.7395808696746826,2.894730806350708,3.0454254150390625,3.3063642978668213,3.418259859085083,3.514315128326416,3.568513870239258,3.4444875717163086,3.598254919052124,3.5839622020721436
A3,0.6048357486724854,0.3831348419189453,0.0,0.37440788745880127,0.60540372133255,0.9520148634910583,1.1171491146087646,1.5007878541946411,1.7303857803344727,1.7614803314208984,1.5086615085601807,1.5837528705596924,1.2329334020614624,1.3397942781448364,1.0519589185714722,0.8004768490791321,0.8338618278503418,0.6944135427474976,0.7989773154258728,0.9020668268203735,1.1597061157226562,1.3364310264587402,1.6633431911468506,1.9379780292510986,1.9736764430999756,1.6543264389038086,1.7800800800323486,1.4947078227996826,1.644858717918396,1.4771062135696411,1.4444892406463623,1.471670150756836,1.3268228769302368,1.3811795711517334,1.3878602981567383,1.571777582168579,1.699425220489502,1.9670053720474243,2.2261269092559814,2.2704193592071533,1.9715776443481445,2.1202385425567627,1.8912869691848755,2.040976047515869,1.928727149963379,2.0082011222839355,2.0613603591918945,1.9105980396270752,1.9509531259536743,1.9242182970046997,2.0625548362731934,2.1583127975463867,2.391658067703247,2.571619749069214,2.6269166469573975,2.385049819946289,2.572226047515869,2.39703631401062,2.5599071979522705,2.506201982498169,2.7324275970458984,2.7595036029815674,2.5776989459991455,2.5980019569396973,2.5496976375579834,2.66896915435791,2.7743866443634033,2.904956102371216,3.1357762813568115,3.239349603652954,3.301923990249634,3.352121591567993,3.2457611560821533,3.384274959564209,3.3974997997283936
A4,0.9201978445053101,0.594796895980835,0.37440788745880127,0.0,0.3808709681034088,0.642288327217102,0.8857519030570984,1.2443726062774658,1.5123474597930908,1.616631031036377,1.4357174634933472,1.5795685052871704,1.2780916690826416,1.4706275463104248,1.2394105195999146,1.0558617115020752,0.9527550935745239,0.7474459409713745,0.6666133403778076,0.685560941696167,0.8505706191062927,1.0751549005508423,1.3744326829910278,1.6887999773025513,1.7870266437530518,1.5201663970947266,1.7221794128417969,1.4846312999725342,1.7111955881118774,1.5903973579406738,1.5818836688995361,1.5184292793273926,1.319385051727295,1.2760580778121948,1.2137303352355957,1.3193206787109375,1.458208680152893,1.6879154443740845,1.9786828756332397,2.075711488723755,1.8221477270126343,2.0328209400177,1.8476592302322388,2.0615782737731934,1.9905967712402344,2.087834358215332,2.075232744216919,1.8792688846588135,1.8541905879974365,1.7708715200424194,1.8491652011871338,1.9376999139785767,2.1319353580474854,2.3390750885009766,2.4410367012023926,2.24522066116333,2.472330093383789,2.3388772010803223,2.547849178314209,2.5315659046173096,2.758992910385132,2.7445881366729736,2.5241458415985107,2.5008246898651123,2.407115936279297,2.482370376586914,2.576535940170288,2.669098138809204,2.9143590927124023,3.055219888687134,3.133862257003784,3.2240612506866455,3.1546428203582764,3.3257672786712646,3.3733327388763428
A5,1.203548550605774,0.9333158135414124,0.60540372133255,0.3808709681034088,0.0,0.37977683544158936,0.5217148065567017,0.8981700539588928,1.1530319452285767,1.2488983869552612,1.0763076543807983,1.2654907703399658,1.0126614570617676,1.2789236307144165,1.1414743661880493,1.2872562408447266,1.2007521390914917,0.8941631317138672,0.809861421585083,0.6320124864578247,0.759617269039154,0.8586722016334534,1.1199883222579956,1.4120014905929565,1.4878277778625488,1.231584906578064,1.455580234527588,1.2772983312606812,1.5446799993515015,1.5090091228485107,1.7337480783462524,1.6788183450698853,1.4065827131271362,1.369959831237793,1.2078951597213745,1.3000333309173584,1.33697509765625,1.5188307762145996,1.7713581323623657,1.846480131149292,1.6058460474014282,1.8152403831481934,1.6840052604675293,1.9121609926223755,1.9107197523117065,2.186922550201416,2.1822195053100586,1.9316449165344238,1.9204939603805542,1.774384617805481,1.8560214042663574,1.8660528659820557,2.022411346435547,2.188246965408325,2.280907392501831,2.092696189880371,2.2980663776397705,2.2070465087890625,2.409284830093384,2.4458229541778564,2.795870780944824,2.8016867637634277,2.5459485054016113,2.5420339107513428,2.4044034481048584,2.4881293773651123,2.5235795974731445,2.5852770805358887,2.7932567596435547,2.928151845932007,2.968722105026245,3.0591940879821777,3.0164172649383545,3.17195987701416,3.2539706230163574
A6,1.53066086769104,1.2316555976867676,0.9520148634910583,0.642288327217102,0.37977683544158936,0.0,0.37455183267593384,0.6391657590866089,0.9673271775245667,1.1716846227645874,1.1103932857513428,1.3829911947250366,1.2208651304244995,1.5431885719299316,1.4659770727157593,1.6326348781585693,1.4940135478973389,1.1865962743759155,1.001747488975525,0.7421404123306274,0.6676182746887207,0.7569901347160339,0.9022355079650879,1.2401247024536133,1.3955551385879517,1.2353432178497314,1.5365556478500366,1.4403516054153442,1.760169506072998,1.7765288352966309,2.0237293243408203,1.9140225648880005,1.6156517267227173,1.5032553672790527,1.2719143629074097,1.2542117834091187,1.2669994831085205,1.356499195098877,1.6291882991790771,1.7649433612823486,1.5987175703048706,1.865227460861206,1.801866054534912,2.0786499977111816,2.125041961669922,2.426442861557007,2.373302459716797,2.0902469158172607,2.023029327392578,1.818000316619873,1.8279544115066528,1.8086084127426147,1.8942787647247314,2.0774288177490234,2.2231717109680176,2.097003221511841,2.331167459487915,2.29695463180542,2.5332963466644287,2.6130483150482178,2.9757916927337646,2.9489917755126953,2.660583734512329,2.618485689163208,2.4320528507232666,2.4667394161224365,2.4757566452026367,2.481431484222412,2.692434072494507,2.8677923679351807,2.9144320487976074,3.0475034713745117,3.051503896713257,3.2318663597106934,3.353618621826172
A7,1.7157777547836304,1.454308032989502,1.1171491146087646,0.8857519030570984,0.5217148065567017,0.37455183267593384,0.0,0.3899787962436676,0.640801727771759,0.800264298915863,0.7511584758758545,1.0496224164962769,0.9579781889915466,1.3187273740768433,1.3304946422576904,1.7368144989013672,1.6243300437927246,1.2647924423217773,1.131561517715454,0.7964564561843872,0.7643282413482666,0.652843177318573,0.7580063343048096,1.0136724710464478,1.0995283126831055,0.9346132874488831,1.2323331832885742,1.1970562934875488,1.5304994583129883,1.6193963289260864,2.0541396141052246,1.972034215927124,1.632898211479187,1.5626767873764038,1.2836920022964478,1.3022973537445068,1.2036125659942627,1.268056869506836,1.4644955396652222,1.5397353172302246,1.368531346321106,1.604721188545227,1.5853489637374878,1.853664517402649,1.9561258554458618,2.408834218978882,2.3807826042175293,2.06658935546875,2.0384957790374756,1.8044155836105347,1.8518531322479248,1.7591532468795776,1.8324196338653564,1.949708104133606,2.0546176433563232,1.9150855541229248,2.107623815536499,2.1007027626037598,2.3133819103240967,2.4318299293518066,2.9028944969177246,2.90871262550354,2.603832960128784,2.599060535430908,2.3934690952301025,2.4603323936462402,2.4170238971710205,2.416684865951538,2.5781641006469727,2.7230539321899414,2.723991870880127,2.8368160724639893,2.850245952606201,3.002761125564575,3.1440353393554688
A8,2.097097396850586,1.8269845247268677,1.5007878541946411,1.2443726062774658,0.8981700539588928,0.6391657590866089,0.3899787962436676,0.0,0.3783849775791168,0.6873871088027954,0.8173677325248718,1.1693127155303955,1.1987615823745728,1.578898310661316,1.6554056406021118,2.1163127422332764,1.9814443588256836,1.6173806190490723,1.4462862014770508,1.081710934638977,0.9377910494804382,0.7483681440353394,0.6366686224937439,0.8506581783294678,0.9894961714744568,0.9694413542747498,1.311165690422058,1.3836466073989868,1.7396851778030396,1.8886078596115112,2.3815062046051025,2.2717959880828857,1.9123404026031494,1.8048335313796997,1.476369023323059,1.4182167053222656,1.2546240091323853,1.1959415674209595,1.3518797159194946,1.457660436630249,1.3811841011047363,1.6446491479873657,1.7131383419036865,2.0069406032562256,2.1675167083740234,2.680863618850708,2.6250851154327393,2.2824807167053223,2.2248103618621826,1.9397740364074707,1.9377988576889038,1.7879455089569092,1.7780097723007202,1.8720654249191284,2.0081369876861572,1.9321513175964355,2.125039577484131,2.1869516372680664,2.4134445190429688,2.5841264724731445,3.0996673107147217,3.0907974243164062,2.7574219703674316,2.7349283695220947,2.483093023300171,2.517307996749878,2.4253764152526855,2.365438222885132,2.4997406005859375,2.6677441596984863,2.6507904529571533,2.7951436042785645,2.860318660736084,3.0205776691436768,3.206936836242676
A9,2.3292109966278076,2.0760340690612793,1.7303857803344727,1.5123474597930908,1.1530319452285767,0.9673271775245667,0.640801727771759,0.3783849775791168,0.0,0.3826505243778229,0.668804407119751,0.9904527068138123,1.13153874874115,1.5033276081085205,1.656915545463562,2.2625892162323,2.133955478668213,1.7484310865402222,1.608040452003479,1.224391222000122,1.115651249885559,0.809191107749939,0.641264796257019,0.6599000692367554,0.6972193717956543,0.749890148639679,1.074952244758606,1.2430084943771362,1.595373511314392,1.811896800994873,2.434070348739624,2.336737632751465,1.9551830291748047,1.8756823539733887,1.5231976509094238,1.4903064966201782,1.2355667352676392,1.1437623500823975,1.188507080078125,1.220799446105957,1.170785903930664,1.3982411623001099,1.533557415008545,1.8179397583007812,2.0364809036254883,2.665440797805786,2.6215286254882812,2.2573466300964355,2.227665424346924,1.9216948747634888,1.947778582572937,1.7309867143630981,1.7030086517333984,1.719535231590271,1.809970736503601,1.7355823516845703,1.8829087018966675,1.9856595993041992,2.1911046504974365,2.404676914215088,3.0055453777313232,3.019589900970459,2.673537492752075,2.6808390617370605,2.411965847015381,2.471733570098877,2.3278322219848633,2.2604808807373047,2.3383352756500244,2.4727866649627686,2.4098434448242188,2.536719799041748,2.6181533336639404,2.7544174194335938,2.964669942855835
A10,2.3374974727630615,2.129312515258789,1.7614803314208984,1.616631031036377,1.2488983869552612,1.1716846227645874,0.800264298915863,0.6873871088027954,0.3826505243778229,0.0,0.3909062147140503,0.6602922081947327,0.8941283226013184,1.242185354232788,1.4671493768692017,2.22646164894104,2.145371913909912,1.7521041631698608,1.6870841979980469,1.3221684694290161,1.3153150081634521,0.9793878793716431,0.9148947596549988,0.8320141434669495,0.6689476370811462,0.6214099526405334,0.8297598361968994,1.040940284729004,1.3496233224868774,1.615348219871521,2.368211507797241,2.32383394241333,1.943319320678711,1.9337413311004639,1.6050395965576172,1.6543476581573486,1.3727977275848389,1.343949794769287,1.317237138748169,1.2314510345458984,1.1145033836364746,1.2369964122772217,1.375818133354187,1.6015775203704834,1.848115086555481,2.5843331813812256,2.5903520584106445,2.2324492931365967,2.2656571865081787,1.9856897592544556,2.079813003540039,1.8462109565734863,1.863939881324768,1.8207908868789673,1.8296951055526733,1.69508957862854,1.768652319908142,1.8558697700500488,2.0034642219543457,2.2251083850860596,2.9100701808929443,2.9724843502044678,2.641230821609497,2.702193021774292,2.457559823989868,2.5716614723205566,2.4142088890075684,2.3854422569274902,2.423333168029785,2.498677968978882,2.390535831451416,2.4609780311584473,2.513948440551758,2.599703788757324,2.7981984615325928
A11,2.050917387008667,1.8881325721740723,1.5086615085601807,1.4357174634933472,1.0763076543807983,1.1103932857513428,0.7511584758758545,0.8173677325248718,0.668804407119751,0.3909062147140503,0.0,0.38691651821136475,0.5583220720291138,0.9154050946235657,1.1433777809143066,1.9637702703475952,1.940508246421814,1.5575764179229736,1.564495325088501,1.2443650960922241,1.3367860317230225,1.057204246520996,1.1245129108428955,1.1182003021240234,0.9384506344795227,0.7141479849815369,0.8139253258705139,0.907667875289917,1.1651549339294434,1.3995362520217896,2.1718127727508545,2.1826460361480713,1.8266710042953491,1.8760390281677246,1.6007006168365479,1.7227054834365845,1.4945731163024902,1.558887004852295,1.5757629871368408,1.4672064781188965,1.253563404083252,1.3179556131362915,1.3598713874816895,1.5267153978347778,1.7238035202026367,2.4504234790802,2.5056302547454834,2.17966365814209,2.258240222930908,2.0312960147857666,2.1752848625183105,1.9905301332473755,2.076300621032715,2.054547071456909,2.033383369445801,1.832862377166748,1.8873562812805176,1.900635004043579,2.0096304416656494,2.1796813011169434,2.855926752090454,2.949523687362671,2.6507956981658936,2.7410082817077637,2.543698787689209,2.6926703453063965,2.576810836791992,2.5990588665008545,2.6581814289093018,2.7096245288848877,2.6095709800720215,2.641192674636841,2.640515089035034,2.7014594078063965,2.852530002593994
A12,2.0762922763824463,1.9521842002868652,1.5837528705596924,1.5795685052871704,1.2654907703399658,1.3829911947250366,1.0496224164962769,1.1693127155303955,0.9904527068138123,0.6602922081947327,0.38691651821136475,0.0,0.38481253385543823,0.6295960545539856,0.9427235126495361,1.8891761302947998,1.8987897634506226,1.5294455289840698,1.6071428060531616,1.3343510627746582,1.5033087730407715,1.2194775342941284,1.3489809036254883,1.284087061882019,1.0152409076690674,0.7154703736305237,0.6131351590156555,0.6835471987724304,0.8487482666969299,1.126351237297058,2.011971950531006,2.0698304176330566,1.7289975881576538,1.845853567123413,1.61110520362854,1.8028216361999512,1.5657989978790283,1.6871179342269897,1.6581217050552368,1.4690130949020386,1.1945738792419434,1.1467695236206055,1.150255799293518,1.2364411354064941,1.440932273864746,2.2494099140167236,2.3499300479888916,2.0408971309661865,2.179560661315918,1.990071415901184,2.1952624320983887,2.007905960083008,2.141507625579834,2.07850980758667,1.9865460395812988,1.728996753692627,1.720017671585083,1.6936726570129395,1.7432599067687988,1.89963698387146,2.628007411956787,2.7649285793304443,2.4897243976593018,2.629467725753784,2.4657657146453857,2.664383888244629,2.5474131107330322,2.6148133277893066,2.6474735736846924,2.643996477127075,2.5204763412475586,2.496999502182007,2.4538137912750244,2.4730522632598877,2.5944600105285645
A13,1.7018892765045166,1.5926902294158936,1.2329334020614624,1.2780916690826416,1.0126614570617676,1.2208651304244995,0.9579781889915466,1.1987615823745728,1.13153874874115,0.8941283226013184,0.5583220720291138,0.38481253385543823,0.0,0.38393935561180115,0.5921441912651062,1.5146629810333252,1.5496200323104858,1.1952552795410156,1.3208750486373901,1.1070612668991089,1.3481451272964478,1.1459473371505737,1.3729290962219238,1.3987895250320435,1.1960052251815796,0.825618326663971,0.7600337862968445,0.6153548359870911,0.7596954703330994,0.9134085774421692,1.7058254480361938,1.7868616580963135,1.4734026193618774,1.6182289123535156,1.439040184020996,1.6734542846679688,1.5114977359771729,1.7053134441375732,1.7494674921035767,1.602070927619934,1.276718258857727,1.2619656324386597,1.1497032642364502,1.230828881263733,1.3324627876281738,2.0207488536834717,2.1377432346343994,1.8618003129959106,2.010470390319824,1.8692089319229126,2.0928030014038086,1.9713901281356812,2.157271385192871,2.148949384689331,2.074117660522461,1.7881255149841309,1.8216655254364014,1.7239445447921753,1.7892544269561768,1.8717758655548096,2.5007059574127197,2.632333993911743,2.384312868118286,2.5181984901428223,2.394399642944336,2.5984296798706055,2.5382721424102783,2.6423208713531494,2.7232985496520996,2.7313528060913086,2.653193712234497,2.6314711570739746,2.550028085708618,2.5906975269317627,2.666332244873047
A14,1.702599048614502,1.6587347984313965,1.3397942781448364,1.4706275463104248,1.2789236307144165,1.5431885719299316,1.3187273740768433,1.578898310661316,1.5033276081085205,1.242185354232788,0.9154050946235657,0.6295960545539856,0.38393935561180115,0.0,0.38812994956970215,1.4311399459838867,1.5304099321365356,1.2306513786315918,1.4446208477020264,1.3160792589187622,1.6132407188415527,1.4400041103363037,1.7019482851028442,1.7052500247955322,1.4686623811721802,1.0841436386108398,0.8953673839569092,0.6695858240127563,0.5986767411231995,0.699235200881958,1.5618197917938232,1.7184550762176514,1.456632137298584,1.680541753768921,1.5746402740478516,1.8673092126846313,1.7273205518722534,1.9669651985168457,1.9912638664245605,1.8002818822860718,1.4399477243423462,1.3369290828704834,1.1538670063018799,1.1171711683273315,1.1591167449951172,1.8645378351211548,2.0463249683380127,1.817453145980835,2.030924081802368,1.9520577192306519,2.2284698486328125,2.128843307495117,2.3596529960632324,2.3316755294799805,2.205385446548462,1.8736451864242554,1.8564589023590088,1.698197364807129,1.6952937841415405,1.7231793403625488,2.3551480770111084,2.5344130992889404,2.3311407566070557,2.51275372505188,2.4410758018493652,2.6885342597961426,2.646153211593628,2.7964351177215576,2.8652236461639404,2.8281707763671875,2.741276264190674,2.6689136028289795,2.536562442779541,2.5373752117156982,2.562760591506958
A15,1.3569306135177612,1.3287941217422485,1.0519589185714722,1.2394105195999146,1.1414743661880493,1.4659770727157593,1.3304946422576904,1.6554056406021118,1.656915545463562,1.4671493768692017,1.1433777809143066,0.9427235126495361,0.5921441912651062,0.38812994956970215,0.0,1.0467482805252075,1.177112340927124,0.9209563136100769,1.194705843925476,1.1613807678222656,1.507037878036499,1.424846887588501,1.7473630905151367,1.8191759586334229,1.6457175016403198,1.2461762428283691,1.1243191957473755,0.7992475628852844,0.7401208281517029,0.6238545179367065,1.2529466152191162,1.4335424900054932,1.2202677726745605,1.4683274030685425,1.4361371994018555,1.755194067955017,1.6963505744934082,1.9871512651443481,2.0738439559936523,1.9308476448059082,1.5541744232177734,1.5021458864212036,1.2440460920333862,1.228683590888977,1.152496576309204,1.649342656135559,1.8383811712265015,1.6543854475021362,1.866079330444336,1.84123694896698,2.122730255126953,2.092057228088379,2.3614931106567383,2.386687994003296,2.2866272926330566,1.9488147497177124,1.9827485084533691,1.7741014957427979,1.8038218021392822,1.7606581449508667,2.2469162940979004,2.4065334796905518,2.233215570449829,2.3966798782348633,2.3645408153533936,2.6063506603240967,2.6212005615234375,2.7994720935821533,2.9149458408355713,2.896214485168457,2.857717275619507,2.798909902572632,2.64219331741333,2.6755380630493164,2.6646180152893066
B1,0.7208346724510193,0.7145421504974365,0.8004768490791321,1.0558617115020752,1.2872562408447266,1.6326348781585693,1.7368144989013672,2.1163127422332764,2.2625892162323,2.22646164894104,1.9637702703475952,1.8891761302947998,1.5146629810333252,1.4311399459838867,1.0467482805252075,0.0,0.3862648904323578,0.5965070128440857,0.9136613607406616,1.2072672843933105,1.5506547689437866,1.7162816524505615,2.1012864112854004,2.305370807647705,2.281993865966797,1.9238086938858032,1.9313422441482544,1.559908151626587,1.5616016387939453,1.2393813133239746,0.7816459536552429,0.9426934123039246,0.996651291847229,1.2043219804763794,1.40791916847229,1.706594467163086,1.8757356405258179,2.234358787536621,2.4541170597076416,2.437587261199951,2.088005781173706,2.1511082649230957,1.8194669485092163,1.869834542274475,1.6178405284881592,1.4076504707336426,1.5405290126800537,1.5270110368728638,1.6611839532852173,1.789734959602356,2.0237300395965576,2.1851041316986084,2.511998176574707,2.66841197013855,2.6485769748687744,2.346683979034424,2.4972116947174072,2.2232282161712646,2.3354907035827637,2.1657614707946777,2.20849871635437,2.2688848972320557,2.1879115104675293,2.260636568069458,2.331132650375366,2.5181431770324707,2.6852829456329346,2.9124577045440674,3.140109062194824,3.176826238632202,3.2604453563690186,3.2485928535461426,3.0590660572052,3.1765520572662354,3.0988657474517822
B2,0.9248859286308289,0.7512589693069458,0.8338618278503418,0.9527550935745239,1.2007521390914917,1.4940135478973389,1.6243300437927246,1.9814443588256836,2.133955478668213,2.145371913909912,1.940508246421814,1.8987897634506226,1.5496200323104858,1.5304099321365356,1.177112340927124,0.3862648904323578,0.0,0.3943469226360321,0.615617573261261,0.9691725373268127,1.283097267150879,1.4891738891601562,1.8736040592193604,2.0909104347229004,2.1126549243927,1.7897392511367798,1.848442554473877,1.4935169219970703,1.5609663724899292,1.2574723958969116,0.7070716023445129,0.6959467530250549,0.7269959449768066,0.8589314222335815,1.091654896736145,1.368770956993103,1.5819650888442993,1.945849895477295,2.189574718475342,2.212505578994751,1.8902313709259033,2.0046019554138184,1.6847126483917236,1.7989532947540283,1.5598299503326416,1.2782421112060547,1.3169652223587036,1.2734577655792236,1.3426806926727295,1.464349389076233,1.6689577102661133,1.860857367515564,2.1877965927124023,2.3734045028686523,2.3848090171813965,2.1133460998535156,2.3101561069488525,2.0521528720855713,2.2188167572021484,2.064302444458008,2.0494327545166016,2.0522515773773193,1.9416239261627197,1.9658955335617065,2.0187346935272217,2.1754961013793945,2.360194683074951,2.580930233001709,2.8321807384490967,2.894965887069702,3.009945869445801,3.030453681945801,2.8601226806640625,3.0188562870025635,2.95982027053833
B3,1.0299097299575806,0.800286054611206,0.6944135427474976,0.7474459409713745,0.8941631317138672,1.1865962743759155,1.2647924423217773,1.6173806190490723,1.7484310865402222,1.7521041631698608,1.5575764179229736,1.5294455289840698,1.1952552795410156,1.2306513786315918,0.9209563136100769,0.5965070128440857,0.3943469226360321,0.0,0.3689950406551361,0.6257265210151672,0.9808534979820251,1.132098913192749,1.5204206705093384,1.725028395652771,1.7333146333694458,1.404990553855896,1.4832426309585571,1.1442896127700806,1.2693507671356201,1.0293158292770386,0.8497714400291443,0.8134222626686096,0.6335222125053406,0.7494018077850342,0.8485293388366699,1.1414390802383423,1.286972999572754,1.6391645669937134,1.8669029474258423,1.8774179220199585,1.5508780479431152,1.6786408424377441,1.387783408164978,1.5405259132385254,1.3693913221359253,1.3461360931396484,1.374996542930603,1.2185801267623901,1.2871876955032349,1.3111464977264404,1.5198041200637817,1.640608549118042,1.944294810295105,2.1055948734283447,2.1161701679229736,1.845054268836975,2.0389580726623535,1.8170056343078613,1.996514081954956,1.9021878242492676,2.048078775405884,2.065258502960205,1.8892351388931274,1.9246211051940918,1.9097179174423218,2.070192337036133,2.1958229541778564,2.3846209049224854,2.611459732055664,2.678274631500244,2.7627317905426025,2.791816473007202,2.650642156600952,2.8050379753112793,2.7883028984069824
B4,1.2190829515457153,0.899770200252533,0.7989773154258728,0.6666133403778076,0.809861421585083,1.001747488975525,1.131561517715454,1.4462862014770508,1.608040452003479,1.6870841979980469,1.564495325088501,1.6071428060531616,1.3208750486373901,1.4446208477020264,1.194705843925476,0.9136613607406616,0.615617573261261,0.3689950406551361,0.0,0.38806137442588806,0.6687309741973877,0.9031877517700195,1.2763652801513672,1.5248404741287231,1.609525203704834,1.3427889347076416,1.509838342666626,1.2299296855926514,1.4414727687835693,1.2653614282608032,1.0966228246688843,0.9288553595542908,0.695003092288971,0.6105890870094299,0.6285151243209839,0.8350974321365356,1.0373469591140747,1.369815468788147,1.6471339464187622,1.7273908853530884,1.4543137550354004,1.663101077079773,1.424615740776062,1.6559855937957764,1.5349814891815186,1.502788782119751,1.4354695081710815,1.2297335863113403,1.1901508569717407,1.1449816226959229,1.2731013298034668,1.410429835319519,1.682746171951294,1.8905646800994873,1.9624453783035278,1.7481709718704224,1.9995704889297485,1.8257044553756714,2.064246654510498,2.0109636783599854,2.1329333782196045,2.089885711669922,1.8707950115203857,1.8400042057037354,1.7728513479232788,1.8736329078674316,2.0011680126190186,2.1521308422088623,2.4083385467529297,2.5235531330108643,2.6367080211639404,2.715646982192993,2.6157217025756836,2.812926769256592,2.8327796459198
B5,1.440853476524353,1.1229921579360962,0.9020668268203735,0.685560941696167,0.6320124864578247,0.7421404123306274,0.7964564561843872,1.081710934638977,1.224391222000122,1.3221684694290161,1.2443650960922241,1.3343510627746582,1.1070612668991089,1.3160792589187622,1.1613807678222656,1.2072672843933105,0.9691725373268127,0.6257265210151672,0.38806137442588806,0.0,0.3784175217151642,0.5285440683364868,0.9074574112892151,1.158905267715454,1.2534334659576416,1.0092861652374268,1.238204836845398,1.0279107093811035,1.3187624216079712,1.2483978271484375,1.3675520420074463,1.2119431495666504,0.8861755728721619,0.7784937620162964,0.576021671295166,0.7183364629745483,0.7974947690963745,1.0840039253234863,1.3503154516220093,1.434860348701477,1.1829432249069214,1.4296107292175293,1.2624996900558472,1.5424537658691406,1.514683723449707,1.7044346332550049,1.6333101987838745,1.3503170013427734,1.3025280237197876,1.1431748867034912,1.2428544759750366,1.2771985530853271,1.4929659366607666,1.6737192869186401,1.759202480316162,1.5680253505706787,1.8191356658935547,1.707664132118225,1.9599236249923706,1.9796838760375977,2.2456321716308594,2.213364362716675,1.941001057624817,1.9158053398132324,1.7754772901535034,1.8653042316436768,1.9193089008331299,2.0181174278259277,2.243964672088623,2.3714473247528076,2.451005220413208,2.547912836074829,2.4907805919647217,2.684903383255005,2.7549307346343994
B6,1.709255576133728,1.360344648361206,1.1597061157226562,0.8505706191062927,0.759617269039154,0.6676182746887207,0.7643282413482666,0.9377910494804382,1.115651249885559,1.3153150081634521,1.3367860317230225,1.5033087730407715,1.3481451272964478,1.6132407188415527,1.507037878036499,1.5506547689437866,1.283097267150879,0.9808534979820251,0.6687309741973877,0.3784175217151642,0.0,0.3859015107154846,0.6638916730880737,0.9878836274147034,1.194338083267212,1.066331386566162,1.379901647567749,1.2614666223526,1.5969154834747314,1.5784668922424316,1.6959731578826904,1.4856600761413574,1.1631790399551392,0.9518585205078125,0.668377697467804,0.5867553353309631,0.669000506401062,0.850206196308136,1.1784965991973877,1.3580900430679321,1.2041789293289185,1.525623083114624,1.4392889738082886,1.768144965171814,1.7889282703399658,1.9786776304244995,1.8483747243881226,1.5422669649124146,1.411733865737915,1.1786713600158691,1.1609694957733154,1.17278254032135,1.3030668497085571,1.5288033485412598,1.6923860311508179,1.5848770141601562,1.8797968626022339,1.8346086740493774,2.1274569034576416,2.190958261489868,2.4473347663879395,2.370046854019165,2.0655107498168945,1.9837480783462524,1.7851663827896118,1.8028192520141602,1.8352237939834595,1.867272973060608,2.111849784851074,2.29538893699646,2.3945560455322266,2.546222448348999,2.542092800140381,2.770371675491333,2.881659507751465
B7,1.9184589385986328,1.6041603088378906,1.3364310264587402,1.0751549005508423,0.8586722016334534,0.7569901347160339,0.652843177318573,0.7483681440353394,0.809191107749939,0.9793878793716431,1.057204246520996,1.2194775342941284,1.1459473371505737,1.4400041103363037,1.424846887588501,1.7162816524505615,1.4891738891601562,1.132098913192749,0.9031877517700195,0.5285440683364868,0.3859015107154846,0.0,0.3904077708721161,0.642086386680603,0.811127245426178,0.7047745585441589,1.0524567365646362,1.0161197185516357,1.385032057762146,1.4547150135040283,1.794638752937317,1.6194875240325928,1.2477242946624756,1.096483588218689,0.740031361579895,0.7059266567230225,0.5508580207824707,0.6750954985618591,0.9157897233963013,1.0409979820251465,0.8892104029655457,1.2147170305252075,1.1959905624389648,1.5396476984024048,1.6367207765579224,2.0164146423339844,1.9130795001983643,1.5629842281341553,1.479287028312683,1.194381594657898,1.2192593812942505,1.1064279079437256,1.2023224830627441,1.3419831991195679,1.4669721126556396,1.3526521921157837,1.6138111352920532,1.615116834640503,1.8956366777420044,2.0156357288360596,2.408237934112549,2.366342544555664,2.034393310546875,1.9951577186584473,1.7606120109558105,1.8128244876861572,1.7662497758865356,1.7777972221374512,1.9596997499465942,2.1150269508361816,2.1604645252227783,2.299351930618286,2.3162386417388916,2.5211541652679443,2.6647145748138428
B8,2.2574446201324463,1.9383563995361328,1.6633431911468506,1.3744326829910278,1.1199883222579956,0.9022355079650879,0.7580063343048096,0.6366686224937439,0.641264796257019,0.9148947596549988,1.1245129108428955,1.3489809036254883,1.3729290962219238,1.7019482851028442,1.7473630905151367,2.1012864112854004,1.8736040592193604,1.5204206705093384,1.2763652801513672,0.9074574112892151,0.6638916730880737,0.3904077708721161,0.0,0.3898496627807617,0.7035461664199829,0.7921044826507568,1.1818665266036987,1.2620153427124023,1.643166422843933,1.7742044925689697,2.174043893814087,1.9847489595413208,1.6107109785079956,1.431599497795105,1.0546996593475342,0.9123794436454773,0.6832768321037292,0.5594103932380676,0.7633018493652344,0.9611451029777527,0.9540454149246216,1.309748649597168,1.3983044624328613,1.756698489189148,1.9149969816207886,2.354041337966919,2.2278738021850586,1.8603215217590332,1.7447928190231323,1.4114692211151123,1.3617322444915771,1.1766124963760376,1.1415185928344727,1.258834719657898,1.4385781288146973,1.4161489009857178,1.677566409111023,1.763940453529358,2.054702043533325,2.2315807342529297,2.6686136722564697,2.6109118461608887,2.2534279823303223,2.191298007965088,1.9046131372451782,1.9088513851165771,1.8025373220443726,1.730968713760376,1.883817195892334,2.075833559036255,2.103726625442505,2.2860219478607178,2.36669921875,2.5816776752471924,2.776467800140381
B9,2.5304105281829834,2.232383966445923,1.9379780292510986,1.6887999773025513,1.4120014905929565,1.2401247024536133,1.0136724710464478,0.8506581783294678,0.6599000692367554,0.8320141434669495,1.1182003021240234,1.284087061882019,1.3987895250320435,1.7052500247955322,1.8191759586334229,2.305370807647705,2.0909104347229004,1.725028395652771,1.5248404741287231,1.158905267715454,0.9878836274147034,0.642086386680603,0.3898496627807617,0.0,0.38776248693466187,0.6502932906150818,1.0091711282730103,1.193379521369934,1.560573697090149,1.758202075958252,2.2829623222351074,2.108854055404663,1.719891905784607,1.577638030052185,1.1914938688278198,1.0902280807495117,0.7485967874526978,0.5586562752723694,0.5291515588760376,0.6422017216682434,0.7220510244369507,1.0604428052902222,1.244319200515747,1.5984084606170654,1.8222997188568115,2.3805034160614014,2.26487398147583,1.8763302564620972,1.7924221754074097,1.4370484352111816,1.4200119972229004,1.1400935649871826,1.0661962032318115,1.0619922876358032,1.1889381408691406,1.187768578529358,1.4058018922805786,1.556612491607666,1.8337340354919434,2.064760208129883,2.5919852256774902,2.5564069747924805,2.1830432415008545,2.1532821655273438,1.8422057628631592,1.8740578889846802,1.694480299949646,1.6058117151260376,1.6813830137252808,1.8365843296051025,1.8104596138000488,1.9833916425704956,2.09277606010437,2.2902050018310547,2.5190281867980957
B10,2.5527052879333496,2.2943787574768066,1.9736764430999756,1.7870266437530518,1.4878277778625488,1.3955551385879517,1.0995283126831055,0.9894961714744568,0.6972193717956543,0.6689476370811462,0.9384506344795227,1.0152409076690674,1.1960052251815796,1.4686623811721802,1.6457175016403198,2.281993865966797,2.1126549243927,1.7333146333694458,1.609525203704834,1.2534334659576416,1.194338083267212,0.811127245426178,0.7035461664199829,0.38776248693466187,0.0,0.40015023946762085,0.681335985660553,0.9504454731941223,1.2883676290512085,1.5467654466629028,2.220245599746704,2.100304365158081,1.7062337398529053,1.6440143585205078,1.2822445631027222,1.2892706394195557,0.9225348830223083,0.848212718963623,0.6986523866653442,0.5637445449829102,0.5434202551841736,0.7731286287307739,1.0073444843292236,1.320789098739624,1.595332145690918,2.29190993309021,2.2296595573425293,1.841226577758789,1.8334498405456543,1.50686514377594,1.580260992050171,1.2785524129867554,1.2692875862121582,1.1686348915100098,1.1667394638061523,1.0799764394760132,1.200683832168579,1.3537932634353638,1.5752485990524292,1.8338230848312378,2.4752092361450195,2.4953813552856445,2.1330184936523438,2.1700000762939453,1.8846373558044434,1.986977458000183,1.784772515296936,1.744763731956482,1.7584097385406494,1.8322902917861938,1.7389248609542847,1.8429527282714844,1.9255064725875854,2.06693434715271,2.294024705886841
B11,2.2132339477539062,1.9823226928710938,1.6543264389038086,1.5201663970947266,1.231584906578064,1.2353432178497314,0.9346132874488831,0.9694413542747498,0.749890148639679,0.6214099526405334,0.7141479849815369,0.7154703736305237,0.825618326663971,1.0841436386108398,1.2461762428283691,1.9238086938858032,1.7897392511367798,1.404990553855896,1.3427889347076416,1.0092861652374268,1.066331386566162,0.7047745585441589,0.7921044826507568,0.6502932906150818,0.40015023946762085,0.0,0.3919805884361267,0.5752954483032227,0.9354122877120972,1.1773251295089722,1.8915170431137085,1.8169862031936646,1.4270559549331665,1.4292315244674683,1.1074880361557007,1.221032738685608,0.9106975793838501,0.9977126121520996,0.949221670627594,0.7929690480232239,0.5413430333137512,0.6912883520126343,0.78593909740448,1.0750116109848022,1.3083972930908203,2.0201094150543213,2.0064191818237305,1.6376279592514038,1.6860564947128296,1.4153090715408325,1.56475031375885,1.3294389247894287,1.4303007125854492,1.372986912727356,1.3270843029022217,1.1254112720489502,1.226261019706726,1.2670834064483643,1.4555716514587402,1.6558291912078857,2.2986462116241455,2.3533599376678467,2.020956039428711,2.095179796218872,1.867026448249817,2.019765615463257,1.8772526979446411,1.9128423929214478,1.9625508785247803,2.0043416023254395,1.9273946285247803,1.9774271249771118,1.9831534624099731,2.0980522632598877,2.264620780944824
B12,2.28690242767334,2.1063880920410156,1.7800800800323486,1.7221794128417969,1.455580234527588,1.5365556478500366,1.2323331832885742,1.311165690422058,1.074952244758606,0.8297598361968994,0.8139253258705139,0.6131351590156555,0.7600337862968445,0.8953673839569092,1.1243191957473755,1.9313422441482544,1.848442554473877,1.4832426309585571,1.509838342666626,1.238204836845398,1.379901647567749,1.0524567365646362,1.1818665266036987,1.0091711282730103,0.681335985660553,0.3919805884361267,0.0,0.3850909471511841,0.6370245814323425,0.9604207873344421,1.8267992734909058,1.81685471534729,1.4510977268218994,1.5428025722503662,1.2854607105255127,1.478900671005249,1.1837949752807617,1.320139765739441,1.2140395641326904,0.9506514668464661,0.6376274824142456,0.53468918800354,0.5977319478988647,0.7744185328483582,1.0572341680526733,1.9094792604446411,1.95839524269104,1.6126561164855957,1.7434717416763306,1.5272029638290405,1.7501424551010132,1.5173084735870361,1.665015459060669,1.549575924873352,1.4045952558517456,1.1263432502746582,1.1096543073654175,1.1044162511825562,1.2009299993515015,1.4045604467391968,2.150256395339966,2.2664825916290283,1.9631938934326172,2.106356620788574,1.9218096733093262,2.136787176132202,1.9885796308517456,2.0734474658966064,2.0789947509765625,2.04611873626709,1.9243191480636597,1.8963710069656372,1.8515766859054565,1.9013519287109375,2.03958797454834
B13,1.961283802986145,1.7976206541061401,1.4947078227996826,1.4846312999725342,1.2772983312606812,1.4403516054153442,1.1970562934875488,1.3836466073989868,1.2430084943771362,1.040940284729004,0.907667875289917,0.6835471987724304,0.6153548359870911,0.6695858240127563,0.7992475628852844,1.559908151626587,1.4935169219970703,1.1442896127700806,1.2299296855926514,1.0279107093811035,1.2614666223526,1.0161197185516357,1.2620153427124023,1.193379521369934,0.9504454731941223,0.5752954483032227,0.3850909471511841,0.0,0.38181865215301514,0.6104604601860046,1.4599061012268066,1.4806221723556519,1.1325764656066895,1.2814056873321533,1.0930113792419434,1.363602638244629,1.1538703441619873,1.3917698860168457,1.3727867603302002,1.1628715991973877,0.7843530178070068,0.712946891784668,0.5354788303375244,0.6763576865196228,0.8253228068351746,1.603065013885498,1.6835474967956543,1.3687829971313477,1.536144733428955,1.3856507539749146,1.6540000438690186,1.5009582042694092,1.7247955799102783,1.6712075471878052,1.5370062589645386,1.2109843492507935,1.2355748414993286,1.1114048957824707,1.2076479196548462,1.3051292896270752,1.9580410718917847,2.08280348777771,1.8137553930282593,1.9671486616134644,1.8393875360488892,2.0766379833221436,1.9976235628128052,2.137317419052124,2.1957685947418213,2.1654579639434814,2.094095230102539,2.0545616149902344,1.9511027336120605,2.012686252593994,2.0838682651519775
