,A1,A2,A3,A4,A5,A6,A7,A8,A9,A10,A11,A12,A13,A14,A15,B1,B2,B3,B4,B5,B6,B7,B8,B9,B10,B11,B12,B13,B14,B15,C1,C2,C3,C4,C5,C6,C7,C8,C9,C10,C11,C12,C13,C14,C15,D1,D2,D3,D4,D5,D6,D7,D8,D9,D10,D11,D12,D13,D14,D15,E1,E2,E3,E4,E5,E6,E7,E8,E9,E10,E11,E12,E13,E14,E15
A1,0.0,0.39811772108078003,0.6528794169425964,0.9535631537437439,1.241530179977417,1.5024303197860718,1.7862666845321655,1.6694399118423462,1.9988640546798706,2.205073833465576,2.198621988296509,2.5851519107818604,2.633669376373291,3.0177104473114014,3.0410194396972656,2.3465538024902344,2.3329055309295654,2.0713443756103516,2.0476856231689453,1.995612621307373,1.8543368577957153,2.0701091289520264,2.370856761932373,2.4840753078460693,2.7484779357910156,2.7144224643707275,3.0773940086364746,3.2347562313079834,3.5195391178131104,3.780904531478882,4.7507524490356445,4.531111717224121,4.156364917755127,4.180392265319824,3.8455612659454346,3.8225748538970947,3.543423652648926,3.4362897872924805,3.552889108657837,3.4341461658477783,3.7241058349609375,3.7277731895446777,3.9167227745056152,3.978625774383545,4.236331462860107,5.221348285675049,5.092142581939697,4.781389236450195,4.849428653717041,4.496105670928955,4.594265460968018,4.248374938964844,3.9017086029052734,3.6708755493164062,3.6359496116638184,3.7500455379486084,3.5766427516937256,3.921262264251709,3.8381612300872803,4.155133247375488,5.167140007019043,5.0458149909973145,4.75181245803833,4.78444766998291,4.415271282196045,4.4374003410339355,4.116415500640869,3.941734790802002,3.67065691947937,3.3550143241882324,3.193737506866455,2.8383936882019043,2.8745226860046387,2.6007511615753174,2.5250067710876465
A2,0.39811772108078003,0.0,0.38624677062034607,0.5854203104972839,0.9157763123512268,1.1751024723052979,1.4404457807540894,1.3579738140106201,1.6909242868423462,1.884699821472168,1.9134114980697632,2.2912702560424805,2.3421263694763184,2.729281425476074,2.7758309841156006,2.1398370265960693,2.0716705322265625,1.7839133739471436,1.7194159030914307,1.6417644023895264,1.470109462738037,1.6810306310653687,1.9915623664855957,2.126588821411133,2.3864777088165283,2.3780746459960938,2.7508625984191895,2.9067420959472656,3.210543632507324,3.471503496170044,4.420138835906982,4.193765640258789,3.8177027702331543,3.8389296531677246,3.5003957748413086,3.4789648056030273,3.1888411045074463,3.0641913414001465,3.1824488639831543,3.0797348022460938,3.369943618774414,3.383756637573242,3.5746166706085205,3.634927272796631,3.908170223236084,4.845638275146484,4.711467266082764,4.401011943817139,4.463717937469482,4.108582496643066,4.204370021820068,3.8600828647613525,3.510246515274048,3.277968168258667,3.250523567199707,3.3618404865264893,3.1989052295684814,3.5495643615722656,3.4763283729553223,3.803067445755005,4.786932945251465,4.658346652984619,4.360423564910889,4.389092445373535,4.018714427947998,4.039434432983398,3.72012996673584,3.547872304916382,3.2813398838043213,2.969069719314575,2.821584701538086,2.471991539001465,2.535451650619507,2.2836153507232666,2.2504241466522217
A3,0.6528794169425964,0.38624677062034607,0.0,0.39322423934936523,0.59173583984375,0.885625958442688,1.1424037218093872,1.0241488218307495,1.373160481452942,1.6144474744796753,1.669995903968811,2.0603954792022705,2.166621208190918,2.557204484939575,2.6500749588012695,2.0579702854156494,1.9854094982147217,1.6555659770965576,1.6316787004470825,1.4805999994277954,1.3444983959197998,1.4960267543792725,1.761587381362915,1.8632291555404663,2.1566243171691895,2.1466710567474365,2.5059549808502197,2.70173978805542,2.992709159851074,3.2823715209960938,4.141628742218018,3.9083120822906494,3.52864408493042,3.538477659225464,3.199779510498047,3.1719086170196533,2.8991596698760986,2.8057312965393066,2.92435359954834,2.801196575164795,3.103022336959839,3.126629114151001,3.3411288261413574,3.4336442947387695,3.697206974029541,4.657217979431152,4.5114569664001465,4.187223434448242,4.2491936683654785,3.895642042160034,3.9963412284851074,3.649662494659424,3.3154544830322266,3.0886735916137695,3.0403623580932617,3.1864166259765625,3.0237104892730713,3.3753087520599365,3.328423500061035,3.6479759216308594,4.6737446784973145,4.530747413635254,4.237758636474609,4.244846343994141,3.8711905479431152,3.8977675437927246,3.556150436401367,3.3969733715057373,3.100032091140747,2.8026859760284424,2.624664068222046,2.255605936050415,2.2939963340759277,2.042750120162964,1.980639934539795
A4,0.9535631537437439,0.5854203104972839,0.39322423934936523,0.0,0.40016937255859375,0.6113715171813965,0.8687685132026672,0.8654287457466125,1.224934458732605,1.4507216215133667,1.57594895362854,1.9400502443313599,2.0465073585510254,2.433215856552124,2.553525686264038,2.0523974895477295,1.9075695276260376,1.5569099187850952,1.4570870399475098,1.2615760564804077,1.04739248752594,1.1632177829742432,1.4473556280136108,1.6075263023376465,1.8996331691741943,1.9465125799179077,2.3190932273864746,2.511575222015381,2.8322131633758545,3.1169497966766357,3.932917356491089,3.685234308242798,3.3023362159729004,3.298598289489746,2.9488444328308105,2.9091637134552,2.6098573207855225,2.492103338241577,2.629132032394409,2.5432043075561523,2.8512938022613525,2.8997559547424316,3.1198995113372803,3.209428310394287,3.499173402786255,4.366103649139404,4.208644390106201,3.8834850788116455,3.9282989501953125,3.5667927265167236,3.651332378387451,3.3003087043762207,2.958580732345581,2.7412402629852295,2.7201828956604004,2.864434242248535,2.730257511138916,3.094703197479248,3.0659890174865723,3.403480291366577,4.36136531829834,4.204584121704102,3.8998465538024902,3.897437810897827,3.5183145999908447,3.529233932495117,3.1900429725646973,3.018510341644287,2.729917287826538,2.424450397491455,2.2598280906677246,1.9011290073394775,1.9693808555603027,1.738492488861084,1.7373241186141968
A5,1.241530179977417,0.9157763123512268,0.59173583984375,0.40016937255859375,0.0,0.39499029517173767,0.5539339780807495,0.48192039132118225,0.8638840913772583,1.1457217931747437,1.3078041076660156,1.6740487813949585,1.84224271774292,2.2236642837524414,2.392796039581299,1.9571887254714966,1.8114582300186157,1.4301605224609375,1.386645793914795,1.112101435661316,0.976434588432312,1.0055179595947266,1.2126637697219849,1.31346595287323,1.6413710117340088,1.6796176433563232,2.0312793254852295,2.266087293624878,2.5675392150878906,2.8805510997772217,3.6079461574554443,3.3570988178253174,2.972072124481201,2.963134288787842,2.61714506149292,2.581329584121704,2.308159112930298,2.2229185104370117,2.3480613231658936,2.2306771278381348,2.546934127807617,2.5997395515441895,2.8419535160064697,2.9648995399475098,3.239590883255005,4.142825603485107,3.9782936573028564,3.641468048095703,3.6927950382232666,3.3380353450775146,3.437370538711548,3.090287446975708,2.768968105316162,2.5499014854431152,2.493791103363037,2.6733014583587646,2.5315351486206055,2.890268087387085,2.886758804321289,3.209918737411499,4.222033500671387,4.055638313293457,3.762794256210327,3.742305040359497,3.365373134613037,3.3928723335266113,3.0332610607147217,2.8895668983459473,2.5698328018188477,2.295173168182373,2.105226755142212,1.7281298637390137,1.779724359512329,1.5712769031524658,1.5493022203445435
A6,1.5024303197860718,1.1751024723052979,0.885625958442688,0.6113715171813965,0.39499029517173767,0.0,0.40596336126327515,0.602262556552887,0.9644582867622375,1.2685784101486206,1.5182565450668335,1.8429456949234009,2.040095329284668,2.403669595718384,2.6130385398864746,2.266901731491089,2.0792973041534424,1.690914273262024,1.5976994037628174,1.2710249423980713,1.0665061473846436,0.9566991329193115,1.11016047000885,1.2798161506652832,1.6366151571273804,1.7568641901016235,2.094557762145996,2.353489637374878,2.6687841415405273,2.990117073059082,3.567168712615967,3.2874772548675537,2.8960676193237305,2.8406214714050293,2.4736685752868652,2.384568214416504,2.0815746784210205,2.015760898590088,2.1966686248779297,2.126638889312744,2.4692394733428955,2.5759787559509277,2.8482773303985596,2.9944822788238525,3.288890838623047,4.069136619567871,3.87434458732605,3.5235280990600586,3.5366744995117188,3.1676740646362305,3.2267346382141113,2.8611066341400146,2.5464258193969727,2.3732969760894775,2.3603389263153076,2.573665142059326,2.4891250133514404,2.8621699810028076,2.904984474182129,3.241964340209961,4.165445327758789,3.9676437377929688,3.6580493450164795,3.6010820865631104,3.2118968963623047,3.2001097202301025,2.8250339031219482,2.6480159759521484,2.3123724460601807,2.017913579940796,1.788560152053833,1.4049569368362427,1.4164608716964722,1.1846647262573242,1.1698371171951294
A7,1.7862666845321655,1.4404457807540894,1.1424037218093872,0.8687685132026672,0.5539339780807495,0.40596336126327515,0.0,0.38993820548057556,0.6353751420974731,0.9142353534698486,1.2149512767791748,1.4989607334136963,1.7205449342727661,2.065265417098999,2.308682918548584,2.062798023223877,1.8482283353805542,1.4580202102661133,1.3777520656585693,1.002809762954712,0.8683245182037354,0.6745200753211975,0.7475822567939758,0.8775135278701782,1.2443435192108154,1.3738759756088257,1.70026695728302,1.9712514877319336,2.2837963104248047,2.6110546588897705,3.164966106414795,2.889770269393921,2.499502658843994,2.4597787857055664,2.1001803874969482,2.044340133666992,1.7575515508651733,1.676896572113037,1.8237971067428589,1.732956886291504,2.0698440074920654,2.1703877449035645,2.4448904991149902,2.5998244285583496,2.8911969661712646,3.6891188621520996,3.499756336212158,3.1493093967437744,3.179941415786743,2.820629119873047,2.9088521003723145,2.558358669281006,2.251187801361084,2.0508852005004883,1.999672770500183,2.2201309204101562,2.119854211807251,2.4859635829925537,2.5388758182525635,2.8664791584014893,3.825054168701172,3.6299030780792236,3.334256410598755,3.279238700866699,2.8983852863311768,2.9177072048187256,2.539867639541626,2.407054901123047,2.0642552375793457,1.8153918981552124,1.6129779815673828,1.2347846031188965,1.3099242448806763,1.1758593320846558,1.2306216955184937
A8,1.6694399118423462,1.3579738140106201,1.0241488218307495,0.8654287457466125,0.48192039132118225,0.602262556552887,0.38993820548057556,0.0,0.39512190222740173,0.7342177629470825,0.9541221261024475,1.2940338850021362,1.5299060344696045,1.8903648853302002,2.116446018218994,1.8014678955078125,1.6431100368499756,1.2503407001495361,1.2689815759658813,0.9240584969520569,0.9251002669334412,0.8585578203201294,0.936317503452301,0.9228057861328125,1.271252155303955,1.2888209819793701,1.6092801094055176,1.8839982748031616,2.1621882915496826,2.4997308254241943,3.150749683380127,2.9040815830230713,2.521012783050537,2.522670030593872,2.1905086040496826,2.1848621368408203,1.9528305530548096,1.8874348402023315,1.9720944166183472,1.8096920251846313,2.121077537536621,2.1660470962524414,2.4227049350738525,2.575350761413574,2.831686496734619,3.7795724868774414,3.6164937019348145,3.2747979164123535,3.3444876670837402,3.005854368209839,3.1359505653381348,2.8071653842926025,2.5113370418548584,2.276010751724243,2.1659271717071533,2.370589017868042,2.209582567214966,2.5518922805786133,2.569824695587158,2.870783567428589,3.9439332485198975,3.7756130695343018,3.503894090652466,3.4740829467773438,3.1092147827148438,3.1697468757629395,2.8001694679260254,2.7074849605560303,2.368818998336792,2.1513538360595703,1.965821623802185,1.5942702293395996,1.6645653247833252,1.53188157081604,1.5302010774612427
A9,1.9988640546798706,1.6909242868423462,1.373160481452942,1.224934458732605,0.8638840913772583,0.9644582867622375,0.6353751420974731,0.39512190222740173,0.0,0.3912079334259033,0.6572270393371582,0.9474577903747559,1.2333095073699951,1.566514015197754,1.8326756954193115,1.6345553398132324,1.468069076538086,1.0941895246505737,1.171187162399292,0.8165362477302551,0.9622001647949219,0.8689900040626526,0.8318977355957031,0.6629593372344971,0.9824487566947937,0.9470395445823669,1.2369755506515503,1.5330244302749634,1.7887241840362549,2.139406204223633,2.7830700874328613,2.5519959926605225,2.1763041019439697,2.209989070892334,1.903559684753418,1.953169584274292,1.769502878189087,1.7006938457489014,1.720289707183838,1.5075984001159668,1.7935079336166382,1.8085627555847168,2.0608134269714355,2.225388526916504,2.462709903717041,3.4718217849731445,3.322507858276367,2.9866440296173096,3.084951877593994,2.768428087234497,2.937575101852417,2.6373965740203857,2.3628807067871094,2.0997886657714844,1.931990623474121,2.1355373859405518,1.9410680532455444,2.258547782897949,2.278527021408081,2.5545573234558105,3.689786672592163,3.532005548477173,3.284921646118164,3.262404203414917,2.916729211807251,3.0175774097442627,2.65500545501709,2.618029832839966,2.283766031265259,2.126206874847412,1.9748185873031616,1.6343930959701538,1.7440792322158813,1.6890296936035156,1.7229838371276855
A10,2.205073833465576,1.884699821472168,1.6144474744796753,1.4507216215133667,1.1457217931747437,1.2685784101486206,0.9142353534698486,0.7342177629470825,0.3912079334259033,0.0,0.38115978240966797,0.5876522064208984,0.8626054525375366,1.1868174076080322,1.4656261205673218,1.377094030380249,1.171760082244873,0.8317691087722778,0.9266585111618042,0.6092926263809204,0.8879449367523193,0.8473239541053772,0.789222002029419,0.5279500484466553,0.7065263986587524,0.5819336175918579,0.9008240103721619,1.160021424293518,1.4310797452926636,1.766460657119751,2.5475292205810547,2.344839334487915,1.9852559566497803,2.0758297443389893,1.8035683631896973,1.9252569675445557,1.765746831893921,1.6383962631225586,1.582176685333252,1.3510119915008545,1.580867886543274,1.5400822162628174,1.748717188835144,1.879685401916504,2.1183276176452637,3.1798219680786133,3.0592095851898193,2.7449545860290527,2.878626585006714,2.5829567909240723,2.7927753925323486,2.5262703895568848,2.251580238342285,1.9430128335952759,1.7337828874588013,1.8873531818389893,1.6433120965957642,1.9404540061950684,1.9276671409606934,2.1938838958740234,3.3761041164398193,3.2434749603271484,3.01583194732666,3.0262362957000732,2.70161771774292,2.8453521728515625,2.5119619369506836,2.5235607624053955,2.225757360458374,2.112365961074829,2.0316333770751953,1.7370190620422363,1.9183799028396606,1.9235279560089111,2.0185866355895996
A11,2.198621988296509,1.9134114980697632,1.669995903968811,1.57594895362854,1.3078041076660156,1.5182565450668335,1.2149512767791748,0.9541221261024475,0.6572270393371582,0.38115978240966797,0.0,0.4017748534679413,0.6290128827095032,0.9797089695930481,1.2042773962020874,1.0387297868728638,0.8998842835426331,0.602843165397644,0.8499832153320312,0.6879357695579529,1.052922010421753,1.1358953714370728,1.139483094215393,0.8833106756210327,0.9508875608444214,0.6818674206733704,0.9489599466323853,1.1341499090194702,1.3532798290252686,1.6658222675323486,2.63427996635437,2.478184223175049,2.1470279693603516,2.289588212966919,2.0605721473693848,2.226628541946411,2.103701591491699,1.9721064567565918,1.8697857856750488,1.6083118915557861,1.7789043188095093,1.66437828540802,1.8119771480560303,1.903556227684021,2.0983500480651855,3.2958333492279053,3.214207172393799,2.926288366317749,3.0980544090270996,2.829116106033325,3.0708932876586914,2.8306124210357666,2.5611305236816406,2.2286083698272705,1.9907410144805908,2.095942497253418,1.7983094453811646,2.0522470474243164,1.978585124015808,2.208249807357788,3.4753360748291016,3.3816065788269043,3.180560827255249,3.2290456295013428,2.928412914276123,3.1059205532073975,2.7980852127075195,2.8355493545532227,2.5607402324676514,2.45914363861084,2.400583028793335,2.111227512359619,2.2965707778930664,2.2880935668945312,2.3645100593566895
A12,2.5851519107818604,2.2912702560424805,2.0603954792022705,1.9400502443313599,1.6740487813949585,1.8429456949234009,1.4989607334136963,1.2940338850021362,0.9474577903747559,0.5876522064208984,0.4017748534679413,0.0,0.3832497000694275,0.6363023519515991,0.9442556500434875,1.0705101490020752,0.9027137756347656,0.7437677979469299,0.9680912494659424,0.8689896464347839,1.2558919191360474,1.3013386726379395,1.2305315732955933,0.9210812449455261,0.8303223252296448,0.4620383083820343,0.6154595017433167,0.758695125579834,0.952526867389679,1.2679033279418945,2.29587984085083,2.170259952545166,1.8668702840805054,2.058802604675293,1.8797607421875,2.1075711250305176,2.0319905281066895,1.8811461925506592,1.7063606977462769,1.4240458011627197,1.5202769041061401,1.3475524187088013,1.4501243829727173,1.527641773223877,1.7034053802490234,2.9553308486938477,2.897141218185425,2.6294095516204834,2.83366322517395,2.5980794429779053,2.8771047592163086,2.679095506668091,2.4363632202148438,2.0843324661254883,1.7996665239334106,1.872624158859253,1.5388610363006592,1.7429813146591187,1.6579972505569458,1.851558804512024,3.1686294078826904,3.092217206954956,2.922039270401001,2.9859774112701416,2.71663236618042,2.934903144836426,2.653352737426758,2.7467713356018066,2.499448776245117,2.457670211791992,2.4448907375335693,2.2033274173736572,2.421415328979492,2.4710371494293213,2.583873748779297
A13,2.633669376373291,2.3421263694763184,2.166621208190918,2.0465073585510254,1.84224271774292,2.040095329284668,1.7205449342727661,1.5299060344696045,1.2333095073699951,0.8626054525375366,0.6290128827095032,0.3832497000694275,0.0,0.3906806707382202,0.6030550003051758,0.8140727281570435,0.6017387509346008,0.5989850163459778,0.8178773522377014,0.8845796585083008,1.2789862155914307,1.4113303422927856,1.4063185453414917,1.1624661684036255,0.9930973649024963,0.6486815214157104,0.7951409220695496,0.739262580871582,0.9454044103622437,1.1583797931671143,2.4333107471466064,2.3428220748901367,2.070082187652588,2.29484486579895,2.1375131607055664,2.385328531265259,2.295287609100342,2.0951590538024902,1.9024271965026855,1.6587862968444824,1.7062175273895264,1.4955235719680786,1.5115104913711548,1.4950799942016602,1.672444224357605,2.935955047607422,2.916055679321289,2.684981107711792,2.9114491939544678,2.6915695667266846,2.985114097595215,2.809170722961426,2.552098274230957,2.175474166870117,1.9010815620422363,1.8943458795547485,1.5278308391571045,1.7027230262756348,1.5386290550231934,1.7251211404800415,3.048820734024048,3.012012004852295,2.854726791381836,2.967815399169922,2.719263792037964,2.9597887992858887,2.71938157081604,2.8257744312286377,2.624368190765381,2.5848195552825928,2.621743679046631,2.4020535945892334,2.6587884426116943,2.7124316692352295,2.854663133621216
A14,3.0177104473114014,2.729281425476074,2.557204484939575,2.433215856552124,2.2236642837524414,2.403669595718384,2.065265417098999,1.8903648853302002,1.566514015197754,1.1868174076080322,0.9797089695930481,0.6363023519515991,0.3906806707382202,0.0,0.40128734707832336,1.0056871175765991,0.8462650775909424,0.9640722870826721,1.147533655166626,1.2392224073410034,1.6178749799728394,1.7210502624511719,1.6699678897857666,1.4061614274978638,1.155851125717163,0.8187663555145264,0.7853459119796753,0.5780459046363831,0.6638257503509521,0.8025678396224976,2.2138888835906982,2.1753573417663574,1.9546291828155518,2.2289645671844482,2.1349213123321533,2.432112455368042,2.391679525375366,2.1869702339172363,1.936067819595337,1.6865198612213135,1.646764874458313,1.3731831312179565,1.3011435270309448,1.2346254587173462,1.3579055070877075,2.701004981994629,2.720287322998047,2.5254530906677246,2.7900121212005615,2.6169419288635254,2.9457099437713623,2.8195078372955322,2.5964245796203613,2.2130212783813477,1.9037516117095947,1.8529376983642578,1.459175705909729,1.5461750030517578,1.348315715789795,1.460293173789978,2.8420262336730957,2.8375799655914307,2.7251296043395996,2.862398624420166,2.6587188243865967,2.940825939178467,2.7368147373199463,2.896228313446045,2.7264676094055176,2.739710807800293,2.8111369609832764,2.6302647590637207,2.901367425918579,2.991891622543335,3.15042781829834
A15,3.0410194396972656,2.7758309841156006,2.6500749588012695,2.553525686264038,2.392796039581299,2.6130385398864746,2.308682918548584,2.116446018218994,1.8326756954193115,1.4656261205673218,1.2042773962020874,0.9442556500434875,0.6030550003051758,0.40128734707832336,0.0,0.820691704750061,0.731134295463562,1.0027297735214233,1.1917873620986938,1.3983958959579468,1.76518976688385,1.9426770210266113,1.9543074369430542,1.7300870418548584,1.4906715154647827,1.1699869632720947,1.1830365657806396,0.9393090009689331,0.990132212638855,0.9972745776176453,2.5364339351654053,2.5283384323120117,2.33081316947937,2.6162006855010986,2.5289859771728516,2.8256118297576904,2.771148204803467,2.547682046890259,2.3038671016693115,2.074157476425171,2.02604341506958,1.7449524402618408,1.6273199319839478,1.4943819046020508,1.587310791015625,2.91666579246521,2.9724457263946533,2.8120179176330566,3.088531732559204,2.92760968208313,3.2584569454193115,3.141937732696533,2.905738592147827,2.5136234760284424,2.225270986557007,2.126436710357666,1.728416919708252,1.7904711961746216,1.5276108980178833,1.6130242347717285,2.9594972133636475,2.9989898204803467,2.9017202854156494,3.0816569328308105,2.896543502807617,3.186868906021118,3.0131924152374268,3.168572187423706,3.026197910308838,3.0245163440704346,3.115147352218628,2.9323208332061768,3.215717315673828,3.288083553314209,3.448147773742676
B1,2.3465538024902344,2.1398370265960693,2.0579702854156494,2.0523974895477295,1.9571887254714966,2.266901731491089,2.062798023223877,1.8014678955078125,1.6345553398132324,1.377094030380249,1.0387297868728638,1.0705101490020752,0.8140727281570435,1.0056871175765991,0.820691704750061,0.0,0.3861151337623596,0.6455488204956055,0.9447863698005676,1.2126314640045166,1.5456243753433228,1.8338649272918701,1.9679539203643799,1.8010568618774414,1.722853422164917,1.4166022539138794,1.603385329246521,1.5221185684204102,1.6595556735992432,1.7770859003067017,3.1956286430358887,3.1339359283447266,2.8728809356689453,3.0995728969573975,2.9330198764801025,3.1580567359924316,3.040430784225464,2.8409619331359863,2.6867053508758545,2.453124761581421,2.519666910171509,2.3042311668395996,2.2893810272216797,2.221684217453003,2.354755163192749,3.6512882709503174,3.6650209426879883,3.4598233699798584,3.6917362213134766,3.4694347381591797,3.7520296573638916,3.5625007152557373,3.275606393814087,2.8975870609283447,2.6627676486968994,2.6232051849365234,2.2599973678588867,2.4267470836639404,2.1956465244293213,2.360774278640747,3.645128011703491,3.6552093029022217,3.501321792602539,3.6583316326141357,3.4134294986724854,3.6429102420806885,3.4202675819396973,3.487692356109619,3.2987732887268066,3.200352191925049,3.2254931926727295,2.9674296379089355,3.206796646118164,3.1855220794677734,3.2861411571502686
B2,2.3329055309295654,2.0716705322265625,1.9854094982147217,1.9075695276260376,1.8114582300186157,2.0792973041534424,1.8482283353805542,1.6431100368499756,1.468069076538086,1.171760082244873,0.8998842835426331,0.9027137756347656,0.6017387509346008,0.8462650775909424,0.731134295463562,0.3861151337623596,0.0,0.39427801966667175,0.6095716953277588,0.9102412462234497,1.24142587184906,1.5243804454803467,1.6603577136993408,1.5246162414550781,1.41559898853302,1.1491597890853882,1.3778153657913208,1.281105875968933,1.4934481382369995,1.6162811517715454,3.0139613151550293,2.9284098148345947,2.654965877532959,2.868302583694458,2.6856937408447266,2.902264356613159,2.7597546577453613,2.53175950050354,2.385410785675049,2.1856131553649902,2.2586123943328857,2.066084861755371,2.0593857765197754,1.983310580253601,2.1689486503601074,3.3723113536834717,3.3706138134002686,3.1595284938812256,3.3760581016540527,3.141232490539551,3.4123103618621826,3.2189254760742188,2.9222662448883057,2.542656421661377,2.3260252475738525,2.2741293907165527,1.9226421117782593,2.1136980056762695,1.8901273012161255,2.096283435821533,3.333786964416504,3.327075958251953,3.1546921730041504,3.3070199489593506,3.0526199340820312,3.272891044616699,3.05433988571167,3.116863250732422,2.941227912902832,2.84484601020813,2.8926002979278564,2.65443754196167,2.919767141342163,2.9218192100524902,3.0601325035095215
B3,2.0713443756103516,1.7839133739471436,1.6555659770965576,1.5569099187850952,1.4301605224609375,1.690914273262024,1.4580202102661133,1.2503407001495361,1.0941895246505737,0.8317691087722778,0.602843165397644,0.7437677979469299,0.5989850163459778,0.9640722870826721,1.0027297735214233,0.6455488204956055,0.39427801966667175,0.0,0.3906818628311157,0.5683393478393555,0.9196229577064514,1.1888859272003174,1.336391806602478,1.213404893875122,1.1867153644561768,0.9569702744483948,1.2612375020980835,1.2717273235321045,1.5343226194381714,1.7366583347320557,2.9735610485076904,2.8438329696655273,2.5340640544891357,2.704507827758789,2.481394052505493,2.6578352451324463,2.49029803276062,2.2823069095611572,2.179560661315918,1.9821712970733643,2.1148972511291504,1.9735500812530518,2.0383527278900146,2.0231940746307373,2.2428181171417236,3.3978610038757324,3.353273630142212,3.1043636798858643,3.2880613803863525,3.021228313446045,3.2641923427581787,3.0350704193115234,2.7284867763519287,2.36765456199646,2.1696341037750244,2.176468849182129,1.8582361936569214,2.1059341430664062,1.943148136138916,2.1919169425964355,3.4062750339508057,3.3550221920013428,3.15055251121521,3.259855270385742,2.9704911708831787,3.155845880508423,2.8973124027252197,2.9246678352355957,2.7113778591156006,2.585909366607666,2.593294620513916,2.3275742530822754,2.570044755935669,2.552495002746582,2.675652265548706
B4,2.0476856231689453,1.7194159030914307,1.6316787004470825,1.4570870399475098,1.386645793914795,1.5976994037628174,1.3777520656585693,1.2689815759658813,1.171187162399292,0.9266585111618042,0.8499832153320312,0.9680912494659424,0.8178773522377014,1.147533655166626,1.1917873620986938,0.9447863698005676,0.6095716953277588,0.3906818628311157,0.0,0.4031621217727661,0.6476166844367981,0.9668686389923096,1.1761008501052856,1.1593765020370483,1.1179986000061035,1.0041688680648804,1.351442575454712,1.3383246660232544,1.6650638580322266,1.8410855531692505,3.0438454151153564,2.8911821842193604,2.5734241008758545,2.7201313972473145,2.473966598510742,2.624674081802368,2.4103386402130127,2.1606829166412354,2.0901129245758057,1.957660436630249,2.104341745376587,2.0031731128692627,2.0712645053863525,2.034005880355835,2.30598783493042,3.310025215148926,3.251667022705078,3.0038092136383057,3.1611328125,2.8754818439483643,3.0912981033325195,2.8511056900024414,2.5205864906311035,2.164266586303711,2.0178070068359375,1.9992470741271973,1.7173453569412231,1.9983997344970703,1.8411333560943604,2.1370139122009277,3.23492431640625,3.170999050140381,2.9392218589782715,3.050555944442749,2.747716188430786,2.9081146717071533,2.6615469455718994,2.6621029376983643,2.4746999740600586,2.328453302383423,2.3675103187561035,2.124061107635498,2.400362968444824,2.393662452697754,2.5631141662597656
B5,1.995612621307373,1.6417644023895264,1.4805999994277954,1.2615760564804077,1.112101435661316,1.2710249423980713,1.002809762954712,0.9240584969520569,0.8165362477302551,0.6092926263809204,0.6879357695579529,0.8689896464347839,0.8845796585083008,1.2392224073410034,1.3983958959579468,1.2126314640045166,0.9102412462234497,0.5683393478393555,0.4031621217727661,0.0,0.4033738970756531,0.6214228868484497,0.8067770004272461,0.7964257597923279,0.8531786203384399,0.8117185831069946,1.1988095045089722,1.2948436737060547,1.640146255493164,1.8833158016204834,2.890331268310547,2.699176073074341,2.35373592376709,2.4578115940093994,2.179614543914795,2.2939867973327637,2.0650134086608887,1.8422282934188843,1.809710144996643,1.6766784191131592,1.8779104948043823,1.8300807476043701,1.9678432941436768,1.9979890584945679,2.2866246700286865,3.2458813190460205,3.1463756561279297,2.862410068511963,2.9901206493377686,2.681018114089966,2.873889684677124,2.604635715484619,2.2767958641052246,1.9437098503112793,1.8042758703231812,1.8595798015594482,1.6169041395187378,1.9387379884719849,1.8558951616287231,2.1708171367645264,3.2546093463897705,3.146044969558716,2.89436936378479,2.954294204711914,2.6242318153381348,2.755910634994507,2.4650652408599854,2.4435133934020996,2.209033250808716,2.0494930744171143,2.0419130325317383,1.7724629640579224,2.0269246101379395,2.0190484523773193,2.1804184913635254
B6,1.8543368577957153,1.470109462738037,1.3444983959197998,1.04739248752594,0.976434588432312,1.0665061473846436,0.8683245182037354,0.9251002669334412,0.9622001647949219,0.8879449367523193,1.052922010421753,1.2558919191360474,1.2789862155914307,1.6178749799728394,1.76518976688385,1.5456243753433228,1.24142587184906,0.9196229577064514,0.6476166844367981,0.4033738970756531,0.0,0.40204283595085144,0.739963173866272,0.9124714732170105,1.0338406562805176,1.12001633644104,1.5078901052474976,1.612278938293457,1.9806121587753296,2.213620662689209,3.1313838958740234,2.910435438156128,2.5530996322631836,2.611100912094116,2.2990853786468506,2.354795455932617,2.0679614543914795,1.8317123651504517,1.8736300468444824,1.811851143836975,2.0500218868255615,2.061208486557007,2.2218241691589355,2.253751277923584,2.574584722518921,3.384394645690918,3.2581706047058105,2.9650914669036865,3.0484914779663086,2.711289644241333,2.8528928756713867,2.5527877807617188,2.199575185775757,1.9018386602401733,1.8425990343093872,1.9069509506225586,1.7358906269073486,2.0913658142089844,2.037365198135376,2.3858816623687744,3.3327183723449707,3.198847532272339,2.912355422973633,2.9526634216308594,2.598123550415039,2.6754541397094727,2.378321409225464,2.293954849243164,2.063657283782959,1.8457716703414917,1.8311318159103394,1.5575979948043823,1.8178342580795288,1.784828782081604,1.9735424518585205
B7,2.0701091289520264,1.6810306310653687,1.4960267543792725,1.1632177829742432,1.0055179595947266,0.9566991329193115,0.6745200753211975,0.8585578203201294,0.8689900040626526,0.8473239541053772,1.1358953714370728,1.3013386726379395,1.4113303422927856,1.7210502624511719,1.9426770210266113,1.8338649272918701,1.5243804454803467,1.1888859272003174,0.9668686389923096,0.6214228868484497,0.40204283595085144,0.0,0.3750769793987274,0.6597458720207214,0.8551572561264038,1.0564020872116089,1.417199730873108,1.5852423906326294,1.955071210861206,2.219057083129883,2.929210901260376,2.675520181655884,2.305104970932007,2.317845344543457,1.9823012351989746,1.9986543655395508,1.6907674074172974,1.4674400091171265,1.5545616149902344,1.5238896608352661,1.8013184070587158,1.8738138675689697,2.0852301120758057,2.1669788360595703,2.501011610031128,3.2145822048187256,3.0516059398651123,2.732600450515747,2.7834625244140625,2.429455041885376,2.5450599193573,2.2236745357513428,1.8775511980056763,1.6104755401611328,1.5712205171585083,1.7014394998550415,1.588433027267456,1.9655709266662598,1.984363317489624,2.340226173400879,3.234683036804199,3.0604963302612305,2.7609200477600098,2.7515225410461426,2.379124164581299,2.429035186767578,2.09605073928833,1.9969370365142822,1.7261619567871094,1.5069736242294312,1.4582186937332153,1.174465537071228,1.439387321472168,1.4429293870925903,1.6606985330581665
B8,2.370856761932373,1.9915623664855957,1.761587381362915,1.4473556280136108,1.2126637697219849,1.11016047000885,0.7475822567939758,0.936317503452301,0.8318977355957031,0.789222002029419,1.139483094215393,1.2305315732955933,1.4063185453414917,1.6699678897857666,1.9543074369430542,1.9679539203643799,1.6603577136993408,1.336391806602478,1.1761008501052856,0.8067770004272461,0.739963173866272,0.3750769793987274,0.0,0.384774386882782,0.619065523147583,0.9017526507377625,1.2059577703475952,1.426202416419983,1.7785160541534424,2.0670316219329834,2.606616258621216,2.3359785079956055,1.9593629837036133,1.9521043300628662,1.6101776361465454,1.6256206035614014,1.3291786909103394,1.117194652557373,1.2005821466445923,1.165184497833252,1.4645283222198486,1.5735976696014404,1.823323130607605,1.9515612125396729,2.281750440597534,2.9635024070739746,2.780789375305176,2.443298578262329,2.4882075786590576,2.1349849700927734,2.2583680152893066,1.9382563829421997,1.6172508001327515,1.3559186458587646,1.2828317880630493,1.475402593612671,1.384454369544983,1.7595547437667847,1.8363080024719238,2.1780505180358887,3.079712152481079,2.8833556175231934,2.593108892440796,2.5495662689208984,2.177975654602051,2.2370855808258057,1.8782463073730469,1.812770962715149,1.5061100721359253,1.3417506217956543,1.2767139673233032,1.0078648328781128,1.276213526725769,1.3520570993423462,1.5811203718185425
B9,2.4840753078460693,2.126588821411133,1.8632291555404663,1.6075263023376465,1.31346595287323,1.2798161506652832,0.8775135278701782,0.9228057861328125,0.6629593372344971,0.5279500484466553,0.8833106756210327,0.9210812449455261,1.1624661684036255,1.4061614274978638,1.7300870418548584,1.8010568618774414,1.5246162414550781,1.213404893875122,1.1593765020370483,0.7964257597923279,0.9124714732170105,0.6597458720207214,0.384774386882782,0.0,0.3941497206687927,0.5989923477172852,0.8758261203765869,1.1552982330322266,1.4724037647247314,1.796579360961914,2.339127779006958,2.086592435836792,1.7084943056106567,1.7407387495040894,1.4257826805114746,1.5073908567428589,1.2939233779907227,1.1279512643814087,1.1141164302825928,0.9605024456977844,1.2456570863723755,1.3077131509780884,1.568999171257019,1.7294225692749023,2.0236732959747314,2.858577251434326,2.694479465484619,2.3573334217071533,2.4455080032348633,2.122936725616455,2.299900770187378,2.0141828060150146,1.7357374429702759,1.448487401008606,1.272652506828308,1.478615403175354,1.3176600933074951,1.6560384035110474,1.7272555828094482,2.029160737991333,3.066688299179077,2.8885841369628906,2.634960174560547,2.600829601287842,2.2559309005737305,2.3677289485931396,2.013740062713623,2.0154354572296143,1.704624891281128,1.609839916229248,1.5415027141571045,1.2849267721176147,1.5087071657180786,1.5928878784179688,1.7660428285598755
B10,2.7484779357910156,2.3864777088165283,2.1566243171691895,1.8996331691741943,1.6413710117340088,1.6366151571273804,1.2443435192108154,1.271252155303955,0.9824487566947937,0.7065263986587524,0.9508875608444214,0.8303223252296448,0.9930973649024963,1.155851125717163,1.4906715154647827,1.722853422164917,1.41559898853302,1.1867153644561768,1.1179986000061035,0.8531786203384399,1.0338406562805176,0.8551572561264038,0.619065523147583,0.3941497206687927,0.0,0.3822473883628845,0.615568995475769,0.8183025121688843,1.1665921211242676,1.4552160501480103,2.1005351543426514,1.8777720928192139,1.526107907295227,1.622287392616272,1.3608144521713257,1.5269508361816406,1.3557852506637573,1.1199122667312622,0.993789792060852,0.8422827124595642,1.0302300453186035,1.0334481000900269,1.2404779195785522,1.3603705167770386,1.6745704412460327,2.5221261978149414,2.3862438201904297,2.073012113571167,2.200627326965332,1.9043139219284058,2.130373954772949,1.8931139707565308,1.623299241065979,1.2812094688415527,1.0458420515060425,1.1818196773529053,0.9589114189147949,1.28364098072052,1.3357571363449097,1.6369833946228027,2.7097692489624023,2.553799629211426,2.320950508117676,2.321131467819214,2.0023586750030518,2.167837142944336,1.8543438911437988,1.923272728919983,1.6694436073303223,1.643161416053772,1.6666022539138794,1.4863667488098145,1.7655733823776245,1.901207447052002,2.1143927574157715
B11,2.7144224643707275,2.3780746459960938,2.1466710567474365,1.9465125799179077,1.6796176433563232,1.7568641901016235,1.3738759756088257,1.2888209819793701,0.9470395445823669,0.5819336175918579,0.6818674206733704,0.4620383083820343,0.6486815214157104,0.8187663555145264,1.1699869632720947,1.4166022539138794,1.1491597890853882,0.9569702744483948,1.0041688680648804,0.8117185831069946,1.12001633644104,1.0564020872116089,0.9017526507377625,0.5989923477172852,0.3822473883628845,0.0,0.39101994037628174,0.6009323596954346,0.9215015769004822,1.2373219728469849,2.0912528038024902,1.9187126159667969,1.5901994705200195,1.750258207321167,1.5399402379989624,1.7568836212158203,1.6475142240524292,1.4535002708435059,1.2790451049804688,1.0422896146774292,1.162134051322937,1.0518594980239868,1.2031306028366089,1.3028676509857178,1.560716152191162,2.62973690032959,2.5370328426361084,2.2490596771240234,2.425192356109619,2.166830062866211,2.430896520614624,2.224459171295166,1.9754592180252075,1.6226558685302734,1.3459529876708984,1.4365559816360474,1.134202241897583,1.3890354633331299,1.3671365976333618,1.616349458694458,2.8375179767608643,2.724248170852661,2.5285704135894775,2.565859317779541,2.2789559364318848,2.4827399253845215,2.192943811416626,2.2883167266845703,2.04598331451416,2.024873971939087,2.0393471717834473,1.8361823558807373,2.0894317626953125,2.1908011436462402,2.3597986698150635
B12,3.0773940086364746,2.7508625984191895,2.5059549808502197,2.3190932273864746,2.0312793254852295,2.094557762145996,1.70026695728302,1.6092801094055176,1.2369755506515503,0.9008240103721619,0.9489599466323853,0.6154595017433167,0.7951409220695496,0.7853459119796753,1.1830365657806396,1.603385329246521,1.3778153657913208,1.2612375020980835,1.351442575454712,1.1988095045089722,1.5078901052474976,1.417199730873108,1.2059577703475952,0.8758261203765869,0.615568995475769,0.39101994037628174,0.0,0.3931129574775696,0.6063429117202759,0.9646187424659729,1.727225661277771,1.5838284492492676,1.2840317487716675,1.4999459981918335,1.3627245426177979,1.649027943611145,1.628257393836975,1.4653854370117188,1.2079850435256958,0.9158689975738525,0.928848385810852,0.7342677712440491,0.8677411079406738,1.014758586883545,1.2258156538009644,2.385040283203125,2.3086442947387695,2.0324652194976807,2.2446129322052,2.033047676086426,2.3377621173858643,2.1816141605377197,1.9888936281204224,1.6434201002120972,1.3048570156097412,1.3937301635742188,1.0727676153182983,1.23758864402771,1.243395209312439,1.4184553623199463,2.701324462890625,2.5974433422088623,2.445167064666748,2.4783291816711426,2.2317912578582764,2.4745290279388428,2.204035997390747,2.360107898712158,2.131681442260742,2.1781628131866455,2.2069578170776367,2.043525457382202,2.2854392528533936,2.42466139793396,2.5893871784210205
B13,3.2347562313079834,2.9067420959472656,2.70173978805542,2.511575222015381,2.266087293624878,2.353489637374878,1.9712514877319336,1.8839982748031616,1.5330244302749634,1.160021424293518,1.1341499090194702,0.758695125579834,0.739262580871582,0.5780459046363831,0.9393090009689331,1.5221185684204102,1.281105875968933,1.2717273235321045,1.3383246660232544,1.2948436737060547,1.612278938293457,1.5852423906326294,1.426202416419983,1.1552982330322266,0.8183025121688843,0.6009323596954346,0.3931129574775696,0.0,0.39561232924461365,0.6457890868186951,1.751955270767212,1.6687359809875488,1.432063102722168,1.6986209154129028,1.6124532222747803,1.9259387254714966,1.90308678150177,1.688151478767395,1.4001835584640503,1.1706817150115967,1.0887924432754517,0.8233299255371094,0.7800608277320862,0.7783414721488953,1.0021400451660156,2.2213735580444336,2.1982364654541016,1.973650574684143,2.2259650230407715,2.04980731010437,2.3835108280181885,2.271129608154297,2.0769455432891846,1.7038915157318115,1.3657145500183105,1.339841604232788,0.9585905075073242,1.0498526096343994,0.9564072489738464,1.106215476989746,2.454737663269043,2.3977317810058594,2.2738232612609863,2.365355968475342,2.1567482948303223,2.4409825801849365,2.2275218963623047,2.4181716442108154,2.2502846717834473,2.3178317546844482,2.4079456329345703,2.278329849243164,2.560270071029663,2.711360454559326,2.906442642211914
