0.000000000000000000e+00,3.848293125629425049e-01,6.196666359901428223e-01,9.506528377532958984e-01,1.259761452674865723e+00,1.612527608871459961e+00,1.885493993759155273e+00,2.263773918151855469e+00,2.546110868453979492e+00,2.929249048233032227e+00,2.911418676376342773e+00,2.798711299896240234e+00,2.414125919342041016e+00,2.281946182250976562e+00,1.911865115165710449e+00,6.586177945137023926e-01,7.769960761070251465e-01,9.003009796142578125e-01,1.130141019821166992e+00,1.395579814910888672e+00,1.705620646476745605e+00,1.972550034523010254e+00,2.331190824508666992e+00,2.626537799835205078e+00,3.015230178833007812e+00,3.101564645767211914e+00,2.905511856079101562e+00,2.546320438385009766e+00,2.456286191940307617e+00,2.125226974487304688e+00,1.229914665222167969e+00,1.299245953559875488e+00,1.330461621284484863e+00,1.478661656379699707e+00,1.669260025024414062e+00,1.922773838043212891e+00,2.162631511688232422e+00,2.487984180450439453e+00,2.770240068435668945e+00,3.145563125610351562e+00,3.274893760681152344e+00,3.093135118484497070e+00,2.760620594024658203e+00,2.698318958282470703e+00,2.411933898925781250e+00,1.766689538955688477e+00,1.824638247489929199e+00,1.801540970802307129e+00,1.898848414421081543e+00,2.024935722351074219e+00,2.224632263183593750e+00,2.434733629226684570e+00,2.719085216522216797e+00,2.979363679885864258e+00,3.333516597747802734e+00,3.485884189605712891e+00,3.329423904418945312e+00,3.032150268554687500e+00,2.998939275741577148e+00,2.760283708572387695e+00,2.331046581268310547e+00,2.383755445480346680e+00,2.313322782516479492e+00,2.370605707168579102e+00,2.432581186294555664e+00,2.589074134826660156e+00,2.773096799850463867e+00,2.992012023925781250e+00,3.234693288803100586e+00,3.564168691635131836e+00,3.734057903289794922e+00,3.615871906280517578e+00,3.342967748641967773e+00,3.356297016143798828e+00,3.163596630096435547e+00
3.848293125629425049e-01,0.000000000000000000e+00,3.835755586624145508e-01,6.275786161422729492e-01,9.796088933944702148e-01,1.309410929679870605e+00,1.613490939140319824e+00,1.977178573608398438e+00,2.284468650817871094e+00,2.661008358001708984e+00,2.673654317855834961e+00,2.574319601058959961e+00,2.192113637924194336e+00,2.101042509078979492e+00,1.730629205703735352e+00,6.854814291000366211e-01,6.016384959220886230e-01,6.482324600219726562e-01,7.887455224990844727e-01,1.074302077293395996e+00,1.363191962242126465e+00,1.660440206527709961e+00,2.010116100311279297e+00,2.328231811523437500e+00,2.712082386016845703e+00,2.822920560836791992e+00,2.646290779113769531e+00,2.289811849594116211e+00,2.239479064941406250e+00,1.911214113235473633e+00,1.180825948715209961e+00,1.136511564254760742e+00,1.105154514312744141e+00,1.174522280693054199e+00,1.353971600532531738e+00,1.577042341232299805e+00,1.836942315101623535e+00,2.151138782501220703e+00,2.451026439666748047e+00,2.820833206176757812e+00,2.973093271255493164e+00,2.811699151992797852e+00,2.483632564544677734e+00,2.459061622619628906e+00,2.179574489593505859e+00,1.684664964675903320e+00,1.664830327033996582e+00,1.592204451560974121e+00,1.625439643859863281e+00,1.727676510810852051e+00,1.891545772552490234e+00,2.109703063964843750e+00,2.377494573593139648e+00,2.649201393127441406e+00,2.996310949325561523e+00,3.169744729995727539e+00,3.035067558288574219e+00,2.745228052139282227e+00,2.747292757034301758e+00,2.520071029663085938e+00,2.227454423904418945e+00,2.221640825271606445e+00,2.111767768859863281e+00,2.118918657302856445e+00,2.152662992477416992e+00,2.272944688796997070e+00,2.455569505691528320e+00,2.651908397674560547e+00,2.900743722915649414e+00,3.220602273941040039e+00,3.408984661102294922e+00,3.313866615295410156e+00,3.052404165267944336e+00,3.098019599914550781e+00,2.923404455184936523e+00
6.196666359901428223e-01,3.835755586624145508e-01,0.000000000000000000e+00,3.768292665481567383e-01,6.442127227783203125e-01,1.005986452102661133e+00,1.271551370620727539e+00,1.651159644126892090e+00,1.936379551887512207e+00,2.316743135452270508e+00,2.310771942138671875e+00,2.212360620498657227e+00,1.829558849334716797e+00,1.741577863693237305e+00,1.377323508262634277e+00,7.760049700736999512e-01,7.178664803504943848e-01,5.442481637001037598e-01,6.569837331771850586e-01,8.229123353958129883e-01,1.114834904670715332e+00,1.361745238304138184e+00,1.716518998146057129e+00,2.008366346359252930e+00,2.396428346633911133e+00,2.490610361099243164e+00,2.313690185546875000e+00,1.963706731796264648e+00,1.916066646575927734e+00,1.607367634773254395e+00,1.242808580398559570e+00,1.206767678260803223e+00,1.058649659156799316e+00,1.110094189643859863e+00,1.186852216720581055e+00,1.393936634063720703e+00,1.594708919525146484e+00,1.901665568351745605e+00,2.168742656707763672e+00,2.539708375930786133e+00,2.674710988998413086e+00,2.515269994735717773e+00,2.200760364532470703e+00,2.177078962326049805e+00,1.926371932029724121e+00,1.722629308700561523e+00,1.709583997726440430e+00,1.560614824295043945e+00,1.587477087974548340e+00,1.611897587776184082e+00,1.759917974472045898e+00,1.919872283935546875e+00,2.174706459045410156e+00,2.409072160720825195e+00,2.753619432449340820e+00,2.908670902252197266e+00,2.775774717330932617e+00,2.504036188125610352e+00,2.504956007003784180e+00,2.310039281845092773e+00,2.244939088821411133e+00,2.244362831115722656e+00,2.080399036407470703e+00,2.091885089874267578e+00,2.065582036972045898e+00,2.179538726806640625e+00,2.307787895202636719e+00,2.493924856185913086e+00,2.703125476837158203e+00,3.019980430603027344e+00,3.188139200210571289e+00,3.092778205871582031e+00,2.851051807403564453e+00,2.890468358993530273e+00,2.746670007705688477e+00
9.506528377532958984e-01,6.275786161422729492e-01,3.768292665481567383e-01,0.000000000000000000e+00,3.842189311981201172e-01,6.824323534965515137e-01,1.004053473472595215e+00,1.353919029235839844e+00,1.674695253372192383e+00,2.048205852508544922e+00,2.091429233551025391e+00,2.033782005310058594e+00,1.663290500640869141e+00,1.650318503379821777e+00,1.311104893684387207e+00,1.081308484077453613e+00,9.074025750160217285e-01,6.520979404449462891e-01,5.308403968811035156e-01,6.097053885459899902e-01,8.112957477569580078e-01,1.088452816009521484e+00,1.413896918296813965e+00,1.731009721755981445e+00,2.109509468078613281e+00,2.244634151458740234e+00,2.111654996871948242e+00,1.779948949813842773e+00,1.801618218421936035e+00,1.523267269134521484e+00,1.452250480651855469e+00,1.322399497032165527e+00,1.106134533882141113e+00,1.029014229774475098e+00,1.032062768936157227e+00,1.148564219474792480e+00,1.350103735923767090e+00,1.617882490158081055e+00,1.894974470138549805e+00,2.250929117202758789e+00,2.422003984451293945e+00,2.305855512619018555e+00,2.013666629791259766e+00,2.051289796829223633e+00,1.833268404006958008e+00,1.872020840644836426e+00,1.785797238349914551e+00,1.582646489143371582e+00,1.522038102149963379e+00,1.487480044364929199e+00,1.559302568435668945e+00,1.705006718635559082e+00,1.914434313774108887e+00,2.147599220275878906e+00,2.472709178924560547e+00,2.658460617065429688e+00,2.567489385604858398e+00,2.321331024169921875e+00,2.375526666641235352e+00,2.214364528656005859e+00,2.351379156112670898e+00,2.292255878448486328e+00,2.084864377975463867e+00,2.034011602401733398e+00,1.957969188690185547e+00,2.010254859924316406e+00,2.117065191268920898e+00,2.255522012710571289e+00,2.457304000854492188e+00,2.751553535461425781e+00,2.944389820098876953e+00,2.889250278472900391e+00,2.676403045654296875e+00,2.760169506072998047e+00,2.653595924377441406e+00
1.259761452674865723e+00,9.796088933944702148e-01,6.442127227783203125e-01,3.842189311981201172e-01,0.000000000000000000e+00,3.790503144264221191e-01,6.342381834983825684e-01,1.007376909255981445e+00,1.304956555366516113e+00,1.682834148406982422e+00,1.711141943931579590e+00,1.661889433860778809e+00,1.295273065567016602e+00,1.312990069389343262e+00,1.004094600677490234e+00,1.309647679328918457e+00,1.166806697845458984e+00,8.269895911216735840e-01,6.735525727272033691e-01,5.041266679763793945e-01,6.208559870719909668e-01,7.901107668876647949e-01,1.109470129013061523e+00,1.391193270683288574e+00,1.773423910140991211e+00,1.893319129943847656e+00,1.768719911575317383e+00,1.452850818634033203e+00,1.498098254203796387e+00,1.264875888824462891e+00,1.622846126556396484e+00,1.503669500350952148e+00,1.212031960487365723e+00,1.112770795822143555e+00,9.819507002830505371e-01,1.040247917175292969e+00,1.139050483703613281e+00,1.376923084259033203e+00,1.604782938957214355e+00,1.956605434417724609e+00,2.109825611114501953e+00,2.004345417022705078e+00,1.737930774688720703e+00,1.790106177330017090e+00,1.622258543968200684e+00,1.992804408073425293e+00,1.910839080810546875e+00,1.647914409637451172e+00,1.576604008674621582e+00,1.454074978828430176e+00,1.490671396255493164e+00,1.552941560745239258e+00,1.730496525764465332e+00,1.909982800483703613e+00,2.224521160125732422e+00,2.389598846435546875e+00,2.307834625244140625e+00,2.091593265533447266e+00,2.153097629547119141e+00,2.039871454238891602e+00,2.430132627487182617e+00,2.372396945953369141e+00,2.118602514266967773e+00,2.068253517150878906e+00,1.928534984588623047e+00,1.964655160903930664e+00,2.002528905868530273e+00,2.119001388549804688e+00,2.267809391021728516e+00,2.551183223724365234e+00,2.720343351364135742e+00,2.670440196990966797e+00,2.487472295761108398e+00,2.569294929504394531e+00,2.504685401916503906e+00
1.612527608871459961e+00,1.309410929679870605e+00,1.005986452102661133e+00,6.824323534965515137e-01,3.790503144264221191e-01,0.000000000000000000e+00,3.808287382125854492e-01,6.761994957923889160e-01,1.019514560699462891e+00,1.384233474731445312e+00,1.478437423706054688e+00,1.496673822402954102e+00,1.170655131340026855e+00,1.298074245452880859e+00,1.070150732994079590e+00,1.668661475181579590e+00,1.485454440116882324e+00,1.142240762710571289e+00,8.985235691070556641e-01,6.368167400360107422e-01,5.029202699661254883e-01,5.967094302177429199e-01,8.186443448066711426e-01,1.110249638557434082e+00,1.472055077552795410e+00,1.643002748489379883e+00,1.588377237319946289e+00,1.321363210678100586e+00,1.460403800010681152e+00,1.300842523574829102e+00,1.933243155479431152e+00,1.767725229263305664e+00,1.449122667312622070e+00,1.267930865287780762e+00,1.057735085487365723e+00,9.773712158203125000e-01,1.012008547782897949e+00,1.153975367546081543e+00,1.358927607536315918e+00,1.677709817886352539e+00,1.869878053665161133e+00,1.829245328903198242e+00,1.613203167915344238e+00,1.740363121032714844e+00,1.636328101158142090e+00,2.253030300140380859e+00,2.125674247741699219e+00,1.828838467597961426e+00,1.691429615020751953e+00,1.505029082298278809e+00,1.447936415672302246e+00,1.457644939422607422e+00,1.553782224655151367e+00,1.700443387031555176e+00,1.976431727409362793e+00,2.169326066970825195e+00,2.144898414611816406e+00,1.977305173873901367e+00,2.098148107528686523e+00,2.040500879287719727e+00,2.643465518951416016e+00,2.543960809707641602e+00,2.257003068923950195e+00,2.156744956970214844e+00,1.964133024215698242e+00,1.932723999023437500e+00,1.924353837966918945e+00,1.973706126213073730e+00,2.089021205902099609e+00,2.334132432937622070e+00,2.521239280700683594e+00,2.521001338958740234e+00,2.385104179382324219e+00,2.511040449142456055e+00,2.498599767684936523e+00
1.885493993759155273e+00,1.613490939140319824e+00,1.271551370620727539e+00,1.004053473472595215e+00,6.342381834983825684e-01,3.808287382125854492e-01,0.000000000000000000e+00,3.991822898387908936e-01,6.717285513877868652e-01,1.049005270004272461e+00,1.105209469795227051e+00,1.130812764167785645e+00,8.207738995552062988e-01,1.003266811370849609e+00,8.629863858222961426e-01,1.880586028099060059e+00,1.734340906143188477e+00,1.363269329071044922e+00,1.157447218894958496e+00,8.186145424842834473e-01,6.519651412963867188e-01,4.908865988254547119e-01,6.361977458000183105e-01,8.226568102836608887e-01,1.187807321548461914e+00,1.319509863853454590e+00,1.270600080490112305e+00,1.038396120071411133e+00,1.204248785972595215e+00,1.126649498939514160e+00,2.103656053543090820e+00,1.965691804885864258e+00,1.615374326705932617e+00,1.455444335937500000e+00,1.173400640487670898e+00,1.068626284599304199e+00,9.624873995780944824e-01,1.046988368034362793e+00,1.151699185371398926e+00,1.456524014472961426e+00,1.605906963348388672e+00,1.571442246437072754e+00,1.397469282150268555e+00,1.529693484306335449e+00,1.494753599166870117e+00,2.381356239318847656e+00,2.274400472640991211e+00,1.946723341941833496e+00,1.825611710548400879e+00,1.582103848457336426e+00,1.513368606567382812e+00,1.428703069686889648e+00,1.489413738250732422e+00,1.553829193115234375e+00,1.811172246932983398e+00,1.960668087005615234e+00,1.937811374664306641e+00,1.809422731399536133e+00,1.924118995666503906e+00,1.921856284141540527e+00,2.731011390686035156e+00,2.646631956100463867e+00,2.332656860351562500e+00,2.250587463378906250e+00,2.014106273651123047e+00,1.983913302421569824e+00,1.904735445976257324e+00,1.940117001533508301e+00,1.986941337585449219e+00,2.218268156051635742e+00,2.362609624862670898e+00,2.357234716415405273e+00,2.254321813583374023e+00,2.363868236541748047e+00,2.393310070037841797e+00
2.263773918151855469e+00,1.977178573608398438e+00,1.651159644126892090e+00,1.353919029235839844e+00,1.007376909255981445e+00,6.761994957923889160e-01,3.991822898387908936e-01,0.000000000000000000e+00,3.824713826179504395e-01,7.173060774803161621e-01,8.871898055076599121e-01,1.031922221183776855e+00,8.418670296669006348e-01,1.144716501235961914e+00,1.123139500617980957e+00,2.266622543334960938e+00,2.096447229385375977e+00,1.728695511817932129e+00,1.484037518501281738e+00,1.137922406196594238e+00,8.693577647209167480e-01,6.302469372749328613e-01,5.004463195800781250e-01,5.840857625007629395e-01,8.805105090141296387e-01,1.081659078598022461e+00,1.152514934539794922e+00,1.031450748443603516e+00,1.298069238662719727e+00,1.319907069206237793e+00,2.460858106613159180e+00,2.294521093368530273e+00,1.935698032379150391e+00,1.731241941452026367e+00,1.416816473007202148e+00,1.218124866485595703e+00,1.040910840034484863e+00,9.726487398147583008e-01,9.866909980773925781e-01,1.209494590759277344e+00,1.395697236061096191e+00,1.458042263984680176e+00,1.375434279441833496e+00,1.585474610328674316e+00,1.631489515304565430e+00,2.700598716735839844e+00,2.563024759292602539e+00,2.218106508255004883e+00,2.053229570388793945e+00,1.769310951232910156e+00,1.624151945114135742e+00,1.479942560195922852e+00,1.435670733451843262e+00,1.429460167884826660e+00,1.614387989044189453e+00,1.782060146331787109e+00,1.834543347358703613e+00,1.780912518501281738e+00,1.954595923423767090e+00,2.019390821456909180e+00,3.007521867752075195e+00,2.892126798629760742e+00,2.557034492492675781e+00,2.437677860260009766e+00,2.161012172698974609e+00,2.071020841598510742e+00,1.939546465873718262e+00,1.898696303367614746e+00,1.888561367988586426e+00,2.060563564300537109e+00,2.211370229721069336e+00,2.264339208602905273e+00,2.225699424743652344e+00,2.376014709472656250e+00,2.465159177780151367e+00
2.546110868453979492e+00,2.284468650817871094e+00,1.936379551887512207e+00,1.674695253372192383e+00,1.304956555366516113e+00,1.019514560699462891e+00,6.717285513877868652e-01,3.824713826179504395e-01,0.000000000000000000e+00,3.880414664745330811e-01,5.195764899253845215e-01,7.478142380714416504e-01,6.792803406715393066e-01,1.037968754768371582e+00,1.141754508018493652e+00,2.514499664306640625e+00,2.376343488693237305e+00,1.997839331626892090e+00,1.787239670753479004e+00,1.420944452285766602e+00,1.181174278259277344e+00,8.654944300651550293e-01,6.779654622077941895e-01,5.088837146759033203e-01,7.093978524208068848e-01,8.341755270957946777e-01,9.509583115577697754e-01,9.357386231422424316e-01,1.215534090995788574e+00,1.338596224784851074e+00,2.685014247894287109e+00,2.546546936035156250e+00,2.176073074340820312e+00,1.999102950096130371e+00,1.659385204315185547e+00,1.471828937530517578e+00,1.217105984687805176e+00,1.101781964302062988e+00,9.777953624725341797e-01,1.132824659347534180e+00,1.243318557739257812e+00,1.327932953834533691e+00,1.323432207107543945e+00,1.526148080825805664e+00,1.649406313896179199e+00,2.895458221435546875e+00,2.781055927276611328e+00,2.423397541046142578e+00,2.281438112258911133e+00,1.970967411994934082e+00,1.831855177879333496e+00,1.621996402740478516e+00,1.548281669616699219e+00,1.448546767234802246e+00,1.588635802268981934e+00,1.691226124763488770e+00,1.750318646430969238e+00,1.753411889076232910e+00,1.911590695381164551e+00,2.034616470336914062e+00,3.169081926345825195e+00,3.072378873825073242e+00,2.724568843841552734e+00,2.627329826354980469e+00,2.326664209365844727e+00,2.245626688003540039e+00,2.059166431427001953e+00,2.008493900299072266e+00,1.926715850830078125e+00,2.071874141693115234e+00,2.166435003280639648e+00,2.214251518249511719e+00,2.217141389846801758e+00,2.343542337417602539e+00,2.474630355834960938e+00
2.929249048233032227e+00,2.661008358001708984e+00,2.316743135452270508e+00,2.048205852508544922e+00,1.682834148406982422e+00,1.384233474731445312e+00,1.049005270004272461e+00,7.173060774803161621e-01,3.880414664745330811e-01,0.000000000000000000e+00,3.884820044040679932e-01,7.405316829681396484e-01,8.604959249496459961e-01,1.238892912864685059e+00,1.423613190650939941e+00,2.874134302139282227e+00,2.726451158523559570e+00,2.347776651382446289e+00,2.125657558441162109e+00,1.753628373146057129e+00,1.487497687339782715e+00,1.152313709259033203e+00,8.731582760810852051e-01,5.649421811103820801e-01,5.125607848167419434e-01,6.298388242721557617e-01,8.923344016075134277e-01,1.027880072593688965e+00,1.345565199851989746e+00,1.547888278961181641e+00,3.007381677627563477e+00,2.857636690139770508e+00,2.481443405151367188e+00,2.289079427719116211e+00,1.931692838668823242e+00,1.708439111709594727e+00,1.410612225532531738e+00,1.205904364585876465e+00,9.709891676902770996e-01,9.885860681533813477e-01,1.069986104965209961e+00,1.246901273727416992e+00,1.353364825248718262e+00,1.594567060470581055e+00,1.790752172470092773e+00,3.175914525985717773e+00,3.048008918762207031e+00,2.679671525955200195e+00,2.520553112030029297e+00,2.184839248657226562e+00,2.009197950363159180e+00,1.750049591064453125e+00,1.604179978370666504e+00,1.419213175773620605e+00,1.469183325767517090e+00,1.542233943939208984e+00,1.661878108978271484e+00,1.748087644577026367e+00,1.936109900474548340e+00,2.122658014297485352e+00,3.402728319168090820e+00,3.290857553482055664e+00,2.929630756378173828e+00,2.817461252212524414e+00,2.489446640014648438e+00,2.377008676528930664e+00,2.141570091247558594e+00,2.039885044097900391e+00,1.889319062232971191e+00,1.972065806388854980e+00,2.037599802017211914e+00,2.124681949615478516e+00,2.193700075149536133e+00,2.336330652236938477e+00,2.522867441177368164e+00
2.911418676376342773e+00,2.673654317855834961e+00,2.310771942138671875e+00,2.091429233551025391e+00,1.711141943931579590e+00,1.478437423706054688e+00,1.105209469795227051e+00,8.871898055076599121e-01,5.195764899253845215e-01,3.884820044040679932e-01,0.000000000000000000e+00,4.064879715442657471e-01,6.257312297821044922e-01,9.691813588142395020e-01,1.229195117950439453e+00,2.805179595947265625e+00,2.698827981948852539e+00,2.316296100616455078e+00,2.145705461502075195e+00,1.766660809516906738e+00,1.564529061317443848e+00,1.199685335159301758e+00,1.009543180465698242e+00,6.757804155349731445e-01,6.920226216316223145e-01,5.794699192047119141e-01,7.063644528388977051e-01,8.625154495239257812e-01,1.112201213836669922e+00,1.362815380096435547e+00,2.916835069656372070e+00,2.809366941452026367e+00,2.431685209274291992e+00,2.289951324462890625e+00,1.929463505744934082e+00,1.765233874320983887e+00,1.440971732139587402e+00,1.302283525466918945e+00,1.045139908790588379e+00,1.113063454627990723e+00,1.068382620811462402e+00,1.142453312873840332e+00,1.241647481918334961e+00,1.407573461532592773e+00,1.627644658088684082e+00,3.068603754043579102e+00,2.981482267379760742e+00,2.614136695861816406e+00,2.504078626632690430e+00,2.169243574142456055e+00,2.047976970672607422e+00,1.769296526908874512e+00,1.679812550544738770e+00,1.477917194366455078e+00,1.569229006767272949e+00,1.557550549507141113e+00,1.596382021903991699e+00,1.667007446289062500e+00,1.785639524459838867e+00,1.979865074157714844e+00,3.281473875045776367e+00,3.208157539367675781e+00,2.850108146667480469e+00,2.785051822662353516e+00,2.461951971054077148e+00,2.401258945465087891e+00,2.152971506118774414e+00,2.106376886367797852e+00,1.941749215126037598e+00,2.061944484710693359e+00,2.065742015838623047e+00,2.084285974502563477e+00,2.132497787475585938e+00,2.212855815887451172e+00,2.392421483993530273e+00
2.798711299896240234e+00,2.574319601058959961e+00,2.212360620498657227e+00,2.033782005310058594e+00,1.661889433860778809e+00,1.496673822402954102e+00,1.130812764167785645e+00,1.031922221183776855e+00,7.478142380714416504e-01,7.405316829681396484e-01,4.064879715442657471e-01,0.000000000000000000e+00,3.851240277290344238e-01,6.507983803749084473e-01,9.692724347114562988e-01,2.609923839569091797e+00,2.522113800048828125e+00,2.145892381668090820e+00,2.014685153961181641e+00,1.640277028083801270e+00,1.497630119323730469e+00,1.124832630157470703e+00,1.026852965354919434e+00,7.308441400527954102e-01,8.366123437881469727e-01,5.946996808052062988e-01,4.562464654445648193e-01,5.693091750144958496e-01,7.418122291564941406e-01,1.035239458084106445e+00,2.664829254150390625e+00,2.580424547195434570e+00,2.205865383148193359e+00,2.102735519409179688e+00,1.743865966796875000e+00,1.633059382438659668e+00,1.292424678802490234e+00,1.225792288780212402e+00,9.832683801651000977e-01,1.129576683044433594e+00,9.962751269340515137e-01,9.228735566139221191e-01,9.684375524520874023e-01,1.056657075881958008e+00,1.286720275878906250e+00,2.776137828826904297e+00,2.712424278259277344e+00,2.347671747207641602e+00,2.275297641754150391e+00,1.943551659584045410e+00,1.871874213218688965e+00,1.581777215003967285e+00,1.555778264999389648e+00,1.363908410072326660e+00,1.519316554069519043e+00,1.447578549385070801e+00,1.386163949966430664e+00,1.408803582191467285e+00,1.460976123809814453e+00,1.646059632301330566e+00,2.959227323532104492e+00,2.909164428710937500e+00,2.554970026016235352e+00,2.526516437530517578e+00,2.210642099380493164e+00,2.197124004364013672e+00,1.945072889328002930e+00,1.958769202232360840e+00,1.801887512207031250e+00,1.974834203720092773e+00,1.936638712882995605e+00,1.879215121269226074e+00,1.883395910263061523e+00,1.909601807594299316e+00,2.067405462265014648e+00
2.414125919342041016e+00,2.192113637924194336e+00,1.829558849334716797e+00,1.663290500640869141e+00,1.295273065567016602e+00,1.170655131340026855e+00,8.207738995552062988e-01,8.418670296669006348e-01,6.792803406715393066e-01,8.604959249496459961e-01,6.257312297821044922e-01,3.851240277290344238e-01,0.000000000000000000e+00,3.821816444396972656e-01,6.134795546531677246e-01,2.232729196548461914e+00,2.148634910583496094e+00,1.770886063575744629e+00,1.652690887451171875e+00,1.283427119255065918e+00,1.181890368461608887e+00,8.309510350227355957e-01,8.509631156921386719e-01,6.921789646148681641e-01,9.613821506500244141e-01,8.326129317283630371e-01,6.301861405372619629e-01,4.749294817447662354e-01,5.942466855049133301e-01,7.692816257476806641e-01,2.315515518188476562e+00,2.236643791198730469e+00,1.863919138908386230e+00,1.775008797645568848e+00,1.430837750434875488e+00,1.361411571502685547e+00,1.063377976417541504e+00,1.094253778457641602e+00,9.707280993461608887e-01,1.230886340141296387e+00,1.174660563468933105e+00,1.044606447219848633e+00,9.460533857345581055e-01,9.985992312431335449e-01,1.121404170989990234e+00,2.466936826705932617e+00,2.410755395889282227e+00,2.053243160247802734e+00,1.994815111160278320e+00,1.686936020851135254e+00,1.652344942092895508e+00,1.415346980094909668e+00,1.462175607681274414e+00,1.364418983459472656e+00,1.598840117454528809e+00,1.584441423416137695e+00,1.485477566719055176e+00,1.413467288017272949e+00,1.447214484214782715e+00,1.548283815383911133e+00,2.699940204620361328e+00,2.658875942230224609e+00,2.315930843353271484e+00,2.297393560409545898e+00,2.008813619613647461e+00,2.023643970489501953e+00,1.825773835182189941e+00,1.886127352714538574e+00,1.805244445800781250e+00,2.032376050949096680e+00,2.041326522827148438e+00,1.962625861167907715e+00,1.897591471672058105e+00,1.922010540962219238e+00,2.014324665069580078e+00
2.281946182250976562e+00,2.101042509078979492e+00,1.741577863693237305e+00,1.650318503379821777e+00,1.312990069389343262e+00,1.298074245452880859e+00,1.003266811370849609e+00,1.144716501235961914e+00,1.037968754768371582e+00,1.238892912864685059e+00,9.691813588142395020e-01,6.507983803749084473e-01,3.821816444396972656e-01,0.000000000000000000e+00,3.777655363082885742e-01,2.037258625030517578e+00,2.004300117492675781e+00,1.643658995628356934e+00,1.603565335273742676e+00,1.271023035049438477e+00,1.279733538627624512e+00,9.881138801574707031e-01,1.126897692680358887e+00,1.037992358207702637e+00,1.317941665649414062e+00,1.148869156837463379e+00,8.488466143608093262e-01,6.147306561470031738e-01,4.676077663898468018e-01,5.744633078575134277e-01,2.094033718109130859e+00,2.070091724395751953e+00,1.714772105216979980e+00,1.701574563980102539e+00,1.393493771553039551e+00,1.423342227935791016e+00,1.166724443435668945e+00,1.300278902053833008e+00,1.230958223342895508e+00,1.524063467979431152e+00,1.424322843551635742e+00,1.196809530258178711e+00,1.022356748580932617e+00,9.299311041831970215e-01,9.855047464370727539e-01,2.236075401306152344e+00,2.233161687850952148e+00,1.894914031028747559e+00,1.906311273574829102e+00,1.634010076522827148e+00,1.684293150901794434e+00,1.478920459747314453e+00,1.611684203147888184e+00,1.553731441497802734e+00,1.830970883369445801e+00,1.778897762298583984e+00,1.597762227058410645e+00,1.462166309356689453e+00,1.398081302642822266e+00,1.442084074020385742e+00,2.471126317977905273e+00,2.480001926422119141e+00,2.157905340194702148e+00,2.200272560119628906e+00,1.947135210037231445e+00,2.033198595046997070e+00,1.863983869552612305e+00,1.997707009315490723e+00,1.946982264518737793e+00,2.216529607772827148e+00,2.196584224700927734e+00,2.049514532089233398e+00,1.928574323654174805e+00,1.883350253105163574e+00,1.920742869377136230e+00
1.911865115165710449e+00,1.730629205703735352e+00,1.377323508262634277e+00,1.311104893684387207e+00,1.004094600677490234e+00,1.070150732994079590e+00,8.629863858222961426e-01,1.123139500617980957e+00,1.141754508018493652e+00,1.423613190650939941e+00,1.229195117950439453e+00,9.692724347114562988e-01,6.134795546531677246e-01,3.777655363082885742e-01,0.000000000000000000e+00,1.665075898170471191e+00,1.632291674613952637e+00,1.272250413894653320e+00,1.257612705230712891e+00,9.527845382690429688e-01,1.042609930038452148e+00,8.408084511756896973e-01,1.099702358245849609e+00,1.141163945198059082e+00,1.486676096916198730e+00,1.393690466880798340e+00,1.107983589172363281e+00,7.832205295562744141e-01,6.314719319343566895e-01,4.829290509223937988e-01,1.752004384994506836e+00,1.730978965759277344e+00,1.381222605705261230e+00,1.390918254852294922e+00,1.119500279426574707e+00,1.214757800102233887e+00,1.045369148254394531e+00,1.272764205932617188e+00,1.315675973892211914e+00,1.663252711296081543e+00,1.627901911735534668e+00,1.394387125968933105e+00,1.137537360191345215e+00,1.040065884590148926e+00,9.586120843887329102e-01,1.944073438644409180e+00,1.945441961288452148e+00,1.621199965476989746e+00,1.649091362953186035e+00,1.419122934341430664e+00,1.514759063720703125e+00,1.387269496917724609e+00,1.584748864173889160e+00,1.617062091827392578e+00,1.939308762550354004e+00,1.940750360488891602e+00,1.751279115676879883e+00,1.549833893775939941e+00,1.486961960792541504e+00,1.441047668457031250e+00,2.239220857620239258e+00,2.252613544464111328e+00,1.949144005775451660e+00,1.998003005981445312e+00,1.785005688667297363e+00,1.897424101829528809e+00,1.795701980590820312e+00,1.966639876365661621e+00,1.989980578422546387e+00,2.292890787124633789e+00,2.319210767745971680e+00,2.168754577636718750e+00,1.995665073394775391e+00,1.962145566940307617e+00,1.936113357543945312e+00
6.586177945137023926e-01,6.854814291000366211e-01,7.760049700736999512e-01,1.081308484077453613e+00,1.309647679328918457e+00,1.668661475181579590e+00,1.880586028099060059e+00,2.266622543334960938e+00,2.514499664306640625e+00,2.874134302139282227e+00,2.805179595947265625e+00,2.609923839569091797e+00,2.232729196548461914e+00,2.037258625030517578e+00,1.665075898170471191e+00,0.000000000000000000e+00,3.910991549491882324e-01,5.973184108734130859e-01,9.548833370208740234e-01,1.225621819496154785e+00,1.593659281730651855e+00,1.830067992210388184e+00,2.216018438339233398e+00,2.493602991104125977e+00,2.881071567535400391e+00,2.912185907363891602e+00,2.651530504226684570e+00,2.274064540863037109e+00,2.119578599929809570e+00,1.758290290832519531e+00,5.873565077781677246e-01,7.515653967857360840e-01,8.298243880271911621e-01,1.107300877571105957e+00,1.337220549583435059e+00,1.672424674034118652e+00,1.901747226715087891e+00,2.271477699279785156e+00,2.551930427551269531e+00,2.941884517669677734e+00,3.020364522933959961e+00,2.775930881500244141e+00,2.413974285125732422e+00,2.291826009750366211e+00,1.965067505836486816e+00,1.126838088035583496e+00,1.239961385726928711e+00,1.241886496543884277e+00,1.430841922760009766e+00,1.596107959747314453e+00,1.875582695007324219e+00,2.087510824203491211e+00,2.425977230072021484e+00,2.691035032272338867e+00,3.068926095962524414e+00,3.175616025924682617e+00,2.960713624954223633e+00,2.629234075546264648e+00,2.541753530502319336e+00,2.261964082717895508e+00,1.691811561584472656e+00,1.783051252365112305e+00,1.730355381965637207e+00,1.852180004119873047e+00,1.948314905166625977e+00,2.173624992370605469e+00,2.365793466567993164e+00,2.644518136978149414e+00,2.891968011856079102e+00,3.249794960021972656e+00,3.379451751708984375e+00,3.206017255783081055e+00,2.897165298461914062e+00,2.864374399185180664e+00,2.630831003189086914e+00
7.769960761070251465e-01,6.016384959220886230e-01,7.178664803504943848e-01,9.074025750160217285e-01,1.166806697845458984e+00,1.485454440116882324e+00,1.734340906143188477e+00,2.096447229385375977e+00,2.376343488693237305e+00,2.726451158523559570e+00,2.698827981948852539e+00,2.522113800048828125e+00,2.148634910583496094e+00,2.004300117492675781e+00,1.632291674613952637e+00,3.910991549491882324e-01,0.000000000000000000e+00,3.828936815261840820e-01,6.590067744255065918e-01,9.937469959259033203e-01,1.339171528816223145e+00,1.622531056404113770e+00,1.995878338813781738e+00,2.306605815887451172e+00,2.686350822448730469e+00,2.751664876937866211e+00,2.515374422073364258e+00,2.139451026916503906e+00,2.034552335739135742e+00,1.671561598777770996e+00,6.165782213211059570e-01,5.401411652565002441e-01,5.885160565376281738e-01,7.834381461143493652e-01,1.060076951980590820e+00,1.375747799873352051e+00,1.652544856071472168e+00,2.014438152313232422e+00,2.327433586120605469e+00,2.710810422897338867e+00,2.822323322296142578e+00,2.601944208145141602e+00,2.240074634552001953e+00,2.165601253509521484e+00,1.836936593055725098e+00,1.089328050613403320e+00,1.070530891418457031e+00,1.035502076148986816e+00,1.141006827354431152e+00,1.317568898200988770e+00,1.567324280738830566e+00,1.815993428230285645e+00,2.143605470657348633e+00,2.437682628631591797e+00,2.809410810470581055e+00,2.947991371154785156e+00,2.758591651916503906e+00,2.428463459014892578e+00,2.386335372924804688e+00,2.108090162277221680e+00,1.627414345741271973e+00,1.629753947257995605e+00,1.545849084854125977e+00,1.596990942955017090e+00,1.684939742088317871e+00,1.871299505233764648e+00,2.087235450744628906e+00,2.346039295196533203e+00,2.618028640747070312e+00,2.967237710952758789e+00,3.127016067504882812e+00,2.981383562088012695e+00,2.677881240844726562e+00,2.688723564147949219e+00,2.465686798095703125e+00
9.003009796142578125e-01,6.482324600219726562e-01,5.442481637001037598e-01,6.520979404449462891e-01,8.269895911216735840e-01,1.142240762710571289e+00,1.363269329071044922e+00,1.728695511817932129e+00,1.997839331626892090e+00,2.347776651382446289e+00,2.316296100616455078e+00,2.145892381668090820e+00,1.770886063575744629e+00,1.643658995628356934e+00,1.272250413894653320e+00,5.973184108734130859e-01,3.828936815261840820e-01,0.000000000000000000e+00,3.739928007125854492e-01,6.367422938346862793e-01,1.001006245613098145e+00,1.257602453231811523e+00,1.637885212898254395e+00,1.937059402465820312e+00,2.320840358734130859e+00,2.382417440414428711e+00,2.152932643890380859e+00,1.779238820075988770e+00,1.691828608512878418e+00,1.339248776435852051e+00,8.125802278518676758e-01,7.070082426071166992e-01,5.146175026893615723e-01,6.322453618049621582e-01,7.887027859687805176e-01,1.093641042709350586e+00,1.330482959747314453e+00,1.690050005912780762e+00,1.984597444534301758e+00,2.370755195617675781e+00,2.478266477584838867e+00,2.267765283584594727e+00,1.915879726409912109e+00,1.858427762985229492e+00,1.555021882057189941e+00,1.223863124847412109e+00,1.179264068603515625e+00,1.016759514808654785e+00,1.072808623313903809e+00,1.140677213668823242e+00,1.358979344367980957e+00,1.555615186691284180e+00,1.868189334869384766e+00,2.134876251220703125e+00,2.504860639572143555e+00,2.638159275054931641e+00,2.460254192352294922e+00,2.148120641708374023e+00,2.121576786041259766e+00,1.879052758216857910e+00,1.720912933349609375e+00,1.703772068023681641e+00,1.537313461303710938e+00,1.564883351325988770e+00,1.566694855690002441e+00,1.726613402366638184e+00,1.885742664337158203e+00,2.124154329299926758e+00,2.361872434616088867e+00,2.706255912780761719e+00,2.857975959777832031e+00,2.723747730255126953e+00,2.443812131881713867e+00,2.464700937271118164e+00,2.281537294387817383e+00
1.130141019821166992e+00,7.887455224990844727e-01,6.569837331771850586e-01,5.308403968811035156e-01,6.735525727272033691e-01,8.985235691070556641e-01,1.157447218894958496e+00,1.484037518501281738e+00,1.787239670753479004e+00,2.125657558441162109e+00,2.145705461502075195e+00,2.014685153961181641e+00,1.652690887451171875e+00,1.603565335273742676e+00,1.257612705230712891e+00,9.548833370208740234e-01,6.590067744255065918e-01,3.739928007125854492e-01,0.000000000000000000e+00,3.811318874359130859e-01,6.865100860595703125e-01,1.002902030944824219e+00,1.358841419219970703e+00,1.692997813224792480e+00,2.066568136215209961e+00,2.172947883605957031e+00,1.987868785858154297e+00,1.629940986633300781e+00,1.619728326797485352e+00,1.297019481658935547e+00,1.110385775566101074e+00,8.892905712127685547e-01,6.278436779975891113e-01,4.984849095344543457e-01,5.773105025291442871e-01,7.952472567558288574e-01,1.072089195251464844e+00,1.404412031173706055e+00,1.726186156272888184e+00,2.100590705871582031e+00,2.250652074813842773e+00,2.084664106369018555e+00,1.750872969627380371e+00,1.765331029891967773e+00,1.493497014045715332e+00,1.437399148941040039e+00,1.295097947120666504e+00,1.071364045143127441e+00,9.920185208320617676e-01,9.906813502311706543e-01,1.117331266403198242e+00,1.321523070335388184e+00,1.594570994377136230e+00,1.876467227935791016e+00,2.231450080871582031e+00,2.403704404830932617e+00,2.270462036132812500e+00,1.980280637741088867e+00,2.018090724945068359e+00,1.808892250061035156e+00,1.873391032218933105e+00,1.779712200164794922e+00,1.565150976181030273e+00,1.504754185676574707e+00,1.449614048004150391e+00,1.531985759735107422e+00,1.680540442466735840e+00,1.869428038597106934e+00,2.112715721130371094e+00,2.437482118606567383e+00,2.622805356979370117e+00,2.533185720443725586e+00,2.280155420303344727e+00,2.356198787689208984e+00,2.211709499359130859e+00
1.395579814910888672e+00,1.074302077293395996e+00,8.229123353958129883e-01,6.097053885459899902e-01,5.041266679763793945e-01,6.368167400360107422e-01,8.186145424842834473e-01,1.137922406196594238e+00,1.420944452285766602e+00,1.753628373146057129e+00,1.766660809516906738e+00,1.640277028083801270e+00,1.283427119255065918e+00,1.271023035049438477e+00,9.527845382690429688e-01,1.225621819496154785e+00,9.937469959259033203e-01,6.367422938346862793e-01,3.811318874359130859e-01,0.000000000000000000e+00,3.755870163440704346e-01,6.323685646057128906e-01,1.004272580146789551e+00,1.321526169776916504e+00,1.701057195663452148e+00,1.798852562904357910e+00,1.621532797813415527e+00,1.270612001419067383e+00,1.295180082321166992e+00,1.008790254592895508e+00,1.356864571571350098e+00,1.163133502006530762e+00,8.227891921997070312e-01,6.552290916442871094e-01,4.779629707336425781e-01,5.995330810546875000e-01,7.734324932098388672e-01,1.095194816589355469e+00,1.385495781898498535e+00,1.764046788215637207e+00,1.904371976852416992e+00,1.750236630439758301e+00,1.434804797172546387e+00,1.477064251899719238e+00,1.255083560943603516e+00,1.628394722938537598e+00,1.491145372390747070e+00,1.194231033325195312e+00,1.087615489959716797e+00,9.504021406173706055e-01,1.012352228164672852e+00,1.115196347236633301e+00,1.354970216751098633e+00,1.589230775833129883e+00,1.939562082290649414e+00,2.099026203155517578e+00,1.979011297225952148e+00,1.717240333557128906e+00,1.774520993232727051e+00,1.619605183601379395e+00,2.010248899459838867e+00,1.913295149803161621e+00,1.640265703201293945e+00,1.569933414459228516e+00,1.425493001937866211e+00,1.474383711814880371e+00,1.537441134452819824e+00,1.695168375968933105e+00,1.883893370628356934e+00,2.199187517166137695e+00,2.367113351821899414e+00,2.288747549057006836e+00,2.068669319152832031e+00,2.152606964111328125e+00,2.059245824813842773e+00
1.705620646476745605e+00,1.363191962242126465e+00,1.114834904670715332e+00,8.112957477569580078e-01,6.208559870719909668e-01,5.029202699661254883e-01,6.519651412963867188e-01,8.693577647209167480e-01,1.181174278259277344e+00,1.487497687339782715e+00,1.564529061317443848e+00,1.497630119323730469e+00,1.181890368461608887e+00,1.279733538627624512e+00,1.042609930038452148e+00,1.593659281730651855e+00,1.339171528816223145e+00,1.001006245613098145e+00,6.865100860595703125e-01,3.755870163440704346e-01,0.000000000000000000e+00,3.788113296031951904e-01,6.826114654541015625e-01,1.040304660797119141e+00,1.401801586151123047e+00,1.555243730545043945e+00,1.447157025337219238e+00,1.142521381378173828e+00,1.275997519493103027e+00,1.074858427047729492e+00,1.709321260452270508e+00,1.478272914886474609e+00,1.135714173316955566e+00,8.806040287017822266e-01,6.128047108650207520e-01,4.745645821094512939e-01,5.809139013290405273e-01,8.081212639808654785e-01,1.108294248580932617e+00,1.464312672615051270e+00,1.654501557350158691e+00,1.568645119667053223e+00,1.302309393882751465e+00,1.438634037971496582e+00,1.292052865028381348e+00,1.934793353080749512e+00,1.751737594604492188e+00,1.429898023605346680e+00,1.241146445274353027e+00,1.024844288825988770e+00,9.452911019325256348e-01,9.849205613136291504e-01,1.127864241600036621e+00,1.343367934226989746e+00,1.661878347396850586e+00,1.861219644546508789e+00,1.805018186569213867e+00,1.593529105186462402e+00,1.726497650146484375e+00,1.636323928833007812e+00,2.263280153274536133e+00,2.119876861572265625e+00,1.815277457237243652e+00,1.681634664535522461e+00,1.473767876625061035e+00,1.430180430412292480e+00,1.439165949821472168e+00,1.513975501060485840e+00,1.674052476882934570e+00,1.952482700347900391e+00,2.148615598678588867e+00,2.127718448638916016e+00,1.958389520645141602e+00,2.098963975906372070e+00,2.065716028213500977e+00
