,A1,A2,A3,A4,A5,A6,A7,A8,A9,A10,A11,A12,A13,A14,A15,B1,B2,B3,B4,B5,B6,B7,B8,B9,B10,B11,B12,B13,B14,B15,C1,C2,C3,C4,C5,C6,C7,C8,C9,C10,C11,C12,C13,C14,C15,D1,D2,D3,D4,D5,D6,D7,D8,D9,D10,D11,D12,D13,D14,D15,E1,E2,E3,E4,E5,E6,E7,E8,E9,E10,E11,E12,E13,E14,E15
A1,0.0,0.3917917013168335,0.6317064762115479,0.9559879302978516,1.2623533010482788,1.6123887300491333,1.8598743677139282,2.2385003566741943,2.444851875305176,2.363215923309326,2.6237876415252686,2.3770790100097656,2.015066146850586,1.915640115737915,1.5765526294708252,0.5780669450759888,0.7344951629638672,0.8909805417060852,1.118322730064392,1.3908021450042725,1.7057321071624756,1.966235876083374,2.327455997467041,2.5453102588653564,2.4806981086730957,2.7546885013580322,2.5489978790283203,2.21431040763855,2.1698803901672363,1.8936964273452759,1.1771445274353027,1.255172848701477,1.3124107122421265,1.4630632400512695,1.6555218696594238,1.911171555519104,2.1575210094451904,2.4880053997039795,2.709120512008667,2.655639886856079,2.938991069793701,2.776211977005005,2.4851982593536377,2.485200881958008,2.271104574203491,1.736311674118042,1.7790411710739136,1.777995228767395,1.8823778629302979,2.006420612335205,2.208970546722412,2.424091339111328,2.7137224674224854,2.935955762863159,2.9091076850891113,3.189662218093872,3.0729644298553467,2.835527181625366,2.8646316528320312,2.710911273956299,2.297619581222534,2.327193021774292,2.2812957763671875,2.3533272743225098,2.421008825302124,2.5849273204803467,2.776435375213623,3.018766164779663,3.2455434799194336,3.2533514499664307,3.5282063484191895,3.472050666809082,3.281949281692505,3.320971727371216,3.2108492851257324
A2,0.3917917013168335,0.0,0.37930309772491455,0.6144832968711853,0.9616489410400391,1.2873133420944214,1.5656944513320923,1.929923415184021,2.1622300148010254,2.122260808944702,2.4061601161956787,2.1919469833374023,1.8373585939407349,1.8019776344299316,1.4681296348571777,0.6159533858299255,0.5599841475486755,0.638338029384613,0.7713148593902588,1.0572155714035034,1.346174716949463,1.6354820728302002,1.9860223531723022,2.2315008640289307,2.204904794692993,2.5060505867004395,2.3346023559570312,2.0113773345947266,2.026308298110962,1.7688249349594116,1.1395310163497925,1.1111829280853271,1.0986530780792236,1.1680772304534912,1.3388690948486328,1.55739164352417,1.8195078372955322,2.1351325511932373,2.3815715312957764,2.3629097938537598,2.6711678504943848,2.543403387069702,2.2683963775634766,2.322507381439209,2.133120059967041,1.6754947900772095,1.6470189094543457,1.5891757011413574,1.6284232139587402,1.7169610261917114,1.8782166242599487,2.094804525375366,2.363800525665283,2.6066930294036865,2.6116037368774414,2.9119794368743896,2.830247640609741,2.6133406162261963,2.6892285346984863,2.5633280277252197,2.2181262969970703,2.1956512928009033,2.102478265762329,2.124478578567505,2.1547234058380127,2.2805655002593994,2.4635324478149414,2.6806747913360596,2.9207427501678467,2.9568960666656494,3.2440924644470215,3.220210313796997,3.0523264408111572,3.1304471492767334,3.0476324558258057
A3,0.6317064762115479,0.37930309772491455,0.0,0.3768824338912964,0.6347370743751526,0.9951794743537903,1.2306574583053589,1.6096272468566895,1.8182334899902344,1.7592412233352661,2.0430350303649902,1.8369059562683105,1.4888135194778442,1.479132890701294,1.1739509105682373,0.7059629559516907,0.6753312349319458,0.5246047377586365,0.6476836800575256,0.8133107423782349,1.1145023107528687,1.3503869771957397,1.7069649696350098,1.9251257181167603,1.8792136907577515,2.1744773387908936,2.0139987468719482,1.7079554796218872,1.7428089380264282,1.5275940895080566,1.1757405996322632,1.1714757680892944,1.040489673614502,1.1068300008773804,1.1782037019729614,1.392512559890747,1.5933666229248047,1.9047445058822632,2.119565010070801,2.0836827754974365,2.37790584564209,2.261896848678589,2.011892318725586,2.076585531234741,1.9320162534713745,1.687380075454712,1.6799886226654053,1.5461039543151855,1.5908839702606201,1.605657935142517,1.7638955116271973,1.9205751419067383,2.1808555126190186,2.3887503147125244,2.3780343532562256,2.6574127674102783,2.58543062210083,2.39646577835083,2.47422194480896,2.3895862102508545,2.209937810897827,2.2071471214294434,2.0595784187316895,2.094057083129883,2.0678908824920654,2.198526620864868,2.3278071880340576,2.5395045280456543,2.7428135871887207,2.7638561725616455,3.024665117263794,3.0066606998443604,2.8663907051086426,2.9384114742279053,2.8906519412994385
A4,0.9559879302978516,0.6144832968711853,0.3768824338912964,0.0,0.3801349997520447,0.673346996307373,0.9731903672218323,1.3232488632202148,1.5822954177856445,1.5930018424987793,1.913825273513794,1.7716219425201416,1.455688714981079,1.5403428077697754,1.280476689338684,1.0201677083969116,0.8663574457168579,0.6403993368148804,0.5290552973747253,0.6073516011238098,0.8138565421104431,1.085410237312317,1.4104053974151611,1.676029086112976,1.6944345235824585,2.026634454727173,1.9292916059494019,1.6599339246749878,1.7757525444030762,1.6078319549560547,1.392174243927002,1.2976951599121094,1.1003153324127197,1.0416200160980225,1.0368578433990479,1.156314730644226,1.357415795326233,1.6259714365005493,1.877414584159851,1.898827314376831,2.221802234649658,2.1655426025390625,1.9541949033737183,2.087094306945801,1.987278938293457,1.8485759496688843,1.7751431465148926,1.5871316194534302,1.5476528406143188,1.4988387823104858,1.5793986320495605,1.7181695699691772,1.9305503368377686,2.1632845401763916,2.2017717361450195,2.5001399517059326,2.4828829765319824,2.3333027362823486,2.4666526317596436,2.4239180088043213,2.3317108154296875,2.278148651123047,2.0846028327941895,2.0587551593780518,1.9793697595596313,2.050266981124878,2.1546523571014404,2.319042205810547,2.5343337059020996,2.5965137481689453,2.8653507232666016,2.8943188190460205,2.791438579559326,2.9085116386413574,2.898696184158325
A5,1.2623533010482788,0.9616489410400391,0.6347370743751526,0.3801349997520447,0.0,0.3778637647628784,0.6062151193618774,0.9766466021537781,1.2137064933776855,1.2202543020248413,1.5516633987426758,1.4430952072143555,1.1581635475158691,1.3095661401748657,1.1236716508865356,1.253070592880249,1.1274020671844482,0.8072918057441711,0.6730119585990906,0.5062800645828247,0.6425257921218872,0.8042848706245422,1.121314525604248,1.3548394441604614,1.364231824874878,1.6961047649383545,1.6327428817749023,1.4051508903503418,1.5662510395050049,1.4703813791275024,1.5494279861450195,1.4731496572494507,1.1958057880401611,1.124192476272583,0.991629421710968,1.067429780960083,1.1650996208190918,1.4061576128005981,1.6156543493270874,1.6272777318954468,1.9340356588363647,1.9077668190002441,1.7420939207077026,1.8999924659729004,1.8637994527816772,1.9512544870376587,1.8925544023513794,1.6429717540740967,1.601120114326477,1.4694746732711792,1.528349757194519,1.5833423137664795,1.7682180404663086,1.9550310373306274,1.982710599899292,2.2542316913604736,2.259756326675415,2.153520345687866,2.2970592975616455,2.3076040744781494,2.3917598724365234,2.351945400238037,2.1100902557373047,2.0903162956237793,1.950332522392273,2.0155880451202393,2.052701473236084,2.1994237899780273,2.368534803390503,2.4183003902435303,2.6539905071258545,2.697063684463501,2.6326441764831543,2.748908519744873,2.7823963165283203
A6,1.6123887300491333,1.2873133420944214,0.9951794743537903,0.673346996307373,0.3778637647628784,0.0,0.3781040906906128,0.6629473567008972,0.9742342829704285,1.0874052047729492,1.4513590335845947,1.440953254699707,1.231496810913086,1.473649501800537,1.359581708908081,1.6105204820632935,1.4415570497512817,1.119665503501892,0.8917957544326782,0.631873369216919,0.5186650156974792,0.6212054491043091,0.838992714881897,1.123278021812439,1.2224186658859253,1.5827462673187256,1.610406756401062,1.4540433883666992,1.6916391849517822,1.6590114831924438,1.8575260639190674,1.7353074550628662,1.4302116632461548,1.2772589921951294,1.065590262413025,1.0048048496246338,1.040623664855957,1.1857810020446777,1.4167832136154175,1.4988975524902344,1.8195732831954956,1.8726396560668945,1.7709161043167114,1.9914683103561401,2.011084794998169,2.2091357707977295,2.1098270416259766,1.8250809907913208,1.7195909023284912,1.52273428440094,1.4914027452468872,1.4923152923583984,1.5972920656204224,1.7890040874481201,1.8700592517852783,2.1437716484069824,2.215848922729492,2.1666150093078613,2.3598601818084717,2.4201998710632324,2.6040804386138916,2.5295324325561523,2.251709461212158,2.1838905811309814,1.9891058206558228,1.9917405843734741,1.9811584949493408,2.064169406890869,2.2258565425872803,2.3156304359436035,2.542982339859009,2.6387364864349365,2.624506711959839,2.780183792114258,2.8581392765045166
A7,1.8598743677139282,1.5656944513320923,1.2306574583053589,0.9731903672218323,0.6062151193618774,0.3781040906906128,0.0,0.39239272475242615,0.6180300116539001,0.7127232551574707,1.0822995901107788,1.1153587102890015,0.9696252942085266,1.2725679874420166,1.2524704933166504,1.7915699481964111,1.6571757793426514,1.298270344734192,1.115285038948059,0.7735641598701477,0.6478776931762695,0.5023056268692017,0.6701973080635071,0.8484933376312256,0.908409833908081,1.2514216899871826,1.3148702383041382,1.2200249433517456,1.490013599395752,1.535489797592163,1.9763940572738647,1.8866961002349854,1.5436773300170898,1.419036865234375,1.1380131244659424,1.0747911930084229,0.9747541546821594,1.0846997499465942,1.2200120687484741,1.2622426748275757,1.5419725179672241,1.6177839040756226,1.5696320533752441,1.7985471487045288,1.8808128833770752,2.2752325534820557,2.204594850540161,1.8856403827667236,1.8041445016860962,1.5561575889587402,1.5322463512420654,1.4439043998718262,1.5304292440414429,1.642409324645996,1.6867867708206177,1.9127681255340576,1.9948283433914185,1.988347053527832,2.175426721572876,2.2842299938201904,2.625455379486084,2.5768256187438965,2.2700695991516113,2.2268285751342773,1.992809772491455,2.0106160640716553,1.934914469718933,2.0150203704833984,2.111112594604492,2.16686749458313,2.347156047821045,2.442183494567871,2.4613490104675293,2.6013338565826416,2.716214656829834
A8,2.2385003566741943,1.929923415184021,1.6096272468566895,1.3232488632202148,0.9766466021537781,0.6629473567008972,0.39239272475242615,0.0,0.39140594005584717,0.679474413394928,1.0335971117019653,1.2007416486740112,1.1696795225143433,1.5229369401931763,1.5657216310501099,2.1705377101898193,2.0122385025024414,1.6559497117996216,1.4340283870697021,1.0801186561584473,0.8392170667648315,0.601250946521759,0.5028030872344971,0.6612865924835205,0.8427374958992004,1.1760519742965698,1.3582608699798584,1.363753080368042,1.6859897375106812,1.7908860445022583,2.319964647293091,2.203367233276367,1.8490160703659058,1.6801196336746216,1.3605986833572388,1.1999653577804565,1.017343282699585,0.978474497795105,1.0824402570724487,1.1988164186477661,1.4592877626419067,1.6306583881378174,1.6662625074386597,1.9431558847427368,2.0812182426452637,2.5741183757781982,2.4776298999786377,2.13761043548584,2.0142979621887207,1.7205071449279785,1.6226048469543457,1.4665814638137817,1.453320026397705,1.5346599817276,1.6268635988235474,1.8288955688476562,1.9849728345870972,2.048560619354248,2.2755324840545654,2.4358737468719482,2.8768975734710693,2.8045494556427,2.4718055725097656,2.393892765045166,2.1147005558013916,2.0783932209014893,1.9444197416305542,1.9540959596633911,2.017781972885132,2.1051270961761475,2.256608486175537,2.4059534072875977,2.484771966934204,2.6567416191101074,2.819045066833496
A9,2.444851875305176,2.1622300148010254,1.8182334899902344,1.5822954177856445,1.2137064933776855,0.9742342829704285,0.6180300116539001,0.39140594005584717,0.0,0.3710614740848541,0.6713877320289612,0.9153382182121277,0.9929163455963135,1.3717098236083984,1.5029977560043335,2.3128647804260254,2.1849329471588135,1.812277913093567,1.636794924736023,1.2601667642593384,1.072335124015808,0.734479546546936,0.6162644028663635,0.5048938989639282,0.579679548740387,0.8436746597290039,1.076664686203003,1.1696165800094604,1.5026317834854126,1.6812454462051392,2.400953531265259,2.317378044128418,1.94613778591156,1.8160431385040283,1.469910979270935,1.3446953296661377,1.0730185508728027,1.0245616436004639,0.9777013063430786,1.0107182264328003,1.1894968748092651,1.3783061504364014,1.4765669107437134,1.7456037998199463,1.9421172142028809,2.600271701812744,2.5355329513549805,2.1787238121032715,2.0898520946502686,1.7723928689956665,1.7043589353561401,1.4808695316314697,1.4699517488479614,1.4476158618927002,1.474663257598877,1.6050828695297241,1.7580575942993164,1.863779902458191,2.0713613033294678,2.275306224822998,2.8545608520507812,2.812195062637329,2.464423418045044,2.4197261333465576,2.120302200317383,2.113494873046875,1.9274687767028809,1.9510124921798706,1.9386444091796875,1.9716203212738037,2.0637989044189453,2.1976606845855713,2.3046958446502686,2.449610471725464,2.6434438228607178
A10,2.363215923309326,2.122260808944702,1.7592412233352661,1.5930018424987793,1.2202543020248413,1.0874052047729492,0.7127232551574707,0.679474413394928,0.3710614740848541,0.0,0.3779221475124359,0.5659723281860352,0.6798653602600098,1.0527607202529907,1.2415114641189575,2.1900925636291504,2.1131112575531006,1.7362323999404907,1.633142113685608,1.2655740976333618,1.1849071979522705,0.8486685156822205,0.8713772296905518,0.6858276128768921,0.5229941606521606,0.6942200660705566,0.834811806678772,0.927133321762085,1.2189322710037231,1.429616093635559,2.258225440979004,2.2286293506622314,1.8595465421676636,1.79824697971344,1.4675772190093994,1.4351015090942383,1.165764331817627,1.2148464918136597,1.1077954769134521,1.007744312286377,1.1211439371109009,1.2211813926696777,1.3005669116973877,1.5098497867584229,1.7170242071151733,2.446654796600342,2.4336328506469727,2.0839908123016357,2.0586962699890137,1.7619699239730835,1.7715898752212524,1.5534014701843262,1.6178405284881592,1.5517839193344116,1.4880179166793823,1.5754989385604858,1.651976466178894,1.7310596704483032,1.8783531188964844,2.0778634548187256,2.6981232166290283,2.7038629055023193,2.3674514293670654,2.3798108100891113,2.1027464866638184,2.1606976985931396,1.9829825162887573,2.0698604583740234,2.0298471450805664,1.9951800107955933,2.0619900226593018,2.1322498321533203,2.210336446762085,2.29868483543396,2.478752851486206
A11,2.6237876415252686,2.4061601161956787,2.0430350303649902,1.913825273513794,1.5516633987426758,1.4513590335845947,1.0822995901107788,1.0335971117019653,0.6713877320289612,0.3779221475124359,0.0,0.40704938769340515,0.7113960385322571,1.0405316352844238,1.316833257675171,2.3971245288848877,2.3431665897369385,1.9713844060897827,1.9034411907196045,1.5441843271255493,1.4909414052963257,1.1380449533462524,1.1402485370635986,0.845790684223175,0.5722501873970032,0.4996185600757599,0.6543930768966675,0.872307538986206,1.1332252025604248,1.4209413528442383,2.399772882461548,2.397548198699951,2.030463218688965,2.001561403274536,1.6700620651245117,1.662186861038208,1.3548896312713623,1.3942580223083496,1.183878779411316,0.9952427744865417,0.972847580909729,1.0569405555725098,1.2067375183105469,1.3806644678115845,1.6480391025543213,2.523451328277588,2.5392980575561523,2.187661647796631,2.19357967376709,1.8915886878967285,1.9257025718688965,1.6671782732009888,1.7330498695373535,1.5816004276275635,1.447843313217163,1.443433403968811,1.4946646690368652,1.6134902238845825,1.7230807542800903,1.9650061130523682,2.7149479389190674,2.7496285438537598,2.409507989883423,2.4534902572631836,2.1694962978363037,2.2532482147216797,2.0384366512298584,2.137732744216919,2.0304465293884277,1.9374979734420776,1.9378907680511475,1.9778660535812378,2.07887864112854,2.127977132797241,2.3364763259887695
A12,2.3770790100097656,2.1919469833374023,1.8369059562683105,1.7716219425201416,1.4430952072143555,1.440953254699707,1.1153587102890015,1.2007416486740112,0.9153382182121277,0.5659723281860352,0.40704938769340515,0.0,0.3700461983680725,0.6469669938087463,0.9514502286911011,2.0993590354919434,2.079285144805908,1.721734881401062,1.7178282737731934,1.3955049514770508,1.4410897493362427,1.136584997177124,1.2646757364273071,1.0194872617721558,0.6705537438392639,0.6137939095497131,0.4762002229690552,0.5691739320755005,0.7553209066390991,1.0436737537384033,2.068474531173706,2.1066300868988037,1.7554868459701538,1.7889471054077148,1.4956833124160767,1.5790901184082031,1.3190274238586426,1.4672874212265015,1.2837448120117188,1.0189439058303833,1.0134528875350952,0.9363203048706055,0.9781001806259155,1.072737455368042,1.3075546026229858,2.181791067123413,2.2376816272735596,1.9049108028411865,1.9686105251312256,1.707817554473877,1.8201340436935425,1.6075025796890259,1.7630555629730225,1.6309853792190552,1.4385457038879395,1.454954743385315,1.399570345878601,1.4308557510375977,1.4772250652313232,1.672291874885559,2.382275342941284,2.453803777694702,2.136495351791382,2.230220317840576,1.9881174564361572,2.134711265563965,1.9649078845977783,2.1360697746276855,2.050713062286377,1.9151191711425781,1.9427971839904785,1.9099541902542114,1.9383742809295654,1.9393545389175415,2.0972771644592285
A13,2.015066146850586,1.8373585939407349,1.4888135194778442,1.455688714981079,1.1581635475158691,1.231496810913086,0.9696252942085266,1.1696795225143433,0.9929163455963135,0.6798653602600098,0.7113960385322571,0.3700461983680725,0.0,0.3821646273136139,0.6055435538291931,1.7296643257141113,1.7185895442962646,1.3653799295425415,1.3943285942077637,1.1035864353179932,1.2259684801101685,0.9938169717788696,1.228811264038086,1.0863934755325317,0.7771105170249939,0.8610402941703796,0.6391615271568298,0.4819985628128052,0.616237223148346,0.7940608263015747,1.7226924896240234,1.7716163396835327,1.4287513494491577,1.4921575784683228,1.2355875968933105,1.3820868730545044,1.19708251953125,1.4295377731323242,1.332492709159851,1.089406967163086,1.1847292184829712,1.0466639995574951,0.9537523984909058,1.0218077898025513,1.1571182012557983,1.8855388164520264,1.9484748840332031,1.6314131021499634,1.7171424627304077,1.4965612888336182,1.652664065361023,1.509695291519165,1.7254518270492554,1.6659654378890991,1.4908133745193481,1.5849636793136597,1.4928158521652222,1.4367239475250244,1.4751766920089722,1.5928128957748413,2.1472339630126953,2.2211592197418213,1.9249686002731323,2.029963970184326,1.8273802995681763,1.9995046854019165,1.892583966255188,2.1017563343048096,2.079103469848633,1.9610615968704224,2.0531654357910156,2.0024874210357666,1.968778133392334,1.973422884941101,2.0717244148254395
A14,1.915640115737915,1.8019776344299316,1.479132890701294,1.5403428077697754,1.3095661401748657,1.473649501800537,1.2725679874420166,1.5229369401931763,1.3717098236083984,1.0527607202529907,1.0405316352844238,0.6469669938087463,0.3821646273136139,0.0,0.37302008271217346,1.5801441669464111,1.6378254890441895,1.3281131982803345,1.4543991088867188,1.244707703590393,1.4571479558944702,1.2926554679870605,1.5724974870681763,1.448313593864441,1.1299898624420166,1.16423761844635,0.8477988243103027,0.6085880994796753,0.4809299409389496,0.5831040740013123,1.5396263599395752,1.6638565063476562,1.367626667022705,1.5233793258666992,1.3435163497924805,1.5746192932128906,1.4479200839996338,1.730918049812317,1.641474723815918,1.3654345273971558,1.4303309917449951,1.1961448192596436,1.0218980312347412,0.9480385184288025,1.0055934190750122,1.691903829574585,1.8250291347503662,1.553999900817871,1.721078634262085,1.5697708129882812,1.8004465103149414,1.7065374851226807,1.9758352041244507,1.9191659688949585,1.702951431274414,1.7828924655914307,1.608953595161438,1.4821045398712158,1.4288281202316284,1.4787710905075073,1.9632902145385742,2.0972070693969727,1.8461474180221558,2.017078161239624,1.8755900859832764,2.1083807945251465,2.0445261001586914,2.3045876026153564,2.28728985786438,2.1302826404571533,2.2222185134887695,2.1072120666503906,2.0140273571014404,1.9550936222076416,1.995723843574524
A15,1.5765526294708252,1.4681296348571777,1.1739509105682373,1.280476689338684,1.1236716508865356,1.359581708908081,1.2524704933166504,1.5657216310501099,1.5029977560043335,1.2415114641189575,1.316833257675171,0.9514502286911011,0.6055435538291931,0.37302008271217346,0.0,1.2109112739562988,1.2734596729278564,0.9835112690925598,1.160772442817688,1.0262988805770874,1.3133784532546997,1.2462331056594849,1.5872701406478882,1.5480395555496216,1.2840747833251953,1.3998092412948608,1.0888630151748657,0.7611669301986694,0.6313533186912537,0.49161866307258606,1.185124397277832,1.3189914226531982,1.0441516637802124,1.241435170173645,1.130987524986267,1.4208869934082031,1.384988784790039,1.7207934856414795,1.7077621221542358,1.4715842008590698,1.6107394695281982,1.3682585954666138,1.11405348777771,1.0475735664367676,0.9779836535453796,1.4027200937271118,1.5350199937820435,1.2921056747436523,1.4793846607208252,1.3876254558563232,1.6532636880874634,1.6375313997268677,1.9465060234069824,1.9577529430389404,1.7728750705718994,1.918483018875122,1.7376608848571777,1.5495189428329468,1.512153148651123,1.4819018840789795,1.749605655670166,1.8730391263961792,1.6521015167236328,1.8238636255264282,1.731377124786377,1.9776878356933594,1.9802035093307495,2.263279676437378,2.3062143325805664,2.176783800125122,2.3265788555145264,2.21136474609375,2.0718092918395996,2.034496784210205,2.0204901695251465
B1,0.5780669450759888,0.6159533858299255,0.7059629559516907,1.0201677083969116,1.253070592880249,1.6105204820632935,1.7915699481964111,2.1705377101898193,2.3128647804260254,2.1900925636291504,2.3971245288848877,2.0993590354919434,1.7296643257141113,1.5801441669464111,1.2109112739562988,0.0,0.3808160126209259,0.574076771736145,0.9156999588012695,1.1904222965240479,1.558531403541565,1.7814044952392578,2.167384147644043,2.329916000366211,2.2160515785217285,2.452331304550171,2.1933517456054688,1.8320057392120361,1.7419885396957397,1.422894835472107,0.6079139113426208,0.7561666369438171,0.8377211093902588,1.0912200212478638,1.3171141147613525,1.6463557481765747,1.8782917261123657,2.2494380474090576,2.42569899559021,2.321148633956909,2.5796632766723633,2.365546226501465,2.04064679145813,2.0040502548217773,1.7509187459945679,1.1684414148330688,1.2488207817077637,1.2581796646118164,1.431657314300537,1.5890450477600098,1.8598308563232422,2.0749034881591797,2.411052942276001,2.597968339920044,2.5230154991149902,2.7881805896759033,2.6250829696655273,2.353295087814331,2.3540267944335938,2.1687939167022705,1.7292598485946655,1.7849462032318115,1.7465983629226685,1.8663963079452515,1.9604002237319946,2.1790294647216797,2.376349925994873,2.665292978286743,2.867902994155884,2.8323543071746826,3.1003165245056152,3.0037930011749268,2.7822155952453613,2.797950267791748,2.66247820854187
B2,0.7344951629638672,0.5599841475486755,0.6753312349319458,0.8663574457168579,1.1274020671844482,1.4415570497512817,1.6571757793426514,2.0122385025024414,2.1849329471588135,2.1131112575531006,2.3431665897369385,2.079285144805908,1.7185895442962646,1.6378254890441895,1.2734596729278564,0.3808160126209259,0.0,0.37711814045906067,0.6275877952575684,0.9654538631439209,1.3063825368881226,1.5744208097457886,1.9477227926254272,2.1456522941589355,2.079113721847534,2.3465466499328613,2.1212902069091797,1.766973853111267,1.742093801498413,1.4326614141464233,0.6231397390365601,0.5527805089950562,0.6110532879829407,0.7754860520362854,1.042571783065796,1.3464882373809814,1.6237411499023438,1.986074447631836,2.200058698654175,2.138746976852417,2.4313340187072754,2.2507026195526123,1.9324572086334229,1.9579211473464966,1.7159110307693481,1.1289013624191284,1.0889884233474731,1.0633533000946045,1.1526126861572266,1.313056230545044,1.5484238862991333,1.797127604484558,2.121302843093872,2.345066785812378,2.309940814971924,2.607969045639038,2.478928565979004,2.216649055480957,2.273662805557251,2.1026787757873535,1.6650482416152954,1.6391428709030151,1.5686025619506836,1.6198290586471558,1.700473666191101,1.8782166242599487,2.0950331687927246,2.364240884780884,2.598395824432373,2.5993568897247314,2.894887685775757,2.830998659133911,2.6205215454101562,2.685978889465332,2.5658318996429443
B3,0.8909805417060852,0.638338029384613,0.5246047377586365,0.6403993368148804,0.8072918057441711,1.119665503501892,1.298270344734192,1.6559497117996216,1.812277913093567,1.7362323999404907,1.9713844060897827,1.721734881401062,1.3653799295425415,1.3281131982803345,0.9835112690925598,0.574076771736145,0.37711814045906067,0.0,0.3696145713329315,0.6234411597251892,0.9912132024765015,1.2236565351486206,1.6057957410812378,1.7880018949508667,1.7143861055374146,1.9882034063339233,1.7805880308151245,1.4383288621902466,1.4547805786132812,1.1867951154708862,0.7626295685768127,0.6933179497718811,0.5158974528312683,0.6364219784736633,0.7813398838043213,1.0873730182647705,1.3174402713775635,1.680633306503296,1.8762073516845703,1.8088513612747192,2.101793050765991,1.9419608116149902,1.6477930545806885,1.705801248550415,1.516387701034546,1.2109092473983765,1.1717127561569214,1.021764874458313,1.0858181715011597,1.1402051448822021,1.3605655431747437,1.5512019395828247,1.865249752998352,2.0655949115753174,2.0262415409088135,2.3154215812683105,2.2075388431549072,1.977890133857727,2.0556726455688477,1.9374699592590332,1.7105284929275513,1.6887098550796509,1.5359396934509277,1.5794858932495117,1.5782748460769653,1.7461005449295044,1.9040411710739136,2.1602067947387695,2.365373373031616,2.362590789794922,2.639505386352539,2.5935513973236084,2.4182240962982178,2.4926276206970215,2.418883800506592
B4,1.118322730064392,0.7713148593902588,0.6476836800575256,0.5290552973747253,0.6730119585990906,0.8917957544326782,1.115285038948059,1.4340283870697021,1.636794924736023,1.633142113685608,1.9034411907196045,1.7178282737731934,1.3943285942077637,1.4543991088867188,1.160772442817688,0.9156999588012695,0.6275877952575684,0.3696145713329315,0.0,0.38070034980773926,0.6818777322769165,0.9809741377830505,1.3377723693847656,1.574612021446228,1.5728918313980103,1.888802409172058,1.746826171875,1.4419044256210327,1.549329161643982,1.335366129875183,1.0547035932540894,0.8674727082252502,0.6293255090713501,0.5130124688148499,0.5815442204475403,0.7929825186729431,1.065878987312317,1.3993812799453735,1.6477141380310059,1.6477452516555786,1.9803653955459595,1.8845419883728027,1.628787636756897,1.7674190998077393,1.6259865760803223,1.4216609001159668,1.2918444871902466,1.0853002071380615,1.0198228359222412,1.002120852470398,1.127672553062439,1.3244733810424805,1.5971769094467163,1.8404206037521362,1.8612143993377686,2.181870222091675,2.1342225074768066,1.9436450004577637,2.0888431072235107,2.013662815093994,1.8650965690612793,1.7746235132217407,1.5738049745559692,1.5321881771087646,1.472703456878662,1.564915418624878,1.7104613780975342,1.918390154838562,2.1510744094848633,2.1998279094696045,2.4960427284240723,2.502779245376587,2.3641903400421143,2.494272232055664,2.458638906478882
B5,1.3908021450042725,1.0572155714035034,0.8133107423782349,0.6073516011238098,0.5062800645828247,0.631873369216919,0.7735641598701477,1.0801186561584473,1.2601667642593384,1.2655740976333618,1.5441843271255493,1.3955049514770508,1.1035864353179932,1.244707703590393,1.0262988805770874,1.1904222965240479,0.9654538631439209,0.6234411597251892,0.38070034980773926,0.0,0.38253945112228394,0.6127482056617737,0.9861566424369812,1.2049248218536377,1.2061868906021118,1.5362180471420288,1.4342541694641113,1.1686514616012573,1.345467448234558,1.2132222652435303,1.2901630401611328,1.136749267578125,0.809247612953186,0.6646596789360046,0.4857378304004669,0.6172359585762024,0.7804276347160339,1.1031489372253418,1.3249002695083618,1.3257763385772705,1.6598612070083618,1.6038914918899536,1.3969961404800415,1.5827196836471558,1.5182751417160034,1.5934258699417114,1.479615569114685,1.1952879428863525,1.1125237941741943,0.9642115235328674,1.0412482023239136,1.1327568292617798,1.3743131160736084,1.5796897411346436,1.599553108215332,1.9047980308532715,1.8915526866912842,1.7522896528244019,1.9235810041427612,1.9147318601608276,1.9812772274017334,1.9014948606491089,1.6382704973220825,1.5928810834884644,1.4463207721710205,1.517721176147461,1.5780471563339233,1.7588448524475098,1.9470179080963135,1.9918361902236938,2.2594993114471436,2.2910914421081543,2.199950933456421,2.340060234069824,2.3587896823883057
B6,1.7057321071624756,1.346174716949463,1.1145023107528687,0.8138565421104431,0.6425257921218872,0.5186650156974792,0.6478776931762695,0.8392170667648315,1.072335124015808,1.1849071979522705,1.4909414052963257,1.4410897493362427,1.2259684801101685,1.4571479558944702,1.3133784532546997,1.558531403541565,1.3063825368881226,0.9912132024765015,0.6818777322769165,0.38253945112228394,0.0,0.3797157406806946,0.672361433506012,0.9721665382385254,1.086220145225525,1.4533679485321045,1.4522120952606201,1.2678359746932983,1.5274205207824707,1.4664331674575806,1.6459051370620728,1.4503474235534668,1.1231991052627563,0.884882926940918,0.6196157932281494,0.4866342544555664,0.5922696590423584,0.8136215806007385,1.09661865234375,1.196545124053955,1.5600577592849731,1.597639799118042,1.4651042222976685,1.7240660190582275,1.7219778299331665,1.901133418083191,1.7420549392700195,1.433038592338562,1.2662672996520996,1.0391000509262085,0.9740101099014282,1.0038632154464722,1.1463536024093628,1.3815315961837769,1.4783326387405396,1.798999309539795,1.866715908050537,1.7930182218551636,2.025484800338745,2.0713586807250977,2.2356622219085693,2.1133549213409424,1.8164901733398438,1.7060186862945557,1.4945322275161743,1.4755895137786865,1.4824293851852417,1.5820211172103882,1.7762031555175781,1.878429889678955,2.146695137023926,2.24318790435791,2.208698034286499,2.399334192276001,2.466717481613159
B7,1.966235876083374,1.6354820728302002,1.3503869771957397,1.085410237312317,0.8042848706245422,0.6212054491043091,0.5023056268692017,0.601250946521759,0.734479546546936,0.8486685156822205,1.1380449533462524,1.136584997177124,0.9938169717788696,1.2926554679870605,1.2462331056594849,1.7814044952392578,1.5744208097457886,1.2236565351486206,0.9809741377830505,0.6127482056617737,0.3797157406806946,0.0,0.39054739475250244,0.6093268990516663,0.7161876559257507,1.0908857583999634,1.141156554222107,1.028822422027588,1.3441606760025024,1.3738420009613037,1.8236141204833984,1.6691312789916992,1.306628942489624,1.1134966611862183,0.7714558839797974,0.6298667192459106,0.4730634391307831,0.6343581676483154,0.8153635263442993,0.8908496499061584,1.23580002784729,1.3157132863998413,1.2513211965560913,1.539707899093628,1.615565299987793,2.025233030319214,1.8992197513580322,1.5531660318374634,1.4149842262268066,1.1207151412963867,1.0529940128326416,0.9429635405540466,1.0448927879333496,1.1838756799697876,1.2501444816589355,1.5285099744796753,1.6226098537445068,1.6065880060195923,1.8464336395263672,1.9549133777618408,2.308002471923828,2.2130701541900635,1.8813894987106323,1.7959349155426025,1.5306518077850342,1.520871877670288,1.4351330995559692,1.5191789865493774,1.633161187171936,1.7040884494781494,1.9221664667129517,2.0293619632720947,2.0409939289093018,2.2239010334014893,2.340120792388916
B8,2.327455997467041,1.9860223531723022,1.7069649696350098,1.4104053974151611,1.121314525604248,0.838992714881897,0.6701973080635071,0.5028030872344971,0.6162644028663635,0.8713772296905518,1.1402485370635986,1.2646757364273071,1.228811264038086,1.5724974870681763,1.5872701406478882,2.167384147644043,1.9477227926254272,1.6057957410812378,1.3377723693847656,0.9861566424369812,0.672361433506012,0.39054739475250244,0.0,0.39543530344963074,0.6952333450317383,1.0561915636062622,1.2372801303863525,1.2367300987243652,1.5935165882110596,1.6830486059188843,2.2003371715545654,2.0265696048736572,1.666933298110962,1.4396798610687256,1.0890899896621704,0.8415034413337708,0.5947905778884888,0.4761188328266144,0.6443586349487305,0.8502033352851868,1.1778700351715088,1.3740047216415405,1.4082273244857788,1.740668535232544,1.8737274408340454,2.368023633956909,2.2195496559143066,1.8638534545898438,1.6848472356796265,1.3552477359771729,1.1938964128494263,1.0016283988952637,0.9516591429710388,1.061474084854126,1.2044758796691895,1.459999442100525,1.6468721628189087,1.7133084535598755,1.9955087900161743,2.1578943729400635,2.6047329902648926,2.486085891723633,2.134944438934326,2.010775327682495,1.7015509605407715,1.6213443279266357,1.466282606124878,1.453175663948059,1.5330301523208618,1.6518583297729492,1.8406529426574707,2.016314744949341,2.097490072250366,2.3180394172668457,2.4851877689361572
B9,2.5453102588653564,2.2315008640289307,1.9251257181167603,1.676029086112976,1.3548394441604614,1.123278021812439,0.8484933376312256,0.6612865924835205,0.5048938989639282,0.6858276128768921,0.845790684223175,1.0194872617721558,1.0863934755325317,1.448313593864441,1.5480395555496216,2.329916000366211,2.1456522941589355,1.7880018949508667,1.574612021446228,1.2049248218536377,0.9721665382385254,0.6093268990516663,0.39543530344963074,0.0,0.37594908475875854,0.6882513761520386,0.94112628698349,1.0429660081863403,1.419161319732666,1.5874022245407104,2.3054873943328857,2.1695797443389893,1.7950758934020996,1.6169413328170776,1.246077060699463,1.0599597692489624,0.7139538526535034,0.5892776846885681,0.4731416702270508,0.5810002088546753,0.8363556861877441,1.0798261165618896,1.1977089643478394,1.5353257656097412,1.736853003501892,2.415139675140381,2.3022451400756836,1.930090069770813,1.792983055114746,1.440177321434021,1.3206636905670166,1.0411173105239868,0.9908602237701416,0.9435690641403198,1.0035619735717773,1.177714228630066,1.377301573753357,1.502381443977356,1.77388334274292,1.990531086921692,2.5968782901763916,2.5109434127807617,2.1431000232696533,2.057194232940674,1.7243609428405762,1.6798861026763916,1.4565284252166748,1.458230972290039,1.4346922636032104,1.486615777015686,1.6046218872070312,1.7706854343414307,1.8911738395690918,2.088451385498047,2.296358108520508
B10,2.4806981086730957,2.204904794692993,1.8792136907577515,1.6944345235824585,1.364231824874878,1.2224186658859253,0.908409833908081,0.8427374958992004,0.579679548740387,0.5229941606521606,0.5722501873970032,0.6705537438392639,0.7771105170249939,1.1299898624420166,1.2840747833251953,2.2160515785217285,2.079113721847534,1.7143861055374146,1.5728918313980103,1.2061868906021118,1.086220145225525,0.7161876559257507,0.6952333450317383,0.37594908475875854,0.0,0.3799498677253723,0.5751330256462097,0.7108592391014099,1.0819993019104004,1.2971866130828857,2.1575331687927246,2.0748238563537598,1.6972379684448242,1.5919859409332275,1.2309025526046753,1.1565190553665161,0.8128200173377991,0.839493453502655,0.6362249851226807,0.4852043688297272,0.6513765454292297,0.8034880757331848,0.9224169850349426,1.2228062152862549,1.4539527893066406,2.2435667514801025,2.1836931705474854,1.8123606443405151,1.7454979419708252,1.4091331958770752,1.3862181901931763,1.1087560653686523,1.1634547710418701,1.046818494796753,0.9656621217727661,1.0757957696914673,1.1843687295913696,1.2893940210342407,1.5050112009048462,1.7311830520629883,2.412552833557129,2.377490520477295,2.0150649547576904,1.9941794872283936,1.680652379989624,1.716516375541687,1.4977210760116577,1.5816363096237183,1.5149662494659424,1.4727187156677246,1.5527880191802979,1.6417142152786255,1.733958125114441,1.8701332807540894,2.072154998779297
B11,2.7546885013580322,2.5060505867004395,2.1744773387908936,2.026634454727173,1.6961047649383545,1.5827462673187256,1.2514216899871826,1.1760519742965698,0.8436746597290039,0.6942200660705566,0.4996185600757599,0.6137939095497131,0.8610402941703796,1.16423761844635,1.3998092412948608,2.452331304550171,2.3465466499328613,1.9882034063339233,1.888802409172058,1.5362180471420288,1.4533679485321045,1.0908857583999634,1.0561915636062622,0.6882513761520386,0.3799498677253723,0.0,0.4063170850276947,0.7228232622146606,1.0457310676574707,1.3405269384384155,2.343756914138794,2.2955315113067627,1.9264028072357178,1.8626413345336914,1.5154826641082764,1.4763346910476685,1.1240253448486328,1.1351394653320312,0.830818772315979,0.5699650049209595,0.47335585951805115,0.6287151575088501,0.8677809834480286,1.125003457069397,1.4287444353103638,2.3700501918792725,2.345181465148926,1.978710651397705,1.9510408639907837,1.6212506294250488,1.6293984651565552,1.321169137954712,1.3711565732955933,1.150761604309082,0.9760313630104065,0.9439398050308228,1.0256816148757935,1.1950207948684692,1.3670099973678589,1.6492761373519897,2.476750612258911,2.475781202316284,2.1142125129699707,2.131141424179077,1.8167765140533447,1.8823496103286743,1.624759316444397,1.718550682067871,1.5674018859863281,1.4505318403244019,1.4382803440093994,1.4916532039642334,1.6194896697998047,1.7097351551055908,1.9511815309524536
B12,2.5489978790283203,2.3346023559570312,2.0139987468719482,1.9292916059494019,1.6327428817749023,1.610406756401062,1.3148702383041382,1.3582608699798584,1.076664686203003,0.834811806678772,0.6543930768966675,0.4762002229690552,0.6391615271568298,0.8477988243103027,1.0888630151748657,2.1933517456054688,2.1212902069091797,1.7805880308151245,1.746826171875,1.4342541694641113,1.4522120952606201,1.141156554222107,1.2372801303863525,0.94112628698349,0.5751330256462097,0.4063170850276947,0.0,0.373485803604126,0.6485431790351868,0.9644082188606262,2.0383400917053223,2.031811475753784,1.6795190572738647,1.6833261251449585,1.3768763542175293,1.440065860748291,1.1424483060836792,1.2801181077957153,1.0246578454971313,0.6797195076942444,0.6059324741363525,0.4601605236530304,0.5702385902404785,0.7507915496826172,1.0522091388702393,2.0385422706604004,2.057577610015869,1.7079858779907227,1.7469309568405151,1.460403561592102,1.5625985860824585,1.30697500705719,1.4663289785385132,1.2727959156036377,1.0191079378128052,1.0050184726715088,0.9233851432800293,0.9795932173728943,1.0711346864700317,1.3175506591796875,2.141812801361084,2.183764696121216,1.8423718214035034,1.9202388525009155,1.6504594087600708,1.7949093580245972,1.5880335569381714,1.7706509828567505,1.643436074256897,1.4676967859268188,1.4822475910186768,1.4341132640838623,1.4709534645080566,1.4950214624404907,1.6845569610595703
B13,2.21431040763855,2.0113773345947266,1.7079554796218872,1.6599339246749878,1.4051508903503418,1.4540433883666992,1.2200249433517456,1.363753080368042,1.1696165800094604,0.927133321762085,0.872307538986206,0.5691739320755005,0.4819985628128052,0.6085880994796753,0.7611669301986694,1.8320057392120361,1.766973853111267,1.4383288621902466,1.4419044256210327,1.1686514616012573,1.2678359746932983,1.028822422027588,1.2367300987243652,1.0429660081863403,0.7108592391014099,0.7228232622146606,0.373485803604126,0.0,0.3786602318286896,0.6191924810409546,1.6659783124923706,1.6719353199005127,1.3261542320251465,1.3694093227386475,1.0999064445495605,1.245605707168579,1.0257821083068848,1.2703776359558105,1.11197030544281,0.7927790284156799,0.8582088947296143,0.6212318539619446,0.4717757999897003,0.6006447672843933,0.7947681546211243,1.6894371509552002,1.7212767601013184,1.3807352781295776,1.455946445465088,1.210453748703003,1.381259799003601,1.2035640478134155,1.4482836723327637,1.337929606437683,1.0980247259140015,1.1819920539855957,1.0364328622817993,0.9548403024673462,1.0173866748809814,1.1641932725906372,1.8440728187561035,1.896278977394104,1.571908712387085,1.6758986711502075,1.4504728317260742,1.6415408849716187,1.5088621377944946,1.749413013458252,1.6938872337341309,1.5306165218353271,1.6222481727600098,1.53971529006958,1.4877253770828247,1.502405047416687,1.6125932931900024
