0.000000000000000000e+00,3.811599016189575195e-01,6.093515157699584961e-01,9.285904169082641602e-01,1.236826896667480469e+00,1.570178627967834473e+00,1.710887432098388672e+00,2.039423227310180664e+00,1.955015540122985840e+00,1.652258992195129395e+00,1.783932566642761230e+00,1.495238423347473145e+00,1.669539332389831543e+00,1.473268628120422363e+00,1.716595172882080078e+00,6.841967105865478516e-01,7.207203507423400879e-01,8.000802397727966309e-01,1.056454300880432129e+00,1.263152956962585449e+00,1.659482121467590332e+00,1.786761760711669922e+00,2.165251731872558594e+00,2.108723163604736328e+00,1.834918022155761719e+00,1.983752489089965820e+00,1.768384456634521484e+00,1.940865039825439453e+00,1.825279593467712402e+00,1.975569128990173340e+00,1.422893762588500977e+00,1.328413605690002441e+00,1.369133234024047852e+00,1.493041038513183594e+00,1.624032139778137207e+00,1.990998744964599609e+00,2.069222211837768555e+00,2.435275793075561523e+00,2.386382341384887695e+00,2.151537656784057617e+00,2.296842575073242188e+00,2.160660743713378906e+00,2.309978961944580078e+00,2.261332511901855469e+00,2.351494789123535156e+00,2.172557830810546875e+00,1.987441420555114746e+00,2.039833784103393555e+00,2.063735008239746094e+00,2.163965702056884766e+00,2.462157487869262695e+00,2.463907480239868164e+00,2.798216342926025391e+00,2.751776933670043945e+00,2.557234287261962891e+00,2.689444541931152344e+00,2.639467716217041016e+00,2.758251428604125977e+00,2.788434505462646484e+00,2.817442417144775391e+00,2.923777580261230469e+00,2.646350383758544922e+00,2.719961881637573242e+00,2.679298877716064453e+00,2.749663829803466797e+00,2.996888399124145508e+00,2.947484731674194336e+00,3.239449262619018555e+00,3.192529678344726562e+00,3.046592235565185547e+00,3.142547607421875000e+00,3.172339677810668945e+00,3.209448337554931641e+00,3.347162485122680664e+00,3.235565662384033203e+00
3.811599016189575195e-01,0.000000000000000000e+00,3.840163946151733398e-01,5.989353060722351074e-01,9.535804986953735352e-01,1.278638243675231934e+00,1.370206356048583984e+00,1.702116250991821289e+00,1.608716368675231934e+00,1.310024738311767578e+00,1.458803772926330566e+00,1.204127311706542969e+00,1.419493675231933594e+00,1.291581630706787109e+00,1.568801522254943848e+00,7.902381420135498047e-01,6.343815922737121582e-01,7.426260113716125488e-01,8.682193160057067871e-01,1.091976761817932129e+00,1.464439988136291504e+00,1.528388977050781250e+00,1.893231987953186035e+00,1.822894215583801270e+00,1.559510946273803711e+00,1.706230282783508301e+00,1.533991456031799316e+00,1.720322847366333008e+00,1.667489171028137207e+00,1.833261251449584961e+00,1.482111334800720215e+00,1.302407026290893555e+00,1.366329431533813477e+00,1.397750258445739746e+00,1.534748673439025879e+00,1.863446354866027832e+00,1.879030942916870117e+00,2.216825485229492188e+00,2.151651620864868164e+00,1.930899024009704590e+00,2.059980154037475586e+00,1.965562224388122559e+00,2.113430023193359375e+00,2.117424488067626953e+00,2.216770648956298828e+00,2.198003530502319336e+00,1.966698169708251953e+00,2.042511701583862305e+00,2.004446268081665039e+00,2.113707780838012695e+00,2.371391057968139648e+00,2.318068981170654297e+00,2.618551492691040039e+00,2.553704261779785156e+00,2.371922254562377930e+00,2.480061292648315430e+00,2.464453935623168945e+00,2.571617126464843750e+00,2.642950534820556641e+00,2.676524639129638672e+00,2.908634424209594727e+00,2.608120679855346680e+00,2.706692218780517578e+00,2.621958732604980469e+00,2.704074144363403320e+00,2.916528940200805664e+00,2.822842597961425781e+00,3.082283973693847656e+00,3.014546632766723633e+00,2.880229949951171875e+00,2.946080923080444336e+00,2.996644973754882812e+00,3.010705232620239258e+00,3.171504735946655273e+00,3.058112144470214844e+00
6.093515157699584961e-01,3.840163946151733398e-01,0.000000000000000000e+00,3.747057318687438965e-01,6.279933452606201172e-01,9.736130237579345703e-01,1.145682334899902344e+00,1.495318412780761719e+00,1.485132694244384766e+00,1.253986597061157227e+00,1.495355010032653809e+00,1.321698069572448730e+00,1.609819173812866211e+00,1.552048444747924805e+00,1.868583917617797852e+00,9.955905079841613770e-01,7.653933167457580566e-01,6.836276054382324219e-01,7.268234491348266602e-01,8.145180940628051758e-01,1.185268282890319824e+00,1.294906854629516602e+00,1.677508950233459473e+00,1.682464122772216797e+00,1.486710190773010254e+00,1.712320089340209961e+00,1.611786484718322754e+00,1.862823963165283203e+00,1.869054794311523438e+00,2.086403846740722656e+00,1.610448241233825684e+00,1.375480771064758301e+00,1.343251824378967285e+00,1.313023924827575684e+00,1.352409362792968750e+00,1.649952650070190430e+00,1.686607718467712402e+00,2.024939537048339844e+00,2.021875381469726562e+00,1.861907243728637695e+00,2.049888372421264648e+00,2.016401529312133789e+00,2.219237565994262695e+00,2.272657632827758789e+00,2.423911809921264648e+00,2.288593769073486328e+00,2.016706466674804688e+00,2.032455205917358398e+00,1.946943521499633789e+00,1.988377809524536133e+00,2.207520723342895508e+00,2.160905122756958008e+00,2.454129695892333984e+00,2.438296318054199219e+00,2.309746980667114258e+00,2.460299015045166016e+00,2.497235059738159180e+00,2.647587060928344727e+00,2.759736537933349609e+00,2.840773344039916992e+00,2.975257873535156250e+00,2.645472764968872070e+00,2.703865528106689453e+00,2.580277442932128906e+00,2.612013816833496094e+00,2.787870168685913086e+00,2.700697422027587891e+00,2.944046735763549805e+00,2.913891315460205078e+00,2.825434923171997070e+00,2.918218851089477539e+00,3.016624450683593750e+00,3.058598518371582031e+00,3.257505893707275391e+00,3.184354543685913086e+00
9.285904169082641602e-01,5.989353060722351074e-01,3.747057318687438965e-01,0.000000000000000000e+00,3.971248567104339600e-01,6.889911890029907227e-01,7.882203459739685059e-01,1.140454888343811035e+00,1.127676486968994141e+00,9.227380156517028809e-01,1.203609704971313477e+00,1.106016159057617188e+00,1.436487197875976562e+00,1.465986490249633789e+00,1.802384138107299805e+00,1.179320812225341797e+00,8.533113002777099609e-01,7.985388040542602539e-01,6.556762456893920898e-01,7.352989315986633301e-01,1.027042508125305176e+00,1.039580702781677246e+00,1.395475506782531738e+00,1.387906670570373535e+00,1.220914483070373535e+00,1.451333522796630859e+00,1.418163418769836426e+00,1.684931755065917969e+00,1.762636423110961914e+00,1.996131539344787598e+00,1.701390027999877930e+00,1.407218694686889648e+00,1.397753596305847168e+00,1.271988034248352051e+00,1.315050959587097168e+00,1.547780752182006836e+00,1.505416035652160645e+00,1.799898624420166016e+00,1.779664874076843262e+00,1.645289778709411621e+00,1.817062735557556152e+00,1.837158083915710449e+00,2.040602207183837891e+00,2.150382280349731445e+00,2.314973592758178711e+00,2.316477060317993164e+00,2.010307550430297852e+00,2.047581911087036133e+00,1.902980804443359375e+00,1.953890442848205566e+00,2.122289657592773438e+00,2.015135049819946289e+00,2.263756513595581055e+00,2.228292942047119141e+00,2.118773460388183594e+00,2.244112968444824219e+00,2.320417404174804688e+00,2.461309671401977539e+00,2.615498304367065430e+00,2.706349611282348633e+00,2.945618391036987305e+00,2.600147962570190430e+00,2.681074619293212891e+00,2.516314029693603516e+00,2.560406923294067383e+00,2.697100162506103516e+00,2.564299821853637695e+00,2.769144058227539062e+00,2.717401742935180664e+00,2.643707036972045898e+00,2.705919981002807617e+00,2.827171325683593750e+00,2.849153280258178711e+00,3.071442127227783203e+00,3.003720521926879883e+00
1.236826896667480469e+00,9.535804986953735352e-01,6.279933452606201172e-01,3.971248567104339600e-01,0.000000000000000000e+00,3.971132040023803711e-01,6.291206479072570801e-01,9.964336156845092773e-01,1.122021317481994629e+00,1.047258138656616211e+00,1.398248195648193359e+00,1.393888235092163086e+00,1.751700043678283691e+00,1.827805161476135254e+00,2.172023534774780273e+00,1.515621900558471680e+00,1.189342856407165527e+00,1.035927772521972656e+00,8.346086144447326660e-01,7.055575251579284668e-01,9.005078673362731934e-01,9.410595297813415527e-01,1.282015681266784668e+00,1.379444837570190430e+00,1.322451949119567871e+00,1.613283157348632812e+00,1.660823464393615723e+00,1.961255311965942383e+00,2.084712982177734375e+00,2.341213941574096680e+00,1.986737608909606934e+00,1.669614434242248535e+00,1.588015198707580566e+00,1.409218192100524902e+00,1.342129230499267578e+00,1.500059723854064941e+00,1.464951515197753906e+00,1.728220224380493164e+00,1.783016800880432129e+00,1.733830094337463379e+00,1.950810790061950684e+00,2.037870883941650391e+00,2.276879310607910156e+00,2.429282188415527344e+00,2.625619649887084961e+00,2.556284666061401367e+00,2.225420951843261719e+00,2.211549758911132812e+00,2.023397207260131836e+00,2.003343343734741211e+00,2.112037897109985352e+00,2.003617763519287109e+00,2.222344160079956055e+00,2.240671873092651367e+00,2.198509931564331055e+00,2.355505466461181641e+00,2.487718343734741211e+00,2.659358024597167969e+00,2.851035833358764648e+00,2.976812124252319336e+00,3.148954868316650391e+00,2.784029722213745117e+00,2.829310655593872070e+00,2.627371549606323242e+00,2.621066093444824219e+00,2.708565950393676758e+00,2.577526092529296875e+00,2.750098705291748047e+00,2.736396789550781250e+00,2.716953039169311523e+00,2.797090291976928711e+00,2.966824293136596680e+00,3.008344411849975586e+00,3.264525651931762695e+00,3.231135368347167969e+00
1.570178627967834473e+00,1.278638243675231934e+00,9.736130237579345703e-01,6.889911890029907227e-01,3.971132040023803711e-01,0.000000000000000000e+00,3.786840736865997314e-01,6.655403971672058105e-01,8.818262219429016113e-01,9.288190603256225586e-01,1.315345406532287598e+00,1.408702135086059570e+00,1.787804841995239258e+00,1.932268857955932617e+00,2.293531656265258789e+00,1.727205991744995117e+00,1.367270231246948242e+00,1.191505193710327148e+00,8.924761414527893066e-01,6.900531649589538574e-01,6.892712712287902832e-01,6.448659300804138184e-01,9.333398342132568359e-01,1.091766476631164551e+00,1.134966254234313965e+00,1.463124871253967285e+00,1.595734953880310059e+00,1.924155354499816895e+00,2.108049869537353516e+00,2.397225618362426758e+00,2.073019981384277344e+00,1.719902634620666504e+00,1.616654634475708008e+00,1.358774781227111816e+00,1.247714638710021973e+00,1.301721930503845215e+00,1.208407402038574219e+00,1.413133144378662109e+00,1.499705314636230469e+00,1.521793723106384277e+00,1.759828329086303711e+00,1.914998531341552734e+00,2.180834293365478516e+00,2.385241985321044922e+00,2.618575811386108398e+00,2.547828435897827148e+00,2.190124511718750000e+00,2.160931348800659180e+00,1.916100502014160156e+00,1.869534134864807129e+00,1.908121824264526367e+00,1.758563876152038574e+00,1.927493333816528320e+00,1.962478876113891602e+00,1.971758365631103516e+00,2.137091636657714844e+00,2.321710586547851562e+00,2.513581991195678711e+00,2.746351242065429688e+00,2.908821344375610352e+00,3.064816474914550781e+00,2.685860633850097656e+00,2.723099946975708008e+00,2.478497743606567383e+00,2.455862760543823242e+00,2.491147756576538086e+00,2.332964181900024414e+00,2.463671684265136719e+00,2.457715988159179688e+00,2.476847410202026367e+00,2.555378198623657227e+00,2.764542818069458008e+00,2.816655397415161133e+00,3.103374958038330078e+00,3.105841159820556641e+00
1.710887432098388672e+00,1.370206356048583984e+00,1.145682334899902344e+00,7.882203459739685059e-01,6.291206479072570801e-01,3.786840736865997314e-01,0.000000000000000000e+00,3.888331949710845947e-01,5.656216144561767578e-01,6.736952066421508789e-01,1.053002595901489258e+00,1.221077442169189453e+00,1.589260101318359375e+00,1.791618466377258301e+00,2.135902166366577148e+00,1.824122548103332520e+00,1.442689895629882812e+00,1.354227542877197266e+00,1.023142695426940918e+00,9.448963999748229980e-01,9.099755883216857910e-01,6.948474049568176270e-01,8.770650625228881836e-01,9.394744634628295898e-01,9.890452027320861816e-01,1.257549285888671875e+00,1.439579367637634277e+00,1.737366676330566406e+00,1.966017246246337891e+00,2.235233068466186523e+00,2.144057750701904297e+00,1.781064271926879883e+00,1.747778058052062988e+00,1.465770840644836426e+00,1.432538747787475586e+00,1.460352301597595215e+00,1.270482301712036133e+00,1.406482458114624023e+00,1.414737224578857422e+00,1.427791714668273926e+00,1.596227884292602539e+00,1.779430389404296875e+00,2.006055831909179688e+00,2.242883443832397461e+00,2.455950021743774414e+00,2.586194992065429688e+00,2.227267026901245117e+00,2.253286600112915039e+00,1.992630958557128906e+00,2.002468585968017578e+00,2.023899316787719727e+00,1.810953855514526367e+00,1.929357290267944336e+00,1.901141762733459473e+00,1.895370244979858398e+00,1.996076226234436035e+00,2.192478179931640625e+00,2.342197895050048828e+00,2.596101045608520508e+00,2.738185405731201172e+00,3.061835765838623047e+00,2.689844369888305664e+00,2.773534774780273438e+00,2.518599987030029297e+00,2.542475461959838867e+00,2.565881490707397461e+00,2.357857942581176758e+00,2.455391883850097656e+00,2.395998716354370117e+00,2.399734973907470703e+00,2.420921802520751953e+00,2.623876094818115234e+00,2.631990909576416016e+00,2.920240879058837891e+00,2.902816772460937500e+00
2.039423227310180664e+00,1.702116250991821289e+00,1.495318412780761719e+00,1.140454888343811035e+00,9.964336156845092773e-01,6.655403971672058105e-01,3.888331949710845947e-01,0.000000000000000000e+00,3.932861685752868652e-01,6.993077993392944336e-01,1.035166859626770020e+00,1.300947666168212891e+00,1.652951717376708984e+00,1.913515686988830566e+00,2.255228281021118164e+00,2.058372259140014648e+00,1.670136928558349609e+00,1.584017276763916016e+00,1.220587730407714844e+00,1.139692187309265137e+00,9.749757051467895508e-01,6.530743241310119629e-01,6.395825147628784180e-01,7.071084380149841309e-01,8.879194259643554688e-01,1.144529700279235840e+00,1.417609333992004395e+00,1.715795278549194336e+00,1.999430298805236816e+00,2.285620927810668945e+00,2.263644695281982422e+00,1.887121677398681641e+00,1.855095267295837402e+00,1.525877237319946289e+00,1.487261652946472168e+00,1.419975996017456055e+00,1.152559399604797363e+00,1.179972648620605469e+00,1.180097103118896484e+00,1.267854452133178711e+00,1.422221899032592773e+00,1.677196502685546875e+00,1.910624623298645020e+00,2.197262048721313477e+00,2.435722589492797852e+00,2.602819204330444336e+00,2.232973098754882812e+00,2.260457992553710938e+00,1.958551049232482910e+00,1.965424895286560059e+00,1.920328855514526367e+00,1.654806971549987793e+00,1.698317885398864746e+00,1.658717751502990723e+00,1.699190378189086914e+00,1.781561017036437988e+00,2.029278755187988281e+00,2.183669805526733398e+00,2.477084398269653320e+00,2.647802114486694336e+00,2.988332986831665039e+00,2.614707469940185547e+00,2.703003883361816406e+00,2.414482593536376953e+00,2.439844369888305664e+00,2.413374185562133789e+00,2.167665004730224609e+00,2.211488962173461914e+00,2.138881921768188477e+00,2.173652172088623047e+00,2.173280000686645508e+00,2.409526348114013672e+00,2.416200399398803711e+00,2.730384588241577148e+00,2.745047092437744141e+00
1.955015540122985840e+00,1.608716368675231934e+00,1.485132694244384766e+00,1.127676486968994141e+00,1.122021317481994629e+00,8.818262219429016113e-01,5.656216144561767578e-01,3.932861685752868652e-01,0.000000000000000000e+00,3.779048919677734375e-01,6.538808345794677734e-01,9.594864845275878906e-01,1.289513826370239258e+00,1.579184055328369141e+00,1.908925294876098633e+00,1.892465233802795410e+00,1.508578538894653320e+00,1.502734661102294922e+00,1.149092555046081543e+00,1.200442552566528320e+00,1.099568247795104980e+00,7.435067296028137207e-01,7.367112636566162109e-01,5.742406249046325684e-01,6.281818747520446777e-01,7.951590418815612793e-01,1.074658155441284180e+00,1.343984007835388184e+00,1.644387960433959961e+00,1.918429255485534668e+00,2.058231592178344727e+00,1.691454648971557617e+00,1.733088731765747070e+00,1.418240189552307129e+00,1.483879208564758301e+00,1.463152766227722168e+00,1.159917116165161133e+00,1.199909210205078125e+00,1.071148991584777832e+00,1.060812950134277344e+00,1.132219552993774414e+00,1.363484025001525879e+00,1.557386755943298340e+00,1.846461057662963867e+00,2.065683364868164062e+00,2.379192352294921875e+00,2.024141073226928711e+00,2.112512826919555664e+00,1.829702138900756836e+00,1.915469169616699219e+00,1.910982728004455566e+00,1.622549057006835938e+00,1.677801847457885742e+00,1.552101969718933105e+00,1.515715599060058594e+00,1.534664511680603027e+00,1.746322751045227051e+00,1.858821034431457520e+00,2.143329381942749023e+00,2.287598848342895508e+00,2.755800724029541016e+00,2.398771762847900391e+00,2.536002874374389648e+00,2.268629550933837891e+00,2.356037378311157227e+00,2.365759134292602539e+00,2.097874164581298828e+00,2.160852193832397461e+00,2.026844978332519531e+00,2.000421047210693359e+00,1.956169366836547852e+00,2.148698568344116211e+00,2.119055986404418945e+00,2.412431001663208008e+00,2.395468235015869141e+00
1.652258992195129395e+00,1.310024738311767578e+00,1.253986597061157227e+00,9.227380156517028809e-01,1.047258138656616211e+00,9.288190603256225586e-01,6.736952066421508789e-01,6.993077993392944336e-01,3.779048919677734375e-01,0.000000000000000000e+00,3.892214298248291016e-01,6.018761396408081055e-01,9.581499695777893066e-01,1.217054009437561035e+00,1.558875083923339844e+00,1.557308673858642578e+00,1.181993484497070312e+00,1.240767955780029297e+00,9.249477982521057129e-01,1.093205928802490234e+00,1.109832167625427246e+00,8.175500631332397461e-01,9.414591193199157715e-01,7.125029563903808594e-01,5.323377847671508789e-01,6.476954817771911621e-01,8.061646223068237305e-01,1.072067737579345703e+00,1.328768372535705566e+00,1.596568822860717773e+00,1.757925510406494141e+00,1.407424092292785645e+00,1.502608299255371094e+00,1.237117648124694824e+00,1.384318828582763672e+00,1.460547685623168945e+00,1.202728629112243652e+00,1.337336659431457520e+00,1.161486983299255371e+00,1.022668600082397461e+00,1.066787600517272949e+00,1.193995237350463867e+00,1.364959120750427246e+00,1.601433277130126953e+00,1.795919179916381836e+00,2.140782356262207031e+00,1.804831624031066895e+00,1.930906534194946289e+00,1.696641921997070312e+00,1.836108088493347168e+00,1.909436225891113281e+00,1.656153678894042969e+00,1.783053398132324219e+00,1.628006339073181152e+00,1.506715178489685059e+00,1.516962647438049316e+00,1.649218678474426270e+00,1.740869283676147461e+00,1.975590109825134277e+00,2.084763288497924805e+00,2.584697246551513672e+00,2.240299701690673828e+00,2.400885820388793945e+00,2.177216053009033203e+00,2.300091505050659180e+00,2.373516559600830078e+00,2.129581212997436523e+00,2.252295732498168945e+00,2.102405548095703125e+00,2.014406919479370117e+00,1.976174712181091309e+00,2.109632253646850586e+00,2.072211742401123047e+00,2.325325727462768555e+00,2.267741203308105469e+00
1.783932566642761230e+00,1.458803772926330566e+00,1.495355010032653809e+00,1.203609704971313477e+00,1.398248195648193359e+00,1.315345406532287598e+00,1.053002595901489258e+00,1.035166859626770020e+00,6.538808345794677734e-01,3.892214298248291016e-01,0.000000000000000000e+00,3.887952864170074463e-01,6.474145650863647461e-01,9.758324027061462402e-01,1.280931472778320312e+00,1.596502304077148438e+00,1.263118267059326172e+00,1.413406014442443848e+00,1.152166128158569336e+00,1.400514960289001465e+00,1.433646917343139648e+00,1.142508268356323242e+00,1.210427403450012207e+00,8.856997489929199219e-01,6.239436864852905273e-01,4.757133126258850098e-01,5.862479805946350098e-01,7.481586933135986328e-01,1.041455745697021484e+00,1.277291297912597656e+00,1.722278594970703125e+00,1.409336924552917480e+00,1.590858221054077148e+00,1.363220691680908203e+00,1.594208240509033203e+00,1.683225870132446289e+00,1.407970428466796875e+00,1.511797189712524414e+00,1.244812965393066406e+00,1.028071880340576172e+00,9.305649995803833008e-01,9.993492960929870605e-01,1.076092839241027832e+00,1.313784360885620117e+00,1.467832446098327637e+00,2.049155473709106445e+00,1.747362136840820312e+00,1.943863987922668457e+00,1.739599943161010742e+00,1.952045559883117676e+00,2.044811964035034180e+00,1.775671601295471191e+00,1.885415434837341309e+00,1.656215548515319824e+00,1.468561053276062012e+00,1.387720823287963867e+00,1.464181780815124512e+00,1.481384515762329102e+00,1.699634671211242676e+00,1.764115452766418457e+00,2.451504707336425781e+00,2.139413833618164062e+00,2.355895519256591797e+00,2.159207344055175781e+00,2.344667673110961914e+00,2.439872741699218750e+00,2.175740242004394531e+00,2.297239303588867188e+00,2.088620185852050781e+00,1.944262504577636719e+00,1.847212076187133789e+00,1.922671079635620117e+00,1.831898808479309082e+00,2.050906419754028320e+00,1.949414134025573730e+00
1.495238423347473145e+00,1.204127311706542969e+00,1.321698069572448730e+00,1.106016159057617188e+00,1.393888235092163086e+00,1.408702135086059570e+00,1.221077442169189453e+00,1.300947666168212891e+00,9.594864845275878906e-01,6.018761396408081055e-01,3.887952864170074463e-01,0.000000000000000000e+00,3.824478387832641602e-01,6.202601194381713867e-01,9.658576250076293945e-01,1.263872742652893066e+00,9.698485136032104492e-01,1.198464155197143555e+00,1.025543332099914551e+00,1.357012987136840820e+00,1.487297654151916504e+00,1.277227520942687988e+00,1.435233116149902344e+00,1.133936882019042969e+00,7.864347696304321289e-01,6.591093540191650391e-01,5.036268830299377441e-01,6.232720613479614258e-01,7.872976660728454590e-01,1.015628337860107422e+00,1.435943961143493652e+00,1.162581801414489746e+00,1.399381875991821289e+00,1.254240274429321289e+00,1.543658137321472168e+00,1.719722628593444824e+00,1.512929797172546387e+00,1.696785807609558105e+00,1.439445257186889648e+00,1.150158643722534180e+00,1.072716355323791504e+00,9.998905062675476074e-01,1.050963997840881348e+00,1.178524017333984375e+00,1.294893860816955566e+00,1.847427368164062500e+00,1.578913092613220215e+00,1.802635073661804199e+00,1.665550112724304199e+00,1.912393331527709961e+00,2.079144001007080078e+00,1.864631414413452148e+00,2.042816877365112305e+00,1.820966720581054688e+00,1.578952550888061523e+00,1.522989392280578613e+00,1.510745644569396973e+00,1.521223068237304688e+00,1.659631729125976562e+00,1.683904290199279785e+00,2.337265253067016602e+00,2.043668031692504883e+00,2.268036365509033203e+00,2.125555038452148438e+00,2.328930616378784180e+00,2.485361576080322266e+00,2.262587547302246094e+00,2.442122459411621094e+00,2.244010686874389648e+00,2.057862520217895508e+00,1.992403864860534668e+00,2.013332128524780273e+00,1.936619758605957031e+00,2.104974746704101562e+00,1.969403386116027832e+00
1.669539332389831543e+00,1.419493675231933594e+00,1.609819173812866211e+00,1.436487197875976562e+00,1.751700043678283691e+00,1.787804841995239258e+00,1.589260101318359375e+00,1.652951717376708984e+00,1.289513826370239258e+00,9.581499695777893066e-01,6.474145650863647461e-01,3.824478387832641602e-01,0.000000000000000000e+00,3.807083666324615479e-01,6.409017443656921387e-01,1.378706693649291992e+00,1.171041846275329590e+00,1.462444305419921875e+00,1.351943731307983398e+00,1.710238814353942871e+00,1.851184010505676270e+00,1.644088864326477051e+00,1.775204300880432129e+00,1.441339254379272461e+00,1.089712977409362793e+00,8.495463132858276367e-01,6.106991171836853027e-01,4.732215106487274170e-01,5.564676523208618164e-01,6.760020256042480469e-01,1.488306879997253418e+00,1.292620301246643066e+00,1.596636295318603516e+00,1.507556080818176270e+00,1.840794682502746582e+00,2.027396917343139648e+00,1.821797847747802734e+00,1.986798882484436035e+00,1.687008380889892578e+00,1.363557338714599609e+00,1.193600296974182129e+00,1.035848498344421387e+00,9.493393301963806152e-01,1.003381490707397461e+00,1.016114473342895508e+00,1.848902106285095215e+00,1.641781091690063477e+00,1.925606131553649902e+00,1.836787819862365723e+00,2.134337186813354492e+00,2.320742368698120117e+00,2.108759164810180664e+00,2.276993513107299805e+00,2.011825323104858398e+00,1.724877834320068359e+00,1.601069211959838867e+00,1.513997435569763184e+00,1.437996864318847656e+00,1.516235828399658203e+00,1.458409070968627930e+00,2.305703639984130859e+00,2.061342954635620117e+00,2.333334922790527344e+00,2.233466148376464844e+00,2.486464023590087891e+00,2.667085409164428711e+00,2.441110610961914062e+00,2.623176813125610352e+00,2.386226415634155273e+00,2.153289079666137695e+00,2.044465303421020508e+00,1.996197938919067383e+00,1.870117902755737305e+00,1.976855516433715820e+00,1.779005885124206543e+00
1.473268628120422363e+00,1.291581630706787109e+00,1.552048444747924805e+00,1.465986490249633789e+00,1.827805161476135254e+00,1.932268857955932617e+00,1.791618466377258301e+00,1.913515686988830566e+00,1.579184055328369141e+00,1.217054009437561035e+00,9.758324027061462402e-01,6.202601194381713867e-01,3.807083666324615479e-01,0.000000000000000000e+00,3.879207968711853027e-01,1.146273136138916016e+00,1.035143733024597168e+00,1.381198406219482422e+00,1.370781064033508301e+00,1.761539816856384277e+00,1.968608856201171875e+00,1.826745271682739258e+00,2.014620542526245117e+00,1.709013700485229492e+00,1.332795977592468262e+00,1.148086309432983398e+00,8.270533084869384766e-01,6.935589313507080078e-01,5.329891443252563477e-01,5.645020008087158203e-01,1.304852128028869629e+00,1.188799858093261719e+00,1.525934696197509766e+00,1.527024745941162109e+00,1.882904410362243652e+00,2.131173133850097656e+00,1.986609220504760742e+00,2.205549240112304688e+00,1.928826689720153809e+00,1.580036401748657227e+00,1.451639413833618164e+00,1.220153093338012695e+00,1.135291576385498047e+00,1.061012744903564453e+00,1.016279458999633789e+00,1.747053742408752441e+00,1.592235684394836426e+00,1.885568261146545410e+00,1.867208838462829590e+00,2.176931619644165039e+00,2.419475555419921875e+00,2.259818553924560547e+00,2.478092908859252930e+00,2.232696771621704102e+00,1.922763466835021973e+00,1.834815382957458496e+00,1.691552877426147461e+00,1.625500679016113281e+00,1.624407172203063965e+00,1.531418681144714355e+00,2.284368038177490234e+00,2.067250251770019531e+00,2.332934141159057617e+00,2.287594556808471680e+00,2.543780803680419922e+00,2.772560358047485352e+00,2.589082002639770508e+00,2.815026044845581055e+00,2.597734212875366211e+00,2.343980789184570312e+00,2.271377563476562500e+00,2.188608646392822266e+00,2.087169408798217773e+00,2.150277853012084961e+00,1.935717105865478516e+00
1.716595172882080078e+00,1.568801522254943848e+00,1.868583917617797852e+00,1.802384138107299805e+00,2.172023534774780273e+00,2.293531656265258789e+00,2.135902166366577148e+00,2.255228281021118164e+00,1.908925294876098633e+00,1.558875083923339844e+00,1.280931472778320312e+00,9.658576250076293945e-01,6.409017443656921387e-01,3.879207968711853027e-01,0.000000000000000000e+00,1.412156939506530762e+00,1.371019959449768066e+00,1.732933163642883301e+00,1.750297784805297852e+00,2.142401218414306641e+00,2.356056690216064453e+00,2.208138465881347656e+00,2.382016181945800781e+00,2.061181306838989258e+00,1.691524982452392578e+00,1.462082505226135254e+00,1.151402354240417480e+00,9.174851179122924805e-01,7.009796500205993652e-01,4.796070158481597900e-01,1.552315831184387207e+00,1.506078124046325684e+00,1.862068653106689453e+00,1.893279433250427246e+00,2.258802652359008789e+00,2.509688377380371094e+00,2.361852169036865234e+00,2.565828323364257812e+00,2.269018650054931641e+00,1.914772391319274902e+00,1.738664031028747559e+00,1.484536528587341309e+00,1.313168048858642578e+00,1.177288293838500977e+00,9.986866712570190430e-01,1.946982622146606445e+00,1.852660655975341797e+00,2.174136161804199219e+00,2.188811540603637695e+00,2.519310951232910156e+00,2.769096136093139648e+00,2.609405279159545898e+00,2.815854310989379883e+00,2.547126531600952148e+00,2.220497846603393555e+00,2.088735342025756836e+00,1.906604290008544922e+00,1.774372816085815430e+00,1.718940258026123047e+00,1.539093136787414551e+00,2.445612430572509766e+00,2.279060125350952148e+00,2.572733879089355469e+00,2.561059236526489258e+00,2.844795227050781250e+00,3.085608720779418945e+00,2.900458812713623047e+00,3.121900320053100586e+00,2.880403995513916016e+00,2.602301597595214844e+00,2.496276378631591797e+00,2.366448163986206055e+00,2.223672628402709961e+00,2.229531288146972656e+00,1.958982944488525391e+00
6.841967105865478516e-01,7.902381420135498047e-01,9.955905079841613770e-01,1.179320812225341797e+00,1.515621900558471680e+00,1.727205991744995117e+00,1.824122548103332520e+00,2.058372259140014648e+00,1.892465233802795410e+00,1.557308673858642578e+00,1.596502304077148438e+00,1.263872742652893066e+00,1.378706693649291992e+00,1.146273136138916016e+00,1.412156939506530762e+00,0.000000000000000000e+00,3.887605369091033936e-01,6.111867427825927734e-01,9.154463410377502441e-01,1.245596885681152344e+00,1.587939620018005371e+00,1.687682628631591797e+00,2.021632194519042969e+00,1.893185853958129883e+00,1.563627719879150391e+00,1.657683372497558594e+00,1.364160060882568359e+00,1.516028165817260742e+00,1.337231874465942383e+00,1.530227422714233398e+00,7.480321526527404785e-01,7.200070619583129883e-01,8.631336092948913574e-01,1.078604936599731445e+00,1.336580395698547363e+00,1.720422148704528809e+00,1.795093774795532227e+00,2.160238027572631836e+00,2.054327726364135742e+00,1.757614612579345703e+00,1.877894520759582520e+00,1.664180278778076172e+00,1.808798909187316895e+00,1.701693534851074219e+00,1.817983627319335938e+00,1.501499533653259277e+00,1.350268602371215820e+00,1.451401710510253906e+00,1.535540103912353516e+00,1.718744754791259766e+00,2.061537981033325195e+00,2.075683355331420898e+00,2.426872253417968750e+00,2.339953660964965820e+00,2.089805841445922852e+00,2.215462684631347656e+00,2.100995540618896484e+00,2.224596977233886719e+00,2.206052303314208984e+00,2.248898506164550781e+00,2.259231090545654297e+00,2.005516052246093750e+00,2.102444410324096680e+00,2.105376958847045898e+00,2.227984666824340820e+00,2.519127368927001953e+00,2.478923320770263672e+00,2.800594806671142578e+00,2.729557752609252930e+00,2.536118030548095703e+00,2.642160892486572266e+00,2.625026226043701172e+00,2.683654308319091797e+00,2.788271665573120117e+00,2.691245555877685547e+00
7.207203507423400879e-01,6.343815922737121582e-01,7.653933167457580566e-01,8.533113002777099609e-01,1.189342856407165527e+00,1.367270231246948242e+00,1.442689895629882812e+00,1.670136928558349609e+00,1.508578538894653320e+00,1.181993484497070312e+00,1.263118267059326172e+00,9.698485136032104492e-01,1.171041846275329590e+00,1.035143733024597168e+00,1.371019959449768066e+00,3.887605369091033936e-01,0.000000000000000000e+00,3.747997283935546875e-01,5.681461691856384277e-01,9.367687702178955078e-01,1.265908241271972656e+00,1.325686454772949219e+00,1.660469889640808105e+00,1.534191966056823730e+00,1.215596199035644531e+00,1.344883561134338379e+00,1.104105353355407715e+00,1.318161368370056152e+00,1.233537435531616211e+00,1.479687929153442383e+00,8.802157044410705566e-01,6.688704490661621094e-01,7.887169122695922852e-01,8.662685751914978027e-01,1.116574525833129883e+00,1.471701383590698242e+00,1.495997548103332520e+00,1.849288940429687500e+00,1.744804382324218750e+00,1.469631552696228027e+00,1.606008768081665039e+00,1.452833533287048340e+00,1.631843090057373047e+00,1.605587005615234375e+00,1.762398123741149902e+00,1.569121003150939941e+00,1.333064794540405273e+00,1.429702758789062500e+00,1.416908264160156250e+00,1.584275245666503906e+00,1.879413008689880371e+00,1.841190814971923828e+00,2.167516946792602539e+00,2.079189777374267578e+00,1.855039358139038086e+00,1.979986429214477539e+00,1.921560287475585938e+00,2.057963132858276367e+00,2.103122949600219727e+00,2.175044298171997070e+00,2.275558948516845703e+00,1.977180719375610352e+00,2.082004070281982422e+00,2.016749620437622070e+00,2.129651069641113281e+00,2.374154806137084961e+00,2.291367769241333008e+00,2.581330060958862305e+00,2.504154682159423828e+00,2.337465524673461914e+00,2.428063154220581055e+00,2.453155994415283203e+00,2.502718210220336914e+00,2.650477647781372070e+00,2.568709850311279297e+00
8.000802397727966309e-01,7.426260113716125488e-01,6.836276054382324219e-01,7.985388040542602539e-01,1.035927772521972656e+00,1.191505193710327148e+00,1.354227542877197266e+00,1.584017276763916016e+00,1.502734661102294922e+00,1.240767955780029297e+00,1.413406014442443848e+00,1.198464155197143555e+00,1.462444305419921875e+00,1.381198406219482422e+00,1.732933163642883301e+00,6.111867427825927734e-01,3.747997283935546875e-01,0.000000000000000000e+00,3.727749288082122803e-01,6.381245851516723633e-01,9.925565123558044434e-01,1.144759058952331543e+00,1.509309291839599609e+00,1.468521595001220703e+00,1.218628883361816406e+00,1.444794297218322754e+00,1.277076005935668945e+00,1.557694196701049805e+00,1.522893309593200684e+00,1.808215022087097168e+00,9.905912280082702637e-01,7.390598654747009277e-01,6.618406772613525391e-01,7.053363323211669922e-01,8.369954824447631836e-01,1.209218382835388184e+00,1.301743149757385254e+00,1.684014201164245605e+00,1.658143758773803711e+00,1.445020318031311035e+00,1.665503263473510742e+00,1.569947481155395508e+00,1.815727829933166504e+00,1.828955173492431641e+00,2.038278818130493164e+00,1.630945205688476562e+00,1.359539866447448730e+00,1.355404138565063477e+00,1.307691812515258789e+00,1.383925795555114746e+00,1.665897846221923828e+00,1.667123436927795410e+00,2.012361764907836914e+00,1.990418434143066406e+00,1.821532368659973145e+00,2.013082981109619141e+00,2.002905607223510742e+00,2.197259187698364258e+00,2.273717164993286133e+00,2.398986577987670898e+00,2.322808504104614258e+00,1.996676325798034668e+00,2.036453723907470703e+00,1.941401362419128418e+00,1.985684394836425781e+00,2.208221912384033203e+00,2.155401468276977539e+00,2.448291063308715820e+00,2.425275802612304688e+00,2.306002616882324219e+00,2.445245027542114258e+00,2.517786264419555664e+00,2.611482858657836914e+00,2.793335676193237305e+00,2.759546518325805664e+00
1.056454300880432129e+00,8.682193160057067871e-01,7.268234491348266602e-01,6.556762456893920898e-01,8.346086144447326660e-01,8.924761414527893066e-01,1.023142695426940918e+00,1.220587730407714844e+00,1.149092555046081543e+00,9.249477982521057129e-01,1.152166128158569336e+00,1.025543332099914551e+00,1.351943731307983398e+00,1.370781064033508301e+00,1.750297784805297852e+00,9.154463410377502441e-01,5.681461691856384277e-01,3.727749288082122803e-01,0.000000000000000000e+00,4.040547311305999756e-01,7.008855938911437988e-01,7.854555249214172363e-01,1.149764299392700195e+00,1.115329742431640625e+00,8.989797234535217285e-01,1.176238536834716797e+00,1.096161842346191406e+00,1.424464583396911621e+00,1.481941699981689453e+00,1.797554373741149902e+00,1.184729218482971191e+00,8.471230864524841309e-01,7.731702923774719238e-01,6.181385517120361328e-01,7.145556807518005371e-01,1.008915305137634277e+00,1.019423127174377441e+00,1.378855586051940918e+00,1.354456663131713867e+00,1.178944945335388184e+00,1.417603969573974609e+00,1.398550748825073242e+00,1.671169638633728027e+00,1.761021018028259277e+00,2.000249147415161133e+00,1.722695589065551758e+00,1.397216677665710449e+00,1.399816155433654785e+00,1.253521203994750977e+00,1.315462827682495117e+00,1.524724602699279785e+00,1.456108927726745605e+00,1.761584043502807617e+00,1.734834194183349609e+00,1.599958181381225586e+00,1.786515235900878906e+00,1.836568474769592285e+00,2.039467334747314453e+00,2.174458742141723633e+00,2.325086116790771484e+00,2.337240934371948242e+00,1.982789158821105957e+00,2.035955429077148438e+00,1.877292037010192871e+00,1.918300509452819824e+00,2.084631443023681641e+00,1.981323719024658203e+00,2.232609748840332031e+00,2.199033975601196289e+00,2.108750104904174805e+00,2.228105306625366211e+00,2.341619968414306641e+00,2.425635814666748047e+00,2.645295381546020508e+00,2.629273653030395508e+00
1.263152956962585449e+00,1.091976761817932129e+00,8.145180940628051758e-01,7.352989315986633301e-01,7.055575251579284668e-01,6.900531649589538574e-01,9.448963999748229980e-01,1.139692187309265137e+00,1.200442552566528320e+00,1.093205928802490234e+00,1.400514960289001465e+00,1.357012987136840820e+00,1.710238814353942871e+00,1.761539816856384277e+00,2.142401218414306641e+00,1.245596885681152344e+00,9.367687702178955078e-01,6.381245851516723633e-01,4.040547311305999756e-01,0.000000000000000000e+00,4.004873633384704590e-01,6.429814100265502930e-01,1.031924128532409668e+00,1.139557480812072754e+00,1.057370424270629883e+00,1.406783580780029297e+00,1.413614153861999512e+00,1.766708254814147949e+00,1.861771702766418457e+00,2.187777280807495117e+00,1.497930288314819336e+00,1.168170928955078125e+00,9.807248115539550781e-01,7.788973450660705566e-01,6.423377990722656250e-01,8.580290675163269043e-01,9.295507073402404785e-01,1.285608053207397461e+00,1.375153660774230957e+00,1.309676289558410645e+00,1.611846566200256348e+00,1.666193604469299316e+00,1.974604249000549316e+00,2.101584672927856445e+00,2.366456508636474609e+00,1.981055021286010742e+00,1.640548825263977051e+00,1.560119271278381348e+00,1.369643568992614746e+00,1.312307834625244141e+00,1.454328417778015137e+00,1.410234093666076660e+00,1.701430320739746094e+00,1.757926583290100098e+00,1.708587408065795898e+00,1.945913434028625488e+00,2.056528329849243164e+00,2.297508955001831055e+00,2.466267585754394531e+00,2.652479648590087891e+00,2.555179119110107422e+00,2.183626890182495117e+00,2.179041147232055664e+00,1.982755303382873535e+00,1.946000337600708008e+00,2.058839797973632812e+00,1.975809812545776367e+00,2.202279329299926758e+00,2.228538513183593750e+00,2.204782485961914062e+00,2.358873605728149414e+00,2.526601552963256836e+00,2.640409708023071289e+00,2.893561601638793945e+00,2.916139364242553711e+00
1.659482121467590332e+00,1.464439988136291504e+00,1.185268282890319824e+00,1.027042508125305176e+00,9.005078673362731934e-01,6.892712712287902832e-01,9.099755883216857910e-01,9.749757051467895508e-01,1.099568247795104980e+00,1.109832167625427246e+00,1.433646917343139648e+00,1.487297654151916504e+00,1.851184010505676270e+00,1.968608856201171875e+00,2.356056690216064453e+00,1.587939620018005371e+00,1.265908241271972656e+00,9.925565123558044434e-01,7.008855938911437988e-01,4.004873633384704590e-01,0.000000000000000000e+00,3.823085129261016846e-01,7.111023068428039551e-01,9.209098815917968750e-01,9.717100858688354492e-01,1.360300660133361816e+00,1.462369203567504883e+00,1.836523056030273438e+00,1.993860244750976562e+00,2.344675302505493164e+00,1.711308002471923828e+00,1.358790397644042969e+00,1.151093602180480957e+00,8.532742261886596680e-01,6.190052628517150879e-01,6.212325096130371094e-01,6.376101374626159668e-01,9.478379487991333008e-01,1.114393830299377441e+00,1.155392169952392578e+00,1.497464537620544434e+00,1.633803963661193848e+00,1.972759604454040527e+00,2.155998945236206055e+00,2.457724809646606445e+00,2.065878152847290039e+00,1.699992775917053223e+00,1.590600013732910156e+00,1.323952317237854004e+00,1.207994461059570312e+00,1.239667296409606934e+00,1.150661826133728027e+00,1.390871644020080566e+00,1.492236137390136719e+00,1.520175218582153320e+00,1.783681273460388184e+00,1.959697604179382324e+00,2.229867696762084961e+00,2.444352626800537109e+00,2.673027038574218750e+00,2.539144039154052734e+00,2.152189493179321289e+00,2.127709627151489258e+00,1.874968886375427246e+00,1.802680253982543945e+00,1.841984272003173828e+00,1.732634782791137695e+00,1.911803126335144043e+00,1.963563084602355957e+00,1.996141672134399414e+00,2.161361455917358398e+00,2.380669832229614258e+00,2.514530658721923828e+00,2.803105354309082031e+00,2.870229005813598633e+00
