,A1,A2,A3,A4,A5,A6,A7,A8,A9,A10,A11,A12,A13,A14,A15,B1,B2,B3,B4,B5,B6,B7,B8,B9,B10,B11,B12,B13,B14,B15,C1,C2,C3,C4,C5,C6,C7,C8,C9,C10,C11,C12,C13,C14,C15,D1,D2,D3,D4,D5,D6,D7,D8,D9,D10,D11,D12,D13,D14,D15,E1,E2,E3,E4,E5,E6,E7,E8,E9,E10,E11,E12,E13,E14,E15
A1,0.0,0.4010537266731262,0.5990721583366394,0.9275158047676086,1.1824462413787842,1.1826127767562866,1.4945201873779297,1.442482590675354,1.5977319478988647,1.9583666324615479,2.0650856494903564,2.4378340244293213,2.6577703952789307,2.877840757369995,3.176553249359131,3.9878551959991455,3.9649102687835693,4.339926719665527,4.370563507080078,4.648614883422852,4.7302656173706055,4.866692543029785,4.950613498687744,4.92106819152832,5.068059921264648,5.244362831115723,5.2157697677612305,5.41828727722168,5.525148868560791,5.540444850921631,4.382436275482178,4.042484760284424,3.8595802783966064,3.5028581619262695,3.369384527206421,3.1546335220336914,3.1121976375579834,3.320518970489502,3.4956469535827637,3.5715787410736084,3.684905767440796,3.7001960277557373,3.870262384414673,3.7117645740509033,3.8533642292022705,2.526010513305664,2.5284945964813232,2.416715621948242,2.248788833618164,2.4682886600494385,2.829658031463623,2.8937792778015137,3.2268223762512207,3.555816411972046,3.7063868045806885,3.8922526836395264,3.863349199295044,4.202649116516113,4.171548843383789,4.4651055335998535,3.758281946182251,3.568025827407837,3.7084803581237793,3.596890926361084,3.4242606163024902,3.437567949295044,3.129756212234497,3.4002840518951416,3.2579779624938965,2.9393467903137207,2.988294839859009,2.6851823329925537,2.7951958179473877,2.4812638759613037,2.593226194381714
A2,0.4010537266731262,0.0,0.4066471457481384,0.6834571957588196,0.8651094436645508,0.8124920129776001,1.102932095527649,1.0512876510620117,1.2046668529510498,1.5613319873809814,1.6854288578033447,2.0509345531463623,2.28125262260437,2.5175461769104004,2.8173396587371826,3.6367149353027344,3.6175811290740967,3.9934239387512207,4.0176849365234375,4.307740211486816,4.399811744689941,4.531042575836182,4.632887840270996,4.606778621673584,4.771817684173584,4.955629348754883,4.948655128479004,5.1607890129089355,5.287870407104492,5.32485818862915,4.206246852874756,3.8751749992370605,3.672774076461792,3.306565284729004,3.1406266689300537,2.921943187713623,2.889340400695801,3.0788304805755615,3.2717108726501465,3.3844144344329834,3.4948716163635254,3.5504729747772217,3.729518175125122,3.587717294692993,3.7665209770202637,2.409877061843872,2.3725783824920654,2.2168359756469727,2.0161914825439453,2.19396710395813,2.545790433883667,2.609943389892578,2.926307439804077,3.263279676437378,3.4400644302368164,3.632174015045166,3.636101722717285,3.9799623489379883,3.979012966156006,4.286692142486572,3.6038715839385986,3.3827435970306396,3.527312994003296,3.395251750946045,3.2201247215270996,3.2658298015594482,2.9739396572113037,3.2592902183532715,3.128338098526001,2.8170454502105713,2.9163572788238525,2.624835729598999,2.7870051860809326,2.506166458129883,2.644885778427124
A3,0.5990721583366394,0.4066471457481384,0.0,0.388643741607666,0.6075172424316406,0.7011052370071411,1.0361961126327515,1.1033493280410767,1.3201433420181274,1.6308733224868774,1.8340327739715576,2.1651477813720703,2.4166455268859863,2.692537784576416,2.9781317710876465,3.666747570037842,3.6071958541870117,3.9839131832122803,3.973013162612915,4.264182090759277,4.328818321228027,4.432849407196045,4.5248894691467285,4.467029571533203,4.633371353149414,4.79069709777832,4.778234004974365,4.96816873550415,5.089130401611328,5.117421627044678,4.08268928527832,3.7427258491516113,3.570258140563965,3.1976547241210938,3.020967483520508,2.7690858840942383,2.688642740249634,2.852083921432495,3.011911392211914,3.10507869720459,3.1858720779418945,3.2284858226776123,3.384150743484497,3.2220191955566406,3.394435405731201,2.081652879714966,2.025087356567383,1.9058758020401,1.69468355178833,1.892162561416626,2.250479221343994,2.2985587120056152,2.632373332977295,2.96207857131958,3.115459442138672,3.296684741973877,3.2772459983825684,3.617595672607422,3.600930690765381,3.9027435779571533,3.2527730464935303,3.0500271320343018,3.216829538345337,3.1140217781066895,2.9674947261810303,3.0289292335510254,2.759850263595581,3.0702202320098877,2.979628562927246,2.699009418487549,2.8089683055877686,2.5559775829315186,2.730572462081909,2.471644401550293,2.663470506668091
A4,0.9275158047676086,0.6834571957588196,0.388643741607666,0.0,0.3800166845321655,0.6372072100639343,0.8826823830604553,1.0771762132644653,1.2501254081726074,1.522322177886963,1.7564330101013184,2.05087947845459,2.2794742584228516,2.582639455795288,2.833707571029663,3.3770453929901123,3.2912352085113525,3.6664204597473145,3.642153739929199,3.9265787601470947,3.9760639667510986,4.073397159576416,4.156480312347412,4.091076850891113,4.253793716430664,4.406103610992432,4.3918304443359375,4.579925060272217,4.702045440673828,4.733364105224609,3.7267937660217285,3.388892412185669,3.2192564010620117,2.8430469036102295,2.6541624069213867,2.3927009105682373,2.305626392364502,2.464388847351074,2.6291329860687256,2.733422040939331,2.822951555252075,2.8828344345092773,3.0551555156707764,2.9173433780670166,3.1136717796325684,1.7601796388626099,1.6961570978164673,1.5418314933776855,1.3381462097167969,1.5425667762756348,1.9038918018341064,1.9879364967346191,2.3209517002105713,2.6440610885620117,2.796376943588257,3.0044217109680176,2.9958951473236084,3.351370096206665,3.3609843254089355,3.6557536125183105,2.924412250518799,2.7014195919036865,2.8564484119415283,2.739313840866089,2.587562084197998,2.6588284969329834,2.398911237716675,2.7182304859161377,2.642852544784546,2.378234386444092,2.519796133041382,2.2928617000579834,2.5038902759552,2.283907175064087,2.514004945755005
A5,1.1824462413787842,0.8651094436645508,0.6075172424316406,0.3800166845321655,0.0,0.36195194721221924,0.5777868032455444,0.8292677998542786,1.0526355504989624,1.2620097398757935,1.5511928796768188,1.8112837076187134,2.076786518096924,2.3977718353271484,2.6577210426330566,3.2300143241882324,3.146291971206665,3.5200510025024414,3.4747676849365234,3.7814266681671143,3.841848611831665,3.919395923614502,4.030764579772949,3.9579854011535645,4.151159763336182,4.302591323852539,4.319390773773193,4.509689807891846,4.656888484954834,4.712818622589111,3.7976839542388916,3.4721908569335938,3.2917234897613525,2.909560203552246,2.6788623332977295,2.404796600341797,2.310426950454712,2.4197840690612793,2.58603835105896,2.728396415710449,2.7863757610321045,2.8893074989318848,3.04599666595459,2.906557559967041,3.134777307510376,1.8389830589294434,1.7001031637191772,1.522908329963684,1.2451668977737427,1.3634742498397827,1.7051632404327393,1.747847557067871,2.0626232624053955,2.400866985321045,2.5846800804138184,2.7749085426330566,2.7992823123931885,3.146397590637207,3.175572156906128,3.492666006088257,2.891723155975342,2.6486754417419434,2.830989122390747,2.7115631103515625,2.5807595252990723,2.704951763153076,2.4843668937683105,2.8238422870635986,2.778158664703369,2.538522481918335,2.726116418838501,2.523864269256592,2.7700984477996826,2.5804169178009033,2.8225953578948975
A6,1.1826127767562866,0.8124920129776001,0.7011052370071411,0.6372072100639343,0.36195194721221924,0.0,0.37199270725250244,0.49086204171180725,0.7746211290359497,0.9991493225097656,1.2787652015686035,1.5602680444717407,1.857338786125183,2.1607844829559326,2.4538414478302,3.194831609725952,3.1504757404327393,3.5236692428588867,3.494232416152954,3.8171143531799316,3.909245729446411,3.9956107139587402,4.134832859039307,4.082528591156006,4.294525146484375,4.4652509689331055,4.505248069763184,4.7123589515686035,4.87802267074585,4.953219890594482,4.025834083557129,3.711732864379883,3.5042707920074463,3.1230897903442383,2.8802530765533447,2.6253464221954346,2.563098907470703,2.667022705078125,2.854891538619995,3.0256173610687256,3.084690570831299,3.211529493331909,3.3695883750915527,3.2346091270446777,3.4736788272857666,2.190131902694702,2.038304090499878,1.8418409824371338,1.546626329421997,1.6049100160598755,1.9187476634979248,1.9351242780685425,2.2177631855010986,2.5671772956848145,2.7848246097564697,2.9593894481658936,3.0153238773345947,3.350389003753662,3.3914616107940674,3.725870132446289,3.2077035903930664,2.9508824348449707,3.1348352432250977,2.999744176864624,2.8620715141296387,2.9983718395233154,2.778291702270508,3.109489917755127,3.0475356578826904,2.7940826416015625,2.9901740550994873,2.766942262649536,3.016295909881592,2.8160226345062256,3.028127670288086
A7,1.4945201873779297,1.102932095527649,1.0361961126327515,0.8826823830604553,0.5777868032455444,0.37199270725250244,0.0,0.3849788010120392,0.5576521754264832,0.6901676654815674,1.0106576681137085,1.2445402145385742,1.5363231897354126,1.8604145050048828,2.1350860595703125,2.849374532699585,2.811267614364624,3.1817338466644287,3.1509156227111816,3.4820945262908936,3.5874099731445312,3.674149513244629,3.8304667472839355,3.7897262573242188,4.015929222106934,4.199513912200928,4.260451316833496,4.48130464553833,4.665780544281006,4.76297664642334,3.8643720149993896,3.568079710006714,3.3398706912994385,2.9614717960357666,2.6936609745025635,2.451206684112549,2.4151785373687744,2.5015718936920166,2.7147109508514404,2.926323652267456,2.9946885108947754,3.164088010787964,3.3397529125213623,3.238657236099243,3.510498285293579,2.228362798690796,2.0565366744995117,1.8075370788574219,1.5081952810287476,1.4967774152755737,1.7742475271224976,1.8102748394012451,2.0527255535125732,2.4019887447357178,2.6517093181610107,2.8442697525024414,2.9444165229797363,3.2837324142456055,3.367449998855591,3.7056286334991455,3.173588991165161,2.8834915161132812,3.0528273582458496,2.8872570991516113,2.739933490753174,2.9000582695007324,2.698549747467041,3.0246992111206055,2.9667434692382812,2.725660562515259,2.960331678390503,2.7521514892578125,3.0350019931793213,2.869485378265381,3.086160182952881
A8,1.442482590675354,1.0512876510620117,1.1033493280410767,1.0771762132644653,0.8292677998542786,0.49086204171180725,0.3849788010120392,0.0,0.37325844168663025,0.5833823680877686,0.8321800231933594,1.1280044317245483,1.4515633583068848,1.7314774990081787,2.054368019104004,2.9827258586883545,2.990959644317627,3.357053756713867,3.352229356765747,3.6899306774139404,3.8241355419158936,3.925727367401123,4.099344253540039,4.080399036407471,4.313268184661865,4.513274192810059,4.584524631500244,4.817720413208008,5.00905179977417,5.113430500030518,4.173402309417725,3.881917953491211,3.6359944343566895,3.262049913406372,3.002384901046753,2.780912160873413,2.769481658935547,2.8674819469451904,3.0910093784332275,3.3061561584472656,3.3793485164642334,3.5469107627868652,3.7214279174804688,3.613035202026367,3.8775017261505127,2.588813304901123,2.426910161972046,2.186033010482788,1.8881359100341797,1.876281499862671,2.1450541019439697,2.1596028804779053,2.387111186981201,2.7384679317474365,2.9999446868896484,3.1740570068359375,3.281446695327759,3.6081972122192383,3.684516668319702,4.032393455505371,3.554628849029541,3.2676353454589844,3.4373860359191895,3.2682857513427734,3.1134750843048096,3.2645249366760254,3.049156904220581,3.3633792400360107,3.281743288040161,3.018935441970825,3.238020658493042,3.000396251678467,3.2662723064422607,3.0744080543518066,3.2547030448913574
A9,1.5977319478988647,1.2046668529510498,1.3201433420181274,1.2501254081726074,1.0526355504989624,0.7746211290359497,0.5576521754264832,0.37325844168663025,0.0,0.3793840706348419,0.5178784728050232,0.8522438406944275,1.126111626625061,1.4009476900100708,1.714144229888916,2.6845924854278564,2.7209317684173584,3.0847530364990234,3.1107120513916016,3.441574811935425,3.5958282947540283,3.7231063842773438,3.900454521179199,3.91221284866333,4.139423370361328,4.363744258880615,4.439444541931152,4.6935553550720215,4.8909077644348145,5.006092548370361,4.012507915496826,3.7367632389068604,3.464056968688965,3.1001927852630615,2.843730926513672,2.657062292098999,2.694287061691284,2.8124444484710693,3.0697107315063477,3.307774066925049,3.4162731170654297,3.603105068206787,3.809072494506836,3.737287759780884,4.0165815353393555,2.6842525005340576,2.544854164123535,2.2613625526428223,1.9969508647918701,1.9742847681045532,2.2254812717437744,2.2873568534851074,2.4892420768737793,2.831209897994995,3.1068074703216553,3.311583995819092,3.4435794353485107,3.781414747238159,3.887895107269287,4.228569507598877,3.6525559425354004,3.3410632610321045,3.4759044647216797,3.270888328552246,3.086298704147339,3.2252731323242188,2.9998629093170166,3.288522243499756,3.1809988021850586,2.9077088832855225,3.1376845836639404,2.890678882598877,3.167771816253662,2.99117374420166,3.1503422260284424
A10,1.9583666324615479,1.5613319873809814,1.6308733224868774,1.522322177886963,1.2620097398757935,0.9991493225097656,0.6901676654815674,0.5833823680877686,0.3793840706348419,0.0,0.38545286655426025,0.5650694370269775,0.9016724824905396,1.2096495628356934,1.5147441625595093,2.486271858215332,2.5290186405181885,2.8822672367095947,2.88962721824646,3.2381932735443115,3.405862808227539,3.5155556201934814,3.720829725265503,3.732306718826294,3.9853415489196777,4.2111077308654785,4.317142963409424,4.574618339538574,4.794510841369629,4.933697700500488,4.031258583068848,3.7743749618530273,3.4950685501098633,3.1369218826293945,2.8507540225982666,2.666234254837036,2.7059831619262695,2.7816412448883057,3.0405397415161133,3.3096249103546143,3.3998796939849854,3.6225662231445312,3.821455717086792,3.7627081871032715,4.065986156463623,2.794438600540161,2.618793487548828,2.3213253021240234,2.04002046585083,1.9462512731552124,2.1455347537994385,2.1874725818634033,2.34028959274292,2.6744210720062256,2.9762487411499023,3.1709067821502686,3.3405189514160156,3.665330410003662,3.80036997795105,4.1482319831848145,3.6535637378692627,3.3262338638305664,3.4674437046051025,3.2553305625915527,3.0855579376220703,3.261047124862671,3.0721800327301025,3.3653225898742676,3.2826414108276367,3.0378715991973877,3.301945209503174,3.0837862491607666,3.386622905731201,3.2421629428863525,3.4170639514923096
A11,2.0650856494903564,1.6854288578033447,1.8340327739715576,1.7564330101013184,1.5511928796768188,1.2787652015686035,1.0106576681137085,0.8321800231933594,0.5178784728050232,0.38545286655426025,0.0,0.39028260111808777,0.6569096446037292,0.9012929201126099,1.2411752939224243,2.4077672958374023,2.5054428577423096,2.8481228351593018,2.90220046043396,3.239990472793579,3.4377522468566895,3.5794906616210938,3.790297269821167,3.8392655849456787,4.083791732788086,4.335646152496338,4.444150924682617,4.721967697143555,4.944295883178711,5.0901265144348145,4.114383220672607,3.8714005947113037,3.5668153762817383,3.2230653762817383,2.9540717601776123,2.809415102005005,2.8946313858032227,2.997753143310547,3.281114339828491,3.5579540729522705,3.6779987812042236,3.903271198272705,4.123533248901367,4.083114147186279,4.386498928070068,3.0742709636688232,2.926271677017212,2.6125118732452393,2.3582727909088135,2.279179096221924,2.4756839275360107,2.5425662994384766,2.6838197708129883,3.0095102787017822,3.315916061401367,3.52345871925354,3.7022035121917725,4.030086517333984,4.174431800842285,4.519008636474609,3.9656317234039307,3.6288602352142334,3.7442944049835205,3.5092921257019043,3.3139450550079346,3.4669013023376465,3.259000062942505,3.5240068435668945,3.407283306121826,3.142467737197876,3.396497964859009,3.155165195465088,3.4485321044921875,3.2985715866088867,3.4345755577087402
A12,2.4378340244293213,2.0509345531463623,2.1651477813720703,2.05087947845459,1.8112837076187134,1.5602680444717407,1.2445402145385742,1.1280044317245483,0.8522438406944275,0.5650694370269775,0.39028260111808777,0.0,0.3979897201061249,0.6824881434440613,0.9929023385047913,2.165276288986206,2.2803544998168945,2.6046648025512695,2.6493818759918213,2.99930739402771,3.2156524658203125,3.346118211746216,3.5841856002807617,3.64186429977417,3.9075496196746826,4.165356636047363,4.303421497344971,4.587680339813232,4.831233024597168,5.00141716003418,4.1077094078063965,3.8886773586273193,3.575976610183716,3.2450737953186035,2.954096555709839,2.8227686882019043,2.9196412563323975,2.987487316131592,3.2750449180603027,3.5802717208862305,3.6910815238952637,3.9492788314819336,4.168452262878418,4.148395538330078,4.4731059074401855,3.2159318923950195,3.04521107673645,2.71740460395813,2.4630286693573,2.3287253379821777,2.4721591472625732,2.5329554080963135,2.6215877532958984,2.928506374359131,3.254734516143799,3.458495616912842,3.6732492446899414,3.9886343479156494,4.163971424102783,4.50886869430542,4.004937648773193,3.6528868675231934,3.763779401779175,3.5172624588012695,3.3310372829437256,3.5111467838287354,3.3365492820739746,3.5964977741241455,3.498640298843384,3.2615067958831787,3.5449485778808594,3.3314337730407715,3.6468889713287354,3.5302324295043945,3.6776604652404785
A13,2.6577703952789307,2.28125262260437,2.4166455268859863,2.2794742584228516,2.076786518096924,1.857338786125183,1.5363231897354126,1.4515633583068848,1.126111626625061,0.9016724824905396,0.6569096446037292,0.3979897201061249,0.0,0.36669158935546875,0.6136208176612854,1.8637127876281738,2.0241482257843018,2.3342552185058594,2.423283815383911,2.7555360794067383,2.9955759048461914,3.1575160026550293,3.395331859588623,3.4907283782958984,3.743645668029785,4.026060104370117,4.166409969329834,4.470107078552246,4.7162957191467285,4.895725727081299,3.960646152496338,3.7655386924743652,3.4311041831970215,3.1231651306152344,2.8448050022125244,2.7592718601226807,2.903987169265747,2.9889914989471436,3.3004934787750244,3.618626832962036,3.7621023654937744,4.031325340270996,4.276794910430908,4.291077613830566,4.623063087463379,3.34934663772583,3.2042360305786133,2.8530173301696777,2.6384739875793457,2.508016586303711,2.6338958740234375,2.7374424934387207,2.8065218925476074,3.093162775039673,3.418468713760376,3.6492960453033447,3.8767294883728027,4.199733257293701,4.3971452713012695,4.728926181793213,4.127038478851318,3.7603542804718018,3.8341569900512695,3.558875322341919,3.3482460975646973,3.510481834411621,3.3326709270477295,3.5584969520568848,3.439026117324829,3.202477216720581,3.4900548458099365,3.2785630226135254,3.5971834659576416,3.5034074783325195,3.629443407058716
A14,2.877840757369995,2.5175461769104004,2.692537784576416,2.582639455795288,2.3977718353271484,2.1607844829559326,1.8604145050048828,1.7314774990081787,1.4009476900100708,1.2096495628356934,0.9012929201126099,0.6824881434440613,0.36669158935546875,0.0,0.3942318260669708,1.9246892929077148,2.144840717315674,2.422098398208618,2.5508744716644287,2.866097927093506,3.1343014240264893,3.3161425590515137,3.5626494884490967,3.6888372898101807,3.9369921684265137,4.236675262451172,4.384827613830566,4.7013068199157715,4.951728343963623,5.13953971862793,4.175000190734863,3.9965133666992188,3.6473071575164795,3.3577287197113037,3.095200538635254,3.039454460144043,3.2091903686523438,3.3046066761016846,3.6249566078186035,3.946460723876953,4.102014064788818,4.3733744621276855,4.626738548278809,4.648761749267578,4.980736255645752,3.69445538520813,3.560046434402466,3.205787181854248,2.9989500045776367,2.8731319904327393,2.995882511138916,3.1001932621002197,3.1599504947662354,3.4404067993164062,3.769327163696289,3.998351812362671,4.233547687530518,4.5523881912231445,4.754522323608398,5.087273120880127,4.480920314788818,4.111153602600098,4.173614978790283,3.8887107372283936,3.6681549549102783,3.8185672760009766,3.6339027881622314,3.839841842651367,3.7010672092437744,3.4560701847076416,3.733344078063965,3.509413719177246,3.8165478706359863,3.719496488571167,3.814730167388916
A15,3.176553249359131,2.8173396587371826,2.9781317710876465,2.833707571029663,2.6577210426330566,2.4538414478302,2.1350860595703125,2.054368019104004,1.714144229888916,1.5147441625595093,1.2411752939224243,0.9929023385047913,0.6136208176612854,0.3942318260669708,0.0,1.6064373254776,1.8676527738571167,2.113828420639038,2.273684024810791,2.5696208477020264,2.8576724529266357,3.057025671005249,3.3077104091644287,3.463733673095703,3.7051820755004883,4.0209550857543945,4.179161548614502,4.508206844329834,4.76539421081543,4.966989040374756,4.021307468414307,3.8727760314941406,3.5122323036193848,3.250528335571289,2.9933817386627197,2.9760043621063232,3.1777336597442627,3.268354654312134,3.5996146202087402,3.9348621368408203,4.107451438903809,4.395140647888184,4.66385555267334,4.718201637268066,5.060482978820801,3.7993760108947754,3.675116539001465,3.306104898452759,3.129974603652954,2.9909508228302,3.082068920135498,3.213549852371216,3.24361515045166,3.498124599456787,3.8257274627685547,4.07225227355957,4.324089050292969,4.642793655395508,4.869800090789795,5.1890177726745605,4.5276408195495605,4.146549224853516,4.179876804351807,3.8749308586120605,3.6450634002685547,3.791398525238037,3.6226003170013428,3.80009388923645,3.6592910289764404,3.4338736534118652,3.723257541656494,3.520695447921753,3.8366029262542725,3.7742528915405273,3.865213632583618
B1,3.9878551959991455,3.6367149353027344,3.666747570037842,3.3770453929901123,3.2300143241882324,3.194831609725952,2.849374532699585,2.9827258586883545,2.6845924854278564,2.486271858215332,2.4077672958374023,2.165276288986206,1.8637127876281738,1.9246892929077148,1.6064373254776,0.0,0.3848508596420288,0.5204634070396423,0.7816703915596008,0.9894326329231262,1.2940157651901245,1.5500446557998657,1.7758234739303589,2.006220579147339,2.2101588249206543,2.5587987899780273,2.7367069721221924,3.089125633239746,3.3607921600341797,3.6014420986175537,2.8777577877044678,2.8444597721099854,2.499101400375366,2.356119394302368,2.109403371810913,2.2147669792175293,2.4831244945526123,2.510679006576538,2.8347866535186768,3.1935083866119385,3.4060866832733154,3.73921275138855,4.042599201202393,4.2220778465271,4.585841655731201,3.5642075538635254,3.4770970344543457,3.0996813774108887,3.06881046295166,2.8953497409820557,2.8468708992004395,3.0823192596435547,3.0101354122161865,3.12947416305542,3.3974411487579346,3.7103476524353027,3.9861068725585938,4.2954487800598145,4.598592281341553,4.834372043609619,3.9529852867126465,3.5588297843933105,3.4764952659606934,3.1250553131103516,2.8958048820495605,3.036508560180664,2.981844186782837,3.0564467906951904,2.976372241973877,2.8972606658935547,3.241163492202759,3.1938490867614746,3.5467147827148438,3.647738218307495,3.794188976287842
B2,3.9649102687835693,3.6175811290740967,3.6071958541870117,3.2912352085113525,3.146291971206665,3.1504757404327393,2.811267614364624,2.990959644317627,2.7209317684173584,2.5290186405181885,2.5054428577423096,2.2803544998168945,2.0241482257843018,2.144840717315674,1.8676527738571167,0.3848508596420288,0.0,0.3769417107105255,0.5156590342521667,0.7556531429290771,1.000510334968567,1.24236261844635,1.4525951147079468,1.6548817157745361,1.8651880025863647,2.2046756744384766,2.3790030479431152,2.7260947227478027,2.9995548725128174,3.239856243133545,2.5857093334198,2.5531485080718994,2.228386878967285,2.0871498584747314,1.8228620290756226,1.9223511219024658,2.1777546405792236,2.1784863471984863,2.491594076156616,2.8519816398620605,3.060765027999878,3.3999342918395996,3.7015745639801025,3.8960120677948,4.26116418838501,3.3048641681671143,3.218172073364258,2.8500871658325195,2.845114231109619,2.6669397354125977,2.5913150310516357,2.842867612838745,2.758707284927368,2.8520278930664062,3.100078582763672,3.4241721630096436,3.693781852722168,4.002079963684082,4.310815334320068,4.529646396636963,3.6175220012664795,3.225773811340332,3.1310503482818604,2.779740333557129,2.56086802482605,2.7126529216766357,2.6893467903137207,2.76328444480896,2.716122627258301,2.674484968185425,3.0331616401672363,3.0241198539733887,3.3866708278656006,3.5124008655548096,3.689544677734375
B3,4.339926719665527,3.9934239387512207,3.9839131832122803,3.6664204597473145,3.5200510025024414,3.5236692428588867,3.1817338466644287,3.357053756713867,3.0847530364990234,2.8822672367095947,2.8481228351593018,2.6046648025512695,2.3342552185058594,2.422098398208618,2.113828420639038,0.5204634070396423,0.3769417107105255,0.0,0.3721783459186554,0.47078582644462585,0.793048620223999,1.0613372325897217,1.2880182266235352,1.5490602254867554,1.7475874423980713,2.101248264312744,2.3032608032226562,2.656815767288208,2.9417645931243896,3.205244779586792,2.6629676818847656,2.6807379722595215,2.36928129196167,2.2820558547973633,2.045534372329712,2.1785576343536377,2.437561511993408,2.417839527130127,2.71176815032959,3.0680410861968994,3.2738254070281982,3.6198344230651855,3.9184775352478027,4.135076522827148,4.50131893157959,3.613863945007324,3.530129909515381,3.1704866886138916,3.1790874004364014,2.9915854930877686,2.8897509574890137,3.136470079421997,3.0237786769866943,3.0856170654296875,3.3233566284179688,3.6408209800720215,3.9219610691070557,4.213170051574707,4.5380940437316895,4.741715908050537,3.843187093734741,3.4571924209594727,3.343069076538086,2.9931061267852783,2.7870938777923584,2.9345974922180176,2.93990159034729,2.982719898223877,2.9455480575561523,2.9332308769226074,3.2862443923950195,3.3000118732452393,3.65496826171875,3.8030824661254883,3.9718878269195557
B4,4.370563507080078,4.0176849365234375,3.973013162612915,3.642153739929199,3.4747676849365234,3.494232416152954,3.1509156227111816,3.352229356765747,3.1107120513916016,2.88962721824646,2.90220046043396,2.6493818759918213,2.423283815383911,2.5508744716644287,2.273684024810791,0.7816703915596008,0.5156590342521667,0.3721783459186554,0.0,0.3864928185939789,0.6320945620536804,0.7950671315193176,1.081604242324829,1.285590410232544,1.5442150831222534,1.8704527616500854,2.1068642139434814,2.442716121673584,2.748995780944824,3.0268988609313965,2.648951530456543,2.6609160900115967,2.382781982421875,2.283999443054199,2.0166518688201904,2.110478162765503,2.325749635696411,2.2503409385681152,2.517232894897461,2.8820903301239014,3.0543811321258545,3.417299747467041,3.6952898502349854,3.9129514694213867,4.28687047958374,3.4856021404266357,3.3774778842926025,3.032857894897461,3.0379621982574463,2.82253360748291,2.6816816329956055,2.914107084274292,2.769594669342041,2.802908420562744,3.0347163677215576,3.3423027992248535,3.633986234664917,3.9098968505859375,4.246215343475342,4.442229747772217,3.612166404724121,3.2294881343841553,3.127918243408203,2.7926435470581055,2.6204404830932617,2.8055405616760254,2.8530330657958984,2.918682813644409,2.9279370307922363,2.947436571121216,3.3161792755126953,3.3566384315490723,3.722440004348755,3.8770594596862793,4.0777201652526855
B5,4.648614883422852,4.307740211486816,4.264182090759277,3.9265787601470947,3.7814266681671143,3.8171143531799316,3.4820945262908936,3.6899306774139404,3.441574811935425,3.2381932735443115,3.239990472793579,2.99930739402771,2.7555360794067383,2.866097927093506,2.5696208477020264,0.9894326329231262,0.7556531429290771,0.47078582644462585,0.3864928185939789,0.0,0.35700225830078125,0.6296265721321106,0.8527847528457642,1.144861102104187,1.3371920585632324,1.6884653568267822,1.9184272289276123,2.266840696334839,2.5651779174804688,2.8508923053741455,2.5187830924987793,2.582321882247925,2.3168551921844482,2.280681610107422,2.059800386428833,2.205890655517578,2.441772937774658,2.3758296966552734,2.6301066875457764,2.9753684997558594,3.1680800914764404,3.5206525325775146,3.809016704559326,4.05643892288208,4.420948505401611,3.6695425510406494,3.58856201171875,3.25205135345459,3.293771982192993,3.0976943969726562,2.951641321182251,3.202397346496582,3.0570595264434814,3.065420150756836,3.269381284713745,3.5856759548187256,3.866494655609131,4.137450218200684,4.478113651275635,4.649819850921631,3.7474682331085205,3.375570297241211,3.235139846801758,2.8951575756073,2.7185235023498535,2.871670961380005,2.934340476989746,2.9508657455444336,2.957674741744995,3.0060317516326904,3.361036777496338,3.428018093109131,3.7803683280944824,3.9651925563812256,4.154335975646973
B6,4.7302656173706055,4.399811744689941,4.328818321228027,3.9760639667510986,3.841848611831665,3.909245729446411,3.5874099731445312,3.8241355419158936,3.5958282947540283,3.405862808227539,3.4377522468566895,3.2156524658203125,2.9955759048461914,3.1343014240264893,2.8576724529266357,1.2940157651901245,1.000510334968567,0.793048620223999,0.6320945620536804,0.35700225830078125,0.0,0.3664774000644684,0.5003734230995178,0.8090528845787048,0.9802353382110596,1.3339159488677979,1.5634294748306274,1.9109152555465698,2.2109155654907227,2.5015852451324463,2.288311719894409,2.373467445373535,2.1466970443725586,2.1409003734588623,1.9344795942306519,2.086148500442505,2.302595853805542,2.212501049041748,2.4375064373016357,2.7668561935424805,2.9573395252227783,3.3059146404266357,3.590979814529419,3.8599469661712646,4.217861175537109,3.5565478801727295,3.486412286758423,3.1697704792022705,3.2438740730285645,3.0555875301361084,2.888636350631714,3.150994300842285,2.9985039234161377,2.973970890045166,3.1444571018218994,3.467320442199707,3.7339694499969482,3.9981772899627686,4.340943813323975,4.4871978759765625,3.543445587158203,3.1847453117370605,3.020554780960083,2.68764066696167,2.527456521987915,2.676227569580078,2.7757112979888916,2.7728500366210938,2.8113527297973633,2.9030075073242188,3.2559828758239746,3.362093687057495,3.7101690769195557,3.920152425765991,4.126896381378174
B7,4.866692543029785,4.531042575836182,4.432849407196045,4.073397159576416,3.919395923614502,3.9956107139587402,3.674149513244629,3.925727367401123,3.7231063842773438,3.5155556201934814,3.5794906616210938,3.346118211746216,3.1575160026550293,3.3161425590515137,3.057025671005249,1.5500446557998657,1.24236261844635,1.0613372325897217,0.7950671315193176,0.6296265721321106,0.3664774000644684,0.0,0.37821581959724426,0.5720208883285522,0.8476194143295288,1.1433252096176147,1.4378888607025146,1.7518389225006104,2.081943988800049,2.3958470821380615,2.416424512863159,2.5003695487976074,2.3157403469085693,2.3035354614257812,2.0783112049102783,2.1887593269348145,2.354170560836792,2.2056281566619873,2.388735294342041,2.7178449630737305,2.865396738052368,3.2283918857574463,3.485191583633423,3.756324052810669,4.119215965270996,3.5671753883361816,3.4728078842163086,3.17755389213562,3.2463037967681885,3.032160758972168,2.8261606693267822,3.065656900405884,2.877800226211548,2.8157968521118164,2.9728775024414062,3.2769057750701904,3.5542211532592773,3.793560266494751,4.149298667907715,4.282566070556641,3.431198835372925,3.0831685066223145,2.9320297241210938,2.6235413551330566,2.5083506107330322,2.693403959274292,2.8382911682128906,2.8553435802459717,2.9393208026885986,3.0595309734344482,3.4203455448150635,3.5478498935699463,3.901029348373413,4.113826751708984,4.3444929122924805
B8,4.950613498687744,4.632887840270996,4.5248894691467285,4.156480312347412,4.030764579772949,4.134832859039307,3.8304667472839355,4.099344253540039,3.900454521179199,3.720829725265503,3.790297269821167,3.5841856002807617,3.395331859588623,3.5626494884490967,3.3077104091644287,1.7758234739303589,1.4525951147079468,1.2880182266235352,1.081604242324829,0.8527847528457642,0.5003734230995178,0.37821581959724426,0.0,0.37797290086746216,0.5014606714248657,0.8416672348976135,1.1004265546798706,1.433651089668274,1.7475621700286865,2.0575475692749023,2.127103328704834,2.247394323348999,2.0963499546051025,2.135875701904297,1.9561408758163452,2.0998566150665283,2.2691071033477783,2.1325931549072266,2.295651912689209,2.5930862426757812,2.7639567852020264,3.105470895767212,3.373586893081665,3.67177414894104,4.018392562866211,3.5202131271362305,3.4586703777313232,3.1788926124572754,3.2908120155334473,3.1078619956970215,2.9067115783691406,3.1708693504333496,3.000704288482666,2.922640562057495,3.041822671890259,3.361185312271118,3.60963773727417,3.8526718616485596,4.199729919433594,4.3060150146484375,3.345226526260376,3.01397442817688,2.821352243423462,2.5127055644989014,2.393831729888916,2.541818380355835,2.703932285308838,2.6771044731140137,2.7698776721954346,2.92508864402771,3.2694082260131836,3.429633617401123,3.767457962036133,4.008011341094971,4.238523483276367
B9,4.92106819152832,4.606778621673584,4.467029571533203,4.091076850891113,3.9579854011535645,4.082528591156006,3.7897262573242188,4.080399036407471,3.91221284866333,3.732306718826294,3.8392655849456787,3.64186429977417,3.4907283782958984,3.6888372898101807,3.463733673095703,2.006220579147339,1.6548817157745361,1.5490602254867554,1.285590410232544,1.144861102104187,0.8090528845787048,0.5720208883285522,0.37797290086746216,0.0,0.39149630069732666,0.6039510369300842,0.9093608856201172,1.1998270750045776,1.538745403289795,1.8555331230163574,2.1185600757598877,2.216221332550049,2.1133511066436768,2.1338140964508057,1.936543583869934,2.0312514305114746,2.141925573348999,1.952277421951294,2.06807541847229,2.356572389602661,2.490633726119995,2.838961362838745,3.0835702419281006,3.3848791122436523,3.7318058013916016,3.339012622833252,3.2631659507751465,3.010316848754883,3.129155158996582,2.936851978302002,2.7070515155792236,2.959507703781128,2.772824764251709,2.6612343788146973,2.752983331680298,3.0642504692077637,3.3057215213775635,3.53426456451416,3.8838908672332764,3.973634719848633,3.0533339977264404,2.7354822158813477,2.549229145050049,2.265153408050537,2.1895010471343994,2.367952585220337,2.574211597442627,2.5695958137512207,2.7108750343322754,2.8949382305145264,3.24356746673584,3.4266510009765625,3.7668588161468506,4.008705139160156,4.26687479019165
B10,5.068059921264648,4.771817684173584,4.633371353149414,4.253793716430664,4.151159763336182,4.294525146484375,4.015929222106934,4.313268184661865,4.139423370361328,3.9853415489196777,4.083791732788086,3.9075496196746826,3.743645668029785,3.9369921684265137,3.7051820755004883,2.2101588249206543,1.8651880025863647,1.7475874423980713,1.5442150831222534,1.3371920585632324,0.9802353382110596,0.8476194143295288,0.5014606714248657,0.39149630069732666,0.0,0.37863272428512573,0.6003098487854004,0.935728907585144,1.2462736368179321,1.5605663061141968,1.8743820190429688,2.024693250656128,1.9575672149658203,2.0453968048095703,1.9121342897415161,2.053392171859741,2.18017578125,2.0238468647003174,2.1246118545532227,2.370239734649658,2.5375990867614746,2.852890968322754,3.1126105785369873,3.4406890869140625,3.76543927192688,3.4104089736938477,3.374436616897583,3.1339921951293945,3.292992115020752,3.137016773223877,2.9241225719451904,3.199363946914673,3.0369417667388916,2.9213762283325195,2.9818332195281982,3.3047001361846924,3.515936851501465,3.7483131885528564,4.084985733032227,4.149698257446289,3.112879514694214,2.8161284923553467,2.58385968208313,2.3001272678375244,2.211825132369995,2.3343183994293213,2.546156406402588,2.4837749004364014,2.6211812496185303,2.835211753845215,3.1587960720062256,3.3700525760650635,3.688790798187256,3.958517551422119,4.206298828125
B11,5.244362831115723,4.955629348754883,4.79069709777832,4.406103610992432,4.302591323852539,4.4652509689331055,4.199513912200928,4.513274192810059,4.363744258880615,4.2111077308654785,4.335646152496338,4.165356636047363,4.026060104370117,4.236675262451172,4.0209550857543945,2.5587987899780273,2.2046756744384766,2.101248264312744,1.8704527616500854,1.6884653568267822,1.3339159488677979,1.1433252096176147,0.8416672348976135,0.6039510369300842,0.37863272428512573,0.0,0.38382360339164734,0.6193308234214783,0.9659135341644287,1.3051600456237793,1.9618396759033203,2.1157002449035645,2.114441156387329,2.2113890647888184,2.089831829071045,2.198606252670288,2.270833730697632,2.074533462524414,2.110870361328125,2.3197271823883057,2.4483978748321533,2.752427101135254,2.981672525405884,3.3229081630706787,3.635303497314453,3.4321656227111816,3.3932013511657715,3.1889469623565674,3.3626983165740967,3.20625638961792,2.9692044258117676,3.229863166809082,3.0530788898468018,2.8980062007904053,2.9173526763916016,3.2232189178466797,3.4181861877441406,3.624575138092041,3.960655450820923,3.99312424659729,2.9931623935699463,2.7289392948150635,2.4897663593292236,2.246384382247925,2.209994077682495,2.340871810913086,2.6002373695373535,2.5373287200927734,2.7200896739959717,2.970151424407959,3.2829134464263916,3.5234737396240234,3.8326833248138428,4.111944198608398,4.377963542938232
B12,5.2157697677612305,4.948655128479004,4.778234004974365,4.3918304443359375,4.319390773773193,4.505248069763184,4.260451316833496,4.584524631500244,4.439444541931152,4.317142963409424,4.444150924682617,4.303421497344971,4.166409969329834,4.384827613830566,4.179161548614502,2.7367069721221924,2.3790030479431152,2.3032608032226562,2.1068642139434814,1.9184272289276123,1.5634294748306274,1.4378888607025146,1.1004265546798706,0.9093608856201172,0.6003098487854004,0.38382360339164734,0.0,0.370924711227417,0.6490145325660706,0.962456464767456,1.6676076650619507,1.8455157279968262,1.8971011638641357,2.0374252796173096,1.9714410305023193,2.099566698074341,2.167750597000122,2.0023651123046875,2.0180158615112305,2.1771929264068604,2.3372037410736084,2.601444721221924,2.8456435203552246,3.2059319019317627,3.4936306476593018,3.32192063331604,3.3217344284057617,3.135434865951538,3.34745454788208,3.2311410903930664,3.015918016433716,3.2982261180877686,3.1548590660095215,3.0045006275177,2.9936773777008057,3.313924551010132,3.4710307121276855,3.6891098022460938,4.003204822540283,4.016236305236816,2.886317729949951,2.644757032394409,2.3653409481048584,2.127192258834839,2.0811822414398193,2.1579713821411133,2.4229519367218018,2.3153140544891357,2.504166603088379,2.7831649780273438,3.069143533706665,3.336851119995117,3.623943328857422,3.9230122566223145,4.187036514282227
B13,5.41828727722168,5.1607890129089355,4.96816873550415,4.579925060272217,4.509689807891846,4.7123589515686035,4.48130464553833,4.817720413208008,4.6935553550720215,4.574618339538574,4.721967697143555,4.587680339813232,4.470107078552246,4.7013068199157715,4.508206844329834,3.089125633239746,2.7260947227478027,2.656815767288208,2.442716121673584,2.266840696334839,1.9109152555465698,1.7518389225006104,1.433651089668274,1.1998270750045776,0.935728907585144,0.6193308234214783,0.370924711227417,0.0,0.3623853623867035,0.7091704607009888,1.829742193222046,2.0052292346954346,2.117581844329834,2.263568639755249,2.2126357555389404,2.3114655017852783,2.331108808517456,2.139369010925293,2.0929341316223145,2.2029740810394287,2.322923183441162,2.561739206314087,2.7708675861358643,3.142049551010132,3.408752679824829,3.3954267501831055,3.3968565464019775,3.2487127780914307,3.4742345809936523,3.362736701965332,3.131744861602783,3.3985018730163574,3.2477054595947266,3.0652129650115967,3.0134012699127197,3.313469886779785,3.447753667831421,3.638843059539795,3.9456377029418945,3.923480272293091,2.8275885581970215,2.628443956375122,2.3429758548736572,2.1549837589263916,2.1605112552642822,2.2356109619140625,2.5381107330322266,2.4278948307037354,2.6540305614471436,2.9615564346313477,3.229571580886841,3.521728277206421,3.794105052947998,4.100269794464111,4.377400875091553
