,A1,A2,A3,A4,A5,A6,A7,A8,A9,A10,A11,A12,A13,A14,A15,B1,B2,B3,B4,B5,B6,B7,B8,B9,B10,B11,B12,B13,B14,B15,C1,C2,C3,C4,C5,C6,C7,C8,C9,C10,C11,C12,C13,C14,C15,D1,D2,D3,D4,D5,D6,D7,D8,D9,D10,D11,D12,D13,D14,D15,E1,E2,E3,E4,E5,E6,E7,E8,E9,E10,E11,E12,E13,E14,E15
A1,0.0,0.3823341429233551,0.6068106293678284,0.865851104259491,1.105269432067871,1.3520302772521973,1.636863112449646,1.905096173286438,2.2320921421051025,2.4839999675750732,2.8390250205993652,3.116176128387451,3.472608804702759,3.7392077445983887,4.006536960601807,3.038480281829834,3.0852134227752686,2.7471113204956055,2.924489736557007,2.7304508686065674,2.854635000228882,3.228260040283203,3.4623336791992188,3.6734158992767334,3.6837146282196045,4.065208911895752,4.111319541931152,4.460088729858398,4.662961959838867,4.719593048095703,3.1510393619537354,3.0361504554748535,2.670919895172119,2.7954790592193604,2.549391984939575,2.732189655303955,3.0877528190612793,3.382338762283325,3.623258352279663,3.6702866554260254,4.051801681518555,4.113443851470947,4.4549336433410645,4.605438232421875,4.665038585662842,3.2748208045959473,3.101940870285034,2.745300531387329,2.8193068504333496,2.5497875213623047,2.7403862476348877,3.0993974208831787,3.4086735248565674,3.6690609455108643,3.7305920124053955,4.114078044891357,4.207067012786865,4.554154396057129,4.637914180755615,4.789234638214111,3.546931743621826,3.3106584548950195,2.9970948696136475,2.984743118286133,2.6711301803588867,2.909327268600464,3.295257329940796,3.4666929244995117,3.823197841644287,3.935659646987915,4.298761367797852,4.481633186340332,4.798736572265625,5.05178689956665,5.229996204376221
A2,0.3823341429233551,0.0,0.39216935634613037,0.6410937309265137,0.793443500995636,0.995410680770874,1.2859402894973755,1.5336010456085205,1.8651479482650757,2.118845224380493,2.468470811843872,2.7539594173431396,3.1086909770965576,3.3840653896331787,3.659259557723999,2.7791287899017334,2.8630030155181885,2.546691656112671,2.755770206451416,2.604097604751587,2.746901273727417,3.1069819927215576,3.3532631397247314,3.5313258171081543,3.5055811405181885,3.8799567222595215,3.8942031860351562,4.237148284912109,4.419326305389404,4.460413932800293,2.878796339035034,2.799396514892578,2.4413280487060547,2.6069517135620117,2.39973521232605,2.6133384704589844,2.9541680812835693,3.269331216812134,3.4782297611236572,3.48907732963562,3.862534999847412,3.8930227756500244,4.227924823760986,4.355668067932129,4.398593425750732,2.9911766052246094,2.849309206008911,2.5002005100250244,2.6165897846221924,2.3840115070343018,2.6127171516418457,2.9592931270599365,3.2929368019104004,3.524320602416992,3.550753593444824,3.927625894546509,3.9901115894317627,4.328956604003906,4.389972686767578,4.52632999420166,3.275475025177002,3.063994884490967,2.756593704223633,2.784489154815674,2.4994447231292725,2.772956371307373,3.150822639465332,3.3311142921447754,3.673212766647339,3.7544233798980713,4.1229634284973145,4.279150009155273,4.598166465759277,4.833130836486816,4.998367786407471
A3,0.6068106293678284,0.39216935634613037,0.0,0.3913000226020813,0.6471086740493774,0.8435620665550232,1.078532099723816,1.3931281566619873,1.7147228717803955,1.9409565925598145,2.3105366230010986,2.5615246295928955,2.9237446784973145,3.1702489852905273,3.431299924850464,2.440434694290161,2.503689765930176,2.177755832672119,2.385859251022339,2.231297731399536,2.3932721614837646,2.75067400932312,3.0140349864959717,3.196363687515259,3.1706275939941406,3.547121524810791,3.5702669620513916,3.907986640930176,4.106744766235352,4.1452813148498535,2.594648838043213,2.4971354007720947,2.1442513465881348,2.30599045753479,2.0997817516326904,2.3392691612243652,2.6666409969329834,2.996190309524536,3.2034950256347656,3.210967779159546,3.582327365875244,3.620671272277832,3.947033405303955,4.0917534828186035,4.126338958740234,2.78122615814209,2.622764825820923,2.2899057865142822,2.397433042526245,2.171687126159668,2.4245216846466064,2.7516376972198486,3.0930516719818115,3.314103126525879,3.3337113857269287,3.7035679817199707,3.771505117416382,4.100964546203613,4.179683685302734,4.301664352416992,3.141415596008301,2.9164528846740723,2.6405985355377197,2.6577651500701904,2.389610767364502,2.675621747970581,3.0560150146484375,3.1976752281188965,3.537989616394043,3.6032166481018066,3.961106538772583,4.117959499359131,4.418923854827881,4.66035795211792,4.806485652923584
A4,0.865851104259491,0.6410937309265137,0.3913000226020813,0.0,0.3669016659259796,0.6750273108482361,0.95828777551651,1.2563434839248657,1.5240241289138794,1.790237307548523,2.142703056335449,2.3980541229248047,2.735757350921631,2.988215208053589,3.2215893268585205,2.22822642326355,2.2872674465179443,1.9682282209396362,2.1545379161834717,2.0087692737579346,2.1337201595306396,2.4883944988250732,2.7276053428649902,2.895071506500244,2.869307518005371,3.2441179752349854,3.266839027404785,3.615959644317627,3.805781126022339,3.8644261360168457,2.2860143184661865,2.1774067878723145,1.8141474723815918,1.967162013053894,1.761808156967163,1.9904931783676147,2.3217101097106934,2.6473147869110107,2.8474621772766113,2.854825019836426,3.228559732437134,3.2683534622192383,3.6035828590393066,3.747361660003662,3.800053119659424,2.431917905807495,2.2584736347198486,1.9159421920776367,2.014833927154541,1.7870019674301147,2.0427188873291016,2.369898796081543,2.7151846885681152,2.931955575942993,2.9505724906921387,3.322969675064087,3.393425941467285,3.7283811569213867,3.809631109237671,3.9441773891448975,2.774266481399536,2.536982774734497,2.261732339859009,2.269073963165283,2.0031332969665527,2.2942769527435303,2.6726627349853516,2.810753107070923,3.1485629081726074,3.2119598388671875,3.570068836212158,3.7285664081573486,4.030825138092041,4.274713039398193,4.426781177520752
A5,1.105269432067871,0.793443500995636,0.6471086740493774,0.3669016659259796,0.0,0.376853883266449,0.7288348078727722,0.9554281830787659,1.2075281143188477,1.5082443952560425,1.8398667573928833,2.1223199367523193,2.446948766708374,2.7244579792022705,2.9643354415893555,2.1286773681640625,2.240201950073242,1.9613734483718872,2.1753339767456055,2.086798906326294,2.211369276046753,2.5408029556274414,2.774386405944824,2.896928071975708,2.8311691284179688,3.1917974948883057,3.174403429031372,3.5197198390960693,3.6758296489715576,3.723499298095703,2.1155176162719727,2.0589473247528076,1.706203818321228,1.9087908267974854,1.7598081827163696,2.001455307006836,2.31242036819458,2.645724058151245,2.8051538467407227,2.7726926803588867,3.134640693664551,3.1354591846466064,3.467527151107788,3.577207565307617,3.6197876930236816,2.1984214782714844,2.0686757564544678,1.7281501293182373,1.8838880062103271,1.7062389850616455,1.9900438785552979,2.303377866744995,2.666724443435669,2.851292848587036,2.8327620029449463,3.1981093883514404,3.23181414604187,3.56172251701355,3.6099634170532227,3.7375380992889404,2.515272855758667,2.311232328414917,2.030719041824341,2.0906169414520264,1.8576780557632446,2.1806042194366455,2.5411596298217773,2.7043991088867188,3.022122383117676,3.05704927444458,3.4235239028930664,3.5519468784332275,3.863522529602051,4.084732532501221,4.232633113861084
A6,1.3520302772521973,0.995410680770874,0.8435620665550232,0.6750273108482361,0.376853883266449,0.0,0.38360708951950073,0.5913031101226807,0.8851355910301208,1.1616318225860596,1.5043494701385498,1.7895898818969727,2.1296181678771973,2.41034197807312,2.674849510192871,1.9586786031723022,2.1248137950897217,1.8846989870071411,2.1492068767547607,2.1200032234191895,2.2878291606903076,2.5870473384857178,2.846569538116455,2.932408332824707,2.8194780349731445,3.164788246154785,3.1061222553253174,3.4310755729675293,3.5665385723114014,3.5797743797302246,1.9950487613677979,1.9997918605804443,1.6802854537963867,1.9434430599212646,1.8603968620300293,2.143962860107422,2.415064811706543,2.7691822052001953,2.8864989280700684,2.8055124282836914,3.146853446960449,3.1061007976531982,3.4168882369995117,3.499138832092285,3.5048348903656006,2.1077966690063477,2.0357017517089844,1.7327903509140015,1.9508167505264282,1.8418724536895752,2.165785074234009,2.4420151710510254,2.8225889205932617,2.964813470840454,2.8995065689086914,3.2444701194763184,3.2365901470184326,3.544562339782715,3.5647716522216797,3.6587986946105957,2.47534441947937,2.317319869995117,2.0672805309295654,2.186222791671753,2.0102791786193848,2.361787796020508,2.698342800140381,2.8580639362335205,3.149437427520752,3.140303611755371,3.5029149055480957,3.593940019607544,3.8976683616638184,4.0931596755981445,4.213972091674805
A7,1.636863112449646,1.2859402894973755,1.078532099723816,0.95828777551651,0.7288348078727722,0.38360708951950073,0.0,0.3815906345844269,0.6864056587219238,0.8633094429969788,1.2391902208328247,1.4843573570251465,1.849486231803894,2.103532552719116,2.38260555267334,1.6876565217971802,1.8900067806243896,1.6835570335388184,1.9911913871765137,2.01379132270813,2.2288455963134766,2.495522975921631,2.785374641418457,2.8450565338134766,2.6950652599334717,3.026298999786377,2.940633535385132,3.2415521144866943,3.372751474380493,3.352727174758911,1.828966736793518,1.8739523887634277,1.596840739250183,1.9006367921829224,1.872902750968933,2.197979688644409,2.4243593215942383,2.79766845703125,2.882143497467041,2.763444662094116,3.083218812942505,3.0162785053253174,3.3002631664276123,3.3730390071868896,3.340501070022583,2.034149169921875,1.9979383945465088,1.7483824491500854,1.998110055923462,1.9452323913574219,2.3016533851623535,2.534327983856201,2.924253225326538,3.0293819904327393,2.9278013706207275,3.248394727706909,3.2139205932617188,3.4949655532836914,3.5065677165985107,3.561999797821045,2.494619369506836,2.3648362159729004,2.166827917098999,2.313624143600464,2.1892282962799072,2.5551605224609375,2.8722760677337646,3.0023698806762695,3.2716586589813232,3.223212957382202,3.571263313293457,3.635848045349121,3.9184207916259766,4.098170757293701,4.184450149536133
A8,1.905096173286438,1.5336010456085205,1.3931281566619873,1.2563434839248657,0.9554281830787659,0.5913031101226807,0.3815906345844269,0.0,0.37246307730674744,0.6003532409667969,0.9349110722541809,1.2354031801223755,1.5812855958938599,1.8766851425170898,2.1710617542266846,1.7554786205291748,2.0122129917144775,1.865981936454773,2.1799752712249756,2.251142740249634,2.4507052898406982,2.686913251876831,2.9593300819396973,2.9753832817077637,2.79010009765625,3.0958809852600098,2.9668333530426025,3.2550599575042725,3.3424885272979736,3.3072896003723145,1.801788330078125,1.916570782661438,1.6764228343963623,2.0114212036132812,2.037569761276245,2.352360486984253,2.5533525943756104,2.9189085960388184,2.96278977394104,2.80724835395813,3.1044297218322754,2.994112491607666,3.2666714191436768,3.2955167293548584,3.248567581176758,1.91708242893219,1.948997974395752,1.725782036781311,2.025972366333008,2.028602123260498,2.388284683227539,2.5992040634155273,2.9917471408843994,3.0633468627929688,2.9262773990631104,3.229985237121582,3.1536073684692383,3.4216957092285156,3.3918380737304688,3.4356114864349365,2.332411289215088,2.256730318069458,2.0670433044433594,2.271117687225342,2.1912057399749756,2.5684096813201904,2.8545854091644287,3.0073602199554443,3.248215913772583,3.1707301139831543,3.519681692123413,3.548449993133545,3.836667776107788,3.9864606857299805,4.066205024719238
A9,2.2320921421051025,1.8651479482650757,1.7147228717803955,1.5240241289138794,1.2075281143188477,0.8851355910301208,0.6864056587219238,0.37246307730674744,0.0,0.3850054144859314,0.6374471783638,0.9561935663223267,1.262797236442566,1.5767523050308228,1.85104501247406,1.609948992729187,1.8994446992874146,1.813647747039795,2.1179606914520264,2.2396047115325928,2.4185047149658203,2.614305019378662,2.866346597671509,2.8370511531829834,2.6199896335601807,2.8988418579101562,2.735788106918335,3.0130202770233154,3.0677452087402344,3.027968645095825,1.5505973100662231,1.7211182117462158,1.5293710231781006,1.8854659795761108,1.9740574359893799,2.282021999359131,2.4405617713928223,2.7975122928619385,2.7969393730163574,2.6051137447357178,2.876190185546875,2.731494426727295,2.990077257156372,2.9901108741760254,2.9333457946777344,1.6164188385009766,1.7013325691223145,1.5259603261947632,1.8621214628219604,1.9315829277038574,2.297602653503418,2.464879035949707,2.855532169342041,2.8852763175964355,2.711597442626953,2.9911718368530273,2.881324529647827,3.1316847801208496,3.0781302452087402,3.107433319091797,2.0412795543670654,2.0042388439178467,1.8555657863616943,2.097752094268799,2.0789291858673096,2.4608376026153564,2.7100841999053955,2.8528940677642822,3.0606963634490967,2.947153329849243,3.2849502563476562,3.2830440998077393,3.562493085861206,3.691110134124756,3.755399227142334
A10,2.4839999675750732,2.118845224380493,1.9409565925598145,1.790237307548523,1.5082443952560425,1.1616318225860596,0.8633094429969788,0.6003532409667969,0.3850054144859314,0.0,0.3911728858947754,0.6371198892593384,1.0011699199676514,1.2810888290405273,1.591588020324707,1.4754012823104858,1.805220365524292,1.772294282913208,2.106595754623413,2.274303436279297,2.4928297996520996,2.6526787281036377,2.9293651580810547,2.876861572265625,2.626579761505127,2.881898880004883,2.6896610260009766,2.9304652214050293,2.975983142852783,2.891871213912964,1.5493351221084595,1.7649683952331543,1.6353929042816162,2.007528781890869,2.1368279457092285,2.469295024871826,2.587139129638672,2.9526546001434326,2.9247822761535645,2.702279806137085,2.9437148571014404,2.7735037803649902,2.994533061981201,2.981139898300171,2.876668691635132,1.7210917472839355,1.844164490699768,1.7344731092453003,2.0752437114715576,2.18046498298645,2.558760166168213,2.690298318862915,3.079237699508667,3.079204797744751,2.8782193660736084,3.1274609565734863,2.9932031631469727,3.208559989929199,3.145109176635742,3.1282989978790283,2.2241733074188232,2.218018054962158,2.123326539993286,2.3741400241851807,2.388892412185669,2.7696917057037354,3.0030529499053955,3.1179888248443604,3.305696725845337,3.16147780418396,3.4788055419921875,3.4521243572235107,3.7054245471954346,3.815429449081421,3.84196138381958
A11,2.8390250205993652,2.468470811843872,2.3105366230010986,2.142703056335449,1.8398667573928833,1.5043494701385498,1.2391902208328247,0.9349110722541809,0.6374471783638,0.3911728858947754,0.0,0.37898996472358704,0.6634432077407837,0.9986369609832764,1.3147910833358765,1.5989656448364258,1.955251693725586,1.988344669342041,2.3058667182922363,2.5137648582458496,2.7120563983917236,2.832327365875244,3.0853891372680664,2.987307071685791,2.7052812576293945,2.9201362133026123,2.683767080307007,2.8966403007507324,2.8904869556427,2.786149501800537,1.568682074546814,1.8493690490722656,1.7821944952011108,2.1563262939453125,2.3350305557250977,2.6487767696380615,2.7284436225891113,3.075847625732422,3.0026330947875977,2.743833541870117,2.9461092948913574,2.73036527633667,2.9229226112365723,2.8598830699920654,2.7317044734954834,1.6542739868164062,1.8543345928192139,1.805043339729309,2.1686036586761475,2.3301033973693848,2.6985251903533936,2.7918734550476074,3.1698169708251953,3.127746105194092,2.8897452354431152,3.104517698287964,2.924705982208252,3.1098685264587402,3.003328323364258,2.96052885055542,2.1159439086914062,2.1761205196380615,2.1231801509857178,2.4154868125915527,2.48612642288208,2.8607029914855957,3.05121111869812,3.1682281494140625,3.3161303997039795,3.1354823112487793,3.437068223953247,3.367691993713379,3.610807180404663,3.6839635372161865,3.6902711391448975
A12,3.116176128387451,2.7539594173431396,2.5615246295928955,2.3980541229248047,2.1223199367523193,1.7895898818969727,1.4843573570251465,1.2354031801223755,0.9561935663223267,0.6371198892593384,0.37898996472358704,0.0,0.402324378490448,0.6528865694999695,0.9931174516677856,1.4507105350494385,1.825189232826233,1.9224265813827515,2.24033522605896,2.4916868209838867,2.706923484802246,2.782175302505493,3.0431244373321533,2.9167277812957764,2.6065726280212402,2.788642168045044,2.5259456634521484,2.6986260414123535,2.680469036102295,2.5376322269439697,1.5071332454681396,1.818800687789917,1.8205000162124634,2.1903247833251953,2.408378839492798,2.7316269874572754,2.7650492191314697,3.1101691722869873,3.007232666015625,2.722294330596924,2.88885498046875,2.6527280807495117,2.803659200668335,2.731231212615967,2.5596115589141846,1.6931068897247314,1.9128708839416504,1.9295563697814941,2.2814624309539795,2.476027250289917,2.8481290340423584,2.9002113342285156,3.268871307373047,3.195605516433716,2.9347915649414062,3.1144614219665527,2.9168405532836914,3.0636250972747803,2.956171751022339,2.8684613704681396,2.229734420776367,2.3047165870666504,2.3095452785491943,2.593613862991333,2.696032762527466,3.063170909881592,3.235647201538086,3.315566301345825,3.4417002201080322,3.2333288192749023,3.5076754093170166,3.4187521934509277,3.6287903785705566,3.687699317932129,3.654930830001831
A13,3.472608804702759,3.1086909770965576,2.9237446784973145,2.735757350921631,2.446948766708374,2.1296181678771973,1.849486231803894,1.5812855958938599,1.262797236442566,1.0011699199676514,0.6634432077407837,0.402324378490448,0.0,0.3887028396129608,0.6891309022903442,1.6195094585418701,1.9898587465286255,2.142589807510376,2.4268784523010254,2.7076354026794434,2.8930745124816895,2.927215814590454,3.1555283069610596,2.9845216274261475,2.6504130363464355,2.784125804901123,2.4818649291992188,2.620157480239868,2.544511556625366,2.385369300842285,1.5492794513702393,1.9039239883422852,1.9672719240188599,2.320855140686035,2.5798726081848145,2.8767077922821045,2.869352102279663,3.1880922317504883,3.040266752243042,2.7246525287628174,2.8441712856292725,2.5661072731018066,2.680138111114502,2.556424856185913,2.360626697540283,1.6465659141540527,1.928195834159851,2.0094809532165527,2.363466262817383,2.6067278385162354,2.960716724395752,2.9700093269348145,3.318925380706787,3.2026779651641846,2.909222364425659,3.046107292175293,2.8060929775238037,2.9139740467071533,2.766409158706665,2.6474368572235107,2.1339011192321777,2.2682690620422363,2.325061798095703,2.631892204284668,2.7872860431671143,3.1385250091552734,3.2653748989105225,3.336505889892578,3.4194180965423584,3.175856113433838,3.424541711807251,3.293762683868408,3.483948230743408,3.5050690174102783,3.4463891983032227
A14,3.7392077445983887,3.3840653896331787,3.1702489852905273,2.988215208053589,2.7244579792022705,2.41034197807312,2.103532552719116,1.8766851425170898,1.5767523050308228,1.2810888290405273,0.9986369609832764,0.6528865694999695,0.3887028396129608,0.0,0.3874540627002716,1.5672990083694458,1.9292073249816895,2.138823986053467,2.4106788635253906,2.7237837314605713,2.9212303161621094,2.9110970497131348,3.1431283950805664,2.9484896659851074,2.5943312644958496,2.6893370151519775,2.3665902614593506,2.4535977840423584,2.3659448623657227,2.1615071296691895,1.5910038948059082,1.9501373767852783,2.0725975036621094,2.4077842235565186,2.692293405532837,2.9926905632019043,2.943953275680542,3.2553346157073975,3.083998441696167,2.751538038253784,2.8326587677001953,2.5428431034088135,2.6078238487243652,2.4798836708068848,2.2372517585754395,1.7904462814331055,2.0670599937438965,2.198387622833252,2.528406858444214,2.7896101474761963,3.1417396068573,3.1163229942321777,3.451634407043457,3.3108835220336914,3.0040395259857178,3.10520601272583,2.8564698696136475,2.9227373600006104,2.7825865745544434,2.617133855819702,2.334850549697876,2.468595266342163,2.5700571537017822,2.8573412895202637,3.0308353900909424,3.371875047683716,3.486426591873169,3.5209801197052,3.586735248565674,3.3240439891815186,3.5429580211639404,3.3995349407196045,3.552570343017578,3.562709093093872,3.4640252590179443
A15,4.006536960601807,3.659259557723999,3.431299924850464,3.2215893268585205,2.9643354415893555,2.674849510192871,2.38260555267334,2.1710617542266846,1.85104501247406,1.591588020324707,1.3147910833358765,0.9931174516677856,0.6891309022903442,0.3874540627002716,0.0,1.6060694456100464,1.935848593711853,2.194368839263916,2.419377088546753,2.755737781524658,2.921680450439453,2.8646233081817627,3.063091278076172,2.8293702602386475,2.459869146347046,2.503511905670166,2.153352975845337,2.2005386352539062,2.069298505783081,1.8506855964660645,1.5387669801712036,1.9073983430862427,2.0932624340057373,2.3948376178741455,2.7126471996307373,2.9862449169158936,2.890226364135742,3.172208786010742,2.962345838546753,2.609253406524658,2.6406352519989014,2.325774669647217,2.3460381031036377,2.189633369445801,1.919631004333496,1.7204456329345703,2.0141260623931885,2.208648681640625,2.51411771774292,2.810671329498291,3.1415390968322754,3.068618059158325,3.377413511276245,3.1989285945892334,2.8713228702545166,2.9266464710235596,2.6555397510528564,2.678534746170044,2.5278401374816895,2.326834201812744,2.2590205669403076,2.4127907752990723,2.570686101913452,2.8471853733062744,3.0601706504821777,3.3781304359436035,3.4563424587249756,3.459721565246582,3.4899299144744873,3.2010958194732666,3.3848371505737305,3.2170424461364746,3.3360536098480225,3.3254430294036865,3.1947038173675537
B1,3.038480281829834,2.7791287899017334,2.440434694290161,2.22822642326355,2.1286773681640625,1.9586786031723022,1.6876565217971802,1.7554786205291748,1.609948992729187,1.4754012823104858,1.5989656448364258,1.4507105350494385,1.6195094585418701,1.5672990083694458,1.6060694456100464,0.0,0.3777545392513275,0.5989603400230408,0.8633735775947571,1.189160943031311,1.4341168403625488,1.4319438934326172,1.743592619895935,1.6536273956298828,1.3766292333602905,1.6126517057418823,1.4770127534866333,1.692840576171875,1.8732848167419434,1.81049644947052,0.8447452187538147,0.9009588360786438,1.0023586750030518,1.2417426109313965,1.4699512720108032,1.8113454580307007,1.7569301128387451,2.1083343029022217,2.0431861877441406,1.8174073696136475,2.0041487216949463,1.9095052480697632,2.0654828548431396,2.1907896995544434,2.0725293159484863,1.5543711185455322,1.5182682275772095,1.588325023651123,1.7498655319213867,1.9005383253097534,2.2486062049865723,2.2317633628845215,2.559387445449829,2.507290840148926,2.314316749572754,2.488501787185669,2.426262617111206,2.5771822929382324,2.65468430519104,2.588358163833618,2.3293955326080322,2.216942071914673,2.2926759719848633,2.3867218494415283,2.4538469314575195,2.760096549987793,2.959622383117676,2.887969970703125,3.0472071170806885,2.881181478500366,3.1014864444732666,3.1147823333740234,3.253992795944214,3.416647434234619,3.369774103164673
B2,3.0852134227752686,2.8630030155181885,2.503689765930176,2.2872674465179443,2.240201950073242,2.1248137950897217,1.8900067806243896,2.0122129917144775,1.8994446992874146,1.805220365524292,1.955251693725586,1.825189232826233,1.9898587465286255,1.9292073249816895,1.935848593711853,0.3777545392513275,0.0,0.3797500431537628,0.5306462645530701,0.8856412172317505,1.1316393613815308,1.0938359498977661,1.4260632991790771,1.3666082620620728,1.1311076879501343,1.3928273916244507,1.3391423225402832,1.5685557126998901,1.8186126947402954,1.8002502918243408,0.9740385413169861,0.8853252530097961,0.9963469505310059,1.1275527477264404,1.3265986442565918,1.64762282371521,1.565879464149475,1.9033890962600708,1.8635084629058838,1.681459903717041,1.8732539415359497,1.844602346420288,2.0012619495391846,2.188967704772949,2.10433030128479,1.7000508308410645,1.5887929201126099,1.6583775281906128,1.7401878833770752,1.857656717300415,2.1740784645080566,2.1395227909088135,2.439086675643921,2.401858329772949,2.245647430419922,2.415964365005493,2.405038595199585,2.5570340156555176,2.6877660751342773,2.638183832168579,2.4651496410369873,2.3081564903259277,2.3918936252593994,2.427811861038208,2.4771409034729004,2.7517178058624268,2.954052448272705,2.8431406021118164,3.0104663372039795,2.867234230041504,3.067619800567627,3.11442232131958,3.233445167541504,3.4244842529296875,3.381030559539795
B3,2.7471113204956055,2.546691656112671,2.177755832672119,1.9682282209396362,1.9613734483718872,1.8846989870071411,1.6835570335388184,1.865981936454773,1.813647747039795,1.772294282913208,1.988344669342041,1.9224265813827515,2.142589807510376,2.138823986053467,2.194368839263916,0.5989603400230408,0.3797500431537628,0.0,0.3783131241798401,0.6169825792312622,0.9245588779449463,1.0118123292922974,1.3785631656646729,1.4154138565063477,1.2649418115615845,1.5888162851333618,1.599513292312622,1.8694607019424438,2.135779619216919,2.150559425354004,1.1116268634796143,0.9444302320480347,0.9104191064834595,1.0258212089538574,1.1246107816696167,1.4715477228164673,1.4690366983413696,1.830862283706665,1.8657292127609253,1.7460269927978516,1.9992927312850952,2.0193185806274414,2.2255523204803467,2.434250593185425,2.391554355621338,1.7822446823120117,1.615780234336853,1.5993309020996094,1.657263994216919,1.698516607284546,2.017791748046875,2.04176926612854,2.3552675247192383,2.3773975372314453,2.2699968814849854,2.4909088611602783,2.5220165252685547,2.719241142272949,2.866276741027832,2.8603265285491943,2.5133793354034424,2.3140718936920166,2.3412246704101562,2.3481993675231934,2.3388326168060303,2.615265369415283,2.8578555583953857,2.7647697925567627,2.9744999408721924,2.8757870197296143,3.1037075519561768,3.1895368099212646,3.33782958984375,3.5565268993377686,3.551377534866333
B4,2.924489736557007,2.755770206451416,2.385859251022339,2.1545379161834717,2.1753339767456055,2.1492068767547607,1.9911913871765137,2.1799752712249756,2.1179606914520264,2.106595754623413,2.3058667182922363,2.24033522605896,2.4268784523010254,2.4106788635253906,2.419377088546753,0.8633735775947571,0.5306462645530701,0.3783131241798401,0.0,0.37578678131103516,0.6148386001586914,0.6380311250686646,1.0135029554367065,1.0779434442520142,0.9883974194526672,1.3291983604431152,1.4204740524291992,1.7038557529449463,2.0121474266052246,2.078763246536255,1.1935460567474365,0.9319455027580261,0.9435132741928101,0.9141959547996521,0.998537003993988,1.2871652841567993,1.2291427850723267,1.5594394207000732,1.6067544221878052,1.5297571420669556,1.777221918106079,1.8572953939437866,2.0617237091064453,2.3190643787384033,2.314276933670044,1.8382083177566528,1.6191723346710205,1.62986421585083,1.6048431396484375,1.6359394788742065,1.904686689376831,1.887049913406372,2.1589913368225098,2.1808509826660156,2.1034836769104004,2.3082051277160645,2.3831324577331543,2.5748019218444824,2.7671287059783936,2.777538299560547,2.54206919670105,2.313382387161255,2.367244005203247,2.3212380409240723,2.3169023990631104,2.5500197410583496,2.7744083404541016,2.635685682296753,2.8373281955718994,2.752249002456665,2.9510343074798584,3.0614867210388184,3.1847875118255615,3.4246318340301514,3.420935869216919
B5,2.7304508686065674,2.604097604751587,2.231297731399536,2.0087692737579346,2.086798906326294,2.1200032234191895,2.01379132270813,2.251142740249634,2.2396047115325928,2.274303436279297,2.5137648582458496,2.4916868209838867,2.7076354026794434,2.7237837314605713,2.755737781524658,1.189160943031311,0.8856412172317505,0.6169825792312622,0.37578678131103516,0.0,0.38380053639411926,0.5967015027999878,0.967270016670227,1.1575837135314941,1.1858423948287964,1.5470134019851685,1.7019085884094238,2.000844717025757,2.3233017921447754,2.4192616939544678,1.464414119720459,1.1579046249389648,1.0694364309310913,0.9691726565361023,0.9077187776565552,1.1668598651885986,1.1830018758773804,1.5017749071121216,1.6362853050231934,1.6436588764190674,1.9296292066574097,2.0662128925323486,2.3002712726593018,2.5809457302093506,2.6145973205566406,2.0382604598999023,1.770993947982788,1.7161616086959839,1.638733983039856,1.5828086137771606,1.8178399801254272,1.8462721109390259,2.1039228439331055,2.1876070499420166,2.173306465148926,2.411806106567383,2.537128448486328,2.759737491607666,2.976029396057129,3.0244128704071045,2.6886019706726074,2.4200713634490967,2.4308197498321533,2.3392677307128906,2.278019905090332,2.4886221885681152,2.7422971725463867,2.6051878929138184,2.8419928550720215,2.8068883419036865,3.016232967376709,3.1694247722625732,3.307382106781006,3.5752995014190674,3.603998899459839
B6,2.854635000228882,2.746901273727417,2.3932721614837646,2.1337201595306396,2.211369276046753,2.2878291606903076,2.2288455963134766,2.4507052898406982,2.4185047149658203,2.4928297996520996,2.7120563983917236,2.706923484802246,2.8930745124816895,2.9212303161621094,2.921680450439453,1.4341168403625488,1.1316393613815308,0.9245588779449463,0.6148386001586914,0.38380053639411926,0.0,0.3850272595882416,0.6565017700195312,0.9112579226493835,1.0393575429916382,1.4059174060821533,1.6213059425354004,1.9443535804748535,2.2702319622039795,2.422776699066162,1.5101990699768066,1.1512713432312012,1.0740296840667725,0.8446744084358215,0.7394779920578003,0.8911734819412231,0.8729519844055176,1.1527283191680908,1.3249306678771973,1.3981523513793945,1.6963711977005005,1.8905364274978638,2.1436915397644043,2.452664852142334,2.538843870162964,1.995357871055603,1.6832245588302612,1.6372506618499756,1.4798970222473145,1.4065755605697632,1.5772336721420288,1.5722068548202515,1.7880791425704956,1.8845493793487549,1.911484718322754,2.1497135162353516,2.320858955383301,2.554506540298462,2.803654193878174,2.8862602710723877,2.581704616546631,2.2854113578796387,2.310042381286621,2.167219638824463,2.1085946559906006,2.2716667652130127,2.5050017833709717,2.3333523273468018,2.5659680366516113,2.553393840789795,2.743772506713867,2.92543625831604,3.0540833473205566,3.3434157371520996,3.3908610343933105
B7,3.228260040283203,3.1069819927215576,2.75067400932312,2.4883944988250732,2.5408029556274414,2.5870473384857178,2.495522975921631,2.686913251876831,2.614305019378662,2.6526787281036377,2.832327365875244,2.782175302505493,2.927215814590454,2.9110970497131348,2.8646233081817627,1.4319438934326172,1.0938359498977661,1.0118123292922974,0.6380311250686646,0.5967015027999878,0.3850272595882416,0.0,0.3962208926677704,0.5974350571632385,0.7444656491279602,1.0768015384674072,1.331581711769104,1.6266677379608154,1.9753700494766235,2.139770269393921,1.495764136314392,1.1503053903579712,1.1975470781326294,0.954393208026886,0.9767608046531677,1.0786404609680176,0.9149690270423889,1.1300363540649414,1.2183212041854858,1.2608740329742432,1.4916348457336426,1.6948169469833374,1.899931788444519,2.23020339012146,2.3074657917022705,2.013300895690918,1.7239878177642822,1.762279987335205,1.6015937328338623,1.6042288541793823,1.7545989751815796,1.6654399633407593,1.8392595052719116,1.8689519166946411,1.8643819093704224,2.039259433746338,2.2016537189483643,2.388169288635254,2.654801607131958,2.7081234455108643,2.619948625564575,2.3478357791900635,2.433708906173706,2.2983994483947754,2.297428607940674,2.4431586265563965,2.628751754760742,2.416999578475952,2.6018052101135254,2.552501678466797,2.6976494789123535,2.8570563793182373,2.94067120552063,3.2182421684265137,3.2295520305633545
B8,3.4623336791992188,3.3532631397247314,3.0140349864959717,2.7276053428649902,2.774386405944824,2.846569538116455,2.785374641418457,2.9593300819396973,2.866346597671509,2.9293651580810547,3.0853891372680664,3.0431244373321533,3.1555283069610596,3.1431283950805664,3.063091278076172,1.743592619895935,1.4260632991790771,1.3785631656646729,1.0135029554367065,0.967270016670227,0.6565017700195312,0.3962208926677704,0.0,0.3802638351917267,0.7080243825912476,0.9755685925483704,1.3013345003128052,1.595536470413208,1.9360313415527344,2.159822702407837,1.6499899625778198,1.2953568696975708,1.3706920146942139,1.0554969310760498,1.0770009756088257,1.0404664278030396,0.7883330583572388,0.8692195415496826,0.9553823471069336,1.077270746231079,1.2779500484466553,1.5518832206726074,1.75480055809021,2.114678144454956,2.2468950748443604,2.063337802886963,1.7528011798858643,1.8192797899246216,1.5938587188720703,1.604091763496399,1.6731919050216675,1.5207009315490723,1.6172776222229004,1.6314693689346313,1.664716362953186,1.8072203397750854,2.0176210403442383,2.1959025859832764,2.5005433559417725,2.5823256969451904,2.5908446311950684,2.3065402507781982,2.4203271865844727,2.2422537803649902,2.2614753246307373,2.3499503135681152,2.4931886196136475,2.2369112968444824,2.394686698913574,2.358503580093384,2.4628853797912598,2.6442067623138428,2.700568199157715,2.99518084526062,3.0160322189331055
B9,3.6734158992767334,3.5313258171081543,3.196363687515259,2.895071506500244,2.896928071975708,2.932408332824707,2.8450565338134766,2.9753832817077637,2.8370511531829834,2.876861572265625,2.987307071685791,2.9167277812957764,2.9845216274261475,2.9484896659851074,2.8293702602386475,1.6536273956298828,1.3666082620620728,1.4154138565063477,1.0779434442520142,1.1575837135314941,0.9112579226493835,0.5974350571632385,0.3802638351917267,0.0,0.3828049600124359,0.6047371029853821,0.9389278292655945,1.2351069450378418,1.5648777484893799,1.8058990240097046,1.47295343875885,1.1595314741134644,1.333006739616394,1.04889714717865,1.1920047998428345,1.1726315021514893,0.8401444554328918,0.9031027555465698,0.8282672762870789,0.8413375616073608,0.9688149690628052,1.2193530797958374,1.3904179334640503,1.7535438537597656,1.879533052444458,1.874394416809082,1.6025934219360352,1.746502161026001,1.5493403673171997,1.6490790843963623,1.7345420122146606,1.519416332244873,1.6139172315597534,1.5400861501693726,1.4999850988388062,1.583398699760437,1.7519770860671997,1.8899719715118408,2.189985990524292,2.243499279022217,2.412181854248047,2.165097236633301,2.3341095447540283,2.188906669616699,2.272719383239746,2.369274139404297,2.4682931900024414,2.2012479305267334,2.308114767074585,2.2157328128814697,2.293165445327759,2.430603504180908,2.459294557571411,2.7291953563690186,2.7161381244659424
B10,3.6837146282196045,3.5055811405181885,3.1706275939941406,2.869307518005371,2.8311691284179688,2.8194780349731445,2.6950652599334717,2.79010009765625,2.6199896335601807,2.626579761505127,2.7052812576293945,2.6065726280212402,2.6504130363464355,2.5943312644958496,2.459869146347046,1.3766292333602905,1.1311076879501343,1.2649418115615845,0.9883974194526672,1.1858423948287964,1.0393575429916382,0.7444656491279602,0.7080243825912476,0.3828049600124359,0.0,0.38699793815612793,0.6092103123664856,0.9421231150627136,1.2604260444641113,1.4715243577957153,1.1757375001907349,0.9197123050689697,1.1781035661697388,0.9813873171806335,1.2277429103851318,1.2925397157669067,0.9719647169113159,1.113966941833496,0.9517248868942261,0.7995007038116455,0.8907001614570618,1.0241609811782837,1.174463152885437,1.5045678615570068,1.5777626037597656,1.6326507329940796,1.4169692993164062,1.613552451133728,1.4905762672424316,1.6615509986877441,1.8103054761886597,1.5943024158477783,1.743408203125,1.6197351217269897,1.4910653829574585,1.5563768148422241,1.6401474475860596,1.7533938884735107,2.008838415145874,2.0157763957977295,2.234416961669922,2.0316872596740723,2.2278125286102295,2.1433417797088623,2.2678613662719727,2.40899920463562,2.500633955001831,2.2619636058807373,2.3484044075012207,2.201883554458618,2.292487382888794,2.374232292175293,2.407165288925171,2.639589786529541,2.594224452972412
B11,4.065208911895752,3.8799567222595215,3.547121524810791,3.2441179752349854,3.1917974948883057,3.164788246154785,3.026298999786377,3.0958809852600098,2.8988418579101562,2.881898880004883,2.9201362133026123,2.788642168045044,2.784125804901123,2.6893370151519775,2.503511905670166,1.6126517057418823,1.3928273916244507,1.5888162851333618,1.3291983604431152,1.5470134019851685,1.4059174060821533,1.0768015384674072,0.9755685925483704,0.6047371029853821,0.38699793815612793,0.0,0.3922000229358673,0.6369412541389465,0.9692960977554321,1.2230947017669678,1.386137843132019,1.2051959037780762,1.5094079971313477,1.3334369659423828,1.5967915058135986,1.6278995275497437,1.2771904468536377,1.334509015083313,1.0959413051605225,0.9097751975059509,0.8252000212669373,0.9277499318122864,0.9549259543418884,1.3016231060028076,1.365169882774353,1.7887086868286133,1.6241382360458374,1.8775652647018433,1.7614705562591553,1.9705270528793335,2.090663433074951,1.8270286321640015,1.9239518642425537,1.7384982109069824,1.578791856765747,1.546019434928894,1.5987493991851807,1.627805233001709,1.8914902210235596,1.8552480936050415,2.351524829864502,2.189342737197876,2.4344472885131836,2.3606979846954346,2.5284690856933594,2.6464827060699463,2.6893272399902344,2.4265193939208984,2.4566328525543213,2.2750678062438965,2.3067727088928223,2.3515818119049072,2.3252036571502686,2.5294368267059326,2.4360058307647705
B12,4.111319541931152,3.8942031860351562,3.5702669620513916,3.266839027404785,3.174403429031372,3.1061222553253174,2.940633535385132,2.9668333530426025,2.735788106918335,2.6896610260009766,2.683767080307007,2.5259456634521484,2.4818649291992188,2.3665902614593506,2.153352975845337,1.4770127534866333,1.3391423225402832,1.599513292312622,1.4204740524291992,1.7019085884094238,1.6213059425354004,1.331581711769104,1.3013345003128052,0.9389278292655945,0.6092103123664856,0.3922000229358673,0.0,0.38705986738204956,0.6538934707641602,0.8817082047462463,1.1969228982925415,1.1239067316055298,1.4792579412460327,1.392034649848938,1.713083028793335,1.7923072576522827,1.465334415435791,1.5683586597442627,1.2903121709823608,1.0030176639556885,0.8833934664726257,0.810375452041626,0.7796520590782166,1.0501816272735596,1.0364165306091309,1.5931693315505981,1.5088545083999634,1.8087024688720703,1.764904260635376,2.029757261276245,2.1914312839508057,1.9324982166290283,2.068020820617676,1.846720576286316,1.6148738861083984,1.562333345413208,1.5176594257354736,1.511127233505249,1.7088675498962402,1.6147900819778442,2.184274435043335,2.0790138244628906,2.349665403366089,2.3360965251922607,2.542160749435425,2.6929869651794434,2.722541570663452,2.4913089275360107,2.4984517097473145,2.268763542175293,2.3106765747070312,2.2954471111297607,2.274202346801758,2.431495428085327,2.30513072013855
B13,4.460088729858398,4.237148284912109,3.907986640930176,3.615959644317627,3.5197198390960693,3.4310755729675293,3.2415521144866943,3.2550599575042725,3.0130202770233154,2.9304652214050293,2.8966403007507324,2.6986260414123535,2.620157480239868,2.4535977840423584,2.2005386352539062,1.692840576171875,1.5685557126998901,1.8694607019424438,1.7038557529449463,2.000844717025757,1.9443535804748535,1.6266677379608154,1.595536470413208,1.2351069450378418,0.9421231150627136,0.6369412541389465,0.38705986738204956,0.0,0.394754558801651,0.6076971888542175,1.4990285634994507,1.4774996042251587,1.8405941724777222,1.7731558084487915,2.0925352573394775,2.173433780670166,1.8398224115371704,1.916912317276001,1.6274662017822266,1.3505911827087402,1.1573975086212158,1.0501108169555664,0.8744814395904541,1.0835505723953247,0.9853084087371826,1.8881614208221436,1.8514052629470825,2.168273687362671,2.141016960144043,2.4146010875701904,2.5719213485717773,2.301226854324341,2.414004325866699,2.170124053955078,1.9286764860153198,1.8184006214141846,1.7407671213150024,1.6537482738494873,1.8267052173614502,1.6646782159805298,2.460252523422241,2.393928289413452,2.685213804244995,2.688279867172241,2.9114363193511963,3.057426691055298,3.066361665725708,2.8278777599334717,2.8045217990875244,2.5543103218078613,2.557739734649658,2.507398843765259,2.438728094100952,2.5558314323425293,2.375309705734253
