,A1,A2,A3,A4,A5,A6,A7,A8,A9,A10,A11,A12,A13,A14,A15,B1,B2,B3,B4,B5,B6,B7,B8,B9,B10,B11,B12,B13,B14,B15,C1,C2,C3,C4,C5,C6,C7,C8,C9,C10,C11,C12,C13,C14,C15,D1,D2,D3,D4,D5,D6,D7,D8,D9,D10,D11,D12,D13,D14,D15,E1,E2,E3,E4,E5,E6,E7,E8,E9,E10,E11,E12,E13,E14,E15
A1,0.0,0.39077213406562805,0.6204243302345276,0.8796992897987366,1.1639283895492554,1.1392279863357544,1.464409589767456,1.384680986404419,1.4354641437530518,1.7859376668930054,1.9853914976119995,2.281754493713379,2.5788521766662598,2.7979166507720947,3.168229103088379,4.4401373863220215,4.725460529327393,4.902200222015381,4.9992218017578125,5.280913352966309,5.544747352600098,5.680525779724121,5.806631088256836,5.814817905426025,5.670167922973633,5.923823833465576,5.7903151512146,6.092800140380859,6.049224853515625,6.284348964691162,6.983650207519531,7.023861885070801,7.015446662902832,6.825767993927002,6.855972766876221,6.866359710693359,6.597004413604736,6.592657089233398,6.4669084548950195,6.278539180755615,6.339938163757324,6.08937406539917,6.319584369659424,6.090880393981934,6.290007591247559,5.752871036529541,5.476869106292725,5.584400177001953,5.2877726554870605,5.157851696014404,5.006228923797607,4.638802528381348,4.6051130294799805,4.438011646270752,4.2634358406066895,4.231878280639648,4.026601314544678,4.211464881896973,3.9781758785247803,4.193927764892578,4.362429618835449,4.475025177001953,4.395827770233154,4.396640300750732,4.1809401512146,4.290952682495117,3.978238105773926,4.201250076293945,4.046700954437256,3.7168686389923096,3.875168561935425,3.606865406036377,3.672991991043091,3.5014195442199707,3.4276630878448486
A2,0.39077213406562805,0.0,0.39167124032974243,0.6244714260101318,0.8285135626792908,0.7624029517173767,1.0749562978744507,1.0113037824630737,1.0731754302978516,1.4187549352645874,1.6422556638717651,1.9367330074310303,2.2467355728149414,2.4839138984680176,2.8531644344329834,4.116631031036377,4.394899368286133,4.575679302215576,4.672110080718994,4.9458842277526855,5.200442790985107,5.325819969177246,5.444012641906738,5.4471845626831055,5.295009136199951,5.546596527099609,5.408085346221924,5.707720756530762,5.661090850830078,5.894513130187988,6.605964660644531,6.6498494148254395,6.648015022277832,6.464900493621826,6.500842094421387,6.514008045196533,6.247784614562988,6.239881992340088,6.105667591094971,5.920220375061035,5.974001407623291,5.724825859069824,5.952638626098633,5.724867820739746,5.9307451248168945,5.432797431945801,5.154639720916748,5.272663593292236,4.985745906829834,4.852875709533691,4.688197612762451,4.321441650390625,4.270248889923096,4.090874671936035,3.9147799015045166,3.868248224258423,3.661712408065796,3.837799310684204,3.6025149822235107,3.8225181102752686,4.066338539123535,4.182162284851074,4.126105785369873,4.137475967407227,3.9285404682159424,4.065450668334961,3.77073073387146,4.013603210449219,3.889634370803833,3.57539963722229,3.7667717933654785,3.518005609512329,3.623840570449829,3.477032423019409,3.44429087638855
A3,0.6204243302345276,0.39167124032974243,0.0,0.37788891792297363,0.5956775546073914,0.6460897326469421,1.015113353729248,1.0549288988113403,1.2076680660247803,1.520473599433899,1.792773723602295,2.076033115386963,2.405414581298828,2.667330265045166,3.0290884971618652,4.207536220550537,4.462745189666748,4.626716613769531,4.698380947113037,4.955443382263184,5.202073574066162,5.314539432525635,5.433004856109619,5.446296691894531,5.279036521911621,5.538283348083496,5.390209197998047,5.676432132720947,5.616955280303955,5.831140995025635,6.475904941558838,6.499497413635254,6.491253852844238,6.301410675048828,6.3181328773498535,6.312051773071289,6.033285140991211,6.017124652862549,5.893580436706543,5.694095134735107,5.75911808013916,5.502355575561523,5.733344554901123,5.503691673278809,5.694943904876709,5.144904136657715,4.875765323638916,4.992184638977051,4.701257705688477,4.58592414855957,4.441866874694824,4.078717231750488,4.048220634460449,3.8741278648376465,3.682363748550415,3.664005756378174,3.4475812911987305,3.6422085762023926,3.4135396480560303,3.6266510486602783,3.7432751655578613,3.8553061485290527,3.7813210487365723,3.7895348072052,3.583120584487915,3.7082037925720215,3.408569574356079,3.6523828506469727,3.52203631401062,3.2036354541778564,3.391591787338257,3.13834285736084,3.2517571449279785,3.1053128242492676,3.089083194732666
A4,0.8796992897987366,0.6244714260101318,0.37788891792297363,0.0,0.3861679434776306,0.6330069899559021,0.9362196922302246,1.093629002571106,1.1925476789474487,1.4424958229064941,1.7639191150665283,1.9920663833618164,2.344886541366577,2.592262029647827,2.9385693073272705,3.9753870964050293,4.216375827789307,4.359370708465576,4.412675380706787,4.667296409606934,4.92046594619751,5.040294170379639,5.173556804656982,5.206722259521484,5.048695087432861,5.3238630294799805,5.190704822540283,5.479501247406006,5.434994697570801,5.647088527679443,6.211965084075928,6.230056285858154,6.207320213317871,6.006307601928711,6.019853591918945,6.019124507904053,5.743542671203613,5.743052959442139,5.632032871246338,5.442971706390381,5.523441314697266,5.280139923095703,5.527590274810791,5.315773963928223,5.515626907348633,4.893487453460693,4.610776424407959,4.709359645843506,4.410099983215332,4.278477191925049,4.130894660949707,3.7642433643341064,3.7415661811828613,3.585021734237671,3.4139938354492188,3.4082279205322266,3.216780185699463,3.4344165325164795,3.2359776496887207,3.4762892723083496,3.582725763320923,3.665290594100952,3.5903847217559814,3.574577808380127,3.3453946113586426,3.4739882946014404,3.1755473613739014,3.410189151763916,3.294304132461548,2.990574836730957,3.201540470123291,2.9791321754455566,3.1087770462036133,3.0025243759155273,3.000202178955078
A5,1.1639283895492554,0.8285135626792908,0.5956775546073914,0.3861679434776306,0.0,0.375193327665329,0.613278865814209,0.8533865809440613,1.0061832666397095,1.2056481838226318,1.543383240699768,1.763063669204712,2.115365743637085,2.3878955841064453,2.7246077060699463,3.7618045806884766,3.9914863109588623,4.142741680145264,4.196381568908691,4.43655252456665,4.6723785400390625,4.772703170776367,4.889791011810303,4.911098480224609,4.736945152282715,5.004589080810547,4.857653617858887,5.138395309448242,5.081742763519287,5.288074970245361,5.884705066680908,5.905614376068115,5.895672798156738,5.706058025360107,5.724534511566162,5.721616744995117,5.446255683898926,5.433442115783691,5.308459758758545,5.116281032562256,5.183216094970703,4.934871673583984,5.174044132232666,4.956283092498779,5.159224987030029,4.605463981628418,4.326498031616211,4.446018218994141,4.162487506866455,4.03665828704834,3.8765268325805664,3.512883424758911,3.466839551925659,3.286942720413208,3.1016995906829834,3.0764880180358887,2.8710227012634277,3.0734610557556152,2.8630595207214355,3.0993053913116455,3.287816286087036,3.3845527172088623,3.339606523513794,3.3471357822418213,3.1376025676727295,3.300607204437256,3.0290417671203613,3.2933199405670166,3.2148900032043457,2.9313762187957764,3.1744985580444336,2.970388889312744,3.144155263900757,3.0565993785858154,3.1019937992095947
A6,1.1392279863357544,0.7624029517173767,0.6460897326469421,0.6330069899559021,0.375193327665329,0.0,0.37872952222824097,0.5024174451828003,0.7308250069618225,0.9796167612075806,1.2741729021072388,1.5467761754989624,1.876583456993103,2.170238494873047,2.51947021484375,3.7137973308563232,3.9598004817962646,4.14123010635376,4.222538948059082,4.464834213256836,4.689388275146484,4.779435157775879,4.875250339508057,4.868606090545654,4.686132431030273,4.932817459106445,4.771562576293945,5.053224563598633,4.985315799713135,5.200955867767334,5.914926052093506,5.953602313995361,5.9658684730529785,5.7957305908203125,5.830954551696777,5.8344035148620605,5.565217971801758,5.538645267486572,5.389903545379639,5.197421550750732,5.237646102905273,4.9817328453063965,5.20115327835083,4.968326091766357,5.175633907318115,4.750484466552734,4.479345798492432,4.624597549438477,4.360269069671631,4.239473342895508,4.062841415405273,3.703733444213867,3.625675916671753,3.416867256164551,3.2190849781036377,3.1541435718536377,2.928762674331665,3.0897459983825684,2.844353675842285,3.0602262020111084,3.39160418510437,3.5205671787261963,3.505697727203369,3.5461509227752686,3.3642919063568115,3.5497524738311768,3.296675205230713,3.580897331237793,3.5161871910095215,3.2363924980163574,3.4816601276397705,3.2689402103424072,3.450162649154663,3.345639944076538,3.397552013397217
A7,1.464409589767456,1.0749562978744507,1.015113353729248,0.9362196922302246,0.613278865814209,0.37872952222824097,0.0,0.37079304456710815,0.552778422832489,0.6788381934165955,0.9936259388923645,1.2308127880096436,1.5618985891342163,1.8656166791915894,2.2003884315490723,3.3806188106536865,3.6222293376922607,3.8129665851593018,3.9014830589294434,4.137823104858398,4.352327823638916,4.433892726898193,4.51983118057251,4.503889083862305,4.3185248374938965,4.560332775115967,4.397750377655029,4.681394100189209,4.616296291351318,4.837722301483154,5.588051795959473,5.63954496383667,5.661503314971924,5.501859664916992,5.55217981338501,5.567875385284424,5.309206485748291,5.283295631408691,5.120782852172852,4.939818859100342,4.966646671295166,4.717978477478027,4.933943748474121,4.705690383911133,4.928561687469482,4.571414947509766,4.294414520263672,4.4509077072143555,4.2025065422058105,4.070167541503906,3.8690237998962402,3.513289213180542,3.4032046794891357,3.1779227256774902,2.9888393878936768,2.889651298522949,2.6710124015808105,2.810081958770752,2.5627620220184326,2.7904207706451416,3.2852401733398438,3.414785861968994,3.438199996948242,3.490199089050293,3.317695379257202,3.537163734436035,3.3142173290252686,3.6124396324157715,3.587117910385132,3.335237979888916,3.6106114387512207,3.4280195236206055,3.6396021842956543,3.5637001991271973,3.643683910369873
A8,1.384680986404419,1.0113037824630737,1.0549288988113403,1.093629002571106,0.8533865809440613,0.5024174451828003,0.37079304456710815,0.0,0.3803975284099579,0.63086998462677,0.8353105187416077,1.159172534942627,1.4500069618225098,1.7627311944961548,2.117464303970337,3.475789785385132,3.7398266792297363,3.9572384357452393,4.074202537536621,4.318982124328613,4.529652118682861,4.610235214233398,4.681751728057861,4.642297267913818,4.457596302032471,4.679098606109619,4.509036540985107,4.796078205108643,4.725141525268555,4.95818567276001,5.81184196472168,5.879225254058838,5.917069435119629,5.77160120010376,5.835095405578613,5.85707950592041,5.604332447052002,5.570398807525635,5.392408847808838,5.212257385253906,5.2195892333984375,4.966140270233154,5.165121078491211,4.92499303817749,5.148323059082031,4.882308006286621,4.612696170806885,4.782704830169678,4.544193744659424,4.415724277496338,4.208187580108643,3.856154203414917,3.731200695037842,3.4928109645843506,3.298877477645874,3.176146984100342,2.9469048976898193,3.053018093109131,2.780438184738159,2.9840455055236816,3.5564703941345215,3.7090864181518555,3.741997003555298,3.8122127056121826,3.654832601547241,3.875338554382324,3.652766466140747,3.9555325508117676,3.921818971633911,3.660135507583618,3.9225661754608154,3.720838785171509,3.919705390930176,3.8185970783233643,3.8840200901031494
A9,1.4354641437530518,1.0731754302978516,1.2076680660247803,1.1925476789474487,1.0061832666397095,0.7308250069618225,0.552778422832489,0.3803975284099579,0.0,0.37056103348731995,0.5862772464752197,0.8877043128013611,1.1998754739761353,1.4757508039474487,1.839545726776123,3.205277681350708,3.48746919631958,3.7094411849975586,3.8413350582122803,4.104252815246582,4.329916000366211,4.431661128997803,4.515533447265625,4.481308460235596,4.321874618530273,4.5489182472229,4.403014183044434,4.708246231079102,4.665391445159912,4.918282985687256,5.774442195892334,5.858312606811523,5.8903608322143555,5.7426066398620605,5.822832107543945,5.8685102462768555,5.631515979766846,5.619019508361816,5.441988468170166,5.284908294677734,5.294437408447266,5.06072473526001,5.269516468048096,5.047138214111328,5.28999137878418,5.011293411254883,4.724161624908447,4.879312515258789,4.638062953948975,4.481405735015869,4.2537455558776855,3.897779941558838,3.7605953216552734,3.5338549613952637,3.375025749206543,3.235976219177246,3.0410966873168945,3.147040605545044,2.8975701332092285,3.1292471885681152,3.791750431060791,3.9230051040649414,3.9646363258361816,4.01660680770874,3.839479684829712,4.065126895904541,3.8436334133148193,4.133839130401611,4.107826232910156,3.8549749851226807,4.127106666564941,3.9423062801361084,4.13659143447876,4.052820682525635,4.10505485534668
A10,1.7859376668930054,1.4187549352645874,1.520473599433899,1.4424958229064941,1.2056481838226318,0.9796167612075806,0.6788381934165955,0.63086998462677,0.37056103348731995,0.0,0.37310048937797546,0.5679159760475159,0.9110968708992004,1.1948113441467285,1.5400638580322266,2.8592090606689453,3.1354899406433105,3.3627686500549316,3.49875545501709,3.756272792816162,3.9744873046875,4.0710954666137695,4.149860382080078,4.112007141113281,3.9539780616760254,4.180985927581787,4.03962516784668,4.348780155181885,4.314792633056641,4.573613166809082,5.440338134765625,5.534948825836182,5.571666240692139,5.430924415588379,5.5243120193481445,5.582956314086914,5.357728958129883,5.3506269454956055,5.165595054626465,5.023153305053711,5.024904251098633,4.803327560424805,5.01251220703125,4.80097770690918,5.05873441696167,4.820859909057617,4.527390956878662,4.685951232910156,4.458327770233154,4.288695335388184,4.040556907653809,3.6907546520233154,3.527939558029175,3.2942044734954834,3.153028964996338,2.986726760864258,2.8105456829071045,2.8995273113250732,2.6625356674194336,2.909423351287842,3.6989221572875977,3.821167469024658,3.891986846923828,3.946385145187378,3.7735018730163574,4.023260593414307,3.8276638984680176,4.123194217681885,4.130133152008057,3.903414726257324,4.199548721313477,4.04374885559082,4.2620062828063965,4.2064995765686035,4.281949520111084
A11,1.9853914976119995,1.6422556638717651,1.792773723602295,1.7639191150665283,1.543383240699768,1.2741729021072388,0.9936259388923645,0.8353105187416077,0.5862772464752197,0.37310048937797546,0.0,0.38334593176841736,0.6262242197990417,0.9311655759811401,1.2907185554504395,2.8033852577209473,3.0973927974700928,3.356182098388672,3.525053024291992,3.7839176654815674,3.9893078804016113,4.079158306121826,4.136645793914795,4.069469928741455,3.9134864807128906,4.114447593688965,3.9676380157470703,4.279870986938477,4.244162559509277,4.517264366149902,5.497808933258057,5.614342212677002,5.670696258544922,5.5498223304748535,5.663046836853027,5.733916282653809,5.5215325355529785,5.508073806762695,5.303567409515381,5.169663429260254,5.147079944610596,4.9277167320251465,5.118354320526123,4.9013237953186035,5.166037082672119,5.0422892570495605,4.754724502563477,4.928600311279297,4.718662261962891,4.548844814300537,4.286806583404541,3.9462778568267822,3.7584047317504883,3.5094480514526367,3.3707218170166016,3.171267509460449,2.99373459815979,3.0408318042755127,2.787848711013794,3.0141329765319824,3.9318528175354004,4.071138381958008,4.164633274078369,4.23763370513916,4.081692695617676,4.344151973724365,4.161327838897705,4.465097904205322,4.480623245239258,4.257088661193848,4.554444789886475,4.395240783691406,4.615981101989746,4.552343368530273,4.628491401672363
A12,2.281754493713379,1.9367330074310303,2.076033115386963,1.9920663833618164,1.763063669204712,1.5467761754989624,1.2308127880096436,1.159172534942627,0.8877043128013611,0.5679159760475159,0.38334593176841736,0.0,0.3694259226322174,0.6370346546173096,0.9731574654579163,2.4204468727111816,2.716500759124756,2.9793267250061035,3.156409978866577,3.4182677268981934,3.625009775161743,3.7217373847961426,3.7834560871124268,3.719750165939331,3.579360246658325,3.7860100269317627,3.6582303047180176,3.98201060295105,3.9701015949249268,4.255259990692139,5.222837924957275,5.352734088897705,5.406843185424805,5.288455486297607,5.417210102081299,5.507969856262207,5.3122711181640625,5.314555644989014,5.108536243438721,4.997408390045166,4.973653316497803,4.775248050689697,4.9723968505859375,4.775571823120117,5.058082103729248,4.942258834838867,4.643682479858398,4.809270858764648,4.608245372772217,4.417546272277832,4.13539457321167,3.8016884326934814,3.593965768814087,3.3513405323028564,3.2458815574645996,3.025513172149658,2.8842554092407227,2.9220950603485107,2.6997439861297607,2.948819637298584,3.963346481323242,4.081991672515869,4.195165157318115,4.2581329345703125,4.096114635467529,4.372751235961914,4.208730697631836,4.50659704208374,4.547019958496094,4.346782684326172,4.661899089813232,4.530986309051514,4.764673233032227,4.728810787200928,4.815535545349121
A13,2.5788521766662598,2.2467355728149414,2.405414581298828,2.344886541366577,2.115365743637085,1.876583456993103,1.5618985891342163,1.4500069618225098,1.1998754739761353,0.9110968708992004,0.6262242197990417,0.3694259226322174,0.0,0.3569134771823883,0.6800870299339294,2.321765661239624,2.627697706222534,2.9215028285980225,3.1304256916046143,3.3864316940307617,3.5737667083740234,3.659515142440796,3.6964516639709473,3.601677179336548,3.4645628929138184,3.642216205596924,3.5112602710723877,3.8366801738739014,3.82619047164917,4.1253275871276855,5.199643611907959,5.352336883544922,5.426179885864258,5.329432487487793,5.479092597961426,5.583499908447266,5.403786659240723,5.401127338409424,5.176515579223633,5.077691555023193,5.029675006866455,4.838129997253418,5.016730785369873,4.819577217102051,5.110133171081543,5.1078104972839355,4.8156352043151855,4.9946465492248535,4.814184665679932,4.622812747955322,4.326915740966797,4.0067596435546875,3.7739205360412598,3.5192675590515137,3.420869827270508,3.1691131591796875,3.033578395843506,3.0292575359344482,2.801391363143921,3.0303289890289307,4.169139385223389,4.29900598526001,4.4365057945251465,4.515308380126953,4.369851112365723,4.660323143005371,4.513147830963135,4.817994594573975,4.872138023376465,4.680337905883789,5.000464916229248,4.872738361358643,5.113550186157227,5.076915740966797,5.1699371337890625
A14,2.7979166507720947,2.4839138984680176,2.667330265045166,2.592262029647827,2.3878955841064453,2.170238494873047,1.8656166791915894,1.7627311944961548,1.4757508039474487,1.1948113441467285,0.9311655759811401,0.6370346546173096,0.3569134771823883,0.0,0.3754282593727112,2.0960280895233154,2.4235787391662598,2.7296555042266846,2.9637794494628906,3.2334301471710205,3.427976369857788,3.5323355197906494,3.5754005908966064,3.479844331741333,3.3749399185180664,3.548527717590332,3.447136878967285,3.786536693572998,3.8074045181274414,4.124180793762207,5.204062461853027,5.375003814697266,5.446372985839844,5.35301399230957,5.520415782928467,5.647546768188477,5.486871719360352,5.5020976066589355,5.27808952331543,5.2027106285095215,5.1535491943359375,4.9829535484313965,5.164743900299072,4.985707759857178,5.289436340332031,5.291346549987793,4.990149974822998,5.156998157501221,4.980057239532471,4.76934289932251,4.459956169128418,4.14537239074707,3.903277635574341,3.662537097930908,3.5960490703582764,3.3344995975494385,3.231729030609131,3.222529888153076,3.021296977996826,3.2613251209259033,4.445804595947266,4.560580253601074,4.703906536102295,4.771035194396973,4.615626335144043,4.907649040222168,4.76421594619751,5.058859348297119,5.119117259979248,4.935260772705078,5.259779930114746,5.1434125900268555,5.381082534790039,5.354972839355469,5.440629959106445
A15,3.168229103088379,2.8531644344329834,3.0290884971618652,2.9385693073272705,2.7246077060699463,2.51947021484375,2.2003884315490723,2.117464303970337,1.839545726776123,1.5400638580322266,1.2907185554504395,0.9731574654579163,0.6800870299339294,0.3754282593727112,0.0,1.829494595527649,2.157858371734619,2.484666109085083,2.7434260845184326,3.005040168762207,3.1832385063171387,3.283273458480835,3.312208890914917,3.1999495029449463,3.1116302013397217,3.268636465072632,3.1828722953796387,3.5281171798706055,3.5691792964935303,3.8994157314300537,5.018868923187256,5.210568428039551,5.291146278381348,5.212921142578125,5.401078224182129,5.547745704650879,5.408418655395508,5.430806636810303,5.197784900665283,5.144893646240234,5.082383632659912,4.9313836097717285,5.105596542358398,4.942054748535156,5.258224964141846,5.324167251586914,5.023050785064697,5.190450668334961,5.0323052406311035,4.811641693115234,4.486820220947266,4.188968658447266,3.925152540206909,3.686265468597412,3.6448936462402344,3.360377311706543,3.2854208946228027,3.2493507862091064,3.070683479309082,3.3080055713653564,4.587269306182861,4.694240570068359,4.859559535980225,4.928508281707764,4.780110836029053,5.084856986999512,4.962435722351074,5.255702018737793,5.337372779846191,5.172520637512207,5.508125305175781,5.410059928894043,5.658959865570068,5.648545742034912,5.745180130004883
B1,4.4401373863220215,4.116631031036377,4.207536220550537,3.9753870964050293,3.7618045806884766,3.7137973308563232,3.3806188106536865,3.475789785385132,3.205277681350708,2.8592090606689453,2.8033852577209473,2.4204468727111816,2.321765661239624,2.0960280895233154,1.829494595527649,0.0,0.37220343947410583,0.6885794401168823,1.0040208101272583,1.281757116317749,1.4966264963150024,1.6969246864318848,1.8286988735198975,1.846502661705017,1.9433683156967163,2.1902356147766113,2.312784433364868,2.681088924407959,2.903404474258423,3.232424020767212,3.8896775245666504,4.113553524017334,4.133620738983154,4.040771961212158,4.279945373535156,4.51970100402832,4.4741692543029785,4.60049295425415,4.416747093200684,4.487998962402344,4.468047142028809,4.448580265045166,4.669156074523926,4.640945911407471,4.999708652496338,4.913609027862549,4.584487438201904,4.664523124694824,4.5477800369262695,4.2487640380859375,3.8854291439056396,3.668931245803833,3.3838305473327637,3.25948166847229,3.4037933349609375,3.1314353942871094,3.262416124343872,3.244734048843384,3.2792580127716064,3.5749752521514893,4.844550609588623,4.831535339355469,5.026414394378662,5.02195930480957,4.847113132476807,5.156045913696289,5.110439777374268,5.335635185241699,5.499792098999023,5.440711975097656,5.809967041015625,5.831097602844238,6.105496883392334,6.20604133605957,6.335379123687744
B2,4.725460529327393,4.394899368286133,4.462745189666748,4.216375827789307,3.9914863109588623,3.9598004817962646,3.6222293376922607,3.7398266792297363,3.48746919631958,3.1354899406433105,3.0973927974700928,2.716500759124756,2.627697706222534,2.4235787391662598,2.157858371734619,0.37220343947410583,0.0,0.3680901825428009,0.6964401006698608,0.9325383305549622,1.128292441368103,1.3356372117996216,1.484393835067749,1.5367848873138428,1.670680284500122,1.9355385303497314,2.0990326404571533,2.4562008380889893,2.707977056503296,3.023916482925415,3.5783467292785645,3.8082642555236816,3.8223352432250977,3.734276533126831,3.9849274158477783,4.2403788566589355,4.216023921966553,4.355635166168213,4.177585124969482,4.273308753967285,4.255141258239746,4.262362003326416,4.483763217926025,4.482081413269043,4.8442912101745605,4.7643866539001465,4.439882278442383,4.510179042816162,4.413714408874512,4.1102094650268555,3.7435550689697266,3.5560238361358643,3.263725996017456,3.1580562591552734,3.332414150238037,3.0621159076690674,3.228224277496338,3.2017736434936523,3.2758140563964844,3.5661919116973877,4.832552433013916,4.802030563354492,5.008765697479248,4.9993085861206055,4.832828521728516,5.144844055175781,5.123816013336182,5.339857578277588,5.525328159332275,5.491089820861816,5.865478038787842,5.909445285797119,6.193522930145264,6.313195705413818,6.457014560699463
B3,4.902200222015381,4.575679302215576,4.626716613769531,4.359370708465576,4.142741680145264,4.14123010635376,3.8129665851593018,3.9572384357452393,3.7094411849975586,3.3627686500549316,3.356182098388672,2.9793267250061035,2.9215028285980225,2.7296555042266846,2.484666109085083,0.6885794401168823,0.3680901825428009,0.0,0.3496529459953308,0.618565022945404,0.8791520595550537,1.1529017686843872,1.3749947547912598,1.513857364654541,1.6909915208816528,1.985841155052185,2.189167022705078,2.5256001949310303,2.8002867698669434,3.0922293663024902,3.4483482837677,3.6671817302703857,3.6513829231262207,3.545172691345215,3.7933151721954346,4.0624470710754395,4.052771091461182,4.219996452331543,4.067178249359131,4.184091091156006,4.1895751953125,4.222281455993652,4.459883689880371,4.4863362312316895,4.847536087036133,4.680566787719727,4.351198673248291,4.3931121826171875,4.297845363616943,3.980088949203491,3.6170668601989746,3.4477622509002686,3.1698524951934814,3.102607488632202,3.312840223312378,3.0684897899627686,3.270813226699829,3.2662994861602783,3.3797624111175537,3.679319381713867,4.869802951812744,4.811936378479004,5.011531352996826,4.980955123901367,4.805217266082764,5.10726261138916,5.096182346343994,5.291460990905762,5.486080646514893,5.471071243286133,5.844673156738281,5.910592079162598,6.192866325378418,6.332540035247803,6.478098392486572
B4,4.9992218017578125,4.672110080718994,4.698380947113037,4.412675380706787,4.196381568908691,4.222538948059082,3.9014830589294434,4.074202537536621,3.8413350582122803,3.49875545501709,3.525053024291992,3.156409978866577,3.1304256916046143,2.9637794494628906,2.7434260845184326,1.0040208101272583,0.6964401006698608,0.3496529459953308,0.0,0.35565289855003357,0.6987590193748474,1.0100536346435547,1.2966763973236084,1.5135018825531006,1.6933526992797852,2.020369529724121,2.2357017993927,2.549010992050171,2.827528238296509,3.0909533500671387,3.258361577987671,3.4573466777801514,3.41363525390625,3.286314010620117,3.524899959564209,3.798339366912842,3.793901205062866,3.9813034534454346,3.851219892501831,3.9805595874786377,4.009339809417725,4.059886932373047,4.313449859619141,4.36198091506958,4.719668865203857,4.469318866729736,4.137180328369141,4.15654182434082,4.063363552093506,3.736691474914551,3.378145933151245,3.226351737976074,2.9607648849487305,2.926057815551758,3.165602207183838,2.9464645385742188,3.1799604892730713,3.1955060958862305,3.3455512523651123,3.6512773036956787,4.763019561767578,4.68105936050415,4.875347137451172,4.828149318695068,4.648339748382568,4.942636966705322,4.9445343017578125,5.123184680938721,5.329100131988525,5.33405876159668,5.707310199737549,5.79420804977417,6.078170299530029,6.236460208892822,6.388926029205322
B5,5.280913352966309,4.9458842277526855,4.955443382263184,4.667296409606934,4.43655252456665,4.464834213256836,4.137823104858398,4.318982124328613,4.104252815246582,3.756272792816162,3.7839176654815674,3.4182677268981934,3.3864316940307617,3.2334301471710205,3.005040168762207,1.281757116317749,0.9325383305549622,0.618565022945404,0.35565289855003357,0.0,0.362526535987854,0.6911144852638245,1.0099868774414062,1.2796506881713867,1.4867545366287231,1.8151962757110596,2.0598907470703125,2.3441078662872314,2.6409146785736084,2.8821818828582764,2.9474353790283203,3.1549034118652344,3.111175298690796,2.99672269821167,3.2510924339294434,3.540311098098755,3.5607426166534424,3.7551589012145996,3.6256747245788574,3.77974009513855,3.802823066711426,3.879669666290283,4.1258225440979,4.198589324951172,4.556441307067871,4.349030494689941,4.0295209884643555,4.047158241271973,3.982945680618286,3.661691904067993,3.3037779331207275,3.1886770725250244,2.9139466285705566,2.8903634548187256,3.148282527923584,2.9284329414367676,3.1849899291992188,3.180980920791626,3.359696388244629,3.6480712890625,4.766124248504639,4.675018787384033,4.884848594665527,4.841365337371826,4.678966045379639,4.978058338165283,5.0067267417907715,5.18158483505249,5.408097743988037,5.435052871704102,5.8114447593688965,5.915255546569824,6.209811687469482,6.38055944442749,6.548974990844727
B6,5.544747352600098,5.200442790985107,5.202073574066162,4.92046594619751,4.6723785400390625,4.689388275146484,4.352327823638916,4.529652118682861,4.329916000366211,3.9744873046875,3.9893078804016113,3.625009775161743,3.5737667083740234,3.427976369857788,3.1832385063171387,1.4966264963150024,1.128292441368103,0.8791520595550537,0.6987590193748474,0.362526535987854,0.0,0.3498919606208801,0.6771689057350159,0.9812856316566467,1.223884105682373,1.5347059965133667,1.8103442192077637,2.066741943359375,2.383777379989624,2.611114025115967,2.66410493850708,2.8955390453338623,2.8726627826690674,2.7907752990722656,3.0700533390045166,3.3731439113616943,3.419628620147705,3.606808662414551,3.4627676010131836,3.637892484664917,3.638430118560791,3.735694408416748,3.9617886543273926,4.0503621101379395,4.409426689147949,4.307562828063965,4.0066914558410645,4.037415504455566,4.00702428817749,3.7003533840179443,3.342618942260742,3.2601051330566406,2.968609571456909,2.9372434616088867,3.1965227127075195,2.9623310565948486,3.2260091304779053,3.187307596206665,3.3787178993225098,3.6412973403930664,4.806760787963867,4.719289779663086,4.9503021240234375,4.921546936035156,4.783000469207764,5.091888427734375,5.144575119018555,5.324976921081543,5.568855285644531,5.609928131103516,5.989896297454834,6.101245880126953,6.407476902008057,6.58201789855957,6.765800476074219
B7,5.680525779724121,5.325819969177246,5.314539432525635,5.040294170379639,4.772703170776367,4.779435157775879,4.433892726898193,4.610235214233398,4.431661128997803,4.0710954666137695,4.079158306121826,3.7217373847961426,3.659515142440796,3.5323355197906494,3.283273458480835,1.6969246864318848,1.3356372117996216,1.1529017686843872,1.0100536346435547,0.6911144852638245,0.3498919606208801,0.0,0.35223525762557983,0.701171338558197,0.9336580634117126,1.2410985231399536,1.5233075618743896,1.7518202066421509,2.0735702514648438,2.2846174240112305,2.3576414585113525,2.6074843406677246,2.6132423877716064,2.5630524158477783,2.8596315383911133,3.163607358932495,3.2216522693634033,3.390481948852539,3.2259044647216797,3.409719467163086,3.3860576152801514,3.4926517009735107,3.699608325958252,3.7952795028686523,4.154670715332031,4.158745765686035,3.8764889240264893,3.9275150299072266,3.927150011062622,3.639817953109741,3.2827672958374023,3.2252345085144043,2.915954351425171,2.868389129638672,3.1201484203338623,2.871025323867798,3.1352851390838623,3.0633044242858887,3.263728380203247,3.500318765640259,4.706428527832031,4.626251697540283,4.877511501312256,4.866539478302002,4.753326416015625,5.072930335998535,5.1474785804748535,5.337371826171875,5.596556186676025,5.648488998413086,6.03163480758667,6.146971702575684,6.465588569641113,6.640940189361572,6.8412933349609375
B8,5.806631088256836,5.444012641906738,5.433004856109619,5.173556804656982,4.889791011810303,4.875250339508057,4.51983118057251,4.681751728057861,4.515533447265625,4.149860382080078,4.136645793914795,3.7834560871124268,3.6964516639709473,3.5754005908966064,3.312208890914917,1.8286988735198975,1.484393835067749,1.3749947547912598,1.2966763973236084,1.0099868774414062,0.6771689057350159,0.35223525762557983,0.0,0.3743082582950592,0.6336104869842529,0.9035871624946594,1.2083773612976074,1.4207937717437744,1.7586090564727783,1.9739285707473755,2.2110865116119385,2.4931228160858154,2.5467681884765625,2.5438427925109863,2.8586933612823486,3.158277988433838,3.2257254123687744,3.3648383617401123,3.1691958904266357,3.35420298576355,3.2924625873565674,3.3986988067626953,3.5746805667877197,3.665370464324951,4.025866508483887,4.180493354797363,3.9183578491210938,3.9981746673583984,4.023189067840576,3.7579293251037598,3.401556968688965,3.356621265411377,3.0290191173553467,2.952369213104248,3.1814446449279785,2.9078445434570312,3.155165910720825,3.041578769683838,3.2303884029388428,3.4369449615478516,4.720173358917236,4.65877628326416,4.930448532104492,4.943238735198975,4.854277610778809,5.186066150665283,5.273311614990234,5.478369235992432,5.745159149169922,5.797365188598633,6.183095932006836,6.292491436004639,6.620616436004639,6.7883782386779785,6.999518871307373
B9,5.814817905426025,5.4471845626831055,5.446296691894531,5.206722259521484,4.911098480224609,4.868606090545654,4.503889083862305,4.642297267913818,4.481308460235596,4.112007141113281,4.069469928741455,3.719750165939331,3.601677179336548,3.479844331741333,3.1999495029449463,1.846502661705017,1.5367848873138428,1.513857364654541,1.5135018825531006,1.2796506881713867,0.9812856316566467,0.701171338558197,0.3743082582950592,0.0,0.37604930996894836,0.5662069916725159,0.8940805196762085,1.1319892406463623,1.4821202754974365,1.7342019081115723,2.2828850746154785,2.5890614986419678,2.69223952293396,2.727911949157715,3.0487725734710693,3.3331339359283447,3.394434928894043,3.497799873352051,3.2686617374420166,3.437762498855591,3.3369171619415283,3.42388916015625,3.568136692047119,3.6351382732391357,3.996821403503418,4.298569202423096,4.050217628479004,4.162434101104736,4.197782516479492,3.951434850692749,3.593320369720459,3.540783405303955,3.196660280227661,3.0821375846862793,3.2769641876220703,2.9741427898406982,3.1890368461608887,3.0371897220611572,3.1937642097473145,3.375255823135376,4.75433349609375,4.72056245803833,5.007456302642822,5.0455403327941895,4.974002838134766,5.3177690505981445,5.404634952545166,5.629358291625977,5.89395809173584,5.934501647949219,6.3220696449279785,6.41545295715332,6.749014377593994,6.901224613189697,7.116106986999512
B10,5.670167922973633,5.295009136199951,5.279036521911621,5.048695087432861,4.736945152282715,4.686132431030273,4.3185248374938965,4.457596302032471,4.321874618530273,3.9539780616760254,3.9134864807128906,3.579360246658325,3.4645628929138184,3.3749399185180664,3.1116302013397217,1.9433683156967163,1.670680284500122,1.6909915208816528,1.6933526992797852,1.4867545366287231,1.223884105682373,0.9336580634117126,0.6336104869842529,0.37604930996894836,0.0,0.3847038745880127,0.5909717082977295,0.8590051531791687,1.1688587665557861,1.4310648441314697,2.1528308391571045,2.449026107788086,2.5820326805114746,2.6284451484680176,2.9367356300354004,3.192209005355835,3.2282662391662598,3.2971105575561523,3.0427587032318115,3.186605215072632,3.064708948135376,3.128024101257324,3.2602293491363525,3.3066844940185547,3.669191837310791,4.048076629638672,3.810938835144043,3.951164722442627,3.9961047172546387,3.771052837371826,3.4150121212005615,3.3619608879089355,3.005138874053955,2.8605191707611084,3.0282962322235107,2.709359884262085,2.905924081802368,2.7275378704071045,2.8761699199676514,3.0379717350006104,4.452833652496338,4.434381008148193,4.733356952667236,4.790512561798096,4.738231182098389,5.090702533721924,5.1859002113342285,5.42464542388916,5.693460941314697,5.7331767082214355,6.121199607849121,6.208809852600098,6.550454139709473,6.696066379547119,6.922280788421631
B11,5.923823833465576,5.546596527099609,5.538283348083496,5.3238630294799805,5.004589080810547,4.932817459106445,4.560332775115967,4.679098606109619,4.5489182472229,4.180985927581787,4.114447593688965,3.7860100269317627,3.642216205596924,3.548527717590332,3.268636465072632,2.1902356147766113,1.9355385303497314,1.985841155052185,2.020369529724121,1.8151962757110596,1.5347059965133667,1.2410985231399536,0.9035871624946594,0.5662069916725159,0.3847038745880127,0.0,0.3784922659397125,0.591181755065918,0.9495482444763184,1.2275408506393433,2.19095516204834,2.5158634185791016,2.6919360160827637,2.7865095138549805,3.107434034347534,3.3604061603546143,3.41494083404541,3.4601473808288574,3.184988498687744,3.3337860107421875,3.174243927001953,3.2417125701904297,3.3323066234588623,3.375598669052124,3.731156349182129,4.26469612121582,4.050466060638428,4.209458827972412,4.276576042175293,4.070043087005615,3.720670461654663,3.6808664798736572,3.3194057941436768,3.1606075763702393,3.3085219860076904,2.9786903858184814,3.1541383266448975,2.941754102706909,3.070526123046875,3.195484161376953,4.666206359863281,4.66547966003418,4.978993892669678,5.055449485778809,5.0229973793029785,5.381448268890381,5.485374927520752,5.7331743240356445,6.005603313446045,6.0447306632995605,6.432444095611572,6.514374732971191,6.860736846923828,6.998970031738281,7.230747222900391
B12,5.7903151512146,5.408085346221924,5.390209197998047,5.190704822540283,4.857653617858887,4.771562576293945,4.397750377655029,4.509036540985107,4.403014183044434,4.03962516784668,3.9676380157470703,3.6582303047180176,3.5112602710723877,3.447136878967285,3.1828722953796387,2.312784433364868,2.0990326404571533,2.189167022705078,2.2357017993927,2.0598907470703125,1.8103442192077637,1.5233075618743896,1.2083773612976074,0.8940805196762085,0.5909717082977295,0.3784922659397125,0.0,0.37399280071258545,0.6362947821617126,0.9620963335037231,2.212658166885376,2.520308494567871,2.7261669635772705,2.831064224243164,3.13335919380188,3.3523128032684326,3.379002809524536,3.3846349716186523,3.0836074352264404,3.1989541053771973,3.0127830505371094,3.047126054763794,3.116036891937256,3.127502202987671,3.4803736209869385,4.116321563720703,3.9162490367889404,4.1061601638793945,4.179864883422852,3.9974496364593506,3.65358567237854,3.608283281326294,3.2388713359832764,3.0469794273376465,3.1574175357818604,2.811809539794922,2.954777956008911,2.711228370666504,2.8160529136657715,2.9121205806732178,4.431056976318359,4.453115940093994,4.777702331542969,4.8770270347595215,4.864640712738037,5.2307586669921875,5.338596820831299,5.602323532104492,5.874359130859375,5.90762996673584,6.293923854827881,6.364912033081055,6.717162132263184,6.844081878662109,7.084340572357178
B13,6.092800140380859,5.707720756530762,5.676432132720947,5.479501247406006,5.138395309448242,5.053224563598633,4.681394100189209,4.796078205108643,4.708246231079102,4.348780155181885,4.279870986938477,3.98201060295105,3.8366801738739014,3.786536693572998,3.5281171798706055,2.681088924407959,2.4562008380889893,2.5256001949310303,2.549010992050171,2.3441078662872314,2.066741943359375,1.7518202066421509,1.4207937717437744,1.1319892406463623,0.8590051531791687,0.591181755065918,0.37399280071258545,0.0,0.38604971766471863,0.6474433541297913,2.013322591781616,2.3332953453063965,2.5757334232330322,2.7242860794067383,3.0312767028808594,3.2428524494171143,3.2902348041534424,3.275279998779297,2.9619088172912598,3.0908524990081787,2.8756954669952393,2.930295705795288,2.963024854660034,2.9926671981811523,3.334456205368042,4.091629505157471,3.92057466506958,4.119933128356934,4.226526260375977,4.066164493560791,3.7366185188293457,3.72462797164917,3.3579201698303223,3.1706430912017822,3.2776448726654053,2.941418170928955,3.0863051414489746,2.821424961090088,2.9408395290374756,2.998504638671875,4.495077610015869,4.517196178436279,4.855277061462402,4.965510845184326,4.9771809577941895,5.3439459800720215,5.474905967712402,5.736833095550537,6.022637844085693,6.071916103363037,6.456209659576416,6.537147521972656,6.896566867828369,7.0293192863464355,7.2829813957214355
B14,6.049224853515625,5.661090850830078,5.616955280303955,5.434994697570801,5.081742763519287,4.985315799713135,4.616296291351318,4.725141525268555,4.665391445159912,4.314792633056641,4.244162559509277,3.9701015949249268,3.82619047164917,3.8074045181274414,3.5691792964935303,2.903404474258423,2.707977056503296,2.8002867698669434,2.827528238296509,2.6409146785736084,2.383777379989624,2.0735702514648438,1.7586090564727783,1.4821202754974365,1.1688587665557861,0.9495482444763184,0.6362947821617126,0.38604971766471863,0.0,0.3681178092956543,2.070749521255493,2.362231969833374,2.6333069801330566,2.79483699798584,3.077460765838623,3.250047445297241,3.2725558280944824,3.21360445022583,2.876326560974121,2.970686197280884,2.723712921142578,2.7462236881256104,2.7448973655700684,2.7433884143829346,3.075873851776123,3.963818073272705,3.815584897994995,4.045445442199707,4.1646728515625,4.034183979034424,3.7171828746795654,3.707620859146118,3.339749574661255,3.125800132751465,3.1941328048706055,2.8519973754882812,2.9628779888153076,2.6665079593658447,2.764220714569092,2.7791361808776855,4.299442291259766,4.343791961669922,4.6935834884643555,4.827946662902832,4.864837169647217,5.23647403717041,5.375998020172119,5.650906562805176,5.938086986541748,5.985576152801514,6.366130828857422,6.439005374908447,6.8041558265686035,6.927398204803467,7.191400051116943
