0.000000000000000000e+00,3.824164569377899170e-01,6.995443105697631836e-01,9.159583449363708496e-01,1.257192611694335938e+00,1.491697549819946289e+00,1.545050263404846191e+00,1.917840003967285156e+00,2.024272203445434570e+00,2.398646116256713867e+00,2.541975498199462891e+00,2.923682928085327148e+00,3.108600854873657227e+00,2.943479299545288086e+00,2.758173465728759766e+00,9.303348660469055176e-01,7.630407214164733887e-01,9.667593240737915039e-01,1.170165419578552246e+00,1.437840580940246582e+00,1.695286512374877930e+00,1.778201937675476074e+00,2.104988574981689453e+00,2.260206222534179688e+00,2.588234186172485352e+00,2.766370773315429688e+00,3.067287206649780273e+00,3.280175924301147461e+00,3.067015409469604492e+00,2.907000780105590820e+00,1.348473429679870605e+00,1.228909492492675781e+00,1.410359859466552734e+00,1.553889393806457520e+00,1.773894548416137695e+00,2.000439167022705078e+00,2.083855628967285156e+00,2.364650964736938477e+00,2.528871059417724609e+00,2.812270402908325195e+00,3.003286838531494141e+00,3.237532854080200195e+00,3.483628749847412109e+00,3.248267412185668945e+00,3.115464687347412109e+00,1.799095630645751953e+00,1.711486816406250000e+00,1.878809690475463867e+00,1.992388963699340820e+00,2.170656919479370117e+00,2.364849090576171875e+00,2.450966596603393555e+00,2.686690807342529297e+00,2.872394800186157227e+00,3.102608442306518555e+00,3.321455240249633789e+00,3.442046165466308594e+00,3.720559835433959961e+00,3.472896337509155273e+00,3.378919601440429688e+00,2.285403966903686523e+00,2.208143711090087891e+00,2.356946468353271484e+00,2.465378284454345703e+00,2.597272157669067383e+00,2.770658731460571289e+00,2.876893758773803711e+00,3.075338840484619141e+00,3.306259870529174805e+00,3.496423482894897461e+00,3.788260221481323242e+00,3.781969070434570312e+00,4.019215583801269531e+00,3.750888347625732422e+00,3.690880298614501953e+00
3.824164569377899170e-01,0.000000000000000000e+00,3.912923336029052734e-01,5.937680006027221680e-01,9.052450656890869141e-01,1.176638364791870117e+00,1.286831259727478027e+00,1.648799777030944824e+00,1.809328556060791016e+00,2.178451061248779297e+00,2.368820667266845703e+00,2.748510122299194336e+00,2.959450006484985352e+00,2.836285829544067383e+00,2.691411972045898438e+00,1.015464186668395996e+00,7.699818015098571777e-01,8.595140576362609863e-01,9.672076106071472168e-01,1.173090696334838867e+00,1.429474234580993652e+00,1.546691775321960449e+00,1.848484635353088379e+00,2.044477462768554688e+00,2.356573820114135742e+00,2.574485778808593750e+00,2.879215240478515625e+00,3.119601964950561523e+00,2.944480180740356445e+00,2.824011802673339844e+00,1.423254728317260742e+00,1.249673962593078613e+00,1.349906444549560547e+00,1.417229294776916504e+00,1.576371550559997559e+00,1.782884716987609863e+00,1.884791374206542969e+00,2.131670475006103516e+00,2.324435710906982422e+00,2.585491418838500977e+00,2.809721231460571289e+00,3.046638250350952148e+00,3.318953037261962891e+00,3.117949962615966797e+00,3.022356271743774414e+00,1.861881136894226074e+00,1.734399437904357910e+00,1.838508129119873047e+00,1.893605589866638184e+00,2.019507169723510742e+00,2.185381650924682617e+00,2.279951095581054688e+00,2.476993799209594727e+00,2.681199789047241211e+00,2.886110782623291016e+00,3.131606101989746094e+00,3.253017425537109375e+00,3.555560588836669922e+00,3.338461637496948242e+00,3.279655456542968750e+00,2.341551303863525391e+00,2.235342264175415039e+00,2.331665515899658203e+00,2.393830299377441406e+00,2.482718229293823242e+00,2.622368574142456055e+00,2.727631330490112305e+00,2.886891126632690430e+00,3.128122568130493164e+00,3.290788412094116211e+00,3.599675893783569336e+00,3.593152761459350586e+00,3.852825641632080078e+00,3.611683368682861328e+00,3.583817481994628906e+00
6.995443105697631836e-01,3.912923336029052734e-01,0.000000000000000000e+00,3.792081475257873535e-01,6.036551594734191895e-01,8.992044925689697266e-01,1.077732920646667480e+00,1.439558267593383789e+00,1.648657083511352539e+00,2.019325017929077148e+00,2.238071680068969727e+00,2.621903896331787109e+00,2.819433212280273438e+00,2.730173349380493164e+00,2.593863248825073242e+00,1.001282215118408203e+00,6.705715060234069824e-01,5.901280641555786133e-01,6.352916955947875977e-01,7.884530425071716309e-01,1.073304057121276855e+00,1.244573712348937988e+00,1.552998661994934082e+00,1.791168212890625000e+00,2.111601829528808594e+00,2.359220743179321289e+00,2.688349008560180664e+00,2.923158168792724609e+00,2.778941631317138672e+00,2.665036439895629883e+00,1.303133487701416016e+00,1.063163638114929199e+00,1.072000145912170410e+00,1.087988138198852539e+00,1.202388405799865723e+00,1.414000988006591797e+00,1.550537586212158203e+00,1.797099351882934570e+00,2.024702310562133789e+00,2.292876243591308594e+00,2.544598817825317383e+00,2.809221267700195312e+00,3.080948591232299805e+00,2.905388832092285156e+00,2.814642906188964844e+00,1.688972592353820801e+00,1.513706922531127930e+00,1.556141734123229980e+00,1.572407841682434082e+00,1.660978317260742188e+00,1.819773793220520020e+00,1.934659600257873535e+00,2.122867107391357422e+00,2.351498365402221680e+00,2.560786724090576172e+00,2.827917575836181641e+00,2.975675106048583984e+00,3.284253597259521484e+00,3.088247776031494141e+00,3.033936977386474609e+00,2.140558958053588867e+00,2.000654458999633789e+00,2.049478054046630859e+00,2.080834627151489258e+00,2.138845682144165039e+00,2.263629436492919922e+00,2.378326654434204102e+00,2.523412466049194336e+00,2.779475212097167969e+00,2.940613508224487305e+00,3.262719154357910156e+00,3.276371717453002930e+00,3.553287506103515625e+00,3.328444480895996094e+00,3.304904222488403320e+00
9.159583449363708496e-01,5.937680006027221680e-01,3.792081475257873535e-01,0.000000000000000000e+00,3.855975866317749023e-01,5.837835073471069336e-01,7.272884249687194824e-01,1.081590890884399414e+00,1.292898416519165039e+00,1.656801342964172363e+00,1.888785719871520996e+00,2.266480684280395508e+00,2.483782052993774414e+00,2.411736965179443359e+00,2.309313535690307617e+00,1.009929180145263672e+00,7.772827744483947754e-01,7.427735924720764160e-01,5.953993201255798340e-01,7.470147609710693359e-01,9.030662775039672852e-01,1.003620147705078125e+00,1.272173762321472168e+00,1.493357896804809570e+00,1.791450858116149902e+00,2.041382789611816406e+00,2.354310750961303711e+00,2.610704898834228516e+00,2.479207038879394531e+00,2.401644945144653320e+00,1.351041793823242188e+00,1.178885936737060547e+00,1.203418254852294922e+00,1.110284328460693359e+00,1.219998478889465332e+00,1.327272534370422363e+00,1.393316268920898438e+00,1.589362502098083496e+00,1.786679863929748535e+00,2.021711349487304688e+00,2.267560720443725586e+00,2.505778789520263672e+00,2.797405481338500977e+00,2.632998704910278320e+00,2.579877853393554688e+00,1.750169038772583008e+00,1.625603318214416504e+00,1.673066854476928711e+00,1.611809372901916504e+00,1.701076149940490723e+00,1.778823494911193848e+00,1.833041429519653320e+00,1.975750923156738281e+00,2.170607089996337891e+00,2.341138839721679688e+00,2.598640680313110352e+00,2.712004184722900391e+00,3.033503293991088867e+00,2.847233295440673828e+00,2.830731391906738281e+00,2.205989837646484375e+00,2.106809616088867188e+00,2.157436609268188477e+00,2.128252029418945312e+00,2.193175554275512695e+00,2.255484580993652344e+00,2.316325664520263672e+00,2.426188945770263672e+00,2.649930953979492188e+00,2.775129795074462891e+00,3.085883855819702148e+00,3.063426017761230469e+00,3.335676431655883789e+00,3.120992422103881836e+00,3.133755207061767578e+00
1.257192611694335938e+00,9.052450656890869141e-01,6.036551594734191895e-01,3.855975866317749023e-01,0.000000000000000000e+00,3.900962173938751221e-01,7.107668519020080566e-01,9.855445623397827148e-01,1.287649989128112793e+00,1.616203665733337402e+00,1.903075337409973145e+00,2.262885093688964844e+00,2.490292787551879883e+00,2.475526571273803711e+00,2.413923025131225586e+00,1.323496222496032715e+00,1.062190771102905273e+00,8.974839448928833008e-01,6.509061455726623535e-01,5.804682970046997070e-01,7.090967893600463867e-01,9.040836691856384277e-01,1.109859824180603027e+00,1.406342744827270508e+00,1.673780679702758789e+00,1.978590011596679688e+00,2.298811674118041992e+00,2.571019887924194336e+00,2.495761632919311523e+00,2.457091569900512695e+00,1.572065234184265137e+00,1.353570818901062012e+00,1.270502805709838867e+00,1.099607586860656738e+00,1.084624886512756348e+00,1.157533764839172363e+00,1.272032141685485840e+00,1.410751461982727051e+00,1.662054419517517090e+00,1.867175459861755371e+00,2.161773443222045898e+00,2.414311647415161133e+00,2.723598718643188477e+00,2.610068798065185547e+00,2.591866016387939453e+00,1.902054548263549805e+00,1.730879783630371094e+00,1.694256663322448730e+00,1.576015233993530273e+00,1.579544067382812500e+00,1.623439669609069824e+00,1.703980684280395508e+00,1.792356848716735840e+00,2.021562099456787109e+00,2.164453983306884766e+00,2.460122585296630859e+00,2.590850830078125000e+00,2.932446241378784180e+00,2.790839433670043945e+00,2.805660247802734375e+00,2.310529947280883789e+00,2.172556161880493164e+00,2.155602931976318359e+00,2.082811355590820312e+00,2.084654808044433594e+00,2.110529184341430664e+00,2.181402921676635742e+00,2.241094112396240234e+00,2.483695507049560547e+00,2.580016613006591797e+00,2.913183927536010742e+00,2.907233476638793945e+00,3.208283185958862305e+00,3.031747102737426758e+00,3.072021245956420898e+00
1.491697549819946289e+00,1.176638364791870117e+00,8.992044925689697266e-01,5.837835073471069336e-01,3.900962173938751221e-01,0.000000000000000000e+00,3.737700581550598145e-01,6.073665618896484375e-01,9.234674572944641113e-01,1.242804050445556641e+00,1.536009073257446289e+00,1.891507267951965332e+00,2.112893581390380859e+00,2.117853879928588867e+00,2.078701734542846680e+00,1.330403089523315430e+00,1.157754421234130859e+00,1.031717896461486816e+00,6.920449733734130859e-01,6.479138731956481934e-01,5.391774773597717285e-01,6.000370979309082031e-01,7.505735158920288086e-01,1.029666543006896973e+00,1.286648750305175781e+00,1.591802835464477539e+00,1.909914255142211914e+00,2.185903072357177734e+00,2.124234199523925781e+00,2.110220432281494141e+00,1.547013640403747559e+00,1.396356701850891113e+00,1.334230184555053711e+00,1.080998063087463379e+00,1.084735393524169922e+00,1.024921774864196777e+00,1.034491777420043945e+00,1.118215799331665039e+00,1.326414704322814941e+00,1.508251905441284180e+00,1.791924476623535156e+00,2.030514717102050781e+00,2.347141981124877930e+00,2.242154359817504883e+00,2.250138759613037109e+00,1.853366494178771973e+00,1.736555337905883789e+00,1.712029099464416504e+00,1.526379227638244629e+00,1.549252748489379883e+00,1.503989577293395996e+00,1.504711747169494629e+00,1.552863955497741699e+00,1.734376192092895508e+00,1.847026586532592773e+00,2.124594688415527344e+00,2.228715896606445312e+00,2.574837684631347656e+00,2.438256740570068359e+00,2.479945421218872070e+00,2.243843555450439453e+00,2.151396036148071289e+00,2.143395185470581055e+00,2.014617919921875000e+00,2.038550853729248047e+00,2.002419710159301758e+00,2.008364439010620117e+00,2.042852640151977539e+00,2.241753578186035156e+00,2.311115980148315430e+00,2.624284505844116211e+00,2.584872484207153320e+00,2.875328779220581055e+00,2.702476739883422852e+00,2.768844604492187500e+00
1.545050263404846191e+00,1.286831259727478027e+00,1.077732920646667480e+00,7.272884249687194824e-01,7.107668519020080566e-01,3.737700581550598145e-01,0.000000000000000000e+00,3.844377100467681885e-01,5.907933115959167480e-01,9.498622417449951172e-01,1.201925039291381836e+00,1.574060440063476562e+00,1.788648724555969238e+00,1.765080928802490234e+00,1.720068812370300293e+00,1.215873360633850098e+00,1.157533049583435059e+00,1.134917616844177246e+00,8.075909018516540527e-01,8.981948494911193848e-01,7.084195613861083984e-01,5.410447716712951660e-01,6.704682707786560059e-01,8.132436871528625488e-01,1.080301403999328613e+00,1.327308893203735352e+00,1.632048130035400391e+00,1.904063463211059570e+00,1.806774735450744629e+00,1.790580749511718750e+00,1.455832481384277344e+00,1.401713848114013672e+00,1.422202229499816895e+00,1.167386293411254883e+00,1.262228131294250488e+00,1.142632484436035156e+00,1.025367856025695801e+00,1.100092768669128418e+00,1.200430631637573242e+00,1.375514268875122070e+00,1.596098899841308594e+00,1.799889564514160156e+00,2.111245155334472656e+00,1.971545338630676270e+00,1.981496453285217285e+00,1.781218051910400391e+00,1.745410680770874023e+00,1.784927845001220703e+00,1.590045094490051270e+00,1.683141112327575684e+00,1.598041415214538574e+00,1.514395594596862793e+00,1.567572593688964844e+00,1.670902132987976074e+00,1.772143244743347168e+00,1.994434595108032227e+00,2.052241086959838867e+00,2.385137796401977539e+00,2.217586278915405273e+00,2.263625621795654297e+00,2.183143854141235352e+00,2.157269477844238281e+00,2.201320648193359375e+00,2.060123682022094727e+00,2.142788410186767578e+00,2.085258722305297852e+00,2.031869173049926758e+00,2.080799102783203125e+00,2.224012136459350586e+00,2.288779258728027344e+00,2.562044382095336914e+00,2.477264881134033203e+00,2.732198953628540039e+00,2.534439802169799805e+00,2.606050968170166016e+00
1.917840003967285156e+00,1.648799777030944824e+00,1.439558267593383789e+00,1.081590890884399414e+00,9.855445623397827148e-01,6.073665618896484375e-01,3.844377100467681885e-01,0.000000000000000000e+00,3.799500167369842529e-01,6.394224166870117188e-01,9.603075385093688965e-01,1.294773101806640625e+00,1.537415862083435059e+00,1.583089947700500488e+00,1.617399692535400391e+00,1.564730048179626465e+00,1.533552169799804688e+00,1.495054960250854492e+00,1.147406578063964844e+00,1.161580562591552734e+00,8.790859580039978027e-01,6.573676466941833496e-01,5.487765669822692871e-01,6.330167651176452637e-01,7.863095402717590332e-01,1.066307783126831055e+00,1.340094089508056641e+00,1.650236129760742188e+00,1.613073468208312988e+00,1.676684856414794922e+00,1.768122553825378418e+00,1.735417366027832031e+00,1.730780124664306641e+00,1.432662487030029297e+00,1.472894906997680664e+00,1.264146208763122559e+00,1.089284777641296387e+00,1.030384182929992676e+00,1.074016094207763672e+00,1.148421525955200195e+00,1.370093464851379395e+00,1.530269026756286621e+00,1.874370574951171875e+00,1.785245060920715332e+00,1.868781208992004395e+00,2.047809362411499023e+00,2.028619050979614258e+00,2.041565418243408203e+00,1.796167373657226562e+00,1.852732181549072266e+00,1.691634297370910645e+00,1.557267427444458008e+00,1.521609306335449219e+00,1.576463222503662109e+00,1.597724199295043945e+00,1.809259891510009766e+00,1.821402907371520996e+00,2.173084497451782227e+00,2.047259569168090820e+00,2.158205747604370117e+00,2.407397985458374023e+00,2.396784067153930664e+00,2.416744709014892578e+00,2.225411891937255859e+00,2.286737203598022461e+00,2.165434598922729492e+00,2.063831090927124023e+00,2.050501108169555664e+00,2.151121616363525391e+00,2.155253887176513672e+00,2.410593032836914062e+00,2.288365602493286133e+00,2.542491674423217773e+00,2.381102323532104492e+00,2.508228778839111328e+00
2.024272203445434570e+00,1.809328556060791016e+00,1.648657083511352539e+00,1.292898416519165039e+00,1.287649989128112793e+00,9.234674572944641113e-01,5.907933115959167480e-01,3.799500167369842529e-01,0.000000000000000000e+00,3.846375942230224609e-01,6.154405474662780762e-01,9.834297895431518555e-01,1.215378403663635254e+00,1.220961332321166992e+00,1.256477594375610352e+00,1.551793098449707031e+00,1.615512847900390625e+00,1.651483297348022461e+00,1.335586190223693848e+00,1.431049108505249023e+00,1.145409107208251953e+00,8.332473039627075195e-01,7.362263798713684082e-01,5.953966379165649414e-01,7.120260596275329590e-01,8.575879931449890137e-01,1.095153212547302246e+00,1.394992351531982422e+00,1.305857300758361816e+00,1.373263359069824219e+00,1.756610989570617676e+00,1.807706117630004883e+00,1.868384599685668945e+00,1.588886499404907227e+00,1.697466731071472168e+00,1.472152590751647949e+00,1.218975901603698730e+00,1.168633341789245605e+00,1.086269378662109375e+00,1.143061399459838867e+00,1.256686568260192871e+00,1.356503367424011230e+00,1.682890534400939941e+00,1.546990871429443359e+00,1.634669184684753418e+00,2.037034988403320312e+00,2.090831041336059570e+00,2.159025669097900391e+00,1.920308113098144531e+00,2.035974979400634766e+00,1.858451247215270996e+00,1.661601305007934570e+00,1.641526341438293457e+00,1.614096641540527344e+00,1.626095533370971680e+00,1.759543657302856445e+00,1.713138699531555176e+00,2.036039829254150391e+00,1.872049450874328613e+00,1.985623240470886230e+00,2.393654108047485352e+00,2.445138931274414062e+00,2.513054132461547852e+00,2.320497989654541016e+00,2.434563159942626953e+00,2.304975271224975586e+00,2.156185865402221680e+00,2.163968324661254883e+00,2.207903146743774414e+00,2.212697029113769531e+00,2.416969299316406250e+00,2.248711109161376953e+00,2.453753232955932617e+00,2.263957977294921875e+00,2.392241954803466797e+00
2.398646116256713867e+00,2.178451061248779297e+00,2.019325017929077148e+00,1.656801342964172363e+00,1.616203665733337402e+00,1.242804050445556641e+00,9.498622417449951172e-01,6.394224166870117188e-01,3.846375942230224609e-01,0.000000000000000000e+00,3.791345953941345215e-01,6.589630246162414551e-01,9.398021697998046875e-01,1.038489103317260742e+00,1.189924836158752441e+00,1.919257998466491699e+00,1.997650980949401855e+00,2.026045560836791992e+00,1.700176477432250977e+00,1.759089112281799316e+00,1.439453244209289551e+00,1.127051472663879395e+00,9.188832640647888184e-01,7.000838518142700195e-01,5.982900261878967285e-01,6.739947795867919922e-01,8.031417727470397949e-01,1.153101205825805664e+00,1.133253812789916992e+00,1.309123873710632324e+00,2.100682973861694336e+00,2.167386531829833984e+00,2.215663194656372070e+00,1.916436076164245605e+00,1.994616150856018066e+00,1.723248362541198730e+00,1.442763209342956543e+00,1.302702188491821289e+00,1.149726867675781250e+00,1.082328081130981445e+00,1.137390375137329102e+00,1.137097954750061035e+00,1.487384080886840820e+00,1.405052423477172852e+00,1.581572532653808594e+00,2.346285343170166016e+00,2.416209220886230469e+00,2.470541477203369141e+00,2.203917264938354492e+00,2.297884702682495117e+00,2.071491479873657227e+00,1.837664842605590820e+00,1.750444650650024414e+00,1.663224577903747559e+00,1.591834068298339844e+00,1.679978013038635254e+00,1.559780359268188477e+00,1.882120847702026367e+00,1.760314226150512695e+00,1.944172382354736328e+00,2.665469408035278320e+00,2.734423398971557617e+00,2.789518356323242188e+00,2.564031839370727539e+00,2.666574954986572266e+00,2.490741491317749023e+00,2.300616025924682617e+00,2.259681224822998047e+00,2.251825332641601562e+00,2.198600053787231445e+00,2.364107608795166016e+00,2.147794246673583984e+00,2.330394506454467773e+00,2.177287340164184570e+00,2.361304998397827148e+00
2.541975498199462891e+00,2.368820667266845703e+00,2.238071680068969727e+00,1.888785719871520996e+00,1.903075337409973145e+00,1.536009073257446289e+00,1.201925039291381836e+00,9.603075385093688965e-01,6.154405474662780762e-01,3.791345953941345215e-01,0.000000000000000000e+00,3.936831057071685791e-01,6.243087053298950195e-01,6.644116640090942383e-01,8.435822129249572754e-01,1.969725608825683594e+00,2.116143465042114258e+00,2.192721128463745117e+00,1.897099614143371582e+00,2.008433341979980469e+00,1.693588495254516602e+00,1.343199849128723145e+00,1.176489472389221191e+00,8.654797673225402832e-01,7.638971805572509766e-01,6.222333908081054688e-01,6.477771401405334473e-01,9.418913125991821289e-01,8.427250385284423828e-01,1.031850576400756836e+00,2.129491329193115234e+00,2.260865211486816406e+00,2.355337381362915039e+00,2.077522277832031250e+00,2.205032348632812500e+00,1.931397557258605957e+00,1.609311103820800781e+00,1.495872378349304199e+00,1.262173771858215332e+00,1.198870897293090820e+00,1.127501964569091797e+00,1.051554679870605469e+00,1.345426082611083984e+00,1.203105330467224121e+00,1.378805994987487793e+00,2.357310295104980469e+00,2.486835479736328125e+00,2.583613872528076172e+00,2.328855037689208984e+00,2.469325542449951172e+00,2.238456249237060547e+00,1.964257240295410156e+00,1.901613116264343262e+00,1.750907659530639648e+00,1.685366988182067871e+00,1.689121723175048828e+00,1.516728520393371582e+00,1.784921765327453613e+00,1.619517683982849121e+00,1.796331882476806641e+00,2.658464670181274414e+00,2.780853271484375000e+00,2.875498771667480469e+00,2.653895616531372070e+00,2.800708770751953125e+00,2.624297618865966797e+00,2.400175571441650391e+00,2.384965181350708008e+00,2.328901052474975586e+00,2.285911798477172852e+00,2.397379398345947266e+00,2.145804643630981445e+00,2.268878459930419922e+00,2.085120439529418945e+00,2.260351419448852539e+00
2.923682928085327148e+00,2.748510122299194336e+00,2.621903896331787109e+00,2.266480684280395508e+00,2.262885093688964844e+00,1.891507267951965332e+00,1.574060440063476562e+00,1.294773101806640625e+00,9.834297895431518555e-01,6.589630246162414551e-01,3.936831057071685791e-01,0.000000000000000000e+00,3.891355991363525391e-01,5.866361856460571289e-01,9.194551110267639160e-01,2.353593826293945312e+00,2.509084463119506836e+00,2.583503723144531250e+00,2.282322883605957031e+00,2.374181985855102539e+00,2.043517351150512695e+00,1.698666691780090332e+00,1.485828161239624023e+00,1.166928172111511230e+00,9.584028124809265137e-01,7.374023199081420898e-01,5.303642749786376953e-01,8.146532773971557617e-01,8.009538650512695312e-01,1.106997251510620117e+00,2.501450777053833008e+00,2.643588542938232422e+00,2.732485532760620117e+00,2.445358753204345703e+00,2.555137872695922852e+00,2.257598400115966797e+00,1.926233410835266113e+00,1.764655709266662598e+00,1.496509194374084473e+00,1.348326921463012695e+00,1.207477927207946777e+00,1.002899527549743652e+00,1.271009206771850586e+00,1.189038276672363281e+00,1.448064565658569336e+00,2.705357313156127930e+00,2.847718477249145508e+00,2.937584638595581055e+00,2.668154716491699219e+00,2.795223474502563477e+00,2.535243034362792969e+00,2.240235328674316406e+00,2.134567975997924805e+00,1.939827442169189453e+00,1.810729503631591797e+00,1.757861375808715820e+00,1.509894847869873047e+00,1.743722200393676758e+00,1.623386263847351074e+00,1.861152768135070801e+00,2.976142644882202148e+00,3.114079713821411133e+00,3.202334880828857422e+00,2.960679531097412109e+00,3.100913286209106445e+00,2.893716573715209961e+00,2.640437841415405273e+00,2.590844869613647461e+00,2.488940000534057617e+00,2.399185895919799805e+00,2.462437152862548828e+00,2.166854858398437500e+00,2.248239994049072266e+00,2.102723598480224609e+00,2.324620962142944336e+00
3.108600854873657227e+00,2.959450006484985352e+00,2.819433212280273438e+00,2.483782052993774414e+00,2.490292787551879883e+00,2.112893581390380859e+00,1.788648724555969238e+00,1.537415862083435059e+00,1.215378403663635254e+00,9.398021697998046875e-01,6.243087053298950195e-01,3.891355991363525391e-01,0.000000000000000000e+00,3.772983849048614502e-01,7.292495965957641602e-01,2.444596052169799805e+00,2.627537250518798828e+00,2.704423904418945312e+00,2.418877363204956055e+00,2.523586988449096680e+00,2.182764291763305664e+00,1.819764375686645508e+00,1.619235396385192871e+00,1.255134582519531250e+00,1.055726885795593262e+00,7.155588269233703613e-01,4.398415386676788330e-01,5.236781239509582520e-01,4.749204814434051514e-01,8.303806781768798828e-01,2.521347999572753906e+00,2.696452856063842773e+00,2.792266130447387695e+00,2.510741949081420898e+00,2.637246847152709961e+00,2.324206590652465820e+00,1.964439988136291504e+00,1.808680534362792969e+00,1.483067989349365234e+00,1.336367845535278320e+00,1.091159582138061523e+00,8.334122896194458008e-01,1.001213073730468750e+00,8.842973113059997559e-01,1.158206820487976074e+00,2.665731430053710938e+00,2.842340469360351562e+00,2.941547870635986328e+00,2.669105768203735352e+00,2.816314220428466797e+00,2.539429903030395508e+00,2.210547685623168945e+00,2.111918210983276367e+00,1.860586643218994141e+00,1.733558177947998047e+00,1.601027727127075195e+00,1.318924307823181152e+00,1.484684109687805176e+00,1.338258028030395508e+00,1.576477408409118652e+00,2.883564233779907227e+00,3.055943965911865234e+00,3.155810832977294922e+00,2.903784990310668945e+00,3.067875146865844727e+00,2.847005128860473633e+00,2.559998273849487305e+00,2.521360397338867188e+00,2.370122194290161133e+00,2.286087989807128906e+00,2.294035434722900391e+00,1.976019859313964844e+00,2.000430107116699219e+00,1.836075901985168457e+00,2.053112268447875977e+00
2.943479299545288086e+00,2.836285829544067383e+00,2.730173349380493164e+00,2.411736965179443359e+00,2.475526571273803711e+00,2.117853879928588867e+00,1.765080928802490234e+00,1.583089947700500488e+00,1.220961332321166992e+00,1.038489103317260742e+00,6.644116640090942383e-01,5.866361856460571289e-01,3.772983849048614502e-01,0.000000000000000000e+00,3.932292759418487549e-01,2.243871927261352539e+00,2.472409248352050781e+00,2.596617698669433594e+00,2.347693681716918945e+00,2.507704019546508789e+00,2.198361158370971680e+00,1.822957754135131836e+00,1.695556402206420898e+00,1.324071049690246582e+00,1.226232528686523438e+00,8.919678926467895508e-01,7.493651509284973145e-01,7.676411271095275879e-01,4.971028566360473633e-01,6.869223713874816895e-01,2.331108093261718750e+00,2.548814773559570312e+00,2.692798376083374023e+00,2.448128223419189453e+00,2.626945495605468750e+00,2.348461866378784180e+00,1.985627174377441406e+00,1.899516701698303223e+00,1.578330397605895996e+00,1.517086744308471680e+00,1.274378895759582520e+00,1.091178297996520996e+00,1.206984996795654297e+00,9.708558917045593262e-01,1.125381350517272949e+00,2.493043184280395508e+00,2.707817554473876953e+00,2.853764533996582031e+00,2.616629362106323242e+00,2.811305761337280273e+00,2.570519924163818359e+00,2.245347738265991211e+00,2.209784746170043945e+00,1.968873023986816406e+00,1.908974051475524902e+00,1.775323987007141113e+00,1.533532857894897461e+00,1.669314026832580566e+00,1.443431973457336426e+00,1.596036672592163086e+00,2.729537725448608398e+00,2.933659791946411133e+00,3.077958822250366211e+00,2.859308242797851562e+00,3.064003229141235352e+00,2.881194114685058594e+00,2.605933666229248047e+00,2.621996879577636719e+00,2.485051393508911133e+00,2.454073429107666016e+00,2.466590404510498047e+00,2.168985605239868164e+00,2.177619457244873047e+00,1.954637646675109863e+00,2.108046293258666992e+00
2.758173465728759766e+00,2.691411972045898438e+00,2.593863248825073242e+00,2.309313535690307617e+00,2.413923025131225586e+00,2.078701734542846680e+00,1.720068812370300293e+00,1.617399692535400391e+00,1.256477594375610352e+00,1.189924836158752441e+00,8.435822129249572754e-01,9.194551110267639160e-01,7.292495965957641602e-01,3.932292759418487549e-01,0.000000000000000000e+00,1.990685224533081055e+00,2.252468347549438477e+00,2.402000427246093750e+00,2.193290948867797852e+00,2.395400762557983398e+00,2.115617990493774414e+00,1.738498091697692871e+00,1.686143875122070312e+00,1.319232702255249023e+00,1.326374053955078125e+00,1.011011123657226562e+00,1.000085949897766113e+00,9.575756788253784180e-01,5.819910168647766113e-01,4.996264278888702393e-01,2.038891315460205078e+00,2.293366909027099609e+00,2.469352483749389648e+00,2.259958744049072266e+00,2.482630491256713867e+00,2.234617948532104492e+00,1.871970415115356445e+00,1.855781435966491699e+00,1.540311336517333984e+00,1.568666934967041016e+00,1.330539941787719727e+00,1.241324305534362793e+00,1.306566596031188965e+00,9.778331518173217773e-01,9.827550649642944336e-01,2.183425903320312500e+00,2.432403564453125000e+00,2.612871408462524414e+00,2.406776905059814453e+00,2.643544673919677734e+00,2.434505224227905273e+00,2.112607955932617188e+00,2.140401601791381836e+00,1.907894730567932129e+00,1.921103954315185547e+00,1.787161827087402344e+00,1.605420708656311035e+00,1.714893937110900879e+00,1.417781114578247070e+00,1.469631791114807129e+00,2.414319992065429688e+00,2.646755695343017578e+00,2.825710535049438477e+00,2.634780406951904297e+00,2.876633644104003906e+00,2.727953433990478516e+00,2.462982892990112305e+00,2.534118652343750000e+00,2.409454107284545898e+00,2.436707019805908203e+00,2.454517126083374023e+00,2.190928459167480469e+00,2.193909406661987305e+00,1.913835167884826660e+00,1.994014501571655273e+00
9.303348660469055176e-01,1.015464186668395996e+00,1.001282215118408203e+00,1.009929180145263672e+00,1.323496222496032715e+00,1.330403089523315430e+00,1.215873360633850098e+00,1.564730048179626465e+00,1.551793098449707031e+00,1.919257998466491699e+00,1.969725608825683594e+00,2.353593826293945312e+00,2.444596052169799805e+00,2.243871927261352539e+00,1.990685224533081055e+00,0.000000000000000000e+00,3.937709033489227295e-01,7.480679750442504883e-01,8.746282458305358887e-01,1.260398387908935547e+00,1.361246109008789062e+00,1.285566210746765137e+00,1.630811095237731934e+00,1.668704628944396973e+00,2.023123025894165039e+00,2.113711595535278320e+00,2.424099683761596680e+00,2.559417486190795898e+00,2.305908203125000000e+00,2.080514192581176758e+00,5.422536134719848633e-01,6.663665175437927246e-01,1.001646995544433594e+00,1.086962938308715820e+00,1.439794301986694336e+00,1.556951522827148438e+00,1.506264448165893555e+00,1.818161368370056152e+00,1.882381319999694824e+00,2.198640346527099609e+00,2.309539556503295898e+00,2.546558141708374023e+00,2.729888200759887695e+00,2.451144933700561523e+00,2.263144254684448242e+00,1.040875434875488281e+00,1.113961935043334961e+00,1.386829137802124023e+00,1.445313572883605957e+00,1.739910364151000977e+00,1.857613205909729004e+00,1.833833217620849609e+00,2.105373144149780273e+00,2.205851078033447266e+00,2.462531328201293945e+00,2.609485626220703125e+00,2.721531629562377930e+00,2.950042486190795898e+00,2.660903930664062500e+00,2.523647785186767578e+00,1.548754692077636719e+00,1.590738177299499512e+00,1.817415833473205566e+00,1.872925877571105957e+00,2.104927539825439453e+00,2.230514526367187500e+00,2.248505353927612305e+00,2.484628438949584961e+00,2.644653081893920898e+00,2.856947660446166992e+00,3.092672109603881836e+00,3.062878847122192383e+00,3.250727176666259766e+00,2.944591045379638672e+00,2.853599309921264648e+00
7.630407214164733887e-01,7.699818015098571777e-01,6.705715060234069824e-01,7.772827744483947754e-01,1.062190771102905273e+00,1.157754421234130859e+00,1.157533049583435059e+00,1.533552169799804688e+00,1.615512847900390625e+00,1.997650980949401855e+00,2.116143465042114258e+00,2.509084463119506836e+00,2.627537250518798828e+00,2.472409248352050781e+00,2.252468347549438477e+00,3.937709033489227295e-01,0.000000000000000000e+00,3.864781856536865234e-01,6.041597723960876465e-01,9.677001833915710449e-01,1.161321043968200684e+00,1.196040630340576172e+00,1.562866568565368652e+00,1.691021919250488281e+00,2.054306745529174805e+00,2.211536884307861328e+00,2.548016309738159180e+00,2.709703445434570312e+00,2.500200986862182617e+00,2.302663564682006836e+00,6.571352481842041016e-01,5.235325098037719727e-01,7.570790052413940430e-01,8.713325262069702148e-01,1.179205536842346191e+00,1.368214845657348633e+00,1.410650014877319336e+00,1.733602285385131836e+00,1.877038121223449707e+00,2.199834346771240234e+00,2.372439622879028320e+00,2.642652034759521484e+00,2.850370407104492188e+00,2.610714912414550781e+00,2.442656278610229492e+00,1.098827719688415527e+00,1.026526093482971191e+00,1.215616226196289062e+00,1.288408160209655762e+00,1.525613546371459961e+00,1.690560698509216309e+00,1.740096569061279297e+00,2.009071111679077148e+00,2.174404144287109375e+00,2.437644004821777344e+00,2.637501955032348633e+00,2.786315441131591797e+00,3.041028738021850586e+00,2.785346031188964844e+00,2.661758422851562500e+00,1.589840888977050781e+00,1.532747626304626465e+00,1.691039919853210449e+00,1.758168697357177734e+00,1.931358218193054199e+00,2.081658601760864258e+00,2.155379772186279297e+00,2.378242492675781250e+00,2.588768720626831055e+00,2.802217960357666016e+00,3.076930999755859375e+00,3.082819223403930664e+00,3.309572696685791016e+00,3.029936552047729492e+00,2.947227001190185547e+00
9.667593240737915039e-01,8.595140576362609863e-01,5.901280641555786133e-01,7.427735924720764160e-01,8.974839448928833008e-01,1.031717896461486816e+00,1.134917616844177246e+00,1.495054960250854492e+00,1.651483297348022461e+00,2.026045560836791992e+00,2.192721128463745117e+00,2.583503723144531250e+00,2.704423904418945312e+00,2.596617698669433594e+00,2.402000427246093750e+00,7.480679750442504883e-01,3.864781856536865234e-01,0.000000000000000000e+00,3.709928393363952637e-01,6.524026989936828613e-01,9.202484488487243652e-01,1.061899423599243164e+00,1.430661439895629883e+00,1.631133079528808594e+00,1.994833469390869141e+00,2.202093839645385742e+00,2.562373638153076172e+00,2.729836225509643555e+00,2.566616058349609375e+00,2.389411449432373047e+00,8.094462156295776367e-01,4.998479187488555908e-01,5.002441406250000000e-01,5.923393368721008301e-01,8.358263969421386719e-01,1.084648847579956055e+00,1.215610146522521973e+00,1.543212056159973145e+00,1.753780961036682129e+00,2.081572055816650391e+00,2.302787303924560547e+00,2.607131004333496094e+00,2.822761297225952148e+00,2.623762369155883789e+00,2.469741582870483398e+00,1.121869206428527832e+00,9.251452088356018066e-01,9.910047650337219238e-01,1.040478825569152832e+00,1.210300683975219727e+00,1.405209898948669434e+00,1.518421888351440430e+00,1.781526327133178711e+00,2.001152276992797852e+00,2.271669626235961914e+00,2.513288736343383789e+00,2.701337099075317383e+00,2.970305919647216797e+00,2.749349117279052734e+00,2.635307788848876953e+00,1.554907679557800293e+00,1.413058400154113770e+00,1.485441684722900391e+00,1.535254359245300293e+00,1.647163033485412598e+00,1.804191470146179199e+00,1.920791625976562500e+00,2.127506971359252930e+00,2.377856254577636719e+00,2.592483758926391602e+00,2.896538257598876953e+00,2.938881874084472656e+00,3.197289466857910156e+00,2.945063591003417969e+00,2.868420124053955078e+00
1.170165419578552246e+00,9.672076106071472168e-01,6.352916955947875977e-01,5.953993201255798340e-01,6.509061455726623535e-01,6.920449733734130859e-01,8.075909018516540527e-01,1.147406578063964844e+00,1.335586190223693848e+00,1.700176477432250977e+00,1.897099614143371582e+00,2.282322883605957031e+00,2.418877363204956055e+00,2.347693681716918945e+00,2.193290948867797852e+00,8.746282458305358887e-01,6.041597723960876465e-01,3.709928393363952637e-01,0.000000000000000000e+00,3.861348032951354980e-01,5.709213614463806152e-01,7.119762897491455078e-01,1.071005105972290039e+00,1.297604322433471680e+00,1.651044726371765137e+00,1.885947823524475098e+00,2.247424125671386719e+00,2.437155246734619141e+00,2.306072711944580078e+00,2.171016216278076172e+00,9.626160860061645508e-01,7.272753119468688965e-01,6.637521386146545410e-01,5.159713625907897949e-01,6.939868330955505371e-01,8.368914723396301270e-01,9.358160495758056641e-01,1.225304961204528809e+00,1.446252703666687012e+00,1.752434730529785156e+00,1.995392441749572754e+00,2.295202970504760742e+00,2.535711526870727539e+00,2.364745616912841797e+00,2.253823041915893555e+00,1.253722190856933594e+00,1.088306307792663574e+00,1.099469900131225586e+00,1.017389297485351562e+00,1.139414906501770020e+00,1.240093708038330078e+00,1.312820672988891602e+00,1.522792220115661621e+00,1.737917184829711914e+00,1.974989175796508789e+00,2.231417417526245117e+00,2.405421018600463867e+00,2.697631835937500000e+00,2.500884771347045898e+00,2.430658340454101562e+00,1.664341688156127930e+00,1.541800737380981445e+00,1.573307514190673828e+00,1.533430814743041992e+00,1.616553306579589844e+00,1.695507884025573730e+00,1.769012808799743652e+00,1.925067663192749023e+00,2.162447452545166016e+00,2.338878154754638672e+00,2.649295091629028320e+00,2.670574903488159180e+00,2.942179679870605469e+00,2.711701869964599609e+00,2.677498579025268555e+00
1.437840580940246582e+00,1.173090696334838867e+00,7.884530425071716309e-01,7.470147609710693359e-01,5.804682970046997070e-01,6.479138731956481934e-01,8.981948494911193848e-01,1.161580562591552734e+00,1.431049108505249023e+00,1.759089112281799316e+00,2.008433341979980469e+00,2.374181985855102539e+00,2.523586988449096680e+00,2.507704019546508789e+00,2.395400762557983398e+00,1.260398387908935547e+00,9.677001833915710449e-01,6.524026989936828613e-01,3.861348032951354980e-01,0.000000000000000000e+00,3.884058594703674316e-01,7.145042419433593750e-01,1.000488996505737305e+00,1.314663171768188477e+00,1.632948398590087891e+00,1.924962878227233887e+00,2.291829586029052734e+00,2.497051000595092773e+00,2.424258470535278320e+00,2.329935789108276367e+00,1.296562910079956055e+00,1.017266869544982910e+00,8.104156851768493652e-01,5.822797417640686035e-01,5.052194595336914062e-01,6.548215150833129883e-01,8.726239204406738281e-01,1.103296160697937012e+00,1.404619932174682617e+00,1.681720376014709473e+00,1.981737613677978516e+00,2.299672603607177734e+00,2.556557178497314453e+00,2.441140651702880859e+00,2.366125583648681641e+00,1.501189112663269043e+00,1.272164583206176758e+00,1.161603808403015137e+00,1.018820166587829590e+00,1.000849723815917969e+00,1.083285331726074219e+00,1.221331954002380371e+00,1.374199509620666504e+00,1.648723363876342773e+00,1.863163352012634277e+00,2.168905735015869141e+00,2.370208024978637695e+00,2.682660818099975586e+00,2.536181688308715820e+00,2.496748924255371094e+00,1.841596007347106934e+00,1.661101937294006348e+00,1.599107146263122559e+00,1.516675233840942383e+00,1.505897879600524902e+00,1.554751873016357422e+00,1.661696076393127441e+00,1.762968182563781738e+00,2.038151264190673828e+00,2.189902544021606445e+00,2.532811403274536133e+00,2.583173036575317383e+00,2.890077590942382812e+00,2.702746868133544922e+00,2.694192647933959961e+00
1.695286512374877930e+00,1.429474234580993652e+00,1.073304057121276855e+00,9.030662775039672852e-01,7.090967893600463867e-01,5.391774773597717285e-01,7.084195613861083984e-01,8.790859580039978027e-01,1.145409107208251953e+00,1.439453244209289551e+00,1.693588495254516602e+00,2.043517351150512695e+00,2.182764291763305664e+00,2.198361158370971680e+00,2.115617990493774414e+00,1.361246109008789062e+00,1.161321043968200684e+00,9.202484488487243652e-01,5.709213614463806152e-01,3.884058594703674316e-01,0.000000000000000000e+00,3.787251710891723633e-01,6.187171339988708496e-01,9.480338096618652344e-01,1.254457473754882812e+00,1.557154059410095215e+00,1.925150156021118164e+00,2.131926298141479492e+00,2.086720705032348633e+00,2.024053573608398438e+00,1.377307057380676270e+00,1.182844877243041992e+00,1.013673663139343262e+00,6.807674169540405273e-01,6.047071218490600586e-01,4.862630367279052734e-01,5.781543254852294922e-01,7.439928054809570312e-01,1.038409829139709473e+00,1.297960638999938965e+00,1.605398774147033691e+00,1.920116066932678223e+00,2.186499118804931641e+00,2.092532634735107422e+00,2.051155567169189453e+00,1.551321864128112793e+00,1.388311743736267090e+00,1.286402225494384766e+00,1.044734358787536621e+00,1.029255390167236328e+00,9.657739400863647461e-01,1.001996874809265137e+00,1.090177536010742188e+00,1.329790711402893066e+00,1.511142849922180176e+00,1.814728856086730957e+00,1.998487234115600586e+00,2.322686910629272461e+00,2.192021369934082031e+00,2.188122987747192383e+00,1.862443804740905762e+00,1.733201861381530762e+00,1.671422481536865234e+00,1.508493542671203613e+00,1.509266257286071777e+00,1.464087963104248047e+00,1.489407062530517578e+00,1.544342637062072754e+00,1.777434468269348145e+00,1.892347097396850586e+00,2.224508047103881836e+00,2.243540048599243164e+00,2.550096988677978516e+00,2.374920368194580078e+00,2.402026653289794922e+00
