,A1,A2,A3,A4,A5,A6,A7,A8,A9,A10,A11,A12,A13,A14,A15,B1,B2,B3,B4,B5,B6,B7,B8,B9,B10,B11,B12,B13,B14,B15,C1,C2,C3,C4,C5,C6,C7,C8,C9,C10,C11,C12,C13,C14,C15,D1,D2,D3,D4,D5,D6,D7,D8,D9,D10,D11,D12,D13,D14,D15,E1,E2,E3,E4,E5,E6,E7,E8,E9,E10,E11,E12,E13,E14,E15
A1,0.0,0.3802136480808258,0.6640160083770752,0.729591965675354,1.108393669128418,1.4043011665344238,1.5107159614562988,1.8819806575775146,2.037682294845581,2.401951551437378,2.64046573638916,2.9213242530822754,3.200208902359009,3.1243510246276855,2.972461462020874,1.3718818426132202,1.2018218040466309,1.2657535076141357,1.302635669708252,1.4226124286651611,1.7182977199554443,1.8908132314682007,2.2115964889526367,2.4275779724121094,2.774178981781006,3.013331651687622,3.2284176349639893,3.545037031173706,3.4817159175872803,3.392482280731201,1.9766045808792114,1.8391692638397217,1.8822776079177856,1.8985108137130737,1.9221851825714111,2.161282539367676,2.356959819793701,2.6360247135162354,2.860438346862793,3.180607318878174,3.4245433807373047,3.5988075733184814,3.969303846359253,3.9423139095306396,3.6762325763702393,2.3990938663482666,2.327871799468994,2.3399949073791504,2.4114770889282227,2.4395360946655273,2.6717019081115723,2.863236665725708,3.1409504413604736,3.350480556488037,3.633870840072632,3.8728413581848145,4.004229545593262,4.342273235321045,4.326767921447754,3.991387367248535,2.461562395095825,2.222961902618408,2.2886407375335693,2.6661572456359863,2.856189012527466,3.1554033756256104,3.328258752822876,3.6605169773101807,3.865841865539551,4.150187969207764,4.379639625549316,4.452096939086914,4.7673516273498535,4.8599162101745605,4.894688129425049
A2,0.3802136480808258,0.0,0.39620065689086914,0.6132180094718933,0.8931412696838379,1.236781358718872,1.4311851263046265,1.7903475761413574,1.9936940670013428,2.3520596027374268,2.6003501415252686,2.914391279220581,3.1965248584747314,3.167797803878784,3.0383214950561523,1.384878158569336,1.1964079141616821,1.1370773315429688,1.137945294380188,1.1566635370254517,1.4755866527557373,1.7092125415802002,2.0201900005340576,2.2752580642700195,2.6228127479553223,2.8823328018188477,3.1272189617156982,3.450625419616699,3.431302785873413,3.359457015991211,1.8744524717330933,1.7330559492111206,1.7015094757080078,1.6810511350631714,1.6393609046936035,1.8810838460922241,2.1155500411987305,2.384511947631836,2.6394684314727783,2.9638164043426514,3.2240302562713623,3.4266045093536377,3.7924208641052246,3.7912821769714355,3.5534441471099854,2.217372417449951,2.151144027709961,2.1153316497802734,2.14709734916687,2.1320993900299072,2.3585526943206787,2.57519268989563,2.8409390449523926,3.0760161876678467,3.358494758605957,3.6180508136749268,3.7622082233428955,4.109137058258057,4.10049295425415,3.7799201011657715,2.1984810829162598,1.9414899349212646,1.9963866472244263,2.3669846057891846,2.5295560359954834,2.8252503871917725,3.017099142074585,3.337563991546631,3.562016487121582,3.8411383628845215,4.089017868041992,4.1750335693359375,4.485849857330322,4.591827869415283,4.649752616882324
A3,0.6640160083770752,0.39620065689086914,0.0,0.389901340007782,0.6043539047241211,0.913913905620575,1.1259418725967407,1.482974648475647,1.6833752393722534,2.0421719551086426,2.273287534713745,2.606687545776367,2.878525972366333,2.878218412399292,2.757244348526001,1.1026583909988403,0.947299599647522,0.8197664618492126,0.7557032108306885,0.7716194987297058,1.0857630968093872,1.3186942338943481,1.6376734972000122,1.8894641399383545,2.241307258605957,2.497983455657959,2.7555737495422363,3.0762479305267334,3.074089288711548,3.007802963256836,1.5248552560806274,1.422623872756958,1.3798972368240356,1.3128478527069092,1.288973331451416,1.5079842805862427,1.7251803874969482,1.9969536066055298,2.2448368072509766,2.5699307918548584,2.82800555229187,3.0316274166107178,3.3966634273529053,3.3999688625335693,3.167001962661743,1.849417805671692,1.8199230432510376,1.8020669221878052,1.8078616857528687,1.8244438171386719,2.025848865509033,2.2156689167022705,2.4816031455993652,2.7022716999053955,2.9815773963928223,3.233959197998047,3.3724372386932373,3.7176573276519775,3.708306312561035,3.3871853351593018,1.8228332996368408,1.59121835231781,1.6905187368392944,2.0737204551696777,2.261185884475708,2.53545880317688,2.6973750591278076,3.0197694301605225,3.224663734436035,3.4983606338500977,3.733894109725952,3.804898977279663,4.114810943603516,4.212045669555664,4.261387825012207
A4,0.729591965675354,0.6132180094718933,0.389901340007782,0.0,0.4232466518878937,0.675114095211029,0.8207821846008301,1.183673620223999,1.3847997188568115,1.7400213479995728,1.9985780715942383,2.310915231704712,2.6035046577453613,2.590392827987671,2.494385242462158,0.997265636920929,0.9821733832359314,0.9511515498161316,0.7710635662078857,0.8737394213676453,1.0706700086593628,1.2169586420059204,1.5057464838027954,1.7475733757019043,2.078319549560547,2.3474175930023193,2.5615928173065186,2.896641254425049,2.8720240592956543,2.8324666023254395,1.5421133041381836,1.531617283821106,1.5524072647094727,1.4310909509658813,1.4614434242248535,1.5991743803024292,1.7499648332595825,1.9856146574020386,2.219318151473999,2.5119166374206543,2.780733823776245,2.9404056072235107,3.3168210983276367,3.275386333465576,3.0341691970825195,1.9257622957229614,1.9656662940979004,2.0056068897247314,1.9850322008132935,2.04282283782959,2.1894357204437256,2.3307783603668213,2.569941997528076,2.76884126663208,3.016730308532715,3.2607033252716064,3.3568406105041504,3.7020609378814697,3.6556148529052734,3.3086910247802734,1.9114749431610107,1.7517509460449219,1.9197776317596436,2.3086767196655273,2.509735107421875,2.7498998641967773,2.8781228065490723,3.188520908355713,3.369962692260742,3.620927333831787,3.8410332202911377,3.872929573059082,4.167444229125977,4.231215476989746,4.253514766693115
A5,1.108393669128418,0.8931412696838379,0.6043539047241211,0.4232466518878937,0.0,0.3808352053165436,0.6979727745056152,0.9808133840560913,1.2667237520217896,1.581303358078003,1.8673275709152222,2.2061243057250977,2.509536027908325,2.5597236156463623,2.5174057483673096,1.1749521493911743,1.2126123905181885,1.0723305940628052,0.7700245380401611,0.7080755233764648,0.8070173263549805,0.9986898303031921,1.2224382162094116,1.5290586948394775,1.8341660499572754,2.1446855068206787,2.3709707260131836,2.721912384033203,2.7512922286987305,2.7589290142059326,1.5549283027648926,1.6032390594482422,1.554987907409668,1.3342368602752686,1.2950559854507446,1.3514409065246582,1.5089716911315918,1.6883313655853271,1.9631532430648804,2.232393503189087,2.5356485843658447,2.705801248550415,3.080052614212036,3.0460665225982666,2.8469247817993164,1.830904245376587,1.9314666986465454,1.9414739608764648,1.8357383012771606,1.860306978225708,1.943421483039856,2.0801146030426025,2.273867130279541,2.494875907897949,2.713850259780884,2.983272075653076,3.065535068511963,3.4237112998962402,3.3592612743377686,3.0169756412506104,1.686240553855896,1.5652503967285156,1.775037169456482,2.14790415763855,2.3165621757507324,2.5169057846069336,2.6425516605377197,2.922515392303467,3.1120245456695557,3.3354225158691406,3.57010817527771,3.5915491580963135,3.8666415214538574,3.92467999458313,3.9614179134368896
A6,1.4043011665344238,1.236781358718872,0.913913905620575,0.675114095211029,0.3808352053165436,0.0,0.38407397270202637,0.6153355240821838,0.911170482635498,1.2122232913970947,1.4971047639846802,1.8426047563552856,2.1458935737609863,2.219627857208252,2.2043612003326416,1.0883346796035767,1.237533450126648,1.1220886707305908,0.7476507425308228,0.7507528066635132,0.6651076674461365,0.7246346473693848,0.9023711085319519,1.1937119960784912,1.480825424194336,1.796941876411438,2.0035483837127686,2.3603549003601074,2.39200758934021,2.423452377319336,1.413148283958435,1.5559465885162354,1.5433253049850464,1.2695368528366089,1.2946147918701172,1.257040023803711,1.322380542755127,1.4644054174423218,1.7081737518310547,1.9474241733551025,2.2504220008850098,2.387138605117798,2.766021490097046,2.705470085144043,2.5048513412475586,1.68759286403656,1.8614990711212158,1.9244581460952759,1.7924597263336182,1.8745872974395752,1.8986507654190063,1.9669039249420166,2.137988328933716,2.3191723823547363,2.510448932647705,2.75937557220459,2.8068759441375732,3.1586453914642334,3.0708189010620117,2.7116754055023193,1.5570584535598755,1.5251778364181519,1.8005168437957764,2.1638269424438477,2.3577558994293213,2.5151729583740234,2.5877058506011963,2.857353925704956,3.0076565742492676,3.210601568222046,3.4178197383880615,3.4009740352630615,3.6647541522979736,3.6931540966033936,3.7020950317382812
A7,1.5107159614562988,1.4311851263046265,1.1259418725967407,0.8207821846008301,0.6979727745056152,0.38407397270202637,0.0,0.3869859576225281,0.5790032148361206,0.9225701093673706,1.1971962451934814,1.51930570602417,1.8260760307312012,1.8647594451904297,1.8436408042907715,0.9359688758850098,1.1943787336349487,1.187742829322815,0.8382853865623474,0.9978315830230713,0.8715457320213318,0.7516472339630127,0.9157174229621887,1.0957125425338745,1.368013620376587,1.6476949453353882,1.802568793296814,2.154492139816284,2.1325156688690186,2.158170461654663,1.34866201877594,1.5521090030670166,1.6289892196655273,1.3824206590652466,1.508251667022705,1.4536921977996826,1.4287375211715698,1.5696519613265991,1.7389277219772339,1.9535173177719116,2.22373628616333,2.3049156665802,2.6882057189941406,2.5831079483032227,2.3450868129730225,1.712531566619873,1.9141103029251099,2.049553155899048,1.9543070793151855,2.104208469390869,2.121222496032715,2.133376121520996,2.3104922771453857,2.436222791671753,2.615360975265503,2.8221447467803955,2.8389031887054443,3.170565128326416,3.0668509006500244,2.6867034435272217,1.6994684934616089,1.7182093858718872,2.0156590938568115,2.3796427249908447,2.612142562866211,2.759155035018921,2.7889771461486816,3.066354751586914,3.175581455230713,3.3749313354492188,3.5450587272644043,3.495997190475464,3.7581193447113037,3.757636547088623,3.725571632385254
A8,1.8819806575775146,1.7903475761413574,1.482974648475647,1.183673620223999,0.9808133840560913,0.6153355240821838,0.3869859576225281,0.0,0.38139021396636963,0.6079490780830383,0.9387515783309937,1.260312557220459,1.5868861675262451,1.6830413341522217,1.7406940460205078,1.2397878170013428,1.5339007377624512,1.508859395980835,1.1412609815597534,1.2418080568313599,1.0049028396606445,0.8034509420394897,0.7938220500946045,0.9526464939117432,1.1349246501922607,1.4427756071090698,1.5496324300765991,1.9184728860855103,1.9227243661880493,2.0151612758636475,1.5261346101760864,1.7935596704483032,1.858385443687439,1.5632438659667969,1.6784855127334595,1.5330387353897095,1.441498041152954,1.490594744682312,1.6406078338623047,1.785781979560852,2.070434808731079,2.1086220741271973,2.4881985187530518,2.348050355911255,2.139113664627075,1.8150469064712524,2.081186532974243,2.2264487743377686,2.0810165405273438,2.23576283454895,2.1836698055267334,2.1475794315338135,2.267683982849121,2.3711800575256348,2.4969213008880615,2.6970696449279785,2.665553569793701,2.9932756423950195,2.848635196685791,2.456376075744629,1.7451499700546265,1.8419760465621948,2.1763556003570557,2.512248992919922,2.7306971549987793,2.828213691711426,2.8255579471588135,3.0687129497528076,3.154829263687134,3.3157999515533447,3.47214674949646,3.384695529937744,3.617842435836792,3.5847158432006836,3.5356431007385254
A9,2.037682294845581,1.9936940670013428,1.6833752393722534,1.3847997188568115,1.2667237520217896,0.911170482635498,0.5790032148361206,0.38139021396636963,0.0,0.38169065117836,0.6279650330543518,0.9410241842269897,1.2535834312438965,1.3188332319259644,1.3596172332763672,1.1618705987930298,1.5162180662155151,1.5594332218170166,1.23896324634552,1.4307992458343506,1.1941885948181152,0.8959152102470398,0.897043764591217,0.8882060050964355,1.0474728345870972,1.2749459743499756,1.3309565782546997,1.6788910627365112,1.6211915016174316,1.6933890581130981,1.4348164796829224,1.7472015619277954,1.8808372020721436,1.6224054098129272,1.8189791440963745,1.6766680479049683,1.516459345817566,1.582123875617981,1.6435704231262207,1.7720590829849243,2.000856876373291,1.9878194332122803,2.363064765930176,2.1895947456359863,1.9343758821487427,1.7773845195770264,2.0580859184265137,2.2644412517547607,2.159641981124878,2.375424861907959,2.3280482292175293,2.2442739009857178,2.381396770477295,2.4261066913604736,2.5508944988250732,2.699575662612915,2.6505887508392334,2.9494128227233887,2.806001663208008,2.4042348861694336,1.8294216394424438,1.960032343864441,2.3010644912719727,2.6312854290008545,2.8874258995056152,2.9797232151031494,2.936506509780884,3.1915087699890137,3.2356162071228027,3.4002797603607178,3.5159177780151367,3.4050872325897217,3.6426477432250977,3.589108467102051,3.5005316734313965
A10,2.401951551437378,2.3520596027374268,2.0421719551086426,1.7400213479995728,1.581303358078003,1.2122232913970947,0.9225701093673706,0.6079490780830383,0.38169065117836,0.0,0.3949747681617737,0.6671105623245239,1.007385492324829,1.145341157913208,1.2951666116714478,1.5236473083496094,1.8844265937805176,1.9159140586853027,1.5884150266647339,1.7413594722747803,1.4552778005599976,1.136894702911377,1.0116180181503296,0.9441152215003967,0.9563009738922119,1.1699185371398926,1.1283574104309082,1.4804872274398804,1.4364445209503174,1.591948390007019,1.7086554765701294,2.053706407546997,2.177567958831787,1.8948545455932617,2.0793254375457764,1.8792425394058228,1.6721900701522827,1.656762957572937,1.6815820932388306,1.7261548042297363,1.948013186454773,1.8723537921905518,2.2312803268432617,2.0086402893066406,1.7830499410629272,1.9821923971176147,2.3042938709259033,2.5164949893951416,2.378572940826416,2.5961804389953613,2.4967339038848877,2.3716847896575928,2.4564733505249023,2.471783399581909,2.5408079624176025,2.6703436374664307,2.567979574203491,2.8505735397338867,2.663950204849243,2.2539687156677246,1.9964526891708374,2.183884620666504,2.5441040992736816,2.84737491607666,3.090745687484741,3.1415858268737793,3.068491220474243,3.290501594543457,3.3084917068481445,3.435246706008911,3.530519485473633,3.3798131942749023,3.5853042602539062,3.494778633117676,3.3814821243286133
A11,2.64046573638916,2.6003501415252686,2.273287534713745,1.9985780715942383,1.8673275709152222,1.4971047639846802,1.1971962451934814,0.9387515783309937,0.6279650330543518,0.3949747681617737,0.0,0.39139506220817566,0.658409059047699,0.8445830941200256,1.0001258850097656,1.5856703519821167,1.9590734243392944,2.0093491077423096,1.7243101596832275,1.9110647439956665,1.6162015199661255,1.2497385740280151,1.1217774152755737,0.9073373675346375,0.8565699458122253,0.9388722777366638,0.827820897102356,1.144336462020874,1.0518407821655273,1.206978440284729,1.6539915800094604,2.032367706298828,2.1897382736206055,1.9330496788024902,2.1692988872528076,1.959922432899475,1.6927039623260498,1.677581548690796,1.6098172664642334,1.6242642402648926,1.7755346298217773,1.645731806755066,1.9881129264831543,1.7391716241836548,1.4733837842941284,1.9082905054092407,2.2479634284973145,2.502847671508789,2.3882503509521484,2.653923749923706,2.5460760593414307,2.370725154876709,2.4603564739227295,2.4134275913238525,2.4743142127990723,2.546797037124634,2.427823543548584,2.6742165088653564,2.4951374530792236,2.0870089530944824,2.00927734375,2.2362496852874756,2.598316192626953,2.8787269592285156,3.148124933242798,3.1815226078033447,3.0636489391326904,3.286888837814331,3.2589752674102783,3.3826260566711426,3.4338061809539795,3.2594759464263916,3.465437889099121,3.356203556060791,3.2055490016937256
A12,2.9213242530822754,2.914391279220581,2.606687545776367,2.310915231704712,2.2061243057250977,1.8426047563552856,1.51930570602417,1.260312557220459,0.9410241842269897,0.6671105623245239,0.39139506220817566,0.0,0.36880022287368774,0.5452077984809875,0.8300989270210266,1.8719069957733154,2.2587332725524902,2.349658727645874,2.082021474838257,2.290076732635498,2.004500389099121,1.6387869119644165,1.508447527885437,1.2795376777648926,1.1739099025726318,1.1800718307495117,0.9450762867927551,1.178043007850647,0.9966405630111694,1.1920108795166016,1.9759926795959473,2.35501766204834,2.5416436195373535,2.3050100803375244,2.5551421642303467,2.3474884033203125,2.0696821212768555,2.0404622554779053,1.9422407150268555,1.9133503437042236,2.02420973777771,1.8305165767669678,2.1347384452819824,1.8318030834197998,1.5660631656646729,2.2480926513671875,2.584404945373535,2.859283208847046,2.7589094638824463,3.035998582839966,2.9235377311706543,2.7319154739379883,2.808525323867798,2.7356510162353516,2.770141124725342,2.8105013370513916,2.6566615104675293,2.8690640926361084,2.6662142276763916,2.263756036758423,2.38246488571167,2.6183507442474365,2.978724956512451,3.2539849281311035,3.528305768966675,3.5532214641571045,3.4194090366363525,3.633354663848877,3.5838077068328857,3.6914873123168945,3.717315196990967,3.515937566757202,3.7019524574279785,3.5621531009674072,3.37723970413208
A13,3.200208902359009,3.1965248584747314,2.878525972366333,2.6035046577453613,2.509536027908325,2.1458935737609863,1.8260760307312012,1.5868861675262451,1.2535834312438965,1.007385492324829,0.658409059047699,0.36880022287368774,0.0,0.4012569189071655,0.7154462933540344,2.0578181743621826,2.438955307006836,2.5371291637420654,2.3014726638793945,2.521387815475464,2.2327375411987305,1.851680040359497,1.7195048332214355,1.4263153076171875,1.281325340270996,1.1721574068069458,0.8701457381248474,0.986838698387146,0.7211577296257019,0.9308774471282959,2.0700738430023193,2.4592444896698,2.6629557609558105,2.449369192123413,2.7262237071990967,2.5130932331085205,2.2017829418182373,2.167668104171753,2.0053093433380127,1.9449820518493652,1.9862065315246582,1.7415155172348022,2.0040605068206787,1.676814317703247,1.3903100490570068,2.3088839054107666,2.649287223815918,2.9491984844207764,2.865647554397583,3.171597957611084,3.0508458614349365,2.8234164714813232,2.896775960922241,2.7747926712036133,2.7954440116882324,2.7838103771209717,2.6129581928253174,2.782050371170044,2.5857796669006348,2.200438976287842,2.498138189315796,2.7594053745269775,3.1148176193237305,3.365912914276123,3.654137372970581,3.661825656890869,3.492995262145996,3.701032876968384,3.6127235889434814,3.711839199066162,3.6975889205932617,3.474508047103882,3.6531553268432617,3.4939913749694824,3.2742176055908203
A14,3.1243510246276855,3.167797803878784,2.878218412399292,2.590392827987671,2.5597236156463623,2.219627857208252,1.8647594451904297,1.6830413341522217,1.3188332319259644,1.145341157913208,0.8445830941200256,0.5452077984809875,0.4012569189071655,0.0,0.40226560831069946,1.9947173595428467,2.3815529346466064,2.54058575630188,2.3395166397094727,2.61114239692688,2.366920232772827,1.9924339056015015,1.9281713962554932,1.649330496788025,1.5791486501693726,1.478872299194336,1.225951075553894,1.32496178150177,0.9898626804351807,1.0671162605285645,2.110881805419922,2.4759509563446045,2.7259435653686523,2.5561091899871826,2.8609514236450195,2.6949570178985596,2.40626859664917,2.4258055686950684,2.275132179260254,2.2628321647644043,2.29813551902771,2.0745673179626465,2.3400068283081055,2.028149366378784,1.7064589262008667,2.439614772796631,2.7415714263916016,3.061568021774292,3.024182081222534,3.3424954414367676,3.2644028663635254,3.0591230392456055,3.171497106552124,3.059119462966919,3.114311933517456,3.1032228469848633,2.957759380340576,3.126032590866089,2.9521100521087646,2.5695199966430664,2.6994142532348633,2.922696828842163,3.262664794921875,3.5371408462524414,3.844558000564575,3.8857080936431885,3.732085704803467,3.9675254821777344,3.8884940147399902,4.014073371887207,4.002377033233643,3.7967755794525146,3.994685173034668,3.848646879196167,3.6281774044036865
A15,2.972461462020874,3.0383214950561523,2.757244348526001,2.494385242462158,2.5174057483673096,2.2043612003326416,1.8436408042907715,1.7406940460205078,1.3596172332763672,1.2951666116714478,1.0001258850097656,0.8300989270210266,0.7154462933540344,0.40226560831069946,0.0,1.7838534116744995,2.155925750732422,2.3527820110321045,2.2068169116973877,2.5210258960723877,2.320617914199829,1.9537192583084106,1.9616612195968628,1.6702852249145508,1.6760350465774536,1.5507988929748535,1.375288486480713,1.4555257558822632,1.0902849435806274,1.0129971504211426,1.907331109046936,2.247777223587036,2.5362355709075928,2.4202256202697754,2.759704113006592,2.6410059928894043,2.3646156787872314,2.444443464279175,2.2828786373138428,2.3259663581848145,2.3361544609069824,2.148859739303589,2.419694662094116,2.1506268978118896,1.7827762365341187,2.2896728515625,2.5507850646972656,2.8923487663269043,2.906672239303589,3.246685743331909,3.211247444152832,3.0175390243530273,3.175630569458008,3.0589301586151123,3.1588075160980225,3.137791156768799,3.0345537662506104,3.2005553245544434,3.0723893642425537,2.699038028717041,2.6376523971557617,2.8297038078308105,3.145484209060669,3.4265904426574707,3.7571587562561035,3.8263747692108154,3.676980972290039,3.9416086673736572,3.8626046180725098,4.021300315856934,4.005515098571777,3.826326370239258,4.054646015167236,3.9351375102996826,3.7209737300872803
B1,1.3718818426132202,1.384878158569336,1.1026583909988403,0.997265636920929,1.1749521493911743,1.0883346796035767,0.9359688758850098,1.2397878170013428,1.1618705987930298,1.5236473083496094,1.5856703519821167,1.8719069957733154,2.0578181743621826,1.9947173595428467,1.7838534116744995,0.0,0.39480164647102356,0.6422210335731506,0.6404148936271667,1.0558373928070068,1.1348479986190796,1.0294275283813477,1.3733348846435547,1.3791720867156982,1.729835033416748,1.8472360372543335,2.0545425415039062,2.312164306640625,2.209646224975586,2.0610642433166504,0.789713978767395,0.8682567477226257,1.1241084337234497,1.1166306734085083,1.4149961471557617,1.53675377368927,1.5150578022003174,1.819136619567871,1.879413366317749,2.1833300590515137,2.333134174346924,2.445099115371704,2.8033018112182617,2.7544355392456055,2.4318227767944336,1.3724397420883179,1.422558069229126,1.6439653635025024,1.743375539779663,1.9924801588058472,2.142015218734741,2.1543431282043457,2.4525632858276367,2.5165703296661377,2.7883434295654297,2.9226596355438232,3.015817642211914,3.30310320854187,3.2948811054229736,2.9478628635406494,1.6917600631713867,1.624450922012329,1.8284245729446411,2.198073148727417,2.517564296722412,2.7336277961730957,2.74446964263916,3.094451904296875,3.169445514678955,3.4430954456329346,3.568519115447998,3.564502000808716,3.885713815689087,3.925295352935791,3.877166986465454
B2,1.2018218040466309,1.1964079141616821,0.947299599647522,0.9821733832359314,1.2126123905181885,1.237533450126648,1.1943787336349487,1.5339007377624512,1.5162180662155151,1.8844265937805176,1.9590734243392944,2.2587332725524902,2.438955307006836,2.3815529346466064,2.155925750732422,0.39480164647102356,0.0,0.39766478538513184,0.6235785484313965,0.996531069278717,1.198261022567749,1.207671880722046,1.583961844444275,1.634200930595398,2.004467725753784,2.1258976459503174,2.372730016708374,2.6211371421813965,2.541677236557007,2.3715038299560547,0.8430660367012024,0.7274303436279297,0.9478775262832642,1.0465134382247925,1.3083713054656982,1.52657949924469,1.5844874382019043,1.9293495416641235,2.017855644226074,2.357861280441284,2.504499912261963,2.664497137069702,3.0122976303100586,3.0077762603759766,2.6972084045410156,1.3737552165985107,1.3135768175125122,1.480682373046875,1.636533260345459,1.8526374101638794,2.0692036151885986,2.136606216430664,2.4675133228302,2.559725046157837,2.8669469356536865,3.015021324157715,3.153169631958008,3.4438209533691406,3.471458911895752,3.1485447883605957,1.6935932636260986,1.5391937494277954,1.6672255992889404,2.0389404296875,2.3535869121551514,2.6119613647460938,2.6605300903320312,3.0281803607940674,3.130690813064575,3.431825637817383,3.576251268386841,3.615699529647827,3.9543964862823486,4.029632568359375,4.011168479919434
B3,1.2657535076141357,1.1370773315429688,0.8197664618492126,0.9511515498161316,1.0723305940628052,1.1220886707305908,1.187742829322815,1.508859395980835,1.5594332218170166,1.9159140586853027,2.0093491077423096,2.349658727645874,2.5371291637420654,2.54058575630188,2.3527820110321045,0.6422210335731506,0.39766478538513184,0.0,0.39435678720474243,0.6657876372337341,0.9201854467391968,1.0247306823730469,1.4060986042022705,1.5132063627243042,1.8929579257965088,2.044492244720459,2.3384034633636475,2.5970842838287354,2.580775260925293,2.437366008758545,0.7641491293907166,0.6050967574119568,0.6582059264183044,0.7166656255722046,0.9246441721916199,1.1790173053741455,1.2979246377944946,1.6548724174499512,1.7863738536834717,2.1465327739715576,2.3160879611968994,2.523776054382324,2.8677637577056885,2.9029693603515625,2.6308507919311523,1.1499650478363037,1.080395221710205,1.1729847192764282,1.2890641689300537,1.470173954963684,1.6963056325912476,1.797560214996338,2.1315059661865234,2.2573599815368652,2.5760583877563477,2.7528185844421387,2.91585373878479,3.221599817276001,3.2631802558898926,2.9590225219726562,1.3691215515136719,1.171080470085144,1.2887455224990845,1.6694766283035278,1.9695394039154053,2.2316863536834717,2.3017525672912598,2.6666860580444336,2.793856620788574,3.0976061820983887,3.2670960426330566,3.3290045261383057,3.668813705444336,3.7656545639038086,3.7790935039520264
B4,1.302635669708252,1.137945294380188,0.7557032108306885,0.7710635662078857,0.7700245380401611,0.7476507425308228,0.8382853865623474,1.1412609815597534,1.23896324634552,1.5884150266647339,1.7243101596832275,2.082021474838257,2.3014726638793945,2.3395166397094727,2.2068169116973877,0.6404148936271667,0.6235785484313965,0.39435678720474243,0.0,0.4157378375530243,0.5835035443305969,0.6857788562774658,1.0624760389328003,1.2244242429733276,1.5992106199264526,1.8040152788162231,2.087599515914917,2.3809196949005127,2.3890628814697266,2.302617073059082,0.8113629817962646,0.8365760445594788,0.8443729877471924,0.6926769614219666,0.8560492992401123,0.9993816018104553,1.096565842628479,1.4084187746047974,1.579138994216919,1.915162205696106,2.1321310997009277,2.3241677284240723,2.6856942176818848,2.6942837238311768,2.443540573120117,1.1566901206970215,1.2169770002365112,1.3062951564788818,1.3030421733856201,1.46550452709198,1.6103057861328125,1.6907893419265747,1.9781814813613892,2.120485544204712,2.4025158882141113,2.6044211387634277,2.730915069580078,3.0559542179107666,3.056656837463379,2.7315289974212646,1.241470217704773,1.1118065118789673,1.323580265045166,1.7109379768371582,1.9840680360794067,2.2033090591430664,2.2645976543426514,2.6013681888580322,2.73190975189209,3.002530097961426,3.183257818222046,3.2146384716033936,3.532135486602783,3.6052136421203613,3.615671396255493
B5,1.4226124286651611,1.1566635370254517,0.7716194987297058,0.8737394213676453,0.7080755233764648,0.7507528066635132,0.9978315830230713,1.2418080568313599,1.4307992458343506,1.7413594722747803,1.9110647439956665,2.290076732635498,2.521387815475464,2.61114239692688,2.5210258960723877,1.0558373928070068,0.996531069278717,0.6657876372337341,0.4157378375530243,0.0,0.3895319104194641,0.7116109132766724,1.021533489227295,1.2821300029754639,1.6338039636611938,1.8839914798736572,2.1979618072509766,2.5026040077209473,2.5746665000915527,2.5272161960601807,1.0627477169036865,1.062228798866272,0.9064289331436157,0.6581010818481445,0.6003581881523132,0.7432290315628052,0.9612159729003906,1.2417691946029663,1.496394395828247,1.833553671836853,2.0919411182403564,2.329961061477661,2.682271957397461,2.7266407012939453,2.5304832458496094,1.198576807975769,1.2640477418899536,1.2387458086013794,1.1355940103530884,1.195569634437561,1.322894811630249,1.4653874635696411,1.7274649143218994,1.9336880445480347,2.212388277053833,2.462895631790161,2.60860276222229,2.9544615745544434,2.958972215652466,2.656092405319214,1.0610404014587402,0.8824080228805542,1.0892693996429443,1.4716265201568604,1.689049482345581,1.9035149812698364,2.0080981254577637,2.324599027633667,2.4990909099578857,2.760490894317627,2.9821994304656982,3.0380136966705322,3.346489429473877,3.441715717315674,3.4939353466033936
B6,1.7182977199554443,1.4755866527557373,1.0857630968093872,1.0706700086593628,0.8070173263549805,0.6651076674461365,0.8715457320213318,1.0049028396606445,1.1941885948181152,1.4552778005599976,1.6162015199661255,2.004500389099121,2.2327375411987305,2.366920232772827,2.320617914199829,1.1348479986190796,1.198261022567749,0.9201854467391968,0.5835035443305969,0.3895319104194641,0.0,0.38778814673423767,0.6392876505851746,0.93327397108078,1.2653201818466187,1.5414223670959473,1.8530852794647217,2.1687333583831787,2.270890951156616,2.265348434448242,1.0456128120422363,1.1799907684326172,1.0522691011428833,0.6956992745399475,0.6835320591926575,0.5976355671882629,0.7022037506103516,0.9213751554489136,1.184373378753662,1.4924051761627197,1.776442527770996,1.9951605796813965,2.3548073768615723,2.380892038345337,2.2041213512420654,1.115659475326538,1.3043510913848877,1.3265106678009033,1.142738699913025,1.2459511756896973,1.2562345266342163,1.3155313730239868,1.5266456604003906,1.7081297636032104,1.9463139772415161,2.19555401802063,2.301839828491211,2.653423547744751,2.626448154449463,2.307161331176758,0.8986820578575134,0.8730831146240234,1.1835438013076782,1.529800295829773,1.746142864227295,1.8886983394622803,1.9370778799057007,2.2240850925445557,2.3650498390197754,2.5910632610321045,2.796025037765503,2.8086488246917725,3.0978329181671143,3.1622660160064697,3.196413040161133
B7,1.8908132314682007,1.7092125415802002,1.3186942338943481,1.2169586420059204,0.9986898303031921,0.7246346473693848,0.7516472339630127,0.8034509420394897,0.8959152102470398,1.136894702911377,1.2497385740280151,1.6387869119644165,1.851680040359497,1.9924339056015015,1.9537192583084106,1.0294275283813477,1.207671880722046,1.0247306823730469,0.6857788562774658,0.7116109132766724,0.38778814673423767,0.0,0.383014440536499,0.582549512386322,0.93938809633255,1.1992162466049194,1.4921092987060547,1.8107547760009766,1.8914254903793335,1.891781210899353,0.9103218913078308,1.1674405336380005,1.1435612440109253,0.7987274527549744,0.942641019821167,0.7858998775482178,0.6825194954872131,0.8666327595710754,1.0286070108413696,1.3062530755996704,1.5678304433822632,1.7299405336380005,2.1038217544555664,2.086700916290283,1.8785452842712402,1.0475969314575195,1.3192936182022095,1.442461609840393,1.2847058773040771,1.4800306558609009,1.4469703435897827,1.404821515083313,1.598859190940857,1.7000645399093628,1.9085222482681274,2.108797788619995,2.1695966720581055,2.5041372776031494,2.4526426792144775,2.104052782058716,0.9682819247245789,1.066727876663208,1.414458990097046,1.7391544580459595,1.9922631978988647,2.097849130630493,2.0787909030914307,2.3593626022338867,2.441180944442749,2.649235248565674,2.8067245483398438,2.7704105377197266,3.051811695098877,3.0768816471099854,3.0636258125305176
B8,2.2115964889526367,2.0201900005340576,1.6376734972000122,1.5057464838027954,1.2224382162094116,0.9023711085319519,0.9157174229621887,0.7938220500946045,0.897043764591217,1.0116180181503296,1.1217774152755737,1.508447527885437,1.7195048332214355,1.9281713962554932,1.9616612195968628,1.3733348846435547,1.583961844444275,1.4060986042022705,1.0624760389328003,1.021533489227295,0.6392876505851746,0.383014440536499,0.0,0.3984455168247223,0.6518723964691162,0.9840450882911682,1.263343095779419,1.6013805866241455,1.7421551942825317,1.8175642490386963,1.2069586515426636,1.5025454759597778,1.4587602615356445,1.0862663984298706,1.1718095541000366,0.896195113658905,0.7061477899551392,0.7011431455612183,0.8660210967063904,1.0550822019577026,1.3637586832046509,1.4976098537445068,1.8723764419555664,1.8338570594787598,1.676584005355835,1.2266534566879272,1.5601223707199097,1.672289252281189,1.4461030960083008,1.6197288036346436,1.489992618560791,1.3899188041687012,1.4936524629592896,1.5775469541549683,1.7157849073410034,1.9232664108276367,1.931075930595398,2.273458957672119,2.17673659324646,1.8139852285385132,1.0252045392990112,1.227507472038269,1.6004234552383423,1.8753905296325684,2.092974901199341,2.133031129837036,2.080327033996582,2.310540199279785,2.3712069988250732,2.529590129852295,2.6793017387390137,2.601762533187866,2.849762201309204,2.843184471130371,2.821352958679199
B9,2.4275779724121094,2.2752580642700195,1.8894641399383545,1.7475733757019043,1.5290586948394775,1.1937119960784912,1.0957125425338745,0.9526464939117432,0.8882060050964355,0.9441152215003967,0.9073373675346375,1.2795376777648926,1.4263153076171875,1.649330496788025,1.6702852249145508,1.3791720867156982,1.634200930595398,1.5132063627243042,1.2244242429733276,1.2821300029754639,0.93327397108078,0.582549512386322,0.3984455168247223,0.0,0.379777729511261,0.6227656602859497,0.9211416244506836,1.239201307296753,1.3652485609054565,1.424462914466858,1.1110048294067383,1.473010540008545,1.4989160299301147,1.17316472530365,1.3616015911102295,1.0969569683074951,0.7938187122344971,0.7940359711647034,0.7628898024559021,0.913322925567627,1.141493797302246,1.2134921550750732,1.5962656736373901,1.528731107711792,1.3200792074203491,1.138656735420227,1.5140879154205322,1.704003930091858,1.5236119031906128,1.7768441438674927,1.6442197561264038,1.4653016328811646,1.578608512878418,1.5635061264038086,1.6894114017486572,1.8186324834823608,1.7980414628982544,2.1041295528411865,2.0093579292297363,1.6314096450805664,1.1096293926239014,1.3721824884414673,1.744868516921997,1.9955397844314575,2.2540924549102783,2.2752344608306885,2.160477638244629,2.3951690196990967,2.3919622898101807,2.546712875366211,2.6377367973327637,2.5237653255462646,2.7744667530059814,2.7393367290496826,2.666942596435547
B10,2.774178981781006,2.6228127479553223,2.241307258605957,2.078319549560547,1.8341660499572754,1.480825424194336,1.368013620376587,1.1349246501922607,1.0474728345870972,0.9563009738922119,0.8565699458122253,1.1739099025726318,1.281325340270996,1.5791486501693726,1.6760350465774536,1.729835033416748,2.004467725753784,1.8929579257965088,1.5992106199264526,1.6338039636611938,1.2653201818466187,0.93938809633255,0.6518723964691162,0.379777729511261,0.0,0.3890593945980072,0.6351933479309082,0.969299852848053,1.1701037883758545,1.3242703676223755,1.453031301498413,1.8265371322631836,1.848857045173645,1.520413875579834,1.6813751459121704,1.370900273323059,1.0421504974365234,0.9074862003326416,0.8036192059516907,0.7783828973770142,0.9995059370994568,0.978425920009613,1.3548604249954224,1.233130931854248,1.073901653289795,1.4157928228378296,1.8134092092514038,2.000812530517578,1.7905383110046387,2.0321552753448486,1.8393725156784058,1.611268401145935,1.6432387828826904,1.5807949304580688,1.62037193775177,1.7183737754821777,1.62106454372406,1.9101206064224243,1.7592389583587646,1.3598053455352783,1.3380053043365479,1.6530767679214478,2.028120994567871,2.236793041229248,2.4711740016937256,2.4393370151519775,2.2871627807617188,2.472893714904785,2.43281888961792,2.535102367401123,2.5967211723327637,2.429757595062256,2.6400039196014404,2.5585060119628906,2.455227851867676
B11,3.013331651687622,2.8823328018188477,2.497983455657959,2.3474175930023193,2.1446855068206787,1.796941876411438,1.6476949453353882,1.4427756071090698,1.2749459743499756,1.1699185371398926,0.9388722777366638,1.1800718307495117,1.1721574068069458,1.478872299194336,1.5507988929748535,1.8472360372543335,2.1258976459503174,2.044492244720459,1.8040152788162231,1.8839914798736572,1.5414223670959473,1.1992162466049194,0.9840450882911682,0.6227656602859497,0.3890593945980072,0.0,0.39728131890296936,0.6395453214645386,0.8633496761322021,0.9960322976112366,1.4781402349472046,1.8680342435836792,1.9294233322143555,1.6515588760375977,1.8671361207962036,1.5773241519927979,1.2101051807403564,1.106584072113037,0.8641878366470337,0.7893428206443787,0.8485320806503296,0.7281042337417603,1.0944607257843018,0.946656346321106,0.7112911939620972,1.415109634399414,1.8164480924606323,2.0505869388580322,1.8822071552276611,2.174043893814087,1.9872796535491943,1.7092880010604858,1.7527995109558105,1.6045327186584473,1.6356786489486694,1.6426533460617065,1.5266263484954834,1.7581249475479126,1.6270089149475098,1.2365270853042603,1.466711401939392,1.8041619062423706,2.161937713623047,2.3405234813690186,2.6019299030303955,2.555671453475952,2.3541669845581055,2.540546417236328,2.4426894187927246,2.5425479412078857,2.544551372528076,2.34975004196167,2.562168836593628,2.459033966064453,2.306229829788208
B12,3.2284176349639893,3.1272189617156982,2.7555737495422363,2.5615928173065186,2.3709707260131836,2.0035483837127686,1.802568793296814,1.5496324300765991,1.3309565782546997,1.1283574104309082,0.827820897102356,0.9450762867927551,0.8701457381248474,1.225951075553894,1.375288486480713,2.0545425415039062,2.372730016708374,2.3384034633636475,2.087599515914917,2.1979618072509766,1.8530852794647217,1.4921092987060547,1.263343095779419,0.9211416244506836,0.6351933479309082,0.39728131890296936,0.0,0.37953805923461914,0.5826341509819031,0.8553475737571716,1.7813080549240112,2.1819887161254883,2.281175374984741,2.0132641792297363,2.2383623123168945,1.9518085718154907,1.5936962366104126,1.473762035369873,1.2482680082321167,1.1110326051712036,1.1365673542022705,0.8918885588645935,1.1912732124328613,0.913602352142334,0.6733812093734741,1.7872133255004883,2.1804280281066895,2.432812213897705,2.2763240337371826,2.567243814468384,2.37699294090271,2.0984420776367188,2.117499589920044,1.958904504776001,1.9436339139938354,1.9219342470169067,1.744390845298767,1.9313815832138062,1.7451714277267456,1.3520208597183228,1.8601362705230713,2.191969633102417,2.5528180599212646,2.7374651432037354,2.996173143386841,2.943272113800049,2.736295461654663,2.904945135116577,2.7920708656311035,2.8639068603515625,2.8427746295928955,2.6112711429595947,2.7869255542755127,2.6380739212036133,2.441721200942993
B13,3.545037031173706,3.450625419616699,3.0762479305267334,2.896641254425049,2.721912384033203,2.3603549003601074,2.154492139816284,1.9184728860855103,1.6788910627365112,1.4804872274398804,1.144336462020874,1.178043007850647,0.986838698387146,1.32496178150177,1.4555257558822632,2.312164306640625,2.6211371421813965,2.5970842838287354,2.3809196949005127,2.5026040077209473,2.1687333583831787,1.8107547760009766,1.6013805866241455,1.239201307296753,0.969299852848053,0.6395453214645386,0.37953805923461914,0.0,0.41465824842453003,0.7054215669631958,1.9717034101486206,2.3672828674316406,2.4795615673065186,2.2442407608032227,2.4879398345947266,2.206987142562866,1.832677960395813,1.7138886451721191,1.4264053106307983,1.250822901725769,1.1575754880905151,0.8285786509513855,1.0300625562667847,0.704596221446991,0.4180353879928589,1.936255693435669,2.319796323776245,2.590266466140747,2.454951047897339,2.767784833908081,2.5718467235565186,2.2601397037506104,2.2704315185546875,2.053217887878418,2.014446496963501,1.9177343845367432,1.7160676717758179,1.830919861793518,1.656657099723816,1.3045791387557983,2.064741611480713,2.4115242958068848,2.755491256713867,2.9067366123199463,3.173293113708496,3.099203586578369,2.8541152477264404,3.0082926750183105,2.8478376865386963,2.9035332202911377,2.829362630844116,2.5693929195404053,2.729764461517334,2.5544493198394775,2.310885190963745
