,A1,A2,A3,A4,A5,A6,A7,A8,A9,A10,A11,A12,A13,A14,A15,B1,B2,B3,B4,B5,B6,B7,B8,B9,B10,B11,B12,B13,B14,B15,C1,C2,C3,C4,C5,C6,C7,C8,C9,C10,C11,C12,C13,C14,C15,D1,D2,D3,D4,D5,D6,D7,D8,D9,D10,D11,D12,D13,D14,D15,E1,E2,E3,E4,E5,E6,E7,E8,E9,E10,E11,E12,E13,E14,E15
A1,0.0,0.3793056309223175,0.7140279412269592,0.948983371257782,1.3043959140777588,1.4893468618392944,1.4724479913711548,1.833594799041748,1.8475520610809326,2.210500717163086,2.2527809143066406,2.500809669494629,2.657956123352051,2.4448962211608887,2.3129334449768066,0.5934593677520752,0.5937992334365845,0.9243679642677307,1.1383534669876099,1.4438034296035767,1.6598730087280273,1.6964757442474365,2.0315425395965576,2.1124534606933594,2.445277690887451,2.574570417404175,2.6520118713378906,2.8553032875061035,2.6416175365448,2.5353591442108154,1.1701586246490479,1.110337495803833,1.377279281616211,1.5049184560775757,1.7498918771743774,1.953409194946289,2.0044162273406982,2.2987897396087646,2.3928701877593994,2.703667402267456,2.8477420806884766,2.8778653144836426,3.115354299545288,2.8947501182556152,2.824402332305908,1.6904608011245728,1.6174458265304565,1.8518836498260498,1.944427251815796,2.1521241664886475,2.3271210193634033,2.377304792404175,2.6285247802734375,2.735182523727417,3.0014233589172363,3.149846076965332,3.1528003215789795,3.422844648361206,3.1984798908233643,3.18231201171875,2.273960590362549,2.173168182373047,2.390540838241577,2.473512887954712,2.6376285552978516,2.7856204509735107,2.8507978916168213,3.0599515438079834,3.2345190048217773,3.4306657314300537,3.6885435581207275,3.6258201599121094,3.9539101123809814,3.9300601482391357,4.032047271728516
A2,0.3793056309223175,0.0,0.3816795349121094,0.6177979111671448,0.9477272033691406,1.1730660200119019,1.2214127779006958,1.5942327976226807,1.6779762506484985,2.055708408355713,2.1558518409729004,2.4372520446777344,2.6255571842193604,2.4604251384735107,2.3793835639953613,0.785434901714325,0.5819165110588074,0.7848575711250305,0.9169204831123352,1.1619704961776733,1.3912409543991089,1.4744553565979004,1.8006553649902344,1.936434030532837,2.272648811340332,2.4518425464630127,2.5656237602233887,2.8040213584899902,2.636939764022827,2.5764434337615967,1.3040809631347656,1.132932186126709,1.3056585788726807,1.3623337745666504,1.5426894426345825,1.736830711364746,1.8180712461471558,2.090496063232422,2.227445363998413,2.5348615646362305,2.7229902744293213,2.782068967819214,3.053164482116699,2.874666213989258,2.8450169563293457,1.7945443391799927,1.6460777521133423,1.809207797050476,1.8453210592269897,1.997697353363037,2.152285099029541,2.221872329711914,2.4462716579437256,2.5884318351745605,2.8472390174865723,3.0353775024414062,3.0552120208740234,3.35451602935791,3.1671693325042725,3.186767101287842,2.3586788177490234,2.203439474105835,2.367025852203369,2.40398907661438,2.5232856273651123,2.6442296504974365,2.7189435958862305,2.8954854011535645,3.0914177894592285,3.2674102783203125,3.5501952171325684,3.496140241622925,3.830716848373413,3.837449550628662,3.9760067462921143
A3,0.7140279412269592,0.3816795349121094,0.0,0.3814832270145416,0.6317042112350464,0.888433039188385,1.0152294635772705,1.3969184160232544,1.5439988374710083,1.9339131116867065,2.063983917236328,2.387620687484741,2.570557117462158,2.4534618854522705,2.396195650100708,0.9022091031074524,0.5587039589881897,0.5526441335678101,0.6006892919540405,0.7879735231399536,1.0432536602020264,1.1864937543869019,1.5221511125564575,1.712143898010254,2.064635753631592,2.274872064590454,2.4397778511047363,2.686756134033203,2.559004306793213,2.5192081928253174,1.2834588289260864,1.0156402587890625,1.081009030342102,1.0733705759048462,1.1978795528411865,1.3914098739624023,1.509665608406067,1.7802317142486572,1.9601134061813354,2.2796919345855713,2.499032735824585,2.6021952629089355,2.889145851135254,2.7449285984039307,2.733131170272827,1.7119026184082031,1.4954994916915894,1.5861737728118896,1.572662353515625,1.679806113243103,1.8208075761795044,1.9119939804077148,2.125958204269409,2.3008573055267334,2.5669379234313965,2.7834737300872803,2.8355817794799805,3.1540613174438477,2.997422933578491,3.0328574180603027,2.237332582473755,2.0338387489318848,2.14593505859375,2.1427342891693115,2.22678542137146,2.327303171157837,2.4122626781463623,2.570425510406494,2.7859561443328857,2.957367181777954,3.258126974105835,3.224637269973755,3.5693914890289307,3.6045634746551514,3.7665657997131348
A4,0.948983371257782,0.6177979111671448,0.3814832270145416,0.0,0.3915804326534271,0.5560705661773682,0.667029082775116,1.0403274297714233,1.2156113386154175,1.5995845794677734,1.7692978382110596,2.09714674949646,2.311166524887085,2.2288994789123535,2.2261292934417725,1.090710997581482,0.7877694368362427,0.7648786902427673,0.6006744503974915,0.7459428906440735,0.8781895637512207,0.9644330143928528,1.2484461069107056,1.4399460554122925,1.7666646242141724,2.004917860031128,2.1669070720672607,2.445711135864258,2.3538405895233154,2.367767572402954,1.4776298999786377,1.2188243865966797,1.255427598953247,1.1326689720153809,1.233522653579712,1.3246527910232544,1.3836528062820435,1.5897314548492432,1.7564826011657715,2.0380423069000244,2.2755794525146484,2.3638269901275635,2.6757431030273438,2.5636234283447266,2.6028265953063965,1.8854552507400513,1.6754577159881592,1.7434231042861938,1.6512172222137451,1.7464126348495483,1.808443546295166,1.8490052223205566,2.004310131072998,2.164076328277588,2.3866055011749268,2.617553234100342,2.64218807220459,2.9743950366973877,2.843515634536743,2.925119638442993,2.393630027770996,2.1946914196014404,2.2927353382110596,2.230846405029297,2.311673402786255,2.3508598804473877,2.390228033065796,2.5005476474761963,2.6930091381073,2.8198819160461426,3.1205453872680664,3.0568089485168457,3.3862593173980713,3.4247701168060303,3.6119539737701416
A5,1.3043959140777588,0.9477272033691406,0.6317042112350464,0.3915804326534271,0.0,0.37930068373680115,0.6957255005836487,1.0080558061599731,1.2887303829193115,1.651899814605713,1.8763216733932495,2.2291934490203857,2.452000141143799,2.4261114597320557,2.460934638977051,1.429290771484375,1.0852292776107788,0.9300243854522705,0.6781082153320312,0.5915946364402771,0.7121601104736328,0.908169150352478,1.1430388689041138,1.4226727485656738,1.7370517253875732,2.02706241607666,2.2393434047698975,2.5356178283691406,2.498816967010498,2.5476796627044678,1.726109266281128,1.412424921989441,1.3402518033981323,1.1498383283615112,1.1219167709350586,1.1851532459259033,1.301828145980835,1.461850643157959,1.6951769590377808,1.9658716917037964,2.2528207302093506,2.3884012699127197,2.7222964763641357,2.66158390045166,2.7318828105926514,2.0696322917938232,1.8048914670944214,1.787457823753357,1.6416869163513184,1.649470329284668,1.682101845741272,1.7573374509811401,1.871874451637268,2.081916332244873,2.295116662979126,2.5702693462371826,2.6292333602905273,2.984318971633911,2.900136709213257,3.008467435836792,2.5251500606536865,2.2800538539886475,2.312124013900757,2.2060232162475586,2.2244393825531006,2.23227858543396,2.290052652359009,2.358238697052002,2.578953504562378,2.684422731399536,3.0115907192230225,2.9719293117523193,3.3069465160369873,3.3860888481140137,3.6089046001434326
A6,1.4893468618392944,1.1730660200119019,0.888433039188385,0.5560705661773682,0.37930068373680115,0.0,0.37721386551856995,0.6401818990707397,0.9483129382133484,1.2970647811889648,1.5376540422439575,1.899900197982788,2.124423027038574,2.1348557472229004,2.206268548965454,1.5150240659713745,1.2157785892486572,1.0754998922348022,0.7322835922241211,0.6777229905128479,0.577785313129425,0.6410348415374756,0.8041799664497375,1.0738016366958618,1.367743730545044,1.6708238124847412,1.8874870538711548,2.1964614391326904,2.1904873847961426,2.2776076793670654,1.7780429124832153,1.4927626848220825,1.4212571382522583,1.1554310321807861,1.1520799398422241,1.0922833681106567,1.1077691316604614,1.1990050077438354,1.396493673324585,1.6317484378814697,1.9222400188446045,2.045042037963867,2.3909807205200195,2.355186939239502,2.4624998569488525,2.0880820751190186,1.8485798835754395,1.8306427001953125,1.626471996307373,1.6561399698257446,1.6070802211761475,1.606662631034851,1.6674543619155884,1.83954918384552,2.0104095935821533,2.2838094234466553,2.314939022064209,2.6740598678588867,2.607618570327759,2.749530792236328,2.5177807807922363,2.293994426727295,2.3292429447174072,2.177497148513794,2.218184471130371,2.1694469451904297,2.1660592555999756,2.1984188556671143,2.378777027130127,2.447115659713745,2.760594367980957,2.6877620220184326,3.0062217712402344,3.0786566734313965,3.3133420944213867
A7,1.4724479913711548,1.2214127779006958,1.0152294635772705,0.667029082775116,0.6957255005836487,0.37721386551856995,0.0,0.38344886898994446,0.5945598483085632,0.9681002497673035,1.181126356124878,1.5369964838027954,1.7631278038024902,1.7618567943572998,1.8432068824768066,1.4274052381515503,1.2077125310897827,1.1530487537384033,0.8216376900672913,0.9131841659545898,0.7382307052612305,0.5814038515090942,0.7039003372192383,0.8430401086807251,1.124249815940857,1.391035795211792,1.5631914138793945,1.8753178119659424,1.8519119024276733,1.9507402181625366,1.7076457738876343,1.488325834274292,1.4850497245788574,1.220536231994629,1.3159760236740112,1.206529974937439,1.1018352508544922,1.171647548675537,1.2656526565551758,1.4711757898330688,1.716488003730774,1.7810779809951782,2.1212210655212402,2.064795732498169,2.1833078861236572,2.026167154312134,1.846960186958313,1.8846861124038696,1.6803133487701416,1.7831767797470093,1.703590989112854,1.623627781867981,1.67426598072052,1.7698272466659546,1.908968448638916,2.140205144882202,2.1154568195343018,2.458038330078125,2.3686399459838867,2.5199501514434814,2.465934991836548,2.292558431625366,2.374420404434204,2.222989559173584,2.32147479057312,2.2575669288635254,2.1978726387023926,2.235272169113159,2.3607263565063477,2.41567325592041,2.6937739849090576,2.5743377208709717,2.8718786239624023,2.905022144317627,3.1208014488220215
A8,1.833594799041748,1.5942327976226807,1.3969184160232544,1.0403274297714233,1.0080558061599731,0.6401818990707397,0.38344886898994446,0.0,0.3871879279613495,0.6693613529205322,0.9564332365989685,1.311019778251648,1.5601167678833008,1.6318557262420654,1.786962628364563,1.7625998258590698,1.5717219114303589,1.5102404356002808,1.1603341102600098,1.2003023624420166,0.9343076348304749,0.6991915106773376,0.5969445109367371,0.6692182421684265,0.842090368270874,1.1492640972137451,1.32077956199646,1.6660114526748657,1.7103933095932007,1.8816741704940796,2.0077903270721436,1.807663917541504,1.7848204374313354,1.4810879230499268,1.5470935106277466,1.3516932725906372,1.1766031980514526,1.1216604709625244,1.1600242853164673,1.2687848806381226,1.5239942073822021,1.565359115600586,1.9273319244384766,1.926913857460022,2.110126256942749,2.282360315322876,2.1175451278686523,2.1340739727020264,1.885275959968567,1.9715240001678467,1.8215336799621582,1.68562912940979,1.6538211107254028,1.7096195220947266,1.7719306945800781,2.0059866905212402,1.943955898284912,2.2906343936920166,2.2433223724365234,2.4481613636016846,2.6783130168914795,2.5165693759918213,2.581477642059326,2.3869426250457764,2.4796745777130127,2.359614372253418,2.2506585121154785,2.2317447662353516,2.315603494644165,2.3113179206848145,2.5730488300323486,2.4172728061676025,2.684197187423706,2.7201595306396484,2.962172746658325
A9,1.8475520610809326,1.6779762506484985,1.5439988374710083,1.2156113386154175,1.2887303829193115,0.9483129382133484,0.5945598483085632,0.3871879279613495,0.0,0.39173582196235657,0.5994055867195129,0.9524157643318176,1.198651909828186,1.2475637197494507,1.412765383720398,1.7113162279129028,1.6032477617263794,1.611282229423523,1.3035473823547363,1.4379574060440063,1.1778813600540161,0.8575662970542908,0.7692196369171143,0.6252265572547913,0.7402383685112,0.9423260688781738,1.0265604257583618,1.367516279220581,1.3758128881454468,1.5557140111923218,1.9535744190216064,1.8245731592178345,1.8639260530471802,1.5882487297058105,1.7339547872543335,1.53476083278656,1.2883872985839844,1.2452648878097534,1.1653815507888794,1.2387285232543945,1.4062488079071045,1.3612035512924194,1.6995338201522827,1.6598674058914185,1.8457622528076172,2.225818157196045,2.125087261199951,2.196058988571167,1.9671887159347534,2.119295120239258,1.966239094734192,1.7750738859176636,1.7549923658370972,1.7306841611862183,1.7685105800628662,1.9365788698196411,1.8109374046325684,2.1236443519592285,2.0382931232452393,2.2410781383514404,2.623129367828369,2.5156493186950684,2.6276133060455322,2.44848370552063,2.5960614681243896,2.4789254665374756,2.329186201095581,2.330920934677124,2.3625922203063965,2.3589680194854736,2.575049638748169,2.3767848014831543,2.6185121536254883,2.603097915649414,2.8102641105651855
A10,2.210500717163086,2.055708408355713,1.9339131116867065,1.5995845794677734,1.651899814605713,1.2970647811889648,0.9681002497673035,0.6693613529205322,0.39173582196235657,0.0,0.3761782944202423,0.6720874309539795,0.9554694890975952,1.0978546142578125,1.3570791482925415,2.0605106353759766,1.9807196855545044,1.993595838546753,1.6829965114593506,1.7977869510650635,1.5054970979690552,1.1699033975601196,0.9785813093185425,0.7445418238639832,0.6413092613220215,0.7884038090705872,0.7868462800979614,1.159911036491394,1.2416720390319824,1.5063977241516113,2.280292272567749,2.1770732402801514,2.2138924598693848,1.9258201122283936,2.060845136642456,1.8188458681106567,1.533011555671692,1.4095687866210938,1.257090449333191,1.2071166038513184,1.3274421691894531,1.2075450420379639,1.5424002408981323,1.5540354251861572,1.806817650794983,2.5189716815948486,2.4424986839294434,2.5085740089416504,2.259751796722412,2.408548355102539,2.2124829292297363,1.9782599210739136,1.8988202810287476,1.8197346925735474,1.7744560241699219,1.9112404584884644,1.723878264427185,2.012704610824585,1.960657000541687,2.212678909301758,2.8781650066375732,2.793466329574585,2.9017443656921387,2.6986074447631836,2.850574016571045,2.695546865463257,2.5026819705963135,2.4642231464385986,2.444908857345581,2.3876774311065674,2.5660903453826904,2.321751117706299,2.514292001724243,2.481027126312256,2.697661876678467
A11,2.2527809143066406,2.1558518409729004,2.063983917236328,1.7692978382110596,1.8763216733932495,1.5376540422439575,1.181126356124878,0.9564332365989685,0.5994055867195129,0.3761782944202423,0.0,0.3974422812461853,0.6061909198760986,0.7374911904335022,1.0013898611068726,2.0253610610961914,2.0088064670562744,2.055529832839966,1.78373122215271,1.9543898105621338,1.670014500617981,1.3000670671463013,1.15159010887146,0.8228663206100464,0.7124328017234802,0.6620903015136719,0.5237840414047241,0.8582940101623535,0.8856545090675354,1.1558973789215088,2.1978845596313477,2.1544370651245117,2.227982997894287,1.9678539037704468,2.1575422286987305,1.9189828634262085,1.593678593635559,1.4993304014205933,1.2671104669570923,1.2104939222335815,1.2225741147994995,1.0197781324386597,1.3019644021987915,1.257785677909851,1.5007977485656738,2.405428409576416,2.3840417861938477,2.4864234924316406,2.2580740451812744,2.4568724632263184,2.2641332149505615,1.9931751489639282,1.935985803604126,1.7927711009979248,1.7421211004257202,1.8056261539459229,1.5709701776504517,1.812882900238037,1.713545799255371,1.9494905471801758,2.7419991493225098,2.705817937850952,2.8483712673187256,2.661149501800537,2.8580281734466553,2.7105062007904053,2.4885246753692627,2.476945400238037,2.4154489040374756,2.373530149459839,2.5069243907928467,2.2375242710113525,2.4109747409820557,2.326228141784668,2.4962806701660156
A12,2.500809669494629,2.4372520446777344,2.387620687484741,2.09714674949646,2.2291934490203857,1.899900197982788,1.5369964838027954,1.311019778251648,0.9524157643318176,0.6720874309539795,0.3974422812461853,0.0,0.38495808839797974,0.5484863519668579,0.9136870503425598,2.282867431640625,2.312453269958496,2.398836135864258,2.1491785049438477,2.3387248516082764,2.063910722732544,1.6952829360961914,1.5446693897247314,1.210465669631958,1.0426886081695557,0.9112775921821594,0.6101486086845398,0.8561422824859619,0.8726330995559692,1.1798433065414429,2.4749743938446045,2.4735023975372314,2.579301118850708,2.3392741680145264,2.5461626052856445,2.3117213249206543,1.9796043634414673,1.8781015872955322,1.6187891960144043,1.5130150318145752,1.4589430093765259,1.1726237535476685,1.3792310953140259,1.3274257183074951,1.5856070518493652,2.68546199798584,2.7035725116729736,2.8328466415405273,2.619793653488159,2.8358898162841797,2.6426281929016113,2.357356548309326,2.292210102081299,2.1151211261749268,2.0271005630493164,2.040891647338867,1.752347707748413,1.9322742223739624,1.8251292705535889,2.0673668384552,3.016040563583374,3.0161986351013184,3.18135404586792,3.0042929649353027,3.2196052074432373,3.070190668106079,2.8300375938415527,2.8150649070739746,2.720381259918213,2.659090995788574,2.751856803894043,2.449286699295044,2.5730693340301514,2.447544813156128,2.5890614986419678
A13,2.657956123352051,2.6255571842193604,2.570557117462158,2.311166524887085,2.452000141143799,2.124423027038574,1.7631278038024902,1.5601167678833008,1.198651909828186,0.9554694890975952,0.6061909198760986,0.38495808839797974,0.0,0.3807082772254944,0.7246323227882385,2.361863374710083,2.4227676391601562,2.5041446685791016,2.2752273082733154,2.479907512664795,2.198464870452881,1.8155364990234375,1.6735414266586304,1.2995802164077759,1.1256914138793945,0.8669381141662598,0.4966408312320709,0.5635321736335754,0.5433021783828735,0.8790794610977173,2.4694724082946777,2.505594253540039,2.6137452125549316,2.386594772338867,2.6149065494537354,2.370117425918579,2.0114684104919434,1.9141501188278198,1.6013249158859253,1.4783982038497925,1.3295332193374634,0.9886313676834106,1.1044725179672241,1.0160410404205322,1.2741047143936157,2.615976333618164,2.6720190048217773,2.808206796646118,2.601280450820923,2.841707944869995,2.6382553577423096,2.3220863342285156,2.2594547271728516,2.0283005237579346,1.9238379001617432,1.8682340383529663,1.5459479093551636,1.6658283472061157,1.529868483543396,1.7623592615127563,2.8898775577545166,2.9272806644439697,3.102867603302002,2.927323579788208,3.169555187225342,3.0140604972839355,2.7443044185638428,2.7392213344573975,2.6013715267181396,2.544497489929199,2.5896456241607666,2.269956588745117,2.367607355117798,2.1988887786865234,2.296926498413086
A14,2.4448962211608887,2.4604251384735107,2.4534618854522705,2.2288994789123535,2.4261114597320557,2.1348557472229004,1.7618567943572998,1.6318557262420654,1.2475637197494507,1.0978546142578125,0.7374911904335022,0.5484863519668579,0.3807082772254944,0.0,0.39000052213668823,2.141575574874878,2.2548255920410156,2.388193130493164,2.2080466747283936,2.463712453842163,2.2265212535858154,1.8524748086929321,1.7865656614303589,1.4278615713119507,1.348053216934204,1.1142749786376953,0.7974857091903687,0.8275304436683655,0.6091328859329224,0.7875800728797913,2.274897575378418,2.3565597534179688,2.5171823501586914,2.3375284671783447,2.6098973751068115,2.412025213241577,2.070946216583252,2.0428237915039062,1.7487472295761108,1.7026557922363281,1.559126853942871,1.2459228038787842,1.3339550495147705,1.139351487159729,1.29092276096344,2.453479766845703,2.5475313663482666,2.7325172424316406,2.571491241455078,2.8485376834869385,2.690579891204834,2.3939919471740723,2.389873504638672,2.1718485355377197,2.1268017292022705,2.0630757808685303,1.764738917350769,1.8727048635482788,1.6680560111999512,1.8276723623275757,2.7642781734466553,2.8307321071624756,3.047884464263916,2.9163172245025635,3.186026096343994,3.073545217514038,2.8267662525177,2.8702869415283203,2.7527709007263184,2.7438337802886963,2.7971363067626953,2.4986836910247803,2.6215925216674805,2.43768572807312,2.4940009117126465
A15,2.3129334449768066,2.3793835639953613,2.396195650100708,2.2261292934417725,2.460934638977051,2.206268548965454,1.8432068824768066,1.786962628364563,1.412765383720398,1.3570791482925415,1.0013898611068726,0.9136870503425598,0.7246323227882385,0.39000052213668823,0.0,1.9506217241287231,2.1157195568084717,2.2756030559539795,2.150935411453247,2.4459989070892334,2.2463929653167725,1.8866643905639648,1.8899904489517212,1.5447522401809692,1.5447219610214233,1.2993956804275513,1.0466593503952026,0.9996705651283264,0.6551691293716431,0.6107556819915771,2.035449743270874,2.171476364135742,2.3677828311920166,2.2381365299224854,2.5504696369171143,2.390521287918091,2.0617122650146484,2.096658229827881,1.806908369064331,1.82579505443573,1.6592609882354736,1.3802140951156616,1.4164403676986694,1.12786066532135,1.1548274755477905,2.1942272186279297,2.3363778591156006,2.559178590774536,2.442492723464966,2.756610631942749,2.6354596614837646,2.3485357761383057,2.3984427452087402,2.1757211685180664,2.182842254638672,2.089622735977173,1.8198840618133545,1.9007458686828613,1.6302103996276855,1.7066631317138672,2.499070882797241,2.605025291442871,2.8571267127990723,2.765239715576172,3.066580295562744,2.9904966354370117,2.7557084560394287,2.8474643230438232,2.7342498302459717,2.774475574493408,2.8192203044891357,2.54540753364563,2.688490390777588,2.4861814975738525,2.4926111698150635
B1,0.5934593677520752,0.785434901714325,0.9022091031074524,1.090710997581482,1.429290771484375,1.5150240659713745,1.4274052381515503,1.7625998258590698,1.7113162279129028,2.0605106353759766,2.0253610610961914,2.282867431640625,2.361863374710083,2.141575574874878,1.9506217241287231,0.0,0.3890784978866577,0.7445641756057739,0.9827010631561279,1.3600767850875854,1.5140422582626343,1.4815164804458618,1.8290029764175415,1.8489141464233398,2.192213296890259,2.256760358810425,2.3403353691101074,2.483973741531372,2.241764545440674,2.0792171955108643,0.6210510730743408,0.6722907423973083,1.025429129600525,1.1811941862106323,1.5185010433197021,1.6915051937103271,1.6849273443222046,2.0069034099578857,2.0480082035064697,2.3738951683044434,2.46417498588562,2.4969799518585205,2.690347909927368,2.4390206336975098,2.319406747817993,1.1464885473251343,1.1408475637435913,1.4377717971801758,1.545824646949768,1.8317933082580566,1.9933873414993286,1.9962739944458008,2.2744250297546387,2.3320326805114746,2.6117401123046875,2.712510585784912,2.7196903228759766,2.958954334259033,2.707343339920044,2.651303768157959,1.734328269958496,1.680084228515625,1.9437024593353271,2.034754514694214,2.261200428009033,2.407125949859619,2.4354708194732666,2.6747562885284424,2.8132526874542236,3.0323374271392822,3.2565391063690186,3.193804979324341,3.517874002456665,3.470407009124756,3.536630392074585
B2,0.5937992334365845,0.5819165110588074,0.5587039589881897,0.7877694368362427,1.0852292776107788,1.2157785892486572,1.2077125310897827,1.5717219114303589,1.6032477617263794,1.9807196855545044,2.0088064670562744,2.312453269958496,2.4227676391601562,2.2548255920410156,2.1157195568084717,0.3890784978866577,0.0,0.38706299662590027,0.6452638506889343,0.9980400204658508,1.19954514503479,1.2418757677078247,1.6095976829528809,1.7051540613174438,2.070648670196533,2.1942174434661865,2.3313565254211426,2.51220965385437,2.321425676345825,2.204094886779785,0.7445181012153625,0.5667357444763184,0.8079417943954468,0.922224223613739,1.2064706087112427,1.4070175886154175,1.4606364965438843,1.7871675491333008,1.8931559324264526,2.235513210296631,2.380819320678711,2.461231231689453,2.6927340030670166,2.4876363277435303,2.405940055847168,1.2194348573684692,1.084808588027954,1.2909725904464722,1.3554856777191162,1.5810506343841553,1.7489014863967896,1.796560525894165,2.0671489238739014,2.1798973083496094,2.470824718475342,2.62156081199646,2.663978099822998,2.9397075176239014,2.7289533615112305,2.7045176029205322,1.782770037651062,1.6439683437347412,1.8387470245361328,1.8922743797302246,2.0632150173187256,2.1995153427124023,2.2585065364837646,2.476478338241577,2.6538915634155273,2.866126298904419,3.1253366470336914,3.086225986480713,3.4272568225860596,3.4196126461029053,3.5255558490753174
B3,0.9243679642677307,0.7848575711250305,0.5526441335678101,0.7648786902427673,0.9300243854522705,1.0754998922348022,1.1530487537384033,1.5102404356002808,1.611282229423523,1.993595838546753,2.055529832839966,2.398836135864258,2.5041446685791016,2.388193130493164,2.2756030559539795,0.7445641756057739,0.38706299662590027,0.0,0.38510191440582275,0.6723617911338806,0.9231866598129272,1.054857611656189,1.436377763748169,1.5989806652069092,1.9818451404571533,2.139280319213867,2.335871934890747,2.5227885246276855,2.377167224884033,2.280503034591675,0.8456738591194153,0.504034161567688,0.5347968935966492,0.6049091219902039,0.8349248766899109,1.0764777660369873,1.2024036645889282,1.545135259628296,1.7119745016098022,2.0759007930755615,2.2576444149017334,2.3961591720581055,2.6420953273773193,2.476785182952881,2.4099864959716797,1.1959105730056763,0.948222279548645,1.0427247285842896,1.0636612176895142,1.2326935529708862,1.413996696472168,1.5110435485839844,1.78773033618927,1.9505771398544312,2.262566566467285,2.4478893280029297,2.5390191078186035,2.835697889328003,2.660775899887085,2.6474108695983887,1.6950194835662842,1.481540560722351,1.603602409362793,1.621064305305481,1.7435468435287476,1.874902367591858,1.9650627374649048,2.1743478775024414,2.386777639389038,2.605731248855591,2.8896493911743164,2.8857004642486572,3.2431581020355225,3.2720484733581543,3.402984380722046
B4,1.1383534669876099,0.9169204831123352,0.6006892919540405,0.6006744503974915,0.6781082153320312,0.7322835922241211,0.8216376900672913,1.1603341102600098,1.3035473823547363,1.6829965114593506,1.78373122215271,2.1491785049438477,2.2752273082733154,2.2080466747283936,2.150935411453247,0.9827010631561279,0.6452638506889343,0.38510191440582275,0.0,0.39451634883880615,0.558652937412262,0.6905091404914856,1.0664939880371094,1.264463186264038,1.6448967456817627,1.840470552444458,2.0624613761901855,2.2802252769470215,2.182605266571045,2.1427319049835205,1.1016267538070679,0.7749903798103333,0.705083429813385,0.5321528315544128,0.6967174410820007,0.8260313868522644,0.9192118644714355,1.2218581438064575,1.4082157611846924,1.7569533586502075,1.973996639251709,2.1242339611053467,2.4023056030273438,2.28060245513916,2.26932692527771,1.3980618715286255,1.1400814056396484,1.1623209714889526,1.0509591102600098,1.175315022468567,1.2592830657958984,1.3158496618270874,1.5352579355239868,1.7064512968063354,1.988560676574707,2.2057783603668213,2.2889692783355713,2.611382007598877,2.4733684062957764,2.511845111846924,1.8508387804031372,1.6242319345474243,1.7013839483261108,1.6307291984558105,1.7280247211456299,1.7818154096603394,1.8305126428604126,1.9834994077682495,2.187333106994629,2.36395525932312,2.6612346172332764,2.638653516769409,2.990969181060791,3.0366926193237305,3.2031986713409424
B5,1.4438034296035767,1.1619704961776733,0.7879735231399536,0.7459428906440735,0.5915946364402771,0.6777229905128479,0.9131841659545898,1.2003023624420166,1.4379574060440063,1.7977869510650635,1.9543898105621338,2.3387248516082764,2.479907512664795,2.463712453842163,2.4459989070892334,1.3600767850875854,0.9980400204658508,0.6723617911338806,0.39451634883880615,0.0,0.37789323925971985,0.7099225521087646,1.0274345874786377,1.324095368385315,1.6876808404922485,1.9366586208343506,2.206341505050659,2.4428293704986572,2.4007012844085693,2.3980703353881836,1.433013677597046,1.0699965953826904,0.8680402636528015,0.6249767541885376,0.5304646492004395,0.6591495275497437,0.876143217086792,1.1316264867782593,1.4088462591171265,1.7476543188095093,2.019604206085205,2.22180438041687,2.5214335918426514,2.4544894695281982,2.47580885887146,1.6567857265472412,1.3409992456436157,1.2468982934951782,1.073654055595398,1.0582735538482666,1.1198670864105225,1.2453588247299194,1.4236634969711304,1.6680259704589844,1.9462103843688965,2.215548515319824,2.3419535160064697,2.6878674030303955,2.6013519763946533,2.6666061878204346,2.038137674331665,1.7563655376434326,1.7452850341796875,1.6255120038986206,1.6333249807357788,1.6574162244796753,1.7437572479248047,1.8515311479568481,2.1000521183013916,2.2592239379882812,2.5908384323120117,2.6026101112365723,2.9636659622192383,3.056276798248291,3.2606444358825684
B6,1.6598730087280273,1.3912409543991089,1.0432536602020264,0.8781895637512207,0.7121601104736328,0.577785313129425,0.7382307052612305,0.9343076348304749,1.1778813600540161,1.5054970979690552,1.670014500617981,2.063910722732544,2.198464870452881,2.2265212535858154,2.2463929653167725,1.5140422582626343,1.19954514503479,0.9231866598129272,0.558652937412262,0.37789323925971985,0.0,0.3852461874485016,0.6581245064735413,0.9778411388397217,1.3297960758209229,1.5940611362457275,1.8851382732391357,2.1297767162323,2.1280465126037598,2.1666605472564697,1.564330816268921,1.2414093017578125,1.0500637292861938,0.7073321342468262,0.6327239274978638,0.5146297812461853,0.6045937538146973,0.7885035276412964,1.065608263015747,1.3843961954116821,1.6741600036621094,1.8831901550292969,2.198057174682617,2.1663928031921387,2.2298030853271484,1.7461552619934082,1.4618866443634033,1.360648512840271,1.1019424200057983,1.0989261865615845,1.029428482055664,1.0569877624511719,1.1617792844772339,1.3825297355651855,1.6221861839294434,1.904775857925415,2.0151851177215576,2.3734169006347656,2.314570426940918,2.4201347827911377,2.088271141052246,1.828918218612671,1.8119522333145142,1.6262649297714233,1.650201678276062,1.5917396545410156,1.602207064628601,1.6566978693008423,1.8670868873596191,1.9826414585113525,2.309739589691162,2.2917726039886475,2.641608238220215,2.7366178035736084,2.961597442626953
B7,1.6964757442474365,1.4744553565979004,1.1864937543869019,0.9644330143928528,0.908169150352478,0.6410348415374756,0.5814038515090942,0.6991915106773376,0.8575662970542908,1.1699033975601196,1.3000670671463013,1.6952829360961914,1.8155364990234375,1.8524748086929321,1.8866643905639648,1.4815164804458618,1.2418757677078247,1.054857611656189,0.6905091404914856,0.7099225521087646,0.3852461874485016,0.0,0.38270148634910583,0.6151848435401917,0.987270712852478,1.227742075920105,1.505201816558838,1.7510279417037964,1.7491624355316162,1.807726502418518,1.5383391380310059,1.286466360092163,1.173344373703003,0.826138973236084,0.8926917910575867,0.682262659072876,0.5207427144050598,0.6435952186584473,0.7997004389762878,1.1027312278747559,1.3636181354522705,1.5318635702133179,1.8515957593917847,1.8126764297485352,1.89896559715271,1.7184257507324219,1.502650499343872,1.4629603624343872,1.1914138793945312,1.2804828882217407,1.1479017734527588,1.0429795980453491,1.1079567670822144,1.228256344795227,1.4242619276046753,1.6726115942001343,1.7251081466674805,2.07867169380188,2.005974769592285,2.1343154907226562,2.0625247955322266,1.8605588674545288,1.8930257558822632,1.6943713426589966,1.7864587306976318,1.6921684741973877,1.6172404289245605,1.6603034734725952,1.796484351158142,1.8831192255020142,2.1735992431640625,2.097642660140991,2.427129030227661,2.485689163208008,2.701235055923462
B8,2.0315425395965576,1.8006553649902344,1.5221511125564575,1.2484461069107056,1.1430388689041138,0.8041799664497375,0.7039003372192383,0.5969445109367371,0.7692196369171143,0.9785813093185425,1.15159010887146,1.5446693897247314,1.6735414266586304,1.7865656614303589,1.8899904489517212,1.8290029764175415,1.6095976829528809,1.436377763748169,1.0664939880371094,1.0274345874786377,0.6581245064735413,0.38270148634910583,0.0,0.38874784111976624,0.6836087703704834,0.9896115660667419,1.3014971017837524,1.5750648975372314,1.6539361476898193,1.788355827331543,1.8867709636688232,1.6560654640197754,1.5338596105575562,1.17133629322052,1.1826118230819702,0.8857126832008362,0.6520850658416748,0.5253875255584717,0.632624089717865,0.8290444612503052,1.1400768756866455,1.3149735927581787,1.6669129133224487,1.7016197443008423,1.8619052171707153,2.0330288410186768,1.8338078260421753,1.7703534364700317,1.4596681594848633,1.510293960571289,1.292707920074463,1.1243689060211182,1.058656096458435,1.1397664546966553,1.2379223108291626,1.5120837688446045,1.5365530252456665,1.9076045751571655,1.8935619592666626,2.0864362716674805,2.328043222427368,2.137406587600708,2.144228935241699,1.8977811336517334,1.9696578979492188,1.805626630783081,1.675025224685669,1.6364271640777588,1.72756028175354,1.7369194030761719,2.0198373794555664,1.9078642129898071,2.211299180984497,2.285524845123291,2.540492296218872
B9,2.1124534606933594,1.936434030532837,1.712143898010254,1.4399460554122925,1.4226727485656738,1.0738016366958618,0.8430401086807251,0.6692182421684265,0.6252265572547913,0.7445418238639832,0.8228663206100464,1.210465669631958,1.2995802164077759,1.4278615713119507,1.5447522401809692,1.8489141464233398,1.7051540613174438,1.5989806652069092,1.264463186264038,1.324095368385315,0.9778411388397217,0.6151848435401917,0.38874784111976624,0.0,0.3869474530220032,0.6239827275276184,0.92232745885849,1.1908587217330933,1.2704466581344604,1.4308112859725952,1.8940612077713013,1.7356525659561157,1.6759295463562012,1.3414795398712158,1.44123113155365,1.145461082458496,0.8183382749557495,0.6833876967430115,0.543475866317749,0.6548590064048767,0.8765856623649597,0.9730014801025391,1.3264853954315186,1.3465676307678223,1.5341215133666992,2.0251686573028564,1.89506196975708,1.8862593173980713,1.5915879011154175,1.7155767679214478,1.4862116575241089,1.2367233037948608,1.162811279296875,1.1137408018112183,1.150580644607544,1.3474764823913574,1.2863779067993164,1.6370383501052856,1.5974582433700562,1.8108881711959839,2.3083484172821045,2.1779253482818604,2.2317235469818115,1.9929996728897095,2.1261637210845947,1.9539541006088257,1.7617131471633911,1.7323909997940063,1.743548035621643,1.7345067262649536,1.9573029279708862,1.7816680669784546,2.0527079105377197,2.0723354816436768,2.302272319793701
B10,2.445277690887451,2.272648811340332,2.064635753631592,1.7666646242141724,1.7370517253875732,1.367743730545044,1.124249815940857,0.842090368270874,0.7402383685112,0.6413092613220215,0.7124328017234802,1.0426886081695557,1.1256914138793945,1.348053216934204,1.5447219610214233,2.192213296890259,2.070648670196533,1.9818451404571533,1.6448967456817627,1.6876808404922485,1.3297960758209229,0.987270712852478,0.6836087703704834,0.3869474530220032,0.0,0.3819946050643921,0.6871944069862366,0.9890328645706177,1.1737971305847168,1.4266538619995117,2.246673107147217,2.1111533641815186,2.057441473007202,1.7215181589126587,1.8033969402313232,1.482290267944336,1.148398756980896,0.9195813536643982,0.7023488879203796,0.5702851414680481,0.7496073246002197,0.7699620723724365,1.1491153240203857,1.2546343803405762,1.5285166501998901,2.360816240310669,2.2537500858306885,2.24247145652771,1.9365031719207764,2.046989679336548,1.7800981998443604,1.4990220069885254,1.3468433618545532,1.2349547147750854,1.1450135707855225,1.311193823814392,1.1722129583358765,1.5090131759643555,1.5260052680969238,1.8067066669464111,2.6108691692352295,2.5022542476654053,2.549734115600586,2.289677143096924,2.4182121753692627,2.2062246799468994,1.9723680019378662,1.8875621557235718,1.839004397392273,1.7540733814239502,1.9339500665664673,1.7010282278060913,1.9145913124084473,1.9237486124038696,2.178788185119629
B11,2.574570417404175,2.4518425464630127,2.274872064590454,2.004917860031128,2.02706241607666,1.6708238124847412,1.391035795211792,1.1492640972137451,0.9423260688781738,0.7884038090705872,0.6620903015136719,0.9112775921821594,0.8669381141662598,1.1142749786376953,1.2993956804275513,2.256760358810425,2.1942174434661865,2.139280319213867,1.840470552444458,1.9366586208343506,1.5940611362457275,1.227742075920105,0.9896115660667419,0.6239827275276184,0.3819946050643921,0.0,0.38451406359672546,0.6169143915176392,0.8295801877975464,1.1072059869766235,2.262195110321045,2.1865904331207275,2.1675450801849365,1.8614890575408936,1.9963682889938354,1.6820942163467407,1.3121092319488525,1.1194270849227905,0.7962482571601868,0.6163347363471985,0.5712370872497559,0.4318115711212158,0.7965307235717773,0.8917038440704346,1.1972073316574097,2.3342325687408447,2.2851977348327637,2.3073041439056396,2.020982265472412,2.1815013885498047,1.9146357774734497,1.5890047550201416,1.452915906906128,1.2453948259353638,1.1191275119781494,1.1708732843399048,0.9406061172485352,1.2267948389053345,1.2105212211608887,1.5049703121185303,2.545722007751465,2.490581750869751,2.569659471511841,2.3210196495056152,2.496744155883789,2.2856829166412354,2.0105092525482178,1.9465376138687134,1.832419991493225,1.7500584125518799,1.8602890968322754,1.5805960893630981,1.7566529512405396,1.6996527910232544,1.911031723022461
B12,2.6520118713378906,2.5656237602233887,2.4397778511047363,2.1669070720672607,2.2393434047698975,1.8874870538711548,1.5631914138793945,1.32077956199646,1.0265604257583618,0.7868462800979614,0.5237840414047241,0.6101486086845398,0.4966408312320709,0.7974857091903687,1.0466593503952026,2.3403353691101074,2.3313565254211426,2.335871934890747,2.0624613761901855,2.206341505050659,1.8851382732391357,1.505201816558838,1.3014971017837524,0.92232745885849,0.6871944069862366,0.38451406359672546,0.0,0.38046836853027344,0.5976322889328003,0.9543906450271606,2.3887665271759033,2.3629772663116455,2.3994696140289307,2.1243274211883545,2.3007900714874268,2.012434482574463,1.6431677341461182,1.487371802330017,1.163549780845642,0.9930558800697327,0.8686004877090454,0.5636417865753174,0.809446394443512,0.8441488146781921,1.1710214614868164,2.489563226699829,2.4889326095581055,2.560725688934326,2.305849075317383,2.502192258834839,2.2580771446228027,1.931214451789856,1.821040153503418,1.5928783416748047,1.4594855308532715,1.4451239109039307,1.1461304426193237,1.3431321382522583,1.2799837589263916,1.5685755014419556,2.7231621742248535,2.7117114067077637,2.832740068435669,2.612133741378784,2.8183934688568115,2.6261191368103027,2.346247673034668,2.302180051803589,2.1662702560424805,2.084306001663208,2.152529001235962,1.8415987491607666,1.9657968282699585,1.8490923643112183,2.0124552249908447
B13,2.8553032875061035,2.8040213584899902,2.686756134033203,2.445711135864258,2.5356178283691406,2.1964614391326904,1.8753178119659424,1.6660114526748657,1.367516279220581,1.159911036491394,0.8582940101623535,0.8561422824859619,0.5635321736335754,0.8275304436683655,0.9996705651283264,2.483973741531372,2.51220965385437,2.5227885246276855,2.2802252769470215,2.4428293704986572,2.1297767162323,1.7510279417037964,1.5750648975372314,1.1908587217330933,0.9890328645706177,0.6169143915176392,0.38046836853027344,0.0,0.38715025782585144,0.7482937574386597,2.4602620601654053,2.4779350757598877,2.5238399505615234,2.2729055881500244,2.4719080924987793,2.1854138374328613,1.8030756711959839,1.6642202138900757,1.3007534742355347,1.123591423034668,0.8712343573570251,0.49361035227775574,0.541425347328186,0.5387527346611023,0.8934233784675598,2.498490571975708,2.5419998168945312,2.6252148151397705,2.3857107162475586,2.6074721813201904,2.3607559204101562,2.0086987018585205,1.907030701637268,1.6200865507125854,1.4681745767593384,1.354812741279602,1.0064359903335571,1.1040650606155396,1.0022079944610596,1.2885499000549316,2.6697757244110107,2.7025575637817383,2.836932420730591,2.623772144317627,2.8591790199279785,2.6649234294891357,2.355696439743042,2.3249943256378174,2.1377649307250977,2.0613534450531006,2.065037727355957,1.7322741746902466,1.815401554107666,1.6371427774429321,1.74127197265625
