,A1,A2,A3,A4,A5,A6,A7,A8,A9,A10,A11,A12,A13,A14,A15,B1,B2,B3,B4,B5,B6,B7,B8,B9,B10,B11,B12,B13,B14,B15,C1,C2,C3,C4,C5,C6,C7,C8,C9,C10,C11,C12,C13,C14,C15,D1,D2,D3,D4,D5,D6,D7,D8,D9,D10,D11,D12,D13,D14,D15,E1,E2,E3,E4,E5,E6,E7,E8,E9,E10,E11,E12,E13,E14,E15
A1,0.0,0.3885461091995239,0.6546551585197449,0.7421950697898865,1.1257654428482056,1.3202966451644897,1.3231309652328491,1.7119793891906738,1.7782979011535645,2.1703548431396484,2.275404453277588,2.598236322402954,2.653151273727417,2.5742552280426025,2.3668882846832275,0.9216829538345337,0.7705123424530029,1.0050525665283203,1.101534366607666,1.3540693521499634,1.5645263195037842,1.6122230291366577,1.9375836849212646,2.003598928451538,2.3343491554260254,2.445202589035034,2.7463300228118896,2.7876336574554443,2.7598233222961426,2.5828487873077393,1.465724229812622,1.4121601581573486,1.6140133142471313,1.6636979579925537,1.8252770900726318,1.9825962781906128,2.050048351287842,2.297133684158325,2.408355951309204,2.658267021179199,2.786993980407715,2.990175485610962,3.048900604248047,3.054258108139038,2.902824878692627,2.0246622562408447,2.0102317333221436,2.173682689666748,2.2086129188537598,2.3198537826538086,2.4363088607788086,2.5242226123809814,2.709397315979004,2.887923002243042,3.0577616691589355,3.2489254474639893,3.3190393447875977,3.46779727935791,3.436119556427002,3.372326135635376,2.6106791496276855,2.5997698307037354,2.761007070541382,2.7977964878082275,2.861400604248047,2.9446206092834473,3.0450539588928223,3.1635630130767822,3.3751444816589355,3.4325320720672607,3.6936070919036865,3.671177387237549,3.9306225776672363,3.985610008239746,4.001858234405518
A2,0.3885461091995239,0.0,0.3955947458744049,0.6185141801834106,0.9295151233673096,1.2118662595748901,1.3242987394332886,1.7119638919830322,1.857157826423645,2.249328374862671,2.4106500148773193,2.760423421859741,2.8576858043670654,2.8190102577209473,2.647963047027588,1.104449987411499,0.8634265661239624,0.9441038966178894,1.0276011228561401,1.1778721809387207,1.4427396059036255,1.5787262916564941,1.9082324504852295,2.0464155673980713,2.3886711597442627,2.5513243675231934,2.876598834991455,2.9635403156280518,2.9698476791381836,2.820549964904785,1.5537219047546387,1.4317476749420166,1.541917324066162,1.5798439979553223,1.6653504371643066,1.852718472480774,1.98743736743927,2.2388951778411865,2.4083900451660156,2.6730973720550537,2.8475704193115234,3.079315185546875,3.1812946796417236,3.216965675354004,3.086247444152832,2.062865972518921,1.9998860359191895,2.0942771434783936,2.118534564971924,2.1690053939819336,2.3017947673797607,2.441448450088501,2.6274807453155518,2.851534128189087,3.037537097930908,3.265988826751709,3.3694727420806885,3.553253412246704,3.554344415664673,3.5032103061676025,2.6134026050567627,2.5694942474365234,2.676442861557007,2.701136350631714,2.713355302810669,2.799893617630005,2.93833589553833,3.046959400177002,3.2929766178131104,3.354661703109741,3.6450412273406982,3.646414041519165,3.932981014251709,4.022456645965576,4.073579788208008
A3,0.6546551585197449,0.3955947458744049,0.0,0.3878294825553894,0.6080152988433838,0.9033856391906738,1.072865605354309,1.4467613697052002,1.6331195831298828,2.0123965740203857,2.2007641792297363,2.571136236190796,2.697336435317993,2.695685863494873,2.566749334335327,0.9900565147399902,0.7550007104873657,0.6898053288459778,0.6884551048278809,0.78582763671875,1.0614148378372192,1.2362370491027832,1.5703730583190918,1.7459194660186768,2.098175287246704,2.28971791267395,2.6352407932281494,2.7575085163116455,2.790975570678711,2.671696186065674,1.3455337285995483,1.227486252784729,1.267287254333496,1.2451670169830322,1.2946346998214722,1.4677855968475342,1.6213765144348145,1.8711533546447754,2.0669519901275635,2.3407294750213623,2.5397353172302246,2.792921304702759,2.9255893230438232,2.984806776046753,2.8766956329345703,1.8126468658447266,1.7588938474655151,1.8090379238128662,1.7883563041687012,1.8124562501907349,1.9243372678756714,2.071200370788574,2.2489707469940186,2.4897239208221436,2.6807022094726562,2.9268100261688232,3.050072431564331,3.255309820175171,3.281430244445801,3.2454030513763428,2.3348844051361084,2.3046715259552,2.3823795318603516,2.3712270259857178,2.3650918006896973,2.4290313720703125,2.565573215484619,2.6614465713500977,2.9137580394744873,2.9740567207336426,3.2736780643463135,3.2866744995117188,3.585775852203369,3.6941330432891846,3.764960527420044
A4,0.7421950697898865,0.6185141801834106,0.3878294825553894,0.0,0.3951183259487152,0.6000456809997559,0.725949764251709,1.1042543649673462,1.2923163175582886,1.6759891510009766,1.8843097686767578,2.251755714416504,2.401054859161377,2.426083564758301,2.3303513526916504,0.9696049690246582,0.8868124485015869,0.8677783012390137,0.7016419768333435,0.804652750492096,0.9405946731567383,1.051306962966919,1.335678219795227,1.5043864250183105,1.825265645980835,2.0308995246887207,2.3572165966033936,2.492954730987549,2.5602355003356934,2.4807863235473633,1.3942939043045044,1.3806639909744263,1.435508370399475,1.3227670192718506,1.3729616403579712,1.443856954574585,1.5378172397613525,1.7237741947174072,1.9065226316452026,2.132780075073242,2.338611364364624,2.5576062202453613,2.6980342864990234,2.7880163192749023,2.717951774597168,1.884493112564087,1.9063156843185425,1.9664311408996582,1.8819133043289185,1.9082587957382202,1.9436862468719482,2.039006233215332,2.1588101387023926,2.3838398456573486,2.524688720703125,2.7719886302948,2.8570351600646973,3.070866107940674,3.1146979331970215,3.117311954498291,2.412416458129883,2.4417243003845215,2.5285329818725586,2.469003200531006,2.469588279724121,2.476262331008911,2.5652828216552734,2.615722894668579,2.83654522895813,2.8508188724517822,3.1318304538726807,3.1036105155944824,3.385327100753784,3.4781463146209717,3.552938938140869
A5,1.1257654428482056,0.9295151233673096,0.6080152988433838,0.3951183259487152,0.0,0.36969688534736633,0.6825904250144958,0.9795414209365845,1.2634562253952026,1.6084994077682495,1.8788607120513916,2.2610199451446533,2.4604299068450928,2.5404605865478516,2.5018558502197266,1.2256810665130615,1.145445466041565,0.9964966773986816,0.7344664931297302,0.6371403336524963,0.7206087708473206,0.9253109693527222,1.158812165260315,1.4158227443695068,1.7196515798568726,1.985621690750122,2.3228604793548584,2.514310836791992,2.6301629543304443,2.5999467372894287,1.5204520225524902,1.4981825351715088,1.4520691633224487,1.264168381690979,1.2097524404525757,1.2350733280181885,1.3752912282943726,1.5198765993118286,1.7645485401153564,1.979644775390625,2.2380049228668213,2.473343849182129,2.6654486656188965,2.8000848293304443,2.7718303203582764,1.9252369403839111,1.9424223899841309,1.9275003671646118,1.7850288152694702,1.7399715185165405,1.7359923124313354,1.8562648296356201,1.9386255741119385,2.2040252685546875,2.336453676223755,2.6228339672088623,2.7304484844207764,2.984499216079712,3.0737812519073486,3.1078953742980957,2.389478921890259,2.4224655628204346,2.4524996280670166,2.3444995880126953,2.2933475971221924,2.2617313861846924,2.359426736831665,2.3701400756835938,2.608203649520874,2.604053258895874,2.9053001403808594,2.8875784873962402,3.1895899772644043,3.315222978591919,3.430601119995117
A6,1.3202966451644897,1.2118662595748901,0.9033856391906738,0.6000456809997559,0.36969688534736633,0.0,0.37367722392082214,0.613581657409668,0.9190986156463623,1.2466282844543457,1.5351070165634155,1.917814016342163,2.1392717361450195,2.2511675357818604,2.255448579788208,1.222200632095337,1.2543680667877197,1.1306419372558594,0.7875274419784546,0.724705696105957,0.5992670655250549,0.6891605257987976,0.8457793593406677,1.0987129211425781,1.3726494312286377,1.6534923315048218,1.9795491695404053,2.189802646636963,2.336475133895874,2.346876621246338,1.4935468435287476,1.5594068765640259,1.526354193687439,1.270845890045166,1.2399506568908691,1.1526751518249512,1.2060546875,1.2798941135406494,1.5000683069229126,1.6712592840194702,1.9324675798416138,2.1436638832092285,2.345855951309204,2.506875514984131,2.5140717029571533,1.8797621726989746,1.9668703079223633,1.9654816389083862,1.7702358961105347,1.7455507516860962,1.6654880046844482,1.717525601387024,1.7446595430374146,1.9808064699172974,2.0676190853118896,2.3477377891540527,2.424708366394043,2.683746337890625,2.7885830402374268,2.8543965816497803,2.3284122943878174,2.4193060398101807,2.4632012844085693,2.314483404159546,2.2855758666992188,2.202230215072632,2.242230176925659,2.2172188758850098,2.4139819145202637,2.37265682220459,2.649306535720825,2.597141742706299,2.8816583156585693,2.99261736869812,3.10807466506958
A7,1.3231309652328491,1.3242987394332886,1.072865605354309,0.725949764251709,0.6825904250144958,0.37367722392082214,0.0,0.39253392815589905,0.5875303745269775,0.9565169811248779,1.2063474655151367,1.5830678939819336,1.7873162031173706,1.8890482187271118,1.8947287797927856,1.0941330194473267,1.239867091178894,1.21076500415802,0.8744121789932251,0.952096700668335,0.7648347020149231,0.6534931659698486,0.767194390296936,0.897322952747345,1.1505601406097412,1.386278510093689,1.6904841661453247,1.8717063665390015,2.011843204498291,2.0263149738311768,1.4194257259368896,1.571666955947876,1.6136072874069214,1.3604356050491333,1.4186209440231323,1.290423035621643,1.2339168787002563,1.2781007289886475,1.407820463180542,1.5402348041534424,1.7513794898986816,1.919836163520813,2.085603952407837,2.2365336418151855,2.2464892864227295,1.8421857357025146,1.9935455322265625,2.054204225540161,1.8597148656845093,1.9015305042266846,1.7951825857162476,1.7720215320587158,1.7824299335479736,1.952840805053711,2.002500057220459,2.2387664318084717,2.2644081115722656,2.49223256111145,2.5738141536712646,2.64583420753479,2.318355083465576,2.4561002254486084,2.5509567260742188,2.4049713611602783,2.4309589862823486,2.336509943008423,2.3233511447906494,2.300459861755371,2.4454169273376465,2.3872604370117188,2.6211185455322266,2.5285379886627197,2.7762629985809326,2.844012498855591,2.9243435859680176
A8,1.7119793891906738,1.7119638919830322,1.4467613697052002,1.1042543649673462,0.9795414209365845,0.613581657409668,0.39253392815589905,0.0,0.3778987526893616,0.643154501914978,0.9730748534202576,1.3441251516342163,1.6087796688079834,1.782271385192871,1.8712841272354126,1.4035491943359375,1.587671160697937,1.532437801361084,1.1711149215698242,1.1867083311080933,0.8907856345176697,0.7136930823326111,0.608282744884491,0.7353134751319885,0.8767896294593811,1.1660465002059937,1.4407426118850708,1.6770908832550049,1.8846967220306396,1.9768996238708496,1.6418036222457886,1.8346645832061768,1.8442447185516357,1.5397347211837769,1.5642467737197876,1.3430283069610596,1.2272331714630127,1.1503976583480835,1.261802315711975,1.3044947385787964,1.5396138429641724,1.6693414449691772,1.873610019683838,2.0821564197540283,2.159236431121826,1.9880297183990479,2.1808760166168213,2.216824769973755,1.9690364599227905,1.9909650087356567,1.809862494468689,1.7349071502685547,1.6620492935180664,1.8084765672683716,1.7893105745315552,2.0308446884155273,2.023423194885254,2.275172472000122,2.399327516555786,2.525879144668579,2.4012198448181152,2.581907033920288,2.658770799636841,2.463395357131958,2.48119854927063,2.327791690826416,2.265934467315674,2.185321569442749,2.2886786460876465,2.1763460636138916,2.384535074234009,2.2528209686279297,2.4835855960845947,2.5481581687927246,2.6505541801452637
A9,1.7782979011535645,1.857157826423645,1.6331195831298828,1.2923163175582886,1.2634562253952026,0.9190986156463623,0.5875303745269775,0.3778987526893616,0.0,0.39470258355140686,0.6338886022567749,1.0042356252670288,1.2439597845077515,1.4076353311538696,1.5066310167312622,1.3623872995376587,1.6271182298660278,1.6439319849014282,1.3153008222579956,1.4231046438217163,1.1344783306121826,0.8552905917167664,0.7431851625442505,0.6581424474716187,0.7343873977661133,0.9238020777702332,1.1601382493972778,1.3512917757034302,1.5485382080078125,1.6480369567871094,1.6145354509353638,1.8729888200759888,1.9459030628204346,1.6627706289291382,1.7620984315872192,1.5362470149993896,1.3409430980682373,1.2593638896942139,1.2553563117980957,1.2545353174209595,1.4039613008499146,1.475045919418335,1.6219804286956787,1.8106251955032349,1.8881624937057495,1.9731959104537964,2.2172465324401855,2.310197114944458,2.0771632194519043,2.1614151000976562,1.9758580923080444,1.8402453660964966,1.768749713897705,1.838356614112854,1.7885631322860718,1.9656790494918823,1.9002965688705444,2.1034181118011475,2.19197416305542,2.3190760612487793,2.4003167152404785,2.618746280670166,2.74442720413208,2.5623292922973633,2.634052276611328,2.483964681625366,2.3792545795440674,2.3150112628936768,2.367375373840332,2.2521560192108154,2.4097752571105957,2.2433159351348877,2.4273927211761475,2.438697576522827,2.4918160438537598
A10,2.1703548431396484,2.249328374862671,2.0123965740203857,1.6759891510009766,1.6084994077682495,1.2466282844543457,0.9565169811248779,0.643154501914978,0.39470258355140686,0.0,0.39802759885787964,0.7291477918624878,1.0437734127044678,1.2968714237213135,1.497864842414856,1.695342779159546,1.9785889387130737,1.9782551527023315,1.642703652381897,1.719190239906311,1.3844858407974243,1.0852935314178467,0.8444888591766357,0.6891911625862122,0.536395251750946,0.7186593413352966,0.870789110660553,1.1218763589859009,1.3988419771194458,1.5916826725006104,1.8664557933807373,2.152601718902588,2.2057783603668213,1.8972183465957642,1.981397271156311,1.6988877058029175,1.4539909362792969,1.2766175270080566,1.2113198041915894,1.0899393558502197,1.2168694734573364,1.2086161375045776,1.3789968490600586,1.6276847124099731,1.7825857400894165,2.1465697288513184,2.425332546234131,2.5050668716430664,2.23856520652771,2.3179428577423096,2.078258514404297,1.8886739015579224,1.7473317384719849,1.7626025676727295,1.6331521272659302,1.7824610471725464,1.6597950458526611,1.8671398162841797,1.9910926818847656,2.176171064376831,2.5054776668548584,2.7636911869049072,2.881129264831543,2.663839817047119,2.740462303161621,2.5452897548675537,2.3885605335235596,2.2800750732421875,2.274081230163574,2.1098198890686035,2.217130661010742,2.001145839691162,2.144320011138916,2.131207227706909,2.1897177696228027
A11,2.275404453277588,2.4106500148773193,2.2007641792297363,1.8843097686767578,1.8788607120513916,1.5351070165634155,1.2063474655151367,0.9730748534202576,0.6338886022567749,0.39802759885787964,0.0,0.3913552761077881,0.6563292741775513,0.9097538590431213,1.143769383430481,1.7036348581314087,2.0368611812591553,2.0873794555664062,1.7923005819320679,1.9345272779464722,1.6195907592773438,1.2743128538131714,1.0813727378845215,0.7927217483520508,0.6089997887611389,0.5410770773887634,0.5949169993400574,0.7573041319847107,1.0204918384552002,1.2321686744689941,1.8492381572723389,2.18171763420105,2.285648822784424,2.0077600479125977,2.1549668312072754,1.8848172426223755,1.5898816585540771,1.4393924474716187,1.269960641860962,1.1323403120040894,1.1273695230484009,1.0459927320480347,1.1144347190856934,1.3217430114746094,1.4731755256652832,2.1147286891937256,2.4330356121063232,2.5636820793151855,2.3208630084991455,2.458491325378418,2.2287936210632324,1.9942042827606201,1.8751544952392578,1.8142343759536743,1.6753358840942383,1.7391645908355713,1.5612294673919678,1.6915323734283447,1.7584624290466309,1.9325840473175049,2.4703609943389893,2.7586781978607178,2.922333002090454,2.726325273513794,2.856417417526245,2.6759679317474365,2.486767292022705,2.409740686416626,2.359621286392212,2.213561534881592,2.26934552192688,2.0370028018951416,2.127673625946045,2.0533254146575928,2.0411722660064697
A12,2.598236322402954,2.760423421859741,2.571136236190796,2.251755714416504,2.2610199451446533,1.917814016342163,1.5830678939819336,1.3441251516342163,1.0042356252670288,0.7291477918624878,0.3913552761077881,0.0,0.3742219805717468,0.7234765291213989,1.060879111289978,2.0210933685302734,2.37412166595459,2.449751615524292,2.1694540977478027,2.3231029510498047,2.007436990737915,1.6581469774246216,1.4519882202148438,1.1483829021453857,0.9002526998519897,0.721843957901001,0.5312439203262329,0.585844099521637,0.8902449011802673,1.182464599609375,2.15837025642395,2.5102686882019043,2.6328632831573486,2.3648946285247803,2.5245776176452637,2.246464729309082,1.9324623346328735,1.7602312564849854,1.5456962585449219,1.34711492061615,1.2610934972763062,1.0597562789916992,1.044050693511963,1.2492729425430298,1.451436161994934,2.3978188037872314,2.737928867340088,2.8863441944122314,2.646683692932129,2.799941062927246,2.557779550552368,2.2939023971557617,2.1533210277557373,2.0400993824005127,1.8536063432693481,1.8523881435394287,1.60183584690094,1.671074628829956,1.7195926904678345,1.9258191585540771,2.7230606079101562,3.03529691696167,3.2153913974761963,3.017808437347412,3.167731523513794,2.9755961894989014,2.754690647125244,2.666443109512329,2.5685057640075684,2.400484085083008,2.3969779014587402,2.1235363483428955,2.1435060501098633,2.0074868202209473,1.951028823852539
A13,2.653151273727417,2.8576858043670654,2.697336435317993,2.401054859161377,2.4604299068450928,2.1392717361450195,1.7873162031173706,1.6087796688079834,1.2439597845077515,1.0437734127044678,0.6563292741775513,0.3742219805717468,0.0,0.37304267287254333,0.7551994919776917,2.0309386253356934,2.407205820083618,2.526754140853882,2.2888741493225098,2.4918365478515625,2.205439329147339,1.8412702083587646,1.6895029544830322,1.3448911905288696,1.1530441045761108,0.8768965005874634,0.6608971357345581,0.465115487575531,0.6315438747406006,0.9059277176856995,2.158430576324463,2.5308122634887695,2.698059558868408,2.468360424041748,2.675492286682129,2.4247124195098877,2.09527587890625,1.9679231643676758,1.7101937532424927,1.5467159748077393,1.3806180953979492,1.1660739183425903,1.0221946239471436,1.115970253944397,1.2682193517684937,2.3952250480651855,2.751265525817871,2.9441773891448975,2.7384157180786133,2.9362711906433105,2.719758987426758,2.441718578338623,2.3396542072296143,2.189450740814209,2.0271337032318115,1.967685341835022,1.7030762434005737,1.6895010471343994,1.656675100326538,1.8180599212646484,2.726501703262329,3.0475802421569824,3.267852783203125,3.101957321166992,3.292536973953247,3.1274020671844482,2.898982524871826,2.849555253982544,2.737109899520874,2.6018176078796387,2.575678825378418,2.3140125274658203,2.306051254272461,2.1308951377868652,2.006119728088379
A14,2.5742552280426025,2.8190102577209473,2.695685863494873,2.426083564758301,2.5404605865478516,2.2511675357818604,1.8890482187271118,1.782271385192871,1.4076353311538696,1.2968714237213135,0.9097538590431213,0.7234765291213989,0.37304267287254333,0.0,0.4031132459640503,1.9392454624176025,2.328176498413086,2.496523380279541,2.3064382076263428,2.558605670928955,2.3140203952789307,1.9491640329360962,1.8656514883041382,1.5074477195739746,1.3958579301834106,1.0950274467468262,0.94769686460495,0.6554880142211914,0.5767606496810913,0.6957380771636963,2.0841617584228516,2.46331524848938,2.6787331104278564,2.4950685501098633,2.745684862136841,2.5361313819885254,2.2108378410339355,2.14280366897583,1.8741543292999268,1.771309494972229,1.5747597217559814,1.4010732173919678,1.1899819374084473,1.1604838371276855,1.2035210132598877,2.345630407333374,2.701186180114746,2.9386208057403564,2.7758471965789795,3.0116183757781982,2.8344154357910156,2.5639443397521973,2.5128870010375977,2.3565502166748047,2.239799737930298,2.1579017639160156,1.9145357608795166,1.851744532585144,1.7447558641433716,1.8328123092651367,2.7077548503875732,3.019444704055786,3.27752423286438,3.152545690536499,3.374056339263916,3.246823310852051,3.0316526889801025,3.0264744758605957,2.925590753555298,2.830153465270996,2.8105783462524414,2.576040744781494,2.5722994804382324,2.388887882232666,2.2243731021881104
A15,2.3668882846832275,2.647963047027588,2.566749334335327,2.3303513526916504,2.5018558502197266,2.255448579788208,1.8947287797927856,1.8712841272354126,1.5066310167312622,1.497864842414856,1.143769383430481,1.060879111289978,0.7551994919776917,0.4031132459640503,0.0,1.7444857358932495,2.134842872619629,2.3538548946380615,2.217064142227173,2.5156867504119873,2.324399709701538,1.9737235307693481,1.9688515663146973,1.6207917928695679,1.6022250652313232,1.3189690113067627,1.2646410465240479,0.9789524078369141,0.7790281772613525,0.661845862865448,1.9288963079452515,2.3003242015838623,2.563695192337036,2.431722402572632,2.719449520111084,2.562058210372925,2.258275270462036,2.258150815963745,2.0041306018829346,1.974704623222351,1.7846077680587769,1.6777178049087524,1.4574172496795654,1.3491723537445068,1.2714608907699585,2.23752760887146,2.5758795738220215,2.8535585403442383,2.7393128871917725,3.0039336681365967,2.875715494155884,2.6309897899627686,2.6372718811035156,2.4993083477020264,2.439741373062134,2.3650760650634766,2.1652157306671143,2.090380907058716,1.936616063117981,1.9473185539245605,2.6492440700531006,2.9344348907470703,3.2235660552978516,3.144225835800171,3.38496470451355,3.3022611141204834,3.1170127391815186,3.156801223754883,3.0871999263763428,3.033712148666382,3.0422704219818115,2.8433687686920166,2.867542266845703,2.6999430656433105,2.52518367767334
B1,0.9216829538345337,1.104449987411499,0.9900565147399902,0.9696049690246582,1.2256810665130615,1.222200632095337,1.0941330194473267,1.4035491943359375,1.3623872995376587,1.695342779159546,1.7036348581314087,2.0210933685302734,2.0309386253356934,1.9392454624176025,1.7444857358932495,0.0,0.3913235366344452,0.6656017303466797,0.7095096111297607,1.102599859237671,1.183714509010315,1.0680363178253174,1.4019973278045654,1.3456289768218994,1.6965335607528687,1.7249467372894287,2.043447732925415,2.055786609649658,1.9838249683380127,1.7817819118499756,0.6315747499465942,0.7861451506614685,1.0792125463485718,1.0834956169128418,1.3865363597869873,1.4666085243225098,1.4005910158157349,1.6668022871017456,1.6723711490631104,1.9438484907150269,1.999120831489563,2.21979022026062,2.242192506790161,2.203200578689575,2.0211281776428223,1.2206100225448608,1.3345202207565308,1.5769298076629639,1.5775864124298096,1.798879861831665,1.865017294883728,1.8483647108078003,2.0492258071899414,2.1427600383758545,2.3209357261657715,2.4499921798706055,2.5186805725097656,2.6240310668945312,2.557925224304199,2.4650380611419678,1.8238297700881958,1.902280569076538,2.1294291019439697,2.145108222961426,2.3008615970611572,2.3596396446228027,2.3802053928375244,2.527221918106079,2.67706298828125,2.7574069499969482,2.9729442596435547,2.9547178745269775,3.188828229904175,3.2188379764556885,3.1944386959075928
B2,0.7705123424530029,0.8634265661239624,0.7550007104873657,0.8868124485015869,1.145445466041565,1.2543680667877197,1.239867091178894,1.587671160697937,1.6271182298660278,1.9785889387130737,2.0368611812591553,2.37412166595459,2.407205820083618,2.328176498413086,2.134842872619629,0.3913235366344452,0.0,0.3944054841995239,0.6200575828552246,0.9792979955673218,1.1858028173446655,1.1919240951538086,1.5656408071517944,1.5914226770401,1.9657771587371826,2.039393186569214,2.3794326782226562,2.4187073707580566,2.3571810722351074,2.1550207138061523,0.7148382663726807,0.6525304913520813,0.9103295803070068,1.001606822013855,1.2667016983032227,1.4434480667114258,1.4758729934692383,1.7870241403579712,1.8583848476409912,2.166064500808716,2.260805368423462,2.5166587829589844,2.5681874752044678,2.5369884967803955,2.3501453399658203,1.257237434387207,1.2529263496398926,1.4546246528625488,1.5090954303741455,1.693314790725708,1.8292909860610962,1.8903663158416748,2.1306068897247314,2.2755887508392334,2.495227575302124,2.6566531658172607,2.7700023651123047,2.8980624675750732,2.8461217880249023,2.739800453186035,1.8449912071228027,1.8440557718276978,2.03518009185791,2.0866200923919678,2.205265522003174,2.310159921646118,2.3931288719177246,2.5630576610565186,2.76188325881958,2.8710267543792725,3.1225268840789795,3.142422914505005,3.4071712493896484,3.4703001976013184,3.4700119495391846
B3,1.0050525665283203,0.9441038966178894,0.6898053288459778,0.8677783012390137,0.9964966773986816,1.1306419372558594,1.21076500415802,1.532437801361084,1.6439319849014282,1.9782551527023315,2.0873794555664062,2.449751615524292,2.526754140853882,2.496523380279541,2.3538548946380615,0.6656017303466797,0.3944054841995239,0.0,0.3799254894256592,0.6565998792648315,0.9273673892021179,1.0275368690490723,1.4134432077407837,1.514174461364746,1.903058648109436,2.02876877784729,2.3967254161834717,2.4886107444763184,2.4664878845214844,2.304201364517212,0.7159969806671143,0.5434115529060364,0.6214893460273743,0.6840653419494629,0.8961807489395142,1.1200741529464722,1.2266420125961304,1.5621273517608643,1.6946111917495728,2.0296342372894287,2.1715147495269775,2.466850519180298,2.5682339668273926,2.570969820022583,2.4126338958740234,1.1379191875457764,1.0772844552993774,1.1820896863937378,1.2082558870315552,1.3397233486175537,1.4955490827560425,1.6095818281173706,1.864443302154541,2.05576491355896,2.3032386302948,2.5020880699157715,2.6604318618774414,2.82582688331604,2.8120946884155273,2.720115900039673,1.6704920530319214,1.640929937362671,1.7678512334823608,1.7942650318145752,1.8671419620513916,1.9736850261688232,2.0914721488952637,2.2604048252105713,2.494020462036133,2.6173226833343506,2.898528814315796,2.951355457305908,3.2456982135772705,3.3473589420318604,3.38319993019104
B4,1.101534366607666,1.0276011228561401,0.6884551048278809,0.7016419768333435,0.7344664931297302,0.7875274419784546,0.8744121789932251,1.1711149215698242,1.3153008222579956,1.642703652381897,1.7923005819320679,2.1694540977478027,2.2888741493225098,2.3064382076263428,2.217064142227173,0.7095096111297607,0.6200575828552246,0.3799254894256592,0.0,0.39384931325912476,0.572446346282959,0.6721625924110413,1.054337978363037,1.194696068763733,1.5782651901245117,1.747719645500183,2.120168447494507,2.2531819343566895,2.2834126949310303,2.1782169342041016,0.8036310076713562,0.7803542017936707,0.7788000702857971,0.6320374011993408,0.7793003916740417,0.8880138397216797,0.9714922904968262,1.2615379095077515,1.422293782234192,1.732182502746582,1.9115039110183716,2.198387384414673,2.3355202674865723,2.38808536529541,2.2828242778778076,1.2076619863510132,1.2322871685028076,1.2876527309417725,1.1971875429153442,1.2833225727081299,1.3447238206863403,1.4292621612548828,1.6239759922027588,1.8308963775634766,2.0407490730285645,2.266714096069336,2.409353494644165,2.6067826747894287,2.6322648525238037,2.5902884006500244,1.713761329650879,1.7478877305984497,1.8445873260498047,1.7904473543167114,1.8362358808517456,1.8683273792266846,1.9509316682815552,2.06268048286438,2.284480094909668,2.363325357437134,2.6454925537109375,2.671570062637329,2.9674296379089355,3.074373483657837,3.1338586807250977
B5,1.3540693521499634,1.1778721809387207,0.78582763671875,0.804652750492096,0.6371403336524963,0.724705696105957,0.952096700668335,1.1867083311080933,1.4231046438217163,1.719190239906311,1.9345272779464722,2.3231029510498047,2.4918365478515625,2.558605670928955,2.5156867504119873,1.102599859237671,0.9792979955673218,0.6565998792648315,0.39384931325912476,0.0,0.38873857259750366,0.6938657760620117,1.0171773433685303,1.2690389156341553,1.6295850276947021,1.8659014701843262,2.245116949081421,2.433150053024292,2.511842727661133,2.4532837867736816,1.1151829957962036,1.038858413696289,0.8814672827720642,0.6574657559394836,0.5808674693107605,0.6904106736183167,0.903115451335907,1.1631196737289429,1.418958306312561,1.7234828472137451,1.967124342918396,2.273484706878662,2.466362237930298,2.565164566040039,2.5019593238830566,1.3876880407333374,1.3686531782150269,1.3045685291290283,1.1549445390701294,1.117210865020752,1.160854458808899,1.3185714483261108,1.4868685007095337,1.7622592449188232,1.9768474102020264,2.254775285720825,2.431830883026123,2.6756043434143066,2.7507717609405518,2.739544630050659,1.796505093574524,1.806980013847351,1.8168935775756836,1.714884877204895,1.676749587059021,1.6811426877975464,1.8035528659820557,1.8791370391845703,2.1428303718566895,2.2129364013671875,2.5307376384735107,2.580521821975708,2.9062271118164062,3.0555808544158936,3.1626691818237305
B6,1.5645263195037842,1.4427396059036255,1.0614148378372192,0.9405946731567383,0.7206087708473206,0.5992670655250549,0.7648347020149231,0.8907856345176697,1.1344783306121826,1.3844858407974243,1.6195907592773438,2.007436990737915,2.205439329147339,2.3140203952789307,2.324399709701538,1.183714509010315,1.1858028173446655,0.9273673892021179,0.572446346282959,0.38873857259750366,0.0,0.3738071322441101,0.637236475944519,0.9286314249038696,1.2671594619750977,1.5343880653381348,1.9095317125320435,2.130357265472412,2.250872850418091,2.2451181411743164,1.177839994430542,1.219522476196289,1.0824884176254272,0.7554346323013306,0.6862396597862244,0.556727409362793,0.6596454977989197,0.8322613835334778,1.0994418859481812,1.3685988187789917,1.6371684074401855,1.9308505058288574,2.1503567695617676,2.2887024879455566,2.273679733276367,1.4137479066848755,1.4884837865829468,1.42972731590271,1.1929137706756592,1.1603535413742065,1.072811484336853,1.1431901454925537,1.2292968034744263,1.4920507669448853,1.657621145248413,1.9467949867248535,2.100924015045166,2.3645119667053223,2.469761848449707,2.502051591873169,1.7874562740325928,1.8743830919265747,1.888177514076233,1.7194147109985352,1.6936355829238892,1.614633560180664,1.6641241312026978,1.680609941482544,1.9039181470870972,1.92543363571167,2.2271294593811035,2.243014097213745,2.5601091384887695,2.704556941986084,2.8234312534332275
B7,1.6122230291366577,1.5787262916564941,1.2362370491027832,1.051306962966919,0.9253109693527222,0.6891605257987976,0.6534931659698486,0.7136930823326111,0.8552905917167664,1.0852935314178467,1.2743128538131714,1.6581469774246216,1.8412702083587646,1.9491640329360962,1.9737235307693481,1.0680363178253174,1.1919240951538086,1.0275368690490723,0.6721625924110413,0.6938657760620117,0.3738071322441101,0.0,0.38608014583587646,0.5757728219032288,0.9411312341690063,1.1762545108795166,1.5534040927886963,1.7599730491638184,1.8783942461013794,1.8839170932769775,1.064788818359375,1.2253289222717285,1.1755222082138062,0.8441494107246399,0.9103278517723083,0.7039561867713928,0.5832920074462891,0.70088130235672,0.8574041724205017,1.1052361726760864,1.3334420919418335,1.6056288480758667,1.802044153213501,1.9364012479782104,1.9292680025100708,1.3220396041870117,1.4912607669830322,1.5060796737670898,1.2589688301086426,1.3166297674179077,1.1772583723068237,1.124875783920288,1.175682783126831,1.3536694049835205,1.4763379096984863,1.7233580350875854,1.8303985595703125,2.070207357406616,2.1586124897003174,2.200941801071167,1.7194676399230957,1.875792145729065,1.9488791227340698,1.7732880115509033,1.8174464702606201,1.7133467197418213,1.6836515665054321,1.69454026222229,1.848321557044983,1.8461377620697021,2.0997655391693115,2.0716724395751953,2.3547961711883545,2.458721876144409,2.5450387001037598
B8,1.9375836849212646,1.9082324504852295,1.5703730583190918,1.335678219795227,1.158812165260315,0.8457793593406677,0.767194390296936,0.608282744884491,0.7431851625442505,0.8444888591766357,1.0813727378845215,1.4519882202148438,1.6895029544830322,1.8656514883041382,1.9688515663146973,1.4019973278045654,1.5656408071517944,1.4134432077407837,1.054337978363037,1.0171773433685303,0.637236475944519,0.38608014583587646,0.0,0.3869726359844208,0.6448500752449036,0.9612205624580383,1.3173893690109253,1.586803674697876,1.7770689725875854,1.8654829263687134,1.3871054649353027,1.58245849609375,1.515012502670288,1.1587183475494385,1.1690486669540405,0.8607307076454163,0.6644171476364136,0.5453822016716003,0.6924492120742798,0.8263291120529175,1.110368013381958,1.35130774974823,1.6014325618743896,1.8045601844787598,1.8754628896713257,1.5713183879852295,1.7797389030456543,1.7689106464385986,1.4710878133773804,1.494279384613037,1.2610372304916382,1.1396522521972656,1.061288595199585,1.2128651142120361,1.2436504364013672,1.510729193687439,1.5833090543746948,1.8604305982589722,2.003019332885742,2.1116421222686768,1.88761305809021,2.089738607406616,2.13968825340271,1.9082967042922974,1.9364128112792969,1.7579425573349,1.6667600870132446,1.5968824625015259,1.6993528604507446,1.625227451324463,1.8549211025238037,1.7805441617965698,2.053213357925415,2.1590986251831055,2.2748003005981445
B9,2.003598928451538,2.0464155673980713,1.7459194660186768,1.5043864250183105,1.4158227443695068,1.0987129211425781,0.897322952747345,0.7353134751319885,0.6581424474716187,0.6891911625862122,0.7927217483520508,1.1483829021453857,1.3448911905288696,1.5074477195739746,1.6207917928695679,1.3456289768218994,1.5914226770401,1.514174461364746,1.194696068763733,1.2690389156341553,0.9286314249038696,0.5757728219032288,0.3869726359844208,0.0,0.39049991965293884,0.6066613793373108,0.981774628162384,1.2175370454788208,1.3910627365112305,1.4852029085159302,1.3159998655319214,1.5924324989318848,1.599973201751709,1.2773045301437378,1.387890100479126,1.0981627702713013,0.7990129590034485,0.6902050375938416,0.6047357320785522,0.685968279838562,0.8550602793693542,1.0617332458496094,1.2601748704910278,1.442237377166748,1.5116889476776123,1.5001105070114136,1.7772226333618164,1.837660312652588,1.5626988410949707,1.6704226732254028,1.4417918920516968,1.237302541732788,1.1673790216445923,1.1966826915740967,1.188724160194397,1.3671319484710693,1.3748506307601929,1.5987739562988281,1.7008607387542725,1.8070893287658691,1.8285956382751465,2.0818514823913574,2.1933960914611816,1.9808704853057861,2.0805258750915527,1.9113993644714355,1.7644672393798828,1.7214527130126953,1.753055453300476,1.680424451828003,1.8426929712295532,1.7290347814559937,1.948571801185608,1.994134783744812,2.0510334968566895
B10,2.3343491554260254,2.3886711597442627,2.098175287246704,1.825265645980835,1.7196515798568726,1.3726494312286377,1.1505601406097412,0.8767896294593811,0.7343873977661133,0.536395251750946,0.6089997887611389,0.9002526998519897,1.1530441045761108,1.3958579301834106,1.6022250652313232,1.6965335607528687,1.9657771587371826,1.903058648109436,1.5782651901245117,1.6295850276947021,1.2671594619750977,0.9411312341690063,0.6448500752449036,0.39049991965293884,0.0,0.38554659485816956,0.6873534917831421,1.0026100873947144,1.268218755722046,1.4661859273910522,1.6767044067382812,1.9708281755447388,1.9767674207687378,1.6476284265518188,1.73294198513031,1.4072819948196411,1.0965027809143066,0.8693275451660156,0.714657187461853,0.5617911219596863,0.7050199508666992,0.7943558096885681,1.0379496812820435,1.3039748668670654,1.4714282751083374,1.818951964378357,2.119436264038086,2.172388792037964,1.8770709037780762,1.9690016508102417,1.6929179430007935,1.4448106288909912,1.2821027040481567,1.2442699670791626,1.112443447113037,1.2556830644607544,1.173105239868164,1.4098402261734009,1.5595911741256714,1.7443561553955078,2.084652900695801,2.371171474456787,2.47464919090271,2.231727361679077,2.3281302452087402,2.112183094024658,1.9133058786392212,1.809708833694458,1.7706845998764038,1.625814437866211,1.7241321802139282,1.5363547801971436,1.7056115865707397,1.7187600135803223,1.783823847770691
B11,2.445202589035034,2.5513243675231934,2.28971791267395,2.0308995246887207,1.985621690750122,1.6534923315048218,1.386278510093689,1.1660465002059937,0.9238020777702332,0.7186593413352966,0.5410770773887634,0.721843957901001,0.8768965005874634,1.0950274467468262,1.3189690113067627,1.7249467372894287,2.039393186569214,2.02876877784729,1.747719645500183,1.8659014701843262,1.5343880653381348,1.1762545108795166,0.9612205624580383,0.6066613793373108,0.38554659485816956,0.0,0.3883921802043915,0.6425381302833557,0.8900272846221924,1.1118073463439941,1.676567792892456,2.0164172649383545,2.0763697624206543,1.7861135005950928,1.9376881122589111,1.6379417181015015,1.2887823581695557,1.114821195602417,0.8429379463195801,0.6837226748466492,0.5949656367301941,0.582116425037384,0.7087237238883972,0.9429169297218323,1.1185564994812012,1.7974690198898315,2.140066385269165,2.2485153675079346,1.984114646911621,2.1391921043395996,1.8825581073760986,1.5922110080718994,1.4643299579620361,1.3334951400756836,1.1941940784454346,1.2170722484588623,1.0604426860809326,1.199012279510498,1.2817240953445435,1.4582964181900024,2.0548441410064697,2.374769449234009,2.5291402339935303,2.3127548694610596,2.467832326889038,2.272643804550171,2.041534900665283,1.9771218299865723,1.8877947330474854,1.767882227897644,1.8018099069595337,1.597508430480957,1.7006149291992188,1.640900731086731,1.621077299118042
B12,2.7463300228118896,2.876598834991455,2.6352407932281494,2.3572165966033936,2.3228604793548584,1.9795491695404053,1.6904841661453247,1.4407426118850708,1.1601382493972778,0.870789110660553,0.5949169993400574,0.5312439203262329,0.6608971357345581,0.94769686460495,1.2646410465240479,2.043447732925415,2.3794326782226562,2.3967254161834717,2.120168447494507,2.245116949081421,1.9095317125320435,1.5534040927886963,1.3173893690109253,0.981774628162384,0.6873534917831421,0.3883921802043915,0.0,0.38220712542533875,0.7458851337432861,1.0825138092041016,2.0207717418670654,2.3751235008239746,2.4533531665802,2.1710636615753174,2.3244969844818115,2.017991781234741,1.6668552160263062,1.4650987386703491,1.180634617805481,0.9398854374885559,0.7703627943992615,0.5325577259063721,0.554702877998352,0.8423218131065369,1.1120588779449463,2.1334378719329834,2.4905483722686768,2.6122283935546875,2.3507649898529053,2.509889602661133,2.2403182983398438,1.9317981004714966,1.772007942199707,1.5962666273117065,1.389526128768921,1.339641809463501,1.0773403644561768,1.147296667098999,1.2258100509643555,1.4626158475875854,2.361992359161377,2.7008538246154785,2.8655261993408203,2.645414352416992,2.8104002475738525,2.5993661880493164,2.339583158493042,2.2516651153564453,2.1110739707946777,1.954023003578186,1.9181020259857178,1.655414342880249,1.6712698936462402,1.5372697114944458,1.4727771282196045
B13,2.7876336574554443,2.9635403156280518,2.7575085163116455,2.492954730987549,2.514310836791992,2.189802646636963,1.8717063665390015,1.6770908832550049,1.3512917757034302,1.1218763589859009,0.7573041319847107,0.585844099521637,0.465115487575531,0.6554880142211914,0.9789524078369141,2.055786609649658,2.4187073707580566,2.4886107444763184,2.2531819343566895,2.433150053024292,2.130357265472412,1.7599730491638184,1.586803674697876,1.2175370454788208,1.0026100873947144,0.6425381302833557,0.38220712542533875,0.0,0.3922615945339203,0.7714864015579224,2.043825387954712,2.420818567276001,2.552257537841797,2.312190294265747,2.5164408683776855,2.244382381439209,1.885439157485962,1.740509271621704,1.4272598028182983,1.2442517280578613,1.0002062320709229,0.7620572447776794,0.5608352422714233,0.6778494119644165,0.9035463929176331,2.1699509620666504,2.543469190597534,2.7169275283813477,2.4953527450561523,2.7012739181518555,2.464691400527954,2.1502041816711426,2.03798770904541,1.8338260650634766,1.6618458032608032,1.5502656698226929,1.2748435735702515,1.230408787727356,1.1945476531982422,1.3770558834075928,2.417428731918335,2.763680934906006,2.9744927883148193,2.7922842502593994,2.998990535736084,2.8206558227539062,2.559922218322754,2.51499342918396,2.3659989833831787,2.244528293609619,2.187438488006592,1.9383519887924194,1.91852605342865,1.736470103263855,1.588691234588623
