,A1,A2,A3,A4,A5,A6,A7,A8,A9,A10,A11,A12,A13,A14,A15,B1,B2,B3,B4,B5,B6,B7,B8,B9,B10,B11,B12,B13,B14,B15,C1,C2,C3,C4,C5,C6,C7,C8,C9,C10,C11,C12,C13,C14,C15,D1,D2,D3,D4,D5,D6,D7,D8,D9,D10,D11,D12,D13,D14,D15,E1,E2,E3,E4,E5,E6,E7,E8,E9,E10,E11,E12,E13,E14,E15
A1,0.0,0.3799307942390442,0.6973773241043091,0.9244900345802307,1.2543785572052002,1.509498119354248,1.591294527053833,1.9663728475570679,2.0821731090545654,2.4578146934509277,2.5849993228912354,2.9562761783599854,3.1572327613830566,2.99835205078125,2.816807746887207,0.9853239059448242,0.790367841720581,0.9604660868644714,1.1745882034301758,1.4152244329452515,1.6965515613555908,1.802755355834961,2.1362993717193604,2.2931902408599854,2.6287858486175537,2.800977945327759,3.090588092803955,3.3336029052734375,3.1327545642852783,2.9793012142181396,1.391679286956787,1.2515119314193726,1.4114512205123901,1.5612108707427979,1.755468726158142,2.003993272781372,2.110534191131592,2.3966894149780273,2.5774776935577393,2.8563613891601562,3.0673987865448,3.267400026321411,3.5384531021118164,3.3179891109466553,3.199784278869629,1.847475290298462,1.731140375137329,1.8736536502838135,1.991052269935608,2.141057014465332,2.362332820892334,2.472963809967041,2.7183144092559814,2.9184961318969727,3.162074565887451,3.4075424671173096,3.502584934234619,3.7892074584960938,3.5481598377227783,3.4634757041931152,2.348707914352417,2.223365068435669,2.3628807067871094,2.4721288681030273,2.5725698471069336,2.770381450653076,2.900362491607666,3.0984294414520264,3.3436245918273926,3.512251138687134,3.832524299621582,3.8413243293762207,4.207929611206055,4.198030948638916,4.534530162811279
A2,0.3799307942390442,0.0,0.39149895310401917,0.599246084690094,0.898220419883728,1.1838743686676025,1.3147910833358765,1.6780651807785034,1.8418889045715332,2.2122905254364014,2.3834285736083984,2.7518022060394287,2.9775662422180176,2.858201742172241,2.716143846511841,1.0348145961761475,0.7775594592094421,0.846746563911438,0.9622118473052979,1.1441164016723633,1.4200645685195923,1.5550627708435059,1.8640283346176147,2.058339834213257,2.380368232727051,2.5896480083465576,2.8791916370391846,3.1472837924957275,2.982386350631714,2.867316246032715,1.4425524473190308,1.2585645914077759,1.3443907499313354,1.4137463569641113,1.552440881729126,1.7755475044250488,1.8961392641067505,2.148357629776001,2.3543171882629395,2.611995220184326,2.8528497219085693,3.0553267002105713,3.350008726119995,3.16229248046875,3.080838680267334,1.892385482788086,1.7457219362258911,1.8297141790390015,1.8841495513916016,1.9861501455307007,2.1736361980438232,2.288823127746582,2.4971821308135986,2.7139952182769775,2.9333345890045166,3.201695203781128,3.29423189163208,3.6028923988342285,3.3902368545532227,3.3390538692474365,2.387664318084717,2.239086627960205,2.333549737930298,2.3919665813446045,2.455188274383545,2.6149115562438965,2.74019193649292,2.8994598388671875,3.15086030960083,3.2885475158691406,3.6193768978118896,3.6172313690185547,3.9826884269714355,3.9926719665527344,4.343669414520264
A3,0.6973773241043091,0.39149895310401917,0.0,0.3813686966896057,0.6008309125900269,0.8963412046432495,1.0856636762619019,1.4455815553665161,1.6507419347763062,2.021019458770752,2.22023868560791,2.596221446990967,2.808924674987793,2.722707748413086,2.588740110397339,1.0003899335861206,0.6679858565330505,0.5736733675003052,0.6239832043647766,0.755831778049469,1.0547822713851929,1.2369745969772339,1.5515809059143066,1.7822355031967163,2.1130990982055664,2.3488736152648926,2.6622800827026367,2.9248929023742676,2.789543628692627,2.680095672607422,1.3051425218582153,1.0616331100463867,1.060951590538025,1.07587468624115,1.1744388341903687,1.397760033607483,1.5469547510147095,1.7986193895339966,2.0333359241485596,2.3001327514648438,2.5630226135253906,2.7940080165863037,3.088297128677368,2.924612522125244,2.8477325439453125,1.70614492893219,1.518878698348999,1.5442782640457153,1.5562180280685425,1.6245671510696411,1.8001028299331665,1.9305427074432373,2.131164312362671,2.367913246154785,2.591510057449341,2.8771536350250244,2.9934027194976807,3.3104445934295654,3.1162021160125732,3.0681912899017334,2.1725082397460938,1.9954664707183838,2.047680616378784,2.071599006652832,2.10874605178833,2.2496232986450195,2.3797109127044678,2.525179386138916,2.7869327068328857,2.9209048748016357,3.260634660720825,3.2722232341766357,3.6412315368652344,3.670644998550415,4.027313709259033
A4,0.9244900345802307,0.599246084690094,0.3813686966896057,0.0,0.3868856430053711,0.5889961123466492,0.7364648580551147,1.0929310321807861,1.2959622144699097,1.6613068580627441,1.870802640914917,2.239128351211548,2.471688747406006,2.3997392654418945,2.298954486846924,0.9891574382781982,0.7601417303085327,0.7274285554885864,0.5817426443099976,0.7266442775726318,0.8952218890190125,1.002776026725769,1.2802252769470215,1.49309241771698,1.8020623922348022,2.0394580364227295,2.33272123336792,2.6158900260925293,2.490983247756958,2.417635440826416,1.3446178436279297,1.1726298332214355,1.1935425996780396,1.1007283926010132,1.2054193019866943,1.3235015869140625,1.4005744457244873,1.6031798124313354,1.8081729412078857,2.03944993019104,2.2972054481506348,2.4984993934631348,2.810772180557251,2.656562328338623,2.617159128189087,1.7616981267929077,1.628950834274292,1.6653016805648804,1.602365255355835,1.6793382167816162,1.7746925354003906,1.8432446718215942,1.9983924627304077,2.20346736907959,2.3877205848693848,2.6640143394470215,2.74283504486084,3.0677883625030518,2.882808208465576,2.872479200363159,2.235304117202759,2.100005626678467,2.1615347862243652,2.128201484680176,2.1801276206970215,2.2605695724487305,2.335904121398926,2.4475226402282715,2.6768362522125244,2.7760682106018066,3.101668357849121,3.072636604309082,3.431788921356201,3.44769024848938,3.8080389499664307
A5,1.2543785572052002,0.898220419883728,0.6008309125900269,0.3868856430053711,0.0,0.3852859437465668,0.7062623500823975,0.981010377407074,1.275990605354309,1.6060287952423096,1.8763477802276611,2.2279279232025146,2.4733879566192627,2.4598917961120605,2.4024593830108643,1.3114572763442993,1.057607650756836,0.8981552124023438,0.6548096537590027,0.5731664299964905,0.7072399258613586,0.9061863422393799,1.117618441581726,1.406791090965271,1.6869560480117798,1.98050057888031,2.2777316570281982,2.5769617557525635,2.5086910724639893,2.475351333618164,1.5758041143417358,1.359702229499817,1.2748801708221436,1.102216124534607,1.0823646783828735,1.1604028940200806,1.284286379814148,1.4269047975540161,1.684106469154358,1.8875470161437988,2.191603899002075,2.4103925228118896,2.7401623725891113,2.6372828483581543,2.6338984966278076,1.926028847694397,1.7507939338684082,1.7043629884719849,1.5818043947219849,1.573013186454773,1.6281949281692505,1.7218313217163086,1.8235507011413574,2.0626261234283447,2.2198400497436523,2.5309221744537354,2.6250171661376953,2.972407817840576,2.8309288024902344,2.8509156703948975,2.350285291671753,2.17969012260437,2.1761250495910645,2.0956714153289795,2.086399793624878,2.125328779220581,2.209277391433716,2.2693402767181396,2.514394760131836,2.578599452972412,2.920456886291504,2.895200729370117,3.252397298812866,3.3049798011779785,3.679539442062378
A6,1.509498119354248,1.1838743686676025,0.8963412046432495,0.5889961123466492,0.3852859437465668,0.0,0.37343111634254456,0.6072130799293518,0.9161080718040466,1.2363024950027466,1.5158025026321411,1.8645187616348267,2.1036312580108643,2.1111507415771484,2.0760574340820312,1.3196171522140503,1.1517937183380127,1.0266611576080322,0.6860679984092712,0.633762001991272,0.5307044982910156,0.6021005511283875,0.7598719596862793,1.0357565879821777,1.3040839433670044,1.6005380153656006,1.8950425386428833,2.197697162628174,2.144482374191284,2.1356048583984375,1.5471150875091553,1.394700050354004,1.3255565166473389,1.0696245431900024,1.0715402364730835,1.0189422369003296,1.0429052114486694,1.1321356296539307,1.3514385223388672,1.5297375917434692,1.826029658317566,2.031014919281006,2.367302417755127,2.2743966579437256,2.2968361377716064,1.8685557842254639,1.7448465824127197,1.708483099937439,1.5199490785598755,1.5329930782318115,1.5018588304519653,1.5186636447906494,1.578548789024353,1.7759857177734375,1.9021809101104736,2.1984915733337402,2.266592264175415,2.616007089614868,2.48134446144104,2.527669668197632,2.2726705074310303,2.1445107460021973,2.150703191757202,2.0171358585357666,2.0334694385528564,2.0132036209106445,2.034005880355835,2.0690746307373047,2.2733986377716064,2.3136565685272217,2.6356160640716553,2.577955484390259,2.9272067546844482,2.9635794162750244,3.3373749256134033
A7,1.591294527053833,1.3147910833358765,1.0856636762619019,0.7364648580551147,0.7062623500823975,0.37343111634254456,0.0,0.3833213448524475,0.5816658139228821,0.939808189868927,1.1769115924835205,1.5408689975738525,1.7734382152557373,1.7544187307357788,1.7152496576309204,1.2096753120422363,1.1562504768371582,1.1327183246612549,0.797542154788971,0.8849549293518066,0.6965601444244385,0.5351284742355347,0.6687172055244446,0.81230229139328,1.0837301015853882,1.3257442712783813,1.606292486190796,1.9071348905563354,1.8209786415100098,1.8129903078079224,1.4578744173049927,1.400970220565796,1.411758542060852,1.1518274545669556,1.2475922107696533,1.1337239742279053,1.0290353298187256,1.1068413257598877,1.222652792930603,1.3857678174972534,1.6251600980758667,1.7894617319107056,2.1217241287231445,1.9964624643325806,2.02352237701416,1.7929058074951172,1.7486852407455444,1.7756624221801758,1.5777193307876587,1.6637076139450073,1.5941402912139893,1.525259017944336,1.5834827423095703,1.7057740688323975,1.8152457475662231,2.0620903968811035,2.083354949951172,2.4155874252319336,2.2539429664611816,2.308490514755249,2.208446979522705,2.1450467109680176,2.2030932903289795,2.0591838359832764,2.136488199234009,2.0968785285949707,2.057462453842163,2.105470895767212,2.256840944290161,2.2973732948303223,2.58302640914917,2.4880423545837402,2.8259217739105225,2.8169071674346924,3.1775496006011963
A8,1.9663728475570679,1.6780651807785034,1.4455815553665161,1.0929310321807861,0.981010377407074,0.6072130799293518,0.3833213448524475,0.0,0.3771856725215912,0.6344577074050903,0.947185218334198,1.2717293500900269,1.5292623043060303,1.5811991691589355,1.620632290840149,1.557552456855774,1.5296717882156372,1.4880698919296265,1.1336174011230469,1.1443819999694824,0.8603777289390564,0.6441488862037659,0.5363651514053345,0.6376853585243225,0.7977798581123352,1.0792821645736694,1.3246709108352661,1.6583044528961182,1.6339771747589111,1.7036129236221313,1.7637449502944946,1.7267296314239502,1.7100614309310913,1.405434250831604,1.4475902318954468,1.2407543659210205,1.0784176588058472,1.0218837261199951,1.0885480642318726,1.1525205373764038,1.398546814918518,1.524862289428711,1.8848004341125488,1.811619758605957,1.90975022315979,2.0479393005371094,2.020642042160034,2.0202839374542236,1.7708299160003662,1.8223131895065308,1.673687219619751,1.5543830394744873,1.5226577520370483,1.6036747694015503,1.6351104974746704,1.8740012645721436,1.8529367446899414,2.199190855026245,2.0805983543395996,2.1970040798187256,2.4169251918792725,2.3696482181549072,2.404022455215454,2.2094225883483887,2.269028425216675,2.164158821105957,2.0768520832061768,2.0628509521484375,2.1732919216156006,2.1547842025756836,2.4182045459747314,2.2789711952209473,2.5953783988952637,2.588820695877075,2.9545979499816895
A9,2.0821731090545654,1.8418889045715332,1.6507419347763062,1.2959622144699097,1.275990605354309,0.9161080718040466,0.5816658139228821,0.3771856725215912,0.0,0.3821485638618469,0.6009983420372009,0.9595779180526733,1.2039422988891602,1.2173638343811035,1.256704568862915,1.5365664958953857,1.602669596672058,1.6343562602996826,1.3087382316589355,1.4050008058547974,1.1181211471557617,0.8063685894012451,0.7090546488761902,0.5807095170021057,0.6972389817237854,0.8535512089729309,1.0669341087341309,1.3924206495285034,1.3183727264404297,1.3924967050552368,1.7400643825531006,1.7864240407943726,1.8344093561172485,1.5482653379440308,1.6622003316879272,1.4396345615386963,1.1950997114181519,1.1474933624267578,1.0885423421859741,1.1291266679763794,1.2744733095169067,1.3364678621292114,1.6799434423446655,1.5608576536178589,1.6634787321090698,2.019745349884033,2.0650832653045654,2.1209216117858887,1.879164218902588,1.993493914604187,1.830769658088684,1.6466336250305176,1.626203179359436,1.625352144241333,1.6432182788848877,1.8104289770126343,1.733507752418518,2.04658842086792,1.8927687406539917,2.0143237113952637,2.386051893234253,2.4007742404937744,2.4833734035491943,2.2903685569763184,2.405545711517334,2.2952277660369873,2.1597962379455566,2.1675140857696533,2.2243714332580566,2.2148356437683105,2.43239164352417,2.2599711418151855,2.5576136112213135,2.4964144229888916,2.839535713195801
A10,2.4578146934509277,2.2122905254364014,2.021019458770752,1.6613068580627441,1.6060287952423096,1.2363024950027466,0.939808189868927,0.6344577074050903,0.3821485638618469,0.0,0.376986026763916,0.6414216160774231,0.9246874451637268,1.0331618785858154,1.1854807138442993,1.8992093801498413,1.9808179140090942,2.0048298835754395,1.670586347579956,1.7312880754470825,1.409238576889038,1.0962998867034912,0.8843197822570801,0.6796016693115234,0.5710055828094482,0.6712062954902649,0.7729470133781433,1.1405386924743652,1.1371281147003174,1.3166593313217163,2.0747101306915283,2.13773512840271,2.1730194091796875,1.8671619892120361,1.9522616863250732,1.680824637413025,1.4059187173843384,1.2656675577163696,1.1339467763900757,1.0484544038772583,1.139207363128662,1.1078797578811646,1.4688289165496826,1.4034538269042969,1.5922011137008667,2.314202070236206,2.3779618740081787,2.4205663204193115,2.1505179405212402,2.245903730392456,2.031238555908203,1.8071871995925903,1.716813564300537,1.657325267791748,1.5904732942581177,1.713975191116333,1.5678542852401733,1.8733839988708496,1.7627966403961182,1.9527430534362793,2.638242721557617,2.6735801696777344,2.7442467212677,2.51790189743042,2.6257541179656982,2.467379331588745,2.288456678390503,2.247800588607788,2.252595901489258,2.1892008781433105,2.3635292053222656,2.138531446456909,2.3979382514953613,2.3213179111480713,2.655925750732422
A11,2.5849993228912354,2.3834285736083984,2.22023868560791,1.870802640914917,1.8763477802276611,1.5158025026321411,1.1769115924835205,0.947185218334198,0.6009983420372009,0.376986026763916,0.0,0.3909262418746948,0.6194148063659668,0.6615439653396606,0.8329595923423767,1.9270418882369995,2.0776944160461426,2.153149366378784,1.8500829935073853,1.9693690538406372,1.656717300415039,1.3053308725357056,1.1425501108169556,0.8419332504272461,0.7317335605621338,0.6109617948532104,0.6200615763664246,0.9355107545852661,0.8470595479011536,1.0358057022094727,2.0833580493927,2.212373733520508,2.2973580360412598,2.0165843963623047,2.1560678482055664,1.8879677057266235,1.571346640586853,1.4642930030822754,1.2520577907562256,1.1723415851593018,1.1385400295257568,1.0293546915054321,1.334918737411499,1.2037187814712524,1.3878036737442017,2.3055717945098877,2.4301764965057373,2.5195698738098145,2.265974283218384,2.4128682613372803,2.1998674869537354,1.9357852935791016,1.8711438179016113,1.7483359575271606,1.6860612630844116,1.729711651802063,1.5362449884414673,1.7839487791061401,1.6286941766738892,1.8113882541656494,2.6157522201538086,2.7061595916748047,2.8190131187438965,2.602494716644287,2.7582340240478516,2.6051976680755615,2.3937153816223145,2.3825154304504395,2.344102382659912,2.3018903732299805,2.4302685260772705,2.1874568462371826,2.423780679702759,2.28887939453125,2.5888705253601074
A12,2.9562761783599854,2.7518022060394287,2.596221446990967,2.239128351211548,2.2279279232025146,1.8645187616348267,1.5408689975738525,1.2717293500900269,0.9595779180526733,0.6414216160774231,0.3909262418746948,0.0,0.3900650441646576,0.5814344882965088,0.910546064376831,2.3063104152679443,2.466700315475464,2.542921543121338,2.2351064682006836,2.3362929821014404,2.0100159645080566,1.6657596826553345,1.4572681188583374,1.1552435159683228,0.9389148354530334,0.7513386011123657,0.5320169925689697,0.8264796733856201,0.8175080418586731,1.1218016147613525,2.4577553272247314,2.5975964069366455,2.6790037155151367,2.390409231185913,2.5132133960723877,2.2228970527648926,1.898621916770935,1.7433679103851318,1.4991379976272583,1.3350235223770142,1.2351521253585815,1.0073193311691284,1.280259132385254,1.2061189413070679,1.470690131187439,2.659543514251709,2.7977004051208496,2.8823118209838867,2.6160600185394287,2.751039505004883,2.51001238822937,2.2263667583465576,2.117910385131836,1.9545843601226807,1.827030897140503,1.8166780471801758,1.553691029548645,1.7614082098007202,1.6519677639007568,1.8945670127868652,2.94134259223938,3.048910140991211,3.1570231914520264,2.922748565673828,3.0740909576416016,2.8914103507995605,2.6519851684570312,2.607017755508423,2.525829792022705,2.441269636154175,2.5213654041290283,2.2330434322357178,2.4168102741241455,2.2572269439697266,2.5301952362060547
A13,3.1572327613830566,2.9775662422180176,2.808924674987793,2.471688747406006,2.4733879566192627,2.1036312580108643,1.7734382152557373,1.5292623043060303,1.2039422988891602,0.9246874451637268,0.6194148063659668,0.3900650441646576,0.0,0.3769078254699707,0.7270461320877075,2.4147119522094727,2.6025876998901367,2.682056188583374,2.390329599380493,2.506279468536377,2.1694495677948,1.8059968948364258,1.6072255373001099,1.2555019855499268,1.035722255706787,0.7198681831359863,0.4300462007522583,0.5304368138313293,0.4912091791629791,0.8479358553886414,2.4926719665527344,2.666386127471924,2.7557790279388428,2.4742326736450195,2.615673065185547,2.309997320175171,1.9548825025558472,1.8041478395462036,1.4977824687957764,1.33049738407135,1.1211316585540771,0.8348566889762878,1.009675145149231,0.9018366932868958,1.183043360710144,2.6316444873809814,2.8060803413391113,2.9019947052001953,2.6342906951904297,2.792236089706421,2.534390687942505,2.214085102081299,2.1083338260650635,1.884556531906128,1.7509136199951172,1.6605186462402344,1.3639243841171265,1.5022281408309937,1.3702338933944702,1.6168668270111084,2.858114004135132,3.0042738914489746,3.1247966289520264,2.882493734359741,3.0609583854675293,2.864980459213257,2.5894997119903564,2.555008888244629,2.424954891204834,2.3523361682891846,2.3807008266448975,2.0827980041503906,2.2383668422698975,2.0293712615966797,2.2651047706604004
A14,2.99835205078125,2.858201742172241,2.722707748413086,2.3997392654418945,2.4598917961120605,2.1111507415771484,1.7544187307357788,1.5811991691589355,1.2173638343811035,1.0331618785858154,0.6615439653396606,0.5814344882965088,0.3769078254699707,0.0,0.39429059624671936,2.216771364212036,2.450010299682617,2.577258825302124,2.3213467597961426,2.4930336475372314,2.1890439987182617,1.8138707876205444,1.688869833946228,1.3264235258102417,1.2058113813400269,0.8842135667800903,0.7282164692878723,0.7693915963172913,0.5097414255142212,0.7117630839347839,2.3067972660064697,2.5232138633728027,2.6616058349609375,2.417760133743286,2.610966682434082,2.3419833183288574,1.9846011400222778,1.9039934873580933,1.602279782295227,1.5174065828323364,1.3091247081756592,1.0862443447113037,1.2161458730697632,0.9900931715965271,1.1574116945266724,2.463744878768921,2.6755990982055664,2.8191990852355957,2.5881879329681396,2.792855739593506,2.5739917755126953,2.2581565380096436,2.214538812637329,1.9987354278564453,1.9300663471221924,1.8380908966064453,1.5776090621948242,1.6901694536209106,1.480797290802002,1.6484206914901733,2.712779998779297,2.889634609222412,3.0538384914398193,2.847107410430908,3.0638999938964844,2.908294200897217,2.645265579223633,2.664551258087158,2.5498955249786377,2.529820680618286,2.569929599761963,2.303555488586426,2.4802865982055664,2.252148389816284,2.4717884063720703
A15,2.816807746887207,2.716143846511841,2.588740110397339,2.298954486846924,2.4024593830108643,2.0760574340820312,1.7152496576309204,1.620632290840149,1.256704568862915,1.1854807138442993,0.8329595923423767,0.910546064376831,0.7270461320877075,0.39429059624671936,0.0,1.96707284450531,2.232753276824951,2.385035753250122,2.169484853744507,2.384066104888916,2.109901189804077,1.7327256202697754,1.68234384059906,1.3179820775985718,1.299358606338501,0.9833313822746277,0.9659204483032227,0.9501370191574097,0.5806670188903809,0.5190755724906921,2.015115261077881,2.268723249435425,2.439894199371338,2.2327702045440674,2.4700045585632324,2.232841968536377,1.8747361898422241,1.864319920539856,1.5650043487548828,1.5683529376983643,1.3590396642684937,1.223113775253296,1.3091630935668945,0.9894553422927856,1.0117138624191284,2.1525676250457764,2.398834466934204,2.5781400203704834,2.3796937465667725,2.626821279525757,2.441530704498291,2.1280291080474854,2.1465673446655273,1.934464693069458,1.9366223812103271,1.8424087762832642,1.6382583379745483,1.73158597946167,1.4504326581954956,1.522570252418518,2.3974392414093018,2.6032397747039795,2.8014581203460693,2.6246213912963867,2.8776164054870605,2.7576334476470947,2.5042076110839844,2.5780253410339355,2.475482940673828,2.513995885848999,2.565108299255371,2.343378782272339,2.5475618839263916,2.3115761280059814,2.5228488445281982
B1,0.9853239059448242,1.0348145961761475,1.0003899335861206,0.9891574382781982,1.3114572763442993,1.3196171522140503,1.2096753120422363,1.557552456855774,1.5365664958953857,1.8992093801498413,1.9270418882369995,2.3063104152679443,2.4147119522094727,2.216771364212036,1.96707284450531,0.0,0.3910749852657318,0.7442001104354858,0.8583105206489563,1.2465561628341675,1.350745439529419,1.274768352508545,1.6208311319351196,1.643216609954834,1.993324637413025,2.069096565246582,2.3690202236175537,2.5389974117279053,2.2933664321899414,2.077364444732666,0.5595677495002747,0.6777462363243103,1.0045225620269775,1.087507724761963,1.4354074001312256,1.5612504482269287,1.513227939605713,1.8255882263183594,1.8922429084777832,2.194121837615967,2.317168712615967,2.508226156234741,2.7211430072784424,2.4530553817749023,2.2840096950531006,1.068956971168518,1.124906301498413,1.3856184482574463,1.4438798427581787,1.727973222732544,1.8655749559402466,1.8487187623977661,2.1188032627105713,2.2222650051116943,2.479757070541382,2.650256872177124,2.727267265319824,2.9643967151641846,2.68023943901062,2.5601258277893066,1.600481390953064,1.6020331382751465,1.8323824405670166,1.8889693021774292,2.105780601501465,2.251962184906006,2.2786731719970703,2.511735677719116,2.6798014640808105,2.875080108642578,3.14011287689209,3.1300840377807617,3.482483148574829,3.4151463508605957,3.718742847442627
B2,0.790367841720581,0.7775594592094421,0.6679858565330505,0.7601417303085327,1.057607650756836,1.1517937183380127,1.1562504768371582,1.5296717882156372,1.602669596672058,1.9808179140090942,2.0776944160461426,2.466700315475464,2.6025876998901367,2.450010299682617,2.232753276824951,0.3910749852657318,0.0,0.38478073477745056,0.5950245261192322,0.9568129181861877,1.154085397720337,1.1892341375350952,1.557941198348999,1.6701486110687256,2.034353494644165,2.1762330532073975,2.5011110305786133,2.696096658706665,2.4941961765289307,2.30350399017334,0.6674894094467163,0.5368223190307617,0.7638118267059326,0.8767366409301758,1.1758737564086914,1.3732545375823975,1.4183967113494873,1.7430322170257568,1.8869128227233887,2.201022148132324,2.3826606273651123,2.611431837081909,2.8474678993225098,2.6181511878967285,2.466775894165039,1.127518653869629,1.0428153276443481,1.2182005643844604,1.2892835140228271,1.512681007385254,1.6959308385849,1.7528817653656006,2.025648832321167,2.192439079284668,2.4611709117889404,2.6809475421905518,2.795121431350708,3.061018705368042,2.8076012134552,2.6965112686157227,1.6390334367752075,1.544848918914795,1.7074545621871948,1.7720609903335571,1.9278610944747925,2.096730947494507,2.17962384223938,2.4009523391723633,2.616762638092041,2.8091015815734863,3.1087443828582764,3.126492500305176,3.4923970699310303,3.4674570560455322,3.790710687637329
B3,0.9604660868644714,0.846746563911438,0.5736733675003052,0.7274285554885864,0.8981552124023438,1.0266611576080322,1.1327183246612549,1.4880698919296265,1.6343562602996826,2.0048298835754395,2.153149366378784,2.542921543121338,2.682056188583374,2.577258825302124,2.385035753250122,0.7442001104354858,0.38478073477745056,0.0,0.3717401921749115,0.6458414196968079,0.915274441242218,1.0566365718841553,1.4270451068878174,1.6108895540237427,1.9789068698883057,2.1709399223327637,2.519998788833618,2.720418930053711,2.5647244453430176,2.3925774097442627,0.8137328624725342,0.5083784461021423,0.5089132785797119,0.6023293733596802,0.8339613080024719,1.0902456045150757,1.222617745399475,1.5525527000427246,1.7606322765350342,2.0852367877960205,2.3118324279785156,2.580008029937744,2.8239409923553467,2.635023355484009,2.496182918548584,1.1502010822296143,0.9464730024337769,0.998313307762146,1.0446970462799072,1.198007345199585,1.4090956449508667,1.5293766260147095,1.800122857093811,2.0192272663116455,2.2981817722320557,2.5563547611236572,2.7102773189544678,2.9947457313537598,2.7735018730163574,2.6683104038238525,1.6009318828582764,1.4254827499389648,1.5043925046920776,1.5486117601394653,1.6424050331115723,1.8155072927474976,1.941012978553772,2.1470236778259277,2.399965763092041,2.5899105072021484,2.9149417877197266,2.96199631690979,3.336181640625,3.350473165512085,3.68669056892395
B4,1.1745882034301758,0.9622118473052979,0.6239832043647766,0.5817426443099976,0.6548096537590027,0.6860679984092712,0.797542154788971,1.1336174011230469,1.3087382316589355,1.670586347579956,1.8500829935073853,2.2351064682006836,2.390329599380493,2.3213467597961426,2.169484853744507,0.8583105206489563,0.5950245261192322,0.3717401921749115,0.0,0.38899603486061096,0.5694176554679871,0.7045906782150269,1.066537618637085,1.275583028793335,1.6351792812347412,1.8555212020874023,2.20310640335083,2.4254310131073,2.3012335300445557,2.1713106632232666,0.9583407640457153,0.7274877429008484,0.6662178039550781,0.5208662748336792,0.6982685923576355,0.8464947938919067,0.945029079914093,1.2368762493133545,1.4547823667526245,1.757139801979065,2.005409002304077,2.2683780193328857,2.536151885986328,2.374953269958496,2.2796239852905273,1.2732897996902466,1.1044448614120483,1.1064894199371338,1.0221173763275146,1.1339160203933716,1.2495205402374268,1.3287991285324097,1.5469369888305664,1.7633553743362427,2.008659601211548,2.281104564666748,2.4177098274230957,2.723060369491577,2.5255720615386963,2.463386058807373,1.7018465995788574,1.5467225313186646,1.592271327972412,1.547732949256897,1.620203971862793,1.7150136232376099,1.7968379259109497,1.952533483505249,2.1911628246307373,2.3408849239349365,2.6676642894744873,2.6855432987213135,3.0568835735321045,3.0771656036376953,3.426551103591919
B5,1.4152244329452515,1.1441164016723633,0.755831778049469,0.7266442775726318,0.5731664299964905,0.633762001991272,0.8849549293518066,1.1443819999694824,1.4050008058547974,1.7312880754470825,1.9693690538406372,2.3362929821014404,2.506279468536377,2.4930336475372314,2.384066104888916,1.2465561628341675,0.9568129181861877,0.6458414196968079,0.38899603486061096,0.0,0.38874390721321106,0.7137508988380432,1.0025168657302856,1.3037577867507935,1.6321358680725098,1.9121569395065308,2.263420820236206,2.5005850791931152,2.4345903396606445,2.3445703983306885,1.2955727577209473,1.0168403387069702,0.8114427328109741,0.5887598991394043,0.511002242565155,0.6673723459243774,0.8875107169151306,1.1212846040725708,1.4196650981903076,1.6989047527313232,2.0021703243255615,2.2896194458007812,2.573009729385376,2.467303991317749,2.4067671298980713,1.5258852243423462,1.2944799661636353,1.1762714385986328,1.0323021411895752,1.0020290613174438,1.0963926315307617,1.243850588798523,1.4102386236190796,1.6867772340774536,1.912984848022461,2.231401205062866,2.3958823680877686,2.7248308658599854,2.57556414604187,2.5406486988067627,1.8823641538619995,1.6717320680618286,1.6252073049545288,1.5364588499069214,1.5150785446166992,1.5768401622772217,1.6942012310028076,1.795765995979309,2.0704281330108643,2.189784288406372,2.543789863586426,2.5793616771698,2.952296018600464,3.0192883014678955,3.3843042850494385
B6,1.6965515613555908,1.4200645685195923,1.0547822713851929,0.8952218890190125,0.7072399258613586,0.5307044982910156,0.6965601444244385,0.8603777289390564,1.1181211471557617,1.409238576889038,1.656717300415039,2.0100159645080566,2.1694495677948,2.1890439987182617,2.109901189804077,1.350745439529419,1.154085397720337,0.915274441242218,0.5694176554679871,0.38874390721321106,0.0,0.37927061319351196,0.6204718351364136,0.9391627907752991,1.2546958923339844,1.5483036041259766,1.9003740549087524,2.1386191844940186,2.1015076637268066,2.0431196689605713,1.374312400817871,1.177579402923584,1.0031846761703491,0.6700236201286316,0.5979909300804138,0.4888700842857361,0.5906761884689331,0.7610949873924255,1.0546925067901611,1.3152498006820679,1.6272614002227783,1.9124716520309448,2.2046217918395996,2.1216869354248047,2.0946712493896484,1.5667532682418823,1.398868441581726,1.2868931293487549,1.044323205947876,1.0212054252624512,0.9719102382659912,1.0215089321136475,1.1226602792739868,1.370071530342102,1.5621223449707031,1.8801822662353516,2.0261008739471436,2.364976167678833,2.2327868938446045,2.2325007915496826,1.8905569314956665,1.728577971458435,1.6834723949432373,1.5167158842086792,1.5126953125,1.4828822612762451,1.5204942226409912,1.576119303703308,1.8106224536895752,1.8943874835968018,2.235654354095459,2.2373225688934326,2.6052725315093994,2.6648473739624023,3.035055637359619
B7,1.802755355834961,1.5550627708435059,1.2369745969772339,1.002776026725769,0.9061863422393799,0.6021005511283875,0.5351284742355347,0.6441488862037659,0.8063685894012451,1.0962998867034912,1.3053308725357056,1.6657596826553345,1.8059968948364258,1.8138707876205444,1.7327256202697754,1.274768352508545,1.1892341375350952,1.0566365718841553,0.7045906782150269,0.7137508988380432,0.37927061319351196,0.0,0.37764033675193787,0.5951026082038879,0.9444679617881775,1.2000982761383057,1.5554908514022827,1.7879753112792969,1.7300275564193726,1.6737072467803955,1.303772211074829,1.2149354219436646,1.135511875152588,0.7969266176223755,0.8609145283699036,0.6496192812919617,0.494040310382843,0.6336247324943542,0.8067017197608948,1.0669556856155396,1.334000825881958,1.5935401916503906,1.8861454725265503,1.777133822441101,1.7581452131271362,1.5013502836227417,1.428612470626831,1.3908897638320923,1.1272251605987549,1.1981455087661743,1.0785188674926758,0.9902727007865906,1.071426272392273,1.2213214635849,1.3905783891677856,1.6619541645050049,1.76060152053833,2.090411424636841,1.933224081993103,1.9472383260726929,1.8325573205947876,1.748522162437439,1.7618286609649658,1.5715999603271484,1.6415868997573853,1.5732499361038208,1.5223500728607178,1.5815740823745728,1.7455264329910278,1.8205876350402832,2.121725082397461,2.075908660888672,2.4346940517425537,2.447751045227051,2.8095905780792236
B8,2.1362993717193604,1.8640283346176147,1.5515809059143066,1.2802252769470215,1.117618441581726,0.7598719596862793,0.6687172055244446,0.5363651514053345,0.7090546488761902,0.8843197822570801,1.1425501108169556,1.4572681188583374,1.6072255373001099,1.688869833946228,1.68234384059906,1.6208311319351196,1.557941198348999,1.4270451068878174,1.066537618637085,1.0025168657302856,0.6204718351364136,0.37764033675193787,0.0,0.3836539685726166,0.6394887566566467,0.9654678106307983,1.3024793863296509,1.5602327585220337,1.575585126876831,1.5988094806671143,1.6526226997375488,1.5847158432006836,1.488383412361145,1.131689429283142,1.119543194770813,0.8149080276489258,0.6028585433959961,0.4856564998626709,0.6200121641159058,0.7716898322105408,1.0829836130142212,1.3270127773284912,1.6519314050674438,1.6078685522079468,1.667001485824585,1.8130398988723755,1.757712721824646,1.6924563646316528,1.386121392250061,1.4025771617889404,1.1888790130615234,1.0425266027450562,0.9864632487297058,1.0930882692337036,1.1652826070785522,1.447574257850647,1.5115119218826294,1.8675237894058228,1.7638016939163208,1.8487399816513062,2.093812942504883,2.0254697799682617,2.0095436573028564,1.7671867609024048,1.8064584732055664,1.6591954231262207,1.553419589996338,1.52657949924469,1.6453371047973633,1.645035743713379,1.9302188158035278,1.8371200561523438,2.180187702178955,2.2047860622406006,2.5790958404541016
B9,2.2931902408599854,2.058339834213257,1.7822355031967163,1.49309241771698,1.406791090965271,1.0357565879821777,0.81230229139328,0.6376853585243225,0.5807095170021057,0.6796016693115234,0.8419332504272461,1.1552435159683228,1.2555019855499268,1.3264235258102417,1.3179820775985718,1.643216609954834,1.6701486110687256,1.6108895540237427,1.275583028793335,1.3037577867507935,0.9391627907752991,0.5951026082038879,0.3836539685726166,0.0,0.37569108605384827,0.6097872853279114,0.9671145677566528,1.204891562461853,1.1940044164657593,1.2229658365249634,1.6574605703353882,1.678174376487732,1.6489287614822388,1.3131647109985352,1.383318543434143,1.0704363584518433,0.7499567270278931,0.6314354538917542,0.5079233646392822,0.6154836416244507,0.8138089776039124,1.0157840251922607,1.3342019319534302,1.252159833908081,1.3241366147994995,1.7978144884109497,1.8245991468429565,1.8184195756912231,1.5166951417922974,1.6055912971496582,1.369600534439087,1.129023790359497,1.071713924407959,1.04474675655365,1.0832594633102417,1.2755239009857178,1.2720578908920288,1.6045979261398315,1.4652704000473022,1.5666239261627197,2.062304735183716,2.066296339035034,2.1007046699523926,1.8521246910095215,1.955700159072876,1.7925633192062378,1.6165971755981445,1.6065483093261719,1.644883394241333,1.6456934213638306,1.8691718578338623,1.72787606716156,2.0509159564971924,2.0133893489837646,2.3688786029815674
B10,2.6287858486175537,2.380368232727051,2.1130990982055664,1.8020623922348022,1.6869560480117798,1.3040839433670044,1.0837301015853882,0.7977798581123352,0.6972389817237854,0.5710055828094482,0.7317335605621338,0.9389148354530334,1.035722255706787,1.2058113813400269,1.299358606338501,1.993324637413025,2.034353494644165,1.9789068698883057,1.6351792812347412,1.6321358680725098,1.2546958923339844,0.9444679617881775,0.6394887566566467,0.37569108605384827,0.0,0.38632720708847046,0.6789370179176331,0.9563594460487366,1.0479074716567993,1.193522572517395,2.0191500186920166,2.052797794342041,2.017916440963745,1.6747130155563354,1.709965705871582,1.368396282196045,1.0551731586456299,0.8239935040473938,0.6215835213661194,0.477584570646286,0.6301279664039612,0.7404477000236511,1.1064441204071045,1.1073846817016602,1.289893627166748,2.1415975093841553,2.1824333667755127,2.1649014949798584,1.8463459014892578,1.9059079885482788,1.6255005598068237,1.3596135377883911,1.208565592765808,1.1121628284454346,1.0196683406829834,1.1658726930618286,1.0744026899337769,1.4189648628234863,1.3428853750228882,1.5356203317642212,2.3715434074401855,2.3921329975128174,2.412580966949463,2.136615753173828,2.2228405475616455,2.0107526779174805,1.7944573163986206,1.718300461769104,1.6960816383361816,1.6203564405441284,1.7949601411819458,1.5855307579040527,1.8687117099761963,1.821610450744629,2.177769899368286
B11,2.800977945327759,2.5896480083465576,2.3488736152648926,2.0394580364227295,1.98050057888031,1.6005380153656006,1.3257442712783813,1.0792821645736694,0.8535512089729309,0.6712062954902649,0.6109617948532104,0.7513386011123657,0.7198681831359863,0.8842135667800903,0.9833313822746277,2.069096565246582,2.1762330532073975,2.1709399223327637,1.8555212020874023,1.9121569395065308,1.5483036041259766,1.2000982761383057,0.9654678106307983,0.6097872853279114,0.38632720708847046,0.0,0.38397058844566345,0.6016925573348999,0.6630368232727051,0.8441788554191589,2.0699193477630615,2.1710455417633057,2.1857731342315674,1.868394374847412,1.9606375694274902,1.626793384552002,1.2722198963165283,1.0902141332626343,0.7828511595726013,0.6378090381622314,0.527942955493927,0.49372008442878723,0.8270246982574463,0.7651153802871704,0.9822384119033813,2.1649324893951416,2.271505832672119,2.301316976547241,1.9986584186553955,2.113304853439331,1.8336706161499023,1.5199999809265137,1.396575927734375,1.2062476873397827,1.1043083667755127,1.1193292140960693,0.9395108222961426,1.2184984683990479,1.0919041633605957,1.303015112876892,2.369032621383667,2.451852321624756,2.515169143676758,2.245408296585083,2.3842110633850098,2.1731250286102295,1.913110613822937,1.8661104440689087,1.7792197465896606,1.7213935852050781,1.825102686882019,1.5821784734725952,1.8286900520324707,1.7041194438934326,2.022286891937256
B12,3.090588092803955,2.8791916370391846,2.6622800827026367,2.33272123336792,2.2777316570281982,1.8950425386428833,1.606292486190796,1.3246709108352661,1.0669341087341309,0.7729470133781433,0.6200615763664246,0.5320169925689697,0.4300462007522583,0.7282164692878723,0.9659204483032227,2.3690202236175537,2.5011110305786133,2.519998788833618,2.20310640335083,2.263420820236206,1.9003740549087524,1.5554908514022827,1.3024793863296509,0.9671145677566528,0.6789370179176331,0.38397058844566345,0.0,0.38952842354774475,0.5642656087875366,0.9000654220581055,2.403606414794922,2.5264923572540283,2.5588788986206055,2.245617389678955,2.3372902870178223,2.0017902851104736,1.6528960466384888,1.4490448236465454,1.1436692476272583,0.9245649576187134,0.7414146661758423,0.47540733218193054,0.7731566429138184,0.7707286477088928,1.091135025024414,2.510059356689453,2.638077974319458,2.6809847354888916,2.381282329559326,2.4946951866149902,2.2067930698394775,1.8884316682815552,1.7380179166793823,1.5206565856933594,1.354519248008728,1.3012808561325073,1.022586464881897,1.2397890090942383,1.1607013940811157,1.4403992891311646,2.710150718688965,2.8152194023132324,2.8880629539489746,2.6160035133361816,2.7564408779144287,2.531309127807617,2.2547500133514404,2.1828558444976807,2.058110475540161,1.9585843086242676,2.007303237915039,1.7110745906829834,1.891947865486145,1.7301139831542969,2.0141866207122803
B13,3.3336029052734375,3.1472837924957275,2.9248929023742676,2.6158900260925293,2.5769617557525635,2.197697162628174,1.9071348905563354,1.6583044528961182,1.3924206495285034,1.1405386924743652,0.9355107545852661,0.8264796733856201,0.5304368138313293,0.7693915963172913,0.9501370191574097,2.5389974117279053,2.696096658706665,2.720418930053711,2.4254310131073,2.5005850791931152,2.1386191844940186,1.7879753112792969,1.5602327585220337,1.204891562461853,0.9563594460487366,0.6016925573348999,0.38952842354774475,0.0,0.3882761001586914,0.7366982698440552,2.5057711601257324,2.659986972808838,2.7005984783172607,2.4013609886169434,2.510072946548462,2.168520212173462,1.8008102178573608,1.6116161346435547,1.2573559284210205,1.0522667169570923,0.736667275428772,0.4003744423389435,0.47942182421684265,0.4625002145767212,0.8373149037361145,2.5467724800109863,2.7095577716827393,2.7629966735839844,2.4671521186828613,2.6017539501190186,2.3017852306365967,1.9518609046936035,1.807356834411621,1.524596095085144,1.3530240058898926,1.1895735263824463,0.8647048473358154,0.9722726345062256,0.8714849352836609,1.1729179620742798,2.6832597255706787,2.827512502670288,2.9113121032714844,2.6334640979766846,2.8001394271850586,2.56254243850708,2.249242067337036,2.188173532485962,2.0053045749664307,1.9189804792404175,1.8990788459777832,1.592612862586975,1.7311217784881592,1.5048824548721313,1.7409000396728516
