,A1,A2,A3,A4,A5,A6,A7,A8,A9,A10,A11,A12,A13,A14,A15,B1,B2,B3,B4,B5,B6,B7,B8,B9,B10,B11,B12,B13,B14,B15,C1,C2,C3,C4,C5,C6,C7,C8,C9,C10,C11,C12,C13,C14,C15,D1,D2,D3,D4,D5,D6,D7,D8,D9,D10,D11,D12,D13,D14,D15,E1,E2,E3,E4,E5,E6,E7,E8,E9,E10,E11,E12,E13,E14,E15
A1,0.0,0.3958924114704132,0.6575281023979187,0.7208039164543152,1.1181132793426514,1.203748106956482,1.11311936378479,1.459707498550415,1.4577058553695679,1.8107457160949707,1.8774629831314087,2.220641851425171,2.4853365421295166,2.4476099014282227,2.2003843784332275,0.7244817018508911,0.6371326446533203,0.9076749086380005,0.99587482213974,1.332981824874878,1.4401899576187134,1.394275188446045,1.6849100589752197,1.722110629081726,2.0227890014648438,2.1063034534454346,2.376448631286621,2.680945873260498,2.626739263534546,2.4685442447662354,1.2111599445343018,1.1841918230056763,1.385999321937561,1.4374240636825562,1.6963108777999878,1.7911334037780762,1.7565104961395264,1.9993431568145752,2.0697879791259766,2.322585344314575,2.430717706680298,2.620651960372925,2.944517135620117,2.9113094806671143,2.7755370140075684,1.6985054016113281,1.6940371990203857,1.8491836786270142,1.8834598064422607,2.0942087173461914,2.1798453330993652,2.158364772796631,2.358330488204956,2.4725496768951416,2.672762870788574,2.835913896560669,2.9340016841888428,3.2599000930786133,3.2017369270324707,3.152521848678589,2.1813788414001465,2.1747236251831055,2.3318984508514404,2.378164768218994,2.545593500137329,2.6307168006896973,2.632269859313965,2.770211696624756,2.9488959312438965,3.0271174907684326,3.2858452796936035,3.22816801071167,3.577625274658203,3.578773021697998,3.8870296478271484
A2,0.3958924114704132,0.0,0.39799657464027405,0.6092258095741272,0.9725510478019714,1.1807903051376343,1.2149161100387573,1.5928840637207031,1.675501823425293,2.0432510375976562,2.164353370666504,2.5147786140441895,2.7981698513031006,2.79219388961792,2.563504219055176,0.9494941830635071,0.7162826061248779,0.8181003928184509,0.9215322732925415,1.1909352540969849,1.3922832012176514,1.4555654525756836,1.778131365776062,1.89287531375885,2.2162463665008545,2.3522493839263916,2.641727924346924,2.9629135131835938,2.9418632984161377,2.7927169799804688,1.3515466451644897,1.2257499694824219,1.3242398500442505,1.3788737058639526,1.575499176979065,1.7383174896240234,1.7916293144226074,2.060861110687256,2.1979901790618896,2.4754226207733154,2.6324944496154785,2.850510597229004,3.1914310455322266,3.190523147583008,3.0573084354400635,1.7975612878799438,1.7252689599990845,1.8024827241897583,1.8367626667022705,1.9919604063034058,2.1270968914031982,2.176677942276001,2.393669366836548,2.5641446113586426,2.785781145095825,2.9903528690338135,3.122506856918335,3.4687483310699463,3.440216541290283,3.3887109756469727,2.2506320476531982,2.196509838104248,2.29232120513916,2.3386905193328857,2.456394672393799,2.575209617614746,2.6331911087036133,2.7758138179779053,2.999685287475586,3.0886435508728027,3.380079984664917,3.3551254272460938,3.7170207500457764,3.7552614212036133,4.0824174880981445
A3,0.6575281023979187,0.39799657464027405,0.0,0.3818593919277191,0.6559518575668335,0.9109373092651367,1.0236625671386719,1.4079406261444092,1.5512921810150146,1.9270845651626587,2.0982611179351807,2.4609997272491455,2.7494304180145264,2.790923595428467,2.5971436500549316,0.9064064621925354,0.6616021990776062,0.56990647315979,0.5840784311294556,0.8010696172714233,1.0406829118728638,1.1734120845794678,1.515123963356018,1.6878037452697754,2.029907703399658,2.213157892227173,2.527653217315674,2.85699462890625,2.8801355361938477,2.7471628189086914,1.2099366188049316,1.0702050924301147,1.0643367767333984,1.0537055730819702,1.199231743812561,1.3751356601715088,1.4766216278076172,1.75639009475708,1.9409986734390259,2.2358925342559814,2.43447208404541,2.6819562911987305,3.034435987472534,3.0722544193267822,2.948298931121826,1.605277419090271,1.5311715602874756,1.5384302139282227,1.5225505828857422,1.632845401763916,1.768097996711731,1.849934458732605,2.0664572715759277,2.273162364959717,2.506171941757202,2.742143392562866,2.9041552543640137,3.2660410404205322,3.270272731781006,3.223799467086792,2.0246782302856445,1.9777230024337769,2.024722099304199,2.0310111045837402,2.111149311065674,2.221459150314331,2.299189805984497,2.4313395023345947,2.6781535148620605,2.769544839859009,3.0804994106292725,3.080897808074951,3.4509758949279785,3.521360397338867,3.8624794483184814
A4,0.7208039164543152,0.6092258095741272,0.3818593919277191,0.0,0.39852723479270935,0.5776789784431458,0.7001231908798218,1.076253056526184,1.2588521242141724,1.6218434572219849,1.8282252550125122,2.1749026775360107,2.4916698932647705,2.565509080886841,2.4130754470825195,0.911916196346283,0.8272371888160706,0.779852569103241,0.6007678508758545,0.7565311789512634,0.8724994659423828,0.9676374793052673,1.2573256492614746,1.4478693008422852,1.7605341672897339,1.968683123588562,2.2591609954833984,2.6124579906463623,2.664254665374756,2.577732563018799,1.263811707496643,1.2351120710372925,1.2367093563079834,1.1178083419799805,1.2243268489837646,1.2990329265594482,1.3530876636505127,1.5666800737380981,1.752619981765747,2.007197141647339,2.220517873764038,2.4371755123138428,2.807323932647705,2.8704538345336914,2.791064739227295,1.6706689596176147,1.6799743175506592,1.6908271312713623,1.5986536741256714,1.6842963695526123,1.7392467260360718,1.775189995765686,1.9281188249588013,2.126534938812256,2.31392502784729,2.5569498538970947,2.6851067543029785,3.0556142330169678,3.0854504108428955,3.0835816860198975,2.0932517051696777,2.1136255264282227,2.16556978225708,2.112265110015869,2.1783382892608643,2.223031520843506,2.2586569786071777,2.335026502609253,2.558204174041748,2.6015372276306152,2.9024605751037598,2.867325782775879,3.2218823432922363,3.282559633255005,3.63100004196167
A5,1.1181132793426514,0.9725510478019714,0.6559518575668335,0.39852723479270935,0.0,0.38394755125045776,0.7019879221916199,1.0136905908584595,1.2952133417129517,1.6294218301773071,1.9004030227661133,2.2330076694488525,2.562418222427368,2.691925048828125,2.5896875858306885,1.1793102025985718,1.1130479574203491,0.9426636695861816,0.644723653793335,0.5605962872505188,0.6567040681838989,0.8727696537971497,1.1230990886688232,1.4054617881774902,1.7042042016983032,1.9758858680725098,2.2675247192382812,2.6335651874542236,2.741403341293335,2.6923458576202393,1.4220786094665527,1.398514986038208,1.2950382232666016,1.0797367095947266,1.0541924238204956,1.1004376411437988,1.2202695608139038,1.396070957183838,1.652624487876892,1.897079586982727,2.1674509048461914,2.3950748443603516,2.7798101902008057,2.895484447479248,2.8467140197753906,1.7487016916275024,1.7669227123260498,1.696890950202942,1.5302495956420898,1.524035930633545,1.5504324436187744,1.624704122543335,1.7374029159545898,1.9856970310211182,2.159656047821045,2.4462599754333496,2.5919599533081055,2.979869842529297,3.0597245693206787,3.0826125144958496,2.111785650253296,2.1482961177825928,2.1383557319641113,2.0248708724975586,2.023381233215332,2.0370216369628906,2.0930569171905518,2.1256771087646484,2.372736692428589,2.3934197425842285,2.7159056663513184,2.6981284618377686,3.0503063201904297,3.1480636596679688,3.5148262977600098
A6,1.203748106956482,1.1807903051376343,0.9109373092651367,0.5776789784431458,0.38394755125045776,0.0,0.37692517042160034,0.634532630443573,0.9436049461364746,1.2589787244796753,1.5510905981063843,1.8732116222381592,2.206888198852539,2.3615000247955322,2.2939887046813965,1.118787169456482,1.1823101043701172,1.0806900262832642,0.7308778762817383,0.6885519623756409,0.5449942946434021,0.6175075173377991,0.7887805104255676,1.0663154125213623,1.3382387161254883,1.6209689378738403,1.898727297782898,2.272085189819336,2.3991382122039795,2.3809523582458496,1.3530832529067993,1.4346835613250732,1.378335952758789,1.1113017797470093,1.1148546934127808,1.0259881019592285,1.0344734191894531,1.1332993507385254,1.357596755027771,1.5633344650268555,1.830377459526062,2.034579038619995,2.425227642059326,2.5533640384674072,2.5339231491088867,1.6714438199996948,1.7741316556930542,1.7428343296051025,1.5331289768218994,1.552876353263855,1.4869517087936401,1.4747092723846436,1.5273882150650024,1.7349789142608643,1.866530179977417,2.14007306098938,2.2535312175750732,2.6407532691955566,2.7295119762420654,2.7819101810455322,2.0326075553894043,2.137622833251953,2.1609857082366943,2.010596990585327,2.034843921661377,1.982237458229065,1.9694656133651733,1.9614309072494507,2.1614158153533936,2.1451354026794434,2.442723512649536,2.387364149093628,2.727161169052124,2.804629325866699,3.1692705154418945
A7,1.11311936378479,1.2149161100387573,1.0236625671386719,0.7001231908798218,0.7019879221916199,0.37692517042160034,0.0,0.3855765163898468,0.5949139595031738,0.9435314536094666,1.1984899044036865,1.5367921590805054,1.8611148595809937,1.9951300621032715,1.917784333229065,0.9148348569869995,1.0973972082138062,1.1109442710876465,0.8054409623146057,0.9112645983695984,0.6955090165138245,0.527213454246521,0.6561198234558105,0.808078944683075,1.077624797821045,1.3097971677780151,1.5853214263916016,1.95377516746521,2.0520687103271484,2.0265707969665527,1.1861428022384644,1.3576266765594482,1.3982230424880981,1.160531759262085,1.2683281898498535,1.125074028968811,0.9993812441825867,1.072227120399475,1.1914448738098145,1.3759336471557617,1.5845173597335815,1.7655613422393799,2.148002862930298,2.242640972137451,2.2190685272216797,1.538443684577942,1.704405665397644,1.7537704706192017,1.565409541130066,1.6663384437561035,1.5633362531661987,1.4605629444122314,1.5052038431167603,1.6323204040527344,1.7446365356445312,1.9655709266662598,2.042011260986328,2.4125828742980957,2.4654929637908936,2.518186330795288,1.931572437286377,2.0790610313415527,2.1679723262786865,2.0333139896392822,2.123595714569092,2.0499677658081055,1.9737097024917603,1.9748603105545044,2.118187665939331,2.098407506942749,2.355644702911377,2.2617545127868652,2.5938615798950195,2.6257197856903076,2.9715309143066406
A8,1.459707498550415,1.5928840637207031,1.4079406261444092,1.076253056526184,1.0136905908584595,0.634532630443573,0.3855765163898468,0.0,0.3843107223510742,0.6313565969467163,0.9574998021125793,1.2561030387878418,1.5949591398239136,1.787358045578003,1.7836858034133911,1.193042516708374,1.4359434843063354,1.45469069480896,1.1363095045089722,1.182827115058899,0.8719292283058167,0.6236388683319092,0.5002034902572632,0.6101692318916321,0.7728597521781921,1.0452340841293335,1.2809715270996094,1.667743444442749,1.8164708614349365,1.856425404548645,1.397189974784851,1.6314948797225952,1.6704974174499512,1.3957666158676147,1.4684230089187622,1.2316101789474487,1.0304231643676758,0.9613561034202576,1.029873013496399,1.1187258958816528,1.3326345682144165,1.4653733968734741,1.8602709770202637,1.9929864406585693,2.028453826904297,1.6850388050079346,1.912934422492981,1.963692545890808,1.7319471836090088,1.813420057296753,1.6305445432662964,1.4625860452651978,1.4122952222824097,1.491489291191101,1.5256699323654175,1.7345752716064453,1.7612076997756958,2.131816864013672,2.217013120651245,2.3229053020477295,2.031269073486328,2.2374467849731445,2.3293867111206055,2.1500492095947266,2.232788324356079,2.092910051345825,1.9602034091949463,1.8978911638259888,1.9864962100982666,1.9081429243087769,2.131155490875244,1.9904865026474,2.2956809997558594,2.3108878135681152,2.6584854125976562
A9,1.4577058553695679,1.675501823425293,1.5512921810150146,1.2588521242141724,1.2952133417129517,0.9436049461364746,0.5949139595031738,0.3843107223510742,0.0,0.3800283372402191,0.609051525592804,0.9524990320205688,1.267319917678833,1.424075722694397,1.4012051820755005,1.1020772457122803,1.4250481128692627,1.5315624475479126,1.2769137620925903,1.4175419807434082,1.117963433265686,0.7763736844062805,0.65814608335495,0.5083776116371155,0.6261760592460632,0.7700021266937256,1.006956696510315,1.3783296346664429,1.4761362075805664,1.4968806505203247,1.3040868043899536,1.603867530822754,1.7256237268447876,1.5008020401000977,1.6559202671051025,1.4150707721710205,1.1329617500305176,1.069061279296875,0.996084988117218,1.0546190738677979,1.1578606367111206,1.2573254108428955,1.6285970211029053,1.7039905786514282,1.7238577604293823,1.6004105806350708,1.874596357345581,1.9997848272323608,1.806774616241455,1.9606586694717407,1.7711971998214722,1.5393681526184082,1.5038211345672607,1.490262508392334,1.5129963159561157,1.6410943269729614,1.62555992603302,1.9626520872116089,1.9898993968963623,2.084690809249878,1.9634376764297485,2.1985836029052734,2.352360725402832,2.20257830619812,2.348060131072998,2.2070586681365967,2.0270607471466064,1.992067813873291,2.025136709213257,1.9609582424163818,2.133573532104492,1.9616403579711914,2.2544126510620117,2.2140583992004395,2.5296061038970947
A10,1.8107457160949707,2.0432510375976562,1.9270845651626587,1.6218434572219849,1.6294218301773071,1.2589787244796753,0.9435314536094666,0.6313565969467163,0.3800283372402191,0.0,0.3819599151611328,0.6321092247962952,0.9711647629737854,1.1995022296905518,1.2785719633102417,1.4528143405914307,1.7933313846588135,1.903516411781311,1.6429752111434937,1.7521591186523438,1.4203583002090454,1.077713966369629,0.8448689579963684,0.6266327500343323,0.48977962136268616,0.5764373540878296,0.6928446292877197,1.0897420644760132,1.237451434135437,1.351231336593628,1.6144672632217407,1.9412883520126343,2.063655376434326,1.8252677917480469,1.9573839902877808,1.6723779439926147,1.3598021268844604,1.1984987258911133,1.0546129941940308,0.9742118120193481,1.019766092300415,1.0081214904785156,1.3759300708770752,1.477236032485962,1.5763388872146606,1.8566584587097168,2.16656494140625,2.2959110736846924,2.0829646587371826,2.223667860031128,1.986311912536621,1.712358832359314,1.602607250213623,1.5256975889205933,1.4571142196655273,1.5352692604064941,1.434324026107788,1.7459386587142944,1.7924844026565552,1.9516613483428955,2.172985553741455,2.448201894760132,2.607748031616211,2.432452917098999,2.574557065963745,2.3874759674072266,2.1626322269439697,2.0779600143432617,2.04805850982666,1.9290939569473267,2.043787717819214,1.81158447265625,2.055582284927368,1.9726901054382324,2.273526430130005
A11,1.8774629831314087,2.164353370666504,2.0982611179351807,1.8282252550125122,1.9004030227661133,1.5510905981063843,1.1984899044036865,0.9574998021125793,0.609051525592804,0.3819599151611328,0.0,0.38560059666633606,0.6664620637893677,0.8320537209510803,0.8988504409790039,1.4856497049331665,1.8618403673171997,2.0354132652282715,1.830527901649475,2.001577854156494,1.6914925575256348,1.3197944164276123,1.1363582611083984,0.8254560232162476,0.679776132106781,0.513526976108551,0.5483542084693909,0.8806993365287781,0.9290726780891418,1.0261961221694946,1.6388731002807617,1.9967122077941895,2.1820404529571533,1.9933218955993652,2.183025598526001,1.912882685661316,1.569014549255371,1.4399083852767944,1.2141319513320923,1.1245964765548706,1.0332772731781006,0.962699294090271,1.2593497037887573,1.2656140327453613,1.3459738492965698,1.8781778812408447,2.209838390350342,2.3988683223724365,2.2284061908721924,2.4231653213500977,2.196215867996216,1.8916478157043457,1.8101922273635864,1.6681509017944336,1.6020604372024536,1.5932964086532593,1.4509923458099365,1.699625015258789,1.666600227355957,1.8072415590286255,2.199380874633789,2.486466884613037,2.6969635486602783,2.5563108921051025,2.748067617416382,2.571899175643921,2.320868492126465,2.269083023071289,2.1998722553253174,2.104785919189453,2.172372579574585,1.9236570596694946,2.1452574729919434,2.0045390129089355,2.256164312362671
A12,2.220641851425171,2.5147786140441895,2.4609997272491455,2.1749026775360107,2.2330076694488525,1.8732116222381592,1.5367921590805054,1.2561030387878418,0.9524990320205688,0.6321092247962952,0.38560059666633606,0.0,0.4050286114215851,0.6638861298561096,0.8897124528884888,1.863991379737854,2.241575241088867,2.419201374053955,2.2063987255096436,2.3585598468780518,2.034297227859497,1.670986294746399,1.4424763917922974,1.1444107294082642,0.8983869552612305,0.6936346888542175,0.47039878368377686,0.7384864687919617,0.8092191815376282,1.0383682250976562,2.015361785888672,2.3783862590789795,2.56320858001709,2.366166591644287,2.5384509563446045,2.2484707832336426,1.9004319906234741,1.7227035760879517,1.4788576364517212,1.3029005527496338,1.162383794784546,0.9571371078491211,1.1876903772354126,1.1952120065689087,1.37075674533844,2.2315070629119873,2.5753424167633057,2.7648894786834717,2.58402681350708,2.7658658027648926,2.5145249366760254,2.194629669189453,2.067661762237549,1.8929617404937744,1.7594414949417114,1.703493356704712,1.4767990112304688,1.6653692722320557,1.640052318572998,1.8456006050109863,2.523557424545288,2.829235553741455,3.041605234146118,2.8870761394500732,3.0723209381103516,2.8691012859344482,2.594771385192871,2.507624387741089,2.395385265350342,2.257607936859131,2.2713632583618164,1.9730268716812134,2.128736734390259,1.9360296726226807,2.1510117053985596
A13,2.4853365421295166,2.7981698513031006,2.7494304180145264,2.4916698932647705,2.562418222427368,2.206888198852539,1.8611148595809937,1.5949591398239136,1.267319917678833,0.9711647629737854,0.6664620637893677,0.4050286114215851,0.0,0.3890881836414337,0.7326112985610962,2.0630691051483154,2.4526917934417725,2.644947052001953,2.4612622261047363,2.6312732696533203,2.305356979370117,1.9251337051391602,1.7009884119033813,1.357002854347229,1.0975792407989502,0.783638596534729,0.48847153782844543,0.48643988370895386,0.4523867666721344,0.7586647272109985,2.147378444671631,2.5291600227355957,2.736041784286499,2.562340497970581,2.757477283477783,2.4600696563720703,2.0866196155548096,1.907328486442566,1.6028281450271606,1.4021120071411133,1.155426025390625,0.8916604518890381,0.9843997955322266,0.8987544178962708,1.0980224609375,2.3050713539123535,2.6702163219451904,2.888075113296509,2.7254750728607178,2.9341516494750977,2.672245502471924,2.321535587310791,2.194979667663574,1.957222819328308,1.8081409931182861,1.6654260158538818,1.3977724313735962,1.4950480461120605,1.4001072645187378,1.6055655479431152,2.5525827407836914,2.879608154296875,3.1195383071899414,2.976473331451416,3.192107677459717,2.9792869091033936,2.672438859939575,2.596647262573242,2.433453321456909,2.3080811500549316,2.262474298477173,1.953173041343689,2.070756673812866,1.8244432210922241,1.9753605127334595
A14,2.4476099014282227,2.79219388961792,2.790923595428467,2.565509080886841,2.691925048828125,2.3615000247955322,1.9951300621032715,1.787358045578003,1.424075722694397,1.1995022296905518,0.8320537209510803,0.6638861298561096,0.3890881836414337,0.0,0.4020909070968628,2.0433449745178223,2.436094045639038,2.677570343017578,2.543233633041382,2.764134407043457,2.470609664916992,2.083754539489746,1.9179341793060303,1.5566248893737793,1.366995096206665,1.0246962308883667,0.8275332450866699,0.7657126188278198,0.5006635189056396,0.6438234448432922,2.1460161209106445,2.525557279586792,2.7812514305114746,2.6563804149627686,2.8973405361175537,2.633270025253296,2.2594993114471436,2.1352481842041016,1.8218187093734741,1.6777504682540894,1.4070541858673096,1.197138786315918,1.2386599779129028,1.036194086074829,1.131240725517273,2.326174020767212,2.680654764175415,2.9435296058654785,2.827697277069092,3.077991247177124,2.848942756652832,2.502098321914673,2.4258809089660645,2.1836652755737305,2.0810091495513916,1.919813632965088,1.6820135116577148,1.7482290267944336,1.5736454725265503,1.706610083580017,2.597886323928833,2.9063780307769775,3.184056282043457,3.0850670337677,3.3369829654693604,3.1572813987731934,2.857734203338623,2.827378988265991,2.672973871231079,2.5883712768554688,2.5468780994415283,2.260483741760254,2.3902688026428223,2.1351606845855713,2.253659248352051
A15,2.2003843784332275,2.563504219055176,2.5971436500549316,2.4130754470825195,2.5896875858306885,2.2939887046813965,1.917784333229065,1.7836858034133911,1.4012051820755005,1.2785719633102417,0.8988504409790039,0.8897124528884888,0.7326112985610962,0.4020909070968628,0.0,1.8019540309906006,2.1879916191101074,2.4672107696533203,2.383397340774536,2.6511847972869873,2.398503303527832,2.0154647827148438,1.9216946363449097,1.5589574575424194,1.4631524085998535,1.128212809562683,1.0618896484375,1.047473430633545,0.7372207641601562,0.6377930045127869,1.9194260835647583,2.2867820262908936,2.5819296836853027,2.505805015563965,2.7886962890625,2.567059278488159,2.2047247886657715,2.148775100708008,1.8459206819534302,1.782031536102295,1.5249385833740234,1.4083524942398071,1.4759505987167358,1.233080267906189,1.1967116594314575,2.1300837993621826,2.4625062942504883,2.7601444721221924,2.6907551288604736,2.9773292541503906,2.7910687923431396,2.462048292160034,2.447857618331909,2.2244441509246826,2.1886749267578125,2.0451951026916504,1.8720101118087769,1.963502287864685,1.7487493753433228,1.794758915901184,2.4373245239257812,2.7149007320404053,3.01949405670166,2.9652211666107178,3.245659112930298,3.109076738357544,2.832677125930786,2.854685068130493,2.733428716659546,2.6990602016448975,2.6927926540374756,2.447943687438965,2.6240034103393555,2.396648406982422,2.5277504920959473
B1,0.7244817018508911,0.9494941830635071,0.9064064621925354,0.911916196346283,1.1793102025985718,1.118787169456482,0.9148348569869995,1.193042516708374,1.1020772457122803,1.4528143405914307,1.4856497049331665,1.863991379737854,2.0630691051483154,2.0433449745178223,1.8019540309906006,0.0,0.3933551013469696,0.6914762258529663,0.7458953857421875,1.1353098154067993,1.124817967414856,0.9523593187332153,1.2446726560592651,1.1971091032028198,1.5283348560333252,1.5761138200759888,1.9008902311325073,2.1606404781341553,2.110980749130249,1.9140490293502808,0.5282538533210754,0.6792567372322083,0.9631724953651428,0.9906736612319946,1.3369837999343872,1.3487358093261719,1.212041974067688,1.4700065851211548,1.4696179628372192,1.7514610290527344,1.823333978652954,2.0604982376098633,2.3564260005950928,2.314945697784424,2.139173746109009,1.0257402658462524,1.1240605115890503,1.3448492288589478,1.358826756477356,1.6453903913497925,1.6719789505004883,1.571500539779663,1.788622498512268,1.8447768688201904,2.068779230117798,2.196063995361328,2.3233845233917236,2.633148670196533,2.5543322563171387,2.4688844680786133,1.516878366470337,1.5806411504745483,1.7889821529388428,1.8152377605438232,2.0447399616241455,2.090019941329956,2.030266284942627,2.1901607513427734,2.328033924102783,2.436182737350464,2.6701204776763916,2.6301424503326416,2.9884233474731445,2.9889156818389893,3.281006097793579
B2,0.6371326446533203,0.7162826061248779,0.6616021990776062,0.8272371888160706,1.1130479574203491,1.1823101043701172,1.0973972082138062,1.4359434843063354,1.4250481128692627,1.7933313846588135,1.8618403673171997,2.241575241088867,2.4526917934417725,2.436094045639038,2.1879916191101074,0.3933551013469696,0.0,0.4037613272666931,0.6315832138061523,1.0299347639083862,1.1545462608337402,1.1134263277053833,1.462815761566162,1.4957951307296753,1.8502558469772339,1.9367402791976929,2.2725324630737305,2.538841724395752,2.4988343715667725,2.2942287921905518,0.6517384648323059,0.5481774210929871,0.7808548212051392,0.9013910293579102,1.2365539073944092,1.361158013343811,1.3351444005966187,1.6490894556045532,1.7184796333312988,2.033684730529785,2.1442809104919434,2.4075934886932373,2.7094132900238037,2.680821418762207,2.492168426513672,1.1007832288742065,1.0588196516036987,1.224687099456787,1.296831488609314,1.5608586072921753,1.6757193803787231,1.6651694774627686,1.9292665719985962,2.044329881668091,2.304783821105957,2.466278553009033,2.6318013668060303,2.9527435302734375,2.88653564453125,2.7814056873321533,1.5698206424713135,1.5396159887313843,1.7014886140823364,1.7710442543029785,1.9731031656265259,2.0850188732147217,2.097242832183838,2.2897281646728516,2.480414628982544,2.6177968978881836,2.8850924968719482,2.8852643966674805,3.258434295654297,3.2911629676818848,3.5944929122924805
B3,0.9076749086380005,0.8181003928184509,0.56990647315979,0.779852569103241,0.9426636695861816,1.0806900262832642,1.1109442710876465,1.45469069480896,1.5315624475479126,1.903516411781311,2.0354132652282715,2.419201374053955,2.644947052001953,2.677570343017578,2.4672107696533203,0.6914762258529663,0.4037613272666931,0.0,0.37918874621391296,0.7135979533195496,0.9313483238220215,1.0157036781311035,1.3946764469146729,1.5168861150741577,1.8908475637435913,2.0408990383148193,2.398054599761963,2.6775989532470703,2.6879725456237793,2.5056283473968506,0.7459931373596191,0.5274056196212769,0.5116063356399536,0.6020553112030029,0.8852916359901428,1.0864448547363281,1.1664905548095703,1.5139973163604736,1.6628780364990234,2.005363941192627,2.1757025718688965,2.4740817546844482,2.7911105155944824,2.80991530418396,2.6331655979156494,1.0719025135040283,0.9624977111816406,0.9911500811576843,1.028028130531311,1.22968327999115,1.3927900791168213,1.4632604122161865,1.7482576370239258,1.9290926456451416,2.2147669792175293,2.424821138381958,2.6341214179992676,2.9760940074920654,2.952288866043091,2.8502073287963867,1.47622549533844,1.410315990447998,1.48159658908844,1.5228668451309204,1.6659647226333618,1.8031272888183594,1.8736644983291626,2.06941556930542,2.3097336292266846,2.460921049118042,2.7634482383728027,2.8057291507720947,3.1915535926818848,3.270486354827881,3.593463897705078
B4,0.99587482213974,0.9215322732925415,0.5840784311294556,0.6007678508758545,0.644723653793335,0.7308778762817383,0.8054409623146057,1.1363095045089722,1.2769137620925903,1.6429752111434937,1.830527901649475,2.2063987255096436,2.4612622261047363,2.543233633041382,2.383397340774536,0.7458953857421875,0.6315832138061523,0.37918874621391296,0.0,0.4042395353317261,0.5659032464027405,0.6909489631652832,1.066963791847229,1.251258373260498,1.619232416152954,1.8217658996582031,2.173003673553467,2.48099946975708,2.538961172103882,2.40731143951416,0.8311259150505066,0.7635565996170044,0.674029529094696,0.5191163420677185,0.706059455871582,0.8226220011711121,0.9061012864112854,1.2188103199005127,1.4130384922027588,1.7386757135391235,1.953262209892273,2.2431375980377197,2.58651065826416,2.649639368057251,2.5197253227233887,1.1389446258544922,1.1271497011184692,1.10100519657135,1.0008326768875122,1.1285480260849,1.2118316888809204,1.2671233415603638,1.496926188468933,1.7049046754837036,1.9605708122253418,2.203244924545288,2.401064157485962,2.7644476890563965,2.7835891246795654,2.727337598800659,1.5223926305770874,1.5320029258728027,1.568353295326233,1.515395164489746,1.6080641746520996,1.6750432252883911,1.7231014966964722,1.8575341701507568,2.098954439163208,2.2070326805114746,2.519509792327881,2.5448286533355713,2.925448179244995,3.015552520751953,3.3564555644989014
B5,1.332981824874878,1.1909352540969849,0.8010696172714233,0.7565311789512634,0.5605962872505188,0.6885519623756409,0.9112645983695984,1.182827115058899,1.4175419807434082,1.7521591186523438,2.001577854156494,2.3585598468780518,2.6312732696533203,2.764134407043457,2.6511847972869873,1.1353098154067993,1.0299347639083862,0.7135979533195496,0.4042395353317261,0.0,0.3884273171424866,0.7235214114189148,1.0453276634216309,1.331749439239502,1.6768698692321777,1.944096326828003,2.2889342308044434,2.611246109008789,2.723844289779663,2.6329236030578613,1.1566704511642456,1.0826520919799805,0.8574910759925842,0.5844334959983826,0.4963422417640686,0.6315759420394897,0.8599333763122559,1.135115385055542,1.4231865406036377,1.7364683151245117,2.014849901199341,2.3127222061157227,2.6705172061920166,2.788125514984131,2.6924757957458496,1.354933261871338,1.334827184677124,1.1890352964401245,0.9951091408729553,0.9681279063224792,1.04164457321167,1.180867075920105,1.3720208406448364,1.6538910865783691,1.8992904424667358,2.1951394081115723,2.414677143096924,2.796143054962158,2.8700764179229736,2.8406331539154053,1.6472358703613281,1.6597604751586914,1.603437900543213,1.4790642261505127,1.4685571193695068,1.5132132768630981,1.6091771125793457,1.6975698471069336,1.9823122024536133,2.0710067749023438,2.4149012565612793,2.4670281410217285,2.845945358276367,2.980257511138916,3.341285467147827
B6,1.4401899576187134,1.3922832012176514,1.0406829118728638,0.8724994659423828,0.6567040681838989,0.5449942946434021,0.6955090165138245,0.8719292283058167,1.117963433265686,1.4203583002090454,1.6914925575256348,2.034297227859497,2.305356979370117,2.470609664916992,2.398503303527832,1.124817967414856,1.1545462608337402,0.9313483238220215,0.5659032464027405,0.3884273171424866,0.0,0.3921303153038025,0.6648311614990234,0.980579674243927,1.3083603382110596,1.599162220954895,1.9366289377212524,2.263272285461426,2.405113935470581,2.3487777709960938,1.1296945810317993,1.185455560684204,1.024890422821045,0.6797658205032349,0.6178416609764099,0.4824482202529907,0.5795060992240906,0.7825876474380493,1.0768471956253052,1.366146206855774,1.660338044166565,1.9470970630645752,2.313185453414917,2.4542417526245117,2.3913156986236572,1.3075447082519531,1.3971028327941895,1.2948073148727417,1.0306708812713623,1.0205543041229248,0.944575846195221,0.9737401604652405,1.0877662897109985,1.3481193780899048,1.5556867122650146,1.8547937870025635,2.0529909133911133,2.440812826156616,2.5343101024627686,2.538247585296631,1.5892354249954224,1.6917047500610352,1.6685974597930908,1.4847584962844849,1.4935302734375,1.4405196905136108,1.451173186302185,1.4795039892196655,1.7212001085281372,1.766650915145874,2.095686912536621,2.115359306335449,2.487206220626831,2.611165761947632,2.975839853286743
B7,1.394275188446045,1.4555654525756836,1.1734120845794678,0.9676374793052673,0.8727696537971497,0.6175075173377991,0.527213454246521,0.6236388683319092,0.7763736844062805,1.077713966369629,1.3197944164276123,1.670986294746399,1.9251337051391602,2.083754539489746,2.0154647827148438,0.9523593187332153,1.1134263277053833,1.0157036781311035,0.6909489631652832,0.7235214114189148,0.3921303153038025,0.0,0.380316823720932,0.6086134910583496,0.9608244299888611,1.2216697931289673,1.567814588546753,1.8888509273529053,2.0163559913635254,1.9596621990203857,0.9615210890769958,1.143774151802063,1.103412389755249,0.7946265339851379,0.8837957978248596,0.6539321541786194,0.4723687767982483,0.61600261926651,0.7937924265861511,1.075251579284668,1.3260632753372192,1.6013535261154175,1.9659254550933838,2.0850718021392822,2.0237438678741455,1.1671631336212158,1.3559383153915405,1.3556157350540161,1.109620451927185,1.205885648727417,1.0577549934387207,0.9338607788085938,1.011788249015808,1.1684386730194092,1.348449945449829,1.5985151529312134,1.7594152688980103,2.1386938095092773,2.204136371612549,2.2156448364257812,1.4861836433410645,1.6586804389953613,1.7171250581741333,1.5414965152740479,1.6314952373504639,1.5342204570770264,1.4473531246185303,1.4687349796295166,1.6313796043395996,1.659237265586853,1.9424083232879639,1.912173867225647,2.278169870376587,2.3556437492370605,2.706143379211426
B8,1.6849100589752197,1.778131365776062,1.515123963356018,1.2573256492614746,1.1230990886688232,0.7887805104255676,0.6561198234558105,0.5002034902572632,0.65814608335495,0.8448689579963684,1.1363582611083984,1.4424763917922974,1.7009884119033813,1.9179341793060303,1.9216946363449097,1.2446726560592651,1.462815761566162,1.3946764469146729,1.066963791847229,1.0453276634216309,0.6648311614990234,0.380316823720932,0.0,0.3902378976345062,0.6530779004096985,0.9812943339347839,1.296377420425415,1.631085753440857,1.8165373802185059,1.827811360359192,1.2489502429962158,1.4852933883666992,1.4553077220916748,1.1333485841751099,1.166298270225525,0.8478147387504578,0.5885528922080994,0.4614406228065491,0.597700834274292,0.7765018343925476,1.0677015781402588,1.3079911470413208,1.6912775039672852,1.8600565195083618,1.8632761240005493,1.3985694646835327,1.645127773284912,1.6475703716278076,1.3650708198547363,1.4239178895950317,1.1836546659469604,0.9818707704544067,0.9126955270767212,1.0164614915847778,1.099090814590454,1.3549797534942627,1.4705287218093872,1.8609691858291626,1.9706029891967773,2.042977809906006,1.6591099500656128,1.8917173147201538,1.9499598741531372,1.7264091968536377,1.7973629236221313,1.6207791566848755,1.4676522016525269,1.3992253541946411,1.4975498914718628,1.4482038021087646,1.7017946243286133,1.6206893920898438,1.9661247730255127,2.0348329544067383,2.3949599266052246
B9,1.722110629081726,1.89287531375885,1.6878037452697754,1.4478693008422852,1.4054617881774902,1.0663154125213623,0.808078944683075,0.6101692318916321,0.5083776116371155,0.6266327500343323,0.8254560232162476,1.1444107294082642,1.357002854347229,1.5566248893737793,1.5589574575424194,1.1971091032028198,1.4957951307296753,1.5168861150741577,1.251258373260498,1.331749439239502,0.980579674243927,0.6086134910583496,0.3902378976345062,0.0,0.3779779374599457,0.6190474033355713,0.9692133069038391,1.2831900119781494,1.4391496181488037,1.4375897645950317,1.1817039251327515,1.4971920251846313,1.5575661659240723,1.2930104732513428,1.41933012008667,1.1095420122146606,0.7571586966514587,0.627537727355957,0.4879450798034668,0.610328733921051,0.7790395021438599,1.0072587728500366,1.3787871599197388,1.5036035776138306,1.4956989288330078,1.3252580165863037,1.636575698852539,1.7238725423812866,1.4849300384521484,1.6271231174468994,1.3789253234863281,1.091498851776123,1.0269289016723633,0.982685923576355,1.0321283340454102,1.1842118501663208,1.2476048469543457,1.612106204032898,1.667100429534912,1.7349811792373657,1.5964984893798828,1.8745520114898682,2.0043277740478516,1.8105958700180054,1.9541317224502563,1.7704250812530518,1.551843523979187,1.507606029510498,1.5216654539108276,1.4781984090805054,1.6607826948165894,1.531455397605896,1.8620229959487915,1.8663374185562134,2.1960742473602295
B10,2.0227890014648438,2.2162463665008545,2.029907703399658,1.7605341672897339,1.7042042016983032,1.3382387161254883,1.077624797821045,0.7728597521781921,0.6261760592460632,0.48977962136268616,0.679776132106781,0.8983869552612305,1.0975792407989502,1.366995096206665,1.4631524085998535,1.5283348560333252,1.8502558469772339,1.8908475637435913,1.619232416152954,1.6768698692321777,1.3083603382110596,0.9608244299888611,0.6530779004096985,0.3779779374599457,0.0,0.38307714462280273,0.6537964940071106,0.9882864952087402,1.2147216796875,1.3098340034484863,1.5276256799697876,1.8614153861999512,1.9306745529174805,1.66205632686615,1.7618359327316284,1.4244749546051025,1.0735288858413696,0.8357731103897095,0.6200888752937317,0.4848029911518097,0.58965665102005,0.6988617181777954,1.0954020023345947,1.2686948776245117,1.353729009628296,1.6419038772583008,1.9772975444793701,2.070490598678589,1.820198655128479,1.9416593313217163,1.6533246040344238,1.336653470993042,1.1785964965820312,1.0562844276428223,0.969021737575531,1.0597766637802124,1.012224555015564,1.3661504983901978,1.4552688598632812,1.6044248342514038,1.8680297136306763,2.1787521839141846,2.3129658699035645,2.0978949069976807,2.231234312057495,2.0019145011901855,1.7403274774551392,1.632517695426941,1.5697927474975586,1.450782060623169,1.5621708631515503,1.3523441553115845,1.632327914237976,1.5911567211151123,1.9155195951461792
B11,2.1063034534454346,2.3522493839263916,2.213157892227173,1.968683123588562,1.9758858680725098,1.6209689378738403,1.3097971677780151,1.0452340841293335,0.7700021266937256,0.5764373540878296,0.513526976108551,0.6936346888542175,0.783638596534729,1.0246962308883667,1.128212809562683,1.5761138200759888,1.9367402791976929,2.0408990383148193,1.8217658996582031,1.944096326828003,1.599162220954895,1.2216697931289673,0.9812943339347839,0.6190474033355713,0.38307714462280273,0.0,0.387412428855896,0.6686782836914062,0.8413659930229187,0.9310159683227539,1.5639268159866333,1.9341938495635986,2.0691769123077393,1.8522316217422485,2.013315439224243,1.696061611175537,1.317344307899475,1.1296157836914062,0.8219426870346069,0.6728995442390442,0.520115315914154,0.5258355736732483,0.8651052117347717,0.9482814073562622,1.0255672931671143,1.6695678234100342,2.033808946609497,2.1914937496185303,1.986940622329712,2.166840076446533,1.8919718265533447,1.5439095497131348,1.421249270439148,1.2152553796768188,1.123572826385498,1.082068920135498,0.9616454839706421,1.2389541864395142,1.2351360321044922,1.3755638599395752,1.8957527875900269,2.225348949432373,2.415789842605591,2.23742938041687,2.4253180027008057,2.2072882652282715,1.9151374101638794,1.8441202640533447,1.7288202047348022,1.6354142427444458,1.678335428237915,1.4410475492477417,1.684489369392395,1.5660908222198486,1.8333430290222168
B12,2.376448631286621,2.641727924346924,2.527653217315674,2.2591609954833984,2.2675247192382812,1.898727297782898,1.5853214263916016,1.2809715270996094,1.006956696510315,0.6928446292877197,0.5483542084693909,0.47039878368377686,0.48847153782844543,0.8275332450866699,1.0618896484375,1.9008902311325073,2.2725324630737305,2.398054599761963,2.173003673553467,2.2889342308044434,1.9366289377212524,1.567814588546753,1.296377420425415,0.9692133069038391,0.6537964940071106,0.387412428855896,0.0,0.40480801463127136,0.6554925441741943,0.9047670960426331,1.930181622505188,2.304170608520508,2.45090913772583,2.23236083984375,2.3819825649261475,2.0561516284942627,1.6850823163986206,1.461846113204956,1.1653274297714233,0.9287996292114258,0.7291948199272156,0.48703110218048096,0.7505508661270142,0.8384800553321838,1.0463812351226807,2.045701742172241,2.413483142852783,2.578406572341919,2.371824026107788,2.5403671264648438,2.2519266605377197,1.9011982679367065,1.7385648488998413,1.5130083560943604,1.3451601266860962,1.2490640878677368,1.0080846548080444,1.205820083618164,1.208754539489746,1.4353227615356445,2.2610015869140625,2.5988049507141113,2.794480323791504,2.610511302947998,2.7909586429595947,2.553792715072632,2.24723219871521,2.1410789489746094,1.9861572980880737,1.84294593334198,1.8245700597763062,1.5239671468734741,1.6847999095916748,1.4968243837356567,1.7242772579193115
B13,2.680945873260498,2.9629135131835938,2.85699462890625,2.6124579906463623,2.6335651874542236,2.272085189819336,1.95377516746521,1.667743444442749,1.3783296346664429,1.0897420644760132,0.8806993365287781,0.7384864687919617,0.48643988370895386,0.7657126188278198,1.047473430633545,2.1606404781341553,2.538841724395752,2.6775989532470703,2.48099946975708,2.611246109008789,2.263272285461426,1.8888509273529053,1.631085753440857,1.2831900119781494,0.9882864952087402,0.6686782836914062,0.40480801463127136,0.0,0.3908301889896393,0.7214131355285645,2.131903886795044,2.5173840522766113,2.682286262512207,2.4880306720733643,2.6552045345306396,2.327157735824585,1.9417906999588013,1.7221895456314087,1.3794336318969727,1.126453161239624,0.8138206005096436,0.4971272647380829,0.49818044900894165,0.48509249091148376,0.7776830792427063,2.1865367889404297,2.5701756477355957,2.75895357131958,2.5713908672332764,2.76145601272583,2.4649434089660645,2.0900650024414062,1.9273818731307983,1.6386849880218506,1.4510023593902588,1.2477244138717651,0.9494437575340271,1.010193943977356,0.9299353361129761,1.1802659034729004,2.3476860523223877,2.7050602436065674,2.9242959022521973,2.751124382019043,2.9578917026519775,2.7104861736297607,2.372701644897461,2.2754034996032715,2.062808036804199,1.9307161569595337,1.8373167514801025,1.5247995853424072,1.627299427986145,1.371204137802124,1.516540288925171
