,A1,A2,A3,A4,A5,A6,A7,A8,A9,A10,A11,A12,A13,A14,A15,B1,B2,B3,B4,B5,B6,B7,B8,B9,B10,B11,B12,B13,B14,B15,C1,C2,C3,C4,C5,C6,C7,C8,C9,C10,C11,C12,C13,C14,C15,D1,D2,D3,D4,D5,D6,D7,D8,D9,D10,D11,D12,D13,D14,D15,E1,E2,E3,E4,E5,E6,E7,E8,E9,E10,E11,E12,E13,E14,E15
A1,0.0,0.3956702649593353,0.5911098718643188,0.9410898089408875,1.1693629026412964,1.5024781227111816,1.8128732442855835,2.118356466293335,2.4897239208221436,2.7713654041290283,2.877763509750366,2.8928375244140625,2.558281183242798,2.4851584434509277,2.116830348968506,0.9530341029167175,0.7532039880752563,0.8363527059555054,1.11469566822052,1.2634601593017578,1.5900828838348389,1.8454033136367798,2.1646859645843506,2.4960410594940186,2.818340539932251,2.873072385787964,2.9146833419799805,2.5740487575531006,2.5684731006622314,2.2359344959259033,1.3843533992767334,1.23599374294281,1.2409298419952393,1.4234950542449951,1.4928752183914185,1.7954210042953491,1.9662023782730103,2.3415215015411377,2.5532772541046143,2.9213805198669434,2.9569413661956787,3.0458731651306152,2.7244338989257812,2.752523183822632,2.4514412879943848,1.8259515762329102,1.6994667053222656,1.6723997592926025,1.8032050132751465,1.817375659942627,2.0987958908081055,2.2194952964782715,2.587658643722534,2.728116035461426,3.108720064163208,3.1300430297851562,3.2395753860473633,2.9481422901153564,2.9942736625671387,2.730809450149536,2.311185359954834,2.191101312637329,2.1553094387054443,2.261791706085205,2.2338197231292725,2.515681505203247,2.5703909397125244,2.925957441329956,2.986576557159424,3.3490073680877686,3.3819258213043213,3.523879051208496,3.264127016067505,3.3187403678894043,3.0478856563568115
A2,0.3956702649593353,0.0,0.38398462533950806,0.629918098449707,0.9456555247306824,1.2227153778076172,1.5721272230148315,1.8411668539047241,2.2293810844421387,2.499835729598999,2.5703799724578857,2.5642566680908203,2.2171132564544678,2.1283769607543945,1.7583245038986206,0.6576613783836365,0.6196667551994324,0.6882731914520264,0.8784298896789551,1.092894196510315,1.363694667816162,1.6510143280029297,1.9307465553283691,2.2596302032470703,2.5809519290924072,2.5951101779937744,2.618741750717163,2.2696802616119385,2.249934434890747,1.920017957687378,1.1983498334884644,1.1615357398986816,1.1630685329437256,1.2734917402267456,1.389488935470581,1.639157772064209,1.8303325176239014,2.1804559230804443,2.3502590656280518,2.7181012630462646,2.713317632675171,2.7873363494873047,2.464965343475342,2.4803802967071533,2.189768075942993,1.7056140899658203,1.6645454168319702,1.6412303447723389,1.717447280883789,1.7697818279266357,2.006678581237793,2.138089895248413,2.479105234146118,2.571687698364258,2.9431886672973633,2.92557430267334,3.0217671394348145,2.735882043838501,2.77018666267395,2.523509979248047,2.2424938678741455,2.189906597137451,2.162344217300415,2.2260568141937256,2.2325422763824463,2.4789986610412598,2.5439772605895996,2.8735897541046143,2.8928139209747314,3.2339885234832764,3.228306293487549,3.3555662631988525,3.1069958209991455,3.146306037902832,2.8932955265045166
A3,0.5911098718643188,0.38398462533950806,0.0,0.37682241201400757,0.5987519025802612,0.9207562804222107,1.2429879903793335,1.5347081422805786,1.9103209972381592,2.182757616043091,2.288054943084717,2.31406569480896,1.9885127544403076,1.9489672183990479,1.5932778120040894,0.7462725043296814,0.693324625492096,0.5299502015113831,0.6243386268615723,0.7423887252807617,1.0252646207809448,1.2856826782226562,1.5879844427108765,1.9157849550247192,2.240931510925293,2.2882089614868164,2.344770908355713,2.0140223503112793,2.0438408851623535,1.7384564876556396,1.1855546236038208,1.1481744050979614,1.0240731239318848,1.048390507698059,1.085458517074585,1.3139288425445557,1.4677455425262451,1.8244171142578125,1.99794602394104,2.371694564819336,2.3950822353363037,2.501641035079956,2.1969552040100098,2.258397102355957,1.9939240217208862,1.641634225845337,1.6089602708816528,1.5002022981643677,1.5070921182632446,1.500077247619629,1.704881191253662,1.7961827516555786,2.133082151412964,2.2204079627990723,2.598334789276123,2.6044044494628906,2.731959819793701,2.465068817138672,2.540905475616455,2.321439504623413,2.147520065307617,2.110154867172241,2.0204904079437256,2.028578042984009,1.9921245574951172,2.205658197402954,2.233726978302002,2.5538830757141113,2.5536446571350098,2.895984649658203,2.906479597091675,3.0607430934906006,2.833017349243164,2.908317804336548,2.679426908493042
A4,0.9410898089408875,0.629918098449707,0.37682241201400757,0.0,0.39153939485549927,0.5983422994613647,0.9642592668533325,1.2135533094406128,1.6045887470245361,1.8706954717636108,1.9480705261230469,1.969412922859192,1.6363710165023804,1.6076306104660034,1.2601832151412964,0.7593131065368652,0.873521625995636,0.6706395149230957,0.5397709608078003,0.6634025573730469,0.8148188591003418,1.0847312211990356,1.3335927724838257,1.6448934078216553,1.9744633436203003,1.9862914085388184,2.0421879291534424,1.7128067016601562,1.753470778465271,1.4718133211135864,1.2048282623291016,1.2781541347503662,1.1309820413589478,1.0379403829574585,1.0863462686538696,1.211746335029602,1.3548681735992432,1.6680361032485962,1.7792435884475708,2.152944326400757,2.1405434608459473,2.248138189315796,1.956684947013855,2.026148557662964,1.7948203086853027,1.6744791269302368,1.7248824834823608,1.603644847869873,1.5337271690368652,1.5423067808151245,1.6725810766220093,1.748947024345398,2.0404064655303955,2.0638673305511475,2.4283270835876465,2.4007461071014404,2.528822422027588,2.283000946044922,2.3637309074401855,2.1813580989837646,2.197498321533203,2.225700616836548,2.1302571296691895,2.082322120666504,2.064336061477661,2.2236545085906982,2.2442688941955566,2.5253167152404785,2.4713337421417236,2.7849698066711426,2.7610669136047363,2.910930871963501,2.70925235748291,2.7823710441589355,2.587224245071411
A5,1.1693629026412964,0.9456555247306824,0.5987519025802612,0.39153939485549927,0.0,0.37829357385635376,0.6465585827827454,0.9611322283744812,1.3215571641921997,1.6138824224472046,1.7571221590042114,1.8478367328643799,1.5582504272460938,1.6176397800445557,1.3182597160339355,1.111133098602295,1.1663446426391602,0.8658831119537354,0.660671591758728,0.5344523787498474,0.6264165639877319,0.7790796756744385,1.0730528831481934,1.3557637929916382,1.7081674337387085,1.7810759544372559,1.905615210533142,1.6197794675827026,1.7426691055297852,1.5176249742507935,1.4484283924102783,1.492442011833191,1.2547059059143066,1.085182785987854,0.9980331063270569,1.059330940246582,1.0957541465759277,1.4103105068206787,1.5092068910598755,1.8964024782180786,1.9359145164489746,2.1056156158447266,1.8552086353302002,1.9958549737930298,1.8146820068359375,1.8377540111541748,1.8756756782531738,1.6782207489013672,1.5430197715759277,1.461330771446228,1.5362881422042847,1.5287432670593262,1.8040670156478882,1.8115419149398804,2.184518337249756,2.2011630535125732,2.384408950805664,2.1771254539489746,2.318758249282837,2.180288314819336,2.301967144012451,2.3296637535095215,2.1718506813049316,2.0708000659942627,1.9898037910461426,2.103543758392334,2.061079502105713,2.3244006633758545,2.2403483390808105,2.5535504817962646,2.5612449645996094,2.75606632232666,2.5909271240234375,2.7160604000091553,2.556940793991089
A6,1.5024781227111816,1.2227153778076172,0.9207562804222107,0.5983422994613647,0.37829357385635376,0.0,0.38943997025489807,0.6198826432228088,1.0074131488800049,1.2918790578842163,1.4039530754089355,1.4999096393585205,1.2120774984359741,1.3088914155960083,1.0503000020980835,1.2572218179702759,1.4021626710891724,1.1144258975982666,0.8127424716949463,0.7068451046943665,0.5724204778671265,0.6761978268623352,0.8530864715576172,1.0945227146148682,1.450769305229187,1.4791723489761353,1.6115984916687012,1.3411561250686646,1.4913380146026611,1.3194838762283325,1.5626944303512573,1.6856328248977661,1.4510890245437622,1.2069915533065796,1.141831874847412,1.0800491571426392,1.09160315990448,1.320264458656311,1.3254787921905518,1.7026602029800415,1.6975350379943848,1.87195885181427,1.6496572494506836,1.8048603534698486,1.6766328811645508,1.939041256904602,2.0447418689727783,1.8487409353256226,1.6560275554656982,1.597290277481079,1.5919055938720703,1.5687402486801147,1.7750211954116821,1.7023824453353882,2.047548294067383,2.023813009262085,2.2074384689331055,2.033038854598999,2.180968999862671,2.091453790664673,2.40118408203125,2.4864399433135986,2.330537796020508,2.1834943294525146,2.1258273124694824,2.182990789413452,2.136657476425171,2.34900164604187,2.2073636054992676,2.4791808128356934,2.446852922439575,2.6340529918670654,2.5028600692749023,2.624610662460327,2.506927967071533
A7,1.8128732442855835,1.5721272230148315,1.2429879903793335,0.9642592668533325,0.6465585827827454,0.38943997025489807,0.0,0.37300941348075867,0.6844126582145691,1.013426661491394,1.2095087766647339,1.4019631147384644,1.1933947801589966,1.3952453136444092,1.2259323596954346,1.6338081359863281,1.7506273984909058,1.428824543952942,1.1202781200408936,0.9028035998344421,0.6869022846221924,0.5514013767242432,0.6810706853866577,0.8105642199516296,1.1974592208862305,1.292275309562683,1.5149072408676147,1.3234713077545166,1.5611083507537842,1.4729764461517334,1.8840011358261108,1.9911764860153198,1.7128217220306396,1.430456280708313,1.2786329984664917,1.1356946229934692,1.0150998830795288,1.1790043115615845,1.1162842512130737,1.4904636144638062,1.534621000289917,1.7810897827148438,1.6279497146606445,1.853708028793335,1.794969081878662,2.1990041732788086,2.300686836242676,2.0587360858917236,1.818673849105835,1.6952080726623535,1.6203540563583374,1.507149577140808,1.656721591949463,1.5353249311447144,1.8663185834884644,1.8813568353652954,2.1229944229125977,2.0080089569091797,2.2137956619262695,2.1822025775909424,2.6062426567077637,2.6975507736206055,2.498311996459961,2.3052992820739746,2.2008543014526367,2.201110601425171,2.093679904937744,2.2645514011383057,2.075730562210083,2.324761152267456,2.3152246475219727,2.544825553894043,2.4659712314605713,2.6354010105133057,2.566042900085449
A8,2.118356466293335,1.8411668539047241,1.5347081422805786,1.2135533094406128,0.9611322283744812,0.6198826432228088,0.37300941348075867,0.0,0.40139609575271606,0.6902456879615784,0.8436152935028076,1.0529109239578247,0.879988431930542,1.1436823606491089,1.0644761323928833,1.800270438194275,1.9677423238754272,1.6600313186645508,1.3118313550949097,1.138241171836853,0.8278845548629761,0.6840457320213318,0.5868571996688843,0.6037083268165588,0.9629726409912109,0.9883823990821838,1.221713900566101,1.073468804359436,1.3437496423721313,1.3349270820617676,2.0019338130950928,2.1638362407684326,1.8965460062026978,1.5751678943634033,1.459121823310852,1.2369945049285889,1.123532772064209,1.170390009880066,0.9955359101295471,1.3254475593566895,1.305890440940857,1.548830509185791,1.440115213394165,1.6760088205337524,1.681674838066101,2.2885007858276367,2.44355845451355,2.210958242416382,1.9345473051071167,1.8438386917114258,1.70761239528656,1.6002748012542725,1.671715259552002,1.4710066318511963,1.7503926753997803,1.7121473550796509,1.942719578742981,1.86790931224823,2.073106288909912,2.094007968902588,2.6800668239593506,2.8207600116729736,2.6298575401306152,2.4035239219665527,2.329648494720459,2.2821450233459473,2.1849477291107178,2.3016252517700195,2.064913749694824,2.2606968879699707,2.20249080657959,2.4128198623657227,2.369210720062256,2.5282182693481445,2.501722812652588
A9,2.4897239208221436,2.2293810844421387,1.9103209972381592,1.6045887470245361,1.3215571641921997,1.0074131488800049,0.6844126582145691,0.40139609575271606,0.0,0.3905225098133087,0.6695343852043152,1.0062782764434814,0.9787454009056091,1.3207833766937256,1.3419499397277832,2.1936349868774414,2.3494129180908203,2.026130437850952,1.676814079284668,1.4624518156051636,1.1377296447753906,0.8913676738739014,0.6965928077697754,0.45336663722991943,0.7633742094039917,0.8455042243003845,1.1786125898361206,1.1580562591552734,1.4892135858535767,1.569168210029602,2.3562283515930176,2.513296127319336,2.2245864868164062,1.884166955947876,1.7271498441696167,1.456164836883545,1.2629553079605103,1.204774022102356,0.9290531277656555,1.1881084442138672,1.2005672454833984,1.5066182613372803,1.4966514110565186,1.7842015027999878,1.8660433292388916,2.5935895442962646,2.7523069381713867,2.4943246841430664,2.1866869926452637,2.0610947608947754,1.8666833639144897,1.696414589881897,1.6858680248260498,1.421161413192749,1.6420859098434448,1.6265496015548706,1.9024454355239868,1.905285120010376,2.1541216373443604,2.239408493041992,2.935190439224243,3.088182210922241,2.870371103286743,2.6074960231781006,2.507312059402466,2.4038970470428467,2.2625763416290283,2.320773124694824,2.033377170562744,2.1779427528381348,2.1267213821411133,2.365396499633789,2.3861801624298096,2.581021547317505,2.6108829975128174
A10,2.7713654041290283,2.499835729598999,2.182757616043091,1.8706954717636108,1.6138824224472046,1.2918790578842163,1.013426661491394,0.6902456879615784,0.3905225098133087,0.0,0.3852984607219696,0.7549362778663635,0.8649647235870361,1.2354522943496704,1.353289246559143,2.3771731853485107,2.543520212173462,2.2220206260681152,1.8564980030059814,1.658546805381775,1.2988559007644653,1.0671240091323853,0.7523106336593628,0.420830100774765,0.5038146376609802,0.5165784358978271,0.8873422741889954,0.9779641628265381,1.3370150327682495,1.504140019416809,2.456753969192505,2.6388473510742188,2.3509814739227295,1.9860458374023438,1.8461639881134033,1.522422432899475,1.3424330949783325,1.1723657846450806,0.8160201907157898,0.9613269567489624,0.9126685261726379,1.2197414636611938,1.2875877618789673,1.5925171375274658,1.7475746870040894,2.6305253505706787,2.8226373195648193,2.5648317337036133,2.2271313667297363,2.121565103530884,1.8724477291107178,1.710569143295288,1.617466688156128,1.2906100749969482,1.4312832355499268,1.3665289878845215,1.631642460823059,1.6907511949539185,1.9473921060562134,2.091634750366211,2.922846555709839,3.1140453815460205,2.8960440158843994,2.6006760597229004,2.5225892066955566,2.369016647338867,2.238266944885254,2.2360682487487793,1.9121346473693848,1.9931631088256836,1.896133303642273,2.11386775970459,2.176943302154541,2.369135856628418,2.448272943496704
A11,2.877763509750366,2.5703799724578857,2.288054943084717,1.9480705261230469,1.7571221590042114,1.4039530754089355,1.2095087766647339,0.8436152935028076,0.6695343852043152,0.3852984607219696,0.0,0.40727418661117554,0.5994924306869507,0.9739874601364136,1.178764820098877,2.3703787326812744,2.5838541984558105,2.2977116107940674,1.9221439361572266,1.7954375743865967,1.4227272272109985,1.2829028367996216,0.9397923350334167,0.7218323349952698,0.7126941680908203,0.4697621762752533,0.6997423768043518,0.8129979968070984,1.1290282011032104,1.3506677150726318,2.4352197647094727,2.66632080078125,2.416621208190918,2.0513553619384766,1.9803253412246704,1.6549334526062012,1.5553839206695557,1.3785604238510132,1.0312901735305786,1.1233314275741577,0.9347453117370605,1.1313207149505615,1.2019551992416382,1.4475607872009277,1.6329208612442017,2.6134164333343506,2.8506269454956055,2.631574869155884,2.2986178398132324,2.2562687397003174,2.010394334793091,1.913170337677002,1.813755989074707,1.4785341024398804,1.5787570476531982,1.4179232120513916,1.5997577905654907,1.6559715270996094,1.8556588888168335,2.0160937309265137,2.9202749729156494,3.14909029006958,2.9682223796844482,2.6783881187438965,2.6554431915283203,2.5052504539489746,2.425753355026245,2.4142587184906006,2.0944325923919678,2.1464126110076904,1.9827767610549927,2.1350009441375732,2.1917951107025146,2.328862428665161,2.4169921875
A12,2.8928375244140625,2.5642566680908203,2.31406569480896,1.969412922859192,1.8478367328643799,1.4999096393585205,1.4019631147384644,1.0529109239578247,1.0062782764434814,0.7549362778663635,0.40727418661117554,0.0,0.3744818866252899,0.6704143285751343,0.9626471400260925,2.2659244537353516,2.5067687034606934,2.2564234733581543,1.8832091093063354,1.8267738819122314,1.4583262205123901,1.4155306816101074,1.0667471885681152,0.977686882019043,0.9166069626808167,0.5472443103790283,0.4867701232433319,0.5726028084754944,0.8058677315711975,1.0822062492370605,2.2735683917999268,2.544139862060547,2.3328685760498047,1.9734975099563599,1.9726823568344116,1.652059555053711,1.6422338485717773,1.4643244743347168,1.1641837358474731,1.22275710105896,0.92426997423172,0.9666157960891724,1.0003767013549805,1.1635137796401978,1.368144154548645,2.427401065826416,2.705469846725464,2.52579665184021,2.2010128498077393,2.2255072593688965,1.9866983890533447,1.9651144742965698,1.868120551109314,1.5508793592453003,1.6280475854873657,1.3809144496917725,1.459411859512329,1.4832404851913452,1.612182855606079,1.7740964889526367,2.7300920486450195,2.994539260864258,2.8518126010894775,2.570427894592285,2.606745958328247,2.4638407230377197,2.4452764987945557,2.43188738822937,2.134892225265503,2.1737537384033203,1.9504491090774536,2.0284852981567383,2.055147886276245,2.128740072250366,2.2113804817199707
A13,2.558281183242798,2.2171132564544678,1.9885127544403076,1.6363710165023804,1.5582504272460938,1.2120774984359741,1.1933947801589966,0.879988431930542,0.9787454009056091,0.8649647235870361,0.5994924306869507,0.3744818866252899,0.0,0.3802107572555542,0.6080145835876465,1.9131237268447876,2.172713041305542,1.943029522895813,1.574447512626648,1.5639469623565674,1.2151439189910889,1.249556303024292,0.9608470797538757,0.990691602230072,1.0551621913909912,0.749225914478302,0.6753541231155396,0.5147805213928223,0.6753140687942505,0.8414162993431091,1.966188907623291,2.247056484222412,2.0580530166625977,1.7169145345687866,1.7542269229888916,1.4766279458999634,1.5216238498687744,1.4299288988113403,1.1990309953689575,1.357140302658081,1.0915207862854004,1.1192580461502075,1.0210578441619873,1.132677435874939,1.2360942363739014,2.1800949573516846,2.4552767276763916,2.298665761947632,2.003502607345581,2.0545623302459717,1.8691715002059937,1.888022541999817,1.866370439529419,1.603649377822876,1.7567497491836548,1.5286448001861572,1.5955852270126343,1.5313231945037842,1.6250057220458984,1.7074083089828491,2.5436325073242188,2.792116165161133,2.6718246936798096,2.42594575881958,2.4774675369262695,2.3882782459259033,2.3956408500671387,2.4408676624298096,2.185739040374756,2.2851953506469727,2.0818631649017334,2.158374547958374,2.120077610015869,2.171187400817871,2.188710927963257
A14,2.4851584434509277,2.1283769607543945,1.9489672183990479,1.6076306104660034,1.6176397800445557,1.3088914155960083,1.3952453136444092,1.1436823606491089,1.3207833766937256,1.2354522943496704,0.9739874601364136,0.6704143285751343,0.3802107572555542,0.0,0.375564306974411,1.733643651008606,2.0235373973846436,1.8481658697128296,1.5037227869033813,1.5833760499954224,1.279505968093872,1.417997121810913,1.1808228492736816,1.3035480976104736,1.3637231588363647,1.053091287612915,0.8534823656082153,0.5922951698303223,0.5085801482200623,0.6077251434326172,1.7516393661499023,2.071744918823242,1.9385772943496704,1.628313660621643,1.7484842538833618,1.5147125720977783,1.6507700681686401,1.5976377725601196,1.437210202217102,1.5936918258666992,1.3007625341415405,1.2217329740524292,1.041260004043579,1.022275447845459,1.0620570182800293,1.97136390209198,2.279017210006714,2.1764228343963623,1.9150128364562988,2.037149429321289,1.8918839693069458,1.9869595766067505,1.998392105102539,1.7820898294448853,1.9392975568771362,1.675907850265503,1.6611621379852295,1.5334278345108032,1.5388842821121216,1.5700308084487915,2.3582377433776855,2.626581907272339,2.555290937423706,2.3415212631225586,2.4500842094421387,2.3949966430664062,2.4616408348083496,2.5289270877838135,2.3155643939971924,2.4264020919799805,2.1969237327575684,2.2163286209106445,2.1264302730560303,2.112212896347046,2.089715003967285
A15,2.116830348968506,1.7583245038986206,1.5932778120040894,1.2601832151412964,1.3182597160339355,1.0503000020980835,1.2259323596954346,1.0644761323928833,1.3419499397277832,1.353289246559143,1.178764820098877,0.9626471400260925,0.6080145835876465,0.375564306974411,0.0,1.3616863489151,1.6567258834838867,1.4943103790283203,1.1617209911346436,1.2895413637161255,1.0352880954742432,1.2533272504806519,1.1109367609024048,1.3273388147354126,1.4687092304229736,1.2340445518493652,1.0885568857192993,0.7454126477241516,0.6497614979743958,0.508756160736084,1.4276353120803833,1.7429444789886475,1.6230863332748413,1.338276982307434,1.4892909526824951,1.3170440196990967,1.4995970726013184,1.5349212884902954,1.452077865600586,1.6802351474761963,1.4461642503738403,1.3978030681610107,1.1396089792251587,1.112573504447937,1.0254392623901367,1.714669108390808,2.0001919269561768,1.9102622270584106,1.684190273284912,1.8184058666229248,1.7343111038208008,1.8578221797943115,1.9423325061798096,1.787616491317749,2.0086095333099365,1.7893463373184204,1.793580174446106,1.60258150100708,1.6040247678756714,1.5505890846252441,2.1600019931793213,2.3945107460021973,2.3340094089508057,2.1582822799682617,2.2655575275421143,2.2651593685150146,2.344963312149048,2.4685707092285156,2.2989134788513184,2.466778039932251,2.275439739227295,2.3135933876037598,2.172985553741455,2.161649703979492,2.076002359390259
B1,0.9530341029167175,0.6576613783836365,0.7462725043296814,0.7593131065368652,1.111133098602295,1.2572218179702759,1.6338081359863281,1.800270438194275,2.1936349868774414,2.3771731853485107,2.3703787326812744,2.2659244537353516,1.9131237268447876,1.733643651008606,1.3616863489151,0.0,0.3930789828300476,0.5626886487007141,0.6705469489097595,1.0463240146636963,1.2350852489471436,1.6064475774765015,1.7939895391464233,2.156684160232544,2.410329580307007,2.350128412246704,2.276611566543579,1.902941346168518,1.7927088737487793,1.4304436445236206,0.6282604932785034,0.7701730728149414,0.866364598274231,0.9539397954940796,1.2310819625854492,1.434878945350647,1.731821894645691,2.0211405754089355,2.184631586074829,2.5082457065582275,2.4298906326293945,2.415194272994995,2.0617802143096924,1.9959743022918701,1.6733626127243042,1.1905752420425415,1.2674401998519897,1.3180210590362549,1.3821022510528564,1.56521737575531,1.7748193740844727,1.9992175102233887,2.300767421722412,2.3757996559143066,2.709411382675171,2.618955373764038,2.6359024047851562,2.320561647415161,2.2836875915527344,2.013195276260376,1.7749501466751099,1.8089545965194702,1.8422303199768066,1.8946044445037842,2.0055625438690186,2.2326488494873047,2.3766467571258545,2.673358678817749,2.6905622482299805,2.997535228729248,2.925454616546631,2.983515977859497,2.7096500396728516,2.6836822032928467,2.4182498455047607
B2,0.7532039880752563,0.6196667551994324,0.693324625492096,0.873521625995636,1.1663446426391602,1.4021626710891724,1.7506273984909058,1.9677423238754272,2.3494129180908203,2.543520212173462,2.5838541984558105,2.5067687034606934,2.172713041305542,2.0235373973846436,1.6567258834838867,0.3930789828300476,0.0,0.3875550627708435,0.6989002227783203,1.0136866569519043,1.2967989444732666,1.6482725143432617,1.8909047842025757,2.2699239253997803,2.5232818126678467,2.5151989459991455,2.464116096496582,2.101365327835083,2.0182838439941406,1.6564617156982422,0.6329034566879272,0.5490797162055969,0.6536465883255005,0.8731144070625305,1.113664150238037,1.4026538133621216,1.6954677104949951,2.021965980529785,2.2458417415618896,2.5716536045074463,2.5431363582611084,2.546292543411255,2.191317558288574,2.1475045680999756,1.810224175453186,1.1077609062194824,1.062201738357544,1.1018427610397339,1.2416402101516724,1.3939857482910156,1.6692638397216797,1.898568034172058,2.238614320755005,2.375324249267578,2.7229857444763184,2.677945852279663,2.7099807262420654,2.383411169052124,2.364750385284424,2.069518804550171,1.6446642875671387,1.5984020233154297,1.6172658205032349,1.7185778617858887,1.799113154411316,2.073633909225464,2.2178406715393066,2.5483477115631104,2.6156604290008545,2.9503555297851562,2.920618772506714,2.9945499897003174,2.702406883239746,2.6964783668518066,2.4052963256835938
B3,0.8363527059555054,0.6882731914520264,0.5299502015113831,0.6706395149230957,0.8658831119537354,1.1144258975982666,1.428824543952942,1.6600313186645508,2.026130437850952,2.2220206260681152,2.2977116107940674,2.2564234733581543,1.943029522895813,1.8481658697128296,1.4943103790283203,0.5626886487007141,0.3875550627708435,0.0,0.37641260027885437,0.6331087350845337,0.9432502388954163,1.2783271074295044,1.54239821434021,1.9224079847335815,2.180384874343872,2.2070889472961426,2.193464994430542,1.8478772640228271,1.8222746849060059,1.485588550567627,0.7188758254051208,0.6478465795516968,0.5027138590812683,0.5980426073074341,0.7614977955818176,1.0494983196258545,1.3176605701446533,1.6569979190826416,1.8885927200317383,2.2239952087402344,2.2261273860931396,2.2679717540740967,1.9297568798065186,1.9419713020324707,1.6333065032958984,1.119156837463379,1.086700677871704,0.9900713562965393,1.0296660661697388,1.1068896055221558,1.3548688888549805,1.5451771020889282,1.888370394706726,2.0209977626800537,2.380661725997925,2.362205982208252,2.4330523014068604,2.1260156631469727,2.159519672393799,1.8962013721466064,1.6185314655303955,1.591426968574524,1.521521806716919,1.5477828979492188,1.570224404335022,1.809987187385559,1.910334587097168,2.23612904548645,2.2803878784179688,2.6209797859191895,2.6101248264312744,2.718677043914795,2.449819803237915,2.489481210708618,2.226419687271118
B4,1.11469566822052,0.8784298896789551,0.6243386268615723,0.5397709608078003,0.660671591758728,0.8127424716949463,1.1202781200408936,1.3118313550949097,1.676814079284668,1.8564980030059814,1.9221439361572266,1.8832091093063354,1.574447512626648,1.5037227869033813,1.1617209911346436,0.6705469489097595,0.6989002227783203,0.37641260027885437,0.0,0.3887622654438019,0.6001330614089966,0.9653805494308472,1.1921896934509277,1.5717673301696777,1.828444480895996,1.83877432346344,1.8321284055709839,1.4887852668762207,1.491269826889038,1.1766974925994873,0.8045902848243713,0.8755882978439331,0.6551330089569092,0.5012798309326172,0.6353756189346313,0.8024395108222961,1.065926194190979,1.3744628429412842,1.5621427297592163,1.9021928310394287,1.8840471506118774,1.9377799034118652,1.6103379726409912,1.6505173444747925,1.3767998218536377,1.181107521057129,1.2473326921463013,1.0968140363693237,1.001845121383667,1.0607465505599976,1.2093133926391602,1.3696917295455933,1.6721932888031006,1.7461743354797363,2.1012372970581055,2.061401844024658,2.1458842754364014,1.860564112663269,1.9186232089996338,1.6998060941696167,1.674357295036316,1.7224971055984497,1.6175094842910767,1.5551273822784424,1.5726020336151123,1.7384861707687378,1.8126204013824463,2.097850799560547,2.082252264022827,2.4001102447509766,2.3641209602355957,2.481344699859619,2.243062973022461,2.297931671142578,2.0765814781188965
B5,1.2634601593017578,1.092894196510315,0.7423887252807617,0.6634025573730469,0.5344523787498474,0.7068451046943665,0.9028035998344421,1.138241171836853,1.4624518156051636,1.658546805381775,1.7954375743865967,1.8267738819122314,1.5639469623565674,1.5833760499954224,1.2895413637161255,1.0463240146636963,1.0136866569519043,0.6331087350845337,0.3887622654438019,0.0,0.3769725263118744,0.6523628234863281,0.9540119171142578,1.3236942291259766,1.5968598127365112,1.682369351387024,1.7489279508590698,1.452606201171875,1.547518014907837,1.2980085611343384,1.1391005516052246,1.1467559337615967,0.8303302526473999,0.5998315811157227,0.4659443795681,0.5854045152664185,0.7407057285308838,1.0905852317810059,1.3004637956619263,1.6601017713546753,1.710719347000122,1.8349359035491943,1.5498942136764526,1.6753228902816772,1.45878005027771,1.40673828125,1.4342913627624512,1.1881988048553467,1.018328070640564,0.9328621625900269,1.028193712234497,1.0898027420043945,1.4017322063446045,1.4816622734069824,1.8588460683822632,1.8790756464004517,2.0290088653564453,1.7820096015930176,1.9148902893066406,1.7431693077087402,1.8116166591644287,1.842494010925293,1.6586084365844727,1.5382614135742188,1.4645017385482788,1.5865094661712646,1.5834836959838867,1.8647392988204956,1.8275083303451538,2.1593503952026367,2.1687560081481934,2.3415284156799316,2.1383135318756104,2.258118152618408,2.072995901107788
B6,1.5900828838348389,1.363694667816162,1.0252646207809448,0.8148188591003418,0.6264165639877319,0.5724204778671265,0.6869022846221924,0.8278845548629761,1.1377296447753906,1.2988559007644653,1.4227272272109985,1.4583262205123901,1.2151439189910889,1.279505968093872,1.0352880954742432,1.2350852489471436,1.2967989444732666,0.9432502388954163,0.6001330614089966,0.3769725263118744,0.0,0.38698333501815796,0.6006541848182678,0.9800601005554199,1.247963547706604,1.3103489875793457,1.3893558979034424,1.1075440645217896,1.2521876096725464,1.0629884004592896,1.2991148233413696,1.3944008350372314,1.0885494947433472,0.7635793685913086,0.6442210674285889,0.5102125406265259,0.6061758399009705,0.8635041117668152,0.9904223084449768,1.3549124002456665,1.3736379146575928,1.5148714780807495,1.2545863389968872,1.420037865638733,1.2674310207366943,1.5357520580291748,1.6409543752670288,1.3911408185958862,1.1381529569625854,1.0641121864318848,1.0252609252929688,1.0431959629058838,1.2674040794372559,1.253052830696106,1.6136162281036377,1.5995246171951294,1.7636584043502808,1.5523446798324585,1.7118488550186157,1.6028157472610474,1.9202163219451904,2.018120288848877,1.8269810676574707,1.6400355100631714,1.5816224813461304,1.6184794902801514,1.595482587814331,1.8105860948562622,1.6984978914260864,1.9886034727096558,1.9596714973449707,2.13559889793396,1.9734998941421509,2.1039111614227295,1.9721072912216187
B7,1.8454033136367798,1.6510143280029297,1.2856826782226562,1.0847312211990356,0.7790796756744385,0.6761978268623352,0.5514013767242432,0.6840457320213318,0.8913676738739014,1.0671240091323853,1.2829028367996216,1.4155306816101074,1.249556303024292,1.417997121810913,1.2533272504806519,1.6064475774765015,1.6482725143432617,1.2783271074295044,0.9653805494308472,0.6523628234863281,0.38698333501815796,0.0,0.38198283314704895,0.6952633261680603,0.9966846704483032,1.1570459604263306,1.3417102098464966,1.1501049995422363,1.3932182788848877,1.2975304126739502,1.6755458116531372,1.7444467544555664,1.410211205482483,1.0846104621887207,0.8558722734451294,0.6371416449546814,0.4666116237640381,0.6679330468177795,0.7409972548484802,1.1301966905593872,1.2297844886779785,1.4662247896194458,1.289656162261963,1.5413103103637695,1.4714305400848389,1.8653113842010498,1.9516067504882812,1.6597141027450562,1.373090147972107,1.2064741849899292,1.0850625038146973,0.9594563841819763,1.1230429410934448,1.0573005676269531,1.4229859113693237,1.472025990486145,1.7160544395446777,1.576163649559021,1.8088996410369873,1.7674649953842163,2.1874747276306152,2.278949499130249,2.040958881378174,1.8110718727111816,1.6852807998657227,1.6572047472000122,1.5470788478851318,1.7194547653198242,1.552195429801941,1.8286937475204468,1.839180827140808,2.0750539302825928,1.97392737865448,2.166472911834717,2.089777708053589
B8,2.1646859645843506,1.9307465553283691,1.5879844427108765,1.3335927724838257,1.0730528831481934,0.8530864715576172,0.6810706853866577,0.5868571996688843,0.6965928077697754,0.7523106336593628,0.9397923350334167,1.0667471885681152,0.9608470797538757,1.1808228492736816,1.1109367609024048,1.7939895391464233,1.8909047842025757,1.54239821434021,1.1921896934509277,0.9540119171142578,0.6006541848182678,0.38198283314704895,0.0,0.39677655696868896,0.6543043255805969,0.7754592299461365,0.9768928289413452,0.8362331986427307,1.1380984783172607,1.1381319761276245,1.814016342163086,1.9432618618011475,1.6277623176574707,1.2647411823272705,1.0949766635894775,0.779120683670044,0.6318438649177551,0.5960352420806885,0.4787743389606476,0.8495959639549255,0.8863040804862976,1.1392347812652588,1.0129170417785645,1.302396297454834,1.3165438175201416,1.9659090042114258,2.113225221633911,1.8351072072982788,1.507328987121582,1.385925531387329,1.1794458627700806,1.0602126121520996,1.0971035957336426,0.9076592922210693,1.2167785167694092,1.2027286291122437,1.4482284784317017,1.3576470613479614,1.6058989763259888,1.634228229522705,2.2616183757781982,2.4111382961273193,2.1828885078430176,1.9116631746292114,1.8237475156784058,1.729543924331665,1.630450963973999,1.7251293659210205,1.4904351234436035,1.6987850666046143,1.6490014791488647,1.869044542312622,1.8126897811889648,2.001474142074585,1.980836033821106
B9,2.4960410594940186,2.2596302032470703,1.9157849550247192,1.6448934078216553,1.3557637929916382,1.0945227146148682,0.8105642199516296,0.6037083268165588,0.45336663722991943,0.420830100774765,0.7218323349952698,0.977686882019043,0.990691602230072,1.3035480976104736,1.3273388147354126,2.156684160232544,2.2699239253997803,1.9224079847335815,1.5717673301696777,1.3236942291259766,0.9800601005554199,0.6952633261680603,0.39677655696868896,0.0,0.3937256634235382,0.6054121851921082,0.9465361833572388,0.948849618434906,1.308598518371582,1.402069091796875,2.2020814418792725,2.339569330215454,2.023409605026245,1.66071355342865,1.4745049476623535,1.1513327360153198,0.9314277172088623,0.7837686538696289,0.47640928626060486,0.7555397152900696,0.8207298517227173,1.1593750715255737,1.158099889755249,1.4881250858306885,1.586253046989441,2.3489813804626465,2.503610849380493,2.2188899517059326,1.8803097009658813,1.7366448640823364,1.4925416707992554,1.3076462745666504,1.250859022140503,0.96951824426651,1.1978704929351807,1.2016229629516602,1.5005115270614624,1.5072143077850342,1.7903969287872314,1.8899213075637817,2.621354103088379,2.781633138656616,2.5405466556549072,2.2473273277282715,2.1387455463409424,1.9972892999649048,1.85153067111969,1.882864236831665,1.5864769220352173,1.7294896841049194,1.6817924976348877,1.931922197341919,1.9535020589828491,2.1722047328948975,2.2138335704803467
B10,2.818340539932251,2.5809519290924072,2.240931510925293,1.9744633436203003,1.7081674337387085,1.450769305229187,1.1974592208862305,0.9629726409912109,0.7633742094039917,0.5038146376609802,0.7126941680908203,0.9166069626808167,1.0551621913909912,1.3637231588363647,1.4687092304229736,2.410329580307007,2.5232818126678467,2.180384874343872,1.828444480895996,1.5968598127365112,1.247963547706604,0.9966846704483032,0.6543043255805969,0.3937256634235382,0.0,0.3921854496002197,0.753303587436676,0.8967360854148865,1.2695850133895874,1.446988821029663,2.370767116546631,2.5212905406951904,2.2063937187194824,1.8304091691970825,1.6567282676696777,1.2942191362380981,1.0900598764419556,0.8049725294113159,0.4129717946052551,0.4578932523727417,0.5017531514167786,0.8854843974113464,0.9978798627853394,1.3585543632507324,1.5389937162399292,2.4398245811462402,2.6183841228485107,2.3310201168060303,1.9657779932022095,1.8348828554153442,1.5308846235275269,1.3474384546279907,1.1778292655944824,0.8181395530700684,0.927537739276886,0.8937803506851196,1.2091180086135864,1.2970339059829712,1.606719732284546,1.7775284051895142,2.6425774097442627,2.8359737396240234,2.589062452316284,2.2603530883789062,2.1665501594543457,1.9627037048339844,1.8196368217468262,1.771265983581543,1.4293739795684814,1.4904494285583496,1.399822473526001,1.6423511505126953,1.7228306531906128,1.955077052116394,2.0586845874786377
B11,2.873072385787964,2.5951101779937744,2.2882089614868164,1.9862914085388184,1.7810759544372559,1.4791723489761353,1.292275309562683,0.9883823990821838,0.8455042243003845,0.5165784358978271,0.4697621762752533,0.5472443103790283,0.749225914478302,1.053091287612915,1.2340445518493652,2.350128412246704,2.5151989459991455,2.2070889472961426,1.83877432346344,1.682369351387024,1.3103489875793457,1.1570459604263306,0.7754592299461365,0.6054121851921082,0.3921854496002197,0.0,0.40747031569480896,0.6163156032562256,0.9811004400253296,1.223965048789978,2.3035435676574707,2.508831739425659,2.2341091632843018,1.8548470735549927,1.7599061727523804,1.3980474472045898,1.293810248374939,1.0347319841384888,0.6828888654708862,0.6914309859275818,0.46522030234336853,0.7118272185325623,0.8305656909942627,1.142971396446228,1.3642266988754272,2.3869194984436035,2.6162054538726807,2.371931552886963,2.0126712322235107,1.9565067291259766,1.6653999090194702,1.565905213356018,1.4113813638687134,1.0591140985488892,1.125919222831726,0.9485141634941101,1.1507189273834229,1.228545904159546,1.4735331535339355,1.663515329360962,2.6167221069335938,2.851536273956299,2.647571325302124,2.328428030014038,2.2996597290039062,2.1095023155212402,2.0308656692504883,1.9838893413543701,1.656226396560669,1.689551591873169,1.5138589143753052,1.671251654624939,1.7373740673065186,1.901090145111084,2.010854959487915
B12,2.9146833419799805,2.618741750717163,2.344770908355713,2.0421879291534424,1.905615210533142,1.6115984916687012,1.5149072408676147,1.221713900566101,1.1786125898361206,0.8873422741889954,0.6997423768043518,0.4867701232433319,0.6753541231155396,0.8534823656082153,1.0885568857192993,2.276611566543579,2.464116096496582,2.193464994430542,1.8321284055709839,1.7489279508590698,1.3893558979034424,1.3417102098464966,0.9768928289413452,0.9465361833572388,0.753303587436676,0.40747031569480896,0.0,0.378583699464798,0.6617902517318726,0.9762853384017944,2.1606690883636475,2.4036853313446045,2.1691203117370605,1.7981741428375244,1.7794415950775146,1.4275541305541992,1.4281576871871948,1.1797118186950684,0.9150790572166443,0.8815810084342957,0.5180087685585022,0.48044487833976746,0.5697547197341919,0.8043395280838013,1.0753477811813354,2.205150842666626,2.477896213531494,2.274871587753296,1.9235780239105225,1.9425058364868164,1.6594231128692627,1.6505802869796753,1.5005865097045898,1.1844574213027954,1.2145403623580933,0.922227680683136,0.9731888771057129,1.013808250427246,1.1793212890625,1.3861268758773804,2.419499635696411,2.695289373397827,2.531418800354004,2.2190191745758057,2.2578012943267822,2.0734078884124756,2.066739320755005,2.015108823776245,1.719359040260315,1.7330279350280762,1.4829448461532593,1.5430828332901,1.5740081071853638,1.6627287864685059,1.7729315757751465
B13,2.5740487575531006,2.2696802616119385,2.0140223503112793,1.7128067016601562,1.6197794675827026,1.3411561250686646,1.3234713077545166,1.073468804359436,1.1580562591552734,0.9779641628265381,0.8129979968070984,0.5726028084754944,0.5147805213928223,0.5922951698303223,0.7454126477241516,1.902941346168518,2.101365327835083,1.8478772640228271,1.4887852668762207,1.452606201171875,1.1075440645217896,1.1501049995422363,0.8362331986427307,0.948849618434906,0.8967360854148865,0.6163156032562256,0.378583699464798,0.0,0.37688806653022766,0.6195865869522095,1.798686146736145,2.05519700050354,1.8394728899002075,1.477243423461914,1.505141019821167,1.1859281063079834,1.2639895677566528,1.1075167655944824,0.9320251941680908,1.0301539897918701,0.7287184596061707,0.6684783697128296,0.5070750117301941,0.6665530204772949,0.8217438459396362,1.8863857984542847,2.164668083190918,1.9834842681884766,1.6540786027908325,1.711073875427246,1.479978084564209,1.5300219058990479,1.4682210683822632,1.2216308116912842,1.3502333164215088,1.0861718654632568,1.1109843254089355,1.0174837112426758,1.127724528312683,1.2334834337234497,2.1614813804626465,2.4285459518432617,2.2885055541992188,2.0090677738189697,2.072634220123291,1.9466472864151,1.9779975414276123,1.9950045347213745,1.7519667148590088,1.8401472568511963,1.6134238243103027,1.6647759675979614,1.6074179410934448,1.6611437797546387,1.688534140586853
