0.000000000000000000e+00,4.008083939552307129e-01,6.053597927093505859e-01,8.174676299095153809e-01,1.021585822105407715e+00,1.261427998542785645e+00,1.632655143737792969e+00,2.019248962402343750e+00,2.267068624496459961e+00,2.563529253005981445e+00,2.589407444000244141e+00,2.556693077087402344e+00,2.195310115814208984e+00,2.113003492355346680e+00,1.760671019554138184e+00,9.640290737152099609e-01,9.667760133743286133e-01,1.045512914657592773e+00,1.194354176521301270e+00,1.340850353240966797e+00,1.572252392768859863e+00,1.786746501922607422e+00,2.174174070358276367e+00,2.350089550018310547e+00,2.705249786376953125e+00,2.661777496337890625e+00,2.678307533264160156e+00,2.335584878921508789e+00,2.308466434478759766e+00,2.004003524780273438e+00,1.506996393203735352e+00,1.502255916595458984e+00,1.528217554092407227e+00,1.626779794692993164e+00,1.711616635322570801e+00,1.922979474067687988e+00,2.057614326477050781e+00,2.429938316345214844e+00,2.561848402023315430e+00,2.923158407211303711e+00,2.850868225097656250e+00,2.901822328567504883e+00,2.593515872955322266e+00,2.591917276382446289e+00,2.328134059906005859e+00,2.020275354385375977e+00,2.012871026992797852e+00,2.006168365478515625e+00,2.084999084472656250e+00,2.135031223297119141e+00,2.349917411804199219e+00,2.436517715454101562e+00,2.766244649887084961e+00,2.847970485687255859e+00,3.204301357269287109e+00,3.126909732818603516e+00,3.200544834136962891e+00,2.929679155349731445e+00,2.938367605209350586e+00,2.714306592941284180e+00,2.585161447525024414e+00,2.552085161209106445e+00,2.536383867263793945e+00,2.608898639678955078e+00,2.622293710708618164e+00,2.898121595382690430e+00,2.955068826675415039e+00,3.250754594802856445e+00,3.232776880264282227e+00,3.559139251708984375e+00,3.492206811904907227e+00,3.574439525604248047e+00,3.336069822311401367e+00,3.354083299636840820e+00,3.157858133316040039e+00
4.008083939552307129e-01,0.000000000000000000e+00,3.818330764770507812e-01,6.677976846694946289e-01,9.309377074241638184e-01,1.230492234230041504e+00,1.607919692993164062e+00,1.965517163276672363e+00,2.206964969635009766e+00,2.465171337127685547e+00,2.481175422668457031e+00,2.412969350814819336e+00,2.054742336273193359e+00,1.944996595382690430e+00,1.577689051628112793e+00,6.153767704963684082e-01,5.700795054435729980e-01,6.674207448959350586e-01,8.713511824607849121e-01,1.076683282852172852e+00,1.349733352661132812e+00,1.622582197189331055e+00,2.003987312316894531e+00,2.202086925506591797e+00,2.534338474273681641e+00,2.489480495452880859e+00,2.471615552902221680e+00,2.114902734756469727e+00,2.064505815505981445e+00,1.734791874885559082e+00,1.119046926498413086e+00,1.103592157363891602e+00,1.136902451515197754e+00,1.260334610939025879e+00,1.386497259140014648e+00,1.628450274467468262e+00,1.818005084991455078e+00,2.196583509445190430e+00,2.348865032196044922e+00,2.698116540908813477e+00,2.624261140823364258e+00,2.645696401596069336e+00,2.316520690917968750e+00,2.296507835388183594e+00,2.007023572921752930e+00,1.622454166412353516e+00,1.614287495613098145e+00,1.613742232322692871e+00,1.704783439636230469e+00,1.784186720848083496e+00,2.016602754592895508e+00,2.145043373107910156e+00,2.487351179122924805e+00,2.587875366210937500e+00,2.940208435058593750e+00,2.858851909637451172e+00,2.908011436462402344e+00,2.615083456039428711e+00,2.608272075653076172e+00,2.362050533294677734e+00,2.184482336044311523e+00,2.155762195587158203e+00,2.146954536437988281e+00,2.225695371627807617e+00,2.261663436889648438e+00,2.546975374221801758e+00,2.632878065109252930e+00,2.936460971832275391e+00,2.936478137969970703e+00,3.265681505203247070e+00,3.194264888763427734e+00,3.256812572479248047e+00,2.998003244400024414e+00,3.003852367401123047e+00,2.789486646652221680e+00
6.053597927093505859e-01,3.818330764770507812e-01,0.000000000000000000e+00,3.734647929668426514e-01,5.645872950553894043e-01,8.922424912452697754e-01,1.260368466377258301e+00,1.608186841011047363e+00,1.868062853813171387e+00,2.130415916442871094e+00,2.179390668869018555e+00,2.148217201232910156e+00,1.806752681732177734e+00,1.754332423210144043e+00,1.405080199241638184e+00,7.179223895072937012e-01,6.825736165046691895e-01,5.429755449295043945e-01,6.248655319213867188e-01,7.380663156509399414e-01,1.001515150070190430e+00,1.247894763946533203e+00,1.635729074478149414e+00,1.848132967948913574e+00,2.190038442611694336e+00,2.175073146820068359e+00,2.195978164672851562e+00,1.854418992996215820e+00,1.861448287963867188e+00,1.561658143997192383e+00,1.140500426292419434e+00,1.134397268295288086e+00,1.039469122886657715e+00,1.066908478736877441e+00,1.115042328834533691e+00,1.319435238838195801e+00,1.466509580612182617e+00,1.844557404518127441e+00,1.999241828918457031e+00,2.359961271286010742e+00,2.310447454452514648e+00,2.370827674865722656e+00,2.059156417846679688e+00,2.091465711593627930e+00,1.834063887596130371e+00,1.602226853370666504e+00,1.607220172882080078e+00,1.520330667495727539e+00,1.538789033889770508e+00,1.558104038238525391e+00,1.751393079757690430e+00,1.833226323127746582e+00,2.163425922393798828e+00,2.255583524703979492e+00,2.615899801254272461e+00,2.554852485656738281e+00,2.640860080718994141e+00,2.368395805358886719e+00,2.407873392105102539e+00,2.193776845932006836e+00,2.133815050125122070e+00,2.120557069778442383e+00,2.049203395843505859e+00,2.071123123168945312e+00,2.064056396484375000e+00,2.315817594528198242e+00,2.358142614364624023e+00,2.646923780441284180e+00,2.628612756729125977e+00,2.958921194076538086e+00,2.903694868087768555e+00,2.999485492706298828e+00,2.762695550918579102e+00,2.807682991027832031e+00,2.623684167861938477e+00
8.174676299095153809e-01,6.677976846694946289e-01,3.734647929668426514e-01,0.000000000000000000e+00,3.837024569511413574e-01,6.149026751518249512e-01,9.816115498542785645e-01,1.320321202278137207e+00,1.542276382446289062e+00,1.798763275146484375e+00,1.825517654418945312e+00,1.793966054916381836e+00,1.448761224746704102e+00,1.416536331176757812e+00,1.083038210868835449e+00,7.908710241317749023e-01,9.029124975204467773e-01,7.037122249603271484e-01,5.634521245956420898e-01,6.646874547004699707e-01,7.863272428512573242e-01,1.037997603416442871e+00,1.399791836738586426e+00,1.557430028915405273e+00,1.898717164993286133e+00,1.853808164596557617e+00,1.879312872886657715e+00,1.545122981071472168e+00,1.571885704994201660e+00,1.306485891342163086e+00,1.199911236763000488e+00,1.292960762977600098e+00,1.157644987106323242e+00,1.064588308334350586e+00,1.109499812126159668e+00,1.204713821411132812e+00,1.329638004302978516e+00,1.670251846313476562e+00,1.763355731964111328e+00,2.115626811981201172e+00,2.034150362014770508e+00,2.100445508956909180e+00,1.809172749519348145e+00,1.855932474136352539e+00,1.641169786453247070e+00,1.656776547431945801e+00,1.737221121788024902e+00,1.624547481536865234e+00,1.560725688934326172e+00,1.582844018936157227e+00,1.696238994598388672e+00,1.756499290466308594e+00,2.040022611618041992e+00,2.072067499160766602e+00,2.415166139602661133e+00,2.324390888214111328e+00,2.415503501892089844e+00,2.171916484832763672e+00,2.222063064575195312e+00,2.051887512207031250e+00,2.191449403762817383e+00,2.239253759384155273e+00,2.149993419647216797e+00,2.110180854797363281e+00,2.111184120178222656e+00,2.309694051742553711e+00,2.320345163345336914e+00,2.565530300140380859e+00,2.493655681610107422e+00,2.796574592590332031e+00,2.713799953460693359e+00,2.812145233154296875e+00,2.607937812805175781e+00,2.658198356628417969e+00,2.515434503555297852e+00
1.021585822105407715e+00,9.309377074241638184e-01,5.645872950553894043e-01,3.837024569511413574e-01,0.000000000000000000e+00,3.614974915981292725e-01,7.048400044441223145e-01,1.053693413734436035e+00,1.340257763862609863e+00,1.629809975624084473e+00,1.732844233512878418e+00,1.783712863922119141e+00,1.479859352111816406e+00,1.543702006340026855e+00,1.264127135276794434e+00,1.136105060577392578e+00,1.168735027313232422e+00,8.885512948036193848e-01,7.157994508743286133e-01,5.846873521804809570e-01,6.618808507919311523e-01,7.774896025657653809e-01,1.164599657058715820e+00,1.362333416938781738e+00,1.731655955314636230e+00,1.756384849548339844e+00,1.861218214035034180e+00,1.568031191825866699e+00,1.682387471199035645e+00,1.472313046455383301e+00,1.466807961463928223e+00,1.506896853446960449e+00,1.291988730430603027e+00,1.153982162475585938e+00,1.064735651016235352e+00,1.116717696189880371e+00,1.129681944847106934e+00,1.469636917114257812e+00,1.584168195724487305e+00,1.960744142532348633e+00,1.938956856727600098e+00,2.076904535293579102e+00,1.822117090225219727e+00,1.943882107734680176e+00,1.773280978202819824e+00,1.858012676239013672e+00,1.903755545616149902e+00,1.722678542137145996e+00,1.619683027267456055e+00,1.547878026962280273e+00,1.629748702049255371e+00,1.604354739189147949e+00,1.874796152114868164e+00,1.914163708686828613e+00,2.274047374725341797e+00,2.234725236892700195e+00,2.388015985488891602e+00,2.175852298736572266e+00,2.289808750152587891e+00,2.154317140579223633e+00,2.334210872650146484e+00,2.359891653060913086e+00,2.213238716125488281e+00,2.140282392501831055e+00,2.073012113571166992e+00,2.243300914764404297e+00,2.196509122848510742e+00,2.433146953582763672e+00,2.356402158737182617e+00,2.668699979782104492e+00,2.628547906875610352e+00,2.780309438705444336e+00,2.602554082870483398e+00,2.706644535064697266e+00,2.591935873031616211e+00
1.261427998542785645e+00,1.230492234230041504e+00,8.922424912452697754e-01,6.149026751518249512e-01,3.614974915981292725e-01,0.000000000000000000e+00,3.797619044780731201e-01,7.579772472381591797e-01,1.027369499206542969e+00,1.347316861152648926e+00,1.459245443344116211e+00,1.559767961502075195e+00,1.277788877487182617e+00,1.410325765609741211e+00,1.194192767143249512e+00,1.391288995742797852e+00,1.486903786659240723e+00,1.210410952568054199e+00,9.684068560600280762e-01,8.207500576972961426e-01,7.169685959815979004e-01,7.164582610130310059e-01,1.038477182388305664e+00,1.156783342361450195e+00,1.537401795387268066e+00,1.552472949028015137e+00,1.703209519386291504e+00,1.451230406761169434e+00,1.615480780601501465e+00,1.475235819816589355e+00,1.721950173377990723e+00,1.810851097106933594e+00,1.586277961730957031e+00,1.388710618019104004e+00,1.284437537193298340e+00,1.230316400527954102e+00,1.170767903327941895e+00,1.439272284507751465e+00,1.476728916168212891e+00,1.842433810234069824e+00,1.806026816368103027e+00,1.979048371315002441e+00,1.773051738739013672e+00,1.927851915359497070e+00,1.820652008056640625e+00,2.102787971496582031e+00,2.189499616622924805e+00,1.995381712913513184e+00,1.841393470764160156e+00,1.758599758148193359e+00,1.767033219337463379e+00,1.695182561874389648e+00,1.901224493980407715e+00,1.874875783920288086e+00,2.211304903030395508e+00,2.158650875091552734e+00,2.337472200393676758e+00,2.174097299575805664e+00,2.312183856964111328e+00,2.231456279754638672e+00,2.569003820419311523e+00,2.630602598190307617e+00,2.469755649566650391e+00,2.352944850921630859e+00,2.279773235321044922e+00,2.398488521575927734e+00,2.309321880340576172e+00,2.497177362442016602e+00,2.367255687713623047e+00,2.647097110748291016e+00,2.593560218811035156e+00,2.763239622116088867e+00,2.631138324737548828e+00,2.751439094543457031e+00,2.683943271636962891e+00
1.632655143737792969e+00,1.607919692993164062e+00,1.260368466377258301e+00,9.816115498542785645e-01,7.048400044441223145e-01,3.797619044780731201e-01,0.000000000000000000e+00,3.969931900501251221e-01,7.002079486846923828e-01,1.049598217010498047e+00,1.227379322052001953e+00,1.417182087898254395e+00,1.208864212036132812e+00,1.438025712966918945e+00,1.313195586204528809e+00,1.734716415405273438e+00,1.832457900047302246e+00,1.527410149574279785e+00,1.246664881706237793e+00,1.034434676170349121e+00,8.169332742691040039e-01,6.414316892623901367e-01,8.454145789146423340e-01,9.055547714233398438e-01,1.289960384368896484e+00,1.348521590232849121e+00,1.577700853347778320e+00,1.398862004280090332e+00,1.639592170715332031e+00,1.582538127899169922e+00,2.010353565216064453e+00,2.106815814971923828e+00,1.845680117607116699e+00,1.597479104995727539e+00,1.438727140426635742e+00,1.293281912803649902e+00,1.132278680801391602e+00,1.311430811882019043e+00,1.292758941650390625e+00,1.644475460052490234e+00,1.636323690414428711e+00,1.871077179908752441e+00,1.730492115020751953e+00,1.944554567337036133e+00,1.907120466232299805e+00,2.340142488479614258e+00,2.439156055450439453e+00,2.208498954772949219e+00,2.003858327865600586e+00,1.877792716026306152e+00,1.814728617668151855e+00,1.673484325408935547e+00,1.809343934059143066e+00,1.734670996665954590e+00,2.048688888549804688e+00,2.016738176345825195e+00,2.243447303771972656e+00,2.137039422988891602e+00,2.323200702667236328e+00,2.300405263900756836e+00,2.758951902389526367e+00,2.837525129318237305e+00,2.642163276672363281e+00,2.478032588958740234e+00,2.373845338821411133e+00,2.434687852859497070e+00,2.289993762969970703e+00,2.428524971008300781e+00,2.257927656173706055e+00,2.509892702102661133e+00,2.469835519790649414e+00,2.677152633666992188e+00,2.594488143920898438e+00,2.752765178680419922e+00,2.734471082687377930e+00
2.019248962402343750e+00,1.965517163276672363e+00,1.608186841011047363e+00,1.320321202278137207e+00,1.053693413734436035e+00,7.579772472381591797e-01,3.969931900501251221e-01,0.000000000000000000e+00,3.778627812862396240e-01,7.123962044715881348e-01,9.718467593193054199e-01,1.242813348770141602e+00,1.136651992797851562e+00,1.443915605545043945e+00,1.412949562072753906e+00,2.024054050445556641e+00,2.126693010330200195e+00,1.796828746795654297e+00,1.479522585868835449e+00,1.237620472908020020e+00,9.364491701126098633e-01,6.580315232276916504e-01,6.478291153907775879e-01,6.055352091789245605e-01,9.679994583129882812e-01,1.079389333724975586e+00,1.382420897483825684e+00,1.291591048240661621e+00,1.600321650505065918e+00,1.628233313560485840e+00,2.223809242248535156e+00,2.333394050598144531e+00,2.041893005371093750e+00,1.744932889938354492e+00,1.554405808448791504e+00,1.319689393043518066e+00,1.086571812629699707e+00,1.141110181808471680e+00,1.044377088546752930e+00,1.360519170761108398e+00,1.379253387451171875e+00,1.669820547103881836e+00,1.602018594741821289e+00,1.870810866355895996e+00,1.905879497528076172e+00,2.488619804382324219e+00,2.606698751449584961e+00,2.345743417739868164e+00,2.089414358139038086e+00,1.936142325401306152e+00,1.795012474060058594e+00,1.601360917091369629e+00,1.650343537330627441e+00,1.515699744224548340e+00,1.791723966598510742e+00,1.774770379066467285e+00,2.042238950729370117e+00,1.996545076370239258e+00,2.226857662200927734e+00,2.264759063720703125e+00,2.849184751510620117e+00,2.952979564666748047e+00,2.728747844696044922e+00,2.514480113983154297e+00,2.392522573471069336e+00,2.387788057327270508e+00,2.195957183837890625e+00,2.273884534835815430e+00,2.058059453964233398e+00,2.271238803863525391e+00,2.237566232681274414e+00,2.475196361541748047e+00,2.444007873535156250e+00,2.636189699172973633e+00,2.669570922851562500e+00
2.267068624496459961e+00,2.206964969635009766e+00,1.868062853813171387e+00,1.542276382446289062e+00,1.340257763862609863e+00,1.027369499206542969e+00,7.002079486846923828e-01,3.778627812862396240e-01,0.000000000000000000e+00,3.803954720497131348e-01,6.299802064895629883e-01,9.591461420059204102e-01,9.369901418685913086e-01,1.295840263366699219e+00,1.361746788024902344e+00,2.191395998001098633e+00,2.342498302459716797e+00,2.026664018630981445e+00,1.679423570632934570e+00,1.487904906272888184e+00,1.139962553977966309e+00,9.215304255485534668e-01,7.849953174591064453e-01,5.368884801864624023e-01,8.003082275390625000e-01,8.373669385910034180e-01,1.163767099380493164e+00,1.150034666061401367e+00,1.478603720664978027e+00,1.586664319038391113e+00,2.367918491363525391e+00,2.525179862976074219e+00,2.246506214141845703e+00,1.921555638313293457e+00,1.771961212158203125e+00,1.487818002700805664e+00,1.284645795822143555e+00,1.249256253242492676e+00,1.036160707473754883e+00,1.268839120864868164e+00,1.221809983253479004e+00,1.508092403411865234e+00,1.504014015197753906e+00,1.773962497711181641e+00,1.874162435531616211e+00,2.615144014358520508e+00,2.778801202774047852e+00,2.529604196548461914e+00,2.244751453399658203e+00,2.125373840332031250e+00,1.934979438781738281e+00,1.758668780326843262e+00,1.740646123886108398e+00,1.527400135993957520e+00,1.736034989356994629e+00,1.666289210319519043e+00,1.920192837715148926e+00,1.927233338356018066e+00,2.152262449264526367e+00,2.242926597595214844e+00,2.964925289154052734e+00,3.112570285797119141e+00,2.898044824600219727e+00,2.655684947967529297e+00,2.563960075378417969e+00,2.519140243530273438e+00,2.323996543884277344e+00,2.347845315933227539e+00,2.080661058425903320e+00,2.235511064529418945e+00,2.157024383544921875e+00,2.378203392028808594e+00,2.392094850540161133e+00,2.574202060699462891e+00,2.651864528656005859e+00
2.563529253005981445e+00,2.465171337127685547e+00,2.130415916442871094e+00,1.798763275146484375e+00,1.629809975624084473e+00,1.347316861152648926e+00,1.049598217010498047e+00,7.123962044715881348e-01,3.803954720497131348e-01,0.000000000000000000e+00,3.770632147789001465e-01,7.550183534622192383e-01,8.778601884841918945e-01,1.258435726165771484e+00,1.411990284919738770e+00,2.368715763092041016e+00,2.532765865325927734e+00,2.213758468627929688e+00,1.846987962722778320e+00,1.672574639320373535e+00,1.296548962593078613e+00,1.105720162391662598e+00,8.479878902435302734e-01,4.810852706432342529e-01,5.384613275527954102e-01,5.402239561080932617e-01,9.110705256462097168e-01,1.011093616485595703e+00,1.368338346481323242e+00,1.557927250862121582e+00,2.471380233764648438e+00,2.651051044464111328e+00,2.367227554321289062e+00,2.013780593872070312e+00,1.877878665924072266e+00,1.543194532394409180e+00,1.352902293205261230e+00,1.214340686798095703e+00,9.080680012702941895e-01,1.032392978668212891e+00,9.480873346328735352e-01,1.246835112571716309e+00,1.324149370193481445e+00,1.615980148315429688e+00,1.786913156509399414e+00,2.657760620117187500e+00,2.849860429763793945e+00,2.595584630966186523e+00,2.276478290557861328e+00,2.169468641281127930e+00,1.921413183212280273e+00,1.749269008636474609e+00,1.654290437698364258e+00,1.374208092689514160e+00,1.508239030838012695e+00,1.406445264816284180e+00,1.660375952720642090e+00,1.728012561798095703e+00,1.967658638954162598e+00,2.116349458694458008e+00,2.956074476242065430e+00,3.138183593750000000e+00,2.918468475341796875e+00,2.640178918838500977e+00,2.563586950302124023e+00,2.466068029403686523e+00,2.259980201721191406e+00,2.224084615707397461e+00,1.913926959037780762e+00,2.010511398315429688e+00,1.902718901634216309e+00,2.119007825851440430e+00,2.180731058120727539e+00,2.369886159896850586e+00,2.495656251907348633e+00
2.589407444000244141e+00,2.481175422668457031e+00,2.179390668869018555e+00,1.825517654418945312e+00,1.732844233512878418e+00,1.459245443344116211e+00,1.227379322052001953e+00,9.718467593193054199e-01,6.299802064895629883e-01,3.770632147789001465e-01,0.000000000000000000e+00,4.111445844173431396e-01,6.147683262825012207e-01,9.899237155914306641e-01,1.219564437866210938e+00,2.314705848693847656e+00,2.526829481124877930e+00,2.241183519363403320e+00,1.866014719009399414e+00,1.765903949737548828e+00,1.388974308967590332e+00,1.299347877502441406e+00,1.083761930465698242e+00,7.198423147201538086e-01,7.056894898414611816e-01,4.678217172622680664e-01,7.051649689674377441e-01,8.309375643730163574e-01,1.143630862236022949e+00,1.381506323814392090e+00,2.410267591476440430e+00,2.637408971786499023e+00,2.389443397521972656e+00,2.035249948501586914e+00,1.968953967094421387e+00,1.638376593589782715e+00,1.532319307327270508e+00,1.411567211151123047e+00,1.084494829177856445e+00,1.153921127319335938e+00,9.400876164436340332e-01,1.130019783973693848e+00,1.213094830513000488e+00,1.444913387298583984e+00,1.642993927001953125e+00,2.602332830429077148e+00,2.837674617767333984e+00,2.619773626327514648e+00,2.302426815032958984e+00,2.258178710937500000e+00,2.011089801788330078e+00,1.906301379203796387e+00,1.817300677299499512e+00,1.516500353813171387e+00,1.611331701278686523e+00,1.419465661048889160e+00,1.590753436088562012e+00,1.659585237503051758e+00,1.842255234718322754e+00,2.005634546279907227e+00,2.918913125991821289e+00,3.138600826263427734e+00,2.953580379486083984e+00,2.678673028945922852e+00,2.656217575073242188e+00,2.563531875610351562e+00,2.399310827255249023e+00,2.356950044631958008e+00,2.035495996475219727e+00,2.102543354034423828e+00,1.926965594291687012e+00,2.077481269836425781e+00,2.140041112899780273e+00,2.277297735214233398e+00,2.411553382873535156e+00
2.556693077087402344e+00,2.412969350814819336e+00,2.148217201232910156e+00,1.793966054916381836e+00,1.783712863922119141e+00,1.559767961502075195e+00,1.417182087898254395e+00,1.242813348770141602e+00,9.591461420059204102e-01,7.550183534622192383e-01,4.111445844173431396e-01,0.000000000000000000e+00,3.751873970031738281e-01,6.672883629798889160e-01,9.708728194236755371e-01,2.153853893280029297e+00,2.399744272232055664e+00,2.149087190628051758e+00,1.776239633560180664e+00,1.754581689834594727e+00,1.396973371505737305e+00,1.420329809188842773e+00,1.249243736267089844e+00,9.372291564941406250e-01,8.954053521156311035e-01,5.318990349769592285e-01,4.762743413448333740e-01,5.730483531951904297e-01,8.026683330535888672e-01,1.086807012557983398e+00,2.206557750701904297e+00,2.474164485931396484e+00,2.263448715209960938e+00,1.914369225502014160e+00,1.922602891921997070e+00,1.606509566307067871e+00,1.598981380462646484e+00,1.505373239517211914e+00,1.194029927253723145e+00,1.233079195022583008e+00,9.168944358825683594e-01,9.495615363121032715e-01,9.952787756919860840e-01,1.142744898796081543e+00,1.354884624481201172e+00,2.381704807281494141e+00,2.656518220901489258e+00,2.476963520050048828e+00,2.165597677230834961e+00,2.189213991165161133e+00,1.950272202491760254e+00,1.925881385803222656e+00,1.856795549392700195e+00,1.561882853507995605e+00,1.637008309364318848e+00,1.365239024162292480e+00,1.431482195854187012e+00,1.468591928482055664e+00,1.578966498374938965e+00,1.740290164947509766e+00,2.702525615692138672e+00,2.957355022430419922e+00,2.809624195098876953e+00,2.542744636535644531e+00,2.579168796539306641e+00,2.497520685195922852e+00,2.387932777404785156e+00,2.352457284927368164e+00,2.040090084075927734e+00,2.096686363220214844e+00,1.860020518302917480e+00,1.932116031646728516e+00,1.968486547470092773e+00,2.044107437133789062e+00,2.169533491134643555e+00
2.195310115814208984e+00,2.054742336273193359e+00,1.806752681732177734e+00,1.448761224746704102e+00,1.479859352111816406e+00,1.277788877487182617e+00,1.208864212036132812e+00,1.136651992797851562e+00,9.369901418685913086e-01,8.778601884841918945e-01,6.147683262825012207e-01,3.751873970031738281e-01,0.000000000000000000e+00,3.851582109928131104e-01,6.212030053138732910e-01,1.802361965179443359e+00,2.062514543533325195e+00,1.830736041069030762e+00,1.466331958770751953e+00,1.485572099685668945e+00,1.156405687332153320e+00,1.249113321304321289e+00,1.185184121131896973e+00,9.519136548042297363e-01,1.045941591262817383e+00,7.394762635231018066e-01,6.665354371070861816e-01,5.175651311874389648e-01,6.748108863830566406e-01,8.491304516792297363e-01,1.905834794044494629e+00,2.179091930389404297e+00,1.990206718444824219e+00,1.663988590240478516e+00,1.705062985420227051e+00,1.438030838966369629e+00,1.478547930717468262e+00,1.481461048126220703e+00,1.241667151451110840e+00,1.378944635391235352e+00,1.090894699096679688e+00,1.103299856185913086e+00,1.016046643257141113e+00,1.111308574676513672e+00,1.221828341484069824e+00,2.141823530197143555e+00,2.410856723785400391e+00,2.253479480743408203e+00,1.975255131721496582e+00,2.022907972335815430e+00,1.841559052467346191e+00,1.852833390235900879e+00,1.863145709037780762e+00,1.627536773681640625e+00,1.777011632919311523e+00,1.522778511047363281e+00,1.574047565460205078e+00,1.520917773246765137e+00,1.594271659851074219e+00,1.675356745719909668e+00,2.526116847991943359e+00,2.762897253036499023e+00,2.636808395385742188e+00,2.408294916152954102e+00,2.457877874374389648e+00,2.433890342712402344e+00,2.358740091323852539e+00,2.385519266128540039e+00,2.116445064544677734e+00,2.233719348907470703e+00,2.012715578079223633e+00,2.073910713195800781e+00,2.041701555252075195e+00,2.092286109924316406e+00,2.152693271636962891e+00
2.113003492355346680e+00,1.944996595382690430e+00,1.754332423210144043e+00,1.416536331176757812e+00,1.543702006340026855e+00,1.410325765609741211e+00,1.438025712966918945e+00,1.443915605545043945e+00,1.295840263366699219e+00,1.258435726165771484e+00,9.899237155914306641e-01,6.672883629798889160e-01,3.851582109928131104e-01,0.000000000000000000e+00,3.732342720031738281e-01,1.604976654052734375e+00,1.903569579124450684e+00,1.728444337844848633e+00,1.392440676689147949e+00,1.509532332420349121e+00,1.243876576423645020e+00,1.440389037132263184e+00,1.440179705619812012e+00,1.270208358764648438e+00,1.361080408096313477e+00,1.046540141105651855e+00,8.402061462402343750e-01,5.971124172210693359e-01,5.032204985618591309e-01,6.102654933929443359e-01,1.687446713447570801e+00,2.001966476440429688e+00,1.870336055755615234e+00,1.576840877532958984e+00,1.704775214195251465e+00,1.491670846939086914e+00,1.626661062240600586e+00,1.677969813346862793e+00,1.484368085861206055e+00,1.615833044052124023e+00,1.301499128341674805e+00,1.200276255607604980e+00,1.036018848419189453e+00,9.954636096954345703e-01,1.042796015739440918e+00,1.933980703353881836e+00,2.235825538635253906e+00,2.133000850677490234e+00,1.887078046798706055e+00,2.008059978485107422e+00,1.867146730422973633e+00,1.957469701766967773e+00,2.008589029312133789e+00,1.807470560073852539e+00,1.956527590751647949e+00,1.668734073638916016e+00,1.633115291595458984e+00,1.520855903625488281e+00,1.502050638198852539e+00,1.533413171768188477e+00,2.347832441329956055e+00,2.606240510940551758e+00,2.529164552688598633e+00,2.331765651702880859e+00,2.438933610916137695e+00,2.448463439941406250e+00,2.433439493179321289e+00,2.486276149749755859e+00,2.247579336166381836e+00,2.371850252151489258e+00,2.120070219039916992e+00,2.114256620407104492e+00,2.035400390625000000e+00,2.017779111862182617e+00,2.037438869476318359e+00
1.760671019554138184e+00,1.577689051628112793e+00,1.405080199241638184e+00,1.083038210868835449e+00,1.264127135276794434e+00,1.194192767143249512e+00,1.313195586204528809e+00,1.412949562072753906e+00,1.361746788024902344e+00,1.411990284919738770e+00,1.219564437866210938e+00,9.708728194236755371e-01,6.212030053138732910e-01,3.732342720031738281e-01,0.000000000000000000e+00,1.236713528633117676e+00,1.540516376495361328e+00,1.383040785789489746e+00,1.067371726036071777e+00,1.236749172210693359e+00,1.038053393363952637e+00,1.305103302001953125e+00,1.405594825744628906e+00,1.328409194946289062e+00,1.500091910362243652e+00,1.251051783561706543e+00,1.088747143745422363e+00,7.585711479187011719e-01,6.395612359046936035e-01,5.041635632514953613e-01,1.369757771492004395e+00,1.678499341011047363e+00,1.566585898399353027e+00,1.308119654655456543e+00,1.467968225479125977e+00,1.325778007507324219e+00,1.506106853485107422e+00,1.644821763038635254e+00,1.531357169151306152e+00,1.732812166213989258e+00,1.468900799751281738e+00,1.388146281242370605e+00,1.140456676483154297e+00,1.083628296852111816e+00,9.999169111251831055e-01,1.682627320289611816e+00,1.963010907173156738e+00,1.878139019012451172e+00,1.674836993217468262e+00,1.811231493949890137e+00,1.737663269042968750e+00,1.856554865837097168e+00,1.981083512306213379e+00,1.845749974250793457e+00,2.055446624755859375e+00,1.806204199790954590e+00,1.781647205352783203e+00,1.599939942359924316e+00,1.569919466972351074e+00,1.513846993446350098e+00,2.155662775039672852e+00,2.381041765213012695e+00,2.319655656814575195e+00,2.165718078613281250e+00,2.275177717208862305e+00,2.342279911041259766e+00,2.356672763824462891e+00,2.468414545059204102e+00,2.278531074523925781e+00,2.457887411117553711e+00,2.238459587097167969e+00,2.240783929824829102e+00,2.104024410247802734e+00,2.081797361373901367e+00,2.035623311996459961e+00
9.640290737152099609e-01,6.153767704963684082e-01,7.179223895072937012e-01,7.908710241317749023e-01,1.136105060577392578e+00,1.391288995742797852e+00,1.734716415405273438e+00,2.024054050445556641e+00,2.191395998001098633e+00,2.368715763092041016e+00,2.314705848693847656e+00,2.153853893280029297e+00,1.802361965179443359e+00,1.604976654052734375e+00,1.236713528633117676e+00,0.000000000000000000e+00,3.849626183509826660e-01,5.513437986373901367e-01,6.798342466354370117e-01,1.044103264808654785e+00,1.259087443351745605e+00,1.625301957130432129e+00,1.942809581756591797e+00,2.101402282714843750e+00,2.370428562164306641e+00,2.265948295593261719e+00,2.154571056365966797e+00,1.781996965408325195e+00,1.643342137336730957e+00,1.280143618583679199e+00,5.862682461738586426e-01,7.469299435615539551e-01,8.564146757125854492e-01,9.532552361488342285e-01,1.229967117309570312e+00,1.438108921051025391e+00,1.730324268341064453e+00,2.067566871643066406e+00,2.184699535369873047e+00,2.481974840164184570e+00,2.350440979003906250e+00,2.285582542419433594e+00,1.932247042655944824e+00,1.833920717239379883e+00,1.511723637580871582e+00,1.131763339042663574e+00,1.236409306526184082e+00,1.296124219894409180e+00,1.366304516792297363e+00,1.563580393791198730e+00,1.765965819358825684e+00,1.984100937843322754e+00,2.301008701324462891e+00,2.374697923660278320e+00,2.686267852783203125e+00,2.547395229339599609e+00,2.520708322525024414e+00,2.204641580581665039e+00,2.130467653274536133e+00,1.861551284790039062e+00,1.734885573387145996e+00,1.790805101394653320e+00,1.830606698989868164e+00,1.891021132469177246e+00,2.019297838211059570e+00,2.284241199493408203e+00,2.421622276306152344e+00,2.698812484741210938e+00,2.685612201690673828e+00,2.983429670333862305e+00,2.858262538909912109e+00,2.855508804321289062e+00,2.578946352005004883e+00,2.527517795562744141e+00,2.299389123916625977e+00
9.667760133743286133e-01,5.700795054435729980e-01,6.825736165046691895e-01,9.029124975204467773e-01,1.168735027313232422e+00,1.486903786659240723e+00,1.832457900047302246e+00,2.126693010330200195e+00,2.342498302459716797e+00,2.532765865325927734e+00,2.526829481124877930e+00,2.399744272232055664e+00,2.062514543533325195e+00,1.903569579124450684e+00,1.540516376495361328e+00,3.849626183509826660e-01,0.000000000000000000e+00,3.834732472896575928e-01,7.063856124877929688e-01,1.002924442291259766e+00,1.309482097625732422e+00,1.651448488235473633e+00,1.992218971252441406e+00,2.211298942565917969e+00,2.490002155303955078e+00,2.438794612884521484e+00,2.357069015502929688e+00,1.991087436676025391e+00,1.888703465461730957e+00,1.527580022811889648e+00,6.055892109870910645e-01,5.382359027862548828e-01,6.606462597846984863e-01,8.842766284942626953e-01,1.117848515510559082e+00,1.411806941032409668e+00,1.698044180870056152e+00,2.064668893814086914e+00,2.244703054428100586e+00,2.557577848434448242e+00,2.478790521621704102e+00,2.439766407012939453e+00,2.081468105316162109e+00,2.014429330825805664e+00,1.678357362747192383e+00,1.073650598526000977e+00,1.054265499114990234e+00,1.104815006256103516e+00,1.251583695411682129e+00,1.412633895874023438e+00,1.683913826942443848e+00,1.899974822998046875e+00,2.255183219909667969e+00,2.388851404190063477e+00,2.722113847732543945e+00,2.631975650787353516e+00,2.627637147903442383e+00,2.296410560607910156e+00,2.247838973999023438e+00,1.954359412193298340e+00,1.631544828414916992e+00,1.604946136474609375e+00,1.634026885032653809e+00,1.745876789093017578e+00,1.841341376304626465e+00,2.150045871734619141e+00,2.301965236663818359e+00,2.617992877960205078e+00,2.656524181365966797e+00,2.984223365783691406e+00,2.903089761734008789e+00,2.921076774597167969e+00,2.622902154922485352e+00,2.595017194747924805e+00,2.339177608489990234e+00
1.045512914657592773e+00,6.674207448959350586e-01,5.429755449295043945e-01,7.037122249603271484e-01,8.885512948036193848e-01,1.210410952568054199e+00,1.527410149574279785e+00,1.796828746795654297e+00,2.026664018630981445e+00,2.213758468627929688e+00,2.241183519363403320e+00,2.149087190628051758e+00,1.830736041069030762e+00,1.728444337844848633e+00,1.383040785789489746e+00,5.513437986373901367e-01,3.834732472896575928e-01,0.000000000000000000e+00,3.784228563308715820e-01,6.247538328170776367e-01,9.514165520668029785e-01,1.283054471015930176e+00,1.624031424522399902e+00,1.864743828773498535e+00,2.148481607437133789e+00,2.130682468414306641e+00,2.086100339889526367e+00,1.732981085777282715e+00,1.690761089324951172e+00,1.356497406959533691e+00,6.811722517013549805e-01,6.259942650794982910e-01,5.012308955192565918e-01,6.049142479896545410e-01,7.669001221656799316e-01,1.053718805313110352e+00,1.319356203079223633e+00,1.692876696586608887e+00,1.885812401771545410e+00,2.211412191390991211e+00,2.161170959472656250e+00,2.161699295043945312e+00,1.815862536430358887e+00,1.807201504707336426e+00,1.500107407569885254e+00,1.077427268028259277e+00,1.070081949234008789e+00,9.873158335685729980e-01,1.040146946907043457e+00,1.129351735115051270e+00,1.372648596763610840e+00,1.549332976341247559e+00,1.903557062149047852e+00,2.037630558013916016e+00,2.384182453155517578e+00,2.318158388137817383e+00,2.353560924530029297e+00,2.038127660751342773e+00,2.043192386627197266e+00,1.780738472938537598e+00,1.593371272087097168e+00,1.581565260887145996e+00,1.524726748466491699e+00,1.567152976989746094e+00,1.608483314514160156e+00,1.887689352035522461e+00,1.995174765586853027e+00,2.303467988967895508e+00,2.327586412429809570e+00,2.662828207015991211e+00,2.601431369781494141e+00,2.656891345977783203e+00,2.377703428268432617e+00,2.396133422851562500e+00,2.170994758605957031e+00
1.194354176521301270e+00,8.713511824607849121e-01,6.248655319213867188e-01,5.634521245956420898e-01,7.157994508743286133e-01,9.684068560600280762e-01,1.246664881706237793e+00,1.479522585868835449e+00,1.679423570632934570e+00,1.846987962722778320e+00,1.866014719009399414e+00,1.776239633560180664e+00,1.466331958770751953e+00,1.392440676689147949e+00,1.067371726036071777e+00,6.798342466354370117e-01,7.063856124877929688e-01,3.784228563308715820e-01,0.000000000000000000e+00,3.848012983798980713e-01,6.115660071372985840e-01,9.799188375473022461e-01,1.296382546424865723e+00,1.507226228713989258e+00,1.786006927490234375e+00,1.754841566085815430e+00,1.717407107353210449e+00,1.367550611495971680e+00,1.357922673225402832e+00,1.051377534866333008e+00,7.865359783172607422e-01,8.663057684898376465e-01,6.506987810134887695e-01,5.026614069938659668e-01,6.317569613456726074e-01,7.922098636627197266e-01,1.052977085113525391e+00,1.402569055557250977e+00,1.551382541656494141e+00,1.875412106513977051e+00,1.805796742439270020e+00,1.818815708160400391e+00,1.484644770622253418e+00,1.507264137268066406e+00,1.239596366882324219e+00,1.145432353019714355e+00,1.231216788291931152e+00,1.084975719451904297e+00,1.000219941139221191e+00,1.065606713294982910e+00,1.206025123596191406e+00,1.352256417274475098e+00,1.665802001953125000e+00,1.746522903442382812e+00,2.085799694061279297e+00,1.998890638351440430e+00,2.049083471298217773e+00,1.757729887962341309e+00,1.790035843849182129e+00,1.575055718421936035e+00,1.643387913703918457e+00,1.702870726585388184e+00,1.602561473846435547e+00,1.553337812423706055e+00,1.585201144218444824e+00,1.796067357063293457e+00,1.856978654861450195e+00,2.121268987655639648e+00,2.089784860610961914e+00,2.405174493789672852e+00,2.323181152343750000e+00,2.391760110855102539e+00,2.144689321517944336e+00,2.182828187942504883e+00,2.005043029785156250e+00
1.340850353240966797e+00,1.076683282852172852e+00,7.380663156509399414e-01,6.646874547004699707e-01,5.846873521804809570e-01,8.207500576972961426e-01,1.034434676170349121e+00,1.237620472908020020e+00,1.487904906272888184e+00,1.672574639320373535e+00,1.765903949737548828e+00,1.754581689834594727e+00,1.485572099685668945e+00,1.509532332420349121e+00,1.236749172210693359e+00,1.044103264808654785e+00,1.002924442291259766e+00,6.247538328170776367e-01,3.848012983798980713e-01,0.000000000000000000e+00,3.830853402614593506e-01,6.654934287071228027e-01,1.012786507606506348e+00,1.286538600921630859e+00,1.589330673217773438e+00,1.635372281074523926e+00,1.679874897003173828e+00,1.373096227645874023e+00,1.464725732803344727e+00,1.228811860084533691e+00,1.126170992851257324e+00,1.132638454437255859e+00,8.270249962806701660e-01,6.186079382896423340e-01,4.828431010246276855e-01,5.949609875679016113e-01,7.428074479103088379e-01,1.124541521072387695e+00,1.318660855293273926e+00,1.675567746162414551e+00,1.676108717918395996e+00,1.769119501113891602e+00,1.474381923675537109e+00,1.589607834815979004e+00,1.382088780403137207e+00,1.390597224235534668e+00,1.426000714302062988e+00,1.190069198608398438e+00,1.048022150993347168e+00,9.678653478622436523e-01,1.068180918693542480e+00,1.108631014823913574e+00,1.426076173782348633e+00,1.527074813842773438e+00,1.894811987876892090e+00,1.868938446044921875e+00,1.991520166397094727e+00,1.734296321868896484e+00,1.846364140510559082e+00,1.676927685737609863e+00,1.798674821853637695e+00,1.828127741813659668e+00,1.652807712554931641e+00,1.558099150657653809e+00,1.497187018394470215e+00,1.674653053283691406e+00,1.665691256523132324e+00,1.927949309349060059e+00,1.894487857818603516e+00,2.228464841842651367e+00,2.196843147277832031e+00,2.328192472457885742e+00,2.109601020812988281e+00,2.213990449905395508e+00,2.070981740951538086e+00
1.572252392768859863e+00,1.349733352661132812e+00,1.001515150070190430e+00,7.863272428512573242e-01,6.618808507919311523e-01,7.169685959815979004e-01,8.169332742691040039e-01,9.364491701126098633e-01,1.139962553977966309e+00,1.296548962593078613e+00,1.388974308967590332e+00,1.396973371505737305e+00,1.156405687332153320e+00,1.243876576423645020e+00,1.038053393363952637e+00,1.259087443351745605e+00,1.309482097625732422e+00,9.514165520668029785e-01,6.115660071372985840e-01,3.830853402614593506e-01,0.000000000000000000e+00,3.953062295913696289e-01,6.885911822319030762e-01,9.167450070381164551e-01,1.222058176994323730e+00,1.258710980415344238e+00,1.332340359687805176e+00,1.050635337829589844e+00,1.210733532905578613e+00,1.054026007652282715e+00,1.331999659538269043e+00,1.418287158012390137e+00,1.114288091659545898e+00,8.092658519744873047e-01,6.705319285392761230e-01,5.247039794921875000e-01,5.809971094131469727e-01,8.890719413757324219e-01,9.998404979705810547e-01,1.358975529670715332e+00,1.337192058563232422e+00,1.462396025657653809e+00,1.204443931579589844e+00,1.373234272003173828e+00,1.244594454765319824e+00,1.566349148750305176e+00,1.670409321784973145e+00,1.421378850936889648e+00,1.191509962081909180e+00,1.104484677314758301e+00,1.065437912940979004e+00,1.046484112739562988e+00,1.276024341583251953e+00,1.288279294967651367e+00,1.639301180839538574e+00,1.587882280349731445e+00,1.737127900123596191e+00,1.527212619781494141e+00,1.676411271095275879e+00,1.578837752342224121e+00,1.946663737297058105e+00,2.036790132522583008e+00,1.843611359596252441e+00,1.676376819610595703e+00,1.616304755210876465e+00,1.708636879920959473e+00,1.644417405128479004e+00,1.837360382080078125e+00,1.728997588157653809e+00,2.027391195297241211e+00,1.970319151878356934e+00,2.119664192199707031e+00,1.950769305229187012e+00,2.077492237091064453e+00,1.996493339538574219e+00
