,A1,A2,A3,A4,A5,A6,A7,A8,A9,A10,A11,A12,A13,A14,A15,B1,B2,B3,B4,B5,B6,B7,B8,B9,B10,B11,B12,B13,B14,B15,C1,C2,C3,C4,C5,C6,C7,C8,C9,C10,C11,C12,C13,C14,C15,D1,D2,D3,D4,D5,D6,D7,D8,D9,D10,D11,D12,D13,D14,D15,E1,E2,E3,E4,E5,E6,E7,E8,E9,E10,E11,E12,E13,E14,E15
A1,0.0,0.3900107443332672,0.6536340117454529,0.9429861903190613,1.264172911643982,1.5512629747390747,1.9111779928207397,2.1384963989257812,2.4968271255493164,2.747607469558716,2.862602472305298,2.9418976306915283,2.6329545974731445,2.587204933166504,2.2155847549438477,0.8179416656494141,0.7879542708396912,0.9465302228927612,1.1837716102600098,1.404505729675293,1.7139707803726196,2.021056890487671,2.2900640964508057,2.5774381160736084,2.8803369998931885,2.944087266921997,3.0673105716705322,2.7673447132110596,2.843947410583496,2.539358377456665,1.5466217994689941,1.447297215461731,1.50229012966156,1.6232125759124756,1.7578791379928589,2.0315163135528564,2.270538091659546,2.553004026412964,2.731823444366455,3.0723068714141846,3.1233909130096436,3.288849115371704,3.0231873989105225,3.1667799949645996,2.9085021018981934,2.1309890747070312,2.071841239929199,2.0768790245056152,2.151806116104126,2.2457776069641113,2.4786057472229004,2.6724462509155273,2.932419538497925,3.0027215480804443,3.381110429763794,3.431016206741333,3.6431264877319336,3.4261422157287598,3.6117992401123047,3.4034440517425537,2.834486246109009,2.766448736190796,2.7640841007232666,2.808506965637207,2.8685038089752197,3.0984981060028076,3.2074875831604004,3.509594202041626,3.437270164489746,3.790367364883423,3.8336992263793945,4.180508136749268,4.272586822509766,4.5260539054870605,4.7425150871276855
A2,0.3900107443332672,0.0,0.3820343017578125,0.5785391926765442,0.917618453502655,1.1824233531951904,1.5459903478622437,1.7755995988845825,2.1244375705718994,2.390087604522705,2.5062146186828613,2.604461193084717,2.297452926635742,2.2820913791656494,1.921504259109497,0.7039687037467957,0.8230570554733276,0.8613693118095398,0.9719860553741455,1.18074631690979,1.4384238719940186,1.7316923141479492,1.9879440069198608,2.247295379638672,2.5648326873779297,2.626737356185913,2.7700257301330566,2.4842514991760254,2.58809757232666,2.3107523918151855,1.5149688720703125,1.4945827722549438,1.4802850484848022,1.5067927837371826,1.6242164373397827,1.8368144035339355,2.0534884929656982,2.3112504482269287,2.449023485183716,2.7974469661712646,2.8437113761901855,3.0271477699279785,2.7824437618255615,2.947432041168213,2.7205934524536133,2.113701343536377,2.1138243675231934,2.073474645614624,2.078841209411621,2.1600077152252197,2.339348554611206,2.5096144676208496,2.7415707111358643,2.7692720890045166,3.1446518898010254,3.1865415573120117,3.413308620452881,3.2230451107025146,3.423278331756592,3.2475273609161377,2.826380729675293,2.805673122406006,2.7743308544158936,2.76593017578125,2.819178581237793,3.005521535873413,3.094386577606201,3.368788957595825,3.256986618041992,3.5926105976104736,3.616091012954712,3.9545745849609375,4.0634613037109375,4.299600124359131,4.533458709716797
A3,0.6536340117454529,0.3820343017578125,0.0,0.38698822259902954,0.626531183719635,0.9523882865905762,1.2861347198486328,1.5364561080932617,1.8922719955444336,2.13547945022583,2.2876386642456055,2.40631103515625,2.1345651149749756,2.1555113792419434,1.808030605316162,0.725689709186554,0.7868399620056152,0.6441423296928406,0.6919417977333069,0.8230381011962891,1.1066938638687134,1.3836292028427124,1.667378544807434,1.943872094154358,2.2593283653259277,2.35506272315979,2.5205037593841553,2.2601394653320312,2.4014532566070557,2.143395185470581,1.4044265747070312,1.3743631839752197,1.2638790607452393,1.2355926036834717,1.2922804355621338,1.4972354173660278,1.6897225379943848,1.9637678861618042,2.1104042530059814,2.4647719860076904,2.540011405944824,2.744762897491455,2.5200796127319336,2.7164392471313477,2.5071544647216797,1.9517079591751099,1.9506046772003174,1.8464034795761108,1.8110402822494507,1.8480240106582642,2.01375412940979,2.1571366786956787,2.3973445892333984,2.4191505908966064,2.79839825630188,2.8636059761047363,3.1082334518432617,2.9329941272735596,3.1582589149475098,2.9972331523895264,2.6196203231811523,2.6055755615234375,2.530940294265747,2.4922502040863037,2.515043020248413,2.6844942569732666,2.749354600906372,3.0208911895751953,2.901639223098755,3.2348954677581787,3.2725677490234375,3.6182143688201904,3.7418558597564697,3.9877803325653076,4.232751846313477
A4,0.9429861903190613,0.5785391926765442,0.38698822259902954,0.0,0.38880181312561035,0.6084386110305786,0.9782280325889587,1.1999928951263428,1.5538914203643799,1.8128637075424194,1.942757487297058,2.0652291774749756,1.783113718032837,1.8226131200790405,1.4886177778244019,0.7516674995422363,0.9660115242004395,0.793544590473175,0.6469647288322449,0.7891860008239746,0.9362297058105469,1.208053469657898,1.4397797584533691,1.6763547658920288,2.001610279083252,2.0693883895874023,2.240060329437256,1.9838054180145264,2.137660503387451,1.9080184698104858,1.4313843250274658,1.5046695470809937,1.3734532594680786,1.2499746084213257,1.3230700492858887,1.4284156560897827,1.608719825744629,1.8242324590682983,1.915104627609253,2.267064094543457,2.3118021488189697,2.519151210784912,2.3081002235412598,2.509732484817505,2.332045316696167,1.981087565422058,2.0550014972686768,1.938889741897583,1.8396520614624023,1.8922972679138184,1.9867746829986572,2.1198220252990723,2.3080861568450928,2.2840960025787354,2.6510703563690186,2.685110569000244,2.929856538772583,2.7766036987304688,3.0003421306610107,2.8712964057922363,2.6596333980560303,2.7025539875030518,2.623047351837158,2.537595272064209,2.5765795707702637,2.6961863040924072,2.756767511367798,2.988415479660034,2.8287439346313477,3.1394121646881104,3.1386375427246094,3.465634346008301,3.5941057205200195,3.812002420425415,4.066235542297363
A5,1.264172911643982,0.917618453502655,0.626531183719635,0.38880181312561035,0.0,0.3907261788845062,0.6650810241699219,0.9555465579032898,1.2872328758239746,1.5449285507202148,1.7333968877792358,1.9104819297790527,1.682627558708191,1.7965177297592163,1.5092175006866455,1.075380802154541,1.2356756925582886,0.9563647508621216,0.7086735367774963,0.6489578485488892,0.718614935874939,0.894619882106781,1.161392331123352,1.374422550201416,1.7206411361694336,1.8414647579193115,2.0649285316467285,1.8636656999588013,2.080514669418335,1.903138279914856,1.602340579032898,1.672167420387268,1.4532825946807861,1.2508184909820557,1.2189382314682007,1.254490852355957,1.3524625301361084,1.5665658712387085,1.6205267906188965,1.9897335767745972,2.0771567821502686,2.3298263549804688,2.168248414993286,2.4186344146728516,2.2868685722351074,2.0735104084014893,2.1524734497070312,1.9682961702346802,1.8091182708740234,1.793933629989624,1.8396717309951782,1.9084728956222534,2.087460994720459,2.018432855606079,2.383864402770996,2.449385166168213,2.728884220123291,2.617640972137451,2.877880096435547,2.787137508392334,2.6825461387634277,2.739055633544922,2.6080400943756104,2.477475643157959,2.4715051651000977,2.550980567932129,2.5638277530670166,2.7751712799072266,2.5843617916107178,2.875194787979126,2.8856394290924072,3.2150216102600098,3.3763232231140137,3.594484567642212,3.873041868209839
A6,1.5512629747390747,1.1824233531951904,0.9523882865905762,0.6084386110305786,0.3907261788845062,0.0,0.39399275183677673,0.6032958626747131,0.9463639259338379,1.2164617776870728,1.3705556392669678,1.5484914779663086,1.3145947456359863,1.4577075242996216,1.2054342031478882,1.2052481174468994,1.4418977499008179,1.1804797649383545,0.8498744368553162,0.8233296275138855,0.6908630132675171,0.8294981122016907,0.9778371453285217,1.126221776008606,1.4729951620101929,1.5481181144714355,1.7711817026138306,1.5783851146697998,1.8075246810913086,1.6722493171691895,1.6666691303253174,1.8201323747634888,1.6055184602737427,1.3421567678451538,1.3433079719543457,1.2707403898239136,1.3575164079666138,1.478576898574829,1.462332844734192,1.8124641180038452,1.8521552085876465,2.0979840755462646,1.9526911973953247,2.2016115188598633,2.108327627182007,2.114241123199463,2.260793447494507,2.0797390937805176,1.871915340423584,1.883646845817566,1.855686068534851,1.920533299446106,2.0309665203094482,1.917148470878601,2.257129430770874,2.277440309524536,2.5467183589935303,2.4578654766082764,2.707977294921875,2.6515471935272217,2.7171597480773926,2.828263282775879,2.7020599842071533,2.533013105392456,2.551833391189575,2.581475257873535,2.5988693237304688,2.763160228729248,2.536869525909424,2.7992677688598633,2.7616779804229736,3.0641205310821533,3.2226202487945557,3.4071152210235596,3.6895437240600586
A7,1.9111779928207397,1.5459903478622437,1.2861347198486328,0.9782280325889587,0.6650810241699219,0.39399275183677673,0.0,0.3822804093360901,0.6346985101699829,0.916108250617981,1.145011067390442,1.4003015756607056,1.2518279552459717,1.4873629808425903,1.3224817514419556,1.58089017868042,1.7897272109985352,1.487497329711914,1.1348364353179932,0.9929183721542358,0.7537561655044556,0.6924270987510681,0.7929561138153076,0.8317655324935913,1.2064625024795532,1.3353105783462524,1.624124526977539,1.5154922008514404,1.8089492321014404,1.7505266666412354,1.9471147060394287,2.101189374923706,1.8381444215774536,1.5275365114212036,1.4506983757019043,1.2887966632843018,1.2670531272888184,1.3348901271820068,1.229264736175537,1.5816401243209839,1.656151294708252,1.950162649154663,1.876575231552124,2.169844627380371,2.140840768814087,2.319387435913086,2.475957155227661,2.2488040924072266,1.9915026426315308,1.9484038352966309,1.8552007675170898,1.8466112613677979,1.9173752069473267,1.7344036102294922,2.051223039627075,2.0921566486358643,2.3935863971710205,2.3637447357177734,2.644063949584961,2.6400766372680664,2.8472912311553955,2.9781081676483154,2.8119282722473145,2.599011182785034,2.5811543464660645,2.5578818321228027,2.526608943939209,2.650485038757324,2.382476329803467,2.605618953704834,2.564385414123535,2.8549928665161133,3.0490357875823975,3.2193071842193604,3.5278005599975586
A8,2.1384963989257812,1.7755995988845825,1.5364561080932617,1.1999928951263428,0.9555465579032898,0.6032958626747131,0.3822804093360901,0.0,0.39476993680000305,0.6177464127540588,0.7836960554122925,1.0187220573425293,0.8822755217552185,1.1485354900360107,1.0465298891067505,1.676607608795166,1.9145007133483887,1.6304951906204224,1.2487303018569946,1.1570628881454468,0.8234661817550659,0.7692673206329346,0.6746727824211121,0.638721764087677,0.9681206345558167,1.0153526067733765,1.2842153310775757,1.182525396347046,1.4830516576766968,1.4728084802627563,1.9342120885849,2.1492257118225098,1.8987329006195068,1.557632327079773,1.526075839996338,1.2916913032531738,1.2893123626708984,1.2519205808639526,1.0978405475616455,1.3987295627593994,1.3988122940063477,1.6642001867294312,1.5979020595550537,1.8785877227783203,1.8848718404769897,2.2592337131500244,2.4707677364349365,2.255492925643921,1.9677892923355103,1.961974024772644,1.8110485076904297,1.8191108703613281,1.8193808794021606,1.618148684501648,1.8992245197296143,1.8779382705688477,2.150646686553955,2.1301920413970947,2.3890631198883057,2.4112799167633057,2.7641682624816895,2.942816972732544,2.7894794940948486,2.550393581390381,2.5663962364196777,2.503878593444824,2.494027853012085,2.575049877166748,2.2907772064208984,2.4912381172180176,2.397059679031372,2.657308340072632,2.831397533416748,2.9706597328186035,3.2712180614471436
A9,2.4968271255493164,2.1244375705718994,1.8922719955444336,1.5538914203643799,1.2872328758239746,0.9463639259338379,0.6346985101699829,0.39476993680000305,0.0,0.37833720445632935,0.5980993509292603,0.9426791667938232,0.9197586178779602,1.2675589323043823,1.2742345333099365,2.064021348953247,2.3077473640441895,2.0197062492370605,1.638655424118042,1.5159822702407837,1.1724787950515747,1.0186175107955933,0.8622056841850281,0.6235290765762329,0.9122537970542908,0.9677757024765015,1.2859469652175903,1.2903237342834473,1.6198729276657104,1.6928818225860596,2.313857078552246,2.5348849296569824,2.273580551147461,1.9205540418624878,1.8576056957244873,1.5833648443222046,1.507841944694519,1.4076931476593018,1.1494863033294678,1.4007865190505981,1.4030768871307373,1.692232370376587,1.7095216512680054,2.004747152328491,2.0797171592712402,2.605224847793579,2.8280441761016846,2.5974154472351074,2.2873408794403076,2.2551310062408447,2.059424638748169,2.013462543487549,1.9633185863494873,1.6954957246780396,1.9214081764221191,1.8968908786773682,2.1810312271118164,2.227888822555542,2.4945154190063477,2.5735738277435303,3.063312530517578,3.260441780090332,3.089062452316284,2.822563648223877,2.81921124458313,2.7123022079467773,2.6665303707122803,2.69994854927063,2.3777287006378174,2.5222837924957275,2.4064548015594482,2.6318509578704834,2.8350913524627686,2.9373373985290527,3.2589542865753174
A10,2.747607469558716,2.390087604522705,2.13547945022583,1.8128637075424194,1.5449285507202148,1.2164617776870728,0.916108250617981,0.6177464127540588,0.37833720445632935,0.0,0.3716316223144531,0.7252027988433838,0.846781849861145,1.2099686861038208,1.2950184345245361,2.2449138164520264,2.464787006378174,2.164114475250244,1.7757000923156738,1.6367069482803345,1.253714680671692,1.0617709159851074,0.7872794270515442,0.4538828134536743,0.6012653708457947,0.6298612356185913,0.9745272397994995,1.0679198503494263,1.4266331195831299,1.5679230690002441,2.3597068786621094,2.595571517944336,2.31890606880188,1.9446641206741333,1.8716278076171875,1.5399794578552246,1.4365508556365967,1.2457711696624756,0.9351253509521484,1.1081193685531616,1.07608962059021,1.3656011819839478,1.4382380247116089,1.7463423013687134,1.8760398626327515,2.563278913497925,2.807750701904297,2.562457323074341,2.2228550910949707,2.1843039989471436,1.932794213294983,1.8655225038528442,1.7510199546813965,1.4560198783874512,1.6312280893325806,1.5753605365753174,1.8502624034881592,1.932664155960083,2.200220823287964,2.3192594051361084,2.9430205821990967,3.1697630882263184,2.986363649368286,2.689746618270874,2.6876633167266846,2.534578561782837,2.4831018447875977,2.469792604446411,2.131361246109009,2.242056131362915,2.0928189754486084,2.2923994064331055,2.493842601776123,2.5773017406463623,2.9019882678985596
A11,2.862602472305298,2.5062146186828613,2.2876386642456055,1.942757487297058,1.7333968877792358,1.3705556392669678,1.145011067390442,0.7836960554122925,0.5980993509292603,0.3716316223144531,0.0,0.38757190108299255,0.5659217834472656,0.9410189390182495,1.1158450841903687,2.2922894954681396,2.544926643371582,2.283297061920166,1.896483302116394,1.825217604637146,1.4382871389389038,1.3246315717697144,1.0151100158691406,0.7538519501686096,0.7848601937294006,0.6094773411750793,0.83002108335495,0.9086007475852966,1.2203171253204346,1.4059478044509888,2.3747434616088867,2.6560094356536865,2.418309211730957,2.0517189502716064,2.0425238609313965,1.7112118005752563,1.6698873043060303,1.4466619491577148,1.1671901941299438,1.2672603130340576,1.1190061569213867,1.314744472503662,1.3656028509140015,1.6148043870925903,1.7639597654342651,2.5717477798461914,2.85652494430542,2.6485772132873535,2.31441593170166,2.330998420715332,2.071037530899048,2.0521981716156006,1.9024248123168945,1.6360501050949097,1.7755199670791626,1.639334797859192,1.8479331731796265,1.9151418209075928,2.1298177242279053,2.257215976715088,2.962970018386841,3.221709966659546,3.0721981525421143,2.7782814502716064,2.8224520683288574,2.6634786128997803,2.652966022491455,2.6211323738098145,2.2940855026245117,2.3959004878997803,2.196599006652832,2.357506275177002,2.515408992767334,2.559507131576538,2.8581221103668213
A12,2.9418976306915283,2.604461193084717,2.40631103515625,2.0652291774749756,1.9104819297790527,1.5484914779663086,1.4003015756607056,1.0187220573425293,0.9426791667938232,0.7252027988433838,0.38757190108299255,0.0,0.38354769349098206,0.6744887232780457,0.944487452507019,2.292268991470337,2.549610137939453,2.3224380016326904,1.9491709470748901,1.9341744184494019,1.5525025129318237,1.508772611618042,1.1708556413650513,1.0003817081451416,0.9392156600952148,0.6212707757949829,0.6322275400161743,0.6641050577163696,0.9045649766921997,1.1391255855560303,2.279745578765869,2.5974819660186768,2.395059585571289,2.0411581993103027,2.089895248413086,1.7601141929626465,1.7804855108261108,1.5282186269760132,1.3066024780273438,1.339945673942566,1.0890589952468872,1.1663559675216675,1.1702295541763306,1.3477678298950195,1.508616328239441,2.4341881275177,2.754912853240967,2.582047462463379,2.2551355361938477,2.324899435043335,2.0571186542510986,2.0905938148498535,1.909895896911621,1.6936241388320923,1.8053268194198608,1.5945807695388794,1.7260006666183472,1.7561894655227661,1.912305235862732,2.035616159439087,2.8098256587982178,3.099536418914795,2.983100652694702,2.693516254425049,2.7849972248077393,2.622061014175415,2.6588823795318604,2.613844394683838,2.3126559257507324,2.4184067249298096,2.1791772842407227,2.3125953674316406,2.4133212566375732,2.435307025909424,2.6964972019195557
A13,2.6329545974731445,2.297452926635742,2.1345651149749756,1.783113718032837,1.682627558708191,1.3145947456359863,1.2518279552459717,0.8822755217552185,0.9197586178779602,0.846781849861145,0.5659217834472656,0.38354769349098206,0.0,0.38377517461776733,0.5996162295341492,1.9767998456954956,2.264326572418213,2.0721843242645264,1.71059250831604,1.7566335201263428,1.4066730737686157,1.4477951526641846,1.1676450967788696,1.0864704847335815,1.135127305984497,0.8659908175468445,0.8726798295974731,0.7181559205055237,0.8868829011917114,1.0050067901611328,2.0362887382507324,2.3668205738067627,2.2005577087402344,1.8709367513656616,1.9701526165008545,1.69208562374115,1.7781081199645996,1.5922350883483887,1.433984398841858,1.543637990951538,1.3181194067001343,1.3920955657958984,1.294238567352295,1.4391179084777832,1.5076179504394531,2.2703192234039307,2.589902400970459,2.4514925479888916,2.1575558185577393,2.265918254852295,2.052213430404663,2.1376965045928955,2.013671875,1.8437038660049438,2.0163352489471436,1.8246402740478516,1.9570683240890503,1.9199362993240356,2.0622737407684326,2.119410514831543,2.7382378578186035,3.0093865394592285,2.9234061241149902,2.6694650650024414,2.7848734855651855,2.673790454864502,2.7419631481170654,2.748110055923462,2.4744200706481934,2.630305528640747,2.4181156158447266,2.58646821975708,2.671072244644165,2.7231357097625732,2.9674181938171387
A14,2.587204933166504,2.2820913791656494,2.1555113792419434,1.8226131200790405,1.7965177297592163,1.4577075242996216,1.4873629808425903,1.1485354900360107,1.2675589323043823,1.2099686861038208,0.9410189390182495,0.6744887232780457,0.38377517461776733,0.0,0.38007375597953796,1.8683643341064453,2.161674976348877,2.024614095687866,1.6990511417388916,1.8192542791366577,1.5106645822525024,1.6346421241760254,1.3761132955551147,1.3815616369247437,1.4085365533828735,1.1134835481643677,1.0000942945480347,0.7290865778923035,0.7192111015319824,0.7690643668174744,1.859085202217102,2.222504138946533,2.112452983856201,1.8201011419296265,1.9907646179199219,1.7519530057907104,1.910767674446106,1.7409718036651611,1.6563574075698853,1.7477436065673828,1.4844962358474731,1.4720908403396606,1.2881591320037842,1.3376991748809814,1.346016764640808,2.0865049362182617,2.4317517280578613,2.3468143939971924,2.085801362991333,2.2564547061920166,2.0709803104400635,2.2201650142669678,2.1042063236236572,1.9997178316116333,2.1745026111602783,1.9491913318634033,2.02201247215271,1.9202781915664673,2.0024960041046143,2.0122711658477783,2.5802252292633057,2.8635928630828857,2.8241524696350098,2.5983009338378906,2.763260841369629,2.6781091690063477,2.7982492446899414,2.819685697555542,2.5861363410949707,2.766247510910034,2.5447371006011963,2.70855712890625,2.741452932357788,2.795145034790039,2.9973766803741455
A15,2.2155847549438477,1.921504259109497,1.808030605316162,1.4886177778244019,1.5092175006866455,1.2054342031478882,1.3224817514419556,1.0465298891067505,1.2742345333099365,1.2950184345245361,1.1158450841903687,0.944487452507019,0.5996162295341492,0.38007375597953796,0.0,1.4894556999206543,1.790390133857727,1.6719918251037598,1.3640090227127075,1.5318219661712646,1.2729686498641968,1.4716026782989502,1.2867767810821533,1.3824257850646973,1.482242226600647,1.2567312717437744,1.19594407081604,0.8611516356468201,0.8592551946640015,0.7351201772689819,1.5353624820709229,1.893103837966919,1.8017363548278809,1.5340534448623657,1.7376519441604614,1.5574294328689575,1.7663464546203613,1.6685500144958496,1.6480399370193481,1.803928256034851,1.5928130149841309,1.6153534650802612,1.3754938840866089,1.4422956705093384,1.357262372970581,1.8414915800094604,2.1648471355438232,2.0958521366119385,1.8669663667678833,2.054802417755127,1.9272394180297852,2.110457181930542,2.0578465461730957,1.9942882061004639,2.225296974182129,2.0429298877716064,2.1427345275878906,1.995195746421814,2.0967917442321777,2.0453507900238037,2.414367914199829,2.662461757659912,2.6352458000183105,2.443220376968384,2.6111135482788086,2.5771944522857666,2.712052583694458,2.785876750946045,2.578667640686035,2.804774284362793,2.625539541244507,2.8332889080047607,2.870272636413574,2.9695448875427246,3.171788454055786
B1,0.8179416656494141,0.7039687037467957,0.725689709186554,0.7516674995422363,1.075380802154541,1.2052481174468994,1.58089017868042,1.676607608795166,2.064021348953247,2.2449138164520264,2.2922894954681396,2.292268991470337,1.9767998456954956,1.8683643341064453,1.4894556999206543,0.0,0.40239885449409485,0.5577216744422913,0.6709654927253723,1.0437523126602173,1.2433326244354248,1.619854211807251,1.7843811511993408,2.0911953449249268,2.334970235824585,2.3251657485961914,2.3781611919403076,2.0424392223358154,2.068361759185791,1.744360327720642,0.8623073697090149,0.9546684622764587,1.019147515296936,1.0629807710647583,1.3284496068954468,1.5268456935882568,1.8405919075012207,2.041900634765625,2.228170871734619,2.5218989849090576,2.4986119270324707,2.603518009185791,2.3028693199157715,2.403217315673828,2.133603572845459,1.4920320510864258,1.5618094205856323,1.582582712173462,1.597785472869873,1.783834457397461,1.9524697065353394,2.204832077026367,2.3980979919433594,2.482194185256958,2.8372609615325928,2.8171393871307373,2.980111598968506,2.739102840423584,2.8861474990844727,2.67619252204895,2.247878074645996,2.274226427078247,2.294372081756592,2.289957284927368,2.421902894973755,2.604487419128418,2.763688087463379,3.022045850753784,2.9391353130340576,3.2849886417388916,3.268174886703491,3.587277889251709,3.638599157333374,3.8660547733306885,4.058773517608643
B2,0.7879542708396912,0.8230570554733276,0.7868399620056152,0.9660115242004395,1.2356756925582886,1.4418977499008179,1.7897272109985352,1.9145007133483887,2.3077473640441895,2.464787006378174,2.544926643371582,2.549610137939453,2.264326572418213,2.161674976348877,1.790390133857727,0.40239885449409485,0.0,0.39719101786613464,0.720655083656311,1.0388730764389038,1.327238917350769,1.6958024501800537,1.9003368616104126,2.2459425926208496,2.4736857414245605,2.498871326446533,2.5517289638519287,2.227544069290161,2.256204843521118,1.9213061332702637,0.7665497660636902,0.6833330392837524,0.7799205183982849,0.9513589143753052,1.2002538442611694,1.4875532388687134,1.8098965883255005,2.0578091144561768,2.300611734390259,2.589344024658203,2.6002886295318604,2.703822135925293,2.398317337036133,2.5006439685821533,2.207305908203125,1.3440886735916138,1.3159598112106323,1.3452194929122925,1.4341477155685425,1.6056524515151978,1.844765543937683,2.1085636615753174,2.3481497764587402,2.482516050338745,2.843794822692871,2.856372594833374,3.0177252292633057,2.7571802139282227,2.908879041671753,2.668931245803833,2.0636894702911377,2.027574062347412,2.0489070415496826,2.0926454067230225,2.2098047733306885,2.4409971237182617,2.6082167625427246,2.902499198913574,2.86484694480896,3.230959892272949,3.252892017364502,3.5887320041656494,3.6333446502685547,3.8912432193756104,4.072941780090332
B3,0.9465302228927612,0.8613693118095398,0.6441423296928406,0.793544590473175,0.9563647508621216,1.1804797649383545,1.487497329711914,1.6304951906204224,2.0197062492370605,2.164114475250244,2.283297061920166,2.3224380016326904,2.0721843242645264,2.024614095687866,1.6719918251037598,0.5577216744422913,0.39719101786613464,0.0,0.3892025351524353,0.6494308710098267,0.9681774377822876,1.3212429285049438,1.5526076555252075,1.9072703123092651,2.141124725341797,2.2053284645080566,2.295557737350464,2.004885673522949,2.091146469116211,1.7901270389556885,0.8165200352668762,0.7522468566894531,0.6277886033058167,0.6771425604820251,0.8507963418960571,1.1337674856185913,1.4317976236343384,1.6992517709732056,1.941474437713623,2.2445671558380127,2.290147542953491,2.4304211139678955,2.1559479236602783,2.3084428310394287,2.0485610961914062,1.320077657699585,1.3076443672180176,1.2191563844680786,1.224106788635254,1.3288174867630005,1.5433815717697144,1.769368290901184,2.0182666778564453,2.131018877029419,2.5015017986297607,2.542217969894409,2.7357468605041504,2.503556966781616,2.6956303119659424,2.4860270023345947,1.985734462738037,1.9694942235946655,1.9191901683807373,1.9059629440307617,1.9762970209121704,2.1774017810821533,2.3055970668792725,2.5937647819519043,2.531721353530884,2.892660140991211,2.9275753498077393,3.2729477882385254,3.345752716064453,3.610342025756836,3.815910577774048
B4,1.1837716102600098,0.9719860553741455,0.6919417977333069,0.6469647288322449,0.7086735367774963,0.8498744368553162,1.1348364353179932,1.2487303018569946,1.638655424118042,1.7757000923156738,1.896483302116394,1.9491709470748901,1.71059250831604,1.6990511417388916,1.3640090227127075,0.6709654927253723,0.720655083656311,0.3892025351524353,0.0,0.3895571231842041,0.6088510751724243,0.982639491558075,1.187378168106079,1.5308095216751099,1.7731653451919556,1.8337533473968506,1.9443665742874146,1.6678833961486816,1.793549656867981,1.5277106761932373,0.9106858968734741,0.9841715693473816,0.7722215056419373,0.6035566926002502,0.7405869960784912,0.8964651823043823,1.178571343421936,1.4059109687805176,1.6058920621871948,1.9182120561599731,1.9543967247009277,2.1156394481658936,1.863202691078186,2.0471863746643066,1.8286985158920288,1.3754572868347168,1.4532432556152344,1.3059773445129395,1.194093942642212,1.2772136926651,1.395952820777893,1.590842604637146,1.7951717376708984,1.854741096496582,2.2237155437469482,2.250443935394287,2.461522340774536,2.260380983352661,2.472357749938965,2.305445909500122,2.0197396278381348,2.0700364112854004,1.983928918838501,1.8958202600479126,1.9578087329864502,2.091606855392456,2.194232702255249,2.441122055053711,2.3276798725128174,2.667426347732544,2.674166679382324,3.0100202560424805,3.1009397506713867,3.3456332683563232,3.571441173553467
B5,1.404505729675293,1.18074631690979,0.8230381011962891,0.7891860008239746,0.6489578485488892,0.8233296275138855,0.9929183721542358,1.1570628881454468,1.5159822702407837,1.6367069482803345,1.825217604637146,1.9341744184494019,1.7566335201263428,1.8192542791366577,1.5318219661712646,1.0437523126602173,1.0388730764389038,0.6494308710098267,0.3895571231842041,0.0,0.39853331446647644,0.6874504685401917,0.9745485782623291,1.3250545263290405,1.5796197652816772,1.7154213190078735,1.8849589824676514,1.6737864017486572,1.8692688941955566,1.660474419593811,1.2024377584457397,1.2228879928588867,0.9093576073646545,0.665299117565155,0.5707762241363525,0.68565434217453,0.8746706247329712,1.1552504301071167,1.3546627759933472,1.6925796270370483,1.7979047298431396,2.014686107635498,1.8181740045547485,2.06172513961792,1.8907315731048584,1.5463497638702393,1.5948938131332397,1.357670783996582,1.1854802370071411,1.148777723312378,1.235255241394043,1.3477460145950317,1.5765496492385864,1.6049377918243408,1.9861335754394531,2.068985939025879,2.3256351947784424,2.166851043701172,2.4274466037750244,2.296236753463745,2.081895112991333,2.1242384910583496,1.9690816402435303,1.8387242555618286,1.8280566930770874,1.9321198463439941,1.9726907014846802,2.2174811363220215,2.0815608501434326,2.4134788513183594,2.453331708908081,2.8042995929718018,2.934206247329712,3.192883253097534,3.4453413486480713
B6,1.7139707803726196,1.4384238719940186,1.1066938638687134,0.9362297058105469,0.718614935874939,0.6908630132675171,0.7537561655044556,0.8234661817550659,1.1724787950515747,1.253714680671692,1.4382871389389038,1.5525025129318237,1.4066730737686157,1.5106645822525024,1.2729686498641968,1.2433326244354248,1.327238917350769,0.9681774377822876,0.6088510751724243,0.39853331446647644,0.0,0.38938188552856445,0.594088077545166,0.9453372359275818,1.1971819400787354,1.3216807842254639,1.5090646743774414,1.3234914541244507,1.5623692274093628,1.4101918935775757,1.3353930711746216,1.4530606269836426,1.1393089294433594,0.798348605632782,0.7125941514968872,0.5803363919258118,0.7164924740791321,0.8889083862304688,1.021418571472168,1.3617916107177734,1.4425371885299683,1.6762410402297974,1.508451223373413,1.7806156873703003,1.663886308670044,1.6226311922073364,1.7526812553405762,1.5009486675262451,1.243264079093933,1.2115236520767212,1.1683717966079712,1.2455322742462158,1.3889650106430054,1.349019169807434,1.7169533967971802,1.7676736116409302,2.033862352371216,1.9097909927368164,2.18176531791687,2.0996575355529785,2.119722366333008,2.2302300930023193,2.062244415283203,1.8674741983413696,1.8675111532211304,1.892255187034607,1.9176251888275146,2.100501537322998,1.9092128276824951,2.2090277671813965,2.2030670642852783,2.534498691558838,2.6746609210968018,2.9052748680114746,3.17269229888916
B7,2.021056890487671,1.7316923141479492,1.3836292028427124,1.208053469657898,0.894619882106781,0.8294981122016907,0.6924270987510681,0.7692673206329346,1.0186175107955933,1.0617709159851074,1.3246315717697144,1.508772611618042,1.4477951526641846,1.6346421241760254,1.4716026782989502,1.619854211807251,1.6958024501800537,1.3212429285049438,0.982639491558075,0.6874504685401917,0.38938188552856445,0.0,0.3823814392089844,0.6822019219398499,0.9559265375137329,1.1764167547225952,1.4422682523727417,1.3575063943862915,1.6649149656295776,1.5949138402938843,1.7005130052566528,1.8019464015960693,1.4573726654052734,1.1067888736724854,0.9106040596961975,0.6728444695472717,0.5755982995033264,0.7080228924751282,0.7457097172737122,1.1220699548721313,1.2801618576049805,1.5843359231948853,1.5069398880004883,1.8345946073532104,1.7912331819534302,1.9166358709335327,2.0400657653808594,1.7435461282730103,1.446239709854126,1.3275271654129028,1.2071893215179443,1.1618112325668335,1.2713682651519775,1.1393415927886963,1.4993363618850708,1.6005587577819824,1.9184224605560303,1.8661850690841675,2.181413173675537,2.158749580383301,2.3177881240844727,2.436851739883423,2.220693588256836,1.9818720817565918,1.922655701637268,1.8868557214736938,1.8387088775634766,1.9810905456542969,1.7385915517807007,2.00018572807312,2.007573127746582,2.338449716567993,2.52738881111145,2.7528679370880127,3.0531601905822754
B8,2.2900640964508057,1.9879440069198608,1.667378544807434,1.4397797584533691,1.161392331123352,0.9778371453285217,0.7929561138153076,0.6746727824211121,0.8622056841850281,0.7872794270515442,1.0151100158691406,1.1708556413650513,1.1676450967788696,1.3761132955551147,1.2867767810821533,1.7843811511993408,1.9003368616104126,1.5526076555252075,1.187378168106079,0.9745485782623291,0.594088077545166,0.3823814392089844,0.0,0.3938882052898407,0.6070952415466309,0.7957174777984619,1.0660330057144165,1.020117998123169,1.359254240989685,1.3564014434814453,1.773991346359253,1.9416744709014893,1.6159415245056152,1.2356756925582886,1.1023690700531006,0.7624127268791199,0.6725266575813293,0.5778335928916931,0.49490246176719666,0.8387374877929688,0.9328154921531677,1.2387357950210571,1.1900854110717773,1.5320611000061035,1.5448338985443115,1.931129813194275,2.1178159713745117,1.8330819606781006,1.495131015777588,1.4170560836791992,1.2037087678909302,1.1604198217391968,1.1530983448028564,0.964912474155426,1.2841852903366089,1.318128228187561,1.6241620779037476,1.5981873273849487,1.907314419746399,1.9284777641296387,2.2920444011688232,2.469592332839966,2.262589454650879,1.9846824407577515,1.9595242738723755,1.8612109422683716,1.8272731304168701,1.9031684398651123,1.6246477365493774,1.8494361639022827,1.7907625436782837,2.0902249813079834,2.269096612930298,2.4615769386291504,2.7638888359069824
B9,2.5774381160736084,2.247295379638672,1.943872094154358,1.6763547658920288,1.374422550201416,1.126221776008606,0.8317655324935913,0.638721764087677,0.6235290765762329,0.4538828134536743,0.7538519501686096,1.0003817081451416,1.0864704847335815,1.3815616369247437,1.3824257850646973,2.0911953449249268,2.2459425926208496,1.9072703123092651,1.5308095216751099,1.3250545263290405,0.9453372359275818,0.6822019219398499,0.3938882052898407,0.0,0.3829585909843445,0.6248893737792969,0.9899766445159912,1.0579651594161987,1.4354931116104126,1.521453619003296,2.133188009262085,2.322209119796753,2.0058624744415283,1.6254940032958984,1.4926990270614624,1.1467523574829102,0.9947896003723145,0.8202762603759766,0.5263194441795349,0.802344799041748,0.8862263560295105,1.2340434789657593,1.2865453958511353,1.6395617723464966,1.7314040660858154,2.2919232845306396,2.4983718395233154,2.2166342735290527,1.8694289922714233,1.7835180759429932,1.533586025238037,1.4369062185287476,1.358730435371399,1.0736242532730103,1.3122812509536743,1.3291372060775757,1.650386929512024,1.7076208591461182,2.018571615219116,2.106901168823242,2.628865957260132,2.8283121585845947,2.615405559539795,2.316518783569336,2.2806336879730225,2.136254072189331,2.066363573074341,2.0820088386535645,1.7548928260803223,1.90639066696167,1.8110603094100952,2.0669150352478027,2.2802011966705322,2.425232172012329,2.753673553466797
B10,2.8803369998931885,2.5648326873779297,2.2593283653259277,2.001610279083252,1.7206411361694336,1.4729951620101929,1.2064625024795532,0.9681206345558167,0.9122537970542908,0.6012653708457947,0.7848601937294006,0.9392156600952148,1.135127305984497,1.4085365533828735,1.482242226600647,2.334970235824585,2.4736857414245605,2.141124725341797,1.7731653451919556,1.5796197652816772,1.1971819400787354,0.9559265375137329,0.6070952415466309,0.3829585909843445,0.0,0.37816527485847473,0.7389382719993591,0.9250980019569397,1.3071664571762085,1.4661407470703125,2.2507050037384033,2.4564156532287598,2.140212297439575,1.7547338008880615,1.6287707090377808,1.2412946224212646,1.0774750709533691,0.778805136680603,0.4291936457157135,0.5075332522392273,0.5393306612968445,0.9049274325370789,1.0424625873565674,1.4072340726852417,1.5671491622924805,2.3124334812164307,2.542872428894043,2.2565412521362305,1.88644540309906,1.8028942346572876,1.4898641109466553,1.3730547428131104,1.1977592706680298,0.8781377673149109,1.0309126377105713,0.994788408279419,1.308066487312317,1.4147239923477173,1.7273253202438354,1.867387056350708,2.5542995929718018,2.788656234741211,2.568721055984497,2.2386484146118164,2.210019826889038,2.0081627368927,1.936362862586975,1.8871979713439941,1.5407919883728027,1.645469307899475,1.4985698461532593,1.722212553024292,1.9310263395309448,2.0549254417419434,2.387073040008545
B11,2.944087266921997,2.626737356185913,2.35506272315979,2.0693883895874023,1.8414647579193115,1.5481181144714355,1.3353105783462524,1.0153526067733765,0.9677757024765015,0.6298612356185913,0.6094773411750793,0.6212707757949829,0.8659908175468445,1.1134835481643677,1.2567312717437744,2.3251657485961914,2.498871326446533,2.2053284645080566,1.8337533473968506,1.7154213190078735,1.3216807842254639,1.1764167547225952,0.7957174777984619,0.6248893737792969,0.37816527485847473,0.0,0.3929632008075714,0.6197556257247925,0.9934201240539551,1.211464524269104,2.204697608947754,2.462085723876953,2.1880850791931152,1.8084903955459595,1.76165771484375,1.3797765970230103,1.3102113008499146,0.9968321323394775,0.7381070256233215,0.7193849682807922,0.5109629034996033,0.7397427558898926,0.848781168460846,1.1662622690200806,1.357917070388794,2.260413646697998,2.5388920307159424,2.2955386638641357,1.9313833713531494,1.91971755027771,1.6030179262161255,1.5610424280166626,1.3504858016967773,1.0910004377365112,1.1968721151351929,1.0340670347213745,1.252028465270996,1.3305920362472534,1.5820748805999756,1.7320849895477295,2.5217034816741943,2.7943010330200195,2.6155378818511963,2.290323257446289,2.321899175643921,2.1193785667419434,2.1055099964141846,2.040470600128174,1.7168728113174438,1.8161606788635254,1.6041690111160278,1.779343605041504,1.9278533458709717,2.006941556930542,2.308438539505005
B12,3.0673105716705322,2.7700257301330566,2.5205037593841553,2.240060329437256,2.0649285316467285,1.7711817026138306,1.624124526977539,1.2842153310775757,1.2859469652175903,0.9745272397994995,0.83002108335495,0.6322275400161743,0.8726798295974731,1.0000942945480347,1.19594407081604,2.3781611919403076,2.5517289638519287,2.295557737350464,1.9443665742874146,1.8849589824676514,1.5090646743774414,1.4422682523727417,1.0660330057144165,0.9899766445159912,0.7389382719993591,0.3929632008075714,0.0,0.3902442455291748,0.686872124671936,0.9792799949645996,2.1514828205108643,2.4426629543304443,2.2075581550598145,1.847888708114624,1.8641053438186646,1.4951510429382324,1.4991487264633179,1.1713470220565796,1.0115615129470825,0.9057068228721619,0.5574615001678467,0.5362601280212402,0.5909269452095032,0.8320233821868896,1.0703717470169067,2.144428253173828,2.4609575271606445,2.2560510635375977,1.9019654989242554,1.9505841732025146,1.6266580820083618,1.6484105587005615,1.4001432657241821,1.2207902669906616,1.2752795219421387,1.006663203239441,1.1001704931259155,1.130454182624817,1.3078584671020508,1.4656620025634766,2.368748188018799,2.67923641204834,2.536426067352295,2.2144551277160645,2.3011484146118164,2.090569019317627,2.133920431137085,2.048464298248291,1.7634447813034058,1.861128568649292,1.5985232591629028,1.731106162071228,1.8025950193405151,1.8532087802886963,2.108778238296509
B13,2.7673447132110596,2.4842514991760254,2.2601394653320312,1.9838054180145264,1.8636656999588013,1.5783851146697998,1.5154922008514404,1.182525396347046,1.2903237342834473,1.0679198503494263,0.9086007475852966,0.6641050577163696,0.7181559205055237,0.7290865778923035,0.8611516356468201,2.0424392223358154,2.227544069290161,2.004885673522949,1.6678833961486816,1.6737864017486572,1.3234914541244507,1.3575063943862915,1.020117998123169,1.0579651594161987,0.9250980019569397,0.6197556257247925,0.3902442455291748,0.0,0.38577887415885925,0.6076050996780396,1.8069239854812622,2.1229772567749023,1.9242762327194214,1.5831016302108765,1.668241262435913,1.342902660369873,1.4436482191085815,1.1810156106948853,1.1183452606201172,1.111282467842102,0.8066948056221008,0.7594223022460938,0.5807594656944275,0.7486739754676819,0.8584944009780884,1.8432567119598389,2.177109479904175,2.0109846591949463,1.6833492517471313,1.7940092086791992,1.522003412246704,1.6276425123214722,1.4424009323120117,1.3428155183792114,1.477250099182129,1.22990882396698,1.3023725748062134,1.213606834411621,1.3522669076919556,1.4105390310287476,2.1583962440490723,2.464080572128296,2.36065411567688,2.074162721633911,2.2051966190338135,2.053617000579834,2.151287794113159,2.1276063919067383,1.8875900506973267,2.052520275115967,1.8221153020858765,1.9931010007858276,2.0281476974487305,2.113314628601074,2.3330013751983643
