,A1,A2,A3,A4,A5,A6,A7,A8,A9,A10,A11,A12,A13,A14,A15,B1,B2,B3,B4,B5,B6,B7,B8,B9,B10,B11,B12,B13,B14,B15,C1,C2,C3,C4,C5,C6,C7,C8,C9,C10,C11,C12,C13,C14,C15,D1,D2,D3,D4,D5,D6,D7,D8,D9,D10,D11,D12,D13,D14,D15,E1,E2,E3,E4,E5,E6,E7,E8,E9,E10,E11,E12,E13,E14,E15
A1,0.0,0.38400715589523315,0.6134167909622192,0.930242657661438,1.2178006172180176,1.5224473476409912,1.844223141670227,2.1260690689086914,2.457773208618164,2.7584285736083984,2.952794075012207,3.0692062377929688,2.7725491523742676,2.7249743938446045,2.3556149005889893,0.8610571026802063,0.7314900159835815,0.8233597278594971,1.0994726419448853,1.2807682752609253,1.611071228981018,1.8780924081802368,2.1829802989959717,2.4670162200927734,2.813694477081299,2.9826345443725586,3.12640643119812,2.813589334487915,2.876394510269165,2.5366744995117188,1.350393295288086,1.2898966073989868,1.27731192111969,1.4321527481079102,1.5232638120651245,1.8333687782287598,2.0232560634613037,2.3406929969787598,2.5523200035095215,2.9286677837371826,3.082228660583496,3.2711963653564453,2.9899065494537354,3.1051435470581055,2.793346405029297,1.853291392326355,1.8120206594467163,1.7369033098220825,1.8246650695800781,1.8428877592086792,2.1313676834106445,2.2466704845428467,2.578965425491333,2.7030420303344727,3.094562292098999,3.226823568344116,3.4595537185668945,3.2204947471618652,3.3787922859191895,3.10630202293396,2.403426170349121,2.3996317386627197,2.2575275897979736,2.3014116287231445,2.235534906387329,2.490669012069702,2.451068878173828,2.790252447128296,2.7862958908081055,3.1439733505249023,3.282914638519287,3.6620967388153076,3.8603899478912354,4.178958892822266,4.471538066864014
A2,0.38400715589523315,0.0,0.3801080584526062,0.6041990518569946,0.9333650469779968,1.2030081748962402,1.5390030145645142,1.8018878698349,2.132765769958496,2.4484872817993164,2.6263654232025146,2.750082015991211,2.445058584213257,2.4135076999664307,2.0481934547424316,0.7168981432914734,0.7643187046051025,0.7736201286315918,0.9212585091590881,1.1048146486282349,1.3815969228744507,1.6426223516464233,1.9208370447158813,2.188267707824707,2.550452947616577,2.7001218795776367,2.8536410331726074,2.5441079139709473,2.6217639446258545,2.295891761779785,1.3273512125015259,1.3728982210159302,1.3103045225143433,1.3613975048065186,1.4432932138442993,1.6920995712280273,1.8642970323562622,2.151233673095703,2.3285775184631348,2.714570999145508,2.846578359603882,3.044501781463623,2.7737832069396973,2.9027740955352783,2.609919309616089,1.879787802696228,1.9134297370910645,1.805802822113037,1.8169175386428833,1.830571174621582,2.0632848739624023,2.157754898071289,2.45894718170166,2.537323236465454,2.927677869796753,3.0368528366088867,3.2787563800811768,3.057358980178833,3.2254586219787598,2.9764177799224854,2.4602842330932617,2.513577938079834,2.3542158603668213,2.34150767326355,2.2797791957855225,2.4895713329315186,2.4307546615600586,2.741276979446411,2.686732292175293,3.0333163738250732,3.137500286102295,3.509279251098633,3.7351908683776855,4.03573751449585,4.348766803741455
A3,0.6134167909622192,0.3801080584526062,0.0,0.3700380027294159,0.6044925451278687,0.9244895577430725,1.2322052717208862,1.5269590616226196,1.8504908084869385,2.1511547565460205,2.360565185546875,2.5022501945495605,2.2267990112304688,2.2259724140167236,1.869006872177124,0.7869397401809692,0.7909522652626038,0.6063293814659119,0.6714345216751099,0.7567095756530762,1.0565681457519531,1.2917851209640503,1.5971074104309082,1.862044095993042,2.2176504135131836,2.3958725929260254,2.5686943531036377,2.27937650680542,2.390732765197754,2.078746795654297,1.2650132179260254,1.3001923561096191,1.133039116859436,1.1155897378921509,1.1230318546295166,1.3617148399353027,1.5026555061340332,1.8023279905319214,1.9756433963775635,2.360537528991699,2.5154030323028564,2.7317774295806885,2.4787158966064453,2.637523651123047,2.3601458072662354,1.756809115409851,1.7897586822509766,1.6126002073287964,1.5681902170181274,1.5291225910186768,1.7365975379943848,1.8001160621643066,2.1004245281219482,2.1703639030456543,2.560957193374634,2.6863691806793213,2.943193197250366,2.7375500202178955,2.930361270904541,2.6981775760650635,2.2860636711120605,2.3469953536987305,2.1430277824401855,2.0859968662261963,1.9925388097763062,2.1705234050750732,2.0856149196624756,2.3833277225494385,2.314509153366089,2.656756639480591,2.764253616333008,3.135389566421509,3.3639602661132812,3.6654374599456787,3.9771714210510254
A4,0.930242657661438,0.6041990518569946,0.3700380027294159,0.0,0.3894163966178894,0.6011357307434082,0.9502426981925964,1.2016425132751465,1.5417652130126953,1.8466497659683228,2.027927875518799,2.161949634552002,1.8743633031845093,1.879986047744751,1.5270167589187622,0.7714550495147705,0.924704372882843,0.712916910648346,0.5705254077911377,0.6628000140190125,0.8381941318511963,1.0800807476043701,1.3317418098449707,1.5914143323898315,1.9571410417556763,2.1005871295928955,2.2694108486175537,1.9770393371582031,2.094449520111084,1.796949863433838,1.2609297037124634,1.4004265069961548,1.2156388759613037,1.0869780778884888,1.1058660745620728,1.2438905239105225,1.3770129680633545,1.6203746795654297,1.7630258798599243,2.1522679328918457,2.2687971591949463,2.480745553970337,2.2321677207946777,2.394582509994507,2.136631488800049,1.7674643993377686,1.8788435459136963,1.6929866075515747,1.576398253440857,1.5563794374465942,1.690868616104126,1.7476938962936401,1.9980132579803467,2.023651123046875,2.406572103500366,2.492046594619751,2.7447245121002197,2.5506865978240967,2.7417619228363037,2.5321261882781982,2.3135030269622803,2.4347264766693115,2.2326340675354004,2.1262001991271973,2.0587191581726074,2.188593864440918,2.1045448780059814,2.3650424480438232,2.2497236728668213,2.5792531967163086,2.6382570266723633,2.9991703033447266,3.248852252960205,3.527810573577881,3.8598222732543945
A5,1.2178006172180176,0.9333650469779968,0.6044925451278687,0.3894163966178894,0.0,0.382626473903656,0.6306705474853516,0.95280921459198,1.2554744482040405,1.557876467704773,1.7902098894119263,1.971353530883789,1.7329950332641602,1.8047640323638916,1.4846917390823364,1.1127837896347046,1.2100895643234253,0.9021572470664978,0.6731358170509338,0.5219481587409973,0.6398406028747559,0.7669408917427063,1.0575393438339233,1.277647852897644,1.6481503248214722,1.8387788534164429,2.055314779281616,1.8079637289047241,1.9879815578460693,1.7306578159332275,1.4633376598358154,1.5766750574111938,1.3077943325042725,1.1025996208190918,0.9923611283302307,1.0659775733947754,1.1024394035339355,1.3481991291046143,1.4460917711257935,1.8383309841156006,1.9917649030685425,2.2459492683410645,2.0398995876312256,2.255289077758789,2.0360403060913086,1.8772292137145996,1.9777562618255615,1.7250149250030518,1.5440062284469604,1.4414416551589966,1.514678716659546,1.4968531131744385,1.72881019115448,1.7111427783966064,2.08962345123291,2.2018110752105713,2.4885473251342773,2.3341434001922607,2.567814588546753,2.3958349227905273,2.342222213745117,2.463775873184204,2.213585376739502,2.054438829421997,1.9380980730056763,2.0101964473724365,1.873523473739624,2.09845232963562,1.9425092935562134,2.2504184246063232,2.310570478439331,2.6636359691619873,2.9303719997406006,3.2050046920776367,3.538252830505371
A6,1.5224473476409912,1.2030081748962402,0.9244895577430725,0.6011357307434082,0.382626473903656,0.0,0.3809952139854431,0.60396409034729,0.9480283856391907,1.245924949645996,1.4384565353393555,1.6055749654769897,1.3555361032485962,1.4413079023361206,1.1373549699783325,1.2195919752120972,1.3990756273269653,1.1108533143997192,0.7814055681228638,0.6667020320892334,0.5391944646835327,0.6358266472816467,0.8014413714408875,1.0134512186050415,1.391265869140625,1.5283416509628296,1.735526442527771,1.4861890077590942,1.6760940551757812,1.446810007095337,1.5258445739746094,1.7190021276474,1.458878755569458,1.1770609617233276,1.099374532699585,1.040919303894043,1.066238284111023,1.2086832523345947,1.2621101140975952,1.6487483978271484,1.7434395551681519,1.9852142333984375,1.7860052585601807,2.0025291442871094,1.8130468130111694,1.9239853620529175,2.094245672225952,1.8497731685638428,1.6130621433258057,1.545770287513733,1.5364291667938232,1.5208474397659302,1.6773028373718262,1.6085703372955322,1.96548593044281,2.019127130508423,2.2916581630706787,2.150648832321167,2.375652551651001,2.2327027320861816,2.388800859451294,2.567356824874878,2.331099033355713,2.1322193145751953,2.0547027587890625,2.0786423683166504,1.9584412574768066,2.1357500553131104,1.936995506286621,2.2233052253723145,2.2198281288146973,2.5550858974456787,2.839024066925049,3.083937644958496,3.43731427192688
A7,1.844223141670227,1.5390030145645142,1.2322052717208862,0.9502426981925964,0.6306705474853516,0.3809952139854431,0.0,0.3830394446849823,0.6308130025863647,0.9354487657546997,1.1909643411636353,1.4268074035644531,1.2519854307174683,1.4292510747909546,1.1993228197097778,1.591561198234558,1.7421480417251587,1.4201725721359253,1.0856704711914062,0.8593606948852539,0.6491531729698181,0.5012063980102539,0.6123649477958679,0.701795220375061,1.0943795442581177,1.2787141799926758,1.5524542331695557,1.3772612810134888,1.641894817352295,1.484208583831787,1.8304338455200195,2.0034537315368652,1.7023907899856567,1.385953426361084,1.2212738990783691,1.0786218643188477,0.9744032621383667,1.0576064586639404,1.004847764968872,1.3824357986450195,1.5041007995605469,1.7973507642745972,1.6651941537857056,1.9396063089370728,1.8122491836547852,2.1546716690063477,2.3168632984161377,2.0323727130889893,1.7513599395751953,1.6218361854553223,1.536517858505249,1.437069058418274,1.53623628616333,1.3884295225143433,1.7187060117721558,1.7862193584442139,2.095522880554199,2.0142881870269775,2.2818875312805176,2.194453001022339,2.542991876602173,2.723475933074951,2.4552011489868164,2.212385416030884,2.098538398742676,2.055936574935913,1.8873392343521118,2.0042707920074463,1.7482515573501587,1.9887332916259766,1.9650864601135254,2.277449131011963,2.5884225368499756,2.8153390884399414,3.17425274848938
A8,2.1260690689086914,1.8018878698349,1.5269590616226196,1.2016425132751465,0.95280921459198,0.60396409034729,0.3830394446849823,0.0,0.3918084502220154,0.6606261730194092,0.8405910134315491,1.058326244354248,0.8777125477790833,1.0919952392578125,0.9200318455696106,1.741899847984314,1.9427063465118408,1.6482692956924438,1.2790160179138184,1.1161069869995117,0.8042346239089966,0.6689571142196655,0.5295894742012024,0.5526257753372192,0.9179826378822327,0.9999642968177795,1.255758285522461,1.0890876054763794,1.365733027458191,1.2632200717926025,1.9382479190826416,2.1681630611419678,1.8899821043014526,1.5397294759750366,1.4255526065826416,1.200491189956665,1.11312735080719,1.0653479099273682,0.9590919017791748,1.2923325300216675,1.3186417818069458,1.5821174383163452,1.4642945528030396,1.7299506664276123,1.6466854810714722,2.2408649921417236,2.4585227966308594,2.1950786113739014,1.885141372680664,1.8020837306976318,1.6588011980056763,1.5813573598861694,1.5996767282485962,1.4119279384613037,1.695246934890747,1.6812400817871094,1.957669734954834,1.8922020196914673,2.1377265453338623,2.0849244594573975,2.6237881183624268,2.852081298828125,2.607217788696289,2.3417508602142334,2.2732126712799072,2.1979172229766846,2.0612099170684814,2.1353211402893066,1.856319785118103,2.0677640438079834,1.972652554512024,2.2551052570343018,2.5737509727478027,2.7627816200256348,3.138242721557617
A9,2.457773208618164,2.132765769958496,1.8504908084869385,1.5417652130126953,1.2554744482040405,0.9480283856391907,0.6308130025863647,0.3918084502220154,0.0,0.39560920000076294,0.6420702338218689,0.9794472455978394,0.9227464199066162,1.2381329536437988,1.1731971502304077,2.1262669563293457,2.3191733360290527,2.011202096939087,1.649233341217041,1.4419435262680054,1.13899827003479,0.9030607342720032,0.7190936207771301,0.49118322134017944,0.7924630045890808,0.8893160223960876,1.2244940996170044,1.178331971168518,1.511279582977295,1.4970332384109497,2.3201000690460205,2.5366086959838867,2.2399604320526123,1.8839551210403442,1.7239961624145508,1.4722437858581543,1.3011233806610107,1.1965755224227905,0.9624391794204712,1.2262603044509888,1.2558437585830688,1.5643049478530884,1.5425366163253784,1.8501044511795044,1.8402124643325806,2.5914368629455566,2.799870252609253,2.5154359340667725,2.188105344772339,2.0643844604492188,1.8776447772979736,1.7353686094284058,1.6961745023727417,1.4282565116882324,1.6472605466842651,1.6338465213775635,1.9374098777770996,1.9505525827407837,2.226733684539795,2.2372887134552,2.926262378692627,3.1516759395599365,2.8871212005615234,2.5971920490264893,2.5005056858062744,2.37665057182312,2.200725793838501,2.215242862701416,1.8870275020599365,2.03004789352417,1.904719352722168,2.13850736618042,2.4880316257476807,2.6413328647613525,3.0206754207611084
A10,2.7584285736083984,2.4484872817993164,2.1511547565460205,1.8466497659683228,1.557876467704773,1.245924949645996,0.9354487657546997,0.6606261730194092,0.39560920000076294,0.0,0.3826982378959656,0.7278537750244141,0.8202278017997742,1.1624267101287842,1.1968364715576172,2.3678290843963623,2.544813394546509,2.2286672592163086,1.8554631471633911,1.6401549577713013,1.2956995964050293,1.0337899923324585,0.7395984530448914,0.4164508581161499,0.5011340975761414,0.5330166816711426,0.901958167552948,0.9598180651664734,1.3278002738952637,1.4004522562026978,2.460233688354492,2.6796512603759766,2.376056671142578,1.997912883758545,1.8332304954528809,1.5190937519073486,1.3245612382888794,1.1122454404830933,0.8164241909980774,0.9711804389953613,0.932317316532135,1.2373191118240356,1.284321904182434,1.611293077468872,1.6725338697433472,2.650668144226074,2.8745598793029785,2.585721731185913,2.2297677993774414,2.109881639480591,1.8594330549240112,1.7079037427902222,1.5824995040893555,1.275598406791687,1.418521523475647,1.3436758518218994,1.6264930963516235,1.68611478805542,1.963936686515808,2.030325412750244,2.9145307540893555,3.1621921062469482,2.900947332382202,2.5814785957336426,2.502333164215088,2.328023672103882,2.167949914932251,2.1231446266174316,1.777756690979004,1.8746919631958008,1.6851145029067993,1.879027009010315,2.227060079574585,2.344698905944824,2.7309229373931885
A11,2.952794075012207,2.6263654232025146,2.360565185546875,2.027927875518799,1.7902098894119263,1.4384565353393555,1.1909643411636353,0.8405910134315491,0.6420702338218689,0.3826982378959656,0.0,0.40112340450286865,0.56352698802948,0.9374574422836304,1.0760477781295776,2.4757497310638428,2.6941816806793213,2.4114811420440674,2.027611255645752,1.872597098350525,1.50503671169281,1.3111716508865356,0.9714379906654358,0.7425926923751831,0.7453336715698242,0.5380174517631531,0.7803536653518677,0.8586722612380981,1.185871958732605,1.3233683109283447,2.5620648860931396,2.8258373737335205,2.5557193756103516,2.1727848052978516,2.065558433532715,1.7373771667480469,1.6003414392471313,1.351720929145813,1.0994489192962646,1.1975069046020508,1.0315040349960327,1.23423171043396,1.2812800407409668,1.55197274684906,1.6496917009353638,2.7576382160186768,3.0240604877471924,2.767951726913452,2.411689281463623,2.3447470664978027,2.0884270668029785,1.984475016593933,1.835099458694458,1.548640489578247,1.6557196378707886,1.4973562955856323,1.7052438259124756,1.7592607736587524,1.9812983274459839,2.0662126541137695,3.0403263568878174,3.323166608810425,3.0939865112304688,2.7769556045532227,2.743741512298584,2.5737104415893555,2.454223871231079,2.4061052799224854,2.0749337673187256,2.1673483848571777,1.9367247819900513,2.1013877391815186,2.4329874515533447,2.5138049125671387,2.9039652347564697
A12,3.0692062377929688,2.750082015991211,2.5022501945495605,2.161949634552002,1.971353530883789,1.6055749654769897,1.4268074035644531,1.058326244354248,0.9794472455978394,0.7278537750244141,0.40112340450286865,0.0,0.38169732689857483,0.673373818397522,0.9246871471405029,2.495175361633301,2.724935293197632,2.4715805053710938,2.0868701934814453,1.9860693216323853,1.6008416414260864,1.4751429557800293,1.1017407178878784,0.9828112125396729,0.919843852519989,0.5719889402389526,0.569206178188324,0.6311375498771667,0.8843021988868713,1.0936726331710815,2.5098659992218018,2.8029558658599854,2.5655853748321533,2.1816201210021973,2.1312384605407715,1.7843677997589111,1.7108898162841797,1.4232292175292969,1.244089126586914,1.2971738576889038,1.025352954864502,1.0921924114227295,1.1033258438110352,1.2976644039154053,1.4251708984375,2.6661484241485596,2.969463348388672,2.7480032444000244,2.391937732696533,2.382810592651367,2.1152517795562744,2.0709609985351562,1.896297574043274,1.6565275192260742,1.7418439388275146,1.5056489706039429,1.621242642402649,1.6379942893981934,1.7907211780548096,1.880349040031433,2.9363017082214355,3.2535483837127686,3.0616466999053955,2.7474751472473145,2.7696282863616943,2.6031715869903564,2.540651321411133,2.4932820796966553,2.195676565170288,2.3022713661193848,2.0412142276763916,2.199636936187744,2.492506504058838,2.5574653148651123,2.945233106613159
A13,2.7725491523742676,2.445058584213257,2.2267990112304688,1.8743633031845093,1.7329950332641602,1.3555361032485962,1.2519854307174683,0.8777125477790833,0.9227464199066162,0.8202278017997742,0.56352698802948,0.38169732689857483,0.0,0.3839387595653534,0.5796748399734497,2.167832851409912,2.4267256259918213,2.2021586894989014,1.8208985328674316,1.773400902748108,1.399922490119934,1.3496086597442627,1.0096547603607178,0.9949061274528503,1.0672461986541748,0.7972952723503113,0.7973533868789673,0.6496468782424927,0.8300968408584595,0.9256442785263062,2.230797529220581,2.548259735107422,2.3382580280303955,1.967935562133789,1.9638257026672363,1.6528383493423462,1.6407389640808105,1.412324070930481,1.3042848110198975,1.45473051071167,1.2302136421203613,1.3011415004730225,1.200164556503296,1.3523331880569458,1.3836525678634644,2.450760841369629,2.767030715942383,2.5699923038482666,2.2372424602508545,2.2624905109405518,2.044806957244873,2.0439891815185547,1.9328582286834717,1.7411805391311646,1.9009166955947876,1.6990480422973633,1.8251289129257202,1.7682799100875854,1.9016404151916504,1.9172855615615845,2.7966063022613525,3.1143546104431152,2.9394493103027344,2.6538000106811523,2.691953659057617,2.576282262802124,2.5302162170410156,2.5406439304351807,2.2694156169891357,2.4325766563415527,2.213585138320923,2.4220235347747803,2.709726095199585,2.8145751953125,3.201862096786499
A14,2.7249743938446045,2.4135076999664307,2.2259724140167236,1.879986047744751,1.8047640323638916,1.4413079023361206,1.4292510747909546,1.0919952392578125,1.2381329536437988,1.1624267101287842,0.9374574422836304,0.673373818397522,0.3839387595653534,0.0,0.37252506613731384,2.0328171253204346,2.3019285202026367,2.1218228340148926,1.7574936151504517,1.7837964296340942,1.4253590106964111,1.4680098295211792,1.153731107711792,1.2496298551559448,1.3208568096160889,1.0471434593200684,0.9192478656768799,0.6533553004264832,0.6385392546653748,0.6875371336936951,2.0372536182403564,2.3842215538024902,2.221332311630249,1.8692699670791626,1.9381444454193115,1.6441298723220825,1.714709997177124,1.499785304069519,1.4849687814712524,1.638865351676941,1.3911011219024658,1.3721169233322144,1.1824378967285156,1.2275029420852661,1.2079261541366577,2.243631362915039,2.5925686359405518,2.4419233798980713,2.1302194595336914,2.221996545791626,2.0279245376586914,2.097402572631836,2.0030951499938965,1.8791205883026123,2.0538954734802246,1.8281389474868774,1.8922559022903442,1.7657750844955444,1.8286762237548828,1.796831727027893,2.6103005409240723,2.9519121646881104,2.820068359375,2.5576999187469482,2.649393320083618,2.5656180381774902,2.5749762058258057,2.614872694015503,2.3903486728668213,2.5882019996643066,2.3755245208740234,2.602187395095825,2.853564977645874,2.9701144695281982,3.34915828704834
A15,2.3556149005889893,2.0481934547424316,1.869006872177124,1.5270167589187622,1.4846917390823364,1.1373549699783325,1.1993228197097778,0.9200318455696106,1.1731971502304077,1.1968364715576172,1.0760477781295776,0.9246871471405029,0.5796748399734497,0.37252506613731384,0.0,1.6624404191970825,1.935353398323059,1.762244462966919,1.4027960300445557,1.4626144170761108,1.1298218965530396,1.241144061088562,0.9957171082496643,1.1827729940414429,1.3455599546432495,1.167630910873413,1.1114972829818726,0.7733230590820312,0.7720476388931274,0.626028835773468,1.703142523765564,2.052084445953369,1.8949657678604126,1.555304765701294,1.6480650901794434,1.3977253437042236,1.5134626626968384,1.371335744857788,1.417747139930725,1.6474645137786865,1.4732763767242432,1.5036191940307617,1.2554336786270142,1.3161638975143433,1.1945010423660278,1.9674084186553955,2.30584454536438,2.158599376678467,1.8677783012390137,1.96916925907135,1.82548987865448,1.9190324544906616,1.889890432357788,1.8077514171600342,2.0453033447265625,1.875959873199463,1.9781136512756348,1.807375192642212,1.8902004957199097,1.7926510572433472,2.3934550285339355,2.7156293392181396,2.5810158252716064,2.3429248332977295,2.427839994430542,2.3875162601470947,2.3974435329437256,2.4872078895568848,2.2868266105651855,2.5288259983062744,2.3656816482543945,2.635967969894409,2.885692596435547,3.044996976852417,3.42006516456604
B1,0.8610571026802063,0.7168981432914734,0.7869397401809692,0.7714550495147705,1.1127837896347046,1.2195919752120972,1.591561198234558,1.741899847984314,2.1262669563293457,2.3678290843963623,2.4757497310638428,2.495175361633301,2.167832851409912,2.0328171253204346,1.6624404191970825,0.0,0.4108718931674957,0.5785399079322815,0.6750249266624451,1.0507087707519531,1.2274601459503174,1.5863804817199707,1.774516224861145,2.1118361949920654,2.424882173538208,2.495842933654785,2.5506861209869385,2.193415403366089,2.1758604049682617,1.819159746170044,0.7193710207939148,0.9305861592292786,0.9765884280204773,1.012840747833252,1.2725963592529297,1.468149185180664,1.7521177530288696,1.9701634645462036,2.2123115062713623,2.5693349838256836,2.622828722000122,2.732738494873047,2.4070277214050293,2.4516067504882812,2.125396251678467,1.3364771604537964,1.4849357604980469,1.4624762535095215,1.470192790031433,1.6292188167572021,1.8386427164077759,2.0391528606414795,2.2960360050201416,2.4196383953094482,2.795253038406372,2.8271021842956543,2.9919650554656982,2.7155492305755615,2.8090569972991943,2.5264017581939697,1.9910836219787598,2.1259303092956543,2.0420801639556885,2.032270908355713,2.0890238285064697,2.3048884868621826,2.3463122844696045,2.650980234146118,2.6249942779541016,2.9919540882110596,3.041194438934326,3.413949966430664,3.607114315032959,3.8938229084014893,4.212918281555176
B2,0.7314900159835815,0.7643187046051025,0.7909522652626038,0.924704372882843,1.2100895643234253,1.3990756273269653,1.7421480417251587,1.9427063465118408,2.3191733360290527,2.544813394546509,2.6941816806793213,2.724935293197632,2.4267256259918213,2.3019285202026367,1.935353398323059,0.4108718931674957,0.0,0.39091143012046814,0.7011992931365967,1.0296716690063477,1.2973878383636475,1.6467735767364502,1.887844204902649,2.2382419109344482,2.5336899757385254,2.648047924041748,2.7089145183563232,2.3635308742523193,2.354120969772339,1.9918986558914185,0.6208327412605286,0.6343913078308105,0.7068362236022949,0.8862238526344299,1.1378953456878662,1.4212604761123657,1.715118169784546,1.9822207689285278,2.262862205505371,2.6097586154937744,2.7054483890533447,2.8191421031951904,2.492786407470703,2.5413191318511963,2.20031476020813,1.1581846475601196,1.2011409997940063,1.1836479902267456,1.2732009887695312,1.4232293367385864,1.7012579441070557,1.918393611907959,2.216965913772583,2.393172264099121,2.772211790084839,2.8431639671325684,3.00791072845459,2.718857765197754,2.8166584968566895,2.5123252868652344,1.7698270082473755,1.8385728597640991,1.7506458759307861,1.7909128665924072,1.8324408531188965,2.0951881408691406,2.151639699935913,2.4882912635803223,2.5162789821624756,2.896257162094116,2.9891433715820312,3.3714399337768555,3.53452205657959,3.844043493270874,4.139080047607422
B3,0.8233597278594971,0.7736201286315918,0.6063293814659119,0.712916910648346,0.9021572470664978,1.1108533143997192,1.4201725721359253,1.6482692956924438,2.011202096939087,2.2286672592163086,2.4114811420440674,2.4715805053710938,2.2021586894989014,2.1218228340148926,1.762244462966919,0.5785399079322815,0.39091143012046814,0.0,0.3859056234359741,0.6502865552902222,0.9542971849441528,1.2839431762695312,1.5545014142990112,1.898380160331726,2.192471742630005,2.3398029804229736,2.432020425796509,2.110183000564575,2.149733304977417,1.8039339780807495,0.7036941051483154,0.7094148397445679,0.5500521659851074,0.6140244603157043,0.7825822830200195,1.0757395029067993,1.3425663709640503,1.630379319190979,1.9036619663238525,2.254950523376465,2.3790106773376465,2.5234029293060303,2.2199697494506836,2.3140783309936523,1.9929090738296509,1.1539102792739868,1.19570791721344,1.0524400472640991,1.0508451461791992,1.123522162437439,1.3802342414855957,1.560027837753296,1.8645879030227661,2.026271343231201,2.4103188514709473,2.5031397342681885,2.694958209991455,2.4287843704223633,2.5659258365631104,2.284923791885376,1.6998683214187622,1.7779080867767334,1.614748239517212,1.58811616897583,1.576548457145691,1.8017128705978394,1.8173840045928955,2.1431972980499268,2.147880792617798,2.5236287117004395,2.621485710144043,3.0042073726654053,3.178842306137085,3.4897592067718506,3.787444829940796
B4,1.0994726419448853,0.9212585091590881,0.6714345216751099,0.5705254077911377,0.6731358170509338,0.7814055681228638,1.0856704711914062,1.2790160179138184,1.649233341217041,1.8554631471633911,2.027611255645752,2.0868701934814453,1.8208985328674316,1.7574936151504517,1.4027960300445557,0.6750249266624451,0.7011992931365967,0.3859056234359741,0.0,0.39424964785575867,0.5974012613296509,0.9528206586837769,1.1893218755722046,1.5378568172454834,1.83602774143219,1.9662643671035767,2.0637013912200928,1.743970513343811,1.8063359260559082,1.4736628532409668,0.7968505620956421,0.9393177032470703,0.7081514000892639,0.5257185101509094,0.653021514415741,0.8235533237457275,1.0810421705245972,1.3260453939437866,1.5764858722686768,1.935558795928955,2.0363125801086426,2.188095808029175,1.8932709693908691,2.0094692707061768,1.710163950920105,1.2208622694015503,1.3546215295791626,1.1618701219558716,1.0278329849243164,1.079659342765808,1.2338162660598755,1.3866177797317505,1.6435245275497437,1.7567111253738403,2.138554096221924,2.202920436859131,2.4025657176971436,2.1542062759399414,2.306852340698242,2.0556490421295166,1.7490876913070679,1.8946675062179565,1.7072234153747559,1.5973652601242065,1.5874594449996948,1.7378963232040405,1.7312637567520142,2.0121984481811523,1.958559513092041,2.320871353149414,2.375375270843506,2.7502126693725586,2.950202465057373,3.2414841651916504,3.5598220825195312
B5,1.2807682752609253,1.1048146486282349,0.7567095756530762,0.6628000140190125,0.5219481587409973,0.6667020320892334,0.8593606948852539,1.1161069869995117,1.4419435262680054,1.6401549577713013,1.872597098350525,1.9860693216323853,1.773400902748108,1.7837964296340942,1.4626144170761108,1.0507087707519531,1.0296716690063477,0.6502865552902222,0.39424964785575867,0.0,0.3889966607093811,0.6464848518371582,0.9638504385948181,1.2824159860610962,1.5808688402175903,1.7762209177017212,1.9306918382644653,1.6624560356140137,1.7997674942016602,1.5124356746673584,1.1274187564849854,1.1950119733810425,0.8664566278457642,0.6159788370132446,0.4751656949520111,0.61378014087677,0.7641880512237549,1.0610284805297852,1.285976767539978,1.6538270711898804,1.8133549690246582,2.019219160079956,1.7719917297363281,1.9554729461669922,1.6984940767288208,1.4240844249725342,1.5105394124984741,1.2283915281295776,1.0247219800949097,0.9327359199523926,1.0341081619262695,1.0930111408233643,1.3618930578231812,1.4457972049713135,1.8359692096710205,1.9481797218322754,2.194077491760254,1.987945318222046,2.1979401111602783,1.9858958721160889,1.83431875705719,1.9570447206497192,1.7016546726226807,1.5349805355072021,1.4423174858093262,1.53537118434906,1.4559653997421265,1.7159626483917236,1.6281427145004272,1.9801017045974731,2.0545778274536133,2.4299752712249756,2.6455109119415283,2.942445755004883,3.2587790489196777
B6,1.611071228981018,1.3815969228744507,1.0565681457519531,0.8381941318511963,0.6398406028747559,0.5391944646835327,0.6491531729698181,0.8042346239089966,1.13899827003479,1.2956995964050293,1.50503671169281,1.6008416414260864,1.399922490119934,1.4253590106964111,1.1298218965530396,1.2274601459503174,1.2973878383636475,0.9542971849441528,0.5974012613296509,0.3889966607093811,0.0,0.37905755639076233,0.6009629964828491,0.9504625201225281,1.2419204711914062,1.402025818824768,1.5491622686386108,1.2816264629364014,1.4428569078445435,1.1840816736221313,1.2592977285385132,1.414888620376587,1.101685643196106,0.7520472407341003,0.6361327767372131,0.5059492588043213,0.6177259087562561,0.7946630120277405,0.9914193749427795,1.362430214881897,1.4739211797714233,1.675409197807312,1.4341521263122559,1.6359773874282837,1.411905288696289,1.514438509941101,1.679996132850647,1.40192449092865,1.1163965463638306,1.050404667854309,1.0110607147216797,1.0493303537368774,1.218245029449463,1.2374396324157715,1.612237811088562,1.668372631072998,1.9083459377288818,1.7181274890899658,1.9330707788467407,1.757462978363037,1.8986561298370361,2.0869553089141846,1.840265154838562,1.6138478517532349,1.5568164587020874,1.5705400705337524,1.4962165355682373,1.6866700649261475,1.5375664234161377,1.8637900352478027,1.8689110279083252,2.2288055419921875,2.4656119346618652,2.733400344848633,3.0723023414611816
B7,1.8780924081802368,1.6426223516464233,1.2917851209640503,1.0800807476043701,0.7669408917427063,0.6358266472816467,0.5012063980102539,0.6689571142196655,0.9030607342720032,1.0337899923324585,1.3111716508865356,1.4751429557800293,1.3496086597442627,1.4680098295211792,1.241144061088562,1.5863804817199707,1.6467735767364502,1.2839431762695312,0.9528206586837769,0.6464848518371582,0.37905755639076233,0.0,0.38450485467910767,0.6476004719734192,0.9477566480636597,1.1838103532791138,1.4093859195709229,1.2256720066070557,1.4749311208724976,1.298303246498108,1.6268765926361084,1.7529855966567993,1.4102611541748047,1.0625226497650146,0.8336494565010071,0.618076503276825,0.4767679274082184,0.6062095165252686,0.6873536109924316,1.077300786972046,1.2457231283187866,1.518951416015625,1.3569098711013794,1.6342928409576416,1.4846947193145752,1.8243120908737183,1.9658994674682617,1.6488966941833496,1.3321796655654907,1.1734287738800049,1.0438674688339233,0.9478459358215332,1.0572869777679443,0.976513683795929,1.3439565896987915,1.435382604598999,1.7321312427520752,1.612830400466919,1.8876720666885376,1.7779093980789185,2.122255563735962,2.2989680767059326,2.0141148567199707,1.7446128129959106,1.629323959350586,1.5637611150741577,1.414579153060913,1.5371079444885254,1.3136069774627686,1.598096251487732,1.592480182647705,1.9390360116958618,2.2094857692718506,2.466488838195801,2.8123912811279297
B8,2.1829802989959717,1.9208370447158813,1.5971074104309082,1.3317418098449707,1.0575393438339233,0.8014413714408875,0.6123649477958679,0.5295894742012024,0.7190936207771301,0.7395984530448914,0.9714379906654358,1.1017407178878784,1.0096547603607178,1.153731107711792,0.9957171082496643,1.774516224861145,1.887844204902649,1.5545014142990112,1.1893218755722046,0.9638504385948181,0.6009629964828491,0.38450485467910767,0.0,0.38608208298683167,0.6525295972824097,0.8174374103546143,1.034073829650879,0.864864706993103,1.1533879041671753,1.043574333190918,1.7758736610412598,1.9608107805252075,1.6449089050292969,1.2650669813156128,1.1024225950241089,0.7872104644775391,0.6623013615608215,0.5400052666664124,0.5172755718231201,0.8758401870727539,0.9450653791427612,1.2054779529571533,1.0611121654510498,1.3560609817504883,1.2644542455673218,1.9414479732513428,2.1423592567443848,1.8486613035202026,1.4994721412658691,1.3943071365356445,1.184090495109558,1.105018973350525,1.0856982469558716,0.9312765002250671,1.2386689186096191,1.232785701751709,1.5049374103546143,1.4091426134109497,1.6748865842819214,1.6138943433761597,2.21946382522583,2.4489996433258057,2.1889758110046387,1.8903677463531494,1.8252803087234497,1.7104779481887817,1.5948338508605957,1.649744987487793,1.388920545578003,1.6260027885437012,1.529073715209961,1.8411493301391602,2.125117063522339,2.3396387100219727,2.7065463066101074
B9,2.4670162200927734,2.188267707824707,1.862044095993042,1.5914143323898315,1.277647852897644,1.0134512186050415,0.701795220375061,0.5526257753372192,0.49118322134017944,0.4164508581161499,0.7425926923751831,0.9828112125396729,0.9949061274528503,1.2496298551559448,1.1827729940414429,2.1118361949920654,2.2382419109344482,1.898380160331726,1.5378568172454834,1.2824159860610962,0.9504625201225281,0.6476004719734192,0.38608208298683167,0.0,0.3947083055973053,0.634299635887146,0.9737802743911743,0.9427621364593506,1.299950361251831,1.2885892391204834,2.158337116241455,2.3383307456970215,2.0129780769348145,1.6389516592025757,1.439806580543518,1.130035161972046,0.9117642641067505,0.7359992265701294,0.4737504720687866,0.7618539929389954,0.8438032865524292,1.180797815322876,1.159067153930664,1.50264573097229,1.498863935470581,2.3220958709716797,2.514009475708008,2.2063331604003906,1.8520089387893677,1.7061352729797363,1.4647204875946045,1.3054600954055786,1.2201547622680664,0.9474325180053711,1.1769837141036987,1.1734057664871216,1.490679144859314,1.4952609539031982,1.7973623275756836,1.8125139474868774,2.5671112537384033,2.7902886867523193,2.5133113861083984,2.1972978115081787,2.099194049835205,1.936902403831482,1.7710579633712769,1.7579137086868286,1.4319686889648438,1.586210012435913,1.450769066810608,1.7118836641311646,2.040837287902832,2.2173690795898438,2.59437894821167
B10,2.813694477081299,2.550452947616577,2.2176504135131836,1.9571410417556763,1.6481503248214722,1.391265869140625,1.0943795442581177,0.9179826378822327,0.7924630045890808,0.5011340975761414,0.7453336715698242,0.919843852519989,1.0672461986541748,1.3208568096160889,1.3455599546432495,2.424882173538208,2.5336899757385254,2.192471742630005,1.83602774143219,1.5808688402175903,1.2419204711914062,0.9477566480636597,0.6525295972824097,0.3947083055973053,0.0,0.39352986216545105,0.7482583522796631,0.8600879311561584,1.235923171043396,1.318881869316101,2.3828556537628174,2.5565717220306396,2.2288923263549805,1.8475531339645386,1.6444532871246338,1.2909690141677856,1.0522563457489014,0.7588449120521545,0.41802000999450684,0.4718734622001648,0.4946728050708771,0.8683105111122131,0.955847442150116,1.330806016921997,1.4154541492462158,2.4599366188049316,2.6576688289642334,2.347240447998047,1.9724175930023193,1.8256909847259521,1.519119143486023,1.3427125215530396,1.1460659503936768,0.8188254237174988,0.9263956546783447,0.8511399030685425,1.1640515327453613,1.2417423725128174,1.5603123903274536,1.6492249965667725,2.6170952320098877,2.8553173542022705,2.5808634757995605,2.236370325088501,2.1511669158935547,1.928790807723999,1.7766554355621338,1.6848409175872803,1.3397842645645142,1.4238182306289673,1.2080469131469727,1.4191224575042725,1.7488819360733032,1.8870065212249756,2.272261619567871
B11,2.9826345443725586,2.7001218795776367,2.3958725929260254,2.1005871295928955,1.8387788534164429,1.5283416509628296,1.2787141799926758,0.9999642968177795,0.8893160223960876,0.5330166816711426,0.5380174517631531,0.5719889402389526,0.7972952723503113,1.0471434593200684,1.167630910873413,2.495842933654785,2.648047924041748,2.3398029804229736,1.9662643671035767,1.7762209177017212,1.402025818824768,1.1838103532791138,0.8174374103546143,0.634299635887146,0.39352986216545105,0.0,0.4035343527793884,0.5975610017776489,0.9717320799827576,1.1415743827819824,2.439561605453491,2.663576126098633,2.371713876724243,1.9811164140701294,1.8465098142623901,1.4748992919921875,1.3159136772155762,0.9874426126480103,0.7430384159088135,0.7305282950401306,0.4969460666179657,0.7217487096786499,0.8181792497634888,1.1474876403808594,1.2881423234939575,2.5180816650390625,2.7663357257843018,2.493126630783081,2.116173267364502,2.03587007522583,1.7252306938171387,1.6165721416473389,1.3992130756378174,1.118140697479248,1.1773706674575806,0.9723348021507263,1.169306993484497,1.235710620880127,1.4847023487091064,1.6006226539611816,2.6950669288635254,2.9764232635498047,2.7403430938720703,2.3988146781921387,2.3719708919525146,2.1587305068969727,2.061185598373413,1.971681833267212,1.6540144681930542,1.7353769540786743,1.4723036289215088,1.6415513753890991,1.9446454048156738,2.0357139110565186,2.4254708290100098
B12,3.12640643119812,2.8536410331726074,2.5686943531036377,2.2694108486175537,2.055314779281616,1.735526442527771,1.5524542331695557,1.255758285522461,1.2244940996170044,0.901958167552948,0.7803536653518677,0.569206178188324,0.7973533868789673,0.9192478656768799,1.1114972829818726,2.5506861209869385,2.7089145183563232,2.432020425796509,2.0637013912200928,1.9306918382644653,1.5491622686386108,1.4093859195709229,1.034073829650879,0.9737802743911743,0.7482583522796631,0.4035343527793884,0.0,0.3876790404319763,0.6744892597198486,0.9418426156044006,2.414393186569214,2.662865400314331,2.4066050052642822,2.0203375816345215,1.9473456144332886,1.5640379190444946,1.4819355010986328,1.1269190311431885,0.9963173866271973,0.930858850479126,0.5722943544387817,0.5275540351867676,0.5843670964241028,0.8298479318618774,1.0351094007492065,2.4393136501312256,2.7232534885406494,2.488177537918091,2.1143009662628174,2.0982933044433594,1.7781429290771484,1.741353988647461,1.4990648031234741,1.2911449670791626,1.316672921180725,1.0162043571472168,1.0678907632827759,1.0831592082977295,1.241487979888916,1.3748961687088013,2.5890934467315674,2.9068763256073,2.712632417678833,2.3749868869781494,2.4112393856048584,2.2019882202148438,2.172625780105591,2.0837996006011963,1.8150919675827026,1.9089733362197876,1.6186586618423462,1.7721627950668335,2.0186405181884766,2.088107109069824,2.4685239791870117
B13,2.813589334487915,2.5441079139709473,2.27937650680542,1.9770393371582031,1.8079637289047241,1.4861890077590942,1.3772612810134888,1.0890876054763794,1.178331971168518,0.9598180651664734,0.8586722612380981,0.6311375498771667,0.6496468782424927,0.6533553004264832,0.7733230590820312,2.193415403366089,2.3635308742523193,2.110183000564575,1.743970513343811,1.6624560356140137,1.2816264629364014,1.2256720066070557,0.864864706993103,0.9427621364593506,0.8600879311561584,0.5975610017776489,0.3876790404319763,0.0,0.3835640847682953,0.5695821642875671,2.0536341667175293,2.3248794078826904,2.093055009841919,1.711462140083313,1.6917475461959839,1.3259929418563843,1.3251181840896606,1.0154229402542114,0.9947323203086853,1.0574671030044556,0.7762453556060791,0.7364986538887024,0.5553939342498779,0.729536771774292,0.8024263381958008,2.111586093902588,2.4166529178619385,2.206012010574341,1.8461270332336426,1.8778091669082642,1.5994150638580322,1.6275827884674072,1.452262043952942,1.3167340755462646,1.4407894611358643,1.1860102415084839,1.24233877658844,1.1344268321990967,1.2541296482086182,1.2792418003082275,2.327240467071533,2.6558101177215576,2.4823215007781982,2.168980121612549,2.2351601123809814,2.0797061920166016,2.0826947689056396,2.0615737438201904,1.8317354917526245,2.0000133514404297,1.7610070705413818,1.9785596132278442,2.210411787033081,2.3296902179718018,2.704655885696411
