,A1,A2,A3,A4,A5,A6,A7,A8,A9,A10,A11,A12,A13,A14,A15,B1,B2,B3,B4,B5,B6,B7,B8,B9,B10,B11,B12,B13,B14,B15,C1,C2,C3,C4,C5,C6,C7,C8,C9,C10,C11,C12,C13,C14,C15,D1,D2,D3,D4,D5,D6,D7,D8,D9,D10,D11,D12,D13,D14,D15,E1,E2,E3,E4,E5,E6,E7,E8,E9,E10,E11,E12,E13,E14,E15
A1,0.0,0.39432433247566223,0.6676854491233826,0.9738605618476868,1.265844464302063,1.487868070602417,1.8449331521987915,2.0876827239990234,2.2591702938079834,2.034520149230957,2.18991756439209,1.9589359760284424,2.1986050605773926,2.0525550842285156,2.3198750019073486,0.979034423828125,0.9920201301574707,0.9122974276542664,1.1837760210037231,1.2671533823013306,1.5983936786651611,1.9335354566574097,2.193819999694824,2.4121527671813965,2.1944167613983154,2.3900599479675293,2.226696014404297,2.4838929176330566,2.4121952056884766,2.6897013187408447,1.6080131530761719,1.5509244203567505,1.4390279054641724,1.5629324913024902,1.5788798332214355,1.811240792274475,2.1503098011016846,2.3981142044067383,2.6431920528411865,2.449629306793213,2.6498844623565674,2.5290939807891846,2.7878835201263428,2.751673460006714,3.019993543624878,2.15558123588562,2.073718309402466,1.9535719156265259,1.9979678392410278,1.9875127077102661,2.1282424926757812,2.4498064517974854,2.6882219314575195,2.930377244949341,2.7717607021331787,2.9596526622772217,2.8793513774871826,3.1348822116851807,3.1500329971313477,3.4260709285736084,2.7516119480133057,2.6410300731658936,2.552741527557373,2.5326318740844727,2.5282719135284424,2.547219753265381,2.8338241577148438,3.0518314838409424,3.2910573482513428,3.1746954917907715,3.3442583084106445,3.278076410293579,3.530108690261841,3.5690908432006836,3.8246054649353027
A2,0.39432433247566223,0.0,0.4011511206626892,0.6592760682106018,1.0013883113861084,1.2405521869659424,1.6063176393508911,1.8510957956314087,2.0508766174316406,1.8345904350280762,2.0229737758636475,1.8303992748260498,2.0851821899414062,1.9878904819488525,2.263192892074585,1.1631250381469727,1.0432018041610718,0.9562927484512329,1.1083043813705444,1.1881738901138306,1.463266372680664,1.8046562671661377,2.0461654663085938,2.281525135040283,2.0820887088775635,2.2936887741088867,2.1706602573394775,2.4316022396087646,2.4033002853393555,2.682086706161499,1.8069456815719604,1.6719903945922852,1.5676718950271606,1.6013931035995483,1.6202385425567627,1.7799060344696045,2.104224920272827,2.3217873573303223,2.573751449584961,2.4046194553375244,2.6083152294158936,2.5235562324523926,2.777693033218384,2.7782251834869385,3.0419154167175293,2.3585078716278076,2.221036434173584,2.1135733127593994,2.092555284500122,2.091477632522583,2.167881965637207,2.4651918411254883,2.6692609786987305,2.9107444286346436,2.7792248725891113,2.9627621173858643,2.912968635559082,3.1591246128082275,3.204322338104248,3.470865249633789,2.9501562118530273,2.800255537033081,2.726839780807495,2.659126043319702,2.668189287185669,2.6336374282836914,2.8948750495910645,3.0767998695373535,3.30989933013916,3.220585346221924,3.382206916809082,3.3414690494537354,3.5812299251556396,3.6415302753448486,3.8783414363861084
A3,0.6676854491233826,0.4011511206626892,0.0,0.37041202187538147,0.6293501853942871,0.9189666509628296,1.2626128196716309,1.5494698286056519,1.7992613315582275,1.6412519216537476,1.887403130531311,1.7591882944107056,2.0676071643829346,2.036449432373047,2.354612112045288,1.2981116771697998,1.1029036045074463,0.8971229791641235,0.9404568076133728,0.9124181866645813,1.1556909084320068,1.4708706140518188,1.7397782802581787,2.0196425914764404,1.8732881546020508,2.1343295574188232,2.0726234912872314,2.3748128414154053,2.4041731357574463,2.7169387340545654,1.857913851737976,1.6620548963546753,1.4948762655258179,1.446171522140503,1.401275396347046,1.5039430856704712,1.7969931364059448,2.0266106128692627,2.3134570121765137,2.1924026012420654,2.4351882934570312,2.405240297317505,2.6918702125549316,2.7435531616210938,3.035905599594116,2.367055654525757,2.1770074367523193,2.0302999019622803,1.943625807762146,1.9019944667816162,1.9215247631072998,2.1844091415405273,2.388519048690796,2.656872272491455,2.569279193878174,2.7828221321105957,2.7812604904174805,3.0514755249023438,3.140995740890503,3.428065061569214,2.926017999649048,2.7306108474731445,2.6303582191467285,2.5097508430480957,2.4933583736419678,2.4113593101501465,2.6373486518859863,2.810767650604248,3.0630462169647217,3.013094663619995,3.19734787940979,3.198927402496338,3.4560792446136475,3.556116819381714,3.8055014610290527
A4,0.9738605618476868,0.6592760682106018,0.37041202187538147,0.0,0.38918614387512207,0.6133577823638916,0.9704218506813049,1.228541374206543,1.4823036193847656,1.3311657905578613,1.6005823612213135,1.5181461572647095,1.8387295007705688,1.8631099462509155,2.1901986598968506,1.3930517435073853,1.1073150634765625,0.9273185133934021,0.8234202265739441,0.8205954432487488,0.9618260264396667,1.2797542810440063,1.496633768081665,1.7674609422683716,1.6322238445281982,1.8958549499511719,1.8733978271484375,2.17284893989563,2.2453951835632324,2.557621717453003,1.9149278402328491,1.6564749479293823,1.5186607837677002,1.388110637664795,1.3769420385360718,1.4002628326416016,1.6751796007156372,1.8464559316635132,2.1145689487457275,2.0076897144317627,2.2391979694366455,2.2397384643554688,2.514014482498169,2.5993518829345703,2.884430170059204,2.4062259197235107,2.169478178024292,2.0524697303771973,1.911507487297058,1.9038814306259155,1.8667982816696167,2.1071064472198486,2.2563071250915527,2.5007660388946533,2.428321361541748,2.623332977294922,2.6442959308624268,2.8970491886138916,3.011387586593628,3.285224437713623,2.946765422821045,2.7195487022399902,2.647545099258423,2.490367889404297,2.506160259246826,2.3812739849090576,2.5885772705078125,2.712301015853882,2.938764810562134,2.903402805328369,3.0668506622314453,3.085000514984131,3.321906328201294,3.4371302127838135,3.6646599769592285
A5,1.265844464302063,1.0013883113861084,0.6293501853942871,0.38918614387512207,0.0,0.3781071603298187,0.6573736071586609,0.9859051704406738,1.3073498010635376,1.2522454261779785,1.577729344367981,1.5750080347061157,1.9339675903320312,2.0178160667419434,2.3719844818115234,1.6103039979934692,1.3088339567184448,1.0532898902893066,0.8516290783882141,0.6968265771865845,0.7331941723823547,0.9828938245773315,1.232235312461853,1.5591349601745605,1.502526879310608,1.8173766136169434,1.8663365840911865,2.1998496055603027,2.3261032104492188,2.663661241531372,2.0308094024658203,1.7376898527145386,1.5463905334472656,1.3399890661239624,1.25426185131073,1.1933177709579468,1.4082199335098267,1.5876860618591309,1.8949532508850098,1.8522337675094604,2.124898910522461,2.187405824661255,2.4911177158355713,2.6258256435394287,2.935215711593628,2.4615180492401123,2.1861343383789062,2.0324294567108154,1.8302884101867676,1.7774347066879272,1.6736558675765991,1.8616167306900024,2.0057780742645264,2.278317928314209,2.2596402168273926,2.486384153366089,2.5603044033050537,2.8357961177825928,2.9933102130889893,3.285576820373535,2.9547598361968994,2.6897871494293213,2.5901989936828613,2.3834164142608643,2.370434045791626,2.1970160007476807,2.358428478240967,2.4697999954223633,2.715336799621582,2.724993944168091,2.9124844074249268,2.9763317108154297,3.2301523685455322,3.385120153427124,3.625460147857666
A6,1.487868070602417,1.2405521869659424,0.9189666509628296,0.6133577823638916,0.3781071603298187,0.0,0.37652847170829773,0.6323617100715637,0.9302586913108826,0.8881348967552185,1.2303621768951416,1.277906060218811,1.6486618518829346,1.7838376760482788,2.1477861404418945,1.6082652807235718,1.260062336921692,1.0419474840164185,0.7254608273506165,0.6246880888938904,0.5003356337547302,0.7532935738563538,0.9146806001663208,1.2110081911087036,1.1559162139892578,1.4711657762527466,1.55739426612854,1.8905478715896606,2.055907726287842,2.395632266998291,1.948120355606079,1.6096229553222656,1.4550561904907227,1.1817203760147095,1.1517325639724731,1.0187450647354126,1.2203620672225952,1.3195077180862427,1.5872802734375,1.5440434217453003,1.7999931573867798,1.8866316080093384,2.17964506149292,2.3433759212493896,2.6489105224609375,2.3392019271850586,2.0272555351257324,1.9098916053771973,1.666150689125061,1.6633319854736328,1.5191984176635742,1.6944544315338135,1.7730807065963745,2.004262924194336,1.984724998474121,2.186417579650879,2.2740790843963623,2.5323269367218018,2.7088637351989746,2.9905779361724854,2.8011207580566406,2.512497901916504,2.4464046955108643,2.215200185775757,2.2456858158111572,2.0452489852905273,2.200526237487793,2.2591044902801514,2.465665817260742,2.4741122722625732,2.6345160007476807,2.705085277557373,2.938122034072876,3.102499485015869,3.3250343799591064
A7,1.8449331521987915,1.6063176393508911,1.2626128196716309,0.9704218506813049,0.6573736071586609,0.37652847170829773,0.0,0.3843420445919037,0.7713682651519775,0.8852186799049377,1.257152795791626,1.4036777019500732,1.7775013446807861,1.97258460521698,2.339698314666748,1.9178310632705688,1.5688954591751099,1.3382956981658936,0.9892251491546631,0.8226614594459534,0.5375933647155762,0.5841730237007141,0.6891781091690063,1.0311946868896484,1.0938999652862549,1.4389475584030151,1.6130706071853638,1.9529162645339966,2.1742923259735107,2.5190789699554443,2.171187162399292,1.8121635913848877,1.641703486442566,1.311528205871582,1.2396562099456787,0.9981395602226257,1.0857337713241577,1.1305140256881714,1.4119465351104736,1.4543367624282837,1.7312288284301758,1.8916404247283936,2.1914453506469727,2.407585620880127,2.719792366027832,2.4958138465881348,2.152806282043457,2.024345874786377,1.725033164024353,1.6996607780456543,1.4772324562072754,1.5724350214004517,1.60251784324646,1.8365532159805298,1.8824716806411743,2.09687876701355,2.2440311908721924,2.505695343017578,2.726975679397583,3.011354446411133,2.898562431335449,2.5769150257110596,2.5019850730895996,2.223176956176758,2.2423627376556396,1.9878790378570557,2.0832176208496094,2.0982015132904053,2.30157470703125,2.361294984817505,2.5289435386657715,2.6485867500305176,2.8814566135406494,3.0846762657165527,3.304262161254883
A8,2.0876827239990234,1.8510957956314087,1.5494698286056519,1.228541374206543,0.9859051704406738,0.6323617100715637,0.3843420445919037,0.0,0.41037824749946594,0.6148273944854736,0.9794785380363464,1.207318663597107,1.5587158203125,1.8103774785995483,2.164271593093872,2.012770414352417,1.6444170475006104,1.4785994291305542,1.0957496166229248,1.0262526273727417,0.6934539675712585,0.6886987090110779,0.5569493770599365,0.7809388041496277,0.8621881604194641,1.17366623878479,1.4015330076217651,1.7125242948532104,1.9765925407409668,2.304399251937866,2.203408718109131,1.8213720321655273,1.710856556892395,1.353115439414978,1.3588054180145264,1.083109974861145,1.1395331621170044,1.0475969314575195,1.2317463159561157,1.2742881774902344,1.5009396076202393,1.6897670030593872,1.9537239074707031,2.1998274326324463,2.4910714626312256,2.4885263442993164,2.1243157386779785,2.0498383045196533,1.7304556369781494,1.7700488567352295,1.5272037982940674,1.6034367084503174,1.5399192571640015,1.6960946321487427,1.7374029159545898,1.900220274925232,2.0585150718688965,2.2818312644958496,2.5196900367736816,2.7782082557678223,2.85536789894104,2.521216869354248,2.493173122406006,2.2034287452697754,2.276747703552246,2.00826096534729,2.096531867980957,2.042966365814209,2.1831443309783936,2.23675799369812,2.3577499389648438,2.479248523712158,2.673952102661133,2.881075859069824,3.0681252479553223
A9,2.2591702938079834,2.0508766174316406,1.7992613315582275,1.4823036193847656,1.3073498010635376,0.9302586913108826,0.7713682651519775,0.41037824749946594,0.0,0.37070608139038086,0.6524324417114258,0.9550585746765137,1.2704936265945435,1.5672575235366821,1.9059422016143799,2.007551908493042,1.6411160230636597,1.5457555055618286,1.1638214588165283,1.1925472021102905,0.8779878616333008,0.8761849403381348,0.5845538377761841,0.5532588958740234,0.5828772187232971,0.8213553428649902,1.0922324657440186,1.3684357404708862,1.6678500175476074,1.9791998863220215,2.113237142562866,1.7221728563308716,1.6811391115188599,1.321376085281372,1.4164180755615234,1.1515045166015625,1.210042119026184,1.0048835277557373,1.0468850135803223,1.039867639541626,1.1881028413772583,1.38335382938385,1.605400800704956,1.8715424537658691,2.1423957347869873,2.3491945266723633,1.9749542474746704,1.9637360572814941,1.6448315382003784,1.7614123821258545,1.530730128288269,1.6144624948501587,1.4727894067764282,1.530487060546875,1.5305187702178955,1.6245503425598145,1.7705715894699097,1.9503684043884277,2.1923012733459473,2.425304412841797,2.6775057315826416,2.341801643371582,2.368114471435547,2.085653781890869,2.222207546234131,1.964367389678955,2.0681099891662598,1.9601411819458008,2.0268023014068604,2.045658826828003,2.1095082759857178,2.211338758468628,2.3645637035369873,2.562251091003418,2.7188425064086914
A10,2.034520149230957,1.8345904350280762,1.6412519216537476,1.3311657905578613,1.2522454261779785,0.8881348967552185,0.8852186799049377,0.6148273944854736,0.37070608139038086,0.0,0.37580081820487976,0.6124189496040344,0.9464102387428284,1.221044659614563,1.5647176504135132,1.7257243394851685,1.3532053232192993,1.3249733448028564,0.9663545489311218,1.108009696006775,0.8831833600997925,1.0191090106964111,0.8121733665466309,0.7572539448738098,0.5718656182289124,0.7312888503074646,0.8852129578590393,1.1474997997283936,1.4027454853057861,1.709012746810913,1.8757941722869873,1.4915390014648438,1.5072511434555054,1.1929845809936523,1.3669161796569824,1.1887454986572266,1.3483436107635498,1.1950223445892334,1.2182130813598633,1.091549277305603,1.1879665851593018,1.2813336849212646,1.478251576423645,1.6881831884384155,1.9443635940551758,2.1640594005584717,1.812449336051941,1.8421262502670288,1.5754382610321045,1.7420417070388794,1.5839152336120605,1.7449582815170288,1.6430875062942505,1.6874738931655884,1.6042853593826294,1.6651086807250977,1.7322754859924316,1.8917983770370483,2.080456495285034,2.30018949508667,2.544865131378174,2.2411036491394043,2.297943115234375,2.064922571182251,2.2325778007507324,2.0277833938598633,2.193087577819824,2.1197474002838135,2.1786067485809326,2.1348676681518555,2.176340341567993,2.215391159057617,2.3548545837402344,2.5031039714813232,2.6509206295013428
A11,2.18991756439209,2.0229737758636475,1.887403130531311,1.6005823612213135,1.577729344367981,1.2303621768951416,1.257152795791626,0.9794785380363464,0.6524324417114258,0.37580081820487976,0.0,0.3759581446647644,0.6227185130119324,0.947176456451416,1.2649418115615845,1.7293089628219604,1.3839970827102661,1.4437519311904907,1.1375720500946045,1.3537993431091309,1.1786738634109497,1.3172060251235962,1.0783909559249878,0.889930009841919,0.6120809316635132,0.5493881106376648,0.6383464336395264,0.8140278458595276,1.0847446918487549,1.3626617193222046,1.8074376583099365,1.4394410848617554,1.5426108837127686,1.2730374336242676,1.5234696865081787,1.3908475637435913,1.5607186555862427,1.3657842874526978,1.2824273109436035,1.0791488885879517,1.0534718036651611,1.082180142402649,1.1990352869033813,1.3926215171813965,1.6114037036895752,2.0583126544952393,1.7208317518234253,1.825352430343628,1.5953313112258911,1.8314404487609863,1.7142434120178223,1.8928148746490479,1.754595160484314,1.7182923555374146,1.5735151767730713,1.5514742136001587,1.563022255897522,1.658947229385376,1.8184223175048828,1.9995468854904175,2.41352915763855,2.130112648010254,2.247122049331665,2.0482070446014404,2.272716522216797,2.1020655632019043,2.2916505336761475,2.1919491291046143,2.189138650894165,2.094930648803711,2.075469970703125,2.0671768188476562,2.1561105251312256,2.2682063579559326,2.3786633014678955
A12,1.9589359760284424,1.8303992748260498,1.7591882944107056,1.5181461572647095,1.5750080347061157,1.277906060218811,1.4036777019500732,1.207318663597107,0.9550585746765137,0.6124189496040344,0.3759581446647644,0.0,0.38824811577796936,0.6144219636917114,0.9738225936889648,1.4144703149795532,1.0905481576919556,1.2283207178115845,0.9982139468193054,1.2974376678466797,1.2252854108810425,1.441819190979004,1.28334641456604,1.1355211734771729,0.7853212952613831,0.6961565613746643,0.5556453466415405,0.7096084356307983,0.8605969548225403,1.1504690647125244,1.5194584131240845,1.1767863035202026,1.34038245677948,1.150089144706726,1.4564474821090698,1.4179112911224365,1.6589361429214478,1.5303555727005005,1.4684288501739502,1.192408561706543,1.154309630393982,1.0592174530029297,1.1651666164398193,1.2610491514205933,1.4760863780975342,1.8221943378448486,1.5233038663864136,1.660460352897644,1.5013076066970825,1.7677974700927734,1.7283583879470825,1.9694445133209229,1.8865947723388672,1.8644390106201172,1.6573748588562012,1.6315454244613647,1.5621259212493896,1.6574528217315674,1.7466130256652832,1.9284310340881348,2.2333474159240723,1.992113709449768,2.125699043273926,1.9851466417312622,2.2228689193725586,2.1110565662384033,2.3532986640930176,2.3021533489227295,2.31209659576416,2.166599988937378,2.1473283767700195,2.079899549484253,2.174077033996582,2.233978271484375,2.3550095558166504
A13,2.1986050605773926,2.0851821899414062,2.0676071643829346,1.8387295007705688,1.9339675903320312,1.6486618518829346,1.7775013446807861,1.5587158203125,1.2704936265945435,0.9464102387428284,0.6227185130119324,0.38824811577796936,0.0,0.37626001238822937,0.644599199295044,1.5755220651626587,1.3049070835113525,1.5188589096069336,1.34553861618042,1.667906641960144,1.6125770807266235,1.8223568201065063,1.6396468877792358,1.438263177871704,1.093002438545227,0.8849721550941467,0.676568329334259,0.596440315246582,0.6750372648239136,0.8591882586479187,1.6397724151611328,1.351454496383667,1.5902358293533325,1.4576647281646729,1.792540431022644,1.77723228931427,2.0119431018829346,1.856764316558838,1.7345473766326904,1.4362468719482422,1.3020614385604858,1.1432759761810303,1.118003487586975,1.1481274366378784,1.268660306930542,1.9094891548156738,1.6538469791412354,1.8599462509155273,1.7492214441299438,2.054435968399048,2.0433509349823,2.285397529602051,2.176539182662964,2.097956895828247,1.8581863641738892,1.7585737705230713,1.6338891983032227,1.6419731378555298,1.6752102375030518,1.7851365804672241,2.292235851287842,2.0908172130584717,2.2819340229034424,2.1833720207214355,2.460536479949951,2.378706932067871,2.630777359008789,2.5581142902374268,2.5186798572540283,2.3386528491973877,2.261964797973633,2.1480164527893066,2.178342342376709,2.1860530376434326,2.249145269393921
A14,2.0525550842285156,1.9878904819488525,2.036449432373047,1.8631099462509155,2.0178160667419434,1.7838376760482788,1.97258460521698,1.8103774785995483,1.5672575235366821,1.221044659614563,0.947176456451416,0.6144219636917114,0.37626001238822937,0.0,0.39127543568611145,1.3542184829711914,1.150412917137146,1.4379154443740845,1.3612695932388306,1.7211092710494995,1.7450920343399048,1.997745394706726,1.8726887702941895,1.704888939857483,1.3354134559631348,1.1490434408187866,0.8457804322242737,0.7503220438957214,0.6222007274627686,0.7634838819503784,1.4357579946517944,1.2141916751861572,1.506820559501648,1.4677401781082153,1.8248575925827026,1.8851025104522705,2.1625988483428955,2.060403823852539,1.9614794254302979,1.628771424293518,1.5030549764633179,1.2658079862594604,1.2345726490020752,1.1513160467147827,1.248421549797058,1.7465248107910156,1.555030345916748,1.7883267402648926,1.756103754043579,2.072652816772461,2.128359079360962,2.412214517593384,2.3506226539611816,2.2888410091400146,2.010699987411499,1.9171364307403564,1.7317177057266235,1.7414520978927612,1.701426386833191,1.806057333946228,2.1742746829986572,2.028404712677002,2.2309257984161377,2.1942014694213867,2.4739181995391846,2.447383403778076,2.737532377243042,2.7079834938049316,2.682832717895508,2.4657342433929443,2.394592046737671,2.232882022857666,2.2696070671081543,2.226627826690674,2.3002209663391113
A15,2.3198750019073486,2.263192892074585,2.354612112045288,2.1901986598968506,2.3719844818115234,2.1477861404418945,2.339698314666748,2.164271593093872,1.9059422016143799,1.5647176504135132,1.2649418115615845,0.9738225936889648,0.644599199295044,0.39127543568611145,0.0,1.6138038635253906,1.464523196220398,1.7849712371826172,1.7385951280593872,2.1043541431427,2.133573055267334,2.3853695392608643,2.246427297592163,2.0558159351348877,1.6935248374938965,1.4655252695083618,1.1668108701705933,0.9624192714691162,0.764098584651947,0.6951843500137329,1.6815898418426514,1.523205280303955,1.8456416130065918,1.8407294750213623,2.2033724784851074,2.2729406356811523,2.546557664871216,2.4300742149353027,2.3021063804626465,1.965832233428955,1.7934260368347168,1.5341079235076904,1.4150047302246094,1.2702643871307373,1.2487837076187134,1.9608564376831055,1.8219010829925537,2.092379093170166,2.0954859256744385,2.4263412952423096,2.497814893722534,2.780398368835449,2.7047407627105713,2.6118476390838623,2.3199267387390137,2.1825480461120605,1.9652254581451416,1.9080613851547241,1.8142645359039307,1.8413801193237305,2.3567957878112793,2.256373167037964,2.4958770275115967,2.494300365447998,2.7938365936279297,2.7887697219848633,3.083117723464966,3.0415048599243164,2.985867500305176,2.748784303665161,2.639171600341797,2.444901704788208,2.429750680923462,2.3378031253814697,2.3551852703094482
B1,0.979034423828125,1.1631250381469727,1.2981116771697998,1.3930517435073853,1.6103039979934692,1.6082652807235718,1.9178310632705688,2.012770414352417,2.007551908493042,1.7257243394851685,1.7293089628219604,1.4144703149795532,1.5755220651626587,1.3542184829711914,1.6138038635253906,0.0,0.3875989317893982,0.6069259643554688,0.9389054179191589,1.2079956531524658,1.5040435791015625,1.8270466327667236,1.9701528549194336,2.031435966491699,1.7228773832321167,1.7960399389266968,1.525521993637085,1.7223697900772095,1.5699375867843628,1.835955262184143,0.6934728622436523,0.6918162107467651,0.7824529409408569,1.037482500076294,1.2534509897232056,1.544713020324707,1.9111130237579346,2.067042350769043,2.1794931888580322,1.8839268684387207,1.9858864545822144,1.7639544010162354,1.9724841117858887,1.8640974760055542,2.1173596382141113,1.2740353345870972,1.2237730026245117,1.2347830533981323,1.3716027736663818,1.5214650630950928,1.742285132408142,2.1125919818878174,2.2825098037719727,2.4127371311187744,2.1544744968414307,2.2602789402008057,2.090603828430176,2.3015236854553223,2.2539234161376953,2.5119822025299072,1.8884735107421875,1.8128130435943604,1.8217898607254028,1.8717381954193115,1.987215280532837,2.0719027519226074,2.421102285385132,2.5926856994628906,2.739866256713867,2.5339558124542236,2.6329846382141113,2.4890732765197754,2.6999428272247314,2.6823339462280273,2.9226295948028564
B2,0.9920201301574707,1.0432018041610718,1.1029036045074463,1.1073150634765625,1.3088339567184448,1.260062336921692,1.5688954591751099,1.6444170475006104,1.6411160230636597,1.3532053232192993,1.3839970827102661,1.0905481576919556,1.3049070835113525,1.150412917137146,1.464523196220398,0.3875989317893982,0.0,0.3811618983745575,0.6083023548126221,0.9362971782684326,1.1912789344787598,1.5316646099090576,1.6500955820083618,1.718590259552002,1.4107979536056519,1.509505271911621,1.278070330619812,1.5100284814834595,1.4266942739486694,1.7247302532196045,0.8799319863319397,0.6856516003608704,0.7520608901977539,0.8573647141456604,1.0967190265655518,1.3186513185501099,1.6861064434051514,1.8098323345184326,1.928566336631775,1.6489078998565674,1.7649229764938354,1.5878350734710693,1.8117694854736328,1.7640982866287231,2.0322518348693848,1.4245240688323975,1.2666937112808228,1.2747868299484253,1.3001763820648193,1.4596991539001465,1.6026288270950317,1.9555566310882568,2.0891923904418945,2.2208316326141357,1.989698886871338,2.0987884998321533,1.9718824625015259,2.185213565826416,2.187778949737549,2.447571039199829,2.013453960418701,1.868505835533142,1.88461172580719,1.8577865362167358,1.9846802949905396,1.9981592893600464,2.3213934898376465,2.4537322521209717,2.597151517868042,2.422929048538208,2.519031047821045,2.4121835231781006,2.6176326274871826,2.637028455734253,2.8636624813079834
B3,0.9122974276542664,0.9562927484512329,0.8971229791641235,0.9273185133934021,1.0532898902893066,1.0419474840164185,1.3382956981658936,1.4785994291305542,1.5457555055618286,1.3249733448028564,1.4437519311904907,1.2283207178115845,1.5188589096069336,1.4379154443740845,1.7849712371826172,0.6069259643554688,0.3811618983745575,0.0,0.3871961534023285,0.6056948304176331,0.9196037650108337,1.2532856464385986,1.4426692724227905,1.5854723453521729,1.3393768072128296,1.5251648426055908,1.3700332641601562,1.6708511114120483,1.6518990993499756,1.9880489110946655,0.9953406453132629,0.765798032283783,0.6346197128295898,0.67323899269104,0.8010227680206299,1.0339349508285522,1.4026917219161987,1.5878608226776123,1.7758253812789917,1.5496904850006104,1.7425627708435059,1.631148338317871,1.9178166389465332,1.9262042045593262,2.2363317012786865,1.487729549407959,1.289555549621582,1.191062092781067,1.1568435430526733,1.2284072637557983,1.3454066514968872,1.6890772581100464,1.8675540685653687,2.0596892833709717,1.8762171268463135,2.0494463443756104,1.9792767763137817,2.245203733444214,2.2962467670440674,2.5937294960021973,2.048926830291748,1.8629193305969238,1.8087728023529053,1.7323185205459595,1.796517014503479,1.7778918743133545,2.0795211791992188,2.2411088943481445,2.4342854022979736,2.3021280765533447,2.449819564819336,2.3919479846954346,2.640789747238159,2.706611156463623,2.966712236404419
B4,1.1837760210037231,1.1083043813705444,0.9404568076133728,0.8234202265739441,0.8516290783882141,0.7254608273506165,0.9892251491546631,1.0957496166229248,1.1638214588165283,0.9663545489311218,1.1375720500946045,0.9982139468193054,1.34553861618042,1.3612695932388306,1.7385951280593872,0.9389054179191589,0.6083023548126221,0.3871961534023285,0.0,0.3800053894519806,0.5840531587600708,0.934211254119873,1.0854883193969727,1.2394160032272339,1.0142238140106201,1.2461234331130981,1.1685514450073242,1.5040620565414429,1.5688726902008057,1.924220323562622,1.2239665985107422,0.8977779746055603,0.7716752886772156,0.592488169670105,0.7213757038116455,0.8134371638298035,1.1650660037994385,1.2986117601394653,1.4911354780197144,1.297021508216858,1.5104758739471436,1.4659405946731567,1.7659615278244019,1.843133568763733,2.1626527309417725,1.6458299160003662,1.3689494132995605,1.2811901569366455,1.1296088695526123,1.2107666730880737,1.2192538976669312,1.5231877565383911,1.64653480052948,1.8333765268325806,1.6877466440200806,1.8633795976638794,1.8469960689544678,2.112086772918701,2.216561794281006,2.512568235397339,2.1545403003692627,1.9108376502990723,1.8697657585144043,1.7191143035888672,1.7988556623458862,1.702394962310791,1.9638864994049072,2.071685791015625,2.252871513366699,2.1577463150024414,2.299335479736328,2.283879280090332,2.523775339126587,2.6285135746002197,2.873892307281494
B5,1.2671533823013306,1.1881738901138306,0.9124181866645813,0.8205954432487488,0.6968265771865845,0.6246880888938904,0.8226614594459534,1.0262526273727417,1.1925472021102905,1.108009696006775,1.3537993431091309,1.2974376678466797,1.667906641960144,1.7211092710494995,2.1043541431427,1.2079956531524658,0.9362971782684326,0.6056948304176331,0.3800053894519806,0.0,0.367940753698349,0.6838133335113525,0.9533171057701111,1.2123438119888306,1.0971115827560425,1.4043760299682617,1.4067118167877197,1.773086667060852,1.8768870830535889,2.2468037605285645,1.4411931037902832,1.1342829465866089,0.8928596377372742,0.6602120399475098,0.5711458921432495,0.6008281707763672,0.9238418936729431,1.1426990032196045,1.4257694482803345,1.3183923959732056,1.6053097248077393,1.6310580968856812,1.9714590311050415,2.0894954204559326,2.432891607284546,1.8049628734588623,1.5163326263427734,1.3422726392745972,1.1368733644485474,1.101281762123108,1.0482596158981323,1.3121823072433472,1.4863595962524414,1.7459311485290527,1.668774962425232,1.908742070198059,1.9531129598617554,2.25866961479187,2.4026734828948975,2.724658489227295,2.2702839374542236,2.0000123977661133,1.8934755325317383,1.695858359336853,1.7015175819396973,1.5616445541381836,1.7796003818511963,1.915869951248169,2.1528127193450928,2.112375020980835,2.306715488433838,2.3441665172576904,2.620793342590332,2.7671074867248535,3.0392563343048096
B6,1.5983936786651611,1.463266372680664,1.1556909084320068,0.9618260264396667,0.7331941723823547,0.5003356337547302,0.5375933647155762,0.6934539675712585,0.8779878616333008,0.8831833600997925,1.1786738634109497,1.2252854108810425,1.6125770807266235,1.7450920343399048,2.133573055267334,1.5040435791015625,1.1912789344787598,0.9196037650108337,0.5840531587600708,0.367940753698349,0.0,0.36908406019210815,0.604708731174469,0.9078336954116821,0.8704173564910889,1.2225685119628906,1.3205336332321167,1.6952062845230103,1.8692647218704224,2.2409894466400146,1.6744378805160522,1.3247826099395752,1.1191985607147217,0.787431538105011,0.7092046141624451,0.5208189487457275,0.7488744854927063,0.8854510188102722,1.1786009073257446,1.1354663372039795,1.4393589496612549,1.542163610458374,1.881516695022583,2.0600602626800537,2.4021809101104736,1.9786125421524048,1.6438512802124023,1.4934548139572144,1.209456443786621,1.188781976699829,1.0213367938995361,1.2077912092208862,1.303765892982483,1.552061676979065,1.5282076597213745,1.7661813497543335,1.8685535192489624,2.1651816368103027,2.3569438457489014,2.671238899230957,2.3876876831054688,2.0774335861206055,1.9886754751205444,1.7337627410888672,1.756998896598816,1.5461671352386475,1.7084630727767944,1.7776488065719604,1.9951730966567993,1.9979405403137207,2.1825335025787354,2.2640435695648193,2.5266897678375244,2.7086246013641357,2.963618040084839
B7,1.9335354566574097,1.8046562671661377,1.4708706140518188,1.2797542810440063,0.9828938245773315,0.7532935738563538,0.5841730237007141,0.6886987090110779,0.8761849403381348,1.0191090106964111,1.3172060251235962,1.441819190979004,1.8223568201065063,1.997745394706726,2.3853695392608643,1.8270466327667236,1.5316646099090576,1.2532856464385986,0.934211254119873,0.6838133335113525,0.36908406019210815,0.0,0.39069223403930664,0.7715996503829956,0.8882158994674683,1.264204978942871,1.4450629949569702,1.8224854469299316,2.041858673095703,2.416944980621338,1.9062108993530273,1.5568716526031494,1.3300161361694336,0.9685388207435608,0.816369354724884,0.48482266068458557,0.5017144680023193,0.6202419400215149,0.9772376418113708,1.0518555641174316,1.3959542512893677,1.5794062614440918,1.9319932460784912,2.159149169921875,2.5110950469970703,2.1255648136138916,1.769915223121643,1.5952177047729492,1.2563247680664062,1.1849358081817627,0.914634108543396,0.9885669350624084,1.0504385232925415,1.3322854042053223,1.3934714794158936,1.6663846969604492,1.838610053062439,2.1501882076263428,2.387665033340454,2.7115135192871094,2.4580607414245605,2.116255283355713,2.003668785095215,1.6952959299087524,1.6881253719329834,1.4128201007843018,1.4997073411941528,1.5347272157669067,1.7688509225845337,1.8342701196670532,2.04424786567688,2.184685707092285,2.4596872329711914,2.6857190132141113,2.948474645614624
B8,2.193819999694824,2.0461654663085938,1.7397782802581787,1.496633768081665,1.232235312461853,0.9146806001663208,0.6891781091690063,0.5569493770599365,0.5845538377761841,0.8121733665466309,1.0783909559249878,1.28334641456604,1.6396468877792358,1.8726887702941895,2.246427297592163,1.9701528549194336,1.6500955820083618,1.4426692724227905,1.0854883193969727,0.9533171057701111,0.604708731174469,0.39069223403930664,0.0,0.40988072752952576,0.6243080496788025,0.9884063601493835,1.247256875038147,1.599984884262085,1.8713107109069824,2.2306864261627197,1.994699239730835,1.6198700666427612,1.4666529893875122,1.0786370038986206,1.0372294187545776,0.6920247673988342,0.6468943357467651,0.49067360162734985,0.7258815765380859,0.832461953163147,1.1386241912841797,1.3772118091583252,1.698325276374817,1.968631386756897,2.3019320964813232,2.170814037322998,1.7897183895111084,1.681536316871643,1.3186581134796143,1.3336572647094727,1.0399565696716309,1.0718600749969482,0.9831374883651733,1.161456823348999,1.2320845127105713,1.4503741264343262,1.6515473127365112,1.9251787662506104,2.19130277633667,2.490323066711426,2.459315061569214,2.1001243591308594,2.043872594833374,1.7189323902130127,1.7793165445327759,1.4834414720535278,1.5506821870803833,1.4864078760147095,1.639696478843689,1.7074744701385498,1.8642017841339111,2.0172574520111084,2.251466989517212,2.4903721809387207,2.719160556793213
B9,2.4121527671813965,2.281525135040283,2.0196425914764404,1.7674609422683716,1.5591349601745605,1.2110081911087036,1.0311946868896484,0.7809388041496277,0.5532588958740234,0.7572539448738098,0.889930009841919,1.1355211734771729,1.438263177871704,1.704888939857483,2.0558159351348877,2.031435966491699,1.718590259552002,1.5854723453521729,1.2394160032272339,1.2123438119888306,0.9078336954116821,0.7715996503829956,0.40988072752952576,0.0,0.3792635202407837,0.6610459685325623,0.9859871864318848,1.3009334802627563,1.6105613708496094,1.9514238834381104,1.9639862775802612,1.5858489274978638,1.511406660079956,1.134310245513916,1.1983749866485596,0.8984040021896362,0.859933078289032,0.5419800877571106,0.49365317821502686,0.557263970375061,0.7862201929092407,1.0686317682266235,1.3541374206542969,1.6589144468307495,1.9752804040908813,2.0750930309295654,1.6831374168395996,1.64894700050354,1.2888035774230957,1.3981331586837769,1.1285651922225952,1.1597259044647217,0.9529569149017334,0.977263331413269,1.002203106880188,1.1381897926330566,1.345853567123413,1.5778229236602783,1.862146258354187,2.1389966011047363,2.3083648681640625,1.9436306953430176,1.9510842561721802,1.6314141750335693,1.7694480419158936,1.4873448610305786,1.5656644105911255,1.4226511716842651,1.4736648797988892,1.5034117698669434,1.5903527736663818,1.731361985206604,1.9216177463531494,2.1608617305755615,2.3602471351623535
B10,2.1944167613983154,2.0820887088775635,1.8732881546020508,1.6322238445281982,1.502526879310608,1.1559162139892578,1.0938999652862549,0.8621881604194641,0.5828772187232971,0.5718656182289124,0.6120809316635132,0.7853212952613831,1.093002438545227,1.3354134559631348,1.6935248374938965,1.7228773832321167,1.4107979536056519,1.3393768072128296,1.0142238140106201,1.0971115827560425,0.8704173564910889,0.8882158994674683,0.6243080496788025,0.3792635202407837,0.0,0.3772432804107666,0.6333063840866089,0.9763245582580566,1.2607661485671997,1.612912654876709,1.6628724336624146,1.2790690660476685,1.269052505493164,0.9213595390319824,1.0958389043807983,0.8938859701156616,0.998752772808075,0.7735157012939453,0.7006813883781433,0.5198037028312683,0.6664251089096069,0.8290103673934937,1.1119426488876343,1.3728699684143066,1.6903541088104248,1.8151676654815674,1.432041883468628,1.4522417783737183,1.1393351554870605,1.3288421630859375,1.1508787870407104,1.2919645309448242,1.1436347961425781,1.141304612159729,1.032608985900879,1.1121904850006104,1.2140206098556519,1.4277877807617188,1.6586347818374634,1.9296534061431885,2.104170083999634,1.7664421796798706,1.8171974420547485,1.552369236946106,1.7405556440353394,1.525606393814087,1.6879453659057617,1.5892999172210693,1.6231794357299805,1.5633726119995117,1.6138972043991089,1.6709496974945068,1.844054102897644,2.0269477367401123,2.2191617488861084
B11,2.3900599479675293,2.2936887741088867,2.1343295574188232,1.8958549499511719,1.8173766136169434,1.4711657762527466,1.4389475584030151,1.17366623878479,0.8213553428649902,0.7312888503074646,0.5493881106376648,0.6961565613746643,0.8849721550941467,1.1490434408187866,1.4655252695083618,1.7960399389266968,1.509505271911621,1.5251648426055908,1.2461234331130981,1.4043760299682617,1.2225685119628906,1.264204978942871,0.9884063601493835,0.6610459685325623,0.3772432804107666,0.0,0.38175857067108154,0.6416007876396179,0.9706761240959167,1.2947319746017456,1.666916847229004,1.3069822788238525,1.3954533338546753,1.1119980812072754,1.3598750829696655,1.2163217067718506,1.3257802724838257,1.0706976652145386,0.8664239048957825,0.602583110332489,0.504335343837738,0.5961982011795044,0.7850280404090881,1.0631572008132935,1.3496042490005493,1.769317865371704,1.4036002159118652,1.516166090965271,1.2550480365753174,1.5197148323059082,1.393625020980835,1.5417667627334595,1.3503366708755493,1.2373722791671753,1.055198311805725,1.0025756359100342,1.0363386869430542,1.1643333435058594,1.3779908418655396,1.6086864471435547,2.0176913738250732,1.7013516426086426,1.8285666704177856,1.6056320667266846,1.8607571125030518,1.6877092123031616,1.8676284551620483,1.7315994501113892,1.6813057661056519,1.5631524324417114,1.526681900024414,1.527873158454895,1.6323482990264893,1.7799628973007202,1.9270042181015015
B12,2.226696014404297,2.1706602573394775,2.0726234912872314,1.8733978271484375,1.8663365840911865,1.55739426612854,1.6130706071853638,1.4015330076217651,1.0922324657440186,0.8852129578590393,0.6383464336395264,0.5556453466415405,0.676568329334259,0.8457804322242737,1.1668108701705933,1.525521993637085,1.278070330619812,1.3700332641601562,1.1685514450073242,1.4067118167877197,1.3205336332321167,1.4450629949569702,1.247256875038147,0.9859871864318848,0.6333063840866089,0.38175857067108154,0.0,0.38671213388442993,0.6285505890846252,0.989180862903595,1.3704073429107666,1.0362143516540527,1.2115099430084229,1.0182757377624512,1.3411096334457397,1.3025574684143066,1.4915988445281982,1.3127270936965942,1.1427676677703857,0.8001767992973328,0.6647573113441467,0.5048001408576965,0.6536104083061218,0.811120331287384,1.106899619102478,1.4994691610336304,1.1678292751312256,1.3460187911987305,1.172070860862732,1.4912148714065552,1.4608019590377808,1.681471347808838,1.5526477098464966,1.450636863708496,1.186648964881897,1.10826575756073,1.0085431337356567,1.113242506980896,1.2286934852600098,1.4554598331451416,1.8001664876937866,1.530689001083374,1.6983842849731445,1.5509092807769775,1.8370929956436157,1.739058256149292,1.9821462631225586,1.8985530138015747,1.8532201051712036,1.6659890413284302,1.614187479019165,1.5272784233093262,1.6218682527542114,1.6946595907211304,1.8440314531326294
B13,2.4838929176330566,2.4316022396087646,2.3748128414154053,2.17284893989563,2.1998496055603027,1.8905478715896606,1.9529162645339966,1.7125242948532104,1.3684357404708862,1.1474997997283936,0.8140278458595276,0.7096084356307983,0.596440315246582,0.7503220438957214,0.9624192714691162,1.7223697900772095,1.5100284814834595,1.6708511114120483,1.5040620565414429,1.773086667060852,1.6952062845230103,1.8224854469299316,1.599984884262085,1.3009334802627563,0.9763245582580566,0.6416007876396179,0.38671213388442993,0.0,0.3740740716457367,0.6541613936424255,1.5371253490447998,1.2630655765533447,1.5075806379318237,1.371436357498169,1.710196614265442,1.6872305870056152,1.866353988647461,1.6617625951766968,1.4374674558639526,1.104550838470459,0.8571171164512634,0.6329810619354248,0.5227599143981934,0.6073876619338989,0.7994733452796936,1.6225520372390747,1.3462021350860596,1.5959268808364868,1.4778162240982056,1.822485327720642,1.8151999711990356,2.026188850402832,1.8681081533432007,1.7045884132385254,1.420644760131836,1.2460707426071167,1.080793023109436,1.0479934215545654,1.0953891277313232,1.2301270961761475,1.8742128610610962,1.6520053148269653,1.886191487312317,1.786431074142456,2.1092143058776855,2.0407769680023193,2.2832469940185547,2.171511173248291,2.0671191215515137,1.848312497138977,1.7219834327697754,1.5815739631652832,1.585580587387085,1.5959196090698242,1.6693222522735596
