0.000000000000000000e+00,3.847408890724182129e-01,6.356031894683837891e-01,9.687848687171936035e-01,1.261133432388305664e+00,1.589402198791503906e+00,1.923740029335021973e+00,2.059177875518798828e+00,2.079190254211425781e+00,1.765631198883056641e+00,1.743959069252014160e+00,1.415324568748474121e+00,1.527749061584472656e+00,1.321413278579711914e+00,1.582854986190795898e+00,4.596604406833648682e-01,5.520870089530944824e-01,6.707966327667236328e-01,9.834349155426025391e-01,1.233566641807556152e+00,1.590847969055175781e+00,1.962544679641723633e+00,2.052507400512695312e+00,2.103904962539672852e+00,1.795932292938232422e+00,1.834252953529357910e+00,1.566638350486755371e+00,1.706450462341308594e+00,1.567811608314514160e+00,1.825071573257446289e+00,9.545278549194335938e-01,9.771704077720642090e-01,1.018183231353759766e+00,1.221656441688537598e+00,1.420743227005004883e+00,1.728957653045654297e+00,2.115653276443481445e+00,2.175656795501708984e+00,2.257782936096191406e+00,1.981289625167846680e+00,2.038475036621093750e+00,1.823356509208679199e+00,1.974411487579345703e+00,1.890475630760192871e+00,2.134285211563110352e+00,1.448412060737609863e+00,1.439569830894470215e+00,1.454888343811035156e+00,1.579543828964233398e+00,1.731265783309936523e+00,1.974181532859802246e+00,2.349286556243896484e+00,2.390489101409912109e+00,2.502203464508056641e+00,2.267677068710327148e+00,2.326051712036132812e+00,2.152259588241577148e+00,2.305855751037597656e+00,2.255954504013061523e+00,2.474044799804687500e+00,1.956369400024414062e+00,1.923967719078063965e+00,1.942621707916259766e+00,2.006432533264160156e+00,2.125376224517822266e+00,2.321705341339111328e+00,2.677670955657958984e+00,2.698063373565673828e+00,2.817069530487060547e+00,2.611712217330932617e+00,2.669498682022094727e+00,2.525807142257690430e+00,2.688492536544799805e+00,2.658876180648803711e+00,2.829668521881103516e+00
3.847408890724182129e-01,0.000000000000000000e+00,3.920722603797912598e-01,6.434689760208129883e-01,9.906551241874694824e-01,1.289306521415710449e+00,1.646129727363586426e+00,1.750700235366821289e+00,1.764578580856323242e+00,1.437518954277038574e+00,1.423284530639648438e+00,1.109237790107727051e+00,1.250332713127136230e+00,1.108251690864562988e+00,1.409695863723754883e+00,6.703034639358520508e-01,5.032884478569030762e-01,6.075887084007263184e-01,7.842667102813720703e-01,1.072257757186889648e+00,1.380124807357788086e+00,1.762111425399780273e+00,1.800428628921508789e+00,1.849340915679931641e+00,1.542185783386230469e+00,1.581920981407165527e+00,1.345611691474914551e+00,1.496270656585693359e+00,1.418927669525146484e+00,1.688536286354064941e+00,1.114579558372497559e+00,1.007555484771728516e+00,1.048133730888366699e+00,1.138005495071411133e+00,1.353752374649047852e+00,1.597043275833129883e+00,1.976871967315673828e+00,1.983566999435424805e+00,2.064211368560791016e+00,1.803091764450073242e+00,1.853572130203247070e+00,1.674535989761352539e+00,1.822567582130432129e+00,1.789727687835693359e+00,2.028553962707519531e+00,1.589102864265441895e+00,1.499462246894836426e+00,1.523321986198425293e+00,1.565450072288513184e+00,1.729500770568847656e+00,1.908744573593139648e+00,2.263417720794677734e+00,2.253960847854614258e+00,2.361597776412963867e+00,2.149005413055419922e+00,2.196720361709594727e+00,2.056458473205566406e+00,2.199535608291625977e+00,2.189848661422729492e+00,2.393437385559082031e+00,2.085976362228393555e+00,1.996683835983276367e+00,2.029168128967285156e+00,2.031841039657592773e+00,2.164440393447875977e+00,2.305380821228027344e+00,2.632837533950805664e+00,2.608933925628662109e+00,2.719982147216796875e+00,2.540035963058471680e+00,2.582763671875000000e+00,2.470033645629882812e+00,2.617063999176025391e+00,2.614425420761108398e+00,2.759532451629638672e+00
6.356031894683837891e-01,3.920722603797912598e-01,0.000000000000000000e+00,3.770419359207153320e-01,6.334806084632873535e-01,9.737227559089660645e-01,1.326271176338195801e+00,1.491749048233032227e+00,1.582860231399536133e+00,1.306915879249572754e+00,1.397951364517211914e+00,1.164494276046752930e+00,1.406404495239257812e+00,1.360645294189453125e+00,1.705230355262756348e+00,9.061408638954162598e-01,6.827096343040466309e-01,5.386654734611511230e-01,6.002450585365295410e-01,7.809671759605407715e-01,1.082680702209472656e+00,1.472385883331298828e+00,1.552084565162658691e+00,1.676636219024658203e+00,1.428200960159301758e+00,1.558933019638061523e+00,1.405818700790405273e+00,1.634953975677490234e+00,1.639560580253601074e+00,1.950857996940612793e+00,1.307686448097229004e+00,1.134080410003662109e+00,1.042704343795776367e+00,1.041557550430297852e+00,1.160771608352661133e+00,1.359590172767639160e+00,1.731587529182434082e+00,1.767065167427062988e+00,1.915282607078552246e+00,1.712566375732421875e+00,1.835559725761413574e+00,1.730725049972534180e+00,1.940814375877380371e+00,1.977079629898071289e+00,2.254146337509155273e+00,1.752938389778137207e+00,1.604353785514831543e+00,1.541135907173156738e+00,1.512154102325439453e+00,1.600771188735961914e+00,1.725397586822509766e+00,2.059986352920532227e+00,2.071865797042846680e+00,2.236404895782470703e+00,2.078036069869995117e+00,2.184105396270751953e+00,2.107799768447875977e+00,2.300239801406860352e+00,2.349652051925659180e+00,2.586515188217163086e+00,2.224871635437011719e+00,2.084390401840209961e+00,2.055536508560180664e+00,1.999430060386657715e+00,2.074049711227416992e+00,2.161300659179687500e+00,2.463508844375610352e+00,2.458424329757690430e+00,2.616253137588500977e+00,2.485677719116210938e+00,2.574451684951782227e+00,2.517990589141845703e+00,2.704310894012451172e+00,2.754121780395507812e+00,2.922997474670410156e+00
9.687848687171936035e-01,6.434689760208129883e-01,3.770419359207153320e-01,0.000000000000000000e+00,3.938873708248138428e-01,6.487608551979064941e-01,1.019478559494018555e+00,1.142507791519165039e+00,1.232868432998657227e+00,9.633458852767944336e-01,1.100973963737487793e+00,9.405283927917480469e-01,1.239226818084716797e+00,1.296708583831787109e+00,1.665953516960144043e+00,1.159373521804809570e+00,8.380907177925109863e-01,6.883732080459594727e-01,5.146120190620422363e-01,6.822769045829772949e-01,8.654648661613464355e-01,1.245898127555847168e+00,1.259589552879333496e+00,1.385325789451599121e+00,1.160071134567260742e+00,1.313896656036376953e+00,1.232296943664550781e+00,1.485683083534240723e+00,1.572362184524536133e+00,1.893546938896179199e+00,1.487418174743652344e+00,1.230012416839599609e+00,1.137221693992614746e+00,1.011669397354125977e+00,1.126061320304870605e+00,1.223529815673828125e+00,1.564947843551635742e+00,1.536996960639953613e+00,1.684030175209045410e+00,1.514914393424987793e+00,1.641415834426879883e+00,1.596073389053344727e+00,1.811149716377258301e+00,1.910264015197753906e+00,2.185910940170288086e+00,1.885553121566772461e+00,1.672660589218139648e+00,1.613696575164794922e+00,1.503139257431030273e+00,1.595300197601318359e+00,1.641839981079101562e+00,1.937967181205749512e+00,1.893617868423461914e+00,2.052129507064819336e+00,1.927562952041625977e+00,2.028905868530273438e+00,1.999780654907226562e+00,2.187468290328979492e+00,2.284963846206665039e+00,2.513064384460449219e+00,2.325024366378784180e+00,2.134364366531372070e+00,2.114145517349243164e+00,1.999084711074829102e+00,2.082776784896850586e+00,2.109084606170654297e+00,2.371033191680908203e+00,2.319257497787475586e+00,2.467093229293823242e+00,2.369416952133178711e+00,2.447275638580322266e+00,2.430263996124267578e+00,2.605346918106079102e+00,2.689204216003417969e+00,2.839374780654907227e+00
1.261133432388305664e+00,9.906551241874694824e-01,6.334806084632873535e-01,3.938873708248138428e-01,0.000000000000000000e+00,3.786788284778594971e-01,7.243734598159790039e-01,9.563990831375122070e-01,1.168653368949890137e+00,1.010709524154663086e+00,1.263479948043823242e+00,1.206782937049865723e+00,1.550390720367431641e+00,1.657562255859375000e+00,2.036444902420043945e+00,1.450127720832824707e+00,1.147677063941955566e+00,8.896054029464721680e-01,6.477159261703491211e-01,5.735485553741455078e-01,6.560075879096984863e-01,1.014056563377380371e+00,1.088283538818359375e+00,1.321117758750915527e+00,1.200037121772766113e+00,1.446953415870666504e+00,1.454827070236206055e+00,1.755660057067871094e+00,1.892032265663146973e+00,2.232150554656982422e+00,1.748370647430419922e+00,1.474179625511169434e+00,1.290004372596740723e+00,1.098709821701049805e+00,1.081049084663391113e+00,1.091417670249938965e+00,1.391272425651550293e+00,1.401473402976989746e+00,1.631551504135131836e+00,1.546813130378723145e+00,1.747038722038269043e+00,1.776939034461975098e+00,2.038051843643188477e+00,2.185596704483032227e+00,2.485453605651855469e+00,2.113890647888183594e+00,1.870781779289245605e+00,1.739692449569702148e+00,1.572879314422607422e+00,1.576523542404174805e+00,1.551855444908142090e+00,1.804445624351501465e+00,1.787663221359252930e+00,2.009675264358520508e+00,1.953431963920593262e+00,2.114455938339233398e+00,2.149038314819335938e+00,2.377811431884765625e+00,2.521402835845947266e+00,2.774943351745605469e+00,2.521546363830566406e+00,2.297138929367065430e+00,2.220479965209960938e+00,2.056420326232910156e+00,2.075396299362182617e+00,2.041102647781372070e+00,2.263291597366333008e+00,2.235536813735961914e+00,2.433322668075561523e+00,2.392822027206420898e+00,2.518277645111083984e+00,2.556768178939819336e+00,2.766793489456176758e+00,2.895368099212646484e+00,3.067160129547119141e+00
1.589402198791503906e+00,1.289306521415710449e+00,9.737227559089660645e-01,6.487608551979064941e-01,3.786788284778594971e-01,0.000000000000000000e+00,3.937102258205413818e-01,5.924643278121948242e-01,8.568382859230041504e-01,7.875769734382629395e-01,1.115847468376159668e+00,1.177049279212951660e+00,1.544956564903259277e+00,1.734690785408020020e+00,2.115758895874023438e+00,1.726873040199279785e+00,1.384773492813110352e+00,1.147702097892761230e+00,8.171492815017700195e-01,7.095482349395751953e-01,5.643524527549743652e-01,8.295332789421081543e-01,8.129018545150756836e-01,1.071525573730468750e+00,1.030890107154846191e+00,1.311902284622192383e+00,1.415215492248535156e+00,1.727286934852600098e+00,1.934023022651672363e+00,2.272988796234130859e+00,1.965631484985351562e+00,1.645165205001831055e+00,1.467688202857971191e+00,1.195659756660461426e+00,1.160637140274047852e+00,1.044639945030212402e+00,1.266409993171691895e+00,1.202422142028808594e+00,1.437817454338073730e+00,1.418228626251220703e+00,1.628099918365478516e+00,1.731393694877624512e+00,1.994255185127258301e+00,2.199594259262084961e+00,2.494436025619506836e+00,2.280812978744506836e+00,1.993371844291687012e+00,1.865953922271728516e+00,1.634512305259704590e+00,1.632922053337097168e+00,1.522987008094787598e+00,1.711428523063659668e+00,1.635117411613464355e+00,1.851953387260437012e+00,1.847028255462646484e+00,2.008348464965820312e+00,2.099322795867919922e+00,2.323920011520385742e+00,2.514589071273803711e+00,2.759894609451293945e+00,2.647045850753784180e+00,2.382986545562744141e+00,2.310997009277343750e+00,2.095736742019653320e+00,2.116984128952026367e+00,2.018400192260742188e+00,2.185510158538818359e+00,2.111176013946533203e+00,2.299226045608520508e+00,2.302311182022094727e+00,2.421217679977416992e+00,2.505737304687500000e+00,2.706318378448486328e+00,2.870967388153076172e+00,3.027669668197631836e+00
1.923740029335021973e+00,1.646129727363586426e+00,1.326271176338195801e+00,1.019478559494018555e+00,7.243734598159790039e-01,3.937102258205413818e-01,0.000000000000000000e+00,3.857649862766265869e-01,7.594846487045288086e-01,8.690731525421142578e-01,1.245701670646667480e+00,1.396498560905456543e+00,1.778081059455871582e+00,2.008783578872680664e+00,2.395375251770019531e+00,2.011416673660278320e+00,1.669587492942810059e+00,1.404538393020629883e+00,1.051625967025756836e+00,8.501472473144531250e-01,5.328357219696044922e-01,5.910779833793640137e-01,5.702149868011474609e-01,9.201310873031616211e-01,1.023429751396179199e+00,1.360731601715087891e+00,1.550329685211181641e+00,1.886551976203918457e+00,2.139778852462768555e+00,2.490401983261108398e+00,2.186766147613525391e+00,1.844725131988525391e+00,1.629547834396362305e+00,1.305993914604187012e+00,1.192067503929138184e+00,9.540578126907348633e-01,1.058476209640502930e+00,9.817400574684143066e-01,1.271246790885925293e+00,1.355111598968505859e+00,1.614982724189758301e+00,1.796825051307678223e+00,2.087149620056152344e+00,2.341070652008056641e+00,2.651220560073852539e+00,2.441918849945068359e+00,2.121691465377807617e+00,1.957131862640380859e+00,1.670087456703186035e+00,1.612484216690063477e+00,1.412747263908386230e+00,1.517725110054016113e+00,1.428735613822937012e+00,1.679659366607666016e+00,1.752115249633789062e+00,1.953852176666259766e+00,2.112966060638427734e+00,2.362756252288818359e+00,2.601292848587036133e+00,2.862773180007934570e+00,2.753217220306396484e+00,2.452921152114868164e+00,2.349005937576293945e+00,2.082630872726440430e+00,2.064597845077514648e+00,1.893900990486145020e+00,1.995511054992675781e+00,1.912507772445678711e+00,2.124501466751098633e+00,2.189901113510131836e+00,2.338849067687988281e+00,2.482621431350708008e+00,2.703129053115844727e+00,2.913904190063476562e+00,3.083388566970825195e+00
2.059177875518798828e+00,1.750700235366821289e+00,1.491749048233032227e+00,1.142507791519165039e+00,9.563990831375122070e-01,5.924643278121948242e-01,3.857649862766265869e-01,0.000000000000000000e+00,4.047859907150268555e-01,6.180377006530761719e-01,9.973343014717102051e-01,1.236269950866699219e+00,1.599902510643005371e+00,1.885942220687866211e+00,2.255503654479980469e+00,2.103627443313598633e+00,1.733018755912780762e+00,1.532753705978393555e+00,1.154770135879516602e+00,1.051779150962829590e+00,7.227430343627929688e-01,7.153832316398620605e-01,4.561960995197296143e-01,6.823650598526000977e-01,8.231781125068664551e-01,1.125735402107238770e+00,1.377720832824707031e+00,1.687823414802551270e+00,1.986284494400024414e+00,2.316008329391479492e+00,2.236184120178222656e+00,1.869318962097167969e+00,1.712549686431884766e+00,1.365166664123535156e+00,1.325936079025268555e+00,1.063424825668334961e+00,1.124187946319580078e+00,9.112364649772644043e-01,1.104210376739501953e+00,1.200137257575988770e+00,1.408341050148010254e+00,1.627281785011291504e+00,1.883973240852355957e+00,2.170571088790893555e+00,2.455285549163818359e+00,2.456183433532714844e+00,2.116447687149047852e+00,2.002791881561279297e+00,1.696328639984130859e+00,1.699382781982421875e+00,1.481074094772338867e+00,1.556318998336791992e+00,1.370635867118835449e+00,1.546001553535461426e+00,1.621459841728210449e+00,1.772082924842834473e+00,1.950898647308349609e+00,2.163907766342163086e+00,2.423770189285278320e+00,2.656664371490478516e+00,2.740867853164672852e+00,2.426155090332031250e+00,2.366738319396972656e+00,2.087153911590576172e+00,2.121377229690551758e+00,1.938233137130737305e+00,2.015341043472290039e+00,1.857274293899536133e+00,2.007955074310302734e+00,2.075016975402832031e+00,2.175575017929077148e+00,2.329960823059082031e+00,2.511984348297119141e+00,2.731450557708740234e+00,2.867956876754760742e+00
2.079190254211425781e+00,1.764578580856323242e+00,1.582860231399536133e+00,1.232868432998657227e+00,1.168653368949890137e+00,8.568382859230041504e-01,7.594846487045288086e-01,4.047859907150268555e-01,0.000000000000000000e+00,3.788593113422393799e-01,6.919825077056884766e-01,1.004493474960327148e+00,1.337047219276428223e+00,1.661188602447509766e+00,2.011894702911376953e+00,2.060194969177246094e+00,1.678017377853393555e+00,1.551676273345947266e+00,1.180503249168395996e+00,1.183157086372375488e+00,9.021456241607666016e-01,8.973706960678100586e-01,5.341152548789978027e-01,4.655684828758239746e-01,5.625950098037719727e-01,7.899478673934936523e-01,1.092221260070800781e+00,1.371805787086486816e+00,1.705197095870971680e+00,2.016637325286865234e+00,2.134262084960937500e+00,1.754807949066162109e+00,1.665809273719787598e+00,1.318720698356628418e+00,1.369326949119567871e+00,1.132524013519287109e+00,1.192369699478149414e+00,8.829823732376098633e-01,9.194478988647460938e-01,9.691015481948852539e-01,1.096694469451904297e+00,1.331374883651733398e+00,1.550391912460327148e+00,1.859685420989990234e+00,2.122890233993530273e+00,2.310318708419799805e+00,1.961719512939453125e+00,1.908102750778198242e+00,1.602715253829956055e+00,1.681759357452392578e+00,1.483350157737731934e+00,1.562438607215881348e+00,1.299466013908386230e+00,1.370668053627014160e+00,1.406793236732482910e+00,1.487094998359680176e+00,1.661456346511840820e+00,1.833514213562011719e+00,2.102806806564331055e+00,2.310648679733276367e+00,2.565839767456054688e+00,2.247666358947753906e+00,2.240658998489379883e+00,1.966875672340393066e+00,2.065905809402465820e+00,1.901992321014404297e+00,1.983476638793945312e+00,1.761307597160339355e+00,1.834828257560729980e+00,1.870179295539855957e+00,1.910581469535827637e+00,2.052027463912963867e+00,2.192757844924926758e+00,2.408240795135498047e+00,2.516400575637817383e+00
1.765631198883056641e+00,1.437518954277038574e+00,1.306915879249572754e+00,9.633458852767944336e-01,1.010709524154663086e+00,7.875769734382629395e-01,8.690731525421142578e-01,6.180377006530761719e-01,3.788593113422393799e-01,0.000000000000000000e+00,3.832699060440063477e-01,6.423741579055786133e-01,9.898898601531982422e-01,1.299366235733032227e+00,1.656896114349365234e+00,1.755465745925903320e+00,1.367540717124938965e+00,1.296755671501159668e+00,9.499061703681945801e-01,1.062291979789733887e+00,8.970149159431457520e-01,1.037599921226501465e+00,7.532529234886169434e-01,6.586183905601501465e-01,4.965710043907165527e-01,6.295115947723388672e-01,8.291433453559875488e-01,1.095130681991577148e+00,1.396700978279113770e+00,1.707351922988891602e+00,1.861128568649291992e+00,1.493455052375793457e+00,1.457666635513305664e+00,1.154303550720214844e+00,1.292007446289062500e+00,1.159549355506896973e+00,1.328498125076293945e+00,1.066386222839355469e+00,1.068426251411437988e+00,9.768924117088317871e-01,1.037962198257446289e+00,1.168756127357482910e+00,1.358839035034179688e+00,1.620396852493286133e+00,1.874095678329467773e+00,2.080682039260864258e+00,1.758545875549316406e+00,1.751038670539855957e+00,1.497990369796752930e+00,1.638614416122436523e+00,1.526422381401062012e+00,1.689617872238159180e+00,1.457668900489807129e+00,1.503958225250244141e+00,1.445035815238952637e+00,1.479440331459045410e+00,1.567445993423461914e+00,1.711921930313110352e+00,1.928018450736999512e+00,2.122180461883544922e+00,2.384479761123657227e+00,2.100077152252197266e+00,2.130194902420043945e+00,1.907713055610656738e+00,2.049247264862060547e+00,1.957959413528442383e+00,2.107729434967041016e+00,1.905152559280395508e+00,1.960088610649108887e+00,1.922436118125915527e+00,1.932059526443481445e+00,2.002033472061157227e+00,2.122219324111938477e+00,2.285238504409790039e+00,2.382388114929199219e+00
1.743959069252014160e+00,1.423284530639648438e+00,1.397951364517211914e+00,1.100973963737487793e+00,1.263479948043823242e+00,1.115847468376159668e+00,1.245701670646667480e+00,9.973343014717102051e-01,6.919825077056884766e-01,3.832699060440063477e-01,0.000000000000000000e+00,3.820821344852447510e-01,6.507525444030761719e-01,9.988215565681457520e-01,1.327463150024414062e+00,1.685916304588317871e+00,1.310001850128173828e+00,1.347083449363708496e+00,1.066297173500061035e+00,1.281438112258911133e+00,1.196679711341857910e+00,1.356137990951538086e+00,1.078619003295898438e+00,8.708301186561584473e-01,5.963102579116821289e-01,4.691698551177978516e-01,5.838347077369689941e-01,7.560473680496215820e-01,1.071728944778442383e+00,1.350587964057922363e+00,1.753617286682128906e+00,1.402853369712829590e+00,1.466021060943603516e+00,1.219211459159851074e+00,1.449361562728881836e+00,1.385398507118225098e+00,1.574028015136718750e+00,1.300128102302551270e+00,1.194563031196594238e+00,1.008227229118347168e+00,9.289735555648803711e-01,9.768753647804260254e-01,1.076605916023254395e+00,1.317298173904418945e+00,1.529928326606750488e+00,1.951420664787292480e+00,1.651801466941833496e+00,1.727534890174865723e+00,1.521949529647827148e+00,1.741341233253479004e+00,1.687123656272888184e+00,1.874586462974548340e+00,1.621080517768859863e+00,1.581777572631835938e+00,1.449161767959594727e+00,1.388536691665649414e+00,1.407819986343383789e+00,1.478792667388916016e+00,1.658913969993591309e+00,1.809128761291503906e+00,2.248941183090209961e+00,1.991014599800109863e+00,2.087896823883056641e+00,1.907981634140014648e+00,2.114476680755615234e+00,2.073653459548950195e+00,2.248157024383544922e+00,2.018856763839721680e+00,2.006753444671630859e+00,1.910157680511474609e+00,1.850005507469177246e+00,1.862190246582031250e+00,1.923415660858154297e+00,2.043145656585693359e+00,2.099850416183471680e+00
1.415324568748474121e+00,1.109237790107727051e+00,1.164494276046752930e+00,9.405283927917480469e-01,1.206782937049865723e+00,1.177049279212951660e+00,1.396498560905456543e+00,1.236269950866699219e+00,1.004493474960327148e+00,6.423741579055786133e-01,3.820821344852447510e-01,0.000000000000000000e+00,3.909216225147247314e-01,6.586971282958984375e-01,1.029319047927856445e+00,1.350771784782409668e+00,9.887372255325317383e-01,1.104016423225402832e+00,9.079440236091613770e-01,1.212351322174072266e+00,1.247194528579711914e+00,1.487956762313842773e+00,1.290382266044616699e+00,1.124078273773193359e+00,7.746403813362121582e-01,6.234235167503356934e-01,4.740056395530700684e-01,6.080390214920043945e-01,8.130210638046264648e-01,1.113651394844055176e+00,1.448157906532287598e+00,1.129254937171936035e+00,1.253020524978637695e+00,1.090026617050170898e+00,1.383770585060119629e+00,1.424330949783325195e+00,1.685864090919494629e+00,1.478540658950805664e+00,1.389139890670776367e+00,1.123899579048156738e+00,1.028904318809509277e+00,9.351399540901184082e-01,1.012229084968566895e+00,1.152358174324035645e+00,1.369812488555908203e+00,1.695597529411315918e+00,1.440820693969726562e+00,1.556065440177917480e+00,1.425121188163757324e+00,1.683260798454284668e+00,1.714910626411437988e+00,1.967368364334106445e+00,1.767616629600524902e+00,1.736804008483886719e+00,1.538066506385803223e+00,1.468139052391052246e+00,1.394243359565734863e+00,1.455895900726318359e+00,1.557193875312805176e+00,1.709654927253723145e+00,2.046353101730346680e+00,1.835340142250061035e+00,1.955713748931884766e+00,1.838406324386596680e+00,2.066376447677612305e+00,2.096607923507690430e+00,2.329519987106323242e+00,2.141412734985351562e+00,2.135761022567749023e+00,1.982127428054809570e+00,1.920000553131103516e+00,1.862015843391418457e+00,1.923430800437927246e+00,1.983716726303100586e+00,2.050766229629516602e+00
1.527749061584472656e+00,1.250332713127136230e+00,1.406404495239257812e+00,1.239226818084716797e+00,1.550390720367431641e+00,1.544956564903259277e+00,1.778081059455871582e+00,1.599902510643005371e+00,1.337047219276428223e+00,9.898898601531982422e-01,6.507525444030761719e-01,3.909216225147247314e-01,0.000000000000000000e+00,3.854305744171142578e-01,6.767147183418273926e-01,1.440049886703491211e+00,1.136845946311950684e+00,1.353654861450195312e+00,1.236328363418579102e+00,1.571413516998291016e+00,1.634293198585510254e+00,1.873121619224548340e+00,1.664171338081359863e+00,1.457153916358947754e+00,1.108088374137878418e+00,8.547106385231018066e-01,6.248133182525634766e-01,4.906163513660430908e-01,5.975673198699951172e-01,7.918127179145812988e-01,1.512494206428527832e+00,1.256298542022705078e+00,1.473976373672485352e+00,1.381964445114135742e+00,1.712424039840698242e+00,1.785350084304809570e+00,2.044469594955444336e+00,1.827161073684692383e+00,1.685557961463928223e+00,1.392813205718994141e+00,1.205799698829650879e+00,1.032433629035949707e+00,9.633646607398986816e-01,1.013595700263977051e+00,1.129307508468627930e+00,1.739288687705993652e+00,1.540195107460021973e+00,1.736179947853088379e+00,1.663652777671813965e+00,1.965809226036071777e+00,2.033827781677246094e+00,2.290445566177368164e+00,2.078107118606567383e+00,1.993203520774841309e+00,1.756585478782653809e+00,1.611145853996276855e+00,1.470517396926879883e+00,1.434796333312988281e+00,1.463018178939819336e+00,1.534148573875427246e+00,2.080398321151733398e+00,1.918128609657287598e+00,2.102733850479125977e+00,2.035472154617309570e+00,2.307379484176635742e+00,2.374889612197875977e+00,2.617275238037109375e+00,2.412449359893798828e+00,2.357014417648315430e+00,2.164420604705810547e+00,2.041745662689208984e+00,1.926722407341003418e+00,1.916263580322265625e+00,1.911889910697937012e+00,1.918312668800354004e+00
1.321413278579711914e+00,1.108251690864562988e+00,1.360645294189453125e+00,1.296708583831787109e+00,1.657562255859375000e+00,1.734690785408020020e+00,2.008783578872680664e+00,1.885942220687866211e+00,1.661188602447509766e+00,1.299366235733032227e+00,9.988215565681457520e-01,6.586971282958984375e-01,3.854305744171142578e-01,0.000000000000000000e+00,4.064905941486358643e-01,1.213119506835937500e+00,9.884659647941589355e-01,1.291761279106140137e+00,1.285847783088684082e+00,1.655754566192626953e+00,1.800150871276855469e+00,2.078299283981323242e+00,1.924840807914733887e+00,1.743620991706848145e+00,1.371695518493652344e+00,1.138081312179565430e+00,8.166464567184448242e-01,6.503410339355468750e-01,4.982644915580749512e-01,6.444270610809326172e-01,1.299272537231445312e+00,1.127612948417663574e+00,1.410077929496765137e+00,1.418841600418090820e+00,1.776132941246032715e+00,1.926011681556701660e+00,2.224366903305053711e+00,2.058311939239501953e+00,1.929830551147460938e+00,1.600753545761108398e+00,1.419121980667114258e+00,1.160085201263427734e+00,1.069677829742431641e+00,9.817849993705749512e-01,1.071391582489013672e+00,1.560037016868591309e+00,1.438595771789550781e+00,1.676137447357177734e+00,1.687736749649047852e+00,2.009466409683227539e+00,2.147118091583251953e+00,2.444151639938354492e+00,2.277127265930175781e+00,2.199121475219726562e+00,1.921999573707580566e+00,1.776305317878723145e+00,1.565640687942504883e+00,1.519448757171630859e+00,1.457089304924011230e+00,1.518819093704223633e+00,1.939588308334350586e+00,1.843205690383911133e+00,2.051232814788818359e+00,2.052569866180419922e+00,2.336597681045532227e+00,2.465863943099975586e+00,2.749622344970703125e+00,2.581778526306152344e+00,2.530965566635131836e+00,2.296504735946655273e+00,2.175354719161987305e+00,2.001247167587280273e+00,1.988785505294799805e+00,1.921598792076110840e+00,1.936587929725646973e+00
1.582854986190795898e+00,1.409695863723754883e+00,1.705230355262756348e+00,1.665953516960144043e+00,2.036444902420043945e+00,2.115758895874023438e+00,2.395375251770019531e+00,2.255503654479980469e+00,2.011894702911376953e+00,1.656896114349365234e+00,1.327463150024414062e+00,1.029319047927856445e+00,6.767147183418273926e-01,4.064905941486358643e-01,0.000000000000000000e+00,1.477177619934082031e+00,1.325694084167480469e+00,1.660569071769714355e+00,1.685422062873840332e+00,2.058078765869140625e+00,2.205426931381225586e+00,2.479779720306396484e+00,2.311224460601806641e+00,2.108008384704589844e+00,1.742446660995483398e+00,1.470111012458801270e+00,1.158747673034667969e+00,8.921671509742736816e-01,6.590327620506286621e-01,5.299667119979858398e-01,1.541719079017639160e+00,1.442107081413269043e+00,1.762051105499267578e+00,1.804581284523010254e+00,2.169124126434326172e+00,2.326520204544067383e+00,2.618476152420043945e+00,2.440555095672607422e+00,2.283488273620605469e+00,1.950144171714782715e+00,1.723339676856994629e+00,1.443619489669799805e+00,1.260267972946166992e+00,1.091947555541992188e+00,1.032876253128051758e+00,1.766339421272277832e+00,1.705708742141723633e+00,1.988616466522216797e+00,2.035934925079345703e+00,2.374684572219848633e+00,2.527095079421997070e+00,2.820514440536499023e+00,2.642358779907226562e+00,2.531121253967285156e+00,2.239381074905395508e+00,2.047679662704467773e+00,1.803692936897277832e+00,1.681324839591979980e+00,1.551263093948364258e+00,1.515799641609191895e+00,2.116402149200439453e+00,2.071648597717285156e+00,2.323052406311035156e+00,2.361197948455810547e+00,2.668710231781005859e+00,2.818438291549682617e+00,3.102785825729370117e+00,2.922441244125366211e+00,2.837358236312866211e+00,2.582241296768188477e+00,2.418439149856567383e+00,2.207032203674316406e+00,2.132164239883422852e+00,2.004527091979980469e+00,1.954941749572753906e+00
4.596604406833648682e-01,6.703034639358520508e-01,9.061408638954162598e-01,1.159373521804809570e+00,1.450127720832824707e+00,1.726873040199279785e+00,2.011416673660278320e+00,2.103627443313598633e+00,2.060194969177246094e+00,1.755465745925903320e+00,1.685916304588317871e+00,1.350771784782409668e+00,1.440049886703491211e+00,1.213119506835937500e+00,1.477177619934082031e+00,0.000000000000000000e+00,3.888180851936340332e-01,6.234760284423828125e-01,9.688859581947326660e-01,1.249937176704406738e+00,1.599183678627014160e+00,1.929835438728332520e+00,2.011308431625366211e+00,1.997265934944152832e+00,1.669587016105651855e+00,1.666200757026672363e+00,1.362807869911193848e+00,1.489863514900207520e+00,1.316867709159851074e+00,1.592743873596191406e+00,4.956035614013671875e-01,5.889336466789245605e-01,7.239702343940734863e-01,1.014092445373535156e+00,1.273241043090820312e+00,1.616406679153442383e+00,1.989457488059997559e+00,2.046084403991699219e+00,2.069460391998291016e+00,1.756326675415039062e+00,1.783034443855285645e+00,1.524551153182983398e+00,1.671241402626037598e+00,1.555168628692626953e+00,1.822009086608886719e+00,9.903709292411804199e-01,1.011154174804687500e+00,1.076309800148010254e+00,1.264945149421691895e+00,1.473442554473876953e+00,1.765717029571533203e+00,2.148104429244995117e+00,2.186062812805175781e+00,2.250125646591186523e+00,1.975204706192016602e+00,2.010313749313354492e+00,1.797319293022155762e+00,1.949639320373535156e+00,1.874331474304199219e+00,2.113236904144287109e+00,1.500013232231140137e+00,1.486654520034790039e+00,1.535539627075195312e+00,1.642819166183471680e+00,1.805665373802185059e+00,2.047998428344726562e+00,2.420645236968994141e+00,2.434504032135009766e+00,2.517455339431762695e+00,2.273745536804199219e+00,2.315190076828002930e+00,2.137534141540527344e+00,2.300382852554321289e+00,2.254000902175903320e+00,2.446147441864013672e+00
5.520870089530944824e-01,5.032884478569030762e-01,6.827096343040466309e-01,8.380907177925109863e-01,1.147677063941955566e+00,1.384773492813110352e+00,1.669587492942810059e+00,1.733018755912780762e+00,1.678017377853393555e+00,1.367540717124938965e+00,1.310001850128173828e+00,9.887372255325317383e-01,1.136845946311950684e+00,9.884659647941589355e-01,1.325694084167480469e+00,3.888180851936340332e-01,0.000000000000000000e+00,3.837366700172424316e-01,6.358160376548767090e-01,9.721071124076843262e-01,1.285459995269775391e+00,1.623037576675415039e+00,1.663812160491943359e+00,1.643591880798339844e+00,1.310543894767761230e+00,1.319531559944152832e+00,1.041725635528564453e+00,1.215311288833618164e+00,1.123188138008117676e+00,1.447276115417480469e+00,6.694023609161376953e-01,5.045037865638732910e-01,6.107925176620483398e-01,7.691302299499511719e-01,1.064372420310974121e+00,1.355145335197448730e+00,1.728963017463684082e+00,1.739138841629028320e+00,1.762671828269958496e+00,1.458463311195373535e+00,1.492197036743164062e+00,1.272773385047912598e+00,1.445098400115966797e+00,1.402001500129699707e+00,1.690835833549499512e+00,1.110679745674133301e+00,9.966617226600646973e-01,1.047553539276123047e+00,1.122709035873413086e+00,1.344513773918151855e+00,1.571284651756286621e+00,1.939610004425048828e+00,1.930053710937500000e+00,1.995772242546081543e+00,1.742211580276489258e+00,1.779026150703430176e+00,1.608678221702575684e+00,1.770545363426208496e+00,1.755305290222167969e+00,1.998187541961669922e+00,1.595287799835205078e+00,1.494121193885803223e+00,1.542746186256408691e+00,1.564381361007690430e+00,1.735903143882751465e+00,1.913694500923156738e+00,2.259367227554321289e+00,2.230259656906127930e+00,2.312220811843872070e+00,2.097714424133300781e+00,2.134160995483398438e+00,1.998706340789794922e+00,2.160044670104980469e+00,2.157675504684448242e+00,2.335357189178466797e+00
6.707966327667236328e-01,6.075887084007263184e-01,5.386654734611511230e-01,6.883732080459594727e-01,8.896054029464721680e-01,1.147702097892761230e+00,1.404538393020629883e+00,1.532753705978393555e+00,1.551676273345947266e+00,1.296755671501159668e+00,1.347083449363708496e+00,1.104016423225402832e+00,1.353654861450195312e+00,1.291761279106140137e+00,1.660569071769714355e+00,6.234760284423828125e-01,3.837366700172424316e-01,0.000000000000000000e+00,3.798971772193908691e-01,6.283887028694152832e-01,9.833948016166687012e-01,1.328733801841735840e+00,1.437097787857055664e+00,1.495504736900329590e+00,1.221746325492858887e+00,1.339807987213134766e+00,1.153309702873229980e+00,1.416808485984802246e+00,1.408142328262329102e+00,1.764881610870361328e+00,8.696154952049255371e-01,6.544668674468994141e-01,5.043064355850219727e-01,5.772883892059326172e-01,7.659826278686523438e-01,1.063065052032470703e+00,1.448755741119384766e+00,1.514733910560607910e+00,1.615932106971740723e+00,1.369117379188537598e+00,1.498535037040710449e+00,1.362119436264038086e+00,1.612558364868164062e+00,1.641685366630554199e+00,1.968703985214233398e+00,1.262843012809753418e+00,1.090461134910583496e+00,1.002807617187500000e+00,1.002982854843139648e+00,1.126631855964660645e+00,1.322045326232910156e+00,1.689511775970458984e+00,1.724372148513793945e+00,1.860502123832702637e+00,1.660885334014892578e+00,1.776645183563232422e+00,1.676872014999389648e+00,1.904101133346557617e+00,1.951037526130676270e+00,2.233326435089111328e+00,1.711507201194763184e+00,1.558449387550354004e+00,1.517355799674987793e+00,1.478114724159240723e+00,1.572523593902587891e+00,1.707096934318542480e+00,2.041850090026855469e+00,2.049957036972045898e+00,2.192168235778808594e+00,2.026592254638671875e+00,2.126342296600341797e+00,2.051500797271728516e+00,2.266638517379760742e+00,2.320885181427001953e+00,2.531931161880493164e+00
9.834349155426025391e-01,7.842667102813720703e-01,6.002450585365295410e-01,5.146120190620422363e-01,6.477159261703491211e-01,8.171492815017700195e-01,1.051625967025756836e+00,1.154770135879516602e+00,1.180503249168395996e+00,9.499061703681945801e-01,1.066297173500061035e+00,9.079440236091613770e-01,1.236328363418579102e+00,1.285847783088684082e+00,1.685422062873840332e+00,9.688859581947326660e-01,6.358160376548767090e-01,3.798971772193908691e-01,0.000000000000000000e+00,3.789544999599456787e-01,6.527125239372253418e-01,1.007848501205444336e+00,1.074242472648620605e+00,1.149780988693237305e+00,9.013915061950683594e-01,1.081098318099975586e+00,9.873701333999633789e-01,1.306020736694335938e+00,1.399030923843383789e+00,1.774050593376159668e+00,1.152423620223999023e+00,8.421586155891418457e-01,6.730141043663024902e-01,4.982184171676635742e-01,6.516709923744201660e-01,8.231940865516662598e-01,1.196530818939208984e+00,1.208354473114013672e+00,1.330536246299743652e+00,1.125496506690979004e+00,1.289820313453674316e+00,1.237839341163635254e+00,1.516824245452880859e+00,1.629685282707214355e+00,1.963717937469482422e+00,1.478403329849243164e+00,1.224123001098632812e+00,1.121790766716003418e+00,9.901604652404785156e-01,1.092543959617614746e+00,1.176260113716125488e+00,1.505280375480651855e+00,1.486374378204345703e+00,1.636719942092895508e+00,1.484565734863281250e+00,1.616562128067016602e+00,1.585921287536621094e+00,1.824389934539794922e+00,1.937579274177551270e+00,2.218474864959716797e+00,1.878118157386779785e+00,1.659183502197265625e+00,1.612611651420593262e+00,1.486132860183715820e+00,1.572918295860290527e+00,1.620354652404785156e+00,1.907505989074707031e+00,1.870708227157592773e+00,2.018446445465087891e+00,1.900164246559143066e+00,2.002998113632202148e+00,1.985951662063598633e+00,2.200927019119262695e+00,2.304271936416625977e+00,2.501576185226440430e+00
1.233566641807556152e+00,1.072257757186889648e+00,7.809671759605407715e-01,6.822769045829772949e-01,5.735485553741455078e-01,7.095482349395751953e-01,8.501472473144531250e-01,1.051779150962829590e+00,1.183157086372375488e+00,1.062291979789733887e+00,1.281438112258911133e+00,1.212351322174072266e+00,1.571413516998291016e+00,1.655754566192626953e+00,2.058078765869140625e+00,1.249937176704406738e+00,9.721071124076843262e-01,6.283887028694152832e-01,3.789544999599456787e-01,0.000000000000000000e+00,3.874692320823669434e-01,7.414478659629821777e-01,9.250834584236145020e-01,1.117655396461486816e+00,9.888685345649719238e-01,1.267360925674438477e+00,1.264902234077453613e+00,1.616369247436523438e+00,1.746561169624328613e+00,2.130076169967651367e+00,1.413213968276977539e+00,1.118459224700927734e+00,8.403082489967346191e-01,6.067234873771667480e-01,5.089676380157470703e-01,5.970966219902038574e-01,9.594293236732482910e-01,1.054485917091369629e+00,1.282148718833923340e+00,1.174858570098876953e+00,1.429449558258056641e+00,1.457610368728637695e+00,1.779352426528930664e+00,1.932218432426452637e+00,2.284518003463745117e+00,1.697861433029174805e+00,1.427298903465270996e+00,1.230037569999694824e+00,1.038768529891967773e+00,1.005176782608032227e+00,1.011658549308776855e+00,1.309327602386474609e+00,1.347790122032165527e+00,1.582375288009643555e+00,1.506602883338928223e+00,1.715415239334106445e+00,1.753044128417968750e+00,2.036978244781494141e+00,2.191894054412841797e+00,2.497944355010986328e+00,2.054727077484130859e+00,1.807556390762329102e+00,1.686094522476196289e+00,1.508037090301513672e+00,1.504420280456542969e+00,1.487841606140136719e+00,1.742172360420227051e+00,1.749894380569458008e+00,1.963828682899475098e+00,1.906800746917724609e+00,2.072083234786987305e+00,2.113834857940673828e+00,2.371141433715820312e+00,2.518480300903320312e+00,2.741954565048217773e+00
1.590847969055175781e+00,1.380124807357788086e+00,1.082680702209472656e+00,8.654648661613464355e-01,6.560075879096984863e-01,5.643524527549743652e-01,5.328357219696044922e-01,7.227430343627929688e-01,9.021456241607666016e-01,8.970149159431457520e-01,1.196679711341857910e+00,1.247194528579711914e+00,1.634293198585510254e+00,1.800150871276855469e+00,2.205426931381225586e+00,1.599183678627014160e+00,1.285459995269775391e+00,9.833948016166687012e-01,6.527125239372253418e-01,3.874692320823669434e-01,0.000000000000000000e+00,3.901652991771697998e-01,5.641615986824035645e-01,8.383304476737976074e-01,8.306414484977722168e-01,1.177508831024169922e+00,1.291004180908203125e+00,1.660053014755249023e+00,1.865928649902343750e+00,2.248193740844726562e+00,1.720546364784240723e+00,1.386576533317565918e+00,1.128119826316833496e+00,8.051793575286865234e-01,6.602332592010498047e-01,4.837451875209808350e-01,7.391865253448486328e-01,7.702100872993469238e-01,1.054939270019531250e+00,1.050475120544433594e+00,1.344875693321228027e+00,1.471659302711486816e+00,1.803355455398559570e+00,2.023182630538940430e+00,2.371649503707885742e+00,1.951732873916625977e+00,1.636639833450317383e+00,1.440248727798461914e+00,1.165400743484497070e+00,1.101366162300109863e+00,9.638708829879760742e-01,1.166602730751037598e+00,1.144350409507751465e+00,1.404749393463134766e+00,1.409385442733764648e+00,1.639501810073852539e+00,1.755906462669372559e+00,2.044111013412475586e+00,2.256812810897827148e+00,2.557319402694702148e+00,2.257256984710693359e+00,1.965295195579528809e+00,1.840420603752136230e+00,1.593944549560546875e+00,1.575097560882568359e+00,1.460036039352416992e+00,1.636628746986389160e+00,1.598313212394714355e+00,1.821547865867614746e+00,1.830349922180175781e+00,2.003456115722656250e+00,2.109959602355957031e+00,2.365315198898315430e+00,2.559657573699951172e+00,2.771092176437377930e+00
