,A1,A2,A3,A4,A5,A6,A7,A8,A9,A10,A11,A12,A13,A14,A15,B1,B2,B3,B4,B5,B6,B7,B8,B9,B10,B11,B12,B13,B14,B15,C1,C2,C3,C4,C5,C6,C7,C8,C9,C10,C11,C12,C13,C14,C15,D1,D2,D3,D4,D5,D6,D7,D8,D9,D10,D11,D12,D13,D14,D15,E1,E2,E3,E4,E5,E6,E7,E8,E9,E10,E11,E12,E13,E14,E15
A1,0.0,0.39728057384490967,0.6148791313171387,0.8925228118896484,1.1660774946212769,1.4690592288970947,1.7730189561843872,2.0084922313690186,2.1270053386688232,1.838990569114685,1.920947551727295,1.6409977674484253,1.8001320362091064,1.5775439739227295,1.8010103702545166,0.8072819113731384,0.9178115725517273,0.9491194486618042,1.2077405452728271,1.3326698541641235,1.650837779045105,2.023080825805664,2.2260518074035645,2.3353805541992188,2.060056209564209,2.158254623413086,1.950890302658081,2.136265277862549,2.0117733478546143,2.234079360961914,1.4587750434875488,1.4659357070922852,1.429112434387207,1.575829029083252,1.6431572437286377,1.8949347734451294,2.2775650024414062,2.4688854217529297,2.5995025634765625,2.3636438846588135,2.476957321166992,2.322268486022949,2.526746988296509,2.470898389816284,2.7057509422302246,2.070491313934326,2.0187714099884033,1.9627326726913452,2.030466318130493,2.0556135177612305,2.229233503341675,2.593175172805786,2.757514476776123,2.905548095703125,2.717991352081299,2.8388185501098633,2.7287821769714355,2.9409968852996826,2.9366817474365234,3.1820216178894043,2.6733250617980957,2.5697360038757324,2.5341145992279053,2.5463435649871826,2.5517022609710693,2.6759049892425537,3.019766330718994,3.1361279487609863,3.2930660247802734,3.156632423400879,3.2741470336914062,3.17920184135437,3.3760459423065186,3.374267339706421,3.585933208465576
A2,0.39728057384490967,0.0,0.40275081992149353,0.6110991835594177,0.9454678893089294,1.2543654441833496,1.6019726991653442,1.8298958539962769,1.9629935026168823,1.6787668466567993,1.7766292095184326,1.5292426347732544,1.694114089012146,1.5130712985992432,1.7343591451644897,1.047264814376831,1.0160783529281616,1.0502434968948364,1.1972700357437134,1.3233091831207275,1.5821634531021118,1.963955044746399,2.141878604888916,2.2558858394622803,2.0006983280181885,2.1016881465911865,1.9318804740905762,2.1128249168395996,2.032949209213257,2.2486140727996826,1.7051483392715454,1.634140968322754,1.6005650758743286,1.6640028953552246,1.7333598136901855,1.9224048852920532,2.2915759086608887,2.4536430835723877,2.5847561359405518,2.376736879348755,2.4862875938415527,2.3648335933685303,2.5579895973205566,2.5382213592529297,2.7634434700012207,2.3199124336242676,2.216599225997925,2.167599678039551,2.1753687858581543,2.205657482147217,2.323904037475586,2.663426637649536,2.7966227531433105,2.941328763961792,2.7836458683013916,2.8959946632385254,2.8136343955993652,3.010942220687866,3.035712718963623,3.2686996459960938,2.9184656143188477,2.7785592079162598,2.753610610961914,2.7210381031036377,2.7354817390441895,2.8147618770599365,3.1324329376220703,3.2174594402313232,3.368499279022217,3.2609574794769287,3.368502378463745,3.2958736419677734,3.474569082260132,3.492189884185791,3.680265426635742
A3,0.6148791313171387,0.40275081992149353,0.0,0.3581066429615021,0.5819565057754517,0.9203590154647827,1.2675305604934692,1.5436397790908813,1.7370259761810303,1.5035258531570435,1.6788697242736816,1.4947092533111572,1.7389448881149292,1.6344095468521118,1.91908597946167,1.1338104009628296,1.0336357355117798,0.9252358675003052,1.0086543560028076,1.0358248949050903,1.2727969884872437,1.6451268196105957,1.8595079183578491,2.027871608734131,1.8193782567977905,1.9852707386016846,1.8772635459899902,2.1171391010284424,2.0998330116271973,2.3658788204193115,1.7425071001052856,1.6173131465911865,1.4984164237976074,1.503745436668396,1.5008817911148071,1.6466795206069946,1.99846351146698,2.18583345413208,2.3629050254821777,2.1985435485839844,2.3593010902404785,2.29329514503479,2.530487060546875,2.564316987991333,2.8297359943389893,2.3308448791503906,2.181150436401367,2.0729100704193115,2.0313563346862793,2.0084588527679443,2.079387664794922,2.394888162612915,2.5446243286132812,2.7269833087921143,2.610173463821411,2.7627601623535156,2.7289631366729736,2.9589171409606934,3.0301811695098877,3.29438853263855,2.9033665657043457,2.7243025302886963,2.6569464206695557,2.582097291946411,2.558145046234131,2.5939929485321045,2.886282205581665,2.981342077255249,3.1625874042510986,3.0925941467285156,3.2327988147735596,3.203068971633911,3.4067258834838867,3.4673609733581543,3.67803692817688
A4,0.8925228118896484,0.6110991835594177,0.3581066429615021,0.0,0.38577261567115784,0.6547802686691284,1.0195860862731934,1.254641056060791,1.4369852542877197,1.2066867351531982,1.3950825929641724,1.2555935382843018,1.5171005725860596,1.4761755466461182,1.7763022184371948,1.2408827543258667,1.028799057006836,0.9411088824272156,0.8918830156326294,0.9486150145530701,1.102651596069336,1.4719254970550537,1.6353763341903687,1.7863059043884277,1.593148112297058,1.7549190521240234,1.6865136623382568,1.9250845909118652,1.9575201272964478,2.2266576290130615,1.8053090572357178,1.609967589378357,1.5099999904632568,1.435428500175476,1.4593286514282227,1.541940689086914,1.8724292516708374,2.0104892253875732,2.168252468109131,2.0244359970092773,2.172901153564453,2.1376075744628906,2.3631598949432373,2.4336190223693848,2.694585084915161,2.3732142448425293,2.175297260284424,2.085874080657959,1.9897899627685547,1.9918054342269897,2.0151703357696533,2.3041365146636963,2.4076874256134033,2.569572925567627,2.474132537841797,2.609856605529785,2.5992679595947266,2.8124029636383057,2.9111554622650146,3.165320873260498,2.9276328086853027,2.7151379585266113,2.6675913333892822,2.5530457496643066,2.5535621643066406,2.5528371334075928,2.8195714950561523,2.8725812435150146,3.0337047576904297,2.9839401245117188,3.10636568069458,3.0941882133483887,3.2775702476501465,3.35622501373291,3.5461320877075195
A5,1.1660774946212769,0.9454678893089294,0.5819565057754517,0.38577261567115784,0.0,0.36191555857658386,0.7258999943733215,1.0367445945739746,1.3055132627487183,1.164379358291626,1.437514305114746,1.3813763856887817,1.7001506090164185,1.7241994142532349,2.058478593826294,1.4454774856567383,1.2159298658370972,1.0132097005844116,0.8888791799545288,0.7967016100883484,0.8763889074325562,1.2121351957321167,1.4200485944747925,1.6413438320159912,1.5189130306243896,1.7515113353729248,1.7550041675567627,2.042114019393921,2.1291394233703613,2.433621883392334,1.9382364749908447,1.7112988233566284,1.5350267887115479,1.4026947021484375,1.3387231826782227,1.352491021156311,1.644256591796875,1.8093194961547852,2.021512031555176,1.9359949827194214,2.1390035152435303,2.164937734603882,2.4292123317718506,2.5482194423675537,2.840970754623413,2.461570978164673,2.230147123336792,2.0847840309143066,1.942029356956482,1.8845993280410767,1.8493191003799438,2.0991742610931396,2.2194736003875732,2.4233548641204834,2.3776845932006836,2.555630683898926,2.5969760417938232,2.8398849964141846,2.9817161560058594,3.2622921466827393,2.9784135818481445,2.734907388687134,2.645068883895874,2.490888833999634,2.449525833129883,2.400209665298462,2.6319544315338135,2.6955506801605225,2.889125347137451,2.8820314407348633,3.0385453701019287,3.0715415477752686,3.2786974906921387,3.3986873626708984,3.609632730484009
A6,1.4690592288970947,1.2543654441833496,0.9203590154647827,0.6547802686691284,0.36191555857658386,0.0,0.38872030377388,0.6851606965065002,0.985242486000061,0.9118013381958008,1.2334660291671753,1.2662585973739624,1.6125668287277222,1.7152806520462036,2.0673415660858154,1.6030741930007935,1.3115086555480957,1.1041183471679688,0.8609338402748108,0.7475244402885437,0.6706677675247192,0.9587555527687073,1.119523286819458,1.349568486213684,1.2806538343429565,1.5386247634887695,1.6119810342788696,1.9134502410888672,2.06201171875,2.3796541690826416,2.0101406574249268,1.7278002500534058,1.5485707521438599,1.3348338603973389,1.2687991857528687,1.1916160583496094,1.432329535484314,1.5506700277328491,1.7600890398025513,1.719138741493225,1.930816411972046,2.009629964828491,2.2769572734832764,2.4442543983459473,2.7440969944000244,2.4815492630004883,2.20501446723938,2.0601470470428467,1.8588868379592896,1.8072565793991089,1.7098276615142822,1.9138270616531372,1.9913965463638306,2.1864442825317383,2.1783552169799805,2.3552567958831787,2.4365615844726562,2.6749203205108643,2.854848623275757,3.136221408843994,2.9569482803344727,2.6790623664855957,2.5933914184570312,2.3949368000030518,2.364015579223633,2.268216848373413,2.461507558822632,2.4876468181610107,2.6700892448425293,2.694533348083496,2.846033811569214,2.9103047847747803,3.108231544494629,3.2582545280456543,3.460651159286499
A7,1.7730189561843872,1.6019726991653442,1.2675305604934692,1.0195860862731934,0.7258999943733215,0.38872030377388,0.0,0.3866347372531891,0.7514435052871704,0.8117573261260986,1.1764639616012573,1.2975598573684692,1.6673575639724731,1.8328349590301514,2.204235315322876,1.7681636810302734,1.4551281929016113,1.2161988019943237,0.9071036577224731,0.731494665145874,0.47205406427383423,0.6331239342689514,0.7744408249855042,1.0542885065078735,1.0747251510620117,1.3847167491912842,1.536895990371704,1.8653615713119507,2.0690767765045166,2.4086625576019287,2.062103271484375,1.7437045574188232,1.5363103151321411,1.254773497581482,1.1502283811569214,0.9679669737815857,1.1299830675125122,1.2216025590896606,1.4557766914367676,1.4784334897994995,1.7249280214309692,1.8684946298599243,2.1564440727233887,2.372871160507202,2.692141056060791,2.4572267532348633,2.1433284282684326,1.9763855934143066,1.7198197841644287,1.6477901935577393,1.4801645278930664,1.6249839067459106,1.6766515970230103,1.883338212966919,1.9242430925369263,2.122253656387329,2.2546615600585938,2.5056676864624023,2.7276532649993896,3.023219347000122,2.8726484775543213,2.562822103500366,2.4613876342773438,2.218623161315918,2.1781976222991943,2.0303866863250732,2.1781418323516846,2.1817727088928223,2.3692259788513184,2.4324140548706055,2.59737229347229,2.703139066696167,2.9084062576293945,3.096604347229004,3.307537317276001
A8,2.0084922313690186,1.8298958539962769,1.5436397790908813,1.254641056060791,1.0367445945739746,0.6851606965065002,0.3866347372531891,0.0,0.39370161294937134,0.5795021653175354,0.9395421743392944,1.1568650007247925,1.5096874237060547,1.744716763496399,2.106006145477295,1.89816153049469,1.545203447341919,1.3696130514144897,1.009932518005371,0.9350920915603638,0.6202159523963928,0.6597281694412231,0.5828631520271301,0.7751654386520386,0.8494929075241089,1.1365927457809448,1.356819987297058,1.6639823913574219,1.9215607643127441,2.249990701675415,2.120159864425659,1.7645514011383057,1.6098341941833496,1.280582308769226,1.2484221458435059,1.0169261693954468,1.112197995185852,1.0756474733352661,1.235186219215393,1.287292242050171,1.496059536933899,1.680088758468628,1.9391865730285645,2.193765163421631,2.497877836227417,2.4647715091705322,2.121256113052368,1.9978221654891968,1.7042303085327148,1.6895948648452759,1.490951657295227,1.592421054840088,1.5536401271820068,1.698434591293335,1.7581079006195068,1.9152840375900269,2.0700693130493164,2.288499593734741,2.5358574390411377,2.8116629123687744,2.8410427570343018,2.5111608505249023,2.4473934173583984,2.177788257598877,2.1856443881988525,2.0155863761901855,2.132037401199341,2.0677313804626465,2.204775810241699,2.280653953552246,2.4078314304351807,2.525796413421631,2.6973185539245605,2.8994083404541016,3.081721544265747
A9,2.1270053386688232,1.9629935026168823,1.7370259761810303,1.4369852542877197,1.3055132627487183,0.985242486000061,0.7514435052871704,0.39370161294937134,0.0,0.3633703589439392,0.6426331400871277,0.9390876293182373,1.2570358514785767,1.546730399131775,1.8926688432693481,1.897631287574768,1.5223448276519775,1.424594759941101,1.0532053709030151,1.095157265663147,0.8188312649726868,0.8338063955307007,0.5848072171211243,0.5459360480308533,0.5944346785545349,0.8089238405227661,1.07570219039917,1.3502792119979858,1.6478934288024902,1.9614285230636597,2.0432682037353516,1.6655075550079346,1.5824241638183594,1.237538456916809,1.304291844367981,1.0895415544509888,1.1685086488723755,1.0154441595077515,1.0446728467941284,1.0682052373886108,1.2032771110534668,1.3963085412979126,1.6158421039581299,1.8917796611785889,2.1766469478607178,2.3403756618499756,1.982082486152649,1.9194546937942505,1.6153532266616821,1.68016517162323,1.4966018199920654,1.5931406021118164,1.472988486289978,1.52730393409729,1.561930775642395,1.6552037000656128,1.8014830350875854,1.9789366722106934,2.232678174972534,2.4847028255462646,2.686802864074707,2.35154390335083,2.3393666744232178,2.066352367401123,2.1380014419555664,1.9809174537658691,2.096405506134033,1.9725451469421387,2.0426199436187744,2.0967931747436523,2.1706864833831787,2.273386240005493,2.40551495552063,2.6017634868621826,2.7539706230163574
A10,1.838990569114685,1.6787668466567993,1.5035258531570435,1.2066867351531982,1.164379358291626,0.9118013381958008,0.8117573261260986,0.5795021653175354,0.3633703589439392,0.0,0.36873799562454224,0.5953962206840515,0.9355395436286926,1.1981167793273926,1.5523761510849,1.5974009037017822,1.2128874063491821,1.1782829761505127,0.824703574180603,0.9776390194892883,0.8127152323722839,0.9694772362709045,0.8076122999191284,0.7340999841690063,0.570783257484436,0.7005527019500732,0.8531309366226196,1.119011640548706,1.3714021444320679,1.6819112300872803,1.7875044345855713,1.4192980527877808,1.38791823387146,1.0848480463027954,1.228261947631836,1.1144311428070068,1.298064112663269,1.1925303936004639,1.1925175189971924,1.0982712507247925,1.1817796230316162,1.2769510746002197,1.4787282943725586,1.7002341747283936,1.9743987321853638,2.139521360397339,1.8053823709487915,1.7824829816818237,1.5265556573867798,1.6381728649139404,1.533880591392517,1.7102210521697998,1.6219686269760132,1.6574997901916504,1.6103326082229614,1.6725724935531616,1.7440415620803833,1.9085683822631836,2.1104674339294434,2.351660966873169,2.5410354137420654,2.233729362487793,2.251633405685425,2.024090528488159,2.124063014984131,2.030167579650879,2.2073326110839844,2.106910467147827,2.1645913124084473,2.1572391986846924,2.209766387939453,2.253105640411377,2.3768513202667236,2.524306297302246,2.670372724533081
A11,1.920947551727295,1.7766292095184326,1.6788697242736816,1.3950825929641724,1.437514305114746,1.2334660291671753,1.1764639616012573,0.9395421743392944,0.6426331400871277,0.36873799562454224,0.0,0.3679730296134949,0.6198924779891968,0.9417775869369507,1.2663332223892212,1.5926510095596313,1.211541771888733,1.2860372066497803,0.9834026098251343,1.229316234588623,1.1267563104629517,1.2802828550338745,1.078822374343872,0.8822022676467896,0.6376532316207886,0.5461636781692505,0.6301305890083313,0.8057015538215637,1.0741981267929077,1.352903127670288,1.7287983894348145,1.365910530090332,1.4343528747558594,1.1696707010269165,1.4042400121688843,1.3431090116500854,1.529737114906311,1.37632155418396,1.273959994316101,1.112727403640747,1.0763094425201416,1.1059502363204956,1.2287873029708862,1.4309422969818115,1.6655523777008057,2.053007125854492,1.730814814567566,1.7874709367752075,1.5608665943145752,1.7499847412109375,1.6917771100997925,1.8807685375213623,1.751167893409729,1.7081408500671387,1.6074727773666382,1.5884723663330078,1.6053917407989502,1.7086739540100098,1.8801710605621338,2.081345558166504,2.444925308227539,2.1553003787994385,2.235060691833496,2.0338926315307617,2.194929361343384,2.1389212608337402,2.3308329582214355,2.1975018978118896,2.194875955581665,2.143906593322754,2.1357035636901855,2.1333532333374023,2.208317279815674,2.319423198699951,2.425706386566162
A12,1.6409977674484253,1.5292426347732544,1.4947092533111572,1.2555935382843018,1.3813763856887817,1.2662585973739624,1.2975598573684692,1.1568650007247925,0.9390876293182373,0.5953962206840515,0.3679730296134949,0.0,0.3820178210735321,0.6100264191627502,0.975011944770813,1.278375506401062,0.9093802571296692,1.0699963569641113,0.847899854183197,1.174199104309082,1.184632658958435,1.4153176546096802,1.2929989099502563,1.1331900358200073,0.8104203939437866,0.6943982839584351,0.5583625435829163,0.7060006856918335,0.8530529737472534,1.1385862827301025,1.453978419303894,1.1220766305923462,1.249232530593872,1.0654977560043335,1.3513426780700684,1.3883721828460693,1.6462417840957642,1.5539336204528809,1.4666355848312378,1.229638934135437,1.1783455610275269,1.092309832572937,1.2055293321609497,1.3144153356552124,1.5428166389465332,1.8369311094284058,1.5566002130508423,1.646206021308899,1.4879381656646729,1.7035915851593018,1.7235389947891235,1.9758598804473877,1.894308090209961,1.860352873802185,1.6960127353668213,1.6719584465026855,1.6135395765304565,1.7188814878463745,1.8223903179168701,2.021005392074585,2.286567449569702,2.036109209060669,2.1337790489196777,1.9883121252059937,2.160311698913574,2.1664671897888184,2.4117519855499268,2.317150831222534,2.3216381072998047,2.2184712886810303,2.2086405754089355,2.1511383056640625,2.2337920665740967,2.2929306030273438,2.4085288047790527
A13,1.8001320362091064,1.694114089012146,1.7389448881149292,1.5171005725860596,1.7001506090164185,1.6125668287277222,1.6673575639724731,1.5096874237060547,1.2570358514785767,0.9355395436286926,0.6198924779891968,0.3820178210735321,0.0,0.3784243166446686,0.6531409025192261,1.4118000268936157,1.0933972597122192,1.3452497720718384,1.1877206563949585,1.5355933904647827,1.5655393600463867,1.7886712551116943,1.6409575939178467,1.4311803579330444,1.1109455823898315,0.8844156861305237,0.673429548740387,0.5966654419898987,0.6666296720504761,0.8477402329444885,1.550377607345581,1.2659213542938232,1.48318350315094,1.3553637266159058,1.6781094074249268,1.7402452230453491,1.9896869659423828,1.8687413930892944,1.724616527557373,1.4641432762145996,1.3219367265701294,1.1674777269363403,1.1613330841064453,1.201417088508606,1.3425251245498657,1.9036145210266113,1.6629778146743774,1.8293484449386597,1.7140753269195557,1.9777249097824097,2.0292420387268066,2.2815756797790527,2.1730332374572754,2.0851762294769287,1.8886487483978271,1.7943220138549805,1.6791839599609375,1.7066121101379395,1.753514051437378,1.8854013681411743,2.3408825397491455,2.1259663105010986,2.2829818725585938,2.1730854511260986,2.390113115310669,2.4275808334350586,2.678412437438965,2.5607211589813232,2.517902135848999,2.381467342376709,2.315727472305298,2.21103572845459,2.236879587173462,2.244164228439331,2.304962158203125
A14,1.5775439739227295,1.5130712985992432,1.6344095468521118,1.4761755466461182,1.7241994142532349,1.7152806520462036,1.8328349590301514,1.744716763496399,1.546730399131775,1.1981167793273926,0.9417775869369507,0.6100264191627502,0.3784243166446686,0.0,0.3977479338645935,1.185912847518921,0.9367767572402954,1.2676048278808594,1.215298056602478,1.5876473188400269,1.699138879776001,1.9694474935531616,1.8825042247772217,1.7115564346313477,1.3639620542526245,1.1693410873413086,0.8772670030593872,0.793698251247406,0.6647905707359314,0.7921546697616577,1.3767201900482178,1.1682122945785522,1.4319120645523071,1.398226022720337,1.7319672107696533,1.8664536476135254,2.161656141281128,2.093764305114746,1.9764591455459595,1.6807124614715576,1.5527094602584839,1.3304392099380493,1.324797511100769,1.261521816253662,1.3784953355789185,1.787627935409546,1.6133064031600952,1.802256464958191,1.7613234519958496,2.028380870819092,2.1417529582977295,2.4380247592926025,2.3752079010009766,2.3069398403167725,2.072723150253296,1.9887657165527344,1.8210325241088867,1.856148362159729,1.8353124856948853,1.9600334167480469,2.2775561809539795,2.113903522491455,2.279348134994507,2.2273316383361816,2.441261053085327,2.5308661460876465,2.8216564655303955,2.7432126998901367,2.7153356075286865,2.54280686378479,2.4851267337799072,2.338646173477173,2.3766307830810547,2.335935592651367,2.407754421234131
A15,1.8010103702545166,1.7343591451644897,1.91908597946167,1.7763022184371948,2.058478593826294,2.0673415660858154,2.204235315322876,2.106006145477295,1.8926688432693481,1.5523761510849,1.2663332223892212,0.975011944770813,0.6531409025192261,0.3977479338645935,0.0,1.4533439874649048,1.2712712287902832,1.6290383338928223,1.6059764623641968,1.9785000085830688,2.0934107303619385,2.3628509044647217,2.2609617710113525,2.0675771236419678,1.7277573347091675,1.4924453496932983,1.200295329093933,1.0117427110671997,0.8151695728302002,0.7414628267288208,1.6260685920715332,1.478573203086853,1.779831886291504,1.7770451307296753,2.1188414096832275,2.2610507011413574,2.551109790802002,2.4671716690063477,2.32194185256958,2.0222535133361816,1.8490015268325806,1.6005349159240723,1.5125170946121216,1.386301040649414,1.393933653831482,2.0024189949035645,1.8771451711654663,2.1114659309387207,2.101984739303589,2.3892667293548584,2.518165111541748,2.812265157699585,2.7340734004974365,2.635755777359009,2.3878579139709473,2.261240243911743,2.060025930404663,2.0339951515197754,1.959850549697876,2.0118038654327393,2.4724276065826416,2.3496885299682617,2.554997444152832,2.533092498779297,2.7715542316436768,2.8810620307922363,3.1735193729400635,3.081545829772949,3.0240638256073,2.832062244415283,2.735978603363037,2.556060552597046,2.547358751296997,2.458672523498535,2.476698160171509
B1,0.8072819113731384,1.047264814376831,1.1338104009628296,1.2408827543258667,1.4454774856567383,1.6030741930007935,1.7681636810302734,1.89816153049469,1.897631287574768,1.5974009037017822,1.5926510095596313,1.278375506401062,1.4118000268936157,1.185912847518921,1.4533439874649048,0.0,0.38745543360710144,0.5809638500213623,0.9036853313446045,1.1493538618087769,1.4739519357681274,1.7932677268981934,1.9292763471603394,1.9431506395339966,1.616965413093567,1.651134729385376,1.3782875537872314,1.5510998964309692,1.3843327760696411,1.6404478549957275,0.6635866761207581,0.6980528235435486,0.7766653895378113,1.0172160863876343,1.212127923965454,1.5277915000915527,1.9052791595458984,2.0468897819519043,2.0965328216552734,1.7957667112350464,1.8597276210784912,1.6428577899932861,1.8410569429397583,1.7478138208389282,2.0037782192230225,1.282059907913208,1.234635591506958,1.2466998100280762,1.3673012256622314,1.491186261177063,1.7355451583862305,2.121013879776001,2.248506784439087,2.3303799629211426,2.079413414001465,2.161689519882202,2.0000078678131104,2.2066473960876465,2.171536922454834,2.428558111190796,1.8889747858047485,1.7912797927856445,1.8046311140060425,1.8496360778808594,1.9262107610702515,2.105236291885376,2.4755632877349854,2.5647356510162354,2.6691083908081055,2.47771954536438,2.562469244003296,2.426374912261963,2.6179358959198,2.5933291912078857,2.8187365531921387
B2,0.9178115725517273,1.0160783529281616,1.0336357355117798,1.028799057006836,1.2159298658370972,1.3115086555480957,1.4551281929016113,1.545203447341919,1.5223448276519775,1.2128874063491821,1.211541771888733,0.9093802571296692,1.0933972597122192,0.9367767572402954,1.2712712287902832,0.38745543360710144,0.0,0.39095595479011536,0.5874660015106201,0.9071810841560364,1.1843719482421875,1.510597586631775,1.6061995029449463,1.6035810708999634,1.2729697227478027,1.3110908269882202,1.0652316808700562,1.2717654705047607,1.1770883798599243,1.473775863647461,0.8076238632202148,0.6352342963218689,0.7065947651863098,0.8051600456237793,1.0424487590789795,1.2988935708999634,1.6722899675369263,1.772344708442688,1.8099133968353271,1.522288203239441,1.5858893394470215,1.406353235244751,1.6153597831726074,1.5843186378479004,1.8581962585449219,1.3832143545150757,1.2282575368881226,1.2410300970077515,1.256731390953064,1.4004998207092285,1.5780372619628906,1.9430084228515625,2.027362823486328,2.0981101989746094,1.872829794883728,1.9484196901321411,1.8236544132232666,2.026249408721924,2.0415103435516357,2.3016107082366943,1.9608513116836548,1.7955752611160278,1.8189432621002197,1.790121078491211,1.8845300674438477,2.004155397415161,2.346095085144043,2.392172336578369,2.485255718231201,2.3247294425964355,2.3997137546539307,2.295496702194214,2.4731874465942383,2.484428882598877,2.6931605339050293
B3,0.9491194486618042,1.0502434968948364,0.9252358675003052,0.9411088824272156,1.0132097005844116,1.1041183471679688,1.2161988019943237,1.3696130514144897,1.424594759941101,1.1782829761505127,1.2860372066497803,1.0699963569641113,1.3452497720718384,1.2676048278808594,1.6290383338928223,0.5809638500213623,0.39095595479011536,0.0,0.3724323511123657,0.5687445998191833,0.898151695728302,1.2255669832229614,1.3963438272476196,1.4774084091186523,1.202089548110962,1.3480656147003174,1.1907250881195068,1.4775246381759644,1.4557006359100342,1.7904157638549805,0.9300156235694885,0.7342021465301514,0.5791364312171936,0.6304808259010315,0.7388988733291626,1.0046725273132324,1.3911527395248413,1.5573641061782837,1.6725542545318604,1.433553695678711,1.5872129201889038,1.4817094802856445,1.7590749263763428,1.788185715675354,2.105506658554077,1.457566738128662,1.2672187089920044,1.158847689628601,1.1279239654541016,1.1709076166152954,1.3184645175933838,1.6833499670028687,1.8196896314620972,1.9574075937271118,1.776368498802185,1.9240723848342896,1.8603479862213135,2.1183125972747803,2.184605360031128,2.4856412410736084,2.0019874572753906,1.8023762702941895,1.746268630027771,1.6779718399047852,1.7002135515213013,1.7831275463104248,2.1150577068328857,2.1995415687561035,2.3475351333618164,2.2267725467681885,2.3596749305725098,2.307133674621582,2.530552625656128,2.5909457206726074,2.837167501449585
B4,1.2077405452728271,1.1972700357437134,1.0086543560028076,0.8918830156326294,0.8888791799545288,0.8609338402748108,0.9071036577224731,1.009932518005371,1.0532053709030151,0.824703574180603,0.9834026098251343,0.847899854183197,1.1877206563949585,1.215298056602478,1.6059764623641968,0.9036853313446045,0.5874660015106201,0.3724323511123657,0.0,0.3770166337490082,0.5980756878852844,0.9328197240829468,1.0586658716201782,1.1394622325897217,0.8823449015617371,1.0723291635513306,0.997553825378418,1.323805570602417,1.3950494527816772,1.750077486038208,1.1676063537597656,0.8682518601417542,0.7172172665596008,0.5505186319351196,0.662557065486908,0.8005979657173157,1.167868971824646,1.2847163677215576,1.3992736339569092,1.1973578929901123,1.3690276145935059,1.3330974578857422,1.6222156286239624,1.723731279373169,2.0506961345672607,1.6245520114898682,1.358727216720581,1.2528085708618164,1.1097922325134277,1.158610463142395,1.2056035995483398,1.527239441871643,1.6126518249511719,1.7446978092193604,1.6075234413146973,1.7559924125671387,1.746359944343567,2.000014305114746,2.1218483448028564,2.4227397441864014,2.1185266971588135,1.8650680780410767,1.8161653280258179,1.6748408079147339,1.7092818021774292,1.7195974588394165,2.006887674331665,2.0437116622924805,2.1825175285339355,2.103764533996582,2.2306268215179443,2.2197024822235107,2.4296603202819824,2.5303425788879395,2.7604644298553467
B5,1.3326698541641235,1.3233091831207275,1.0358248949050903,0.9486150145530701,0.7967016100883484,0.7475244402885437,0.731494665145874,0.9350920915603638,1.095157265663147,0.9776390194892883,1.229316234588623,1.174199104309082,1.5355933904647827,1.5876473188400269,1.9785000085830688,1.1493538618087769,0.9071810841560364,0.5687445998191833,0.3770166337490082,0.0,0.3651263415813446,0.7010995149612427,0.9504755139350891,1.1536017656326294,1.0030364990234375,1.284472942352295,1.2900367975234985,1.6431175470352173,1.7454090118408203,2.110253095626831,1.3937584161758423,1.1239298582077026,0.8553847074508667,0.6655005216598511,0.5436288714408875,0.6111984848976135,0.9704174995422363,1.1769158840179443,1.392633318901062,1.270934820175171,1.523928165435791,1.5568162202835083,1.8828227519989014,2.01857852935791,2.3657352924346924,1.8067201375961304,1.5372860431671143,1.3406720161437988,1.165168285369873,1.0906044244766235,1.072389841079712,1.366338849067688,1.5126523971557617,1.7234183549880981,1.6478718519210815,1.8638250827789307,1.912063717842102,2.2035341262817383,2.360288381576538,2.685983419418335,2.2615854740142822,1.992278814315796,1.8737258911132812,1.7011487483978271,1.6557002067565918,1.6157939434051514,1.8749476671218872,1.954038381576538,2.152881622314453,2.1227774620056152,2.305044174194336,2.3440821170806885,2.5899722576141357,2.729268789291382,2.986832857131958
B6,1.650837779045105,1.5821634531021118,1.2727969884872437,1.102651596069336,0.8763889074325562,0.6706677675247192,0.47205406427383423,0.6202159523963928,0.8188312649726868,0.8127152323722839,1.1267563104629517,1.184632658958435,1.5655393600463867,1.699138879776001,2.0934107303619385,1.4739519357681274,1.1843719482421875,0.898151695728302,0.5980756878852844,0.3651263415813446,0.0,0.38308659195899963,0.6240376234054565,0.8891796469688416,0.8394671082496643,1.1760742664337158,1.2865781784057617,1.6499913930892944,1.8264968395233154,2.194380044937134,1.6669433116912842,1.35122549533844,1.1038732528686523,0.8140064477920532,0.6799826622009277,0.5246420502662659,0.7837830185890198,0.939264714717865,1.1835391521453857,1.1464130878448486,1.425977349281311,1.5424896478652954,1.86925208568573,2.067368268966675,2.4156014919281006,2.020059585571289,1.706084132194519,1.513757586479187,1.2603023052215576,1.179921269416809,1.0444371700286865,1.2515629529953003,1.3443033695220947,1.5621583461761475,1.555656909942627,1.7796013355255127,1.891314148902893,2.1762900352478027,2.3842854499816895,2.7070677280426025,2.420217514038086,2.1128830909729004,1.9959356784820557,1.763314962387085,1.719961166381836,1.6021199226379395,1.795340657234192,1.8283089399337769,2.024893045425415,2.0501203536987305,2.233034610748291,2.3212404251098633,2.5559332370758057,2.7363791465759277,2.980699062347412
B7,2.023080825805664,1.963955044746399,1.6451268196105957,1.4719254970550537,1.2121351957321167,0.9587555527687073,0.6331239342689514,0.6597281694412231,0.8338063955307007,0.9694772362709045,1.2802828550338745,1.4153176546096802,1.7886712551116943,1.9694474935531616,2.3628509044647217,1.7932677268981934,1.510597586631775,1.2255669832229614,0.9328197240829468,0.7010995149612427,0.38308659195899963,0.0,0.3843860328197479,0.7429485321044922,0.8461164236068726,1.2179783582687378,1.4116275310516357,1.779339075088501,2.0030436515808105,2.3768606185913086,1.884624719619751,1.5581806898117065,1.2944459915161133,0.9679564833641052,0.7790601849555969,0.4534878730773926,0.49905118346214294,0.646954357624054,0.9644548296928406,1.0399268865585327,1.367944359779358,1.5659699440002441,1.905971646308899,2.1527421474456787,2.511946439743042,2.1419591903686523,1.8017911911010742,1.5824192762374878,1.273464560508728,1.1492631435394287,0.901125967502594,0.9954735040664673,1.065980076789856,1.3225330114364624,1.3973435163497925,1.6587926149368286,1.8401321172714233,2.1386196613311768,2.393230676651001,2.727628707885742,2.4600350856781006,2.1232550144195557,1.9798537492752075,1.6950534582138062,1.6251615285873413,1.4289549589157104,1.5485212802886963,1.561191439628601,1.7788410186767578,1.8643559217453003,2.0742270946502686,2.220653772354126,2.466965436935425,2.693871021270752,2.9481656551361084
B8,2.2260518074035645,2.141878604888916,1.8595079183578491,1.6353763341903687,1.4200485944747925,1.119523286819458,0.7744408249855042,0.5828631520271301,0.5848072171211243,0.8076122999191284,1.078822374343872,1.2929989099502563,1.6409575939178467,1.8825042247772217,2.2609617710113525,1.9292763471603394,1.6061995029449463,1.3963438272476196,1.0586658716201782,0.9504755139350891,0.6240376234054565,0.3843860328197479,0.0,0.38962653279304504,0.6114276647567749,0.9682374596595764,1.2398008108139038,1.582750678062439,1.8604413270950317,2.2196578979492188,1.9698961973190308,1.6080368757247925,1.4175794124603271,1.0522055625915527,0.9823681712150574,0.6588397026062012,0.6091091632843018,0.49382299184799194,0.7043973803520203,0.8341028094291687,1.125219464302063,1.3785920143127441,1.6874314546585083,1.9771827459335327,2.3190813064575195,2.182976245880127,1.8143383264541626,1.6568104028701782,1.3136926889419556,1.2781522274017334,1.0123381614685059,1.0469168424606323,0.972730278968811,1.1375794410705566,1.2385468482971191,1.4487781524658203,1.660058856010437,1.9213104248046875,2.2060546875,2.518352508544922,2.463371753692627,2.107232093811035,2.015641450881958,1.704729676246643,1.7032281160354614,1.4889055490493774,1.5693769454956055,1.4866790771484375,1.6341056823730469,1.7342283725738525,1.894934892654419,2.0553717613220215,2.2614269256591797,2.5042245388031006,2.7257344722747803
B9,2.3353805541992188,2.2558858394622803,2.027871608734131,1.7863059043884277,1.6413438320159912,1.349568486213684,1.0542885065078735,0.7751654386520386,0.5459360480308533,0.7340999841690063,0.8822022676467896,1.1331900358200073,1.4311803579330444,1.7115564346313477,2.0675771236419678,1.9431506395339966,1.6035810708999634,1.4774084091186523,1.1394622325897217,1.1536017656326294,0.8891796469688416,0.7429485321044922,0.38962653279304504,0.0,0.3704860210418701,0.6513795256614685,0.9804316759109497,1.2873401641845703,1.6021647453308105,1.9439237117767334,1.91282320022583,1.5332508087158203,1.4282255172729492,1.0606658458709717,1.1163743734359741,0.8593751192092896,0.8239089846611023,0.5501764416694641,0.4988769292831421,0.5910165905952454,0.7995160222053528,1.0836951732635498,1.3557595014572144,1.6737746000289917,1.997929334640503,2.0754551887512207,1.693142056465149,1.610960841178894,1.263222575187683,1.3330937623977661,1.1084100008010864,1.1455299854278564,0.9594064354896545,0.9817380309104919,1.0435887575149536,1.1711785793304443,1.3789522647857666,1.5976178646087646,1.8948752880096436,2.1847927570343018,2.3237245082855225,1.9627094268798828,1.9351656436920166,1.6245250701904297,1.7057876586914062,1.5180633068084717,1.6017518043518066,1.4424947500228882,1.496938943862915,1.5648785829544067,1.6572802066802979,1.799508810043335,1.9614278078079224,2.2001991271972656,2.390939474105835
B10,2.060056209564209,2.0006983280181885,1.8193782567977905,1.593148112297058,1.5189130306243896,1.2806538343429565,1.0747251510620117,0.8494929075241089,0.5944346785545349,0.570783257484436,0.6376532316207886,0.8104203939437866,1.1109455823898315,1.3639620542526245,1.7277573347091675,1.616965413093567,1.2729697227478027,1.202089548110962,0.8823449015617371,1.0030364990234375,0.8394671082496643,0.8461164236068726,0.6114276647567749,0.3704860210418701,0.0,0.37252363562583923,0.6343957185745239,0.9728302955627441,1.2587922811508179,1.6137659549713135,1.5906623601913452,1.2051091194152832,1.154862880706787,0.8064781427383423,0.971347451210022,0.8312018513679504,0.9447600841522217,0.7621546983718872,0.6718090772628784,0.5275321006774902,0.6632241606712341,0.835794985294342,1.1163170337677002,1.3912694454193115,1.721521019935608,1.7957979440689087,1.4236514568328857,1.3887048959732056,1.080427646636963,1.2241551876068115,1.1011390686035156,1.2522748708724976,1.115727424621582,1.1074473857879639,1.0397067070007324,1.12088143825531,1.2308759689331055,1.4439911842346191,1.6892958879470825,1.9779103994369507,2.1031980514526367,1.7642443180084229,1.77534019947052,1.5126421451568604,1.637610673904419,1.531245231628418,1.6983366012573242,1.5704985857009888,1.6051698923110962,1.5865458250045776,1.6485240459442139,1.7136547565460205,1.8683300018310547,2.0525753498077393,2.241759777069092
B11,2.158254623413086,2.1016881465911865,1.9852707386016846,1.7549190521240234,1.7515113353729248,1.5386247634887695,1.3847167491912842,1.1365927457809448,0.8089238405227661,0.7005527019500732,0.5461636781692505,0.6943982839584351,0.8844156861305237,1.1693410873413086,1.4924453496932983,1.651134729385376,1.3110908269882202,1.3480656147003174,1.0723291635513306,1.284472942352295,1.1760742664337158,1.2179783582687378,0.9682374596595764,0.6513795256614685,0.37252363562583923,0.0,0.3743705153465271,0.6365311741828918,0.9675986170768738,1.2955225706100464,1.5742835998535156,1.1973261833190918,1.2643969058990479,0.9763790965080261,1.2346428632736206,1.1627470254898071,1.2818635702133179,1.063751459121704,0.8520419001579285,0.6288937330245972,0.530236542224884,0.6191917061805725,0.8084283471107483,1.0917109251022339,1.3901344537734985,1.7445147037506104,1.3858009576797485,1.4521404504776,1.1889500617980957,1.4229590892791748,1.3603390455245972,1.5178446769714355,1.3363478183746338,1.2233868837356567,1.0881733894348145,1.042574405670166,1.0802476406097412,1.211959958076477,1.4338414669036865,1.6815062761306763,2.036811113357544,1.7175266742706299,1.8075907230377197,1.5798194408416748,1.7790294885635376,1.7195032835006714,1.8966410160064697,1.7287615537643433,1.6837191581726074,1.6124050617218018,1.589789867401123,1.597768783569336,1.6874605417251587,1.8331544399261475,1.975426197052002
B12,1.950890302658081,1.9318804740905762,1.8772635459899902,1.6865136623382568,1.7550041675567627,1.6119810342788696,1.536895990371704,1.356819987297058,1.07570219039917,0.8531309366226196,0.6301305890083313,0.5583625435829163,0.673429548740387,0.8772670030593872,1.200295329093933,1.3782875537872314,1.0652316808700562,1.1907250881195068,0.997553825378418,1.2900367975234985,1.2865781784057617,1.4116275310516357,1.2398008108139038,0.9804316759109497,0.6343957185745239,0.3743705153465271,0.0,0.37657129764556885,0.6247947216033936,0.9846814870834351,1.2824112176895142,0.9265531301498413,1.090722918510437,0.8946272134780884,1.2307722568511963,1.2701199054718018,1.4685511589050293,1.3199821710586548,1.1328706741333008,0.8241021037101746,0.6802603006362915,0.5348095893859863,0.6854538321495056,0.8528850078582764,1.1554356813430786,1.4885538816452026,1.1664586067199707,1.3017936944961548,1.1227691173553467,1.4114450216293335,1.4473545551300049,1.6772769689559937,1.5485453605651855,1.4386086463928223,1.2184271812438965,1.143765926361084,1.0571321249008179,1.1698317527770996,1.2968229055404663,1.5357065200805664,1.8409148454666138,1.564924716949463,1.6975860595703125,1.5406579971313477,1.7704025506973267,1.7909154891967773,2.0298337936401367,1.90165376663208,1.8534296751022339,1.7114781141281128,1.6699122190475464,1.5953227281570435,1.678439736366272,1.7500509023666382,1.892423152923584
B13,2.136265277862549,2.1128249168395996,2.1171391010284424,1.9250845909118652,2.042114019393921,1.9134502410888672,1.8653615713119507,1.6639823913574219,1.3502792119979858,1.119011640548706,0.8057015538215637,0.7060006856918335,0.5966654419898987,0.793698251247406,1.0117427110671997,1.5510998964309692,1.2717654705047607,1.4775246381759644,1.323805570602417,1.6431175470352173,1.6499913930892944,1.779339075088501,1.582750678062439,1.2873401641845703,0.9728302955627441,0.6365311741828918,0.37657129764556885,0.0,0.3786362409591675,0.6612851619720459,1.427064299583435,1.1280999183654785,1.3756225109100342,1.2380380630493164,1.5908503532409668,1.6448601484298706,1.8312325477600098,1.654487133026123,1.4167743921279907,1.1153346300125122,0.8661071062088013,0.6455851197242737,0.565595805644989,0.6550086736679077,0.8628634810447693,1.588948369026184,1.3165338039398193,1.5356011390686035,1.4074560403823853,1.731302261352539,1.7905913591384888,2.0088133811950684,1.849894642829895,1.6817092895507812,1.4410626888275146,1.2751256227493286,1.1209591627120972,1.1123583316802979,1.1718016862869263,1.3267625570297241,1.9106504917144775,1.6761506795883179,1.8779895305633545,1.7608211040496826,2.0351569652557373,2.082732677459717,2.3160643577575684,2.159406900405884,2.055079460144043,1.8827534914016724,1.768979787826538,1.640447974205017,1.6433463096618652,1.654398798942566,1.7252390384674072
