,A1,A2,A3,A4,A5,A6,A7,A8,A9,A10,A11,A12,A13,A14,A15,B1,B2,B3,B4,B5,B6,B7,B8,B9,B10,B11,B12,B13,B14,B15,C1,C2,C3,C4,C5,C6,C7,C8,C9,C10,C11,C12,C13,C14,C15,D1,D2,D3,D4,D5,D6,D7,D8,D9,D10,D11,D12,D13,D14,D15,E1,E2,E3,E4,E5,E6,E7,E8,E9,E10,E11,E12,E13,E14,E15
A1,0.0,0.39831966161727905,0.6073006987571716,0.8752738833427429,1.1863915920257568,1.2828376293182373,1.6302151679992676,1.8461894989013672,2.1626243591308594,2.050626039505005,2.3556509017944336,2.2512760162353516,2.554964065551758,2.5113143920898438,2.795210123062134,1.614507794380188,1.4489234685897827,1.1634440422058105,1.243138313293457,1.084996223449707,1.3802396059036255,1.5184160470962524,1.845699429512024,2.232607364654541,2.205840826034546,2.550139904022217,2.5589542388916016,2.8844878673553467,2.9264392852783203,3.2391510009765625,2.385512113571167,2.143547773361206,1.8718007802963257,1.820090651512146,1.5714173316955566,1.8174916505813599,1.7876485586166382,2.03421950340271,2.433213710784912,2.4589266777038574,2.806443214416504,2.8727619647979736,3.207724094390869,3.3041510581970215,3.6179111003875732,3.049607992172241,2.7790708541870117,2.55887770652771,2.4022316932678223,2.1587002277374268,2.2998695373535156,2.1464896202087402,2.323045015335083,2.70729660987854,2.772059917449951,3.103104591369629,3.212571859359741,3.537888526916504,3.6843981742858887,3.9852914810180664,3.5940043926239014,3.3212716579437256,3.161820888519287,2.9709486961364746,2.7223005294799805,2.7793424129486084,2.611732006072998,2.7125370502471924,3.067613124847412,3.1733415126800537,3.4693727493286133,3.5974485874176025,3.9016823768615723,4.107906818389893,4.350649833679199
A2,0.39831966161727905,0.0,0.4040466248989105,0.6054034233093262,0.9452813267707825,1.125544786453247,1.4169420003890991,1.6704877614974976,2.0276613235473633,1.9774658679962158,2.3166940212249756,2.274775266647339,2.604217290878296,2.6167104244232178,2.925666093826294,1.8760510683059692,1.6624034643173218,1.354936122894287,1.3279004096984863,1.0835106372833252,1.3575055599212646,1.3942363262176514,1.7069292068481445,2.1117818355560303,2.1441502571105957,2.5033516883850098,2.5702855587005615,2.9084808826446533,2.9997527599334717,3.3277976512908936,2.5884628295898438,2.318071126937866,2.0378482341766357,1.9171574115753174,1.6340718269348145,1.8388268947601318,1.7278791666030884,1.9350123405456543,2.3293447494506836,2.406216621398926,2.7527482509613037,2.8696773052215576,3.2064011096954346,3.3464605808258057,3.666069507598877,3.2049620151519775,2.907719135284424,2.6900641918182373,2.485055685043335,2.2368412017822266,2.3268511295318604,2.1156678199768066,2.2480592727661133,2.6140995025634766,2.722107172012329,3.043436050415039,3.1950912475585938,3.513817310333252,3.6976873874664307,3.9988393783569336,3.7064058780670166,3.4059791564941406,3.260878801345825,3.029161214828491,2.785414695739746,2.795923948287964,2.581357479095459,2.6429998874664307,2.9734277725219727,3.1143887042999268,3.396017074584961,3.558115243911743,3.849269390106201,4.083612442016602,4.315061569213867
A3,0.6073006987571716,0.4040466248989105,0.0,0.37895697355270386,0.6029696464538574,0.8005185127258301,1.098825216293335,1.383138656616211,1.7204148769378662,1.6962169408798218,2.0356991291046143,2.001539707183838,2.3535492420196533,2.3780388832092285,2.71437668800354,1.7301149368286133,1.5215164422988892,1.1672435998916626,1.0912022590637207,0.7697435021400452,0.9844629168510437,1.0102229118347168,1.3460718393325806,1.7490060329437256,1.7993487119674683,2.166325569152832,2.244426965713501,2.598400592803955,2.701204299926758,3.047832727432251,2.327117681503296,2.052792549133301,1.752260446548462,1.5964733362197876,1.2841620445251465,1.4591443538665771,1.3274140357971191,1.5392121076583862,1.9371302127838135,2.0256824493408203,2.3790454864501953,2.507600784301758,2.854701280593872,3.0062544345855713,3.3388519287109375,2.887026071548462,2.578493118286133,2.3569700717926025,2.1279091835021973,1.8777353763580322,1.9481515884399414,1.720833420753479,1.8445309400558472,2.2111198902130127,2.3247363567352295,2.649470329284668,2.8100783824920654,3.1343233585357666,3.3268394470214844,3.6360585689544678,3.354499101638794,3.041466474533081,2.9048233032226562,2.656003475189209,2.42179012298584,2.422020196914673,2.1949708461761475,2.2430665493011475,2.5708861351013184,2.711198091506958,2.992985248565674,3.1593410968780518,3.45269513130188,3.6926136016845703,3.929396867752075
A4,0.8752738833427429,0.6054034233093262,0.37895697355270386,0.0,0.3947505056858063,0.5690599083900452,0.8164873719215393,1.0827301740646362,1.454256296157837,1.4592409133911133,1.8199702501296997,1.8439151048660278,2.1981701850891113,2.278277635574341,2.6188175678253174,1.8246591091156006,1.5550732612609863,1.243169903755188,1.0569044351577759,0.7418504357337952,0.9736892580986023,0.8876763582229614,1.1477965116500854,1.554580569267273,1.626297950744629,1.9884296655654907,2.1119375228881836,2.4548962116241455,2.6014442443847656,2.942201852798462,2.4070301055908203,2.094148635864258,1.8363697528839111,1.6159471273422241,1.341422438621521,1.5209929943084717,1.3259570598602295,1.443483591079712,1.8133604526519775,1.913140892982483,2.242868423461914,2.4016473293304443,2.727304458618164,2.9107818603515625,3.2278337478637695,2.9566736221313477,2.622551918029785,2.4447906017303467,2.1790683269500732,1.976649522781372,2.039515495300293,1.7732526063919067,1.8165496587753296,2.1422791481018066,2.260244846343994,2.5528392791748047,2.730409860610962,3.0273289680480957,3.242420196533203,3.531919240951538,3.419929027557373,3.094137668609619,3.001654863357544,2.734330892562866,2.5410068035125732,2.532118558883667,2.273127555847168,2.25608491897583,2.5424301624298096,2.681227445602417,2.9265706539154053,3.0992839336395264,3.3620951175689697,3.6099259853363037,3.8165431022644043
A5,1.1863915920257568,0.9452813267707825,0.6029696464538574,0.3947505056858063,0.0,0.38521483540534973,0.5299624800682068,0.8758203387260437,1.2226479053497314,1.301426887512207,1.6604286432266235,1.7174606323242188,2.094007730484009,2.2001254558563232,2.5670225620269775,1.8875861167907715,1.6385812759399414,1.307425856590271,1.0720750093460083,0.7006000876426697,0.7698004841804504,0.570377767086029,0.8349852561950684,1.240286111831665,1.3724632263183594,1.7421618700027466,1.901471495628357,2.260904312133789,2.433239221572876,2.7938270568847656,2.3127284049987793,2.0046021938323975,1.7334685325622559,1.4669591188430786,1.167771816253662,1.2702453136444092,1.0114151239395142,1.0961331129074097,1.4597316980361938,1.6028858423233032,1.9360979795455933,2.12939190864563,2.464865207672119,2.6746392250061035,3.0060462951660156,2.7699525356292725,2.425382614135742,2.245729684829712,1.9463225603103638,1.7465131282806396,1.7603598833084106,1.4588085412979126,1.4634016752243042,1.773759365081787,1.91972815990448,2.209899663925171,2.415323495864868,2.7151858806610107,2.952378988265991,3.25079345703125,3.1714577674865723,2.828075647354126,2.747743606567383,2.45273756980896,2.27427339553833,2.2348055839538574,1.9495443105697632,1.899340271949768,2.167288064956665,2.320781707763672,2.559907913208008,2.751633882522583,3.012347459793091,3.276780843734741,3.487107515335083
A6,1.2828376293182373,1.125544786453247,0.8005185127258301,0.5690599083900452,0.38521483540534973,0.0,0.3873949348926544,0.601683497428894,0.9199990034103394,0.9356284141540527,1.2925851345062256,1.3406965732574463,1.7135093212127686,1.8291394710540771,2.1938204765319824,1.6406464576721191,1.3641709089279175,1.0825152397155762,0.7779497504234314,0.47847384214401245,0.5875908732414246,0.4161491394042969,0.6016139984130859,1.0004762411117554,1.0585917234420776,1.4217205047607422,1.5641356706619263,1.9115427732467651,2.0842795372009277,2.4346418380737305,2.0540740489959717,1.7194656133651733,1.5005090236663818,1.2041895389556885,0.9838231205940247,1.155117392539978,0.9336384534835815,0.9548038244247437,1.2974635362625122,1.368141770362854,1.6840559244155884,1.8482320308685303,2.165843963623047,2.3649685382843018,2.680384874343872,2.5395658016204834,2.184115409851074,2.0547702312469482,1.754116415977478,1.6210181713104248,1.6937296390533447,1.4201732873916626,1.386596441268921,1.6762999296188354,1.7570593357086182,2.02559494972229,2.1941041946411133,2.4750523567199707,2.6945016384124756,2.974609375,2.984023332595825,2.6516923904418945,2.611463785171509,2.3378989696502686,2.2062602043151855,2.216534376144409,1.9533075094223022,1.8761515617370605,2.130214214324951,2.2259225845336914,2.4415950775146484,2.5924134254455566,2.8363945484161377,3.074307680130005,3.2660350799560547
A7,1.6302151679992676,1.4169420003890991,1.098825216293335,0.8164873719215393,0.5299624800682068,0.3873949348926544,0.0,0.3838631808757782,0.7269512414932251,0.8950139284133911,1.252931833267212,1.400345802307129,1.7708542346954346,1.9523926973342896,2.3230319023132324,1.9677760601043701,1.6887935400009155,1.4353480339050293,1.1037602424621582,0.8413135409355164,0.8232137560844421,0.4898476302623749,0.45233359932899475,0.8158833384513855,0.9881564974784851,1.3316057920455933,1.5588037967681885,1.8956408500671387,2.1272735595703125,2.4780430793762207,2.274506092071533,1.938659906387329,1.7428739070892334,1.4047261476516724,1.2060543298721313,1.2891377210617065,0.9888966083526611,0.8752056956291199,1.143768548965454,1.2834211587905884,1.5630967617034912,1.7939403057098389,2.0914881229400635,2.3424763679504395,2.6506879329681396,2.6703567504882812,2.302966833114624,2.1976966857910156,1.861310601234436,1.7570661306381226,1.7692807912826538,1.4522124528884888,1.3229085206985474,1.5401272773742676,1.663078784942627,1.8904407024383545,2.105863332748413,2.359630823135376,2.6205222606658936,2.88866925239563,3.0470988750457764,2.6970956325531006,2.689420223236084,2.3846747875213623,2.2854435443878174,2.2522828578948975,1.950842022895813,1.8037071228027344,1.9956514835357666,2.115180492401123,2.2901864051818848,2.4714229106903076,2.6837961673736572,2.9472427368164062,3.115238666534424
A8,1.8461894989013672,1.6704877614974976,1.383138656616211,1.0827301740646362,0.8758203387260437,0.601683497428894,0.3838631808757782,0.0,0.4054987132549286,0.5767490267753601,0.9312928915023804,1.1375250816345215,1.4820916652679443,1.7120652198791504,2.0670101642608643,1.9408652782440186,1.6382442712783813,1.4679367542266846,1.1000380516052246,0.9685922861099243,0.9744428992271423,0.7106390595436096,0.4793214201927185,0.7007772326469421,0.799461841583252,1.0916721820831299,1.338057518005371,1.6350936889648438,1.894821286201477,2.220132827758789,2.221428394317627,1.8655208349227905,1.7472667694091797,1.391120195388794,1.2995221614837646,1.4211626052856445,1.165709137916565,0.9656717777252197,1.1392602920532227,1.2029118537902832,1.4186389446258545,1.63401460647583,1.883941411972046,2.140944242477417,2.4151430130004883,2.6223304271698,2.248549222946167,2.2098937034606934,1.876513123512268,1.8513686656951904,1.9045990705490112,1.6184437274932861,1.4380760192871094,1.5928672552108765,1.6517666578292847,1.8230515718460083,2.005950450897217,2.214212417602539,2.46645188331604,2.6989805698394775,3.023364543914795,2.6871392726898193,2.7309274673461914,2.4472155570983887,2.4028499126434326,2.4055540561676025,2.1233203411102295,1.9400581121444702,2.0911214351654053,2.1562061309814453,2.2834672927856445,2.425935983657837,2.599057674407959,2.8372302055358887,2.9669978618621826
A9,2.1626243591308594,2.0276613235473633,1.7204148769378662,1.454256296157837,1.2226479053497314,0.9199990034103394,0.7269512414932251,0.4054987132549286,0.0,0.37766122817993164,0.6238783597946167,0.9002742171287537,1.218261480331421,1.4908944368362427,1.8420536518096924,1.9681565761566162,1.6947307586669922,1.5812848806381226,1.2196683883666992,1.1752852201461792,1.0991188287734985,0.8887242078781128,0.5354833602905273,0.4777427017688751,0.5155079364776611,0.7245740294456482,1.0156162977218628,1.2838118076324463,1.5796358585357666,1.8963619470596313,2.0933737754821777,1.7472431659698486,1.6921920776367188,1.3225762844085693,1.326027512550354,1.4167170524597168,1.2017450332641602,0.9137541651725769,0.9529939293861389,0.9467716813087463,1.0859122276306152,1.3005414009094238,1.5124655961990356,1.78731369972229,2.0447423458099365,2.4156343936920166,2.042006015777588,2.0630080699920654,1.7274408340454102,1.7825219631195068,1.8441652059555054,1.5922225713729858,1.352647304534912,1.426444411277771,1.4234325885772705,1.5344393253326416,1.692095160484314,1.8617160320281982,2.1128201484680176,2.3231801986694336,2.7890641689300537,2.462224245071411,2.5582098960876465,2.2879576683044434,2.306234121322632,2.330198049545288,2.0690670013427734,1.845015287399292,1.9459803104400635,1.9546090364456177,2.0346102714538574,2.1410653591156006,2.2811243534088135,2.4992430210113525,2.604433536529541
A10,2.050626039505005,1.9774658679962158,1.6962169408798218,1.4592409133911133,1.301426887512207,0.9356284141540527,0.8950139284133911,0.5767490267753601,0.37766122817993164,0.0,0.3741898834705353,0.5782084465026855,0.9065581560134888,1.1595958471298218,1.506505012512207,1.6624419689178467,1.3799504041671753,1.3322943449020386,0.9805718660354614,1.0552868843078613,1.0483756065368652,0.9617670774459839,0.7047337293624878,0.7011990547180176,0.5099589824676514,0.6923357248306274,0.8586196303367615,1.1126024723052979,1.3604828119277954,1.663455605506897,1.8455196619033813,1.4823346138000488,1.4787763357162476,1.1349393129348755,1.218053936958313,1.3960530757904053,1.2672234773635864,1.0543489456176758,1.1399105787277222,1.0202735662460327,1.1624250411987305,1.2710597515106201,1.4722392559051514,1.6833698749542236,1.9253692626953125,2.2588303089141846,1.8919191360473633,1.9402769804000854,1.6432600021362305,1.7277742624282837,1.8656257390975952,1.6676573753356934,1.4882112741470337,1.6066540479660034,1.5331406593322754,1.6593116521835327,1.7413111925125122,1.9128597974777222,2.1063148975372314,2.306156873703003,2.7177436351776123,2.41854190826416,2.515580654144287,2.289433240890503,2.310636043548584,2.392508029937744,2.1743345260620117,1.9957709312438965,2.13708758354187,2.1002066135406494,2.1987054347991943,2.2526299953460693,2.404554843902588,2.578087329864502,2.686815023422241
A11,2.3556509017944336,2.3166940212249756,2.0356991291046143,1.8199702501296997,1.6604286432266235,1.2925851345062256,1.252931833267212,0.9312928915023804,0.6238783597946167,0.3741898834705353,0.0,0.3718396723270416,0.6041690707206726,0.9193236827850342,1.2420384883880615,1.71429443359375,1.4723747968673706,1.5025848150253296,1.1948466300964355,1.3437455892562866,1.3026533126831055,1.2662057876586914,0.9927128553390503,0.8495282530784607,0.5607615113258362,0.5147642493247986,0.6178467273712158,0.7807796001434326,1.0528604984283447,1.3255095481872559,1.7590538263320923,1.416115403175354,1.5045448541641235,1.1891322135925293,1.375014305114746,1.5382393598556519,1.4684069156646729,1.2331236600875854,1.2203618288040161,1.0092806816101074,1.0427039861679077,1.0777676105499268,1.2027713060379028,1.3942512273788452,1.5958116054534912,2.1161880493164062,1.7635257244110107,1.8870450258255005,1.6180113554000854,1.7848217487335205,1.9468801021575928,1.800794005393982,1.6019415855407715,1.6584373712539673,1.5106910467147827,1.5715595483779907,1.5879621505737305,1.705138087272644,1.8636919260025024,2.0243852138519287,2.5730063915252686,2.301480531692505,2.4498071670532227,2.2590980529785156,2.3384082317352295,2.4537127017974854,2.2714338302612305,2.0783190727233887,2.182805061340332,2.0843610763549805,2.1394553184509277,2.136732339859009,2.25211501121521,2.381730079650879,2.4598324298858643
A12,2.2512760162353516,2.274775266647339,2.001539707183838,1.8439151048660278,1.7174606323242188,1.3406965732574463,1.400345802307129,1.1375250816345215,0.9002742171287537,0.5782084465026855,0.3718396723270416,0.0,0.38604986667633057,0.5909139513969421,0.9537312984466553,1.3900196552276611,1.1873148679733276,1.268613576889038,1.0235682725906372,1.256169080734253,1.2283424139022827,1.302168607711792,1.118679165840149,1.0279467105865479,0.6689302921295166,0.6474719047546387,0.5233627557754517,0.6979213356971741,0.8445719480514526,1.133554458618164,1.4183948040008545,1.0725501775741577,1.2101624011993408,0.945435643196106,1.2091847658157349,1.4210914373397827,1.4402188062667847,1.2868191003799438,1.3239731788635254,1.0499905347824097,1.1216027736663818,1.0468862056732178,1.1964707374572754,1.294244408607483,1.5086524486541748,1.8496037721633911,1.5094696283340454,1.6442794799804688,1.4233753681182861,1.6093512773513794,1.8331680297851562,1.74690842628479,1.6166623830795288,1.7232519388198853,1.5294309854507446,1.629875659942627,1.5827996730804443,1.73162841796875,1.8273663520812988,2.003502368927002,2.380728006362915,2.135636806488037,2.2679288387298584,2.120776653289795,2.1936676502227783,2.3589987754821777,2.2231106758117676,2.0843138694763184,2.234928607940674,2.1061580181121826,2.1988637447357178,2.158052444458008,2.308002233505249,2.402841806411743,2.5122673511505127
A13,2.554964065551758,2.604217290878296,2.3535492420196533,2.1981701850891113,2.094007730484009,1.7135093212127686,1.7708542346954346,1.4820916652679443,1.218261480331421,0.9065581560134888,0.6041690707206726,0.38604986667633057,0.0,0.37789538502693176,0.6430109739303589,1.516955852508545,1.352011799812317,1.5240943431854248,1.3296605348587036,1.6091221570968628,1.5985702276229858,1.6880179643630981,1.4952270984649658,1.3629008531570435,1.0056225061416626,0.8621298670768738,0.6582533121109009,0.6019803881645203,0.6787142157554626,0.8542516827583313,1.4721812009811401,1.1713262796401978,1.412644624710083,1.2195653915405273,1.5367711782455444,1.7478164434432983,1.8012181520462036,1.6435033082962036,1.6313725709915161,1.3241584300994873,1.3070303201675415,1.1546154022216797,1.188267469406128,1.2133996486663818,1.3365498781204224,1.8776229619979858,1.5788733959197998,1.79004967212677,1.6256859302520752,1.8677349090576172,2.1137611865997314,2.0685970783233643,1.9357120990753174,2.0019562244415283,1.763936161994934,1.8062946796417236,1.6935659646987915,1.7743180990219116,1.809857726097107,1.922366976737976,2.4252960681915283,2.2275068759918213,2.402210235595703,2.3041932582855225,2.4200022220611572,2.6162710189819336,2.5137245655059814,2.3729023933410645,2.4964287281036377,2.3240694999694824,2.378424882888794,2.2844431400299072,2.392934560775757,2.432673215866089,2.501800060272217
A14,2.5113143920898438,2.6167104244232178,2.3780388832092285,2.278277635574341,2.2001254558563232,1.8291394710540771,1.9523926973342896,1.7120652198791504,1.4908944368362427,1.1595958471298218,0.9193236827850342,0.5909139513969421,0.37789538502693176,0.0,0.3917815685272217,1.2645330429077148,1.17659330368042,1.4023005962371826,1.2991135120391846,1.6252931356430054,1.623029351234436,1.7915987968444824,1.6690797805786133,1.5761840343475342,1.2041476964950562,1.1032754182815552,0.8051351308822632,0.7629225850105286,0.6378986239433289,0.7871924638748169,1.1725029945373535,0.9035136699676514,1.2138596773147583,1.1178423166275024,1.4820069074630737,1.7186013460159302,1.846323847770691,1.7601381540298462,1.786873698234558,1.4559013843536377,1.4745579957962036,1.2529988288879395,1.310507893562317,1.2360291481018066,1.364061951637268,1.6545915603637695,1.391548752784729,1.6124718189239502,1.5188730955123901,1.7692276239395142,2.0636098384857178,2.0766685009002686,2.0082147121429443,2.114301919937134,1.850903034210205,1.9282655715942383,1.7693216800689697,1.8798038959503174,1.855149269104004,1.9824601411819458,2.274169445037842,2.1134517192840576,2.2657222747802734,2.2186203002929688,2.324883460998535,2.56500506401062,2.5096378326416016,2.4222254753112793,2.583923101425171,2.391728639602661,2.480698823928833,2.3582229614257812,2.499074697494507,2.508678436279297,2.610321521759033
A15,2.795210123062134,2.925666093826294,2.71437668800354,2.6188175678253174,2.5670225620269775,2.1938204765319824,2.3230319023132324,2.0670101642608643,1.8420536518096924,1.506505012512207,1.2420384883880615,0.9537312984466553,0.6430109739303589,0.3917815685272217,0.0,1.445580244064331,1.397816777229309,1.6875802278518677,1.626165509223938,1.9776043891906738,2.0002875328063965,2.177666187286377,2.054208993911743,1.9519407749176025,1.58120858669281,1.4420199394226074,1.1406478881835938,0.9912952780723572,0.7948284149169922,0.743107259273529,1.3376191854476929,1.1459238529205322,1.5054876804351807,1.4708220958709717,1.8450418710708618,2.0863375663757324,2.2321596145629883,2.1492979526519775,2.15923810005188,1.8188058137893677,1.7967172861099243,1.542287826538086,1.5235897302627563,1.3829104900360107,1.4111262559890747,1.7978171110153198,1.598236322402954,1.8621172904968262,1.8248085975646973,2.09606671333313,2.404719352722168,2.4448776245117188,2.382585048675537,2.471736192703247,2.1882314682006836,2.233553409576416,2.0347914695739746,2.096801280975342,2.0177462100982666,2.0863921642303467,2.428436040878296,2.3211522102355957,2.4944326877593994,2.494537115097046,2.622711420059204,2.886155843734741,2.8577396869659424,2.7772984504699707,2.9268336296081543,2.709730386734009,2.776829242706299,2.618062734603882,2.729931354522705,2.6929750442504883,2.7635879516601562
B1,1.614507794380188,1.8760510683059692,1.7301149368286133,1.8246591091156006,1.8875861167907715,1.6406464576721191,1.9677760601043701,1.9408652782440186,1.9681565761566162,1.6624419689178467,1.71429443359375,1.3900196552276611,1.516955852508545,1.2645330429077148,1.445580244064331,0.0,0.37875306606292725,0.585757315158844,0.8754339218139648,1.1934152841567993,1.3286643028259277,1.6700962781906128,1.8272188901901245,1.986604928970337,1.714489221572876,1.8804432153701782,1.6552891731262207,1.8531007766723633,1.710355520248413,1.932729959487915,0.9792552590370178,0.7865495085716248,0.7891907095909119,0.9681792855262756,1.1340192556381226,1.4805103540420532,1.705268144607544,1.881085991859436,2.1379899978637695,1.9191099405288696,2.155716896057129,2.00520658493042,2.251023769378662,2.1794633865356445,2.422729015350342,1.801928997039795,1.5988154411315918,1.5426499843597412,1.544135570526123,1.5413345098495483,1.890516996383667,1.9432296752929688,2.097493886947632,2.4027912616729736,2.2422609329223633,2.501169204711914,2.4154460430145264,2.6828229427337646,2.6777546405792236,2.9204983711242676,2.5111491680145264,2.348494529724121,2.2858052253723145,2.254634380340576,2.161417245864868,2.415910005569458,2.3987538814544678,2.4885973930358887,2.809633731842041,2.7141830921173096,2.958889961242676,2.9136738777160645,3.1863105297088623,3.2543532848358154,3.4739978313446045
B2,1.4489234685897827,1.6624034643173218,1.5215164422988892,1.5550732612609863,1.6385812759399414,1.3641709089279175,1.6887935400009155,1.6382442712783813,1.6947307586669922,1.3799504041671753,1.4723747968673706,1.1873148679733276,1.352011799812317,1.17659330368042,1.397816777229309,0.37875306606292725,0.0,0.4026784896850586,0.5918378829956055,0.9578487873077393,1.166526436805725,1.4616522789001465,1.5961661338806152,1.783425211906433,1.5211162567138672,1.7127599716186523,1.540841817855835,1.7561594247817993,1.6826567649841309,1.921648383140564,1.2194383144378662,0.9293974041938782,0.9181700348854065,0.9478011131286621,1.0817921161651611,1.4588074684143066,1.6069539785385132,1.7395946979522705,2.007847547531128,1.8113185167312622,2.053234338760376,1.950408697128296,2.1966240406036377,2.1789748668670654,2.421870470046997,2.010099172592163,1.7538284063339233,1.7126069068908691,1.6335809230804443,1.6273314952850342,1.945474624633789,1.927182674407959,2.031841993331909,2.331554412841797,2.197678565979004,2.4483001232147217,2.4008381366729736,2.6578190326690674,2.6952054500579834,2.9307994842529297,2.696079730987549,2.495915412902832,2.459031820297241,2.3762924671173096,2.287869453430176,2.5036611557006836,2.430418014526367,2.4740679264068604,2.779165029525757,2.7085070610046387,2.9362852573394775,2.919053554534912,3.174314022064209,3.2690117359161377,3.466456890106201
B3,1.1634440422058105,1.354936122894287,1.1672435998916626,1.243169903755188,1.307425856590271,1.0825152397155762,1.4353480339050293,1.4679367542266846,1.5812848806381226,1.3322943449020386,1.5025848150253296,1.268613576889038,1.5240943431854248,1.4023005962371826,1.6875802278518677,0.585757315158844,0.4026784896850586,0.0,0.3738906681537628,0.6249081492424011,0.8392137289047241,1.1577341556549072,1.3670984506607056,1.6125926971435547,1.4159260988235474,1.6766008138656616,1.5612272024154663,1.8453798294067383,1.8166519403457642,2.11161470413208,1.2961890697479248,1.008444905281067,0.8310448527336121,0.8095656633377075,0.7955061793327332,1.171372652053833,1.2970752716064453,1.484282374382019,1.8042988777160645,1.6674052476882935,1.9627056121826172,1.9147001504898071,2.213475465774536,2.2397804260253906,2.529257297515869,2.020933151245117,1.7421783208847046,1.6214908361434937,1.497352957725525,1.4059481620788574,1.68580162525177,1.6332083940505981,1.7690644264221191,2.107243061065674,2.025524854660034,2.3160765171051025,2.319000720977783,2.614147186279297,2.69124174118042,2.963913917541504,2.649963140487671,2.4122684001922607,2.3344502449035645,2.2062699794769287,2.069251537322998,2.2451703548431396,2.144943952560425,2.206212043762207,2.5353338718414307,2.509342908859253,2.7672696113586426,2.794023036956787,3.0757040977478027,3.2095019817352295,3.4335999488830566
B4,1.243138313293457,1.3279004096984863,1.0912022590637207,1.0569044351577759,1.0720750093460083,0.7779497504234314,1.1037602424621582,1.1000380516052246,1.2196683883666992,0.9805718660354614,1.1948466300964355,1.0235682725906372,1.3296605348587036,1.2991135120391846,1.626165509223938,0.8754339218139648,0.5918378829956055,0.3738906681537628,0.0,0.39949923753738403,0.6453535556793213,0.8871727585792542,1.0425100326538086,1.297148585319519,1.1149990558624268,1.398870587348938,1.3466994762420654,1.6498701572418213,1.6929776668548584,2.0072503089904785,1.4386491775512695,1.0956974029541016,0.9446547031402588,0.7640034556388855,0.7379305362701416,1.100616693496704,1.1335138082504272,1.2427260875701904,1.5527901649475098,1.4354594945907593,1.7263954877853394,1.7276946306228638,2.0235490798950195,2.1039936542510986,2.3947064876556396,2.0933964252471924,1.7717760801315308,1.6832181215286255,1.484901785850525,1.421177625656128,1.6586041450500488,1.5391851663589478,1.5989446640014648,1.90980064868927,1.8467633724212646,2.117438316345215,2.1549606323242188,2.4343109130859375,2.551393508911133,2.8161427974700928,2.681877374649048,2.412797451019287,2.374744415283203,2.2018258571624756,2.093733072280884,2.2330801486968994,2.081897735595703,2.079836845397949,2.3756089210510254,2.3629770278930664,2.593233585357666,2.641254425048828,2.899933099746704,3.0558769702911377,3.2572402954101562
B5,1.084996223449707,1.0835106372833252,0.7697435021400452,0.7418504357337952,0.7006000876426697,0.47847384214401245,0.8413135409355164,0.9685922861099243,1.1752852201461792,1.0552868843078613,1.3437455892562866,1.256169080734253,1.6091221570968628,1.6252931356430054,1.9776043891906738,1.1934152841567993,0.9578487873077393,0.6249081492424011,0.39949923753738403,0.0,0.39090999960899353,0.5854669809341431,0.8531705737113953,1.1926631927490234,1.1263190507888794,1.471175193786621,1.49787175655365,1.8442490100860596,1.9326307773590088,2.278437376022339,1.6717321872711182,1.3540185689926147,1.1085985898971558,0.8856379389762878,0.6705639958381653,0.9580679535865784,0.8966915011405945,1.049315094947815,1.416867971420288,1.3949151039123535,1.729383111000061,1.803168535232544,2.1351547241210938,2.2632243633270264,2.584652900695801,2.239511728286743,1.9077293872833252,1.7575613260269165,1.514003872871399,1.3679008483886719,1.5269774198532104,1.3411426544189453,1.4113205671310425,1.7529340982437134,1.7660198211669922,2.0669214725494385,2.1682941913604736,2.4738988876342773,2.6356427669525146,2.9270715713500977,2.753371000289917,2.4507498741149902,2.3804752826690674,2.156917095184326,2.005617141723633,2.08280873298645,1.8861185312271118,1.885698914527893,2.194207191467285,2.2418999671936035,2.4938695430755615,2.5962207317352295,2.8716797828674316,3.0705513954162598,3.289778232574463
B6,1.3802396059036255,1.3575055599212646,0.9844629168510437,0.9736892580986023,0.7698004841804504,0.5875908732414246,0.8232137560844421,0.9744428992271423,1.0991188287734985,1.0483756065368652,1.3026533126831055,1.2283424139022827,1.5985702276229858,1.623029351234436,2.0002875328063965,1.3286643028259277,1.166526436805725,0.8392137289047241,0.6453535556793213,0.39090999960899353,0.0,0.3790583312511444,0.6695992946624756,0.9628397822380066,0.9373267292976379,1.2884618043899536,1.3293901681900024,1.7028875350952148,1.801383137702942,2.174792528152466,1.561654806137085,1.2717097997665405,0.9858106970787048,0.7104945778846741,0.40726205706596375,0.5967583060264587,0.5114016532897949,0.7031590938568115,1.0846859216690063,1.0851895809173584,1.4443036317825317,1.5377171039581299,1.897369384765625,2.0409042835235596,2.3895232677459717,2.005107879638672,1.6647168397903442,1.4913396835327148,1.208093523979187,1.045587182044983,1.1624486446380615,0.9571673274040222,1.0252655744552612,1.3796403408050537,1.403582215309143,1.7244374752044678,1.843519687652588,2.1703312397003174,2.345811605453491,2.659205675125122,2.449500560760498,2.1265735626220703,2.055373430252075,1.8034868240356445,1.6580355167388916,1.7153764963150024,1.5069395303726196,1.4962743520736694,1.8085826635360718,1.8581205606460571,2.12239670753479,2.235964298248291,2.526064395904541,2.737680435180664,2.97619891166687
B7,1.5184160470962524,1.3942363262176514,1.0102229118347168,0.8876763582229614,0.570377767086029,0.4161491394042969,0.4898476302623749,0.7106390595436096,0.8887242078781128,0.9617670774459839,1.2662057876586914,1.302168607711792,1.6880179643630981,1.7915987968444824,2.177666187286377,1.6700962781906128,1.4616522789001465,1.1577341556549072,0.8871727585792542,0.5854669809341431,0.3790583312511444,0.0,0.3874359130859375,0.7595395445823669,0.8674531579017639,1.2393940687179565,1.3849693536758423,1.758887767791748,1.928798794746399,2.304701566696167,1.884247064590454,1.5811729431152344,1.329591155052185,1.0098034143447876,0.7479740977287292,0.8074725866317749,0.5324908494949341,0.5608536601066589,0.9389216303825378,1.0423399209976196,1.3885324001312256,1.5687602758407593,1.9162336587905884,2.12261962890625,2.465906858444214,2.2593536376953125,1.9036365747451782,1.7529865503311157,1.4268511533737183,1.282693862915039,1.3101825714111328,1.0176715850830078,0.9720015525817871,1.2786191701889038,1.3741718530654907,1.667153239250183,1.8516796827316284,2.1575820446014404,2.385455369949341,2.689797878265381,2.638742685317993,2.2922306060791016,2.2481813430786133,1.9534451961517334,1.8274905681610107,1.8195642232894897,1.5478661060333252,1.4609626531600952,1.7224297523498535,1.819980502128601,2.0526623725891113,2.2131431102752686,2.4766440391540527,2.724717617034912,2.940988540649414
B8,1.845699429512024,1.7069292068481445,1.3460718393325806,1.1477965116500854,0.8349852561950684,0.6016139984130859,0.45233359932899475,0.4793214201927185,0.5354833602905273,0.7047337293624878,0.9927128553390503,1.118679165840149,1.4952270984649658,1.6690797805786133,2.054208993911743,1.8272188901901245,1.5961661338806152,1.3670984506607056,1.0425100326538086,0.8531705737113953,0.6695992946624756,0.3874359130859375,0.0,0.40876755118370056,0.5849935412406921,0.9407798051834106,1.1641699075698853,1.5185036659240723,1.7478594779968262,2.114431142807007,1.9529095888137817,1.6327472925186157,1.4590355157852173,1.0940576791763306,0.9534488320350647,0.9874708652496338,0.7098283767700195,0.48896926641464233,0.730463445186615,0.8321608304977417,1.1249839067459106,1.3504773378372192,1.6633533239364624,1.9131509065628052,2.2361233234405518,2.268435478210449,1.897607684135437,1.8178266286849976,1.4670780897140503,1.416725516319275,1.435788869857788,1.1431397199630737,0.9640077352523804,1.1592516899108887,1.2327051162719727,1.4600621461868286,1.657985806465149,1.9202271699905396,2.173785924911499,2.4512877464294434,2.61923885345459,2.2693729400634766,2.2900898456573486,1.9899131059646606,1.9352658987045288,1.9269312620162964,1.6456612348556519,1.4721287488937378,1.6536303758621216,1.7221189737319946,1.89165198802948,2.044793128967285,2.2627408504486084,2.5124399662017822,2.6905438899993896
B9,2.232607364654541,2.1117818355560303,1.7490060329437256,1.554580569267273,1.240286111831665,1.0004762411117554,0.8158833384513855,0.7007772326469421,0.4777427017688751,0.7011990547180176,0.8495282530784607,1.0279467105865479,1.3629008531570435,1.5761840343475342,1.9519407749176025,1.986604928970337,1.783425211906433,1.6125926971435547,1.297148585319519,1.1926631927490234,0.9628397822380066,0.7595395445823669,0.40876755118370056,0.0,0.37248432636260986,0.6294618844985962,0.9229266047477722,1.2496503591537476,1.52216637134552,1.8815858364105225,1.9378266334533691,1.6375895738601685,1.5299805402755737,1.1575002670288086,1.1224690675735474,1.093532919883728,0.8658925890922546,0.5071325898170471,0.4761524200439453,0.5410438179969788,0.7555644512176514,1.0289335250854492,1.312880516052246,1.6015912294387817,1.9146745204925537,2.1347291469573975,1.764245629310608,1.7484363317489624,1.3873385190963745,1.4308205842971802,1.4338752031326294,1.176087498664856,0.8940470218658447,0.9502363801002502,0.9699889421463013,1.1225848197937012,1.3243262767791748,1.5498101711273193,1.8238400220870972,2.08522367477417,2.4250571727752686,2.076862335205078,2.1598639488220215,1.8620308637619019,1.8846784830093384,1.8823565244674683,1.6155509948730469,1.372969150543213,1.4722987413406372,1.4865620136260986,1.593910813331604,1.725246548652649,1.9057656526565552,2.1507599353790283,2.3049564361572266
B10,2.205840826034546,2.1441502571105957,1.7993487119674683,1.626297950744629,1.3724632263183594,1.0585917234420776,0.9881564974784851,0.799461841583252,0.5155079364776611,0.5099589824676514,0.5607615113258362,0.6689302921295166,1.0056225061416626,1.2041476964950562,1.58120858669281,1.714489221572876,1.5211162567138672,1.4159260988235474,1.1149990558624268,1.1263190507888794,0.9373267292976379,0.8674531579017639,0.5849935412406921,0.37248432636260986,0.0,0.3737044930458069,0.5899432301521301,0.935394287109375,1.1850135326385498,1.5458401441574097,1.647697925567627,1.3318533897399902,1.2911020517349243,0.9251644611358643,1.0095021724700928,1.0679939985275269,0.9563339948654175,0.6850760579109192,0.6818082928657532,0.5104931592941284,0.6962110996246338,0.8426228165626526,1.1194108724594116,1.3583818674087524,1.6630852222442627,1.904672622680664,1.5313999652862549,1.5675599575042725,1.237270474433899,1.3487184047698975,1.4451240301132202,1.2635315656661987,1.0438038110733032,1.1265733242034912,1.0243605375289917,1.16683828830719,1.2631226778030396,1.4785555601119995,1.6924585103988647,1.939395785331726,2.2793476581573486,1.9595420360565186,2.064631223678589,1.8180149793624878,1.8670129776000977,1.9380810260772705,1.7282222509384155,1.5288127660751343,1.655970811843872,1.5954179763793945,1.7031545639038086,1.757782220840454,1.937281847000122,2.1256580352783203,2.273874044418335
B11,2.550139904022217,2.5033516883850098,2.166325569152832,1.9884296655654907,1.7421618700027466,1.4217205047607422,1.3316057920455933,1.0916721820831299,0.7245740294456482,0.6923357248306274,0.5147642493247986,0.6474719047546387,0.8621298670768738,1.1032754182815552,1.4420199394226074,1.8804432153701782,1.7127599716186523,1.6766008138656616,1.398870587348938,1.471175193786621,1.2884618043899536,1.2393940687179565,0.9407798051834106,0.6294618844985962,0.3737044930458069,0.0,0.37375012040138245,0.6290233135223389,0.9412347078323364,1.2744040489196777,1.680335521697998,1.3942272663116455,1.4459303617477417,1.1186022758483887,1.2929105758666992,1.3315461874008179,1.268152117729187,0.9792149662971497,0.8320858478546143,0.5711270570755005,0.5285751223564148,0.6160233020782471,0.7989084124565125,1.0633379220962524,1.3338923454284668,1.8432223796844482,1.4871418476104736,1.6118191480636597,1.3119271993637085,1.515323519706726,1.619902491569519,1.490565538406372,1.239454984664917,1.215980052947998,1.0322010517120361,1.0588635206222534,1.08760666847229,1.2241307497024536,1.4231051206588745,1.627367377281189,2.1857080459594727,1.8918073177337646,2.0649466514587402,1.8513721227645874,1.973354458808899,2.0674219131469727,1.8914802074432373,1.662674069404602,1.7224301099777222,1.5944222211837769,1.6296623945236206,1.623881220817566,1.7462362051010132,1.8946857452392578,2.0003678798675537
B12,2.5589542388916016,2.5702855587005615,2.244426965713501,2.1119375228881836,1.901471495628357,1.5641356706619263,1.5588037967681885,1.338057518005371,1.0156162977218628,0.8586196303367615,0.6178467273712158,0.5233627557754517,0.6582533121109009,0.8051351308822632,1.1406478881835938,1.6552891731262207,1.540841817855835,1.5612272024154663,1.3466994762420654,1.49787175655365,1.3293901681900024,1.3849693536758423,1.1641699075698853,0.9229266047477722,0.5899432301521301,0.37375012040138245,0.0,0.38309088349342346,0.5998184084892273,0.9654976725578308,1.3599402904510498,1.0937275886535645,1.2216205596923828,0.9555016756057739,1.2306517362594604,1.3097635507583618,1.3509671688079834,1.1478214263916016,1.0500459671020508,0.7063621878623962,0.6722320318222046,0.5271962285041809,0.700049638748169,0.8381914496421814,1.1193032264709473,1.5460389852523804,1.2013365030288696,1.379623293876648,1.138458490371704,1.4019581079483032,1.5793142318725586,1.5308858156204224,1.3523420095443726,1.3689165115356445,1.1104745864868164,1.1559861898422241,1.0682982206344604,1.213172435760498,1.3156898021697998,1.5194815397262573,1.965308427810669,1.7085115909576416,1.8912770748138428,1.7384458780288696,1.8790487051010132,2.038417339324951,1.924347162246704,1.751183032989502,1.848272442817688,1.6670387983322144,1.7261831760406494,1.6519582271575928,1.7945537567138672,1.8812075853347778,2.005134344100952
B13,2.8844878673553467,2.9084808826446533,2.598400592803955,2.4548962116241455,2.260904312133789,1.9115427732467651,1.8956408500671387,1.6350936889648438,1.2838118076324463,1.1126024723052979,0.7807796001434326,0.6979213356971741,0.6019803881645203,0.7629225850105286,0.9912952780723572,1.8531007766723633,1.7561594247817993,1.8453798294067383,1.6498701572418213,1.8442490100860596,1.7028875350952148,1.758887767791748,1.5185036659240723,1.2496503591537476,0.935394287109375,0.6290233135223389,0.38309088349342346,0.0,0.3754405379295349,0.6506010293960571,1.4895755052566528,1.2688379287719727,1.485083818435669,1.2757461071014404,1.5886484384536743,1.673019528388977,1.7305340766906738,1.517095923423767,1.3711341619491577,1.0296902656555176,0.8745347261428833,0.6515904664993286,0.5911324620246887,0.6537748575210571,0.8249216675758362,1.6096364259719849,1.3157962560653687,1.578599214553833,1.3978009223937988,1.7097301483154297,1.8965409994125366,1.880480170249939,1.692407488822937,1.6539357900619507,1.3634451627731323,1.318291425704956,1.1552754640579224,1.1851545572280884,1.2190173864364624,1.3348950147628784,2.0130207538604736,1.808854579925537,2.0483384132385254,1.9454703330993652,2.1366543769836426,2.317046642303467,2.2326138019561768,2.0490972995758057,2.101226806640625,1.876841425895691,1.8750882148742676,1.7400826215744019,1.815582513809204,1.836634874343872,1.9008630514144897
