,A1,A2,A3,A4,A5,A6,A7,A8,A9,A10,A11,A12,A13,A14,A15,B1,B2,B3,B4,B5,B6,B7,B8,B9,B10,B11,B12,B13,B14,B15,C1,C2,C3,C4,C5,C6,C7,C8,C9,C10,C11,C12,C13,C14,C15,D1,D2,D3,D4,D5,D6,D7,D8,D9,D10,D11,D12,D13,D14,D15,E1,E2,E3,E4,E5,E6,E7,E8,E9,E10,E11,E12,E13,E14,E15
A1,0.0,0.37984779477119446,0.6041557788848877,0.7540420293807983,1.1256635189056396,1.3779270648956299,1.7081564664840698,1.7157071828842163,1.6538366079330444,1.30802583694458,1.2562280893325806,0.9296852350234985,1.0562015771865845,0.9281768202781677,1.23634672164917,0.47222036123275757,0.6314179301261902,0.7390265464782715,0.820325493812561,1.1613868474960327,1.4097003936767578,1.7838926315307617,1.7768532037734985,1.7565653324127197,1.429065227508545,1.4292595386505127,1.1846774816513062,1.32146418094635,1.2491120100021362,1.5146827697753906,1.0092291831970215,1.0516595840454102,1.1331719160079956,1.120337724685669,1.3725659847259521,1.5681687593460083,1.9494072198867798,1.9421939849853516,1.9787406921386719,1.7041752338409424,1.7259349822998047,1.542472243309021,1.6796231269836426,1.6410558223724365,1.8639023303985596,1.5295073986053467,1.5862252712249756,1.5986816883087158,1.5478763580322266,1.717932105064392,1.8602356910705566,2.2121288776397705,2.209763765335083,2.2845091819763184,2.0622222423553467,2.0876500606536865,1.947602391242981,2.083184003829956,2.073042869567871,2.2791974544525146,2.0282857418060303,2.0895819664001465,2.1205742359161377,2.0394482612609863,2.1650285720825195,2.2688043117523193,2.5897769927978516,2.5675899982452393,2.6535141468048096,2.4681472778320312,2.488086462020874,2.3742051124572754,2.5109353065490723,2.509244441986084,2.6705639362335205
A2,0.37984779477119446,0.0,0.3909393548965454,0.713182806968689,1.0079303979873657,1.3332301378250122,1.660459041595459,1.7521573305130005,1.7638756036758423,1.46038019657135,1.494274377822876,1.2137744426727295,1.403199315071106,1.2970963716506958,1.6087684631347656,0.6036086678504944,0.4996700584888458,0.5687257647514343,0.7578921914100647,1.0205250978469849,1.3356541395187378,1.7164692878723145,1.791211724281311,1.840483546257019,1.551658272743225,1.6320470571517944,1.4260847568511963,1.6231592893600464,1.567136287689209,1.857353687286377,1.1053211688995361,1.0090917348861694,1.0449440479278564,1.081618309020996,1.2547796964645386,1.4921396970748901,1.8753985166549683,1.942510962486267,2.0422263145446777,1.7992308139801025,1.8915613889694214,1.7373765707015991,1.9315327405929565,1.9075093269348145,2.165879726409912,1.6111866235733032,1.5770405530929565,1.5536384582519531,1.5294476747512817,1.6299777030944824,1.7920657396316528,2.1413750648498535,2.2034027576446533,2.3349480628967285,2.1381921768188477,2.2243146896362305,2.108747720718384,2.2953364849090576,2.3013594150543213,2.5447142124176025,2.100217580795288,2.094060182571411,2.0980474948883057,2.0300538539886475,2.096956729888916,2.2071568965911865,2.5262997150421143,2.5582315921783447,2.694523572921753,2.5294206142425537,2.6024391651153564,2.5098068714141846,2.692513942718506,2.713073253631592,2.913581609725952
A3,0.6041557788848877,0.3909393548965454,0.0,0.3824084401130676,0.6242722272872925,0.9697511196136475,1.3091061115264893,1.438946008682251,1.517077088356018,1.2551026344299316,1.3792799711227417,1.183855414390564,1.4518964290618896,1.4449373483657837,1.7921172380447388,0.8636284470558167,0.7426754236221313,0.5785298347473145,0.5878703594207764,0.766568124294281,1.0458996295928955,1.4346941709518433,1.524255633354187,1.6405621767044067,1.4066447019577026,1.5581505298614502,1.4397410154342651,1.6899011135101318,1.7192885875701904,2.0360376834869385,1.3276101350784302,1.221449851989746,1.137087345123291,1.058192491531372,1.1445467472076416,1.304654598236084,1.666970133781433,1.737088680267334,1.8941491842269897,1.7109735012054443,1.853458046913147,1.7761845588684082,2.0067050457000732,2.053117036819458,2.332669258117676,1.8105080127716064,1.7759876251220703,1.6726016998291016,1.568771481513977,1.6022412776947021,1.6860169172286987,1.996760606765747,2.054466962814331,2.2310738563537598,2.0911970138549805,2.214217185974121,2.1641383171081543,2.3760123252868652,2.4405829906463623,2.697188377380371,2.2824606895446777,2.2801873683929443,2.223339319229126,2.094005584716797,2.111069917678833,2.1527907848358154,2.4301328659057617,2.4540934562683105,2.624659299850464,2.511866807937622,2.6113312244415283,2.5759289264678955,2.7766149044036865,2.8454794883728027,3.0468876361846924
A4,0.7540420293807983,0.713182806968689,0.3824084401130676,0.0,0.3897169232368469,0.6456741094589233,1.0084465742111206,1.0933018922805786,1.1794019937515259,0.9289489984512329,1.101399302482605,0.9883253574371338,1.3009315729141235,1.3899312019348145,1.754807710647583,1.0239148139953613,0.9971182346343994,0.760022759437561,0.5416454672813416,0.6973931193351746,0.8407766222953796,1.2246465682983398,1.2487956285476685,1.3751074075698853,1.1717745065689087,1.342028260231018,1.2976142168045044,1.5617235898971558,1.6673369407653809,1.988860845565796,1.452034592628479,1.4115281105041504,1.2756965160369873,1.0787557363510132,1.1518868207931519,1.198134183883667,1.5303384065628052,1.536049485206604,1.6960664987564087,1.5504543781280518,1.6914336681365967,1.6730705499649048,1.9008665084838867,2.0056440830230713,2.281590461730957,1.9128620624542236,1.9308162927627563,1.7903143167495728,1.6077418327331543,1.63645339012146,1.6363236904144287,1.9097236394882202,1.9095842838287354,2.0818850994110107,1.9778047800064087,2.092057943344116,2.08813738822937,2.289612293243408,2.398226261138916,2.64322566986084,2.369736433029175,2.412064552307129,2.324289560317993,2.137502431869507,2.155139446258545,2.1343164443969727,2.374037981033325,2.348266839981079,2.5100624561309814,2.4306581020355225,2.5166585445404053,2.5195815563201904,2.70582914352417,2.8046998977661133,2.9824869632720947
A5,1.1256635189056396,1.0079303979873657,0.6242722272872925,0.3897169232368469,0.0,0.3848735988140106,0.7269639372825623,0.9315217137336731,1.1419165134429932,1.008834958076477,1.2854706048965454,1.268600344657898,1.6175267696380615,1.7488551139831543,2.1228723526000977,1.3425250053405762,1.2415913343429565,0.9262621402740479,0.6708360910415649,0.5957905650138855,0.656583309173584,1.006483793258667,1.1027096509933472,1.3370369672775269,1.2356914281845093,1.4919581413269043,1.5298017263412476,1.835080623626709,1.9846848249435425,2.3245363235473633,1.7134959697723389,1.621220350265503,1.4101873636245728,1.1777087450027466,1.1249679327011108,1.0967296361923218,1.3715120553970337,1.4225671291351318,1.66436767578125,1.6007649898529053,1.8101129531860352,1.8611332178115845,2.1296184062957764,2.2779645919799805,2.5781195163726807,2.131758213043213,2.1119158267974854,1.911741018295288,1.696433424949646,1.6386120319366455,1.5764964818954468,1.7928760051727295,1.822550892829895,2.0573129653930664,2.019497871398926,2.189260244369507,2.244718074798584,2.482421398162842,2.6332738399505615,2.901327133178711,2.5564937591552734,2.571117401123047,2.4320790767669678,2.213998317718506,2.1658878326416016,2.091686964035034,2.283365488052368,2.278907537460327,2.4901535511016846,2.4660956859588623,2.597376585006714,2.652758836746216,2.870577573776245,3.011530876159668,3.2082407474517822
A6,1.3779270648956299,1.3332301378250122,0.9697511196136475,0.6456741094589233,0.3848735988140106,0.0,0.3938048779964447,0.5701348185539246,0.8461252450942993,0.8134422898292542,1.1554652452468872,1.2540087699890137,1.619009256362915,1.8266222476959229,2.201730489730835,1.5671638250350952,1.518734097480774,1.1864895820617676,0.8454990386962891,0.733294665813446,0.566275954246521,0.8236590027809143,0.8373231291770935,1.1071618795394897,1.0908457040786743,1.373669981956482,1.5028157234191895,1.813010573387146,2.0285043716430664,2.366642475128174,1.8834620714187622,1.8363120555877686,1.593947172164917,1.2885750532150269,1.2168720960617065,1.063003659248352,1.2602496147155762,1.2382615804672241,1.4886804819107056,1.4909696578979492,1.7050693035125732,1.826049566268921,2.0913896560668945,2.2946064472198486,2.5908989906311035,2.2598788738250732,2.2779488563537598,2.048441171646118,1.773645281791687,1.706224799156189,1.5591495037078857,1.7144149541854858,1.6834372282028198,1.9147993326187134,1.9284303188323975,2.0954089164733887,2.2050259113311768,2.4348769187927246,2.6300528049468994,2.888911485671997,2.653411865234375,2.7020516395568848,2.5335171222686768,2.267490863800049,2.2149291038513184,2.077709436416626,2.2183985710144043,2.164848566055298,2.3681273460388184,2.387187957763672,2.510720729827881,2.610806941986084,2.8175721168518066,2.9919588565826416,3.1701440811157227
A7,1.7081564664840698,1.660459041595459,1.3091061115264893,1.0084465742111206,0.7269639372825623,0.3938048779964447,0.0,0.38649433851242065,0.756559431552887,0.8942127823829651,1.2737239599227905,1.4536736011505127,1.8307098150253296,2.077080249786377,2.4586446285247803,1.8270049095153809,1.7661685943603516,1.4071247577667236,1.0540997982025146,0.8495780229568481,0.5280928611755371,0.5733221769332886,0.5944934487342834,0.9532559514045715,1.0709964036941528,1.405016303062439,1.6143683195114136,1.9463707208633423,2.206259250640869,2.557041645050049,2.060039758682251,2.0074408054351807,1.7164682149887085,1.3756822347640991,1.2325515747070312,0.9709177017211914,1.0468339920043945,1.0120823383331299,1.3133289813995361,1.4127976894378662,1.6716121435165405,1.8660855293273926,2.155273914337158,2.4050726890563965,2.718198537826538,2.3690714836120605,2.382838487625122,2.107621669769287,1.7921565771102905,1.672490119934082,1.444356918334961,1.5143482685089111,1.467464566230774,1.7308915853500366,1.8177684545516968,2.020608425140381,2.194211006164551,2.4451193809509277,2.6859214305877686,2.9590325355529785,2.7102434635162354,2.758087635040283,2.543703556060791,2.2387990951538086,2.1460936069488525,1.9437717199325562,2.019362688064575,1.9521877765655518,2.1783571243286133,2.256443977355957,2.407402515411377,2.563751459121704,2.7875583171844482,3.006040096282959,3.1936750411987305
A8,1.7157071828842163,1.7521573305130005,1.438946008682251,1.0933018922805786,0.9315217137336731,0.5701348185539246,0.38649433851242065,0.0,0.4024317264556885,0.6260218024253845,0.9985263347625732,1.2549972534179688,1.6112079620361328,1.9053153991699219,2.270773410797119,1.8211768865585327,1.8386046886444092,1.5101873874664307,1.1241579055786133,1.0253522396087646,0.6837556958198547,0.699793815612793,0.47447001934051514,0.7197533845901489,0.8589944839477539,1.1501657962799072,1.4095410108566284,1.7120994329452515,2.010422468185425,2.340925931930542,2.024303913116455,2.042908191680908,1.7764631509780884,1.4046595096588135,1.3401446342468262,1.0527503490447998,1.1197677850723267,0.9450323581695557,1.151518702507019,1.2495008707046509,1.4508596658706665,1.671393871307373,1.9237258434295654,2.2002952098846436,2.489182949066162,2.3131673336029053,2.387718439102173,2.131471872329712,1.790278434753418,1.733098030090332,1.487755298614502,1.556946873664856,1.412979245185852,1.6011271476745605,1.6808271408081055,1.8287864923477173,2.012939453125,2.224973440170288,2.4804728031158447,2.7251009941101074,2.64208984375,2.7425577640533447,2.541609764099121,2.2189269065856934,2.178575038909912,1.9674227237701416,2.0404891967773438,1.9009876251220703,2.06587290763855,2.136781692504883,2.2371034622192383,2.396254062652588,2.581216812133789,2.801265239715576,2.954102039337158
A9,1.6538366079330444,1.7638756036758423,1.517077088356018,1.1794019937515259,1.1419165134429932,0.8461252450942993,0.756559431552887,0.4024317264556885,0.0,0.3746596872806549,0.6828505992889404,1.0013792514801025,1.3306556940078735,1.6565083265304565,2.0078377723693848,1.7047474384307861,1.7929599285125732,1.5094590187072754,1.1272079944610596,1.1332688331604004,0.8335611820220947,0.8593100905418396,0.5081056952476501,0.4755519926548004,0.5720588564872742,0.7959131598472595,1.097883701324463,1.3750544786453247,1.7037214040756226,2.0213613510131836,1.8472285270690918,1.9337115287780762,1.6991784572601318,1.317875623703003,1.3410708904266357,1.0699681043624878,1.1574472188949585,0.8786881566047668,0.9400965571403503,0.9896753430366516,1.1176596879959106,1.348883867263794,1.5685968399047852,1.8648897409439087,2.1382369995117188,2.0996291637420654,2.230565309524536,2.0007455348968506,1.6488651037216187,1.664665937423706,1.4322587251663208,1.5272682905197144,1.3063952922821045,1.3978334665298462,1.4363826513290405,1.520600438117981,1.6973758935928345,1.874028205871582,2.136106252670288,2.36067533493042,2.409564256668091,2.557870626449585,2.377483606338501,2.050278425216675,2.0711371898651123,1.8756242990493774,1.9697496891021729,1.7729319334030151,1.8660355806350708,1.9028562307357788,1.9484868049621582,2.0926191806793213,2.242347240447998,2.456230640411377,2.584834575653076
A10,1.30802583694458,1.46038019657135,1.2551026344299316,0.9289489984512329,1.008834958076477,0.8134422898292542,0.8942127823829651,0.6260218024253845,0.3746596872806549,0.0,0.381060928106308,0.6439056992530823,0.9910642504692078,1.2998803853988647,1.6596142053604126,1.3812752962112427,1.511946439743042,1.2721223831176758,0.9064793586730957,1.0279735326766968,0.8420004844665527,1.0146064758300781,0.7438416481018066,0.6580007672309875,0.502714216709137,0.6360322833061218,0.8363815546035767,1.1043964624404907,1.3996686935424805,1.717998743057251,1.5727497339248657,1.686793327331543,1.503852367401123,1.1510027647018433,1.2614415884017944,1.0898901224136353,1.2898240089416504,1.0583970546722412,1.0762883424758911,0.9884552955627441,1.055094838142395,1.1855934858322144,1.3820186853408813,1.6300464868545532,1.8941007852554321,1.8813804388046265,2.0289628505706787,1.8467671871185303,1.5322798490524292,1.6107966899871826,1.4612867832183838,1.6434345245361328,1.4552727937698364,1.5171819925308228,1.4624570608139038,1.5047610998153687,1.5984869003295898,1.7532784938812256,1.9634127616882324,2.1779067516326904,2.241126775741577,2.397125482559204,2.2639451026916504,1.9759619235992432,2.0434768199920654,1.9171847105026245,2.0804836750030518,1.9070130586624146,1.9784742593765259,1.943712830543518,1.960321068763733,2.0350797176361084,2.167872190475464,2.3313002586364746,2.454495668411255
A11,1.2562280893325806,1.494274377822876,1.3792799711227417,1.101399302482605,1.2854706048965454,1.1554652452468872,1.2737239599227905,0.9985263347625732,0.6828505992889404,0.381060928106308,0.0,0.38217276334762573,0.6519799828529358,0.9978857636451721,1.3308948278427124,1.29693603515625,1.5170011520385742,1.3622190952301025,1.057761311531067,1.2756016254425049,1.162096381187439,1.3456425666809082,1.0682677030563354,0.86101895570755,0.5998497009277344,0.47571277618408203,0.5928278565406799,0.7688077092170715,1.0768895149230957,1.3646491765975952,1.4533952474594116,1.6486891508102417,1.538303256034851,1.2278192043304443,1.4321824312210083,1.3232805728912354,1.5453248023986816,1.2904407978057861,1.196350336074829,1.017605185508728,0.9458988904953003,0.9971702694892883,1.1059932708740234,1.3339565992355347,1.55742609500885,1.7491483688354492,1.9586105346679688,1.8368117809295654,1.5524128675460815,1.7150094509124756,1.617904782295227,1.8328477144241333,1.6157467365264893,1.5892102718353271,1.4632622003555298,1.4123729467391968,1.4405635595321655,1.5254435539245605,1.7008376121520996,1.8735369443893433,2.108755111694336,2.312354564666748,2.2280969619750977,1.9673594236373901,2.1051251888275146,2.024385929107666,2.2195212841033936,2.0190927982330322,2.021584987640381,1.9297770261764526,1.8773746490478516,1.896641731262207,1.9731348752975464,2.093919038772583,2.1780483722686768
A12,0.9296852350234985,1.2137744426727295,1.183855414390564,0.9883253574371338,1.268600344657898,1.2540087699890137,1.4536736011505127,1.2549972534179688,1.0013792514801025,0.6439056992530823,0.38217276334762573,0.0,0.3898892104625702,0.6583157777786255,1.030399203300476,0.963238000869751,1.2333714962005615,1.156741976737976,0.9358881115913391,1.242293357849121,1.2464855909347534,1.5045193433761597,1.3026248216629028,1.1211262941360474,0.7803655862808228,0.6245812773704529,0.47963985800743103,0.6179217100143433,0.8161208629608154,1.1220344305038452,1.167947769165039,1.386492133140564,1.3474678993225098,1.1094927787780762,1.383135437965393,1.3801600933074951,1.671433448791504,1.4811232089996338,1.3917030096054077,1.131570816040039,1.040086269378662,0.9512001872062683,1.03815495967865,1.166438341140747,1.3883821964263916,1.5257114171981812,1.736754059791565,1.6728883981704712,1.4527519941329956,1.6635355949401855,1.6548243761062622,1.9331095218658447,1.7688544988632202,1.7421529293060303,1.547676920890808,1.484620451927185,1.419683814048767,1.4956408739089966,1.5939244031906128,1.7674415111541748,1.9356175661087036,2.1294078826904297,2.0963046550750732,1.8911021947860718,2.0613551139831543,2.0526113510131836,2.304292917251587,2.14583420753479,2.1477887630462646,1.9976330995559692,1.9400129318237305,1.8883678913116455,1.9633183479309082,2.0258219242095947,2.122483253479004
A13,1.0562015771865845,1.403199315071106,1.4518964290618896,1.3009315729141235,1.6175267696380615,1.619009256362915,1.8307098150253296,1.6112079620361328,1.3306556940078735,0.9910642504692078,0.6519799828529358,0.3898892104625702,0.0,0.3794257640838623,0.6790046095848083,1.0822234153747559,1.42238450050354,1.4354900121688843,1.2801262140274048,1.6110817193984985,1.6355119943618774,1.888411045074463,1.669790506362915,1.447473406791687,1.109686255455017,0.8510916829109192,0.6241322159767151,0.4975680410861969,0.6001260876655579,0.8026083707809448,1.252027988433838,1.5399643182754517,1.5829038619995117,1.4059087038040161,1.717637300491333,1.7431037425994873,2.0312116146087646,1.8245790004730225,1.680992603302002,1.3943454027175903,1.2094573974609375,1.0427207946777344,0.9868559241294861,1.031846046447754,1.1532915830612183,1.5827184915542603,1.8471022844314575,1.8551592826843262,1.6823959350585938,1.945178747177124,1.9702258110046387,2.2558767795562744,2.0733132362365723,1.9899311065673828,1.7579988241195679,1.6186813116073608,1.4881749153137207,1.469826340675354,1.4988802671432495,1.5952551364898682,1.9793471097946167,2.2143402099609375,2.238676071166992,2.072805166244507,2.295886278152466,2.322242498397827,2.5874619483947754,2.410843849182129,2.3607640266418457,2.172170877456665,2.053419828414917,1.945863962173462,1.9509317874908447,1.9499634504318237,1.9877312183380127
A14,0.9281768202781677,1.2970963716506958,1.4449373483657837,1.3899312019348145,1.7488551139831543,1.8266222476959229,2.077080249786377,1.9053153991699219,1.6565083265304565,1.2998803853988647,0.9978857636451721,0.6583157777786255,0.3794257640838623,0.0,0.4015376567840576,0.9266695380210876,1.302708387374878,1.4148591756820679,1.3610087633132935,1.725295901298523,1.8271111249923706,2.1148324012756348,1.9456546306610107,1.7415544986724854,1.3791064023971558,1.1383917331695557,0.8221602439880371,0.6592256426811218,0.5118998289108276,0.6526462435722351,1.1123714447021484,1.416754126548767,1.5461853742599487,1.4612175226211548,1.804675817489624,1.9064650535583496,2.229166269302368,2.0696747303009033,1.9333410263061523,1.6103318929672241,1.4284100532531738,1.1775970458984375,1.0976330041885376,1.0099490880966187,1.0930914878845215,1.4726605415344238,1.7317564487457275,1.8108521699905396,1.715895175933838,2.0084633827209473,2.103947877883911,2.426382541656494,2.2860422134399414,2.204313039779663,1.9315582513809204,1.7894792556762695,1.5890558958053589,1.5579293966293335,1.499117136001587,1.5807963609695435,1.8952031135559082,2.115543842315674,2.197983503341675,2.0962204933166504,2.343522310256958,2.431652545928955,2.7350008487701416,2.5944266319274902,2.543893337249756,2.3136236667633057,2.193328619003296,2.026473045349121,2.0260560512542725,1.9631961584091187,2.008258819580078
A15,1.23634672164917,1.6087684631347656,1.7921172380447388,1.754807710647583,2.1228723526000977,2.201730489730835,2.4586446285247803,2.270773410797119,2.0078377723693848,1.6596142053604126,1.3308948278427124,1.030399203300476,0.6790046095848083,0.4015376567840576,0.0,1.2444639205932617,1.6258022785186768,1.7837787866592407,1.7563410997390747,2.1234095096588135,2.2267775535583496,2.510856866836548,2.3266072273254395,2.1028385162353516,1.7478679418563843,1.4701523780822754,1.1609538793563843,0.899478018283844,0.669073224067688,0.5436074733734131,1.3880600929260254,1.7135382890701294,1.8910112380981445,1.840282917022705,2.1927151679992676,2.3019375801086426,2.619246244430542,2.446647882461548,2.282374382019043,1.9549020528793335,1.7283985614776611,1.4551419019699097,1.2839916944503784,1.1206884384155273,1.0605661869049072,1.6942254304885864,1.9782441854476929,2.110544204711914,2.0510120391845703,2.366140604019165,2.476640224456787,2.7981715202331543,2.644885778427124,2.5296454429626465,2.241727828979492,2.05401349067688,1.818792462348938,1.7135851383209229,1.5888376235961914,1.5782235860824585,2.0797812938690186,2.3240394592285156,2.4536736011505127,2.3864686489105225,2.6645100116729736,2.7735888957977295,3.080963611602783,2.9280917644500732,2.842806577682495,2.591322660446167,2.428860902786255,2.224006175994873,2.163306474685669,2.0398807525634766,2.0222201347351074
B1,0.47222036123275757,0.6036086678504944,0.8636284470558167,1.0239148139953613,1.3425250053405762,1.5671638250350952,1.8270049095153809,1.8211768865585327,1.7047474384307861,1.3812752962112427,1.29693603515625,0.963238000869751,1.0822234153747559,0.9266695380210876,1.2444639205932617,0.0,0.384307861328125,0.6183441281318665,0.8038756251335144,1.151367425918579,1.4211896657943726,1.7518752813339233,1.7586169242858887,1.6786479949951172,1.3306620121002197,1.3061729669570923,1.0107450485229492,1.1624031066894531,1.0488624572753906,1.35831618309021,0.541519820690155,0.6144503355026245,0.7700099349021912,0.8477964401245117,1.1656354665756226,1.421783208847046,1.8007268905639648,1.8075441122055054,1.7927989959716797,1.4757428169250488,1.4853811264038086,1.2492936849594116,1.407961368560791,1.336572289466858,1.6043332815170288,1.0632686614990234,1.1209118366241455,1.166915774345398,1.1662462949752808,1.3927059173583984,1.5978963375091553,1.9734625816345215,1.9844632148742676,2.021901845932007,1.7556419372558594,1.7754074335098267,1.593964695930481,1.7493950128555298,1.7178367376327515,1.961291790008545,1.562992811203003,1.6200703382492065,1.6697173118591309,1.6206363439559937,1.7827693223953247,1.9372327327728271,2.2874717712402344,2.2781383991241455,2.339278221130371,2.1145541667938232,2.133941650390625,1.9874165058135986,2.1413583755493164,2.13020658493042,2.3299307823181152
B2,0.6314179301261902,0.4996700584888458,0.7426754236221313,0.9971182346343994,1.2415913343429565,1.518734097480774,1.7661685943603516,1.8386046886444092,1.7929599285125732,1.511946439743042,1.5170011520385742,1.2333714962005615,1.42238450050354,1.302708387374878,1.6258022785186768,0.384307861328125,0.0,0.3796911835670471,0.7219566702842712,0.9876900911331177,1.3252241611480713,1.6562047004699707,1.7475818395614624,1.7391687631607056,1.4364086389541626,1.5038080215454102,1.2674849033355713,1.484962821006775,1.4071379899978638,1.7317668199539185,0.6867431998252869,0.513119101524353,0.5958826541900635,0.7600557804107666,0.9894282221794128,1.3046658039093018,1.686495065689087,1.7753547430038452,1.8294466733932495,1.55208420753479,1.6462717056274414,1.4576054811477661,1.6807104349136353,1.6379568576812744,1.937375783920288,1.1538106203079224,1.081757664680481,1.0700763463974,1.1037789583206177,1.2438738346099854,1.4799492359161377,1.8560914993286133,1.9405853748321533,2.0422120094299316,1.808423399925232,1.9017460346221924,1.7576696872711182,1.9723254442214966,1.966837763786316,2.2481133937835693,1.628827691078186,1.5987299680709839,1.608138084411621,1.572123646736145,1.661159873008728,1.8253740072250366,2.1761040687561035,2.2288284301757812,2.3477137088775635,2.148685932159424,2.2318837642669678,2.116006851196289,2.323645830154419,2.3431506156921387,2.5844271183013916
B3,0.7390265464782715,0.5687257647514343,0.5785298347473145,0.760022759437561,0.9262621402740479,1.1864895820617676,1.4071247577667236,1.5101873874664307,1.5094590187072754,1.2721223831176758,1.3622190952301025,1.156741976737976,1.4354900121688843,1.4148591756820679,1.7837787866592407,0.6183441281318665,0.3796911835670471,0.0,0.3900585174560547,0.6086447834968567,0.9567355513572693,1.2918541431427002,1.4120734930038452,1.4585427045822144,1.2018625736236572,1.3545020818710327,1.2077747583389282,1.4989992380142212,1.5170625448226929,1.878509283065796,0.8844325542449951,0.7077617049217224,0.5603045225143433,0.5505260229110718,0.6933714151382446,0.9741690158843994,1.3585186004638672,1.465140461921692,1.5775723457336426,1.3535436391830444,1.5170968770980835,1.414000391960144,1.6925697326660156,1.7332043647766113,2.063762664794922,1.3047055006027222,1.230501413345337,1.0973387956619263,1.0164421796798706,1.0694347620010376,1.230613350868225,1.5850566625595093,1.6756714582443237,1.8297477960586548,1.6519677639007568,1.797682285308838,1.729317307472229,1.9836604595184326,2.0487923622131348,2.351654052734375,1.7500314712524414,1.7223880290985107,1.6483393907546997,1.5312682390213013,1.5561431646347046,1.6448068618774414,1.9605540037155151,2.010932683944702,2.1718547344207764,2.0270872116088867,2.1479196548461914,2.0985844135284424,2.334829330444336,2.413414239883423,2.66213059425354
B4,0.820325493812561,0.7578921914100647,0.5878703594207764,0.5416454672813416,0.6708360910415649,0.8454990386962891,1.0540997982025146,1.1241579055786133,1.1272079944610596,0.9064793586730957,1.057761311531067,0.9358881115913391,1.2801262140274048,1.3610087633132935,1.7563410997390747,0.8038756251335144,0.7219566702842712,0.3900585174560547,0.0,0.37543392181396484,0.6285773515701294,0.9878838062286377,1.0571610927581787,1.1219656467437744,0.8878348469734192,1.0920621156692505,1.034542202949524,1.3646479845046997,1.4747427701950073,1.8489799499511719,1.0663505792617798,0.9910720586776733,0.7782211899757385,0.5402705669403076,0.6424720883369446,0.7660900950431824,1.1436717510223389,1.186737298965454,1.3194377422332764,1.1367897987365723,1.3208991289138794,1.2961870431900024,1.5873394012451172,1.7028793096542358,2.035378932952881,1.4619317054748535,1.4559601545333862,1.2715251445770264,1.07095468044281,1.1012698411941528,1.1367391347885132,1.4514213800430298,1.4788482189178467,1.6434375047683716,1.512021780014038,1.6604490280151367,1.6552677154541016,1.9069470167160034,2.029865264892578,2.323944330215454,1.8877707719802856,1.9135591983795166,1.7967504262924194,1.6005074977874756,1.6154778003692627,1.6145378351211548,1.8830326795578003,1.8773449659347534,2.039360523223877,1.9394986629486084,2.052612543106079,2.055522918701172,2.2812278270721436,2.3999979496002197,2.624650001525879
B5,1.1613868474960327,1.0205250978469849,0.766568124294281,0.6973931193351746,0.5957905650138855,0.733294665813446,0.8495780229568481,1.0253522396087646,1.1332688331604004,1.0279735326766968,1.2756016254425049,1.242293357849121,1.6110817193984985,1.725295901298523,2.1234095096588135,1.151367425918579,0.9876900911331177,0.6086447834968567,0.37543392181396484,0.0,0.38421371579170227,0.7238972783088684,0.9147503972053528,1.0971933603286743,0.9836470484733582,1.280336618423462,1.3103631734848022,1.6681972742080688,1.8144586086273193,2.1971473693847656,1.3563127517700195,1.2145458459854126,0.9199949502944946,0.6649259924888611,0.5317285060882568,0.5709332227706909,0.909741997718811,1.0407488346099854,1.2779072523117065,1.193960428237915,1.4616801738739014,1.5137830972671509,1.8420181274414062,1.9965205192565918,2.3471086025238037,1.688018798828125,1.6285498142242432,1.3753941059112549,1.145594835281372,1.0469601154327393,1.008681058883667,1.2662194967269897,1.350245714187622,1.5971988439559937,1.5427625179290771,1.7619540691375732,1.8226319551467896,2.1134634017944336,2.2768850326538086,2.5927233695983887,2.0653419494628906,2.050741672515869,1.8744868040084839,1.6476644277572632,1.57429838180542,1.513251781463623,1.7325023412704468,1.765029788017273,1.9912840127944946,1.9531196355819702,2.1244959831237793,2.18495512008667,2.44769024848938,2.6095311641693115,2.8558740615844727
B6,1.4097003936767578,1.3356541395187378,1.0458996295928955,0.8407766222953796,0.656583309173584,0.566275954246521,0.5280928611755371,0.6837556958198547,0.8335611820220947,0.8420004844665527,1.162096381187439,1.2464855909347534,1.6355119943618774,1.8271111249923706,2.2267775535583496,1.4211896657943726,1.3252241611480713,0.9567355513572693,0.6285773515701294,0.38421371579170227,0.0,0.3912031352519989,0.5535475015640259,0.8162909150123596,0.8176388144493103,1.1703153848648071,1.3101797103881836,1.6767889261245728,1.8948917388916016,2.2747230529785156,1.59188973903656,1.508597493171692,1.1983855962753296,0.8628657460212708,0.7078401446342468,0.4990871250629425,0.7265859842300415,0.7782335877418518,1.0635792016983032,1.0744950771331787,1.36600661277771,1.5085232257843018,1.8368021249771118,2.0543198585510254,2.400101661682129,1.8802719116210938,1.8663878440856934,1.5853078365325928,1.2842808961868286,1.1677085161209106,0.9964414238929749,1.1627999544143677,1.1739659309387207,1.4375146627426147,1.4560692310333252,1.6826865673065186,1.8141952753067017,2.099482536315918,2.315359592437744,2.6214122772216797,2.2205638885498047,2.244582176208496,2.0346298217773438,1.7497893571853638,1.6648591756820679,1.5149110555648804,1.6632201671600342,1.6379120349884033,1.8666346073150635,1.8875385522842407,2.0567190647125244,2.175123453140259,2.4283864498138428,2.630661725997925,2.857245922088623
B7,1.7838926315307617,1.7164692878723145,1.4346941709518433,1.2246465682983398,1.006483793258667,0.8236590027809143,0.5733221769332886,0.699793815612793,0.8593100905418396,1.0146064758300781,1.3456425666809082,1.5045193433761597,1.888411045074463,2.1148324012756348,2.510856866836548,1.7518752813339233,1.6562047004699707,1.2918541431427002,0.9878838062286377,0.7238972783088684,0.3912031352519989,0.0,0.3877153694629669,0.7280533909797668,0.8949121236801147,1.2739468812942505,1.4917412996292114,1.8616520166397095,2.119112968444824,2.500192642211914,1.8404362201690674,1.759887456893921,1.418532133102417,1.0729068517684937,0.8497024178504944,0.49817219376564026,0.4740796685218811,0.5302988886833191,0.9021881222724915,1.0465959310531616,1.3828362226486206,1.6052420139312744,1.9468638896942139,2.208709239959717,2.5626678466796875,2.046401023864746,2.030855417251587,1.7084881067276,1.3710628747940063,1.1926544904708862,0.9088281989097595,0.9421261548995972,0.9353646636009216,1.2501754760742188,1.3659700155258179,1.6357085704803467,1.8410043716430664,2.143667697906494,2.4059395790100098,2.7211544513702393,2.3181211948394775,2.3423025608062744,2.08345365524292,1.7571349143981934,1.6233336925506592,1.3878041505813599,1.4478399753570557,1.4060015678405762,1.6676907539367676,1.7630560398101807,1.9664174318313599,2.1507182121276855,2.4204795360565186,2.6697192192077637,2.903475284576416
B8,1.7768532037734985,1.791211724281311,1.524255633354187,1.2487956285476685,1.1027096509933472,0.8373231291770935,0.5944934487342834,0.47447001934051514,0.5081056952476501,0.7438416481018066,1.0682677030563354,1.3026248216629028,1.669790506362915,1.9456546306610107,2.3266072273254395,1.7586169242858887,1.7475818395614624,1.4120734930038452,1.0571610927581787,0.9147503972053528,0.5535475015640259,0.3877153694629669,0.0,0.4037325382232666,0.6504911184310913,1.010243535041809,1.2928798198699951,1.6372989416122437,1.9385358095169067,2.299426794052124,1.8420650959014893,1.8420230150222778,1.5360163450241089,1.1532907485961914,1.0440770387649536,0.6925250887870789,0.6837433576583862,0.47121182084083557,0.7286356091499329,0.8880934715270996,1.1678049564361572,1.4303241968154907,1.7351537942886353,2.030209541320801,2.3586552143096924,2.0446717739105225,2.100893259048462,1.8070552349090576,1.4416701793670654,1.3507636785507202,1.0581215620040894,1.0943524837493896,0.9400530457496643,1.1565089225769043,1.268465280532837,1.4729570150375366,1.6958863735198975,1.955653429031372,2.2373504638671875,2.521181106567383,2.3154516220092773,2.402013063430786,2.164522409439087,1.8193299770355225,1.7542645931243896,1.512799620628357,1.5690969228744507,1.4290804862976074,1.6135056018829346,1.7029997110366821,1.8436671495437622,2.033700704574585,2.2584726810455322,2.51058292388916,2.703885078430176
B9,1.7565653324127197,1.840483546257019,1.6405621767044067,1.3751074075698853,1.3370369672775269,1.1071618795394897,0.9532559514045715,0.7197533845901489,0.4755519926548004,0.6580007672309875,0.86101895570755,1.1211262941360474,1.447473406791687,1.7415544986724854,2.1028385162353516,1.6786479949951172,1.7391687631607056,1.4585427045822144,1.1219656467437744,1.0971933603286743,0.8162909150123596,0.7280533909797668,0.4037325382232666,0.0,0.37754905223846436,0.6788110733032227,1.0104014873504639,1.3307145833969116,1.658471941947937,2.006234884262085,1.6857030391693115,1.7588977813720703,1.4915822744369507,1.1075868606567383,1.1069995164871216,0.8047664165496826,0.8266515731811523,0.4795069992542267,0.4652404487133026,0.579369068145752,0.7975954413414001,1.0959426164627075,1.3781837224960327,1.6994595527648926,2.0171499252319336,1.8359328508377075,1.9548004865646362,1.6905083656311035,1.3128381967544556,1.3128526210784912,1.0430073738098145,1.1112980842590332,0.8494310975074768,0.9243026971817017,0.9871280789375305,1.1243643760681152,1.3538943529129028,1.5853270292282104,1.8825647830963135,2.1518640518188477,2.0778088569641113,2.218648672103882,2.002164840698242,1.6492010354995728,1.6585917472839355,1.4369046688079834,1.5185092687606812,1.3031119108200073,1.393836259841919,1.4426534175872803,1.521997332572937,1.7027405500411987,1.8951847553253174,2.1483373641967773,2.3218982219696045
B10,1.429065227508545,1.551658272743225,1.4066447019577026,1.1717745065689087,1.2356914281845093,1.0908457040786743,1.0709964036941528,0.8589944839477539,0.5720588564872742,0.502714216709137,0.5998497009277344,0.7803655862808228,1.109686255455017,1.3791064023971558,1.7478679418563843,1.3306620121002197,1.4364086389541626,1.2018625736236572,0.8878348469734192,0.9836470484733582,0.8176388144493103,0.8949121236801147,0.6504911184310913,0.37754905223846436,0.0,0.3790399432182312,0.650996208190918,0.9957922101020813,1.3017218112945557,1.6621947288513184,1.3476251363754272,1.4597805738449097,1.2405537366867065,0.8705525994300842,0.9878182411193848,0.8055187463760376,0.9798333644866943,0.7186281085014343,0.6327608227729797,0.48632070422172546,0.6195817589759827,0.8159577250480652,1.099684238433838,1.386184573173523,1.7094534635543823,1.5423859357833862,1.689432978630066,1.4724407196044922,1.122613549232483,1.2128239870071411,1.048505187034607,1.236052393913269,1.021349549293518,1.041099190711975,0.9612892270088196,1.034977674484253,1.164198875427246,1.3800770044326782,1.63003408908844,1.8985037803649902,1.837733507156372,1.9954922199249268,1.8293797969818115,1.5144175291061401,1.5896624326705933,1.4555267095565796,1.627193808555603,1.4395332336425781,1.4926153421401978,1.4432008266448975,1.4794951677322388,1.5748313665390015,1.7497919797897339,1.9509183168411255,2.1233601570129395
B11,1.4292595386505127,1.6320470571517944,1.5581505298614502,1.342028260231018,1.4919581413269043,1.373669981956482,1.405016303062439,1.1501657962799072,0.7959131598472595,0.6360322833061218,0.47571277618408203,0.6245812773704529,0.8510916829109192,1.1383917331695557,1.4701523780822754,1.3061729669570923,1.5038080215454102,1.3545020818710327,1.0920621156692505,1.280336618423462,1.1703153848648071,1.2739468812942505,1.010243535041809,0.6788110733032227,0.3790399432182312,0.0,0.3800824284553528,0.6535654664039612,0.9972653985023499,1.3302693367004395,1.2798314094543457,1.4864996671676636,1.3512884378433228,1.0379257202148438,1.2527272701263428,1.141688346862793,1.3252992630004883,1.0487751960754395,0.8423200249671936,0.5979726314544678,0.47033193707466125,0.5846251249313354,0.7754082083702087,1.0747450590133667,1.3652806282043457,1.4498354196548462,1.6752064228057861,1.5295625925064087,1.2189807891845703,1.4069854021072388,1.3046419620513916,1.5118958950042725,1.2649885416030884,1.169219970703125,1.00590980052948,0.9370590448379517,0.9904531240463257,1.1188181638717651,1.3483997583389282,1.575363278388977,1.7385728359222412,1.9587796926498413,1.8485386371612549,1.5643569231033325,1.7237727642059326,1.6398561000823975,1.8358045816421509,1.612562894821167,1.5752602815628052,1.461846947669983,1.402281403541565,1.4353406429290771,1.5380465984344482,1.6994980573654175,1.8264164924621582
B12,1.1846774816513062,1.4260847568511963,1.4397410154342651,1.2976142168045044,1.5298017263412476,1.5028157234191895,1.6143683195114136,1.4095410108566284,1.097883701324463,0.8363815546035767,0.5928278565406799,0.47963985800743103,0.6241322159767151,0.8221602439880371,1.1609538793563843,1.0107450485229492,1.2674849033355713,1.2077747583389282,1.034542202949524,1.3103631734848022,1.3101797103881836,1.4917412996292114,1.2928798198699951,1.0104014873504639,0.650996208190918,0.3800824284553528,0.0,0.3802383840084076,0.6511806845664978,1.0193253755569458,0.9704767465591431,1.233569622039795,1.1852550506591797,0.955416738986969,1.2598787546157837,1.2652777433395386,1.5216258764266968,1.314601182937622,1.1240971088409424,0.7965461015701294,0.6230737566947937,0.47177714109420776,0.6112340092658997,0.8031222224235535,1.1055634021759033,1.186039924621582,1.4411159753799438,1.3704969882965088,1.1345446109771729,1.3975411653518677,1.4015083312988281,1.6781805753707886,1.4895350933074951,1.3872557878494263,1.13826322555542,1.0316859483718872,0.9402324557304382,1.0349159240722656,1.1660903692245483,1.390987753868103,1.5316258668899536,1.7606455087661743,1.7164767980575562,1.4981757402420044,1.7116875648498535,1.7161260843276978,1.9759440422058105,1.7964342832565308,1.7473500967025757,1.5590081214904785,1.4761780500411987,1.408954381942749,1.4927921295166016,1.5762550830841064,1.7082725763320923
B13,1.32146418094635,1.6231592893600464,1.6899011135101318,1.5617235898971558,1.835080623626709,1.813010573387146,1.9463707208633423,1.7120994329452515,1.3750544786453247,1.1043964624404907,0.7688077092170715,0.6179217100143433,0.4975680410861969,0.6592256426811218,0.899478018283844,1.1624031066894531,1.484962821006775,1.4989992380142212,1.3646479845046997,1.6681972742080688,1.6767889261245728,1.8616520166397095,1.6372989416122437,1.3307145833969116,0.9957922101020813,0.6535654664039612,0.3802383840084076,0.0,0.3793945610523224,0.6768127083778381,1.1031179428100586,1.4339922666549683,1.4667129516601562,1.2958885431289673,1.6226948499679565,1.6444838047027588,1.8926573991775513,1.6660199165344238,1.4339313507080078,1.1108454465866089,0.8393732309341431,0.6124308705329895,0.489449679851532,0.5939823985099792,0.7949643135070801,1.280669093132019,1.5957918167114258,1.6023634672164917,1.4206464290618896,1.723568320274353,1.7523760795593262,2.0240347385406494,1.8143973350524902,1.656051516532898,1.3838342428207397,1.1842674016952515,1.0189787149429321,0.9724935293197632,1.023978590965271,1.155686855316162,1.5990031957626343,1.8785983324050903,1.8961164951324463,1.7212212085723877,1.9854257106781006,2.019301652908325,2.2816696166992188,2.08000111579895,1.9733834266662598,1.7521883249282837,1.593682885169983,1.4649770259857178,1.4536960124969482,1.4643787145614624,1.521130084991455
