,A1,A2,A3,A4,A5,A6,A7,A8,A9,A10,A11,A12,A13,A14,A15,B1,B2,B3,B4,B5,B6,B7,B8,B9,B10,B11,B12,B13,B14,B15,C1,C2,C3,C4,C5,C6,C7,C8,C9,C10,C11,C12,C13,C14,C15,D1,D2,D3,D4,D5,D6,D7,D8,D9,D10,D11,D12,D13,D14,D15,E1,E2,E3,E4,E5,E6,E7,E8,E9,E10,E11,E12,E13,E14,E15
A1,0.0,0.3821190297603607,0.615092933177948,0.9326176643371582,1.199874758720398,1.5260647535324097,1.8688995838165283,2.0712156295776367,2.107766628265381,1.800633430480957,1.8195122480392456,1.4982397556304932,1.6224455833435059,1.3977527618408203,1.6260770559310913,0.43081575632095337,0.576331377029419,0.6817454695701599,0.9991445541381836,1.2040011882781982,1.5636144876480103,1.9481521844863892,2.114492177963257,2.162489414215088,1.8506336212158203,1.9207935333251953,1.6571141481399536,1.8167043924331665,1.658001184463501,1.893914818763733,0.9111518859863281,0.9727646708488464,1.0172010660171509,1.2363730669021606,1.3987486362457275,1.7074834108352661,2.098679780960083,2.254197359085083,2.318391799926758,2.0298447608947754,2.113633871078491,1.8962225914001465,2.073582172393799,1.9680970907211304,2.2024693489074707,1.400087594985962,1.4123598337173462,1.4249281883239746,1.5660005807876587,1.7027348279953003,1.9484686851501465,2.3192784786224365,2.4690375328063965,2.548569679260254,2.2899436950683594,2.3756766319274902,2.2006924152374268,2.3800065517425537,2.3143842220306396,2.5404603481292725,1.8868921995162964,1.877000331878662,1.88787841796875,1.9683616161346436,2.0789966583251953,2.2529892921447754,2.5996880531311035,2.7410898208618164,2.846092462539673,2.6193623542785645,2.7025146484375,2.5572097301483154,2.74424147605896,2.7116355895996094,2.929121255874634
A2,0.3821190297603607,0.0,0.3987727761268616,0.6252200603485107,0.9543319940567017,1.258128046989441,1.6240288019180298,1.7937754392623901,1.8162158727645874,1.4893600940704346,1.5038352012634277,1.1893230676651,1.326712965965271,1.1489264965057373,1.4120478630065918,0.623033881187439,0.5027419924736023,0.631645917892456,0.8206835389137268,1.0732077360153198,1.3831548690795898,1.7717152833938599,1.8949650526046753,1.9319957494735718,1.6150270700454712,1.6762501001358032,1.4326140880584717,1.592460036277771,1.4772971868515015,1.7210561037063599,1.0503212213516235,0.9834863543510437,1.048750400543213,1.163072109222412,1.360023856163025,1.6062488555908203,1.9803056716918945,2.0920212268829346,2.1473474502563477,1.8671469688415527,1.9372023344039917,1.7442327737808228,1.913222074508667,1.8447624444961548,2.071131467819214,1.5305290222167969,1.4641159772872925,1.4966351985931396,1.5605459213256836,1.7242839336395264,1.9099403619766235,2.252727508544922,2.359071969985962,2.429466724395752,2.1868863105773926,2.2565665245056152,2.1065757274627686,2.271388530731201,2.2356796264648438,2.445157766342163,2.013434410095215,1.949119210243225,1.980838656425476,2.00404691696167,2.1405301094055176,2.2597544193267822,2.576756477355957,2.674534559249878,2.769818067550659,2.564554214477539,2.6290245056152344,2.5069475173950195,2.6738996505737305,2.661870241165161,2.849513530731201
A3,0.615092933177948,0.3987727761268616,0.0,0.36439940333366394,0.5905351638793945,0.9288040399551392,1.293702244758606,1.5205047130584717,1.620194435119629,1.3471722602844238,1.4618552923202515,1.225697636604309,1.4621573686599731,1.3822864294052124,1.6982831954956055,0.8572036623954773,0.6712707877159119,0.5447860956192017,0.633373498916626,0.7712955474853516,1.0695648193359375,1.4659522771835327,1.639629602432251,1.7524827718734741,1.4921706914901733,1.6383777856826782,1.4754793643951416,1.7113289833068848,1.6789275407791138,1.9694509506225586,1.2427971363067627,1.0995607376098633,1.0264149904251099,1.0453107357025146,1.150542140007019,1.3478031158447266,1.7157795429229736,1.8681663274765015,1.9912461042404175,1.767366886138916,1.9065076112747192,1.786150574684143,2.0154576301574707,2.017648696899414,2.2841684818267822,1.6879220008850098,1.5571051836013794,1.498565912246704,1.4862769842147827,1.5777325630187988,1.7062410116195679,2.0299606323242188,2.168062925338745,2.297321319580078,2.1081902980804443,2.2334859371185303,2.147508382797241,2.3608009815216064,2.3857498168945312,2.62839674949646,2.1496410369873047,2.0307624340057373,1.997960090637207,1.9568943977355957,2.038360595703125,2.103975296020508,2.39435076713562,2.5141708850860596,2.658802032470703,2.502570867538452,2.611861228942871,2.5456228256225586,2.7502427101135254,2.7920238971710205,3.0018129348754883
A4,0.9326176643371582,0.6252200603485107,0.36439940333366394,0.0,0.38359466195106506,0.6387524008750916,1.0172135829925537,1.1976730823516846,1.2850472927093506,1.0093050003051758,1.152729868888855,0.9721751809120178,1.256419062614441,1.2705260515213013,1.619196891784668,1.0895534753799438,0.7880589962005615,0.6648842096328735,0.5281422138214111,0.684518575668335,0.8727876543998718,1.2523388862609863,1.3694082498550415,1.47355055809021,1.2265690565109253,1.3827193975448608,1.2753753662109375,1.5287052392959595,1.567638635635376,1.871415376663208,1.3975328207015991,1.1642242670059204,1.0981382131576538,0.9969199895858765,1.1213778257369995,1.2261306047439575,1.554224967956543,1.6525084972381592,1.7677291631698608,1.5680148601531982,1.703668475151062,1.630276083946228,1.8611997365951538,1.917414665222168,2.1835813522338867,1.8004839420318604,1.6038825511932373,1.5557581186294556,1.4648607969284058,1.5742895603179932,1.631147861480713,1.910772442817688,1.9986673593521118,2.1189661026000977,1.9572539329528809,2.0730502605438232,2.026052951812744,2.2322020530700684,2.298353672027588,2.532069206237793,2.2360849380493164,2.066973924636841,2.0466115474700928,1.9488842487335205,2.0500283241271973,2.057400703430176,2.307894468307495,2.3803699016571045,2.5149850845336914,2.3876333236694336,2.4832913875579834,2.449404001235962,2.6397600173950195,2.711125612258911,2.8988428115844727
A5,1.199874758720398,0.9543319940567017,0.5905351638793945,0.38359466195106506,0.0,0.36931493878364563,0.7428109049797058,1.019860029220581,1.2267595529556274,1.055521845817566,1.305116891860962,1.2244981527328491,1.5548131465911865,1.6227812767028809,1.9822806119918823,1.375619888305664,1.0992521047592163,0.8587683439254761,0.6594069600105286,0.5869153141975403,0.6758924126625061,1.0374815464019775,1.224143147468567,1.431878924369812,1.2789902687072754,1.5178790092468262,1.4963182210922241,1.7939040660858154,1.8846954107284546,2.207411050796509,1.6666102409362793,1.4179325103759766,1.2559822797775269,1.086572289466858,1.0862133502960205,1.1036031246185303,1.3966059684753418,1.5442081689834595,1.7415090799331665,1.6198561191558838,1.8217296600341797,1.8199622631072998,2.0921456813812256,2.197293758392334,2.486130952835083,2.0382814407348633,1.8132935762405396,1.6918652057647705,1.5438038110733032,1.5677626132965088,1.5543863773345947,1.7953851222991943,1.9195566177368164,2.105616331100464,2.008880615234375,2.178084373474121,2.1916604042053223,2.4349284172058105,2.5461838245391846,2.8024895191192627,2.448718547821045,2.2479848861694336,2.1708006858825684,2.0231621265411377,2.062577486038208,2.014880418777466,2.227062463760376,2.324531316757202,2.511242628097534,2.438242197036743,2.577580690383911,2.595672130584717,2.817215919494629,2.931305170059204,3.1369943618774414
A6,1.5260647535324097,1.258128046989441,0.9288040399551392,0.6387524008750916,0.36931493878364563,0.0,0.40198278427124023,0.6606024503707886,0.9163396954536438,0.8302564024925232,1.1506959199905396,1.1822222471237183,1.546054482460022,1.6996523141860962,2.0736875534057617,1.6434762477874756,1.321157455444336,1.0840567350387573,0.7771551609039307,0.6637433171272278,0.5274505019187927,0.7975764870643616,0.9295150637626648,1.1682665348052979,1.089868426322937,1.3653593063354492,1.4353556632995605,1.7518601417541504,1.9151966571807861,2.2477293014526367,1.8669967651367188,1.5648152828216553,1.3949283361434937,1.1341105699539185,1.115273118019104,1.006614089012146,1.2145034074783325,1.3101333379745483,1.5230333805084229,1.4639490842819214,1.6821341514587402,1.7518972158432007,2.033168315887451,2.198073387145996,2.490985631942749,2.1849260330200195,1.9097903966903687,1.781943917274475,1.5624334812164307,1.5784238576889038,1.4783143997192383,1.64948570728302,1.727505087852478,1.9205904006958008,1.8763062953948975,2.0518453121185303,2.1220638751983643,2.3679375648498535,2.5279533863067627,2.782959222793579,2.5550458431243896,2.309492826461792,2.2287380695343018,2.0244882106781006,2.0642850399017334,1.950466275215149,2.106276035308838,2.1612536907196045,2.3495092391967773,2.3222405910491943,2.4613845348358154,2.525545597076416,2.7426633834838867,2.8956263065338135,3.0890626907348633
A7,1.8688995838165283,1.6240288019180298,1.293702244758606,1.0172135829925537,0.7428109049797058,0.40198278427124023,0.0,0.3960161805152893,0.7688465118408203,0.8643372654914856,1.2383593320846558,1.3713382482528687,1.7539972066879272,1.9602051973342896,2.3443126678466797,1.9378153085708618,1.6101154088974,1.3426026105880737,1.0036253929138184,0.8085880875587463,0.48108595609664917,0.5218044519424438,0.6477687954902649,0.9809873700141907,1.0418726205825806,1.3726189136505127,1.5376108884811401,1.8791433572769165,2.0999457836151123,2.447744369506836,2.0951292514801025,1.764641523361206,1.5533959865570068,1.2300902605056763,1.1397004127502441,0.8976568579673767,0.9773938655853271,1.0574151277542114,1.329484462738037,1.3726279735565186,1.6369571685791016,1.79006826877594,2.096324920654297,2.3180627822875977,2.627657651901245,2.3471839427948,2.0341110229492188,1.8683209419250488,1.5848159790039062,1.5492870807647705,1.3524922132492065,1.4337068796157837,1.4953984022140503,1.7289925813674927,1.7637428045272827,1.9746652841567993,2.1153676509857178,2.383713960647583,2.5965375900268555,2.866398334503174,2.663543224334717,2.377143621444702,2.2641282081604004,2.001973867416382,2.007427453994751,1.820536494255066,1.9067223072052002,1.9439209699630737,2.1600687503814697,2.196694850921631,2.3622024059295654,2.4861302375793457,2.7195448875427246,2.920954704284668,3.1222522258758545
A8,2.0712156295776367,1.7937754392623901,1.5205047130584717,1.1976730823516846,1.019860029220581,0.6606024503707886,0.3960161805152893,0.0,0.41546961665153503,0.6401237845420837,1.0143219232559204,1.2458748817443848,1.6143898963928223,1.8854725360870361,2.260343313217163,2.0897300243377686,1.72679603099823,1.5200785398483276,1.1465253829956055,1.048738956451416,0.7097660303115845,0.6311984062194824,0.4813770055770874,0.720301628112793,0.8440435528755188,1.1466511487960815,1.3856115341186523,1.7049143314361572,1.980088233947754,2.313933849334717,2.1927106380462646,1.8312547206878662,1.6730135679244995,1.319312334060669,1.3000942468643188,1.025193452835083,1.0183260440826416,0.940691351890564,1.13419508934021,1.210179090499878,1.432552695274353,1.634045124053955,1.9117944240570068,2.174415349960327,2.464508056640625,2.402858018875122,2.063169479370117,1.9428868293762207,1.6315299272537231,1.6521822214126587,1.4248385429382324,1.44697904586792,1.3980590105056763,1.5686626434326172,1.6242095232009888,1.7926790714263916,1.9640623331069946,2.200883626937866,2.4424335956573486,2.6883161067962646,2.6852564811706543,2.376006603240967,2.3016812801361084,2.017568588256836,2.071324110031128,1.856994390487671,1.9025145769119263,1.8548144102096558,2.0192723274230957,2.0728981494903564,2.1973977088928223,2.3414547443389893,2.539964437484741,2.758136034011841,2.926083564758301
A9,2.107766628265381,1.8162158727645874,1.620194435119629,1.2850472927093506,1.2267595529556274,0.9163396954536438,0.7688465118408203,0.41546961665153503,0.0,0.38941529393196106,0.6952328085899353,1.0023744106292725,1.3416346311569214,1.6568559408187866,2.0174129009246826,2.062269926071167,1.6792024374008179,1.5490412712097168,1.1738057136535645,1.1927218437194824,0.9150784611701965,0.8543422818183899,0.5394231677055359,0.4814172089099884,0.5669733285903931,0.7952197194099426,1.0858110189437866,1.3743908405303955,1.6891708374023438,2.008126735687256,2.1027863025665283,1.7246989011764526,1.6376372575759888,1.28598952293396,1.3649749755859375,1.1280642747879028,1.1157561540603638,0.9039980173110962,0.9374335408210754,0.9701096415519714,1.1124731302261353,1.3293561935424805,1.5689605474472046,1.855898380279541,2.1259355545043945,2.2700681686401367,1.9188939332962036,1.8625144958496094,1.553695559501648,1.656711220741272,1.454728126525879,1.4737504720687866,1.324672818183899,1.3868073225021362,1.4060028791427612,1.5048853158950806,1.671952724456787,1.867342233657837,2.1183695793151855,2.33917236328125,2.522493362426758,2.206658124923706,2.1874191761016846,1.9100431203842163,2.0326154232025146,1.834520697593689,1.8823938369750977,1.7596168518066406,1.8438924551010132,1.8691027164459229,1.9335778951644897,2.0649259090423584,2.2209503650665283,2.4352736473083496,2.571481704711914
A10,1.800633430480957,1.4893600940704346,1.3471722602844238,1.0093050003051758,1.055521845817566,0.8302564024925232,0.8643372654914856,0.6401237845420837,0.38941529393196106,0.0,0.3802441954612732,0.6288856267929077,0.9826238751411438,1.281745195388794,1.6464086771011353,1.7580827474594116,1.3665815591812134,1.2996346950531006,0.9454104900360107,1.074245572090149,0.9115849733352661,1.0099092721939087,0.7923558950424194,0.6871914863586426,0.5094728469848633,0.6430575251579285,0.820601224899292,1.0946861505508423,1.3711771965026855,1.6859554052352905,1.825078010559082,1.458968997001648,1.4341243505477905,1.1304994821548462,1.2967041730880737,1.1670191287994385,1.2755690813064575,1.1151676177978516,1.0980008840560913,0.9845035076141357,1.05955970287323,1.1670169830322266,1.3782271146774292,1.6106278896331787,1.8677719831466675,2.0377402305603027,1.7137781381607056,1.7098207473754883,1.4578993320465088,1.6244924068450928,1.512425184249878,1.6233538389205933,1.5053683519363403,1.5276050567626953,1.4456417560577393,1.4985030889511108,1.576532244682312,1.743776798248291,1.937538981437683,2.1431140899658203,2.3353447914123535,2.0548720359802246,2.0781188011169434,1.8570196628570557,2.023089647293091,1.8972817659378052,2.01825213432312,1.9198241233825684,1.9747467041015625,1.9225422143936157,1.9546107053756714,2.013545513153076,2.148855447769165,2.3082284927368164,2.434983730316162
A11,1.8195122480392456,1.5038352012634277,1.4618552923202515,1.152729868888855,1.305116891860962,1.1506959199905396,1.2383593320846558,1.0143219232559204,0.6952328085899353,0.3802441954612732,0.0,0.38398465514183044,0.6548835635185242,1.0024281740188599,1.338840126991272,1.7311925888061523,1.3445359468460083,1.384605050086975,1.087035894393921,1.3133295774459839,1.227230429649353,1.3481359481811523,1.1108921766281128,0.8866577744483948,0.6121760010719299,0.4966432750225067,0.593912661075592,0.7694419622421265,1.0627202987670898,1.3447412252426147,1.757206678390503,1.4061895608901978,1.4813581705093384,1.2356747388839722,1.4859340190887451,1.4225726127624512,1.5489516258239746,1.3494845628738403,1.2223972082138062,1.0260735750198364,0.9638307690620422,0.994719922542572,1.1150717735290527,1.326499104499817,1.540353775024414,1.9491267204284668,1.6460691690444946,1.7267401218414307,1.522831916809082,1.7633827924728394,1.706507682800293,1.836638331413269,1.6760202646255493,1.6087942123413086,1.4610751867294312,1.4210752248764038,1.4358211755752563,1.5291316509246826,1.688167691230774,1.8483277559280396,2.23525333404541,1.9782081842422485,2.0699732303619385,1.8916113376617432,2.1196107864379883,2.0382628440856934,2.1803548336029053,2.04500150680542,2.0285897254943848,1.924036979675293,1.8867182731628418,1.8930730819702148,1.9687252044677734,2.086920976638794,2.17006516456604
A12,1.4982397556304932,1.1893230676651,1.225697636604309,0.9721751809120178,1.2244981527328491,1.1822222471237183,1.3713382482528687,1.2458748817443848,1.0023744106292725,0.6288856267929077,0.38398465514183044,0.0,0.3919546902179718,0.6547446846961975,1.0252768993377686,1.4005742073059082,1.0259721279144287,1.146632194519043,0.9275186061859131,1.2369855642318726,1.2670685052871704,1.4806510210037231,1.327865481376648,1.1409895420074463,0.7869956493377686,0.6532843112945557,0.4947340190410614,0.6326858997344971,0.8042875528335571,1.1002850532531738,1.4499861001968384,1.1317574977874756,1.2732795476913452,1.1132261753082275,1.418913722038269,1.457412600517273,1.668212890625,1.5351407527923584,1.4182533025741577,1.1409378051757812,1.0635628700256348,0.9560002088546753,1.0549352169036865,1.1619142293930054,1.3748984336853027,1.6906101703643799,1.4332650899887085,1.5576186180114746,1.4304451942443848,1.7063794136047363,1.7346738576889038,1.9380234479904175,1.8299298286437988,1.7633424997329712,1.5455424785614014,1.4961990118026733,1.418187141418457,1.5015583038330078,1.581137776374817,1.7412073612213135,2.0247459411621094,1.816084384918213,1.9354705810546875,1.8227810859680176,2.0699057579040527,2.0591800212860107,2.2636430263519287,2.173262119293213,2.1559970378875732,1.9907176494598389,1.9497675895690918,1.8870569467544556,1.9633489847183228,2.0211071968078613,2.1175410747528076
A13,1.6224455833435059,1.326712965965271,1.4621573686599731,1.256419062614441,1.5548131465911865,1.546054482460022,1.7539972066879272,1.6143898963928223,1.3416346311569214,0.9826238751411438,0.6548835635185242,0.3919546902179718,0.0,0.39318785071372986,0.6853055357933044,1.5035455226898193,1.1790616512298584,1.3995122909545898,1.2543318271636963,1.5933949947357178,1.653999924659729,1.8700687885284424,1.7010923624038696,1.4722998142242432,1.1196963787078857,0.8833121061325073,0.6478190422058105,0.5280455350875854,0.5984610319137573,0.7859378457069397,1.529229998588562,1.2721190452575684,1.5049878358840942,1.4151763916015625,1.7522797584533691,1.8247919082641602,2.0365757942199707,1.8825550079345703,1.7136191129684448,1.4116731882095337,1.2433818578720093,1.0605530738830566,1.017911434173584,1.035521388053894,1.147210717201233,1.753959059715271,1.5514791011810303,1.754603624343872,1.6859320402145386,2.0005075931549072,2.0653140544891357,2.2739968299865723,2.141613483428955,2.0209059715270996,1.7683240175247192,1.6453367471694946,1.5027202367782593,1.490763545036316,1.498302936553955,1.579309105873108,2.0749459266662598,1.9134461879730225,2.0975022315979004,2.036139488220215,2.3227298259735107,2.3482511043548584,2.5629799365997314,2.449331045150757,2.381112813949585,2.1796975135803223,2.0792746543884277,1.9621549844741821,1.9686660766601562,1.9630372524261475,1.9988354444503784
A14,1.3977527618408203,1.1489264965057373,1.3822864294052124,1.2705260515213013,1.6227812767028809,1.6996523141860962,1.9602051973342896,1.8854725360870361,1.6568559408187866,1.281745195388794,1.0024281740188599,0.6547446846961975,0.39318785071372986,0.0,0.3972337543964386,1.2623465061187744,1.0086723566055298,1.3163952827453613,1.2807388305664062,1.6514594554901123,1.7962846755981445,2.063551902770996,1.953964352607727,1.7540366649627686,1.3757483959197998,1.1656568050384521,0.840284526348114,0.6989834308624268,0.5215681195259094,0.6519708633422852,1.3034127950668335,1.1307724714279175,1.4288028478622437,1.4406648874282837,1.7966724634170532,1.947136402130127,2.21115779876709,2.1085946559906006,1.95408296585083,1.6144969463348389,1.4553534984588623,1.1902098655700684,1.1311107873916626,1.0163702964782715,1.1014487743377686,1.5668174028396606,1.442736029624939,1.6868844032287598,1.7034831047058105,2.0314955711364746,2.1665704250335693,2.425532102584839,2.3376095294952393,2.2230989933013916,1.9280561208724976,1.8078230619430542,1.5961898565292358,1.576445460319519,1.4962608814239502,1.5693672895431519,1.924038290977478,1.8299366235733032,2.0382800102233887,2.047881841659546,2.3408193588256836,2.4295177459716797,2.6905698776245117,2.617353916168213,2.551835775375366,2.3063528537750244,2.208848714828491,2.034557342529297,2.0429515838623047,1.975258469581604,2.025348424911499
A15,1.6260770559310913,1.4120478630065918,1.6982831954956055,1.619196891784668,1.9822806119918823,2.0736875534057617,2.3443126678466797,2.260343313217163,2.0174129009246826,1.6464086771011353,1.338840126991272,1.0252768993377686,0.6853055357933044,0.3972337543964386,0.0,1.4941489696502686,1.315250277519226,1.6598492860794067,1.663201928138733,2.0366082191467285,2.1917343139648438,2.459921360015869,2.3400321006774902,2.1208062171936035,1.7472575902938843,1.5004116296768188,1.1777969598770142,0.9385457634925842,0.6810116767883301,0.5594725608825684,1.522241234779358,1.425293207168579,1.7606450319290161,1.8123615980148315,2.174086332321167,2.3389008045196533,2.6018149852752686,2.4876160621643066,2.307610034942627,1.9625728130340576,1.7612345218658447,1.4719982147216797,1.3247873783111572,1.1307066679000854,1.0814485549926758,1.7594650983810425,1.699102520942688,1.986489176750183,2.043264150619507,2.38494610786438,2.5399041175842285,2.800078868865967,2.698962450027466,2.5544795989990234,2.2444944381713867,2.0820629596710205,1.834710955619812,1.7437740564346313,1.595686674118042,1.5814346075057983,2.0904648303985596,2.049872636795044,2.3003787994384766,2.3509628772735596,2.662818193435669,2.77597713470459,3.041968584060669,2.9557945728302,2.8584470748901367,2.592048168182373,2.4555463790893555,2.2432961463928223,2.195406675338745,2.0674993991851807,2.0589332580566406
B1,0.43081575632095337,0.623033881187439,0.8572036623954773,1.0895534753799438,1.375619888305664,1.6434762477874756,1.9378153085708618,2.0897300243377686,2.062269926071167,1.7580827474594116,1.7311925888061523,1.4005742073059082,1.5035455226898193,1.2623465061187744,1.4941489696502686,0.0,0.3929354250431061,0.6135409474372864,0.9553710222244263,1.213364839553833,1.570008635520935,1.9203357696533203,2.0487587451934814,2.0338432788848877,1.7018787860870361,1.7324001789093018,1.4361976385116577,1.5813508033752441,1.3969894647598267,1.6470050811767578,0.481422483921051,0.6069375276565552,0.7417274117469788,1.038439393043518,1.2641571760177612,1.6080853939056396,1.9886822700500488,2.112459659576416,2.1203372478485107,1.7984532117843628,1.8507808446884155,1.5958983898162842,1.7635524272918701,1.6331241130828857,1.8835666179656982,0.9733259081840515,1.0114659070968628,1.0783871412277222,1.2779383659362793,1.4720547199249268,1.763262391090393,2.141218900680542,2.265097141265869,2.296844959259033,2.0015368461608887,2.0623090267181396,1.8519924879074097,2.025033712387085,1.938572883605957,2.1782732009887695,1.4622567892074585,1.467507004737854,1.5129011869430542,1.634087324142456,1.789077877998352,2.0032520294189453,2.365891695022583,2.4891281127929688,2.555213451385498,2.293372869491577,2.3570075035095215,2.1814677715301514,2.3646178245544434,2.3159878253936768,2.548585891723633
B2,0.576331377029419,0.5027419924736023,0.6712707877159119,0.7880589962005615,1.0992521047592163,1.321157455444336,1.6101154088974,1.72679603099823,1.6792024374008179,1.3665815591812134,1.3445359468460083,1.0259721279144287,1.1790616512298584,1.0086723566055298,1.315250277519226,0.3929354250431061,0.0,0.39256933331489563,0.6281735897064209,0.9528335928916931,1.2698886394500732,1.617978811264038,1.7067049741744995,1.6776641607284546,1.3372441530227661,1.3728969097137451,1.096866250038147,1.2803938388824463,1.164229154586792,1.4626144170761108,0.6252979040145874,0.4820215106010437,0.6159248352050781,0.7878782153129578,1.0657477378845215,1.3561569452285767,1.7243356704711914,1.8078908920288086,1.8082542419433594,1.4905641078948975,1.5444196462631226,1.3204156160354614,1.5102014541625977,1.4420047998428345,1.7150609493255615,1.0663641691207886,0.964708685874939,1.0284408330917358,1.1186965703964233,1.3425649404525757,1.5698093175888062,1.9234224557876587,2.00687575340271,2.0344033241271973,1.7558486461639404,1.8140431642532349,1.6403734683990479,1.8210437297821045,1.7875497341156006,2.03181791305542,1.5362005233764648,1.450773000717163,1.5008317232131958,1.5371713638305664,1.7147918939590454,1.8625988960266113,2.1949691772460938,2.276557445526123,2.339576482772827,2.1041059494018555,2.1600823402404785,2.021017074584961,2.1995127201080322,2.191643714904785,2.407517194747925
B3,0.6817454695701599,0.631645917892456,0.5447860956192017,0.6648842096328735,0.8587683439254761,1.0840567350387573,1.3426026105880737,1.5200785398483276,1.5490412712097168,1.2996346950531006,1.384605050086975,1.146632194519043,1.3995122909545898,1.3163952827453613,1.6598492860794067,0.6135409474372864,0.39256933331489563,0.0,0.3790701627731323,0.6010004878044128,0.9583783745765686,1.3158378601074219,1.4757076501846313,1.5287963151931763,1.2486953735351562,1.3899638652801514,1.2044939994812012,1.476108431816101,1.4440110921859741,1.7806462049484253,0.8228850960731506,0.6245486736297607,0.4816944897174835,0.5724353194236755,0.7436656355857849,1.0403980016708374,1.427593469619751,1.5772274732589722,1.6567788124084473,1.395628809928894,1.5430177450180054,1.4010103940963745,1.6676146984100342,1.6735707521438599,1.988242268562317,1.2023102045059204,1.038791298866272,0.9538113474845886,0.9670201539993286,1.094612956047058,1.2919706106185913,1.6508915424346924,1.7909013032913208,1.8908230066299438,1.6651599407196045,1.80073082447052,1.6977766752243042,1.9438717365264893,1.9744809865951538,2.2593352794647217,1.6387008428573608,1.4996505975723267,1.4532569646835327,1.4243144989013672,1.5257855653762817,1.633462905883789,1.9561203718185425,2.0820789337158203,2.207592487335205,2.0194859504699707,2.1386938095092773,2.0597312450408936,2.291841983795166,2.3420193195343018,2.5918822288513184
B4,0.9991445541381836,0.8206835389137268,0.633373498916626,0.5281422138214111,0.6594069600105286,0.7771551609039307,1.0036253929138184,1.1465253829956055,1.1738057136535645,0.9454104900360107,1.087035894393921,0.9275186061859131,1.2543318271636963,1.2807388305664062,1.663201928138733,0.9553710222244263,0.6281735897064209,0.3790701627731323,0.0,0.37843307852745056,0.6435197591781616,0.9978899359703064,1.1194723844528198,1.182350516319275,0.9218093752861023,1.1142452955245972,1.0120247602462769,1.3345617055892944,1.3991297483444214,1.7599765062332153,1.0993890762329102,0.7947473526000977,0.6389496326446533,0.4693772494792938,0.6404592394828796,0.8090173006057739,1.1682196855545044,1.275874376296997,1.3694440126419067,1.1433212757110596,1.3193634748458862,1.2530372142791748,1.5466089248657227,1.6319456100463867,1.9568061828613281,1.4110794067382812,1.1593017578125,1.0636100769042969,0.9383910298347473,1.0623210668563843,1.1476025581359863,1.4570646286010742,1.5534690618515015,1.6644165515899658,1.482145071029663,1.6295207738876343,1.5910236835479736,1.8470364809036255,1.940599799156189,2.2248752117156982,1.8016399145126343,1.592972993850708,1.5432941913604736,1.4231592416763306,1.5292119979858398,1.547266960144043,1.8180663585662842,1.899249792098999,2.031099557876587,1.8887497186660767,2.0086376667022705,1.9830771684646606,2.2120375633239746,2.3099327087402344,2.5424964427948
B5,1.2040011882781982,1.0732077360153198,0.7712955474853516,0.684518575668335,0.5869153141975403,0.6637433171272278,0.8085880875587463,1.048738956451416,1.1927218437194824,1.074245572090149,1.3133295774459839,1.2369855642318726,1.5933949947357178,1.6514594554901123,2.0366082191467285,1.213364839553833,0.9528335928916931,0.6010004878044128,0.37843307852745056,0.0,0.38482892513275146,0.7533775568008423,0.9966124296188354,1.184565544128418,1.0383743047714233,1.3207182884216309,1.3047078847885132,1.656872272491455,1.7569485902786255,2.125654935836792,1.3619816303253174,1.0827323198318481,0.8086329102516174,0.5851285457611084,0.5000740885734558,0.5865762233734131,0.9517425298690796,1.1576995849609375,1.360351324081421,1.2284804582595825,1.48720121383667,1.4968364238739014,1.827880620956421,1.9518616199493408,2.2934722900390625,1.6379417181015015,1.3775997161865234,1.1816402673721313,0.9994140267372131,0.982467532157898,0.9929843544960022,1.281678557395935,1.450567603111267,1.6505459547042847,1.542929768562317,1.7611364126205444,1.7872235774993896,2.084531307220459,2.2176733016967773,2.5245418548583984,1.994378685951233,1.763401746749878,1.635581135749817,1.4649577140808105,1.4782854318618774,1.4403657913208008,1.6807377338409424,1.813376784324646,2.0153071880340576,1.9317047595977783,2.1111435890197754,2.1406309604644775,2.408914804458618,2.5478975772857666,2.8042893409729004
B6,1.5636144876480103,1.3831548690795898,1.0695648193359375,0.8727876543998718,0.6758924126625061,0.5274505019187927,0.48108595609664917,0.7097660303115845,0.9150784611701965,0.9115849733352661,1.227230429649353,1.2670685052871704,1.653999924659729,1.7962846755981445,2.1917343139648438,1.570008635520935,1.2698886394500732,0.9583783745765686,0.6435197591781616,0.38482892513275146,0.0,0.3966011703014374,0.6544005870819092,0.9276530742645264,0.8946996331214905,1.2372568845748901,1.3323255777359009,1.7021410465240479,1.8785388469696045,2.2512271404266357,1.6823208332061768,1.3613917827606201,1.1034600734710693,0.7843472957611084,0.6605402231216431,0.48155245184898376,0.7222639322280884,0.89667809009552,1.1581556797027588,1.1240392923355103,1.4184190034866333,1.5217719078063965,1.8624379634857178,2.0530214309692383,2.3939919471740723,1.9103432893753052,1.6042513847351074,1.4062774181365967,1.1368730068206787,1.0914520025253296,0.9557850360870361,1.1377596855163574,1.2644487619400024,1.4984896183013916,1.4714313745498657,1.708718180656433,1.8108761310577393,2.112246513366699,2.301996946334839,2.604451894760132,2.221605062484741,1.9445652961730957,1.81023108959198,1.568193793296814,1.5682281255722046,1.4316169023513794,1.5891354084014893,1.6782221794128418,1.898833155632019,1.8828991651535034,2.0707082748413086,2.1622722148895264,2.4274792671203613,2.6130964756011963,2.8542897701263428
B7,1.9481521844863892,1.7717152833938599,1.4659522771835327,1.2523388862609863,1.0374815464019775,0.7975764870643616,0.5218044519424438,0.6311984062194824,0.8543422818183899,1.0099092721939087,1.3481359481811523,1.4806510210037231,1.8700687885284424,2.063551902770996,2.459921360015869,1.9203357696533203,1.617978811264038,1.3158378601074219,0.9978899359703064,0.7533775568008423,0.3966011703014374,0.0,0.40012502670288086,0.7753260135650635,0.911172091960907,1.2854353189468384,1.4752445220947266,1.8510459661483765,2.0819599628448486,2.4580867290496826,1.9712848663330078,1.6330499649047852,1.3645269870758057,1.008927345275879,0.8344727158546448,0.4802938997745514,0.4568435251712799,0.6179858446121216,0.9658634662628174,1.0659806728363037,1.401104211807251,1.5950385332107544,1.94713294506073,2.1933741569519043,2.540529727935791,2.1272354125976562,1.790185809135437,1.5695165395736694,1.239018201828003,1.1412317752838135,0.8735975623130798,0.9141132235527039,1.013071894645691,1.2997090816497803,1.3733515739440918,1.6459203958511353,1.8276697397232056,2.143437385559082,2.3869001865386963,2.6962730884552,2.373027801513672,2.0570175647735596,1.8969844579696655,1.5925519466400146,1.5576058626174927,1.3271783590316772,1.3887064456939697,1.4483827352523804,1.7007977962493896,1.7628124952316284,1.9768649339675903,2.1363935470581055,2.412508964538574,2.6483702659606934,2.8911802768707275
B8,2.114492177963257,1.8949650526046753,1.639629602432251,1.3694082498550415,1.224143147468567,0.9295150637626648,0.6477687954902649,0.4813770055770874,0.5394231677055359,0.7923558950424194,1.1108921766281128,1.327865481376648,1.7010923624038696,1.953964352607727,2.3400321006774902,2.0487587451934814,1.7067049741744995,1.4757076501846313,1.1194723844528198,0.9966124296188354,0.6544005870819092,0.40012502670288086,0.0,0.41705670952796936,0.6636829972267151,1.0216310024261475,1.2909411191940308,1.645638108253479,1.93058180809021,2.2921142578125,2.0562727451324463,1.6866716146469116,1.4893766641616821,1.1097238063812256,1.0506339073181152,0.715485692024231,0.5994167923927307,0.4596269428730011,0.7089527249336243,0.857784628868103,1.1543713808059692,1.4066214561462402,1.730749487876892,2.0204639434814453,2.3474364280700684,2.178321123123169,1.8155794143676758,1.658302664756775,1.3058844804763794,1.2969316244125366,1.0173574686050415,0.988228976726532,0.9172402024269104,1.1157426834106445,1.2110036611557007,1.4335846900939941,1.6510071754455566,1.9328752756118774,2.2073733806610107,2.4911859035491943,2.3947391510009766,2.057213068008423,1.950758695602417,1.6288893222808838,1.6644930839538574,1.4136992692947388,1.4311367273330688,1.3744053840637207,1.5565136671066284,1.6332612037658691,1.7954951524734497,1.975717544555664,2.2120351791381836,2.4650042057037354,2.6713223457336426
B9,2.162489414215088,1.9319957494735718,1.7524827718734741,1.47355055809021,1.431878924369812,1.1682665348052979,0.9809873700141907,0.720301628112793,0.4814172089099884,0.6871914863586426,0.8866577744483948,1.1409895420074463,1.4722998142242432,1.7540366649627686,2.1208062171936035,2.0338432788848877,1.6776641607284546,1.5287963151931763,1.182350516319275,1.184565544128418,0.9276530742645264,0.7753260135650635,0.41705670952796936,0.0,0.3895058333873749,0.678266704082489,1.006439447402954,1.3317220211029053,1.6526778936386108,1.9995895624160767,1.9739502668380737,1.5911235809326172,1.4739514589309692,1.107815146446228,1.167830467224121,0.9122116565704346,0.8228133320808411,0.5083354115486145,0.45619356632232666,0.5609173774719238,0.7857888340950012,1.078909993171692,1.373849868774414,1.6948951482772827,2.0066452026367188,2.0445914268493652,1.6699798107147217,1.586167335510254,1.2411173582077026,1.3355896472930908,1.1043285131454468,1.0790923833847046,0.86971116065979,0.9058539271354675,0.9527004361152649,1.098265290260315,1.3239598274230957,1.5703485012054443,1.8629658222198486,2.1270980834960938,2.2235655784606934,1.877315640449524,1.8342986106872559,1.5213003158569336,1.6425069570541382,1.4189366102218628,1.4425616264343262,1.288287878036499,1.3633407354354858,1.4023703336715698,1.494910478591919,1.665838360786438,1.8610323667526245,2.116222381591797,2.294829845428467
B10,1.8506336212158203,1.6150270700454712,1.4921706914901733,1.2265690565109253,1.2789902687072754,1.089868426322937,1.0418726205825806,0.8440435528755188,0.5669733285903931,0.5094728469848633,0.6121760010719299,0.7869956493377686,1.1196963787078857,1.3757483959197998,1.7472575902938843,1.7018787860870361,1.3372441530227661,1.2486953735351562,0.9218093752861023,1.0383743047714233,0.8946996331214905,0.911172091960907,0.6636829972267151,0.3895058333873749,0.0,0.37467464804649353,0.6359245777130127,0.9859363436698914,1.2825638055801392,1.6400505304336548,1.6424685716629028,1.2578647136688232,1.2043752670288086,0.8718013763427734,1.0472859144210815,0.9171411395072937,0.9860678911209106,0.7669932842254639,0.6483469009399414,0.47519227862358093,0.6124095320701599,0.7928529381752014,1.0889229774475098,1.3709056377410889,1.6870919466018677,1.743880033493042,1.3824325799942017,1.3583097457885742,1.0642725229263306,1.2507822513580322,1.1327486038208008,1.2307378053665161,1.0700340270996094,1.0442678928375244,0.9365191459655762,1.016477346420288,1.133780598640442,1.3610401153564453,1.6016677618026733,1.8619773387908936,1.96636962890625,1.647863507270813,1.6560730934143066,1.4023408889770508,1.586222767829895,1.453112006187439,1.571617841720581,1.449028730392456,1.4803500175476074,1.4135488271713257,1.4614590406417847,1.5428955554962158,1.718511700630188,1.9171329736709595,2.0922677516937256
B11,1.9207935333251953,1.6762501001358032,1.6383777856826782,1.3827193975448608,1.5178790092468262,1.3653593063354492,1.3726189136505127,1.1466511487960815,0.7952197194099426,0.6430575251579285,0.4966432750225067,0.6532843112945557,0.8833121061325073,1.1656568050384521,1.5004116296768188,1.7324001789093018,1.3728969097137451,1.3899638652801514,1.1142452955245972,1.3207182884216309,1.2372568845748901,1.2854353189468384,1.0216310024261475,0.678266704082489,0.37467464804649353,0.0,0.3827137053012848,0.6562948226928711,0.998222827911377,1.3279389142990112,1.6294389963150024,1.261185646057129,1.3193178176879883,1.0589332580566406,1.3163491487503052,1.2539966106414795,1.3346149921417236,1.0840944051742554,0.8465070128440857,0.5896937251091003,0.46726667881011963,0.5717264413833618,0.7741090059280396,1.071852207183838,1.3543604612350464,1.7009813785552979,1.3600409030914307,1.4370207786560059,1.2039000988006592,1.4690457582473755,1.4112162590026855,1.5174533128738403,1.3076406717300415,1.1683584451675415,0.9862524271011353,0.9246222972869873,0.9702604413032532,1.1072213649749756,1.330077052116394,1.547021746635437,1.9025743007659912,1.605889081954956,1.6972697973251343,1.4932990074157715,1.7474935054779053,1.66261625289917,1.7931394577026367,1.621909737586975,1.561474323272705,1.4377869367599487,1.3903002738952637,1.4137970209121704,1.5139573812484741,1.6767339706420898,1.8026726245880127
B12,1.6571141481399536,1.4326140880584717,1.4754793643951416,1.2753753662109375,1.4963182210922241,1.4353556632995605,1.5376108884811401,1.3856115341186523,1.0858110189437866,0.820601224899292,0.593912661075592,0.4947340190410614,0.6478190422058105,0.840284526348114,1.1777969598770142,1.4361976385116577,1.096866250038147,1.2044939994812012,1.0120247602462769,1.3047078847885132,1.3323255777359009,1.4752445220947266,1.2909411191940308,1.006439447402954,0.6359245777130127,0.3827137053012848,0.0,0.38310113549232483,0.6477177739143372,1.0098947286605835,1.3205143213272095,0.978239119052887,1.1319836378097534,0.9699947834014893,1.3027437925338745,1.3527870178222656,1.5238773822784424,1.346198320388794,1.1312986612319946,0.7898997664451599,0.6275020837783813,0.46164417266845703,0.6125087141990662,0.7968449592590332,1.0921605825424194,1.4190133810043335,1.118924856185913,1.2726380825042725,1.1336952447891235,1.4570410251617432,1.5010344982147217,1.68818199634552,1.5354716777801514,1.3924400806427002,1.122405767440796,1.0262585878372192,0.9241124987602234,1.0242706537246704,1.1441208124160767,1.3573106527328491,1.6651222705841064,1.419518232345581,1.5640790462493896,1.4432519674301147,1.734864354133606,1.736639142036438,1.9375507831573486,1.812227487564087,1.7403985261917114,1.5386594533920288,1.4693610668182373,1.3932307958602905,1.4758366346359253,1.5566167831420898,1.6871743202209473
B13,1.8167043924331665,1.592460036277771,1.7113289833068848,1.5287052392959595,1.7939040660858154,1.7518601417541504,1.8791433572769165,1.7049143314361572,1.3743908405303955,1.0946861505508423,0.7694419622421265,0.6326858997344971,0.5280455350875854,0.6989834308624268,0.9385457634925842,1.5813508033752441,1.2803938388824463,1.476108431816101,1.3345617055892944,1.656872272491455,1.7021410465240479,1.8510459661483765,1.645638108253479,1.3317220211029053,0.9859363436698914,0.6562948226928711,0.38310113549232483,0.0,0.3832709491252899,0.6729206442832947,1.4442236423492432,1.1662230491638184,1.4074441194534302,1.3119983673095703,1.66301429271698,1.7340409755706787,1.90010666847229,1.69974946975708,1.4419341087341309,1.1074001789093018,0.8455991744995117,0.6074861288070679,0.4906138479709625,0.5811640024185181,0.7755738496780396,1.518490195274353,1.2808575630187988,1.5172104835510254,1.4401488304138184,1.7895424365997314,1.8600096702575684,2.0415890216827393,1.861109733581543,1.6633943319320679,1.3738737106323242,1.1852554082870483,1.0101165771484375,0.9642385244369507,1.000988245010376,1.1175167560577393,1.7380719184875488,1.5439653396606445,1.7613486051559448,1.6950159072875977,2.0217444896698,2.0540056228637695,2.2542355060577393,2.099308490753174,1.9699822664260864,1.7384504079818726,1.5934836864471436,1.4572125673294067,1.4423140287399292,1.450665831565857,1.5020685195922852
