0.000000000000000000e+00,3.848507404327392578e-01,6.163766384124755859e-01,9.611552953720092773e-01,1.040383577346801758e+00,1.141468524932861328e+00,8.733527660369873047e-01,1.067363142967224121e+00,9.657113552093505859e-01,1.290780067443847656e+00,1.381132721900939941e+00,1.744794487953186035e+00,1.978103995323181152e+00,1.846490979194641113e+00,2.162294626235961914e+00,5.558876991271972656e-01,6.227290034294128418e-01,7.021429538726806641e-01,1.071636438369750977e+00,1.107999920845031738e+00,1.285810351371765137e+00,1.086057543754577637e+00,1.287133693695068359e+00,1.254508852958679199e+00,1.531862020492553711e+00,1.639962434768676758e+00,1.963234782218933105e+00,2.209424257278442383e+00,2.089275836944580078e+00,2.375308752059936523e+00,1.031325101852416992e+00,1.108442544937133789e+00,1.137156248092651367e+00,1.457380294799804688e+00,1.424371838569641113e+00,1.603865027427673340e+00,1.457676887512207031e+00,1.620708823204040527e+00,1.608994960784912109e+00,1.846153855323791504e+00,1.954636931419372559e+00,2.237260103225708008e+00,2.467898845672607422e+00,2.374916553497314453e+00,2.642173767089843750e+00,1.520469903945922852e+00,1.588849902153015137e+00,1.576668262481689453e+00,1.849503278732299805e+00,1.814880490303039551e+00,1.984222292900085449e+00,1.880959868431091309e+00,2.009037256240844727e+00,2.004913568496704102e+00,2.223074436187744141e+00,2.337571620941162109e+00,2.605222702026367188e+00,2.734462022781372070e+00,2.696986198425292969e+00,2.948422908782958984e+00,2.026985883712768555e+00,2.096026182174682617e+00,2.069196701049804688e+00,2.317111492156982422e+00,2.251754760742187500e+00,2.411973237991333008e+00,2.335846424102783203e+00,2.438927650451660156e+00,2.441816091537475586e+00,2.643684625625610352e+00,2.746516942977905273e+00,2.971015691757202148e+00,3.110873699188232422e+00,3.125256299972534180e+00,3.342205047607421875e+00
3.848507404327392578e-01,0.000000000000000000e+00,3.905821144580841064e-01,7.125956416130065918e-01,9.236980676651000977e-01,1.140787124633789062e+00,9.896942973136901855e-01,1.274988412857055664e+00,1.256983995437622070e+00,1.613052487373352051e+00,1.735599756240844727e+00,2.110418558120727539e+00,2.347643852233886719e+00,2.209400415420532227e+00,2.513302564620971680e+00,7.403542399406433105e-01,5.867003798484802246e-01,5.275732278823852539e-01,8.385385870933532715e-01,9.602972269058227539e-01,1.245736718177795410e+00,1.155635595321655273e+00,1.438992023468017578e+00,1.482261657714843750e+00,1.800259947776794434e+00,1.946431517601013184e+00,2.290841817855834961e+00,2.546903133392333984e+00,2.420016050338745117e+00,2.700063467025756836e+00,1.121078133583068848e+00,1.073221802711486816e+00,1.005084037780761719e+00,1.273753285408020020e+00,1.288672327995300293e+00,1.550080776214599609e+00,1.489223241806030273e+00,1.722968578338623047e+00,1.779858589172363281e+00,2.059333324432373047e+00,2.209581375122070312e+00,2.519385576248168945e+00,2.764985322952270508e+00,2.666614294052124023e+00,2.936707019805908203e+00,1.573312282562255859e+00,1.558319807052612305e+00,1.472057461738586426e+00,1.696644306182861328e+00,1.695564508438110352e+00,1.926527619361877441e+00,1.890504717826843262e+00,2.078352212905883789e+00,2.134409427642822266e+00,2.390465497970581055e+00,2.547697782516479492e+00,2.839612245559692383e+00,2.993202209472656250e+00,2.951380252838134766e+00,3.212888479232788086e+00,2.060468912124633789e+00,2.070062398910522461e+00,1.983803272247314453e+00,2.189931631088256836e+00,2.146327018737792969e+00,2.353337764739990234e+00,2.333940744400024414e+00,2.484237432479858398e+00,2.539726734161376953e+00,2.775053024291992188e+00,2.920153141021728516e+00,3.166043281555175781e+00,3.332893610000610352e+00,3.347054004669189453e+00,3.584097146987915039e+00
6.163766384124755859e-01,3.905821144580841064e-01,0.000000000000000000e+00,3.896689414978027344e-01,5.800260901451110840e-01,8.730051517486572266e-01,8.201519250869750977e-01,1.166035413742065430e+00,1.262179613113403320e+00,1.621034502983093262e+00,1.821817040443420410e+00,2.191993236541748047e+00,2.477910995483398438e+00,2.395210504531860352e+00,2.728056430816650391e+00,9.800603389739990234e-01,8.541741967201232910e-01,6.127233505249023438e-01,7.792195677757263184e-01,7.767268419265747070e-01,1.069716215133666992e+00,1.064160943031311035e+00,1.362570524215698242e+00,1.495891690254211426e+00,1.802198410034179688e+00,2.014120101928710938e+00,2.350575447082519531e+00,2.651212453842163086e+00,2.577469825744628906e+00,2.891097307205200195e+00,1.312255024909973145e+00,1.279486656188964844e+00,1.104395747184753418e+00,1.278714299201965332e+00,1.201763153076171875e+00,1.443440198898315430e+00,1.448111295700073242e+00,1.673870086669921875e+00,1.797240018844604492e+00,2.057005882263183594e+00,2.260529994964599609e+00,2.557607650756835938e+00,2.846015691757202148e+00,2.798297882080078125e+00,3.102197408676147461e+00,1.734218358993530273e+00,1.735473513603210449e+00,1.576757192611694336e+00,1.729424953460693359e+00,1.657944917678833008e+00,1.862086296081542969e+00,1.876684188842773438e+00,2.050611019134521484e+00,2.155341863632202148e+00,2.388989686965942383e+00,2.587067365646362305e+00,2.858262777328491211e+00,3.056156158447265625e+00,3.061582803726196289e+00,3.355367422103881836e+00,2.200402975082397461e+00,2.228440523147583008e+00,2.089467763900756836e+00,2.240285158157348633e+00,2.140478134155273438e+00,2.319050550460815430e+00,2.339775800704956055e+00,2.471427917480468750e+00,2.565944194793701172e+00,2.778902769088745117e+00,2.955090522766113281e+00,3.176320075988769531e+00,3.379479885101318359e+00,3.437361717224121094e+00,3.699615001678466797e+00
9.611552953720092773e-01,7.125956416130065918e-01,3.896689414978027344e-01,0.000000000000000000e+00,3.828237354755401611e-01,7.489600777626037598e-01,8.688630461692810059e-01,1.241404652595520020e+00,1.421857595443725586e+00,1.788091540336608887e+00,2.031327724456787109e+00,2.408092975616455078e+00,2.709587335586547852e+00,2.648290157318115234e+00,2.981771230697631836e+00,1.191936612129211426e+00,1.017865180969238281e+00,6.595341563224792480e-01,6.023876667022705078e-01,5.401320457458496094e-01,8.818486928939819336e-01,1.016348361968994141e+00,1.351593852043151855e+00,1.568373680114746094e+00,1.889175534248352051e+00,2.149771451950073242e+00,2.497562885284423828e+00,2.819175720214843750e+00,2.764942169189453125e+00,3.088565826416015625e+00,1.403543949127197266e+00,1.328031420707702637e+00,1.047601819038391113e+00,1.098689198493957520e+00,9.789074063301086426e-01,1.238883376121520996e+00,1.341937303543090820e+00,1.599529385566711426e+00,1.799475789070129395e+00,2.073709249496459961e+00,2.327927827835083008e+00,2.638194322586059570e+00,2.952354431152343750e+00,2.925016164779663086e+00,3.246920347213745117e+00,1.749344229698181152e+00,1.723466634750366211e+00,1.484863400459289551e+00,1.550413608551025391e+00,1.443827629089355469e+00,1.653774380683898926e+00,1.740087270736694336e+00,1.938611507415771484e+00,2.107991695404052734e+00,2.351832866668701172e+00,2.598037004470825195e+00,2.875280618667602539e+00,3.110991001129150391e+00,3.136038780212402344e+00,3.453087568283081055e+00,2.165983438491821289e+00,2.178837537765502930e+00,1.977559447288513184e+00,2.062958717346191406e+00,1.933829545974731445e+00,2.111258029937744141e+00,2.188324928283691406e+00,2.334496498107910156e+00,2.483591318130493164e+00,2.703444242477416992e+00,2.923900127410888672e+00,3.146879196166992188e+00,3.386615037918090820e+00,3.465785264968872070e+00,3.756099462509155273e+00
1.040383577346801758e+00,9.236980676651000977e-01,5.800260901451110840e-01,3.828237354755401611e-01,0.000000000000000000e+00,4.012759327888488770e-01,6.068891286849975586e-01,9.681407809257507324e-01,1.224338531494140625e+00,1.562486290931701660e+00,1.854781389236450195e+00,2.213229656219482422e+00,2.544750690460205078e+00,2.535199642181396484e+00,2.888004779815673828e+00,1.241312623023986816e+00,1.170751929283142090e+00,8.332413434982299805e-01,7.956136465072631836e-01,5.229825973510742188e-01,6.913439631462097168e-01,8.273901939392089844e-01,1.110884308815002441e+00,1.373875975608825684e+00,1.655255317687988281e+00,1.953814983367919922e+00,2.279297113418579102e+00,2.628490209579467773e+00,2.623960494995117188e+00,2.972702503204345703e+00,1.440020203590393066e+00,1.451436758041381836e+00,1.186243534088134766e+00,1.229795575141906738e+00,9.912962913513183594e-01,1.128288269042968750e+00,1.214706897735595703e+00,1.404702425003051758e+00,1.622030496597290039e+00,1.848963499069213867e+00,2.126893997192382812e+00,2.408823728561401367e+00,2.748742580413818359e+00,2.768487691879272461e+00,3.114130020141601562e+00,1.773469448089599609e+00,1.819705486297607422e+00,1.593641877174377441e+00,1.653427004814147949e+00,1.459931850433349609e+00,1.578259110450744629e+00,1.646824240684509277e+00,1.781346321105957031e+00,1.950686693191528320e+00,2.146679401397705078e+00,2.401926755905151367e+00,2.644841194152832031e+00,2.904427289962768555e+00,2.972560882568359375e+00,3.309374332427978516e+00,2.179377794265747070e+00,2.252669334411621094e+00,2.063018083572387695e+00,2.144588232040405273e+00,1.951507925987243652e+00,2.057029008865356445e+00,2.116077423095703125e+00,2.205192804336547852e+00,2.347467660903930664e+00,2.522117137908935547e+00,2.740678787231445312e+00,2.927530050277709961e+00,3.181293725967407227e+00,3.297717094421386719e+00,3.596574544906616211e+00
1.141468524932861328e+00,1.140787124633789062e+00,8.730051517486572266e-01,7.489600777626037598e-01,4.012759327888488770e-01,0.000000000000000000e+00,3.827203214168548584e-01,6.616662740707397461e-01,9.819581508636474609e-01,1.287320852279663086e+00,1.612126946449279785e+00,1.956025719642639160e+00,2.299221277236938477e+00,2.329809188842773438e+00,2.686072111129760742e+00,1.220128417015075684e+00,1.245038151741027832e+00,9.622842669486999512e-01,9.530701637268066406e-01,5.893455147743225098e-01,4.838908314704895020e-01,5.621307492256164551e-01,7.661458849906921387e-01,1.072697043418884277e+00,1.321144461631774902e+00,1.651851892471313477e+00,1.963947176933288574e+00,2.329094648361206055e+00,2.361524820327758789e+00,2.724664211273193359e+00,1.354914784431457520e+00,1.450658202171325684e+00,1.224711537361145020e+00,1.277157545089721680e+00,9.596105217933654785e-01,9.471378922462463379e-01,9.763184189796447754e-01,1.084863066673278809e+00,1.309001803398132324e+00,1.495812058448791504e+00,1.793775081634521484e+00,2.058507919311523438e+00,2.415566921234130859e+00,2.470010995864868164e+00,2.832643270492553711e+00,1.647292494773864746e+00,1.766717433929443359e+00,1.573023438453674316e+00,1.644337177276611328e+00,1.384490728378295898e+00,1.402849912643432617e+00,1.424955248832702637e+00,1.489537119865417480e+00,1.645612597465515137e+00,1.800034999847412109e+00,2.059558868408203125e+00,2.279093027114868164e+00,2.555692434310913086e+00,2.654423952102661133e+00,3.006148099899291992e+00,2.027901411056518555e+00,2.162674188613891602e+00,2.000963449478149414e+00,2.094195365905761719e+00,1.852036833763122559e+00,1.884368896484375000e+00,1.903616547584533691e+00,1.934988021850585938e+00,2.057122707366943359e+00,2.192454576492309570e+00,2.403654813766479492e+00,2.565075397491455078e+00,2.826485872268676758e+00,2.968094587326049805e+00,3.273507118225097656e+00
8.733527660369873047e-01,9.896942973136901855e-01,8.201519250869750977e-01,8.688630461692810059e-01,6.068891286849975586e-01,3.827203214168548584e-01,0.000000000000000000e+00,3.737915158271789551e-01,6.277646422386169434e-01,9.581314921379089355e-01,1.260635852813720703e+00,1.614968538284301758e+00,1.951298594474792480e+00,1.968556880950927734e+00,2.329823970794677734e+00,9.480956196784973145e-01,1.067131996154785156e+00,8.905194997787475586e-01,1.033954143524169922e+00,7.567235231399536133e-01,6.715388298034667969e-01,4.948203265666961670e-01,6.329220533370971680e-01,8.261091113090515137e-01,1.072740554809570312e+00,1.362161874771118164e+00,1.676522135734558105e+00,2.028585433959960938e+00,2.044259071350097656e+00,2.405947685241699219e+00,1.161568403244018555e+00,1.326579689979553223e+00,1.200742959976196289e+00,1.365656018257141113e+00,1.104034781455993652e+00,1.094111919403076172e+00,9.864106178283691406e-01,1.051120758056640625e+00,1.166019797325134277e+00,1.339766621589660645e+00,1.580717444419860840e+00,1.839510798454284668e+00,2.173347711563110352e+00,2.207145690917968750e+00,2.558355093002319336e+00,1.520392537117004395e+00,1.683318018913269043e+00,1.571671128273010254e+00,1.731055498123168945e+00,1.513187170028686523e+00,1.533817291259765625e+00,1.464404106140136719e+00,1.499941468238830566e+00,1.569691300392150879e+00,1.714446902275085449e+00,1.915608763694763184e+00,2.133806228637695312e+00,2.368248701095581055e+00,2.445254087448120117e+00,2.776975631713867188e+00,1.949070453643798828e+00,2.109213352203369141e+00,2.014311790466308594e+00,2.176863908767700195e+00,1.967751264572143555e+00,2.004630088806152344e+00,1.954811573028564453e+00,1.970616698265075684e+00,2.023742914199829102e+00,2.152922630310058594e+00,2.310535907745361328e+00,2.473994970321655273e+00,2.692856073379516602e+00,2.809524059295654297e+00,3.087122440338134766e+00
1.067363142967224121e+00,1.274988412857055664e+00,1.166035413742065430e+00,1.241404652595520020e+00,9.681407809257507324e-01,6.616662740707397461e-01,3.737915158271789551e-01,0.000000000000000000e+00,3.786132633686065674e-01,6.271197795867919922e-01,9.687112569808959961e-01,1.297258615493774414e+00,1.648058533668518066e+00,1.713413715362548828e+00,2.080431938171386719e+00,1.041848301887512207e+00,1.260158181190490723e+00,1.169302821159362793e+00,1.338362216949462891e+00,1.063062429428100586e+00,8.646364212036132812e-01,5.820081233978271484e-01,4.716929197311401367e-01,5.848849415779113770e-01,7.368812561035156250e-01,1.041759610176086426e+00,1.327973484992980957e+00,1.695870280265808105e+00,1.754270315170288086e+00,2.131518363952636719e+00,1.210246086120605469e+00,1.460023164749145508e+00,1.406283140182495117e+00,1.591819524765014648e+00,1.317994832992553711e+00,1.208123683929443359e+00,1.009706377983093262e+00,9.421303868293762207e-01,9.751737117767333984e-01,1.061268091201782227e+00,1.280869603157043457e+00,1.500960588455200195e+00,1.842655897140502930e+00,1.911952495574951172e+00,2.274802923202514648e+00,1.530694484710693359e+00,1.765739321708679199e+00,1.715084671974182129e+00,1.899559259414672852e+00,1.659638404846191406e+00,1.602413892745971680e+00,1.462270140647888184e+00,1.407759904861450195e+00,1.409483194351196289e+00,1.486006975173950195e+00,1.649202108383178711e+00,1.827949523925781250e+00,2.056449174880981445e+00,2.160908460617065430e+00,2.495997667312622070e+00,1.933609008789062500e+00,2.152219057083129883e+00,2.108386039733886719e+00,2.295797109603881836e+00,2.067423343658447266e+00,2.044390916824340820e+00,1.936243891716003418e+00,1.887428998947143555e+00,1.884324312210083008e+00,1.959854841232299805e+00,2.075473785400390625e+00,2.203725099563598633e+00,2.405641317367553711e+00,2.539413928985595703e+00,2.806466102600097656e+00
9.657113552093505859e-01,1.256983995437622070e+00,1.262179613113403320e+00,1.421857595443725586e+00,1.224338531494140625e+00,9.819581508636474609e-01,6.277646422386169434e-01,3.786132633686065674e-01,0.000000000000000000e+00,3.847602903842926025e-01,6.362839341163635254e-01,1.006174921989440918e+00,1.326705098152160645e+00,1.352537751197814941e+00,1.718349337577819824e+00,8.593124151229858398e-01,1.163723349571228027e+00,1.195564270019531250e+00,1.450091600418090820e+00,1.258869767189025879e+00,1.108598470687866211e+00,7.498121857643127441e-01,6.173463463783264160e-01,4.687934815883636475e-01,6.036015152931213379e-01,7.895585298538208008e-01,1.095336198806762695e+00,1.425154924392700195e+00,1.436863064765930176e+00,1.804131507873535156e+00,1.061213970184326172e+00,1.364950776100158691e+00,1.415723323822021484e+00,1.676380634307861328e+00,1.470056772232055664e+00,1.386825323104858398e+00,1.109545707702636719e+00,1.032078981399536133e+00,9.274228215217590332e-01,1.008936643600463867e+00,1.123166441917419434e+00,1.346653342247009277e+00,1.636824607849121094e+00,1.656773209571838379e+00,1.995839118957519531e+00,1.412711858749389648e+00,1.676398158073425293e+00,1.709718704223632812e+00,1.961678147315979004e+00,1.776074528694152832e+00,1.738091826438903809e+00,1.531898021697998047e+00,1.473012566566467285e+00,1.386287331581115723e+00,1.467846035957336426e+00,1.552895545959472656e+00,1.742913842201232910e+00,1.905914306640625000e+00,1.963266253471374512e+00,2.265511035919189453e+00,1.840005874633789062e+00,2.070296525955200195e+00,2.093144178390502930e+00,2.338054895401000977e+00,2.154285192489624023e+00,2.148486614227294922e+00,1.985612154006958008e+00,1.939942240715026855e+00,1.871266365051269531e+00,1.954908370971679688e+00,2.012071847915649414e+00,2.156569242477416992e+00,2.302841663360595703e+00,2.390915632247924805e+00,2.622932195663452148e+00
1.290780067443847656e+00,1.613052487373352051e+00,1.621034502983093262e+00,1.788091540336608887e+00,1.562486290931701660e+00,1.287320852279663086e+00,9.581314921379089355e-01,6.271197795867919922e-01,3.847602903842926025e-01,0.000000000000000000e+00,3.821868896484375000e-01,6.703730821609497070e-01,1.030498743057250977e+00,1.146646499633789062e+00,1.523117065429687500e+00,1.183570146560668945e+00,1.517549872398376465e+00,1.577669382095336914e+00,1.830373764038085938e+00,1.623519062995910645e+00,1.428385376930236816e+00,1.075201869010925293e+00,8.375395536422729492e-01,6.183320879936218262e-01,4.874601066112518311e-01,5.867727398872375488e-01,7.860562205314636230e-01,1.134605169296264648e+00,1.222536325454711914e+00,1.607036828994750977e+00,1.353052735328674316e+00,1.688669681549072266e+00,1.772982716560363770e+00,2.030652046203613281e+00,1.812291502952575684e+00,1.676178336143493652e+00,1.375532627105712891e+00,1.206085681915283203e+00,1.028187513351440430e+00,9.666716456413269043e-01,9.974395632743835449e-01,1.117322325706481934e+00,1.396267890930175781e+00,1.470680236816406250e+00,1.811913132667541504e+00,1.651979684829711914e+00,1.955558776855468750e+00,2.026952505111694336e+00,2.282697916030883789e+00,2.081984758377075195e+00,1.991630673408508301e+00,1.750939965248107910e+00,1.617277383804321289e+00,1.467452645301818848e+00,1.454918861389160156e+00,1.468944430351257324e+00,1.581639409065246582e+00,1.716139435768127441e+00,1.810281515121459961e+00,2.101204156875610352e+00,2.035470962524414062e+00,2.305826902389526367e+00,2.366955757141113281e+00,2.620853900909423828e+00,2.423585891723632812e+00,2.370625257492065430e+00,2.170092821121215820e+00,2.065546512603759766e+00,1.943244099617004395e+00,1.958339691162109375e+00,1.954976916313171387e+00,2.041972160339355469e+00,2.152956724166870117e+00,2.260611295700073242e+00,2.464982748031616211e+00
1.381132721900939941e+00,1.735599756240844727e+00,1.821817040443420410e+00,2.031327724456787109e+00,1.854781389236450195e+00,1.612126946449279785e+00,1.260635852813720703e+00,9.687112569808959961e-01,6.362839341163635254e-01,3.821868896484375000e-01,0.000000000000000000e+00,4.000611901283264160e-01,6.909246444702148438e-01,7.651450037956237793e-01,1.144211173057556152e+00,1.211522459983825684e+00,1.578214526176452637e+00,1.725108623504638672e+00,2.020032405853271484e+00,1.871620059013366699e+00,1.706875443458557129e+00,1.329968452453613281e+00,1.111384630203247070e+00,7.945666909217834473e-01,6.485809683799743652e-01,4.890767633914947510e-01,6.345612406730651855e-01,8.830517530441284180e-01,9.073737263679504395e-01,1.274666666984558105e+00,1.369947671890258789e+00,1.724802374839782715e+00,1.888778924942016602e+00,2.188607931137084961e+00,2.023518323898315430e+00,1.907700896263122559e+00,1.570067763328552246e+00,1.407335996627807617e+00,1.144605159759521484e+00,1.076792597770690918e+00,9.711495041847229004e-01,1.061760783195495605e+00,1.240798115730285645e+00,1.249785065650939941e+00,1.546316027641296387e+00,1.654271125793457031e+00,1.969617843627929688e+00,2.111954212188720703e+00,2.411361217498779297e+00,2.256982564926147461e+00,2.181679010391235352e+00,1.899516344070434570e+00,1.767765045166015625e+00,1.550759911537170410e+00,1.538693547248840332e+00,1.465100526809692383e+00,1.576047182083129883e+00,1.621159315109252930e+00,1.655922889709472656e+00,1.894035816192626953e+00,2.028280496597290039e+00,2.302724361419677734e+00,2.424544572830200195e+00,2.720052003860473633e+00,2.563477754592895508e+00,2.523605585098266602e+00,2.282139778137207031e+00,2.181992769241333008e+00,2.003655433654785156e+00,2.022466897964477539e+00,1.957010507583618164e+00,2.054449319839477539e+00,2.097590684890747070e+00,2.150532960891723633e+00,2.306009769439697266e+00
1.744794487953186035e+00,2.110418558120727539e+00,2.191993236541748047e+00,2.408092975616455078e+00,2.213229656219482422e+00,1.956025719642639160e+00,1.614968538284301758e+00,1.297258615493774414e+00,1.006174921989440918e+00,6.703730821609497070e-01,4.000611901283264160e-01,0.000000000000000000e+00,3.963901400566101074e-01,6.541186571121215820e-01,1.007056355476379395e+00,1.599989771842956543e+00,1.969816088676452637e+00,2.123798847198486328e+00,2.417837858200073242e+00,2.256636142730712891e+00,2.070682048797607422e+00,1.700665831565856934e+00,1.445386648178100586e+00,1.137790918350219727e+00,8.906032443046569824e-01,6.540850400924682617e-01,5.285682082176208496e-01,6.865878701210021973e-01,8.168477416038513184e-01,1.159735918045043945e+00,1.747077107429504395e+00,2.107203245162963867e+00,2.283801794052124023e+00,2.580041408538818359e+00,2.406094551086425781e+00,2.263300418853759766e+00,1.921700835227966309e+00,1.715561866760253906e+00,1.431446909904479980e+00,1.273735284805297852e+00,1.092490196228027344e+00,1.037480711936950684e+00,1.141289710998535156e+00,1.203411459922790527e+00,1.461428046226501465e+00,1.994968771934509277e+00,2.324832201004028320e+00,2.487296581268310547e+00,2.786010980606079102e+00,2.622959136962890625e+00,2.517378091812133789e+00,2.220748186111450195e+00,2.045083284378051758e+00,1.794120907783508301e+00,1.709493756294250488e+00,1.568079829216003418e+00,1.588044047355651855e+00,1.576176166534423828e+00,1.638296723365783691e+00,1.834430217742919922e+00,2.328577995300292969e+00,2.623327970504760742e+00,2.770566463470458984e+00,3.069426059722900391e+00,2.906007051467895508e+00,2.835565805435180664e+00,2.572300672531127930e+00,2.432217597961425781e+00,2.216487884521484375e+00,2.177463769912719727e+00,2.053256034851074219e+00,2.089452981948852539e+00,2.080988168716430664e+00,2.142808675765991211e+00,2.249755620956420898e+00
1.978103995323181152e+00,2.347643852233886719e+00,2.477910995483398438e+00,2.709587335586547852e+00,2.544750690460205078e+00,2.299221277236938477e+00,1.951298594474792480e+00,1.648058533668518066e+00,1.326705098152160645e+00,1.030498743057250977e+00,6.909246444702148438e-01,3.963901400566101074e-01,0.000000000000000000e+00,3.846634626388549805e-01,6.534467339515686035e-01,1.779765605926513672e+00,2.151567935943603516e+00,2.358010292053222656e+00,2.667963504791259766e+00,2.545188426971435547e+00,2.370760917663574219e+00,1.990664005279541016e+00,1.743927717208862305e+00,1.399372220039367676e+00,1.167532086372375488e+00,8.383858203887939453e-01,6.491892933845520020e-01,5.457168221473693848e-01,5.904211997985839844e-01,8.472356200218200684e-01,1.887277841567993164e+00,2.246902704238891602e+00,2.476373672485351562e+00,2.791346788406372070e+00,2.655354261398315430e+00,2.519102811813354492e+00,2.156799554824829102e+00,1.953899145126342773e+00,1.625986695289611816e+00,1.469132542610168457e+00,1.200992703437805176e+00,1.108909606933593750e+00,1.068143248558044434e+00,1.054891347885131836e+00,1.220214128494262695e+00,2.091320753097534180e+00,2.422739028930664062e+00,2.638485908508300781e+00,2.961042404174804688e+00,2.832159757614135742e+00,2.730633497238159180e+00,2.405908823013305664e+00,2.229352951049804688e+00,1.933780908584594727e+00,1.845808863639831543e+00,1.632997393608093262e+00,1.640099644660949707e+00,1.530533313751220703e+00,1.527657270431518555e+00,1.643633484840393066e+00,2.387174129486083984e+00,2.682686328887939453e+00,2.880542516708374023e+00,3.205595970153808594e+00,3.074358463287353516e+00,3.007295846939086914e+00,2.712132453918457031e+00,2.572125911712646484e+00,2.311887025833129883e+00,2.269765853881835938e+00,2.088766574859619141e+00,2.126856565475463867e+00,2.046038866043090820e+00,2.049348592758178711e+00,2.092673778533935547e+00
1.846490979194641113e+00,2.209400415420532227e+00,2.395210504531860352e+00,2.648290157318115234e+00,2.535199642181396484e+00,2.329809188842773438e+00,1.968556880950927734e+00,1.713413715362548828e+00,1.352537751197814941e+00,1.146646499633789062e+00,7.651450037956237793e-01,6.541186571121215820e-01,3.846634626388549805e-01,0.000000000000000000e+00,3.913095891475677490e-01,1.610100030899047852e+00,1.971945524215698242e+00,2.229414939880371094e+00,2.561796188354492188e+00,2.494793415069580078e+00,2.366662740707397461e+00,1.980996727943420410e+00,1.787245392799377441e+00,1.420014739036560059e+00,1.279486060142517090e+00,9.351458549499511719e-01,8.850300908088684082e-01,7.513397932052612305e-01,5.593747496604919434e-01,7.324823141098022461e-01,1.714346170425415039e+00,2.055566549301147461e+00,2.328873872756958008e+00,2.670192956924438477e+00,2.586415529251098633e+00,2.495582342147827148e+00,2.127423048019409180e+00,1.976946711540222168e+00,1.637702703475952148e+00,1.561058282852172852e+00,1.287314414978027344e+00,1.290619969367980957e+00,1.219654202461242676e+00,1.076256275177001953e+00,1.183106064796447754e+00,1.923738718032836914e+00,2.230254411697387695e+00,2.481325864791870117e+00,2.831130743026733398e+00,2.751738309860229492e+00,2.694500684738159180e+00,2.364565372467041016e+00,2.236663818359375000e+00,1.937279939651489258e+00,1.916820764541625977e+00,1.706913590431213379e+00,1.788149118423461914e+00,1.654574155807495117e+00,1.562200188636779785e+00,1.640865683555603027e+00,2.231959819793701172e+00,2.497237682342529297e+00,2.721123218536376953e+00,3.071269750595092773e+00,2.984987735748291016e+00,2.960504531860351562e+00,2.661996364593505859e+00,2.567380428314208984e+00,2.305757522583007812e+00,2.320495843887329102e+00,2.147196769714355469e+00,2.246734380722045898e+00,2.154661893844604492e+00,2.094310760498046875e+00,2.125877141952514648e+00
2.162294626235961914e+00,2.513302564620971680e+00,2.728056430816650391e+00,2.981771230697631836e+00,2.888004779815673828e+00,2.686072111129760742e+00,2.329823970794677734e+00,2.080431938171386719e+00,1.718349337577819824e+00,1.523117065429687500e+00,1.144211173057556152e+00,1.007056355476379395e+00,6.534467339515686035e-01,3.913095891475677490e-01,0.000000000000000000e+00,1.885852217674255371e+00,2.230617046356201172e+00,2.518538951873779297e+00,2.850095272064208984e+00,2.810950994491577148e+00,2.686087608337402344e+00,2.302332878112792969e+00,2.111347913742065430e+00,1.734812855720520020e+00,1.596916437149047852e+00,1.228201866149902344e+00,1.141404747962951660e+00,8.806067705154418945e-01,6.123790144920349121e-01,5.403002500534057617e-01,1.937973499298095703e+00,2.263584136962890625e+00,2.572013616561889648e+00,2.916240215301513672e+00,2.863095283508300781e+00,2.772517681121826172e+00,2.396321296691894531e+00,2.246436834335327148e+00,1.886799693107604980e+00,1.807293534278869629e+00,1.488655924797058105e+00,1.464444875717163086e+00,1.287343502044677734e+00,1.073584914207458496e+00,1.042574882507324219e+00,2.086617946624755859e+00,2.383976221084594727e+00,2.676292896270751953e+00,3.036063432693481445e+00,2.985584497451782227e+00,2.927459001541137695e+00,2.580323696136474609e+00,2.450954198837280273e+00,2.123847007751464844e+00,2.098102807998657227e+00,1.838910937309265137e+00,1.906427264213562012e+00,1.696590662002563477e+00,1.539763569831848145e+00,1.521842122077941895e+00,2.338427782058715820e+00,2.597657203674316406e+00,2.865068912506103516e+00,3.230386495590209961e+00,3.173382520675659180e+00,3.148244619369506836e+00,2.826251268386840820e+00,2.731343746185302734e+00,2.436600446701049805e+00,2.446830511093139648e+00,2.228848934173583984e+00,2.328387737274169922e+00,2.174462080001831055e+00,2.055151939392089844e+00,2.019989490509033203e+00
5.558876991271972656e-01,7.403542399406433105e-01,9.800603389739990234e-01,1.191936612129211426e+00,1.241312623023986816e+00,1.220128417015075684e+00,9.480956196784973145e-01,1.041848301887512207e+00,8.593124151229858398e-01,1.183570146560668945e+00,1.211522459983825684e+00,1.599989771842956543e+00,1.779765605926513672e+00,1.610100030899047852e+00,1.885852217674255371e+00,0.000000000000000000e+00,3.728975653648376465e-01,6.434593200683593750e-01,1.009967803955078125e+00,1.078770995140075684e+00,1.168255209922790527e+00,8.970037698745727539e-01,1.063775777816772461e+00,9.491377472877502441e-01,1.269641399383544922e+00,1.335432171821594238e+00,1.700259804725646973e+00,1.909864783287048340e+00,1.740774273872375488e+00,2.004221200942993164e+00,4.960769414901733398e-01,6.672850847244262695e-01,8.350986838340759277e-01,1.210806012153625488e+00,1.214504599571228027e+00,1.344838023185729980e+00,1.116178631782531738e+00,1.277790665626525879e+00,1.206667304039001465e+00,1.489240646362304688e+00,1.569041132926940918e+00,1.896523475646972656e+00,2.097382545471191406e+00,1.957730889320373535e+00,2.213150978088378906e+00,9.891743659973144531e-01,1.103576183319091797e+00,1.178136706352233887e+00,1.511280417442321777e+00,1.499296784400939941e+00,1.643839716911315918e+00,1.472702741622924805e+00,1.603255867958068848e+00,1.556939840316772461e+00,1.809951186180114746e+00,1.905588030815124512e+00,2.213255405426025391e+00,2.320603847503662109e+00,2.240468263626098633e+00,2.484516143798828125e+00,1.497833132743835449e+00,1.592540979385375977e+00,1.623300313949584961e+00,1.919541120529174805e+00,1.872671365737915039e+00,2.020704030990600586e+00,1.891167044639587402e+00,1.999328494071960449e+00,1.967942953109741211e+00,2.195215225219726562e+00,2.285230398178100586e+00,2.544960021972656250e+00,2.668783187866210938e+00,2.647711277008056641e+00,2.865742444992065430e+00
6.227290034294128418e-01,5.867003798484802246e-01,8.541741967201232910e-01,1.017865180969238281e+00,1.170751929283142090e+00,1.245038151741027832e+00,1.067131996154785156e+00,1.260158181190490723e+00,1.163723349571228027e+00,1.517549872398376465e+00,1.578214526176452637e+00,1.969816088676452637e+00,2.151567935943603516e+00,1.971945524215698242e+00,2.230617046356201172e+00,3.728975653648376465e-01,0.000000000000000000e+00,3.914853036403656006e-01,7.495212554931640625e-01,9.399364590644836426e-01,1.141891956329345703e+00,9.829095005989074707e-01,1.246234893798828125e+00,1.219859123229980469e+00,1.573538303375244141e+00,1.675558328628540039e+00,2.051346778869628906e+00,2.265147209167480469e+00,2.087560653686523438e+00,2.335219860076904297e+00,5.747599601745605469e-01,5.059832334518432617e-01,5.909848809242248535e-01,9.659765958786010742e-01,1.055794358253479004e+00,1.290164828300476074e+00,1.153434753417968750e+00,1.405071377754211426e+00,1.412598252296447754e+00,1.738711237907409668e+00,1.858930110931396484e+00,2.208321094512939453e+00,2.418050765991210938e+00,2.269633293151855469e+00,2.518186569213867188e+00,1.010802507400512695e+00,9.963610768318176270e-01,9.925972223281860352e-01,1.301370263099670410e+00,1.349657535552978516e+00,1.577796936035156250e+00,1.478121876716613770e+00,1.686568617820739746e+00,1.707594513893127441e+00,2.005153656005859375e+00,2.143464803695678711e+00,2.475450038909912109e+00,2.602561235427856445e+00,2.512861967086791992e+00,2.759238958358764648e+00,1.499784469604492188e+00,1.510788083076477051e+00,1.478618383407592773e+00,1.744791269302368164e+00,1.737414479255676270e+00,1.949995160102844238e+00,1.879943609237670898e+00,2.050017356872558594e+00,2.075804233551025391e+00,2.344905853271484375e+00,2.478410720825195312e+00,2.762983798980712891e+00,2.910506725311279297e+00,2.883148670196533203e+00,3.116952896118164062e+00
7.021429538726806641e-01,5.275732278823852539e-01,6.127233505249023438e-01,6.595341563224792480e-01,8.332413434982299805e-01,9.622842669486999512e-01,8.905194997787475586e-01,1.169302821159362793e+00,1.195564270019531250e+00,1.577669382095336914e+00,1.725108623504638672e+00,2.123798847198486328e+00,2.358010292053222656e+00,2.229414939880371094e+00,2.518538951873779297e+00,6.434593200683593750e-01,3.914853036403656006e-01,0.000000000000000000e+00,3.961179256439208984e-01,5.795031189918518066e-01,8.625239133834838867e-01,8.202834129333496094e-01,1.156188130378723145e+00,1.250275254249572754e+00,1.617361545562744141e+00,1.800558924674987793e+00,2.180140495300292969e+00,2.443995237350463867e+00,2.317310571670532227e+00,2.599363088607788086e+00,7.865852713584899902e-01,6.836356520652770996e-01,5.031647086143493652e-01,7.654814124107360840e-01,7.863629460334777832e-01,1.068694710731506348e+00,1.034580469131469727e+00,1.326091051101684570e+00,1.434878468513488770e+00,1.764068007469177246e+00,1.956296682357788086e+00,2.305745840072631836e+00,2.565189123153686523e+00,2.466174840927124023e+00,2.751039028167724609e+00,1.158173322677612305e+00,1.125185489654541016e+00,9.776958823204040527e-01,1.184696197509765625e+00,1.170532107353210449e+00,1.413321495056152344e+00,1.395961642265319824e+00,1.624310255050659180e+00,1.724311947822570801e+00,2.018654584884643555e+00,2.217176198959350586e+00,2.540141105651855469e+00,2.720942258834838867e+00,2.677541494369506836e+00,2.960741281509399414e+00,1.611912846565246582e+00,1.618204116821289062e+00,1.492178678512573242e+00,1.679921746253967285e+00,1.619493007659912109e+00,1.829906105995178223e+00,1.826162934303283691e+00,2.000995397567749023e+00,2.090867996215820312e+00,2.353732824325561523e+00,2.536896705627441406e+00,2.807088375091552734e+00,3.001455545425415039e+00,3.017787694931030273e+00,3.284479379653930664e+00
1.071636438369750977e+00,8.385385870933532715e-01,7.792195677757263184e-01,6.023876667022705078e-01,7.956136465072631836e-01,9.530701637268066406e-01,1.033954143524169922e+00,1.338362216949462891e+00,1.450091600418090820e+00,1.830373764038085938e+00,2.020032405853271484e+00,2.417837858200073242e+00,2.667963504791259766e+00,2.561796188354492188e+00,2.850095272064208984e+00,1.009967803955078125e+00,7.495212554931640625e-01,3.961179256439208984e-01,0.000000000000000000e+00,3.918857574462890625e-01,7.498512268066406250e-01,8.832032084465026855e-01,1.250529885292053223e+00,1.433519124984741211e+00,1.804287910461425781e+00,2.034299612045288086e+00,2.417533636093139648e+00,2.700165748596191406e+00,2.594691276550292969e+00,2.882665157318115234e+00,1.016433835029602051e+00,8.456225395202636719e-01,4.893699586391448975e-01,5.095387101173400879e-01,5.225617885589599609e-01,8.885578513145446777e-01,9.976435899734497070e-01,1.336696624755859375e+00,1.535527348518371582e+00,1.876718997955322266e+00,2.120522737503051758e+00,2.478895664215087891e+00,2.761907577514648438e+00,2.683992862701416016e+00,2.982704401016235352e+00,1.258013010025024414e+00,1.168868780136108398e+00,8.935684561729431152e-01,9.655714035034179688e-01,9.280983209609985352e-01,1.214661121368408203e+00,1.300718903541564941e+00,1.574675440788269043e+00,1.755920767784118652e+00,2.064449787139892578e+00,2.315574884414672852e+00,2.644095897674560547e+00,2.863004207611083984e+00,2.838664054870605469e+00,3.142401695251464844e+00,1.631075978279113770e+00,1.601660251617431641e+00,1.383838891983032227e+00,1.481223106384277344e+00,1.397217154502868652e+00,1.629019856452941895e+00,1.704198956489562988e+00,1.910785198211669922e+00,2.070779800415039062e+00,2.347434520721435547e+00,2.582062721252441406e+00,2.856223583221435547e+00,3.089102983474731445e+00,3.125569343566894531e+00,3.420344829559326172e+00
1.107999920845031738e+00,9.602972269058227539e-01,7.767268419265747070e-01,5.401320457458496094e-01,5.229825973510742188e-01,5.893455147743225098e-01,7.567235231399536133e-01,1.063062429428100586e+00,1.258869767189025879e+00,1.623519062995910645e+00,1.871620059013366699e+00,2.256636142730712891e+00,2.545188426971435547e+00,2.494793415069580078e+00,2.810950994491577148e+00,1.078770995140075684e+00,9.399364590644836426e-01,5.795031189918518066e-01,3.918857574462890625e-01,0.000000000000000000e+00,4.048770964145660400e-01,6.240073442459106445e-01,9.847979545593261719e-01,1.243469715118408203e+00,1.587104082107543945e+00,1.869412541389465332e+00,2.235532045364379883e+00,2.555156469345092773e+00,2.505466222763061523e+00,2.827047348022460938e+00,1.106152772903442383e+00,1.057220816612243652e+00,7.329865097999572754e-01,7.204768657684326172e-01,4.762308299541473389e-01,6.999629139900207520e-01,8.318181037902832031e-01,1.120494604110717773e+00,1.366841077804565430e+00,1.667588829994201660e+00,1.951572656631469727e+00,2.285464525222778320e+00,2.604897499084472656e+00,2.581770181655883789e+00,2.912780284881591797e+00,1.349578857421875000e+00,1.356158733367919922e+00,1.091250658035278320e+00,1.132082462310791016e+00,9.498308300971984863e-01,1.119646310806274414e+00,1.208101034164428711e+00,1.416365861892700195e+00,1.617870807647705078e+00,1.879327535629272461e+00,2.154181480407714844e+00,2.449082374572753906e+00,2.703025579452514648e+00,2.730798959732055664e+00,3.062724113464355469e+00,1.715039372444152832e+00,1.760850667953491211e+00,1.547199368476867676e+00,1.622413158416748047e+00,1.443775534629821777e+00,1.585747122764587402e+00,1.656247138977050781e+00,1.798447489738464355e+00,1.965562462806701660e+00,2.194161415100097656e+00,2.438025712966918945e+00,2.673696279525756836e+00,2.930917501449584961e+00,3.014278650283813477e+00,3.324230194091796875e+00
1.285810351371765137e+00,1.245736718177795410e+00,1.069716215133666992e+00,8.818486928939819336e-01,6.913439631462097168e-01,4.838908314704895020e-01,6.715388298034667969e-01,8.646364212036132812e-01,1.108598470687866211e+00,1.428385376930236816e+00,1.706875443458557129e+00,2.070682048797607422e+00,2.370760917663574219e+00,2.366662740707397461e+00,2.686087608337402344e+00,1.168255209922790527e+00,1.141891956329345703e+00,8.625239133834838867e-01,7.498512268066406250e-01,4.048770964145660400e-01,0.000000000000000000e+00,3.856768906116485596e-01,6.753721237182617188e-01,1.000469684600830078e+00,1.309879064559936523e+00,1.630038499832153320e+00,1.979753613471984863e+00,2.316617488861083984e+00,2.310828447341918945e+00,2.648525238037109375e+00,1.121000885963439941e+00,1.176584839820861816e+00,9.142689108848571777e-01,8.946037888526916504e-01,5.312368273735046387e-01,4.666847288608551025e-01,5.664060711860656738e-01,7.797933816909790039e-01,1.073780298233032227e+00,1.339213490486145020e+00,1.658868670463562012e+00,1.976706743240356445e+00,2.318501234054565430e+00,2.338006734848022461e+00,2.690570354461669922e+00,1.296809911727905273e+00,1.394889235496520996e+00,1.166512966156005859e+00,1.200405478477478027e+00,9.109187126159667969e-01,9.251694083213806152e-01,9.744762778282165527e-01,1.103274703025817871e+00,1.317033290863037109e+00,1.537642836570739746e+00,1.834072113037109375e+00,2.105822563171386719e+00,2.388018131256103516e+00,2.454829216003417969e+00,2.808518648147583008e+00,1.617648243904113770e+00,1.740086436271667480e+00,1.551581144332885742e+00,1.624293446540832520e+00,1.369664549827575684e+00,1.408201813697814941e+00,1.443570494651794434e+00,1.515921354293823242e+00,1.677637100219726562e+00,1.863630652427673340e+00,2.113859653472900391e+00,2.322178840637207031e+00,2.598364353179931641e+00,2.716126918792724609e+00,3.040102481842041016e+00
