,A1,A2,A3,A4,A5,A6,A7,A8,A9,A10,A11,A12,A13,A14,A15,B1,B2,B3,B4,B5,B6,B7,B8,B9,B10,B11,B12,B13,B14,B15,C1,C2,C3,C4,C5,C6,C7,C8,C9,C10,C11,C12,C13,C14,C15,D1,D2,D3,D4,D5,D6,D7,D8,D9,D10,D11,D12,D13,D14,D15,E1,E2,E3,E4,E5,E6,E7,E8,E9,E10,E11,E12,E13,E14,E15
A1,0.0,0.38523489236831665,0.6160088777542114,0.9610722064971924,1.0300648212432861,1.135331392288208,0.8708266615867615,1.0744385719299316,0.9870001673698425,1.308465838432312,1.4110780954360962,1.7708319425582886,2.027146100997925,1.9016361236572266,2.2231390476226807,0.5946939587593079,0.633318305015564,0.688467264175415,1.0487892627716064,1.0884108543395996,1.2834835052490234,1.1007165908813477,1.3080189228057861,1.2878646850585938,1.559599757194519,1.6788089275360107,1.9938124418258667,2.252920627593994,2.1449317932128906,2.4390029907226562,1.0690224170684814,1.1243544816970825,1.1314337253570557,1.4464620351791382,1.4027390480041504,1.597723364830017,1.4732190370559692,1.6398001909255981,1.6432058811187744,1.8770928382873535,1.9962358474731445,2.270496129989624,2.5196642875671387,2.4345319271087646,2.714756727218628,1.5609174966812134,1.6115012168884277,1.5870051383972168,1.85735023021698,1.8043068647384644,1.9845843315124512,1.8959380388259888,2.026442050933838,2.032836675643921,2.243154525756836,2.3510630130767822,2.5868027210235596,2.8037912845611572,2.778059244155884,3.034301280975342,2.047886371612549,2.1072990894317627,2.0718157291412354,2.3176164627075195,2.2634987831115723,2.4243528842926025,2.3522636890411377,2.4538369178771973,2.4658079147338867,2.6658825874328613,2.7638368606567383,2.9747347831726074,3.1931262016296387,3.4020519256591797,3.6343493461608887
A2,0.38523489236831665,0.0,0.39129409193992615,0.7114946246147156,0.9154495000839233,1.1343179941177368,0.9875664114952087,1.281052589416504,1.2746844291687012,1.6280555725097656,1.761594533920288,2.1335842609405518,2.3939805030822754,2.262603282928467,2.5725042819976807,0.7869165539741516,0.6186214685440063,0.5302974581718445,0.8163803219795227,0.9406458139419556,1.2402191162109375,1.168352723121643,1.4559240341186523,1.5101172924041748,1.8231449127197266,1.9801889657974243,2.3174736499786377,2.586697578430176,2.4722819328308105,2.7608895301818848,1.1665738821029663,1.1012392044067383,1.0107433795928955,1.2663370370864868,1.264218807220459,1.5390106439590454,1.50147545337677,1.737657904624939,1.8092767000198364,2.0853865146636963,2.2464101314544678,2.5483038425445557,2.813420057296753,2.722673177719116,3.0057373046875,1.6186857223510742,1.5884747505187988,1.4899688959121704,1.707636833190918,1.6819186210632324,1.9220266342163086,1.9021915197372437,2.0912442207336426,2.157947301864624,2.4066178798675537,2.5578372478485107,2.8211913108825684,3.059201955795288,3.028445243835449,3.2955729961395264,2.084017515182495,2.085238218307495,1.9896585941314697,2.189770221710205,2.155266284942627,2.3614587783813477,2.346376895904541,2.495016098022461,2.559166193008423,2.7927942276000977,2.9323158264160156,3.167285680770874,3.4070417881011963,3.6427364349365234,3.884333610534668
A3,0.6160088777542114,0.39129409193992615,0.0,0.39086467027664185,0.5726076364517212,0.86934894323349,0.8233568668365479,1.17445969581604,1.2809580564498901,1.6355549097061157,1.8460614681243896,2.212212562561035,2.518455743789673,2.441882848739624,2.7789864540100098,1.022309422492981,0.8868007063865662,0.6302751898765564,0.7723173499107361,0.7642648816108704,1.0684857368469238,1.0799307823181152,1.378645896911621,1.5209577083587646,1.8216831684112549,2.0433859825134277,2.371769666671753,2.6837475299835205,2.622086763381958,2.9418935775756836,1.354784607887268,1.308983325958252,1.1189854145050049,1.2835891246795654,1.1840612888336182,1.4364354610443115,1.4618091583251953,1.6871445178985596,1.8228771686553955,2.0799295902252197,2.2927560806274414,2.581298828125,2.886296033859253,2.8455750942230225,3.16044282913208,1.7748892307281494,1.76423978805542,1.5967180728912354,1.7480003833770752,1.648558497428894,1.8597593307495117,1.887691855430603,2.060913324356079,2.175220251083374,2.402325391769409,2.5939269065856934,2.838550329208374,3.1143667697906494,3.1311028003692627,3.42815899848938,2.2175939083099365,2.240598201751709,2.093410015106201,2.240280866622925,2.147372007369995,2.324239730834961,2.3486106395721436,2.4780073165893555,2.581435441970825,2.793168783187866,2.9644100666046143,3.1776340007781982,3.4504804611206055,3.6857590675354004,3.955515146255493
A4,0.9610722064971924,0.7114946246147156,0.39086467027664185,0.0,0.3848937451839447,0.7475378513336182,0.872769296169281,1.2485438585281372,1.4356679916381836,1.7991422414779663,2.0496702194213867,2.423135280609131,2.7433183193206787,2.6875076293945312,3.0231072902679443,1.2282350063323975,1.0485395193099976,0.6847816109657288,0.6075453758239746,0.5344977974891663,0.8794909715652466,1.0288535356521606,1.362671136856079,1.5860486030578613,1.9027807712554932,2.1718873977661133,2.512974262237549,2.8445231914520264,2.8011419773101807,3.12880539894104,1.4412575960159302,1.3562836647033691,1.0673372745513916,1.1095454692840576,0.9629968404769897,1.2294225692749023,1.3513717651367188,1.607365369796753,1.8177821636199951,2.0905191898345947,2.353179931640625,2.655872344970703,2.9856228828430176,2.9633772373199463,3.2940239906311035,1.7834895849227905,1.748087763786316,1.5031744241714478,1.5700645446777344,1.4325956106185913,1.6473448276519775,1.745810627937317,1.9427112340927124,2.1209876537323,2.3601179122924805,2.600344181060791,2.8561902046203613,3.1618547439575195,3.196474075317383,3.515695333480835,2.175719738006592,2.185295820236206,1.9762382507324219,2.0578343868255615,1.9337584972381592,2.1091928482055664,2.1896450519561768,2.334102153778076,2.4918031692504883,2.7115185260772705,2.9269514083862305,3.1461331844329834,3.447756052017212,3.704141855239868,3.9924228191375732
A5,1.0300648212432861,0.9154495000839233,0.5726076364517212,0.3848937451839447,0.0,0.39997977018356323,0.6056046485900879,0.9679591655731201,1.2277621030807495,1.5627803802490234,1.8606137037277222,2.215040445327759,2.5624709129333496,2.5570268630981445,2.910512685775757,1.2601574659347534,1.1853435039520264,0.8438308835029602,0.8047704696655273,0.5255110859870911,0.6964402794837952,0.83750319480896,1.1164060831069946,1.3821704387664795,1.6591153144836426,1.9641084671020508,2.2821598052978516,2.6392555236816406,2.644376516342163,2.994870185852051,1.4627749919891357,1.4669384956359863,1.19731867313385,1.243999719619751,0.985640823841095,1.1280555725097656,1.2245910167694092,1.4101190567016602,1.6331855058670044,1.859150767326355,2.142711639404297,2.416452169418335,2.768415927886963,2.79209566116333,3.1444144248962402,1.7945491075515747,1.8333150148391724,1.6041173934936523,1.675024151802063,1.4564286470413208,1.5791877508163452,1.652849555015564,1.7840756177902222,1.9589306116104126,2.1505119800567627,2.3978123664855957,2.6195590496063232,2.9435019493103027,3.0210726261138916,3.3572230339050293,2.1779274940490723,2.2505176067352295,2.055899143218994,2.1407463550567627,1.953582525253296,2.057490825653076,2.1168065071105957,2.2030835151672363,2.352540969848633,2.5271575450897217,2.740366220474243,2.92425537109375,3.2390120029449463,3.4782614707946777,3.783090591430664
A6,1.135331392288208,1.1343179941177368,0.86934894323349,0.7475378513336182,0.39997977018356323,0.0,0.3819437623023987,0.6619462966918945,0.9822818636894226,1.2875044345855713,1.6151103973388672,1.9564697742462158,2.3126869201660156,2.344836950302124,2.6990692615509033,1.223998785018921,1.243506669998169,0.9560874104499817,0.95096755027771,0.583472728729248,0.48536333441734314,0.5649001002311707,0.7668552398681641,1.074414610862732,1.3218716382980347,1.657535433769226,1.9644765853881836,2.335423469543457,2.374500036239624,2.736478090286255,1.359418272972107,1.4474538564682007,1.2166062593460083,1.276303768157959,0.9478256106376648,0.9428055286407471,0.9781224727630615,1.0839526653289795,1.3123127222061157,1.501767873764038,1.8043442964553833,2.0630319118499756,2.4297585487365723,2.4851205348968506,2.85208797454834,1.6487423181533813,1.7602852582931519,1.56270432472229,1.649593710899353,1.3722803592681885,1.3970582485198975,1.4211318492889404,1.4843939542770386,1.6456841230392456,1.7985374927520752,2.0505659580230713,2.251819372177124,2.5883607864379883,2.6945109367370605,3.0436229705810547,2.007643222808838,2.1419334411621094,1.975195050239563,2.075986623764038,1.8413289785385132,1.8743191957473755,1.8933271169662476,1.9232656955718994,2.053532361984253,2.190920114517212,2.398291826248169,2.5588150024414062,2.8807828426361084,3.1115341186523438,3.4263744354248047
A7,0.8708266615867615,0.9875664114952087,0.8233568668365479,0.872769296169281,0.6056046485900879,0.3819437623023987,0.0,0.37653419375419617,0.6304140090942383,0.9606150984764099,1.2659639120101929,1.6181641817092896,1.9679484367370605,1.985305666923523,2.3449230194091797,0.9435334801673889,1.0553070306777954,0.87185138463974,1.0197986364364624,0.7409225702285767,0.6676779985427856,0.4952388405799866,0.6357716917991638,0.8305276036262512,1.0761983394622803,1.3704733848571777,1.679565668106079,2.037731170654297,2.059178352355957,2.4203662872314453,1.15719473361969,1.3124334812164307,1.178910732269287,1.3516132831573486,1.0825319290161133,1.0836573839187622,0.9842236638069153,1.0490787029266357,1.1698832511901855,1.3464773893356323,1.592496395111084,1.8454885482788086,2.1895253658294678,2.2241344451904297,2.5808794498443604,1.5154320001602173,1.6683783531188965,1.5520672798156738,1.7256470918655396,1.4937353134155273,1.5230516195297241,1.4567546844482422,1.493028163909912,1.5683555603027344,1.7105112075805664,1.9034348726272583,2.0985307693481445,2.4024646282196045,2.487014055252075,2.816587209701538,1.9239567518234253,2.081745147705078,1.9824261665344238,2.1535065174102783,1.9548193216323853,1.9931014776229858,1.9426984786987305,1.9572198390960693,2.0183069705963135,2.1492018699645996,2.3029487133026123,2.461453437805176,2.749739170074463,2.961162567138672,3.2557592391967773
A8,1.0744385719299316,1.281052589416504,1.17445969581604,1.2485438585281372,0.9679591655731201,0.6619462966918945,0.37653419375419617,0.0,0.3773168921470642,0.62693852186203,0.9705435037612915,1.2970612049102783,1.65937340259552,1.723636507987976,2.0878677368164062,1.0300629138946533,1.2456926107406616,1.1514027118682861,1.3279987573623657,1.0527840852737427,0.864594578742981,0.5811761021614075,0.47181975841522217,0.584887683391571,0.7366001605987549,1.0457878112792969,1.3270195722579956,1.6999931335449219,1.7629817724227905,2.138247489929199,1.1968799829483032,1.4410829544067383,1.3820687532424927,1.5778307914733887,1.302788257598877,1.2027939558029175,1.007848858833313,0.9388898611068726,0.9752256274223328,1.0648916959762573,1.2886308431625366,1.5030845403671265,1.8529682159423828,1.9223802089691162,2.289949655532837,1.5169976949691772,1.7448383569717407,1.6909431219100952,1.8919011354446411,1.6439281702041626,1.594692349433899,1.4542298316955566,1.3997859954833984,1.4053531885147095,1.4785875082015991,1.633132815361023,1.7863614559173584,2.084751844406128,2.1971776485443115,2.528742551803589,1.9020215272903442,2.1201844215393066,2.073557138442993,2.272709369659424,2.0552258491516113,2.033484935760498,1.9236050844192505,1.8722875118255615,1.8768423795700073,1.9533896446228027,2.066272497177124,2.187345504760742,2.463059902191162,2.647714376449585,2.9432005882263184
A9,0.9870001673698425,1.2746844291687012,1.2809580564498901,1.4356679916381836,1.2277621030807495,0.9822818636894226,0.6304140090942383,0.3773168921470642,0.0,0.38443922996520996,0.6391215324401855,1.0073636770248413,1.3415530920028687,1.3656165599822998,1.7286200523376465,0.8420833945274353,1.1459025144577026,1.17572021484375,1.4363681077957153,1.2467633485794067,1.1051429510116577,0.7470222115516663,0.6162845492362976,0.46899157762527466,0.6024101972579956,0.7937501072883606,1.094780683517456,1.4310415983200073,1.4470634460449219,1.8136117458343506,1.0402952432632446,1.3397377729415894,1.3853029012680054,1.655121922492981,1.4503183364868164,1.3758738040924072,1.1030950546264648,1.0249875783920288,0.9247573018074036,1.0077552795410156,1.1277440786361694,1.3460721969604492,1.6471748352050781,1.6677521467208862,2.0135445594787598,1.3937400579452515,1.6499642133712769,1.6805870532989502,1.9465349912643433,1.7554765939712524,1.7248831987380981,1.51937735080719,1.4610090255737305,1.3776880502700806,1.4534530639648438,1.5291379690170288,1.6884523630142212,1.9325644969940186,1.9982588291168213,2.298856258392334,1.8053351640701294,2.033939838409424,2.0553107261657715,2.311892032623291,2.140674114227295,2.135516881942749,1.9703088998794556,1.9214187860488892,1.8590843677520752,1.9421600103378296,1.9956579208374023,2.127699851989746,2.355410575866699,2.5261881351470947,2.789185047149658
A10,1.308465838432312,1.6280555725097656,1.6355549097061157,1.7991422414779663,1.5627803802490234,1.2875044345855713,0.9606150984764099,0.62693852186203,0.38443922996520996,0.0,0.3836464583873749,0.6702635288238525,1.0403902530670166,1.1513782739639282,1.5254909992218018,1.1628543138504028,1.4981038570404053,1.5574443340301514,1.8178461790084839,1.6131755113601685,1.428529977798462,1.0746454000473022,0.839087188243866,0.6197824478149414,0.4884978234767914,0.5904181003570557,0.7844194769859314,1.1376755237579346,1.227575659751892,1.6102977991104126,1.3295143842697144,1.6628308296203613,1.7435367107391357,2.011600971221924,1.7977064847946167,1.6719497442245483,1.3737578392028809,1.2041075229644775,1.027910828590393,0.9684692025184631,1.0025205612182617,1.1174747943878174,1.4030479192733765,1.4775521755218506,1.8250799179077148,1.6304333209991455,1.9283435344696045,1.9982000589370728,2.269070863723755,2.0669493675231934,1.9849193096160889,1.7432594299316406,1.6106077432632446,1.4627054929733276,1.4440851211547852,1.4479008913040161,1.5253719091415405,1.7397589683532715,1.8431650400161743,2.130753755569458,2.0007574558258057,2.270205020904541,2.330940008163452,2.598188877105713,2.413801431655884,2.362335205078125,2.1595242023468018,2.0516092777252197,1.935577392578125,1.9496638774871826,1.9442626237869263,2.0157980918884277,2.213085889816284,2.3330349922180176,2.5890395641326904
A11,1.4110780954360962,1.761594533920288,1.8460614681243896,2.0496702194213867,1.8606137037277222,1.6151103973388672,1.2659639120101929,0.9705435037612915,0.6391215324401855,0.3836464583873749,0.0,0.399723619222641,0.7029117345809937,0.7689048647880554,1.1453419923782349,1.1913501024246216,1.5603231191635132,1.7077723741531372,2.008530378341675,1.8631848096847534,1.707019329071045,1.3302721977233887,1.1132080554962158,0.7962278723716736,0.6478386521339417,0.48820847272872925,0.6298836469650269,0.8842402100563049,0.9090099334716797,1.2764673233032227,1.3432128429412842,1.697022795677185,1.8583362102508545,2.1667842864990234,2.008413076400757,1.9011523723602295,1.5662978887557983,1.4031360149383545,1.141661524772644,1.0723598003387451,0.9686640501022339,1.0550309419631958,1.2428796291351318,1.252301812171936,1.5578049421310425,1.6291059255599976,1.939329981803894,2.0814123153686523,2.3933398723602295,2.240095376968384,2.1717886924743652,1.8890291452407837,1.7579892873764038,1.5414912700653076,1.520564079284668,1.4350156784057617,1.5059412717819214,1.6377842426300049,1.6818938255310059,1.919227123260498,1.9917097091674805,2.2643535137176514,2.3875820636749268,2.6960461139678955,2.553415060043335,2.51405930519104,2.2694814205169678,2.165029525756836,1.9907907247543335,2.0064761638641357,1.9371401071548462,2.0134615898132324,2.1473076343536377,2.244387149810791,2.4551563262939453
A12,1.7708319425582886,2.1335842609405518,2.212212562561035,2.423135280609131,2.215040445327759,1.9564697742462158,1.6181641817092896,1.2970612049102783,1.0073636770248413,0.6702635288238525,0.399723619222641,0.0,0.40052998065948486,0.6458554267883301,1.000482439994812,1.5794621706008911,1.9515258073806763,2.105457305908203,2.4057304859161377,2.2471604347229004,2.070591688156128,1.7001720666885376,1.44610595703125,1.13858163356781,0.889421820640564,0.6513364911079407,0.5207340121269226,0.6825105547904968,0.8114129900932312,1.155652403831482,1.7209168672561646,2.0802268981933594,2.2538654804229736,2.5589070320129395,2.392263174057007,2.2588160037994385,1.9191328287124634,1.7126047611236572,1.4289882183074951,1.2697864770889282,1.0885894298553467,1.0292608737945557,1.136211633682251,1.2002793550491333,1.4681395292282104,1.9698591232299805,2.2954235076904297,2.457395315170288,2.768605947494507,2.6083028316497803,2.510103225708008,2.2122769355773926,2.037522554397583,1.7868260145187378,1.6933228969573975,1.5409237146377563,1.5174282789230347,1.585463285446167,1.6589361429214478,1.8540388345718384,2.2935469150543213,2.5868265628814697,2.735352039337158,3.047468423843384,2.8974931240081787,2.827852249145508,2.562023401260376,2.4174797534942627,2.206277370452881,2.1634809970855713,2.0375683307647705,2.0494165420532227,2.1340301036834717,2.1635193824768066,2.3492043018341064
A13,2.027146100997925,2.3939805030822754,2.518455743789673,2.7433183193206787,2.5624709129333496,2.3126869201660156,1.9679484367370605,1.65937340259552,1.3415530920028687,1.0403902530670166,0.7029117345809937,0.40052998065948486,0.0,0.3819938004016876,0.6486109495162964,1.7802009582519531,2.154473304748535,2.3598508834838867,2.6743266582489014,2.552581787109375,2.3846395015716553,2.004970073699951,1.7574236392974854,1.4143825769424438,1.1766140460968018,0.8460310101509094,0.6464097499847412,0.5399408340454102,0.5885222554206848,0.8466864228248596,1.880441665649414,2.240065097808838,2.465726137161255,2.787083387374878,2.6586339473724365,2.5287013053894043,2.1687815189361572,1.9634675979614258,1.636478066444397,1.4724096059799194,1.2024791240692139,1.1004400253295898,1.0601664781570435,1.0538142919540405,1.2298367023468018,2.0840792655944824,2.4122555255889893,2.6272974014282227,2.959233522415161,2.834162712097168,2.7372372150421143,2.4118077754974365,2.2340235710144043,1.937791347503662,1.8360027074813843,1.6108481884002686,1.5680586099624634,1.5347615480422974,1.5456324815750122,1.6622745990753174,2.3709051609039307,2.6650164127349854,2.8648722171783447,3.2019174098968506,3.083218812942505,3.014664888381958,2.7165122032165527,2.5695033073425293,2.3117079734802246,2.2610738277435303,2.075697898864746,2.0808472633361816,2.0911614894866943,2.0849905014038086,2.210523843765259
A14,1.9016361236572266,2.262603282928467,2.441882848739624,2.6875076293945312,2.5570268630981445,2.344836950302124,1.985305666923523,1.723636507987976,1.3656165599822998,1.1513782739639282,0.7689048647880554,0.6458554267883301,0.3819938004016876,0.0,0.39273208379745483,1.6144907474517822,1.9790701866149902,2.2354319095611572,2.5707082748413086,2.5045716762542725,2.3813493251800537,1.9968295097351074,1.8017390966415405,1.4360060691833496,1.2870885133743286,0.9407278299331665,0.880073070526123,0.7480506300926208,0.5618207454681396,0.7424009442329407,1.7118006944656372,2.0528223514556885,2.321805953979492,2.6675305366516113,2.5909059047698975,2.5048532485961914,2.140533447265625,1.9873361587524414,1.650073766708374,1.5635310411453247,1.288477897644043,1.2814974784851074,1.217494010925293,1.0813878774642944,1.2022713422775269,1.922589898109436,2.2249984741210938,2.4752373695373535,2.8314249515533447,2.7552566528320312,2.701512336730957,2.372443675994873,2.2427845001220703,1.9426625967025757,1.906388521194458,1.6828813552856445,1.714909315109253,1.663909912109375,1.583574652671814,1.66665780544281,2.223229169845581,2.485462188720703,2.711782932281494,3.072190284729004,2.9987924098968506,2.9718241691589355,2.669945240020752,2.567690372467041,2.3068995475769043,2.3117575645446777,2.130697727203369,2.1958866119384766,2.192363739013672,2.2240493297576904,2.321465253829956
A15,2.2231390476226807,2.5725042819976807,2.7789864540100098,3.0231072902679443,2.910512685775757,2.6990692615509033,2.3449230194091797,2.0878677368164062,1.7286200523376465,1.5254909992218018,1.1453419923782349,1.000482439994812,0.6486109495162964,0.39273208379745483,0.0,1.8924304246902466,2.24048113822937,2.526505947113037,2.859205961227417,2.819859504699707,2.6968891620635986,2.314175844192505,2.120469331741333,1.7447365522384644,1.5980470180511475,1.2258039712905884,1.13144052028656,0.8693732023239136,0.602232813835144,0.5415147542953491,1.9338113069534302,2.2607522010803223,2.564439535140991,2.9106221199035645,2.865363121032715,2.776494026184082,2.4034621715545654,2.249638795852661,1.891056776046753,1.7996630668640137,1.4779385328292847,1.4442589282989502,1.2722142934799194,1.0644760131835938,1.04948091506958,2.080946683883667,2.3760688304901123,2.667498826980591,3.030787706375122,2.9850716590881348,2.927814245223999,2.5812275409698486,2.4488418102264404,2.1197609901428223,2.0764710903167725,1.8038157224655151,1.8229186534881592,1.6879916191101074,1.540748119354248,1.5307315587997437,2.326216220855713,2.5828826427459717,2.853257656097412,3.2275733947753906,3.182483434677124,3.153067111968994,2.827043294906616,2.7230823040008545,2.427199602127075,2.425163507461548,2.197845220565796,2.2591452598571777,2.1879658699035645,2.1924893856048584,2.2258400917053223
B1,0.5946939587593079,0.7869165539741516,1.022309422492981,1.2282350063323975,1.2601574659347534,1.223998785018921,0.9435334801673889,1.0300629138946533,0.8420833945274353,1.1628543138504028,1.1913501024246216,1.5794621706008911,1.7802009582519531,1.6144907474517822,1.8924304246902466,0.0,0.37519314885139465,0.6455676555633545,1.0110539197921753,1.0798203945159912,1.1688638925552368,0.8991100192070007,1.0627413988113403,0.9456705451011658,1.2591968774795532,1.3276095390319824,1.687481164932251,1.9069563150405884,1.7459704875946045,2.0155222415924072,0.5007312297821045,0.6624807119369507,0.823753833770752,1.2022101879119873,1.2032654285430908,1.3358067274093628,1.1158087253570557,1.274295449256897,1.207818627357483,1.4830126762390137,1.5674728155136108,1.8874602317810059,2.1065869331359863,1.970374584197998,2.2361814975738525,0.9997127652168274,1.1027798652648926,1.175405740737915,1.5126969814300537,1.489181399345398,1.636715054512024,1.4708255529403687,1.5985183715820312,1.553600549697876,1.79543137550354,1.8791329860687256,2.156367778778076,2.3487863540649414,2.2758877277374268,2.524015188217163,1.491235613822937,1.5804165601730347,1.6120576858520508,1.9145126342773438,1.8808012008666992,2.0250661373138428,1.890951156616211,1.9931658506393433,1.9621827602386475,2.184654712677002,2.263035297393799,2.507291078567505,2.7036385536193848,2.9347994327545166,3.1489198207855225
B2,0.633318305015564,0.6186214685440063,0.8868007063865662,1.0485395193099976,1.1853435039520264,1.243506669998169,1.0553070306777954,1.2456926107406616,1.1459025144577026,1.4981038570404053,1.5603231191635132,1.9515258073806763,2.154473304748535,1.9790701866149902,2.24048113822937,0.37519314885139465,0.0,0.39195168018341064,0.7450150847434998,0.9361023306846619,1.136257290840149,0.979701578617096,1.2424542903900146,1.2149837017059326,1.564041018486023,1.669737458229065,2.041348934173584,2.2654168605804443,2.0960283279418945,2.350281000137329,0.5876070857048035,0.5073947906494141,0.5815736651420593,0.9550489187240601,1.038348913192749,1.2752174139022827,1.1496180295944214,1.4001771211624146,1.4136911630630493,1.7340002059936523,1.8598634004592896,2.2025554180145264,2.4316201210021973,2.286275863647461,2.5451295375823975,1.029384732246399,1.0031391382217407,0.9962952136993408,1.3044711351394653,1.3358482122421265,1.5673671960830688,1.4756437540054321,1.6819006204605103,1.7055515050888062,1.9937338829040527,2.1215603351593018,2.427003860473633,2.6355175971984863,2.551903009414673,2.8033206462860107,1.5005251169204712,1.5047177076339722,1.4722195863723755,1.7408839464187622,1.7460179328918457,1.9546116590499878,1.8804885149002075,2.0457446575164795,2.0718817710876465,2.337284564971924,2.4587836265563965,2.7310757637023926,2.9448885917663574,3.2027430534362793,3.4210400581359863
B3,0.688467264175415,0.5302974581718445,0.6302751898765564,0.6847816109657288,0.8438308835029602,0.9560874104499817,0.87185138463974,1.1514027118682861,1.17572021484375,1.5574443340301514,1.7077723741531372,2.105457305908203,2.3598508834838867,2.2354319095611572,2.526505947113037,0.6455676555633545,0.39195168018341064,0.0,0.3930962085723877,0.5735293626785278,0.8544397950172424,0.8139488101005554,1.1495407819747925,1.2430200576782227,1.6065375804901123,1.7943233251571655,2.16929030418396,2.4428906440734863,2.3246681690216064,2.611604928970337,0.8005484342575073,0.6905796527862549,0.5034710764884949,0.7640307545661926,0.768182635307312,1.054213285446167,1.0313812494277954,1.3208959102630615,1.4352093935012817,1.7602592706680298,1.958128571510315,2.300588607788086,2.577755928039551,2.48140549659729,2.7749581336975098,1.177046537399292,1.135100245475769,0.9864330291748047,1.1974188089370728,1.1591665744781494,1.4053705930709839,1.3952313661575317,1.620427131652832,1.7233622074127197,2.0101234912872314,2.198761224746704,2.498319387435913,2.754161834716797,2.717062473297119,3.0033977031707764,1.6119245290756226,1.6140989065170288,1.4868003129959106,1.6776591539382935,1.6278873682022095,1.834648847579956,1.8269994258880615,1.997516393661499,2.0887975692749023,2.3492300510406494,2.5213918685913086,2.7833197116851807,3.0396804809570312,3.308054208755493,3.5581820011138916
B4,1.0487892627716064,0.8163803219795227,0.7723173499107361,0.6075453758239746,0.8047704696655273,0.95096755027771,1.0197986364364624,1.3279987573623657,1.4363681077957153,1.8178461790084839,2.008530378341675,2.4057304859161377,2.6743266582489014,2.5707082748413086,2.859205961227417,1.0110539197921753,0.7450150847434998,0.3930962085723877,0.0,0.39394259452819824,0.7478892803192139,0.8822251558303833,1.2509626150131226,1.4318166971206665,1.8014233112335205,2.0347042083740234,2.4146647453308105,2.7055976390838623,2.606571674346924,2.8971776962280273,1.0309182405471802,0.8527379035949707,0.4989756941795349,0.5195868015289307,0.5121526122093201,0.882506251335144,1.0022042989730835,1.3405479192733765,1.5429764986038208,1.8824946880340576,2.1308300495147705,2.483550786972046,2.783018112182617,2.705078601837158,3.009896755218506,1.2790933847427368,1.1806221008300781,0.9071189761161804,0.9874874949455261,0.9240957498550415,1.2155247926712036,1.3088483810424805,1.5805416107177734,1.7640330791473389,2.068215847015381,2.3099405765533447,2.6211323738098145,2.905764579772949,2.8850347995758057,3.1904988288879395,1.635474681854248,1.6008684635162354,1.3815131187438965,1.48195481300354,1.4099539518356323,1.640873908996582,1.7123403549194336,1.9172059297561646,2.0781421661376953,2.354752540588379,2.5781126022338867,2.8492860794067383,3.1347858905792236,3.42600679397583,3.693140983581543
B5,1.0884108543395996,0.9406458139419556,0.7642648816108704,0.5344977974891663,0.5255110859870911,0.583472728729248,0.7409225702285767,1.0527840852737427,1.2467633485794067,1.6131755113601685,1.8631848096847534,2.2471604347229004,2.552581787109375,2.5045716762542725,2.819859504699707,1.0798203945159912,0.9361023306846619,0.5735293626785278,0.39394259452819824,0.0,0.40394917130470276,0.6225676536560059,0.984281063079834,1.2415038347244263,1.5845383405685425,1.8707771301269531,2.2332491874694824,2.5603342056274414,2.517136812210083,2.8395204544067383,1.1168357133865356,1.060377836227417,0.7348698377609253,0.7296243906021118,0.4687320291996002,0.6979122161865234,0.8379144072532654,1.1242636442184448,1.3735512495040894,1.6742167472839355,1.962559461593628,2.29060697555542,2.6241090297698975,2.600865602493286,2.936699390411377,1.3633430004119873,1.3609931468963623,1.0948560237884521,1.1505790948867798,0.9463688135147095,1.1220370531082153,1.2149299383163452,1.4208853244781494,1.6252084970474243,1.8836640119552612,2.14965558052063,2.4281911849975586,2.743579387664795,2.776012420654297,3.107576847076416,1.710445761680603,1.7532716989517212,1.5361080169677734,1.6175408363342285,1.449174165725708,1.5920006036758423,1.6600161790847778,1.8010002374649048,1.9716216325759888,2.201223373413086,2.436211109161377,2.6706955432891846,2.9813072681427,3.2585737705230713,3.5507030487060547
B6,1.2834835052490234,1.2402191162109375,1.0684857368469238,0.8794909715652466,0.6964402794837952,0.48536333441734314,0.6676779985427856,0.864594578742981,1.1051429510116577,1.428529977798462,1.707019329071045,2.070591688156128,2.3846395015716553,2.3813493251800537,2.6968891620635986,1.1688638925552368,1.136257290840149,0.8544397950172424,0.7478892803192139,0.40394917130470276,0.0,0.3845992684364319,0.6779230237007141,1.0009284019470215,1.3130192756652832,1.636307954788208,1.9844297170639038,2.3266913890838623,2.325105905532837,2.6603384017944336,1.1223883628845215,1.1692277193069458,0.9023573994636536,0.8889915943145752,0.5208133459091187,0.4605760872364044,0.567830502986908,0.7819180488586426,1.078972578048706,1.3483675718307495,1.6722793579101562,1.986367106437683,2.3399462699890137,2.3567612171173096,2.711559534072876,1.294980525970459,1.3833599090576172,1.1493970155715942,1.2002284526824951,0.8967459797859192,0.9184836745262146,0.9713406562805176,1.1013485193252563,1.3202215433120728,1.5416473150253296,1.831246018409729,2.09081768989563,2.428248643875122,2.49812912940979,2.84961199760437,1.5958603620529175,1.7158169746398926,1.5208550691604614,1.602225661277771,1.3569210767745972,1.3990627527236938,1.4341872930526733,1.5079728364944458,1.676938772201538,1.866735577583313,2.111314058303833,2.321533203125,2.6497790813446045,2.922727108001709,3.2314136028289795
B7,1.1007165908813477,1.168352723121643,1.0799307823181152,1.0288535356521606,0.83750319480896,0.5649001002311707,0.4952388405799866,0.5811761021614075,0.7470222115516663,1.0746454000473022,1.3302721977233887,1.7001720666885376,2.004970073699951,1.9968295097351074,2.314175844192505,0.8991100192070007,0.979701578617096,0.8139488101005554,0.8822251558303833,0.6225676536560059,0.3845992684364319,0.0,0.37085258960723877,0.6337658166885376,0.9685432314872742,1.2702425718307495,1.627726435661316,1.9625217914581299,1.9518811702728271,2.2911105155944824,0.8760692477226257,1.0334964990615845,0.8910446763038635,1.0251137018203735,0.7394722104072571,0.6486684083938599,0.48921841382980347,0.6125712990760803,0.8003949522972107,1.0676990747451782,1.3541309833526611,1.6705553531646729,2.0116522312164307,2.016497850418091,2.370351791381836,1.1122572422027588,1.2813210487365723,1.155310034751892,1.318608045578003,1.0642127990722656,1.054814100265503,0.9622288346290588,1.0251288414001465,1.1366817951202393,1.340333104133606,1.5765448808670044,1.8310546875,2.1454083919525146,2.2028706073760986,2.5440385341644287,1.470959186553955,1.6431937217712402,1.5366133451461792,1.70573091506958,1.4916359186172485,1.5135362148284912,1.4485399723052979,1.479686975479126,1.560378074645996,1.7313833236694336,1.919050693511963,2.122589111328125,2.4228169918060303,2.6767992973327637,2.9713664054870605
B8,1.3080189228057861,1.4559240341186523,1.378645896911621,1.362671136856079,1.1164060831069946,0.7668552398681641,0.6357716917991638,0.47181975841522217,0.6162845492362976,0.839087188243866,1.1132080554962158,1.44610595703125,1.7574236392974854,1.8017390966415405,2.120469331741333,1.0627413988113403,1.2424542903900146,1.1495407819747925,1.2509626150131226,0.984281063079834,0.6779230237007141,0.37085258960723877,0.0,0.3792423903942108,0.6374035477638245,0.9800306558609009,1.311964511871338,1.664341688156128,1.7042136192321777,2.0595405101776123,1.0151362419128418,1.2634137868881226,1.19931161403656,1.34450364112854,1.0593605041503906,0.8537014126777649,0.5967363715171814,0.4670882821083069,0.5705587863922119,0.7427712082862854,1.0449070930480957,1.330757737159729,1.6912720203399658,1.7430403232574463,2.1157658100128174,1.1966753005981445,1.450175166130066,1.3917824029922485,1.568803071975708,1.2957799434661865,1.180537462234497,1.0046625137329102,0.9280173778533936,0.961219310760498,1.0760873556137085,1.2917519807815552,1.5046403408050537,1.8296301364898682,1.9285517930984497,2.2819361686706543,1.5127544403076172,1.7570911645889282,1.7059193849563599,1.893049955368042,1.6514437198638916,1.591269850730896,1.4619272947311401,1.400575876235962,1.4204412698745728,1.5199315547943115,1.673025131225586,1.833113193511963,2.1330785751342773,2.3632187843322754,2.667670726776123
B9,1.2878646850585938,1.5101172924041748,1.5209577083587646,1.5860486030578613,1.3821704387664795,1.074414610862732,0.8305276036262512,0.584887683391571,0.46899157762527466,0.6197824478149414,0.7962278723716736,1.13858163356781,1.4143825769424438,1.4360060691833496,1.7447365522384644,0.9456705451011658,1.2149837017059326,1.2430200576782227,1.4318166971206665,1.2415038347244263,1.0009284019470215,0.6337658166885376,0.3792423903942108,0.0,0.3802478611469269,0.6382439732551575,1.0052672624588013,1.3295077085494995,1.3360576629638672,1.6893837451934814,0.8945624828338623,1.2217025756835938,1.277063250541687,1.502317190170288,1.292945146560669,1.122424840927124,0.7834613919258118,0.6197619438171387,0.45619574189186096,0.591412365436554,0.7767990827560425,1.0780036449432373,1.401139736175537,1.4141613245010376,1.7777290344238281,1.0931034088134766,1.4010629653930664,1.4474602937698364,1.6972402334213257,1.4875010251998901,1.3858606815338135,1.1262162923812866,1.02013099193573,0.9093931317329407,1.0009181499481201,1.1108193397521973,1.324535846710205,1.5971311330795288,1.657364010810852,1.987963318824768,1.4324084520339966,1.706846833229065,1.7421293258666992,1.9951227903366089,1.802299976348877,1.7491979598999023,1.5463552474975586,1.4691853523254395,1.3911948204040527,1.4790353775024414,1.5507276058197021,1.7124261856079102,1.9603294134140015,2.170959949493408,2.446000814437866
B10,1.559599757194519,1.8231449127197266,1.8216831684112549,1.9027807712554932,1.6591153144836426,1.3218716382980347,1.0761983394622803,0.7366001605987549,0.6024101972579956,0.4884978234767914,0.6478386521339417,0.889421820640564,1.1766140460968018,1.2870885133743286,1.5980470180511475,1.2591968774795532,1.564041018486023,1.6065375804901123,1.8014233112335205,1.5845383405685425,1.3130192756652832,0.9685432314872742,0.6374035477638245,0.3802478611469269,0.0,0.3848970830440521,0.6754846572875977,1.0401580333709717,1.1404393911361694,1.5162241458892822,1.2338732481002808,1.5804097652435303,1.6562256813049316,1.875069499015808,1.6492396593093872,1.4358234405517578,1.1034982204437256,0.8430107831954956,0.612612783908844,0.48059865832328796,0.5784559845924377,0.7723327875137329,1.1195157766342163,1.2140744924545288,1.596427321434021,1.3919259309768677,1.7290464639663696,1.803390622138977,2.046802043914795,1.821610689163208,1.6667231321334839,1.387067437171936,1.1904157400131226,1.0104560852050781,0.9569408297538757,0.9843462705612183,1.094956874847412,1.359623908996582,1.482358455657959,1.8146171569824219,1.6765786409378052,1.9887521266937256,2.0563535690307617,2.308645486831665,2.0976593494415283,1.9909050464630127,1.757697343826294,1.6065465211868286,1.471750020980835,1.4635387659072876,1.4698981046676636,1.5530633926391602,1.7806463241577148,1.939507007598877,2.2200262546539307
B11,1.6788089275360107,1.9801889657974243,2.0433859825134277,2.1718873977661133,1.9641084671020508,1.657535433769226,1.3704733848571777,1.0457878112792969,0.7937501072883606,0.5904181003570557,0.48820847272872925,0.6513364911079407,0.8460310101509094,0.9407278299331665,1.2258039712905884,1.3276095390319824,1.669737458229065,1.7943233251571655,2.0347042083740234,1.8707771301269531,1.636307954788208,1.2702425718307495,0.9800306558609009,0.6382439732551575,0.3848970830440521,0.0,0.39308875799179077,0.6926213502883911,0.7570772767066956,1.1367117166519165,1.296807885169983,1.6672654151916504,1.8240009546279907,2.0857861042022705,1.9141632318496704,1.7269549369812012,1.365321159362793,1.1250946521759033,0.8027946352958679,0.6470479965209961,0.48155367374420166,0.6144225597381592,0.8586256504058838,0.8989015221595764,1.2627615928649902,1.437798023223877,1.792319893836975,1.9439834356307983,2.229881525039673,2.055293560028076,1.916642189025879,1.5968643426895142,1.401748776435852,1.136051893234253,1.062394618988037,0.9489901661872864,1.0297304391860962,1.1894489526748657,1.2559772729873657,1.5432100296020508,1.7085720300674438,2.029996871948242,2.167703628540039,2.4631900787353516,2.2957191467285156,2.1995129585266113,1.920469880104065,1.7677583694458008,1.5584379434585571,1.53817617893219,1.4528913497924805,1.5273526906967163,1.6743524074554443,1.798163652420044,2.0317890644073486
B12,1.9938124418258667,2.3174736499786377,2.371769666671753,2.512974262237549,2.2821598052978516,1.9644765853881836,1.679565668106079,1.3270195722579956,1.094780683517456,0.7844194769859314,0.6298836469650269,0.5207340121269226,0.6464097499847412,0.880073070526123,1.13144052028656,1.687481164932251,2.041348934173584,2.16929030418396,2.4146647453308105,2.2332491874694824,1.9844297170639038,1.627726435661316,1.311964511871338,1.0052672624588013,0.6754846572875977,0.39308875799179077,0.0,0.40201422572135925,0.6574317216873169,1.0255192518234253,1.6821790933609009,2.0541446208953857,2.2165558338165283,2.4758141040802,2.291923999786377,2.084772825241089,1.7305923700332642,1.4565207958221436,1.1415510177612305,0.8898282647132874,0.646612286567688,0.5097010135650635,0.6667987108230591,0.8201227784156799,1.1587454080581665,1.8072819709777832,2.1677494049072266,2.3310508728027344,2.612377166748047,2.428206205368042,2.262631893157959,1.9393482208251953,1.7029887437820435,1.4169288873672485,1.2534410953521729,1.0625486373901367,0.9992599487304688,1.0839589834213257,1.2090647220611572,1.457396388053894,2.0411376953125,2.3768506050109863,2.532928466796875,2.826078176498413,2.6489992141723633,2.5218610763549805,2.2295546531677246,2.034132480621338,1.7929004430770874,1.6986349821090698,1.548691987991333,1.533528447151184,1.625533938407898,1.6665211915969849,1.8822002410888672
B13,2.252920627593994,2.586697578430176,2.6837475299835205,2.8445231914520264,2.6392555236816406,2.335423469543457,2.037731170654297,1.6999931335449219,1.4310415983200073,1.1376755237579346,0.8842402100563049,0.6825105547904968,0.5399408340454102,0.7480506300926208,0.8693732023239136,1.9069563150405884,2.2654168605804443,2.4428906440734863,2.7055976390838623,2.5603342056274414,2.3266913890838623,1.9625217914581299,1.664341688156128,1.3295077085494995,1.0401580333709717,0.6926213502883911,0.40201422572135925,0.0,0.39290961623191833,0.6844823360443115,1.8733925819396973,2.2438104152679443,2.4567582607269287,2.733128786087036,2.5879900455474854,2.389948844909668,2.020698308944702,1.7575947046279907,1.4079840183258057,1.1698249578475952,0.8355998396873474,0.6401659250259399,0.5218235850334167,0.5983848571777344,0.8461862802505493,1.955798864364624,2.3164026737213135,2.5327181816101074,2.834052324295044,2.686922073364258,2.5257463455200195,2.1783132553100586,1.943766474723816,1.6137523651123047,1.4442037343978882,1.1644532680511475,1.0672473907470703,0.9986828565597534,1.0479156970977783,1.2035374641418457,2.1477673053741455,2.4834980964660645,2.6927859783172607,3.010063886642456,2.866196393966675,2.740847587585449,2.416700839996338,2.2196712493896484,1.9278178215026855,1.821716070175171,1.596961259841919,1.5662857294082642,1.5581914186477661,1.5470490455627441,1.6906139850616455
