,A1,A2,A3,A4,A5,A6,A7,A8,A9,A10,A11,A12,A13,A14,A15,B1,B2,B3,B4,B5,B6,B7,B8,B9,B10,B11,B12,B13,B14,B15,C1,C2,C3,C4,C5,C6,C7,C8,C9,C10,C11,C12,C13,C14,C15,D1,D2,D3,D4,D5,D6,D7,D8,D9,D10,D11,D12,D13,D14,D15,E1,E2,E3,E4,E5,E6,E7,E8,E9,E10,E11,E12,E13,E14,E15
A1,0.0,0.3957469165325165,0.4948578476905823,0.8054185509681702,0.9804362058639526,1.3182055950164795,1.303074598312378,1.6635980606079102,1.7918336391448975,2.1261026859283447,2.3038170337677,2.659885883331299,2.794055700302124,3.174267292022705,3.1918985843658447,1.5066434144973755,1.322834849357605,1.060644507408142,1.127644658088684,1.173882246017456,1.5058655738830566,1.5960619449615479,1.8888980150222778,2.0666964054107666,2.3500139713287354,2.5494649410247803,2.8810043334960938,3.0320396423339844,3.402982473373413,3.42226505279541,1.9197733402252197,1.8443881273269653,1.6010504961013794,1.6973867416381836,1.6473921537399292,1.9074878692626953,1.9794695377349854,2.20479679107666,2.3774642944335938,2.6198127269744873,2.824694871902466,3.1264488697052,3.326047420501709,3.666480541229248,3.719768524169922,2.3952856063842773,2.373173952102661,2.1387596130371094,2.234557867050171,2.156597375869751,2.3680436611175537,2.4152584075927734,2.5867462158203125,2.7437355518341064,2.9450087547302246,3.162421464920044,3.4140994548797607,3.6730141639709473,3.9615116119384766,4.049964427947998,2.8768489360809326,2.8999228477478027,2.672605037689209,2.7886195182800293,2.6963541507720947,2.879983901977539,2.924041509628296,3.0463461875915527,3.1804251670837402,3.3234269618988037,3.5163958072662354,3.6485226154327393,3.9381167888641357,3.938077211380005,4.315601825714111
A2,0.3957469165325165,0.0,0.3757995069026947,0.6385363936424255,0.9080355167388916,1.2697012424468994,1.3596796989440918,1.735783338546753,1.916430115699768,2.269261598587036,2.475754976272583,2.8487870693206787,3.001765251159668,3.3909995555877686,3.4129765033721924,1.6630390882492065,1.4466087818145752,1.1140918731689453,1.035793423652649,1.0517693758010864,1.383407711982727,1.5679620504379272,1.8762279748916626,2.1090478897094727,2.413590669631958,2.6462650299072266,2.998223066329956,3.1700851917266846,3.5583715438842773,3.5805022716522217,1.9772229194641113,1.8660595417022705,1.5620611906051636,1.5612897872924805,1.485383152961731,1.7414637804031372,1.8878614902496338,2.1272897720336914,2.3543875217437744,2.6163246631622314,2.857231855392456,3.1806118488311768,3.3988213539123535,3.762521266937256,3.8153076171875,2.382327079772949,2.337035894393921,2.0518641471862793,2.076383352279663,1.9735814332962036,2.1783835887908936,2.283294439315796,2.4650890827178955,2.6716105937957764,2.888331890106201,3.141298770904541,3.4133806228637695,3.6888771057128906,4.005118370056152,4.090645790100098,2.813549518585205,2.82492733001709,2.5558106899261475,2.61722469329834,2.504370927810669,2.681295156478882,2.7715349197387695,2.8998875617980957,3.0766959190368652,3.2298943996429443,3.4591259956359863,3.608052968978882,3.9229979515075684,3.9489641189575195,4.333558559417725
A3,0.4948578476905823,0.3757995069026947,0.0,0.38512739539146423,0.5483468174934387,0.9247420430183411,1.0334625244140625,1.3988655805587769,1.6161054372787476,1.9551342725753784,2.1945011615753174,2.5635015964508057,2.7491824626922607,3.1415867805480957,3.1975672245025635,1.5372389554977417,1.3999030590057373,1.0614445209503174,0.9896266460418701,0.8810793161392212,1.142096757888794,1.3020192384719849,1.5723097324371338,1.821535587310791,2.101940393447876,2.3575878143310547,2.6991608142852783,2.8992271423339844,3.2889811992645264,3.3414885997772217,1.851546287536621,1.810232162475586,1.5089448690414429,1.531356692314148,1.3786585330963135,1.5652129650115967,1.6725660562515259,1.8639578819274902,2.0889673233032227,2.320558547973633,2.5738577842712402,2.8810529708862305,3.1217777729034424,3.4826719760894775,3.563065767288208,2.255429267883301,2.2702677249908447,1.9984127283096313,2.045093536376953,1.8894574642181396,2.0371601581573486,2.1016845703125,2.2363007068634033,2.428619146347046,2.6121490001678467,2.8668196201324463,3.1173806190490723,3.408412218093872,3.7172796726226807,3.8277130126953125,2.682781457901001,2.7441036701202393,2.4924404621124268,2.573068141937256,2.420743227005005,2.552401304244995,2.607252836227417,2.6943631172180176,2.8495893478393555,2.9695653915405273,3.1875083446502686,3.3102762699127197,3.6211495399475098,3.6276824474334717,4.008582592010498
A4,0.8054185509681702,0.6385363936424255,0.38512739539146423,0.0,0.38253968954086304,0.670943021774292,0.8360894322395325,1.201608419418335,1.4325344562530518,1.7887972593307495,2.032306671142578,2.414072275161743,2.6046760082244873,2.999960422515869,3.054424285888672,1.3917131423950195,1.2718459367752075,0.9060521721839905,0.7358234524726868,0.5287981033325195,0.7690353989601135,0.9798526167869568,1.269228219985962,1.544637680053711,1.8487423658370972,2.1161906719207764,2.4758524894714355,2.6813406944274902,3.0827412605285645,3.1312875747680664,1.6016186475753784,1.5694396495819092,1.2415424585342407,1.224618673324585,1.0208052396774292,1.18170964717865,1.3063594102859497,1.5086157321929932,1.757515788078308,2.009134292602539,2.277120351791382,2.603379726409912,2.846874713897705,3.224003553390503,3.29703950881958,1.9449665546417236,1.9728032350540161,1.6861860752105713,1.7155882120132446,1.5282440185546875,1.6556130647659302,1.7227545976638794,1.860655665397644,2.06874680519104,2.2666711807250977,2.534569263458252,2.803062915802002,3.095231533050537,3.422128915786743,3.5228946208953857,2.338289260864258,2.4129810333251953,2.15408992767334,2.2264442443847656,2.0539450645446777,2.171642541885376,2.225088596343994,2.312342882156372,2.4772868156433105,2.607635021209717,2.839059591293335,2.979855537414551,3.3019466400146484,3.333866596221924,3.7201952934265137
A5,0.9804362058639526,0.9080355167388916,0.5483468174934387,0.38253968954086304,0.0,0.3931591212749481,0.6142888069152832,0.9382911324501038,1.2323793172836304,1.5499627590179443,1.8411271572113037,2.20564866065979,2.4393234252929688,2.8323986530303955,2.932729482650757,1.4476996660232544,1.4268152713775635,1.1084989309310913,1.0072492361068726,0.7107999324798584,0.7699856162071228,0.9017067551612854,1.09529447555542,1.3886009454727173,1.6380516290664673,1.9367214441299438,2.270061731338501,2.5139856338500977,2.9093918800354004,3.001129627227783,1.6792420148849487,1.732354760169983,1.4415433406829834,1.4654232263565063,1.2035032510757446,1.2531375885009766,1.3053908348083496,1.4140288829803467,1.6479755640029907,1.8392047882080078,2.1205029487609863,2.4127492904663086,2.687631845474243,3.0525858402252197,3.1665444374084473,2.0252151489257812,2.1225247383117676,1.8698105812072754,1.9279804229736328,1.696625828742981,1.7462471723556519,1.7551963329315186,1.8159977197647095,1.9949302673339844,2.133795976638794,2.3987796306610107,2.6271209716796875,2.9409077167510986,3.2498488426208496,3.3886797428131104,2.4116461277008057,2.542276382446289,2.314093589782715,2.4078853130340576,2.199054002761841,2.258165121078491,2.2655856609344482,2.2924227714538574,2.4224119186401367,2.49868106842041,2.708621025085449,2.8038485050201416,3.115946054458618,3.1109814643859863,3.489532232284546
A6,1.3182055950164795,1.2697012424468994,0.9247420430183411,0.670943021774292,0.3931591212749481,0.0,0.38935035467147827,0.6238186359405518,0.9565898180007935,1.2571464776992798,1.5676236152648926,1.9277148246765137,2.181889772415161,2.57041335105896,2.690251588821411,1.3657848834991455,1.4275312423706055,1.1591546535491943,1.0640476942062378,0.7070900201797485,0.5644669532775879,0.6074100732803345,0.720222532749176,1.0392295122146606,1.273376703262329,1.5941343307495117,1.9264835119247437,2.1903798580169678,2.588939666748047,2.6974728107452393,1.510951280593872,1.6331405639648438,1.3762847185134888,1.4167624711990356,1.1089649200439453,1.052137017250061,1.024740219116211,1.0638591051101685,1.2869689464569092,1.4544280767440796,1.7474271059036255,2.0352320671081543,2.3240134716033936,2.6929259300231934,2.820016384124756,1.80204439163208,1.9591525793075562,1.739052653312683,1.8200840950012207,1.5559837818145752,1.5393567085266113,1.4845695495605469,1.492841362953186,1.6438724994659424,1.7560887336730957,2.0186305046081543,2.237636089324951,2.558060884475708,2.8679277896881104,3.0165228843688965,2.156867504119873,2.334947347640991,2.1378955841064453,2.2537522315979004,2.0208494663238525,2.0352861881256104,1.9927546977996826,1.9821174144744873,2.080430030822754,2.1332826614379883,2.3294472694396973,2.414222002029419,2.7237226963043213,2.7187862396240234,3.0983612537384033
A7,1.303074598312378,1.3596796989440918,1.0334625244140625,0.8360894322395325,0.6142888069152832,0.38935035467147827,0.0,0.3813319206237793,0.6194144487380981,0.9558180570602417,1.2309988737106323,1.6016193628311157,1.8327434062957764,2.2254552841186523,2.332976818084717,1.0559250116348267,1.1902672052383423,1.0053430795669556,1.045527696609497,0.7789678573608398,0.7109514474868774,0.5316599011421204,0.64744633436203,0.8361260890960693,1.0752862691879272,1.3421921730041504,1.6742353439331055,1.9048336744308472,2.298018455505371,2.391813039779663,1.2776596546173096,1.453016996383667,1.2706310749053955,1.4218319654464722,1.1819661855697632,1.1771639585494995,1.0365771055221558,1.0868560075759888,1.1986334323883057,1.3609322309494019,1.5879404544830322,1.865357518196106,2.1180551052093506,2.469174861907959,2.582841634750366,1.6499171257019043,1.8327640295028687,1.6763367652893066,1.8426947593688965,1.6348609924316406,1.658921241760254,1.5324389934539795,1.556382179260254,1.6254853010177612,1.7380774021148682,1.9389086961746216,2.146688461303711,2.4322566986083984,2.714329242706299,2.850839376449585,2.0701563358306885,2.2532267570495605,2.108144760131836,2.2901926040649414,2.102627754211426,2.148857831954956,2.052781820297241,2.058961868286133,2.098926067352295,2.1606523990631104,2.304874897003174,2.3872973918914795,2.6617588996887207,2.6400413513183594,3.01550030708313
A8,1.6635980606079102,1.735783338546753,1.3988655805587769,1.201608419418335,0.9382911324501038,0.6238186359405518,0.3813319206237793,0.0,0.39153504371643066,0.6347160339355469,0.9676559567451477,1.3112915754318237,1.5892220735549927,1.9705158472061157,2.1248843669891357,1.197364091873169,1.4215489625930786,1.3077689409255981,1.365419864654541,1.0936936140060425,0.9123141765594482,0.6326913833618164,0.5105401873588562,0.6203815937042236,0.7509925961494446,1.0456990003585815,1.3454442024230957,1.6163030862808228,2.0017647743225098,2.138625383377075,1.354820728302002,1.6096076965332031,1.4880731105804443,1.6555076837539673,1.4014707803726196,1.3053315877914429,1.0766725540161133,1.0014421939849854,1.0314334630966187,1.0988739728927612,1.3129889965057373,1.5459672212600708,1.822501540184021,2.1587131023406982,2.3097221851348877,1.6703696250915527,1.9220236539840698,1.8197673559188843,2.0088460445404053,1.784042239189148,1.7399343252182007,1.5422950983047485,1.4843192100524902,1.4834563732147217,1.5231208801269531,1.6915284395217896,1.8511369228363037,2.143946647644043,2.402644634246826,2.5702438354492188,2.0515639781951904,2.289048910140991,2.1926212310791016,2.397470474243164,2.1930370330810547,2.1869325637817383,2.031501054763794,1.980705738067627,1.9608381986618042,1.9684885740280151,2.068176746368408,2.106680393218994,2.357590913772583,2.304009199142456,2.671205759048462
A9,1.7918336391448975,1.916430115699768,1.6161054372787476,1.4325344562530518,1.2323793172836304,0.9565898180007935,0.6194144487380981,0.39153504371643066,0.0,0.3854611814022064,0.614820122718811,0.9899300932884216,1.2253834009170532,1.6147798299789429,1.7444888353347778,0.9809869527816772,1.284975528717041,1.2809953689575195,1.4277453422546387,1.244335651397705,1.1169942617416382,0.7522106170654297,0.6553993821144104,0.5116178393363953,0.6261359453201294,0.7894584536552429,1.095219612121582,1.3048226833343506,1.6884113550186157,1.795248031616211,1.14960777759552,1.4592522382736206,1.4322627782821655,1.6788514852523804,1.4962208271026611,1.4424858093261719,1.1429126262664795,1.0948647260665894,0.9941475987434387,1.0597892999649048,1.1628258228302002,1.384548544883728,1.596320390701294,1.9127709865570068,2.0336461067199707,1.5047459602355957,1.7798188924789429,1.7532017230987549,2.01133394241333,1.846217393875122,1.8386989831924438,1.5879491567611694,1.5571762323379517,1.4740855693817139,1.525357723236084,1.6129794120788574,1.7668253183364868,2.0020318031311035,2.231154680252075,2.369668483734131,1.9275254011154175,2.16477108001709,2.1274726390838623,2.389012098312378,2.2340495586395264,2.2591798305511475,2.059675931930542,2.035085678100586,1.960937261581421,1.9905731678009033,2.0355873107910156,2.08644700050354,2.294928789138794,2.2412428855895996,2.5996997356414795
A10,2.1261026859283447,2.269261598587036,1.9551342725753784,1.7887972593307495,1.5499627590179443,1.2571464776992798,0.9558180570602417,0.6347160339355469,0.3854611814022064,0.0,0.3906079828739166,0.6819056868553162,0.9947653412818909,1.3591288328170776,1.5603408813476562,1.2852333784103394,1.6236838102340698,1.6558375358581543,1.8114255666732788,1.6193382740020752,1.4518518447875977,1.0876829624176025,0.8849483132362366,0.6671551465988159,0.5351261496543884,0.6278120875358582,0.8182879686355591,1.070246696472168,1.4221612215042114,1.5927356481552124,1.4237377643585205,1.7688452005386353,1.7831653356552124,2.0331838130950928,1.8450467586517334,1.7445106506347656,1.4161874055862427,1.2829616069793701,1.1071199178695679,1.040749430656433,1.073349118232727,1.1889936923980713,1.4069164991378784,1.6741929054260254,1.845914363861084,1.7226474285125732,2.0379748344421387,2.0560336112976074,2.3239524364471436,2.1526544094085693,2.100956916809082,1.8113675117492676,1.715686559677124,1.5663503408432007,1.5311812162399292,1.5550278425216675,1.6256078481674194,1.8479000329971313,2.0217795372009277,2.199387788772583,2.0986053943634033,2.372495412826538,2.380221366882324,2.65519118309021,2.493056297302246,2.4786741733551025,2.2368979454040527,2.1629831790924072,2.0294759273529053,1.998952865600586,1.9799525737762451,1.9686119556427002,2.126814126968384,2.0187714099884033,2.3530514240264893
A11,2.3038170337677,2.475754976272583,2.1945011615753174,2.032306671142578,1.8411271572113037,1.5676236152648926,1.2309988737106323,0.9676559567451477,0.614820122718811,0.3906079828739166,0.0,0.39223676919937134,0.6224039196968079,1.0041552782058716,1.1744201183319092,1.2302899360656738,1.6054332256317139,1.7257827520370483,1.9340131282806396,1.8096541166305542,1.6823381185531616,1.2942837476730347,1.138493299484253,0.8210359811782837,0.7001449465751648,0.5497133731842041,0.6783713102340698,0.7943490147590637,1.1307110786437988,1.2560665607452393,1.3460193872451782,1.7148064374923706,1.812929630279541,2.1113853454589844,1.9854530096054077,1.921236515045166,1.5634403228759766,1.466948390007019,1.2133361101150513,1.1590665578842163,1.0632389783859253,1.1463358402252197,1.2543206214904785,1.4791185855865479,1.603789210319519,1.6455471515655518,1.9665945768356323,2.0555336475372314,2.371276378631592,2.255746841430664,2.237112522125244,1.919135332107544,1.8555954694747925,1.6488369703292847,1.6329421997070312,1.5755643844604492,1.6388808488845825,1.7802796363830566,1.9126147031784058,2.0463664531707764,2.0364866256713867,2.299330234527588,2.3642125129699707,2.6816041469573975,2.5680971145629883,2.583090305328369,2.3126113414764404,2.268362045288086,2.094343662261963,2.0912609100341797,2.023265838623047,2.031221389770508,2.1404361724853516,2.0427463054656982,2.3570380210876465
A12,2.659885883331299,2.8487870693206787,2.5635015964508057,2.414072275161743,2.20564866065979,1.9277148246765137,1.6016193628311157,1.3112915754318237,0.9899300932884216,0.6819056868553162,0.39223676919937134,0.0,0.3870012164115906,0.6921896934509277,0.9611499905586243,1.5771812200546265,1.9593266248703003,2.1053264141082764,2.3236067295074463,2.2005324363708496,2.0586330890655518,1.6713908910751343,1.479522466659546,1.153414011001587,0.9382506608963013,0.7037553787231445,0.5906529426574707,0.6372522115707397,0.8623268008232117,1.0533504486083984,1.6743816137313843,2.0505387783050537,2.180093288421631,2.483262062072754,2.3622419834136963,2.2781898975372314,1.9086577892303467,1.7743809223175049,1.4845497608184814,1.3534095287322998,1.18039071559906,1.1326121091842651,1.1818268299102783,1.3010478019714355,1.4600225687026978,1.9264466762542725,2.262073278427124,2.3888518810272217,2.713149070739746,2.6036019325256348,2.5636579990386963,2.2242281436920166,2.1269001960754395,1.8751872777938843,1.8018616437911987,1.6757310628890991,1.6555182933807373,1.7445651292800903,1.7918291091918945,1.9451850652694702,2.2725443840026855,2.550994634628296,2.657327651977539,2.9864914417266846,2.878681182861328,2.8724887371063232,2.5731289386749268,2.501084089279175,2.2804853916168213,2.2372004985809326,2.1059224605560303,2.063483476638794,2.1028432846069336,1.9568753242492676,2.2250101566314697
A13,2.794055700302124,3.001765251159668,2.7491824626922607,2.6046760082244873,2.4393234252929688,2.181889772415161,1.8327434062957764,1.5892220735549927,1.2253834009170532,0.9947653412818909,0.6224039196968079,0.3870012164115906,0.0,0.3953603506088257,0.5821332931518555,1.5742754936218262,1.9566402435302734,2.166630506515503,2.4210922718048096,2.3564631938934326,2.2561957836151123,1.863771915435791,1.7228111028671265,1.36579430103302,1.2123790979385376,0.9037569761276245,0.7957037091255188,0.6214563250541687,0.7511232495307922,0.820578932762146,1.6545751094818115,2.0213944911956787,2.213655948638916,2.5486700534820557,2.4840333461761475,2.4412355422973633,2.0659844875335693,1.9789718389511108,1.662497639656067,1.5759902000427246,1.3424170017242432,1.302370309829712,1.2321149110794067,1.2960526943206787,1.3650102615356445,1.9045270681381226,2.2201056480407715,2.400082588195801,2.756598711013794,2.700059175491333,2.699277877807617,2.3539023399353027,2.2994117736816406,2.026217460632324,1.992002010345459,1.8229560852050781,1.8210638761520386,1.8335555791854858,1.849759578704834,1.9354162216186523,2.261314868927002,2.5100960731506348,2.6587002277374268,3.017029047012329,2.9574790000915527,2.9871580600738525,2.6794142723083496,2.6464266777038574,2.4117679595947266,2.408383369445801,2.256566047668457,2.249563694000244,2.259227991104126,2.143789291381836,2.391566514968872
A14,3.174267292022705,3.3909995555877686,3.1415867805480957,2.999960422515869,2.8323986530303955,2.57041335105896,2.2254552841186523,1.9705158472061157,1.6147798299789429,1.3591288328170776,1.0041552782058716,0.6921896934509277,0.3953603506088257,0.0,0.3921630382537842,1.9325902462005615,2.3097426891326904,2.5409140586853027,2.8007125854492188,2.7448291778564453,2.6378157138824463,2.2450358867645264,2.088907241821289,1.7244452238082886,1.5381345748901367,1.2039480209350586,0.9951157569885254,0.7348664402961731,0.6279094219207764,0.6840164661407471,1.9836137294769287,2.3449554443359375,2.5650789737701416,2.902329683303833,2.850351572036743,2.7986643314361572,2.4162557125091553,2.313349962234497,1.974789023399353,1.8541953563690186,1.573594093322754,1.4546993970870972,1.3057844638824463,1.2429084777832031,1.2951959371566772,2.184476613998413,2.499877691268921,2.7145276069641113,3.0774762630462646,3.0354561805725098,3.025313138961792,2.666339635848999,2.597653388977051,2.294001817703247,2.231395721435547,2.0099244117736816,1.954192042350769,1.899008870124817,1.8312231302261353,1.901136875152588,2.495323896408081,2.7448489665985107,2.93257474899292,3.3006198406219482,3.2561633586883545,3.2764933109283447,2.9483466148376465,2.904484987258911,2.6362736225128174,2.614663600921631,2.414562463760376,2.3822824954986572,2.3279130458831787,2.1923837661743164,2.3853542804718018
A15,3.1918985843658447,3.4129765033721924,3.1975672245025635,3.054424285888672,2.932729482650757,2.690251588821411,2.332976818084717,2.1248843669891357,1.7444888353347778,1.5603408813476562,1.1744201183319092,0.9611499905586243,0.5821332931518555,0.3921630382537842,0.0,1.8561482429504395,2.2131505012512207,2.4892935752868652,2.769036054611206,2.7664003372192383,2.699496030807495,2.3122620582580566,2.2089734077453613,1.833509087562561,1.7161167860031128,1.3618147373199463,1.2300519943237305,0.8995732665061951,0.8111971616744995,0.6567773222923279,1.881470799446106,2.2157883644104004,2.4819376468658447,2.8371849060058594,2.8376193046569824,2.828296184539795,2.452623128890991,2.402440071105957,2.059903621673584,1.9995299577713013,1.7033549547195435,1.6417713165283203,1.4335405826568604,1.3855618238449097,1.3252272605895996,2.077089786529541,2.3576700687408447,2.609537363052368,2.992337942123413,3.0002048015594482,3.0323569774627686,2.681093692779541,2.6625566482543945,2.3601932525634766,2.351877450942993,2.1233530044555664,2.1183815002441406,2.0235579013824463,1.9743212461471558,1.967588186264038,2.399623155593872,2.607842445373535,2.821737051010132,3.2078988552093506,3.2095558643341064,3.2704358100891113,2.9489800930023193,2.951874256134033,2.6915781497955322,2.721633195877075,2.531466007232666,2.552328109741211,2.505971908569336,2.4218013286590576,2.621884822845459
B1,1.5066434144973755,1.6630390882492065,1.5372389554977417,1.3917131423950195,1.4476996660232544,1.3657848834991455,1.0559250116348267,1.197364091873169,0.9809869527816772,1.2852333784103394,1.2302899360656738,1.5771812200546265,1.5742754936218262,1.9325902462005615,1.8561482429504395,0.0,0.3846069872379303,0.6412078142166138,0.9755667448043823,1.1016275882720947,1.2627685070037842,1.017976999282837,1.2527936697006226,1.1326904296875,1.425861120223999,1.4224183559417725,1.754567265510559,1.7615808248519897,2.1133713722229004,2.0359244346618652,0.5853389501571655,0.7280533313751221,0.8248488903045654,1.2134064435958862,1.273790717124939,1.4793918132781982,1.2755926847457886,1.4972339868545532,1.4309860467910767,1.688218593597412,1.717340350151062,2.0183258056640625,2.080871105194092,2.3931145668029785,2.3557732105255127,1.1706269979476929,1.2586532831192017,1.2643080949783325,1.602428674697876,1.6261370182037354,1.8323084115982056,1.66527259349823,1.8500421047210693,1.8158369064331055,2.040282726287842,2.1096396446228027,2.3688952922821045,2.507079839706421,2.7570624351501465,2.7628581523895264,1.7363855838775635,1.8052433729171753,1.7610971927642822,2.0649890899658203,2.05940842628479,2.257077932357788,2.12827467918396,2.275151491165161,2.263481378555298,2.447089195251465,2.5285449028015137,2.7020723819732666,2.9151668548583984,2.952915906906128,3.3143913745880127
B2,1.322834849357605,1.4466087818145752,1.3999030590057373,1.2718459367752075,1.4268152713775635,1.4275312423706055,1.1902672052383423,1.4215489625930786,1.284975528717041,1.6236838102340698,1.6054332256317139,1.9593266248703003,1.9566402435302734,2.3097426891326904,2.2131505012512207,0.3846069872379303,0.0,0.38457244634628296,0.7483020424842834,0.9960998296737671,1.264548420906067,1.1313281059265137,1.4425629377365112,1.402111530303955,1.733278751373291,1.7665328979492188,2.115654945373535,2.128645181655884,2.483283519744873,2.3893799781799316,0.7125735282897949,0.6352633237838745,0.6499233841896057,1.0198222398757935,1.1569297313690186,1.4554671049118042,1.3479965925216675,1.6391801834106445,1.6442846059799194,1.9450854063034058,2.011357069015503,2.339458703994751,2.4086992740631104,2.73614764213562,2.6815261840820312,1.2533453702926636,1.2267405986785889,1.1605435609817505,1.4580121040344238,1.5263724327087402,1.8012936115264893,1.712068796157837,1.9553842544555664,1.9841809272766113,2.25056791305542,2.3574953079223633,2.648263692855835,2.794936180114746,3.0697717666625977,3.05857515335083,1.8060733079910278,1.804255723953247,1.7016184329986572,1.9663323163986206,1.9895362854003906,2.237058401107788,2.1715378761291504,2.363807439804077,2.4078047275543213,2.626889944076538,2.7501096725463867,2.9527225494384766,3.191420793533325,3.2549283504486084,3.625189781188965
B3,1.060644507408142,1.1140918731689453,1.0614445209503174,0.9060521721839905,1.1084989309310913,1.1591546535491943,1.0053430795669556,1.3077689409255981,1.2809953689575195,1.6558375358581543,1.7257827520370483,2.1053264141082764,2.166630506515503,2.5409140586853027,2.4892935752868652,0.6412078142166138,0.38457244634628296,0.0,0.4022294282913208,0.657300591468811,0.9918963313102722,0.9599871039390564,1.3163172006607056,1.3812283277511597,1.7351568937301636,1.8492271900177002,2.219996690750122,2.2958266735076904,2.6755733489990234,2.6222455501556396,0.8897473216056824,0.7861692309379578,0.5863717198371887,0.8434696197509766,0.9113789796829224,1.2320433855056763,1.2062627077102661,1.513657569885254,1.6064847707748413,1.919783353805542,2.057154893875122,2.40309476852417,2.528273582458496,2.8831870555877686,2.8625447750091553,1.359049677848816,1.3278717994689941,1.1490459442138672,1.3573276996612549,1.3594704866409302,1.6266801357269287,1.5978333950042725,1.839266300201416,1.9364607334136963,2.204659938812256,2.37050461769104,2.6714720726013184,2.865020275115967,3.1681017875671387,3.184842586517334,1.8679534196853638,1.8770352602005005,1.701002597808838,1.9010118246078491,1.8711737394332886,2.1022045612335205,2.0848159790039062,2.2654647827148438,2.3596270084381104,2.5695621967315674,2.7373147010803223,2.9360511302948,3.2092301845550537,3.2748069763183594,3.6567039489746094
B4,1.127644658088684,1.035793423652649,0.9896266460418701,0.7358234524726868,1.0072492361068726,1.0640476942062378,1.045527696609497,1.365419864654541,1.4277453422546387,1.8114255666732788,1.9340131282806396,2.3236067295074463,2.4210922718048096,2.8007125854492188,2.769036054611206,0.9755667448043823,0.7483020424842834,0.4022294282913208,0.0,0.3917037844657898,0.7695164680480957,0.8914517164230347,1.2706564664840698,1.4249463081359863,1.7968825101852417,1.96501624584198,2.3528406620025635,2.466033697128296,2.862238645553589,2.8251054286956787,1.0388233661651611,0.8907517790794373,0.5410051941871643,0.5807520747184753,0.5896353721618652,0.9494996666908264,1.0417630672454834,1.3793902397155762,1.5580083131790161,1.8944731950759888,2.0871083736419678,2.455655574798584,2.6130120754241943,2.994265079498291,2.982945203781128,1.3642853498458862,1.306112289428711,1.0256214141845703,1.1197659969329834,1.0680530071258545,1.33970046043396,1.3911396265029907,1.6524690389633179,1.82306969165802,2.111018180847168,2.3286118507385254,2.6525723934173584,2.873103380203247,3.209709405899048,3.2304487228393555,1.7916733026504517,1.7933067083358765,1.5469226837158203,1.6722339391708374,1.6022560596466064,1.827646255493164,1.869242787361145,2.058208465576172,2.2108640670776367,2.4323978424072266,2.648808479309082,2.8650856018066406,3.1711981296539307,3.2640585899353027,3.653822422027588
B5,1.173882246017456,1.0517693758010864,0.8810793161392212,0.5287981033325195,0.7107999324798584,0.7070900201797485,0.7789678573608398,1.0936936140060425,1.244335651397705,1.6193382740020752,1.8096541166305542,2.2005324363708496,2.3564631938934326,2.7448291778564453,2.7664003372192383,1.1016275882720947,0.9960998296737671,0.657300591468811,0.3917037844657898,0.0,0.41305357217788696,0.6219881772994995,0.9818038940429688,1.2180110216140747,1.5725845098495483,1.803441047668457,2.188091993331909,2.358835220336914,2.765941619873047,2.7787365913391113,1.149897813796997,1.1150041818618774,0.7745029330253601,0.7556283473968506,0.5304137468338013,0.7382476925849915,0.8399759531021118,1.1192933320999146,1.3524401187896729,1.659999966621399,1.9045958518981934,2.263798236846924,2.472465753555298,2.8631043434143066,2.8975119590759277,1.4292975664138794,1.4594693183898926,1.1747099161148071,1.232043981552124,1.0523720979690552,1.2088011503219604,1.245911955833435,1.4364972114562988,1.6323360204696655,1.880764126777649,2.1336395740509033,2.4391109943389893,2.700706958770752,3.0436758995056152,3.105255365371704,1.8120416402816772,1.8860288858413696,1.6371930837631226,1.7397619485855103,1.5834159851074219,1.725870966911316,1.7532262802124023,1.878186821937561,2.034757614135742,2.210554361343384,2.440020799636841,2.6257476806640625,2.9465062618255615,3.0215532779693604,3.4130971431732178
B6,1.5058655738830566,1.383407711982727,1.142096757888794,0.7690353989601135,0.7699856162071228,0.5644669532775879,0.7109514474868774,0.9123141765594482,1.1169942617416382,1.4518518447875977,1.6823381185531616,2.0586330890655518,2.2561957836151123,2.6378157138824463,2.699496030807495,1.2627685070037842,1.264548420906067,0.9918963313102722,0.7695164680480957,0.41305357217788696,0.0,0.3928082585334778,0.6663439869880676,0.9744076728820801,1.3034627437591553,1.5805343389511108,1.9572466611862183,2.1711952686309814,2.5817208290100098,2.631362199783325,1.2058333158493042,1.2665966749191284,0.9718400239944458,0.9236948490142822,0.5740287899971008,0.5023488998413086,0.5605278611183167,0.7548010349273682,1.042153000831604,1.3250911235809326,1.614194393157959,1.9676098823547363,2.2136268615722656,2.613330125808716,2.679098606109619,1.3753423690795898,1.4912769794464111,1.2307804822921753,1.2695164680480957,0.9917545318603516,1.0019221305847168,0.9876790642738342,1.0948289632797241,1.3052159547805786,1.5201431512832642,1.802367091178894,2.097585439682007,2.387439489364624,2.7405340671539307,2.8281354904174805,1.6807466745376587,1.828094244003296,1.5978761911392212,1.691669225692749,1.4633687734603882,1.5132354497909546,1.5014333724975586,1.560256004333496,1.7087788581848145,1.8464908599853516,2.085503101348877,2.254087448120117,2.587158679962158,2.662285327911377,3.0541152954101562
B7,1.5960619449615479,1.5679620504379272,1.3020192384719849,0.9798526167869568,0.9017067551612854,0.6074100732803345,0.5316599011421204,0.6326913833618164,0.7522106170654297,1.0876829624176025,1.2942837476730347,1.6713908910751343,1.863771915435791,2.2450358867645264,2.3122620582580566,1.017976999282837,1.1313281059265137,0.9599871039390564,0.8914517164230347,0.6219881772994995,0.3928082585334778,0.0,0.3792800307273865,0.6069137454032898,0.9559001326560974,1.2079635858535767,1.5886380672454834,1.7919577360153198,2.2022886276245117,2.254896879196167,0.9741457104682922,1.1453590393066406,0.9536778926849365,1.0519449710845947,0.7831053137779236,0.7086465954780579,0.5074670314788818,0.632610023021698,0.7900657057762146,1.0598405599594116,1.3056282997131348,1.651301383972168,1.8824480772018433,2.2718918323516846,2.3411242961883545,1.203385353088379,1.3976763486862183,1.230947494506836,1.3823405504226685,1.155379295349121,1.1579532623291016,1.0059373378753662,1.070239782333374,1.1637243032455444,1.3514394760131836,1.5765434503555298,1.8521254062652588,2.1230475902557373,2.4515321254730225,2.543119430541992,1.5686510801315308,1.7601836919784546,1.6076538562774658,1.785780429840088,1.5904061794281006,1.6350064277648926,1.5291045904159546,1.5653985738754272,1.625462293624878,1.743283748626709,1.920649766921997,2.0701518058776855,2.3705790042877197,2.4210119247436523,2.810373544692993
B8,1.8888980150222778,1.8762279748916626,1.5723097324371338,1.269228219985962,1.09529447555542,0.720222532749176,0.64744633436203,0.5105401873588562,0.6553993821144104,0.8849483132362366,1.138493299484253,1.479522466659546,1.7228111028671265,2.088907241821289,2.2089734077453613,1.2527936697006226,1.4425629377365112,1.3163172006607056,1.2706564664840698,0.9818038940429688,0.6663439869880676,0.3792800307273865,0.0,0.3869859278202057,0.6470400094985962,0.9663417935371399,1.319952368736267,1.580095887184143,1.9850716590881348,2.0901601314544678,1.179254412651062,1.4240971803665161,1.2887169122695923,1.384463906288147,1.0976035594940186,0.8989717364311218,0.6218656897544861,0.49113163352012634,0.5861440300941467,0.7490458488464355,1.034430980682373,1.3480387926101685,1.6275283098220825,2.0126733779907227,2.130499839782715,1.3298777341842651,1.5983809232711792,1.4838577508926392,1.63515043258667,1.3769789934158325,1.2740260362625122,1.0485813617706299,0.9745156764984131,1.0004478693008423,1.0914630889892578,1.313720941543579,1.5451240539550781,1.8466957807540894,2.1647305488586426,2.298980951309204,1.6236404180526733,1.8824677467346191,1.7763620615005493,1.9594569206237793,1.7296876907348633,1.6925101280212402,1.5252671241760254,1.4725899696350098,1.472946286201477,1.5152270793914795,1.6611964702606201,1.7612271308898926,2.054800510406494,2.0767650604248047,2.463989496231079
B9,2.0666964054107666,2.1090478897094727,1.821535587310791,1.544637680053711,1.3886009454727173,1.0392295122146606,0.8361260890960693,0.6203815937042236,0.5116178393363953,0.6671551465988159,0.8210359811782837,1.153414011001587,1.36579430103302,1.7244452238082886,1.833509087562561,1.1326904296875,1.402111530303955,1.3812283277511597,1.4249463081359863,1.2180110216140747,0.9744076728820801,0.6069137454032898,0.3869859278202057,0.0,0.38114696741104126,0.6065325736999512,0.9852567911148071,1.207873821258545,1.6166402101516724,1.706429123878479,1.0255699157714844,1.3477628231048584,1.3203412294387817,1.5003820657730103,1.2907679080963135,1.137000560760498,0.7754060626029968,0.651084303855896,0.48308125138282776,0.6036407351493835,0.7613257765769958,1.074112057685852,1.3058072328567505,1.6821097135543823,1.7829678058624268,1.182579755783081,1.5043550729751587,1.4859164953231812,1.7154368162155151,1.5213532447814941,1.4458491802215576,1.1446887254714966,1.0761572122573853,0.9630383849143982,1.0357385873794556,1.1486916542053223,1.3633089065551758,1.6123754978179932,1.9012829065322876,2.017596960067749,1.5066932439804077,1.787847638130188,1.760921597480774,2.0105161666870117,1.8312180042266846,1.8133206367492676,1.5797785520553589,1.5368255376815796,1.4496062994003296,1.4950547218322754,1.5607346296310425,1.658858299255371,1.901798963546753,1.9143953323364258,2.2938501834869385
B10,2.3500139713287354,2.413590669631958,2.101940393447876,1.8487423658370972,1.6380516290664673,1.273376703262329,1.0752862691879272,0.7509925961494446,0.6261359453201294,0.5351261496543884,0.7001449465751648,0.9382506608963013,1.2123790979385376,1.5381345748901367,1.7161167860031128,1.425861120223999,1.733278751373291,1.7351568937301636,1.7968825101852417,1.5725845098495483,1.3034627437591553,0.9559001326560974,0.6470400094985962,0.38114696741104126,0.0,0.38454973697662354,0.6817250847816467,0.9889242053031921,1.3768917322158813,1.540857195854187,1.344767689704895,1.6932896375656128,1.6953938007354736,1.877544641494751,1.6581107378005981,1.4631205797195435,1.1045104265213013,0.8776814341545105,0.641402006149292,0.5061754584312439,0.5971319675445557,0.7966675758361816,1.0814718008041382,1.4274743795394897,1.5971879959106445,1.461902141571045,1.8147974014282227,1.8335609436035156,2.0626165866851807,1.8582345247268677,1.7323062419891357,1.406044363975525,1.2487473487854004,1.0615850687026978,0.9966702461242676,1.038351058959961,1.1487290859222412,1.410191535949707,1.653493046760559,1.8265358209609985,1.723559856414795,2.0419299602508545,2.056978225708008,2.309324026107788,2.1171796321868896,2.0483109951019287,1.7757668495178223,1.663469910621643,1.5078593492507935,1.4640287160873413,1.4553287029266357,1.471204161643982,1.6702460050582886,1.6227868795394897,1.989611268043518
B11,2.5494649410247803,2.6462650299072266,2.3575878143310547,2.1161906719207764,1.9367214441299438,1.5941343307495117,1.3421921730041504,1.0456990003585815,0.7894584536552429,0.6278120875358582,0.5497133731842041,0.7037553787231445,0.9037569761276245,1.2039480209350586,1.3618147373199463,1.4224183559417725,1.7665328979492188,1.8492271900177002,1.96501624584198,1.803441047668457,1.5805343389511108,1.2079635858535767,0.9663417935371399,0.6065325736999512,0.38454973697662354,0.0,0.39378055930137634,0.6173338294029236,1.018967628479004,1.1581995487213135,1.3091837167739868,1.6879982948303223,1.7755649089813232,2.0076022148132324,1.8507006168365479,1.6958065032958984,1.3102684020996094,1.1322952508926392,0.8038908839225769,0.6737295985221863,0.514442503452301,0.6453590989112854,0.8088240027427673,1.1304810047149658,1.2677735090255737,1.4088398218154907,1.7794948816299438,1.8784435987472534,2.158219337463379,2.0119969844818115,1.9188295602798462,1.5609947443008423,1.4368689060211182,1.1718944311141968,1.1157017946243286,1.0269049406051636,1.1063661575317383,1.265625,1.4577146768569946,1.5933672189712524,1.6740232706069946,1.9917302131652832,2.0764100551605225,2.3756351470947266,2.234579563140869,2.1922366619110107,1.882943868637085,1.797568678855896,1.5833885669708252,1.5607459545135498,1.4752213954925537,1.5003939867019653,1.6278033256530762,1.5814809799194336,1.923688530921936
B12,2.8810043334960938,2.998223066329956,2.6991608142852783,2.4758524894714355,2.270061731338501,1.9264835119247437,1.6742353439331055,1.3454442024230957,1.095219612121582,0.8182879686355591,0.6783713102340698,0.5906529426574707,0.7957037091255188,0.9951157569885254,1.2300519943237305,1.754567265510559,2.115654945373535,2.219996690750122,2.3528406620025635,2.188091993331909,1.9572466611862183,1.5886380672454834,1.319952368736267,0.9852567911148071,0.6817250847816467,0.39378055930137634,0.0,0.39616531133651733,0.7192366123199463,0.9636257290840149,1.6630746126174927,2.04740309715271,2.159215211868286,2.397785186767578,2.24210524559021,2.0715668201446533,1.6873595714569092,1.4745301008224487,1.1390515565872192,0.9141444563865662,0.6712453365325928,0.5433072447776794,0.6520675420761108,0.8599740266799927,1.0775882005691528,1.737822413444519,2.1151316165924072,2.2449684143066406,2.5286946296691895,2.385324478149414,2.269727945327759,1.9009730815887451,1.7375011444091797,1.4361172914505005,1.2979434728622437,1.1230865716934204,1.0673273801803589,1.1675163507461548,1.2533094882965088,1.435824990272522,1.953369379043579,2.283867597579956,2.4064042568206787,2.7108154296875,2.5721540451049805,2.5032477378845215,2.1700022220611572,2.0473344326019287,1.7840003967285156,1.7006274461746216,1.5340341329574585,1.4803625345230103,1.517562747001648,1.4014166593551636,1.6978715658187866
B13,3.0320396423339844,3.1700851917266846,2.8992271423339844,2.6813406944274902,2.5139856338500977,2.1903798580169678,1.9048336744308472,1.6163030862808228,1.3048226833343506,1.070246696472168,0.7943490147590637,0.6372522115707397,0.6214563250541687,0.7348664402961731,0.8995732665061951,1.7615808248519897,2.128645181655884,2.2958266735076904,2.466033697128296,2.358835220336914,2.1711952686309814,1.7919577360153198,1.580095887184143,1.207873821258545,0.9889242053031921,0.6173338294029236,0.39616531133651733,0.0,0.4106072187423706,0.573656439781189,1.6425318717956543,2.02474045753479,2.203528642654419,2.4763355255126953,2.3789472579956055,2.2518951892852783,1.859118103981018,1.7020362615585327,1.3366320133209229,1.1781898736953735,0.8583673238754272,0.744059145450592,0.6115347146987915,0.7217839360237122,0.8296233415603638,1.7019768953323364,2.0670535564422607,2.259660482406616,2.5797786712646484,2.493252754211426,2.418928623199463,2.0410513877868652,1.9273422956466675,1.59868586063385,1.5111405849456787,1.2752559185028076,1.2388396263122559,1.2145534753799438,1.2424639463424683,1.3348866701126099,1.9206029176712036,2.225966691970825,2.4028117656707764,2.7419023513793945,2.656343460083008,2.6251611709594727,2.278641700744629,2.200432300567627,1.9161933660507202,1.8811767101287842,1.6829860210418701,1.6726254224777222,1.6596819162368774,1.5802439451217651,1.8384987115859985
