,A1,A2,A3,A4,A5,A6,A7,A8,A9,A10,A11,A12,A13,A14,A15,B1,B2,B3,B4,B5,B6,B7,B8,B9,B10,B11,B12,B13,B14,B15,C1,C2,C3,C4,C5,C6,C7,C8,C9,C10,C11,C12,C13,C14,C15,D1,D2,D3,D4,D5,D6,D7,D8,D9,D10,D11,D12,D13,D14,D15,E1,E2,E3,E4,E5,E6,E7,E8,E9,E10,E11,E12,E13,E14,E15
A1,0.0,0.38694626092910767,0.6009871959686279,0.8748999834060669,1.1292463541030884,1.4869122505187988,1.5984277725219727,1.9660725593566895,2.062386989593506,2.446256399154663,2.556493043899536,2.9376091957092285,3.0080814361572266,3.3893003463745117,3.3586924076080322,1.6815590858459473,1.3531944751739502,1.264890432357788,0.9869759678840637,1.1210333108901978,1.4880142211914062,1.6768689155578613,2.044433116912842,2.210763692855835,2.5782010555267334,2.7423150539398193,3.1178534030914307,3.229095935821533,3.604612112045288,3.607557773590088,2.071049451828003,1.851853370666504,1.596588134765625,1.4792636632919312,1.4694304466247559,1.7602704763412476,1.9156492948532104,2.241373300552368,2.4321343898773193,2.7694690227508545,2.9697768688201904,3.325131893157959,3.486051321029663,3.8436148166656494,3.894455909729004,2.491442918777466,2.357410430908203,2.055718421936035,1.9594106674194336,1.893281102180481,2.1407840251922607,2.2673897743225098,2.541957139968872,2.735447406768799,3.0301904678344727,3.257882833480835,3.5769944190979004,3.793735980987549,4.139849662780762,4.230157375335693,2.9354212284088135,2.8877782821655273,2.547650098800659,2.4680886268615723,2.3619720935821533,2.580153703689575,2.689127206802368,2.9165756702423096,3.1102442741394043,3.355943202972412,3.596903085708618,3.8299431800842285,4.130766868591309,4.245351791381836,4.619379043579102
A2,0.38694626092910767,0.0,0.37605276703834534,0.5405262112617493,0.8506812453269958,1.2088944911956787,1.388318657875061,1.7539576292037964,1.9117600917816162,2.293858289718628,2.4546687602996826,2.8388760089874268,2.9528205394744873,3.3367581367492676,3.348355293273926,1.7185425758361816,1.4355285167694092,1.2571274042129517,0.9573264718055725,0.9468647241592407,1.2518436908721924,1.4773119688034058,1.8260918855667114,2.044480562210083,2.4034006595611572,2.6121716499328613,2.988227605819702,3.1391758918762207,3.5196006298065186,3.5594325065612793,2.104705572128296,1.921767234802246,1.6216143369674683,1.4636012315750122,1.3518098592758179,1.5696595907211304,1.7373601198196411,2.0318589210510254,2.2607905864715576,2.581763982772827,2.8195531368255615,3.169955015182495,3.3658626079559326,3.7260689735412598,3.808689594268799,2.492476224899292,2.387497663497925,2.0603582859039307,1.935065746307373,1.792433261871338,1.9757306575775146,2.106464147567749,2.3451526165008545,2.563225507736206,2.835200071334839,3.090951919555664,3.398571014404297,3.6446263790130615,3.990614891052246,4.106026649475098,2.888308048248291,2.87237811088562,2.520441770553589,2.430098295211792,2.264862298965454,2.4289450645446777,2.540821075439453,2.7316884994506836,2.938483476638794,3.157081365585327,3.4145023822784424,3.6276516914367676,3.945530652999878,4.051472187042236,4.430790901184082
A3,0.6009871959686279,0.37605276703834534,0.0,0.3715120553970337,0.6277696490287781,0.9327702522277832,1.1028640270233154,1.453965663909912,1.596835732460022,1.9809731245040894,2.1334855556488037,2.521864175796509,2.6315503120422363,3.018963575363159,3.0371055603027344,1.415188193321228,1.1569737195968628,0.922412097454071,0.6226788759231567,0.5718001127243042,0.899171769618988,1.1183472871780396,1.4768733978271484,1.6862707138061523,2.0523109436035156,2.255580186843872,2.6358749866485596,2.7826426029205322,3.1663732528686523,3.2063369750976562,1.768458366394043,1.6118382215499878,1.2971572875976562,1.151435136795044,1.009002685546875,1.226518154144287,1.3690543174743652,1.6709015369415283,1.889403223991394,2.216655969619751,2.448798894882202,2.8034400939941406,2.9948458671569824,3.35813570022583,3.4384124279022217,2.146913766860962,2.067685842514038,1.740513563156128,1.6376081705093384,1.4785468578338623,1.6554027795791626,1.7540597915649414,1.9928839206695557,2.1964735984802246,2.471256971359253,2.719639539718628,3.0301666259765625,3.2710347175598145,3.6182258129119873,3.730381488800049,2.542969226837158,2.551616907119751,2.2054216861724854,2.1453449726104736,1.9729455709457397,2.1294820308685303,2.208543300628662,2.3949503898620605,2.5838048458099365,2.8029134273529053,3.05066180229187,3.2667603492736816,3.5790913105010986,3.6881625652313232,4.066256999969482
A4,0.8748999834060669,0.5405262112617493,0.3715120553970337,0.0,0.3595176041126251,0.6854733824729919,0.9259578585624695,1.272809624671936,1.488261342048645,1.8574869632720947,2.068082094192505,2.4473876953125,2.6077215671539307,2.9878478050231934,3.049156665802002,1.5508214235305786,1.365437626838684,1.1023824214935303,0.8713237643241882,0.6512653827667236,0.8295935988426208,1.0391511917114258,1.3517504930496216,1.6102733612060547,1.9483466148376465,2.198162794113159,2.5659384727478027,2.7588295936584473,3.1372811794281006,3.220335006713867,1.9490350484848022,1.8491309881210327,1.5255318880081177,1.3852914571762085,1.1524066925048828,1.255967617034912,1.3666659593582153,1.604476809501648,1.8467224836349487,2.133985996246338,2.4001564979553223,2.734128713607788,2.9650697708129883,3.3187413215637207,3.438663959503174,2.3142714500427246,2.2803375720977783,1.9510105848312378,1.8470475673675537,1.6231557130813599,1.715944766998291,1.7894810438156128,1.9670634269714355,2.177440881729126,2.4080021381378174,2.6765382289886475,2.9591288566589355,3.2310094833374023,3.566518783569336,3.7138173580169678,2.677532196044922,2.728466510772705,2.38519549369812,2.332181930541992,2.1100430488586426,2.2014100551605225,2.2637856006622314,2.3957529067993164,2.580085039138794,2.754509687423706,3.0062553882598877,3.1855833530426025,3.508462905883789,3.5911757946014404,3.972290277481079
A5,1.1292463541030884,0.8506812453269958,0.6277696490287781,0.3595176041126251,0.0,0.39095693826675415,0.5827993750572205,0.9356250166893005,1.1627501249313354,1.5230015516281128,1.752413272857666,2.1233506202697754,2.305997848510742,2.6788220405578613,2.761003255844116,1.3867278099060059,1.2836315631866455,1.0295379161834717,0.918180525302887,0.6520519256591797,0.7410741448402405,0.8255208730697632,1.1051162481307983,1.3463003635406494,1.6617071628570557,1.9177253246307373,2.272088050842285,2.48288631439209,2.852294921875,2.9565415382385254,1.852644920349121,1.8212701082229614,1.5196754932403564,1.4495148658752441,1.19664466381073,1.2509435415267944,1.2584524154663086,1.4492247104644775,1.6522576808929443,1.9043998718261719,2.163412094116211,2.4756484031677246,2.7181851863861084,3.056461811065674,3.1960160732269287,2.2430660724639893,2.267465829849243,1.963126540184021,1.9152748584747314,1.6822679042816162,1.7405248880386353,1.7369096279144287,1.8726246356964111,2.0378589630126953,2.232726812362671,2.4828834533691406,2.738901376724243,3.014387369155884,3.332247018814087,3.4999520778656006,2.6282646656036377,2.726762294769287,2.405654191970825,2.404932975769043,2.1796445846557617,2.244084119796753,2.2461764812469482,2.342850923538208,2.481297254562378,2.62393856048584,2.8462934494018555,2.9966518878936768,3.3054933547973633,3.358180522918701,3.7362220287323
A6,1.4869122505187988,1.2088944911956787,0.9327702522277832,0.6854733824729919,0.39095693826675415,0.0,0.3721960186958313,0.6254817247390747,0.9158596396446228,1.246077299118042,1.5142078399658203,1.8738291263580322,2.0877902507781982,2.452604055404663,2.573697328567505,1.3743302822113037,1.361816167831421,1.072007656097412,1.0413821935653687,0.6996381878852844,0.5706930160522461,0.562519907951355,0.7563433051109314,1.0368547439575195,1.3252450227737427,1.6166696548461914,1.9616271257400513,2.2023279666900635,2.5683350563049316,2.703078269958496,1.7721166610717773,1.8051834106445312,1.5118308067321777,1.4600712060928345,1.1535282135009766,1.0953229665756226,1.0254380702972412,1.1377341747283936,1.3399866819381714,1.5560966730117798,1.8364773988723755,2.134995698928833,2.401715040206909,2.735661029815674,2.899514675140381,2.108743906021118,2.185161828994751,1.8968559503555298,1.868332028388977,1.5962148904800415,1.5786833763122559,1.5163259506225586,1.590254783630371,1.7366670370101929,1.8930528163909912,2.1484813690185547,2.3850438594818115,2.6765573024749756,2.987258195877075,3.1736042499542236,2.4468209743499756,2.592498779296875,2.2914412021636963,2.3202686309814453,2.0679869651794434,2.076781988143921,2.0329315662384033,2.080066442489624,2.191399335861206,2.2981395721435547,2.510859727859497,2.637627124786377,2.9475576877593994,2.9883460998535156,3.3665499687194824
A7,1.5984277725219727,1.388318657875061,1.1028640270233154,0.9259578585624695,0.5827993750572205,0.3721960186958313,0.0,0.37545186281204224,0.590957760810852,0.9407749176025391,1.1892311573028564,1.5508148670196533,1.7592777013778687,2.1228461265563965,2.2367911338806152,1.1384180784225464,1.2044340372085571,0.9856255650520325,1.0789601802825928,0.8292382955551147,0.7613241076469421,0.5526407957077026,0.7094969153404236,0.8644289970397949,1.1356496810913086,1.3850656747817993,1.719376802444458,1.9476640224456787,2.3041844367980957,2.4342541694641113,1.6323325634002686,1.7200053930282593,1.478497862815857,1.520236849784851,1.2729731798171997,1.2562475204467773,1.084357738494873,1.1817067861557007,1.2798136472702026,1.468541145324707,1.6947879791259766,1.972556710243225,2.219982147216797,2.5351762771606445,2.695120096206665,2.027773857116699,2.1468262672424316,1.9007201194763184,1.945396065711975,1.7211490869522095,1.733242154121399,1.6011666059494019,1.6710052490234375,1.7402431964874268,1.8788574934005737,2.080596685409546,2.2967190742492676,2.5632033348083496,2.8537354469299316,3.041499614715576,2.430715560913086,2.6013734340667725,2.329881191253662,2.4152283668518066,2.2027339935302734,2.233261823654175,2.134824275970459,2.182340145111084,2.234548330307007,2.333383560180664,2.4962241649627686,2.609307289123535,2.885343551635742,2.8996057510375977,3.268786907196045
A8,1.9660725593566895,1.7539576292037964,1.453965663909912,1.272809624671936,0.9356250166893005,0.6254817247390747,0.37545186281204224,0.0,0.37113282084465027,0.630072295665741,0.9398228526115417,1.271838903427124,1.5252968072891235,1.8695094585418701,2.0314931869506836,1.2426801919937134,1.4022008180618286,1.196821689605713,1.35028874874115,1.0949323177337646,0.9171640872955322,0.6082751750946045,0.5423226952552795,0.637182891368866,0.817327618598938,1.0974982976913452,1.4025899171829224,1.6696007251739502,2.0117738246917725,2.1813623905181885,1.663177251815796,1.8222898244857788,1.6156734228134155,1.6886978149414062,1.4307512044906616,1.3347738981246948,1.0773091316223145,1.0594102144241333,1.0921142101287842,1.1969029903411865,1.4190609455108643,1.6583573818206787,1.929863691329956,2.2261219024658203,2.4172885417938232,2.0050787925720215,2.183314323425293,1.973293662071228,2.0498833656311035,1.814279556274414,1.7660642862319946,1.565515160560608,1.5605772733688354,1.572512149810791,1.6459532976150513,1.8250571489334106,1.9997464418411255,2.2746996879577637,2.5435240268707275,2.7564568519592285,2.367422103881836,2.5880393981933594,2.351369857788086,2.4746103286743164,2.2541632652282715,2.237755060195923,2.084068775177002,2.0771708488464355,2.077331304550171,2.1264781951904297,2.2545130252838135,2.3282105922698975,2.5889530181884766,2.5738959312438965,2.9378128051757812
A9,2.062386989593506,1.9117600917816162,1.596835732460022,1.488261342048645,1.1627501249313354,0.9158596396446228,0.590957760810852,0.37113282084465027,0.0,0.3862153887748718,0.6013824343681335,0.9654410481452942,1.1796115636825562,1.5388634204864502,1.6746407747268677,1.0073553323745728,1.2493091821670532,1.1222912073135376,1.368104338645935,1.2050827741622925,1.0927503108978271,0.723829448223114,0.6670651435852051,0.5339850783348083,0.6914301514625549,0.8597263097763062,1.1666173934936523,1.3873978853225708,1.7297189235687256,1.870719313621521,1.450951337814331,1.6604241132736206,1.518296241760254,1.671708345413208,1.4848939180374146,1.442270040512085,1.1309207677841187,1.1324477195739746,1.0476391315460205,1.1449921131134033,1.2738187313079834,1.5033878087997437,1.724967360496521,2.0101735591888428,2.17314076423645,1.8303461074829102,2.0417919158935547,1.881744146347046,2.0249762535095215,1.8487303256988525,1.8435884714126587,1.5974078178405762,1.6144561767578125,1.5526039600372314,1.633100152015686,1.742916226387024,1.9137972593307495,2.140821933746338,2.3969547748565674,2.5883922576904297,2.2515242099761963,2.4836673736572266,2.2806882858276367,2.4540064334869385,2.2838094234466553,2.30230450630188,2.108386516571045,2.1230568885803223,2.0726170539855957,2.1373884677886963,2.2157578468322754,2.299302101135254,2.5192887783050537,2.4990804195404053,2.849778175354004
A10,2.446256399154663,2.293858289718628,1.9809731245040894,1.8574869632720947,1.5230015516281128,1.246077299118042,0.9407749176025391,0.630072295665741,0.3862153887748718,0.0,0.3760402202606201,0.6468678712844849,0.9388900995254517,1.2549359798431396,1.4562371969223022,1.269195556640625,1.5650217533111572,1.469878911972046,1.736885666847229,1.5742063522338867,1.4190303087234497,1.0434634685516357,0.8660051226615906,0.6451652646064758,0.5634819865226746,0.6758162379264832,0.8835244178771973,1.1473100185394287,1.4484299421310425,1.6415414810180664,1.6403710842132568,1.905368447303772,1.8067926168441772,1.9834104776382446,1.8014593124389648,1.7152667045593262,1.366965889930725,1.2770683765411377,1.1108838319778442,1.0779414176940918,1.1448661088943481,1.2838197946548462,1.5143775939941406,1.7501624822616577,1.95004141330719,1.9650213718414307,2.227724552154541,2.1128106117248535,2.2845897674560547,2.1120667457580566,2.0668158531188965,1.7743449211120605,1.725540041923523,1.5952249765396118,1.592492938041687,1.6443198919296265,1.7429910898208618,1.9584286212921143,2.168069362640381,2.388485908508301,2.347682237625122,2.622309684753418,2.4621715545654297,2.6696577072143555,2.503537178039551,2.4871881008148193,2.2475836277008057,2.212956666946411,2.102285623550415,2.109900951385498,2.130234956741333,2.15859055519104,2.3389902114868164,2.2694830894470215,2.6017658710479736
A11,2.556493043899536,2.4546687602996826,2.1334855556488037,2.068082094192505,1.752413272857666,1.5142078399658203,1.1892311573028564,0.9398228526115417,0.6013824343681335,0.3760402202606201,0.0,0.39036157727241516,0.5857546329498291,0.9384598135948181,1.0976324081420898,1.1528003215789795,1.501104474067688,1.4800833463668823,1.7995269298553467,1.7122116088867188,1.6082463264465332,1.2256911993026733,1.0906546115875244,0.7721781730651855,0.6828665137290955,0.5732734799385071,0.7399177551269531,0.8975985646247864,1.1940261125564575,1.336093783378601,1.482466697692871,1.7868372201919556,1.7586116790771484,1.995938777923584,1.8820589780807495,1.8438169956207275,1.4793399572372437,1.4221417903900146,1.178687334060669,1.1535654067993164,1.1019327640533447,1.2212949991226196,1.3639129400253296,1.5808286666870117,1.7311580181121826,1.8195879459381104,2.106595277786255,2.0474820137023926,2.2743940353393555,2.1618661880493164,2.1584272384643555,1.8431239128112793,1.82411527633667,1.6386059522628784,1.6539840698242188,1.6320093870162964,1.7308709621429443,1.8780364990234375,2.0721354484558105,2.254462718963623,2.247789144515991,2.5242981910705566,2.4022216796875,2.651010274887085,2.536942481994629,2.556253433227539,2.290576219558716,2.283787727355957,2.1342532634735107,2.1662261486053467,2.140700340270996,2.1889967918395996,2.322937250137329,2.2600979804992676,2.571038246154785
A12,2.9376091957092285,2.8388760089874268,2.521864175796509,2.4473876953125,2.1233506202697754,1.8738291263580322,1.5508148670196533,1.271838903427124,0.9654410481452942,0.6468678712844849,0.39036157727241516,0.0,0.37656646966934204,0.6140779852867126,0.8672751188278198,1.4893546104431152,1.8532671928405762,1.8578726053237915,2.1850390434265137,2.1002485752105713,1.9793180227279663,1.5964852571487427,1.417789340019226,1.0936931371688843,0.8890200853347778,0.6943807005882263,0.6338509917259216,0.7635471224784851,0.9502120614051819,1.1407688856124878,1.7620432376861572,2.093714475631714,2.1016201972961426,2.3532848358154297,2.248152494430542,2.1901183128356934,1.8138067722320557,1.7101062536239624,1.4283913373947144,1.3118312358856201,1.182843804359436,1.1768838167190552,1.2808862924575806,1.405611515045166,1.5777300596237183,2.048245668411255,2.3662147521972656,2.348581552505493,2.596066951751709,2.4940218925476074,2.469764471054077,2.131006956100464,2.0715672969818115,1.8387720584869385,1.7889306545257568,1.7004444599151611,1.7185007333755493,1.823887825012207,1.9488029479980469,2.1469480991363525,2.4403445720672607,2.7428858280181885,2.6624653339385986,2.9368627071380615,2.834313154220581,2.833677053451538,2.5380682945251465,2.498414993286133,2.300513505935669,2.286984443664551,2.2004952430725098,2.1967718601226807,2.2722039222717285,2.1573233604431152,2.430905818939209
A13,3.0080814361572266,2.9528205394744873,2.6315503120422363,2.6077215671539307,2.305997848510742,2.0877902507781982,1.7592777013778687,1.5252968072891235,1.1796115636825562,0.9388900995254517,0.5857546329498291,0.37656646966934204,0.0,0.39018693566322327,0.5249606966972351,1.4325898885726929,1.8113497495651245,1.873792052268982,2.2275688648223877,2.2051467895507812,2.1283609867095947,1.7530763149261475,1.6185083389282227,1.2598356008529663,1.1054359674453735,0.8126245737075806,0.7402910590171814,0.6682003140449524,0.8208703994750977,0.8955903649330139,1.6344397068023682,1.982594609260559,2.0533528327941895,2.346642017364502,2.302755117416382,2.2895925045013428,1.9166508913040161,1.853529930114746,1.5382603406906128,1.4600557088851929,1.2562791109085083,1.2563704252243042,1.2494001388549805,1.3556994199752808,1.4421133995056152,1.9178961515426636,2.242724895477295,2.2762818336486816,2.5643951892852783,2.5188825130462646,2.5365476608276367,2.193652629852295,2.171832323074341,1.9117120504379272,1.8973554372787476,1.759239673614502,1.7968560457229614,1.8305696249008179,1.948270320892334,2.087531089782715,2.34566593170166,2.635918140411377,2.5899088382720947,2.893164873123169,2.841020107269287,2.878053903579712,2.572056293487549,2.567507028579712,2.3504879474639893,2.372823715209961,2.2596139907836914,2.2909891605377197,2.330482244491577,2.242539644241333,2.493544578552246
A14,3.3893003463745117,3.3367581367492676,3.018963575363159,2.9878478050231934,2.6788220405578613,2.452604055404663,2.1228461265563965,1.8695094585418701,1.5388634204864502,1.2549359798431396,0.9384598135948181,0.6140779852867126,0.39018693566322327,0.0,0.37243562936782837,1.804772138595581,2.1840786933898926,2.260606050491333,2.6164464950561523,2.5937159061431885,2.5054168701171875,2.1284260749816895,1.9677242040634155,1.6114263534545898,1.403826117515564,1.100681185722351,0.897691011428833,0.7713239192962646,0.7211272120475769,0.8076106905937195,1.9689342975616455,2.325670003890991,2.419787883758545,2.719244956970215,2.6805810928344727,2.6540238857269287,2.275567054748535,2.183241367340088,1.851887583732605,1.7188794612884521,1.4740597009658813,1.3760402202606201,1.3167026042938232,1.3073883056640625,1.3906183242797852,2.2057881355285645,2.5455496311187744,2.6108052730560303,2.910588502883911,2.8735272884368896,2.876777172088623,2.5211241245269775,2.4716529846191406,2.183396816253662,2.1227381229400635,1.9358371496200562,1.904996633529663,1.8892488479614258,1.9301496744155884,2.0693676471710205,2.594454765319824,2.898996591567993,2.888793468475342,3.2089202404022217,3.167736530303955,3.1905624866485596,2.865191698074341,2.8368420600891113,2.5855162143707275,2.5729222297668457,2.4101738929748535,2.3985507488250732,2.3788793087005615,2.2475225925445557,2.4488871097564697
A15,3.3586924076080322,3.348355293273926,3.0371055603027344,3.049156665802002,2.761003255844116,2.573697328567505,2.2367911338806152,2.0314931869506836,1.6746407747268677,1.4562371969223022,1.0976324081420898,0.8672751188278198,0.5249606966972351,0.37243562936782837,0.0,1.7242391109466553,2.0964581966400146,2.2277889251708984,2.596492290496826,2.6301140785217285,2.592827558517456,2.2274234294891357,2.119833469390869,1.753162145614624,1.6105245351791382,1.2840014696121216,1.1495786905288696,0.9359383583068848,0.9046468734741211,0.8260345458984375,1.8661855459213257,2.2137467861175537,2.354259729385376,2.683354377746582,2.6980552673339844,2.722778558731079,2.3591628074645996,2.318495512008667,1.9844634532928467,1.9098665714263916,1.6481151580810547,1.5997427701950073,1.4811489582061768,1.4902138710021973,1.4828401803970337,2.12800669670105,2.4511945247650146,2.5481252670288086,2.8737313747406006,2.8856728076934814,2.937384605407715,2.594372510910034,2.592684268951416,2.3065943717956543,2.296792507171631,2.101306438446045,2.1137421131134033,2.060612916946411,2.1186130046844482,2.199596405029297,2.567542791366577,2.8421080112457275,2.846791982650757,3.1788036823272705,3.1806280612945557,3.247448682785034,2.930574655532837,2.9459292888641357,2.701566696166992,2.7344963550567627,2.5757110118865967,2.6086690425872803,2.5833075046539307,2.4897263050079346,2.6846020221710205
B1,1.6815590858459473,1.7185425758361816,1.415188193321228,1.5508214235305786,1.3867278099060059,1.3743302822113037,1.1384180784225464,1.2426801919937134,1.0073553323745728,1.269195556640625,1.1528003215789795,1.4893546104431152,1.4325898885726929,1.804772138595581,1.7242391109466553,0.0,0.3794037997722626,0.5614974498748779,0.9265183210372925,1.0963225364685059,1.2733941078186035,1.0575627088546753,1.273075819015503,1.1096532344818115,1.3949425220489502,1.3524370193481445,1.6792649030685425,1.67633056640625,2.0231881141662598,1.9699100255966187,0.7692321538925171,0.8834590315818787,0.8693467974662781,1.1703110933303833,1.2410274744033813,1.4596389532089233,1.2572304010391235,1.4935492277145386,1.3949528932571411,1.6642032861709595,1.6770668029785156,1.981027603149414,2.037712574005127,2.3502895832061768,2.352588653564453,1.3503166437149048,1.455757975578308,1.3441723585128784,1.5711513757705688,1.5899561643600464,1.7996413707733154,1.6272698640823364,1.8397706747055054,1.7887414693832397,2.0316812992095947,2.0899832248687744,2.3622264862060547,2.478327512741089,2.7723429203033447,2.835350275039673,1.96235990524292,2.07379412651062,1.874893307685852,2.065537929534912,2.0435876846313477,2.235351324081421,2.0900933742523193,2.268373727798462,2.2502219676971436,2.4621901512145996,2.5454225540161133,2.752732753753662,2.944730758666992,3.0170843601226807,3.350949287414551
B2,1.3531944751739502,1.4355285167694092,1.1569737195968628,1.365437626838684,1.2836315631866455,1.361816167831421,1.2044340372085571,1.4022008180618286,1.2493091821670532,1.5650217533111572,1.501104474067688,1.8532671928405762,1.8113497495651245,2.1840786933898926,2.0964581966400146,0.3794037997722626,0.0,0.3749247193336487,0.6592610478401184,0.9367238283157349,1.2183910608291626,1.1136527061462402,1.4104070663452148,1.3359344005584717,1.6679656505584717,1.673269271850586,2.0210535526275635,2.0291616916656494,2.3845832347869873,2.32399320602417,0.8617300391197205,0.805745005607605,0.725070595741272,0.973915159702301,1.095273494720459,1.3957916498184204,1.2933038473129272,1.59645414352417,1.5760571956634521,1.8925740718841553,1.9488332271575928,2.281010389328003,2.348051071166992,2.679266929626465,2.6731293201446533,1.4269757270812988,1.4338407516479492,1.267133116722107,1.4357496500015259,1.4760777950286865,1.743330717086792,1.6510893106460571,1.91631281375885,1.9311693906784058,2.215634822845459,2.3150482177734375,2.6176369190216064,2.7470715045928955,3.063105583190918,3.1138784885406494,2.0273635387420654,2.0746073722839355,1.8337175846099854,1.9656002521514893,1.9517955780029297,2.1854093074798584,2.104383707046509,2.3248965740203857,2.3646936416625977,2.610701322555542,2.7369017601013184,2.9717888832092285,3.1900548934936523,3.2897486686706543,3.633188009262085
B3,1.264890432357788,1.2571274042129517,0.922412097454071,1.1023824214935303,1.0295379161834717,1.072007656097412,0.9856255650520325,1.196821689605713,1.1222912073135376,1.469878911972046,1.4800833463668823,1.8578726053237915,1.873792052268982,2.260606050491333,2.2277889251708984,0.5614974498748779,0.3749247193336487,0.0,0.3728889524936676,0.5819198489189148,0.8518745303153992,0.7973546981811523,1.1275743246078491,1.130453109741211,1.4973249435424805,1.5720726251602173,1.9477499723434448,2.006706953048706,2.384690999984741,2.3652703762054443,0.8837080597877502,0.8197187185287476,0.5885173082351685,0.7356855869293213,0.7560855746269226,1.037854552268982,0.9637736082077026,1.287838101387024,1.3331108093261719,1.6746816635131836,1.791998028755188,2.1478452682495117,2.259126901626587,2.6142666339874268,2.6390364170074463,1.362619400024414,1.3665660619735718,1.1270432472229004,1.2282153367996216,1.1867517232894897,1.4211596250534058,1.3502185344696045,1.6143096685409546,1.6782927513122559,1.971511721611023,2.1202917098999023,2.43691349029541,2.60475754737854,2.9403698444366455,3.009948968887329,1.888449788093567,1.9488251209259033,1.6698341369628906,1.7654331922531128,1.689395546913147,1.8899180889129639,1.828304648399353,2.0361287593841553,2.1110525131225586,2.353424072265625,2.5171422958374023,2.7537832260131836,3.0048460960388184,3.116564989089966,3.474534511566162
B4,0.9869759678840637,0.9573264718055725,0.6226788759231567,0.8713237643241882,0.918180525302887,1.0413821935653687,1.0789601802825928,1.35028874874115,1.368104338645935,1.736885666847229,1.7995269298553467,2.1850390434265137,2.2275688648223877,2.6164464950561523,2.596492290496826,0.9265183210372925,0.6592610478401184,0.3728889524936676,0.0,0.3950403034687042,0.7724679112434387,0.8866000175476074,1.2539646625518799,1.3556631803512573,1.7368255853652954,1.862635612487793,2.2475128173828125,2.3309459686279297,2.715479850769043,2.7076170444488525,1.152565598487854,0.992638111114502,0.6849300265312195,0.6342675089836121,0.6155043840408325,0.9487478733062744,1.0151395797729492,1.3695765733718872,1.5058176517486572,1.8661854267120361,2.033188819885254,2.4028091430664062,2.5371451377868652,2.9053118228912354,2.93843412399292,1.547635793685913,1.4779462814331055,1.1771968603134155,1.1633535623550415,1.0865002870559692,1.3403340578079224,1.370341420173645,1.6590867042541504,1.7997503280639648,2.111525535583496,2.307718276977539,2.6401844024658203,2.8315789699554443,3.1830787658691406,3.253910779953003,2.002322196960449,2.0157430171966553,1.6943036317825317,1.7071791887283325,1.6010175943374634,1.811583161354065,1.8266351222991943,2.0534133911132812,2.19299054145813,2.4497125148773193,2.659754753112793,2.909205198287964,3.1898133754730225,3.3212478160858154,3.6880340576171875
B5,1.1210333108901978,0.9468647241592407,0.5718001127243042,0.6512653827667236,0.6520519256591797,0.6996381878852844,0.8292382955551147,1.0949323177337646,1.2050827741622925,1.5742063522338867,1.7122116088867188,2.1002485752105713,2.2051467895507812,2.5937159061431885,2.6301140785217285,1.0963225364685059,0.9367238283157349,0.5819198489189148,0.3950403034687042,0.0,0.4068024158477783,0.6075305938720703,0.9743853807449341,1.168581485748291,1.5446885824203491,1.7414273023605347,2.1278302669525146,2.270395278930664,2.6595282554626465,2.704216718673706,1.331904649734497,1.2466307878494263,0.9133361577987671,0.8011298775672913,0.5607902407646179,0.7348968982696533,0.8064571022987366,1.121363639831543,1.3238060474395752,1.6640945672988892,1.8908084630966187,2.254300594329834,2.4410781860351562,2.8115134239196777,2.8906638622283936,1.6640079021453857,1.6437286138534546,1.323388695716858,1.2662222385406494,1.0640803575515747,1.2024133205413818,1.2254588603973389,1.4564028978347778,1.6333571672439575,1.9119988679885864,2.150784492492676,2.4671926498413086,2.7019758224487305,3.0528130531311035,3.1607275009155273,2.0400748252868652,2.1011831760406494,1.7714837789535522,1.769797444343567,1.5789426565170288,1.705092191696167,1.7164912223815918,1.885992169380188,2.0407509803771973,2.257457971572876,2.4898908138275146,2.7106683254241943,3.0156092643737793,3.132277488708496,3.5084779262542725
B6,1.4880142211914062,1.2518436908721924,0.899171769618988,0.8295935988426208,0.7410741448402405,0.5706930160522461,0.7613241076469421,0.9171640872955322,1.0927503108978271,1.4190303087234497,1.6082463264465332,1.9793180227279663,2.1283609867095947,2.5054168701171875,2.592827558517456,1.2733941078186035,1.2183910608291626,0.8518745303153992,0.7724679112434387,0.4068024158477783,0.0,0.38321205973625183,0.6667529344558716,0.9476158022880554,1.2961175441741943,1.5485124588012695,1.9248682260513306,2.1113884449005127,2.4977643489837646,2.585550308227539,1.4248712062835693,1.4156835079193115,1.0932124853134155,0.9737969040870667,0.6190069317817688,0.5308712124824524,0.5486896634101868,0.783964991569519,1.047885775566101,1.3610708713531494,1.6381217241287231,1.9924055337905884,2.2191312313079834,2.589686632156372,2.7044241428375244,1.661718726158142,1.6988927125930786,1.387902021408081,1.321001648902893,1.028136968612671,1.0226818323135376,0.9989166259765625,1.1502689123153687,1.3480128049850464,1.5897935628890991,1.8623548746109009,2.16353440284729,2.4312078952789307,2.7805752754211426,2.9151721000671387,1.9441407918930054,2.060567855834961,1.7446321249008179,1.753597617149353,1.4981626272201538,1.5289759635925293,1.5067884922027588,1.6083956956863403,1.7601710557937622,1.9353814125061035,2.181039571762085,2.377645969390869,2.699934482574463,2.8098084926605225,3.1906139850616455
B7,1.6768689155578613,1.4773119688034058,1.1183472871780396,1.0391511917114258,0.8255208730697632,0.562519907951355,0.5526407957077026,0.6082751750946045,0.723829448223114,1.0434634685516357,1.2256911993026733,1.5964852571487427,1.7530763149261475,2.1284260749816895,2.2274234294891357,1.0575627088546753,1.1136527061462402,0.7973546981811523,0.8866000175476074,0.6075305938720703,0.38321205973625183,0.0,0.3760037422180176,0.5932414531707764,0.9528178572654724,1.1961555480957031,1.5726855993270874,1.7663596868515015,2.1499080657958984,2.249803304672241,1.2814141511917114,1.3661314249038696,1.1030573844909668,1.1116615533828735,0.8277111649513245,0.7477582693099976,0.5320630073547363,0.6855972409248352,0.8315930962562561,1.114283561706543,1.3614788055419922,1.7005583047866821,1.9279848337173462,2.2853269577026367,2.4117894172668457,1.5686602592468262,1.6829779148101807,1.426822304725647,1.4583321809768677,1.2120602130889893,1.2007970809936523,1.049917221069336,1.1490797996520996,1.2432128190994263,1.444489598274231,1.670401692390442,1.945016622543335,2.2031919956207275,2.533374786376953,2.6833810806274414,1.908100962638855,2.0787220001220703,1.805126667022705,1.8922356367111206,1.6711591482162476,1.694717288017273,1.5849416255950928,1.6528747081756592,1.7215354442596436,1.8644620180130005,2.054448366165161,2.222764015197754,2.5163333415985107,2.591679573059082,2.9683101177215576
B8,2.044433116912842,1.8260918855667114,1.4768733978271484,1.3517504930496216,1.1051162481307983,0.7563433051109314,0.7094969153404236,0.5423226952552795,0.6670651435852051,0.8660051226615906,1.0906546115875244,1.417789340019226,1.6185083389282227,1.9677242040634155,2.119833469390869,1.273075819015503,1.4104070663452148,1.1275743246078491,1.2539646625518799,0.9743853807449341,0.6667529344558716,0.3760037422180176,0.0,0.377409964799881,0.6514289975166321,0.9604326486587524,1.3094799518585205,1.5528457164764404,1.9225181341171265,2.0707106590270996,1.4274630546569824,1.5840400457382202,1.3627883195877075,1.391382098197937,1.1003183126449585,0.904915452003479,0.5993468761444092,0.5170985460281372,0.6129963397979736,0.8015633225440979,1.0882116556167603,1.3978519439697266,1.6679327487945557,2.0128235816955566,2.18036150932312,1.63320791721344,1.8115885257720947,1.5964003801345825,1.648887276649475,1.381969690322876,1.2737230062484741,1.0439646244049072,1.0183714628219604,1.0558178424835205,1.1724412441253662,1.3996411561965942,1.6350855827331543,1.9202903509140015,2.235139846801758,2.4185736179351807,1.8979926109313965,2.1277310848236084,1.8936760425567627,2.0123367309570312,1.7708505392074585,1.7201660871505737,1.5501033067703247,1.535216212272644,1.550245761871338,1.6260348558425903,1.791729211807251,1.9155571460723877,2.2078893184661865,2.2571542263031006,2.634838581085205
B9,2.210763692855835,2.044480562210083,1.6862707138061523,1.6102733612060547,1.3463003635406494,1.0368547439575195,0.8644289970397949,0.637182891368866,0.5339850783348083,0.6451652646064758,0.7721781730651855,1.0936931371688843,1.2598356008529663,1.6114263534545898,1.753162145614624,1.1096532344818115,1.3359344005584717,1.130453109741211,1.3556631803512573,1.168581485748291,0.9476158022880554,0.5932414531707764,0.377409964799881,0.0,0.3824831247329712,0.6085512042045593,0.9807210564613342,1.1941893100738525,1.5708400011062622,1.7040061950683594,1.2407257556915283,1.4734984636306763,1.3300036191940308,1.4542505741119385,1.2463593482971191,1.1144719123840332,0.7428053021430969,0.660317599773407,0.5140873193740845,0.6592369675636292,0.8348783254623413,1.1412941217422485,1.3731882572174072,1.712491512298584,1.8628346920013428,1.4661872386932373,1.7034380435943604,1.554383635520935,1.6912424564361572,1.493990182876587,1.4277364015579224,1.129443883895874,1.1081069707870483,1.0190742015838623,1.117261290550232,1.24883234500885,1.4701024293899536,1.7089896202087402,2.0088672637939453,2.17976713180542,1.7872929573059082,2.048008918762207,1.8621861934661865,2.0480995178222656,1.8640564680099487,1.8430343866348267,1.6122117042541504,1.6057976484298706,1.5391466617584229,1.6144311428070068,1.7068709135055542,1.8277684450149536,2.0706117153167725,2.1040449142456055,2.469043731689453
B10,2.5782010555267334,2.4034006595611572,2.0523109436035156,1.9483466148376465,1.6617071628570557,1.3252450227737427,1.1356496810913086,0.817327618598938,0.6914301514625549,0.5634819865226746,0.6828665137290955,0.8890200853347778,1.1054359674453735,1.403826117515564,1.6105245351791382,1.3949425220489502,1.6679656505584717,1.4973249435424805,1.7368255853652954,1.5446885824203491,1.2961175441741943,0.9528178572654724,0.6514289975166321,0.3824831247329712,0.0,0.3747140169143677,0.6670511364936829,0.9574114084243774,1.3010015487670898,1.5000272989273071,1.4931021928787231,1.772674798965454,1.6702582836151123,1.809935212135315,1.6059397459030151,1.4326739311218262,1.0556151866912842,0.8586723208427429,0.6227263808250427,0.514929473400116,0.6325141787528992,0.8424420952796936,1.1205846071243286,1.4222522974014282,1.6268466711044312,1.654110074043274,1.9405853748321533,1.8387519121170044,1.995593547821045,1.8004957437515259,1.685247540473938,1.3505162000656128,1.235792875289917,1.063224196434021,1.0299501419067383,1.0952949523925781,1.2274709939956665,1.4739152193069458,1.7318183183670044,1.9452309608459473,1.9126272201538086,2.219768524169922,2.0825963020324707,2.2970471382141113,2.1137027740478516,2.045783042907715,1.7697818279266357,1.6939457654953003,1.555270791053772,1.5477070808410645,1.5723923444747925,1.6221603155136108,1.8306949138641357,1.8108408451080322,2.1665618419647217
B11,2.7423150539398193,2.6121716499328613,2.255580186843872,2.198162794113159,1.9177253246307373,1.6166696548461914,1.3850656747817993,1.0974982976913452,0.8597263097763062,0.6758162379264832,0.5732734799385071,0.6943807005882263,0.8126245737075806,1.100681185722351,1.2840014696121216,1.3524370193481445,1.673269271850586,1.5720726251602173,1.862635612487793,1.7414273023605347,1.5485124588012695,1.1961555480957031,0.9604326486587524,0.6085512042045593,0.3747140169143677,0.0,0.38866907358169556,0.5986635088920593,0.9646530747413635,1.1327614784240723,1.3817405700683594,1.710946798324585,1.6848318576812744,1.8878225088119507,1.754690408706665,1.6333389282226562,1.2455118894577026,1.0934085845947266,0.7658252716064453,0.6504277586936951,0.5294511914253235,0.6912886500358582,0.867469072341919,1.1586589813232422,1.3232760429382324,1.5313166379928589,1.8575735092163086,1.823867678642273,2.0429165363311768,1.913295030593872,1.8408153057098389,1.48078191280365,1.3955687284469604,1.1452374458312988,1.116957426071167,1.0605688095092773,1.17301344871521,1.330319881439209,1.5650298595428467,1.7438987493515015,1.8262696266174316,2.1473374366760254,2.061311721801758,2.326441764831543,2.2008137702941895,2.1672041416168213,1.8572412729263306,1.8057817220687866,1.6094245910644531,1.6186442375183105,1.570561170578003,1.6309212446212769,1.7720441818237305,1.7489036321640015,2.0774881839752197
B12,3.1178534030914307,2.988227605819702,2.6358749866485596,2.5659384727478027,2.272088050842285,1.9616271257400513,1.719376802444458,1.4025899171829224,1.1666173934936523,0.8835244178771973,0.7399177551269531,0.6338509917259216,0.7402910590171814,0.897691011428833,1.1495786905288696,1.6792649030685425,2.0210535526275635,1.9477499723434448,2.2475128173828125,2.1278302669525146,1.9248682260513306,1.5726855993270874,1.3094799518585205,0.9807210564613342,0.6670511364936829,0.38866907358169556,0.0,0.37875521183013916,0.6469616293907166,0.9089739918708801,1.6885157823562622,2.038261651992798,2.045309066772461,2.2602078914642334,2.1352968215942383,1.998292326927185,1.611637830734253,1.419671893119812,1.082413911819458,0.8560754656791687,0.6310654878616333,0.5452398657798767,0.6833698153495789,0.8683951497077942,1.0889846086502075,1.7882269620895386,2.1399013996124268,2.14809250831604,2.3827548027038574,2.2638401985168457,2.169694423675537,1.7966891527175903,1.6660988330841064,1.372668743133545,1.2531646490097046,1.104507565498352,1.090522289276123,1.194893717765808,1.3440823554992676,1.554301142692566,2.030406951904297,2.37658953666687,2.337660551071167,2.6243414878845215,2.510432481765747,2.4524776935577393,2.1162643432617188,2.023571729660034,1.773064374923706,1.7185574769973755,1.5899842977523804,1.5766308307647705,1.642385482788086,1.5530298948287964,1.8445523977279663
B13,3.229095935821533,3.1391758918762207,2.7826426029205322,2.7588295936584473,2.48288631439209,2.2023279666900635,1.9476640224456787,1.6696007251739502,1.3873978853225708,1.1473100185394287,0.8975985646247864,0.7635471224784851,0.6682003140449524,0.7713239192962646,0.9359383583068848,1.67633056640625,2.0291616916656494,2.006706953048706,2.3309459686279297,2.270395278930664,2.1113884449005127,1.7663596868515015,1.5528457164764404,1.1941893100738525,0.9574114084243774,0.5986635088920593,0.37875521183013916,0.0,0.39117586612701416,0.547525942325592,1.592119812965393,1.9615509510040283,2.0338971614837646,2.289072036743164,2.2266032695770264,2.1347997188568115,1.7544962167739868,1.6095671653747559,1.2422386407852173,1.0753103494644165,0.7575106620788574,0.6739723682403564,0.5835356116294861,0.734028697013855,0.8373047113418579,1.6606299877166748,2.0281407833099365,2.0978078842163086,2.3762547969818115,2.317976474761963,2.266151189804077,1.8892823457717896,1.8002042770385742,1.4748642444610596,1.3985177278518677,1.178043007850647,1.1818690299987793,1.1690378189086914,1.2984964847564697,1.4289621114730835,1.9241681098937988,2.264895439147949,2.2729458808898926,2.594910144805908,2.5370023250579834,2.5169830322265625,2.1667304039001465,2.111398696899414,1.8340269327163696,1.8198204040527344,1.6504067182540894,1.6776968240737915,1.685896396636963,1.62852144241333,1.881345510482788
