,A1,A2,A3,A4,A5,A6,A7,A8,A9,A10,A11,A12,A13,A14,A15,B1,B2,B3,B4,B5,B6,B7,B8,B9,B10,B11,B12,B13,B14,B15,C1,C2,C3,C4,C5,C6,C7,C8,C9,C10,C11,C12,C13,C14,C15,D1,D2,D3,D4,D5,D6,D7,D8,D9,D10,D11,D12,D13,D14,D15,E1,E2,E3,E4,E5,E6,E7,E8,E9,E10,E11,E12,E13,E14,E15
A1,0.0,0.3991318345069885,0.5763188004493713,0.8983349800109863,1.1241742372512817,1.496634840965271,1.6958041191101074,2.063419818878174,2.310347318649292,2.663505792617798,2.91361403465271,3.2831597328186035,3.4571990966796875,3.8175628185272217,3.7720141410827637,2.045598268508911,1.7824689149856567,1.4532444477081299,1.2706471681594849,1.3156728744506836,1.6140494346618652,1.8591617345809937,2.1874606609344482,2.4644391536712646,2.7822229862213135,3.065843343734741,3.416537284851074,3.621471881866455,4.009241580963135,3.959487199783325,2.247736692428589,2.0600757598876953,1.7429133653640747,1.6385868787765503,1.661653995513916,1.915809154510498,2.1267073154449463,2.4065752029418945,2.670184373855591,2.950300455093384,3.2383246421813965,3.5643153190612793,3.8028054237365723,4.190713405609131,4.163975238800049,2.555563449859619,2.434776782989502,2.138967752456665,2.071577310562134,2.065451145172119,2.2811050415039062,2.4742937088012695,2.6996138095855713,2.9377403259277344,3.180274486541748,3.460408926010132,3.7565155029296875,4.0334625244140625,4.417492389678955,4.4271697998046875,2.922431707382202,2.8670878410339355,2.598280429840088,2.5674595832824707,2.5077078342437744,2.6998836994171143,2.885780096054077,3.0587167739868164,3.272951126098633,3.477421522140503,3.74300479888916,3.9431493282318115,4.28164529800415,4.368544578552246,4.747272491455078
A2,0.3991318345069885,0.0,0.3784840404987335,0.5794216990470886,0.8538927435874939,1.2091827392578125,1.3772318363189697,1.749747633934021,1.9742454290390015,2.3408358097076416,2.5752508640289307,2.9540882110595703,3.11504864692688,3.465208053588867,3.408843755722046,1.6626192331314087,1.4004309177398682,1.06119966506958,0.8744639158248901,0.9523522257804871,1.2840521335601807,1.5047107934951782,1.8494962453842163,2.1092162132263184,2.4427850246429443,2.712514877319336,3.0732522010803223,3.2613556385040283,3.6446189880371094,3.5820486545562744,1.85023033618927,1.662491798400879,1.350502371788025,1.276934027671814,1.3232698440551758,1.5934582948684692,1.773097038269043,2.064298152923584,2.3113300800323486,2.6062872409820557,2.881899356842041,3.2182061672210693,3.4401180744171143,3.8249831199645996,3.7844631671905518,2.165163993835449,2.0483129024505615,1.7674916982650757,1.736709475517273,1.7478240728378296,1.9707720279693604,2.131964683532715,2.362896680831909,2.583310842514038,2.8383452892303467,3.106480598449707,3.4119176864624023,3.673614740371704,4.055055141448975,4.05169153213501,2.5480124950408936,2.4981186389923096,2.2491371631622314,2.254509210586548,2.203643560409546,2.401564359664917,2.557192087173462,2.7321157455444336,2.9274771213531494,3.142186403274536,3.396350622177124,3.6081082820892334,3.9383397102355957,4.032367706298828,4.41007137298584
A3,0.5763188004493713,0.3784840404987335,0.0,0.39650586247444153,0.5482574105262756,0.9249686598777771,1.1325147151947021,1.4937825202941895,1.759656310081482,2.1040756702423096,2.372523069381714,2.7383079528808594,2.9350497722625732,3.302142858505249,3.284754514694214,1.6005041599273682,1.4097450971603394,1.0654246807098389,0.9258453249931335,0.8699350357055664,1.1115882396697998,1.3297728300094604,1.635722041130066,1.9173179864883423,2.2201364040374756,2.5140035152435303,2.8567142486572266,3.078707695007324,3.4720261096954346,3.4465172290802,1.8157572746276855,1.702213168144226,1.3997222185134888,1.3527777194976807,1.3015910387039185,1.486477255821228,1.6537801027297974,1.8945492506027222,2.146610736846924,2.4047293663024902,2.693857431411743,3.0073277950286865,3.258633613586426,3.6483054161071777,3.6433961391448975,2.1460137367248535,2.0941569805145264,1.8301591873168945,1.8159167766571045,1.7541377544403076,1.9061020612716675,2.0530169010162354,2.2319586277008057,2.446765899658203,2.6626057624816895,2.935082197189331,3.2141408920288086,3.499833822250366,3.880850076675415,3.911386013031006,2.540393352508545,2.5471572875976562,2.314793586730957,2.333413600921631,2.2241132259368896,2.364262342453003,2.5046892166137695,2.63110089302063,2.815486192703247,2.990804672241211,3.2389097213745117,3.417633295059204,3.7511425018310547,3.819031238555908,4.198942184448242
A4,0.8983349800109863,0.5794216990470886,0.39650586247444153,0.0,0.38137757778167725,0.6565650701522827,0.8847528100013733,1.2353553771972656,1.5008436441421509,1.8560144901275635,2.1229450702667236,2.499513864517212,2.6964914798736572,3.0497467517852783,3.0305933952331543,1.3340734243392944,1.1856904029846191,0.8197060227394104,0.626746416091919,0.47903141379356384,0.7284076809883118,0.9662414789199829,1.2940081357955933,1.585654854774475,1.9075795412063599,2.2033491134643555,2.55996036529541,2.775437116622925,3.167008876800537,3.136319160461426,1.4712520837783813,1.3785789012908936,1.062682032585144,1.012669563293457,0.9243180751800537,1.0995664596557617,1.259952425956726,1.5158345699310303,1.7761788368225098,2.05269455909729,2.3463287353515625,2.6754770278930664,2.920074224472046,3.313549280166626,3.3008832931518555,1.7696573734283447,1.7356597185134888,1.4724984169006348,1.4692500829696655,1.387874960899353,1.527217149734497,1.6585866212844849,1.842302918434143,2.0590438842773438,2.288541555404663,2.5647594928741455,2.8582003116607666,3.1380486488342285,3.5238335132598877,3.544288396835327,2.152670383453369,2.176023006439209,1.9513777494430542,1.9861077070236206,1.8628534078598022,1.9929088354110718,2.1158607006073,2.241563558578491,2.422517776489258,2.6072425842285156,2.8581345081329346,3.0510995388031006,3.3856749534606934,3.471658229827881,3.8501205444335938
A5,1.1241742372512817,0.8538927435874939,0.5482574105262756,0.38137757778167725,0.0,0.39251479506492615,0.6076183915138245,0.9528094530105591,1.245642066001892,1.5755655765533447,1.8661916255950928,2.2256948947906494,2.4484691619873047,2.8200762271881104,2.8353281021118164,1.2530077695846558,1.1850032806396484,0.8776190876960754,0.8409371376037598,0.6470946669578552,0.7294056415557861,0.866994321346283,1.124466896057129,1.40606689453125,1.6862326860427856,1.991085410118103,2.3232316970825195,2.5640816688537598,2.9621798992156982,2.9643566608428955,1.4730415344238281,1.4669198989868164,1.2182390689849854,1.2553313970565796,1.121572732925415,1.187535047531128,1.2704002857208252,1.4428846836090088,1.668750286102295,1.8945319652557373,2.180980682373047,2.4780595302581787,2.742403030395508,3.1324658393859863,3.1518211364746094,1.8187922239303589,1.855289101600647,1.6497843265533447,1.7029099464416504,1.5856324434280396,1.6492419242858887,1.7234772443771362,1.8349665403366089,2.010256767272949,2.1893067359924316,2.4470982551574707,2.7040977478027344,2.9970929622650146,3.3726229667663574,3.4258041381835938,2.2349772453308105,2.3138275146484375,2.1354730129241943,2.211351156234741,2.056118965148926,2.1315457820892334,2.2089500427246094,2.275838851928711,2.416548728942871,2.5546622276306152,2.7766900062561035,2.92954421043396,3.254122495651245,3.299694776535034,3.6801931858062744
A6,1.496634840965271,1.2091827392578125,0.9249686598777771,0.6565650701522827,0.39251479506492615,0.0,0.3823865056037903,0.6376919746398926,0.9750381112098694,1.2797375917434692,1.5962969064712524,1.9482487440109253,2.198138952255249,2.563542604446411,2.607271194458008,1.1534963846206665,1.202196717262268,0.9492873549461365,0.9411901235580444,0.6504882574081421,0.5079054236412048,0.5714719295501709,0.7584660649299622,1.068176507949829,1.3284481763839722,1.6559804677963257,1.9826325178146362,2.2441651821136475,2.645207166671753,2.6719489097595215,1.301710605621338,1.3861926794052124,1.1799267530441284,1.2420713901519775,1.0321098566055298,0.9733628630638123,0.9940451383590698,1.0966649055480957,1.319054126739502,1.5188243389129639,1.8178869485855103,2.107534170150757,2.388456106185913,2.7834901809692383,2.8235249519348145,1.6082760095596313,1.715904712677002,1.549055814743042,1.6265789270401,1.4551831483840942,1.4358890056610107,1.4615987539291382,1.5138731002807617,1.6703563928604126,1.8197426795959473,2.078390598297119,2.323561191558838,2.6283159255981445,3.005474805831909,3.075334310531616,2.0060856342315674,2.1415772438049316,1.9963862895965576,2.0959677696228027,1.8998786211013794,1.9165873527526855,1.9536925554275513,1.9725738763809204,2.089613199234009,2.1984076499938965,2.411041259765625,2.5479185581207275,2.872945785522461,2.913257360458374,3.2936525344848633
A7,1.6958041191101074,1.3772318363189697,1.1325147151947021,0.8847528100013733,0.6076183915138245,0.3823865056037903,0.0,0.37676066160202026,0.6385635733604431,0.9774223566055298,1.2619696855545044,1.6257551908493042,1.85115385055542,2.220756769180298,2.253554344177246,0.8580001592636108,0.9753157496452332,0.8305320739746094,0.9780779480934143,0.803242564201355,0.700376570224762,0.5306781530380249,0.664328396320343,0.8544453978538513,1.1184449195861816,1.3997642993927002,1.729295015335083,1.962687373161316,2.3604936599731445,2.3728272914886475,1.111446499824524,1.2466257810592651,1.1415122747421265,1.3195382356643677,1.1867480278015137,1.1387192010879517,1.031217098236084,1.0933644771575928,1.2094502449035645,1.3993709087371826,1.641455054283142,1.9242138862609863,2.1734225749969482,2.5540435314178467,2.5794434547424316,1.4955726861953735,1.6318291425704956,1.5454990863800049,1.7113500833511353,1.5963064432144165,1.5835646390914917,1.5213757753372192,1.5501255989074707,1.6242523193359375,1.7655609846115112,1.9683245420455933,2.2023890018463135,2.4745476245880127,2.832772731781006,2.893234968185425,1.9517332315444946,2.0996713638305664,2.0181593894958496,2.185730457305908,2.0272037982940674,2.0528290271759033,2.0237936973571777,2.0293796062469482,2.08203387260437,2.186861753463745,2.3485829830169678,2.481375217437744,2.7747604846954346,2.7934670448303223,3.172244071960449
A8,2.063419818878174,1.749747633934021,1.4937825202941895,1.2353553771972656,0.9528094530105591,0.6376919746398926,0.37676066160202026,0.0,0.37860316038131714,0.6420891284942627,0.9703952074050903,1.3120862245559692,1.5774849653244019,1.9467277526855469,2.025324821472168,0.9486607313156128,1.183396577835083,1.12257719039917,1.286603569984436,1.088106393814087,0.8720412850379944,0.5979176759719849,0.4881589114665985,0.5956278443336487,0.7756602764129639,1.0731323957443237,1.3787118196487427,1.6431843042373657,2.0449118614196777,2.0972588062286377,1.1423178911209106,1.3764523267745972,1.3423093557357788,1.539497971534729,1.3713366985321045,1.225184440612793,1.0334389209747314,0.9616583585739136,0.9987382888793945,1.1074141263961792,1.3324687480926514,1.5814251899719238,1.8495030403137207,2.2278542518615723,2.287226676940918,1.4792033433914185,1.6940609216690063,1.6696088314056396,1.8608237504959106,1.7135485410690308,1.6234683990478516,1.4952656030654907,1.4344919919967651,1.4441769123077393,1.519301414489746,1.690906286239624,1.8859518766403198,2.1654999256134033,2.5131447315216064,2.6029410362243652,1.9095414876937866,2.1178572177886963,2.0874252319335938,2.2816429138183594,2.096220016479492,2.062152624130249,1.97867751121521,1.9192726612091064,1.9188979864120483,1.970768928527832,2.094083547592163,2.1887919902801514,2.466843843460083,2.4565422534942627,2.8335530757904053
A9,2.310347318649292,1.9742454290390015,1.759656310081482,1.5008436441421509,1.245642066001892,0.9750381112098694,0.6385635733604431,0.37860316038131714,0.0,0.3867322504520416,0.627161979675293,1.000422716140747,1.2240018844604492,1.590145468711853,1.6514108180999756,0.7956693768501282,1.1120308637619019,1.1748319864273071,1.4191596508026123,1.3037950992584229,1.1327205896377563,0.7832959294319153,0.6425536274909973,0.4971456825733185,0.6418299674987793,0.8239002227783203,1.1362417936325073,1.346146821975708,1.740250587463379,1.7673805952072144,1.030184030532837,1.3136265277862549,1.3862636089324951,1.656193733215332,1.5536177158355713,1.4292176961898804,1.1582144498825073,1.0631015300750732,0.9654816389083862,1.0543417930603027,1.1783498525619507,1.4167506694793701,1.6265583038330078,1.9821041822433472,2.01466703414917,1.3970812559127808,1.6361627578735352,1.6963226795196533,1.9536235332489014,1.8599178791046143,1.7826778888702393,1.5848554372787476,1.5118001699447632,1.4328125715255737,1.5018248558044434,1.5961660146713257,1.7792128324508667,2.004686117172241,2.3254220485687256,2.394355297088623,1.8544726371765137,2.0696256160736084,2.105567455291748,2.3557562828063965,2.211092472076416,2.188758373260498,2.04683780670166,1.982423186302185,1.9167653322219849,1.970096468925476,2.0341572761535645,2.1315414905548096,2.3663182258605957,2.3427581787109375,2.710594415664673
A10,2.663505792617798,2.3408358097076416,2.1040756702423096,1.8560144901275635,1.5755655765533447,1.2797375917434692,0.9774223566055298,0.6420891284942627,0.3867322504520416,0.0,0.37824922800064087,0.6731139421463013,0.972024142742157,1.3437610864639282,1.483488917350769,1.1305235624313354,1.4705737829208374,1.5594924688339233,1.8014490604400635,1.6647703647613525,1.4471040964126587,1.1020597219467163,0.8537722826004028,0.6256574392318726,0.5117670297622681,0.6164554357528687,0.8300955295562744,1.0852644443511963,1.475890874862671,1.570553183555603,1.3167659044265747,1.6387057304382324,1.7417582273483276,2.0067455768585205,1.8791465759277344,1.7012242078781128,1.408065676689148,1.2177871465682983,1.0425008535385132,0.9893597364425659,1.0369787216186523,1.1785861253738403,1.4007771015167236,1.7327332496643066,1.8196799755096436,1.6177549362182617,1.9031517505645752,2.001540422439575,2.262150764465332,2.144299030303955,2.014147996902466,1.782820224761963,1.633466362953186,1.4904983043670654,1.465356707572937,1.4957996606826782,1.5981035232543945,1.81865394115448,2.1057918071746826,2.219651460647583,2.0262677669525146,2.2848331928253174,2.359834671020508,2.620213270187378,2.455479860305786,2.3847463130950928,2.2056896686553955,2.080693483352661,1.9613913297653198,1.9458266496658325,1.9507348537445068,1.9846484661102295,2.1827688217163086,2.1037421226501465,2.4609365463256836
A11,2.91361403465271,2.5752508640289307,2.372523069381714,2.1229450702667236,1.8661916255950928,1.5962969064712524,1.2619696855545044,0.9703952074050903,0.627161979675293,0.37824922800064087,0.0,0.39458343386650085,0.6092578768730164,0.9811078310012817,1.1071337461471558,1.1648732423782349,1.526163935661316,1.6970980167388916,1.9800031185150146,1.901983380317688,1.7213023900985718,1.3513116836547852,1.129633903503418,0.8131324648857117,0.6846421360969543,0.5532568693161011,0.7048224210739136,0.8368118405342102,1.2005031108856201,1.2606699466705322,1.3498783111572266,1.6822044849395752,1.8612594604492188,2.168125867843628,2.0929369926452637,1.941347599029541,1.6117987632751465,1.431272268295288,1.1784605979919434,1.1184324026107788,1.039265751838684,1.1430460214614868,1.2620421648025513,1.5433011054992676,1.5918594598770142,1.6437876224517822,1.9315356016159058,2.09594988822937,2.3998241424560547,2.3290889263153076,2.2180488109588623,1.9450937509536743,1.8010985851287842,1.595483660697937,1.5718047618865967,1.5195326805114746,1.6017560958862305,1.7423737049102783,1.9837652444839478,2.0674989223480225,2.0513980388641357,2.3038766384124756,2.4348673820495605,2.7355856895446777,2.610786199569702,2.5560951232910156,2.3359036445617676,2.2163147926330566,2.04573655128479,2.0370006561279297,1.9834706783294678,2.0220980644226074,2.164207935333252,2.074998378753662,2.410052537918091
A12,3.2831597328186035,2.9540882110595703,2.7383079528808594,2.499513864517212,2.2256948947906494,1.9482487440109253,1.6257551908493042,1.3120862245559692,1.000422716140747,0.6731139421463013,0.39458343386650085,0.0,0.3867185711860657,0.7351848483085632,0.9793873429298401,1.5466097593307495,1.905910611152649,2.0889499187469482,2.374387502670288,2.287778854370117,2.0873327255249023,1.7222824096679688,1.4648739099502563,1.1458690166473389,0.9145047664642334,0.6921437382698059,0.6034098863601685,0.6953116059303284,0.9901396632194519,1.1316581964492798,1.7127074003219604,2.0531880855560303,2.247347116470337,2.552323579788208,2.466540813446045,2.2897942066192627,1.954450249671936,1.731367826461792,1.4484922885894775,1.299895167350769,1.1393840312957764,1.1065852642059326,1.1829007863998413,1.3852444887161255,1.4863194227218628,1.962386131286621,2.26786470413208,2.4557859897613525,2.761369228363037,2.6803627014160156,2.541187047958374,2.251594305038452,2.065006732940674,1.8203319311141968,1.7276005744934082,1.6080021858215332,1.5973738431930542,1.697877049446106,1.8711259365081787,1.9935150146484375,2.325822353363037,2.5995821952819824,2.7595748901367188,3.0669593811035156,2.9343888759613037,2.8507180213928223,2.6061911582946777,2.447824001312256,2.2366812229156494,2.173976182937622,2.059783458709717,2.0362350940704346,2.11875057220459,1.9672188758850098,2.2704250812530518
A13,3.4571990966796875,3.11504864692688,2.9350497722625732,2.6964914798736572,2.4484691619873047,2.198138952255249,1.85115385055542,1.5774849653244019,1.2240018844604492,0.972024142742157,0.6092578768730164,0.3867185711860657,0.0,0.4024926424026489,0.608289897441864,1.5937680006027222,1.9428495168685913,2.1839940547943115,2.4971840381622314,2.465190887451172,2.3066012859344482,1.9289931058883667,1.7123030424118042,1.3627537488937378,1.1893407106399536,0.8970421552658081,0.8161588311195374,0.6993401050567627,0.8848133087158203,0.9300482273101807,1.760894775390625,2.0840768814086914,2.331554651260376,2.6666312217712402,2.632744312286377,2.4929709434509277,2.140446186065674,1.9511114358901978,1.6399270296096802,1.532550573348999,1.3153976202011108,1.291352391242981,1.247780442237854,1.375162124633789,1.3969389200210571,2.008598566055298,2.2925357818603516,2.525977373123169,2.8632218837738037,2.8312196731567383,2.7244720458984375,2.414060354232788,2.256112813949585,1.9848510026931763,1.925265908241272,1.7621949911117554,1.7637666463851929,1.7814908027648926,1.9076893329620361,1.9728825092315674,2.3726859092712402,2.62080717086792,2.8198628425598145,3.156914234161377,3.068247079849243,3.013982057571411,2.7476065158843994,2.61453914642334,2.3788089752197266,2.345858335494995,2.2017199993133545,2.2061374187469482,2.2456085681915283,2.1098124980926514,2.3841755390167236
A14,3.8175628185272217,3.465208053588867,3.302142858505249,3.0497467517852783,2.8200762271881104,2.563542604446411,2.220756769180298,1.9467277526855469,1.590145468711853,1.3437610864639282,0.9811078310012817,0.7351848483085632,0.4024926424026489,0.0,0.37833595275878906,1.884260654449463,2.230057954788208,2.495523452758789,2.804701089859009,2.7878379821777344,2.629446506500244,2.248511791229248,2.027280807495117,1.6591072082519531,1.4734833240509033,1.1280750036239624,0.974960207939148,0.7067033648490906,0.6892545223236084,0.6921790242195129,1.988396167755127,2.309377670288086,2.5913002490997314,2.929971694946289,2.912900447845459,2.770653486251831,2.403043508529663,2.2052342891693115,1.8624763488769531,1.7372230291366577,1.453432321548462,1.3749691247940063,1.2176079750061035,1.2271958589553833,1.2086740732192993,2.1729371547698975,2.45782470703125,2.732168197631836,3.081117630004883,3.0673763751983643,2.955808639526367,2.6203501224517822,2.452684164047241,2.1436963081359863,2.068387985229492,1.842970848083496,1.8072298765182495,1.735964059829712,1.783348798751831,1.8185274600982666,2.4827139377593994,2.7308428287506104,2.973662853240967,3.32792592048645,3.2596981525421143,3.1997225284576416,2.9019689559936523,2.7604641914367676,2.485161781311035,2.44174861907959,2.244654655456543,2.2395153045654297,2.212751626968384,2.07047700881958,2.2969188690185547
A15,3.7720141410827637,3.408843755722046,3.284754514694214,3.0305933952331543,2.8353281021118164,2.607271194458008,2.253554344177246,2.025324821472168,1.6514108180999756,1.483488917350769,1.1071337461471558,0.9793873429298401,0.608289897441864,0.37833595275878906,0.0,1.7773940563201904,2.097292184829712,2.3990936279296875,2.7191836833953857,2.752126693725586,2.6391117572784424,2.258673906326294,2.0888571739196777,1.7165396213531494,1.6081759929656982,1.2658125162124634,1.2112044095993042,0.9038693904876709,0.8833689093589783,0.702470600605011,1.8737640380859375,2.1614134311676025,2.477621078491211,2.8336644172668457,2.8665411472320557,2.768786668777466,2.399202585220337,2.2513561248779297,1.9105585813522339,1.8547067642211914,1.5775506496429443,1.574549674987793,1.3780663013458252,1.3939732313156128,1.267207384109497,2.062023162841797,2.3091423511505127,2.609118700027466,2.977860689163208,3.0124869346618652,2.943467378616333,2.6051242351531982,2.48459792137146,2.1801488399505615,2.165472984313965,1.947815179824829,1.9733238220214844,1.8712189197540283,1.9299216270446777,1.8890361785888672,2.3820579051971436,2.589430332183838,2.85038685798645,3.2223808765411377,3.1985018253326416,3.179199695587158,2.8796982765197754,2.7818386554718018,2.5122299194335938,2.5225799083709717,2.33960223197937,2.391925811767578,2.3719940185546875,2.282809019088745,2.509251117706299
B1,2.045598268508911,1.6626192331314087,1.6005041599273682,1.3340734243392944,1.2530077695846558,1.1534963846206665,0.8580001592636108,0.9486607313156128,0.7956693768501282,1.1305235624313354,1.1648732423782349,1.5466097593307495,1.5937680006027222,1.884260654449463,1.7773940563201904,0.0,0.3798971474170685,0.6230734586715698,0.9558318853378296,1.0697003602981567,1.1330026388168335,0.8511261343955994,1.0136709213256836,0.9260052442550659,1.2474859952926636,1.327274203300476,1.68984055519104,1.7488672733306885,2.0904476642608643,1.9668915271759033,0.5539628267288208,0.6678006649017334,0.8371555209159851,1.2062987089157104,1.3027695417404175,1.3788362741470337,1.1421253681182861,1.2756303548812866,1.2243866920471191,1.4970166683197021,1.5938243865966797,1.9195085763931274,2.0166070461273193,2.348598003387451,2.2481882572174072,1.0667040348052979,1.1432068347930908,1.2219003438949585,1.5438498258590698,1.613637924194336,1.702928066253662,1.5299217700958252,1.6336160898208618,1.5986050367355347,1.8264598846435547,1.9278374910354614,2.2108957767486572,2.3572139739990234,2.679849863052368,2.6334502696990967,1.6036312580108643,1.6806026697158813,1.7098946571350098,1.9945735931396484,1.9779986143112183,2.094827175140381,1.978145956993103,2.054513692855835,2.029611587524414,2.2183141708374023,2.316455602645874,2.525522470474243,2.756600856781006,2.81942081451416,3.176126480102539
B2,1.7824689149856567,1.4004309177398682,1.4097450971603394,1.1856904029846191,1.1850032806396484,1.202196717262268,0.9753157496452332,1.183396577835083,1.1120308637619019,1.4705737829208374,1.526163935661316,1.905910611152649,1.9428495168685913,2.230057954788208,2.097292184829712,0.3798971474170685,0.0,0.3764130175113678,0.7430683374404907,0.9813480377197266,1.1760762929916382,1.0019350051879883,1.2613681554794312,1.2555683851242065,1.5982719659805298,1.7031114101409912,2.068178415298462,2.1261985301971436,2.461120128631592,2.3192827701568604,0.7400641441345215,0.6403948664665222,0.7245355248451233,1.0788756608963013,1.2583518028259277,1.437830924987793,1.2869828939437866,1.5035649538040161,1.520680546760559,1.824501633644104,1.949236512184143,2.2869608402252197,2.3859846591949463,2.7179300785064697,2.6017158031463623,1.224433183670044,1.1851857900619507,1.1895378828048706,1.4785891771316528,1.6042759418487549,1.7727656364440918,1.6662302017211914,1.838079810142517,1.8599896430969238,2.122790813446045,2.2537944316864014,2.5564513206481934,2.70646333694458,3.035752058029175,2.9728877544403076,1.7467246055603027,1.7474194765090942,1.7205636501312256,1.971413254737854,1.9961462020874023,2.1727476119995117,2.1098244190216064,2.2411341667175293,2.264214277267456,2.48710298538208,2.617647647857666,2.8480429649353027,3.093400478363037,3.1745872497558594,3.5327749252319336
B3,1.4532444477081299,1.06119966506958,1.0654246807098389,0.8197060227394104,0.8776190876960754,0.9492873549461365,0.8305320739746094,1.12257719039917,1.1748319864273071,1.5594924688339233,1.6970980167388916,2.0889499187469482,2.1839940547943115,2.495523452758789,2.3990936279296875,0.6230734586715698,0.3764130175113678,0.0,0.3974851667881012,0.6431795358657837,0.9088200926780701,0.8465542197227478,1.178022027015686,1.2859119176864624,1.6493571996688843,1.828935146331787,2.2057483196258545,2.3185551166534424,2.6775968074798584,2.569227695465088,0.8558739423751831,0.717513382434845,0.5867272615432739,0.8481073975563049,0.991778552532196,1.2082715034484863,1.1483888626098633,1.4127660989761353,1.5225130319595337,1.8414374589920044,2.0323386192321777,2.382202625274658,2.531036376953125,2.8904740810394287,2.8036415576934814,1.2822109460830688,1.2239549160003662,1.1089138984680176,1.314297080039978,1.3974106311798096,1.5823588371276855,1.5505311489105225,1.7494810819625854,1.8446955680847168,2.115860939025879,2.303555488586426,2.617151975631714,2.8114888668060303,3.1667728424072266,3.1252083778381348,1.770065426826477,1.7663301229476929,1.6592047214508057,1.8445007801055908,1.8332116603851318,2.0135598182678223,2.0119881629943848,2.157541275024414,2.239391565322876,2.4650113582611084,2.6434764862060547,2.8738884925842285,3.154282808303833,3.246638298034668,3.6149439811706543
B4,1.2706471681594849,0.8744639158248901,0.9258453249931335,0.626746416091919,0.8409371376037598,0.9411901235580444,0.9780779480934143,1.286603569984436,1.4191596508026123,1.8014490604400635,1.9800031185150146,2.374387502670288,2.4971840381622314,2.804701089859009,2.7191836833953857,0.9558318853378296,0.7430683374404907,0.3974851667881012,0.0,0.39313510060310364,0.764319121837616,0.8652762174606323,1.2404425144195557,1.4326595067977905,1.8078484535217285,2.029815673828125,2.4157981872558594,2.551896333694458,2.916240692138672,2.816903591156006,0.9981005787849426,0.8029525876045227,0.48417428135871887,0.5488312244415283,0.695091187953949,0.994480311870575,1.054568886756897,1.3827531337738037,1.5763720273971558,1.918567180633545,2.1563289165496826,2.5234553813934326,2.6945672035217285,3.0698509216308594,2.9885354042053223,1.298111081123352,1.1898725032806396,0.9553130269050598,1.0501292943954468,1.1181071996688843,1.350749135017395,1.4064052104949951,1.658251404762268,1.8284211158752441,2.124760150909424,2.360288143157959,2.695741653442383,2.9117166996002197,3.2869925498962402,3.2431368827819824,1.7099874019622803,1.6750181913375854,1.4857571125030518,1.5957478284835815,1.572773814201355,1.7791621685028076,1.8451505899429321,2.029343605041504,2.1747870445251465,2.422968626022339,2.64986515045166,2.899195432662964,3.2070202827453613,3.3318254947662354,3.700974225997925
B5,1.3156728744506836,0.9523522257804871,0.8699350357055664,0.47903141379356384,0.6470946669578552,0.6504882574081421,0.803242564201355,1.088106393814087,1.3037950992584229,1.6647703647613525,1.901983380317688,2.287778854370117,2.465190887451172,2.7878379821777344,2.752126693725586,1.0697003602981567,0.9813480377197266,0.6431795358657837,0.39313510060310364,0.0,0.39969712495803833,0.6248230934143066,0.9924138784408569,1.265906810760498,1.620875597000122,1.8968368768692017,2.273346185684204,2.4604949951171875,2.840878963470459,2.788698434829712,1.0585697889328003,0.9819235801696777,0.6552224159240723,0.6182185411453247,0.5045632123947144,0.699604868888855,0.8215528130531311,1.1267026662826538,1.3830673694610596,1.700985074043274,1.985532522201538,2.341879367828369,2.559744119644165,2.952223777770996,2.914536952972412,1.3015806674957275,1.278913974761963,1.02321457862854,1.0568137168884277,0.9779143929481506,1.1210225820541382,1.2101079225540161,1.421255350112915,1.631277322769165,1.8970441818237305,2.1686580181121826,2.4902124404907227,2.7472949028015137,3.136066198348999,3.129411220550537,1.6736867427825928,1.707399845123291,1.5004441738128662,1.5733816623687744,1.453627109527588,1.5878413915634155,1.6734509468078613,1.813828706741333,1.9832009077072144,2.19679594039917,2.44647479057312,2.671072244644165,3.0005178451538086,3.1177124977111816,3.491366147994995
B6,1.6140494346618652,1.2840521335601807,1.1115882396697998,0.7284076809883118,0.7294056415557861,0.5079054236412048,0.700376570224762,0.8720412850379944,1.1327205896377563,1.4471040964126587,1.7213023900985718,2.0873327255249023,2.3066012859344482,2.629446506500244,2.6391117572784424,1.1330026388168335,1.1760762929916382,0.9088200926780701,0.764319121837616,0.39969712495803833,0.0,0.38185495138168335,0.6763211488723755,1.010675072669983,1.330994725227356,1.6443860530853271,2.0047900676727295,2.230149984359741,2.6167266368865967,2.607250690460205,1.0580321550369263,1.1129735708236694,0.8591978549957275,0.8392767310142517,0.5573650598526001,0.4767462909221649,0.5667539834976196,0.7944498658180237,1.0905872583389282,1.3736013174057007,1.6907904148101807,2.0320146083831787,2.284862518310547,2.6865737438201904,2.687772274017334,1.238614797592163,1.3223739862442017,1.1124916076660156,1.1494877338409424,0.9505643844604492,0.9430302381515503,0.9977971911430359,1.1257305145263672,1.3428601026535034,1.566653847694397,1.8580849170684814,2.160947799682617,2.4479801654815674,2.842742919921875,2.8695690631866455,1.5732861757278442,1.6918632984161377,1.5156022310256958,1.59499990940094,1.3922603130340576,1.426613450050354,1.4821940660476685,1.5513815879821777,1.711627721786499,1.8802118301391602,2.13352370262146,2.330378532409668,2.6705799102783203,2.776710271835327,3.1519548892974854
B7,1.8591617345809937,1.5047107934951782,1.3297728300094604,0.9662414789199829,0.866994321346283,0.5714719295501709,0.5306781530380249,0.5979176759719849,0.7832959294319153,1.1020597219467163,1.3513116836547852,1.7222824096679688,1.9289931058883667,2.248511791229248,2.258673906326294,0.8511261343955994,1.0019350051879883,0.8465542197227478,0.8652762174606323,0.6248230934143066,0.38185495138168335,0.0,0.377644419670105,0.6509106159210205,0.9973599910736084,1.2867518663406372,1.6568599939346313,1.8661978244781494,2.2539331912994385,2.240473985671997,0.800567090511322,0.9638286828994751,0.8410673141479492,0.9757313132286072,0.7873308658599854,0.6695425510406494,0.5016489028930664,0.6315255165100098,0.8196527361869812,1.10366952419281,1.3836393356323242,1.7267855405807495,1.96077299118042,2.3572494983673096,2.353043556213379,1.0520119667053223,1.21086847782135,1.1133192777633667,1.26816987991333,1.1216084957122803,1.0795775651931763,0.9920369386672974,1.0527397394180298,1.166212797164917,1.3736920356750488,1.615935206413269,1.909885287284851,2.17556095123291,2.5586001873016357,2.584156036376953,1.4563305377960205,1.6194974184036255,1.530639410018921,1.6971962451934814,1.5220643281936646,1.5364612340927124,1.4950416088104248,1.5212595462799072,1.5976297855377197,1.7482072114944458,1.9476425647735596,2.135058641433716,2.448928117752075,2.5327298641204834,2.9097824096679688
B8,2.1874606609344482,1.8494962453842163,1.635722041130066,1.2940081357955933,1.124466896057129,0.7584660649299622,0.664328396320343,0.4881589114665985,0.6425536274909973,0.8537722826004028,1.129633903503418,1.4648739099502563,1.7123030424118042,2.027280807495117,2.0888571739196777,1.0136709213256836,1.2613681554794312,1.178022027015686,1.2404425144195557,0.9924138784408569,0.6763211488723755,0.377644419670105,0.0,0.38064536452293396,0.6556541323661804,0.9866483211517334,1.3330817222595215,1.583372950553894,1.9761157035827637,2.0118954181671143,0.9447852969169617,1.2095352411270142,1.1658461093902588,1.3108680248260498,1.0905342102050781,0.8560461401939392,0.6030867695808411,0.47359034419059753,0.5777108073234558,0.772136390209198,1.0685153007507324,1.384534239768982,1.6534618139266968,2.0547895431518555,2.0949604511260986,1.1311272382736206,1.3832874298095703,1.3566392660140991,1.5247801542282104,1.3360780477523804,1.1888850927352905,1.0267260074615479,0.9465213418006897,0.9836444854736328,1.1031346321105957,1.3291270732879639,1.5845037698745728,1.8736740350723267,2.2532312870025635,2.318171977996826,1.4890880584716797,1.7279977798461914,1.6960796117782593,1.8811907768249512,1.6684963703155518,1.6001056432724,1.4983313083648682,1.4315670728683472,1.4472745656967163,1.5254632234573364,1.6898808479309082,1.8316446542739868,2.1395323276519775,2.1929891109466553,2.572544574737549
B9,2.4644391536712646,2.1092162132263184,1.9173179864883423,1.585654854774475,1.40606689453125,1.068176507949829,0.8544453978538513,0.5956278443336487,0.4971456825733185,0.6256574392318726,0.8131324648857117,1.1458690166473389,1.3627537488937378,1.6591072082519531,1.7165396213531494,0.9260052442550659,1.2555683851242065,1.2859119176864624,1.4326595067977905,1.265906810760498,1.010675072669983,0.6509106159210205,0.38064536452293396,0.0,0.38402101397514343,0.6362541913986206,1.0100383758544922,1.2217520475387573,1.613680124282837,1.6367077827453613,0.8592074513435364,1.1992608308792114,1.2752761840820312,1.4984869956970215,1.3498936891555786,1.145902156829834,0.811816930770874,0.6286857724189758,0.46855899691581726,0.6124833822250366,0.7982679605484009,1.1183689832687378,1.3414638042449951,1.7322732210159302,1.7553688287734985,1.058186411857605,1.361343264579773,1.4401100873947144,1.6818568706512451,1.550520896911621,1.411005973815918,1.160778522491455,1.0410867929458618,0.936044454574585,1.023274540901184,1.1492483615875244,1.3885250091552734,1.6288856267929077,1.9869561195373535,2.039203405380249,1.439812421798706,1.7042680978775024,1.757307529449463,2.0064172744750977,1.8353301286697388,1.7686823606491089,1.5901631116867065,1.4992797374725342,1.4199904203414917,1.4816596508026123,1.5662777423858643,1.7013109922409058,1.9625102281570435,1.996204137802124,2.370249032974243
B10,2.7822229862213135,2.4427850246429443,2.2201364040374756,1.9075795412063599,1.6862326860427856,1.3284481763839722,1.1184449195861816,0.7756602764129639,0.6418299674987793,0.5117670297622681,0.6846421360969543,0.9145047664642334,1.1893407106399536,1.4734833240509033,1.6081759929656982,1.2474859952926636,1.5982719659805298,1.6493571996688843,1.8078484535217285,1.620875597000122,1.330994725227356,0.9973599910736084,0.6556541323661804,0.38402101397514343,0.0,0.3788447678089142,0.6804348826408386,0.970431923866272,1.365776538848877,1.4693549871444702,1.2062370777130127,1.5632630586624146,1.6577929258346558,1.8727179765701294,1.6987078189849854,1.4478543996810913,1.1237640380859375,0.8413087129592896,0.6044930219650269,0.4778757393360138,0.5848321914672852,0.8082819581031799,1.0834122896194458,1.4692716598510742,1.5636470317840576,1.3494548797607422,1.6851431131362915,1.7918696403503418,2.02577805519104,1.8667969703674316,1.6722441911697388,1.403906226158142,1.1908009052276611,1.0127363204956055,0.9542511105537415,1.0055603981018066,1.1471266746520996,1.405856966972351,1.7411541938781738,1.8531464338302612,1.6626533269882202,1.9689360857009888,2.0559210777282715,2.3045735359191895,2.1092517375946045,1.9864962100982666,1.7762198448181152,1.6093922853469849,1.4698411226272583,1.434862494468689,1.4508999586105347,1.5043859481811523,1.735979437828064,1.7092992067337036,2.081779718399048
B11,3.065843343734741,2.712514877319336,2.5140035152435303,2.2033491134643555,1.991085410118103,1.6559804677963257,1.3997642993927002,1.0731323957443237,0.8239002227783203,0.6164554357528687,0.5532568693161011,0.6921437382698059,0.8970421552658081,1.1280750036239624,1.2658125162124634,1.327274203300476,1.7031114101409912,1.828935146331787,2.029815673828125,1.8968368768692017,1.6443860530853271,1.2867518663406372,0.9866483211517334,0.6362541913986206,0.3788447678089142,0.0,0.3927212059497833,0.6007068753242493,0.9991196393966675,1.0941462516784668,1.279969334602356,1.653654932975769,1.8249777555465698,2.081388473510742,1.958390474319458,1.73520827293396,1.3792788982391357,1.11557137966156,0.7898152470588684,0.6357710361480713,0.48681607842445374,0.6409685015678406,0.8054807186126709,1.1626557111740112,1.234337568283081,1.4022903442382812,1.749194622039795,1.9293712377548218,2.2068839073181152,2.094592332839966,1.9171062707901,1.6043987274169922,1.3924803733825684,1.1297937631607056,1.052253007888794,0.9679753184318542,1.0629364252090454,1.225687861442566,1.514275074005127,1.605554461479187,1.7003470659255981,2.0097222328186035,2.16314435005188,2.454221248626709,2.298778772354126,2.1867833137512207,1.9273351430892944,1.7575929164886475,1.547052025794983,1.504412293434143,1.4316120147705078,1.4761167764663696,1.6332119703292847,1.5851918458938599,1.9364755153656006
B12,3.416537284851074,3.0732522010803223,2.8567142486572266,2.55996036529541,2.3232316970825195,1.9826325178146362,1.729295015335083,1.3787118196487427,1.1362417936325073,0.8300955295562744,0.7048224210739136,0.6034098863601685,0.8161588311195374,0.974960207939148,1.2112044095993042,1.68984055519104,2.068178415298462,2.2057483196258545,2.4157981872558594,2.273346185684204,2.0047900676727295,1.6568599939346313,1.3330817222595215,1.0100383758544922,0.6804348826408386,0.3927212059497833,0.0,0.3964771330356598,0.7518852353096008,0.9733768701553345,1.663627028465271,2.0376434326171875,2.21748685836792,2.4713869094848633,2.3362066745758057,2.091172456741333,1.7431868314743042,1.446420431137085,1.1215195655822754,0.8667814135551453,0.6232052445411682,0.5041055083274841,0.6405332684516907,0.9259893298149109,1.0942898988723755,1.7593204975128174,2.1136374473571777,2.3086483478546143,2.582066774368286,2.4567995071411133,2.2516605854034424,1.9343180656433105,1.6802527904510498,1.3899654150009155,1.21999990940094,1.0497058629989624,0.9959930181503296,1.1177994012832642,1.3293229341506958,1.4864975214004517,2.007416009902954,2.3334872722625732,2.5097670555114746,2.800150156021118,2.634094476699829,2.4898791313171387,2.2128663063049316,1.9992098808288574,1.7495018243789673,1.6329398155212402,1.4840182065963745,1.4360988140106201,1.5195356607437134,1.386548399925232,1.711135745048523
B13,3.621471881866455,3.2613556385040283,3.078707695007324,2.775437116622925,2.5640816688537598,2.2441651821136475,1.962687373161316,1.6431843042373657,1.346146821975708,1.0852644443511963,0.8368118405342102,0.6953116059303284,0.6993401050567627,0.7067033648490906,0.9038693904876709,1.7488672733306885,2.1261985301971436,2.3185551166534424,2.551896333694458,2.4604949951171875,2.230149984359741,1.8661978244781494,1.583372950553894,1.2217520475387573,0.970431923866272,0.6007068753242493,0.3964771330356598,0.0,0.40274927020072937,0.5783453583717346,1.6989960670471191,2.0644733905792236,2.30252742767334,2.585117816925049,2.5012686252593994,2.290989398956299,1.9212559461593628,1.6608108282089233,1.2996461391448975,1.1056344509124756,0.7809190154075623,0.6779877543449402,0.5494389533996582,0.7233538031578064,0.7965916991233826,1.7695550918579102,2.1110992431640625,2.3623275756835938,2.6691534519195557,2.5942153930664062,2.4192049503326416,2.0734550952911377,1.8489038944244385,1.5198729038238525,1.3908586502075195,1.1492207050323486,1.106055498123169,1.0834705829620361,1.2227504253387451,1.3059101104736328,1.9999750852584839,2.307483673095703,2.536083221435547,2.860482692718506,2.7411715984344482,2.6236767768859863,2.314741849899292,2.1257693767547607,1.8375331163406372,1.75416100025177,1.554816484451294,1.542501449584961,1.554541826248169,1.4443740844726562,1.7249691486358643
