,A1,A2,A3,A4,A5,A6,A7,A8,A9,A10,A11,A12,A13,A14,A15,B1,B2,B3,B4,B5,B6,B7,B8,B9,B10,B11,B12,B13,B14,B15,C1,C2,C3,C4,C5,C6,C7,C8,C9,C10,C11,C12,C13,C14,C15,D1,D2,D3,D4,D5,D6,D7,D8,D9,D10,D11,D12,D13,D14,D15,E1,E2,E3,E4,E5,E6,E7,E8,E9,E10,E11,E12,E13,E14,E15
A1,0.0,0.391279399394989,0.5888757109642029,0.863405704498291,1.186457633972168,1.3534408807754517,1.7003262042999268,1.9236218929290771,2.1662235260009766,2.5013227462768555,2.6418702602386475,2.96297550201416,3.0563929080963135,2.97167706489563,3.3342580795288086,0.729473352432251,0.9290321469306946,0.9870908260345459,1.1160200834274292,1.4632024765014648,1.4647363424301147,1.831877589225769,2.027458429336548,2.183014154434204,2.5473642349243164,2.668135643005371,3.0038414001464844,3.0318918228149414,2.9322125911712646,3.310121536254883,1.0372015237808228,1.0852073431015015,1.147352695465088,1.1039862632751465,1.4569716453552246,1.40171217918396,1.7199419736862183,1.9546788930892944,2.0467419624328613,2.4080071449279785,2.5725924968719482,2.883857488632202,2.8648462295532227,2.812182903289795,3.193847417831421,1.0140281915664673,0.8663068413734436,1.0047682523727417,0.8422667980194092,1.1976040601730347,1.2402325868606567,1.4960072040557861,1.807634949684143,1.9258314371109009,2.254983901977539,2.484895944595337,2.759793519973755,2.779405117034912,2.7863759994506836,3.1564462184906006,0.5325320959091187,0.3266505002975464,0.6315320730209351,0.6606294512748718,1.028374195098877,1.2175257205963135,1.508143424987793,1.8004025220870972,2.0234694480895996,2.339052200317383,2.5388286113739014,2.8244736194610596,2.931607484817505,2.9003989696502686,3.2586581707000732
A2,0.391279399394989,0.0,0.37262651324272156,0.5541801452636719,0.8735202550888062,1.1022703647613525,1.4113399982452393,1.6718496084213257,1.9273439645767212,2.2429332733154297,2.420363426208496,2.7180347442626953,2.8328001499176025,2.784517765045166,3.138993501663208,0.4162886142730713,0.6419848203659058,0.6639435291290283,0.894167423248291,1.2138288021087646,1.280657172203064,1.6537715196609497,1.8377858400344849,2.0504298210144043,2.400611639022827,2.516895055770874,2.850470542907715,2.923983573913574,2.8212954998016357,3.188063859939575,0.9156008958816528,1.0480159521102905,1.032470703125,1.09166419506073,1.4158908128738403,1.348077654838562,1.7043200731277466,1.8830413818359375,2.005336046218872,2.3738327026367188,2.4900007247924805,2.8257007598876953,2.822293996810913,2.7235376834869385,3.104623556137085,1.1417055130004883,1.0695030689239502,1.105239748954773,0.9591080546379089,1.2875404357910156,1.219211220741272,1.4957377910614014,1.7598812580108643,1.8299424648284912,2.1810314655303955,2.375478506088257,2.670193910598755,2.6489601135253906,2.625666856765747,3.004568338394165,0.8653937578201294,0.6081313490867615,0.7513286471366882,0.5743402242660522,0.9332177042961121,1.046798825263977,1.299023151397705,1.6218445301055908,1.791450023651123,2.105689525604248,2.3354783058166504,2.606618642807007,2.6860318183898926,2.6854891777038574,3.0476393699645996
A3,0.5888757109642029,0.37262651324272156,0.0,0.3791327178478241,0.6133535504341125,0.8076051473617554,1.1404619216918945,1.354371428489685,1.6256842613220215,1.943162202835083,2.090803384780884,2.4011428356170654,2.521850109100342,2.451129674911499,2.8026013374328613,0.6985458135604858,0.7870538234710693,0.6138681173324585,0.8034378290176392,1.0471197366714478,1.0308791399002075,1.4095898866653442,1.544511079788208,1.7449558973312378,2.09846568107605,2.185570001602173,2.5296034812927246,2.5954437255859375,2.472843885421753,2.8390986919403076,1.0702495574951172,1.105779767036438,0.9725335240364075,0.9677342176437378,1.2212953567504883,1.072562575340271,1.4176048040390015,1.5620983839035034,1.660683035850525,2.0312695503234863,2.1325483322143555,2.471569776535034,2.4592251777648926,2.3534727096557617,2.734814405441284,1.2014966011047363,1.0613468885421753,0.9807909727096558,0.7673642635345459,1.0218790769577026,0.8841018676757812,1.1485661268234253,1.3979500532150269,1.4580808877944946,1.81151282787323,2.00295352935791,2.298570156097412,2.282357692718506,2.2593300342559814,2.63718318939209,0.9044782519340515,0.6071417331695557,0.5485354661941528,0.2481498271226883,0.5857894420623779,0.6772140860557556,0.9498319029808044,1.2580311298370361,1.4488028287887573,1.7662887573242188,1.980973243713379,2.260061264038086,2.3533718585968018,2.3403263092041016,2.6990678310394287
A4,0.863405704498291,0.5541801452636719,0.3791327178478241,0.0,0.39004096388816833,0.5711793899536133,0.8664111495018005,1.1502941846847534,1.3864949941635132,1.7002005577087402,1.89853036403656,2.1852381229400635,2.2938950061798096,2.269650459289551,2.6223199367523193,0.6490495204925537,0.5685372948646545,0.26614588499069214,0.505262017250061,0.7102662920951843,0.7911747694015503,1.156836986541748,1.31931471824646,1.573830246925354,1.9047342538833618,2.023139476776123,2.3472087383270264,2.4572978019714355,2.365506410598755,2.719116449356079,0.907298743724823,0.975864589214325,0.7710909843444824,0.8884996771812439,1.0990248918533325,1.0021295547485352,1.3736878633499146,1.478711485862732,1.6479103565216064,2.00697660446167,2.078704833984375,2.4288790225982666,2.4645957946777344,2.3322744369506836,2.7038915157318115,1.2103990316390991,1.1720983982086182,1.0319572687149048,0.9317749738693237,1.1619341373443604,0.9709864854812622,1.2784228324890137,1.4451918601989746,1.5010135173797607,1.8709123134613037,1.9963304996490479,2.3236746788024902,2.2925796508789062,2.2106735706329346,2.5939114093780518,1.1588926315307617,0.9372912645339966,0.8402783870697021,0.5669533610343933,0.7990587949752808,0.6966465711593628,0.9460756182670593,1.2345716953277588,1.3305586576461792,1.6686102151870728,1.882149338722229,2.1663758754730225,2.2013227939605713,2.191240072250366,2.5628886222839355
A5,1.186457633972168,0.8735202550888062,0.6133535504341125,0.39004096388816833,0.0,0.37681326270103455,0.5753660202026367,0.8352828025817871,1.1268072128295898,1.4024852514266968,1.6010448932647705,1.8723341226577759,2.024151563644409,2.008044481277466,2.340008497238159,0.9612855911254883,0.8908109664916992,0.5353240370750427,0.737650990486145,0.7364956736564636,0.776441752910614,1.099182367324829,1.1564737558364868,1.4449068307876587,1.7498019933700562,1.8131077289581299,2.1439685821533203,2.2825355529785156,2.156599521636963,2.4918203353881836,1.2579923868179321,1.3100600242614746,1.0367913246154785,1.1332812309265137,1.2328007221221924,1.0529758930206299,1.3853580951690674,1.391616940498352,1.5321928262710571,1.879656434059143,1.8853819370269775,2.249328374862671,2.272172689437866,2.0931262969970703,2.4568378925323486,1.5563585758209229,1.4885432720184326,1.2846813201904297,1.1429046392440796,1.2645938396453857,0.9714765548706055,1.207412838935852,1.3034499883651733,1.276496410369873,1.6400161981582642,1.7349214553833008,2.060596466064453,1.9875849485397339,1.893087387084961,2.275606870651245,1.4687153100967407,1.2070833444595337,1.0365856885910034,0.7087202072143555,0.7414060235023499,0.5284668803215027,0.6436255574226379,0.935449481010437,0.9815912842750549,1.3030264377593994,1.544044852256775,1.8061823844909668,1.8399510383605957,1.8622479438781738,2.225541114807129
A6,1.3534408807754517,1.1022703647613525,0.8076051473617554,0.5711793899536133,0.37681326270103455,0.0,0.37782514095306396,0.6001720428466797,0.8256627321243286,1.150485873222351,1.3302477598190308,1.6271257400512695,1.7308292388916016,1.6996536254882812,2.0511560440063477,1.2078932523727417,1.0385571718215942,0.6700903177261353,0.6642232537269592,0.5298953056335449,0.440247505903244,0.7408256530761719,0.7907508611679077,1.0720561742782593,1.3825255632400513,1.4703972339630127,1.7966586351394653,1.928206205368042,1.8282312154769897,2.169126510620117,1.2933452129364014,1.2466607093811035,0.9082655906677246,0.9621019959449768,0.9525315165519714,0.7598061561584473,1.067502498626709,1.0446414947509766,1.230851650238037,1.5637457370758057,1.578480839729309,1.9373654127120972,2.0011184215545654,1.8386915922164917,2.196194887161255,1.490588665008545,1.4259581565856934,1.1479997634887695,1.0635968446731567,1.1087626218795776,0.8009623289108276,1.059096097946167,1.0813080072402954,1.1151269674301147,1.4789594411849976,1.5256741046905518,1.8763904571533203,1.8492850065231323,1.7128832340240479,2.0927484035491943,1.5128154754638672,1.3206233978271484,1.0721611976623535,0.8400946259498596,0.8308952450752258,0.49262091517448425,0.6713293790817261,0.8250447511672974,0.8414966464042664,1.2048254013061523,1.367283821105957,1.675149917602539,1.6812771558761597,1.6387009620666504,2.016507148742676
A7,1.7003262042999268,1.4113399982452393,1.1404619216918945,0.8664111495018005,0.5753660202026367,0.37782514095306396,0.0,0.37108123302459717,0.5835109949111938,0.8457193970680237,1.0900508165359497,1.337154746055603,1.4712705612182617,1.5001232624053955,1.8257874250411987,1.4485481977462769,1.2579880952835083,0.8985904455184937,0.9094071388244629,0.634216845035553,0.6331456303596497,0.7657493352890015,0.7105640769004822,1.0585089921951294,1.2912381887435913,1.3518846035003662,1.6513396501541138,1.8472747802734375,1.7483470439910889,2.050072431564331,1.5378811359405518,1.5229531526565552,1.1726717948913574,1.2785218954086304,1.2041993141174316,1.035125970840454,1.2806916236877441,1.1582549810409546,1.352746605873108,1.637643575668335,1.5725964307785034,1.9328137636184692,2.0191240310668945,1.8048820495605469,2.133507013320923,1.8175315856933594,1.786088228225708,1.4977872371673584,1.4351356029510498,1.444569706916809,1.1142468452453613,1.3109954595565796,1.2425185441970825,1.2037227153778076,1.5344904661178589,1.5026822090148926,1.8551661968231201,1.7815301418304443,1.5913536548614502,1.960038661956787,1.8884148597717285,1.686598777770996,1.4429981708526611,1.1870936155319214,1.1226316690444946,0.7674897313117981,0.7716385722160339,0.8491649627685547,0.6945804357528687,1.023829460144043,1.1956721544265747,1.4726669788360596,1.4152706861495972,1.4080874919891357,1.7827720642089844
A8,1.9236218929290771,1.6718496084213257,1.354371428489685,1.1502941846847534,0.8352828025817871,0.6001720428466797,0.37108123302459717,0.0,0.37542107701301575,0.6072506308555603,0.7662162184715271,1.0488901138305664,1.2088637351989746,1.1898193359375,1.5078469514846802,1.7681324481964111,1.5989657640457153,1.2306071519851685,1.2110341787338257,0.929934561252594,0.7951064705848694,0.8347187638282776,0.6093504428863525,0.8982241749763489,1.096246600151062,1.0691584348678589,1.3865352869033813,1.5754477977752686,1.4329588413238525,1.7250559329986572,1.8569200038909912,1.7924883365631104,1.4292945861816406,1.4578754901885986,1.3101502656936646,1.0738346576690674,1.2218117713928223,1.0063176155090332,1.1391369104385376,1.385776400566101,1.26302969455719,1.6231952905654907,1.6973800659179688,1.4576431512832642,1.7766913175582886,2.0373799800872803,1.9573724269866943,1.6357696056365967,1.542700171470642,1.4567714929580688,1.1024260520935059,1.2028220891952515,1.0435694456100464,0.9556670188903809,1.2444366216659546,1.162695050239563,1.5133029222488403,1.4395750761032104,1.2279820442199707,1.5932599306106567,2.056427001953125,1.8540291786193848,1.561617136001587,1.3378134965896606,1.1724827289581299,0.8090963959693909,0.7202371954917908,0.6299539804458618,0.3931613862514496,0.7194620966911316,0.8351604342460632,1.1340733766555786,1.0917311906814575,1.0552666187286377,1.4321883916854858
A9,2.1662235260009766,1.9273439645767212,1.6256842613220215,1.3864949941635132,1.1268072128295898,0.8256627321243286,0.5835109949111938,0.37542107701301575,0.0,0.370259165763855,0.5678253769874573,0.8387748599052429,0.9076755046844482,0.9302971959114075,1.2674540281295776,1.9949389696121216,1.7660959959030151,1.4195150136947632,1.3139057159423828,0.9689421653747559,0.8291698694229126,0.691802978515625,0.3876614570617676,0.6796582341194153,0.7882615327835083,0.8100794553756714,1.0817551612854004,1.314953327178955,1.239444375038147,1.5076334476470947,1.9554036855697632,1.853213906288147,1.4814128875732422,1.5171611309051514,1.2901066541671753,1.1197152137756348,1.1988234519958496,0.9367404580116272,1.1372125148773193,1.311823844909668,1.1749755144119263,1.5048563480377197,1.6567620038986206,1.4334276914596558,1.7106152772903442,2.1143176555633545,2.0718119144439697,1.7283464670181274,1.7062187194824219,1.5970999002456665,1.2838636636734009,1.3983126878738403,1.1802875995635986,1.1594524383544922,1.4020836353302002,1.2392617464065552,1.5929033756256104,1.5624949932098389,1.2873276472091675,1.6145248413085938,2.249099016189575,2.097266674041748,1.7945979833602905,1.616125226020813,1.4841090440750122,1.110600471496582,1.0795584917068481,0.9343953728675842,0.6846622824668884,0.9319055676460266,0.91766756772995,1.2200123071670532,1.0877403020858765,0.9688225984573364,1.347222089767456
A10,2.5013227462768555,2.2429332733154297,1.943162202835083,1.7002005577087402,1.4024852514266968,1.150485873222351,0.8457193970680237,0.6072506308555603,0.370259165763855,0.0,0.37084510922431946,0.5076079964637756,0.6550225019454956,0.7710341811180115,1.03435480594635,2.29066801071167,2.0698490142822266,1.7251932621002197,1.6499055624008179,1.2906606197357178,1.1936750411987305,1.0298322439193726,0.7188304662704468,0.9340957403182983,0.9062312245368958,0.834943950176239,1.0284230709075928,1.3249788284301758,1.2366763353347778,1.423531174659729,2.2836380004882812,2.203195095062256,1.8332719802856445,1.8855869770050049,1.6519769430160522,1.483260989189148,1.5297411680221558,1.2286821603775024,1.3807858228683472,1.4896233081817627,1.2708723545074463,1.5660258531570435,1.719443440437317,1.4492039680480957,1.6670478582382202,2.4798901081085205,2.441385507583618,2.098129987716675,2.065863847732544,1.9418020248413086,1.617561936378479,1.6845471858978271,1.430086374282837,1.3429217338562012,1.520251989364624,1.290727972984314,1.6054410934448242,1.526625156402588,1.2067680358886719,1.4863073825836182,2.606931447982788,2.436985969543457,2.135579824447632,1.9357171058654785,1.7710281610488892,1.4077497720718384,1.296316146850586,1.1139044761657715,0.7842881679534912,0.888169527053833,0.8335649371147156,1.053711175918579,0.827284038066864,0.7433574199676514,1.0916469097137451
A11,2.6418702602386475,2.420363426208496,2.090803384780884,1.89853036403656,1.6010448932647705,1.3302477598190308,1.0900508165359497,0.7662162184715271,0.5678253769874573,0.37084510922431946,0.0,0.3690727651119232,0.5145964026451111,0.47108587622642517,0.7445443868637085,2.5214684009552,2.3186960220336914,1.9618841409683228,1.8706028461456299,1.5352087020874023,1.3571761846542358,1.1853708028793335,0.8213543891906738,0.8944381475448608,0.8157468438148499,0.5991209745407104,0.8045400977134705,1.0657248497009277,0.917262852191925,1.088618516921997,2.51601243019104,2.3947830200195312,2.023071765899658,2.0104963779449463,1.7430613040924072,1.5325732231140137,1.4969154596328735,1.1492453813552856,1.2207932472229004,1.2596030235290527,0.9830139875411987,1.25052809715271,1.3958796262741089,1.1139748096466064,1.3039578199386597,2.6192264556884766,2.5371110439300537,2.1791939735412598,2.124148368835449,1.934995412826538,1.622391939163208,1.614496111869812,1.3052903413772583,1.2066770792007446,1.3039758205413818,1.0169177055358887,1.3042722940444946,1.2576265335083008,0.9144029021263123,1.1630479097366333,2.6960928440093994,2.5338404178619385,2.2036707401275635,2.040461540222168,1.8259676694869995,1.4848099946975708,1.357802391052246,1.0868055820465088,0.8062966465950012,0.8307867050170898,0.6250600814819336,0.8577373623847961,0.667887270450592,0.44113680720329285,0.800106942653656
A12,2.96297550201416,2.7180347442626953,2.4011428356170654,2.1852381229400635,1.8723341226577759,1.6271257400512695,1.337154746055603,1.0488901138305664,0.8387748599052429,0.5076079964637756,0.3690727651119232,0.0,0.3725910484790802,0.5282007455825806,0.613533079624176,2.785684108734131,2.5749988555908203,2.2260005474090576,2.147801160812378,1.7903105020523071,1.6622154712677002,1.4647189378738403,1.1223293542861938,1.2073485851287842,1.0493417978286743,0.8425284028053284,0.9059618711471558,1.2203551530838013,1.107769250869751,1.1614172458648682,2.7842581272125244,2.6850810050964355,2.314014434814453,2.334463119506836,2.0660014152526855,1.8810244798660278,1.8491822481155396,1.501355767250061,1.5771398544311523,1.5781899690628052,1.2753795385360718,1.4860658645629883,1.6402688026428223,1.3436757326126099,1.451774001121521,2.93892765045166,2.8789143562316895,2.5233190059661865,2.4788084030151367,2.3011491298675537,1.9849679470062256,1.9773489236831665,1.6672002077102661,1.542458176612854,1.605994462966919,1.2931208610534668,1.5256291627883911,1.4355891942977905,1.0755869150161743,1.2378588914871216,3.042799472808838,2.8724076747894287,2.5515506267547607,2.367654800415039,2.1550052165985107,1.8129279613494873,1.654358983039856,1.3993494510650635,1.0800191164016724,1.018064022064209,0.8266623020172119,0.9178951382637024,0.6048924922943115,0.4641363024711609,0.6896664500236511
A13,3.0563929080963135,2.8328001499176025,2.521850109100342,2.2938950061798096,2.024151563644409,1.7308292388916016,1.4712705612182617,1.2088637351989746,0.9076755046844482,0.6550225019454956,0.5145964026451111,0.3725910484790802,0.0,0.36677098274230957,0.48938247561454773,2.8970561027526855,2.649798631668091,2.3164680004119873,2.1791019439697266,1.8131706714630127,1.6689730882644653,1.4020307064056396,1.0818243026733398,1.090468406677246,0.8352082967758179,0.6814073920249939,0.6165981292724609,0.9723519086837769,0.9653757214546204,0.9879383444786072,2.798764228820801,2.662487506866455,2.2982406616210938,2.30715012550354,1.9974595308303833,1.8597100973129272,1.7812682390213013,1.436202049255371,1.5523388385772705,1.5000203847885132,1.2295968532562256,1.3894462585449219,1.6191695928573608,1.3832695484161377,1.4592863321304321,2.907336711883545,2.8676536083221436,2.504319429397583,2.508104085922241,2.318801164627075,2.041694402694702,2.056685209274292,1.733027696609497,1.684073805809021,1.7464874982833862,1.4215635061264038,1.6607638597488403,1.6472837924957275,1.2853671312332153,1.4219791889190674,3.0869619846343994,2.960300922393799,2.6318044662475586,2.4879026412963867,2.305457830429077,1.9517661333084106,1.8568311929702759,1.5961554050445557,1.3130820989608765,1.3180229663848877,1.088730812072754,1.232728362083435,0.9550303816795349,0.7184539437294006,0.9047678112983704
A14,2.97167706489563,2.784517765045166,2.451129674911499,2.269650459289551,2.008044481277466,1.6996536254882812,1.5001232624053955,1.1898193359375,0.9302971959114075,0.7710341811180115,0.47108587622642517,0.5282007455825806,0.36677098274230957,0.0,0.3836534023284912,2.9003379344940186,2.6736950874328613,2.328651189804077,2.1821112632751465,1.8470211029052734,1.6334009170532227,1.390192985534668,1.0426591634750366,0.9542980790138245,0.7168318629264832,0.42552533745765686,0.42270731925964355,0.698156476020813,0.6116123199462891,0.6740964651107788,2.812055826187134,2.6420419216156006,2.278700113296509,2.2285449504852295,1.9058655500411987,1.7276954650878906,1.5944879055023193,1.2307960987091064,1.2807856798171997,1.1827623844146729,0.8878096342086792,1.0289430618286133,1.2552382946014404,1.0338634252548218,1.1101149320602417,2.83451509475708,2.7516396045684814,2.3821868896484375,2.3623783588409424,2.127502679824829,1.8669993877410889,1.832240104675293,1.4846910238265991,1.449816107749939,1.465555191040039,1.1267669200897217,1.3506027460098267,1.3931117057800293,1.0455683469772339,1.1741012334823608,2.957674980163574,2.8391573429107666,2.4918267726898193,2.382509231567383,2.1711223125457764,1.8407076597213745,1.7549911737442017,1.4501843452453613,1.2321065664291382,1.2342181205749512,0.9363682270050049,1.1207901239395142,0.939624547958374,0.6028021574020386,0.7969948649406433
A15,3.3342580795288086,3.138993501663208,2.8026013374328613,2.6223199367523193,2.340008497238159,2.0511560440063477,1.8257874250411987,1.5078469514846802,1.2674540281295776,1.03435480594635,0.7445443868637085,0.613533079624176,0.48938247561454773,0.3836534023284912,0.0,3.2502267360687256,3.029515266418457,2.6813037395477295,2.550020933151245,2.2066500186920166,2.0088589191436768,1.764432430267334,1.4184629917144775,1.3344848155975342,1.0715463161468506,0.7871424555778503,0.6578903794288635,0.8880589008331299,0.8020327687263489,0.6648073792457581,3.182213306427002,3.020988941192627,2.6564934253692627,2.611943244934082,2.2887656688690186,2.1080844402313232,1.9648889303207397,1.5990022420883179,1.6114251613616943,1.4694873094558716,1.1447594165802002,1.20016348361969,1.3988826274871826,1.167728304862976,1.124893307685852,3.218127965927124,3.132533311843872,2.7630462646484375,2.7336366176605225,2.4884798526763916,2.2241384983062744,2.159152030944824,1.8025909662246704,1.7283862829208374,1.684726357460022,1.3201440572738647,1.4618297815322876,1.4757474660873413,1.1301406621932983,1.1395399570465088,3.3290212154388428,3.1996142864227295,2.850928544998169,2.7316877841949463,2.4991443157196045,2.1780271530151367,2.053290605545044,1.7363698482513428,1.5016793012619019,1.4205365180969238,1.1045600175857544,1.1735724210739136,0.963132381439209,0.6701457500457764,0.6621223092079163
B1,0.729473352432251,0.4162886142730713,0.6985458135604858,0.6490495204925537,0.9612855911254883,1.2078932523727417,1.4485481977462769,1.7681324481964111,1.9949389696121216,2.29066801071167,2.5214684009552,2.785684108734131,2.8970561027526855,2.9003379344940186,3.2502267360687256,0.0,0.38855478167533875,0.5910080671310425,0.8706653118133545,1.1836308240890503,1.3674743175506592,1.710803747177124,1.9275619983673096,2.185598373413086,2.510847806930542,2.6570448875427246,2.9689524173736572,3.0839574337005615,3.008640766143799,3.3627660274505615,0.7507151365280151,1.024595856666565,1.0453712940216064,1.2338701486587524,1.5546478033065796,1.554529070854187,1.929931879043579,2.0898499488830566,2.2641212940216064,2.625706911087036,2.7201948165893555,3.0650827884674072,3.094996929168701,2.9727942943573,3.347299814224243,1.2426570653915405,1.2962015867233276,1.3379441499710083,1.2830699682235718,1.6181288957595825,1.5267261266708374,1.830990195274353,2.0528743267059326,2.1102423667907715,2.4735400676727295,2.627436399459839,2.941807508468628,2.8966808319091797,2.83534574508667,3.2183310985565186,1.1874192953109741,1.0009944438934326,1.1393063068389893,0.9393378496170044,1.2695419788360596,1.2992750406265259,1.516332745552063,1.844383716583252,1.941364049911499,2.255810022354126,2.502410650253296,2.7624964714050293,2.794370651245117,2.8150737285614014,3.183176279067993
B2,0.9290321469306946,0.6419848203659058,0.7870538234710693,0.5685372948646545,0.8908109664916992,1.0385571718215942,1.2579880952835083,1.5989657640457153,1.7660959959030151,2.0698490142822266,2.3186960220336914,2.5749988555908203,2.649798631668091,2.6736950874328613,3.029515266418457,0.38855478167533875,0.0,0.3738768696784973,0.5559218525886536,0.8689180016517639,1.1057111024856567,1.413015365600586,1.6687031984329224,1.932723045349121,2.2399234771728516,2.423471212387085,2.711735486984253,2.840489387512207,2.80253529548645,3.1494531631469727,0.4789506494998932,0.7574092149734497,0.7371407747268677,1.0088214874267578,1.296406626701355,1.357168436050415,1.7330434322357178,1.8863539695739746,2.1130166053771973,2.457916259765625,2.5534772872924805,2.8929431438446045,2.966811180114746,2.848090410232544,3.212369680404663,1.0913043022155762,1.2192227840423584,1.1999733448028564,1.2351090908050537,1.5502458810806274,1.451385259628296,1.7937231063842773,1.9662758111953735,2.0560038089752197,2.426908016204834,2.5352258682250977,2.873087167739868,2.846278429031372,2.7408337593078613,3.123094081878662,1.2639679908752441,1.146857738494873,1.1959964036941528,1.0194159746170044,1.3339452743530273,1.2611360549926758,1.5048915147781372,1.7888274192810059,1.8398348093032837,2.177335500717163,2.390115737915039,2.6712114810943604,2.6612157821655273,2.6533408164978027,3.0310304164886475
B3,0.9870908260345459,0.6639435291290283,0.6138681173324585,0.26614588499069214,0.5353240370750427,0.6700903177261353,0.8985904455184937,1.2306071519851685,1.4195150136947632,1.7251932621002197,1.9618841409683228,2.2260005474090576,2.3164680004119873,2.328651189804077,2.6813037395477295,0.5910080671310425,0.3738768696784973,0.0,0.37686824798583984,0.6064012050628662,0.8082343935966492,1.1382988691329956,1.3472936153411865,1.6258494853973389,1.9359298944473267,2.0899839401245117,2.3911731243133545,2.525296211242676,2.4652841091156006,2.8096771240234375,0.7378917336463928,0.8690134286880493,0.6802721619606018,0.906454861164093,1.1204605102539062,1.1037167310714722,1.4800512790679932,1.5855644941329956,1.8004124164581299,2.1464576721191406,2.214864492416382,2.5629754066467285,2.6301839351654053,2.493745803833008,2.8567473888397217,1.1896264553070068,1.2373851537704468,1.1142487525939941,1.0967780351638794,1.346043348312378,1.1753281354904175,1.503482460975647,1.6426454782485962,1.7092455625534058,2.080618381500244,2.1746809482574463,2.514812707901001,2.480588674545288,2.368692636489868,2.7508175373077393,1.287974238395691,1.1162039041519165,1.0560333728790283,0.8202191591262817,1.0633865594863892,0.9256913661956787,1.155102014541626,1.425365686416626,1.4665552377700806,1.8070341348648071,2.0162811279296875,2.2991514205932617,2.2943742275238037,2.285550594329834,2.6622233390808105
B4,1.1160200834274292,0.894167423248291,0.8034378290176392,0.505262017250061,0.737650990486145,0.6642232537269592,0.9094071388244629,1.2110341787338257,1.3139057159423828,1.6499055624008179,1.8706028461456299,2.147801160812378,2.1791019439697266,2.1821112632751465,2.550020933151245,0.8706653118133545,0.5559218525886536,0.37686824798583984,0.0,0.39037051796913147,0.5718852281570435,0.8700566291809082,1.150338053703308,1.3908194303512573,1.6994251012802124,1.9032319784164429,2.1832265853881836,2.2996203899383545,2.2836363315582275,2.6309802532196045,0.6507492065429688,0.6278900504112244,0.33804410696029663,0.6124233603477478,0.7899453043937683,0.8632839322090149,1.2277629375457764,1.3643183708190918,1.629172444343567,1.9540317058563232,2.0566482543945312,2.3849308490753174,2.4932215213775635,2.3902676105499268,2.7433481216430664,0.9821617603302002,1.0727415084838867,0.895082950592041,0.9873552322387695,1.2108399868011475,1.0866124629974365,1.4486734867095947,1.5548375844955444,1.6914265155792236,2.0563366413116455,2.1218502521514893,2.475304365158081,2.488452196121216,2.3496830463409424,2.724355936050415,1.2661789655685425,1.1923577785491943,1.0758724212646484,0.9469245672225952,1.180008888244629,0.9881225228309631,1.2725296020507812,1.4673960208892822,1.5018776655197144,1.864909052848816,2.0111236572265625,2.327275276184082,2.300410032272339,2.2345869541168213,2.6183040142059326
B5,1.4632024765014648,1.2138288021087646,1.0471197366714478,0.7102662920951843,0.7364956736564636,0.5298953056335449,0.634216845035553,0.929934561252594,0.9689421653747559,1.2906606197357178,1.5352087020874023,1.7903105020523071,1.8131706714630127,1.8470211029052734,2.2066500186920166,1.1836308240890503,0.8689180016517639,0.6064012050628662,0.39037051796913147,0.0,0.3779361844062805,0.5757099986076355,0.832988440990448,1.1256976127624512,1.3950856924057007,1.6001865863800049,1.862291932106018,2.019943952560425,2.014777660369873,2.340463161468506,0.995475172996521,0.9480793476104736,0.6024372577667236,0.8221864104270935,0.8121623396873474,0.8484100103378296,1.164785623550415,1.20156991481781,1.497409701347351,1.7917500734329224,1.8423181772232056,2.1738290786743164,2.3123462200164795,2.1790974140167236,2.51259183883667,1.3047078847885132,1.379637360572815,1.1271454095840454,1.2105669975280762,1.3307578563690186,1.1323151588439941,1.4583123922348022,1.4706834554672241,1.5786519050598145,1.930638074874878,1.9316418170928955,2.2966973781585693,2.2968130111694336,2.1123194694519043,2.4777960777282715,1.5974904298782349,1.5020687580108643,1.3170995712280273,1.1543875932693481,1.2789827585220337,0.9870504140853882,1.2002391815185547,1.3267430067062378,1.2761149406433105,1.6307892799377441,1.7513246536254883,2.0637400150299072,1.99281644821167,1.9209094047546387,2.3037502765655518
B6,1.4647363424301147,1.280657172203064,1.0308791399002075,0.7911747694015503,0.776441752910614,0.440247505903244,0.6331456303596497,0.7951064705848694,0.8291698694229126,1.1936750411987305,1.3571761846542358,1.6622154712677002,1.6689730882644653,1.6334009170532227,2.0088589191436768,1.3674743175506592,1.1057111024856567,0.8082343935966492,0.5718852281570435,0.3779361844062805,0.0,0.3790263533592224,0.601231575012207,0.8274856805801392,1.1492480039596558,1.3356459140777588,1.626835584640503,1.7352776527404785,1.7121632099151611,2.0595881938934326,1.1952579021453857,1.0418106317520142,0.6715876460075378,0.7011556625366211,0.574672281742096,0.5037937760353088,0.800906240940094,0.8337838053703308,1.1248801946640015,1.425684928894043,1.5026957988739014,1.8301622867584229,1.9612178802490234,1.8546953201293945,2.1950204372406006,1.2869791984558105,1.2731451988220215,0.952802300453186,1.006912112236023,1.033729910850525,0.8244013786315918,1.135703206062317,1.1225489377975464,1.2761510610580444,1.6176778078079224,1.625748634338379,1.9888204336166382,2.0306155681610107,1.859917402267456,2.22157621383667,1.502163052558899,1.419891595840454,1.1593915224075317,1.0552880764007568,1.1116950511932373,0.7985097765922546,1.0467373132705688,1.1023294925689697,1.1080602407455444,1.4737582206726074,1.5423641204833984,1.8843196630477905,1.8512166738510132,1.7302687168121338,2.112654209136963
B7,1.831877589225769,1.6537715196609497,1.4095898866653442,1.156836986541748,1.099182367324829,0.7408256530761719,0.7657493352890015,0.8347187638282776,0.691802978515625,1.0298322439193726,1.1853708028793335,1.4647189378738403,1.4020307064056396,1.390192985534668,1.764432430267334,1.710803747177124,1.413015365600586,1.1382988691329956,0.8700566291809082,0.5757099986076355,0.3790263533592224,0.0,0.3721718490123749,0.5819223523139954,0.839670717716217,1.0900524854660034,1.3308385610580444,1.4652963876724243,1.5023707151412964,1.823728322982788,1.4492048025131226,1.2660294771194458,0.9084759950637817,0.939161479473114,0.672333300113678,0.6784608960151672,0.8196969628334045,0.7590554356575012,1.1089963912963867,1.3312561511993408,1.3837350606918335,1.682512879371643,1.8774175643920898,1.774896264076233,2.0769262313842773,1.5188710689544678,1.5380911827087402,1.2007839679718018,1.3089367151260376,1.2697206735610962,1.0803008079528809,1.3390361070632935,1.229921579360962,1.393464207649231,1.690751314163208,1.6195969581604004,1.9848726987838745,2.0468926429748535,1.8234810829162598,2.157022476196289,1.8278042078018188,1.7792130708694458,1.5047626495361328,1.424733281135559,1.4423378705978394,1.1042965650558472,1.2922624349594116,1.2558215856552124,1.1840107440948486,1.518097162246704,1.5134273767471313,1.8561115264892578,1.7667856216430664,1.599513053894043,1.9726252555847168
B8,2.027458429336548,1.8377858400344849,1.544511079788208,1.31931471824646,1.1564737558364868,0.7907508611679077,0.7105640769004822,0.6093504428863525,0.3876614570617676,0.7188304662704468,0.8213543891906738,1.1223293542861938,1.0818243026733398,1.0426591634750366,1.4184629917144775,1.9275619983673096,1.6687031984329224,1.3472936153411865,1.150338053703308,0.832988440990448,0.601231575012207,0.3721718490123749,0.0,0.3742690980434418,0.6045851707458496,0.7672604918479919,1.0447487831115723,1.2066357135772705,1.1945127248764038,1.5085982084274292,1.771464228630066,1.6047594547271729,1.2383495569229126,1.2285659313201904,0.9480659365653992,0.8205808997154236,0.8693657517433167,0.6477615237236023,0.9413325786590576,1.1283916234970093,1.0969327688217163,1.4114322662353516,1.6008737087249756,1.4570232629776,1.7485215663909912,1.8316664695739746,1.795863151550293,1.4399011135101318,1.4734240770339966,1.3555054664611816,1.10312020778656,1.268413782119751,1.0708988904953003,1.1750668287277222,1.4351966381072998,1.3096346855163574,1.6731735467910767,1.7223411798477173,1.474353313446045,1.7985650300979614,2.0342893600463867,1.9420698881149292,1.6311410665512085,1.5238711833953857,1.444163203239441,1.0819436311721802,1.175360083580017,1.0471773147583008,0.923129677772522,1.2198597192764282,1.1686651706695557,1.5098967552185059,1.4162088632583618,1.2304049730300903,1.6020920276641846
B9,2.183014154434204,2.0504298210144043,1.7449558973312378,1.573830246925354,1.4449068307876587,1.0720561742782593,1.0585089921951294,0.8982241749763489,0.6796582341194153,0.9340957403182983,0.8944381475448608,1.2073485851287842,1.090468406677246,0.9542980790138245,1.3344848155975342,2.185598373413086,1.932723045349121,1.6258494853973389,1.3908194303512573,1.1256976127624512,0.8274856805801392,0.5819223523139954,0.3742690980434418,0.0,0.37131986021995544,0.570285975933075,0.8415727615356445,0.9089546799659729,0.9326890707015991,1.2685421705245972,1.977372169494629,1.748221755027771,1.4042925834655762,1.3066811561584473,0.9599075317382812,0.8299272060394287,0.7080994248390198,0.4210546314716339,0.7219308614730835,0.8252215385437012,0.845118522644043,1.1146135330200195,1.3467724323272705,1.2701324224472046,1.5398426055908203,1.9011354446411133,1.8324912786483765,1.463135838508606,1.5118565559387207,1.316601276397705,1.1271634101867676,1.2360111474990845,0.9896714687347412,1.1670422554016113,1.364272952079773,1.2189422845840454,1.5599530935287476,1.6856273412704468,1.4471752643585205,1.7335857152938843,2.1014058589935303,2.052964448928833,1.7176660299301147,1.6831459999084473,1.5830482244491577,1.2563658952713013,1.3717776536941528,1.1794391870498657,1.119572401046753,1.3781354427337646,1.2372688055038452,1.5880274772644043,1.5226924419403076,1.2604601383209229,1.5991382598876953
B10,2.5473642349243164,2.400611639022827,2.09846568107605,1.9047342538833618,1.7498019933700562,1.3825255632400513,1.2912381887435913,1.096246600151062,0.7882615327835083,0.9062312245368958,0.8157468438148499,1.0493417978286743,0.8352082967758179,0.7168318629264832,1.0715463161468506,2.510847806930542,2.2399234771728516,1.9359298944473267,1.6994251012802124,1.3950856924057007,1.1492480039596558,0.839670717716217,0.6045851707458496,0.37131986021995544,0.0,0.37352705001831055,0.5091457962989807,0.6501582264900208,0.7699218988418579,1.0315020084381104,2.278934955596924,2.0551581382751465,1.7146440744400024,1.64474618434906,1.2833631038665771,1.1956053972244263,1.0414830446243286,0.7439115047454834,0.9705953598022461,0.9409375190734863,0.8756439089775085,1.0664528608322144,1.3628690242767334,1.277286171913147,1.4676024913787842,2.227238178253174,2.181537389755249,1.8147271871566772,1.8805153369903564,1.6759822368621826,1.490274429321289,1.5649057626724243,1.2771337032318115,1.4117015600204468,1.545269250869751,1.3206220865249634,1.628666877746582,1.7539523839950562,1.4683120250701904,1.6966514587402344,2.4683382511138916,2.4235012531280518,2.088496685028076,2.043975830078125,1.9284337759017944,1.5919898748397827,1.6583530902862549,1.4286521673202515,1.3012791872024536,1.491753101348877,1.2883479595184326,1.5989004373550415,1.473200798034668,1.1732245683670044,1.467531681060791
B11,2.668135643005371,2.516895055770874,2.185570001602173,2.023139476776123,1.8131077289581299,1.4703972339630127,1.3518846035003662,1.0691584348678589,0.8100794553756714,0.834943950176239,0.5991209745407104,0.8425284028053284,0.6814073920249939,0.42552533745765686,0.7871424555778503,2.6570448875427246,2.423471212387085,2.0899839401245117,1.9032319784164429,1.6001865863800049,1.3356459140777588,1.0900524854660034,0.7672604918479919,0.570285975933075,0.37352705001831055,0.0,0.36902961134910583,0.5142414569854736,0.47209998965263367,0.7430989146232605,2.516667127609253,2.309436321258545,1.9568147659301758,1.867111086845398,1.5271157026290894,1.356360673904419,1.187029242515564,0.8296115398406982,0.917473316192627,0.8333292007446289,0.6296611428260803,0.8267491459846497,1.095483660697937,0.9552540183067322,1.12611722946167,2.46573543548584,2.37430477142334,2.003162145614624,2.003948926925659,1.7583787441253662,1.5351336002349854,1.525292992591858,1.1880463361740112,1.24889075756073,1.3125731945037842,1.032193660736084,1.3122055530548096,1.4305773973464966,1.1321245431900024,1.3323255777359009,2.6050820350646973,2.521282196044922,2.1692943572998047,2.105454444885254,1.9231082201004028,1.5996326208114624,1.5928242206573486,1.3023576736450195,1.1653140783309937,1.2771682739257812,1.0103325843811035,1.2966746091842651,1.1955149173736572,0.8608920574188232,1.1294310092926025
B12,3.0038414001464844,2.850470542907715,2.5296034812927246,2.3472087383270264,2.1439685821533203,1.7966586351394653,1.6513396501541138,1.3865352869033813,1.0817551612854004,1.0284230709075928,0.8045400977134705,0.9059618711471558,0.6165981292724609,0.42270731925964355,0.6578903794288635,2.9689524173736572,2.711735486984253,2.3911731243133545,2.1832265853881836,1.862291932106018,1.626835584640503,1.3308385610580444,1.0447487831115723,0.8415727615356445,0.5091457962989807,0.36902961134910583,0.0,0.3736092746257782,0.529642641544342,0.6106847524642944,2.778054714202881,2.5627267360687256,2.218377113342285,2.1431968212127686,1.7823095321655273,1.6624822616577148,1.470094084739685,1.1368547677993774,1.2349594831466675,1.076124906539917,0.8813742399215698,0.9447893500328064,1.264535903930664,1.1582027673721313,1.2190475463867188,2.7284634113311768,2.662982702255249,2.293384075164795,2.3283677101135254,2.084160089492798,1.8845736980438232,1.879989743232727,1.5407737493515015,1.6058017015457153,1.6339900493621826,1.325568675994873,1.5541235208511353,1.678776741027832,1.363602638244629,1.4852014780044556,2.927351713180542,2.8636629581451416,2.514880418777466,2.458937644958496,2.2888731956481934,1.960557222366333,1.952378511428833,1.6621588468551636,1.4970537424087524,1.5719572305679321,1.2826299667358398,1.5120307207107544,1.3566112518310547,1.0135753154754639,1.1941564083099365
B13,3.0318918228149414,2.923983573913574,2.5954437255859375,2.4572978019714355,2.2825355529785156,1.928206205368042,1.8472747802734375,1.5754477977752686,1.314953327178955,1.3249788284301758,1.0657248497009277,1.2203551530838013,0.9723519086837769,0.698156476020813,0.8880589008331299,3.0839574337005615,2.840489387512207,2.525296211242676,2.2996203899383545,2.019943952560425,1.7352776527404785,1.4652963876724243,1.2066357135772705,0.9089546799659729,0.6501582264900208,0.5142414569854736,0.3736092746257782,0.0,0.3671107590198517,0.48831337690353394,2.8758864402770996,2.6226048469543457,2.2958548069000244,2.161506175994873,1.790242075920105,1.6598049402236938,1.395577073097229,1.0865933895111084,1.1161220073699951,0.8643592000007629,0.730897068977356,0.6745136380195618,1.034691572189331,1.0328272581100464,1.065598487854004,2.7271838188171387,2.6281912326812744,2.26297926902771,2.293973445892334,2.008146047592163,1.8584284782409668,1.8143562078475952,1.4735325574874878,1.5880087614059448,1.5691847801208496,1.2854875326156616,1.4729286432266235,1.6745226383209229,1.4115049839019775,1.5037050247192383,2.894768714904785,2.8588473796844482,2.5006494522094727,2.4957144260406494,2.3179163932800293,2.024376153945923,2.046010971069336,1.7393622398376465,1.6493796110153198,1.7312171459197998,1.4192399978637695,1.6622381210327148,1.5790348052978516,1.2151414155960083,1.3658846616744995
