,A1,A2,A3,A4,A5,A6,A7,A8,A9,A10,A11,A12,A13,A14,A15,B1,B2,B3,B4,B5,B6,B7,B8,B9,B10,B11,B12,B13,B14,B15,C1,C2,C3,C4,C5,C6,C7,C8,C9,C10,C11,C12,C13,C14,C15,D1,D2,D3,D4,D5,D6,D7,D8,D9,D10,D11,D12,D13,D14,D15,E1,E2,E3,E4,E5,E6,E7,E8,E9,E10,E11,E12,E13,E14,E15
A1,0.0,0.39783719182014465,0.6232047080993652,0.8509470224380493,1.1880372762680054,1.4170186519622803,1.7021386623382568,2.0191922187805176,2.297640800476074,2.5810062885284424,2.8126401901245117,3.0649640560150146,3.1405487060546875,3.1855809688568115,3.5577993392944336,0.7493860721588135,0.8395294547080994,0.8720782399177551,1.2528014183044434,1.42986261844635,1.622417688369751,1.9803500175476074,2.190586566925049,2.501755475997925,2.8117403984069824,2.9541501998901367,3.2556424140930176,3.370729446411133,3.3295788764953613,3.698070764541626,1.2357596158981323,1.3811399936676025,1.232164978981018,1.583737850189209,1.753259539604187,1.7833902835845947,2.1722583770751953,2.3441221714019775,2.5813992023468018,2.9413599967956543,3.040005922317505,3.3774659633636475,3.4243783950805664,3.325967788696289,3.710296154022217,1.1325137615203857,1.3768469095230103,1.2152979373931885,1.4698013067245483,1.7275632619857788,1.691025733947754,2.0437707901000977,2.278808832168579,2.4386627674102783,2.8095881938934326,2.961979627609253,3.2771360874176025,3.252408027648926,3.2035129070281982,3.5958476066589355,0.7962542772293091,1.0399079322814941,0.9743784666061401,1.1025731563568115,1.461880087852478,1.4997568130493164,1.787509799003601,2.11468243598938,2.2859575748443604,2.615560293197632,2.8449442386627197,3.111815929412842,3.1045923233032227,3.132854700088501,3.5135393142700195
A2,0.39783719182014465,0.0,0.3836539089679718,0.5760060548782349,0.8496648073196411,1.1410168409347534,1.4084326028823853,1.7060515880584717,2.015486001968384,2.27590274810791,2.502126455307007,2.746032476425171,2.8533897399902344,2.9021642208099365,3.2655858993530273,1.002768874168396,0.9477402567863464,0.861053466796875,1.2257308959960938,1.2945401668548584,1.4581362009048462,1.8229765892028809,1.9705700874328613,2.29183292388916,2.598788261413574,2.701204538345337,3.014920949935913,3.1462008953094482,3.074631929397583,3.4372169971466064,1.4501162767410278,1.5205416679382324,1.2784736156463623,1.5868487358093262,1.6925333738327026,1.6444259881973267,2.0310328006744385,2.1532843112945557,2.361675977706909,2.7303497791290283,2.7937731742858887,3.144662380218506,3.176137924194336,3.046647310256958,3.4307022094726562,1.2860935926437378,1.4489164352416992,1.207759141921997,1.3818321228027344,1.6048835515975952,1.4860398769378662,1.8151323795318604,2.034151792526245,2.1463711261749268,2.522789239883423,2.66874361038208,2.982236385345459,2.9280447959899902,2.875826358795166,3.265744686126709,0.8464412689208984,0.9447847008705139,0.8282994627952576,0.8221006393432617,1.1793663501739502,1.1955761909484863,1.4391487836837769,1.7871806621551514,1.9433810710906982,2.257505178451538,2.508321523666382,2.7568061351776123,2.7481513023376465,2.8019306659698486,3.1746180057525635
A3,0.6232047080993652,0.3836539089679718,0.0,0.3865518867969513,0.6260797381401062,0.8304159045219421,1.1559423208236694,1.4304261207580566,1.726741075515747,2.021394729614258,2.2226240634918213,2.494542360305786,2.583094835281372,2.600768566131592,2.9762401580810547,0.9509234428405762,0.8394525647163391,0.6076200008392334,0.9437670707702637,0.9976403713226318,1.103554129600525,1.4817476272583008,1.6365104913711548,1.9384205341339111,2.2609338760375977,2.371211051940918,2.690131902694702,2.7989776134490967,2.731567859649658,3.1019012928009033,1.2729377746582031,1.2716963291168213,0.9727641940116882,1.2442816495895386,1.3269765377044678,1.2611513137817383,1.6473973989486694,1.7774741649627686,1.9912532567977905,2.3581032752990723,2.4377963542938232,2.7825067043304443,2.8189890384674072,2.7079737186431885,3.0929617881774902,1.1491647958755493,1.21399986743927,0.9106510281562805,1.0749553442001343,1.2500569820404053,1.1248927116394043,1.473096251487732,1.6791324615478516,1.8234329223632812,2.1988744735717773,2.341022253036499,2.6594393253326416,2.635674476623535,2.5820655822753906,2.974700689315796,0.8738714456558228,0.8560009598731995,0.5968020558357239,0.622092068195343,0.9133849740028381,0.8841818571090698,1.1872225999832153,1.4964838027954102,1.6759562492370605,2.012418031692505,2.2287895679473877,2.5046043395996094,2.5123178958892822,2.529670476913452,2.911224126815796
A4,0.8509470224380493,0.5760060548782349,0.3865518867969513,0.0,0.3931344449520111,0.614794135093689,0.8536426424980164,1.1853981018066406,1.462719202041626,1.7315484285354614,1.9750195741653442,2.2162177562713623,2.2969300746917725,2.35768985748291,2.720871925354004,1.0678026676177979,0.8128066062927246,0.6112091541290283,0.8511428236961365,0.7814010381698608,0.964097261428833,1.2995339632034302,1.4237200021743774,1.7676692008972168,2.050658941268921,2.160661458969116,2.460557460784912,2.612381935119629,2.5598292350769043,2.9117581844329834,1.498479962348938,1.4142189025878906,1.1069964170455933,1.362334132194519,1.3372230529785156,1.2704806327819824,1.6439080238342285,1.6958314180374146,1.9328651428222656,2.282231569290161,2.3134491443634033,2.6673316955566406,2.736967086791992,2.5923588275909424,2.96547794342041,1.4992009401321411,1.5254771709442139,1.185734748840332,1.3339500427246094,1.4146572351455688,1.2140028476715088,1.5513455867767334,1.6727700233459473,1.7827560901641846,2.1671764850616455,2.2507801055908203,2.590911388397217,2.553197145462036,2.4474334716796875,2.840158700942993,1.2557214498519897,1.2172406911849976,0.9302694797515869,0.8507828712463379,1.0535615682601929,0.8812231421470642,1.1229877471923828,1.4094014167785645,1.5025067329406738,1.8497732877731323,2.0624916553497314,2.33589506149292,2.2916929721832275,2.307985782623291,2.689561367034912
A5,1.1880372762680054,0.8496648073196411,0.6260797381401062,0.3931344449520111,0.0,0.3914920389652252,0.5998215675354004,0.8605093955993652,1.1906262636184692,1.4385945796966553,1.654630422592163,1.9007654190063477,2.022088050842285,2.067702531814575,2.4241628646850586,1.431196689605713,1.1679764986038208,0.9009426236152649,1.0462812185287476,0.8471277952194214,0.906358540058136,1.2187628746032715,1.2352410554885864,1.567423939704895,1.8494690656661987,1.9007806777954102,2.2201731204986572,2.3772594928741455,2.2819972038269043,2.6291253566741943,1.7597037553787231,1.6387557983398438,1.285744071006775,1.4495980739593506,1.3599542379379272,1.1878596544265747,1.5222091674804688,1.5089129209518433,1.6929324865341187,2.0463006496429443,2.039262056350708,2.4036548137664795,2.448878765106201,2.2742350101470947,2.646850109100342,1.6926252841949463,1.6501219272613525,1.283301830291748,1.3225327730178833,1.33915376663208,1.0481406450271606,1.3235403299331665,1.4086827039718628,1.4568417072296143,1.8413100242614746,1.917250156402588,2.2523624897003174,2.1880898475646973,2.0820982456207275,2.472651958465576,1.4255847930908203,1.2778993844985962,0.9779359102249146,0.7702144384384155,0.8503378033638,0.5996754765510559,0.7580692768096924,1.0484129190444946,1.126097559928894,1.462572455406189,1.6926178932189941,1.9529235363006592,1.919649600982666,1.9570304155349731,2.3324198722839355
A6,1.4170186519622803,1.1410168409347534,0.8304159045219421,0.614794135093689,0.3914920389652252,0.0,0.3922940194606781,0.6278278231620789,0.8974657654762268,1.209943413734436,1.4058414697647095,1.6862537860870361,1.7576026916503906,1.7729036808013916,2.147871971130371,1.472962498664856,1.1811069250106812,0.867303729057312,0.8683236837387085,0.5901878476142883,0.5468750596046448,0.8388789892196655,0.8576964139938354,1.1867204904556274,1.4796233177185059,1.560699701309204,1.8777607679367065,2.017090082168579,1.947437047958374,2.3025460243225098,1.7031315565109253,1.50294828414917,1.142890453338623,1.2302781343460083,1.056833267211914,0.8745389580726624,1.1823232173919678,1.1408777236938477,1.361073613166809,1.6991612911224365,1.7041165828704834,2.0615756511688232,2.138394832611084,1.9868253469467163,2.3557913303375244,1.7293949127197266,1.608618140220642,1.2257037162780762,1.2556707859039307,1.1641613245010376,0.8654588460922241,1.1441881656646729,1.1515049934387207,1.2514480352401733,1.6285946369171143,1.6675848960876465,2.0205442905426025,2.0082874298095703,1.8767204284667969,2.269273281097412,1.6181031465530396,1.4442408084869385,1.08961021900177,0.9557033181190491,0.9083539843559265,0.5545502305030823,0.7580447196960449,0.9069048762321472,0.9731466770172119,1.3496752977371216,1.5023635625839233,1.8093829154968262,1.7772117853164673,1.743155598640442,2.1334218978881836
A7,1.7021386623382568,1.4084326028823853,1.1559423208236694,0.8536426424980164,0.5998215675354004,0.3922940194606781,0.0,0.39826908707618713,0.6283091902732849,0.8792397975921631,1.1388813257217407,1.3697694540023804,1.4458283185958862,1.523090124130249,1.8743091821670532,1.750561237335205,1.4099820852279663,1.1587789058685303,1.094449758529663,0.7275125980377197,0.7356327176094055,0.8631802797317505,0.7581852674484253,1.1209436655044556,1.330780029296875,1.3808073997497559,1.6699607372283936,1.8721578121185303,1.8079862594604492,2.127727508544922,2.046504497528076,1.8177986145019531,1.4790399074554443,1.551865816116333,1.3114224672317505,1.1386737823486328,1.3732880353927612,1.2204774618148804,1.4271855354309082,1.7182546854019165,1.6428616046905518,2.0020313262939453,2.1092002391815186,1.9079116582870483,2.2500810623168945,2.1164300441741943,1.9964030981063843,1.6136276721954346,1.6329212188720703,1.5028156042099,1.1774861812591553,1.386391043663025,1.2968333959579468,1.3183631896972656,1.6723933219909668,1.6313328742980957,1.9926040172576904,1.9519885778427124,1.7564219236373901,2.136192560195923,1.9779760837554932,1.8073055744171143,1.4664338827133179,1.2860113382339478,1.214389681816101,0.8365575671195984,0.874958336353302,0.9485397338867188,0.8500416874885559,1.2079071998596191,1.3495973348617554,1.6361032724380493,1.5313363075256348,1.5024930238723755,1.8853843212127686
A8,2.0191922187805176,1.7060515880584717,1.4304261207580566,1.1853981018066406,0.8605093955993652,0.6278278231620789,0.39826908707618713,0.0,0.3888790011405945,0.6271069645881653,0.7965326309204102,1.0711995363235474,1.1920522451400757,1.2132158279418945,1.5664715766906738,2.0830023288726807,1.7628874778747559,1.4728540182113647,1.3846384286880493,1.0203696489334106,0.8818821310997009,0.9307684302330017,0.6658435463905334,0.9400972723960876,1.1396070718765259,1.096542477607727,1.416406512260437,1.6064621210098267,1.484880805015564,1.802958369255066,2.284386396408081,2.0411550998687744,1.688594102859497,1.6788631677627563,1.4067755937576294,1.1527608633041382,1.2925809621810913,1.0579719543457031,1.1756387948989868,1.4481961727142334,1.3231223821640015,1.6881362199783325,1.7688101530075073,1.538163423538208,1.878451943397522,2.303786516189575,2.1311070919036865,1.7538715600967407,1.6908009052276611,1.4989008903503418,1.1388243436813354,1.2368245124816895,1.0657747983932495,1.0105141401290894,1.335548758506775,1.260264277458191,1.6175469160079956,1.5670220851898193,1.3590092658996582,1.7379299402236938,2.1794798374176025,1.9464213848114014,1.6146849393844604,1.4024503231048584,1.2214752435684204,0.8432360887527466,0.7542268633842468,0.6735546588897705,0.4880499541759491,0.8446686267852783,0.9530256390571594,1.251360535621643,1.1705048084259033,1.128661870956421,1.5162051916122437
A9,2.297640800476074,2.015486001968384,1.726741075515747,1.462719202041626,1.1906262636184692,0.8974657654762268,0.6283091902732849,0.3888790011405945,0.0,0.384073406457901,0.5710412859916687,0.8425174355506897,0.86338210105896,0.8983892798423767,1.261460542678833,2.2563323974609375,1.9163098335266113,1.6510796546936035,1.4754778146743774,1.0960602760314941,0.9485481381416321,0.8290049433708191,0.47286897897720337,0.7050926685333252,0.8025919795036316,0.7761204838752747,1.0592641830444336,1.2863450050354004,1.2186062335968018,1.512537956237793,2.43650221824646,2.1453750133514404,1.8250828981399536,1.7754706144332886,1.4422104358673096,1.2374614477157593,1.291979193687439,0.9808634519577026,1.123095154762268,1.3083492517471313,1.1400260925292969,1.4794074296951294,1.6305816173553467,1.405624508857727,1.7057667970657349,2.5424766540527344,2.342839241027832,1.9731371402740479,1.9278873205184937,1.6814528703689575,1.3597394227981567,1.4364484548568726,1.1790333986282349,1.1499742269515991,1.408390760421753,1.2387391328811646,1.5974868535995483,1.5970299243927002,1.3251280784606934,1.672987699508667,2.4950807094573975,2.2736775875091553,1.9235491752624512,1.7519659996032715,1.5587353706359863,1.177761435508728,1.1170413494110107,0.9444928765296936,0.7076416015625,0.9896112084388733,0.9591240286827087,1.269392490386963,1.1351007223129272,0.9855963587760925,1.3689837455749512
A10,2.5810062885284424,2.27590274810791,2.021394729614258,1.7315484285354614,1.4385945796966553,1.209943413734436,0.8792397975921631,0.6271069645881653,0.384073406457901,0.0,0.37554314732551575,0.502582848072052,0.598362147808075,0.7444980144500732,1.0323090553283691,2.5825552940368652,2.2277073860168457,1.9852561950683594,1.8220391273498535,1.4320943355560303,1.3254413604736328,1.1893388032913208,0.8295327425003052,0.9851939082145691,0.9541629552841187,0.8198724389076233,1.0284090042114258,1.323557734489441,1.229698896408081,1.4442943334579468,2.8067586421966553,2.519926071166992,2.1996874809265137,2.159299373626709,1.8248987197875977,1.6158124208450317,1.6475132703781128,1.307281255722046,1.3848235607147217,1.5129262208938599,1.2620038986206055,1.5704268217086792,1.7170588970184326,1.4334520101547241,1.67844820022583,2.898808717727661,2.7092061042785645,2.3363733291625977,2.276552677154541,2.03635573387146,1.6968544721603394,1.7311229705810547,1.4548474550247192,1.3394321203231812,1.5451651811599731,1.318603515625,1.6418428421020508,1.5870065689086914,1.2638829946517944,1.5662137269973755,2.8008625507354736,2.573521614074707,2.2392570972442627,2.0269978046417236,1.8325142860412598,1.4628032445907593,1.3168163299560547,1.1328012943267822,0.7934281229972839,0.9456754326820374,0.8992327451705933,1.125576138496399,0.8934189081192017,0.7710055708885193,1.1159125566482544
A11,2.8126401901245117,2.502126455307007,2.2226240634918213,1.9750195741653442,1.654630422592163,1.4058414697647095,1.1388813257217407,0.7965326309204102,0.5710412859916687,0.37554314732551575,0.0,0.37088581919670105,0.5221998691558838,0.48485034704208374,0.787386417388916,2.8166542053222656,2.4828951358795166,2.205821990966797,2.0373237133026123,1.6641393899917603,1.478293538093567,1.3272805213928223,0.9308707118034363,0.9435858726501465,0.8911203145980835,0.622433066368103,0.8555511832237244,1.1042083501815796,0.9303832054138184,1.1377274990081787,2.959031343460083,2.6674463748931885,2.3422012329101562,2.2452964782714844,1.9077404737472534,1.657982587814331,1.6130430698394775,1.2405139207839966,1.218922734260559,1.2922446727752686,0.9887792468070984,1.2777615785598755,1.395630955696106,1.0864336490631104,1.3145302534103394,3.0140271186828613,2.7864203453063965,2.4280831813812256,2.3164401054382324,2.040332078933716,1.7083404064178467,1.6600648164749146,1.3352848291397095,1.1731384992599487,1.2974729537963867,1.0186136960983276,1.3130348920822144,1.2705615758895874,0.9245815873146057,1.207385778427124,2.9429006576538086,2.6773722171783447,2.35239839553833,2.1397604942321777,1.8857439756393433,1.5451931953430176,1.3646395206451416,1.0862396955490112,0.7591608166694641,0.8044255375862122,0.624158501625061,0.8530197739601135,0.6703933477401733,0.43519797921180725,0.8031294345855713
A12,3.0649640560150146,2.746032476425171,2.494542360305786,2.2162177562713623,1.9007654190063477,1.6862537860870361,1.3697694540023804,1.0711995363235474,0.8425174355506897,0.502582848072052,0.37088581919670105,0.0,0.37641382217407227,0.5346264243125916,0.6482287645339966,3.081658363342285,2.729322671890259,2.4804184436798096,2.310190439224243,1.9243555068969727,1.786670446395874,1.6164597272872925,1.2323704957962036,1.2581366300582886,1.1212831735610962,0.8542487025260925,0.9527910947799683,1.2583153247833252,1.112735629081726,1.2046191692352295,3.276237726211548,2.9819998741149902,2.662407875061035,2.585596799850464,2.241135358810425,2.011051654815674,1.9721680879592896,1.5950558185577393,1.5763227939605713,1.61018967628479,1.2779659032821655,1.512574315071106,1.641609787940979,1.3129762411117554,1.4586153030395508,3.3464789390563965,3.134275436401367,2.769728660583496,2.6695027351379395,2.4040639400482178,2.0654306411743164,2.0211074352264404,1.7014739513397217,1.5140728950500488,1.6099731922149658,1.3100820779800415,1.5542936325073242,1.4713072776794434,1.1016472578048706,1.2992240190505981,3.243562698364258,2.9884181022644043,2.6684367656707764,2.436232089996338,2.202302932739258,1.8600059747695923,1.6517057418823242,1.4041928052902222,1.0422090291976929,1.0083887577056885,0.8535179495811462,0.9468510150909424,0.6435216665267944,0.4740763008594513,0.6937206983566284
A13,3.1405487060546875,2.8533897399902344,2.583094835281372,2.2969300746917725,2.022088050842285,1.7576026916503906,1.4458283185958862,1.1920522451400757,0.86338210105896,0.598362147808075,0.5221998691558838,0.37641382217407227,0.0,0.3802814483642578,0.5063940286636353,3.0670690536499023,2.708956480026245,2.4789645671844482,2.2569262981414795,1.8822904825210571,1.7506181001663208,1.5073894262313843,1.1484334468841553,1.130290150642395,0.8950135111808777,0.6892347931861877,0.6699742078781128,1.0251175165176392,0.9894447922706604,1.0514979362487793,3.243274450302124,2.91983699798584,2.630868911743164,2.5376858711242676,2.167506456375122,1.9888817071914673,1.9179816246032715,1.5325599908828735,1.562411904335022,1.5404987335205078,1.2231824398040771,1.4157400131225586,1.6248993873596191,1.3518508672714233,1.4652540683746338,3.387725353240967,3.1628572940826416,2.8049216270446777,2.735171318054199,2.4445834159851074,2.1400396823883057,2.1221659183502197,1.7792692184448242,1.6631866693496704,1.7531187534332275,1.4307950735092163,1.684525966644287,1.679767370223999,1.3071345090866089,1.4884698390960693,3.3543448448181152,3.1183419227600098,2.7756619453430176,2.585738182067871,2.3587899208068848,1.9975371360778809,1.8526986837387085,1.595085620880127,1.26772940158844,1.305223822593689,1.1036843061447144,1.2544784545898438,0.9955490231513977,0.7313594222068787,0.9227175712585449
A14,3.1855809688568115,2.9021642208099365,2.600768566131592,2.35768985748291,2.067702531814575,1.7729036808013916,1.523090124130249,1.2132158279418945,0.8983892798423767,0.7444980144500732,0.48485034704208374,0.5346264243125916,0.3802814483642578,0.0,0.39745616912841797,3.101466655731201,2.7683722972869873,2.5018043518066406,2.2753849029541016,1.9214751720428467,1.7165037393569946,1.4720971584320068,1.0989223718643188,0.9660935401916504,0.7434752583503723,0.42329326272010803,0.45254236459732056,0.727965772151947,0.6181944608688354,0.7182955741882324,3.1903061866760254,2.8642380237579346,2.5735371112823486,2.4293971061706543,2.062299966812134,1.8557708263397217,1.7226319313049316,1.3261061906814575,1.2883931398391724,1.215928316116333,0.8755735158920288,1.0460376739501953,1.249444603919983,0.9882116317749023,1.0984991788864136,3.3068037033081055,3.047398805618286,2.706940174102783,2.600436210632324,2.2803592681884766,1.9967365264892578,1.926017165184021,1.5544860363006592,1.4419057369232178,1.472196102142334,1.1259937286376953,1.3583918809890747,1.4072225093841553,1.0464588403701782,1.2172822952270508,3.3157689571380615,3.0522940158843994,2.7139062881469727,2.5404722690582275,2.2700817584991455,1.9329530000686646,1.7936854362487793,1.477338433265686,1.202544927597046,1.218157172203064,0.9321420192718506,1.1146546602249146,0.9600304365158081,0.6018726229667664,0.8041253089904785
A15,3.5577993392944336,3.2655858993530273,2.9762401580810547,2.720871925354004,2.4241628646850586,2.147871971130371,1.8743091821670532,1.5664715766906738,1.261460542678833,1.0323090553283691,0.787386417388916,0.6482287645339966,0.5063940286636353,0.39745616912841797,0.0,3.4821181297302246,3.14052152633667,2.884953022003174,2.6560251712799072,2.296959400177002,2.1084275245666504,1.8537780046463013,1.4878160953521729,1.3483411073684692,1.0823744535446167,0.7873842120170593,0.6551993489265442,0.8999784588813782,0.8067976236343384,0.694105863571167,3.5848450660705566,3.2551426887512207,2.968675136566162,2.8232181072235107,2.453233003616333,2.2510311603546143,2.1034984588623047,1.706871747970581,1.639461636543274,1.5168427228927612,1.160171627998352,1.2363778352737427,1.4242477416992188,1.158600091934204,1.140500783920288,3.7026960849761963,3.442436456680298,3.102663040161133,2.9884846210479736,2.6668074131011963,2.3812148571014404,2.2883148193359375,1.91269850730896,1.7656446695327759,1.7438324689865112,1.3772395849227905,1.533417820930481,1.5571441650390625,1.1907813549041748,1.2431714534759521,3.6973466873168945,3.4290082454681396,3.0966603755950928,2.907702922821045,2.6337907314300537,2.3029329776763916,2.1323094367980957,1.8140848875045776,1.5170388221740723,1.4569510221481323,1.1623541116714478,1.2343413829803467,1.0464075803756714,0.7279892563819885,0.7233358025550842
B1,0.7493860721588135,1.002768874168396,0.9509234428405762,1.0678026676177979,1.431196689605713,1.472962498664856,1.750561237335205,2.0830023288726807,2.2563323974609375,2.5825552940368652,2.8166542053222656,3.081658363342285,3.0670690536499023,3.101466655731201,3.4821181297302246,0.0,0.39685821533203125,0.6165464520454407,0.8556473255157471,1.1894828081130981,1.4181090593338013,1.7038851976394653,2.020456075668335,2.299787998199463,2.5856101512908936,2.8126046657562256,3.0677859783172607,3.15543532371521,3.1945226192474365,3.5572354793548584,0.7546511292457581,0.8246518969535828,0.8432336449623108,1.224578619003296,1.3997563123703003,1.590673565864563,1.9479488134384155,2.1583359241485596,2.468557357788086,2.7794954776763916,2.9225685596466064,3.2229294776916504,3.334073781967163,3.2907602787017822,3.6566059589385986,1.1147058010101318,1.2805969715118408,1.1491236686706543,1.5124261379241943,1.6758108139038086,1.726549506187439,2.1148526668548584,2.2876083850860596,2.53438663482666,2.8892781734466553,2.997123956680298,3.3300938606262207,3.3816282749176025,3.29624605178833,3.686850070953369,1.2524144649505615,1.457945466041565,1.2709749937057495,1.502977728843689,1.756293773651123,1.7005594968795776,2.0526814460754395,2.2836029529571533,2.43685245513916,2.8086140155792236,2.955378293991089,3.2738990783691406,3.247771739959717,3.1893298625946045,3.5833535194396973
B2,0.8395294547080994,0.9477402567863464,0.8394525647163391,0.8128066062927246,1.1679764986038208,1.1811069250106812,1.4099820852279663,1.7628874778747559,1.9163098335266113,2.2277073860168457,2.4828951358795166,2.729322671890259,2.708956480026245,2.7683722972869873,3.14052152633667,0.39685821533203125,0.0,0.3838282823562622,0.5760121941566467,0.8509383201599121,1.142574667930603,1.4069615602493286,1.7068103551864624,2.0156569480895996,2.2775118350982666,2.5014233589172363,2.746396541595459,2.864830493927002,2.9091405868530273,3.259857177734375,1.00865638256073,0.9274958968162537,0.8343591690063477,1.1954487562179565,1.2578980922698975,1.4269665479660034,1.7870045900344849,1.935141921043396,2.259946346282959,2.564032554626465,2.668799877166748,2.9793355464935303,3.110762596130371,3.0396370887756348,3.398268461227417,1.3543509244918823,1.4409235715866089,1.2107895612716675,1.5343384742736816,1.6273832321166992,1.6007773876190186,1.9890469312667847,2.106977701187134,2.3288278579711914,2.692007064819336,2.7607951164245605,3.1089067459106445,3.149071455001831,3.0294547080993652,3.4192936420440674,1.413642406463623,1.5401978492736816,1.2813068628311157,1.4318463802337646,1.6479352712631226,1.5108023881912231,1.8362927436828613,2.049842596054077,2.153986930847168,2.530031681060791,2.670546054840088,2.9871747493743896,2.9306139945983887,2.869185447692871,3.261274814605713
B3,0.8720782399177551,0.861053466796875,0.6076200008392334,0.6112091541290283,0.9009426236152649,0.867303729057312,1.1587789058685303,1.4728540182113647,1.6510796546936035,1.9852561950683594,2.205821990966797,2.4804184436798096,2.4789645671844482,2.5018043518066406,2.884953022003174,0.6165464520454407,0.3838282823562622,0.0,0.3855510354042053,0.6257502436637878,0.830977737903595,1.1533757448196411,1.4314781427383423,1.7263535261154175,2.0228381156921387,2.2220377922058105,2.494913101196289,2.5929548740386963,2.6073403358459473,2.9712371826171875,0.965648889541626,0.8314529061317444,0.5896799564361572,0.9195970892906189,0.9657930731773376,1.0738059282302856,1.4492406845092773,1.6032915115356445,1.9079816341400146,2.2287628650665283,2.3404080867767334,2.6569228172302246,2.7650668621063232,2.696775197982788,3.0635921955108643,1.2003216743469238,1.206907868385315,0.912507176399231,1.1972540616989136,1.263851523399353,1.2174615859985352,1.6053366661071777,1.7300899028778076,1.956497311592102,2.317939519882202,2.4026706218719482,2.7445549964904785,2.7886037826538086,2.687201738357544,3.0778439044952393,1.2633987665176392,1.298233151435852,0.9857914447784424,1.1273690462112427,1.2958958148956299,1.1513009071350098,1.4961026906967163,1.6952911615371704,1.8309036493301392,2.20735239982605,2.3424274921417236,2.6646323204040527,2.638169527053833,2.5738866329193115,2.9680840969085693
B4,1.2528014183044434,1.2257308959960938,0.9437670707702637,0.8511428236961365,1.0462812185287476,0.8683236837387085,1.094449758529663,1.3846384286880493,1.4754778146743774,1.8220391273498535,2.0373237133026123,2.310190439224243,2.2569262981414795,2.2753849029541016,2.6560251712799072,0.8556473255157471,0.5760121941566467,0.3855510354042053,0.0,0.3950009047985077,0.6169660687446594,0.8517225384712219,1.18561851978302,1.4628108739852905,1.732426643371582,1.9738746881484985,2.2159605026245117,2.308364152908325,2.3659420013427734,2.7185192108154297,1.0825426578521729,0.8101270794868469,0.6007952690124512,0.8257229924201965,0.7441129088401794,0.9311021566390991,1.259124994277954,1.3859782218933105,1.7325167655944824,2.012932300567627,2.1265997886657715,2.4231512546539307,2.5737335681915283,2.5225296020507812,2.870396614074707,1.4445973634719849,1.3683239221572876,1.0707409381866455,1.328183650970459,1.283387541770935,1.2374954223632812,1.6067354679107666,1.6520441770553589,1.9029972553253174,2.244265556335449,2.2814178466796875,2.63163685798645,2.710960626602173,2.5772833824157715,2.9581403732299805,1.6122504472732544,1.605108618736267,1.2602347135543823,1.3835283517837524,1.4615228176116943,1.2435407638549805,1.5715711116790771,1.6877121925354004,1.7839422225952148,2.1679298877716064,2.2462143898010254,2.587832450866699,2.5432076454162598,2.4288151264190674,2.8214797973632812
B5,1.42986261844635,1.2945401668548584,0.9976403713226318,0.7814010381698608,0.8471277952194214,0.5901878476142883,0.7275125980377197,1.0203696489334106,1.0960602760314941,1.4320943355560303,1.6641393899917603,1.9243555068969727,1.8822904825210571,1.9214751720428467,2.296959400177002,1.1894828081130981,0.8509383201599121,0.6257502436637878,0.3950009047985077,0.0,0.3910820782184601,0.5989465713500977,0.859709620475769,1.1897492408752441,1.4403249025344849,1.6525518894195557,1.9006800651550293,2.0325419902801514,2.0723869800567627,2.4151716232299805,1.4492814540863037,1.1723566055297852,0.9016547799110413,1.0327662229537964,0.8213119506835938,0.8786447048187256,1.1807290315628052,1.1956732273101807,1.5327048301696777,1.8108340501785278,1.8648136854171753,2.18125319480896,2.338772773742676,2.2444210052490234,2.587474822998047,1.716172695159912,1.606506586074829,1.2593380212783813,1.426831841468811,1.3188289403915405,1.1622662544250488,1.4934041500091553,1.4698325395584106,1.6676393747329712,2.0136537551879883,2.009490728378296,2.3718421459198,2.4275662899017334,2.261383533477783,2.6409857273101807,1.782055139541626,1.7088243961334229,1.3411842584609985,1.3581069707870483,1.3743528127670288,1.0727137327194214,1.335268497467041,1.4187231063842773,1.4532431364059448,1.835371971130371,1.9102314710617065,2.245063304901123,2.1740803718566895,2.063688039779663,2.4548354148864746
B6,1.622417688369751,1.4581362009048462,1.103554129600525,0.964097261428833,0.906358540058136,0.5468750596046448,0.7356327176094055,0.8818821310997009,0.9485481381416321,1.3254413604736328,1.478293538093567,1.786670446395874,1.7506181001663208,1.7165037393569946,2.1084275245666504,1.4181090593338013,1.142574667930603,0.830977737903595,0.6169660687446594,0.3910820782184601,0.0,0.3908936679363251,0.6282221078872681,0.8967450857162476,1.2115129232406616,1.4042307138442993,1.6861858367919922,1.7668249607086182,1.779036045074463,2.143494129180908,1.4958091974258423,1.1973743438720703,0.8832643628120422,0.8696943521499634,0.5826283097267151,0.5251551866531372,0.804796576499939,0.8202109932899475,1.1518332958221436,1.443206787109375,1.5263785123825073,1.8415195941925049,1.9788401126861572,1.9087660312652588,2.2604339122772217,1.6893000602722168,1.4967676401138306,1.1429111957550049,1.2248471975326538,1.0302878618240356,0.8605108261108398,1.1569631099700928,1.1018182039260864,1.3342382907867432,1.6630747318267822,1.6712807416915894,2.025834321975708,2.1119885444641113,1.969641089439392,2.3465940952301025,1.8048938512802124,1.6566227674484253,1.276581883430481,1.2892518043518066,1.2011864185333252,0.8918474912643433,1.1574015617370605,1.161768913269043,1.244270920753479,1.6218829154968262,1.6568167209625244,2.0103116035461426,1.9890486001968384,1.8501533269882202,2.241946220397949
B7,1.9803500175476074,1.8229765892028809,1.4817476272583008,1.2995339632034302,1.2187628746032715,0.8388789892196655,0.8631802797317505,0.9307684302330017,0.8290049433708191,1.1893388032913208,1.3272805213928223,1.6164597272872925,1.5073894262313843,1.4720971584320068,1.8537780046463013,1.7038851976394653,1.4069615602493286,1.1533757448196411,0.8517225384712219,0.5989465713500977,0.3908936679363251,0.0,0.3985910415649414,0.6294796466827393,0.882192850112915,1.139155387878418,1.3716315031051636,1.458953857421875,1.5329265594482422,1.873960256576538,1.7665855884552002,1.4210469722747803,1.1696346998214722,1.0911016464233398,0.7184463739395142,0.7178094387054443,0.8215434551239014,0.7148106694221497,1.082215666770935,1.286863923072815,1.3433434963226318,1.628609299659729,1.8298437595367432,1.7695900201797485,2.0848147869110107,2.034149646759033,1.8164782524108887,1.4854686260223389,1.5525093078613281,1.2964595556259155,1.1387039422988892,1.359204888343811,1.1945650577545166,1.4138962030410767,1.6919171810150146,1.6202404499053955,1.9751538038253784,2.095053195953369,1.9043885469436646,2.2562432289123535,2.192833423614502,2.0415878295898438,1.6619629859924316,1.6627953052520752,1.5358814001083374,1.20220148563385,1.3964406251907349,1.3064569234848022,1.3071593046188354,1.6595739126205444,1.6171462535858154,1.9762314558029175,1.9218744039535522,1.7214996814727783,2.099215507507324
B8,2.190586566925049,1.9705700874328613,1.6365104913711548,1.4237200021743774,1.2352410554885864,0.8576964139938354,0.7581852674484253,0.6658435463905334,0.47286897897720337,0.8295327425003052,0.9308707118034363,1.2323704957962036,1.1484334468841553,1.0989223718643188,1.4878160953521729,2.020456075668335,1.7068103551864624,1.4314781427383423,1.18561851978302,0.859709620475769,0.6282221078872681,0.3985910415649414,0.0,0.3876749873161316,0.6283941864967346,0.7950304746627808,1.0705229043960571,1.1998343467712402,1.2177995443344116,1.556591510772705,2.1048989295959473,1.7793984413146973,1.4911350011825562,1.393694281578064,1.0274897813796997,0.884436309337616,0.9108056426048279,0.6364079117774963,0.9130527377128601,1.102391242980957,1.060962200164795,1.3773136138916016,1.5699495077133179,1.4505294561386108,1.7629952430725098,2.2860941886901855,2.0555200576782227,1.7070720195770264,1.6974430084228516,1.414827823638916,1.1728167533874512,1.301246166229248,1.0527489185333252,1.1799671649932861,1.4379099607467651,1.3102259635925293,1.6720951795578003,1.766229510307312,1.541789174079895,1.8894516229629517,2.3658041954040527,2.1646907329559326,1.7929999828338623,1.7145174741744995,1.526562213897705,1.1628139019012451,1.2453237771987915,1.0770212411880493,0.9983081817626953,1.3205326795578003,1.2469749450683594,1.6003152132034302,1.5336281061172485,1.3235384225845337,1.7011759281158447
B9,2.501755475997925,2.29183292388916,1.9384205341339111,1.7676692008972168,1.567423939704895,1.1867204904556274,1.1209436655044556,0.9400972723960876,0.7050926685333252,0.9851939082145691,0.9435858726501465,1.2581366300582886,1.130290150642395,0.9660935401916504,1.3483411073684692,2.299787998199463,2.0156569480895996,1.7263535261154175,1.4628108739852905,1.1897492408752441,0.8967450857162476,0.6294796466827393,0.3876749873161316,0.0,0.3857528865337372,0.5695517659187317,0.8425717949867249,0.8725210428237915,0.9075506329536438,1.2620806694030762,2.2777862548828125,1.9371681213378906,1.6728568077087402,1.4899606704711914,1.1138148307800293,0.9579211473464966,0.8164342641830444,0.4541211724281311,0.6743696331977844,0.7593502402305603,0.7360459566116333,1.016621708869934,1.2428233623504639,1.1785469055175781,1.4673163890838623,2.453803300857544,2.1746363639831543,1.8575153350830078,1.8024877309799194,1.4629464149475098,1.2662341594696045,1.3045541048049927,0.9836321473121643,1.1291766166687012,1.2956393957138062,1.126834511756897,1.4597941637039185,1.6238043308258057,1.407841444015503,1.718367099761963,2.59745192527771,2.3683433532714844,2.005485773086548,1.9462800025939941,1.7036272287368774,1.3767648935317993,1.4388495683670044,1.182194471359253,1.1272213459014893,1.3840500116348267,1.2122735977172852,1.5671782493591309,1.546671986579895,1.2683122158050537,1.6124995946884155
B10,2.8117403984069824,2.598788261413574,2.2609338760375977,2.050658941268921,1.8494690656661987,1.4796233177185059,1.330780029296875,1.1396070718765259,0.8025919795036316,0.9541629552841187,0.8911203145980835,1.1212831735610962,0.8950135111808777,0.7434752583503723,1.0823744535446167,2.5856101512908936,2.2775118350982666,2.0228381156921387,1.732426643371582,1.4403249025344849,1.2115129232406616,0.882192850112915,0.6283941864967346,0.3857528865337372,0.0,0.3764651119709015,0.5022624731063843,0.6078644394874573,0.7531827092170715,1.0289839506149292,2.60193133354187,2.245079517364502,2.004535436630249,1.832459568977356,1.4443520307540894,1.3332067728042603,1.1751933097839355,0.8171335458755493,0.963507354259491,0.9116212725639343,0.7822324633598328,0.9794614315032959,1.2801034450531006,1.1963238716125488,1.4009783267974854,2.820526599884033,2.547389030456543,2.230607032775879,2.1873538494110107,1.8474838733673096,1.6479679346084595,1.6684167385101318,1.3224676847457886,1.4073492288589478,1.5182000398635864,1.2683451175689697,1.568835973739624,1.7315512895584106,1.4580060243606567,1.713219165802002,2.9594340324401855,2.7383604049682617,2.3726658821105957,2.2974610328674316,2.0599136352539062,1.7174110412597656,1.7358278036117554,1.4617693424224854,1.3218094110488892,1.5211312770843506,1.2961941957473755,1.6107921600341797,1.5315614938735962,1.2056605815887451,1.5011900663375854
B11,2.9541501998901367,2.701204538345337,2.371211051940918,2.160661458969116,1.9007806777954102,1.560699701309204,1.3808073997497559,1.096542477607727,0.7761204838752747,0.8198724389076233,0.622433066368103,0.8542487025260925,0.6892347931861877,0.42329326272010803,0.7873842120170593,2.8126046657562256,2.5014233589172363,2.2220377922058105,1.9738746881484985,1.6525518894195557,1.4042307138442993,1.139155387878418,0.7950304746627808,0.5695517659187317,0.3764651119709015,0.0,0.3717091977596283,0.5232463479042053,0.4850557744503021,0.7717123031616211,2.837681770324707,2.501856803894043,2.2266407012939453,2.052720785140991,1.6816422939300537,1.4926482439041138,1.3275136947631836,0.9332741498947144,0.9387217164039612,0.8675673604011536,0.5959531664848328,0.8190286159515381,1.0731885433197021,0.9044424891471863,1.1006014347076416,2.979085683822632,2.7014050483703613,2.3759536743164062,2.28023362159729,1.9403470754623413,1.6961594820022583,1.645605206489563,1.2692639827728271,1.253318190574646,1.3123654127120972,1.007068395614624,1.2882393598556519,1.4202685356140137,1.1177785396575928,1.3532912731170654,3.0566792488098145,2.800299644470215,2.451125383377075,2.3262224197387695,2.0527970790863037,1.7204341888427734,1.6568115949630737,1.3359471559524536,1.1498193740844727,1.2665945291519165,0.9916365146636963,1.2757370471954346,1.2059508562088013,0.8570545315742493,1.1352641582489014
B12,3.2556424140930176,3.014920949935913,2.690131902694702,2.460557460784912,2.2201731204986572,1.8777607679367065,1.6699607372283936,1.416406512260437,1.0592641830444336,1.0284090042114258,0.8555511832237244,0.9527910947799683,0.6699742078781128,0.45254236459732056,0.6551993489265442,3.0677859783172607,2.746396541595459,2.494913101196289,2.2159605026245117,1.9006800651550293,1.6861858367919922,1.3716315031051636,1.0705229043960571,0.8425717949867249,0.5022624731063843,0.3717091977596283,0.0,0.3777002990245819,0.5351606011390686,0.6315004229545593,3.101078748703003,2.7467052936553955,2.499786615371704,2.3226797580718994,1.9388322830200195,1.798288106918335,1.6118303537368774,1.2322481870651245,1.2514021396636963,1.0953582525253296,0.832369863986969,0.9130551815032959,1.2255711555480957,1.0922718048095703,1.1691639423370361,3.2938098907470703,3.0146007537841797,2.6957132816314697,2.6192026138305664,2.272265672683716,2.048567056655884,2.0040056705474854,1.624252438545227,1.6130651235580444,1.63482666015625,1.3040844202041626,1.5319604873657227,1.6768431663513184,1.3570698499679565,1.5141987800598145,3.396676778793335,3.153231143951416,2.7977001667022705,2.6822597980499268,2.418778419494629,2.0798845291137695,2.0189032554626465,1.7030843496322632,1.493067741394043,1.5785709619522095,1.2848759889602661,1.5145241022109985,1.4019546508789062,1.0350091457366943,1.219124436378479
B13,3.370729446411133,3.1462008953094482,2.7989776134490967,2.612381935119629,2.3772594928741455,2.017090082168579,1.8721578121185303,1.6064621210098267,1.2863450050354004,1.323557734489441,1.1042083501815796,1.2583153247833252,1.0251175165176392,0.727965772151947,0.8999784588813782,3.15543532371521,2.864830493927002,2.5929548740386963,2.308364152908325,2.0325419902801514,1.7668249607086182,1.458953857421875,1.1998343467712402,0.8725210428237915,0.6078644394874573,0.5232463479042053,0.3777002990245819,0.0,0.3807247579097748,0.5081472396850586,3.0975661277770996,2.741575241088867,2.5114245414733887,2.282958984375,1.9131801128387451,1.772660732269287,1.5146520137786865,1.1620957851409912,1.1244064569473267,0.8690522313117981,0.6636961102485657,0.6158105731010437,0.9727039337158203,0.9494444727897644,0.9917072057723999,3.280531644821167,2.969866991043091,2.680713653564453,2.5805788040161133,2.2092010974884033,2.0326685905456543,1.9485626220703125,1.5614553689956665,1.5894502401351929,1.5493801832199097,1.233920931816101,1.4134063720703125,1.6345728635787964,1.3717230558395386,1.4973034858703613,3.4417836666107178,3.184108018875122,2.836258888244629,2.7513904571533203,2.461515188217163,2.1556220054626465,2.119659662246704,1.7764623165130615,1.6357048749923706,1.7142624855041504,1.3897002935409546,1.6285876035690308,1.5974390506744385,1.2202990055084229,1.3805557489395142
