,A1,A2,A3,A4,A5,A6,A7,A8,A9,A10,A11,A12,A13,A14,A15,B1,B2,B3,B4,B5,B6,B7,B8,B9,B10,B11,B12,B13,B14,B15,C1,C2,C3,C4,C5,C6,C7,C8,C9,C10,C11,C12,C13,C14,C15,D1,D2,D3,D4,D5,D6,D7,D8,D9,D10,D11,D12,D13,D14,D15,E1,E2,E3,E4,E5,E6,E7,E8,E9,E10,E11,E12,E13,E14,E15
A1,0.0,0.39296698570251465,0.6010535359382629,0.8481502532958984,1.17276132106781,1.4577569961547852,1.7233117818832397,1.9818451404571533,2.2469515800476074,2.2047407627105713,2.224743604660034,2.555572509765625,2.699620246887207,2.6572842597961426,2.7963991165161133,1.0642892122268677,1.0474764108657837,1.1733134984970093,1.5563628673553467,1.6403584480285645,1.972818374633789,2.2872114181518555,2.3777952194213867,2.7477309703826904,2.7393503189086914,2.5987918376922607,2.9004740715026855,3.148589611053467,3.0362844467163086,3.0286996364593506,0.6899200081825256,0.8257623314857483,0.8350458741188049,1.2209012508392334,1.4260210990905762,1.6815012693405151,2.030261754989624,2.214991569519043,2.5312790870666504,2.4352757930755615,2.3627336025238037,2.7189691066741943,2.8852791786193848,2.759284496307373,2.8473660945892334,1.1248186826705933,1.204835295677185,1.0693987607955933,1.4370673894882202,1.5741575956344604,1.7795625925064087,2.1611087322235107,2.31466007232666,2.6383628845214844,2.496032238006592,2.382340908050537,2.7571187019348145,2.9064416885375977,2.707228422164917,2.7806344032287598,0.5448653697967529,0.7544339895248413,0.74657142162323,1.1090916395187378,1.3665342330932617,1.6074551343917847,1.9473618268966675,2.1648106575012207,2.4652786254882812,2.3741142749786377,2.3323421478271484,2.689832925796509,2.8468027114868164,2.7328758239746094,2.8365185260772705
A2,0.39296698570251465,0.0,0.3953040540218353,0.6226825714111328,0.8594092726707458,1.1965268850326538,1.4455713033676147,1.6614958047866821,1.9538707733154297,1.9485353231430054,1.936798334121704,2.247873544692993,2.427093505859375,2.3974626064300537,2.5039315223693848,1.1564725637435913,1.0066522359848022,1.0664056539535522,1.4203643798828125,1.4113025665283203,1.7361347675323486,2.0430657863616943,2.0845718383789062,2.467144012451172,2.4682157039642334,2.294170618057251,2.5791079998016357,2.845343589782715,2.7296395301818848,2.692888021469116,0.8664326071739197,0.837631344795227,0.7119668126106262,1.0921214818954468,1.2002261877059937,1.4312783479690552,1.7976688146591187,1.9382681846618652,2.268872022628784,2.161017894744873,2.0489890575408936,2.405247688293457,2.5820200443267822,2.43330717086792,2.4994020462036133,1.102193832397461,1.0837883949279785,0.83964604139328,1.1637235879898071,1.2526057958602905,1.4200966358184814,1.8088507652282715,1.9533274173736572,2.2710769176483154,2.1158690452575684,1.9969990253448486,2.374912977218628,2.517792224884033,2.314497709274292,2.3925774097442627,0.4445776045322418,0.47290802001953125,0.3541855216026306,0.7245075106620789,0.9758840203285217,1.2272627353668213,1.5593647956848145,1.7779396772384644,2.0777533054351807,2.0022506713867188,1.9664080142974854,2.315828561782837,2.4785280227661133,2.3854317665100098,2.490515947341919
A3,0.6010535359382629,0.3953040540218353,0.0,0.39436009526252747,0.6262062191963196,0.9009336829185486,1.2151390314102173,1.441409707069397,1.729457974433899,1.6642788648605347,1.6458101272583008,1.9888916015625,2.141951084136963,2.0769731998443604,2.2029879093170166,0.851441502571106,0.6417070031166077,0.6787388920783997,1.0271233320236206,1.0489498376846313,1.3869162797927856,1.6927679777145386,1.7772279977798462,2.146803379058838,2.145526647567749,2.0095667839050293,2.3084805011749268,2.5556886196136475,2.460451602935791,2.462371587753296,0.721065104007721,0.5290254354476929,0.460513710975647,0.8241987228393555,0.9031503796577454,1.2035056352615356,1.533334493637085,1.667853832244873,2.0095181465148926,1.9561784267425537,1.8517953157424927,2.183290481567383,2.3873138427734375,2.285660743713379,2.3406379222869873,1.1388484239578247,1.0093930959701538,0.825035572052002,1.1616886854171753,1.154107689857483,1.3819361925125122,1.7490208148956299,1.8308409452438354,2.1852710247039795,2.0811214447021484,1.9143873453140259,2.2650837898254395,2.4606590270996094,2.2726500034332275,2.296241521835327,0.8215669989585876,0.7226548790931702,0.49021339416503906,0.8473718166351318,0.9428407549858093,1.1655888557434082,1.5344138145446777,1.6843208074569702,2.013712167739868,1.9161380529403687,1.8143194913864136,2.1694087982177734,2.350625991821289,2.21301531791687,2.2801716327667236
A4,0.8481502532958984,0.6226825714111328,0.39436009526252747,0.0,0.4079849123954773,0.6284471154212952,0.8792015314102173,1.1623694896697998,1.4055923223495483,1.3603084087371826,1.4042927026748657,1.7270492315292358,1.857645869255066,1.8434492349624634,1.9996068477630615,0.9559941291809082,0.6366757154464722,0.7854646444320679,1.0237338542938232,0.9813545942306519,1.3586885929107666,1.5910804271697998,1.6432998180389404,2.0104379653930664,2.07625412940979,1.9460810422897339,2.1975107192993164,2.4717471599578857,2.4271414279937744,2.4096527099609375,1.0379098653793335,0.7919479012489319,0.8041730523109436,1.1046377420425415,1.0614725351333618,1.3789870738983154,1.6767851114273071,1.7269047498703003,2.0986669063568115,2.084606170654297,1.921030044555664,2.216104745864868,2.4670584201812744,2.362078905105591,2.354663848876953,1.5239684581756592,1.3625491857528687,1.1367768049240112,1.4102991819381714,1.3106857538223267,1.4691550731658936,1.8303104639053345,1.847660779953003,2.2013847827911377,2.0757365226745605,1.8564201593399048,2.192544937133789,2.3924081325531006,2.163947820663452,2.146925687789917,1.0551658868789673,0.9727242588996887,0.6149166822433472,0.8284761309623718,0.9007658958435059,0.9872927665710449,1.3757203817367554,1.5448036193847656,1.8371866941452026,1.6767756938934326,1.5924162864685059,1.9725078344345093,2.106891632080078,1.94121253490448,2.0466954708099365
A5,1.17276132106781,0.8594092726707458,0.6262062191963196,0.4079849123954773,0.0,0.38576576113700867,0.6389864683151245,0.819502055644989,1.1262775659561157,1.1143829822540283,1.0811766386032104,1.3904790878295898,1.573968529701233,1.5556225776672363,1.6608632802963257,1.2064050436019897,0.8351277709007263,0.8257647156715393,0.9528032541275024,0.7521549463272095,1.0919245481491089,1.304023027420044,1.2919337749481201,1.6735291481018066,1.745733380317688,1.5806995630264282,1.8155452013015747,2.1055216789245605,2.059401035308838,2.0184569358825684,1.3012501001358032,0.9902969002723694,0.887741208076477,1.078431487083435,0.8891782164573669,1.1566259860992432,1.4336656332015991,1.4133999347686768,1.7956254482269287,1.7868249416351318,1.5796514749526978,1.8565614223480225,2.125363826751709,2.0130879878997803,1.9746450185775757,1.5973483324050903,1.3545771837234497,1.0930228233337402,1.2655830383300781,1.0626049041748047,1.1771279573440552,1.5087895393371582,1.47809898853302,1.833121418952942,1.7210161685943604,1.4748839139938354,1.7963178157806396,2.0122101306915283,1.7932910919189453,1.7567667961120605,1.2451995611190796,1.0396579504013062,0.671160876750946,0.73214191198349,0.6206524968147278,0.661037027835846,1.0466595888137817,1.1611720323562622,1.4718756675720215,1.3310983180999756,1.2098970413208008,1.5804986953735352,1.7420718669891357,1.5883899927139282,1.669942855834961
A6,1.4577569961547852,1.1965268850326538,0.9009336829185486,0.6284471154212952,0.38576576113700867,0.0,0.3915855586528778,0.625930905342102,0.8640385866165161,0.7653792500495911,0.7795976996421814,1.1204768419265747,1.2443170547485352,1.2178525924682617,1.3777621984481812,1.215088129043579,0.8209336400032043,0.8367846608161926,0.8048015236854553,0.5832092761993408,0.9301913976669312,1.0512622594833374,1.0699588060379028,1.4207663536071777,1.5433259010314941,1.438799262046814,1.646177053451538,1.9244914054870605,1.9390774965286255,1.9320069551467896,1.4764280319213867,1.1194634437561035,1.1097899675369263,1.2256414890289307,0.9869319796562195,1.278793454170227,1.4673892259597778,1.390400767326355,1.7748740911483765,1.8439913988113403,1.6292024850845337,1.8402669429779053,2.1495800018310547,2.087387800216675,2.008100748062134,1.885229229927063,1.6104005575180054,1.4035691022872925,1.5634541511535645,1.3024709224700928,1.4222502708435059,1.6989586353302002,1.5840200185775757,1.9466313123703003,1.8771963119506836,1.5795483589172363,1.8409885168075562,2.0986735820770264,1.8845635652542114,1.771103024482727,1.6081691980361938,1.4159671068191528,1.0514458417892456,1.0997735261917114,0.9305779933929443,0.8530327677726746,1.2015944719314575,1.2379655838012695,1.5238916873931885,1.3278148174285889,1.1453627347946167,1.5152344703674316,1.6569736003875732,1.431902527809143,1.489275574684143
A7,1.7233117818832397,1.4455713033676147,1.2151390314102173,0.8792015314102173,0.6389864683151245,0.3915855586528778,0.0,0.39219555258750916,0.5278037190437317,0.5539153218269348,0.6730543375015259,0.9099830389022827,1.0293049812316895,1.1175413131713867,1.2816025018692017,1.555321216583252,1.1655423641204834,1.2255477905273438,1.1572043895721436,0.900959849357605,1.18001389503479,1.1906180381774902,1.1140224933624268,1.434041976928711,1.63614821434021,1.5178899765014648,1.635547161102295,1.9463086128234863,2.0094311237335205,1.9557101726531982,1.8320965766906738,1.4919224977493286,1.47748863697052,1.6050267219543457,1.33879554271698,1.5861890316009521,1.75682532787323,1.6094911098480225,1.9893049001693726,2.0652732849121094,1.7993439435958862,1.9679025411605835,2.2998173236846924,2.2161858081817627,2.0749869346618652,2.226066827774048,1.957392930984497,1.7107365131378174,1.8275243043899536,1.5421501398086548,1.5740375518798828,1.8262113332748413,1.669252872467041,1.9937211275100708,1.8911443948745728,1.5638823509216309,1.7946466207504272,2.0304484367370605,1.7754265069961548,1.625482439994812,1.8304154872894287,1.6536580324172974,1.2697001695632935,1.2108747959136963,1.0455853939056396,0.8148550391197205,1.099730134010315,1.1528637409210205,1.3537036180496216,1.084707498550415,0.9480442404747009,1.3289715051651,1.3937759399414062,1.1459237337112427,1.2745866775512695
A8,1.9818451404571533,1.6614958047866821,1.441409707069397,1.1623694896697998,0.819502055644989,0.625930905342102,0.39219555258750916,0.0,0.38707029819488525,0.5375905632972717,0.4659362733364105,0.615761935710907,0.8554562926292419,0.9505708813667297,1.0112990140914917,1.8377631902694702,1.444918155670166,1.4105180501937866,1.2933859825134277,0.9452087879180908,1.1091350317001343,1.0646435022354126,0.8693528771400452,1.1858896017074585,1.4039725065231323,1.2396150827407837,1.3050744533538818,1.6399168968200684,1.7069531679153442,1.6139872074127197,2.073554515838623,1.7180951833724976,1.6335806846618652,1.6948986053466797,1.3596339225769043,1.5234683752059937,1.6517505645751953,1.4300411939620972,1.791255235671997,1.869253158569336,1.5644657611846924,1.689290165901184,2.0316359996795654,1.9404386281967163,1.7562533617019653,2.326260566711426,2.021148204803467,1.7654218673706055,1.7974928617477417,1.4574999809265137,1.4281609058380127,1.612333059310913,1.3969839811325073,1.6940417289733887,1.6112819910049438,1.259965419769287,1.4436613321304321,1.692847490310669,1.4538995027542114,1.26486337184906,2.0112998485565186,1.7736798524856567,1.4204788208007812,1.287929654121399,1.0208699703216553,0.7404952049255371,0.9126623272895813,0.8578817844390869,1.043204665184021,0.7968319654464722,0.5822427868843079,0.9479596018791199,1.045555830001831,0.8063427209854126,0.9023634195327759
A9,2.2469515800476074,1.9538707733154297,1.729457974433899,1.4055923223495483,1.1262775659561157,0.8640385866165161,0.5278037190437317,0.38707029819488525,0.0,0.3740703761577606,0.5190263390541077,0.5046702027320862,0.6144520044326782,0.8411756157875061,0.9713630676269531,2.0270028114318848,1.6434491872787476,1.665555715560913,1.504462718963623,1.2021628618240356,1.3517860174179077,1.211857795715332,1.0303338766098022,1.2515836954116821,1.5425052642822266,1.439449429512024,1.4269903898239136,1.7453222274780273,1.8845199346542358,1.8007820844650269,2.338438034057617,1.981744647026062,1.9516842365264893,2.0203115940093994,1.6957422494888306,1.8795874118804932,1.9744747877120972,1.732217788696289,2.0766377449035645,2.1942203044891357,1.8892401456832886,1.9618161916732788,2.3194363117218018,2.25087308883667,2.0317695140838623,2.680478811264038,2.3806889057159424,2.134152889251709,2.18239164352417,1.8432141542434692,1.808551549911499,1.974835753440857,1.731852650642395,2.001737117767334,1.922354817390442,1.5611449480056763,1.6872559785842896,1.9271254539489746,1.6765400171279907,1.436295986175537,2.317882537841797,2.1138522624969482,1.7428659200668335,1.6122815608978271,1.3853094577789307,1.0710135698318481,1.2000951766967773,1.15170156955719,1.236708164215088,0.9237798452377319,0.7627754211425781,1.0635335445404053,1.0474236011505127,0.724744975566864,0.8730763792991638
A10,2.2047407627105713,1.9485353231430054,1.6642788648605347,1.3603084087371826,1.1143829822540283,0.7653792500495911,0.5539153218269348,0.5375905632972717,0.3740703761577606,0.0,0.37626293301582336,0.5519538521766663,0.51329505443573,0.6170286536216736,0.8638174533843994,1.8124808073043823,1.4495290517807007,1.468468427658081,1.2469291687011719,0.9967931509017944,1.1402151584625244,0.968621551990509,0.8961511254310608,1.0917571783065796,1.3754199743270874,1.3519384860992432,1.3905621767044067,1.6615029573440552,1.8166598081588745,1.8082997798919678,2.1928722858428955,1.8208746910095215,1.8417394161224365,1.8763501644134521,1.5664914846420288,1.7876110076904297,1.8432539701461792,1.6249505281448364,1.964881420135498,2.129310131072998,1.8676186800003052,1.9301544427871704,2.29311203956604,2.2780425548553467,2.0898563861846924,2.6129703521728516,2.3019168376922607,2.1079297065734863,2.193549156188965,1.8550820350646973,1.8950769901275635,2.064664602279663,1.8181114196777344,2.126340627670288,2.0967977046966553,1.7361284494400024,1.8592537641525269,2.1418962478637695,1.9298474788665771,1.684866189956665,2.3495121002197266,2.148214101791382,1.7789214849472046,1.7286896705627441,1.4943366050720215,1.2526895999908447,1.4484933614730835,1.3696738481521606,1.5242446660995483,1.2499668598175049,1.0208063125610352,1.3075062036514282,1.353255271911621,1.0144870281219482,1.0494552850723267
A11,2.224743604660034,1.936798334121704,1.6458101272583008,1.4042927026748657,1.0811766386032104,0.7795976996421814,0.6730543375015259,0.4659362733364105,0.5190263390541077,0.37626293301582336,0.0,0.394614040851593,0.5513096451759338,0.5078440308570862,0.6156296730041504,1.8575937747955322,1.4910786151885986,1.4101011753082275,1.1689494848251343,0.8393945097923279,0.8839171528816223,0.6976250410079956,0.5358061790466309,0.7820368409156799,1.0440881252288818,0.9818113446235657,1.0369880199432373,1.321488857269287,1.4507607221603394,1.4397119283676147,2.176708221435547,1.7921419143676758,1.7482894659042358,1.7220097780227661,1.365338921546936,1.5251202583312988,1.5458396673202515,1.2877130508422852,1.6163501739501953,1.783318281173706,1.5137674808502197,1.5568348169326782,1.921833872795105,1.9152361154556274,1.7251031398773193,2.4697818756103516,2.1289303302764893,1.9448264837265015,1.9772557020187378,1.6082836389541626,1.6412876844406128,1.7637311220169067,1.4893875122070312,1.7970467805862427,1.807936668395996,1.4485458135604858,1.5470455884933472,1.8570339679718018,1.6885602474212646,1.4388456344604492,2.3174796104431152,2.0628111362457275,1.7262330055236816,1.6607543230056763,1.3564139604568481,1.1507428884506226,1.3083374500274658,1.1445118188858032,1.3402924537658691,1.1408958435058594,0.830651044845581,1.0782979726791382,1.2151069641113281,0.9135417342185974,0.8426954746246338
A12,2.555572509765625,2.247873544692993,1.9888916015625,1.7270492315292358,1.3904790878295898,1.1204768419265747,0.9099830389022827,0.615761935710907,0.5046702027320862,0.5519538521766663,0.394614040851593,0.0,0.37295883893966675,0.5173144340515137,0.4970068037509918,2.2437217235565186,1.87218177318573,1.8003416061401367,1.5615856647491455,1.2242063283920288,1.2195918560028076,0.9762946963310242,0.7115796804428101,0.8271974921226501,1.154322624206543,1.0744833946228027,0.9785526990890503,1.2804290056228638,1.4658149480819702,1.3961522579193115,2.554849863052368,2.174370288848877,2.1110470294952393,2.0861711502075195,1.7131409645080566,1.824921727180481,1.8258641958236694,1.5154954195022583,1.80544912815094,1.9709665775299072,1.6669708490371704,1.6458624601364136,2.0140492916107178,1.9937635660171509,1.739904522895813,2.8041298389434814,2.4609575271606445,2.2525084018707275,2.240055561065674,1.8558300733566284,1.8178422451019287,1.8893980979919434,1.5742875337600708,1.817061185836792,1.821591854095459,1.4528498649597168,1.4729502201080322,1.7614511251449585,1.5889549255371094,1.2830665111541748,2.606365442276001,2.346120834350586,2.0099151134490967,1.8803399801254272,1.568304181098938,1.297879934310913,1.351806640625,1.15199875831604,1.237217903137207,1.024227261543274,0.7350574135780334,0.8800323009490967,0.9441975951194763,0.608616828918457,0.51863694190979
A13,2.699620246887207,2.427093505859375,2.141951084136963,1.857645869255066,1.573968529701233,1.2443170547485352,1.0293049812316895,0.8554562926292419,0.6144520044326782,0.51329505443573,0.5513096451759338,0.37295883893966675,0.0,0.37066808342933655,0.5591717958450317,2.2711005210876465,1.9210994243621826,1.8923133611679077,1.6138978004455566,1.3445078134536743,1.3508261442184448,1.0524879693984985,0.9009853005409241,0.9169826507568359,1.2744967937469482,1.2964494228363037,1.1978968381881714,1.4336248636245728,1.6729475259780884,1.661662220954895,2.6591649055480957,2.2763173580169678,2.2743146419525146,2.251629114151001,1.9033716917037964,2.058744192123413,2.036207437515259,1.7458479404449463,2.025552749633789,2.2329468727111816,1.9592279195785522,1.9190161228179932,2.2903544902801514,2.3085522651672363,2.0638139247894287,3.0156073570251465,2.6767539978027344,2.4938151836395264,2.522195339202881,2.1470375061035156,2.147470474243164,2.2346301078796387,1.922197937965393,2.1759207248687744,2.1918699741363525,1.8234187364578247,1.8369959592819214,2.1283164024353027,1.9564945697784424,1.6430655717849731,2.8145530223846436,2.5823256969451904,2.2283213138580322,2.1379635334014893,1.8549516201019287,1.5880911350250244,1.683314561843872,1.5143649578094482,1.5922600030899048,1.3459233045578003,1.0914546251296997,1.2344201803207397,1.2443212270736694,0.883723258972168,0.817086935043335
A14,2.6572842597961426,2.3974626064300537,2.0769731998443604,1.8434492349624634,1.5556225776672363,1.2178525924682617,1.1175413131713867,0.9505708813667297,0.8411756157875061,0.6170286536216736,0.5078440308570862,0.5173144340515137,0.37066808342933655,0.0,0.3738839030265808,2.1347644329071045,1.8086202144622803,1.7257343530654907,1.4018239974975586,1.153937578201294,1.0843298435211182,0.7382543087005615,0.6620644330978394,0.6167299747467041,0.95947265625,1.0536683797836304,1.0110688209533691,1.193447232246399,1.43184232711792,1.4928607940673828,2.528691291809082,2.1377711296081543,2.1380486488342285,2.059579849243164,1.7112623453140259,1.8553118705749512,1.7801965475082397,1.4966981410980225,1.7522895336151123,1.997763991355896,1.764725923538208,1.7047654390335083,2.0723419189453125,2.139530897140503,1.927210807800293,2.8672375679016113,2.51161527633667,2.375483512878418,2.404200792312622,2.0257394313812256,2.0762994289398193,2.143735885620117,1.8270882368087769,2.1042511463165283,2.1738433837890625,1.8168009519577026,1.824520468711853,2.15325665473938,2.0296196937561035,1.7271807193756104,2.7933740615844727,2.540642499923706,2.2097718715667725,2.165571451187134,1.855222225189209,1.6541461944580078,1.7792295217514038,1.5695760250091553,1.7166355848312378,1.525375247001648,1.210770845413208,1.3434823751449585,1.445152759552002,1.1147637367248535,0.9465053081512451
A15,2.7963991165161133,2.5039315223693848,2.2029879093170166,1.9996068477630615,1.6608632802963257,1.3777621984481812,1.2816025018692017,1.0112990140914917,0.9713630676269531,0.8638174533843994,0.6156296730041504,0.4970068037509918,0.5591717958450317,0.3738839030265808,0.0,2.3518080711364746,2.0161330699920654,1.8767240047454834,1.5680592060089111,1.26340913772583,1.1124351024627686,0.7695637345314026,0.541114866733551,0.4044864773750305,0.7709767818450928,0.811657190322876,0.6703735589981079,0.8751813173294067,1.1295363903045654,1.1563581228256226,2.6817407608032227,2.2904293537139893,2.2295241355895996,2.1178765296936035,1.7363941669464111,1.8034849166870117,1.697898030281067,1.360344648361206,1.5748964548110962,1.8134801387786865,1.5596754550933838,1.443830132484436,1.8093104362487793,1.8759337663650513,1.6312988996505737,2.8955647945404053,2.523777723312378,2.3796639442443848,2.3459718227386475,1.9475023746490479,1.9557098150253296,1.9592403173446655,1.6091983318328857,1.8441088199615479,1.9458543062210083,1.5996146202087402,1.5437877178192139,1.878354787826538,1.7979025840759277,1.4790680408477783,2.869442939758301,2.579953670501709,2.2759389877319336,2.191232204437256,1.840130090713501,1.6438275575637817,1.6979848146438599,1.4230310916900635,1.5488307476043701,1.4239461421966553,1.0858656167984009,1.1197738647460938,1.266465187072754,0.9919750094413757,0.7188106179237366
B1,1.0642892122268677,1.1564725637435913,0.851441502571106,0.9559941291809082,1.2064050436019897,1.215088129043579,1.555321216583252,1.8377631902694702,2.0270028114318848,1.8124808073043823,1.8575937747955322,2.2437217235565186,2.2711005210876465,2.1347644329071045,2.3518080711364746,0.0,0.39471250772476196,0.6027982234954834,0.8509854078292847,1.1660617589950562,1.4676761627197266,1.7279632091522217,1.9708818197250366,2.2545955181121826,2.239985704421997,2.2442421913146973,2.563905954360962,2.7339119911193848,2.690357208251953,2.8002376556396484,0.618234395980835,0.4596346318721771,0.8501019477844238,1.0081754922866821,1.1917582750320435,1.5580859184265137,1.744512677192688,1.9247568845748901,2.223527193069458,2.2822585105895996,2.2587404251098633,2.5243327617645264,2.741086721420288,2.7476003170013428,2.8136258125305176,1.5183206796646118,1.4047365188598633,1.4460386037826538,1.8032748699188232,1.7696173191070557,2.0760815143585205,2.3877384662628174,2.4028613567352295,2.7877070903778076,2.762058973312378,2.5538406372070312,2.8483240604400635,3.108283519744873,2.9456894397735596,2.894089937210083,1.5296626091003418,1.5144482851028442,1.3415035009384155,1.6848658323287964,1.708449363708496,1.8624964952468872,2.2457456588745117,2.320549488067627,2.6578481197357178,2.51046085357666,2.3337996006011963,2.6856284141540527,2.864147663116455,2.639535903930664,2.6532530784606934
B2,1.0474764108657837,1.0066522359848022,0.6417070031166077,0.6366757154464722,0.8351277709007263,0.8209336400032043,1.1655423641204834,1.444918155670166,1.6434491872787476,1.4495290517807007,1.4910786151885986,1.87218177318573,1.9210994243621826,1.8086202144622803,2.0161330699920654,0.39471250772476196,0.0,0.39307382702827454,0.6270818114280701,0.8485859036445618,1.198959231376648,1.4441120624542236,1.6432349681854248,1.9509694576263428,1.9704269170761108,1.9451344013214111,2.2434215545654297,2.4444925785064697,2.4143385887145996,2.493691921234131,0.7927733659744263,0.469312846660614,0.7451109290122986,0.9234133958816528,0.9790796637535095,1.3619840145111084,1.5659030675888062,1.6824530363082886,2.0176494121551514,2.0785932540893555,2.000337600708008,2.2601542472839355,2.506006956100464,2.4913206100463867,2.520069122314453,1.538196086883545,1.3564921617507935,1.307799220085144,1.6276947259902954,1.5278922319412231,1.7974631786346436,2.1112594604492188,2.096099615097046,2.481226682662964,2.441837787628174,2.210559606552124,2.502045154571533,2.7616159915924072,2.5842864513397217,2.519987106323242,1.4326984882354736,1.357175350189209,1.1055831909179688,1.3980525732040405,1.3817558288574219,1.4959027767181396,1.8792322874069214,1.9501304626464844,2.278167486190796,2.1201112270355225,1.9446064233779907,2.301858901977539,2.471829414367676,2.248450517654419,2.273709297180176
B3,1.1733134984970093,1.0664056539535522,0.6787388920783997,0.7854646444320679,0.8257647156715393,0.8367846608161926,1.2255477905273438,1.4105180501937866,1.665555715560913,1.468468427658081,1.4101011753082275,1.8003416061401367,1.8923133611679077,1.7257343530654907,1.8767240047454834,0.6027982234954834,0.39307382702827454,0.0,0.39886292815208435,0.6218813061714172,0.9118624329566956,1.2243013381958008,1.4358114004135132,1.7446175813674927,1.7028969526290894,1.6686104536056519,2.0024914741516113,2.1795907020568848,2.1110329627990723,2.2082459926605225,0.820975124835968,0.432597815990448,0.5533207654953003,0.583283007144928,0.6158574223518372,0.9970327615737915,1.182058572769165,1.331684947013855,1.6491613388061523,1.7068078517913818,1.6610302925109863,1.9251505136489868,2.1501948833465576,2.1544487476348877,2.2124316692352295,1.3422387838363647,1.0881539583206177,1.0848057270050049,1.3668490648269653,1.244842529296875,1.5548295974731445,1.8332873582839966,1.819261908531189,2.207486391067505,2.210850238800049,1.9982630014419556,2.2746949195861816,2.549619197845459,2.416604995727539,2.3593809604644775,1.460947036743164,1.2928760051727295,1.090287208557129,1.370666265487671,1.2710171937942505,1.4384909868240356,1.7954477071762085,1.8066811561584473,2.1660654544830322,2.062329053878784,1.8459525108337402,2.1687326431274414,2.3894410133361816,2.18855881690979,2.160315752029419
B4,1.5563628673553467,1.4203643798828125,1.0271233320236206,1.0237338542938232,0.9528032541275024,0.8048015236854553,1.1572043895721436,1.2933859825134277,1.504462718963623,1.2469291687011719,1.1689494848251343,1.5615856647491455,1.6138978004455566,1.4018239974975586,1.5680592060089111,0.8509854078292847,0.6270818114280701,0.39886292815208435,0.0,0.4066847562789917,0.6338303685188293,0.8852734565734863,1.1578097343444824,1.419236421585083,1.389787197113037,1.4191087484359741,1.7390326261520386,1.8880348205566406,1.863688588142395,1.9989395141601562,1.2001067399978638,0.8213754296302795,0.9200271964073181,0.8296322226524353,0.704755425453186,1.048512578010559,1.1133055686950684,1.1850658655166626,1.4959195852279663,1.6363773345947266,1.5792672634124756,1.7729361057281494,2.032952070236206,2.086784601211548,2.106912612915039,1.6760996580123901,1.374138593673706,1.3755366802215576,1.5865743160247803,1.3769598007202148,1.6630011796951294,1.8843704462051392,1.7900781631469727,2.179777145385742,2.2264678478240967,1.9750474691390991,2.195741653442383,2.5064785480499268,2.389915943145752,2.2759575843811035,1.8260371685028076,1.6259307861328125,1.3883610963821411,1.6001126766204834,1.4182288646697998,1.5114649534225464,1.8411918878555298,1.7827507257461548,2.1298396587371826,2.0109565258026123,1.7442177534103394,2.0404796600341797,2.2627570629119873,2.0268688201904297,1.9534164667129517
B5,1.6403584480285645,1.4113025665283203,1.0489498376846313,0.9813545942306519,0.7521549463272095,0.5832092761993408,0.900959849357605,0.9452087879180908,1.2021628618240356,0.9967931509017944,0.8393945097923279,1.2242063283920288,1.3445078134536743,1.153937578201294,1.26340913772583,1.1660617589950562,0.8485859036445618,0.6218813061714172,0.4066847562789917,0.0,0.39129436016082764,0.6476377844810486,0.8165586590766907,1.139088749885559,1.141676425933838,1.097951054573059,1.4011132717132568,1.5995664596557617,1.5743259191513062,1.6595478057861328,1.425376057624817,1.0352935791015625,0.9991970658302307,0.9165517687797546,0.6163036823272705,0.9000211358070374,0.9794026017189026,0.9379916191101074,1.297276496887207,1.4250569343566895,1.2900749444961548,1.4783986806869507,1.7708200216293335,1.7910196781158447,1.76718270778656,1.7363569736480713,1.3961641788482666,1.3090890645980835,1.438887596130371,1.14967679977417,1.3734760284423828,1.5749256610870361,1.4386690855026245,1.8252216577529907,1.8643443584442139,1.5912058353424072,1.8030835390090942,2.115631341934204,1.9948832988739014,1.8704296350479126,1.8042106628417969,1.5485634803771973,1.2800108194351196,1.3974177837371826,1.140605092048645,1.1886672973632812,1.4850527048110962,1.392030119895935,1.735898733139038,1.630537986755371,1.3495153188705444,1.636788249015808,1.8705843687057495,1.6527587175369263,1.5743770599365234
B6,1.972818374633789,1.7361347675323486,1.3869162797927856,1.3586885929107666,1.0919245481491089,0.9301913976669312,1.18001389503479,1.1091350317001343,1.3517860174179077,1.1402151584625244,0.8839171528816223,1.2195918560028076,1.3508261442184448,1.0843298435211182,1.1124351024627686,1.4676761627197266,1.198959231376648,0.9118624329566956,0.6338303685188293,0.39129436016082764,0.0,0.39360785484313965,0.6173195242881775,0.8785989880561829,0.7923435568809509,0.7896871566772461,1.1309802532196045,1.271867275238037,1.2316473722457886,1.3721445798873901,1.701191782951355,1.324687123298645,1.246949315071106,1.048419713973999,0.7049199342727661,0.8445144891738892,0.7650774121284485,0.6494669914245605,0.9712547063827515,1.1706593036651611,1.0642297267913818,1.1819754838943481,1.4781014919281006,1.5606732368469238,1.5390998125076294,1.8818751573562622,1.5069659948349,1.4676376581192017,1.5181182622909546,1.191322922706604,1.4087021350860596,1.5151184797286987,1.3265701532363892,1.6964828968048096,1.8112834692001343,1.547364354133606,1.6893585920333862,2.0318217277526855,1.9733996391296387,1.8249297142028809,2.0975513458251953,1.8025641441345215,1.5778541564941406,1.663399338722229,1.3478082418441772,1.3974871635437012,1.6234865188598633,1.4393552541732788,1.779528260231018,1.7256112098693848,1.3967525959014893,1.6037285327911377,1.8790849447250366,1.6756384372711182,1.511949896812439
B7,2.2872114181518555,2.0430657863616943,1.6927679777145386,1.5910804271697998,1.304023027420044,1.0512622594833374,1.1906180381774902,1.0646435022354126,1.211857795715332,0.968621551990509,0.6976250410079956,0.9762946963310242,1.0524879693984985,0.7382543087005615,0.7695637345314026,1.7279632091522217,1.4441120624542236,1.2243013381958008,0.8852734565734863,0.6476377844810486,0.39360785484313965,0.0,0.388553261756897,0.5374584794044495,0.5620786547660828,0.6720516681671143,0.9166891574859619,1.0427833795547485,1.1133356094360352,1.2717612981796265,2.0392775535583496,1.6528769731521606,1.6112509965896606,1.436966896057129,1.0926735401153564,1.2086353302001953,1.0796738862991333,0.8562807440757751,1.121170997619629,1.3824883699417114,1.2354692220687866,1.2398420572280884,1.5757875442504883,1.686659812927246,1.5894261598587036,2.2723450660705566,1.8979030847549438,1.8375575542449951,1.86689031124115,1.5098726749420166,1.6639513969421387,1.7286568880081177,1.46670401096344,1.8028900623321533,1.9316354990005493,1.628980278968811,1.698852300643921,2.057670831680298,1.9978758096694946,1.7825883626937866,2.421031951904297,2.132763624191284,1.8714934587478638,1.9104291200637817,1.5772745609283447,1.5353461503982544,1.7199283838272095,1.4943193197250366,1.7786519527435303,1.6917651891708374,1.3377076387405396,1.5025486946105957,1.7471516132354736,1.5034468173980713,1.2982211112976074
B8,2.3777952194213867,2.0845718383789062,1.7772279977798462,1.6432998180389404,1.2919337749481201,1.0699588060379028,1.1140224933624268,0.8693528771400452,1.0303338766098022,0.8961511254310608,0.5358061790466309,0.7115796804428101,0.9009853005409241,0.6620644330978394,0.541114866733551,1.9708818197250366,1.6432349681854248,1.4358114004135132,1.1578097343444824,0.8165586590766907,0.6173195242881775,0.388553261756897,0.0,0.39355528354644775,0.5350209474563599,0.46325528621673584,0.621134877204895,0.8604816198348999,0.9435961842536926,1.0016682147979736,2.229656219482422,1.8442420959472656,1.7428053617477417,1.60136079788208,1.2113126516342163,1.2632490396499634,1.1708287000656128,0.8522124290466309,1.1269184350967407,1.3424214124679565,1.104750156402588,1.0798693895339966,1.4459501504898071,1.504134178161621,1.33706796169281,2.3716444969177246,1.9935839176177979,1.8693865537643433,1.8366857767105103,1.4443224668502808,1.5079607963562012,1.5356403589248657,1.2245734930038452,1.5294198989868164,1.6452006101608276,1.320876955986023,1.3553484678268433,1.7127765417099,1.6490590572357178,1.4100337028503418,2.4365060329437256,2.126103401184082,1.8573755025863647,1.814577579498291,1.4475244283676147,1.3478227853775024,1.4588760137557983,1.1878948211669922,1.4372602701187134,1.3712427616119385,1.0048099756240845,1.1252135038375854,1.3820675611495972,1.1662492752075195,0.9362305998802185
B9,2.7477309703826904,2.467144012451172,2.146803379058838,2.0104379653930664,1.6735291481018066,1.4207663536071777,1.434041976928711,1.1858896017074585,1.2515836954116821,1.0917571783065796,0.7820368409156799,0.8271974921226501,0.9169826507568359,0.6167299747467041,0.4044864773750305,2.2545955181121826,1.9509694576263428,1.7446175813674927,1.419236421585083,1.139088749885559,0.8785989880561829,0.5374584794044495,0.39355528354644775,0.0,0.3705891966819763,0.5175754427909851,0.5081920027732849,0.6162465810775757,0.8313774466514587,0.9656500816345215,2.5545167922973633,2.167531967163086,2.090052843093872,1.9140793085098267,1.5377711057662964,1.5639368295669556,1.3910226821899414,1.0567147731781006,1.2250229120254517,1.5046148300170898,1.305899739265442,1.1632424592971802,1.5169941186904907,1.6425241231918335,1.450162649154663,2.7073349952697754,2.321869373321533,2.2294466495513916,2.18343448638916,1.791020154953003,1.8503385782241821,1.823391079902649,1.4823037385940552,1.7358338832855225,1.899205207824707,1.5861433744430542,1.531904935836792,1.8940688371658325,1.872240424156189,1.5924596786499023,2.824301242828369,2.512930154800415,2.2484347820281982,2.206756591796875,1.8363635540008545,1.7217456102371216,1.7989228963851929,1.4976047277450562,1.6938841342926025,1.6334441900253296,1.2680376768112183,1.298120141029358,1.5278081893920898,1.3029115200042725,1.0023149251937866
B10,2.7393503189086914,2.4682157039642334,2.145526647567749,2.07625412940979,1.745733380317688,1.5433259010314941,1.63614821434021,1.4039725065231323,1.5425052642822266,1.3754199743270874,1.0440881252288818,1.154322624206543,1.2744967937469482,0.95947265625,0.7709767818450928,2.239985704421997,1.9704269170761108,1.7028969526290894,1.389787197113037,1.141676425933838,0.7923435568809509,0.5620786547660828,0.5350209474563599,0.3705891966819763,0.0,0.37013405561447144,0.548831045627594,0.5191831588745117,0.6051527857780457,0.8506572246551514,2.488091230392456,2.1158947944641113,2.0108423233032227,1.775206208229065,1.4134693145751953,1.3778705596923828,1.1339472532272339,0.8100244998931885,0.9009788632392883,1.2181333303451538,1.087677240371704,0.9169138669967651,1.2411152124404907,1.4248449802398682,1.2959526777267456,2.553421974182129,2.1602485179901123,2.1159377098083496,2.047327756881714,1.6710729598999023,1.7693308591842651,1.7052339315414429,1.3866643905639648,1.641219139099121,1.8583292961120605,1.5919923782348633,1.5386977195739746,1.9081801176071167,1.9409242868423462,1.7064805030822754,2.80370831489563,2.4730420112609863,2.25545597076416,2.244277238845825,1.8646987676620483,1.8245497941970825,1.9072649478912354,1.5922844409942627,1.8338496685028076,1.8323882818222046,1.4637027978897095,1.4819144010543823,1.7649624347686768,1.5868639945983887,1.2790114879608154
B11,2.5987918376922607,2.294170618057251,2.0095667839050293,1.9460810422897339,1.5806995630264282,1.438799262046814,1.5178899765014648,1.2396150827407837,1.439449429512024,1.3519384860992432,0.9818113446235657,1.0744833946228027,1.2964494228363037,1.0536683797836304,0.811657190322876,2.2442421913146973,1.9451344013214111,1.6686104536056519,1.4191087484359741,1.097951054573059,0.7896871566772461,0.6720516681671143,0.46325528621673584,0.5175754427909851,0.37013405561447144,0.0,0.3951820731163025,0.555105984210968,0.502901017665863,0.6045408248901367,2.4218082427978516,2.0566539764404297,1.8927687406539917,1.6818182468414307,1.290938138961792,1.204239010810852,1.0189310312271118,0.6353723406791687,0.7845195531845093,1.0174123048782349,0.7987357974052429,0.6565658450126648,1.0200161933898926,1.1297005414962769,0.9710537791252136,2.393463611602783,2.001462459564209,1.910309076309204,1.7955601215362549,1.403278112411499,1.4484549760818481,1.362709879875183,1.0267081260681152,1.2794846296310425,1.4887152910232544,1.2258942127227783,1.1798430681228638,1.5494933128356934,1.5868803262710571,1.377109169960022,2.598100423812866,2.24902606010437,2.045029878616333,1.9894453287124634,1.593557357788086,1.556827425956726,1.597715973854065,1.2639330625534058,1.5125877857208252,1.5572954416275024,1.1984130144119263,1.198796272277832,1.5190483331680298,1.3968585729599,1.1033742427825928
B12,2.9004740715026855,2.5791079998016357,2.3084805011749268,2.1975107192993164,1.8155452013015747,1.646177053451538,1.635547161102295,1.3050744533538818,1.4269903898239136,1.3905621767044067,1.0369880199432373,0.9785526990890503,1.1978968381881714,1.0110688209533691,0.6703735589981079,2.563905954360962,2.2434215545654297,2.0024914741516113,1.7390326261520386,1.4011132717132568,1.1309802532196045,0.9166891574859619,0.621134877204895,0.5081920027732849,0.548831045627594,0.3951820731163025,0.0,0.3678134083747864,0.5095376372337341,0.491130530834198,2.7692883014678955,2.3966028690338135,2.2394421100616455,2.056154727935791,1.6571234464645386,1.5760586261749268,1.4071379899978638,1.0174453258514404,1.1177849769592285,1.3300786018371582,1.079300045967102,0.8554375767707825,1.1989681720733643,1.2871179580688477,1.0291838645935059,2.7545981407165527,2.3666558265686035,2.243593692779541,2.1088294982910156,1.7069402933120728,1.6809223890304565,1.5607240200042725,1.1835376024246216,1.3509407043457031,1.5518758296966553,1.2735614776611328,1.1240417957305908,1.4803566932678223,1.5254696607589722,1.2520169019699097,2.882314682006836,2.5363731384277344,2.310502767562866,2.2035107612609863,1.804306983947754,1.6938751935958862,1.6672476530075073,1.3048853874206543,1.45844304561615,1.5006392002105713,1.1542468070983887,1.0493181943893433,1.3331161737442017,1.2261691093444824,0.8782622218132019
B13,3.148589611053467,2.845343589782715,2.5556886196136475,2.4717471599578857,2.1055216789245605,1.9244914054870605,1.9463086128234863,1.6399168968200684,1.7453222274780273,1.6615029573440552,1.321488857269287,1.2804290056228638,1.4336248636245728,1.193447232246399,0.8751813173294067,2.7339119911193848,2.4444925785064697,2.1795907020568848,1.8880348205566406,1.5995664596557617,1.271867275238037,1.0427833795547485,0.8604816198348999,0.6162465810775757,0.5191831588745117,0.555105984210968,0.3678134083747864,0.0,0.3662601709365845,0.5555495023727417,2.95100474357605,2.582151412963867,2.4373273849487305,2.2073440551757812,1.8287627696990967,1.7234667539596558,1.4791196584701538,1.112945556640625,1.1000279188156128,1.3684849739074707,1.2029378414154053,0.8959826827049255,1.1827805042266846,1.3645843267440796,1.1499667167663574,2.9222002029418945,2.5280847549438477,2.4542505741119385,2.3156497478485107,1.9282063245773315,1.9377743005752563,1.783281683921814,1.4210455417633057,1.5609697103500366,1.8145984411239624,1.5759592056274414,1.3955429792404175,1.7421061992645264,1.8372619152069092,1.5763789415359497,3.1506972312927246,2.7994840145111084,2.592988967895508,2.516026020050049,2.1156253814697266,2.0365889072418213,2.0213234424591064,1.6559271812438965,1.8130450248718262,1.8674107789993286,1.5219812393188477,1.4019908905029297,1.675389051437378,1.5672845840454102,1.2061684131622314
