,A1,A2,A3,A4,A5,A6,A7,A8,A9,A10,A11,A12,A13,A14,A15,B1,B2,B3,B4,B5,B6,B7,B8,B9,B10,B11,B12,B13,B14,B15,C1,C2,C3,C4,C5,C6,C7,C8,C9,C10,C11,C12,C13,C14,C15,D1,D2,D3,D4,D5,D6,D7,D8,D9,D10,D11,D12,D13,D14,D15,E1,E2,E3,E4,E5,E6,E7,E8,E9,E10,E11,E12,E13,E14,E15
A1,0.0,0.39748939871788025,0.5809981226921082,0.8577165603637695,1.1536120176315308,1.4218794107437134,1.7011946439743042,1.9185800552368164,2.2075960636138916,2.228959560394287,2.2551820278167725,2.5405220985412598,2.7151970863342285,2.7115137577056885,2.8184726238250732,0.8436910510063171,0.9219706654548645,1.0288610458374023,1.4008088111877441,1.5078829526901245,1.7983590364456177,2.12430477142334,2.219202756881714,2.5794084072113037,2.5658082962036133,2.473881483078003,2.7784762382507324,3.003643035888672,2.9105172157287598,2.9396142959594727,1.1875633001327515,1.2987943887710571,1.1731113195419312,1.5394655466079712,1.619920253753662,1.7810122966766357,2.1569292545318604,2.258538246154785,2.5995216369628906,2.481165885925293,2.3892345428466797,2.743943214416504,2.9035019874572754,2.7380003929138184,2.8109233379364014,1.2274467945098877,1.3612180948257446,1.109254002571106,1.396549105644226,1.5267081260681152,1.565090298652649,1.9366693496704102,2.109764575958252,2.3936846256256104,2.2243237495422363,2.2125911712646484,2.5879924297332764,2.676666259765625,2.522753953933716,2.6747419834136963,0.7763194441795349,0.9526240825653076,0.7356925010681152,0.9291072487831116,1.2127705812454224,1.2710661888122559,1.586488127708435,1.863224983215332,2.0956716537475586,1.9826233386993408,2.066528797149658,2.4136455059051514,2.4815468788146973,2.419544219970703,2.6153182983398438
A2,0.39748939871788025,0.0,0.38111644983291626,0.5955248475074768,0.8261502385139465,1.1504271030426025,1.4065171480178833,1.5853261947631836,1.8892569541931152,1.947510004043579,1.9481465816497803,2.2092692852020264,2.4129867553710938,2.4248650074005127,2.5028951168060303,0.9936238527297974,0.9033389687538147,0.9747354388237,1.3060458898544312,1.314572811126709,1.6167936325073242,1.9276764392852783,1.9631115198135376,2.339465379714966,2.341327428817749,2.2061052322387695,2.492011070251465,2.7436959743499756,2.6447103023529053,2.6365556716918945,1.334898829460144,1.3306996822357178,1.1453382968902588,1.4681532382965088,1.4559688568115234,1.5904561281204224,1.961234450340271,2.0089399814605713,2.3584136962890625,2.23077392578125,2.0967142581939697,2.4466090202331543,2.6174709796905518,2.4288625717163086,2.4756579399108887,1.3335154056549072,1.3582407236099243,1.0316327810287476,1.2466545104980469,1.2994791269302368,1.2734240293502808,1.64109468460083,1.7881534099578857,2.0640876293182373,1.8699861764907837,1.8457708358764648,2.2257213592529297,2.3044567108154297,2.135101318359375,2.2900514602661133,0.8563099503517151,0.8585706353187561,0.5458181500434875,0.6077074408531189,0.8637904524803162,0.8812646269798279,1.1898479461669922,1.4736465215682983,1.6983696222305298,1.5937656164169312,1.686938762664795,2.0257339477539062,2.096067428588867,2.0529420375823975,2.249553680419922
A3,0.5809981226921082,0.38111644983291626,0.0,0.3904441297054291,0.6128907799720764,0.863051176071167,1.1765248775482178,1.3718535900115967,1.6783041954040527,1.6756232976913452,1.6817888021469116,1.980859398841858,2.15537691116333,2.1355068683624268,2.241520643234253,0.7602205276489258,0.587488055229187,0.6035295724868774,0.9260994791984558,0.9522176384925842,1.2580962181091309,1.570556402206421,1.6422560214996338,2.0073840618133545,2.0096280574798584,1.9097930192947388,2.203484535217285,2.4378440380096436,2.3621413707733154,2.3863632678985596,1.0692546367645264,0.9910109639167786,0.8303771018981934,1.1533232927322388,1.1344002485275269,1.3305853605270386,1.689652681350708,1.7408006191253662,2.102625608444214,2.023437976837158,1.8959976434707642,2.229487180709839,2.427847385406494,2.282005548477173,2.319230556488037,1.212334156036377,1.1686455011367798,0.8736251592636108,1.1339410543441772,1.1303261518478394,1.1909854412078857,1.567737340927124,1.6614667177200317,1.9844564199447632,1.8391214609146118,1.7572065591812134,2.122331380844116,2.260744333267212,2.097215175628662,2.196073293685913,0.970664918422699,0.9176778197288513,0.5529009699821472,0.7157219052314758,0.8235227465629578,0.8407368063926697,1.2083228826522827,1.4109113216400146,1.6850405931472778,1.5495418310165405,1.565382719039917,1.9284436702728271,2.024076223373413,1.9229201078414917,2.0862913131713867
A4,0.8577165603637695,0.5955248475074768,0.3904441297054291,0.0,0.38107162714004517,0.6026397943496704,0.8442084789276123,1.0896329879760742,1.354049563407898,1.3863617181777954,1.4442706108093262,1.7136187553405762,1.8719167709350586,1.9037208557128906,2.0296778678894043,0.9061963558197021,0.5952316522598267,0.7233653664588928,0.9124753475189209,0.8740214705467224,1.2363333702087402,1.4773966073989868,1.5082123279571533,1.8729660511016846,1.945447564125061,1.8324871063232422,2.0742568969726562,2.345524787902832,2.31288480758667,2.3015360832214355,1.326377511024475,1.1733697652816772,1.0761690139770508,1.3522299528121948,1.2454205751419067,1.4700688123703003,1.7923557758331299,1.76442289352417,2.145003080368042,2.1005349159240723,1.9121463298797607,2.210606336593628,2.453554630279541,2.301217555999756,2.274901866912842,1.5810043811798096,1.4912159442901611,1.1958942413330078,1.4054234027862549,1.3064615726470947,1.3165425062179565,1.6688724756240845,1.6868088245391846,2.0089824199676514,1.8334895372390747,1.6916964054107666,2.0522022247314453,2.1919333934783936,1.9760160446166992,2.0414841175079346,1.3425076007843018,1.250605821609497,0.8710749745368958,0.8896234631538391,0.8957329988479614,0.7395018935203552,1.077632188796997,1.2688251733779907,1.4961799383163452,1.2904155254364014,1.326050877571106,1.702556848526001,1.746297836303711,1.619060754776001,1.8200383186340332
A5,1.1536120176315308,0.8261502385139465,0.6128907799720764,0.38107162714004517,0.0,0.3847661018371582,0.6277519464492798,0.7684168219566345,1.0896027088165283,1.1376821994781494,1.1259419918060303,1.3889747858047485,1.5894296169281006,1.6078667640686035,1.6921601295471191,1.1954989433288574,0.8458412289619446,0.8319090008735657,0.9179064035415649,0.7221799492835999,1.0453420877456665,1.2621946334838867,1.216778039932251,1.5964163541793823,1.6678601503372192,1.509351372718811,1.7390557527542114,2.0277152061462402,1.9827412366867065,1.9434499740600586,1.4890060424804688,1.2556449174880981,1.1013368368148804,1.2796310186386108,1.073477029800415,1.254115343093872,1.5442293882369995,1.4591208696365356,1.8390225172042847,1.7965515851974487,1.5738286972045898,1.8584990501403809,2.113037109375,1.9558018445968628,1.9065382480621338,1.6593575477600098,1.4824544191360474,1.1751654148101807,1.2932639122009277,1.1015664339065552,1.0764623880386353,1.393286108970642,1.3556618690490723,1.67988920211792,1.5144368410110474,1.3360953330993652,1.6863887310028076,1.8449187278747559,1.6312508583068848,1.6741055250167847,1.4669817686080933,1.2711384296417236,0.9106832146644592,0.8454129695892334,0.6916012763977051,0.48439931869506836,0.8155025243759155,0.9280873537063599,1.1886775493621826,1.0015932321548462,0.9767594337463379,1.3538240194320679,1.4408787488937378,1.3144676685333252,1.4782779216766357
A6,1.4218794107437134,1.1504271030426025,0.863051176071167,0.6026397943496704,0.3847661018371582,0.0,0.37955331802368164,0.5928696393966675,0.8587456345558167,0.8125746250152588,0.8609103560447693,1.165212631225586,1.2986913919448853,1.304105281829834,1.4516083002090454,1.2290782928466797,0.8370518088340759,0.8144347667694092,0.7292075157165527,0.49108612537384033,0.8290379643440247,0.9637989401817322,0.9439982771873474,1.2988592386245728,1.4242850542068481,1.3173527717590332,1.5153398513793945,1.7978171110153198,1.8150713443756104,1.8014907836914062,1.5008525848388672,1.2001042366027832,1.1347217559814453,1.2576889991760254,1.0212900638580322,1.2714028358459473,1.4986670017242432,1.3804843425750732,1.764711618423462,1.8016726970672607,1.5729650259017944,1.8020095825195312,2.1010706424713135,1.9978516101837158,1.9110217094421387,1.8140021562576294,1.6020230054855347,1.3599244356155396,1.4930894374847412,1.2560406923294067,1.3000729084014893,1.5810980796813965,1.466338038444519,1.8128714561462402,1.6968683004379272,1.4510180950164795,1.7534270286560059,1.9669681787490845,1.749987244606018,1.7099933624267578,1.7578632831573486,1.5696113109588623,1.2177541255950928,1.2076916694641113,1.0079879760742188,0.8140650391578674,1.0880706310272217,1.0903434753417969,1.341804027557373,1.1049271821975708,0.9882984161376953,1.3670653104782104,1.4463154077529907,1.2294719219207764,1.3601735830307007
A7,1.7011946439743042,1.4065171480178833,1.1765248775482178,0.8442084789276123,0.6277519464492798,0.37955331802368164,0.0,0.3803100883960724,0.523036003112793,0.5802199840545654,0.7183399200439453,0.9312145709991455,1.048034906387329,1.1502693891525269,1.3061972856521606,1.5341025590896606,1.1366691589355469,1.1768214702606201,1.0503422021865845,0.8079397082328796,1.09066641330719,1.1092150211334229,1.0043889284133911,1.3183726072311401,1.5246092081069946,1.39324951171875,1.4984934329986572,1.8197481632232666,1.8801922798156738,1.8110541105270386,1.8615013360977173,1.558436632156372,1.5127267837524414,1.6147410869598389,1.346643090248108,1.5680841207504272,1.749538779258728,1.561163306236267,1.9294956922531128,1.9850679636001587,1.7065266370773315,1.8830504417419434,2.208597421646118,2.093510627746582,1.9410371780395508,2.189507246017456,1.9729328155517578,1.7195228338241577,1.818676471710205,1.5509066581726074,1.5348259210586548,1.7710872888565063,1.6028878688812256,1.9130983352661133,1.7680233716964722,1.4821441173553467,1.7543493509292603,1.950664758682251,1.6857272386550903,1.6064940690994263,2.0855908393859863,1.8872029781341553,1.5328145027160645,1.4524011611938477,1.2324565649032593,0.9487916231155396,1.1120188236236572,1.0790036916732788,1.2364143133163452,0.931858479976654,0.8310706615447998,1.1893839836120605,1.1926543712615967,0.9335448145866394,1.1138482093811035
A8,1.9185800552368164,1.5853261947631836,1.3718535900115967,1.0896329879760742,0.7684168219566345,0.5928696393966675,0.3803100883960724,0.0,0.386115163564682,0.5202829241752625,0.46555954217910767,0.631967306137085,0.8589430451393127,0.9470382928848267,1.0104732513427734,1.8207557201385498,1.4273569583892822,1.3873498439788818,1.2492613792419434,0.9214965105056763,1.1004199981689453,1.0825095176696777,0.853793740272522,1.1666994094848633,1.3630656003952026,1.1598182916641235,1.2277847528457642,1.5773907899856567,1.6150431632995605,1.4941736459732056,2.0635735988616943,1.7354881763458252,1.6322160959243774,1.661025881767273,1.3337064981460571,1.4770448207855225,1.607175588607788,1.355225682258606,1.6981878280639648,1.7483932971954346,1.4339382648468018,1.5772343873977661,1.9080291986465454,1.7837285995483398,1.596991777420044,2.285651445388794,2.0213735103607178,1.764700174331665,1.7829978466033936,1.4643263816833496,1.405932903289795,1.5720171928405762,1.3458820581436157,1.6277884244918823,1.4980965852737427,1.1771601438522339,1.4114279747009277,1.6210310459136963,1.3620543479919434,1.244503140449524,2.188786268234253,1.930189609527588,1.6121283769607544,1.4817057847976685,1.1875197887420654,0.9217170476913452,0.9909547567367554,0.8374329209327698,0.9927631616592407,0.7386733293533325,0.5158241987228394,0.8511083722114563,0.9207828640937805,0.6626484394073486,0.7703620791435242
A9,2.2075960636138916,1.8892569541931152,1.6783041954040527,1.354049563407898,1.0896027088165283,0.8587456345558167,0.523036003112793,0.386115163564682,0.0,0.37328875064849854,0.511616051197052,0.5036059617996216,0.6124621629714966,0.8339736461639404,0.9564115405082703,2.044936418533325,1.647038459777832,1.6561354398727417,1.4686574935913086,1.179480791091919,1.3451939821243286,1.2321821451187134,1.0062617063522339,1.2232972383499146,1.5009995698928833,1.3376219272613525,1.3042771816253662,1.6546978950500488,1.7644932270050049,1.6271883249282837,2.331141471862793,1.99599289894104,1.94515061378479,1.9728145599365234,1.6520501375198364,1.819179654121399,1.9118698835372925,1.6360011100769043,1.9541794061660767,2.0477094650268555,1.7248259782791138,1.8038313388824463,2.155061721801758,2.052851438522339,1.8179017305374146,2.6319971084594727,2.372706413269043,2.12998366355896,2.16359543800354,1.8426411151885986,1.7884883880615234,1.935645580291748,1.6821179389953613,1.9375779628753662,1.808990240097046,1.4700056314468384,1.649465799331665,1.8508057594299316,1.5681004524230957,1.3947001695632935,2.5441770553588867,2.3029041290283203,1.9726485013961792,1.8421655893325806,1.5640517473220825,1.2712428569793701,1.299171805381775,1.1446613073349,1.201554775238037,0.9040506482124329,0.7270792722702026,0.9590511322021484,0.9159544110298157,0.5667331218719482,0.7045769691467285
A10,2.228959560394287,1.947510004043579,1.6756232976913452,1.3863617181777954,1.1376821994781494,0.8125746250152588,0.5802199840545654,0.5202829241752625,0.37328875064849854,0.0,0.3714977502822876,0.5498849153518677,0.5118497610092163,0.6095172762870789,0.8504698872566223,1.9372029304504395,1.5487011671066284,1.5196473598480225,1.2609868049621582,0.9893633127212524,1.100075125694275,0.9205043315887451,0.745453953742981,0.9206597805023193,1.2261801958084106,1.140634298324585,1.1189438104629517,1.4307129383087158,1.5842889547348022,1.518030047416687,2.1596572399139404,1.799596905708313,1.7935444116592407,1.7849757671356201,1.4763824939727783,1.6845557689666748,1.7436065673828125,1.487618088722229,1.8030998706817627,1.9528698921203613,1.6684563159942627,1.729099988937378,2.094465494155884,2.0518789291381836,1.8409003019332886,2.5242502689361572,2.250333070755005,2.058382749557495,2.117135763168335,1.7956324815750122,1.8188663721084595,1.9753031730651855,1.7140357494354248,2.008638620376587,1.9404916763305664,1.5939476490020752,1.7574944496154785,2.0145256519317627,1.7783074378967285,1.5795494318008423,2.544616460800171,2.3136425018310547,1.9882678985595703,1.9260140657424927,1.6415576934814453,1.407259464263916,1.5104975700378418,1.3388632535934448,1.4761126041412354,1.2109390497207642,0.9735214114189148,1.2184832096099854,1.2490332126617432,0.9004640579223633,0.9233559370040894
A11,2.2551820278167725,1.9481465816497803,1.6817888021469116,1.4442706108093262,1.1259419918060303,0.8609103560447693,0.7183399200439453,0.46555954217910767,0.511616051197052,0.3714977502822876,0.0,0.38332420587539673,0.5425508618354797,0.500490128993988,0.5986487865447998,2.035274028778076,1.6519795656204224,1.5471255779266357,1.3107857704162598,0.9709128141403198,0.9962417483329773,0.8344411849975586,0.5297434329986572,0.7491587996482849,1.0003186464309692,0.8306392431259155,0.8161661624908447,1.1601874828338623,1.2641980648040771,1.1685363054275513,2.175053119659424,1.8031271696090698,1.7324707508087158,1.666534185409546,1.3167760372161865,1.4535545110702515,1.4753947257995605,1.1784648895263672,1.4769093990325928,1.6172455549240112,1.3180652856826782,1.3641339540481567,1.7294440269470215,1.6871250867843628,1.4722565412521362,2.4265949726104736,2.116401433944702,1.9257055521011353,1.922118067741394,1.5712074041366577,1.5800628662109375,1.685316562652588,1.392081618309021,1.6743162870407104,1.6406686305999756,1.284098744392395,1.4162111282348633,1.6988508701324463,1.4995834827423096,1.2825185060501099,2.4603028297424316,2.1846985816955566,1.8956303596496582,1.8140677213668823,1.4848453998565674,1.2994667291641235,1.3709046840667725,1.1270747184753418,1.301221251487732,1.116554617881775,0.7973788976669312,1.005563497543335,1.1393080949783325,0.8373982906341553,0.7438801527023315
A12,2.5405220985412598,2.2092692852020264,1.980859398841858,1.7136187553405762,1.3889747858047485,1.165212631225586,0.9312145709991455,0.631967306137085,0.5036059617996216,0.5498849153518677,0.38332420587539673,0.0,0.37335529923439026,0.5130854249000549,0.48260802030563354,2.374166965484619,1.9825648069381714,1.9061650037765503,1.6829944849014282,1.345575213432312,1.3750710487365723,1.1924186944961548,0.8647006154060364,0.9847759008407593,1.2556458711624146,1.0521292686462402,0.9093258380889893,1.2690064907073975,1.389953374862671,1.2064448595046997,2.548444986343384,2.1816012859344482,2.1003060340881348,2.0349655151367188,1.6754685640335083,1.7706899642944336,1.7672182321548462,1.4312140941619873,1.6804051399230957,1.8102573156356812,1.4781862497329712,1.4613858461380005,1.822405457496643,1.7596904039382935,1.4790982007980347,2.774953603744507,2.4629757404327393,2.252528190612793,2.2162973880767822,1.8546595573425293,1.8042261600494385,1.859984278678894,1.5371447801589966,1.7519971132278442,1.696485161781311,1.3272695541381836,1.3954048156738281,1.6432157754898071,1.416340708732605,1.1467262506484985,2.7563390731811523,2.4657230377197266,2.1806299686431885,2.045959949493408,1.7094969749450684,1.4861193895339966,1.4643648862838745,1.1887880563735962,1.2561126947402954,1.0808115005493164,0.7772465348243713,0.8522273302078247,0.9325951337814331,0.6212121844291687,0.4462484121322632
A13,2.7151970863342285,2.4129867553710938,2.15537691116333,1.8719167709350586,1.5894296169281006,1.2986913919448853,1.048034906387329,0.8589430451393127,0.6124621629714966,0.5118497610092163,0.5425508618354797,0.37335529923439026,0.0,0.3661551773548126,0.5516781210899353,2.443052053451538,2.0566251277923584,2.002638101577759,1.7267625331878662,1.435943365097046,1.4525163173675537,1.1941440105438232,0.9351614713668823,0.9446176886558533,1.2855197191238403,1.1826703548431396,0.9911642074584961,1.2973341941833496,1.5059335231781006,1.3786710500717163,2.625183582305908,2.249480724334717,2.2290472984313965,2.1614277362823486,1.8248549699783325,1.9710657596588135,1.9460721015930176,1.628472089767456,1.8668344020843506,2.0514276027679443,1.748832106590271,1.7006975412368774,2.072531223297119,2.0576117038726807,1.7809077501296997,2.9479784965515137,2.641664981842041,2.461394786834717,2.4642155170440674,2.1106860637664795,2.106391429901123,2.1829147338867188,1.86190927028656,2.095085859298706,2.059079885482788,1.689206838607788,1.7469960451126099,2.0075857639312744,1.7872576713562012,1.5056381225585938,2.9827497005462646,2.717378616333008,2.415778160095215,2.319025754928589,1.998057246208191,1.77000093460083,1.7884660959243774,1.5398486852645874,1.6084600687026978,1.3940237760543823,1.121561884880066,1.2117576599121094,1.23586106300354,0.893141508102417,0.7688745856285095
A14,2.7115137577056885,2.4248650074005127,2.1355068683624268,1.9037208557128906,1.6078667640686035,1.304105281829834,1.1502693891525269,0.9470382928848267,0.8339736461639404,0.6095172762870789,0.500490128993988,0.5130854249000549,0.3661551773548126,0.0,0.37377673387527466,2.3966286182403564,2.02722430229187,1.911741018295288,1.6104743480682373,1.3153568506240845,1.240623116493225,0.9422287344932556,0.6771845817565918,0.5978652238845825,0.9397901296615601,0.8773179650306702,0.6719798445701599,0.9494604468345642,1.1831591129302979,1.1137769222259521,2.4876279830932617,2.0970067977905273,2.075099468231201,1.952292561531067,1.616878867149353,1.7498897314071655,1.6744521856307983,1.362104892730713,1.5733213424682617,1.7997872829437256,1.5336034297943115,1.4584853649139404,1.833058476448059,1.8711283206939697,1.6230804920196533,2.7897138595581055,2.4601986408233643,2.3215818405151367,2.312023639678955,1.9547221660614014,1.9998393058776855,2.058373212814331,1.72884202003479,1.979642629623413,2.0053818225860596,1.6395612955093384,1.6737263202667236,1.9816406965255737,1.818363070487976,1.5287171602249146,2.9068350791931152,2.6315784454345703,2.3560988903045654,2.298426866531372,1.9620500802993774,1.7973271608352661,1.853587031364441,1.578025221824646,1.7178674936294556,1.5505670309066772,1.2257471084594727,1.3291544914245605,1.4449660778045654,1.1289641857147217,0.9352279901504517
A15,2.8184726238250732,2.5028951168060303,2.241520643234253,2.0296778678894043,1.6921601295471191,1.4516083002090454,1.3061972856521606,1.0104732513427734,0.9564115405082703,0.8504698872566223,0.5986487865447998,0.48260802030563354,0.5516781210899353,0.37377673387527466,0.0,2.5959036350250244,2.224045991897583,2.0792531967163086,1.8169918060302734,1.480538249015808,1.3797804117202759,1.132409691810608,0.788960874080658,0.7395176887512207,0.9793499112129211,0.8014402985572815,0.5171341300010681,0.843037486076355,1.0122746229171753,0.8419833183288574,2.6588616371154785,2.271223306655884,2.190786838531494,2.0407474040985107,1.6786211729049683,1.7302563190460205,1.6233183145523071,1.266526699066162,1.427503228187561,1.6271697282791138,1.335430383682251,1.2090275287628174,1.5748802423477173,1.6001156568527222,1.315605640411377,2.8550186157226562,2.505584478378296,2.3524787425994873,2.28105092048645,1.9061574935913086,1.9062297344207764,1.8998547792434692,1.5410068035125732,1.7378958463668823,1.7831975221633911,1.4184015989303589,1.3855513334274292,1.692842960357666,1.5594508647918701,1.238553524017334,2.941513776779175,2.630204439163208,2.38535475730896,2.287703275680542,1.926282286643982,1.7824690341949463,1.7777436971664429,1.452440857887268,1.5704846382141113,1.4760661125183105,1.1276111602783203,1.13685941696167,1.3094531297683716,1.0593560934066772,0.765322744846344
B1,0.8436910510063171,0.9936238527297974,0.7602205276489258,0.9061963558197021,1.1954989433288574,1.2290782928466797,1.5341025590896606,1.8207557201385498,2.044936418533325,1.9372029304504395,2.035274028778076,2.374166965484619,2.443052053451538,2.3966286182403564,2.5959036350250244,0.0,0.3980999290943146,0.5788211822509766,0.8522841334342957,1.142296552658081,1.4125361442565918,1.6863951683044434,1.9032872915267944,2.194453716278076,2.2078821659088135,2.234052896499634,2.526771306991577,2.7015528678894043,2.689995765686035,2.79569673538208,0.6584510803222656,0.7353474497795105,0.8822394609451294,1.2447689771652222,1.3822307586669922,1.6890226602554321,2.004061698913574,2.120062828063965,2.4689106941223145,2.4706850051879883,2.3989784717559814,2.697948932647705,2.915616512298584,2.8435535430908203,2.8860106468200684,1.2740436792373657,1.3377821445465088,1.2406964302062988,1.608276605606079,1.6544315814971924,1.8378081321716309,2.2063491344451904,2.2763657569885254,2.632246494293213,2.539351224899292,2.42183256149292,2.7613110542297363,2.9490907192230225,2.788461685180664,2.8331151008605957,1.329698085784912,1.4405949115753174,1.1745237112045288,1.449072003364563,1.5518828630447388,1.563904881477356,1.934812068939209,2.096254825592041,2.3731436729431152,2.179987668991089,2.156625986099243,2.5380172729492188,2.6105754375457764,2.4321954250335693,2.587846517562866
B2,0.9219706654548645,0.9033389687538147,0.587488055229187,0.5952316522598267,0.8458412289619446,0.8370518088340759,1.1366691589355469,1.4273569583892822,1.647038459777832,1.5487011671066284,1.6519795656204224,1.9825648069381714,2.0566251277923584,2.02722430229187,2.224045991897583,0.3980999290943146,0.0,0.37936562299728394,0.5921242237091064,0.8143476843833923,1.140034556388855,1.3899152278900146,1.5671941041946411,1.8750275373458862,1.9248842000961304,1.9241329431533813,2.1932947635650635,2.3977620601654053,2.400858163833618,2.477367401123047,0.8643938302993774,0.7433716058731079,0.834686815738678,1.1565115451812744,1.1838409900665283,1.5050712823867798,1.8083473443984985,1.8618028163909912,2.2302913665771484,2.246474504470825,2.1285810470581055,2.4112319946289062,2.6572959423065186,2.5767595767974854,2.5813193321228027,1.4060343503952026,1.3634408712387085,1.201337456703186,1.5191922187805176,1.4772627353668213,1.6294509172439575,1.989138126373291,2.008962869644165,2.369673490524292,2.266077995300293,2.1111884117126465,2.445568323135376,2.641082763671875,2.4598073959350586,2.481691360473633,1.4135894775390625,1.419891595840454,1.0899460315704346,1.291400671005249,1.3167096376419067,1.267799735069275,1.631564974784851,1.764525294303894,2.0334720611572266,1.8201154470443726,1.7824232578277588,2.1659257411956787,2.23162841796875,2.0401573181152344,2.1964128017425537
B3,1.0288610458374023,0.9747354388237,0.6035295724868774,0.7233653664588928,0.8319090008735657,0.8144347667694092,1.1768214702606201,1.3873498439788818,1.6561354398727417,1.5196473598480225,1.5471255779266357,1.9061650037765503,2.002638101577759,1.911741018295288,2.0792531967163086,0.5788211822509766,0.37936562299728394,0.0,0.38906219601631165,0.6039950251579285,0.8559955954551697,1.1656559705734253,1.3612269163131714,1.6683605909347534,1.6560418605804443,1.663166880607605,1.9700251817703247,2.1428017616271973,2.115224599838257,2.2213988304138184,0.6882908940315247,0.4529484510421753,0.47746291756629944,0.7779144644737244,0.8250918984413147,1.1515377759933472,1.4527720212936401,1.5446569919586182,1.8991574048995972,1.9163782596588135,1.8360185623168945,2.1238718032836914,2.350724220275879,2.2949297428131104,2.331573247909546,1.1533253192901611,1.0390193462371826,0.9132184386253357,1.2235157489776611,1.1744765043258667,1.3890352249145508,1.7341557741165161,1.7568936347961426,2.128129243850708,2.074263334274292,1.9274498224258423,2.2429885864257812,2.465019464492798,2.3281171321868896,2.342050552368164,1.2987048625946045,1.2453991174697876,0.95368492603302,1.200204849243164,1.1729297637939453,1.2112537622451782,1.5854113101959229,1.6652110815048218,1.9833089113235474,1.819630742073059,1.7222802639007568,2.092303514480591,2.2198925018310547,2.0332415103912354,2.1307737827301025
B4,1.4008088111877441,1.3060458898544312,0.9260994791984558,0.9124753475189209,0.9179064035415649,0.7292075157165527,1.0503422021865845,1.2492613792419434,1.4686574935913086,1.2609868049621582,1.3107857704162598,1.6829944849014282,1.7267625331878662,1.6104743480682373,1.8169918060302734,0.8522841334342957,0.5921242237091064,0.38906219601631165,0.0,0.37967294454574585,0.598685085773468,0.8348875045776367,1.0821493864059448,1.3471262454986572,1.3710120916366577,1.4306575059890747,1.7076762914657593,1.8655492067337036,1.8912684917449951,2.017756223678589,0.9071836471557617,0.5530383586883545,0.6808778643608093,0.8119418621063232,0.7729964256286621,1.1498467922210693,1.3701519966125488,1.4148081541061401,1.767068862915039,1.8572371006011963,1.7613425254821777,1.994389295578003,2.259624481201172,2.246443033218384,2.2445144653320312,1.4397274255752563,1.2551013231277466,1.1753759384155273,1.4277898073196411,1.2932051420211792,1.5231462717056274,1.8263752460479736,1.7700856924057007,2.1530349254608154,2.1309947967529297,1.9261022806167603,2.2026991844177246,2.4651381969451904,2.3231232166290283,2.2749671936035156,1.6637153625488281,1.5644464492797852,1.273496150970459,1.469466209411621,1.3524664640426636,1.3422157764434814,1.6874067783355713,1.6912251710891724,2.004918336868286,1.8151659965515137,1.6583912372589111,2.018500328063965,2.147310972213745,1.9103785753250122,1.971808910369873
B5,1.5078829526901245,1.314572811126709,0.9522176384925842,0.8740214705467224,0.7221799492835999,0.49108612537384033,0.8079397082328796,0.9214965105056763,1.179480791091919,0.9893633127212524,0.9709128141403198,1.345575213432312,1.435943365097046,1.3153568506240845,1.480538249015808,1.142296552658081,0.8143476843833923,0.6039950251579285,0.37967294454574585,0.0,0.38318780064582825,0.6238320469856262,0.7647971510887146,1.088200330734253,1.1254239082336426,1.1135956048965454,1.385968565940857,1.5853042602539062,1.59567129611969,1.6806926727294922,1.2043274641036987,0.8383142948150635,0.8078323006629944,0.8441017270088196,0.6301190257072449,0.9629097580909729,1.163204312324524,1.1261430978775024,1.4987540245056152,1.5845694541931152,1.439260482788086,1.6641290187835693,1.948270320892334,1.9186114072799683,1.8884553909301758,1.5590572357177734,1.3047207593917847,1.1640956401824951,1.3234151601791382,1.099376916885376,1.283879280090332,1.5547682046890259,1.4484199285507202,1.8285266160964966,1.806593894958496,1.5742439031600952,1.839191198348999,2.1092708110809326,1.9652658700942993,1.9008265733718872,1.7110297679901123,1.5275707244873047,1.2301536798477173,1.3416447639465332,1.137878179550171,1.102475881576538,1.4115723371505737,1.3597782850265503,1.678116798400879,1.5059841871261597,1.31111478805542,1.658698558807373,1.8122702836990356,1.5821930170059204,1.6166551113128662
B6,1.7983590364456177,1.6167936325073242,1.2580962181091309,1.2363333702087402,1.0453420877456665,0.8290379643440247,1.09066641330719,1.1004199981689453,1.3451939821243286,1.100075125694275,0.9962417483329773,1.3750710487365723,1.4525163173675537,1.240623116493225,1.3797804117202759,1.4125361442565918,1.140034556388855,0.8559955954551697,0.598685085773468,0.38318780064582825,0.0,0.38001465797424316,0.5942531228065491,0.8559066653251648,0.8000651597976685,0.8520592451095581,1.1629934310913086,1.2940398454666138,1.2953758239746094,1.4446918964385986,1.3047465085983276,0.9123613834381104,0.87054842710495,0.7279748916625977,0.46601253747940063,0.7810957431793213,0.8767569661140442,0.8577750325202942,1.1985862255096436,1.3434181213378906,1.2495160102844238,1.4344878196716309,1.7120872735977173,1.7467800378799438,1.7382835149765015,1.5921809673309326,1.277136206626892,1.219308853149414,1.319251298904419,1.0683703422546387,1.3134779930114746,1.5190800428390503,1.3790494203567505,1.757412075996399,1.8137844800949097,1.577081561088562,1.78205406665802,2.0939202308654785,2.0048816204071045,1.9044665098190308,1.8716658353805542,1.6568611860275269,1.4233392477035522,1.5510540008544922,1.3076649904251099,1.3397369384765625,1.6157770156860352,1.4913440942764282,1.8308823108673096,1.7083061933517456,1.4498536586761475,1.748519778251648,1.9560661315917969,1.724105954170227,1.6751341819763184
B7,2.12430477142334,1.9276764392852783,1.570556402206421,1.4773966073989868,1.2621946334838867,0.9637989401817322,1.1092150211334229,1.0825095176696777,1.2321821451187134,0.9205043315887451,0.8344411849975586,1.1924186944961548,1.1941440105438232,0.9422287344932556,1.132409691810608,1.6863951683044434,1.3899152278900146,1.1656559705734253,0.8348875045776367,0.6238320469856262,0.38001465797424316,0.0,0.3813149034976959,0.5230990052223206,0.5799644589424133,0.7189916372299194,0.9352424740791321,1.055445671081543,1.1568918228149414,1.3117766380310059,1.618888258934021,1.2204525470733643,1.237755298614502,1.0798884630203247,0.8210192322731018,1.0749956369400024,1.0594234466552734,0.9434890747070312,1.23867666721344,1.4629526138305664,1.3374446630477905,1.4261462688446045,1.745882272720337,1.8196529150009155,1.7494035959243774,1.9649059772491455,1.646254301071167,1.5964863300323486,1.6716105937957764,1.3875792026519775,1.5957427024841309,1.7534862756729126,1.5427831411361694,1.8993738889694214,1.9697519540786743,1.6835132837295532,1.8332568407058716,2.167865753173828,2.0661697387695312,1.8998315334320068,2.2447335720062256,2.0223400592803955,1.776260256767273,1.866502046585083,1.5917097330093384,1.5644086599349976,1.7931358814239502,1.6153395175933838,1.9157034158706665,1.7682199478149414,1.4720416069030762,1.7346059083938599,1.9250191450119019,1.6494741439819336,1.5585650205612183
B8,2.219202756881714,1.9631115198135376,1.6422560214996338,1.5082123279571533,1.216778039932251,0.9439982771873474,1.0043889284133911,0.853793740272522,1.0062617063522339,0.745453953742981,0.5297434329986572,0.8647006154060364,0.9351614713668823,0.6771845817565918,0.788960874080658,1.9032872915267944,1.5671941041946411,1.3612269163131714,1.0821493864059448,0.7647971510887146,0.5942531228065491,0.3813149034976959,0.0,0.3880436420440674,0.5228664875030518,0.46763530373573303,0.636009931564331,0.86566162109375,0.9527377486228943,1.0153672695159912,1.888590931892395,1.4960392713546753,1.4376219511032104,1.2816509008407593,0.9445593953132629,1.097922682762146,1.0568675994873047,0.8124602437019348,1.110356330871582,1.3181474208831787,1.1138297319412231,1.1682214736938477,1.5196752548217773,1.5640188455581665,1.4386645555496216,2.1335041522979736,1.7937065362930298,1.685813069343567,1.6897096633911133,1.3517875671386719,1.4804162979125977,1.5861202478408813,1.3165494203567505,1.6456269025802612,1.7078968286514282,1.3899965286254883,1.5085631608963013,1.8456064462661743,1.7363423109054565,1.5410351753234863,2.3212780952453613,2.0508086681365967,1.8047425746917725,1.8169788122177124,1.4932197332382202,1.4322377443313599,1.590865969657898,1.3549243211746216,1.6294143199920654,1.5061628818511963,1.1755279302597046,1.3946667909622192,1.6052511930465698,1.343133807182312,1.207661509513855
B9,2.5794084072113037,2.339465379714966,2.0073840618133545,1.8729660511016846,1.5964163541793823,1.2988592386245728,1.3183726072311401,1.1666994094848633,1.2232972383499146,0.9206597805023193,0.7491587996482849,0.9847759008407593,0.9446176886558533,0.5978652238845825,0.7395176887512207,2.194453716278076,1.8750275373458862,1.6683605909347534,1.3471262454986572,1.088200330734253,0.8559066653251648,0.5230990052223206,0.3880436420440674,0.0,0.37559470534324646,0.5137597322463989,0.5086133480072021,0.6215415596961975,0.8431792259216309,0.9666983485221863,2.1358280181884766,1.7378190755844116,1.7238465547561646,1.5218428373336792,1.2200547456741333,1.3558419942855835,1.2195030450820923,0.9771939516067505,1.1684958934783936,1.4565625190734863,1.2926247119903564,1.2386006116867065,1.589102864265442,1.7063912153244019,1.5614466667175293,2.416006088256836,2.066767692565918,2.0072708129882812,2.004342555999756,1.671496868133545,1.8200851678848267,1.8840965032577515,1.5897212028503418,1.8865855932235718,1.9931092262268066,1.668271541595459,1.7145534753799438,2.0695645809173584,1.985449194908142,1.739728569984436,2.671355724334717,2.4043917655944824,2.1731510162353516,2.1991214752197266,1.872578501701355,1.8165315389633179,1.9558531045913696,1.6929656267166138,1.9406108856201172,1.8216933012008667,1.4756553173065186,1.6367589235305786,1.840073585510254,1.5596140623092651,1.3672701120376587
B10,2.5658082962036133,2.341327428817749,2.0096280574798584,1.945447564125061,1.6678601503372192,1.4242850542068481,1.5246092081069946,1.3630656003952026,1.5009995698928833,1.2261801958084106,1.0003186464309692,1.2556458711624146,1.2855197191238403,0.9397901296615601,0.9793499112129211,2.2078821659088135,1.9248842000961304,1.6560418605804443,1.3710120916366577,1.1254239082336426,0.8000651597976685,0.5799644589424133,0.5228664875030518,0.37559470534324646,0.0,0.37213391065597534,0.5552298426628113,0.5197248458862305,0.6187881231307983,0.8598507046699524,2.044780969619751,1.6577757596969604,1.6054015159606934,1.3358144760131836,1.0514742136001587,1.1218698024749756,0.9128773212432861,0.7141879200935364,0.851041316986084,1.1707003116607666,1.0860975980758667,1.0369385480880737,1.3467042446136475,1.5112664699554443,1.4381035566329956,2.2321228981018066,1.8619880676269531,1.8474924564361572,1.8111004829406738,1.4936693906784058,1.6855363845825195,1.7196133136749268,1.4488791227340698,1.7440977096557617,1.9080851078033447,1.6250909566879272,1.655723214149475,2.02422833442688,2.0015249252319336,1.7858291864395142,2.5520644187927246,2.274009943008423,2.093118906021118,2.1482198238372803,1.8247740268707275,1.8462594747543335,2.001000165939331,1.7361960411071777,2.0268168449401855,1.9633175134658813,1.6127196550369263,1.7679424285888672,2.024425506591797,1.7872562408447266,1.578961968421936
B11,2.473881483078003,2.2061052322387695,1.9097930192947388,1.8324871063232422,1.509351372718811,1.3173527717590332,1.39324951171875,1.1598182916641235,1.3376219272613525,1.140634298324585,0.8306392431259155,1.0521292686462402,1.1826703548431396,0.8773179650306702,0.8014402985572815,2.234052896499634,1.9241329431533813,1.663166880607605,1.4306575059890747,1.1135956048965454,0.8520592451095581,0.7189916372299194,0.46763530373573303,0.5137597322463989,0.37213391065597534,0.0,0.3862105906009674,0.5434882044792175,0.5022361278533936,0.6023849844932556,2.1210691928863525,1.7412272691726685,1.6182687282562256,1.3752999305725098,1.0305572748184204,1.0239335298538208,0.8440647125244141,0.5184795260429382,0.7051877975463867,0.960740327835083,0.7834705710411072,0.7446001172065735,1.092760443687439,1.2001173496246338,1.0941412448883057,2.2159314155578613,1.837501883506775,1.7604762315750122,1.6695746183395386,1.3154479265213013,1.4368865489959717,1.434188961982727,1.1266595125198364,1.4059338569641113,1.5596412420272827,1.2660369873046875,1.2860766649246216,1.65392005443573,1.6333194971084595,1.4208574295043945,2.4387288093566895,2.1246447563171387,1.9472763538360596,1.9430063962936401,1.5919307470321655,1.6055768728256226,1.7111581563949585,1.4161145687103271,1.6976771354675293,1.6730211973190308,1.3144474029541016,1.4381173849105835,1.7236123085021973,1.527177333831787,1.3009880781173706
B12,2.7784762382507324,2.492011070251465,2.203484535217285,2.0742568969726562,1.7390557527542114,1.5153398513793945,1.4984934329986572,1.2277847528457642,1.3042771816253662,1.1189438104629517,0.8161661624908447,0.9093258380889893,0.9911642074584961,0.6719798445701599,0.5171341300010681,2.526771306991577,2.1932947635650635,1.9700251817703247,1.7076762914657593,1.385968565940857,1.1629934310913086,0.9352424740791321,0.636009931564331,0.5086133480072021,0.5552298426628113,0.3862105906009674,0.0,0.37406688928604126,0.5160476565361023,0.48895129561424255,2.461500406265259,2.072706460952759,1.9755091667175293,1.748496413230896,1.4029860496520996,1.4062806367874146,1.2148562669754028,0.8742453455924988,0.9693403244018555,1.2343846559524536,1.022236704826355,0.857812762260437,1.2184218168258667,1.335920810699463,1.136152982711792,2.595838785171509,2.2207040786743164,2.1299076080322266,2.0342164039611816,1.6694437265396118,1.7432969808578491,1.708709955215454,1.361118197441101,1.5812958478927612,1.7228273153305054,1.3970513343811035,1.3446260690689087,1.7052152156829834,1.6668773889541626,1.3844406604766846,2.789508581161499,2.470432758331299,2.2755167484283447,2.2350616455078125,1.8710516691207886,1.8285859823226929,1.8799359798431396,1.5511530637741089,1.7645759582519531,1.7282919883728027,1.3576395511627197,1.40742027759552,1.6654402017593384,1.4529422521591187,1.1684178113937378
B13,3.003643035888672,2.7436959743499756,2.4378440380096436,2.345524787902832,2.0277152061462402,1.7978171110153198,1.8197481632232666,1.5773907899856567,1.6546978950500488,1.4307129383087158,1.1601874828338623,1.2690064907073975,1.2973341941833496,0.9494604468345642,0.843037486076355,2.7015528678894043,2.3977620601654053,2.1428017616271973,1.8655492067337036,1.5853042602539062,1.2940398454666138,1.055445671081543,0.86566162109375,0.6215415596961975,0.5197248458862305,0.5434882044792175,0.37406688928604126,0.0,0.36839359998703003,0.5565218925476074,2.555845022201538,2.170694589614868,2.091855764389038,1.812986135482788,1.508852481842041,1.4920910596847534,1.2227065563201904,0.9450422525405884,0.9184372425079346,1.2520594596862793,1.1423157453536987,0.9182010889053345,1.219913363456726,1.4308115243911743,1.2875897884368896,2.681652307510376,2.296947956085205,2.2652978897094727,2.1643786430358887,1.8223819732666016,1.94662606716156,1.8894996643066406,1.5617046356201172,1.7669504880905151,1.9657706022262573,1.6726303100585938,1.5857754945755005,1.9540759325027466,1.9668327569961548,1.6902716159820557,2.96293044090271,2.6500473022460938,2.4857277870178223,2.4842522144317627,2.1292569637298584,2.1313982009887695,2.2049524784088135,1.880234718322754,2.112506151199341,2.092317819595337,1.7216641902923584,1.7665213346481323,2.034674882888794,1.8258296251296997,1.5340862274169922
