,A1,A2,A3,A4,A5,A6,A7,A8,A9,A10,A11,A12,A13,A14,A15,B1,B2,B3,B4,B5,B6,B7,B8,B9,B10,B11,B12,B13,B14,B15,C1,C2,C3,C4,C5,C6,C7,C8,C9,C10,C11,C12,C13,C14,C15,D1,D2,D3,D4,D5,D6,D7,D8,D9,D10,D11,D12,D13,D14,D15,E1,E2,E3,E4,E5,E6,E7,E8,E9,E10,E11,E12,E13,E14,E15
A1,0.0,0.39308449625968933,0.6198954582214355,0.835091769695282,1.0902719497680664,1.312564730644226,1.2474217414855957,1.2849810123443604,1.598313331604004,1.741201400756836,1.714294672012329,1.8482154607772827,2.095557928085327,2.164560317993164,2.279695987701416,2.115027666091919,1.7663016319274902,1.6200250387191772,1.3410346508026123,0.9948894381523132,1.0011143684387207,1.307708978652954,1.2003741264343262,0.9313971996307373,1.205588459968567,1.4576239585876465,1.3019684553146362,1.2210404872894287,1.5418404340744019,1.7500795125961304,2.067744255065918,1.7689415216445923,1.8903558254241943,2.053832530975342,1.8612061738967896,2.1853926181793213,2.142411231994629,1.7890543937683105,1.9444949626922607,2.2403156757354736,2.064556121826172,1.837356686592102,2.1337714195251465,2.3566229343414307,2.2124059200286865,0.24205806851387024,0.4666617810726166,0.7847632169723511,0.9873448014259338,1.2303966283798218,1.4785832166671753,1.4047542810440063,1.4017393589019775,1.725122094154358,1.883297085762024,1.828193187713623,1.9562926292419434,2.2169668674468994,2.282646417617798,2.3750295639038086,2.4263718128204346,2.037592649459839,1.953527569770813,1.9236485958099365,1.5725219249725342,1.7288172245025635,1.8043426275253296,1.4653847217559814,1.3300739526748657,1.6219229698181152,1.5953788757324219,1.2413150072097778,1.3304953575134277,1.667083978652954,1.5869253873825073
A2,0.39308449625968933,0.0,0.3737047016620636,0.5952558517456055,0.7528055906295776,1.0361065864562988,0.9979731440544128,0.9574835300445557,1.2616363763809204,1.4562245607376099,1.4335658550262451,1.516826868057251,1.7659680843353271,1.8782222270965576,1.9870339632034302,1.8312095403671265,1.4612205028533936,1.3402085304260254,1.123326063156128,0.7470930218696594,0.8788632750511169,1.1286123991012573,0.9360754489898682,0.7511234879493713,1.0997676849365234,1.2713698148727417,1.0918731689453125,1.1205404996871948,1.4470773935317993,1.6025676727294922,1.7124053239822388,1.393580436706543,1.5072455406188965,1.6617640256881714,1.4770405292510986,1.808980107307434,1.7702561616897583,1.4269936084747314,1.6042401790618896,1.9060004949569702,1.7493261098861694,1.5518356561660767,1.8567718267440796,2.0765528678894043,1.974992036819458,0.4526260495185852,0.25630688667297363,0.6187511682510376,0.8368806838989258,0.9742529988288879,1.283185601234436,1.2267853021621704,1.132698893547058,1.4489845037460327,1.6590300798416138,1.5932642221450806,1.6619142293930054,1.9365761280059814,2.0446298122406006,2.113539457321167,2.057506561279297,1.665719747543335,1.5923364162445068,1.551581859588623,1.2001924514770508,1.3933855295181274,1.483846664428711,1.1442657709121704,1.04756760597229,1.3824965953826904,1.3731080293655396,1.0602976083755493,1.1981799602508545,1.5344442129135132,1.5064116716384888
A3,0.6198954582214355,0.3737047016620636,0.0,0.3774583339691162,0.5983685851097107,0.7888913750648499,0.6581857204437256,0.6732251048088074,1.0023189783096313,1.1330112218856812,1.0995630025863647,1.2394797801971436,1.4794045686721802,1.547494649887085,1.672756314277649,1.915258765220642,1.5375795364379883,1.3640748262405396,1.2087093591690063,0.8374994993209839,0.9260680079460144,1.0764063596725464,0.819216787815094,0.5920524001121521,0.9266191124916077,1.0372790098190308,0.7854284048080444,0.8172626495361328,1.1674894094467163,1.2762560844421387,1.570030927658081,1.2714277505874634,1.3476015329360962,1.5664154291152954,1.4347177743911743,1.7368017435073853,1.623110294342041,1.2894352674484253,1.5198694467544556,1.7681756019592285,1.5541332960128784,1.39865243434906,1.7369943857192993,1.8994449377059937,1.7708345651626587,0.7746514081954956,0.6193372011184692,0.9655546545982361,1.1444215774536133,1.196018934249878,1.5457298755645752,1.5336246490478516,1.3819458484649658,1.666131854057312,1.925291657447815,1.8595037460327148,1.8664857149124146,2.148353099822998,2.298818349838257,2.3410911560058594,2.105268955230713,1.7163830995559692,1.6847795248031616,1.5873652696609497,1.221566915512085,1.4364540576934814,1.6051682233810425,1.3046154975891113,1.1953128576278687,1.5570359230041504,1.6135550737380981,1.3390591144561768,1.4427225589752197,1.7923853397369385,1.8176779747009277
A4,0.835091769695282,0.5952558517456055,0.3774583339691162,0.0,0.37415626645088196,0.4787263572216034,0.5029192566871643,0.6296011805534363,0.8417007923126221,0.973845899105072,1.0680755376815796,1.2144672870635986,1.3717745542526245,1.4653210639953613,1.6637405157089233,2.1198368072509766,1.7320952415466309,1.6107486486434937,1.5078657865524292,1.1388111114501953,1.2863881587982178,1.4089570045471191,1.1020203828811646,0.934211254119873,1.2572741508483887,1.2995550632476807,0.9836776256561279,1.0478214025497437,1.4066540002822876,1.4334323406219482,1.324467658996582,1.0909531116485596,1.247921347618103,1.5187890529632568,1.470622181892395,1.7896535396575928,1.6575489044189453,1.3772532939910889,1.6688158512115479,1.899094820022583,1.6891939640045166,1.6072996854782104,1.9554716348648071,2.0833582878112793,1.9841502904891968,0.9498780965805054,0.8188665509223938,1.1111470460891724,1.3658175468444824,1.396121621131897,1.7451225519180298,1.6757819652557373,1.4729374647140503,1.7785922288894653,2.030064821243286,1.8989369869232178,1.8806891441345215,2.197913646697998,2.3354508876800537,2.3191652297973633,2.118035078048706,1.7341572046279907,1.6510001420974731,1.4745213985443115,1.0934818983078003,1.2336419820785522,1.4642627239227295,1.2270634174346924,1.0373127460479736,1.3838860988616943,1.5235599279403687,1.2851585149765015,1.311704158782959,1.6684057712554932,1.765235424041748
A5,1.0902719497680664,0.7528055906295776,0.5983685851097107,0.37415626645088196,0.0,0.3770858645439148,0.5417237877845764,0.4799020290374756,0.5952783226966858,0.8540058135986328,0.9765451550483704,1.0145827531814575,1.1545689105987549,1.3347853422164917,1.5226348638534546,1.9200035333633423,1.5348680019378662,1.4703245162963867,1.4449013471603394,1.110527515411377,1.3465471267700195,1.4158263206481934,1.0650817155838013,1.0278271436691284,1.3677198886871338,1.333311915397644,1.0354576110839844,1.2141939401626587,1.534961462020874,1.5132579803466797,0.9889765977859497,0.7238373756408691,0.9061593413352966,1.1690483093261719,1.1559630632400513,1.4833927154541016,1.3687694072723389,1.1281559467315674,1.4429898262023926,1.6753249168395996,1.5110687017440796,1.4778335094451904,1.8112605810165405,1.9371179342269897,1.9017431735992432,1.1532121896743774,0.9088740944862366,1.109907627105713,1.34258234500885,1.2802704572677612,1.6351103782653809,1.5721468925476074,1.3009425401687622,1.5735214948654175,1.8500720262527466,1.7054609060287476,1.6261316537857056,1.9472126960754395,2.1140854358673096,2.0685455799102783,1.7833998203277588,1.4097434282302856,1.325598120689392,1.1207114458084106,0.7471933364868164,0.9191494584083557,1.173180341720581,0.974022388458252,0.8395549654960632,1.197817325592041,1.3538097143173218,1.1930023431777954,1.2572640180587769,1.5755455493927002,1.7123913764953613
A6,1.312564730644226,1.0361065864562988,0.7888913750648499,0.4787263572216034,0.3770858645439148,0.0,0.37185725569725037,0.526515007019043,0.49796760082244873,0.6138914227485657,0.8494237065315247,0.9711511731147766,1.0161045789718628,1.1421343088150024,1.4026111364364624,2.227421760559082,1.848908543586731,1.7569186687469482,1.7529293298721313,1.423616647720337,1.6114612817764282,1.6435086727142334,1.2850502729415894,1.2132444381713867,1.5015215873718262,1.4251562356948853,1.0771527290344238,1.2276511192321777,1.5424553155899048,1.452060341835022,0.9387005567550659,0.8011410236358643,0.9758325219154358,1.3147984743118286,1.3878557682037354,1.670833706855774,1.4858912229537964,1.296697735786438,1.6493462324142456,1.8168344497680664,1.6065874099731445,1.6326497793197632,1.9789416790008545,2.0405495166778564,1.9832649230957031,1.414158821105957,1.2323161363601685,1.4671016931533813,1.7077248096466064,1.6489914655685425,2.0088226795196533,1.9482554197311401,1.6731115579605103,1.9370107650756836,2.2180087566375732,2.059746265411377,1.9614841938018799,2.2868733406066895,2.4579598903656006,2.3836615085601807,2.033060073852539,1.6830251216888428,1.610231876373291,1.3477299213409424,1.0048688650131226,1.1110117435455322,1.4268600940704346,1.2943726778030396,1.1166362762451172,1.4367433786392212,1.652727723121643,1.5083625316619873,1.5082021951675415,1.8298102617263794,2.0034282207489014
A7,1.2474217414855957,0.9979731440544128,0.6581857204437256,0.5029192566871643,0.5417237877845764,0.37185725569725037,0.0,0.37587404251098633,0.5287895798683167,0.5080471038818359,0.6037524342536926,0.8291687369346619,0.9513541460037231,0.9806720018386841,1.203678846359253,2.1680967807769775,1.7969259023666382,1.6330312490463257,1.6169648170471191,1.3002268075942993,1.4162250757217407,1.4116125106811523,1.071720838546753,0.9610482454299927,1.1956437826156616,1.1072505712509155,0.7427653074264526,0.8740989565849304,1.1793673038482666,1.087936282157898,1.195691704750061,1.0065510272979736,1.0570266246795654,1.3911609649658203,1.4174290895462036,1.6620745658874512,1.4361722469329834,1.2066493034362793,1.541642665863037,1.6807332038879395,1.415907859802246,1.417925238609314,1.7760900259017944,1.8183155059814453,1.7092746496200562,1.3993383646011353,1.22563636302948,1.516685962677002,1.703051209449768,1.6462832689285278,2.0210914611816406,2.017516613006592,1.770700216293335,2.0142600536346436,2.3184893131256104,2.2139055728912354,2.123215675354004,2.423614978790283,2.619025230407715,2.588223934173584,2.1360342502593994,1.7820587158203125,1.7755588293075562,1.5634526014328003,1.2236075401306152,1.4073342084884644,1.6928317546844482,1.506737232208252,1.3766429424285889,1.7264137268066406,1.8931748867034912,1.7091281414031982,1.7527865171432495,2.09035587310791,2.216789722442627
A8,1.2849810123443604,0.9574835300445557,0.6732251048088074,0.6296011805534363,0.4799020290374756,0.526515007019043,0.37587404251098633,0.0,0.37523820996284485,0.5583435893058777,0.5303332805633545,0.5925611853599548,0.812073826789856,0.939079761505127,1.0768711566925049,1.8120396137237549,1.446996808052063,1.3007616996765137,1.3375563621520996,1.0593209266662598,1.2338422536849976,1.183952808380127,0.8134229779243469,0.8307809233665466,1.0918153524398804,0.9537566304206848,0.648293137550354,0.9117008447647095,1.1699789762496948,1.0908167362213135,1.07094144821167,0.7909541726112366,0.7649559378623962,1.0590193271636963,1.052059531211853,1.2937432527542114,1.0865812301635742,0.8374165296554565,1.1745949983596802,1.3345787525177002,1.1048592329025269,1.1077196598052979,1.4575252532958984,1.5271598100662231,1.4690207242965698,1.4043599367141724,1.1373769044876099,1.3771547079086304,1.5074162483215332,1.3802582025527954,1.757770299911499,1.7926335334777832,1.521449327468872,1.719649314880371,2.048821210861206,1.9743133783340454,1.8502497673034668,2.1281003952026367,2.3554627895355225,2.339026689529419,1.788703203201294,1.4392589330673218,1.4764348268508911,1.3030937910079956,0.9926825761795044,1.2544797658920288,1.5040454864501953,1.306195616722107,1.2682634592056274,1.6309177875518799,1.753984808921814,1.602979302406311,1.7154020071029663,2.024303436279297,2.136636972427368
A9,1.598313331604004,1.2616363763809204,1.0023189783096313,0.8417007923126221,0.5952783226966858,0.49796760082244873,0.5287895798683167,0.37523820996284485,0.0,0.3783470094203949,0.5436536073684692,0.5127155184745789,0.5625681281089783,0.7817336916923523,0.9897715449333191,1.970373272895813,1.6217601299285889,1.533038854598999,1.6308815479278564,1.3786894083023071,1.5887901782989502,1.5150433778762817,1.1401606798171997,1.202276349067688,1.445224404335022,1.2577379941940308,0.9613476991653442,1.2323650121688843,1.4608210325241089,1.3053168058395386,0.7513938546180725,0.5651161670684814,0.5595138072967529,0.9272160530090332,1.0554853677749634,1.2675938606262207,1.0308541059494019,0.9064479470252991,1.2823748588562012,1.3897228240966797,1.1919028759002686,1.2990937232971191,1.6225318908691406,1.6410578489303589,1.637050747871399,1.6981337070465088,1.4270356893539429,1.6233339309692383,1.77720308303833,1.6146059036254883,1.980393409729004,1.9915485382080078,1.6761846542358398,1.8550387620925903,2.184537172317505,2.0722203254699707,1.8986626863479614,2.186353921890259,2.421931266784668,2.352156639099121,1.739245891571045,1.4274779558181763,1.4487603902816772,1.2002463340759277,0.939798891544342,1.1471868753433228,1.4490762948989868,1.3434457778930664,1.2977222204208374,1.6226013898849487,1.8020964860916138,1.7166671752929688,1.7941046953201294,2.0760068893432617,2.244887113571167
A10,1.741201400756836,1.4562245607376099,1.1330112218856812,0.973845899105072,0.8540058135986328,0.6138914227485657,0.5080471038818359,0.5583435893058777,0.3783470094203949,0.0,0.374837726354599,0.5521273612976074,0.5024453401565552,0.5318174362182617,0.8285120129585266,2.2550384998321533,1.915834903717041,1.7742575407028198,1.8600090742111206,1.6071642637252808,1.7483662366867065,1.6494413614273071,1.2969660758972168,1.3005913496017456,1.473631501197815,1.2613657712936401,0.9400843381881714,1.1572716236114502,1.3551112413406372,1.133094072341919,0.9995605945587158,0.9151381850242615,0.8706580400466919,1.2402063608169556,1.38215172290802,1.5412248373031616,1.2458994388580322,1.1427310705184937,1.5079156160354614,1.5475186109542847,1.2843551635742188,1.4182496070861816,1.7471941709518433,1.7004034519195557,1.6426981687545776,1.8805299997329712,1.6590298414230347,1.9056901931762695,2.060969352722168,1.9239965677261353,2.2982773780822754,2.322099208831787,2.0252602100372314,2.2100253105163574,2.5427610874176025,2.4381661415100098,2.274341344833374,2.5596022605895996,2.7961843013763428,2.7294516563415527,2.0817389488220215,1.7844562530517578,1.824436902999878,1.57113516330719,1.3130629062652588,1.4923195838928223,1.8114534616470337,1.7059736251831055,1.624511957168579,1.947641134262085,2.1451683044433594,2.034235954284668,2.082636594772339,2.385340452194214,2.5550174713134766
A11,1.714294672012329,1.4335658550262451,1.0995630025863647,1.0680755376815796,0.9765451550483704,0.8494237065315247,0.6037524342536926,0.5303332805633545,0.5436536073684692,0.374837726354599,0.0,0.36976802349090576,0.5250961780548096,0.46105894446372986,0.6040888428688049,2.060365676879883,1.7417857646942139,1.5472180843353271,1.6452689170837402,1.4371176958084106,1.5316591262817383,1.3755617141723633,1.0531437397003174,1.0884984731674194,1.1953039169311523,0.9327950477600098,0.6583012938499451,0.9212661981582642,1.0508880615234375,0.8148322701454163,1.2468739748001099,1.0742979049682617,0.9186518788337708,1.2308783531188965,1.3028823137283325,1.4153532981872559,1.0979118347167969,0.9555982947349548,1.2827855348587036,1.291799545288086,0.9827913641929626,1.1029852628707886,1.4312127828598022,1.368680477142334,1.2790839672088623,1.869496464729309,1.6294901371002197,1.8873096704483032,1.9790284633636475,1.8239716291427612,2.1979873180389404,2.2786295413970947,2.0043654441833496,2.1546900272369385,2.505894899368286,2.4557478427886963,2.294344425201416,2.5473809242248535,2.808605670928955,2.7857251167297363,2.046839714050293,1.7533384561538696,1.8582707643508911,1.670427680015564,1.4229274988174438,1.674111008644104,1.9502426385879517,1.795609951019287,1.7700003385543823,2.1190571784973145,2.2627041339874268,2.130051612854004,2.231147050857544,2.5377564430236816,2.6641318798065186
A12,1.8482154607772827,1.516826868057251,1.2394797801971436,1.2144672870635986,1.0145827531814575,0.9711511731147766,0.8291687369346619,0.5925611853599548,0.5127155184745789,0.5521273612976074,0.36976802349090576,0.0,0.36121368408203125,0.5279929041862488,0.5501742362976074,1.8196184635162354,1.5238418579101562,1.3799307346343994,1.5529513359069824,1.3971954584121704,1.554890751838684,1.365707278251648,1.0339593887329102,1.1876436471939087,1.320442795753479,1.0268959999084473,0.8371163606643677,1.1694828271865845,1.2703644037246704,1.0598794221878052,1.0842698812484741,0.8868846297264099,0.6311206221580505,0.9004886746406555,1.0032463073730469,1.0724629163742065,0.7411577105522156,0.6684791445732117,1.011235237121582,1.0015735626220703,0.7525229454040527,0.9479202628135681,1.2423253059387207,1.1840850114822388,1.1939646005630493,1.9685864448547363,1.6700184345245361,1.8669016361236572,1.9260536432266235,1.707100749015808,2.0659983158111572,2.164829730987549,1.8621488809585571,1.9611443281173706,2.3247058391571045,2.285834789276123,2.0813615322113037,2.3118152618408203,2.5988874435424805,2.5682222843170166,1.7228143215179443,1.4620678424835205,1.605474591255188,1.4351508617401123,1.2538267374038696,1.5334489345550537,1.78386652469635,1.6589187383651733,1.7007311582565308,2.034240484237671,2.15923810005188,2.0769593715667725,2.212873697280884,2.4837381839752197,2.616760730743408
A13,2.095557928085327,1.7659680843353271,1.4794045686721802,1.3717745542526245,1.1545689105987549,1.0161045789718628,0.9513541460037231,0.812073826789856,0.5625681281089783,0.5024453401565552,0.5250961780548096,0.36121368408203125,0.0,0.37434500455856323,0.5439548492431641,2.109194278717041,1.822006344795227,1.715222716331482,1.8988415002822876,1.7295506000518799,1.9016754627227783,1.725376844406128,1.387420892715454,1.5152000188827515,1.6533268690109253,1.3610414266586304,1.1407444477081299,1.4383161067962646,1.5452301502227783,1.2849540710449219,0.9527972340583801,0.8937296271324158,0.6804796457290649,0.9892922043800354,1.2037732601165771,1.2507356405258179,0.9135841727256775,0.9566900730133057,1.3010380268096924,1.2487373352050781,1.0380163192749023,1.2861673831939697,1.5521131753921509,1.4471805095672607,1.4799180030822754,2.2134947776794434,1.9290149211883545,2.1201138496398926,2.2164433002471924,1.9983069896697998,2.353976249694824,2.422170877456665,2.095839738845825,2.200845956802368,2.5560567378997803,2.480160713195801,2.2525782585144043,2.4967682361602783,2.7783827781677246,2.7037179470062256,1.8494175672531128,1.6235092878341675,1.7366042137145996,1.5045031309127808,1.3552957773208618,1.5697575807571411,1.8600367307662964,1.8007514476776123,1.8113058805465698,2.1143431663513184,2.28875994682312,2.2398128509521484,2.3347034454345703,2.594738006591797,2.77058744430542
A14,2.164560317993164,1.8782222270965576,1.547494649887085,1.4653210639953613,1.3347853422164917,1.1421343088150024,0.9806720018386841,0.939079761505127,0.7817336916923523,0.5318174362182617,0.46105894446372986,0.5279929041862488,0.37434500455856323,0.0,0.3680359125137329,2.3298916816711426,2.045987606048584,1.8794020414352417,2.034487247467041,1.8616268634796143,1.9661414623260498,1.7724488973617554,1.4656788110733032,1.538062334060669,1.6072872877120972,1.302721619606018,1.0845110416412354,1.3254954814910889,1.3840094804763794,1.0702153444290161,1.2827298641204834,1.2296550273895264,1.035254716873169,1.3389724493026733,1.5095945596694946,1.5396392345428467,1.1807092428207397,1.1825826168060303,1.4988690614700317,1.4061130285263062,1.1245664358139038,1.3588361740112305,1.629561424255371,1.4732027053833008,1.4306325912475586,2.315826654434204,2.069943428039551,2.308201551437378,2.400601863861084,2.212433099746704,2.5785598754882812,2.662163019180298,2.3602259159088135,2.4798707962036133,2.83854341506958,2.7775158882141113,2.57277250289917,2.816873550415039,3.096522092819214,3.0402920246124268,2.189155340194702,1.9543784856796265,2.077894687652588,1.8562644720077515,1.6724188327789307,1.8879989385604858,2.1871109008789062,2.0973544120788574,2.078805446624756,2.399291515350342,2.575402021408081,2.4872634410858154,2.5704426765441895,2.857668161392212,3.0198395252227783
A15,2.279695987701416,1.9870339632034302,1.672756314277649,1.6637405157089233,1.5226348638534546,1.4026111364364624,1.203678846359253,1.0768711566925049,0.9897715449333191,0.8285120129585266,0.6040888428688049,0.5501742362976074,0.5439548492431641,0.3680359125137329,0.0,2.1706604957580566,1.9297635555267334,1.7436232566833496,1.9374943971633911,1.8300495147705078,1.9121246337890625,1.660658836364746,1.4002320766448975,1.5321859121322632,1.5433790683746338,1.1948283910751343,1.0797979831695557,1.3488614559173584,1.3215898275375366,1.0081303119659424,1.4915539026260376,1.3844836950302124,1.1075295209884644,1.329472541809082,1.458800196647644,1.4119645357131958,1.0415256023406982,1.0735479593276978,1.3233058452606201,1.1582908630371094,0.8704949021339417,1.14522123336792,1.3659974336624146,1.1575616598129272,1.1321443319320679,2.429626941680908,2.1583824157714844,2.3814165592193604,2.4162702560424805,2.196324110031128,2.5476579666137695,2.6800131797790527,2.3894994258880615,2.461099863052368,2.8323068618774414,2.816744089126587,2.5994224548339844,2.805971145629883,3.1115450859069824,3.084282875061035,2.12654972076416,1.9227197170257568,2.1073498725891113,1.941154956817627,1.792134404182434,2.0552260875701904,2.316145896911621,2.2070302963256836,2.2441446781158447,2.5737385749816895,2.708513021469116,2.6234123706817627,2.750497817993164,3.028047800064087,3.163303852081299
B1,2.115027666091919,1.8312095403671265,1.915258765220642,2.1198368072509766,1.9200035333633423,2.227421760559082,2.1680967807769775,1.8120396137237549,1.970373272895813,2.2550384998321533,2.060365676879883,1.8196184635162354,2.109194278717041,2.3298916816711426,2.1706604957580566,0.0,0.3888317048549652,0.626630961894989,0.8705161809921265,1.1584888696670532,1.3639709949493408,1.250120759010315,1.2865630388259888,1.6183440685272217,1.7379504442214966,1.6804667711257935,1.8333828449249268,2.09553599357605,2.1335606575012207,2.2277071475982666,2.180591106414795,1.8260352611541748,1.6515493392944336,1.395446538925171,1.0398540496826172,1.021810531616211,1.291893482208252,1.156248927116394,0.8496150374412537,1.1150084733963013,1.3500475883483887,1.166809320449829,1.0645374059677124,1.400877833366394,1.5877553224563599,2.078887701034546,1.7223012447357178,1.6060328483581543,1.330330491065979,0.9878014326095581,0.9999902844429016,1.318796157836914,1.2169166803359985,0.9553495049476624,1.2285903692245483,1.4845542907714844,1.34117591381073,1.266815185546875,1.5857053995132446,1.7840042114257812,1.1027806997299194,1.014647126197815,1.2900357246398926,1.583263635635376,1.623773455619812,1.954526424407959,1.8358445167541504,1.623516321182251,1.9472370147705078,2.1680970191955566,1.9805357456207275,1.9624197483062744,2.305213451385498,2.4074089527130127,2.3396918773651123
B2,1.7663016319274902,1.4612205028533936,1.5375795364379883,1.7320952415466309,1.5348680019378662,1.848908543586731,1.7969259023666382,1.446996808052063,1.6217601299285889,1.915834903717041,1.7417857646942139,1.5238418579101562,1.822006344795227,2.045987606048584,1.9297635555267334,0.3888317048549652,0.0,0.37560513615608215,0.6193141937255859,0.8227699398994446,1.0881297588348389,1.0048125982284546,0.9655125141143799,1.2894033193588257,1.4626752138137817,1.4135363101959229,1.5146324634552002,1.7805346250534058,1.8653028011322021,1.9561278820037842,1.8702783584594727,1.497910737991333,1.352210283279419,1.14957594871521,0.7704383730888367,0.8719121217727661,1.0949654579162598,0.8817501068115234,0.664969265460968,1.0142642259597778,1.1723508834838867,0.97566157579422,0.9985222220420837,1.3334335088729858,1.4741569757461548,1.7387243509292603,1.3675514459609985,1.2817004919052124,1.0512105226516724,0.6859422922134399,0.82658851146698,1.1087794303894043,0.9483945965766907,0.7849461436271667,1.125207543373108,1.314412236213684,1.1767393350601196,1.208540916442871,1.518164038658142,1.6808292865753174,1.048409104347229,0.8272968530654907,1.0664551258087158,1.3129501342773438,1.289526343345642,1.634882926940918,1.552363634109497,1.3071589469909668,1.6043624877929688,1.8575959205627441,1.7000298500061035,1.6506716012954712,1.9811041355133057,2.1201391220092773,2.073425054550171
B3,1.6200250387191772,1.3402085304260254,1.3640748262405396,1.6107486486434937,1.4703245162963867,1.7569186687469482,1.6330312490463257,1.3007616996765137,1.533038854598999,1.7742575407028198,1.5472180843353271,1.3799307346343994,1.715222716331482,1.8794020414352417,1.7436232566833496,0.626630961894989,0.37560513615608215,0.0,0.3790135085582733,0.6267677545547485,0.804331362247467,0.6480868458747864,0.6660119295120239,1.0010305643081665,1.117904543876648,1.0726912021636963,1.225482702255249,1.4711520671844482,1.5211716890335083,1.6368690729141235,1.9276255369186401,1.5452804565429688,1.369223952293396,1.2501580715179443,0.893714189529419,0.9820727109909058,1.086667537689209,0.7988889813423157,0.5888422727584839,0.9126726388931274,0.974331259727478,0.6925836205482483,0.756908118724823,1.1069687604904175,1.1751054525375366,1.6382960081100464,1.2896857261657715,1.299801230430603,1.0703299045562744,0.7748428583145142,0.9909706115722656,1.2815589904785156,1.1506420373916626,1.0811538696289062,1.4151945114135742,1.5906909704208374,1.488547921180725,1.558469533920288,1.8473502397537231,2.009974241256714,1.3607101440429688,1.1082525253295898,1.3395121097564697,1.5162529945373535,1.4129645824432373,1.7782785892486572,1.7581427097320557,1.477660059928894,1.7142484188079834,2.015326976776123,1.8885529041290283,1.774749517440796,2.0857808589935303,2.278550863265991,2.226019859313965
B4,1.3410346508026123,1.123326063156128,1.2087093591690063,1.5078657865524292,1.4449013471603394,1.7529293298721313,1.6169648170471191,1.3375563621520996,1.6308815479278564,1.8600090742111206,1.6452689170837402,1.5529513359069824,1.8988415002822876,2.034487247467041,1.9374943971633911,0.8705161809921265,0.6193141937255859,0.3790135085582733,0.0,0.38137388229370117,0.49628597497940063,0.5027037858963013,0.6215455532073975,0.8404534459114075,0.9732577204704285,1.057956576347351,1.2036778926849365,1.3701083660125732,1.4552968740463257,1.6439579725265503,2.0757598876953125,1.6836491823196411,1.5712862014770508,1.5091346502304077,1.1568900346755981,1.319593071937561,1.3997089862823486,1.0654189586639404,0.9390040636062622,1.2580620050430298,1.2476983070373535,0.9218469262123108,1.0394846200942993,1.3813995122909546,1.3627911806106567,1.3525676727294922,1.0467710494995117,1.0715302228927612,0.8079115152359009,0.6291351318359375,0.8437729477882385,1.12556791305542,1.0824633836746216,1.093310832977295,1.3777188062667847,1.554724097251892,1.5407657623291016,1.6316651105880737,1.8624504804611206,2.05456805229187,1.6301122903823853,1.337180495262146,1.4907729625701904,1.6605007648468018,1.4947645664215088,1.8375059366226196,1.807693600654602,1.476900339126587,1.668338418006897,1.9740623235702515,1.8235137462615967,1.6461796760559082,1.9546267986297607,2.1663031578063965,2.0690417289733887
B5,0.9948894381523132,0.7470930218696594,0.8374994993209839,1.1388111114501953,1.110527515411377,1.423616647720337,1.3002268075942993,1.0593209266662598,1.3786894083023071,1.6071642637252808,1.4371176958084106,1.3971954584121704,1.7295506000518799,1.8616268634796143,1.8300495147705078,1.1584888696670532,0.8227699398994446,0.6267677545547485,0.38137388229370117,0.0,0.3785698711872101,0.534875750541687,0.47101515531539917,0.5816188454627991,0.839655876159668,0.9606674909591675,0.9957147240638733,1.1433748006820679,1.316735029220581,1.4989871978759766,1.8543407917022705,1.4674198627471924,1.4159246683120728,1.4333833456039429,1.1258206367492676,1.370914101600647,1.396748661994934,1.0305981636047363,1.0434545278549194,1.3697296380996704,1.287400484085083,1.001237392425537,1.2267037630081177,1.5191516876220703,1.4626823663711548,1.0224534273147583,0.7007797360420227,0.8096674084663391,0.6650447249412537,0.5737712979316711,0.897684633731842,1.0668225288391113,0.982040524482727,1.1200382709503174,1.4054186344146729,1.4965274333953857,1.500783085823059,1.6705245971679688,1.8713346719741821,2.019406318664551,1.689261555671692,1.339401364326477,1.4205100536346436,1.5180646181106567,1.2792116403579712,1.6020638942718506,1.6160672903060913,1.2666102647781372,1.3892474174499512,1.7201775312423706,1.6122851371765137,1.393248438835144,1.6674660444259644,1.9203332662582397,1.8481791019439697
B6,1.0011143684387207,0.8788632750511169,0.9260680079460144,1.2863881587982178,1.3465471267700195,1.6114612817764282,1.4162250757217407,1.2338422536849976,1.5887901782989502,1.7483662366867065,1.5316591262817383,1.554890751838684,1.9016754627227783,1.9661414623260498,1.9121246337890625,1.3639709949493408,1.0881297588348389,0.804331362247467,0.49628597497940063,0.3785698711872101,0.0,0.3696531355381012,0.5302892923355103,0.4952410161495209,0.6074747443199158,0.8433184027671814,0.9614096879959106,1.008701205253601,1.1281390190124512,1.3850196599960327,2.1517887115478516,1.7742092609405518,1.6994547843933105,1.7454317808151245,1.4480327367782593,1.6481820344924927,1.6329584121704102,1.2618964910507202,1.2467796802520752,1.519771933555603,1.387585997581482,1.0560470819473267,1.2648260593414307,1.5419634580612183,1.4065386056900024,1.0791410207748413,0.8715086579322815,1.0471138954162598,0.8836286067962646,0.8927449584007263,1.1487936973571777,1.3400298357009888,1.3241149187088013,1.4525789022445679,1.7093366384506226,1.8281937837600708,1.8611482381820679,2.0103797912597656,2.1990487575531006,2.371248483657837,2.0318119525909424,1.6963738203048706,1.7968806028366089,1.887589931488037,1.6334917545318604,1.9505444765090942,1.9820713996887207,1.6270753145217896,1.7133811712265015,2.0489237308502197,1.9426674842834473,1.6874477863311768,1.9399744272232056,2.2116291522979736,2.1113646030426025
B7,1.307708978652954,1.1286123991012573,1.0764063596725464,1.4089570045471191,1.4158263206481934,1.6435086727142334,1.4116125106811523,1.183952808380127,1.5150433778762817,1.6494413614273071,1.3755617141723633,1.365707278251648,1.725376844406128,1.7724488973617554,1.660658836364746,1.250120759010315,1.0048125982284546,0.6480868458747864,0.5027037858963013,0.534875750541687,0.3696531355381012,0.0,0.3776858150959015,0.5271678566932678,0.5052517056465149,0.601051926612854,0.8261638283729553,0.9485926628112793,0.971271812915802,1.1889227628707886,2.106213331222534,1.7337161302566528,1.5839914083480835,1.6151626110076904,1.328879475593567,1.456221103668213,1.4075993299484253,1.0555882453918457,1.0012233257293701,1.2193198204040527,1.0731993913650513,0.7226389646530151,0.919696033000946,1.1826066970825195,1.0416744947433472,1.4063611030578613,1.1579984426498413,1.3290560245513916,1.1574822664260864,1.0523980855941772,1.3214291334152222,1.559095025062561,1.4856866598129272,1.5523772239685059,1.8541619777679443,1.9897133111953735,1.958153247833252,2.08841872215271,2.3271713256835938,2.487027168273926,1.9468823671340942,1.6416257619857788,1.8098392486572266,1.8955851793289185,1.6739850044250488,2.022956132888794,2.0785651206970215,1.7531954050064087,1.8720566034317017,2.219947338104248,2.136044979095459,1.9213144779205322,2.17974853515625,2.44744873046875,2.379925489425659
B8,1.2003741264343262,0.9360754489898682,0.819216787815094,1.1020203828811646,1.0650817155838013,1.2850502729415894,1.071720838546753,0.8134229779243469,1.1401606798171997,1.2969660758972168,1.0531437397003174,1.0339593887329102,1.387420892715454,1.4656788110733032,1.4002320766448975,1.2865630388259888,0.9655125141143799,0.6660119295120239,0.6215455532073975,0.47101515531539917,0.5302892923355103,0.3776858150959015,0.0,0.3755996823310852,0.5546959042549133,0.5245377421379089,0.5889974236488342,0.8158556818962097,0.9348031282424927,1.0647276639938354,1.7363876104354858,1.3697731494903564,1.2333171367645264,1.310660481452942,1.0671906471252441,1.2422584295272827,1.1524851322174072,0.7816105484962463,0.8531738519668579,1.090081810951233,0.9086514711380005,0.6383848786354065,0.942595362663269,1.1596988439559937,1.0575671195983887,1.3057172298431396,1.0100462436676025,1.2093355655670166,1.1289665699005127,0.9860857129096985,1.3249708414077759,1.504159688949585,1.3496206998825073,1.4586840867996216,1.7894470691680908,1.8623493909835815,1.7940614223480225,1.9738167524337769,2.220623254776001,2.32906174659729,1.758628249168396,1.425097942352295,1.5691219568252563,1.5966856479644775,1.3521229028701782,1.699355125427246,1.797197937965393,1.4931360483169556,1.589349389076233,1.9505623579025269,1.9155772924423218,1.7186875343322754,1.9526809453964233,2.2332804203033447,2.217135429382324
B9,0.9313971996307373,0.7511234879493713,0.5920524001121521,0.934211254119873,1.0278271436691284,1.2132444381713867,0.9610482454299927,0.8307809233665466,1.202276349067688,1.3005913496017456,1.0884984731674194,1.1876436471939087,1.5152000188827515,1.538062334060669,1.5321859121322632,1.6183440685272217,1.2894033193588257,1.0010305643081665,0.8404534459114075,0.5816188454627991,0.4952410161495209,0.5271678566932678,0.3755996823310852,0.0,0.374679297208786,0.5400325059890747,0.5027051568031311,0.5641985535621643,0.7779201865196228,0.9793081283569336,1.8541651964187622,1.5096133947372437,1.4383082389831543,1.5836817026138306,1.3745850324630737,1.5867669582366943,1.4698505401611328,1.1035487651824951,1.223702311515808,1.4421157836914062,1.2134804725646973,0.9652289748191833,1.275673270225525,1.4574018716812134,1.2839072942733765,1.0867948532104492,0.8834507465362549,1.1728920936584473,1.1574467420578003,1.136359453201294,1.4729896783828735,1.5993250608444214,1.4857826232910156,1.6663017272949219,1.962389349937439,2.005065441131592,1.9885447025299072,2.198490858078003,2.403488874435425,2.509181499481201,2.0735132694244385,1.715987205505371,1.8021607398986816,1.7919305562973022,1.4899098873138428,1.7957290410995483,1.9189038276672363,1.596248745918274,1.6117292642593384,1.97947096824646,1.9645986557006836,1.7113946676254272,1.9016294479370117,2.2175352573394775,2.190617084503174
B10,1.205588459968567,1.0997676849365234,0.9266191124916077,1.2572741508483887,1.3677198886871338,1.5015215873718262,1.1956437826156616,1.0918153524398804,1.445224404335022,1.473631501197815,1.1953039169311523,1.320442795753479,1.6533268690109253,1.6072872877120972,1.5433790683746338,1.7379504442214966,1.4626752138137817,1.117904543876648,0.9732577204704285,0.839655876159668,0.6074747443199158,0.5052517056465149,0.5546959042549133,0.374679297208786,0.0,0.3716490864753723,0.541458785533905,0.49404045939445496,0.5224767923355103,0.812279462814331,2.1391406059265137,1.806034803390503,1.6817494630813599,1.8186339139938354,1.6097776889801025,1.7555769681930542,1.611166000366211,1.266494631767273,1.330405592918396,1.4798976182937622,1.2195813655853271,0.9481572508811951,1.2162779569625854,1.3606483936309814,1.1120507717132568,1.3793048858642578,1.2243963479995728,1.5059740543365479,1.4385721683502197,1.4132784605026245,1.7186435461044312,1.8918298482894897,1.805187702178955,1.9456630945205688,2.243976593017578,2.324662446975708,2.303596258163452,2.4842329025268555,2.70453143119812,2.831151247024536,2.3109772205352783,1.9796366691589355,2.1105549335479736,2.1146514415740967,1.8319441080093384,2.1500139236450195,2.276003360748291,1.9568753242492676,1.9851182699203491,2.3531687259674072,2.3310513496398926,2.076540946960449,2.270503520965576,2.585986375808716,2.5442967414855957
B11,1.4576239585876465,1.2713698148727417,1.0372790098190308,1.2995550632476807,1.333311915397644,1.4251562356948853,1.1072505712509155,0.9537566304206848,1.2577379941940308,1.2613657712936401,0.9327950477600098,1.0268959999084473,1.3610414266586304,1.302721619606018,1.1948283910751343,1.6804667711257935,1.4135363101959229,1.0726912021636963,1.057956576347351,0.9606674909591675,0.8433184027671814,0.601051926612854,0.5245377421379089,0.5400325059890747,0.3716490864753723,0.0,0.37079933285713196,0.5266013741493225,0.4613942503929138,0.5928295850753784,1.959250569343567,1.6449627876281738,1.4616700410842896,1.6036806106567383,1.4381623268127441,1.5307908058166504,1.335029125213623,1.0288434028625488,1.1169441938400269,1.1967591047286987,0.8943681120872498,0.6852995157241821,0.9820975065231323,1.0565067529678345,0.8089811205863953,1.6249403953552246,1.4099615812301636,1.6736074686050415,1.6139665842056274,1.5055407285690308,1.8328747749328613,2.01924729347229,1.871314525604248,1.9782606363296509,2.3120276927948,2.384478807449341,2.304563522338867,2.484182119369507,2.7414157390594482,2.8402011394500732,2.1658647060394287,1.859176754951477,2.0286366939544678,2.0085983276367188,1.7552021741867065,2.0884857177734375,2.242459535598755,1.9612363576889038,2.011672258377075,2.384470224380493,2.3917620182037354,2.1806557178497314,2.375340700149536,2.683570623397827,2.682793378829956
B12,1.3019684553146362,1.0918731689453125,0.7854284048080444,0.9836776256561279,1.0354576110839844,1.0771527290344238,0.7427653074264526,0.648293137550354,0.9613476991653442,0.9400843381881714,0.6583012938499451,0.8371163606643677,1.1407444477081299,1.0845110416412354,1.0797979831695557,1.8333828449249268,1.5146324634552002,1.225482702255249,1.2036778926849365,0.9957147240638733,0.9614096879959106,0.8261638283729553,0.5889974236488342,0.5027051568031311,0.541458785533905,0.37079933285713196,0.0,0.3636089265346527,0.5324981808662415,0.5503713488578796,1.6947174072265625,1.4066965579986572,1.2761269807815552,1.4927361011505127,1.3862937688827515,1.5371137857437134,1.3105392456054688,1.0083746910095215,1.2118414640426636,1.314605474472046,0.9971089959144592,0.880449116230011,1.226402997970581,1.2783839702606201,1.0780586004257202,1.4819893836975098,1.2775815725326538,1.5749536752700806,1.6005008220672607,1.5125893354415894,1.8726071119308472,1.9968218803405762,1.8129230737686157,1.973929762840271,2.306232213973999,2.3205132484436035,2.2375552654266357,2.4627716541290283,2.7031939029693604,2.7615487575531006,2.1462771892547607,1.812914252281189,1.930233120918274,1.8472237586975098,1.5566908121109009,1.857532024383545,2.055363893508911,1.793170690536499,1.7882224321365356,2.1639084815979004,2.2197256088256836,2.007091760635376,2.158386707305908,2.4838600158691406,2.520263195037842
B13,1.2210404872894287,1.1205404996871948,0.8172626495361328,1.0478214025497437,1.2141939401626587,1.2276511192321777,0.8740989565849304,0.9117008447647095,1.2323650121688843,1.1572716236114502,0.9212661981582642,1.1694828271865845,1.4383161067962646,1.3254954814910889,1.3488614559173584,2.09553599357605,1.7805346250534058,1.4711520671844482,1.3701083660125732,1.1433748006820679,1.008701205253601,0.9485926628112793,0.8158556818962097,0.5641985535621643,0.49404045939445496,0.5266013741493225,0.3636089265346527,0.0,0.3713650107383728,0.5399931073188782,1.972657322883606,1.6996439695358276,1.6107456684112549,1.8419086933135986,1.7251888513565063,1.8915218114852905,1.673738718032837,1.3644688129425049,1.544519305229187,1.6516859531402588,1.3299782276153564,1.1779361963272095,1.499794363975525,1.5535615682601929,1.2958800792694092,1.4355061054229736,1.3249036073684692,1.6628265380859375,1.7023067474365234,1.690422534942627,2.0351951122283936,2.1447572708129883,2.007929801940918,2.200312376022339,2.5070016384124756,2.5214529037475586,2.4823780059814453,2.7133216857910156,2.9263763427734375,2.9997036457061768,2.477238893508911,2.1309494972229004,2.2231154441833496,2.140127182006836,1.821288824081421,2.0960984230041504,2.293870210647583,2.0107104778289795,1.9619914293289185,2.3349802494049072,2.3886184692382812,2.133056163787842,2.2586655616760254,2.6036293506622314,2.616755723953247
