,A1,A2,A3,A4,A5,A6,A7,A8,A9,A10,A11,A12,A13,A14,A15,B1,B2,B3,B4,B5,B6,B7,B8,B9,B10,B11,B12,B13,B14,B15,C1,C2,C3,C4,C5,C6,C7,C8,C9,C10,C11,C12,C13,C14,C15,D1,D2,D3,D4,D5,D6,D7,D8,D9,D10,D11,D12,D13,D14,D15,E1,E2,E3,E4,E5,E6,E7,E8,E9,E10,E11,E12,E13,E14,E15
A1,0.0,0.40626734495162964,0.6755993366241455,0.9100163578987122,1.171886682510376,1.4172301292419434,1.5124753713607788,1.5799729824066162,1.8210499286651611,2.01461124420166,2.1110739707946777,2.222221851348877,2.4260499477386475,2.5562806129455566,2.6991610527038574,0.9580690264701843,0.8350812792778015,1.0681169033050537,0.9855892658233643,1.0132426023483276,1.1965757608413696,1.496353030204773,1.5379892587661743,1.574805498123169,1.8387051820755005,2.0534656047821045,2.0783581733703613,2.167088270187378,2.395756483078003,2.5915732383728027,1.4424782991409302,1.2714011669158936,1.5780216455459595,1.6577659845352173,1.5317211151123047,1.8583732843399048,2.076592445373535,1.9233213663101196,1.9989386796951294,2.3501312732696533,2.4488866329193115,2.3399384021759033,2.5075161457061768,2.7889769077301025,2.864553689956665,0.8333905339241028,0.8525120615959167,1.1569316387176514,1.4825537204742432,1.5676898956298828,1.932755708694458,2.013603448867798,1.9074822664260864,2.1620707511901855,2.442312240600586,2.4563305377960205,2.4353249073028564,2.7053475379943848,2.8950202465057373,2.9266483783721924,0.5861383080482483,0.6303294897079468,0.9553701877593994,1.2719919681549072,1.3917255401611328,1.7309324741363525,1.812602162361145,1.759565830230713,2.0196495056152344,2.2636075019836426,2.3067729473114014,2.3317506313323975,2.591595411300659,2.7626097202301025,2.8390936851501465
A2,0.40626734495162964,0.0,0.39303746819496155,0.6421356201171875,0.8119615912437439,1.1122612953186035,1.2131611108779907,1.220354676246643,1.4570235013961792,1.6855398416519165,1.7711154222488403,1.8470674753189087,2.0587856769561768,2.2118656635284424,2.339787006378174,0.9538276195526123,0.6705328822135925,0.8641266822814941,0.8103116750717163,0.7234494686126709,0.996836245059967,1.2618494033813477,1.2223310470581055,1.285060167312622,1.5893199443817139,1.7578974962234497,1.7468621730804443,1.8744794130325317,2.114457607269287,2.271310567855835,1.2868164777755737,1.0286428928375244,1.2813693284988403,1.3828566074371338,1.2252397537231445,1.578852653503418,1.7517889738082886,1.566886067390442,1.6759549379348755,2.0274319648742676,2.0905802249908447,1.9819164276123047,2.1798198223114014,2.4462246894836426,2.5022354125976562,0.7316797375679016,0.5731439590454102,0.8119620084762573,1.1372604370117188,1.1933523416519165,1.5639618635177612,1.6229887008666992,1.503824234008789,1.7687708139419556,2.043247938156128,2.0501608848571777,2.0357019901275635,2.3086960315704346,2.4906375408172607,2.5268824100494385,0.6103198528289795,0.38270413875579834,0.6530106663703918,0.9572690725326538,1.01776921749115,1.3765851259231567,1.4465845823287964,1.3631566762924194,1.6226913928985596,1.8754818439483643,1.9127744436264038,1.926975965499878,2.187002182006836,2.363271951675415,2.439007520675659
A3,0.6755993366241455,0.39303746819496155,0.0,0.3865374028682709,0.6231951713562012,0.8759690523147583,0.8813080191612244,0.9246484041213989,1.2104605436325073,1.3850042819976807,1.4440537691116333,1.570328712463379,1.7918018102645874,1.8992704153060913,2.0305397510528564,1.2369346618652344,0.9024075865745544,0.9364578723907471,0.7472894787788391,0.5080298781394958,0.7123599648475647,1.017073631286621,0.963632345199585,0.9414011240005493,1.2540780305862427,1.453811764717102,1.427564263343811,1.514101266860962,1.7697714567184448,1.94678795337677,1.5893018245697021,1.2692631483078003,1.4334139823913574,1.483108401298523,1.2286717891693115,1.5614185333251953,1.7234889268875122,1.475164532661438,1.535244107246399,1.9041906595230103,1.9463269710540771,1.7741599082946777,1.9645376205444336,2.25616192817688,2.2806284427642822,1.0994513034820557,0.8570602536201477,0.9754288196563721,1.2729411125183105,1.2247923612594604,1.6038211584091187,1.618196725845337,1.415145993232727,1.6797573566436768,1.9657032489776611,1.9169244766235352,1.8509758710861206,2.1489369869232178,2.334122657775879,2.3175690174102783,0.9478562474250793,0.6969186663627625,0.7943224906921387,1.110837459564209,1.0965548753738403,1.4636316299438477,1.4516716003417969,1.291497826576233,1.5856460332870483,1.8335366249084473,1.7947044372558594,1.7777965068817139,2.0814480781555176,2.24381422996521,2.2605879306793213
A4,0.9100163578987122,0.6421356201171875,0.3865374028682709,0.0,0.4016113877296448,0.5296608209609985,0.6212685108184814,0.7680872678756714,0.9705261588096619,1.1154823303222656,1.258886456489563,1.4118053913116455,1.5666629076004028,1.6788089275360107,1.8701581954956055,1.5684621334075928,1.2244288921356201,1.2806837558746338,1.112438678741455,0.8003395199775696,0.9718057513237,1.263047218322754,1.1263552904129028,1.019563913345337,1.3678759336471558,1.5542755126953125,1.4358177185058594,1.493890643119812,1.8034194707870483,1.9510198831558228,1.792924165725708,1.4769434928894043,1.6199616193771362,1.7285853624343872,1.475692629814148,1.8190593719482422,1.9183781147003174,1.626949429512024,1.7239288091659546,2.0838630199432373,2.060227394104004,1.8592478036880493,2.0907442569732666,2.367419719696045,2.331233501434326,1.2403628826141357,1.0240880250930786,1.0160884857177734,1.3446022272109985,1.3316980600357056,1.6791841983795166,1.6020554304122925,1.4019321203231812,1.7190160751342773,1.9547196626663208,1.842168927192688,1.809970736503601,2.140613317489624,2.2712759971618652,2.2224924564361572,1.0124759674072266,0.7932369112968445,0.7120046019554138,1.0484133958816528,1.0935393571853638,1.4010772705078125,1.295662760734558,1.1681619882583618,1.5175728797912598,1.6955370903015137,1.6162468194961548,1.6595497131347656,1.9821717739105225,2.0837042331695557,2.0950677394866943
A5,1.171886682510376,0.8119615912437439,0.6231951713562012,0.4016113877296448,0.0,0.38130438327789307,0.5545592308044434,0.5257002115249634,0.6579322814941406,0.9106835126876831,1.0582548379898071,1.1198880672454834,1.2722259759902954,1.451267123222351,1.6229299306869507,1.6343789100646973,1.2505921125411987,1.2862317562103271,1.2011685371398926,0.8448835611343384,1.0915337800979614,1.2842142581939697,1.038556694984436,0.9929484128952026,1.3701971769332886,1.4617409706115723,1.281342625617981,1.414222240447998,1.727189064025879,1.7986265420913696,1.6890517473220825,1.3487125635147095,1.417891025543213,1.5646566152572632,1.3248640298843384,1.6708732843399048,1.6949470043182373,1.3854938745498657,1.5454342365264893,1.8785663843154907,1.799944519996643,1.6211525201797485,1.8997186422348022,2.1357226371765137,2.0738632678985596,1.2462289333343506,0.9621806740760803,0.8079730272293091,1.0805789232254028,1.0532580614089966,1.3611836433410645,1.232399344444275,1.0380842685699463,1.380985140800476,1.5832031965255737,1.4604181051254272,1.466932773590088,1.7989808320999146,1.903527021408081,1.8760448694229126,1.1448073387145996,0.8342086672782898,0.6130149960517883,0.8251187205314636,0.7944610714912415,1.06807541847229,0.927772045135498,0.7705297470092773,1.128453254699707,1.2975616455078125,1.220167875289917,1.2724931240081787,1.586952567100525,1.6881864070892334,1.7203348875045776
A6,1.4172301292419434,1.1122612953186035,0.8759690523147583,0.5296608209609985,0.38130438327789307,0.0,0.37572023272514343,0.5487955808639526,0.5437018275260925,0.6678191423416138,0.9187279939651489,1.0572562217712402,1.1180580854415894,1.2576268911361694,1.5034615993499756,1.9936460256576538,1.6176598072052002,1.6428862810134888,1.5103286504745483,1.1349736452102661,1.2958970069885254,1.5054208040237427,1.2584161758422852,1.1079124212265015,1.466436505317688,1.5765786170959473,1.3385212421417236,1.397021770477295,1.7461377382278442,1.8143938779830933,2.0532283782958984,1.7233364582061768,1.7835378646850586,1.9310288429260254,1.6741255521774292,2.0018694400787354,2.006162166595459,1.6699795722961426,1.8082985877990723,2.132242202758789,2.016218662261963,1.7920377254486084,2.072775363922119,2.308783531188965,2.1925437450408936,1.5638843774795532,1.3217560052871704,1.1474107503890991,1.415929913520813,1.3895057439804077,1.6607203483581543,1.4671448469161987,1.2603226900100708,1.6075356006622314,1.7649849653244019,1.5663849115371704,1.5716954469680786,1.9268465042114258,1.9830560684204102,1.8935658931732178,1.3810902833938599,1.1403062343597412,0.8777652382850647,1.0909314155578613,1.1093488931655884,1.3051764965057373,1.065333604812622,0.9384784698486328,1.3172011375427246,1.3980295658111572,1.2402559518814087,1.339258074760437,1.6767029762268066,1.7014609575271606,1.690685749053955
A7,1.5124753713607788,1.2131611108779907,0.8813080191612244,0.6212685108184814,0.5545592308044434,0.37572023272514343,0.0,0.3808784782886505,0.5434879660606384,0.5351267457008362,0.6694720983505249,0.9036321043968201,1.0298490524291992,1.0777127742767334,1.294153094291687,2.0530619621276855,1.6671197414398193,1.6082289218902588,1.4129693508148193,1.0217351913452148,1.0860921144485474,1.2742756605148315,1.0437062978744507,0.8117256760597229,1.141396403312683,1.2745695114135742,1.0414323806762695,1.0454777479171753,1.3997321128845215,1.5013848543167114,2.2088449001312256,1.8456259965896606,1.8690589666366577,1.9424724578857422,1.6289373636245728,1.915051817893982,1.939297080039978,1.582925796508789,1.649120807647705,1.97661292552948,1.8737952709197998,1.5990281105041504,1.8433349132537842,2.107179641723633,1.986526608467102,1.7724363803863525,1.4837487936019897,1.3512417078018188,1.5773183107376099,1.454924464225769,1.7383315563201904,1.5750584602355957,1.2909091711044312,1.5842442512512207,1.7788734436035156,1.5646909475326538,1.4801394939422607,1.8364241123199463,1.9302891492843628,1.794237494468689,1.6075763702392578,1.3399280309677124,1.1491813659667969,1.3666883707046509,1.297877550125122,1.5359903573989868,1.3158758878707886,1.0934510231018066,1.438159465789795,1.5623723268508911,1.353118658065796,1.3574854135513306,1.72276771068573,1.7747968435287476,1.6888511180877686
A8,1.5799729824066162,1.220354676246643,0.9246484041213989,0.7680872678756714,0.5257002115249634,0.5487955808639526,0.3808784782886505,0.0,0.38203194737434387,0.5623611211776733,0.5647369623184204,0.653596818447113,0.8775625228881836,0.9996854662895203,1.127387523651123,1.940471887588501,1.5355262756347656,1.4375296831130981,1.3033230304718018,0.9064359068870544,1.0360201597213745,1.1244876384735107,0.8113074898719788,0.684891939163208,1.0339888334274292,1.0654164552688599,0.807792603969574,0.9385133981704712,1.2625722885131836,1.299489974975586,2.020458698272705,1.6380664110183716,1.595744013786316,1.6574841737747192,1.3444523811340332,1.6137006282806396,1.5954231023788452,1.2311019897460938,1.32698655128479,1.6363517045974731,1.5104955434799194,1.256102204322815,1.5309430360794067,1.7706598043441772,1.6563583612442017,1.7062710523605347,1.3626521825790405,1.1854212284088135,1.3292044401168823,1.147118091583252,1.40355384349823,1.2457234859466553,0.9311869144439697,1.206788420677185,1.4107458591461182,1.2145732641220093,1.1185805797576904,1.4701732397079468,1.5851831436157227,1.482832431793213,1.6509625911712646,1.3152529001235962,1.1196119785308838,1.246762752532959,1.0751235485076904,1.310040831565857,1.1194489002227783,0.8215228915214539,1.1218912601470947,1.291641116142273,1.0932025909423828,1.0311086177825928,1.393919825553894,1.4971550703048706,1.4192413091659546
A9,1.8210499286651611,1.4570235013961792,1.2104605436325073,0.9705261588096619,0.6579322814941406,0.5437018275260925,0.5434879660606384,0.38203194737434387,0.0,0.3781927525997162,0.5485281348228455,0.5440829992294312,0.6162943243980408,0.8314398527145386,1.0264846086502075,2.200665235519409,1.79665207862854,1.7423635721206665,1.6516364812850952,1.2592591047286987,1.416060447692871,1.4960393905639648,1.1610697507858276,1.0504789352416992,1.376034140586853,1.3606353998184204,1.0417762994766235,1.1692792177200317,1.4982011318206787,1.4612271785736084,2.1598329544067383,1.7997201681137085,1.7409515380859375,1.8641458749771118,1.5957058668136597,1.8679696321487427,1.7850419282913208,1.4247266054153442,1.5795543193817139,1.8468185663223267,1.6552982330322266,1.42475426197052,1.7376288175582886,1.9231226444244385,1.7525626420974731,1.8414652347564697,1.5260088443756104,1.2657341957092285,1.3923813104629517,1.2680786848068237,1.4508402347564697,1.1976568698883057,0.9399542808532715,1.2497845888137817,1.3561748266220093,1.0936108827590942,1.087044596672058,1.4477896690368652,1.4718726873397827,1.356270670890808,1.7830262184143066,1.4666552543640137,1.1830796003341675,1.2441895008087158,1.1100828647613525,1.2342807054519653,0.9517196416854858,0.7066450119018555,1.0190043449401855,1.0762784481048584,0.8218060731887817,0.8575859069824219,1.2171971797943115,1.2353832721710205,1.1692068576812744
A10,2.01461124420166,1.6855398416519165,1.3850042819976807,1.1154823303222656,0.9106835126876831,0.6678191423416138,0.5351267457008362,0.5623611211776733,0.3781927525997162,0.0,0.3719773590564728,0.5738466382026672,0.5428645014762878,0.5948716998100281,0.883072555065155,2.4796676635742188,2.0778229236602783,1.9987120628356934,1.8473578691482544,1.4483723640441895,1.51710045337677,1.6116331815719604,1.3127456903457642,1.101473093032837,1.3736155033111572,1.3927713632583618,1.0527031421661377,1.0642447471618652,1.4129763841629028,1.3957080841064453,2.510303020477295,2.144383430480957,2.093553066253662,2.1855883598327637,1.8848271369934082,2.1337063312530518,2.068002223968506,1.6951725482940674,1.789062261581421,2.0531725883483887,1.8599361181259155,1.5756783485412598,1.851946473121643,2.0538268089294434,1.8461205959320068,2.147940158843994,1.8436431884765625,1.6153626441955566,1.7633733749389648,1.6211225986480713,1.808946967124939,1.557922124862671,1.2790248394012451,1.5483964681625366,1.6483726501464844,1.3454359769821167,1.2821080684661865,1.639296531677246,1.64765465259552,1.4494693279266357,2.0292022228240967,1.7436519861221313,1.4750900268554688,1.5867267847061157,1.4792985916137695,1.6072278022766113,1.3061929941177368,1.0812197923660278,1.37599778175354,1.3989462852478027,1.0932010412216187,1.113835096359253,1.4738138914108276,1.4412171840667725,1.2914762496948242
A11,2.1110739707946777,1.7711154222488403,1.4440537691116333,1.258886456489563,1.0582548379898071,0.9187279939651489,0.6694720983505249,0.5647369623184204,0.5485281348228455,0.3719773590564728,0.0,0.37845727801322937,0.5290008783340454,0.4743478298187256,0.6269040107727051,2.4782257080078125,2.0735297203063965,1.9265800714492798,1.7634423971176147,1.3795228004455566,1.3984125852584839,1.4182524681091309,1.1185479164123535,0.9052430391311646,1.1131763458251953,1.0805041790008545,0.7211777567863464,0.7343282699584961,1.063934564590454,1.0243043899536133,2.5491578578948975,2.1615371704101562,2.064607620239258,2.0939033031463623,1.763656497001648,1.959135890007019,1.891147494316101,1.5147099494934082,1.5525133609771729,1.7948756217956543,1.6028131246566772,1.2841352224349976,1.5318083763122559,1.74044668674469,1.5259556770324707,2.2672407627105713,1.921708583831787,1.7163509130477905,1.8100805282592773,1.58750581741333,1.7651777267456055,1.5552676916122437,1.2215771675109863,1.4139481782913208,1.5445022583007812,1.2496743202209473,1.0870678424835205,1.4286376237869263,1.485634207725525,1.256270170211792,2.196680784225464,1.8747777938842773,1.6526397466659546,1.7499369382858276,1.564404010772705,1.723616600036621,1.4693089723587036,1.1702439785003662,1.4019938707351685,1.4843944311141968,1.1715426445007324,1.0669355392456055,1.4290385246276855,1.4549304246902466,1.2425488233566284
A12,2.222221851348877,1.8470674753189087,1.570328712463379,1.4118053913116455,1.1198880672454834,1.0572562217712402,0.9036321043968201,0.653596818447113,0.5440829992294312,0.5738466382026672,0.37845727801322937,0.0,0.3686879277229309,0.5243172645568848,0.53589928150177,2.4695088863372803,2.0619494915008545,1.9150431156158447,1.8231877088546753,1.4532554149627686,1.5407322645187378,1.498776912689209,1.1470426321029663,1.052545189857483,1.2662428617477417,1.1302341222763062,0.7585003972053528,0.9189311265945435,1.1814959049224854,1.0342774391174316,2.4322609901428223,2.051098108291626,1.8996119499206543,1.945357084274292,1.6506580114364624,1.827125906944275,1.6914677619934082,1.3257352113723755,1.4218454360961914,1.6155081987380981,1.3673944473266602,1.0955508947372437,1.3944634199142456,1.5397891998291016,1.303479790687561,2.244626760482788,1.883026361465454,1.6279115676879883,1.6459087133407593,1.4084768295288086,1.514925241470337,1.2776864767074585,0.9581965804100037,1.1200610399246216,1.1995242834091187,0.8832182884216309,0.7412492632865906,1.0858798027038574,1.1145578622817993,0.9081951975822449,2.249079942703247,1.8968710899353027,1.6532585620880127,1.665115475654602,1.4278517961502075,1.5307961702346802,1.2877106666564941,0.9707024693489075,1.123091220855713,1.1936094760894775,0.8740286827087402,0.7118242383003235,1.0626609325408936,1.1062591075897217,0.8924677968025208
A13,2.4260499477386475,2.0587856769561768,1.7918018102645874,1.5666629076004028,1.2722259759902954,1.1180580854415894,1.0298490524291992,0.8775625228881836,0.6162943243980408,0.5428645014762878,0.5290008783340454,0.3686879277229309,0.0,0.3671662509441376,0.544831395149231,2.744460344314575,2.3363542556762695,2.227571725845337,2.137342929840088,1.7536041736602783,1.8485733270645142,1.8437038660049438,1.4969037771224976,1.370524287223816,1.5906251668930054,1.479506492614746,1.1014574766159058,1.1957733631134033,1.4696738719940186,1.3095908164978027,2.657073497772217,2.2935690879821777,2.157107353210449,2.2477142810821533,1.9762766361236572,2.170459032058716,2.0153908729553223,1.657893419265747,1.7812672853469849,1.9606034755706787,1.6877392530441284,1.4370050430297852,1.7365365028381348,1.8505054712295532,1.5777405500411987,2.4249746799468994,2.0933609008789062,1.8036799430847168,1.8419585227966309,1.662994146347046,1.7397379875183105,1.4430400133132935,1.1877858638763428,1.379186749458313,1.3780364990234375,1.0159412622451782,0.9745708107948303,1.293218970298767,1.217600703239441,0.9776877760887146,2.395092248916626,2.0711843967437744,1.7789545059204102,1.7790634632110596,1.598074197769165,1.633800983428955,1.3276509046554565,1.0882365703582764,1.2520701885223389,1.2077192068099976,0.8404639959335327,0.806025505065918,1.1171749830245972,1.033117413520813,0.7987854480743408
A14,2.5562806129455566,2.2118656635284424,1.8992704153060913,1.6788089275360107,1.451267123222351,1.2576268911361694,1.0777127742767334,0.9996854662895203,0.8314398527145386,0.5948716998100281,0.4743478298187256,0.5243172645568848,0.3671662509441376,0.0,0.377456396818161,2.9213755130767822,2.513683557510376,2.3718833923339844,2.2288808822631836,1.8468067646026611,1.8671612739562988,1.8612796068191528,1.5543715953826904,1.3590749502182007,1.5146564245224,1.428255319595337,1.0564193725585938,1.0431305170059204,1.3070495128631592,1.167446494102478,2.9199562072753906,2.54178786277771,2.4135098457336426,2.461928129196167,2.1535682678222656,2.323899269104004,2.200176954269409,1.8343724012374878,1.8884927034378052,2.0698325634002686,1.8176929950714111,1.5152417421340942,1.760725736618042,1.9009478092193604,1.6117509603500366,2.65920352935791,2.3218867778778076,2.070047616958618,2.1311910152435303,1.9216980934143066,2.028723955154419,1.76369047164917,1.4705510139465332,1.6287598609924316,1.6633689403533936,1.3093934059143066,1.182755470275879,1.4824696779251099,1.4387520551681519,1.1347001791000366,2.5918474197387695,2.2775719165802,2.012037992477417,2.0635223388671875,1.8854140043258667,1.9641940593719482,1.6651990413665771,1.4078449010849,1.586145043373108,1.5704771280288696,1.205643653869629,1.130155086517334,1.438597559928894,1.3652981519699097,1.0772744417190552
A15,2.6991610527038574,2.339787006378174,2.0305397510528564,1.8701581954956055,1.6229299306869507,1.5034615993499756,1.294153094291687,1.127387523651123,1.0264846086502075,0.883072555065155,0.6269040107727051,0.53589928150177,0.544831395149231,0.377456396818161,0.0,2.9532830715179443,2.5491459369659424,2.361971855163574,2.2379705905914307,1.882956862449646,1.8907082080841064,1.8090802431106567,1.502150535583496,1.358822226524353,1.4508159160614014,1.2814987897872925,0.9260478019714355,0.9623901844024658,1.1383179426193237,0.9082822203636169,2.9453747272491455,2.5599143505096436,2.382413387298584,2.3870863914489746,2.0783731937408447,2.1911535263061523,2.0419325828552246,1.6945585012435913,1.7175049781799316,1.8447474241256714,1.574733018875122,1.273651123046875,1.4930424690246582,1.596752643585205,1.2815643548965454,2.774789333343506,2.4088006019592285,2.1624433994293213,2.1628787517547607,1.8987709283828735,1.968027949333191,1.7356077432632446,1.4258970022201538,1.4951127767562866,1.525704026222229,1.1897960901260376,0.9876444935798645,1.2342733144760132,1.21503484249115,0.8759785890579224,2.763536214828491,2.418107509613037,2.179048538208008,2.1982598304748535,1.9584743976593018,2.0404748916625977,1.7854728698730469,1.4863003492355347,1.5878560543060303,1.6107423305511475,1.2618653774261475,1.079344391822815,1.3494741916656494,1.3312828540802002,0.9936770796775818
B1,0.9580690264701843,0.9538276195526123,1.2369346618652344,1.5684621334075928,1.6343789100646973,1.9936460256576538,2.0530619621276855,1.940471887588501,2.200665235519409,2.4796676635742188,2.4782257080078125,2.4695088863372803,2.744460344314575,2.9213755130767822,2.9532830715179443,0.0,0.4087069630622864,0.6677477359771729,0.9140282869338989,1.1748020648956299,1.4202531576156616,1.510636806488037,1.5824326276779175,1.8174127340316772,2.0129263401031494,2.1076323986053467,2.221808910369873,2.4209203720092773,2.5491995811462402,2.690047025680542,0.8361225128173828,0.7740994095802307,1.063491702079773,1.0386937856674194,1.1029787063598633,1.3276079893112183,1.5904651880264282,1.6179269552230835,1.7000263929367065,1.9626233577728271,2.149458646774292,2.181478261947632,2.2976112365722656,2.515131711959839,2.6969897747039795,0.8602718114852905,0.8274729251861572,1.1985200643539429,1.2836803197860718,1.3320987224578857,1.6179081201553345,1.8716017007827759,1.841274619102478,1.9562472105026245,2.25421142578125,2.4127094745635986,2.3910763263702393,2.551743745803833,2.799607515335083,2.93227481842041,1.1400357484817505,1.0203999280929565,1.3672661781311035,1.4525014162063599,1.406444787979126,1.725522518157959,1.9724482297897339,1.891478419303894,1.9833887815475464,2.309000253677368,2.4484400749206543,2.387259006500244,2.5505855083465576,2.8197081089019775,2.938971996307373
B2,0.8350812792778015,0.6705328822135925,0.9024075865745544,1.2244288921356201,1.2505921125411987,1.6176598072052002,1.6671197414398193,1.5355262756347656,1.79665207862854,2.0778229236602783,2.0735297203063965,2.0619494915008545,2.3363542556762695,2.513683557510376,2.5491459369659424,0.4087069630622864,0.0,0.38997945189476013,0.6426751613616943,0.8117067813873291,1.1120315790176392,1.2071399688720703,1.2188462018966675,1.450916051864624,1.6809871196746826,1.7642687559127808,1.8433576822280884,2.0508594512939453,2.201772451400757,2.3277604579925537,0.850419282913208,0.5999608635902405,0.8496858477592468,0.8505245447158813,0.8114703297615051,1.1120177507400513,1.342546820640564,1.2958258390426636,1.399657964706421,1.6966304779052734,1.8417670726776123,1.8398468494415283,1.9891976118087769,2.2170348167419434,2.363449811935425,0.7586747407913208,0.5453711748123169,0.8815245032310486,0.991107702255249,0.9918699264526367,1.323012351989746,1.538745641708374,1.4687151908874512,1.6119990348815918,1.9175827503204346,2.043004274368286,2.0144102573394775,2.2007863521575928,2.440110683441162,2.5520823001861572,1.0117310285568237,0.7646848559379578,1.0624284744262695,1.1599000692367554,1.0655488967895508,1.420483946800232,1.6300456523895264,1.5135847330093384,1.6302244663238525,1.9599084854125977,2.069671630859375,2.00315260887146,2.1906538009643555,2.451162576675415,2.5525753498077393
B3,1.0681169033050537,0.8641266822814941,0.9364578723907471,1.2806837558746338,1.2862317562103271,1.6428862810134888,1.6082289218902588,1.4375296831130981,1.7423635721206665,1.9987120628356934,1.9265800714492798,1.9150431156158447,2.227571725845337,2.3718833923339844,2.361971855163574,0.6677477359771729,0.38997945189476013,0.0,0.38685342669487,0.6303707361221313,0.8767520785331726,0.8790151476860046,0.9354248046875,1.2114936113357544,1.3844635486602783,1.4462692737579346,1.5790759325027466,1.7917397022247314,1.896385669708252,2.029496431350708,1.1173056364059448,0.8072850704193115,0.8936918377876282,0.7372499704360962,0.5659177303314209,0.815036416053772,1.1011357307434082,1.04921293258667,1.0725476741790771,1.377205729484558,1.5613638162612915,1.5458358526229858,1.6515204906463623,1.8968064785003662,2.067105293273926,1.1269714832305908,0.8334357142448425,1.0710805654525757,1.110780119895935,0.9578889608383179,1.2889044284820557,1.524174690246582,1.3811302185058594,1.4604336023330688,1.803135633468628,1.927207589149475,1.8325730562210083,2.000654935836792,2.2785098552703857,2.3721158504486084,1.3398009538650513,1.0450950860977173,1.2767887115478516,1.3714039325714111,1.1772931814193726,1.5467925071716309,1.7252087593078613,1.5270655155181885,1.6208785772323608,1.9797184467315674,2.0459539890289307,1.9117608070373535,2.1113829612731934,2.3971762657165527,2.4504709243774414
B4,0.9855892658233643,0.8103116750717163,0.7472894787788391,1.112438678741455,1.2011685371398926,1.5103286504745483,1.4129693508148193,1.3033230304718018,1.6516364812850952,1.8473578691482544,1.7634423971176147,1.8231877088546753,2.137342929840088,2.2288808822631836,2.2379705905914307,0.9140282869338989,0.6426751613616943,0.38685342669487,0.0,0.39955005049705505,0.5257813334465027,0.6195429563522339,0.7723252773284912,0.961509108543396,1.111275553703308,1.2579981088638306,1.412362813949585,1.5583549737930298,1.6719671487808228,1.8642196655273438,1.4617594480514526,1.1398593187332153,1.2311537265777588,1.0819685459136963,0.8090422749519348,1.0291398763656616,1.3174269199371338,1.1827340126037598,1.1246312856674194,1.469982385635376,1.6455549001693726,1.5421019792556763,1.6239079236984253,1.921445608139038,2.062854051589966,1.3049436807632446,1.0157583951950073,1.2360203266143799,1.3533653020858765,1.1732984781265259,1.5325746536254883,1.704612135887146,1.490378499031067,1.5980840921401978,1.9516770839691162,2.0097155570983887,1.868215799331665,2.0755438804626465,2.3537864685058594,2.3860933780670166,1.3809841871261597,1.1063146591186523,1.3210994005203247,1.5033739805221558,1.3358534574508667,1.726441502571106,1.8307092189788818,1.6004117727279663,1.7591584920883179,2.1003804206848145,2.101339340209961,1.9633272886276245,2.2158095836639404,2.4747543334960938,2.4776768684387207
B5,1.0132426023483276,0.7234494686126709,0.5080298781394958,0.8003395199775696,0.8448835611343384,1.1349736452102661,1.0217351913452148,0.9064359068870544,1.2592591047286987,1.4483723640441895,1.3795228004455566,1.4532554149627686,1.7536041736602783,1.8468067646026611,1.882956862449646,1.1748020648956299,0.8117067813873291,0.6303707361221313,0.39955005049705505,0.0,0.3817499279975891,0.5515637993812561,0.5272272229194641,0.6527010798454285,0.9100572466850281,1.0570179224014282,1.120091438293457,1.2666021585464478,1.4460810422897339,1.6172492504119873,1.5558377504348755,1.186212420463562,1.2410979270935059,1.1694422960281372,0.8402326107025146,1.1183453798294067,1.312136173248291,1.0741053819656372,1.0633330345153809,1.435490608215332,1.524522066116333,1.3625476360321045,1.508562445640564,1.81026291847229,1.882279634475708,1.306696891784668,0.9659219980239868,1.073272466659546,1.2262884378433228,1.0288008451461792,1.4001867771148682,1.4872208833694458,1.230558156967163,1.396453619003296,1.7322489023208618,1.7280811071395874,1.591213583946228,1.8453083038330078,2.091153621673584,2.0895333290100098,1.3253810405731201,1.0003827810287476,1.1056251525878906,1.303056240081787,1.1258950233459473,1.5113462209701538,1.5452179908752441,1.2906477451324463,1.497897982597351,1.8122076988220215,1.7694364786148071,1.6473462581634521,1.9342044591903687,2.160660982131958,2.145538091659546
B6,1.1965757608413696,0.996836245059967,0.7123599648475647,0.9718057513237,1.0915337800979614,1.2958970069885254,1.0860921144485474,1.0360201597213745,1.416060447692871,1.51710045337677,1.3984125852584839,1.5407322645187378,1.8485733270645142,1.8671612739562988,1.8907082080841064,1.4202531576156616,1.1120315790176392,0.8767520785331726,0.5257813334465027,0.3817499279975891,0.0,0.37673065066337585,0.5530382990837097,0.536507785320282,0.6683185696601868,0.9211502075195312,1.0600758790969849,1.1127866506576538,1.2548481225967407,1.5013203620910645,1.9054921865463257,1.5458693504333496,1.5878716707229614,1.457721471786499,1.1016359329223633,1.2935819625854492,1.517673134803772,1.2772972583770752,1.1571837663650513,1.5203391313552856,1.636366367340088,1.418474793434143,1.492943286895752,1.8330614566802979,1.9053630828857422,1.644829273223877,1.3312277793884277,1.449400544166565,1.601737141609192,1.372696876525879,1.7267091274261475,1.8056793212890625,1.507815957069397,1.6370697021484375,1.9794358015060425,1.9442697763442993,1.7465779781341553,1.9976446628570557,2.2593774795532227,2.207839250564575,1.6050243377685547,1.3254362344741821,1.4336371421813965,1.6634149551391602,1.4927643537521362,1.8706445693969727,1.8692444562911987,1.5898715257644653,1.8039796352386475,2.107524871826172,2.014895439147949,1.8639589548110962,2.172074556350708,2.388587236404419,2.3182570934295654
B7,1.496353030204773,1.2618494033813477,1.017073631286621,1.263047218322754,1.2842142581939697,1.5054208040237427,1.2742756605148315,1.1244876384735107,1.4960393905639648,1.6116331815719604,1.4182524681091309,1.498776912689209,1.8437038660049438,1.8612796068191528,1.8090802431106567,1.510636806488037,1.2071399688720703,0.8790151476860046,0.6195429563522339,0.5515637993812561,0.37673065066337585,0.0,0.38187751173973083,0.5334393978118896,0.5313710570335388,0.6690598130226135,0.9037563800811768,1.0212008953094482,1.0716493129730225,1.2885359525680542,1.9402642250061035,1.5688986778259277,1.5261763334274292,1.3247355222702026,0.9453959465026855,1.0428440570831299,1.264319896697998,1.044087290763855,0.842749834060669,1.18614661693573,1.3353883028030396,1.1289141178131104,1.1519256830215454,1.495552659034729,1.6057777404785156,1.822310447692871,1.4702531099319458,1.5556674003601074,1.6169302463531494,1.3127890825271606,1.6218316555023193,1.7363017797470093,1.4216575622558594,1.4641684293746948,1.8201700448989868,1.8163409233093262,1.5744109153747559,1.7771309614181519,2.0750081539154053,2.0374481678009033,1.8684756755828857,1.5481168031692505,1.6394673585891724,1.8000380992889404,1.5529721975326538,1.9128741025924683,1.9342538118362427,1.6160012483596802,1.7602936029434204,2.0884106159210205,1.9976441860198975,1.7829947471618652,2.062969923019409,2.315424680709839,2.226968288421631
B8,1.5379892587661743,1.2223310470581055,0.963632345199585,1.1263552904129028,1.038556694984436,1.2584161758422852,1.0437062978744507,0.8113074898719788,1.1610697507858276,1.3127456903457642,1.1185479164123535,1.1470426321029663,1.4969037771224976,1.5543715953826904,1.502150535583496,1.5824326276779175,1.2188462018966675,0.9354248046875,0.7723252773284912,0.5272272229194641,0.5530382990837097,0.38187751173973083,0.0,0.3763413727283478,0.5601924061775208,0.561238169670105,0.6502986550331116,0.8675269484519958,0.9909709692001343,1.1179375648498535,1.8508933782577515,1.4541631937026978,1.3644574880599976,1.2268695831298828,0.8350378274917603,0.9913178086280823,1.1053390502929688,0.8021475672721863,0.6959738731384277,1.0570464134216309,1.1080361604690552,0.8783957958221436,1.0116713047027588,1.328922152519226,1.3799182176589966,1.736194133758545,1.349761962890625,1.3403363227844238,1.3772475719451904,1.0509202480316162,1.3418751955032349,1.4033468961715698,1.0659586191177368,1.1342414617538452,1.4761580228805542,1.4450691938400269,1.2162953615188599,1.4490816593170166,1.7246887683868408,1.6891040802001953,1.8017122745513916,1.4397205114364624,1.448270559310913,1.563456416130066,1.2832274436950684,1.6144362688064575,1.6055326461791992,1.2669353485107422,1.4077098369598389,1.7240808010101318,1.6200969219207764,1.4022091627120972,1.6900038719177246,1.9346352815628052,1.8504588603973389
B9,1.574805498123169,1.285060167312622,0.9414011240005493,1.019563913345337,0.9929484128952026,1.1079124212265015,0.8117256760597229,0.684891939163208,1.0504789352416992,1.101473093032837,0.9052430391311646,1.052545189857483,1.370524287223816,1.3590749502182007,1.358822226524353,1.8174127340316772,1.450916051864624,1.2114936113357544,0.961509108543396,0.6527010798454285,0.536507785320282,0.5334393978118896,0.3763413727283478,0.0,0.37781330943107605,0.5495845675468445,0.5514461994171143,0.6164020299911499,0.83070969581604,1.0279514789581299,2.126275062561035,1.7309590578079224,1.6813538074493408,1.5830302238464355,1.1964340209960938,1.36699640750885,1.4690691232681274,1.1427650451660156,1.03670072555542,1.3745849132537842,1.3811955451965332,1.0818159580230713,1.2076228857040405,1.538013219833374,1.5196852684020996,1.8926852941513062,1.5301032066345215,1.507040023803711,1.6137927770614624,1.3291763067245483,1.6265463829040527,1.6168758869171143,1.2604475021362305,1.384082317352295,1.6891218423843384,1.5772838592529297,1.3399721384048462,1.6180452108383179,1.8514564037322998,1.7425588369369507,1.861665964126587,1.5320014953613281,1.5041358470916748,1.6793662309646606,1.4557794332504272,1.7772995233535767,1.6943289041519165,1.362511157989502,1.5722711086273193,1.83602774143219,1.6683276891708374,1.4847944974899292,1.8172574043273926,2.00350022315979,1.874472975730896
B10,1.8387051820755005,1.5893199443817139,1.2540780305862427,1.3678759336471558,1.3701971769332886,1.466436505317688,1.141396403312683,1.0339888334274292,1.376034140586853,1.3736155033111572,1.1131763458251953,1.2662428617477417,1.5906251668930054,1.5146564245224,1.4508159160614014,2.0129263401031494,1.6809871196746826,1.3844635486602783,1.111275553703308,0.9100572466850281,0.6683185696601868,0.5313710570335388,0.5601924061775208,0.37781330943107605,0.0,0.3732072412967682,0.5785821676254272,0.5393372774124146,0.592227041721344,0.8822202682495117,2.3864386081695557,1.995705246925354,1.921622633934021,1.75569748878479,1.3618137836456299,1.4398777484893799,1.5677123069763184,1.2789437770843506,1.0640935897827148,1.3561753034591675,1.4080047607421875,1.0884113311767578,1.099415898323059,1.4547370672225952,1.4627631902694702,2.205678701400757,1.8438783884048462,1.8492501974105835,1.923974633216858,1.6035761833190918,1.8762339353561401,1.8986179828643799,1.5323410034179688,1.5801365375518799,1.891210675239563,1.7911388874053955,1.4965252876281738,1.7257511615753174,1.989152431488037,1.856730580329895,2.185596466064453,1.8657386302947998,1.8693588972091675,2.041045665740967,1.7969262599945068,2.117309331893921,2.046576499938965,1.6999365091323853,1.8704031705856323,2.1422016620635986,1.9613230228424072,1.7328532934188843,2.0476932525634766,2.2472105026245117,2.077098846435547
B11,2.0534656047821045,1.7578974962234497,1.453811764717102,1.5542755126953125,1.4617409706115723,1.5765786170959473,1.2745695114135742,1.0654164552688599,1.3606353998184204,1.3927713632583618,1.0805041790008545,1.1302341222763062,1.479506492614746,1.428255319595337,1.2814987897872925,2.1076323986053467,1.7642687559127808,1.4462692737579346,1.2579981088638306,1.0570179224014282,0.9211502075195312,0.6690598130226135,0.561238169670105,0.5495845675468445,0.3732072412967682,0.0,0.3796902894973755,0.5230681300163269,0.46917033195495605,0.621671736240387,2.3780148029327393,1.9819622039794922,1.8369113206863403,1.656544804573059,1.2734737396240234,1.2938737869262695,1.3509994745254517,1.0615826845169067,0.8286961317062378,1.0655356645584106,1.0784032344818115,0.7407289147377014,0.7435926198959351,1.0908979177474976,1.0908523797988892,2.2953360080718994,1.9059964418411255,1.8609224557876587,1.861895203590393,1.498334288597107,1.708871603012085,1.7320977449417114,1.360945701599121,1.3359699249267578,1.6325987577438354,1.5456609725952148,1.2158697843551636,1.403084397315979,1.685281753540039,1.5635592937469482,2.3411569595336914,1.9848226308822632,1.9563666582107544,2.0604732036590576,1.7613948583602905,2.0441224575042725,1.9824339151382446,1.6132762432098389,1.716235637664795,1.9909485578536987,1.8109174966812134,1.5299208164215088,1.8117644786834717,2.0342555046081543,1.850376844406128
B12,2.0783581733703613,1.7468621730804443,1.427564263343811,1.4358177185058594,1.281342625617981,1.3385212421417236,1.0414323806762695,0.807792603969574,1.0417762994766235,1.0527031421661377,0.7211777567863464,0.7585003972053528,1.1014574766159058,1.0564193725585938,0.9260478019714355,2.221808910369873,1.8433576822280884,1.5790759325027466,1.412362813949585,1.120091438293457,1.0600758790969849,0.9037563800811768,0.6502986550331116,0.5514461994171143,0.5785821676254272,0.3796902894973755,0.0,0.3664817214012146,0.5220162868499756,0.5314260125160217,2.396202802658081,1.9929628372192383,1.8426533937454224,1.7373417615890503,1.3665109872817993,1.4519586563110352,1.432953953742981,1.087760329246521,0.9745607376098633,1.2060314416885376,1.1019169092178345,0.734872579574585,0.881632387638092,1.1653252840042114,1.051904559135437,2.2659339904785156,1.8746345043182373,1.7584670782089233,1.7706658840179443,1.4305540323257446,1.619236946105957,1.5586683750152588,1.176167607307434,1.2068321704864502,1.4534785747528076,1.291503667831421,0.9764965176582336,1.2269519567489624,1.450337529182434,1.2859197854995728,2.289599895477295,1.926723837852478,1.8253830671310425,1.9115960597991943,1.6237821578979492,1.8641400337219238,1.7436227798461914,1.3741497993469238,1.4996473789215088,1.7254716157913208,1.501054286956787,1.2374540567398071,1.5476487874984741,1.7258741855621338,1.5213640928268433
B13,2.167088270187378,1.8744794130325317,1.514101266860962,1.493890643119812,1.414222240447998,1.397021770477295,1.0454777479171753,0.9385133981704712,1.1692792177200317,1.0642447471618652,0.7343282699584961,0.9189311265945435,1.1957733631134033,1.0431305170059204,0.9623901844024658,2.4209203720092773,2.0508594512939453,1.7917397022247314,1.5583549737930298,1.2666021585464478,1.1127866506576538,1.0212008953094482,0.8675269484519958,0.6164020299911499,0.5393372774124146,0.5230681300163269,0.3664817214012146,0.0,0.3650069236755371,0.5463312864303589,2.67140531539917,2.2686829566955566,2.156285047531128,2.0490851402282715,1.6654242277145386,1.7564595937728882,1.776559591293335,1.4382565021514893,1.2921218872070312,1.52590012550354,1.4468450546264648,1.0722122192382812,1.1500284671783447,1.44455087184906,1.3146125078201294,2.4658420085906982,2.0938313007354736,2.0016510486602783,2.0654313564300537,1.7493524551391602,1.9642170667648315,1.887588620185852,1.5059760808944702,1.5671958923339844,1.8008828163146973,1.605013132095337,1.2990831136703491,1.5538952350616455,1.7468515634536743,1.5283856391906738,2.423710346221924,2.0923547744750977,1.9957884550094604,2.135249614715576,1.8908878564834595,2.1426963806152344,1.9885915517807007,1.6359559297561646,1.80856454372406,2.0046329498291016,1.7465877532958984,1.5209541320800781,1.8493866920471191,1.982171893119812,1.7443628311157227
