,A1,A2,A3,A4,A5,A6,A7,A8,A9,A10,A11,A12,A13,A14,A15,B1,B2,B3,B4,B5,B6,B7,B8,B9,B10,B11,B12,B13,B14,B15,C1,C2,C3,C4,C5,C6,C7,C8,C9,C10,C11,C12,C13,C14,C15,D1,D2,D3,D4,D5,D6,D7,D8,D9,D10,D11,D12,D13,D14,D15,E1,E2,E3,E4,E5,E6,E7,E8,E9,E10,E11,E12,E13,E14,E15
A1,0.0,0.3855120539665222,0.6402785181999207,0.8837113380432129,1.1319432258605957,1.3694705963134766,1.4901303052902222,1.5526199340820312,1.7679921388626099,1.973184585571289,2.059647798538208,2.161543846130371,2.362112522125244,2.4844729900360107,2.6848795413970947,0.6769667267799377,0.7249055504798889,1.0765935182571411,1.3553476333618164,1.4317983388900757,1.7471935749053955,1.8997290134429932,1.831001877784729,2.0123178958892822,2.30336332321167,2.3616223335266113,2.357421875,2.5872743129730225,2.7805914878845215,2.9136574268341064,1.0411964654922485,0.9638785123825073,1.13573157787323,1.5073602199554443,1.5843077898025513,1.9394899606704712,1.949009895324707,1.8313970565795898,2.113258123397827,2.3744163513183594,2.307114601135254,2.3151915073394775,2.6122524738311768,2.7695674896240234,2.8358676433563232,0.7022313475608826,0.8432665467262268,0.8270794749259949,1.2115178108215332,1.456453561782837,1.73662269115448,1.693921446800232,1.7130520343780518,2.023810863494873,2.2216033935546875,2.183058977127075,2.2902777194976807,2.576495885848999,2.6515085697174072,2.7581448554992676,0.8274338841438293,0.8621342778205872,0.7677316069602966,1.1467623710632324,1.3877058029174805,1.6698943376541138,1.6027971506118774,1.6241989135742188,1.9574416875839233,2.1379988193511963,2.0643622875213623,2.1857008934020996,2.4821317195892334,2.5416111946105957,2.6318905353546143
A2,0.3855120539665222,0.0,0.37895095348358154,0.6413675546646118,0.8029606342315674,1.1008787155151367,1.214931845664978,1.2163474559783936,1.4384818077087402,1.675247073173523,1.7394696474075317,1.808985948562622,2.0253567695617676,2.1675779819488525,2.3474059104919434,0.6848748922348022,0.521254301071167,0.8292645812034607,1.1020796298980713,1.1151114702224731,1.4597402811050415,1.5930688381195068,1.4827818870544434,1.669610857963562,1.9722812175750732,2.009410858154297,1.9866470098495483,2.2280633449554443,2.4256393909454346,2.542672634124756,0.9857215285301208,0.771085262298584,0.8896564841270447,1.235484004020691,1.2539231777191162,1.6197710037231445,1.621931791305542,1.4706933498382568,1.7487772703170776,2.01885986328125,1.9442301988601685,1.935166597366333,2.2340571880340576,2.3997061252593994,2.4611456394195557,0.6323045492172241,0.5850043892860413,0.4852585196495056,0.8865882158279419,1.0898261070251465,1.388598918914795,1.3456707000732422,1.337004542350769,1.6448076963424683,1.856790542602539,1.820732593536377,1.9130680561065674,2.1971874237060547,2.286360740661621,2.3956971168518066,0.7655350565910339,0.6269559860229492,0.4593597650527954,0.843127965927124,1.0275129079818726,1.3352807760238647,1.278195858001709,1.261418342590332,1.5877281427383423,1.791791558265686,1.7244975566864014,1.8219187259674072,2.1162500381469727,2.1989169120788574,2.2926225662231445
A3,0.6402785181999207,0.37895095348358154,0.0,0.4060359001159668,0.6388665437698364,0.9099051356315613,0.9232528805732727,0.9607830047607422,1.2399240732192993,1.423364520072937,1.4534475803375244,1.5747820138931274,1.8068950176239014,1.9001246690750122,2.075493812561035,0.6366492509841919,0.364126592874527,0.6750978231430054,0.8255728483200073,0.817084789276123,1.131257176399231,1.3201446533203125,1.2446504831314087,1.3859379291534424,1.6833202838897705,1.773872971534729,1.7684890031814575,1.9701234102249146,2.172006607055664,2.3323769569396973,1.058494210243225,0.7963661551475525,0.99046790599823,1.2510875463485718,1.1808483600616455,1.5571696758270264,1.629919171333313,1.442207932472229,1.6531497240066528,1.9683327674865723,1.932555079460144,1.867626667022705,2.137464761734009,2.353219509124756,2.425529956817627,0.9432985782623291,0.7970091104507446,0.6791916489601135,1.0491080284118652,1.1341413259506226,1.4687740802764893,1.3849546909332275,1.281778335571289,1.6007224321365356,1.834723949432373,1.7403452396392822,1.779339075088501,2.0950334072113037,2.1948747634887695,2.248380184173584,1.0926214456558228,0.879182755947113,0.7110296487808228,1.031917691230774,1.0946050882339478,1.4252132177352905,1.3203465938568115,1.2111629247665405,1.5494194030761719,1.7670046091079712,1.6374053955078125,1.6848052740097046,2.0123956203460693,2.103046417236328,2.138076066970825
A4,0.8837113380432129,0.6413675546646118,0.4060359001159668,0.0,0.38651415705680847,0.5304999351501465,0.6109367609024048,0.7391784191131592,0.9457679390907288,1.0980536937713623,1.206954002380371,1.3556145429611206,1.5261701345443726,1.6154545545578003,1.8449227809906006,1.0242946147918701,0.7568898797035217,1.0050510168075562,1.045730710029602,0.8924265503883362,1.174979567527771,1.4238805770874023,1.2951390743255615,1.3350398540496826,1.6717853546142578,1.7924480438232422,1.7166134119033813,1.876443862915039,2.1332218647003174,2.292264938354492,1.4602514505386353,1.1724473237991333,1.3075965642929077,1.5372347831726074,1.3877365589141846,1.7597341537475586,1.8092529773712158,1.5542857646942139,1.7425779104232788,2.0720014572143555,1.9935617446899414,1.8638218641281128,2.14694881439209,2.384345293045044,2.4001455307006836,1.254186987876892,1.0819439888000488,0.8275711536407471,1.1099724769592285,1.1831116676330566,1.463566780090332,1.2728183269500732,1.1711291074752808,1.528498649597168,1.6984370946884155,1.5386648178100586,1.61354398727417,1.94760000705719,1.9896057844161987,2.0136029720306396,1.3791792392730713,1.1433175802230835,0.8595918416976929,1.057468295097351,1.0981106758117676,1.3561100959777832,1.14836847782135,1.0475199222564697,1.417379379272461,1.5652177333831787,1.376238226890564,1.464735746383667,1.8047219514846802,1.8382478952407837,1.8487160205841064
A5,1.1319432258605957,0.8029606342315674,0.6388665437698364,0.38651415705680847,0.0,0.38268038630485535,0.5310083031654358,0.4838838577270508,0.6379197835922241,0.8903871774673462,0.9962173104286194,1.0577019453048706,1.2320313453674316,1.3864864110946655,1.5962018966674805,1.2646056413650513,0.9262356162071228,1.0603008270263672,1.0885337591171265,0.8261910080909729,1.1320371627807617,1.327377200126648,1.1101347208023071,1.1418427228927612,1.5036073923110962,1.5731676816940308,1.438438892364502,1.6221433877944946,1.897210955619812,2.0105671882629395,1.57620108127594,1.2314293384552002,1.2649123668670654,1.440596342086792,1.2308529615402222,1.58103609085083,1.5886738300323486,1.2907252311706543,1.4753949642181396,1.7942368984222412,1.6796823740005493,1.5242849588394165,1.8216596841812134,2.0541725158691406,2.040537118911743,1.317159652709961,1.0601905584335327,0.7437415719032288,0.8929844498634338,0.8977603316307068,1.1418720483779907,0.9183379411697388,0.7951457500457764,1.1588579416275024,1.3145643472671509,1.1552540063858032,1.2426754236221313,1.5694042444229126,1.6101911067962646,1.6564217805862427,1.4146610498428345,1.1117527484893799,0.8048195838928223,0.8585681319236755,0.8033928871154785,1.0288342237472534,0.8109814524650574,0.6655380129814148,1.0344433784484863,1.1876814365386963,1.0116400718688965,1.095656394958496,1.42693030834198,1.477643609046936,1.5164029598236084
A6,1.3694705963134766,1.1008787155151367,0.9099051356315613,0.5304999351501465,0.38268038630485535,0.0,0.37484341859817505,0.5201191902160645,0.5124515295028687,0.6470513343811035,0.872851550579071,1.0027034282684326,1.0768595933914185,1.1916319131851196,1.4727829694747925,1.539079189300537,1.231187105178833,1.387829303741455,1.345963716506958,1.0541000366210938,1.2772712707519531,1.5310027599334717,1.3252954483032227,1.2480372190475464,1.6095354557037354,1.7309976816177368,1.5569016933441162,1.6674007177352905,1.9824715852737427,2.113476514816284,1.9214171171188354,1.5894607305526733,1.6457163095474243,1.8107366561889648,1.5741677284240723,1.9100492000579834,1.9266138076782227,1.6058785915374756,1.7475695610046387,2.072108268737793,1.94566011428833,1.7373745441436768,2.0200657844543457,2.274188280105591,2.2184371948242188,1.6628427505493164,1.4329828023910522,1.1020737886428833,1.2206577062606812,1.2233821153640747,1.407288908958435,1.104810118675232,0.9885817170143127,1.3465545177459717,1.4247485399246216,1.1814980506896973,1.291475772857666,1.629396915435791,1.6005258560180664,1.5866307020187378,1.7594393491744995,1.4790844917297363,1.1475032567977905,1.1609938144683838,1.1119376420974731,1.2482861280441284,0.9391308426856995,0.8210344314575195,1.1727564334869385,1.2241982221603394,0.9568700790405273,1.0815587043762207,1.4193342924118042,1.3884005546569824,1.3675618171691895
A7,1.4901303052902222,1.214931845664978,0.9232528805732727,0.6109367609024048,0.5310083031654358,0.37484341859817505,0.0,0.36180776357650757,0.5315229296684265,0.531789243221283,0.6300291419029236,0.8618395328521729,1.0023407936096191,1.0242832899093628,1.271868348121643,1.4945262670516968,1.18234384059906,1.2808899879455566,1.136569857597351,0.829940676689148,0.9702596068382263,1.265807867050171,1.1131839752197266,0.9793496131896973,1.3188563585281372,1.4988704919815063,1.3690063953399658,1.433659553527832,1.7352439165115356,1.9203517436981201,1.88799250125885,1.5561423301696777,1.658238172531128,1.765477180480957,1.4933626651763916,1.8143190145492554,1.8994979858398438,1.5859278440475464,1.658783197402954,2.010944128036499,1.94667387008667,1.715258002281189,1.9482976198196411,2.241987466812134,2.2278170585632324,1.7767130136489868,1.5198845863342285,1.251448392868042,1.401924967765808,1.3228087425231934,1.5568450689315796,1.3020415306091309,1.08632230758667,1.4064711332321167,1.5451445579528809,1.2834075689315796,1.2845529317855835,1.6421018838882446,1.665283441543579,1.5894404649734497,1.8950964212417603,1.5915616750717163,1.3176606893539429,1.3817938566207886,1.2625635862350464,1.4562339782714844,1.1976581811904907,0.9778114557266235,1.2872424125671387,1.39987313747406,1.112538456916809,1.1148110628128052,1.476188063621521,1.4989051818847656,1.4045493602752686
A8,1.5526199340820312,1.2163474559783936,0.9607830047607422,0.7391784191131592,0.4838838577270508,0.5201191902160645,0.36180776357650757,0.0,0.37830036878585815,0.5594477653503418,0.5340090990066528,0.6239643096923828,0.8570088744163513,0.9641339182853699,1.1345244646072388,1.5205352306365967,1.1615071296691895,1.1700103282928467,1.039175271987915,0.6711437106132507,0.8554838299751282,1.0650638341903687,0.834449291229248,0.7333028316497803,1.0996135473251343,1.2120392322540283,1.0535836219787598,1.1757433414459229,1.4732013940811157,1.6180453300476074,1.80287504196167,1.4385286569595337,1.4741876125335693,1.5285999774932861,1.2201815843582153,1.5161076784133911,1.5833168029785156,1.2547757625579834,1.3143268823623657,1.6604621410369873,1.5916547775268555,1.3539531230926514,1.5892518758773804,1.8801969289779663,1.8723944425582886,1.690317153930664,1.3794505596160889,1.122177243232727,1.1970977783203125,1.0395768880844116,1.2665255069732666,1.0459226369857788,0.7727696299552917,1.065593957901001,1.2415112257003784,1.0086342096328735,0.9688836336135864,1.3249140977859497,1.396459698677063,1.3543447256088257,1.7944402694702148,1.4505908489227295,1.2088419198989868,1.212887167930603,1.0081969499588013,1.2064270973205566,1.005979061126709,0.7125276327133179,0.9795597195625305,1.153630018234253,0.9106640219688416,0.8435234427452087,1.204714059829712,1.298472285270691,1.2432183027267456
A9,1.7679921388626099,1.4384818077087402,1.2399240732192993,0.9457679390907288,0.6379197835922241,0.5124515295028687,0.5315229296684265,0.37830036878585815,0.0,0.3715413510799408,0.5303357839584351,0.5216707587242126,0.6000882387161255,0.7957670092582703,1.0305792093276978,1.8417959213256836,1.4848601818084717,1.5170176029205322,1.4138226509094238,1.041606068611145,1.2043957710266113,1.390601396560669,1.1201021671295166,0.9716398119926453,1.32380211353302,1.405203104019165,1.1570699214935303,1.247412919998169,1.5866490602493286,1.677997350692749,2.1205594539642334,1.7505013942718506,1.7389253377914429,1.8016247749328613,1.489363193511963,1.7592813968658447,1.7679550647735596,1.4139437675476074,1.4770665168762207,1.7873226404190063,1.6546528339385986,1.3804762363433838,1.6315926313400269,1.9055240154266357,1.8214613199234009,1.9084142446517944,1.6040503978729248,1.2913196086883545,1.2793104648590088,1.140399694442749,1.2614710330963135,0.9537866115570068,0.7355680465698242,1.0185805559158325,1.0751636028289795,0.7726471424102783,0.818709135055542,1.1635408401489258,1.1432920694351196,1.0920730829238892,1.9905411005020142,1.6532284021377563,1.3655097484588623,1.269433617591858,1.068597674369812,1.1426713466644287,0.870216429233551,0.6232312917709351,0.8552981615066528,0.9083775281906128,0.5974504947662354,0.6039745211601257,0.9570258855819702,0.9709383249282837,0.9145705699920654
A10,1.973184585571289,1.675247073173523,1.423364520072937,1.0980536937713623,0.8903871774673462,0.6470513343811035,0.531789243221283,0.5594477653503418,0.3715413510799408,0.0,0.3708013892173767,0.5570009350776672,0.5258341431617737,0.5491883754730225,0.866596519947052,2.0070741176605225,1.6725374460220337,1.7140456438064575,1.5401870012283325,1.1758394241333008,1.2400479316711426,1.4823205471038818,1.2724120616912842,1.0274381637573242,1.3388986587524414,1.4993964433670044,1.2685080766677856,1.2529312372207642,1.6050362586975098,1.7490414381027222,2.346919298171997,1.9899848699569702,2.0273921489715576,2.078277826309204,1.7525222301483154,2.014772415161133,2.06868052482605,1.7200038433074951,1.731034278869629,2.0546391010284424,1.9564251899719238,1.6550273895263672,1.858143925666809,2.161161422729492,2.0793938636779785,2.19614577293396,1.904768943786621,1.604636549949646,1.6359164714813232,1.495927095413208,1.6290546655654907,1.3212326765060425,1.0944148302078247,1.3436799049377441,1.3850390911102295,1.046623706817627,1.0362870693206787,1.3708890676498413,1.3247195482254028,1.1697888374328613,2.293278932571411,1.9641094207763672,1.676255464553833,1.6207208633422852,1.433013677597046,1.5121538639068604,1.2247958183288574,0.9938105940818787,1.1943070888519287,1.2084823846817017,0.8600736856460571,0.8255890607833862,1.1516647338867188,1.1180732250213623,0.9372284412384033
A11,2.059647798538208,1.7394696474075317,1.4534475803375244,1.206954002380371,0.9962173104286194,0.872851550579071,0.6300291419029236,0.5340090990066528,0.5303357839584351,0.3708013892173767,0.0,0.3683887720108032,0.5304487347602844,0.47287753224372864,0.6452062726020813,1.9752631187438965,1.632291555404663,1.5966596603393555,1.36348295211792,0.9938445687294006,0.9776586294174194,1.1910532712936401,1.004350185394287,0.7014219164848328,0.9818264245986938,1.1667311191558838,0.9648014307022095,0.9136291742324829,1.255014419555664,1.436092495918274,2.265260696411133,1.9068849086761475,1.948405385017395,1.9338765144348145,1.5799760818481445,1.8042227029800415,1.9052931070327759,1.571685552597046,1.5138691663742065,1.8471287488937378,1.8062872886657715,1.4936856031417847,1.6425756216049194,1.9745200872421265,1.940338373184204,2.2174718379974365,1.8965668678283691,1.6507238149642944,1.6834750175476074,1.471108317375183,1.6374671459197998,1.398202657699585,1.09600031375885,1.2842658758163452,1.3996244668960571,1.0911976099014282,0.9511010050773621,1.2863850593566895,1.329636812210083,1.1465978622436523,2.3226728439331055,1.9710242748260498,1.7392939329147339,1.7059247493743896,1.457358717918396,1.5851759910583496,1.3703415393829346,1.0650429725646973,1.2085179090499878,1.311415672302246,1.0089073181152344,0.831945538520813,1.1553850173950195,1.2267742156982422,1.025048851966858
A12,2.161543846130371,1.808985948562622,1.5747820138931274,1.3556145429611206,1.0577019453048706,1.0027034282684326,0.8618395328521729,0.6239643096923828,0.5216707587242126,0.5570009350776672,0.3683887720108032,0.0,0.3672419786453247,0.530928373336792,0.5824822187423706,2.103724956512451,1.7358622550964355,1.6584101915359497,1.4709179401397705,1.0847740173339844,1.1185911893844604,1.2284313440322876,0.9600666165351868,0.7049218416213989,0.9793137907981873,1.0480434894561768,0.7537089586257935,0.762021541595459,1.1194933652877808,1.2097591161727905,2.309849739074707,1.933605432510376,1.9042106866836548,1.8554741144180298,1.4865931272506714,1.6670680046081543,1.7191871404647827,1.3733209371566772,1.3006186485290527,1.598653793334961,1.5235129594802856,1.1872990131378174,1.3383393287658691,1.6579139232635498,1.5921382904052734,2.2150115966796875,1.8680329322814941,1.6198761463165283,1.5650556087493896,1.3068114519119263,1.409979224205017,1.1884366273880005,0.8759263157844543,0.987939178943634,1.0813583135604858,0.7835561037063599,0.5917966365814209,0.9189939498901367,0.9842631816864014,0.8250020146369934,2.2988388538360596,1.9307761192321777,1.7138104438781738,1.6052815914154053,1.3056952953338623,1.3787052631378174,1.21011221408844,0.8889719247817993,0.9285628795623779,1.037540316581726,0.7842532992362976,0.5128920674324036,0.8121626377105713,0.947242796421051,0.7883897423744202
A13,2.362112522125244,2.0253567695617676,1.8068950176239014,1.5261701345443726,1.2320313453674316,1.0768595933914185,1.0023407936096191,0.8570088744163513,0.6000882387161255,0.5258341431617737,0.5304487347602844,0.3672419786453247,0.0,0.3633597195148468,0.5485700368881226,2.377093553543091,2.014427423477173,1.9795936346054077,1.8034296035766602,1.4157776832580566,1.450134515762329,1.5884616374969482,1.3267878293991089,1.059691309928894,1.3090897798538208,1.3859461545944214,1.0691379308700562,1.0168806314468384,1.3799461126327515,1.43864107131958,2.6207284927368164,2.243593692779541,2.2092976570129395,2.1885037422180176,1.8285858631134033,2.0120599269866943,2.0324296951293945,1.677960991859436,1.6230751276016235,1.8929930925369263,1.7749072313308716,1.427494764328003,1.5812745094299316,1.8764609098434448,1.7443650960922241,2.462693929672241,2.1314761638641357,1.8424665927886963,1.764920949935913,1.5475389957427979,1.5900191068649292,1.3068487644195557,1.0649560689926147,1.176448941230774,1.150474190711975,0.7977693676948547,0.7098146677017212,0.9771292209625244,0.908330500125885,0.673376202583313,2.5387227535247803,2.182753324508667,1.924770474433899,1.778157353401184,1.511343240737915,1.5068353414535522,1.2808278799057007,1.0301047563552856,1.05343496799469,1.02579665184021,0.7216826677322388,0.5399482846260071,0.7634127736091614,0.7618635892868042,0.5010004043579102
A14,2.4844729900360107,2.1675779819488525,1.9001246690750122,1.6154545545578003,1.3864864110946655,1.1916319131851196,1.0242832899093628,0.9641339182853699,0.7957670092582703,0.5491883754730225,0.47287753224372864,0.530928373336792,0.3633597195148468,0.0,0.3808184564113617,2.4420547485351562,2.098605155944824,2.064314365386963,1.828592300415039,1.4588831663131714,1.4099267721176147,1.591052770614624,1.3984274864196777,1.0656678676605225,1.2626291513442993,1.4239671230316162,1.1637645959854126,1.009678840637207,1.3616105318069458,1.49735426902771,2.7309322357177734,2.3670363426208496,2.3826394081115723,2.35239577293396,1.9854302406311035,2.17045259475708,2.2452380657196045,1.9027398824691772,1.8105289936065674,2.1031341552734375,2.035778760910034,1.6852959394454956,1.7952826023101807,2.118640184402466,2.022209405899048,2.6461260318756104,2.3218905925750732,2.050602436065674,2.0291073322296143,1.810699224472046,1.9009817838668823,1.628553867340088,1.361171007156372,1.4861069917678833,1.5009896755218506,1.155328631401062,1.0213319063186646,1.2837313413619995,1.2424027919769287,0.9550468325614929,2.7400450706481934,2.3864920139312744,2.1347150802612305,2.0425257682800293,1.784966230392456,1.8276448249816895,1.5918306112289429,1.3258389234542847,1.3868433237075806,1.3853812217712402,1.068704605102539,0.8883981704711914,1.109242558479309,1.1041924953460693,0.7899788022041321
A15,2.6848795413970947,2.3474059104919434,2.075493812561035,1.8449227809906006,1.5962018966674805,1.4727829694747925,1.271868348121643,1.1345244646072388,1.0305792093276978,0.866596519947052,0.6452062726020813,0.5824822187423706,0.5485700368881226,0.3808184564113617,0.0,2.571319818496704,2.221212387084961,2.1216554641723633,1.8606497049331665,1.5030471086502075,1.4001916646957397,1.506512999534607,1.3281103372573853,0.9818368554115295,1.0822104215621948,1.214003324508667,0.9589425325393677,0.7248057126998901,1.0524731874465942,1.180364727973938,2.795923948287964,2.432218074798584,2.4281718730926514,2.334667205810547,1.9508073329925537,2.0742897987365723,2.169062376022339,1.848589301109314,1.6853222846984863,1.951919436454773,1.9256696701049805,1.5646202564239502,1.5999494791030884,1.9345386028289795,1.862439513206482,2.772474765777588,2.4244251251220703,2.1925179958343506,2.1449954509735107,1.8695122003555298,1.9534578323364258,1.7408925294876099,1.4378278255462646,1.4770939350128174,1.5248478651046753,1.2247990369796753,0.984488844871521,1.1895685195922852,1.2234331369400024,0.9085760712623596,2.8642613887786865,2.494598627090454,2.2875566482543945,2.1874606609344482,1.8812446594238281,1.9325647354125977,1.7615630626678467,1.4592247009277344,1.4424114227294922,1.491673231124878,1.2368135452270508,0.9567350149154663,1.1136739253997803,1.2032508850097656,0.8994355797767639
B1,0.6769667267799377,0.6848748922348022,0.6366492509841919,1.0242946147918701,1.2646056413650513,1.539079189300537,1.4945262670516968,1.5205352306365967,1.8417959213256836,2.0070741176605225,1.9752631187438965,2.103724956512451,2.377093553543091,2.4420547485351562,2.571319818496704,0.0,0.38093623518943787,0.6336161494255066,0.8815372586250305,1.1213911771774292,1.3595913648605347,1.4749821424484253,1.5248849391937256,1.742051362991333,1.9527019262313843,2.034193277359009,2.1321887969970703,2.3451945781707764,2.4696810245513916,2.6511337757110596,0.6162577271461487,0.6027933359146118,0.9507143497467041,1.2145808935165405,1.3021762371063232,1.6266610622406006,1.7560750246047974,1.6922014951705933,1.8925564289093018,2.172545909881592,2.212693929672241,2.2246413230895996,2.4517104625701904,2.64157772064209,2.7878434658050537,0.8745433688163757,0.8930782079696655,1.0391634702682495,1.4284050464630127,1.5187212228775024,1.8761825561523438,1.8974610567092896,1.7948931455612183,2.057429552078247,2.3426353931427,2.2977943420410156,2.294187068939209,2.5891661643981934,2.7405264377593994,2.802731513977051,1.0460163354873657,0.9835309982299805,1.0483912229537964,1.4435946941375732,1.5322651863098145,1.8972663879394531,1.8777302503585815,1.7690987586975098,2.065093994140625,2.3297696113586426,2.2364816665649414,2.2459523677825928,2.5619804859161377,2.694518804550171,2.7313895225524902
B2,0.7249055504798889,0.521254301071167,0.364126592874527,0.7568898797035217,0.9262356162071228,1.231187105178833,1.18234384059906,1.1615071296691895,1.4848601818084717,1.6725374460220337,1.632291555404663,1.7358622550964355,2.014427423477173,2.098605155944824,2.221212387084961,0.38093623518943787,0.0,0.3815997540950775,0.6359398365020752,0.7872870564460754,1.0801963806152344,1.1980773210525513,1.1895660161972046,1.4038383960723877,1.6455678939819336,1.7135056257247925,1.7783048152923584,2.0003035068511963,2.1457948684692383,2.3121461868286133,0.7284967303276062,0.4880481958389282,0.7760328054428101,1.0159978866577148,1.0143202543258667,1.370226502418518,1.4880489110946655,1.3709858655929565,1.5684384107589722,1.8681864738464355,1.8891669511795044,1.8713473081588745,2.108203172683716,2.3118557929992676,2.4395158290863037,0.8433180451393127,0.7048433423042297,0.7710321545600891,1.1403952836990356,1.1829925775527954,1.5488636493682861,1.5525941848754883,1.4241546392440796,1.6899340152740479,1.9762663841247559,1.9232892990112305,1.913324236869812,2.210531711578369,2.3622162342071533,2.4235928058624268,1.0096933841705322,0.8132486343383789,0.8126632571220398,1.1687922477722168,1.1992413997650146,1.5705218315124512,1.544028878211975,1.4045716524124146,1.6963036060333252,1.9675532579421997,1.8719992637634277,1.8679155111312866,2.183253049850464,2.3238000869750977,2.3617429733276367
B3,1.0765935182571411,0.8292645812034607,0.6750978231430054,1.0050510168075562,1.0603008270263672,1.387829303741455,1.2808899879455566,1.1700103282928467,1.5170176029205322,1.7140456438064575,1.5966596603393555,1.6584101915359497,1.9795936346054077,2.064314365386963,2.1216554641723633,0.6336161494255066,0.3815997540950775,0.0,0.4009162187576294,0.6312079429626465,0.8975937366485596,0.9090087413787842,0.9326370358467102,1.2118600606918335,1.4004695415496826,1.428568720817566,1.545508861541748,1.7863610982894897,1.8811851739883423,2.040884017944336,0.6837419867515564,0.37674441933631897,0.6315343379974365,0.7281979322433472,0.7035990357398987,1.0317288637161255,1.2077102661132812,1.1289055347442627,1.278498888015747,1.5726768970489502,1.6507071256637573,1.6506497859954834,1.8444199562072754,2.049236536026001,2.221816301345825,0.9804658889770508,0.7503845691680908,0.889244019985199,1.1708568334579468,1.1017439365386963,1.4804004430770874,1.5488084554672241,1.3666807413101196,1.5645592212677002,1.8972229957580566,1.8729066848754883,1.799710988998413,2.073307991027832,2.2772600650787354,2.337350368499756,1.1277111768722534,0.8734257221221924,0.9625567197799683,1.2519161701202393,1.1793956756591797,1.5677878856658936,1.6030210256576538,1.4047523736953735,1.6307003498077393,1.9515308141708374,1.8823999166488647,1.8092668056488037,2.104830741882324,2.3003149032592773,2.3341050148010254
B4,1.3553476333618164,1.1020796298980713,0.8255728483200073,1.045730710029602,1.0885337591171265,1.345963716506958,1.136569857597351,1.039175271987915,1.4138226509094238,1.5401870012283325,1.36348295211792,1.4709179401397705,1.8034296035766602,1.828592300415039,1.8606497049331665,0.8815372586250305,0.6359398365020752,0.4009162187576294,0.0,0.38940924406051636,0.5264824032783508,0.598349392414093,0.7218248844146729,0.9335616827011108,1.0843098163604736,1.1901483535766602,1.3430081605911255,1.5232535600662231,1.611166000366211,1.8283418416976929,1.037747859954834,0.7735759615898132,0.9932235479354858,0.9778504967689514,0.8160934448242188,1.1007680892944336,1.3481128215789795,1.2234176397323608,1.2641880512237549,1.5987902879714966,1.715817928314209,1.6448373794555664,1.791030764579773,2.0508129596710205,2.2260935306549072,1.3685674667358398,1.115204930305481,1.1694839000701904,1.416067123413086,1.2702587842941284,1.6409415006637573,1.6598598957061768,1.4046462774276733,1.593139886856079,1.927687168121338,1.8464616537094116,1.7134920358657837,2.0067312717437744,2.2173216342926025,2.2149791717529297,1.5167516469955444,1.2368838787078857,1.2560423612594604,1.496339201927185,1.352194905281067,1.7225558757781982,1.710619330406189,1.4481967687606812,1.66196608543396,1.9774518013000488,1.8547756671905518,1.7266086339950562,2.0395002365112305,2.239776372909546,2.211815118789673
B5,1.4317983388900757,1.1151114702224731,0.817084789276123,0.8924265503883362,0.8261910080909729,1.0541000366210938,0.829940676689148,0.6711437106132507,1.041606068611145,1.1758394241333008,0.9938445687294006,1.0847740173339844,1.4157776832580566,1.4588831663131714,1.5030471086502075,1.1213911771774292,0.7872870564460754,0.6312079429626465,0.38940924406051636,0.0,0.3755534589290619,0.5321863293647766,0.48038166761398315,0.6210997700691223,0.8734857439994812,0.9878484010696411,1.0506209135055542,1.227379560470581,1.3829092979431152,1.5856671333312988,1.3148568868637085,0.9803668260574341,1.1011357307434082,1.0831663608551025,0.8050761222839355,1.1053037643432617,1.301093339920044,1.0809640884399414,1.1060844659805298,1.4701958894729614,1.5360766649246216,1.3967067003250122,1.5656795501708984,1.8525669574737549,1.9776766300201416,1.4665712118148804,1.1566082239151,1.0919021368026733,1.270987629890442,1.0786614418029785,1.4217625856399536,1.3811038732528687,1.0909489393234253,1.2952386140823364,1.6063811779022217,1.4876941442489624,1.3516533374786377,1.6632440090179443,1.8534295558929443,1.8359416723251343,1.5990358591079712,1.265929102897644,1.191644310951233,1.3448424339294434,1.143281102180481,1.4776560068130493,1.42557954788208,1.1288561820983887,1.3401546478271484,1.6373380422592163,1.4899375438690186,1.3494179248809814,1.6718846559524536,1.8625130653381348,1.8232978582382202
B6,1.7471935749053955,1.4597402811050415,1.131257176399231,1.174979567527771,1.1320371627807617,1.2772712707519531,0.9702596068382263,0.8554838299751282,1.2043957710266113,1.2400479316711426,0.9776586294174194,1.1185911893844604,1.450134515762329,1.4099267721176147,1.4001916646957397,1.3595913648605347,1.0801963806152344,0.8975937366485596,0.5264824032783508,0.3755534589290619,0.0,0.3759958744049072,0.5211220383644104,0.515143096446991,0.6421929597854614,0.870611310005188,1.008683204650879,1.0901482105255127,1.2047028541564941,1.4795074462890625,1.5599199533462524,1.2679568529129028,1.4153249263763428,1.332065224647522,1.0404349565505981,1.2586121559143066,1.5154694318771362,1.3158440589904785,1.2375802993774414,1.598529577255249,1.7204985618591309,1.5476574897766113,1.6422995328903198,1.9621644020080566,2.107379674911499,1.8136152029037476,1.5142467021942139,1.4673265218734741,1.6350734233856201,1.4097599983215332,1.732144832611084,1.6842373609542847,1.3598123788833618,1.5194772481918335,1.8256306648254395,1.6749628782272339,1.4738917350769043,1.777762770652771,1.98148775100708,1.9009450674057007,1.9515725374221802,1.6272989511489868,1.5663779973983765,1.7124536037445068,1.4857521057128906,1.798127293586731,1.7335485219955444,1.4094204902648926,1.5807675123214722,1.8667172193527222,1.6880741119384766,1.4907373189926147,1.805238127708435,2.004458427429199,1.9027005434036255
B7,1.8997290134429932,1.5930688381195068,1.3201446533203125,1.4238805770874023,1.327377200126648,1.5310027599334717,1.265807867050171,1.0650638341903687,1.390601396560669,1.4823205471038818,1.1910532712936401,1.2284313440322876,1.5884616374969482,1.591052770614624,1.506512999534607,1.4749821424484253,1.1980773210525513,0.9090087413787842,0.598349392414093,0.5321863293647766,0.3759958744049072,0.0,0.3632209002971649,0.5400736331939697,0.5337955355644226,0.6300184726715088,0.869885265827179,1.016173005104065,1.0357633829116821,1.2765939235687256,1.5227820873260498,1.2376986742019653,1.3227542638778687,1.1388729810714722,0.8350253105163574,0.9622045159339905,1.2603044509887695,1.114698052406311,0.9731776118278503,1.3095346689224243,1.4915046691894531,1.3584191799163818,1.4014432430267334,1.7061203718185425,1.903855562210083,1.8267406225204468,1.505401849746704,1.5189307928085327,1.6330026388168335,1.3550360202789307,1.665022611618042,1.6966708898544312,1.3662314414978027,1.4420634508132935,1.7861241102218628,1.699249505996704,1.457033634185791,1.7097591161727905,1.970408320426941,1.9227420091629028,1.949178695678711,1.6166558265686035,1.6254079341888428,1.743550181388855,1.475643277168274,1.7895729541778564,1.802257776260376,1.4691359996795654,1.5669920444488525,1.896470546722412,1.7801685333251953,1.54190194606781,1.8101800680160522,2.0658202171325684,1.9973781108856201
B8,1.831001877784729,1.4827818870544434,1.2446504831314087,1.2951390743255615,1.1101347208023071,1.3252954483032227,1.1131839752197266,0.834449291229248,1.1201021671295166,1.2724120616912842,1.004350185394287,0.9600666165351868,1.3267878293991089,1.3984274864196777,1.3281103372573853,1.5248849391937256,1.1895660161972046,0.9326370358467102,0.7218248844146729,0.48038166761398315,0.5211220383644104,0.3632209002971649,0.0,0.37947311997413635,0.5533899068832397,0.5317202806472778,0.6272552013397217,0.8632818460464478,0.9653146862983704,1.1296405792236328,1.5668752193450928,1.2263537645339966,1.2289997339248657,1.0645904541015625,0.6944355964660645,0.8564842343330383,1.0705724954605103,0.8446577787399292,0.7251449823379517,1.0904567241668701,1.2057636976242065,1.037614107131958,1.1347830295562744,1.4444540739059448,1.5995850563049316,1.722740888595581,1.3664093017578125,1.3192379474639893,1.3654733896255493,1.0546023845672607,1.336230993270874,1.355503797531128,1.0159772634506226,1.0817147493362427,1.4229187965393066,1.34536612033844,1.1126562356948853,1.3686164617538452,1.6265158653259277,1.6098800897598267,1.8268404006958008,1.4639266729354858,1.4313191175460815,1.4785040616989136,1.1724296808242798,1.456826090812683,1.4756157398223877,1.1341110467910767,1.2063252925872803,1.5398913621902466,1.4447129964828491,1.2052891254425049,1.465842366218567,1.7298245429992676,1.6946747303009033
B9,2.0123178958892822,1.669610857963562,1.3859379291534424,1.3350398540496826,1.1418427228927612,1.2480372190475464,0.9793496131896973,0.7333028316497803,0.9716398119926453,1.0274381637573242,0.7014219164848328,0.7049218416213989,1.059691309928894,1.0656678676605225,0.9818368554115295,1.742051362991333,1.4038383960723877,1.2118600606918335,0.9335616827011108,0.6210997700691223,0.515143096446991,0.5400736331939697,0.37947311997413635,0.0,0.3696592450141907,0.5339977741241455,0.5273916721343994,0.6123673319816589,0.8086463212966919,1.0389324426651,1.8807491064071655,1.5377997159957886,1.568763256072998,1.437932014465332,1.065994381904602,1.2192684412002563,1.410659670829773,1.1456815004348755,0.9940135478973389,1.3453028202056885,1.428516149520874,1.1764978170394897,1.2485088109970093,1.5958914756774902,1.6948338747024536,2.0048913955688477,1.6539424657821655,1.5400539636611938,1.5825012922286987,1.2814698219299316,1.5218218564987183,1.4526586532592773,1.0911720991134644,1.1750340461730957,1.4520766735076904,1.287549376487732,1.0236737728118896,1.308082938194275,1.5245739221572876,1.4248191118240356,2.1146061420440674,1.7485237121582031,1.6487995386123657,1.6700712442398071,1.3613219261169434,1.593406081199646,1.5352153778076172,1.1756361722946167,1.24967622756958,1.5210858583450317,1.3541713953018188,1.0826425552368164,1.3603140115737915,1.5911293029785156,1.480326533317566
B10,2.30336332321167,1.9722812175750732,1.6833202838897705,1.6717853546142578,1.5036073923110962,1.6095354557037354,1.3188563585281372,1.0996135473251343,1.32380211353302,1.3388986587524414,0.9818264245986938,0.9793137907981873,1.3090897798538208,1.2626291513442993,1.0822104215621948,1.9527019262313843,1.6455678939819336,1.4004695415496826,1.0843098163604736,0.8734857439994812,0.6421929597854614,0.5337955355644226,0.5533899068832397,0.3696592450141907,0.0,0.369838684797287,0.5593342185020447,0.5362884998321533,0.5677968263626099,0.8815624713897705,2.039888381958008,1.7289395332336426,1.7669939994812012,1.5683380365371704,1.209748387336731,1.2691007852554321,1.5152273178100586,1.31109619140625,1.0690072774887085,1.379265546798706,1.5404677391052246,1.3049496412277222,1.2733594179153442,1.6257857084274292,1.7744511365890503,2.2615015506744385,1.9132534265518188,1.8495615720748901,1.8890336751937866,1.564333200454712,1.796433687210083,1.7715955972671509,1.4076071977615356,1.4239498376846313,1.7101473808288574,1.5706638097763062,1.257242202758789,1.4831081628799438,1.7357761859893799,1.609095573425293,2.372835159301758,2.0133018493652344,1.96028470993042,1.992464542388916,1.6703296899795532,1.9028805494308472,1.8787354230880737,1.5166206359863281,1.5405914783477783,1.8201208114624023,1.6731059551239014,1.3644038438796997,1.5931117534637451,1.8510249853134155,1.7161976099014282
B11,2.3616223335266113,2.009410858154297,1.773872971534729,1.7924480438232422,1.5731676816940308,1.7309976816177368,1.4988704919815063,1.2120392322540283,1.405203104019165,1.4993964433670044,1.1667311191558838,1.0480434894561768,1.3859461545944214,1.4239671230316162,1.214003324508667,2.034193277359009,1.7135056257247925,1.428568720817566,1.1901483535766602,0.9878484010696411,0.870611310005188,0.6300184726715088,0.5317202806472778,0.5339977741241455,0.369838684797287,0.0,0.37428462505340576,0.5344038009643555,0.471278578042984,0.6477102637290955,2.021685838699341,1.7043039798736572,1.6677316427230835,1.4164596796035767,1.0535725355148315,1.0278902053833008,1.2464879751205444,1.0670427083969116,0.76401287317276,1.0361770391464233,1.2226756811141968,1.008971095085144,0.9306226372718811,1.2738839387893677,1.4555001258850098,2.2117552757263184,1.8469489812850952,1.8060492277145386,1.7804884910583496,1.419234037399292,1.612738847732544,1.652130126953125,1.3003339767456055,1.2302017211914062,1.5372344255447388,1.4703665971755981,1.1379021406173706,1.299490213394165,1.6041609048843384,1.5369596481323242,2.30220365524292,1.9366002082824707,1.9195982217788696,1.905776023864746,1.5528351068496704,1.7630231380462646,1.807241439819336,1.4530364274978638,1.4014201164245605,1.7114105224609375,1.637168049812317,1.3105859756469727,1.4812663793563843,1.7895179986953735,1.7140482664108276
B12,2.357421875,1.9866470098495483,1.7684890031814575,1.7166134119033813,1.438438892364502,1.5569016933441162,1.3690063953399658,1.0535836219787598,1.1570699214935303,1.2685080766677856,0.9648014307022095,0.7537089586257935,1.0691379308700562,1.1637645959854126,0.9589425325393677,2.1321887969970703,1.7783048152923584,1.545508861541748,1.3430081605911255,1.0506209135055542,1.008683204650879,0.869885265827179,0.6272552013397217,0.5273916721343994,0.5593342185020447,0.37428462505340576,0.0,0.3653627336025238,0.5239565372467041,0.5759772062301636,2.1596360206604004,1.8078917264938354,1.7342299222946167,1.531620979309082,1.1472065448760986,1.1681249141693115,1.2890498638153076,1.0304343700408936,0.7711555361747742,1.0386828184127808,1.1147569417953491,0.813948929309845,0.7912526726722717,1.1547683477401733,1.242719292640686,2.2267119884490967,1.8498417139053345,1.7386071681976318,1.6577961444854736,1.2920185327529907,1.4241498708724976,1.4101217985153198,1.0582574605941772,0.9679406881332397,1.2249984741210938,1.1305683851242065,0.7799527645111084,0.9459681510925293,1.2360308170318604,1.1641758680343628,2.304757595062256,1.9254586696624756,1.8501642942428589,1.7690019607543945,1.3983540534973145,1.5428458452224731,1.559948444366455,1.207499384880066,1.113322377204895,1.3870744705200195,1.3109701871871948,0.964260458946228,1.114538311958313,1.423566460609436,1.353264331817627
B13,2.5872743129730225,2.2280633449554443,1.9701234102249146,1.876443862915039,1.6221433877944946,1.6674007177352905,1.433659553527832,1.1757433414459229,1.247412919998169,1.2529312372207642,0.9136291742324829,0.762021541595459,1.0168806314468384,1.009678840637207,0.7248057126998901,2.3451945781707764,2.0003035068511963,1.7863610982894897,1.5232535600662231,1.227379560470581,1.0901482105255127,1.016173005104065,0.8632818460464478,0.6123673319816589,0.5362884998321533,0.5344038009643555,0.3653627336025238,0.0,0.36500582098960876,0.5532289743423462,2.4301087856292725,2.0846705436706543,2.051741361618042,1.857792615890503,1.472962498664856,1.4993979930877686,1.6477330923080444,1.3938426971435547,1.1281720399856567,1.3775147199630737,1.4615989923477173,1.1439802646636963,1.0763514041900635,1.4372479915618896,1.4957305192947388,2.526388645172119,2.1559534072875977,2.0257041454315186,1.9701452255249023,1.6206432580947876,1.7490346431732178,1.6835510730743408,1.3299579620361328,1.2678773403167725,1.4659450054168701,1.305182695388794,0.9465225338935852,1.1065789461135864,1.342651128768921,1.168027639389038,2.6155121326446533,2.237027883529663,2.1357228755950928,2.066309928894043,1.7074716091156006,1.8363698720932007,1.8000383377075195,1.4462745189666748,1.370224118232727,1.5832021236419678,1.447968602180481,1.088881015777588,1.2320010662078857,1.496515154838562,1.337453007698059
