,A1,A2,A3,A4,A5,A6,A7,A8,A9,A10,A11,A12,A13,A14,A15,B1,B2,B3,B4,B5,B6,B7,B8,B9,B10,B11,B12,B13,B14,B15,C1,C2,C3,C4,C5,C6,C7,C8,C9,C10,C11,C12,C13,C14,C15,D1,D2,D3,D4,D5,D6,D7,D8,D9,D10,D11,D12,D13,D14,D15,E1,E2,E3,E4,E5,E6,E7,E8,E9,E10,E11,E12,E13,E14,E15
A1,0.0,0.37911295890808105,0.612804651260376,0.9523289203643799,1.0813301801681519,1.272518515586853,1.4857467412948608,1.5662076473236084,1.6960757970809937,1.9071288108825684,2.064239025115967,2.1444783210754395,2.266787052154541,2.440711736679077,2.680389881134033,0.7107569575309753,0.7463296055793762,1.0574394464492798,1.3094565868377686,1.1795475482940674,1.3411445617675781,1.6702924966812134,1.6686887741088867,1.6512328386306763,1.9288544654846191,2.144859552383423,2.118412733078003,2.1729722023010254,2.4372196197509766,2.680781364440918,1.2521700859069824,1.1279617547988892,1.4844512939453125,1.7272381782531738,1.5807923078536987,1.8925002813339233,2.120145082473755,1.9687714576721191,2.0280849933624268,2.3742892742156982,2.458035707473755,2.3446707725524902,2.496751546859741,2.7912368774414062,2.9353244304656982,1.2270395755767822,1.0980747938156128,1.3272957801818848,1.631467342376709,1.623094081878662,1.9824897050857544,2.097900152206421,1.9695487022399902,2.1713035106658936,2.4744274616241455,2.4810595512390137,2.4437191486358643,2.6839418411254883,2.9117331504821777,3.0260040760040283,0.6484050154685974,0.668407142162323,0.7300042510032654,1.1304633617401123,1.3018697500228882,1.585511565208435,1.6678731441497803,1.6899986267089844,1.9319584369659424,2.147207736968994,2.1980133056640625,2.283970355987549,2.4919774532318115,2.6436266899108887,2.8189620971679688
A2,0.37911295890808105,0.0,0.39004984498023987,0.7200815677642822,0.7764120101928711,1.044638991355896,1.2356044054031372,1.2502989768981934,1.4006128311157227,1.6452603340148926,1.7662246227264404,1.817749261856079,1.9694050550460815,2.15830659866333,2.369351387023926,0.6713374257087708,0.506076455116272,0.8343212604522705,1.0103003978729248,0.8473724126815796,1.0735745429992676,1.372113823890686,1.3272687196731567,1.3434699773788452,1.6428121328353882,1.8210126161575317,1.7872422933578491,1.8798108100891113,2.142296075820923,2.362889528274536,1.116225004196167,0.891806960105896,1.2091670036315918,1.4024574756622314,1.2337071895599365,1.5627245903015137,1.7670966386795044,1.5977474451065063,1.672036051750183,2.0188560485839844,2.0860376358032227,1.9769622087478638,2.143982410430908,2.4296231269836426,2.5681960582733154,1.1045724153518677,0.8719741702079773,1.0772699117660522,1.3271420001983643,1.277726411819458,1.6469887495040894,1.7561216354370117,1.6042088270187378,1.8010865449905396,2.109870672225952,2.1123239994049072,2.065917730331421,2.3062596321105957,2.5372869968414307,2.6505274772644043,0.6671542525291443,0.46742722392082214,0.5137676000595093,0.888067901134491,0.9866388440132141,1.3118661642074585,1.393162727355957,1.3611860275268555,1.6001416444778442,1.8421752452850342,1.8788197040557861,1.9342044591903687,2.1510276794433594,2.322354555130005,2.4835078716278076
A3,0.612804651260376,0.39004984498023987,0.0,0.4073135554790497,0.6242915391921997,0.8559921383857727,0.9540418386459351,1.0303659439086914,1.244217872619629,1.4266759157180786,1.5229719877243042,1.6408287286758423,1.8080044984817505,1.939131736755371,2.152749538421631,0.8314917683601379,0.6331246495246887,0.7945483922958374,0.8943625688552856,0.6562381982803345,0.7726338505744934,1.1177061796188354,1.1036138534545898,1.0439715385437012,1.3212337493896484,1.5477573871612549,1.5258046388626099,1.5663721561431885,1.824804425239563,2.075824737548828,1.3581633567810059,1.1045442819595337,1.3900984525680542,1.4947741031646729,1.2378863096237183,1.530151128768921,1.7515753507614136,1.5417507886886597,1.5410916805267334,1.9043830633163452,1.9802032709121704,1.8149352073669434,1.9498848915100098,2.269012928009033,2.395782470703125,1.4563884735107422,1.1804617643356323,1.3605799674987793,1.5309704542160034,1.4112404584884644,1.7872315645217896,1.8717247247695923,1.648207426071167,1.828303337097168,2.1558713912963867,2.115295648574829,2.010145425796509,2.2681314945220947,2.518822193145752,2.5826547145843506,1.0491207838058472,0.8217720985412598,0.7361693382263184,1.017806887626648,1.1070834398269653,1.4471678733825684,1.4339940547943115,1.3506646156311035,1.6464921236038208,1.874789834022522,1.8332074880599976,1.8855671882629395,2.152557373046875,2.3001203536987305,2.408292293548584
A4,0.9523289203643799,0.7200815677642822,0.4073135554790497,0.0,0.37604308128356934,0.4995404779911041,0.5519087910652161,0.6954770684242249,0.9025247693061829,1.03521728515625,1.1500922441482544,1.3074015378952026,1.451040267944336,1.5530304908752441,1.7877476215362549,1.2270456552505493,0.9747673869132996,1.0778101682662964,1.040145993232727,0.6978141665458679,0.7551949620246887,1.075754165649414,0.9803368449211121,0.8095888495445251,1.117122769355774,1.342082142829895,1.2486003637313843,1.2516863346099854,1.5533733367919922,1.7848527431488037,1.691154956817627,1.3889133930206299,1.6065186262130737,1.6283206939697266,1.3310927152633667,1.617356777191162,1.782886266708374,1.5055464506149292,1.4931100606918335,1.8590612411499023,1.8783122301101685,1.6542211771011353,1.8095160722732544,2.140170097351074,2.209324598312378,1.7316416501998901,1.4151438474655151,1.5029217004776,1.5865949392318726,1.45925772190094,1.8280346393585205,1.838049292564392,1.5691161155700684,1.7785078287124634,2.085939884185791,1.9769011735916138,1.8560799360275269,2.151679039001465,2.3796916007995605,2.3886687755584717,1.3133766651153564,1.0510996580123901,0.8266351819038391,0.9550405740737915,1.0557825565338135,1.3584126234054565,1.2419166564941406,1.1468157768249512,1.4908008575439453,1.6705683469772339,1.5677708387374878,1.6516029834747314,1.9458167552947998,2.046278238296509,2.124356269836426
A5,1.0813301801681519,0.7764120101928711,0.6242915391921997,0.37604308128356934,0.0,0.3770173490047455,0.5412310361862183,0.5058951377868652,0.6335043907165527,0.8794196248054504,1.0050872564315796,1.0648634433746338,1.2036060094833374,1.3823740482330322,1.6028119325637817,1.342223882675171,1.025850534439087,1.1779299974441528,1.080241084098816,0.7240220904350281,0.9154018759727478,1.1467386484146118,0.9352368116378784,0.8340778350830078,1.1947437524795532,1.3211082220077515,1.1614493131637573,1.249005913734436,1.5718835592269897,1.731904149055481,1.6630864143371582,1.3215528726577759,1.472845435142517,1.4669538736343384,1.2028884887695312,1.5248091220855713,1.6185036897659302,1.3159469366073608,1.3842785358428955,1.736958384513855,1.6954163312911987,1.4930046796798706,1.711991548538208,2.0080463886260986,2.0482897758483887,1.598684310913086,1.257253646850586,1.2573198080062866,1.2822463512420654,1.181405782699585,1.5396997928619385,1.5036250352859497,1.2442810535430908,1.4963185787200928,1.7757048606872559,1.651408314704895,1.5732606649398804,1.8839844465255737,2.079169273376465,2.100529193878174,1.2484989166259766,0.937846839427948,0.6707253456115723,0.6605753898620605,0.7129837870597839,1.0022157430648804,0.8823704123497009,0.775201141834259,1.117653489112854,1.3001941442489624,1.2219144105911255,1.3117417097091675,1.5873775482177734,1.69676673412323,1.8044686317443848
A6,1.272518515586853,1.044638991355896,0.8559921383857727,0.4995404779911041,0.3770173490047455,0.0,0.3819151818752289,0.5402790904045105,0.5251907706260681,0.6457082033157349,0.8864715099334717,1.014693260192871,1.055803656578064,1.1903798580169678,1.4785782098770142,1.6493589878082275,1.3663609027862549,1.512113094329834,1.415469765663147,1.0465739965438843,1.1454863548278809,1.3854715824127197,1.173062801361084,0.964938223361969,1.2973235845565796,1.445775032043457,1.2250547409057617,1.2299323081970215,1.5889897346496582,1.736322045326233,2.022871255874634,1.690308928489685,1.8467447757720947,1.8317086696624756,1.5609251260757446,1.8668144941329956,1.9415767192840576,1.6135345697402954,1.661177396774292,2.004988193511963,1.9297534227371216,1.681707739830017,1.9004368782043457,2.2036633491516113,2.1908583641052246,1.9182593822479248,1.594219446182251,1.558821678161621,1.5698961019515991,1.5058858394622803,1.8466713428497314,1.7531774044036865,1.4913136959075928,1.7684928178787231,2.0141143798828125,1.8319512605667114,1.7589752674102783,2.0961546897888184,2.2567903995513916,2.2249011993408203,1.4754669666290283,1.2182068824768066,0.878928542137146,0.7939857244491577,0.9452287554740906,1.1317694187164307,0.8999608755111694,0.8778925538063049,1.2487256526947021,1.3310219049453735,1.2066280841827393,1.3790725469589233,1.6578599214553833,1.684070110321045,1.7785061597824097
A7,1.4857467412948608,1.2356044054031372,0.9540418386459351,0.5519087910652161,0.5412310361862183,0.3819151818752289,0.0,0.37164315581321716,0.5358763337135315,0.5210824012756348,0.6365004777908325,0.8703492283821106,0.9813721179962158,1.0189298391342163,1.2728830575942993,1.7474607229232788,1.4517431259155273,1.499198079109192,1.33600914478302,0.9700509905815125,0.9657414555549622,1.1615439653396606,0.9633343815803528,0.673576831817627,0.9652159214019775,1.1322189569473267,0.917140781879425,0.8647565245628357,1.2230945825576782,1.3943569660186768,2.1327834129333496,1.7920053005218506,1.9236994981765747,1.8452036380767822,1.5269304513931274,1.7756524085998535,1.8569644689559937,1.5170085430145264,1.489641785621643,1.8244283199310303,1.7616908550262451,1.4689195156097412,1.645142912864685,1.969132900238037,1.9493030309677124,2.1340491771698,1.7860198020935059,1.7788320779800415,1.7456779479980469,1.605006217956543,1.9299991130828857,1.8484224081039429,1.533050537109375,1.7534583806991577,2.0152342319488525,1.8167277574539185,1.6713863611221313,2.0014126300811768,2.190199136734009,2.1166470050811768,1.7606477737426758,1.4706289768218994,1.181702733039856,1.116103172302246,1.174312949180603,1.3898978233337402,1.1424094438552856,1.0101524591445923,1.3767269849777222,1.476830244064331,1.2678568363189697,1.3779215812683105,1.7034380435943604,1.7339036464691162,1.7466498613357544
A8,1.5662076473236084,1.2502989768981934,1.0303659439086914,0.6954770684242249,0.5058951377868652,0.5402790904045105,0.37164315581321716,0.0,0.37365812063217163,0.5447825193405151,0.5250639319419861,0.6197983026504517,0.8292919397354126,0.9529414176940918,1.127839207649231,1.729279637336731,1.3855324983596802,1.4241881370544434,1.1975064277648926,0.8474323153495789,0.9381866455078125,1.039157509803772,0.7465210556983948,0.5679684281349182,0.9048112034797668,0.956362247467041,0.7085554003715515,0.8061197996139526,1.14656662940979,1.2557902336120605,1.9963661432266235,1.6327990293502808,1.6973798274993896,1.569815993309021,1.2659393548965454,1.5129808187484741,1.5423399209976196,1.1878336668014526,1.204330563545227,1.5250920057296753,1.4267969131469727,1.1534206867218018,1.3765106201171875,1.6736749410629272,1.6518946886062622,1.9872369766235352,1.6199438571929932,1.5753509998321533,1.4763562679290771,1.3073368072509766,1.6054983139038086,1.5120817422866821,1.1805393695831299,1.3923301696777344,1.6478195190429688,1.4499387741088867,1.302449107170105,1.633773684501648,1.8225830793380737,1.7660008668899536,1.734948992729187,1.400179147720337,1.1520671844482422,1.0254976749420166,0.967578113079071,1.1879596710205078,0.967083752155304,0.7349955439567566,1.0753402709960938,1.2203731536865234,1.0061644315719604,1.050135850906372,1.3853203058242798,1.4649007320404053,1.4746989011764526
A9,1.6960757970809937,1.4006128311157227,1.244217872619629,0.9025247693061829,0.6335043907165527,0.5251907706260681,0.5358763337135315,0.37365812063217163,0.0,0.3696426451206207,0.5304523706436157,0.5169633030891418,0.5721490979194641,0.790273129940033,1.027039647102356,1.9580955505371094,1.6166954040527344,1.7197434902191162,1.5184226036071777,1.1681978702545166,1.29949951171875,1.4065361022949219,1.0931472778320312,0.9359252452850342,1.25421941280365,1.2672163248062134,0.9584731459617615,1.049100637435913,1.4035389423370361,1.4405595064163208,2.1931307315826416,1.826528787612915,1.8764969110488892,1.7656928300857544,1.510603666305542,1.7847158908843994,1.7612674236297607,1.4005173444747925,1.4855728149414062,1.7794855833053589,1.6187493801116943,1.363972783088684,1.632709264755249,1.8890810012817383,1.8107964992523193,2.0672447681427,1.7150065898895264,1.5933951139450073,1.4687963724136353,1.3814705610275269,1.6550673246383667,1.4838653802871704,1.1940897703170776,1.4731028079986572,1.6639785766601562,1.4181602001190186,1.3487780094146729,1.7042114734649658,1.8212034702301025,1.7485437393188477,1.7766344547271729,1.4678436517715454,1.163935661315918,0.9232988953590393,0.9113985300064087,1.0152989625930786,0.7083964943885803,0.5649604797363281,0.9146637916564941,0.9574671983718872,0.7368043661117554,0.8985743522644043,1.1993153095245361,1.2073208093643188,1.2617756128311157
A10,1.9071288108825684,1.6452603340148926,1.4266759157180786,1.03521728515625,0.8794196248054504,0.6457082033157349,0.5210824012756348,0.5447825193405151,0.3696426451206207,0.0,0.37293726205825806,0.5573058128356934,0.5095953345298767,0.5474900007247925,0.8646723628044128,2.1993355751037598,1.876184105873108,1.9439420700073242,1.7360974550247192,1.3791813850402832,1.4171432256698608,1.5252753496170044,1.247793197631836,0.9979103803634644,1.2481093406677246,1.2920231819152832,0.9613665342330933,0.9321833252906799,1.2972785234451294,1.332261562347412,2.500107765197754,2.138275384902954,2.205484628677368,2.080843210220337,1.7962377071380615,2.0373549461364746,2.0262324810028076,1.658808708190918,1.6817026138305664,1.9648668766021729,1.8055557012557983,1.5024662017822266,1.7293775081634521,2.000559091567993,1.8843278884887695,2.409597873687744,2.057983875274658,1.9556620121002197,1.8379881381988525,1.7373896837234497,2.0049726963043213,1.8275326490402222,1.5239925384521484,1.7749806642532349,1.956981897354126,1.680832028388977,1.5739105939865112,1.9273688793182373,2.0375843048095703,1.9027217626571655,2.0670647621154785,1.7757136821746826,1.4515687227249146,1.2394623756408691,1.2739005088806152,1.360710620880127,1.0219180583953857,0.9200661778450012,1.2467844486236572,1.2282370328903198,0.948115885257721,1.1260908842086792,1.4317104816436768,1.367472529411316,1.3502559661865234
A11,2.064239025115967,1.7662246227264404,1.5229719877243042,1.1500922441482544,1.0050872564315796,0.8864715099334717,0.6365004777908325,0.5250639319419861,0.5304523706436157,0.37293726205825806,0.0,0.3701516389846802,0.5226964950561523,0.4735984206199646,0.6426879167556763,2.242795705795288,1.9013944864273071,1.9023525714874268,1.635290265083313,1.313126564025879,1.3183833360671997,1.3379902839660645,1.0504837036132812,0.8199828267097473,1.0086627006530762,0.9824070930480957,0.6281074285507202,0.6273717880249023,0.9700046181678772,0.968089759349823,2.5012521743774414,2.133687734603882,2.1582188606262207,1.9732190370559692,1.672450065612793,1.8570294380187988,1.8262555599212646,1.4593734741210938,1.43837308883667,1.689370036125183,1.5233584642410278,1.1950714588165283,1.4002987146377563,1.6669974327087402,1.5372027158737183,2.4853174686431885,2.1161022186279297,2.0290396213531494,1.8667919635772705,1.7011909484863281,1.9375666379928589,1.776450276374817,1.436436414718628,1.6216953992843628,1.8086196184158325,1.5292760133743286,1.3549306392669678,1.6909056901931763,1.8258631229400635,1.6615188121795654,2.2353665828704834,1.9083958864212036,1.6334888935089111,1.439587950706482,1.3840219974517822,1.5072524547576904,1.206042766571045,0.9929769039154053,1.2771905660629272,1.3096307516098022,0.981629490852356,1.0399234294891357,1.380435585975647,1.3598514795303345,1.2577396631240845
A12,2.1444783210754395,1.817749261856079,1.6408287286758423,1.3074015378952026,1.0648634433746338,1.014693260192871,0.8703492283821106,0.6197983026504517,0.5169633030891418,0.5573058128356934,0.3701516389846802,0.0,0.35876572132110596,0.533070981502533,0.5869458317756653,2.295494794845581,1.9308468103408813,1.9583461284637451,1.6744215488433838,1.3753334283828735,1.4675849676132202,1.4441871643066406,1.1003646850585938,0.9878567457199097,1.2072839736938477,1.0856473445892334,0.7237837910652161,0.8777433633804321,1.1676380634307861,1.0792934894561768,2.4533941745758057,2.0775554180145264,2.04640793800354,1.8384467363357544,1.5858263969421387,1.7778133153915405,1.6786763668060303,1.3115532398223877,1.3710278272628784,1.5868364572525024,1.3573354482650757,1.076956033706665,1.3519154787063599,1.5587948560714722,1.4024170637130737,2.380772352218628,2.014418363571167,1.8720083236694336,1.650963544845581,1.503907322883606,1.6921396255493164,1.4859941005706787,1.1632412672042847,1.3631863594055176,1.5011978149414062,1.1950370073318481,1.0635465383529663,1.4123954772949219,1.5037641525268555,1.3478044271469116,2.2098231315612793,1.8714467287063599,1.6172940731048584,1.3609787225723267,1.2380956411361694,1.3067002296447754,1.0235146284103394,0.7735598683357239,0.9839853048324585,1.0045852661132812,0.6585561633110046,0.677259624004364,1.0153274536132812,1.0115571022033691,0.9164862036705017
A13,2.266787052154541,1.9694050550460815,1.8080044984817505,1.451040267944336,1.2036060094833374,1.055803656578064,0.9813721179962158,0.8292919397354126,0.5721490979194641,0.5095953345298767,0.5226964950561523,0.35876572132110596,0.0,0.37350285053253174,0.5675894618034363,2.5101351737976074,2.1561832427978516,2.226151466369629,1.973121166229248,1.6496819257736206,1.7438592910766602,1.7655593156814575,1.4305542707443237,1.277184009552002,1.503548264503479,1.418304443359375,1.0491375923156738,1.1270780563354492,1.4337892532348633,1.3308346271514893,2.691879987716675,2.3175461292266846,2.304651975631714,2.1279349327087402,1.8927313089370728,2.1114745140075684,2.0074210166931152,1.642098069190979,1.7243413925170898,1.9398272037506104,1.6953526735305786,1.4271962642669678,1.7023952007293701,1.8946646451950073,1.705906867980957,2.5469810962677,2.19562029838562,2.0181844234466553,1.807544469833374,1.7256309986114502,1.9114415645599365,1.6602728366851807,1.3837305307388306,1.6301906108856201,1.7235276699066162,1.3919403553009033,1.331437587738037,1.6812268495559692,1.7109657526016235,1.5354063510894775,2.3096094131469727,2.0018832683563232,1.7024914026260376,1.4008169174194336,1.3462111949920654,1.3321040868759155,0.9903663992881775,0.863202691078186,1.0645382404327393,0.9594649076461792,0.6076188683509827,0.7870156168937683,1.0524505376815796,0.9234379529953003,0.8581302762031555
A14,2.440711736679077,2.15830659866333,1.939131736755371,1.5530304908752441,1.3823740482330322,1.1903798580169678,1.0189298391342163,0.9529414176940918,0.790273129940033,0.5474900007247925,0.4735984206199646,0.533070981502533,0.37350285053253174,0.0,0.3801141083240509,2.679555654525757,2.336735725402832,2.363785743713379,2.098904609680176,1.775347113609314,1.7909537553787231,1.8024439811706543,1.5069653987884521,1.2902181148529053,1.4425798654556274,1.3783202171325684,1.014855980873108,0.9856901168823242,1.2697149515151978,1.158210277557373,2.9192748069763184,2.5469937324523926,2.551548480987549,2.359011173248291,2.0874135494232178,2.270989418029785,2.190861463546753,1.8244906663894653,1.8358908891677856,2.0425336360931396,1.8185631036758423,1.5058971643447876,1.7229160070419312,1.9330387115478516,1.721453070640564,2.8343820571899414,2.474292039871216,2.332580804824829,2.1369102001190186,2.0198564529418945,2.2154107093811035,1.98745596408844,1.6840462684631348,1.8892608880996704,1.9999467134475708,1.666825532913208,1.544732928276062,1.8776447772979736,1.928092122077942,1.7016663551330566,2.5651626586914062,2.256959915161133,1.9500521421432495,1.6899315118789673,1.6582602262496948,1.68198823928833,1.3346604108810425,1.1985834836959839,1.422485589981079,1.3321040868759155,0.9746880531311035,1.1038886308670044,1.3803389072418213,1.2375624179840088,1.0872666835784912
A15,2.680389881134033,2.369351387023926,2.152749538421631,1.7877476215362549,1.6028119325637817,1.4785782098770142,1.2728830575942993,1.127839207649231,1.027039647102356,0.8646723628044128,0.6426879167556763,0.5869458317756653,0.5675894618034363,0.3801141083240509,0.0,2.838364839553833,2.4804022312164307,2.4686036109924316,2.162160873413086,1.8787544965744019,1.8923821449279785,1.8263142108917236,1.5251795053482056,1.367098093032837,1.461586356163025,1.3078484535217285,0.9616796374320984,0.9906055331230164,1.1844348907470703,0.9675459265708923,3.0167958736419678,2.6425435543060303,2.5974416732788086,2.353794574737549,2.094926357269287,2.2267744541168213,2.1034510135650635,1.7541173696517944,1.7535066604614258,1.8983030319213867,1.6430017948150635,1.3415297269821167,1.5438423156738281,1.7020256519317627,1.441739559173584,2.966303586959839,2.5992228984832764,2.45070743560791,2.2068288326263428,2.055259943008423,2.1992714405059814,1.9681013822555542,1.6602967977523804,1.8046631813049316,1.881494164466858,1.5382457971572876,1.38236665725708,1.6801190376281738,1.713673710823059,1.4386111497879028,2.7830612659454346,2.4510536193847656,2.180208206176758,1.915626049041748,1.815536618232727,1.841314435005188,1.5294073820114136,1.3300904035568237,1.4846347570419312,1.415592074394226,1.0423078536987305,1.0578515529632568,1.3210543394088745,1.201856017112732,0.9482664465904236
B1,0.7107569575309753,0.6713374257087708,0.8314917683601379,1.2270456552505493,1.342223882675171,1.6493589878082275,1.7474607229232788,1.729279637336731,1.9580955505371094,2.1993355751037598,2.242795705795288,2.295494794845581,2.5101351737976074,2.679555654525757,2.838364839553833,0.0,0.3814489543437958,0.5598505139350891,0.924550473690033,1.0160490274429321,1.1813948154449463,1.4142922163009644,1.5100241899490356,1.6239434480667114,1.8301641941070557,2.0082883834838867,2.092397689819336,2.2014524936676025,2.3786449432373047,2.6335363388061523,0.7076827883720398,0.6882285475730896,1.064697504043579,1.327511191368103,1.2216873168945312,1.4446474313735962,1.740834355354309,1.7006860971450806,1.7203811407089233,2.020970344543457,2.1935744285583496,2.1534862518310547,2.241563558578491,2.5061118602752686,2.730283260345459,1.0749610662460327,0.9614187479019165,1.3219844102859497,1.6007899045944214,1.4835891723632812,1.7963987588882446,2.025726556777954,1.9005602598190308,1.9830235242843628,2.3176562786102295,2.409964084625244,2.3276255130767822,2.4893076419830322,2.7715981006622314,2.930964946746826,0.975782573223114,0.8850995302200317,1.135850191116333,1.4985032081604004,1.4932293891906738,1.8389467000961304,1.9792077541351318,1.8814889192581177,2.0649123191833496,2.364605665206909,2.4032785892486572,2.3788981437683105,2.591836929321289,2.822258472442627,2.958400011062622
B2,0.7463296055793762,0.506076455116272,0.6331246495246887,0.9747673869132996,1.025850534439087,1.3663609027862549,1.4517431259155273,1.3855324983596802,1.6166954040527344,1.876184105873108,1.9013944864273071,1.9308468103408813,2.1561832427978516,2.336735725402832,2.4804022312164307,0.3814489543437958,0.0,0.38916635513305664,0.6462734341621399,0.6819279193878174,0.928495466709137,1.14217209815979,1.1745991706848145,1.309220552444458,1.5485355854034424,1.692399024963379,1.7504584789276123,1.8886277675628662,2.0792667865753174,2.3074791431427,0.7369952201843262,0.5164781212806702,0.8544908761978149,1.052512764930725,0.8987316489219666,1.1719472408294678,1.436501383781433,1.35260808467865,1.395165205001831,1.7124055624008179,1.851388692855835,1.8010616302490234,1.9181698560714722,2.182220935821533,2.3850655555725098,1.0152616500854492,0.7759760618209839,1.0875356197357178,1.3054101467132568,1.152754783630371,1.4871411323547363,1.6910706758499146,1.537193775177002,1.6315699815750122,1.9705771207809448,2.041912078857422,1.9553114175796509,2.132683038711548,2.4101040363311768,2.5582070350646973,0.939800500869751,0.7070618271827698,0.9123530387878418,1.2211894989013672,1.166313886642456,1.5299744606018066,1.6546025276184082,1.5231420993804932,1.707876205444336,2.015312433242798,2.039334535598755,2.002094030380249,2.2225170135498047,2.455674409866333,2.582052230834961
B3,1.0574394464492798,0.8343212604522705,0.7945483922958374,1.0778101682662964,1.1779299974441528,1.512113094329834,1.499198079109192,1.4241881370544434,1.7197434902191162,1.9439420700073242,1.9023525714874268,1.9583461284637451,2.226151466369629,2.363785743713379,2.4686036109924316,0.5598505139350891,0.38916635513305664,0.0,0.3843020796775818,0.5915741324424744,0.7319271564483643,0.8832518458366394,1.0208359956741333,1.1903295516967773,1.349669098854065,1.4988001585006714,1.6345775127410889,1.7637343406677246,1.892820119857788,2.1448588371276855,0.8682782053947449,0.6863603591918945,0.9337259531021118,1.0289007425308228,0.8122013211250305,0.9781075716018677,1.3058667182922363,1.2559198141098022,1.204033613204956,1.505557894706726,1.707060694694519,1.6563066244125366,1.7060784101486206,1.9783341884613037,2.21748685836792,1.3218660354614258,1.0789573192596436,1.3796825408935547,1.526442050933838,1.2902343273162842,1.593031883239746,1.8198903799057007,1.6215373277664185,1.6421408653259277,2.0028774738311768,2.081287384033203,1.9314992427825928,2.0784006118774414,2.3942599296569824,2.5258357524871826,1.3285865783691406,1.0838706493377686,1.2460649013519287,1.5125242471694946,1.4133301973342896,1.79002845287323,1.8783462047576904,1.6831704378128052,1.872329592704773,2.1942403316497803,2.1666252613067627,2.0827417373657227,2.3322150707244873,2.5774173736572266,2.651611566543579
B4,1.3094565868377686,1.0103003978729248,0.8943625688552856,1.040145993232727,1.080241084098816,1.415469765663147,1.33600914478302,1.1975064277648926,1.5184226036071777,1.7360974550247192,1.635290265083313,1.6744215488433838,1.973121166229248,2.098904609680176,2.162160873413086,0.924550473690033,0.6462734341621399,0.3843020796775818,0.0,0.3724398910999298,0.5366095900535583,0.558096706867218,0.6683635115623474,0.9057406187057495,1.051142930984497,1.1446497440338135,1.2961548566818237,1.461118221282959,1.5677804946899414,1.795397162437439,1.0967973470687866,0.830768883228302,0.9396633505821228,0.8787363767623901,0.563180148601532,0.7024683356285095,1.0122977495193481,0.9216386675834656,0.8290202021598816,1.1463887691497803,1.341234564781189,1.2766536474227905,1.3232699632644653,1.6006108522415161,1.8344144821166992,1.4878695011138916,1.1825387477874756,1.4022979736328125,1.4447941780090332,1.1450828313827515,1.4292852878570557,1.6282309293746948,1.3801976442337036,1.3673971891403198,1.7354061603546143,1.7915191650390625,1.6014970541000366,1.7471821308135986,2.0755093097686768,2.183926582336426,1.5334562063217163,1.2213529348373413,1.3147954940795898,1.488289713859558,1.3263280391693115,1.69810950756073,1.7491734027862549,1.4935442209243774,1.6751734018325806,2.0011839866638184,1.9321528673171997,1.8085752725601196,2.075789451599121,2.326059103012085,2.361393451690674
B5,1.1795475482940674,0.8473724126815796,0.6562381982803345,0.6978141665458679,0.7240220904350281,1.0465739965438843,0.9700509905815125,0.8474323153495789,1.1681978702545166,1.3791813850402832,1.313126564025879,1.3753334283828735,1.6496819257736206,1.775347113609314,1.8787544965744019,1.0160490274429321,0.6819279193878174,0.5915741324424744,0.3724398910999298,0.0,0.3809301555156708,0.5475372076034546,0.5095742344856262,0.6408629417419434,0.8893593549728394,1.0185284614562988,1.077709436416626,1.2198865413665771,1.4022680521011353,1.6263532638549805,1.2898095846176147,0.9691110849380493,1.102469563484192,1.042384147644043,0.7004604339599609,0.9357991814613342,1.155017614364624,0.9448487758636475,0.8902838826179504,1.2525397539138794,1.3582106828689575,1.2148661613464355,1.3234237432479858,1.632520079612732,1.7967584133148193,1.527013897895813,1.1833854913711548,1.33710515499115,1.3640692234039307,1.1002426147460938,1.4311124086380005,1.5489896535873413,1.26607346534729,1.341465950012207,1.698075532913208,1.6822983026504517,1.5045857429504395,1.719862461090088,2.0166127681732178,2.084066867828369,1.4274916648864746,1.0910649299621582,1.0782274007797241,1.2126384973526,1.0907443761825562,1.4590144157409668,1.4530080556869507,1.211093544960022,1.4505535364151,1.7437584400177002,1.6516402959823608,1.5784040689468384,1.8682245016098022,2.077871799468994,2.119499921798706
B6,1.3411445617675781,1.0735745429992676,0.7726338505744934,0.7551949620246887,0.9154018759727478,1.1454863548278809,0.9657414555549622,0.9381866455078125,1.29949951171875,1.4171432256698608,1.3183833360671997,1.4675849676132202,1.7438592910766602,1.7909537553787231,1.8923821449279785,1.1813948154449463,0.928495466709137,0.7319271564483643,0.5366095900535583,0.3809301555156708,0.0,0.3791591227054596,0.5392235517501831,0.5301616191864014,0.6536691188812256,0.8960292339324951,1.0260611772537231,1.0711579322814941,1.209303379058838,1.500264286994934,1.5600380897521973,1.2830770015716553,1.4334259033203125,1.352609634399414,0.9931621551513672,1.1248959302902222,1.3730697631835938,1.1697266101837158,0.9966192841529846,1.3411120176315308,1.4837844371795654,1.2855690717697144,1.3107904195785522,1.6575456857681274,1.8226836919784546,1.8693172931671143,1.5421969890594482,1.7137136459350586,1.7407315969467163,1.4675581455230713,1.7827882766723633,1.8902583122253418,1.5800455808639526,1.628411054611206,1.9833896160125732,1.9402141571044922,1.7118732929229736,1.923043966293335,2.234574556350708,2.254380702972412,1.7127413749694824,1.4061142206192017,1.3598639965057373,1.5037850141525269,1.4257622957229614,1.7822872400283813,1.7205742597579956,1.477105975151062,1.74869704246521,2.0128908157348633,1.8655517101287842,1.7990810871124268,2.1190764904022217,2.2981393337249756,2.2914035320281982
B7,1.6702924966812134,1.372113823890686,1.1177061796188354,1.075754165649414,1.1467386484146118,1.3854715824127197,1.1615439653396606,1.039157509803772,1.4065361022949219,1.5252753496170044,1.3379902839660645,1.4441871643066406,1.7655593156814575,1.8024439811706543,1.8263142108917236,1.4142922163009644,1.14217209815979,0.8832518458366394,0.558096706867218,0.5475372076034546,0.3791591227054596,0.0,0.373202919960022,0.5387570261955261,0.5278335213661194,0.6479010581970215,0.8819918632507324,0.9945819973945618,1.0370194911956787,1.2992368936538696,1.654084324836731,1.3743692636489868,1.4298052787780762,1.2527583837509155,0.8874952793121338,0.9072630405426025,1.1339447498321533,0.9547378420829773,0.6939108967781067,1.006060242652893,1.183952808380127,1.000877857208252,0.9668451547622681,1.3089466094970703,1.5064440965652466,2.0046887397766113,1.668623924255371,1.8164284229278564,1.774396300315857,1.4496476650238037,1.7071311473846436,1.8250528573989868,1.4998559951782227,1.4689667224884033,1.819362759590149,1.7912219762802124,1.516467809677124,1.6825993061065674,2.0176942348480225,2.0324084758758545,1.968932867050171,1.6358791589736938,1.6147359609603882,1.7056646347045898,1.552115797996521,1.8949568271636963,1.8400237560272217,1.5395394563674927,1.7609689235687256,2.0418193340301514,1.8725383281707764,1.7362840175628662,2.054473400115967,2.2601287364959717,2.2100119590759277
B8,1.6686887741088867,1.3272687196731567,1.1036138534545898,0.9803368449211121,0.9352368116378784,1.173062801361084,0.9633343815803528,0.7465210556983948,1.0931472778320312,1.247793197631836,1.0504837036132812,1.1003646850585938,1.4305542707443237,1.5069653987884521,1.5251795053482056,1.5100241899490356,1.1745991706848145,1.0208359956741333,0.6683635115623474,0.5095742344856262,0.5392235517501831,0.373202919960022,0.0,0.3750678598880768,0.54637610912323,0.5333374738693237,0.6296722292900085,0.8405178189277649,0.9663208723068237,1.1494501829147339,1.68807852268219,1.3559783697128296,1.3655399084091187,1.1529200077056885,0.7881733775138855,0.8935419321060181,1.010460615158081,0.7310250997543335,0.5639334917068481,0.9138317704200745,0.9775164127349854,0.7566705942153931,0.8485214710235596,1.1822181940078735,1.3166967630386353,1.916909098625183,1.5535633563995361,1.6250678300857544,1.525644063949585,1.2103943824768066,1.4658392667770386,1.5254467725753784,1.1788076162338257,1.189172387123108,1.5252574682235718,1.4557421207427979,1.1934329271316528,1.4063187837600708,1.7156281471252441,1.7201728820800781,1.8786747455596924,1.5183148384094238,1.4507976770401,1.461606502532959,1.2767815589904785,1.5915850400924683,1.517251968383789,1.1955416202545166,1.409950852394104,1.6814844608306885,1.5045716762542725,1.3636078834533691,1.6851589679718018,1.8869755268096924,1.843322992324829
B9,1.6512328386306763,1.3434699773788452,1.0439715385437012,0.8095888495445251,0.8340778350830078,0.964938223361969,0.673576831817627,0.5679684281349182,0.9359252452850342,0.9979103803634644,0.8199828267097473,0.9878567457199097,1.277184009552002,1.2902181148529053,1.367098093032837,1.6239434480667114,1.309220552444458,1.1903295516967773,0.9057406187057495,0.6408629417419434,0.5301616191864014,0.5387570261955261,0.3750678598880768,0.0,0.36776846647262573,0.533971905708313,0.5235074758529663,0.5812975764274597,0.8006373047828674,1.0394874811172485,1.9245420694351196,1.5919189453125,1.661048173904419,1.4924778938293457,1.127751111984253,1.2633968591690063,1.3797451257705688,1.0766055583953857,0.9200884103775024,1.246984601020813,1.2693498134613037,0.9770199060440063,1.060441255569458,1.4156361818313599,1.4807367324829102,2.1113386154174805,1.7465101480484009,1.8068604469299316,1.731675148010254,1.4633963108062744,1.7486906051635742,1.7561038732528687,1.3996741771697998,1.4774328470230103,1.7896015644073486,1.6570043563842773,1.4053664207458496,1.6647931337356567,1.938803791999817,1.8856781721115112,1.9396212100982666,1.5979809761047363,1.4510471820831299,1.4515985250473022,1.3496037721633911,1.6445385217666626,1.4939286708831787,1.2135677337646484,1.4983808994293213,1.7093992233276367,1.4875532388687134,1.4223543405532837,1.7697921991348267,1.9037554264068604,1.845794439315796
B10,1.9288544654846191,1.6428121328353882,1.3212337493896484,1.117122769355774,1.1947437524795532,1.2973235845565796,0.9652159214019775,0.9048112034797668,1.25421941280365,1.2481093406677246,1.0086627006530762,1.2072839736938477,1.503548264503479,1.4425798654556274,1.461586356163025,1.8301641941070557,1.5485355854034424,1.349669098854065,1.051142930984497,0.8893593549728394,0.6536691188812256,0.5278335213661194,0.54637610912323,0.36776846647262573,0.0,0.373859703540802,0.5589051246643066,0.51358562707901,0.5583637356758118,0.8778488636016846,2.1355528831481934,1.8286734819412231,1.8832851648330688,1.6816984415054321,1.3132730722427368,1.350865125656128,1.4829682111740112,1.2236301898956299,0.9661450386047363,1.2324341535568237,1.303595781326294,0.9980922937393188,0.9580357074737549,1.3267799615859985,1.4084042310714722,2.4030466079711914,2.045423984527588,2.1306114196777344,2.045872211456299,1.7475634813308716,2.00179123878479,2.0282866954803467,1.665071725845337,1.6787974834442139,1.9860267639160156,1.8606253862380981,1.560264229774475,1.7755215167999268,2.069568634033203,1.9860508441925049,2.262608289718628,1.926611065864563,1.8025373220443726,1.8189315795898438,1.7075891494750977,2.0011489391326904,1.845853567123413,1.551834225654602,1.8151477575302124,2.0218451023101807,1.7715466022491455,1.672821044921875,2.0231261253356934,2.153869867324829,2.042081117630005
B11,2.144859552383423,1.8210126161575317,1.5477573871612549,1.342082142829895,1.3211082220077515,1.445775032043457,1.1322189569473267,0.956362247467041,1.2672163248062134,1.2920231819152832,0.9824070930480957,1.0856473445892334,1.418304443359375,1.3783202171325684,1.3078484535217285,2.0082883834838867,1.692399024963379,1.4988001585006714,1.1446497440338135,1.0185284614562988,0.8960292339324951,0.6479010581970215,0.5333374738693237,0.533971905708313,0.373859703540802,0.0,0.3717103898525238,0.5249688625335693,0.47812265157699585,0.6584697365760803,2.2002880573272705,1.8784295320510864,1.8562533855438232,1.5883854627609253,1.246840238571167,1.2388862371444702,1.2856035232543945,1.0207182168960571,0.7601503133773804,0.9632536172866821,0.9827715158462524,0.6571959257125854,0.6129014492034912,0.9742162227630615,1.0348738431930542,2.4437036514282227,2.077718734741211,2.118640184402466,1.9671190977096558,1.649659514427185,1.8466103076934814,1.8531029224395752,1.4859133958816528,1.451413631439209,1.7291549444198608,1.5967047214508057,1.2664897441864014,1.456458568572998,1.7492111921310425,1.6503900289535522,2.3911750316619873,2.031641960144043,1.9199315309524536,1.8785793781280518,1.7032407522201538,1.96662175655365,1.8207546472549438,1.4860843420028687,1.690060019493103,1.8999507427215576,1.638110637664795,1.4752039909362793,1.813173770904541,1.9640119075775146,1.81708824634552
B12,2.118412733078003,1.7872422933578491,1.5258046388626099,1.2486003637313843,1.1614493131637573,1.2250547409057617,0.917140781879425,0.7085554003715515,0.9584731459617615,0.9613665342330933,0.6281074285507202,0.7237837910652161,1.0491375923156738,1.014855980873108,0.9616796374320984,2.092397689819336,1.7504584789276123,1.6345775127410889,1.2961548566818237,1.077709436416626,1.0260611772537231,0.8819918632507324,0.6296722292900085,0.5235074758529663,0.5589051246643066,0.3717103898525238,0.0,0.361511766910553,0.5347750186920166,0.5924031734466553,2.2903783321380615,1.9397724866867065,1.9188529253005981,1.6645172834396362,1.3368759155273438,1.4115917682647705,1.4004110097885132,1.0714000463485718,0.9279511570930481,1.1484163999557495,1.0519095659255981,0.691740870475769,0.806672215461731,1.1187525987625122,1.0705771446228027,2.4285523891448975,2.0522878170013428,2.034151315689087,1.8574719429016113,1.5841023921966553,1.7884633541107178,1.7226885557174683,1.3493844270706177,1.391601324081421,1.6338948011398315,1.4331421852111816,1.138535976409912,1.3986443281173706,1.6348639726638794,1.4995731115341187,2.3219611644744873,1.9613505601882935,1.7916548252105713,1.6837577819824219,1.5258753299713135,1.7419483661651611,1.5471065044403076,1.2257708311080933,1.446109652519226,1.6069366931915283,1.314701795578003,1.1904741525650024,1.541177749633789,1.647541880607605,1.4992722272872925
B13,2.1729722023010254,1.8798108100891113,1.5663721561431885,1.2516863346099854,1.249005913734436,1.2299323081970215,0.8647565245628357,0.8061197996139526,1.049100637435913,0.9321833252906799,0.6273717880249023,0.8777433633804321,1.1270780563354492,0.9856901168823242,0.9906055331230164,2.2014524936676025,1.8886277675628662,1.7637343406677246,1.461118221282959,1.2198865413665771,1.0711579322814941,0.9945819973945618,0.8405178189277649,0.5812975764274597,0.51358562707901,0.5249688625335693,0.361511766910553,0.0,0.3733057677745819,0.5635846853256226,2.493825674057007,2.1533915996551514,2.1825356483459473,1.9602216482162476,1.6117734909057617,1.689469814300537,1.7253594398498535,1.4063504934310913,1.226718783378601,1.453763484954834,1.3938121795654297,1.0312660932540894,1.0739312171936035,1.3976022005081177,1.3371905088424683,2.6487255096435547,2.2759172916412354,2.2804055213928223,2.141556978225708,1.8847918510437012,2.11845326423645,2.050776958465576,1.6789222955703735,1.7452472448349,1.9897384643554688,1.7753056287765503,1.491557002067566,1.7543108463287354,1.97872793674469,1.8141279220581055,2.456953287124634,2.116600275039673,1.9138189554214478,1.8299825191497803,1.7374314069747925,1.9547489881515503,1.7194839715957642,1.4438387155532837,1.7111237049102783,1.8335281610488892,1.521019697189331,1.4628361463546753,1.8180582523345947,1.871247410774231,1.7114099264144897
