,A1,A2,A3,A4,A5,A6,A7,A8,A9,A10,A11,A12,A13,A14,A15,B1,B2,B3,B4,B5,B6,B7,B8,B9,B10,B11,B12,B13,B14,B15,C1,C2,C3,C4,C5,C6,C7,C8,C9,C10,C11,C12,C13,C14,C15,D1,D2,D3,D4,D5,D6,D7,D8,D9,D10,D11,D12,D13,D14,D15,E1,E2,E3,E4,E5,E6,E7,E8,E9,E10,E11,E12,E13,E14,E15
A1,0.0,0.39983296394348145,0.5492201447486877,0.6187758445739746,0.7462838292121887,0.9495231509208679,1.098150610923767,1.2153160572052002,1.3677828311920166,1.5372381210327148,1.661420464515686,1.8599375486373901,2.044616222381592,2.182607889175415,2.2889082431793213,1.002160668373108,0.6929537653923035,0.8473718166351318,1.170629858970642,1.0694828033447266,0.951134443283081,1.2778569459915161,1.4832661151885986,1.3919122219085693,1.4611729383468628,1.7737904787063599,1.9311960935592651,1.9419611692428589,2.164361000061035,2.3766117095947266,1.563594102859497,1.3258912563323975,1.6658679246902466,1.8247700929641724,1.5563445091247559,1.6053259372711182,1.9763983488082886,1.9853508472442627,1.8075414896011353,2.0297179222106934,2.3305892944335938,2.320932388305664,2.3848159313201904,2.706336498260498,2.8140859603881836,1.400610327720642,1.3684862852096558,1.7249716520309448,1.6902927160263062,1.4524158239364624,1.7278980016708374,2.001498222351074,1.8792750835418701,1.8468505144119263,2.1783084869384766,2.3400166034698486,2.3127973079681396,2.522972345352173,2.804295539855957,2.7981555461883545,0.7545976638793945,0.9310095310211182,1.2151447534561157,1.1298503875732422,1.0711286067962646,1.4045121669769287,1.5810712575912476,1.525136947631836,1.6463592052459717,1.9257982969284058,2.022353410720825,2.1145784854888916,2.36352801322937,2.546308755874634,2.5761797428131104
A2,0.39983296394348145,0.0,0.38403308391571045,0.5689418911933899,0.5327091217041016,0.6404961943626404,0.8953039050102234,1.0298361778259277,1.0882978439331055,1.2509832382202148,1.4457931518554688,1.6203008890151978,1.7587248086929321,1.9394022226333618,2.0723812580108643,1.1433237791061401,0.790816068649292,1.0234496593475342,1.2556381225585938,1.0324786901474,0.9534934163093567,1.3227078914642334,1.4330363273620605,1.2692937850952148,1.4064922332763672,1.7297134399414062,1.8076337575912476,1.82710599899292,2.102571487426758,2.2767293453216553,1.4979615211486816,1.2719658613204956,1.6194990873336792,1.6945226192474365,1.3861407041549683,1.4980841875076294,1.8498318195343018,1.7867292165756226,1.614766001701355,1.8905836343765259,2.152949810028076,2.1036081314086914,2.214313268661499,2.539290189743042,2.5989086627960205,1.229075312614441,1.198243498802185,1.5131303071975708,1.406065583229065,1.1611891984939575,1.4751954078674316,1.7056076526641846,1.5420371294021606,1.5438281297683716,1.8897875547409058,2.009822130203247,1.9815573692321777,2.2251758575439453,2.484653949737549,2.455612897872925,0.5250527858734131,0.6238728165626526,0.8697889447212219,0.7481288909912109,0.6756234169006348,1.017786979675293,1.182259440422058,1.1351374387741089,1.2678802013397217,1.532936453819275,1.630072832107544,1.7426286935806274,1.9831700325012207,2.1556038856506348,2.2021214962005615
A3,0.5492201447486877,0.38403308391571045,0.0,0.3846571445465088,0.5480853319168091,0.5250954031944275,0.6446333527565002,0.8900406360626221,1.0165032148361206,1.0806870460510254,1.2409391403198242,1.4910606145858765,1.6117719411849976,1.7295219898223877,1.8960617780685425,1.4428457021713257,1.0678825378417969,1.198872447013855,1.4512113332748413,1.2363218069076538,1.0436315536499023,1.389312982559204,1.5309897661209106,1.3097082376480103,1.3646821975708008,1.7251256704330444,1.7976492643356323,1.7353956699371338,2.0161750316619873,2.232668399810791,1.8641453981399536,1.6078637838363647,1.9316635131835938,2.005702495574951,1.6705958843231201,1.7398937940597534,2.0910589694976807,2.008380651473999,1.7819496393203735,2.0447702407836914,2.3187355995178223,2.2193081378936768,2.294861078262329,2.646354913711548,2.6971044540405273,1.5953162908554077,1.5687302350997925,1.8669044971466064,1.7220773696899414,1.46436607837677,1.7801473140716553,1.9870719909667969,1.7692831754684448,1.75840163230896,2.1235578060150146,2.211822509765625,2.129349946975708,2.3933472633361816,2.657397508621216,2.579780340194702,0.7618564367294312,0.9321238398551941,1.0702682733535767,0.8236705660820007,0.8275548219680786,1.1956485509872437,1.2540479898452759,1.1433281898498535,1.3549292087554932,1.6233569383621216,1.6320946216583252,1.7415683269500732,2.0343804359436035,2.1642770767211914,2.158132314682007
A4,0.6187758445739746,0.5689418911933899,0.3846571445465088,0.0,0.3822251558303833,0.544632077217102,0.5255485773086548,0.6448954343795776,0.8824186325073242,1.0103161334991455,1.0667811632156372,1.3013238906860352,1.5025906562805176,1.5949032306671143,1.6963045597076416,1.336800456047058,0.9485439658164978,0.970912754535675,1.2002477645874023,1.0115770101547241,0.7364412546157837,1.0480374097824097,1.2223320007324219,1.0128084421157837,1.0100984573364258,1.373136281967163,1.4850311279296875,1.4141308069229126,1.6657894849777222,1.902431845664978,1.8425179719924927,1.5253139734268188,1.800917148590088,1.9064210653305054,1.5662842988967896,1.553669810295105,1.908294439315796,1.8583664894104004,1.5890895128250122,1.8033236265182495,2.1085448265075684,2.0153887271881104,2.03704571723938,2.3954129219055176,2.481604814529419,1.750746250152588,1.6384811401367188,1.9474972486495972,1.8417149782180786,1.527830719947815,1.7859798669815063,2.0314981937408447,1.8143352270126343,1.7218908071517944,2.08467435836792,2.2133285999298096,2.0875039100646973,2.309990644454956,2.611945867538452,2.543919324874878,1.0685328245162964,1.1544477939605713,1.3467106819152832,1.1009384393692017,0.9821672439575195,1.3570024967193604,1.4491655826568604,1.2531859874725342,1.4015802145004272,1.7243589162826538,1.7320431470870972,1.7569526433944702,2.0679190158843994,2.237978935241699,2.1865053176879883
A5,0.7462838292121887,0.5327091217041016,0.5480853319168091,0.3822251558303833,0.0,0.37992724776268005,0.5525577664375305,0.5288123488426208,0.6325144171714783,0.8703891634941101,0.9953281879425049,1.1319433450698853,1.3337712287902832,1.5091280937194824,1.5873291492462158,1.2339226007461548,0.8412455320358276,0.9434817433357239,1.0704609155654907,0.7819714546203613,0.606569230556488,0.9564782381057739,1.016239047050476,0.7782721519470215,0.9085197448730469,1.242634892463684,1.290903091430664,1.2969183921813965,1.5852926969528198,1.7538385391235352,1.5859242677688599,1.269174337387085,1.5325509309768677,1.5852001905441284,1.2267202138900757,1.2489428520202637,1.5882724523544312,1.502415418624878,1.2475266456604004,1.5006529092788696,1.7793428897857666,1.6854034662246704,1.7523902654647827,2.1006712913513184,2.1651477813720703,1.5247288942337036,1.3653271198272705,1.6424463987350464,1.5257480144500732,1.187996506690979,1.4294798374176025,1.6685975790023804,1.446515679359436,1.3400508165359497,1.7031588554382324,1.83534574508667,1.7151782512664795,1.9346539974212646,2.235112190246582,2.181028366088867,1.0108168125152588,0.9618425369262695,1.162156105041504,0.9424063563346863,0.7098531126976013,1.0619868040084839,1.202460527420044,0.9914683699607849,1.0692167282104492,1.410534381866455,1.464998722076416,1.4649546146392822,1.7486803531646729,1.9558204412460327,1.9293705224990845
A6,0.9495231509208679,0.6404961943626404,0.5250954031944275,0.544632077217102,0.37992724776268005,0.0,0.3759971857070923,0.5356043577194214,0.5171842575073242,0.6108230948448181,0.8422826528549194,1.02638840675354,1.1265223026275635,1.3072381019592285,1.466191291809082,1.5754368305206299,1.1861954927444458,1.3188706636428833,1.4444032907485962,1.1320910453796387,0.9709183573722839,1.2982993125915527,1.3147722482681274,1.0105746984481812,1.1319152116775513,1.474636197090149,1.4439738988876343,1.3945809602737427,1.7272934913635254,1.886706829071045,1.831535816192627,1.5548800230026245,1.82660710811615,1.8190548419952393,1.446907639503479,1.5236777067184448,1.830541729927063,1.675123691558838,1.425563931465149,1.7157957553863525,1.9484025239944458,1.7919360399246216,1.892198085784912,2.2472152709960938,2.2528865337371826,1.6225545406341553,1.5210018157958984,1.751245379447937,1.5544371604919434,1.2517943382263184,1.5373122692108154,1.7022408246994019,1.4210566282272339,1.3794655799865723,1.7534396648406982,1.8079465627670288,1.6721911430358887,1.9491217136383057,2.2114980220794678,2.1014292240142822,0.9914374351501465,0.964167594909668,1.036176085472107,0.7228593826293945,0.5778577923774719,0.9239864945411682,0.9497161507606506,0.7140369415283203,0.9033433198928833,1.2062605619430542,1.188815951347351,1.2404098510742188,1.5521361827850342,1.7004822492599487,1.667468547821045
A7,1.098150610923767,0.8953039050102234,0.6446333527565002,0.5255485773086548,0.5525577664375305,0.3759971857070923,0.0,0.37737980484962463,0.5522987842559814,0.5211621522903442,0.5994998812675476,0.8895250558853149,1.0222282409667969,1.0980654954910278,1.2577499151229858,1.7667077779769897,1.3710517883300781,1.4068830013275146,1.543845534324646,1.2766268253326416,1.0166969299316406,1.2814195156097412,1.3420631885528564,1.0170904397964478,1.014631986618042,1.377920150756836,1.3640738725662231,1.21955406665802,1.5370922088623047,1.7495211362838745,2.1261777877807617,1.8129576444625854,2.055452823638916,2.077162027359009,1.7023288011550903,1.7080398797988892,2.013184070587158,1.8756687641143799,1.5753164291381836,1.8144047260284424,2.0702524185180664,1.885615348815918,1.9193025827407837,2.2931132316589355,2.3144166469573975,1.981348991394043,1.863365650177002,2.1052262783050537,1.9207926988601685,1.6027486324310303,1.859973430633545,2.0337471961975098,1.7395247220993042,1.653937578201294,2.0241076946258545,2.080512762069702,1.8916847705841064,2.1508679389953613,2.430875301361084,2.2933409214019775,1.2968279123306274,1.3241157531738281,1.393601894378662,1.0559577941894531,0.9511719942092896,1.2832227945327759,1.2602900266647339,0.9745548963546753,1.1736952066421509,1.4781895875930786,1.3879882097244263,1.3873203992843628,1.7404060363769531,1.8650482892990112,1.7578811645507812
A8,1.2153160572052002,1.0298361778259277,0.8900406360626221,0.6448954343795776,0.5288123488426208,0.5356043577194214,0.37737980484962463,0.0,0.3705451190471649,0.5383670330047607,0.5003979802131653,0.6623067855834961,0.9156490564346313,1.0279150009155273,1.0776160955429077,1.6658028364181519,1.2888981103897095,1.2798707485198975,1.3322570323944092,1.0569214820861816,0.802288830280304,1.008374571800232,1.0120272636413574,0.6658879518508911,0.6731048226356506,1.0195468664169312,0.9882919788360596,0.875512421131134,1.202121615409851,1.3905003070831299,2.000094413757324,1.6565234661102295,1.8420088291168213,1.8604613542556763,1.4885567426681519,1.4381645917892456,1.72176992893219,1.5947481393814087,1.265022873878479,1.4708380699157715,1.7357831001281738,1.5528550148010254,1.555977702140808,1.9323360919952393,1.975034475326538,1.9977620840072632,1.8071606159210205,2.03596568107605,1.885514497756958,1.5299354791641235,1.7208417654037476,1.9171515703201294,1.6340620517730713,1.4721078872680664,1.8269139528274536,1.9209749698638916,1.6998865604400635,1.9115978479385376,2.2230091094970703,2.1066834926605225,1.4790774583816528,1.4231656789779663,1.5414841175079346,1.2463533878326416,1.028557300567627,1.3299076557159424,1.3690085411071777,1.0397891998291016,1.1224278211593628,1.469240427017212,1.4178088903427124,1.321150302886963,1.6613250970840454,1.8467762470245361,1.7199370861053467
A9,1.3677828311920166,1.0882978439331055,1.0165032148361206,0.8824186325073242,0.6325144171714783,0.5171842575073242,0.5522987842559814,0.3705451190471649,0.0,0.3759809136390686,0.5401117205619812,0.555387020111084,0.7190067768096924,0.9580363035202026,1.036819577217102,1.7587800025939941,1.3939043283462524,1.464257001876831,1.4664428234100342,1.127163052558899,0.9862909317016602,1.21217942237854,1.107693076133728,0.7429001927375793,0.8928907513618469,1.1738137006759644,1.033468246459961,0.9936255812644958,1.3584539890289307,1.4570409059524536,1.9286609888076782,1.622086763381958,1.8013859987258911,1.7435485124588013,1.3634177446365356,1.3823671340942383,1.6239604949951172,1.4233936071395874,1.124523639678955,1.3920875787734985,1.5925657749176025,1.3724576234817505,1.4548028707504272,1.8170605897903442,1.7978788614273071,1.873940110206604,1.6841028928756714,1.8553937673568726,1.6611618995666504,1.3190022706985474,1.5062010288238525,1.6480662822723389,1.3317327499389648,1.192576289176941,1.5474176406860352,1.5961867570877075,1.3678187131881714,1.6140258312225342,1.900322675704956,1.7637871503829956,1.4492204189300537,1.3179774284362793,1.3793765306472778,1.0947710275650024,0.8445517420768738,1.0722355842590332,1.0908714532852173,0.7334280014038086,0.7760255932807922,1.1179251670837402,1.0702704191207886,0.9572716355323792,1.2914680242538452,1.487034559249878,1.3811354637145996
A10,1.5372381210327148,1.2509832382202148,1.0806870460510254,1.0103161334991455,0.8703891634941101,0.6108230948448181,0.5211621522903442,0.5383670330047607,0.3759809136390686,0.0,0.3769468665122986,0.5411508679389954,0.5345708131790161,0.7124090790748596,0.9161966443061829,2.0765726566314697,1.6955159902572632,1.7624741792678833,1.8069908618927002,1.4817277193069458,1.2989535331726074,1.5221730470657349,1.452399492263794,1.0803834199905396,1.1486282348632812,1.441673755645752,1.2839922904968262,1.1472089290618896,1.5144450664520264,1.638370394706726,2.2649378776550293,1.9726866483688354,2.170044422149658,2.1039652824401855,1.7233408689498901,1.7578041553497314,1.9916374683380127,1.7711039781570435,1.4781765937805176,1.7387620210647583,1.917107105255127,1.6568466424942017,1.7309205532073975,2.092719316482544,2.037402629852295,2.113560676574707,1.9736099243164062,2.13450026512146,1.8970593214035034,1.5898369550704956,1.8103904724121094,1.9064322710037231,1.559754729270935,1.4767217636108398,1.8246523141860962,1.8106874227523804,1.5677049160003662,1.8494118452072144,2.0969879627227783,1.9023545980453491,1.5631965398788452,1.4904690980911255,1.4735052585601807,1.131717562675476,0.9952107667922974,1.2083258628845215,1.1066511869430542,0.740852952003479,0.9102601408958435,1.1764304637908936,1.008866310119629,0.9391859173774719,1.3152705430984497,1.4181172847747803,1.2621523141860962
A11,1.661420464515686,1.4457931518554688,1.2409391403198242,1.0667811632156372,0.9953281879425049,0.8422826528549194,0.5994998812675476,0.5003979802131653,0.5401117205619812,0.3769468665122986,0.0,0.3817141056060791,0.5334100127220154,0.5368260145187378,0.6594562530517578,2.1629576683044434,1.7870229482650757,1.7733073234558105,1.804165244102478,1.5248948335647583,1.2831183671951294,1.428175687789917,1.3822124004364014,1.018937587738037,0.9736558198928833,1.2493197917938232,1.1055423021316528,0.8757959008216858,1.2208772897720337,1.3879632949829102,2.4384799003601074,2.1081042289733887,2.269524335861206,2.239248275756836,1.8650411367416382,1.8224027156829834,2.051161527633667,1.8676917552947998,1.5319510698318481,1.7233531475067139,1.9292526245117188,1.6624056100845337,1.65244722366333,2.0250303745269775,2.0046544075012207,2.386848211288452,2.2117245197296143,2.394493579864502,2.1926376819610596,1.8575209379196167,2.0410923957824707,2.1707167625427246,1.8383547067642212,1.6929833889007568,2.028015375137329,2.048907518386841,1.7680425643920898,1.9992836713790894,2.277315616607666,2.086122512817383,1.831831693649292,1.7795716524124146,1.809110403060913,1.4694141149520874,1.3110426664352417,1.5503253936767578,1.478841781616211,1.1086069345474243,1.2285711765289307,1.5142101049423218,1.3468023538589478,1.2073546648025513,1.580728530883789,1.6966702938079834,1.482163906097412
A12,1.8599375486373901,1.6203008890151978,1.4910606145858765,1.3013238906860352,1.1319433450698853,1.02638840675354,0.8895250558853149,0.6623067855834961,0.555387020111084,0.5411508679389954,0.3817141056060791,0.0,0.3810904622077942,0.5346325635910034,0.4917672276496887,2.2041242122650146,1.8557627201080322,1.8479528427124023,1.7992569208145142,1.5020931959152222,1.3281177282333374,1.425936222076416,1.281351923942566,0.9269710183143616,0.9507499933242798,1.133577823638916,0.8852341771125793,0.7221909761428833,1.0878472328186035,1.1549402475357056,2.380035400390625,2.055586338043213,2.1634676456451416,2.0910487174987793,1.7319623231887817,1.6774221658706665,1.8476940393447876,1.6353400945663452,1.3035238981246948,1.4774463176727295,1.6368619203567505,1.336089849472046,1.3320077657699585,1.6927603483200073,1.644147515296936,2.4031922817230225,2.1848042011260986,2.324192523956299,2.13017201423645,1.7898730039596558,1.9116055965423584,2.0202322006225586,1.689924716949463,1.500348687171936,1.7997034788131714,1.8181482553482056,1.4997458457946777,1.6964781284332275,1.978918433189392,1.7861409187316895,1.9956520795822144,1.8695578575134277,1.903783917427063,1.6023019552230835,1.3795047998428345,1.5537375211715698,1.5112571716308594,1.127072811126709,1.136083722114563,1.4174398183822632,1.277223825454712,1.0380548238754272,1.3803393840789795,1.5431376695632935,1.3110589981079102
A13,2.044616222381592,1.7587248086929321,1.6117719411849976,1.5025906562805176,1.3337712287902832,1.1265223026275635,1.0222282409667969,0.9156490564346313,0.7190067768096924,0.5345708131790161,0.5334100127220154,0.3810904622077942,0.0,0.379617840051651,0.5388359427452087,2.4667303562164307,2.108121395111084,2.146709442138672,2.116797685623169,1.7923743724822998,1.6396695375442505,1.7789725065231323,1.6274900436401367,1.266217589378357,1.3223981857299805,1.5113662481307983,1.2418389320373535,1.0881654024124146,1.4409384727478027,1.479043960571289,2.574648380279541,2.2835049629211426,2.4126315116882324,2.2978475093841553,1.9366037845611572,1.942007303237915,2.094937562942505,1.8338541984558105,1.541933536529541,1.755270004272461,1.8607641458511353,1.529036283493042,1.584593653678894,1.9188235998153687,1.8018094301223755,2.4943509101867676,2.3159139156341553,2.4191246032714844,2.1741628646850586,1.8734079599380493,2.019991874694824,2.06435227394104,1.7027374505996704,1.5797947645187378,1.8680626153945923,1.808811068534851,1.4893336296081543,1.7366265058517456,1.960066556930542,1.7087585926055908,2.0595035552978516,1.9347476959228516,1.8929662704467773,1.5779987573623657,1.4148685932159424,1.5331945419311523,1.4056509733200073,1.0341148376464844,1.0896652936935425,1.2886555194854736,1.0633540153503418,0.838544487953186,1.1940157413482666,1.2769025564193726,1.0044279098510742
A14,2.182607889175415,1.9394022226333618,1.7295219898223877,1.5949032306671143,1.5091280937194824,1.3072381019592285,1.0980654954910278,1.0279150009155273,0.9580363035202026,0.7124090790748596,0.5368260145187378,0.5346325635910034,0.379617840051651,0.0,0.3749094009399414,2.6709399223327637,2.3018951416015625,2.2935075759887695,2.2901551723480225,2.000791072845459,1.7884747982025146,1.8954582214355469,1.7946851253509521,1.4403892755508423,1.3985979557037354,1.589908480644226,1.3558136224746704,1.1019277572631836,1.4100630283355713,1.5042637586593628,2.8690969944000244,2.5549890995025635,2.6860451698303223,2.60599422454834,2.2415823936462402,2.2082135677337646,2.3765623569488525,2.1458656787872314,1.8274636268615723,1.999141812324524,2.1321592330932617,1.8021965026855469,1.791327714920044,2.1304190158843994,2.038902521133423,2.796950340270996,2.6247165203094482,2.7562255859375,2.5189931392669678,2.209075450897217,2.3667044639587402,2.431487560272217,2.0727970600128174,1.94088613986969,2.2334444522857666,2.1859610080718994,1.860097050666809,2.088704824447632,2.318207263946533,2.0605266094207764,2.271742343902588,2.1986091136932373,2.1635308265686035,1.8200849294662476,1.692317008972168,1.8538645505905151,1.708560824394226,1.3422579765319824,1.4465787410736084,1.646331548690796,1.3931505680084229,1.2012145519256592,1.55369234085083,1.593955159187317,1.2877181768417358
A15,2.2889082431793213,2.0723812580108643,1.8960617780685425,1.6963045597076416,1.5873291492462158,1.466191291809082,1.2577499151229858,1.0776160955429077,1.036819577217102,0.9161966443061829,0.6594562530517578,0.4917672276496887,0.5388359427452087,0.3749094009399414,0.0,2.6547470092773438,2.3097405433654785,2.2601704597473145,2.2062342166900635,1.9430251121520996,1.7412075996398926,1.7772923707962036,1.6450341939926147,1.3264836072921753,1.2577389478683472,1.3704352378845215,1.1074812412261963,0.845878005027771,1.1156208515167236,1.171732783317566,2.8553268909454346,2.5235018730163574,2.6044130325317383,2.5320279598236084,2.1869921684265137,2.100203037261963,2.2353861331939697,2.0273218154907227,1.695823073387146,1.8052890300750732,1.9331473112106323,1.602199673652649,1.5309730768203735,1.8590229749679565,1.7894728183746338,2.893071174621582,2.674137830734253,2.803323984146118,2.6022870540618896,2.2696402072906494,2.374335527420044,2.4612157344818115,2.1246397495269775,1.9313699007034302,2.1965749263763428,2.186955690383911,1.8351384401321411,2.0012171268463135,2.2583563327789307,2.0253310203552246,2.450502395629883,2.3465473651885986,2.3575260639190674,2.03662371635437,1.8486621379852295,2.0099081993103027,1.9210093021392822,1.5403975248336792,1.5672523975372314,1.798270344734192,1.595876932144165,1.3327200412750244,1.6545453071594238,1.7560003995895386,1.4440406560897827
B1,1.002160668373108,1.1433237791061401,1.4428457021713257,1.336800456047058,1.2339226007461548,1.5754368305206299,1.7667077779769897,1.6658028364181519,1.7587800025939941,2.0765726566314697,2.1629576683044434,2.2041242122650146,2.4667303562164307,2.6709399223327637,2.6547470092773438,0.0,0.3968241214752197,0.546069860458374,0.6212926506996155,0.7502068281173706,0.950977087020874,1.0980931520462036,1.228324294090271,1.3845587968826294,1.5443110466003418,1.6737127304077148,1.8817247152328491,2.0657548904418945,2.1974573135375977,2.309152364730835,0.8589005470275879,0.6232403516769409,0.863313615322113,1.1679332256317139,1.0855048894882202,1.0566837787628174,1.3771564960479736,1.554998517036438,1.5036953687667847,1.6149330139160156,1.9033199548721313,2.058274507522583,2.1138548851013184,2.335005760192871,2.522261142730713,1.2654378414154053,1.047091007232666,1.394525170326233,1.5764942169189453,1.3505104780197144,1.41541588306427,1.7787437438964844,1.8230643272399902,1.6946624517440796,1.9063884019851685,2.1964685916900635,2.23346209526062,2.302137851715088,2.604229211807251,2.7270734310150146,1.38959538936615,1.3015564680099487,1.6805999279022217,1.744768500328064,1.5129469633102417,1.7155650854110718,2.036992073059082,1.9851092100143433,1.910624384880066,2.199920654296875,2.420658588409424,2.4184305667877197,2.572735548019409,2.8610897064208984,2.926515817642212
B2,0.6929537653923035,0.790816068649292,1.0678825378417969,0.9485439658164978,0.8412455320358276,1.1861954927444458,1.3710517883300781,1.2888981103897095,1.3939043283462524,1.6955159902572632,1.7870229482650757,1.8557627201080322,2.108121395111084,2.3018951416015625,2.3097405433654785,0.3968241214752197,0.0,0.38086098432540894,0.5656917691230774,0.5320661664009094,0.6435534358024597,0.8958874940872192,1.0400111675262451,1.1037307977676392,1.2594153881072998,1.4569554328918457,1.6403369903564453,1.7797386646270752,1.953323483467102,2.0913450717926025,1.0208953619003296,0.710664689540863,1.0050054788589478,1.229055643081665,1.0221909284591675,1.008503794670105,1.3747375011444092,1.4729136228561401,1.3479788303375244,1.5118707418441772,1.8173097372055054,1.9008209705352783,1.958414077758789,2.2283976078033447,2.3852365016937256,1.2409594058990479,1.033414602279663,1.393558144569397,1.4798744916915894,1.1996653079986572,1.3389109373092651,1.685349941253662,1.6482362747192383,1.5228427648544312,1.7953083515167236,2.047414779663086,2.0403122901916504,2.157741069793701,2.467679262161255,2.539533853530884,1.1324174404144287,1.0616393089294434,1.4271948337554932,1.4249716997146606,1.1899657249450684,1.444627046585083,1.7332578897476196,1.6481003761291504,1.6122970581054688,1.9220410585403442,2.1043343544006348,2.107178211212158,2.299013376235962,2.5674500465393066,2.609795331954956
B3,0.8473718166351318,1.0234496593475342,1.198872447013855,0.970912754535675,0.9434817433357239,1.3188706636428833,1.4068830013275146,1.2798707485198975,1.464257001876831,1.7624741792678833,1.7733073234558105,1.8479528427124023,2.146709442138672,2.2935075759887695,2.2601704597473145,0.546069860458374,0.38086098432540894,0.0,0.38302579522132874,0.5496537685394287,0.524819552898407,0.6492933630943298,0.9058713912963867,1.0346553325653076,1.0919867753982544,1.2596639394760132,1.5178252458572388,1.6366958618164062,1.7488110065460205,1.9209799766540527,1.2944642305374146,0.9475135803222656,1.137416124343872,1.410614252090454,1.2152800559997559,1.0783767700195312,1.4370874166488647,1.5839080810546875,1.4067695140838623,1.490729570388794,1.8371814489364624,1.925708293914795,1.907698631286621,2.182781219482422,2.384390354156494,1.618788242340088,1.3891712427139282,1.7355924844741821,1.8281216621398926,1.5209952592849731,1.6226391792297363,1.9779117107391357,1.9226311445236206,1.7416691780090332,2.0110414028167725,2.2799909114837646,2.224576234817505,2.311870574951172,2.65045166015625,2.715057849884033,1.4424819946289062,1.4083366394042969,1.758854866027832,1.7018307447433472,1.4596312046051025,1.7439134120941162,2.0058434009552,1.8628544807434082,1.8315725326538086,2.170231342315674,2.3176965713500977,2.2760396003723145,2.4973442554473877,2.7718019485473633,2.7679238319396973
B4,1.170629858970642,1.2556381225585938,1.4512113332748413,1.2002477645874023,1.0704609155654907,1.4444032907485962,1.543845534324646,1.3322570323944092,1.4664428234100342,1.8069908618927002,1.804165244102478,1.7992569208145142,2.116797685623169,2.2901551723480225,2.2062342166900635,0.6212926506996155,0.5656917691230774,0.38302579522132874,0.0,0.3843423128128052,0.5388358235359192,0.5194466710090637,0.6565709710121155,0.895845890045166,1.0111621618270874,1.076283574104309,1.3222817182540894,1.5200358629226685,1.606404185295105,1.7146192789077759,1.1753041744232178,0.7975260615348816,0.8706753849983215,1.1503478288650513,0.9891335368156433,0.7663027048110962,1.0988142490386963,1.2924264669418335,1.1339662075042725,1.1610832214355469,1.50702702999115,1.6393523216247559,1.610255479812622,1.8531774282455444,2.078049659729004,1.6655808687210083,1.3608098030090332,1.6603120565414429,1.782201886177063,1.4593640565872192,1.4740793704986572,1.8381630182266235,1.8079628944396973,1.5712831020355225,1.7984750270843506,2.1006176471710205,2.0377464294433594,2.0697154998779297,2.420334815979004,2.5149929523468018,1.6615397930145264,1.540745735168457,1.8845490217208862,1.8414007425308228,1.5400463342666626,1.774728775024414,2.0598652362823486,1.896210789680481,1.7929050922393799,2.1338789463043213,2.306159734725952,2.2130234241485596,2.4029488563537598,2.711421489715576,2.7052693367004395
B5,1.0694828033447266,1.0324786901474,1.2363218069076538,1.0115770101547241,0.7819714546203613,1.1320910453796387,1.2766268253326416,1.0569214820861816,1.127163052558899,1.4817277193069458,1.5248948335647583,1.5020931959152222,1.7923743724822998,2.000791072845459,1.9430251121520996,0.7502068281173706,0.5320661664009094,0.5496537685394287,0.3843423128128052,0.0,0.3802623152732849,0.5500116348266602,0.5370683073997498,0.6445794701576233,0.8709871768951416,1.0003912448883057,1.1484867334365845,1.3493850231170654,1.5181771516799927,1.6029038429260254,1.100996971130371,0.7065784931182861,0.8491557240486145,1.0108897686004639,0.7419803738594055,0.5966220498085022,0.9679444432258606,1.0540717840194702,0.8635067343711853,0.9982874989509583,1.324987769126892,1.3975938558578491,1.4290399551391602,1.7052843570709229,1.8721837997436523,1.4713455438613892,1.1589864492416382,1.4384287595748901,1.4966330528259277,1.1444069147109985,1.1917005777359009,1.536084532737732,1.4598358869552612,1.228865146636963,1.4940998554229736,1.7674872875213623,1.6926376819610596,1.7652313709259033,2.1099278926849365,2.1777822971343994,1.4374083280563354,1.2688158750534058,1.5827913284301758,1.5215915441513062,1.1940093040466309,1.4179493188858032,1.6959315538406372,1.5231297016143799,1.4089713096618652,1.7520606517791748,1.92357337474823,1.8337229490280151,2.023634910583496,2.3284718990325928,2.3298757076263428
B6,0.951134443283081,0.9534934163093567,1.0436315536499023,0.7364412546157837,0.606569230556488,0.9709183573722839,1.0166969299316406,0.802288830280304,0.9862909317016602,1.2989535331726074,1.2831183671951294,1.3281177282333374,1.6396695375442505,1.7884747982025146,1.7412075996398926,0.950977087020874,0.6435534358024597,0.524819552898407,0.5388358235359192,0.3802623152732849,0.0,0.3731878399848938,0.5442537665367126,0.5341504812240601,0.6168521642684937,0.8516315221786499,1.048324465751648,1.1468470096588135,1.3182425498962402,1.4848806858062744,1.4522820711135864,1.0650522708892822,1.2252334356307983,1.384299635887146,1.088347315788269,0.9347595572471619,1.286995768547058,1.3369157314300537,1.0679593086242676,1.1868865489959717,1.5358898639678955,1.5379366874694824,1.5122052431106567,1.8340154886245728,1.9986151456832886,1.7081398963928223,1.446659803390503,1.7439229488372803,1.748941421508789,1.3864140510559082,1.495945692062378,1.8134725093841553,1.6735550165176392,1.4543520212173462,1.7590980529785156,1.9911593198776245,1.863741159439087,1.9724844694137573,2.3232226371765137,2.3371806144714355,1.4426240921020508,1.3567945957183838,1.6443097591400146,1.5029479265213013,1.2146397829055786,1.5084880590438843,1.7232863903045654,1.5020434856414795,1.463637113571167,1.8272051811218262,1.9290270805358887,1.8392515182495117,2.089860439300537,2.360820770263672,2.3140146732330322
B7,1.2778569459915161,1.3227078914642334,1.389312982559204,1.0480374097824097,0.9564782381057739,1.2982993125915527,1.2814195156097412,1.008374571800232,1.21217942237854,1.5221730470657349,1.428175687789917,1.425936222076416,1.7789725065231323,1.8954582214355469,1.7772923707962036,1.0980931520462036,0.8958874940872192,0.6492933630943298,0.5194466710090637,0.5500116348266602,0.3731878399848938,0.0,0.38470470905303955,0.5652522444725037,0.5279626250267029,0.6147905588150024,0.9144994616508484,1.0448178052902222,1.1138995885849,1.278891921043396,1.6145298480987549,1.2178181409835815,1.272669792175293,1.4652163982391357,1.2218296527862549,0.95745450258255,1.257967472076416,1.3732082843780518,1.0917247533798218,1.0878580808639526,1.4619417190551758,1.4971987009048462,1.3867459297180176,1.687427282333374,1.9088040590286255,2.005347490310669,1.7073335647583008,1.9860339164733887,2.0268266201019287,1.660319209098816,1.7019538879394531,2.0280706882476807,1.9078898429870605,1.6357598304748535,1.8997118473052979,2.16042423248291,2.0061287879943848,2.0543744564056396,2.425058603286743,2.455892562866211,1.811577320098877,1.7162326574325562,2.006959915161133,1.8656216859817505,1.5632853507995605,1.836071252822876,2.051182746887207,1.803650140762329,1.7309527397155762,2.098620653152466,2.194632053375244,2.0520894527435303,2.2958428859710693,2.5851688385009766,2.5082690715789795
B8,1.4832661151885986,1.4330363273620605,1.5309897661209106,1.2223320007324219,1.016239047050476,1.3147722482681274,1.3420631885528564,1.0120272636413574,1.107693076133728,1.452399492263794,1.3822124004364014,1.281351923942566,1.6274900436401367,1.7946851253509521,1.6450341939926147,1.228324294090271,1.0400111675262451,0.9058713912963867,0.6565709710121155,0.5370683073997498,0.5442537665367126,0.38470470905303955,0.0,0.37454336881637573,0.5323782563209534,0.49671661853790283,0.6717559099197388,0.9238234758377075,1.0301984548568726,1.0846883058547974,1.531504511833191,1.1450223922729492,1.1355857849121094,1.2464625835418701,0.9953643083572388,0.70406174659729,0.9525861144065857,1.0325216054916382,0.7315002083778381,0.7121168375015259,1.0831084251403809,1.1155441999435425,1.0219881534576416,1.322283387184143,1.5323905944824219,1.960266351699829,1.6232788562774658,1.843420147895813,1.8732731342315674,1.5000653266906738,1.483455777168274,1.7869044542312622,1.6650810241699219,1.3522320985794067,1.587607979774475,1.8533825874328613,1.6817476749420166,1.6970430612564087,2.0734100341796875,2.114931583404541,1.8848028182983398,1.7137786149978638,1.9773263931274414,1.848729133605957,1.5037873983383179,1.7166023254394531,1.9391437768936157,1.6800117492675781,1.538996696472168,1.8969917297363281,2.0125129222869873,1.8261069059371948,2.0350701808929443,2.349980592727661,2.2774813175201416
B9,1.3919122219085693,1.2692937850952148,1.3097082376480103,1.0128084421157837,0.7782721519470215,1.0105746984481812,1.0170904397964478,0.6658879518508911,0.7429001927375793,1.0803834199905396,1.018937587738037,0.9269710183143616,1.266217589378357,1.4403892755508423,1.3264836072921753,1.3845587968826294,1.1037307977676392,1.0346553325653076,0.895845890045166,0.6445794701576233,0.5341504812240601,0.5652522444725037,0.37454336881637573,0.0,0.3710663914680481,0.5352646708488464,0.5595917701721191,0.7227751612663269,0.9560739994049072,1.0413429737091064,1.657170057296753,1.2810851335525513,1.348353385925293,1.389812707901001,1.0646965503692627,0.8839302659034729,1.1387102603912354,1.0929336547851562,0.7404369711875916,0.8526368737220764,1.1731696128845215,1.0859864950180054,1.0398656129837036,1.394913911819458,1.5251530408859253,1.9285684823989868,1.6278785467147827,1.839091181755066,1.7920010089874268,1.408147931098938,1.4580233097076416,1.7178901433944702,1.522344708442688,1.238286018371582,1.5283079147338867,1.7314220666885376,1.521470308303833,1.6083074808120728,1.9723659753799438,1.9520771503448486,1.7260817289352417,1.5649086236953735,1.777238368988037,1.5955932140350342,1.2626920938491821,1.4912899732589722,1.6618672609329224,1.366964340209961,1.2619233131408691,1.6285544633865356,1.6975643634796143,1.5133447647094727,1.7623610496520996,2.050443410873413,1.9564272165298462
B10,1.4611729383468628,1.4064922332763672,1.3646821975708008,1.0100984573364258,0.9085197448730469,1.1319152116775513,1.014631986618042,0.6731048226356506,0.8928907513618469,1.1486282348632812,0.9736558198928833,0.9507499933242798,1.3223981857299805,1.3985979557037354,1.2577389478683472,1.5443110466003418,1.2594153881072998,1.0919867753982544,1.0111621618270874,0.8709871768951416,0.6168521642684937,0.5279626250267029,0.5323782563209534,0.3710663914680481,0.0,0.37584948539733887,0.5517081618309021,0.5476268529891968,0.7158006429672241,0.9251888990402222,1.9540573358535767,1.5636687278747559,1.6296412944793701,1.7206740379333496,1.4131230115890503,1.1942166090011597,1.4449845552444458,1.4380184412002563,1.0808554887771606,1.113153100013733,1.445671558380127,1.3465759754180908,1.2099496126174927,1.5675957202911377,1.7267990112304688,2.2238218784332275,1.9419456720352173,2.1808605194091797,2.134935140609741,1.7518749237060547,1.8218647241592407,2.0853826999664307,1.8790770769119263,1.6037851572036743,1.8941749334335327,2.086652994155884,1.8532774448394775,1.9379023313522339,2.3028438091278076,2.258524179458618,1.9064723253250122,1.8099337816238403,2.0218632221221924,1.800194263458252,1.5088845491409302,1.7801649570465088,1.912628412246704,1.5951873064041138,1.5501091480255127,1.9175422191619873,1.933890461921692,1.7475755214691162,2.033968925476074,2.2918455600738525,2.1516811847686768
B11,1.7737904787063599,1.7297134399414062,1.7251256704330444,1.373136281967163,1.242634892463684,1.474636197090149,1.377920150756836,1.0195468664169312,1.1738137006759644,1.441673755645752,1.2493197917938232,1.133577823638916,1.5113662481307983,1.589908480644226,1.3704352378845215,1.6737127304077148,1.4569554328918457,1.2596639394760132,1.076283574104309,1.0003912448883057,0.8516315221786499,0.6147905588150024,0.49671661853790283,0.5352646708488464,0.37584948539733887,0.0,0.3875380754470825,0.5399520993232727,0.5414950251579285,0.6648024320602417,2.0274362564086914,1.6412094831466675,1.618227243423462,1.7083317041397095,1.4534119367599487,1.1651078462600708,1.3389183282852173,1.375917911529541,1.032777190208435,0.9391600489616394,1.2671563625335693,1.2048869132995605,0.9818582534790039,1.3064640760421753,1.5205645561218262,2.415424346923828,2.0930819511413574,2.303560733795166,2.293212890625,1.9119577407836914,1.909184217453003,2.174642562866211,2.000375509262085,1.6782715320587158,1.9129002094268799,2.13427734375,1.8885880708694458,1.8997606039047241,2.2762773036956787,2.2617948055267334,2.2175519466400146,2.08321213722229,2.3069818019866943,2.112070322036743,1.7920717000961304,2.023390293121338,2.17793607711792,1.859681248664856,1.7547130584716797,2.112323045730591,2.14983868598938,1.9147874116897583,2.1637027263641357,2.449430465698242,2.3007583618164062
B12,1.9311960935592651,1.8076337575912476,1.7976492643356323,1.4850311279296875,1.290903091430664,1.4439738988876343,1.3640738725662231,0.9882919788360596,1.033468246459961,1.2839922904968262,1.1055423021316528,0.8852341771125793,1.2418389320373535,1.3558136224746704,1.1074812412261963,1.8817247152328491,1.6403369903564453,1.5178252458572388,1.3222817182540894,1.1484867334365845,1.048324465751648,0.9144994616508484,0.6717559099197388,0.5595917701721191,0.5517081618309021,0.3875380754470825,0.0,0.38559985160827637,0.538390040397644,0.49457356333732605,2.099205493927002,1.7357085943222046,1.7074429988861084,1.7101073265075684,1.4349212646484375,1.1992002725601196,1.3135565519332886,1.2525097131729126,0.8960666060447693,0.8418163657188416,1.0927071571350098,0.929386556148529,0.7193716168403625,1.0817992687225342,1.225073218345642,2.4337246417999268,2.1107776165008545,2.2705137729644775,2.2158775329589844,1.8405336141586304,1.8245060443878174,2.036268472671509,1.8271043300628662,1.4994274377822876,1.72062349319458,1.8988038301467896,1.6107354164123535,1.6243152618408203,1.989881157875061,1.9417390823364258,2.2602508068084717,2.0864953994750977,2.25996994972229,2.0531764030456543,1.7253872156143188,1.9081768989562988,2.0298330783843994,1.6918363571166992,1.556262493133545,1.8908536434173584,1.9078378677368164,1.6295511722564697,1.8650058507919312,2.149054527282715,1.9810891151428223
B13,1.9419611692428589,1.82710599899292,1.7353956699371338,1.4141308069229126,1.2969183921813965,1.3945809602737427,1.21955406665802,0.875512421131134,0.9936255812644958,1.1472089290618896,0.8757959008216858,0.7221909761428833,1.0881654024124146,1.1019277572631836,0.845878005027771,2.0657548904418945,1.7797386646270752,1.6366958618164062,1.5200358629226685,1.3493850231170654,1.1468470096588135,1.0448178052902222,0.9238234758377075,0.7227751612663269,0.5476268529891968,0.5399520993232727,0.38559985160827637,0.0,0.3767033517360687,0.5419406890869141,2.369567394256592,1.9955185651779175,2.0174720287323,2.0354318618774414,1.7295558452606201,1.5209872722625732,1.676239252090454,1.5967353582382202,1.2295032739639282,1.2220431566238403,1.4648761749267578,1.2581541538238525,1.0601025819778442,1.4170655012130737,1.5207645893096924,2.618224859237671,2.3305137157440186,2.513629674911499,2.4225237369537354,2.0449843406677246,2.0874946117401123,2.286806344985962,2.0358614921569824,1.7458610534667969,2.003908157348633,2.139425754547119,1.8310894966125488,1.8986786603927612,2.24611496925354,2.1438608169555664,2.2984116077423096,2.1780927181243896,2.323904275894165,2.0646252632141113,1.782569169998169,2.003551721572876,2.0673861503601074,1.7030805349349976,1.6441755294799805,1.9768081903457642,1.924336314201355,1.6616096496582031,1.9508633613586426,2.1832430362701416,1.9683161973953247
