,A1,A2,A3,A4,A5,A6,A7,A8,A9,A10,A11,A12,A13,A14,A15,B1,B2,B3,B4,B5,B6,B7,B8,B9,B10,B11,B12,B13,B14,B15,C1,C2,C3,C4,C5,C6,C7,C8,C9,C10,C11,C12,C13,C14,C15,D1,D2,D3,D4,D5,D6,D7,D8,D9,D10,D11,D12,D13,D14,D15,E1,E2,E3,E4,E5,E6,E7,E8,E9,E10,E11,E12,E13,E14,E15
A1,0.0,0.3931506872177124,0.5552789568901062,0.5882975459098816,0.6867253184318542,0.895781934261322,1.0333616733551025,1.1221591234207153,1.2753602266311646,1.4435158967971802,1.5592433214187622,1.7184884548187256,1.8864712715148926,2.0345611572265625,2.1623945236206055,1.5550811290740967,1.159194827079773,1.2431635856628418,1.4360169172286987,1.195834755897522,0.9552243947982788,1.2716962099075317,1.3988324403762817,1.136093258857727,1.1467169523239136,1.512029767036438,1.543373942375183,1.4025782346725464,1.6689203977584839,1.922720193862915,2.1236276626586914,1.8826757669448853,2.1671833992004395,2.165701389312744,1.792677879333496,1.8633805513381958,2.16790771484375,2.0113136768341064,1.7432167530059814,2.014430046081543,2.2343239784240723,2.02571439743042,2.032616138458252,2.3982698917388916,2.446678400039673,1.646968126296997,1.721877932548523,1.9365397691726685,1.6857293844223022,1.4903191328048706,1.8280248641967773,1.9296737909317017,1.6509864330291748,1.7027612924575806,2.059985399246216,2.0337445735931396,1.909636378288269,2.203153610229492,2.4311654567718506,2.3090343475341797,1.9030605554580688,1.6412988901138306,1.57696533203125,1.4442765712738037,1.2123690843582153,1.1028329133987427,1.0700734853744507,0.8761472702026367,0.6283042430877686,0.6361231803894043,0.6357883214950562,0.31875306367874146,0.2510336637496948,0.5571324825286865,0.5671136379241943
A2,0.3931506872177124,0.0,0.3808734714984894,0.5535392165184021,0.5047334432601929,0.5970080494880676,0.8433877229690552,0.9725446701049805,1.0278513431549072,1.175377607345581,1.3675471544265747,1.5127149820327759,1.6195555925369263,1.7966159582138062,1.9666844606399536,1.5600343942642212,1.1873514652252197,1.3631997108459473,1.494019865989685,1.1814059019088745,1.0473374128341675,1.3902806043624878,1.4230493307113647,1.133504867553711,1.256148338317871,1.5922983884811401,1.5479594469070435,1.4558387994766235,1.7752467393875122,1.9704746007919312,1.8828989267349243,1.6943317651748657,1.9902849197387695,1.9429376125335693,1.5798386335372925,1.721697449684143,2.006441354751587,1.8183894157409668,1.6054221391677856,1.9207890033721924,2.1005632877349854,1.9031386375427246,1.9806276559829712,2.33418345451355,2.351834297180176,1.3366016149520874,1.4215519428253174,1.5928596258163452,1.3156579732894897,1.153940200805664,1.5029220581054688,1.5709383487701416,1.3015854358673096,1.4048792123794556,1.7475939989089966,1.706034541130066,1.629426121711731,1.9374092817306519,2.1372201442718506,2.032115936279297,1.7277451753616333,1.415676236152649,1.404732584953308,1.3462523221969604,1.0586881637573242,0.9060627222061157,1.0033282041549683,0.8745125532150269,0.5142320394515991,0.5622437000274658,0.7708978056907654,0.5733341574668884,0.4218186140060425,0.7833280563354492,0.9213827252388
A3,0.5552789568901062,0.3808734714984894,0.0,0.37042680382728577,0.5319287776947021,0.49604135751724243,0.5958563089370728,0.839956521987915,0.9703718423843384,1.0157009363174438,1.172448992729187,1.40001380443573,1.5009156465530396,1.6068569421768188,1.7979313135147095,1.909513235092163,1.5324232578277588,1.6634454727172852,1.7674263715744019,1.4468508958816528,1.2787394523620605,1.5748233795166016,1.580976128578186,1.2407947778701782,1.3180532455444336,1.6501938104629517,1.553409218788147,1.3928593397140503,1.7232658863067627,1.9195148944854736,2.169673442840576,1.9933768510818481,2.2619619369506836,2.169132709503174,1.8035520315170288,1.9518013000488281,2.1962618827819824,1.9591584205627441,1.742508053779602,2.0616018772125244,2.1978559494018555,1.948205828666687,2.0377299785614014,2.389967203140259,2.3566341400146484,1.611492395401001,1.696048378944397,1.8050354719161987,1.4810937643051147,1.3504722118377686,1.6782383918762207,1.6726757287979126,1.3597683906555176,1.4914259910583496,1.8150465488433838,1.7003567218780518,1.5987848043441772,1.9374926090240479,2.100067615509033,1.9337499141693115,2.0821778774261475,1.7542963027954102,1.7621771097183228,1.7241302728652954,1.4255433082580566,1.264872670173645,1.3726654052734375,1.2503024339675903,0.8940945863723755,0.9021088480949402,1.0884547233581543,0.8465017676353455,0.6059059500694275,0.9378401637077332,1.0605027675628662
A4,0.5882975459098816,0.5535392165184021,0.37042680382728577,0.0,0.3760663866996765,0.5249342918395996,0.4857610762119293,0.5953307151794434,0.8361358642578125,0.9459177255630493,0.999405562877655,1.209895372390747,1.3942619562149048,1.4894109964370728,1.6121022701263428,1.8436005115509033,1.467984676361084,1.5250954627990723,1.587034821510315,1.2819161415100098,1.0755808353424072,1.3137125968933105,1.3101611137390137,0.954927921295166,0.9862572550773621,1.3119473457336426,1.2159528732299805,1.028723120689392,1.3539997339248657,1.5594643354415894,2.1833174228668213,1.958816409111023,2.1828227043151855,2.0912668704986572,1.71397864818573,1.806186318397522,2.033687114715576,1.7951538562774658,1.533501386642456,1.8232107162475586,1.9643332958221436,1.6890885829925537,1.7393912076950073,2.0967867374420166,2.0687966346740723,1.78828763961792,1.7965474128723145,1.922863483428955,1.62008535861969,1.4134377241134644,1.704084873199463,1.7276257276535034,1.3848726749420166,1.4298760890960693,1.7670000791549683,1.6712124347686768,1.493788719177246,1.8095299005508423,2.0102431774139404,1.8299752473831177,2.158949136734009,1.8686931133270264,1.9116829633712769,1.8133630752563477,1.4915851354599,1.4181160926818848,1.5164929628372192,1.3068729639053345,0.978247880935669,1.0907366275787354,1.1967352628707886,0.8702399134635925,0.7648983001708984,1.0975662469863892,1.0987333059310913
A5,0.6867253184318542,0.5047334432601929,0.5319287776947021,0.3760663866996765,0.0,0.3661538362503052,0.5304024815559387,0.49860790371894836,0.5922753810882568,0.8148032426834106,0.9391049742698669,1.045486330986023,1.2152504920959473,1.396410584449768,1.5123213529586792,1.5859336853027344,1.2390592098236084,1.3459010124206543,1.355759620666504,1.0079081058502197,0.895660400390625,1.160880446434021,1.0913442373275757,0.7469128370285034,0.9144889712333679,1.2052297592163086,1.0886907577514648,1.0187057256698608,1.3674567937850952,1.5144776105880737,1.8172554969787598,1.5984963178634644,1.8181712627410889,1.7181061506271362,1.3423744440078735,1.4570471048355103,1.6867854595184326,1.452387809753418,1.2144055366516113,1.5298854112625122,1.673176884651184,1.43601393699646,1.524289608001709,1.8753759860992432,1.8655073642730713,1.500864863395691,1.459035038948059,1.5906903743743896,1.3125897645950317,1.0649279356002808,1.3443756103515625,1.402317762374878,1.072435975074768,1.0868937969207764,1.43827223777771,1.3909778594970703,1.2306498289108276,1.5282535552978516,1.7550990581512451,1.6304312944412231,1.8495961427688599,1.566395878791809,1.662703037261963,1.5689420700073242,1.213294267654419,1.1889060735702515,1.351811408996582,1.1324541568756104,0.7964088916778564,1.0095181465148926,1.1624399423599243,0.8755537271499634,0.8547559380531311,1.2176839113235474,1.2434887886047363
A6,0.895781934261322,0.5970080494880676,0.49604135751724243,0.5249342918395996,0.3661538362503052,0.0,0.37048372626304626,0.5311830043792725,0.5072169303894043,0.5797169208526611,0.8124830722808838,0.9723643064498901,1.0386220216751099,1.2048643827438354,1.4014062881469727,1.8466023206710815,1.5167304277420044,1.674247145652771,1.6759494543075562,1.3082830905914307,1.246454119682312,1.5137284994125366,1.4041393995285034,1.0600746870040894,1.2500603199005127,1.5111004114151,1.3310004472732544,1.2580397129058838,1.6245518922805786,1.7324914932250977,1.869385004043579,1.7211802005767822,1.9476337432861328,1.7940541505813599,1.4446579217910767,1.632719874382019,1.824625849723816,1.5477573871612549,1.381778359413147,1.7255610227584839,1.8072452545166016,1.5654594898223877,1.7231717109680176,2.0505034923553467,1.98640775680542,1.4381269216537476,1.4353183507919312,1.4856821298599243,1.1544914245605469,0.9946343302726746,1.2736222743988037,1.2370235919952393,0.8954923748970032,1.021256923675537,1.3318052291870117,1.2085157632827759,1.1072056293487549,1.448808193206787,1.6074323654174805,1.4609929323196411,1.9443706274032593,1.6153656244277954,1.7299295663833618,1.7132272720336914,1.3531032800674438,1.2611004114151,1.4817746877670288,1.3415601253509521,0.9716755747795105,1.1152293682098389,1.3533365726470947,1.1193103790283203,0.9910423755645752,1.3541852235794067,1.4589241743087769
A7,1.0333616733551025,0.8433877229690552,0.5958563089370728,0.4857610762119293,0.5304024815559387,0.37048372626304626,0.0,0.3744933307170868,0.5483538508415222,0.4995315670967102,0.5805439949035645,0.8525923490524292,0.9706611037254333,1.031402826309204,1.2085775136947632,2.1092920303344727,1.7689661979675293,1.8629515171051025,1.8488801717758179,1.5018410682678223,1.3865208625793457,1.5927618741989136,1.477724313735962,1.108827829360962,1.2224985361099243,1.4647328853607178,1.2475992441177368,1.0986366271972656,1.458386778831482,1.5673770904541016,2.1828157901763916,2.015216112136841,2.2040855884552,2.033329963684082,1.684527039527893,1.8340455293655396,1.989287257194519,1.6865589618682861,1.4928977489471436,1.8081597089767456,1.858782172203064,1.5608203411102295,1.6985629796981812,2.0216503143310547,1.91594660282135,1.8059797286987305,1.7869352102279663,1.8182899951934814,1.4837309122085571,1.3211208581924438,1.5577350854873657,1.4880805015563965,1.1230539083480835,1.2103461027145386,1.493463158607483,1.3189926147460938,1.1461244821548462,1.4908019304275513,1.6307194232940674,1.4104640483856201,2.293804168701172,1.976697325706482,2.089442014694214,2.0496819019317627,1.6897754669189453,1.6127792596817017,1.802696704864502,1.6309170722961426,1.2700704336166382,1.4011776447296143,1.5915812253952026,1.303874135017395,1.1639806032180786,1.5111720561981201,1.5668233633041382
A8,1.1221591234207153,0.9725446701049805,0.839956521987915,0.5953307151794434,0.49860790371894836,0.5311830043792725,0.3744933307170868,0.0,0.3701589107513428,0.5212955474853516,0.47752198576927185,0.6199209094047546,0.8570622205734253,0.9710744023323059,1.0438340902328491,1.9470044374465942,1.635513424873352,1.6877638101577759,1.6119132041931152,1.2771600484848022,1.1870770454406738,1.3326350450515747,1.1662344932556152,0.8067910075187683,0.9482883810997009,1.1364246606826782,0.8883833289146423,0.7928373217582703,1.1624424457550049,1.233134388923645,2.041595458984375,1.837470293045044,1.9778050184249878,1.80802583694458,1.4593350887298584,1.5605785846710205,1.6921257972717285,1.3915324211120605,1.167969822883606,1.4614206552505493,1.511904239654541,1.2020148038864136,1.3249868154525757,1.6501190662384033,1.5572525262832642,1.8435604572296143,1.746171474456787,1.8007755279541016,1.511801838874817,1.2712373733520508,1.4570173025131226,1.4406108856201172,1.0731018781661987,1.0417804718017578,1.3378554582595825,1.2214139699935913,0.9698328375816345,1.270078420639038,1.4736109972000122,1.2782725095748901,2.221329927444458,1.94724440574646,2.0994043350219727,2.0147347450256348,1.6400842666625977,1.646079182624817,1.8401319980621338,1.6119039058685303,1.2878581285476685,1.5034807920455933,1.6529511213302612,1.341483473777771,1.3040614128112793,1.6592339277267456,1.6541259288787842
A9,1.2753602266311646,1.0278513431549072,0.9703718423843384,0.8361358642578125,0.5922753810882568,0.5072169303894043,0.5483538508415222,0.3701589107513428,0.0,0.36482420563697815,0.519682765007019,0.5068646669387817,0.63276606798172,0.8688077330589294,0.9884513020515442,1.8822908401489258,1.611897587776184,1.7289376258850098,1.6185457706451416,1.253749132156372,1.268680214881897,1.440894365310669,1.2171741724014282,0.9025871157646179,1.1544426679611206,1.3011645078659058,1.0346542596817017,1.05826735496521,1.420958161354065,1.427714467048645,1.7648388147354126,1.610282301902771,1.7450085878372192,1.5338866710662842,1.2093956470489502,1.3784857988357544,1.4845163822174072,1.1602059602737427,1.021068811416626,1.3563016653060913,1.3686567544937134,1.108953833580017,1.3201135396957397,1.6148536205291748,1.5140221118927002,1.5988540649414062,1.4706956148147583,1.4803264141082764,1.2001113891601562,0.9688750505447388,1.116873860359192,1.0769656896591187,0.710554838180542,0.6911438703536987,0.9806553721427917,0.8686698079109192,0.6581901907920837,0.9810734391212463,1.1787612438201904,1.0386457443237305,2.0205371379852295,1.7391777038574219,1.9411797523498535,1.8987127542495728,1.5107077360153198,1.5263882875442505,1.7834762334823608,1.5928488969802856,1.268957257270813,1.5071682929992676,1.7131941318511963,1.4564318656921387,1.4223312139511108,1.7900772094726562,1.8350412845611572
A10,1.4435158967971802,1.175377607345581,1.0157009363174438,0.9459177255630493,0.8148032426834106,0.5797169208526611,0.4995315670967102,0.5212955474853516,0.36482420563697815,0.0,0.3667542636394501,0.5221613049507141,0.4952024519443512,0.6292060017585754,0.8634830117225647,2.221991539001465,1.939206838607788,2.068023204803467,1.977285385131836,1.610461711883545,1.6023298501968384,1.7803621292114258,1.567671298980713,1.2394335269927979,1.4469451904296875,1.5980017185211182,1.3050967454910278,1.2685719728469849,1.6278070211410522,1.626621127128601,2.0247554779052734,1.9165186882019043,2.0553176403045654,1.8138477802276611,1.5178169012069702,1.7173737287521362,1.7933071851730347,1.4476897716522217,1.3527412414550781,1.6785799264907837,1.6405519247055054,1.364379644393921,1.5988928079605103,1.8675340414047241,1.7080113887786865,1.7543025016784668,1.6736406087875366,1.61721932888031,1.2962664365768433,1.1616214513778687,1.2997629642486572,1.154463768005371,0.7953544855117798,0.8928139805793762,1.0948998928070068,0.8611929416656494,0.7024821639060974,1.0620181560516357,1.1495405435562134,0.928865373134613,2.2853081226348877,1.972495436668396,2.164478063583374,2.1653237342834473,1.7833201885223389,1.7412666082382202,2.0081241130828857,1.8576843738555908,1.5055469274520874,1.6837060451507568,1.9218932390213013,1.6706916093826294,1.5615121126174927,1.9230455160140991,2.002809524536133
A11,1.5592433214187622,1.3675471544265747,1.172448992729187,0.999405562877655,0.9391049742698669,0.8124830722808838,0.5805439949035645,0.47752198576927185,0.519682765007019,0.3667542636394501,0.0,0.3724367916584015,0.5287739038467407,0.5121464133262634,0.6285964250564575,2.3585102558135986,2.0728139877319336,2.137969970703125,2.023871660232544,1.6867542266845703,1.6402347087860107,1.7509833574295044,1.5300389528274536,1.2049397230148315,1.3485509157180786,1.4539151191711426,1.1304080486297607,1.055225133895874,1.3873172998428345,1.3622074127197266,2.257887601852417,2.1091079711914062,2.206907033920288,1.9700955152511597,1.672642707824707,1.8088628053665161,1.854420781135559,1.5052623748779297,1.3671613931655884,1.644374132156372,1.5858616828918457,1.257904291152954,1.4550195932388306,1.7136421203613281,1.52182936668396,2.079207181930542,1.9699196815490723,1.9356193542480469,1.6350948810577393,1.4575257301330566,1.5685129165649414,1.4513870477676392,1.0963187217712402,1.0969023704528809,1.28455650806427,1.0674611330032349,0.8035185933113098,1.106868028640747,1.2134672403335571,0.9331964254379272,2.5399532318115234,2.2522287368774414,2.4424147605895996,2.401010513305664,2.016289472579956,2.0078341960906982,2.2441556453704834,2.0474419593811035,1.7092845439910889,1.9056482315063477,2.0947256088256836,1.798018217086792,1.7159503698349,2.070758104324341,2.0939559936523438
A12,1.7184884548187256,1.5127149820327759,1.40001380443573,1.209895372390747,1.045486330986023,0.9723643064498901,0.8525923490524292,0.6199209094047546,0.5068646669387817,0.5221613049507141,0.3724367916584015,0.0,0.36878103017807007,0.5233926773071289,0.5033730864524841,2.249434232711792,2.0132455825805664,2.0773439407348633,1.9037001132965088,1.5774126052856445,1.6013113260269165,1.6737449169158936,1.3910038471221924,1.1250576972961426,1.3294779062271118,1.3581621646881104,1.008608341217041,1.0576364994049072,1.3681747913360596,1.264506220817566,2.052643060684204,1.9084745645523071,1.953364372253418,1.6942609548568726,1.4312421083450317,1.5555641651153564,1.547150731086731,1.187837839126587,1.0929356813430786,1.3532174825668335,1.2479796409606934,0.9364874362945557,1.187941074371338,1.4118211269378662,1.2096939086914062,2.0326004028320312,1.856457233428955,1.814146637916565,1.5658193826675415,1.3514947891235352,1.3853057622909546,1.2959129810333252,0.9735365509986877,0.8705163598060608,1.0196950435638428,0.8580121397972107,0.5211676955223083,0.7668493390083313,0.9299052357673645,0.7037464380264282,2.424095869064331,2.17172908782959,2.407740592956543,2.3564417362213135,1.966995120048523,2.0165863037109375,2.2765979766845703,2.0653481483459473,1.7591021060943604,2.00799822807312,2.1936252117156982,1.9107277393341064,1.8869233131408691,2.250770092010498,2.26121187210083
A13,1.8864712715148926,1.6195555925369263,1.5009156465530396,1.3942619562149048,1.2152504920959473,1.0386220216751099,0.9706611037254333,0.8570622205734253,0.63276606798172,0.4952024519443512,0.5287739038467407,0.36878103017807007,0.0,0.3652843236923218,0.5380098819732666,2.4151790142059326,2.1910810470581055,2.308443069458008,2.142961263656616,1.7948044538497925,1.8551641702651978,1.9691170454025269,1.6826437711715698,1.4202666282653809,1.6581852436065674,1.7055739164352417,1.3639353513717651,1.4184064865112305,1.7360862493515015,1.628218412399292,2.038547992706299,1.9643296003341675,2.0186636447906494,1.7197996377944946,1.498602032661438,1.693703055381775,1.6634352207183838,1.2922238111495972,1.2917436361312866,1.5740466117858887,1.430368185043335,1.1781914234161377,1.4821648597717285,1.6689536571502686,1.446779727935791,1.9613721370697021,1.8023512363433838,1.6867308616638184,1.429375410079956,1.2952889204025269,1.2932188510894775,1.111641764640808,0.826554000377655,0.8226441740989685,0.8736892938613892,0.6052695512771606,0.37782764434814453,0.6731349229812622,0.6993643045425415,0.4400930106639862,2.446695566177368,2.170832395553589,2.424858570098877,2.429025411605835,2.041835308074951,2.0571506023406982,2.355347156524658,2.194704532623291,1.8729523420333862,2.095047950744629,2.330813407897949,2.0841856002807617,2.0189220905303955,2.385362386703491,2.447584867477417
A14,2.0345611572265625,1.7966159582138062,1.6068569421768188,1.4894109964370728,1.396410584449768,1.2048643827438354,1.031402826309204,0.9710744023323059,0.8688077330589294,0.6292060017585754,0.5121464133262634,0.5233926773071289,0.3652843236923218,0.0,0.3684101998806,2.720304012298584,2.471806049346924,2.56343674659729,2.411369800567627,2.070751667022705,2.0832080841064453,2.179736614227295,1.9108790159225464,1.6273159980773926,1.8054744005203247,1.851157546043396,1.496354579925537,1.4831663370132446,1.778426170349121,1.6695351600646973,2.4022138118743896,2.3195152282714844,2.3732359409332275,2.077659845352173,1.8516104221343994,2.024897575378418,1.9883521795272827,1.6173087358474731,1.5874805450439453,1.843436598777771,1.6861071586608887,1.396233081817627,1.6661165952682495,1.8405030965805054,1.5753809213638306,2.2743618488311768,2.1440951824188232,2.0230906009674072,1.7432466745376587,1.632159948348999,1.6513265371322632,1.4476577043533325,1.1626282930374146,1.186249852180481,1.2261167764663696,0.932640790939331,0.7315720915794373,0.9663950204849243,0.9205451011657715,0.5659259557723999,2.7889859676361084,2.5008432865142822,2.7342169284820557,2.7360544204711914,2.3483242988586426,2.3396801948547363,2.620154619216919,2.4549851417541504,2.116429328918457,2.311032772064209,2.5379786491394043,2.2673404216766357,2.169861078262329,2.5279386043548584,2.581460475921631
A15,2.1623945236206055,1.9666844606399536,1.7979313135147095,1.6121022701263428,1.5123213529586792,1.4014062881469727,1.2085775136947632,1.0438340902328491,0.9884513020515442,0.8634830117225647,0.6285964250564575,0.5033730864524841,0.5380098819732666,0.3684101998806,0.0,2.738489866256714,2.5105905532836914,2.5558888912200928,2.365898847579956,2.0587198734283447,2.073288679122925,2.1059303283691406,1.8150867223739624,1.572496771812439,1.7253421545028687,1.701285481452942,1.333573341369629,1.35246741771698,1.5960201025009155,1.428052306175232,2.472490072250366,2.356170654296875,2.3601222038269043,2.0709221363067627,1.8588340282440186,1.9732128381729126,1.8959150314331055,1.5358176231384277,1.491150975227356,1.687471628189087,1.4985309839248657,1.192031741142273,1.4395818710327148,1.5740084648132324,1.2776999473571777,2.4740498065948486,2.2978932857513428,2.2050156593322754,1.9596136808395386,1.7928435802459717,1.7787812948226929,1.6278213262557983,1.3505988121032715,1.2726843357086182,1.3052843809127808,1.0843441486358643,0.7977948784828186,0.9243395924568176,0.93895024061203,0.6105989217758179,2.8980538845062256,2.645057439804077,2.8920700550079346,2.854663133621216,2.4649031162261963,2.5046613216400146,2.77082896232605,2.565281391143799,2.251398801803589,2.482665538787842,2.67256498336792,2.378476619720459,2.3287408351898193,2.6872715950012207,2.6947450637817383
B1,1.5550811290740967,1.5600343942642212,1.909513235092163,1.8436005115509033,1.5859336853027344,1.8466023206710815,2.1092920303344727,1.9470044374465942,1.8822908401489258,2.221991539001465,2.3585102558135986,2.249434232711792,2.4151790142059326,2.720304012298584,2.738489866256714,0.0,0.3971380889415741,0.5619112253189087,0.6155403852462769,0.7256562113761902,0.9291948676109314,1.0783963203430176,1.1795146465301514,1.3342695236206055,1.504646897315979,1.6234318017959595,1.790475845336914,1.9594560861587524,2.1096532344818115,2.22493314743042,1.2527607679367065,0.9148731827735901,1.12955904006958,1.3906103372573853,1.1938523054122925,1.0796780586242676,1.4396990537643433,1.5808323621749878,1.418238878250122,1.5113027095794678,1.8414226770401,1.9070345163345337,1.8580187559127808,2.106722593307495,2.3407094478607178,1.502240538597107,1.3464196920394897,1.711551308631897,1.771607518196106,1.4808170795440674,1.6208218336105347,1.9622782468795776,1.896522879600525,1.7464598417282104,2.0230276584625244,2.2547919750213623,2.183553695678711,2.2667014598846436,2.587228536605835,2.6757702827453613,0.9635916948318481,1.083056092262268,1.1164231300354004,0.7727752327919006,0.7706944346427917,1.10561203956604,1.0618091821670532,0.8365871906280518,1.093644142150879,1.3565163612365723,1.2663872241973877,1.3120782375335693,1.6276204586029053,1.751673698425293,1.692074179649353
B2,1.159194827079773,1.1873514652252197,1.5324232578277588,1.467984676361084,1.2390592098236084,1.5167304277420044,1.7689661979675293,1.635513424873352,1.611897587776184,1.939206838607788,2.0728139877319336,2.0132455825805664,2.1910810470581055,2.471806049346924,2.5105905532836914,0.3971380889415741,0.0,0.38538146018981934,0.5675176382064819,0.5320134162902832,0.626761257648468,0.8815144300460815,1.0189250707626343,1.0800490379333496,1.2317451238632202,1.4245511293411255,1.5770294666290283,1.688326120376587,1.8693666458129883,2.024266004562378,1.379650354385376,1.0451362133026123,1.3051996231079102,1.4818164110183716,1.1975609064102173,1.1353864669799805,1.5080646276474,1.5582002401351929,1.3401118516921997,1.4980469942092896,1.8190066814422607,1.8060550689697266,1.7647857666015625,2.0627224445343018,2.2569680213928223,1.407918930053711,1.305046796798706,1.657131314277649,1.632293462753296,1.3347909450531006,1.5466609001159668,1.8463274240493774,1.7178593873977661,1.6038963794708252,1.9233992099761963,2.1007375717163086,2.0082614421844482,2.1475846767425537,2.4600300788879395,2.498778820037842,1.098632574081421,1.0752114057540894,1.0775490999221802,0.7457355856895447,0.624038815498352,0.8971174359321594,0.8426958918571472,0.5253531336784363,0.7430302500724792,1.022201418876648,0.9246255159378052,0.922568142414093,1.2422252893447876,1.385643720626831,1.3231106996536255
B3,1.2431635856628418,1.3631997108459473,1.6634454727172852,1.5250954627990723,1.3459010124206543,1.674247145652771,1.8629515171051025,1.6877638101577759,1.7289376258850098,2.068023204803467,2.137969970703125,2.0773439407348633,2.308443069458008,2.56343674659729,2.5558888912200928,0.5619112253189087,0.38538146018981934,0.0,0.37684279680252075,0.5495243072509766,0.515030562877655,0.6314622759819031,0.877230703830719,1.012587070465088,1.0656144618988037,1.2253482341766357,1.455613136291504,1.5587884187698364,1.6708908081054688,1.8479328155517578,1.6693216562271118,1.2987738847732544,1.4811346530914307,1.6677578687667847,1.3832060098648071,1.228373646736145,1.5774726867675781,1.6453132629394531,1.3695851564407349,1.4568651914596558,1.8060076236724854,1.779152512550354,1.659500002861023,1.955493450164795,2.180945873260498,1.7823576927185059,1.657285213470459,1.9958513975143433,1.955678105354309,1.629861831665039,1.8216946125030518,2.1163337230682373,1.952384352684021,1.794303297996521,2.119638204574585,2.292943239212036,2.144362211227417,2.2673373222351074,2.6025118827819824,2.619255542755127,1.4491645097732544,1.4553929567337036,1.4561607837677002,1.111328363418579,1.0061920881271362,1.2598778009414673,1.1677017211914062,0.8209474682807922,1.0050722360610962,1.2732057571411133,1.0967937707901,1.015295386314392,1.3734880685806274,1.4956940412521362,1.3374791145324707
B4,1.4360169172286987,1.494019865989685,1.7674263715744019,1.587034821510315,1.355759620666504,1.6759494543075562,1.8488801717758179,1.6119132041931152,1.6185457706451416,1.977285385131836,2.023871660232544,1.9037001132965088,2.142961263656616,2.411369800567627,2.365898847579956,0.6155403852462769,0.5675176382064819,0.37684279680252075,0.0,0.38389986753463745,0.5277227759361267,0.5014383792877197,0.62046217918396,0.8610261082649231,0.9756196141242981,1.034349799156189,1.2491633892059326,1.4324195384979248,1.531705379486084,1.64319908618927,1.5211515426635742,1.1282720565795898,1.229475736618042,1.4055993556976318,1.1411160230636597,0.9187915921211243,1.2427921295166016,1.3385552167892456,1.064939260482788,1.103147029876709,1.4616103172302246,1.4716010093688965,1.342966079711914,1.6137486696243286,1.8599376678466797,1.8138253688812256,1.6108379364013672,1.9221161603927612,1.9047861099243164,1.5474098920822144,1.673802375793457,1.9806374311447144,1.8276798725128174,1.6088840961456299,1.9087809324264526,2.1125688552856445,1.9453973770141602,2.0188817977905273,2.369940996170044,2.411479949951172,1.4706907272338867,1.495604157447815,1.5876940488815308,1.2685497999191284,1.1010947227478027,1.4035921096801758,1.4022982120513916,1.0627154111862183,1.1755131483078003,1.4987696409225464,1.3913733959197998,1.2654048204421997,1.5954608917236328,1.7776424884796143,1.6321687698364258
B5,1.195834755897522,1.1814059019088745,1.4468508958816528,1.2819161415100098,1.0079081058502197,1.3082830905914307,1.5018410682678223,1.2771600484848022,1.253749132156372,1.610461711883545,1.6867542266845703,1.5774126052856445,1.7948044538497925,2.070751667022705,2.0587198734283447,0.7256562113761902,0.5320134162902832,0.5495243072509766,0.38389986753463745,0.0,0.3705715239048004,0.5406807065010071,0.5191665887832642,0.6127569675445557,0.8394854068756104,0.9660339951515198,1.0799543857574463,1.2516978979110718,1.4373526573181152,1.5396116971969604,1.3540124893188477,0.9852813482284546,1.1421046257019043,1.232664942741394,0.9022129774093628,0.7825253009796143,1.1217865943908691,1.1233619451522827,0.8455019593238831,1.0056318044662476,1.3230552673339844,1.2830009460449219,1.2363168001174927,1.5442925691604614,1.7275904417037964,1.537237286567688,1.3391212224960327,1.6234437227249146,1.5631892681121826,1.2005271911621094,1.3552800416946411,1.63644540309906,1.4595277309417725,1.2637137174606323,1.586115837097168,1.7632088661193848,1.606337308883667,1.7180463075637817,2.0549395084381104,2.0825655460357666,1.3635058403015137,1.2963265180587769,1.4259921312332153,1.1626670360565186,0.8933600783348083,1.1630879640579224,1.240088939666748,0.9067544937133789,0.909438967704773,1.2633943557739258,1.2390915155410767,1.0787553787231445,1.3582533597946167,1.5993961095809937,1.5084139108657837
B6,0.9552243947982788,1.0473374128341675,1.2787394523620605,1.0755808353424072,0.895660400390625,1.246454119682312,1.3865208625793457,1.1870770454406738,1.268680214881897,1.6023298501968384,1.6402347087860107,1.6013113260269165,1.8551641702651978,2.0832080841064453,2.073288679122925,0.9291948676109314,0.626761257648468,0.515030562877655,0.5277227759361267,0.3705715239048004,0.0,0.37506142258644104,0.5442659854888916,0.53016197681427,0.6065597534179688,0.8398710489273071,1.0073060989379883,1.0771476030349731,1.2489770650863647,1.4313064813613892,1.6966253519058228,1.3402689695358276,1.5123465061187744,1.585636854171753,1.2365126609802246,1.1307275295257568,1.4443070888519287,1.400198221206665,1.0744322538375854,1.230355143547058,1.5375467538833618,1.420461654663086,1.3271794319152832,1.6683037281036377,1.8314151763916016,1.7263762950897217,1.5930215120315552,1.8708523511886597,1.7513347864151,1.4068348407745361,1.6154446601867676,1.8516305685043335,1.6193405389785767,1.4627513885498047,1.8100441694259644,1.9284473657608032,1.7371435165405273,1.8959050178527832,2.2229809761047363,2.191315174102783,1.6267280578613281,1.5219221115112305,1.5835747718811035,1.3098008632659912,1.0573983192443848,1.2486003637313843,1.2574783563613892,0.8903937339782715,0.8625079989433289,1.1751476526260376,1.0862773656845093,0.8508812785148621,1.1497737169265747,1.3724195957183838,1.2230474948883057
B7,1.2716962099075317,1.3902806043624878,1.5748233795166016,1.3137125968933105,1.160880446434021,1.5137284994125366,1.5927618741989136,1.3326350450515747,1.440894365310669,1.7803621292114258,1.7509833574295044,1.6737449169158936,1.9691170454025269,2.179736614227295,2.1059303283691406,1.0783963203430176,0.8815144300460815,0.6314622759819031,0.5014383792877197,0.5406807065010071,0.37506142258644104,0.0,0.37351781129837036,0.5542175769805908,0.5118759870529175,0.5978764295578003,0.8708932399749756,0.9884142875671387,1.056695818901062,1.222057580947876,1.8737677335739136,1.4942461252212524,1.5818109512329102,1.6668354272842407,1.351259708404541,1.152266263961792,1.4150079488754272,1.4073978662490845,1.0527465343475342,1.1005475521087646,1.4267020225524902,1.3209383487701416,1.1364140510559082,1.4564508199691772,1.6626168489456177,2.0488343238830566,1.8704006671905518,2.1377599239349365,2.03871488571167,1.6739349365234375,1.8279632329940796,2.071140766143799,1.838574767112732,1.6230757236480713,1.9454666376113892,2.081374406814575,1.8459523916244507,1.9542710781097412,2.3021538257598877,2.2721140384674072,1.8759658336639404,1.819696068763733,1.9048773050308228,1.610429048538208,1.3790881633758545,1.6058611869812012,1.6091735363006592,1.2388206720352173,1.2374145984649658,1.5464816093444824,1.4302085638046265,1.1847965717315674,1.4848912954330444,1.6917810440063477,1.491599202156067
B8,1.3988324403762817,1.4230493307113647,1.580976128578186,1.3101611137390137,1.0913442373275757,1.4041393995285034,1.477724313735962,1.1662344932556152,1.2171741724014282,1.567671298980713,1.5300389528274536,1.3910038471221924,1.6826437711715698,1.9108790159225464,1.8150867223739624,1.1795146465301514,1.0189250707626343,0.877230703830719,0.62046217918396,0.5191665887832642,0.5442659854888916,0.37351781129837036,0.0,0.37243789434432983,0.5240034461021423,0.48116546869277954,0.633453369140625,0.8683797717094421,0.9855046272277832,1.0483546257019043,1.704396367073059,1.3431463241577148,1.3793550729751587,1.4029101133346558,1.092957854270935,0.8932112455368042,1.1041386127471924,1.0604963302612305,0.6948904991149902,0.7523807883262634,1.0612382888793945,0.9531228542327881,0.8004679679870605,1.130373239517212,1.3219236135482788,1.9658689498901367,1.7373919486999512,1.9601526260375977,1.8661339282989502,1.489055871963501,1.5889930725097656,1.8199641704559326,1.5922073125839233,1.3332456350326538,1.6319177150726318,1.7800788879394531,1.5308830738067627,1.6056393384933472,1.9610257148742676,1.9489469528198242,1.8503243923187256,1.7781604528427124,1.9342799186706543,1.6813799142837524,1.3958070278167725,1.6353387832641602,1.7219018936157227,1.373271107673645,1.3092515468597412,1.6521209478378296,1.6161158084869385,1.3635910749435425,1.6151647567749023,1.8784762620925903,1.7285491228103638
B9,1.136093258857727,1.133504867553711,1.2407947778701782,0.954927921295166,0.7469128370285034,1.0600746870040894,1.108827829360962,0.8067910075187683,0.9025871157646179,1.2394335269927979,1.2049397230148315,1.1250576972961426,1.4202666282653809,1.6273159980773926,1.572496771812439,1.3342695236206055,1.0800490379333496,1.012587070465088,0.8610261082649231,0.6127569675445557,0.53016197681427,0.5542175769805908,0.37243789434432983,0.0,0.36882176995277405,0.5223570466041565,0.5197219848632812,0.6497976183891296,0.8916568756103516,0.9971645474433899,1.7595833539962769,1.4361498355865479,1.5323712825775146,1.491878867149353,1.1363143920898438,1.0533136129379272,1.2618048191070557,1.1121971607208252,0.754094123840332,0.9429923295974731,1.1718828678131104,0.9657480716705322,0.9051092863082886,1.2697784900665283,1.3659113645553589,1.8470404148101807,1.6636412143707275,1.8536440134048462,1.6932010650634766,1.3359332084655762,1.4870997667312622,1.6601682901382446,1.3798158168792725,1.176019310951233,1.5057358741760254,1.5857717990875244,1.3278350830078125,1.4782238006591797,1.8063682317733765,1.7418720722198486,1.8914846181869507,1.7420135736465454,1.8881357908248901,1.6781880855560303,1.3489067554473877,1.5153508186340332,1.6286216974258423,1.2965548038482666,1.1368253231048584,1.460079550743103,1.4701533317565918,1.1740665435791016,1.3619112968444824,1.6607203483581543,1.5409315824508667
B10,1.1467169523239136,1.256148338317871,1.3180532455444336,0.9862572550773621,0.9144889712333679,1.2500603199005127,1.2224985361099243,0.9482883810997009,1.1544426679611206,1.4469451904296875,1.3485509157180786,1.3294779062271118,1.6581852436065674,1.8054744005203247,1.7253421545028687,1.504646897315979,1.2317451238632202,1.0656144618988037,0.9756196141242981,0.8394854068756104,0.6065597534179688,0.5118759870529175,0.5240034461021423,0.36882176995277405,0.0,0.37062162160873413,0.5288616418838501,0.5018539428710938,0.648669421672821,0.8696621656417847,2.1015632152557373,1.7605799436569214,1.8538094758987427,1.8410967588424683,1.4932775497436523,1.371557593345642,1.5732682943344116,1.4452801942825317,1.0747134685516357,1.1879264116287231,1.4213236570358276,1.1892660856246948,1.0361651182174683,1.3934966325759888,1.4978301525115967,2.1506474018096924,1.9975864887237549,2.201519250869751,2.025099039077759,1.6791740655899048,1.8506022691726685,2.011260986328125,1.7124699354171753,1.5276036262512207,1.8540525436401367,1.9057542085647583,1.623389720916748,1.780413269996643,2.099388837814331,1.994302749633789,2.1702630519866943,2.030674457550049,2.1301565170288086,1.8908802270889282,1.5953786373138428,1.7419484853744507,1.791151523590088,1.439157247543335,1.303784966468811,1.584409475326538,1.5249755382537842,1.1928468942642212,1.3930885791778564,1.6495466232299805,1.459555983543396
B11,1.512029767036438,1.5922983884811401,1.6501938104629517,1.3119473457336426,1.2052297592163086,1.5111004114151,1.4647328853607178,1.1364246606826782,1.3011645078659058,1.5980017185211182,1.4539151191711426,1.3581621646881104,1.7055739164352417,1.851157546043396,1.701285481452942,1.6234318017959595,1.4245511293411255,1.2253482341766357,1.034349799156189,0.9660339951515198,0.8398710489273071,0.5978764295578003,0.48116546869277954,0.5223570466041565,0.37062162160873413,0.0,0.36891981959342957,0.5239688158035278,0.5177527070045471,0.6243996024131775,2.157615900039673,1.8102703094482422,1.8262903690338135,1.8077746629714966,1.5030626058578491,1.3188101053237915,1.451267123222351,1.3497366905212402,0.9813711643218994,0.988709032535553,1.2087554931640625,0.9930547475814819,0.7514162659645081,1.082157015800476,1.2219926118850708,2.356492519378662,2.1503045558929443,2.339423179626465,2.1957321166992188,1.8326982259750366,1.939000129699707,2.1098520755767822,1.831567406654358,1.5854012966156006,1.8703874349594116,1.951818585395813,1.641428828239441,1.7274621725082397,2.0631139278411865,1.9797468185424805,2.316376209259033,2.2153501510620117,2.3548357486724854,2.1065104007720947,1.8124804496765137,2.0049550533294678,2.0747830867767334,1.7179425954818726,1.6079254150390625,1.9144798517227173,1.8591946363449097,1.5444413423538208,1.7561966180801392,2.0148937702178955,1.8191866874694824
B12,1.543373942375183,1.5479594469070435,1.553409218788147,1.2159528732299805,1.0886907577514648,1.3310004472732544,1.2475992441177368,0.8883833289146423,1.0346542596817017,1.3050967454910278,1.1304080486297607,1.008608341217041,1.3639353513717651,1.496354579925537,1.333573341369629,1.790475845336914,1.5770294666290283,1.455613136291504,1.2491633892059326,1.0799543857574463,1.0073060989379883,0.8708932399749756,0.633453369140625,0.5197219848632812,0.5288616418838501,0.36891981959342957,0.0,0.3690914809703827,0.5285418629646301,0.4985116720199585,2.1127429008483887,1.8068289756774902,1.815109133720398,1.7217668294906616,1.4177407026290894,1.2994768619537354,1.3766199350357056,1.1896493434906006,0.8510154485702515,0.9246789813041687,1.0463117361068726,0.7476078867912292,0.6068464517593384,0.9551327228546143,0.9925606846809387,2.284688711166382,2.07122540473938,2.205038070678711,2.035475730895996,1.6892932653427124,1.7718418836593628,1.8910424709320068,1.5957064628601074,1.3519190549850464,1.614185094833374,1.6574105024337769,1.3246023654937744,1.4175878763198853,1.7359055280685425,1.628516674041748,2.3544249534606934,2.2121565341949463,2.388563632965088,2.187494993209839,1.8518410921096802,2.0162007808685303,2.145185708999634,1.815009355545044,1.6381584405899048,1.9455265998840332,1.9583414793014526,1.6334450244903564,1.7828190326690674,2.084765672683716,1.9392552375793457
B13,1.4025782346725464,1.4558387994766235,1.3928593397140503,1.028723120689392,1.0187057256698608,1.2580397129058838,1.0986366271972656,0.7928373217582703,1.05826735496521,1.2685719728469849,1.055225133895874,1.0576364994049072,1.4184064865112305,1.4831663370132446,1.35246741771698,1.9594560861587524,1.688326120376587,1.5587884187698364,1.4324195384979248,1.2516978979110718,1.0771476030349731,0.9884142875671387,0.8683797717094421,0.6497976183891296,0.5018539428710938,0.5239688158035278,0.3690914809703827,0.0,0.3711831271648407,0.5353510975837708,2.3593547344207764,2.0573854446411133,2.113703727722168,2.0207903385162354,1.6891213655471802,1.6075314283370972,1.7178412675857544,1.508976936340332,1.1739141941070557,1.2876044511795044,1.4016817808151245,1.0776809453964233,0.9631909728050232,1.2925500869750977,1.2829557657241821,2.3925883769989014,2.232447385787964,2.3648147583007812,2.1481246948242188,1.8275072574615479,1.9642728567123413,2.0466742515563965,1.7146397829055786,1.53658926486969,1.819461703300476,1.8003817796707153,1.468406319618225,1.627614974975586,1.9081971645355225,1.7380605936050415,2.5310354232788086,2.3529558181762695,2.4883840084075928,2.2933337688446045,1.9598267078399658,2.0701334476470947,2.1712610721588135,1.846157431602478,1.6378710269927979,1.8980443477630615,1.8976846933364868,1.541287899017334,1.6476494073867798,1.9358463287353516,1.7753326892852783
