,A1,A2,A3,A4,A5,A6,A7,A8,A9,A10,A11,A12,A13,A14,A15,B1,B2,B3,B4,B5,B6,B7,B8,B9,B10,B11,B12,B13,B14,B15,C1,C2,C3,C4,C5,C6,C7,C8,C9,C10,C11,C12,C13,C14,C15,D1,D2,D3,D4,D5,D6,D7,D8,D9,D10,D11,D12,D13,D14,D15,E1,E2,E3,E4,E5,E6,E7,E8,E9,E10,E11,E12,E13,E14,E15
A1,0.0,0.38270190358161926,0.5337737202644348,0.6052817106246948,0.7255710959434509,0.9246025681495667,1.0694048404693604,1.1891604661941528,1.3388957977294922,1.496048927307129,1.6192054748535156,1.7928190231323242,1.9737812280654907,2.0847537517547607,2.191307306289673,0.4090234935283661,0.5829848051071167,0.8529036045074463,0.9903981685638428,1.0164341926574707,1.196515440940857,1.4224512577056885,1.5212986469268799,1.606215000152588,1.7976447343826294,1.9562358856201172,2.090139389038086,2.262443780899048,2.423768997192383,2.5206289291381836,0.9648184180259705,0.7095785140991211,0.9251582622528076,1.2300035953521729,1.1226378679275513,1.0598737001419067,1.3914706707000732,1.5743701457977295,1.4941892623901367,1.5941998958587646,1.8970520496368408,2.0206820964813232,2.0349700450897217,2.228973865509033,2.4592182636260986,1.1071856021881104,1.0874658823013306,1.45809805393219,1.5281245708465576,1.3522498607635498,1.5555065870285034,1.8675931692123413,1.8518849611282349,1.8219290971755981,2.1020021438598633,2.294502019882202,2.305114507675171,2.473921298980713,2.7287189960479736,2.807476282119751,2.298013925552368,1.934467077255249,2.005587339401245,2.0066423416137695,1.677389144897461,1.514106035232544,1.7038978338241577,1.5997323989868164,1.2341830730438232,1.3227602243423462,1.5583624839782715,1.3356852531433105,1.1541930437088013,1.503037452697754,1.6036736965179443
A2,0.38270190358161926,0.0,0.37184667587280273,0.552291989326477,0.523563027381897,0.6248528957366943,0.8718288540840149,1.0139622688293457,1.0737301111221313,1.2260605096817017,1.4180121421813965,1.5730044841766357,1.7045775651931763,1.8513718843460083,1.9937689304351807,0.6045674681663513,0.5436339378356934,0.9068992137908936,1.0322548151016235,0.9147902131080627,1.083655834197998,1.3814878463745117,1.4351993799209595,1.4403884410858154,1.670318841934204,1.8660931587219238,1.9425455331802368,2.09578537940979,2.3069941997528076,2.402769088745117,0.8085669279098511,0.5512760281562805,0.8775349259376526,1.0862597227096558,0.9093154072761536,0.9555230140686035,1.3025648593902588,1.4010354280471802,1.332653284072876,1.5141319036483765,1.783960223197937,1.8624001741409302,1.9313099384307861,2.153238296508789,2.332240104675293,0.8284962773323059,0.8176364302635193,1.1763137578964233,1.1853690147399902,1.007920742034912,1.257157802581787,1.539697527885437,1.499014973640442,1.5051456689834595,1.7952189445495605,1.9552282094955444,1.973262906074524,2.1698036193847656,2.4061777591705322,2.4666574001312256,1.971816897392273,1.6175864934921265,1.6680842638015747,1.6407370567321777,1.3168432712554932,1.162789225578308,1.3380703926086426,1.2178455591201782,0.8538562655448914,0.9757677316665649,1.2092180252075195,0.9978556036949158,0.870468020439148,1.2368290424346924,1.3372963666915894
A3,0.5337737202644348,0.37184667587280273,0.0,0.36818861961364746,0.5398702025413513,0.5236424207687378,0.6306891441345215,0.8797267079353333,1.006772756576538,1.0596370697021484,1.2209460735321045,1.4542927742004395,1.5729795694351196,1.653010606765747,1.8213140964508057,0.767022967338562,0.6102535128593445,0.9134606122970581,1.1566355228424072,1.0620673894882202,1.1105660200119019,1.42728590965271,1.5581700801849365,1.5242059230804443,1.6920348405838013,1.9396425485610962,2.047060251235962,2.141637086868286,2.348273515701294,2.4984865188598633,1.146728754043579,0.9211424589157104,1.2472985982894897,1.4489812850952148,1.2364131212234497,1.274938702583313,1.6388742923736572,1.707994818687439,1.5905903577804565,1.7887762784957886,2.077566385269165,2.11126446723938,2.1562998294830322,2.4124410152435303,2.588953733444214,1.0469764471054077,1.1241344213485718,1.4556516408920288,1.3928786516189575,1.2359815835952759,1.5359444618225098,1.776807188987732,1.6801127195358276,1.7197670936584473,2.0357699394226074,2.146761417388916,2.1356260776519775,2.3725292682647705,2.6036453247070312,2.6142871379852295,1.9772515296936035,1.5999716520309448,1.598210334777832,1.6335721015930176,1.3544782400131226,1.106882929801941,1.267122745513916,1.247703194618225,0.8846649527549744,0.8755308985710144,1.1713210344314575,1.055354118347168,0.835248589515686,1.1598153114318848,1.3581902980804443
A4,0.6052817106246948,0.552291989326477,0.36818861961364746,0.0,0.37718167901039124,0.5324358940124512,0.5066577196121216,0.6352282762527466,0.8681024312973022,0.9733472466468811,1.035601258277893,1.251488447189331,1.4456998109817505,1.5102834701538086,1.6114768981933594,0.6280854940414429,0.3739185929298401,0.5797266960144043,0.8809718489646912,0.8408882021903992,0.8239229321479797,1.1097227334976196,1.296351432800293,1.2897895574569702,1.406253695487976,1.6498037576675415,1.8043711185455322,1.8889366388320923,2.0595884323120117,2.2306580543518066,1.3528380393981934,1.0452587604522705,1.3129528760910034,1.5229350328445435,1.2688597440719604,1.2197567224502563,1.5970909595489502,1.6669626235961914,1.4785891771316528,1.648662805557251,1.9723557233810425,1.9813355207443237,1.969457983970642,2.2438201904296875,2.443000078201294,1.335226058959961,1.3266265392303467,1.6674489974975586,1.6020296812057495,1.3707109689712524,1.6444721221923828,1.912100911140442,1.7773500680923462,1.7513328790664673,2.090217113494873,2.2169723510742188,2.1471211910247803,2.3675410747528076,2.6359031200408936,2.6357221603393555,1.912845253944397,1.5246182680130005,1.5828830003738403,1.6807664632797241,1.3869895935058594,1.1506359577178955,1.3977961540222168,1.4168604612350464,1.0667413473129272,1.1066067218780518,1.4419746398925781,1.3570432662963867,1.1801857948303223,1.5011242628097534,1.7067846059799194
A5,0.7255710959434509,0.523563027381897,0.5398702025413513,0.37718167901039124,0.0,0.36706504225730896,0.5387248396873474,0.5216994881629944,0.6227185130119324,0.8448284268379211,0.9710461497306824,1.083853006362915,1.2731702327728271,1.4250376224517822,1.513197422027588,0.6564188003540039,0.286403089761734,0.5762112736701965,0.7440885305404663,0.5565260052680969,0.5932424068450928,0.9324798583984375,1.0305509567260742,0.9863466024398804,1.1735546588897705,1.4103606939315796,1.5077224969863892,1.616925835609436,1.8241647481918335,1.9605231285095215,1.2058632373809814,0.8707809448242188,1.129027247428894,1.266993761062622,0.9613702893257141,0.9395330548286438,1.3136086463928223,1.329391598701477,1.1345211267471313,1.3475229740142822,1.6487796306610107,1.633324384689331,1.6541881561279297,1.9385322332382202,2.1077308654785156,1.2047908306121826,1.11532723903656,1.4323554039001465,1.3511457443237305,1.0684196949005127,1.3239730596542358,1.5952839851379395,1.4452564716339111,1.3880798816680908,1.7317492961883545,1.8669639825820923,1.7851780652999878,1.994598627090454,2.271146774291992,2.2804248332977295,1.6150010824203491,1.2404733896255493,1.351125717163086,1.4150209426879883,1.0867503881454468,0.9241160154342651,1.2194910049438477,1.1922413110733032,0.8632635474205017,1.019407033920288,1.3378586769104004,1.2432340383529663,1.1727828979492188,1.5122039318084717,1.6709504127502441
A6,0.9246025681495667,0.6248528957366943,0.5236424207687378,0.5324358940124512,0.36706504225730896,0.0,0.3753441274166107,0.533664345741272,0.51121586561203,0.6027747392654419,0.8382921814918518,1.002291202545166,1.0903880596160889,1.2372899055480957,1.409895896911621,0.9806655049324036,0.6400391459465027,0.9107572436332703,1.1015266180038452,0.8654455542564392,0.8322649002075195,1.2029645442962646,1.2878026962280273,1.147663950920105,1.3301067352294922,1.6187103986740112,1.6676772832870483,1.7218009233474731,1.9738500118255615,2.130985736846924,1.269844889640808,1.012359619140625,1.3312623500823975,1.4159438610076904,1.1008946895599365,1.1868162155151367,1.543047547340393,1.4975577592849731,1.335970401763916,1.6066603660583496,1.8657115697860718,1.8122941255569458,1.8831062316894531,2.1821956634521484,2.302802801132202,1.1143676042556763,1.1117658615112305,1.3812648057937622,1.2166643142700195,0.9898024201393127,1.311853289604187,1.5107076168060303,1.3228867053985596,1.352913737297058,1.6996151208877563,1.7663003206253052,1.6997548341751099,1.9632564783096313,2.199557065963745,2.1668171882629395,1.4557878971099854,1.0764389038085938,1.0956294536590576,1.1559743881225586,0.8733193278312683,0.6258325576782227,0.8816579580307007,0.9079053401947021,0.5894979238510132,0.6814020872116089,1.0255147218704224,1.0071156024932861,0.9433885812759399,1.2431079149246216,1.440057396888733
A7,1.0694048404693604,0.8718288540840149,0.6306891441345215,0.5066577196121216,0.5387248396873474,0.3753441274166107,0.0,0.3768756091594696,0.5483244061470032,0.4987059533596039,0.593013346195221,0.8696296811103821,0.9932461380958557,1.0329999923706055,1.1963571310043335,1.0960041284561157,0.7406139969825745,0.8849711418151855,1.1672816276550293,1.007930874824524,0.8478659987449646,1.1862331628799438,1.3661606311798096,1.2245465517044067,1.3043619394302368,1.6274243593215942,1.7342987060546875,1.7291185855865479,1.9464110136032104,2.1619622707366943,1.608164668083191,1.3331748247146606,1.6368452310562134,1.7564233541488647,1.4379693269729614,1.4658503532409668,1.8331375122070312,1.7985939979553223,1.585866093635559,1.8307613134384155,2.1193349361419678,2.039879322052002,2.0578415393829346,2.377995252609253,2.5154690742492676,1.4541873931884766,1.477729082107544,1.7541905641555786,1.5798624753952026,1.358312964439392,1.6772795915603638,1.8675483465194702,1.6497390270233154,1.6695867776870728,2.027005434036255,2.073024034500122,1.9642823934555054,2.2375950813293457,2.4830145835876465,2.412436008453369,1.5547174215316772,1.163846492767334,1.1600086688995361,1.3239837884902954,1.1028406620025635,0.797028124332428,1.0492665767669678,1.1840698719024658,0.9082242846488953,0.8844677209854126,1.2563533782958984,1.3027046918869019,1.1727406978607178,1.4272043704986572,1.6859813928604126
A8,1.1891604661941528,1.0139622688293457,0.8797267079353333,0.6352282762527466,0.5216994881629944,0.533664345741272,0.3768756091594696,0.0,0.3674126863479614,0.5102831125259399,0.477956086397171,0.6191189289093018,0.8597065806388855,0.9522777795791626,1.005723476409912,1.0816445350646973,0.6924505233764648,0.7234406471252441,0.9514567852020264,0.7781787514686584,0.5232741236686707,0.8479551672935486,1.03634774684906,0.8831272721290588,0.9294434189796448,1.2574622631072998,1.3790878057479858,1.368651270866394,1.5721144676208496,1.7930786609649658,1.7027733325958252,1.379113793373108,1.6250054836273193,1.7194732427597046,1.3713841438293457,1.3433549404144287,1.6942718029022217,1.6360747814178467,1.367668867111206,1.5983372926712036,1.893601655960083,1.778603434562683,1.7590254545211792,2.0954530239105225,2.234109401702881,1.627018690109253,1.562177062034607,1.8330018520355225,1.6698297262191772,1.3818808794021606,1.6521004438400269,1.8629053831100464,1.621218204498291,1.5645679235458374,1.930284857749939,1.9977490901947021,1.8334802389144897,2.0764877796173096,2.356929063796997,2.2872307300567627,1.3980469703674316,1.0130820274353027,1.1206879615783691,1.317771315574646,1.0707756280899048,0.8552080988883972,1.193163275718689,1.3068383932113647,1.0629686117172241,1.1442278623580933,1.501880407333374,1.5307055711746216,1.4637476205825806,1.7415716648101807,1.9649641513824463
A9,1.3388957977294922,1.0737301111221313,1.006772756576538,0.8681024312973022,0.6227185130119324,0.51121586561203,0.5483244061470032,0.3674126863479614,0.0,0.3675139546394348,0.535781741142273,0.5305727124214172,0.663779079914093,0.8841723799705505,0.9871304035186768,1.2587127685546875,0.8680084943771362,0.9829490184783936,1.1135938167572021,0.8267692923545837,0.6384298801422119,0.9840682744979858,1.0505297183990479,0.7995803952217102,0.9325186610221863,1.2646965980529785,1.2822788953781128,1.2664717435836792,1.5406302213668823,1.7265628576278687,1.6337391138076782,1.3453963994979858,1.5980713367462158,1.6134960651397705,1.2429101467132568,1.2933437824249268,1.6130218505859375,1.4801676273345947,1.2390574216842651,1.5313174724578857,1.7715617418289185,1.6182646751403809,1.6647268533706665,2.0072479248046875,2.0881237983703613,1.510681390762329,1.4282853603363037,1.6417593955993652,1.432104229927063,1.143101453781128,1.4130715131759644,1.5768933296203613,1.3003754615783691,1.2621417045593262,1.6273599863052368,1.6595206260681152,1.4886434078216553,1.7540853023529053,2.0172271728515625,1.9311680793762207,1.0593223571777344,0.6694706678390503,0.7958564758300781,0.9652619361877441,0.7154509425163269,0.55183345079422,0.922798216342926,1.0256719589233398,0.8530797362327576,0.9955620765686035,1.3165544271469116,1.372426986694336,1.392009973526001,1.6517035961151123,1.8432934284210205
A10,1.496048927307129,1.2260605096817017,1.0596370697021484,0.9733472466468811,0.8448284268379211,0.6027747392654419,0.4987059533596039,0.5102831125259399,0.3675139546394348,0.0,0.36958879232406616,0.5420152544975281,0.5238341093063354,0.6438990831375122,0.8687987327575684,1.4878257513046265,1.099542260169983,1.2189338207244873,1.4200019836425781,1.1685434579849243,0.9543542861938477,1.2860026359558105,1.398460030555725,1.1384462118148804,1.2078686952590942,1.5660713911056519,1.590459942817688,1.5120166540145874,1.7834455966949463,2.008018732070923,1.8291536569595337,1.578549861907959,1.8726623058319092,1.8987382650375366,1.5407389402389526,1.6239279508590698,1.952163815498352,1.8186843395233154,1.5980732440948486,1.896614909172058,2.1308207511901855,1.9700437784194946,2.024563789367676,2.3705413341522217,2.438047170639038,1.6161103248596191,1.615587592124939,1.8124028444290161,1.558272361755371,1.3357901573181152,1.6473309993743896,1.7592772245407104,1.4660990238189697,1.5048890113830566,1.8594087362289429,1.831942081451416,1.6745442152023315,1.980617642402649,2.2036991119384766,2.070420980453491,1.1099703311920166,0.7358033657073975,0.6929329037666321,0.9342111349105835,0.8038236498832703,0.5093334913253784,0.7929369807243347,1.0184822082519531,0.8892927765846252,0.8944914937019348,1.226815938949585,1.3702828884124756,1.352289080619812,1.5483304262161255,1.7940868139266968
A11,1.6192054748535156,1.4180121421813965,1.2209460735321045,1.035601258277893,0.9710461497306824,0.8382921814918518,0.593013346195221,0.477956086397171,0.535781741142273,0.36958879232406616,0.0,0.38265901803970337,0.5244972705841064,0.4885020852088928,0.6041733026504517,1.5510767698287964,1.1649070978164673,1.1707720756530762,1.4006693363189697,1.2182395458221436,0.9162432551383972,1.1774044036865234,1.3641282320022583,1.126522183418274,1.0811643600463867,1.4518979787826538,1.5407203435897827,1.4132355451583862,1.6301289796829224,1.9063434600830078,2.09057879447937,1.7999093532562256,2.067190408706665,2.1250860691070557,1.761976718902588,1.7767103910446167,2.110297679901123,1.9966294765472412,1.7252238988876343,1.9836050271987915,2.2468841075897217,2.069836139678955,2.060485601425171,2.4185595512390137,2.5101518630981445,1.9281151294708252,1.9074674844741821,2.132061719894409,1.9012030363082886,1.6497756242752075,1.9397599697113037,2.079007625579834,1.7814233303070068,1.7703070640563965,2.1307833194732666,2.119985818862915,1.920029640197754,2.2027533054351807,2.4521331787109375,2.3079662322998047,1.2667059898376465,0.9172759056091309,0.93687903881073,1.2391043901443481,1.1215927600860596,0.8701411485671997,1.1541359424591064,1.3862473964691162,1.2398008108139038,1.236232042312622,1.581695318222046,1.7154223918914795,1.6590240001678467,1.86192786693573,2.1272120475769043
A12,1.7928190231323242,1.5730044841766357,1.4542927742004395,1.251488447189331,1.083853006362915,1.002291202545166,0.8696296811103821,0.6191189289093018,0.5305727124214172,0.5420152544975281,0.38265901803970337,0.0,0.36986809968948364,0.5219876170158386,0.4783334732055664,1.6628469228744507,1.274003505706787,1.252520203590393,1.389468789100647,1.166972279548645,0.8539803624153137,1.0637142658233643,1.18242609500885,0.8872514367103577,0.8205779790878296,1.1915454864501953,1.2283269166946411,1.0628514289855957,1.308344841003418,1.577856183052063,2.1599433422088623,1.859000325202942,2.084620952606201,2.0915615558624268,1.7133973836898804,1.7207350730895996,2.01375412940979,1.8509221076965332,1.559288501739502,1.821946382522583,2.052661895751953,1.8257362842559814,1.8145369291305542,2.182159423828125,2.239490032196045,2.0341787338256836,1.950812816619873,2.1435067653656006,1.909393310546875,1.6233725547790527,1.8643360137939453,1.9909223318099976,1.6695775985717773,1.6067607402801514,1.9567784070968628,1.942467212677002,1.6917247772216797,1.9512008428573608,2.215446949005127,2.060255527496338,0.999617874622345,0.6907607913017273,0.8339293599128723,1.1449072360992432,1.0335248708724976,0.9049609899520874,1.2286118268966675,1.424623966217041,1.3312339782714844,1.4140644073486328,1.7287628650665283,1.8504573106765747,1.8627318143844604,2.0803654193878174,2.3048441410064697
A13,1.9737812280654907,1.7045775651931763,1.5729795694351196,1.4456998109817505,1.2731702327728271,1.0903880596160889,0.9932461380958557,0.8597065806388855,0.663779079914093,0.5238341093063354,0.5244972705841064,0.36986809968948364,0.0,0.3676943778991699,0.5300011038780212,1.9035768508911133,1.5081945657730103,1.5530883073806763,1.6946909427642822,1.4299081563949585,1.1623685359954834,1.4080084562301636,1.4818230867385864,1.152404546737671,1.1401768922805786,1.4982272386550903,1.465615153312683,1.2801622152328491,1.5660165548324585,1.8144291639328003,2.239973306655884,1.9851088523864746,2.240312099456787,2.210458993911743,1.8340208530426025,1.9094537496566772,2.19146466255188,1.9901994466781616,1.7414995431900024,2.043797731399536,2.234848737716675,1.9919235706329346,2.038031578063965,2.4015984535217285,2.4127933979034424,2.037106513977051,1.9927902221679688,2.1371450424194336,1.8530336618423462,1.6172484159469604,1.8763279914855957,1.9347838163375854,1.5879708528518677,1.5934168100357056,1.924867033958435,1.8420649766921997,1.6023478507995605,1.9041787385940552,2.1188225746154785,1.9162514209747314,0.806361973285675,0.5425949692726135,0.5472713708877563,0.9075472354888916,0.9132465720176697,0.7832520604133606,1.028157353401184,1.281104564666748,1.2743878364562988,1.316646933555603,1.5891469717025757,1.7739918231964111,1.8189817667007446,1.9817630052566528,2.209061622619629
A14,2.0847537517547607,1.8513718843460083,1.653010606765747,1.5102834701538086,1.4250376224517822,1.2372899055480957,1.0329999923706055,0.9522777795791626,0.8841723799705505,0.6438990831375122,0.4885020852088928,0.5219876170158386,0.3676943778991699,0.0,0.37660861015319824,2.0306060314178467,1.6395816802978516,1.6476236581802368,1.8490315675735474,1.6377849578857422,1.3318201303482056,1.5561931133270264,1.702091097831726,1.4066197872161865,1.3246543407440186,1.691969394683838,1.7203128337860107,1.5044291019439697,1.7373440265655518,2.0314791202545166,2.4673118591308594,2.2055509090423584,2.4779345989227295,2.48861026763916,2.116077423095703,2.169092893600464,2.4759178161621094,2.3059682846069336,2.042663097381592,2.324965476989746,2.5453667640686035,2.313530683517456,2.326059341430664,2.693596839904785,2.729597568511963,2.247836112976074,2.2429659366607666,2.4129481315612793,2.130507230758667,1.9114261865615845,2.194730520248413,2.2627506256103516,1.9241842031478882,1.945649266242981,2.2822279930114746,2.197516679763794,1.9668912887573242,2.271667718887329,2.4813008308410645,2.2673890590667725,1.1461738348007202,0.9081977009773254,0.84027498960495,1.2080365419387817,1.2349334955215454,1.0288959741592407,1.2260862588882446,1.5266709327697754,1.4915083646774292,1.4545021057128906,1.7471922636032104,1.9577513933181763,1.9430569410324097,2.079850912094116,2.3514797687530518
A15,2.191307306289673,1.9937689304351807,1.8213140964508057,1.6114768981933594,1.513197422027588,1.409895896911621,1.1963571310043335,1.005723476409912,0.9871304035186768,0.8687987327575684,0.6041733026504517,0.4783334732055664,0.5300011038780212,0.37660861015319824,0.0,2.068277359008789,1.6864328384399414,1.6169538497924805,1.7860260009765625,1.6113815307617188,1.2693687677383423,1.40875244140625,1.5690823793411255,1.291048526763916,1.120895266532898,1.4676557779312134,1.5258928537368774,1.2668689489364624,1.4490509033203125,1.7736438512802124,2.6193175315856934,2.321685314178467,2.5547542572021484,2.56970477104187,2.1916913986206055,2.191319465637207,2.482175350189209,2.314929246902466,2.0135631561279297,2.259570360183716,2.4863710403442383,2.23339581489563,2.1947989463806152,2.5652413368225098,2.6100339889526367,2.4631893634796143,2.4094901084899902,2.5949838161468506,2.338449716567993,2.0754077434539795,2.323470115661621,2.420949697494507,2.08130145072937,2.038052558898926,2.3746323585510254,2.3196141719818115,2.0465636253356934,2.3114936351776123,2.553865909576416,2.3476033210754395,1.2204954624176025,1.0152021646499634,1.0705406665802002,1.4346563816070557,1.4213308095932007,1.271859049797058,1.527389645576477,1.788665771484375,1.730972170829773,1.7467249631881714,2.0543527603149414,2.2284939289093018,2.217264413833618,2.39091420173645,2.650228261947632
B1,0.4090234935283661,0.6045674681663513,0.767022967338562,0.6280854940414429,0.6564188003540039,0.9806655049324036,1.0960041284561157,1.0816445350646973,1.2587127685546875,1.4878257513046265,1.5510767698287964,1.6628469228744507,1.9035768508911133,2.0306060314178467,2.068277359008789,0.0,0.39575937390327454,0.5453330278396606,0.6056579947471619,0.7252780795097351,0.9311311841011047,1.081971287727356,1.1843804121017456,1.3343157768249512,1.5053309202194214,1.616912841796875,1.7826179265975952,1.9776524305343628,2.1003425121307373,2.184845209121704,1.1369761228561401,0.7910028696060181,0.8981289267539978,1.1945868730545044,1.0485628843307495,0.8645836114883423,1.1998430490493774,1.3974214792251587,1.2544336318969727,1.3015120029449463,1.6403512954711914,1.758086919784546,1.7154812812805176,1.911110281944275,2.1709461212158203,1.3593683242797852,1.231642723083496,1.5968959331512451,1.6669623851776123,1.4119802713394165,1.5681780576705933,1.9116137027740479,1.869739055633545,1.761489987373352,2.0518500804901123,2.2736501693725586,2.233120918273926,2.367374897003174,2.6605989933013916,2.7448511123657227,2.214268207550049,1.858505368232727,1.9996848106384277,2.0319595336914062,1.6808555126190186,1.5598945617675781,1.8223021030426025,1.7276309728622437,1.3758165836334229,1.5283799171447754,1.7960635423660278,1.5939617156982422,1.4699604511260986,1.8317267894744873,1.9324212074279785
B2,0.5829848051071167,0.5436339378356934,0.6102535128593445,0.3739185929298401,0.286403089761734,0.6400391459465027,0.7406139969825745,0.6924505233764648,0.8680084943771362,1.099542260169983,1.1649070978164673,1.274003505706787,1.5081945657730103,1.6395816802978516,1.6864328384399414,0.39575937390327454,0.0,0.3721565902233124,0.547662079334259,0.5082453489303589,0.6152148246765137,0.8680452108383179,0.9962981939315796,1.0538195371627808,1.218435525894165,1.4017503261566162,1.5490671396255493,1.6941003799438477,1.8534804582595825,1.9767793416976929,1.219230055809021,0.8556063771247864,1.0523490905761719,1.2571271657943726,1.000016450881958,0.8825772404670715,1.2563952207565308,1.3468990325927734,1.1467058658599854,1.285187840461731,1.6193351745605469,1.6509239673614502,1.6259210109710693,1.884067177772522,2.0997045040130615,1.3188010454177856,1.2037428617477417,1.5487921237945557,1.529974341392517,1.2447484731674194,1.4549580812454224,1.7645025253295898,1.6521505117416382,1.5578086376190186,1.885753870010376,2.0614912509918213,1.982924222946167,2.1567587852478027,2.4502370357513428,2.487769365310669,1.8564069271087646,1.4887030124664307,1.6254301071166992,1.691396951675415,1.3531492948532104,1.2096645832061768,1.5021109580993652,1.4557383060455322,1.1161600351333618,1.2685608863830566,1.57551908493042,1.4397543668746948,1.33983314037323,1.692739486694336,1.8361831903457642
B3,0.8529036045074463,0.9068992137908936,0.9134606122970581,0.5797266960144043,0.5762112736701965,0.9107572436332703,0.8849711418151855,0.7234406471252441,0.9829490184783936,1.2189338207244873,1.1707720756530762,1.252520203590393,1.5530883073806763,1.6476236581802368,1.6169538497924805,0.5453330278396606,0.3721565902233124,0.0,0.3763110339641571,0.5376994013786316,0.5210318565368652,0.6323651075363159,0.8679201602935791,0.9938284158706665,1.0592666864395142,1.2125236988067627,1.4393815994262695,1.5701375007629395,1.6629183292388916,1.8126919269561768,1.5569267272949219,1.1807138919830322,1.3073387145996094,1.516364336013794,1.2598459720611572,1.0598182678222656,1.4029542207717896,1.501847743988037,1.2380237579345703,1.3121238946914673,1.6757862567901611,1.6852140426635742,1.578151822090149,1.8444809913635254,2.092048406600952,1.68915855884552,1.5529067516326904,1.8913509845733643,1.8711776733398438,1.560346245765686,1.743027687072754,2.0575475692749023,1.9207558631896973,1.7807691097259521,2.112996816635132,2.294868230819702,2.167340040206909,2.320324182510376,2.640134334564209,2.6652019023895264,1.9622752666473389,1.6019617319107056,1.7779631614685059,1.9004594087600708,1.5758894681930542,1.436697244644165,1.7635780572891235,1.7583123445510864,1.4385874271392822,1.5792053937911987,1.9077484607696533,1.7995001077651978,1.6915992498397827,2.034557580947876,2.1984524726867676
B4,0.9903981685638428,1.0322548151016235,1.1566355228424072,0.8809718489646912,0.7440885305404663,1.1015266180038452,1.1672816276550293,0.9514567852020264,1.1135938167572021,1.4200019836425781,1.4006693363189697,1.389468789100647,1.6946909427642822,1.8490315675735474,1.7860260009765625,0.6056579947471619,0.547662079334259,0.3763110339641571,0.0,0.3768962323665619,0.5397202372550964,0.5229599475860596,0.626672625541687,0.8613057136535645,0.984733521938324,1.033143162727356,1.2400517463684082,1.4484182596206665,1.525123953819275,1.6036224365234375,1.506423830986023,1.1220722198486328,1.1504710912704468,1.3284965753555298,1.0943447351455688,0.8187992572784424,1.113176941871643,1.2320101261138916,0.9593920707702637,0.9671514630317688,1.3398391008377075,1.3777005672454834,1.2463054656982422,1.4869754314422607,1.7564611434936523,1.7246869802474976,1.50954008102417,1.8267613649368286,1.8483402729034424,1.510559320449829,1.6173121929168701,1.9550563097000122,1.8470526933670044,1.645790934562683,1.9493844509124756,2.175046920776367,2.044623374938965,2.142256021499634,2.4793975353240967,2.544130802154541,1.9636706113815308,1.6416715383529663,1.8749723434448242,1.9572688341140747,1.6100513935089111,1.5562655925750732,1.896741509437561,1.835831880569458,1.5403896570205688,1.752980351448059,2.048768997192383,1.9041404724121094,1.8558285236358643,2.2148234844207764,2.3273987770080566
B5,1.0164341926574707,0.9147902131080627,1.0620673894882202,0.8408882021903992,0.5565260052680969,0.8654455542564392,1.007930874824524,0.7781787514686584,0.8267692923545837,1.1685434579849243,1.2182395458221436,1.166972279548645,1.4299081563949585,1.6377849578857422,1.6113815307617188,0.7252780795097351,0.5082453489303589,0.5376994013786316,0.3768962323665619,0.0,0.3687795400619507,0.5486104488372803,0.5214536786079407,0.6182667016983032,0.8527168035507202,0.9688752889633179,1.0747911930084229,1.2757760286331177,1.4388117790222168,1.5092484951019287,1.3492302894592285,0.9734621047973633,1.0587986707687378,1.150831937789917,0.8421492576599121,0.657034158706665,0.9808482527732849,0.9984369277954102,0.7132233381271362,0.8570424914360046,1.1926895380020142,1.174551248550415,1.1291618347167969,1.4126487970352173,1.614925503730774,1.5041381120681763,1.2751171588897705,1.5608463287353516,1.5378538370132446,1.1833956241607666,1.3041507005691528,1.6196366548538208,1.4837695360183716,1.2888633012771606,1.6092698574066162,1.8132109642028809,1.6799575090408325,1.8011205196380615,2.129974365234375,2.1816182136535645,1.6184639930725098,1.3024598360061646,1.5422658920288086,1.5977598428726196,1.2457629442214966,1.2300357818603516,1.574519395828247,1.4998705387115479,1.2355011701583862,1.4864927530288696,1.7667608261108398,1.6415376663208008,1.6488709449768066,1.9993760585784912,2.1007044315338135
B6,1.196515440940857,1.083655834197998,1.1105660200119019,0.8239229321479797,0.5932424068450928,0.8322649002075195,0.8478659987449646,0.5232741236686707,0.6384298801422119,0.9543542861938477,0.9162432551383972,0.8539803624153137,1.1623685359954834,1.3318201303482056,1.2693687677383423,0.9311311841011047,0.6152148246765137,0.5210318565368652,0.5397202372550964,0.3687795400619507,0.0,0.3752779960632324,0.5280218720436096,0.5012218952178955,0.6045175790786743,0.8327343463897705,0.9907927513122559,1.0908855199813843,1.2499064207077026,1.4068653583526611,1.6429040431976318,1.274061679840088,1.4094253778457642,1.4941819906234741,1.1575663089752197,1.0186793804168701,1.3323017358779907,1.2969210147857666,0.9760618805885315,1.1407856941223145,1.461182713508606,1.361433982849121,1.2823562622070312,1.6099680662155151,1.787158727645874,1.7144286632537842,1.5357239246368408,1.8115136623382568,1.722990870475769,1.373353123664856,1.5434821844100952,1.813989520072937,1.611546277999878,1.4410836696624756,1.7869174480438232,1.9336316585540771,1.7481955289840698,1.908197283744812,2.235931873321533,2.226109743118286,1.4846688508987427,1.150507926940918,1.3882445096969604,1.527500033378601,1.218932032585144,1.1506736278533936,1.5204685926437378,1.533031702041626,1.2896108627319336,1.4870415925979614,1.8071134090423584,1.753791093826294,1.737984538078308,2.063117504119873,2.2188494205474854
B7,1.4224512577056885,1.3814878463745117,1.42728590965271,1.1097227334976196,0.9324798583984375,1.2029645442962646,1.1862331628799438,0.8479551672935486,0.9840682744979858,1.2860026359558105,1.1774044036865234,1.0637142658233643,1.4080084562301636,1.5561931133270264,1.40875244140625,1.081971287727356,0.8680452108383179,0.6323651075363159,0.5229599475860596,0.5486104488372803,0.3752779960632324,0.0,0.3704671263694763,0.5356228947639465,0.4963146150112152,0.5837119221687317,0.8554245233535767,0.9864318370819092,1.0388987064361572,1.1875214576721191,1.8948845863342285,1.515061378479004,1.5747904777526855,1.6675829887390137,1.3651074171066284,1.145026683807373,1.3998560905456543,1.3921781778335571,1.0403095483779907,1.0984604358673096,1.4310286045074463,1.3294252157211304,1.1500557661056519,1.465109944343567,1.6816774606704712,2.0327625274658203,1.8192330598831177,2.0935163497924805,2.037490129470825,1.6744998693466187,1.7907075881958008,2.0767033100128174,1.8873833417892456,1.6639761924743652,1.9847681522369385,2.159111976623535,1.9456193447113037,2.0528066158294678,2.4032576084136963,2.4077725410461426,1.6989538669586182,1.4095231294631958,1.6863625049591064,1.8392488956451416,1.5407527685165405,1.5065393447875977,1.881547212600708,1.8897095918655396,1.6558960676193237,1.8620713949203491,2.1793155670166016,2.1129112243652344,2.09633469581604,2.429018497467041,2.5763890743255615
B8,1.5212986469268799,1.4351993799209595,1.5581700801849365,1.296351432800293,1.0305509567260742,1.2878026962280273,1.3661606311798096,1.03634774684906,1.0505297183990479,1.398460030555725,1.3641282320022583,1.18242609500885,1.4818230867385864,1.702091097831726,1.5690823793411255,1.1843804121017456,0.9962981939315796,0.8679201602935791,0.626672625541687,0.5214536786079407,0.5280218720436096,0.3704671263694763,0.0,0.36699339747428894,0.5188483595848083,0.4741811454296112,0.6149407029151917,0.8636887669563293,0.9639411568641663,1.0027772188186646,1.7989747524261475,1.4387409687042236,1.448194980621338,1.4706438779830933,1.1749521493911743,0.9588606953620911,1.1457582712173462,1.089292049407959,0.7252252697944641,0.7830690741539001,1.0850967168807983,0.9602249264717102,0.792279839515686,1.1225714683532715,1.3186768293380737,1.9685556888580322,1.7018473148345947,1.934528112411499,1.8952906131744385,1.5204030275344849,1.5712192058563232,1.854229211807251,1.6831119060516357,1.411414384841919,1.7023792266845703,1.903074026107788,1.6879923343658447,1.7486721277236938,2.109066963195801,2.146357536315918,1.585553526878357,1.346672773361206,1.6647385358810425,1.7589164972305298,1.4487764835357666,1.5036866664886475,1.872840404510498,1.826280117034912,1.6302759647369385,1.8956884145736694,2.172548770904541,2.0836007595062256,2.12837553024292,2.4650473594665527,2.5659713745117188
B9,1.606215000152588,1.4403884410858154,1.5242059230804443,1.2897895574569702,0.9863466024398804,1.147663950920105,1.2245465517044067,0.8831272721290588,0.7995803952217102,1.1384462118148804,1.126522183418274,0.8872514367103577,1.152404546737671,1.4066197872161865,1.291048526763916,1.3343157768249512,1.0538195371627808,0.9938284158706665,0.8613057136535645,0.6182667016983032,0.5012218952178955,0.5356228947639465,0.36699339747428894,0.0,0.36736592650413513,0.5295268297195435,0.5258354544639587,0.6687321066856384,0.8954758048057556,0.9889295101165771,1.8265151977539062,1.4876527786254883,1.5652457475662231,1.5382128953933716,1.1918190717697144,1.082974910736084,1.2903872728347778,1.1387742757797241,0.7870554327964783,0.9805967807769775,1.2176562547683716,1.0060542821884155,0.9391354322433472,1.3033074140548706,1.4070671796798706,1.9046403169631958,1.6656084060668945,1.8643895387649536,1.756819248199463,1.3870811462402344,1.4760950803756714,1.7045117616653442,1.4736610651016235,1.2306934595108032,1.5469245910644531,1.686505675315857,1.437765121459961,1.5502599477767944,1.8976905345916748,1.8825329542160034,1.2253412008285522,0.9919793605804443,1.3228318691253662,1.4358919858932495,1.1573660373687744,1.230271339416504,1.6011234521865845,1.5889458656311035,1.4425618648529053,1.7016520500183105,1.9740326404571533,1.9377161264419556,2.010861873626709,2.3200385570526123,2.436089277267456
B10,1.7976447343826294,1.670318841934204,1.6920348405838013,1.406253695487976,1.1735546588897705,1.3301067352294922,1.3043619394302368,0.9294434189796448,0.9325186610221863,1.2078686952590942,1.0811643600463867,0.8205779790878296,1.1401768922805786,1.3246543407440186,1.120895266532898,1.5053309202194214,1.218435525894165,1.0592666864395142,0.984733521938324,0.8527168035507202,0.6045175790786743,0.4963146150112152,0.5188483595848083,0.36736592650413513,0.0,0.37387722730636597,0.5391533970832825,0.5232790112495422,0.6576595902442932,0.8744039535522461,2.146097183227539,1.7916724681854248,1.8764640092849731,1.8837854862213135,1.5414739847183228,1.402463674545288,1.6162835359573364,1.4901212453842163,1.1293318271636963,1.2634748220443726,1.5110337734222412,1.2846707105636597,1.1398097276687622,1.4999128580093384,1.6161257028579712,2.211353302001953,1.9978351593017578,2.2126033306121826,2.0899884700775146,1.7266384363174438,1.8377749919891357,2.055471658706665,1.8027031421661377,1.5755465030670166,1.8905364274978638,2.003096580505371,1.7239481210708618,1.8414162397384644,2.1847610473632812,2.1308038234710693,1.3496613502502441,1.1291404962539673,1.4457594156265259,1.634607195854187,1.4026466608047485,1.4231805801391602,1.798640251159668,1.8485502004623413,1.700222373008728,1.9114830493927002,2.2132301330566406,2.21075701713562,2.2483625411987305,2.5474157333374023,2.701197385787964
B11,1.9562358856201172,1.8660931587219238,1.9396425485610962,1.6498037576675415,1.4103606939315796,1.6187103986740112,1.6274243593215942,1.2574622631072998,1.2646965980529785,1.5660713911056519,1.4518979787826538,1.1915454864501953,1.4982272386550903,1.691969394683838,1.4676557779312134,1.616912841796875,1.4017503261566162,1.2125236988067627,1.033143162727356,0.9688752889633179,0.8327343463897705,0.5837119221687317,0.4741811454296112,0.5295268297195435,0.37387722730636597,0.0,0.3766770362854004,0.5244631171226501,0.5023195147514343,0.6047506928443909,2.259530544281006,1.9041885137557983,1.9172143936157227,1.9138755798339844,1.6118303537368774,1.4181511402130127,1.5608289241790771,1.4534083604812622,1.093328833580017,1.1289867162704468,1.3548694849014282,1.1339606046676636,0.9015625715255737,1.235687255859375,1.377210021018982,2.3960342407226562,2.137547492980957,2.3442158699035645,2.266737937927246,1.892768144607544,1.9392461776733398,2.1769161224365234,1.9609006643295288,1.6802128553390503,1.9544206857681274,2.1111037731170654,1.8305814266204834,1.8751482963562012,2.2357170581817627,2.2243075370788574,1.5935072898864746,1.4232399463653564,1.7645905017852783,1.9154996871948242,1.6682929992675781,1.7355722188949585,2.1093661785125732,2.116107225418091,1.9663374423980713,2.2111213207244873,2.497037649154663,2.4576001167297363,2.510136604309082,2.8269758224487305,2.9511213302612305
B12,2.090139389038086,1.9425455331802368,2.047060251235962,1.8043711185455322,1.5077224969863892,1.6676772832870483,1.7342987060546875,1.3790878057479858,1.2822788953781128,1.590459942817688,1.5407203435897827,1.2283269166946411,1.465615153312683,1.7203128337860107,1.5258928537368774,1.7826179265975952,1.5490671396255493,1.4393815994262695,1.2400517463684082,1.0747911930084229,0.9907927513122559,0.8554245233535767,0.6149407029151917,0.5258354544639587,0.5391533970832825,0.3766770362854004,0.0,0.37184399366378784,0.5289614796638489,0.4840531647205353,2.237764358520508,1.9154330492019653,1.9238898754119873,1.8474606275558472,1.5428248643875122,1.4107434749603271,1.5018408298492432,1.3108179569244385,0.981279194355011,1.0727101564407349,1.207201361656189,0.9055622220039368,0.7534446716308594,1.1046411991119385,1.147353172302246,2.3525643348693848,2.075296640396118,2.2276291847229004,2.1327157020568848,1.7668691873550415,1.7742369174957275,1.9695838689804077,1.7450840473175049,1.4456201791763306,1.6876020431518555,1.8275312185287476,1.5259748697280884,1.54315984249115,1.900722861289978,1.88800847530365,1.3695961236953735,1.2737587690353394,1.6388108730316162,1.7456960678100586,1.5227586030960083,1.6656447649002075,2.019460439682007,2.0010135173797607,1.9090903997421265,2.184906482696533,2.43204402923584,2.401033878326416,2.508765459060669,2.8109090328216553,2.905935287475586
B13,2.262443780899048,2.09578537940979,2.141637086868286,1.8889366388320923,1.616925835609436,1.7218009233474731,1.7291185855865479,1.368651270866394,1.2664717435836792,1.5120166540145874,1.4132355451583862,1.0628514289855957,1.2801622152328491,1.5044291019439697,1.2668689489364624,1.9776524305343628,1.6941003799438477,1.5701375007629395,1.4484182596206665,1.2757760286331177,1.0908855199813843,0.9864318370819092,0.8636887669563293,0.6687321066856384,0.5232790112495422,0.5244631171226501,0.37184399366378784,0.0,0.36953839659690857,0.5368298292160034,2.4676318168640137,2.1441490650177,2.2015459537506104,2.1311302185058594,1.79766047000885,1.6993741989135742,1.8297656774520874,1.6208996772766113,1.2927294969558716,1.427349328994751,1.5633317232131958,1.2420705556869507,1.1211583614349365,1.4659219980239868,1.4731823205947876,2.519071340560913,2.2797420024871826,2.428255796432495,2.2826926708221436,1.9294272661209106,1.9835021495819092,2.139209508895874,1.8656067848205566,1.611020565032959,1.8692266941070557,1.943326711654663,1.6077884435653687,1.6750179529190063,2.007112979888916,1.9226129055023193,1.239817500114441,1.175171136856079,1.524470567703247,1.6940664052963257,1.533707618713379,1.6484116315841675,1.9948662519454956,2.0404319763183594,1.9772255420684814,2.212681770324707,2.4726197719573975,2.4961299896240234,2.5945627689361572,2.8709170818328857,3.0003254413604736
