,A1,A2,A3,A4,A5,A6,A7,A8,A9,A10,A11,A12,A13,A14,A15,B1,B2,B3,B4,B5,B6,B7,B8,B9,B10,B11,B12,B13,B14,B15,C1,C2,C3,C4,C5,C6,C7,C8,C9,C10,C11,C12,C13,C14,C15,D1,D2,D3,D4,D5,D6,D7,D8,D9,D10,D11,D12,D13,D14,D15,E1,E2,E3,E4,E5,E6,E7,E8,E9,E10,E11,E12,E13,E14,E15
A1,0.0,0.39173465967178345,0.54347825050354,0.5834514498710632,0.6951954960823059,0.9006045460700989,1.0265347957611084,1.122194766998291,1.2765731811523438,1.437172293663025,1.5594735145568848,1.7133121490478516,1.8971521854400635,2.0366129875183105,2.1561434268951416,1.786548137664795,1.6769014596939087,1.6218206882476807,1.3313709497451782,1.1719883680343628,1.268664002418518,1.1477713584899902,0.7919236421585083,0.8328794240951538,1.0107158422470093,0.7904579639434814,0.5448412299156189,0.8915456533432007,0.9964669942855835,0.7661014795303345,2.2848424911499023,2.0069797039031982,2.0219295024871826,1.9012565612792969,1.5991953611373901,1.5245281457901,1.5933618545532227,1.3603630065917969,1.0699079036712646,1.1826276779174805,1.2294825315475464,0.8748542070388794,0.8070757389068604,1.1131752729415894,1.036142349243164,2.3733935356140137,2.125772476196289,2.3386080265045166,2.259458065032959,1.8810633420944214,1.9514241218566895,2.186713933944702,1.94283926486969,1.671988844871521,1.9583626985549927,2.0971121788024902,1.7882227897644043,1.8183237314224243,2.1795668601989746,2.135910987854004,1.4946962594985962,1.1838196516036987,1.424983024597168,1.6587042808532715,1.4287506341934204,1.3413643836975098,1.7063770294189453,1.8088232278823853,1.61411452293396,1.752638339996338,2.0885732173919678,2.083796977996826,2.0438265800476074,2.3383524417877197,2.544553518295288
A2,0.39173465967178345,0.0,0.36704909801483154,0.5435006022453308,0.5031026005744934,0.5965706706047058,0.8320527672767639,0.963989794254303,1.0184516906738281,1.1670169830322266,1.3666967153549194,1.5020134449005127,1.6283071041107178,1.8040467500686646,1.9618089199066162,1.727595567703247,1.5405813455581665,1.517307996749878,1.2958842515945435,1.0529215335845947,1.084847092628479,1.0566511154174805,0.7345947027206421,0.5947734713554382,0.8098506331443787,0.7350737452507019,0.3961896598339081,0.6542403697967529,0.8966943621635437,0.7782362699508667,2.0759410858154297,1.8132004737854004,1.891679286956787,1.7647008895874023,1.4239896535873413,1.4177370071411133,1.546223521232605,1.284144401550293,0.9985148906707764,1.2219310998916626,1.2974520921707153,0.9536646008491516,0.9883939027786255,1.3286240100860596,1.2564927339553833,2.1218369007110596,1.8884954452514648,2.0687854290008545,1.9488489627838135,1.5795706510543823,1.6693435907363892,1.867051601409912,1.593313217163086,1.346976637840271,1.6499637365341187,1.7501438856124878,1.4362783432006836,1.513716220855713,1.8623838424682617,1.7949527502059937,1.1151752471923828,0.7961322665214539,1.0570143461227417,1.2747505903244019,1.0549989938735962,1.0025981664657593,1.3667943477630615,1.4663065671920776,1.319049596786499,1.4802112579345703,1.7907788753509521,1.812522292137146,1.8235719203948975,2.1010701656341553,2.291325569152832
A3,0.54347825050354,0.36704909801483154,0.0,0.3712168335914612,0.533717691898346,0.49821704626083374,0.5927750468254089,0.8378883004188538,0.9608489274978638,1.004797101020813,1.1743391752243042,1.392188310623169,1.5071219205856323,1.6153652667999268,1.8023090362548828,1.9987432956695557,1.817338228225708,1.840319275856018,1.6153671741485596,1.3440372943878174,1.407716989517212,1.415557861328125,1.0843501091003418,0.9299965500831604,1.1571992635726929,1.0897501707077026,0.7278091311454773,0.9125556945800781,1.1626100540161133,0.979597270488739,2.186948537826538,1.9754759073257446,2.041916847229004,1.8529103994369507,1.538138747215271,1.591813087463379,1.6618975400924683,1.3426259756088257,1.1383438110351562,1.3776417970657349,1.3558495044708252,0.9914556741714478,1.1186652183532715,1.400625228881836,1.2304426431655884,2.348982810974121,2.0883004665374756,2.221956968307495,2.1019299030303955,1.7427022457122803,1.7738975286483765,1.9373403787612915,1.6665016412734985,1.3883459568023682,1.634804368019104,1.7200970649719238,1.3713462352752686,1.3892897367477417,1.729265570640564,1.6507540941238403,1.092619776725769,0.8754082918167114,1.2033500671386719,1.3946644067764282,1.199389934539795,1.2435598373413086,1.5934797525405884,1.6633731126785278,1.5640913248062134,1.7672489881515503,2.0453810691833496,2.0616848468780518,2.118013858795166,2.3968706130981445,2.5576303005218506
A4,0.5834514498710632,0.5435006022453308,0.3712168335914612,0.0,0.3791058659553528,0.5299925208091736,0.48470380902290344,0.5939810276031494,0.8330477476119995,0.9365454912185669,0.9978033900260925,1.2001756429672241,1.3972532749176025,1.486153244972229,1.60563325881958,1.847948431968689,1.7184027433395386,1.7875584363937378,1.5304259061813354,1.259521245956421,1.417296290397644,1.4458602666854858,1.087084174156189,1.0093644857406616,1.3082129955291748,1.2325470447540283,0.9284438490867615,1.18869948387146,1.4270703792572021,1.2414112091064453,2.0154311656951904,1.8191345930099487,1.8276745080947876,1.6121928691864014,1.3421399593353271,1.3833791017532349,1.3849523067474365,1.0556049346923828,0.9002166390419006,1.1084094047546387,1.0221190452575684,0.6600183844566345,0.8550506830215454,1.0908938646316528,0.8973392844200134,2.3069725036621094,2.0027592182159424,2.1417322158813477,2.0827412605285645,1.7156469821929932,1.685917615890503,1.8928961753845215,1.6833571195602417,1.3540970087051392,1.5636271238327026,1.7247921228408813,1.4113163948059082,1.348636269569397,1.7122172117233276,1.7135881185531616,1.3446940183639526,1.1194374561309814,1.456220269203186,1.5896259546279907,1.3242708444595337,1.3902406692504883,1.7516229152679443,1.7544753551483154,1.6057279109954834,1.8502260446548462,2.124934673309326,2.074596881866455,2.126694679260254,2.4416794776916504,2.5721914768218994
A5,0.6951954960823059,0.5031026005744934,0.533717691898346,0.3791058659553528,0.0,0.3720919191837311,0.5309902429580688,0.4952003061771393,0.5883645415306091,0.8139846920967102,0.9444180130958557,1.0358022451400757,1.2231143712997437,1.4009596109390259,1.5041542053222656,1.5405181646347046,1.373252034187317,1.469388723373413,1.2544993162155151,0.9382038116455078,1.0911914110183716,1.1884781122207642,0.865476131439209,0.738303542137146,1.0837633609771729,1.1000887155532837,0.8475742340087891,1.0811797380447388,1.3649916648864746,1.278002142906189,1.6817046403884888,1.4665132761001587,1.5111843347549438,1.3241182565689087,1.012940526008606,1.0685580968856812,1.140570044517517,0.8260642886161804,0.6252657771110535,0.9178183078765869,0.926141619682312,0.622148334980011,0.8252881169319153,1.1196199655532837,1.0370550155639648,1.9280682802200317,1.6277709007263184,1.7739821672439575,1.7153593301773071,1.343636393547058,1.332277774810791,1.5580723285675049,1.3551826477050781,1.0333952903747559,1.283690094947815,1.4645735025405884,1.1887272596359253,1.174438238143921,1.5478041172027588,1.5739402770996094,1.2003792524337769,0.9321393370628357,1.2441362142562866,1.3273627758026123,1.0153933763504028,1.085662841796875,1.4422968626022339,1.4086614847183228,1.2420754432678223,1.507364273071289,1.769553780555725,1.7010093927383423,1.7652465105056763,2.0839083194732666,2.1995668411254883
A6,0.9006045460700989,0.5965706706047058,0.49821704626083374,0.5299925208091736,0.3720919191837311,0.0,0.3680412173271179,0.5298492908477783,0.4944283664226532,0.5724559426307678,0.8196002840995789,0.9653523564338684,1.0458072423934937,1.2179970741271973,1.4065638780593872,1.8021318912506104,1.5768157243728638,1.6835851669311523,1.5261913537979126,1.18079674243927,1.2490793466567993,1.3886668682098389,1.1080803871154785,0.8666123747825623,1.1672180891036987,1.245898962020874,0.938718318939209,1.0552386045455933,1.3917924165725708,1.3278918266296387,1.756477952003479,1.588144302368164,1.6954188346862793,1.4847509860992432,1.1627273559570312,1.3084243535995483,1.4070016145706177,1.0700830221176147,0.9337965250015259,1.2634179592132568,1.2547653913497925,0.9671178460121155,1.1943063735961914,1.476182460784912,1.3492283821105957,1.9781463146209717,1.7008814811706543,1.7847096920013428,1.6660507917404175,1.3222328424453735,1.3134793043136597,1.454795002937317,1.2010133266448975,0.9020729660987854,1.1366995573043823,1.2364367246627808,0.9073571562767029,0.9262087345123291,1.2806018590927124,1.2487856149673462,0.8829431533813477,0.6971263289451599,1.0531494617462158,1.1134084463119507,0.8599599003791809,1.0229765176773071,1.3478904962539673,1.3208974599838257,1.2542171478271484,1.5301580429077148,1.7489049434661865,1.7298575639724731,1.8551172018051147,2.137404680252075,2.238523483276367
A7,1.0265347957611084,0.8320527672767639,0.5927750468254089,0.48470380902290344,0.5309902429580688,0.3680412173271179,0.0,0.37709328532218933,0.5424962639808655,0.4859880805015564,0.5845637917518616,0.8482426404953003,0.9733850359916687,1.036027431488037,1.2174336910247803,2.007739782333374,1.8259426355361938,1.9636123180389404,1.7748498916625977,1.438611626625061,1.5661307573318481,1.6950515508651733,1.3822401762008667,1.196768045425415,1.5096666812896729,1.5405893325805664,1.2176592350006104,1.3712178468704224,1.6834038496017456,1.5558196306228638,1.8671585321426392,1.7500406503677368,1.805745244026184,1.5361343622207642,1.2788714170455933,1.446067452430725,1.4535514116287231,1.0805529356002808,1.0427451133728027,1.3358979225158691,1.2209959030151367,0.9415352940559387,1.234786868095398,1.4411827325820923,1.2363039255142212,2.239511728286743,1.9281727075576782,1.9840612411499023,1.9036939144134521,1.5747483968734741,1.4888685941696167,1.6223201751708984,1.4190216064453125,1.0842220783233643,1.21956467628479,1.3470027446746826,1.0229932069778442,0.9065448641777039,1.2545104026794434,1.263081431388855,1.1352459192276,1.0285338163375854,1.3951081037521362,1.4384361505508423,1.19692862033844,1.3874094486236572,1.7042025327682495,1.6473783254623413,1.5814311504364014,1.8782070875167847,2.0839457511901855,2.034451723098755,2.1700000762939453,2.4667842388153076,2.5432419776916504
A8,1.122194766998291,0.963989794254303,0.8378883004188538,0.5939810276031494,0.4952003061771393,0.5298492908477783,0.37709328532218933,0.0,0.3725428283214569,0.5185616612434387,0.48161935806274414,0.6106638312339783,0.8575385212898254,0.9650698304176331,1.0354028940200806,1.747485876083374,1.601181983947754,1.788116216659546,1.6008943319320679,1.2648828029632568,1.459002137184143,1.6229438781738281,1.3236688375473022,1.1892751455307007,1.544477105140686,1.593341588973999,1.3319575786590576,1.5295696258544922,1.8375790119171143,1.7375515699386597,1.5619982481002808,1.4564948081970215,1.4699121713638306,1.1820611953735352,0.9627360701560974,1.1371322870254517,1.102718472480774,0.7240166068077087,0.7677636742591858,1.0567808151245117,0.9212713837623596,0.725824236869812,1.068337082862854,1.240277647972107,1.0871210098266602,2.038551092147827,1.6934946775436401,1.7574511766433716,1.7416534423828125,1.4115477800369263,1.2715299129486084,1.4613428115844727,1.3334804773330688,0.9627140164375305,1.072156310081482,1.298592209815979,1.0547701120376587,0.8889632225036621,1.2562565803527832,1.3656703233718872,1.3550127744674683,1.2029411792755127,1.5422430038452148,1.534119725227356,1.2258005142211914,1.4122322797775269,1.725845217704773,1.6043108701705933,1.4859039783477783,1.8120821714401245,2.007028579711914,1.8915096521377563,2.022334098815918,2.3455381393432617,2.389935255050659
A9,1.2765731811523438,1.0184516906738281,0.9608489274978638,0.8330477476119995,0.5883645415306091,0.4944283664226532,0.5424962639808655,0.3725428283214569,0.0,0.3691558539867401,0.5369998812675476,0.5111307501792908,0.6445791721343994,0.8819178938865662,0.9946017265319824,1.6622800827026367,1.4500070810317993,1.659818172454834,1.5462702512741089,1.1756974458694458,1.3080915212631226,1.540885329246521,1.3047770261764526,1.0949928760528564,1.436404824256897,1.572540521621704,1.3348177671432495,1.4594172239303589,1.8030153512954712,1.7773529291152954,1.3392910957336426,1.246005892753601,1.3446381092071533,1.0826114416122437,0.8106089234352112,1.06161367893219,1.1259287595748901,0.7869651913642883,0.8111103177070618,1.1628180742263794,1.12459397315979,0.9718842506408691,1.2742481231689453,1.495289921760559,1.404902696609497,1.749945878982544,1.4246245622634888,1.4524537324905396,1.3996436595916748,1.08486807346344,0.9533442854881287,1.1088252067565918,0.9622533917427063,0.5936238765716553,0.7352808117866516,0.9499610662460327,0.7270877361297607,0.6294658184051514,1.0032440423965454,1.1138389110565186,1.1379929780960083,1.0102789402008057,1.3165907859802246,1.2394105195999146,0.9286147356033325,1.1706138849258423,1.4420524835586548,1.2812292575836182,1.2089301347732544,1.5549975633621216,1.705446481704712,1.5995389223098755,1.7775509357452393,2.0779664516448975,2.0990803241729736
A10,1.437172293663025,1.1670169830322266,1.004797101020813,0.9365454912185669,0.8139846920967102,0.5724559426307678,0.4859880805015564,0.5185616612434387,0.3691558539867401,0.0,0.37761008739471436,0.5332313179969788,0.514411449432373,0.6522839665412903,0.8877929449081421,2.029798746109009,1.8052278757095337,2.00561785697937,1.8958159685134888,1.523827075958252,1.6213818788528442,1.8429619073867798,1.5963280200958252,1.3518638610839844,1.6640074253082275,1.7943679094314575,1.5058225393295288,1.5851342678070068,1.9406499862670898,1.8915085792541504,1.5999817848205566,1.5623257160186768,1.6743541955947876,1.3872554302215576,1.1531776189804077,1.4258795976638794,1.4649463891983032,1.1120123863220215,1.1619454622268677,1.5014172792434692,1.4136911630630493,1.2311360836029053,1.551425814628601,1.7538244724273682,1.5972009897232056,2.0240426063537598,1.7186236381530762,1.690701961517334,1.599416732788086,1.3289577960968018,1.1868599653244019,1.241506576538086,1.0715161561965942,0.7523138523101807,0.7894415855407715,0.8977645635604858,0.6101242303848267,0.42198291420936584,0.7793519496917725,0.8492115139961243,1.058491587638855,1.0498085021972656,1.3787733316421509,1.295755386352539,1.0687456130981445,1.360416054725647,1.6050665378570557,1.4647579193115234,1.470421314239502,1.8065158128738403,1.9300358295440674,1.8653162717819214,2.0753824710845947,2.3485970497131348,2.3621437549591064
A11,1.5594735145568848,1.3666967153549194,1.1743391752243042,0.9978033900260925,0.9444180130958557,0.8196002840995789,0.5845637917518616,0.48161935806274414,0.5369998812675476,0.37761008739471436,0.0,0.3791268467903137,0.5327349305152893,0.5027061700820923,0.6347864270210266,2.1034982204437256,1.9366259574890137,2.1662845611572266,2.024146556854248,1.6697288751602173,1.8353185653686523,2.0453202724456787,1.7721847295761108,1.5888811349868774,1.9293298721313477,2.01969051361084,1.7363585233688354,1.8736848831176758,2.2097740173339844,2.1195178031921387,1.620712161064148,1.6265403032302856,1.664473533630371,1.3287805318832397,1.1838380098342896,1.4517087936401367,1.39487886428833,1.0363266468048096,1.1860387325286865,1.4732471704483032,1.3006020784378052,1.172913908958435,1.532476782798767,1.6577019691467285,1.4702547788619995,2.2050588130950928,1.862338662147522,1.8303924798965454,1.8083401918411255,1.5460871458053589,1.3337355852127075,1.4223018884658813,1.33797287940979,0.9951149821281433,0.9427347779273987,1.1312679052352905,0.925190806388855,0.6196145415306091,0.9202960729598999,1.08607816696167,1.430126667022705,1.4031596183776855,1.740311861038208,1.6622462272644043,1.4077638387680054,1.679741621017456,1.9389859437942505,1.7725722789764404,1.7356351613998413,2.086069345474243,2.2141780853271484,2.1003904342651367,2.2977070808410645,2.5963194370269775,2.5884933471679688
A12,1.7133121490478516,1.5020134449005127,1.392188310623169,1.2001756429672241,1.0358022451400757,0.9653523564338684,0.8482426404953003,0.6106638312339783,0.5111307501792908,0.5332313179969788,0.3791268467903137,0.0,0.37162041664123535,0.5217297673225403,0.4988730251789093,1.8938519954681396,1.7286770343780518,2.003617286682129,1.9056154489517212,1.5517925024032593,1.7278639078140259,1.9858893156051636,1.7597352266311646,1.584704041481018,1.932334065437317,2.067955493927002,1.8362842798233032,1.969509482383728,2.312798023223877,2.2714524269104004,1.2607874870300293,1.3113195896148682,1.3560779094696045,1.0155625343322754,0.9156332015991211,1.2309218645095825,1.1857268810272217,0.8785032629966736,1.0912961959838867,1.3796589374542236,1.249705195426941,1.213422179222107,1.5635485649108887,1.6868129968643188,1.5747686624526978,1.9198397397994995,1.5665302276611328,1.5079317092895508,1.5313210487365723,1.3000380992889404,1.0314853191375732,1.135802149772644,1.1360260248184204,0.7995315790176392,0.6810439229011536,0.9634682536125183,0.8764856457710266,0.5804176926612854,0.861678957939148,1.1198146343231201,1.5304319858551025,1.4796996116638184,1.774631142616272,1.636468529701233,1.3508710861206055,1.6294193267822266,1.8544760942459106,1.6254773139953613,1.5767070055007935,1.9444223642349243,2.034083843231201,1.8735430240631104,2.0891635417938232,2.388310194015503,2.3382890224456787
A13,1.8971521854400635,1.6283071041107178,1.5071219205856323,1.3972532749176025,1.2231143712997437,1.0458072423934937,0.9733850359916687,0.8575385212898254,0.6445791721343994,0.514411449432373,0.5327349305152893,0.37162041664123535,0.0,0.37350699305534363,0.5407184362411499,2.102729558944702,1.8843623399734497,2.153679370880127,2.1017587184906006,1.730637788772583,1.8401970863342285,2.12434458732605,1.9280344247817993,1.692133903503418,2.0074474811553955,2.1873397827148438,1.942368507385254,2.0079219341278076,2.372551441192627,2.3626604080200195,1.3526009321212769,1.4397263526916504,1.5622035264968872,1.2552903890609741,1.1264032125473022,1.4725618362426758,1.4915904998779297,1.2011511325836182,1.3650200366973877,1.6867936849594116,1.5952059030532837,1.5252940654754639,1.862952709197998,2.02239990234375,1.9035519361495972,1.925127387046814,1.6147326231002808,1.4901533126831055,1.4487574100494385,1.274090051651001,1.0224543809890747,0.9997655749320984,0.9773181080818176,0.7173214554786682,0.5015465021133423,0.6723763346672058,0.6208941340446472,0.2812623381614685,0.4916590750217438,0.7801089286804199,1.384108543395996,1.4200345277786255,1.6883115768432617,1.5010437965393066,1.281644344329834,1.611707329750061,1.7828774452209473,1.5459132194519043,1.583651065826416,1.9456050395965576,1.9850037097930908,1.8661797046661377,2.1308653354644775,2.3892202377319336,2.321268081665039
A14,2.0366129875183105,1.8040467500686646,1.6153652667999268,1.486153244972229,1.4009596109390259,1.2179970741271973,1.036027431488037,0.9650698304176331,0.8819178938865662,0.6522839665412903,0.5027061700820923,0.5217297673225403,0.37350699305534363,0.0,0.3759678304195404,2.402188539505005,2.21124005317688,2.4773778915405273,2.391803503036499,2.0257625579833984,2.159060001373291,2.417618989944458,2.185379981994629,1.9644057750701904,2.2871134281158447,2.429835557937622,2.152402877807617,2.234689474105835,2.5925662517547607,2.537754774093628,1.653157353401184,1.763484001159668,1.8397914171218872,1.5009971857070923,1.4179893732070923,1.7470484972000122,1.7032835483551025,1.3924517631530762,1.589001178741455,1.8833993673324585,1.7241575717926025,1.648473858833313,2.0089573860168457,2.1240880489349365,1.9501827955245972,2.291557788848877,1.9717315435409546,1.8440744876861572,1.8170151710510254,1.6462873220443726,1.3852828741073608,1.3574769496917725,1.3405542373657227,1.0837918519973755,0.8663725256919861,0.9836505055427551,0.9007329940795898,0.5280309915542603,0.6112311482429504,0.8789277076721191,1.5901706218719482,1.6599925756454468,1.9576447010040283,1.800228238105774,1.601845622062683,1.9295645952224731,2.1186046600341797,1.903666377067566,1.9404053688049316,2.300205945968628,2.352264404296875,2.237656354904175,2.494734287261963,2.7593116760253906,2.6940066814422607
A15,2.1561434268951416,1.9618089199066162,1.8023090362548828,1.60563325881958,1.5041542053222656,1.4065638780593872,1.2174336910247803,1.0354028940200806,0.9946017265319824,0.8877929449081421,0.6347864270210266,0.4988730251789093,0.5407184362411499,0.3759678304195404,0.0,2.3162524700164795,2.1730730533599854,2.4708664417266846,2.3815226554870605,2.036442995071411,2.217721700668335,2.482800006866455,2.2553560733795166,2.0812599658966064,2.4256653785705566,2.559419631958008,2.3120062351226807,2.43603777885437,2.783996105194092,2.7260642051696777,1.5009198188781738,1.6558802127838135,1.6732829809188843,1.3166171312332153,1.3280061483383179,1.6492297649383545,1.5464667081832886,1.2812625169754028,1.5511980056762695,1.7980848550796509,1.6127712726593018,1.6186096668243408,1.9829171895980835,2.0458803176879883,1.8993762731552124,2.2707977294921875,1.9251713752746582,1.7977668046951294,1.8470382690429688,1.6886367797851562,1.3747944831848145,1.3967880010604858,1.4676260948181152,1.1964638233184814,0.9476437568664551,1.1667494773864746,1.158774733543396,0.7977365851402283,0.8891811370849609,1.2121995687484741,1.887428641319275,1.9055187702178955,2.199096441268921,2.0329415798187256,1.7883623838424683,2.0944554805755615,2.2898221015930176,2.039416551589966,2.028609275817871,2.3992345333099365,2.4482550621032715,2.278366804122925,2.521817445755005,2.806047201156616,2.7136738300323486
B1,1.786548137664795,1.727595567703247,1.9987432956695557,1.847948431968689,1.5405181646347046,1.8021318912506104,2.007739782333374,1.747485876083374,1.6622800827026367,2.029798746109009,2.1034982204437256,1.8938519954681396,2.102729558944702,2.402188539505005,2.3162524700164795,0.0,0.3834606111049652,0.5294811129570007,0.5673569440841675,0.6927563548088074,0.8917156457901001,1.0186597108840942,1.120553731918335,1.2843830585479736,1.4462881088256836,1.5553019046783447,1.7136839628219604,1.9054818153381348,2.0418174266815186,2.151787519454956,1.2597626447677612,0.8967828750610352,0.8325509428977966,1.0979427099227905,0.9969227910041809,0.6754218339920044,0.9159098267555237,1.1682446002960205,1.0119253396987915,0.9274091124534607,1.2733004093170166,1.4145394563674927,1.3196889162063599,1.4887981414794922,1.7802263498306274,1.1805347204208374,0.9900794625282288,1.3413656949996948,1.4997437000274658,1.2700351476669312,1.3497390747070312,1.7019742727279663,1.7278193235397339,1.606034278869629,1.834890604019165,2.105980157852173,2.0963902473449707,2.155768871307373,2.4495508670806885,2.5920093059539795,2.277094602584839,1.9533283710479736,2.006824016571045,1.9722381830215454,1.6442058086395264,1.5166457891464233,1.6760892868041992,1.5356472730636597,1.1774709224700928,1.2717090845108032,1.4619011878967285,1.1809905767440796,1.003680944442749,1.346816897392273,1.4095655679702759
B2,1.6769014596939087,1.5405813455581665,1.817338228225708,1.7184027433395386,1.373252034187317,1.5768157243728638,1.8259426355361938,1.601181983947754,1.4500070810317993,1.8052278757095337,1.9366259574890137,1.7286770343780518,1.8843623399734497,2.21124005317688,2.1730730533599854,0.3834606111049652,0.0,0.3716529607772827,0.5418486595153809,0.5052746534347534,0.6014838814735413,0.8422253131866455,0.975014865398407,1.0386662483215332,1.1934049129486084,1.3806415796279907,1.517115831375122,1.652620553970337,1.8272268772125244,1.9760730266571045,1.1358948945999146,0.7469133734703064,0.8414626121520996,1.065375804901123,0.8596563339233398,0.6396051049232483,0.9842604994773865,1.136478304862976,0.9459046125411987,1.0042377710342407,1.3430943489074707,1.4073588848114014,1.3649895191192627,1.605012059211731,1.8405154943466187,0.9107658863067627,0.7282670736312866,1.0881544351577759,1.1772347688674927,0.9291361570358276,1.0763940811157227,1.4060128927230835,1.3918317556381226,1.3091355562210083,1.5707240104675293,1.8017586469650269,1.7935987710952759,1.9009490013122559,2.1814229488372803,2.294468879699707,1.9482390880584717,1.6380901336669922,1.6639989614486694,1.6064094305038452,1.2920907735824585,1.1665328741073608,1.302449107170105,1.1532680988311768,0.79653000831604,0.9083009958267212,1.0965334177017212,0.829031765460968,0.6929923295974731,1.0614205598831177,1.1373658180236816
B3,1.6218206882476807,1.517307996749878,1.840319275856018,1.7875584363937378,1.469388723373413,1.6835851669311523,1.9636123180389404,1.788116216659546,1.659818172454834,2.00561785697937,2.1662845611572266,2.003617286682129,2.153679370880127,2.4773778915405273,2.4708664417266846,0.5294811129570007,0.3716529607772827,0.0,0.372892826795578,0.537221372127533,0.5024985074996948,0.6000665426254272,0.8459869623184204,0.9748936295509338,1.025575876235962,1.1834955215454102,1.4022388458251953,1.525766372680664,1.6324223279953003,1.809350848197937,1.5033860206604004,1.1152886152267456,1.2023732662200928,1.4156416654586792,1.1831552982330322,0.9397397637367249,1.2608981132507324,1.3887465000152588,1.1231509447097778,1.146174669265747,1.5104764699935913,1.5222641229629517,1.400344967842102,1.668602705001831,1.920032024383545,1.11929190158844,1.034530520439148,1.3949816226959229,1.4230200052261353,1.1743687391281128,1.385509729385376,1.6894125938415527,1.6144014596939087,1.5490434169769287,1.8511461019515991,2.0446512699127197,1.995511770248413,2.137260675430298,2.429415464401245,2.497403860092163,1.9987295866012573,1.6585540771484375,1.638372540473938,1.6472886800765991,1.373325228691101,1.1517008543014526,1.2829833030700684,1.2382370233535767,0.8782113194465637,0.8516260385513306,1.111109972000122,0.9411690831184387,0.6800347566604614,1.0058698654174805,1.193566083908081
B4,1.3313709497451782,1.2958842515945435,1.6153671741485596,1.5304259061813354,1.2544993162155151,1.5261913537979126,1.7748498916625977,1.6008943319320679,1.5462702512741089,1.8958159685134888,2.024146556854248,1.9056154489517212,2.1017587184906006,2.391803503036499,2.3815226554870605,0.5673569440841675,0.5418486595153809,0.372892826795578,0.0,0.38054946064949036,0.5309225916862488,0.49088799953460693,0.6006720662117004,0.8426854014396667,0.9541889429092407,1.00520658493042,1.2064274549484253,1.4119772911071777,1.5025060176849365,1.609487771987915,1.6044350862503052,1.2195627689361572,1.230098843574524,1.3783808946609497,1.1395329236984253,0.8504371047019958,1.107916235923767,1.2082509994506836,0.9008574485778809,0.8662957549095154,1.2322146892547607,1.2238130569458008,1.053615689277649,1.3233321905136108,1.5826815366744995,1.4187653064727783,1.2522599697113037,1.5987577438354492,1.636189579963684,1.329635500907898,1.4851487874984741,1.815011978149414,1.7181651592254639,1.573984146118164,1.8790345191955566,2.0988759994506836,1.9957249164581299,2.0948731899261475,2.421952486038208,2.490929365158081,1.973791241645813,1.6104973554611206,1.6567707061767578,1.7188612222671509,1.413935661315918,1.2045040130615234,1.42746102809906,1.4081467390060425,1.0418866872787476,1.0809009075164795,1.3882728815078735,1.2346394062042236,1.0256478786468506,1.359654426574707,1.547979474067688
B5,1.1719883680343628,1.0529215335845947,1.3440372943878174,1.259521245956421,0.9382038116455078,1.18079674243927,1.438611626625061,1.2648828029632568,1.1756974458694458,1.523827075958252,1.6697288751602173,1.5517925024032593,1.730637788772583,2.0257625579833984,2.036442995071411,0.6927563548088074,0.5052746534347534,0.537221372127533,0.38054946064949036,0.0,0.3662324547767639,0.5344827175140381,0.5040280222892761,0.5999955534934998,0.8299844264984131,0.953283429145813,1.0445541143417358,1.2373759746551514,1.4174586534500122,1.513304591178894,1.3797062635421753,1.0127202272415161,1.0762125253677368,1.1484959125518799,0.8446407318115234,0.6416455507278442,0.9374133348464966,0.9460653066635132,0.6285353899002075,0.7458871603012085,1.0748984813690186,1.0229346752166748,0.9621149897575378,1.2696071863174438,1.4599106311798096,1.2947304248809814,1.0684945583343506,1.373600721359253,1.3815295696258545,1.0362497568130493,1.1715493202209473,1.4946000576019287,1.37656569480896,1.2050566673278809,1.5163811445236206,1.7334747314453125,1.618982195854187,1.715400218963623,2.0438787937164307,2.112929344177246,1.6475273370742798,1.2992714643478394,1.3880680799484253,1.4196646213531494,1.0840134620666504,0.9381730556488037,1.200728416442871,1.1415611505508423,0.7885558605194092,0.9408255815505981,1.239011526107788,1.086236596107483,0.991451621055603,1.3466212749481201,1.496354103088379
B6,1.268664002418518,1.084847092628479,1.407716989517212,1.417296290397644,1.0911914110183716,1.2490793466567993,1.5661307573318481,1.459002137184143,1.3080915212631226,1.6213818788528442,1.8353185653686523,1.7278639078140259,1.8401970863342285,2.159060001373291,2.217721700668335,0.8917156457901001,0.6014838814735413,0.5024985074996948,0.5309225916862488,0.3662324547767639,0.0,0.37547972798347473,0.5351270437240601,0.5049431324005127,0.5945051312446594,0.8319819569587708,0.975928008556366,1.0644598007202148,1.2375739812850952,1.4186129570007324,1.5224521160125732,1.1582233905792236,1.312434196472168,1.4078611135482788,1.0763657093048096,0.9454135894775391,1.2753771543502808,1.2589682340621948,0.9470786452293396,1.1074402332305908,1.423081398010254,1.323042631149292,1.26090669631958,1.5958120822906494,1.7611844539642334,1.2042450904846191,1.0748968124389648,1.3723796606063843,1.297054648399353,0.977410614490509,1.216998815536499,1.4827300310134888,1.3093384504318237,1.223351240158081,1.5699467658996582,1.7160190343856812,1.6030120849609375,1.7754985094070435,2.077299118041992,2.0949769020080566,1.508913516998291,1.1597719192504883,1.156151294708252,1.2000136375427246,0.9233850836753845,0.6832529902458191,0.8995357751846313,0.9122962951660156,0.570146381855011,0.6168658137321472,0.9578145146369934,0.8959715366363525,0.7792893648147583,1.0906875133514404,1.299896240234375
B7,1.1477713584899902,1.0566511154174805,1.415557861328125,1.4458602666854858,1.1884781122207642,1.3886668682098389,1.6950515508651733,1.6229438781738281,1.540885329246521,1.8429619073867798,2.0453202724456787,1.9858893156051636,2.12434458732605,2.417618989944458,2.482800006866455,1.0186597108840942,0.8422253131866455,0.6000665426254272,0.49088799953460693,0.5344827175140381,0.37547972798347473,0.0,0.37539970874786377,0.5433172583580017,0.49672767519950867,0.5858597159385681,0.8485323786735535,0.9821881651878357,1.0453553199768066,1.2155358791351318,1.8594647645950317,1.484666347503662,1.5837976932525635,1.6805585622787476,1.364165186882019,1.173302173614502,1.4552186727523804,1.443491816520691,1.0891798734664917,1.1689006090164185,1.490677833557129,1.3576958179473877,1.2011631727218628,1.5407577753067017,1.7236568927764893,1.5368255376815796,1.427182912826538,1.740128755569458,1.6693806648254395,1.3518651723861694,1.5816258192062378,1.851269006729126,1.6592826843261719,1.5511841773986816,1.903075098991394,2.0452945232391357,1.890078067779541,2.052804470062256,2.373375415802002,2.3672168254852295,1.6739258766174316,1.299237608909607,1.2899595499038696,1.4259880781173706,1.1887630224227905,0.8963063955307007,1.1285052299499512,1.2320425510406494,0.9210894107818604,0.8746078610420227,1.241430640220642,1.2256348133087158,1.035054326057434,1.304872751235962,1.5702736377716064
B8,0.7919236421585083,0.7345947027206421,1.0843501091003418,1.087084174156189,0.865476131439209,1.1080803871154785,1.3822401762008667,1.3236688375473022,1.3047770261764526,1.5963280200958252,1.7721847295761108,1.7597352266311646,1.9280344247817993,2.185379981994629,2.2553560733795166,1.120553731918335,0.975014865398407,0.8459869623184204,0.6006720662117004,0.5040280222892761,0.5351270437240601,0.37539970874786377,0.0,0.3730045258998871,0.5240697860717773,0.48097991943359375,0.6094985008239746,0.8630239963531494,0.9734058976173401,1.0335124731063843,1.8501778841018677,1.4990932941436768,1.5588074922561646,1.577162504196167,1.2526088953018188,1.0844147205352783,1.303472876548767,1.2208809852600098,0.8495050668716431,0.9489712119102478,1.2191520929336548,1.0278326272964478,0.8825767040252686,1.244141697883606,1.3826605081558228,1.7170417308807373,1.5301131010055542,1.8141056299209595,1.7535226345062256,1.3944189548492432,1.5578986406326294,1.837185025215149,1.6327935457229614,1.448621392250061,1.7893427610397339,1.9516394138336182,1.748449444770813,1.8637142181396484,2.210073471069336,2.2080626487731934,1.545397162437439,1.164098858833313,1.2576786279678345,1.41920804977417,1.144456148147583,0.925694465637207,1.2446880340576172,1.3260328769683838,1.0332263708114624,1.1005815267562866,1.4602272510528564,1.424603819847107,1.3057382106781006,1.6064426898956299,1.8334194421768188
B9,0.8328794240951538,0.5947734713554382,0.9299965500831604,1.0093644857406616,0.738303542137146,0.8666123747825623,1.196768045425415,1.1892751455307007,1.0949928760528564,1.3518638610839844,1.5888811349868774,1.584704041481018,1.692133903503418,1.9644057750701904,2.0812599658966064,1.2843830585479736,1.0386662483215332,0.9748936295509338,0.8426854014396667,0.5999955534934998,0.5049431324005127,0.5433172583580017,0.3730045258998871,0.0,0.3701077103614807,0.5354567170143127,0.5087502002716064,0.6461975574493408,0.8852543830871582,0.9944879412651062,1.7628417015075684,1.4432655572891235,1.575799822807312,1.5559823513031006,1.189821720123291,1.1302297115325928,1.3815795183181763,1.2316573858261108,0.8930211663246155,1.1173666715621948,1.3440324068069458,1.1180156469345093,1.0896199941635132,1.4599817991256714,1.529873013496399,1.6077735424041748,1.4294764995574951,1.6618049144744873,1.539266586303711,1.1799302101135254,1.3652971982955933,1.592944622039795,1.339252233505249,1.1786524057388306,1.5363951921463013,1.6483689546585083,1.429464340209961,1.5882997512817383,1.9171751737594604,1.8818215131759644,1.1823337078094482,0.8020952343940735,0.8989730477333069,1.053800106048584,0.7893319725990295,0.5884227156639099,0.9398702383041382,1.035689115524292,0.8093708157539368,0.9202378988265991,1.2593753337860107,1.2748141288757324,1.2416437864303589,1.5180286169052124,1.7279069423675537
B10,1.0107158422470093,0.8098506331443787,1.1571992635726929,1.3082129955291748,1.0837633609771729,1.1672180891036987,1.5096666812896729,1.544477105140686,1.436404824256897,1.6640074253082275,1.9293298721313477,1.932334065437317,2.0074474811553955,2.2871134281158447,2.4256653785705566,1.4462881088256836,1.1934049129486084,1.025575876235962,0.9541889429092407,0.8299844264984131,0.5945051312446594,0.49672767519950867,0.5240697860717773,0.3701077103614807,0.0,0.3776836395263672,0.529627799987793,0.5130375623703003,0.6500511765480042,0.8819999098777771,2.03053879737854,1.6955418586730957,1.8535045385360718,1.878410816192627,1.5142457485198975,1.4317153692245483,1.7082191705703735,1.5905768871307373,1.2438602447509766,1.4282010793685913,1.680846929550171,1.4540894031524658,1.3698457479476929,1.7410619258880615,1.8272771835327148,1.7040892839431763,1.605256199836731,1.85041081905365,1.6889244318008423,1.3684886693954468,1.6181914806365967,1.8142783641815186,1.5365607738494873,1.4482436180114746,1.8168611526489258,1.8794989585876465,1.6671327352523804,1.8759924173355103,2.1799418926239014,2.1011745929718018,1.2674990892410278,0.8987335562705994,0.858727753162384,1.0808460712432861,0.926174521446228,0.6089898347854614,0.8775330781936646,1.0904990434646606,0.903020441532135,0.8619183897972107,1.2208834886550903,1.3220103979110718,1.234338402748108,1.4436659812927246,1.7157609462738037
B11,0.7904579639434814,0.7350737452507019,1.0897501707077026,1.2325470447540283,1.1000887155532837,1.245898962020874,1.5405893325805664,1.593341588973999,1.572540521621704,1.7943679094314575,2.01969051361084,2.067955493927002,2.1873397827148438,2.429835557937622,2.559419631958008,1.5553019046783447,1.3806415796279907,1.1834955215454102,1.00520658493042,0.953283429145813,0.8319819569587708,0.5858597159385681,0.48097991943359375,0.5354567170143127,0.3776836395263672,0.0,0.3790033459663391,0.5405752658843994,0.5125246047973633,0.631107747554779,2.2628045082092285,1.91924250125885,2.018012523651123,2.0264713764190674,1.6802904605865479,1.5520596504211426,1.773166537284851,1.6504185199737549,1.2850322723388672,1.403102993965149,1.6325117349624634,1.375970482826233,1.2235743999481201,1.5829827785491943,1.6635104417800903,2.0177648067474365,1.8881629705429077,2.1520981788635254,2.0232627391815186,1.6823991537094116,1.892905831336975,2.1171345710754395,1.8482338190078735,1.7061034440994263,2.0640666484832764,2.153561592102051,1.9064339399337769,2.0698370933532715,2.399066209793091,2.322396755218506,1.4782971143722534,1.1084074974060059,1.1357645988464355,1.4023069143295288,1.2380317449569702,0.962178111076355,1.2507141828536987,1.4559539556503296,1.2457391023635864,1.2192275524139404,1.5864752531051636,1.659602403640747,1.536054015159607,1.7623823881149292,2.0440800189971924
B12,0.5448412299156189,0.3961896598339081,0.7278091311454773,0.9284438490867615,0.8475742340087891,0.938718318939209,1.2176592350006104,1.3319575786590576,1.3348177671432495,1.5058225393295288,1.7363585233688354,1.8362842798233032,1.942368507385254,2.152402877807617,2.3120062351226807,1.7136839628219604,1.517115831375122,1.4022388458251953,1.2064274549484253,1.0445541143417358,0.975928008556366,0.8485323786735535,0.6094985008239746,0.5087502002716064,0.529627799987793,0.3790033459663391,0.0,0.37612998485565186,0.5298974514007568,0.5026513934135437,2.2342114448547363,1.9289449453353882,2.031090497970581,1.9709287881851196,1.6154390573501587,1.5547271966934204,1.739861011505127,1.5407605171203613,1.204923152923584,1.384656548500061,1.5408146381378174,1.2285151481628418,1.1590931415557861,1.5194512605667114,1.5165107250213623,2.109199047088623,1.9359642267227173,2.154017925262451,2.00996994972229,1.6542598009109497,1.8200812339782715,2.0183961391448975,1.7266865968704224,1.5459660291671753,1.8862314224243164,1.9598774909973145,1.6689804792404175,1.8101210594177246,2.1420350074768066,2.047414541244507,1.2164452075958252,0.8627569675445557,0.990574836730957,1.2719290256500244,1.106981635093689,0.9251041412353516,1.2593655586242676,1.4423084259033203,1.2828887701034546,1.3429265022277832,1.6846158504486084,1.7564682960510254,1.7086659669876099,1.9505558013916016,2.1944124698638916
B13,0.8915456533432007,0.6542403697967529,0.9125556945800781,1.18869948387146,1.0811797380447388,1.0552386045455933,1.3712178468704224,1.5295696258544922,1.4594172239303589,1.5851342678070068,1.8736848831176758,1.969509482383728,2.0079219341278076,2.234689474105835,2.43603777885437,1.9054818153381348,1.652620553970337,1.525766372680664,1.4119772911071777,1.2373759746551514,1.0644598007202148,0.9821881651878357,0.8630239963531494,0.6461975574493408,0.5130375623703003,0.5405752658843994,0.37612998485565186,0.0,0.3768227994441986,0.5470362901687622,2.3418428897857666,2.0486085414886475,2.2083823680877686,2.159601926803589,1.7852301597595215,1.7672152519226074,1.9946842193603516,1.7911157608032227,1.4699958562850952,1.6918078660964966,1.8602030277252197,1.5549037456512451,1.5184803009033203,1.8833529949188232,1.8717693090438843,2.1053969860076904,1.9850705862045288,2.17455792427063,1.9718607664108276,1.651188850402832,1.8634032011032104,2.0038774013519287,1.672427773475647,1.562429428100586,1.9105584621429443,1.913640022277832,1.625543236732483,1.8324995040893555,2.124525547027588,1.975776195526123,1.0237724781036377,0.7034397125244141,0.7202467322349548,1.0566633939743042,1.0017093420028687,0.7958433032035828,1.0655871629714966,1.3216402530670166,1.2462093830108643,1.253211498260498,1.56461501121521,1.713461995124817,1.6929614543914795,1.8754968643188477,2.1324245929718018
