,A1,A2,A3,A4,A5,A6,A7,A8,A9,A10,A11,A12,A13,A14,A15,B1,B2,B3,B4,B5,B6,B7,B8,B9,B10,B11,B12,B13,B14,B15,C1,C2,C3,C4,C5,C6,C7,C8,C9,C10,C11,C12,C13,C14,C15,D1,D2,D3,D4,D5,D6,D7,D8,D9,D10,D11,D12,D13,D14,D15,E1,E2,E3,E4,E5,E6,E7,E8,E9,E10,E11,E12,E13,E14,E15
A1,0.0,0.3954465985298157,0.5358132123947144,0.5245007276535034,0.6486084461212158,0.8947874903678894,0.9950906038284302,1.0620983839035034,1.2757385969161987,1.4600467681884766,1.535522222518921,1.6832034587860107,1.9103389978408813,2.03615403175354,2.109670639038086,1.1953586339950562,1.022782564163208,0.8064097762107849,1.1369954347610474,1.333072543144226,1.1805154085159302,1.2117387056350708,1.5540940761566162,1.6660587787628174,1.5875391960144043,1.7674338817596436,2.0660789012908936,2.1202850341796875,2.1454579830169678,2.372983694076538,1.574277400970459,1.3171015977859497,1.2543137073516846,1.6213696002960205,1.6931251287460327,1.4984477758407593,1.6521122455596924,1.969499945640564,1.9733946323394775,1.9364039897918701,2.2069950103759766,2.4432551860809326,2.4489011764526367,2.53637957572937,2.808367967605591,1.2001864910125732,0.9928135871887207,1.2209279537200928,1.5136040449142456,1.4762510061264038,1.466484546661377,1.7425718307495117,1.9255424737930298,1.9318488836288452,2.063772201538086,2.3295845985412598,2.4614267349243164,2.5393171310424805,2.7426514625549316,2.933718681335449,2.4541773796081543,2.111570358276367,2.1344146728515625,2.186999559402466,1.9033564329147339,1.6506544351577759,1.8220434188842773,1.8162672519683838,1.4394117593765259,1.420649766921997,1.7097876071929932,1.5543551445007324,1.288032054901123,1.5715031623840332,1.7742748260498047
A2,0.3954465985298157,0.0,0.3688766360282898,0.5436730980873108,0.5213265419006348,0.6299307346343994,0.8458306193351746,0.9751268029212952,1.0850129127502441,1.254777193069458,1.4233248233795166,1.5639560222625732,1.727628469467163,1.8895128965377808,2.0164883136749268,1.027444839477539,0.7509110569953918,0.6115478277206421,0.9780259132385254,1.0690500736236572,0.888218879699707,1.0201486349105835,1.3412472009658813,1.393216848373413,1.363369345664978,1.6001514196395874,1.848644495010376,1.8955105543136597,1.9826781749725342,2.212844133377075,1.270857334136963,0.967782199382782,0.9244228601455688,1.2891671657562256,1.31792151927948,1.1176931858062744,1.3061048984527588,1.604519009590149,1.5936075448989868,1.586362600326538,1.8662970066070557,2.0788073539733887,2.098705530166626,2.212820529937744,2.471038341522217,0.9757469296455383,0.677324652671814,0.8828235268592834,1.1882286071777344,1.1318680047988892,1.0804574489593506,1.3635281324386597,1.558195948600769,1.5518790483474731,1.6698572635650635,1.9426642656326294,2.0801336765289307,2.149226188659668,2.3483781814575195,2.545583724975586,2.083679437637329,1.7415263652801514,1.7968733310699463,1.8546570539474487,1.5535372495651245,1.3200011253356934,1.5354688167572021,1.5274853706359863,1.1551874876022339,1.200754165649414,1.5187159776687622,1.3799381256103516,1.1839368343353271,1.5017980337142944,1.7030850648880005
A3,0.5358132123947144,0.3688766360282898,0.0,0.3677866756916046,0.5433709025382996,0.5369820594787598,0.6111754179000854,0.8456899523735046,1.0133219957351685,1.085282564163208,1.2248568534851074,1.4456685781478882,1.5959933996200562,1.6941661834716797,1.844128966331482,1.382992148399353,1.0770249366760254,0.9329925179481506,1.2734142541885376,1.3263466358184814,1.064679741859436,1.1902313232421875,1.5323370695114136,1.5175554752349854,1.4237293004989624,1.7016040086746216,1.9549003839492798,1.9321421384811401,2.0089313983917236,2.2837018966674805,1.478574275970459,1.1401877403259277,1.1875183582305908,1.5375012159347534,1.486223578453064,1.281024694442749,1.531702995300293,1.7945151329040527,1.7182607650756836,1.7408041954040527,2.059750556945801,2.221917152404785,2.2147045135498047,2.373670816421509,2.6383142471313477,0.9232205152511597,0.6539595127105713,0.9748746752738953,1.190646767616272,1.0488899946212769,1.0846858024597168,1.3996121883392334,1.508589506149292,1.490229606628418,1.6857142448425293,1.9420207738876343,2.0191125869750977,2.1231839656829834,2.3597867488861084,2.5167129039764404,1.990875482559204,1.6720613241195679,1.6619274616241455,1.6783287525177002,1.4063581228256226,1.154654622077942,1.2975165843963623,1.2844600677490234,0.9112967252731323,0.89150470495224,1.190572738647461,1.0636485815048218,0.8307687044143677,1.1355929374694824,1.3524880409240723
A4,0.5245007276535034,0.5436730980873108,0.3677866756916046,0.0,0.383576899766922,0.5564349293708801,0.5033543705940247,0.6031338572502136,0.8769406676292419,0.9959290623664856,1.0324229001998901,1.2330098152160645,1.454117774963379,1.5365856885910034,1.62311589717865,1.4617468118667603,1.2093393802642822,0.9608999490737915,1.244416356086731,1.363411784172058,1.087986707687378,1.0988272428512573,1.467952847480774,1.4916949272155762,1.3241491317749023,1.5525981187820435,1.8554322719573975,1.8246065378189087,1.835268497467041,2.1161346435546875,1.7830567359924316,1.4448434114456177,1.424285888671875,1.7735649347305298,1.7428892850875854,1.4858696460723877,1.6941934823989868,1.9881280660629272,1.8925045728683472,1.8500502109527588,2.180427074432373,2.362795352935791,2.306335687637329,2.436887264251709,2.7333006858825684,1.28783118724823,1.015071153640747,1.3161875009536743,1.5480866432189941,1.3806227445602417,1.3760648965835571,1.7117455005645752,1.8207249641418457,1.7494549751281738,1.939166784286499,2.2277231216430664,2.279175043106079,2.348212242126465,2.608590602874756,2.779670000076294,2.1775641441345215,1.8375707864761353,1.7825578451156616,1.8460493087768555,1.6255244016647339,1.3182772397994995,1.4359526634216309,1.4990730285644531,1.156426191329956,1.0287727117538452,1.3400076627731323,1.2857398986816406,0.9914160966873169,1.2106220722198486,1.4863605499267578
A5,0.6486084461212158,0.5213265419006348,0.5433709025382996,0.383576899766922,0.0,0.377718985080719,0.5234535932540894,0.48767685890197754,0.6314942836761475,0.8665642142295837,0.9753080606460571,1.0681663751602173,1.279202938079834,1.449105978012085,1.5313726663589478,1.2011295557022095,0.9545497894287109,0.6773337125778198,0.9068093299865723,1.0081099271774292,0.7274208068847656,0.7160529494285583,1.0844131708145142,1.1234239339828491,0.9757030606269836,1.1972209215164185,1.4925428628921509,1.4967281818389893,1.5273232460021973,1.7845410108566284,1.6657114028930664,1.322904348373413,1.2283471822738647,1.5517466068267822,1.533048391342163,1.2325875759124756,1.396120309829712,1.7076201438903809,1.6112123727798462,1.5205731391906738,1.8463643789291382,2.0487735271453857,1.9768587350845337,2.0812666416168213,2.387547016143799,1.3953973054885864,1.0465213060379028,1.2680543661117554,1.5408064126968384,1.371814489364624,1.2628254890441895,1.601467251777649,1.7563031911849976,1.6367725133895874,1.7682775259017944,2.0955028533935547,2.1631853580474854,2.1758599281311035,2.4295570850372314,2.63959002494812,2.032529592514038,1.661527156829834,1.643959641456604,1.7751028537750244,1.5564041137695312,1.2354049682617188,1.4286086559295654,1.5426981449127197,1.2188589572906494,1.135069727897644,1.4971665143966675,1.4863390922546387,1.2522753477096558,1.4807480573654175,1.7668651342391968
A6,0.8947874903678894,0.6299307346343994,0.5369820594787598,0.5564349293708801,0.377718985080719,0.0,0.36440277099609375,0.5225962400436401,0.5159826874732971,0.6319765448570251,0.8643831014633179,1.0087406635284424,1.1160272359848022,1.2854924201965332,1.45199716091156,1.3325910568237305,1.0073338747024536,0.8436778783798218,1.0723832845687866,1.0349032878875732,0.6890992522239685,0.8111780881881714,1.1295133829116821,1.0420215129852295,0.917129397392273,1.2353826761245728,1.459867000579834,1.4059120416641235,1.5074411630630493,1.7910212278366089,1.5621240139007568,1.1835142374038696,1.1634451150894165,1.4553053379058838,1.3477222919464111,1.047562599182129,1.2833037376403809,1.5403484106063843,1.3858261108398438,1.3522124290466309,1.7080713510513306,1.8489606380462646,1.7780555486679077,1.9423645734786987,2.232553720474243,1.252668857574463,0.8791285753250122,1.1048074960708618,1.3185198307037354,1.084397554397583,0.9739826917648315,1.3310174942016602,1.4400315284729004,1.2903467416763306,1.4549880027770996,1.7783238887786865,1.8122367858886719,1.83551824092865,2.1085000038146973,2.299417018890381,1.6682263612747192,1.3074151277542114,1.2802863121032715,1.3980882167816162,1.183136224746704,0.8576869964599609,1.0643571615219116,1.1892006397247314,0.8905239105224609,0.8306204080581665,1.2094777822494507,1.2373526096343994,1.0733920335769653,1.3044347763061523,1.5829602479934692
A7,0.9950906038284302,0.8458306193351746,0.6111754179000854,0.5033543705940247,0.5234535932540894,0.36440277099609375,0.0,0.3684598207473755,0.53971266746521,0.5172934532165527,0.617633044719696,0.8742108345031738,1.0153024196624756,1.084934115409851,1.2407753467559814,1.6614043712615967,1.353747844696045,1.1507394313812256,1.370354175567627,1.3711934089660645,1.0186625719070435,1.0617730617523193,1.3918179273605347,1.2954485416412354,1.083561658859253,1.382205605506897,1.6345607042312622,1.5177500247955322,1.5610692501068115,1.88219153881073,1.879927396774292,1.4986540079116821,1.512712001800537,1.8112341165542603,1.6855762004852295,1.394976019859314,1.6414421796798706,1.8849351406097412,1.6997084617614746,1.6675825119018555,2.0359015464782715,2.151319980621338,2.0477454662323,2.225882053375244,2.526210069656372,1.4017506837844849,1.0831198692321777,1.3729065656661987,1.5377362966537476,1.2649959325790405,1.2341641187667847,1.5945932865142822,1.6373984813690186,1.4810268878936768,1.7036632299423218,2.0065925121307373,1.9848970174789429,2.031914234161377,2.335047721862793,2.4907443523406982,1.7941399812698364,1.46383535861969,1.3453783988952637,1.4328491687774658,1.2821059226989746,0.9329032301902771,1.0178519487380981,1.1731802225112915,0.9071369171142578,0.7005983591079712,1.0524483919143677,1.1359883546829224,0.9132258296012878,1.0621027946472168,1.3835664987564087
A8,1.0620983839035034,0.9751268029212952,0.8456899523735046,0.6031338572502136,0.48767685890197754,0.5225962400436401,0.3684598207473755,0.0,0.37722069025039673,0.5338956713676453,0.5056435465812683,0.6312081217765808,0.8813399076461792,0.9955774545669556,1.0552183389663696,1.631314754486084,1.3833396434783936,1.1141947507858276,1.2507354021072388,1.302061915397644,0.9686746597290039,0.8851078748703003,1.2154991626739502,1.171986699104309,0.89419025182724,1.1210819482803345,1.4218881130218506,1.3191107511520386,1.2924853563308716,1.6071510314941406,2.064488410949707,1.6946605443954468,1.6317908763885498,1.921764850616455,1.8361564874649048,1.5069609880447388,1.6874395608901978,1.9624104499816895,1.7820556163787842,1.6729793548583984,2.0325827598571777,2.1813008785247803,2.0362653732299805,2.165905237197876,2.4934535026550293,1.7072423696517944,1.3649590015411377,1.6186771392822266,1.8288514614105225,1.5750023126602173,1.4816176891326904,1.841400384902954,1.9223512411117554,1.7322956323623657,1.907773494720459,2.2433228492736816,2.228398084640503,2.2233774662017822,2.527029514312744,2.714482069015503,1.9894479513168335,1.6344177722930908,1.516152262687683,1.673154592514038,1.553621530532837,1.1877201795578003,1.2965083122253418,1.5026670694351196,1.2578670978546143,1.049860954284668,1.395177960395813,1.5014221668243408,1.2615505456924438,1.3764926195144653,1.7146493196487427
A9,1.2757385969161987,1.0850129127502441,1.0133219957351685,0.8769406676292419,0.6314942836761475,0.5159826874732971,0.53971266746521,0.37722069025039673,0.0,0.36661627888679504,0.5456247925758362,0.5276677012443542,0.6610650420188904,0.8966237902641296,1.0131454467773438,1.5640642642974854,1.3020957708358765,1.0887408256530762,1.1597225666046143,1.1120104789733887,0.7624488472938538,0.7154867053031921,0.977202832698822,0.8488976955413818,0.5689321756362915,0.8693827986717224,1.109074354171753,0.9850146174430847,1.0311923027038574,1.3473036289215088,1.9731842279434204,1.6019892692565918,1.522814393043518,1.7596561908721924,1.641003966331482,1.2910795211791992,1.4554955959320068,1.7017370462417603,1.4851914644241333,1.356794834136963,1.7239437103271484,1.8483712673187256,1.6788102388381958,1.818332314491272,2.146732807159424,1.7593744993209839,1.3812793493270874,1.570786476135254,1.77126944065094,1.5005942583084106,1.3351281881332397,1.6831724643707275,1.770535945892334,1.5276525020599365,1.6632121801376343,2.020080804824829,1.9960927963256836,1.9425978660583496,2.2483768463134766,2.4558932781219482,1.717651605606079,1.3487833738327026,1.251839280128479,1.4710229635238647,1.3733543157577515,1.0114784240722656,1.1794981956481934,1.4303269386291504,1.2337830066680908,1.0830094814300537,1.4469209909439087,1.589564561843872,1.4257900714874268,1.5564974546432495,1.8813753128051758
A10,1.4600467681884766,1.254777193069458,1.085282564163208,0.9959290623664856,0.8665642142295837,0.6319765448570251,0.5172934532165527,0.5338956713676453,0.36661627888679504,0.0,0.38442152738571167,0.5446663498878479,0.5322005748748779,0.666309118270874,0.8918683528900146,1.8557547330856323,1.5520298480987549,1.38044011592865,1.4931451082229614,1.40269136428833,1.0379767417907715,1.0633234977722168,1.2972307205200195,1.0944112539291382,0.8379579186439514,1.1632936000823975,1.3409606218338013,1.1337509155273438,1.2057446241378784,1.5494433641433716,2.087451934814453,1.7008713483810425,1.6957134008407593,1.9221086502075195,1.739966869354248,1.4178311824798584,1.6409908533096313,1.8343455791473389,1.5701236724853516,1.5063880681991577,1.8883932828903198,1.9456384181976318,1.7714844942092896,1.9699772596359253,2.2782349586486816,1.751781702041626,1.4046025276184082,1.6244951486587524,1.7539385557174683,1.430068016052246,1.3216679096221924,1.6685782670974731,1.6774178743362427,1.4162483215332031,1.615240454673767,1.9427870512008667,1.8553342819213867,1.831971287727356,2.168405294418335,2.330949068069458,1.5381243228912354,1.2113862037658691,1.0289520025253296,1.2140713930130005,1.1790997982025146,0.8113433718681335,0.8893896341323853,1.181259274482727,1.0550624132156372,0.8472768068313599,1.175876259803772,1.3869152069091797,1.2626597881317139,1.3346658945083618,1.6595185995101929
A11,1.535522222518921,1.4233248233795166,1.2248568534851074,1.0324229001998901,0.9753080606460571,0.8643831014633179,0.617633044719696,0.5056435465812683,0.5456247925758362,0.38442152738571167,0.0,0.38541772961616516,0.5382861495018005,0.5115124583244324,0.6249613761901855,2.0756828784942627,1.80470871925354,1.5735981464385986,1.675459861755371,1.6565124988555908,1.3038195371627808,1.2380831241607666,1.494240641593933,1.3506168127059937,1.0293669700622559,1.2669241428375244,1.499803066253662,1.2769330739974976,1.2368171215057373,1.5937680006027222,2.405052900314331,2.0190937519073486,1.9995924234390259,2.2521233558654785,2.0975189208984375,1.7691951990127563,1.9737557172775269,2.192258358001709,1.9393596649169922,1.845944881439209,2.222099781036377,2.2974915504455566,2.1004981994628906,2.271442174911499,2.5958609580993652,1.9916077852249146,1.666838526725769,1.926114559173584,2.0660486221313477,1.7475650310516357,1.6747312545776367,2.0284857749938965,2.030365228652954,1.7844343185424805,1.9973748922348022,2.3185853958129883,2.218540906906128,2.203017234802246,2.5457231998443604,2.6973330974578857,1.8846526145935059,1.5783555507659912,1.358328938484192,1.5224378108978271,1.5204294919967651,1.1573477983474731,1.1574488878250122,1.4441654682159424,1.3178151845932007,1.0325171947479248,1.3121569156646729,1.5386781692504883,1.35015070438385,1.3468880653381348,1.6999279260635376
A12,1.6832034587860107,1.5639560222625732,1.4456685781478882,1.2330098152160645,1.0681663751602173,1.0087406635284424,0.8742108345031738,0.6312081217765808,0.5276677012443542,0.5446663498878479,0.38541772961616516,0.0,0.3700953722000122,0.5283305048942566,0.5093933939933777,2.0328786373138428,1.806914210319519,1.5646010637283325,1.5775829553604126,1.555694580078125,1.2397855520248413,1.1005572080612183,1.2920879125595093,1.162510871887207,0.8048833012580872,0.9652979373931885,1.1946370601654053,0.9644610285758972,0.8671220541000366,1.223152756690979,2.4979052543640137,2.1247072219848633,2.045994758605957,2.268101692199707,2.1360981464385986,1.7828336954116821,1.9253017902374268,2.149951934814453,1.8969660997390747,1.737857460975647,2.0948352813720703,2.1859326362609863,1.9483122825622559,2.0748538970947266,2.415743112564087,2.2298243045806885,1.8708008527755737,2.083160877227783,2.256887674331665,1.9542064666748047,1.812178134918213,2.1563124656677246,2.1974730491638184,1.9182562828063965,2.071364164352417,2.421233892440796,2.3344390392303467,2.2581021785736084,2.5916764736175537,2.7793960571289062,1.9642939567565918,1.6378531455993652,1.4490482807159424,1.6880850791931152,1.6984056234359741,1.338942289352417,1.402214527130127,1.7146533727645874,1.5932512283325195,1.3550117015838623,1.6579906940460205,1.8805586099624634,1.7027339935302734,1.7263925075531006,2.077096939086914
A13,1.9103389978408813,1.727628469467163,1.5959933996200562,1.454117774963379,1.279202938079834,1.1160272359848022,1.0153024196624756,0.8813399076461792,0.6610650420188904,0.5322005748748779,0.5382861495018005,0.3700953722000122,0.0,0.3715459704399109,0.5408161878585815,2.168170690536499,1.911862850189209,1.7274810075759888,1.7368324995040894,1.6331623792648315,1.312907338142395,1.2481441497802734,1.3775827884674072,1.1514580249786377,0.843370795249939,1.0618079900741577,1.176862120628357,0.8699688911437988,0.875608503818512,1.231717824935913,2.5110297203063965,2.1365702152252197,2.0884511470794678,2.268366813659668,2.0843820571899414,1.7450608015060425,1.9036892652511597,2.0720081329345703,1.7734763622283936,1.6427972316741943,2.0018906593322754,2.0296969413757324,1.772283673286438,1.9417734146118164,2.263493537902832,2.2722792625427246,1.914996862411499,2.099860429763794,2.228663444519043,1.8994444608688354,1.746439814567566,2.0683295726776123,2.0706262588500977,1.7541685104370117,1.9057955741882324,2.2432377338409424,2.1132705211639404,2.015929937362671,2.362349271774292,2.53459095954895,1.6924784183502197,1.3992819786071777,1.177310824394226,1.4424368143081665,1.5168812274932861,1.188891053199768,1.2333264350891113,1.5809831619262695,1.5360491275787354,1.3222827911376953,1.598091721534729,1.8658580780029297,1.7567662000656128,1.7668166160583496,2.0980448722839355
A14,2.03615403175354,1.8895128965377808,1.6941661834716797,1.5365856885910034,1.449105978012085,1.2854924201965332,1.084934115409851,0.9955774545669556,0.8966237902641296,0.666309118270874,0.5115124583244324,0.5283305048942566,0.3715459704399109,0.0,0.3606764078140259,2.456005573272705,2.1832783222198486,1.9848415851593018,2.035393238067627,1.9563212394714355,1.6169641017913818,1.5571060180664062,1.7254329919815063,1.5115060806274414,1.197611927986145,1.4061169624328613,1.5414315462112427,1.2276357412338257,1.189790964126587,1.5437119007110596,2.7412827014923096,2.356123447418213,2.346364974975586,2.5489003658294678,2.349057674407959,2.024470806121826,2.218078136444092,2.381589889526367,2.075897693634033,1.979895830154419,2.3466131687164307,2.355938673019409,2.1068003177642822,2.2971487045288086,2.609617233276367,2.3730225563049316,2.0498921871185303,2.2781972885131836,2.374650716781616,2.024606466293335,1.933985710144043,2.2611770629882812,2.2157490253448486,1.915205955505371,2.119570255279541,2.4280195236206055,2.2602245807647705,2.204289436340332,2.5664350986480713,2.697157144546509,1.8326457738876343,1.5862176418304443,1.3013556003570557,1.4999419450759888,1.6184276342391968,1.3002830743789673,1.2405624389648438,1.5869132280349731,1.5779615640640259,1.3010258674621582,1.5103975534439087,1.8165596723556519,1.7004270553588867,1.6335039138793945,1.965738296508789
A15,2.109670639038086,2.0164883136749268,1.844128966331482,1.62311589717865,1.5313726663589478,1.45199716091156,1.2407753467559814,1.0552183389663696,1.0131454467773438,0.8918683528900146,0.6249613761901855,0.5093933939933777,0.5408161878585815,0.3606764078140259,0.0,2.542099952697754,2.309800386428833,2.0690033435821533,2.0843665599823,2.0568459033966064,1.7398289442062378,1.6054199934005737,1.7697643041610718,1.6152653694152832,1.2661328315734863,1.3823504447937012,1.5575940608978271,1.2636076211929321,1.1175658702850342,1.455254077911377,2.958138942718506,2.5767626762390137,2.528480291366577,2.7442307472229004,2.581230640411377,2.238312005996704,2.3969063758850098,2.5917019844055176,2.3060102462768555,2.1636135578155518,2.5183968544006348,2.562953233718872,2.295224905014038,2.4396133422851562,2.7703444957733154,2.6064233779907227,2.2746529579162598,2.5105268955230713,2.6424400806427,2.308743953704834,2.2053701877593994,2.543217420578003,2.5279886722564697,2.232719898223877,2.4183011054992676,2.74371600151062,2.5957283973693848,2.5243377685546875,2.8796849250793457,3.02932071685791,2.169405698776245,1.9043164253234863,1.6408218145370483,1.8545476198196411,1.9539170265197754,1.6198217868804932,1.581641674041748,1.9177676439285278,1.8714884519577026,1.5806211233139038,1.8012570142745972,2.0863966941833496,1.922446370124817,1.8484141826629639,2.1954479217529297
B1,1.1953586339950562,1.027444839477539,1.382992148399353,1.4617468118667603,1.2011295557022095,1.3325910568237305,1.6614043712615967,1.631314754486084,1.5640642642974854,1.8557547330856323,2.0756828784942627,2.0328786373138428,2.168170690536499,2.456005573272705,2.542099952697754,0.0,0.3877015709877014,0.5242719650268555,0.5152240991592407,0.6289771795272827,0.8772377967834473,0.9742346405982971,1.0319082736968994,1.2512065172195435,1.4324263334274292,1.506540298461914,1.6497337818145752,1.8812415599822998,2.0087006092071533,2.0784873962402344,1.1517972946166992,1.068037748336792,0.7171683311462402,0.8861412405967712,1.1601459980010986,1.0201536417007446,0.8808456063270569,1.217303991317749,1.3990837335586548,1.278333067893982,1.3647663593292236,1.7070177793502808,1.7930272817611694,1.7479251623153687,1.9591161012649536,1.6492594480514526,1.3694376945495605,1.2582401037216187,1.6177947521209717,1.6910380125045776,1.447230339050293,1.5845437049865723,1.9228135347366333,1.898116946220398,1.8000065088272095,2.089578628540039,2.336630344390869,2.2829127311706543,2.373276948928833,2.6673331260681152,2.3777496814727783,2.023688316345215,2.2139577865600586,2.37215518951416,2.068150281906128,1.896435022354126,2.21962571144104,2.2499403953552246,1.936821699142456,2.0613198280334473,2.407489776611328,2.2971878051757812,2.172072172164917,2.494727373123169,2.692193031311035
B2,1.022782564163208,0.7509110569953918,1.0770249366760254,1.2093393802642822,0.9545497894287109,1.0073338747024536,1.353747844696045,1.3833396434783936,1.3020957708358765,1.5520298480987549,1.80470871925354,1.806914210319519,1.911862850189209,2.1832783222198486,2.309800386428833,0.3877015709877014,0.0,0.36403197050094604,0.5501821637153625,0.5234493017196655,0.6316441297531128,0.8429434299468994,0.9732957482337952,1.0886180400848389,1.2517393827438354,1.4212383031845093,1.5641131401062012,1.7313225269317627,1.890379548072815,2.0173330307006836,0.9509198665618896,0.7589704394340515,0.4426710307598114,0.7169601917266846,0.8935778141021729,0.7111057043075562,0.6986454129219055,1.0415252447128296,1.1585761308670044,1.0959148406982422,1.2676036357879639,1.5567032098770142,1.6360443830490112,1.669942855834961,1.8923949003219604,1.330648422241211,1.0148183107376099,0.9227796792984009,1.279919147491455,1.3157458305358887,1.07352614402771,1.2464733123779297,1.5660035610198975,1.5353707075119019,1.4758058786392212,1.7731707096099854,1.9978907108306885,1.9701677560806274,2.090388298034668,2.3645858764648438,2.0366857051849365,1.6836199760437012,1.8644376993179321,2.0011463165283203,1.6896350383758545,1.5210102796554565,1.842260718345642,1.8628605604171753,1.5528298616409302,1.691751480102539,2.0335757732391357,1.9297337532043457,1.8270504474639893,2.151846170425415,2.3445756435394287
B3,0.8064097762107849,0.6115478277206421,0.9329925179481506,0.9608999490737915,0.6773337125778198,0.8436778783798218,1.1507394313812256,1.1141947507858276,1.0887408256530762,1.38044011592865,1.5735981464385986,1.5646010637283325,1.7274810075759888,1.9848415851593018,2.0690033435821533,0.5242719650268555,0.36403197050094604,0.0,0.37655121088027954,0.547956109046936,0.5486729741096497,0.6214667558670044,0.8560213446617126,1.0269843339920044,1.0915848016738892,1.2301915884017944,1.4525799751281738,1.6054133176803589,1.7002615928649902,1.847732424736023,1.2784160375595093,1.037638545036316,0.7801686525344849,1.0733813047409058,1.2016314268112183,0.9490047097206116,0.9652643799781799,1.3242366313934326,1.37057626247406,1.249723196029663,1.4719948768615723,1.7619518041610718,1.7716692686080933,1.7960244417190552,2.0653395652770996,1.439244031906128,1.1000396013259888,1.1268011331558228,1.481468677520752,1.4523977041244507,1.2418612241744995,1.4853323698043823,1.7624359130859375,1.6924052238464355,1.6884270906448364,2.011751890182495,2.1878340244293213,2.158527374267578,2.3260116577148438,2.5919477939605713,2.1544811725616455,1.7778421640396118,1.8941227197647095,2.0503287315368652,1.7693184614181519,1.5324904918670654,1.8238325119018555,1.8875031471252441,1.5598686933517456,1.6192399263381958,1.9795390367507935,1.9030057191848755,1.738211989402771,2.035104513168335,2.266310214996338
B4,1.1369954347610474,0.9780259132385254,1.2734142541885376,1.244416356086731,0.9068093299865723,1.0723832845687866,1.370354175567627,1.2507354021072388,1.1597225666046143,1.4931451082229614,1.675459861755371,1.5775829553604126,1.7368324995040894,2.035393238067627,2.0843665599823,0.5152240991592407,0.5501821637153625,0.37655121088027954,0.0,0.3844570517539978,0.5562313795089722,0.4951215386390686,0.5932166576385498,0.8717279434204102,0.9813099503517151,1.0159461498260498,1.2157384157180786,1.4376064538955688,1.520349144935608,1.604121208190918,1.492253065109253,1.2875499725341797,0.9733333587646484,1.171148657798767,1.3236454725265503,1.0501245260238647,0.9487658143043518,1.3118330240249634,1.3673371076583862,1.1565046310424805,1.3335976600646973,1.6615663766860962,1.6392426490783691,1.594186782836914,1.8781369924545288,1.7928739786148071,1.4414547681808472,1.4286521673202515,1.7758368253707886,1.7360607385635376,1.4718804359436035,1.6964547634124756,1.9863777160644531,1.8710108995437622,1.8144805431365967,2.1596786975860596,2.333773374557495,2.2457146644592285,2.4037299156188965,2.7004270553588867,2.256706714630127,1.8717910051345825,1.9995406866073608,2.2098605632781982,1.9618165493011475,1.7193520069122314,2.026384115219116,2.135819911956787,1.8392897844314575,1.88346266746521,2.257274627685547,2.221346855163574,2.0614497661590576,2.337155342102051,2.589682102203369
B5,1.333072543144226,1.0690500736236572,1.3263466358184814,1.363411784172058,1.0081099271774292,1.0349032878875732,1.3711934089660645,1.302061915397644,1.1120104789733887,1.40269136428833,1.6565124988555908,1.555694580078125,1.6331623792648315,1.9563212394714355,2.0568459033966064,0.6289771795272827,0.5234493017196655,0.547956109046936,0.3844570517539978,0.0,0.37013664841651917,0.5109053254127502,0.4789998233318329,0.6250886917114258,0.853065550327301,0.9679574370384216,1.0609736442565918,1.2710046768188477,1.4436640739440918,1.5290096998214722,1.3384276628494263,1.120451807975769,0.8184401988983154,0.9404764175415039,1.0322577953338623,0.7364321351051331,0.6071075797080994,0.9579558968544006,0.9904236197471619,0.773858904838562,0.9692071676254272,1.282210111618042,1.2710366249084473,1.2561291456222534,1.5324859619140625,1.731836199760437,1.3627736568450928,1.2958614826202393,1.6091972589492798,1.551674246788025,1.2361958026885986,1.435646653175354,1.7258729934692383,1.5816547870635986,1.4838858842849731,1.8370541334152222,2.0100669860839844,1.8934463262557983,2.042727470397949,2.3505539894104004,1.9320493936538696,1.556004524230957,1.7239514589309692,1.9486044645309448,1.7079856395721436,1.5025399923324585,1.8368574380874634,1.9513022899627686,1.6973307132720947,1.7838629484176636,2.152873992919922,2.1406946182250977,2.0397403240203857,2.317286491394043,2.558563232421875
B6,1.1805154085159302,0.888218879699707,1.064679741859436,1.087986707687378,0.7274208068847656,0.6890992522239685,1.0186625719070435,0.9686746597290039,0.7624488472938538,1.0379767417907715,1.3038195371627808,1.2397855520248413,1.312907338142395,1.6169641017913818,1.7398289442062378,0.8772377967834473,0.6316441297531128,0.5486729741096497,0.5562313795089722,0.37013664841651917,0.0,0.36077362298965454,0.5280517339706421,0.5207139849662781,0.6290419697761536,0.8670370578765869,1.0137896537780762,1.120789647102356,1.2893468141555786,1.4580045938491821,1.3979911804199219,1.0934808254241943,0.8864997029304504,1.0801407098770142,1.0627341270446777,0.7094384431838989,0.7576267719268799,1.074313759803772,0.9905904531478882,0.8235067129135132,1.1298706531524658,1.3631099462509155,1.3027597665786743,1.372972846031189,1.6719919443130493,1.5714150667190552,1.175905704498291,1.1937071084976196,1.4804058074951172,1.3466439247131348,1.058132290840149,1.3295021057128906,1.5633890628814697,1.3856481313705444,1.3675837516784668,1.7360739707946777,1.852577805519104,1.7637007236480713,1.9709800481796265,2.2482242584228516,1.7239803075790405,1.332858681678772,1.4437286853790283,1.6635199785232544,1.4397820234298706,1.1885603666305542,1.504591941833496,1.644210934638977,1.3926070928573608,1.4406890869140625,1.8159997463226318,1.8348037004470825,1.7260947227478027,1.9816081523895264,2.239211320877075
B7,1.2117387056350708,1.0201486349105835,1.1902313232421875,1.0988272428512573,0.7160529494285583,0.8111780881881714,1.0617730617523193,0.8851078748703003,0.7154867053031921,1.0633234977722168,1.2380831241607666,1.1005572080612183,1.2481441497802734,1.5571060180664062,1.6054199934005737,0.9742346405982971,0.8429434299468994,0.6214667558670044,0.4951215386390686,0.5109053254127502,0.36077362298965454,0.0,0.3728024959564209,0.5375973582267761,0.5084538459777832,0.6137564778327942,0.8682069182395935,1.0070462226867676,1.0801293849945068,1.234792947769165,1.7153947353363037,1.4241091012954712,1.189956545829773,1.3908610343933105,1.4128917455673218,1.0639386177062988,1.0555248260498047,1.3799548149108887,1.2974011898040771,1.0630292892456055,1.3416508436203003,1.5970395803451538,1.480275273323059,1.4915318489074707,1.8218152523040771,1.8428065776824951,1.4510606527328491,1.5119762420654297,1.8112034797668457,1.6665619611740112,1.4021551609039307,1.6869523525238037,1.9085056781768799,1.714476466178894,1.7098615169525146,2.0845117568969727,2.1789023876190186,2.073187828063965,2.2946701049804688,2.574737071990967,1.9975367784500122,1.6021199226379395,1.6611422300338745,1.9079304933547974,1.7235536575317383,1.4310728311538696,1.7106599807739258,1.8906840085983276,1.636269211769104,1.6137763261795044,1.9963055849075317,2.039780378341675,1.8793331384658813,2.1018576622009277,2.3917558193206787
B8,1.5540940761566162,1.3412472009658813,1.5323370695114136,1.467952847480774,1.0844131708145142,1.1295133829116821,1.3918179273605347,1.2154991626739502,0.977202832698822,1.2972307205200195,1.494240641593933,1.2920879125595093,1.3775827884674072,1.7254329919815063,1.7697643041610718,1.0319082736968994,0.9732957482337952,0.8560213446617126,0.5932166576385498,0.4789998233318329,0.5280517339706421,0.3728024959564209,0.0,0.3789401352405548,0.535945475101471,0.5110079050064087,0.6257866621017456,0.8761605620384216,1.0007141828536987,1.0580551624298096,1.8022336959838867,1.5534913539886475,1.2834073305130005,1.3915609121322632,1.425350308418274,1.0915021896362305,0.9786191582679749,1.2684943675994873,1.1995913982391357,0.8899714350700378,1.1072171926498413,1.3834596872329712,1.2444673776626587,1.1876184940338135,1.5243057012557983,2.0936365127563477,1.7014074325561523,1.6958279609680176,1.9854573011398315,1.8566356897354126,1.5427234172821045,1.780250906944275,2.0201027393341064,1.8018872737884521,1.726779818534851,2.1052815914154053,2.2106082439422607,2.0473520755767822,2.240355968475342,2.5492348670959473,2.0162229537963867,1.6326452493667603,1.7338935136795044,2.0194644927978516,1.8566179275512695,1.600939393043518,1.9031469821929932,2.0975027084350586,1.8806949853897095,1.8883103132247925,2.266728639602661,2.3267664909362793,2.2006726264953613,2.423032522201538,2.707706928253174
B9,1.6660587787628174,1.393216848373413,1.5175554752349854,1.4916949272155762,1.1234239339828491,1.0420215129852295,1.2954485416412354,1.171986699104309,0.8488976955413818,1.0944112539291382,1.3506168127059937,1.162510871887207,1.1514580249786377,1.5115060806274414,1.6152653694152832,1.2512065172195435,1.0886180400848389,1.0269843339920044,0.8717279434204102,0.6250886917114258,0.5207139849662781,0.5375973582267761,0.3789401352405548,0.0,0.3686693608760834,0.5539344549179077,0.5336682796478271,0.664089024066925,0.9065908193588257,1.0261354446411133,1.7800068855285645,1.4978224039077759,1.2950137853622437,1.375428557395935,1.3081620931625366,0.9595446586608887,0.9200671911239624,1.1397502422332764,0.9677490592002869,0.6764426827430725,0.9762467741966248,1.1640006303787231,0.9797149300575256,1.0167655944824219,1.3607386350631714,2.0236012935638428,1.6251360177993774,1.6214817762374878,1.8582515716552734,1.680393934249878,1.3559906482696533,1.5953508615493774,1.7903259992599487,1.5259228944778442,1.4591628313064575,1.843998670578003,1.905540108680725,1.724780797958374,1.945336937904358,2.243250608444214,1.6654140949249268,1.2878485918045044,1.3835070133209229,1.6893771886825562,1.5625187158584595,1.3212080001831055,1.6225117444992065,1.8406634330749512,1.676993727684021,1.6922411918640137,2.0568771362304688,2.156651258468628,2.0760061740875244,2.279139757156372,2.558457612991333
B10,1.5875391960144043,1.363369345664978,1.4237293004989624,1.3241491317749023,0.9757030606269836,0.917129397392273,1.083561658859253,0.89419025182724,0.5689321756362915,0.8379579186439514,1.0293669700622559,0.8048833012580872,0.843370795249939,1.197611927986145,1.2661328315734863,1.4324263334274292,1.2517393827438354,1.0915848016738892,0.9813099503517151,0.853065550327301,0.6290419697761536,0.5084538459777832,0.535945475101471,0.3686693608760834,0.0,0.38833487033843994,0.5524564385414124,0.5369448065757751,0.6732269525527954,0.8993085622787476,1.9942340850830078,1.6720130443572998,1.5005943775177002,1.6466385126113892,1.5640134811401367,1.1988468170166016,1.2305247783660889,1.4660770893096924,1.2631415128707886,1.0168166160583496,1.33905029296875,1.4954782724380493,1.2791229486465454,1.3409048318862915,1.6915268898010254,2.0651419162750244,1.6634122133255005,1.7399448156356812,1.9708890914916992,1.7468618154525757,1.4737638235092163,1.7653026580810547,1.9159677028656006,1.63849675655365,1.65040123462677,2.0351364612579346,2.0478787422180176,1.8977140188217163,2.16373872756958,2.430373191833496,1.7523930072784424,1.3720687627792358,1.37030029296875,1.6747653484344482,1.5861676931381226,1.2837154865264893,1.530022144317627,1.7885375022888184,1.6233364343643188,1.5583112239837646,1.924156665802002,2.059521436691284,1.938794493675232,2.0990474224090576,2.4076337814331055
B11,1.7674338817596436,1.6001514196395874,1.7016040086746216,1.5525981187820435,1.1972209215164185,1.2353826761245728,1.382205605506897,1.1210819482803345,0.8693827986717224,1.1632936000823975,1.2669241428375244,0.9652979373931885,1.0618079900741577,1.4061169624328613,1.3823504447937012,1.506540298461914,1.4212383031845093,1.2301915884017944,1.0159461498260498,0.9679574370384216,0.8670370578765869,0.6137564778327942,0.5110079050064087,0.5539344549179077,0.38833487033843994,0.0,0.386458158493042,0.5299761295318604,0.5113334059715271,0.6222476363182068,2.245361089706421,1.953908085823059,1.729669213294983,1.8592926263809204,1.8340152502059937,1.4774025678634644,1.428131103515625,1.6778630018234253,1.5205737352371216,1.2143118381500244,1.4652583599090576,1.6634373664855957,1.4256092309951782,1.3904350996017456,1.750783085823059,2.3858237266540527,1.9849145412445068,2.0484447479248047,2.3076283931732178,2.109337568283081,1.8256303071975708,2.1027703285217285,2.2795629501342773,2.0077261924743652,1.9871854782104492,2.3734920024871826,2.4019877910614014,2.225114107131958,2.470613479614258,2.756028175354004,2.1011250019073486,1.7289447784423828,1.7330366373062134,2.0511388778686523,1.971706509590149,1.6718684434890747,1.9107799530029297,2.1744916439056396,1.999860167503357,1.9205024242401123,2.2878034114837646,2.4196460247039795,2.2713544368743896,2.424485683441162,2.7448694705963135
B12,2.0660789012908936,1.848644495010376,1.9549003839492798,1.8554322719573975,1.4925428628921509,1.459867000579834,1.6345607042312622,1.4218881130218506,1.109074354171753,1.3409606218338013,1.499803066253662,1.1946370601654053,1.176862120628357,1.5414315462112427,1.5575940608978271,1.6497337818145752,1.5641131401062012,1.4525799751281738,1.2157384157180786,1.0609736442565918,1.0137896537780762,0.8682069182395935,0.6257866621017456,0.5336682796478271,0.5524564385414124,0.386458158493042,0.0,0.3689611554145813,0.5408874154090881,0.5208732485771179,2.2984211444854736,2.02915358543396,1.8091256618499756,1.8658603429794312,1.8125581741333008,1.4786239862442017,1.390757441520691,1.5712416172027588,1.392130732536316,1.062955617904663,1.2679306268692017,1.4227417707443237,1.1423250436782837,1.0812084674835205,1.4388045072555542,2.5413146018981934,2.1399800777435303,2.153942346572876,2.3858418464660645,2.1881442070007324,1.8707748651504517,2.1059751510620117,2.277257204055786,1.9790356159210205,1.906909704208374,2.2857728004455566,2.305558681488037,2.077965021133423,2.303769111633301,2.60224986076355,1.984621524810791,1.640624761581421,1.6793451309204102,2.025909900665283,1.9764288663864136,1.723563313484192,1.9772149324417114,2.248724937438965,2.1215813159942627,2.0795137882232666,2.4344425201416016,2.584301710128784,2.48411226272583,2.639238119125366,2.9460792541503906
B13,2.1202850341796875,1.8955105543136597,1.9321421384811401,1.8246065378189087,1.4967281818389893,1.4059120416641235,1.5177500247955322,1.3191107511520386,0.9850146174430847,1.1337509155273438,1.2769330739974976,0.9644610285758972,0.8699688911437988,1.2276357412338257,1.2636076211929321,1.8812415599822998,1.7313225269317627,1.6054133176803589,1.4376064538955688,1.2710046768188477,1.120789647102356,1.0070462226867676,0.8761605620384216,0.664089024066925,0.5369448065757751,0.5299761295318604,0.3689611554145813,0.0,0.37248218059539795,0.5403234958648682,2.41459059715271,2.108574151992798,1.943429708480835,2.0213520526885986,1.905768632888794,1.563713788986206,1.5542230606079102,1.7072809934616089,1.4585206508636475,1.185916543006897,1.4485052824020386,1.5257545709609985,1.2128254175186157,1.2482119798660278,1.5938986539840698,2.53649640083313,2.138270854949951,2.1925103664398193,2.385484457015991,2.1376941204071045,1.8502197265625,2.1065986156463623,2.220524311065674,1.8915629386901855,1.871275544166565,2.244051933288574,2.2030160427093506,1.9850832223892212,2.25398325920105,2.519611120223999,1.8179320096969604,1.4928514957427979,1.4608973264694214,1.8156391382217407,1.8247236013412476,1.5605559349060059,1.7665810585021973,2.0734007358551025,1.990738034248352,1.9103716611862183,2.2426395416259766,2.439115524291992,2.35153865814209,2.4639766216278076,2.777106523513794
