,A1,A2,A3,A4,A5,A6,A7,A8,A9,A10,A11,A12,A13,A14,A15,B1,B2,B3,B4,B5,B6,B7,B8,B9,B10,B11,B12,B13,B14,B15,C1,C2,C3,C4,C5,C6,C7,C8,C9,C10,C11,C12,C13,C14,C15,D1,D2,D3,D4,D5,D6,D7,D8,D9,D10,D11,D12,D13,D14,D15,E1,E2,E3,E4,E5,E6,E7,E8,E9,E10,E11,E12,E13,E14,E15
A1,0.0,0.3905133903026581,0.5436856746673584,0.6033639311790466,0.7595574855804443,0.9748538732528687,1.0909522771835327,1.2050257921218872,1.430379867553711,1.5874608755111694,1.6686962842941284,1.8615776300430298,2.1047403812408447,2.1744306087493896,2.2502686977386475,1.1068555116653442,0.9896177649497986,0.690453290939331,0.9686955809593201,1.1986408233642578,1.0228067636489868,0.9996190071105957,1.3565404415130615,1.494516134262085,1.3853759765625,1.5318735837936401,1.852778434753418,1.9271824359893799,1.921299934387207,2.152669668197632,1.7336390018463135,1.423528790473938,1.4930850267410278,1.834890604019165,1.7583897113800049,1.5528323650360107,1.84262216091156,2.1043107509613037,2.0103864669799805,2.0453104972839355,2.378424882888794,2.5268301963806152,2.537074565887451,2.7060468196868896,2.973231077194214,1.765775442123413,1.4773181676864624,1.756679892539978,1.9666755199432373,1.7391669750213623,1.70134437084198,2.082228183746338,2.1721839904785156,2.047834634780884,2.261692762374878,2.5677762031555176,2.5787529945373535,2.6804471015930176,2.9515440464019775,3.0943007469177246,0.7961468696594238,0.7927395105361938,1.1392836570739746,1.1217344999313354,0.9719647169113159,1.2546117305755615,1.498369812965393,1.4623371362686157,1.5826722383499146,1.8716431856155396,1.9657232761383057,2.018340587615967,2.307774782180786,2.4588544368743896,2.4733872413635254
A2,0.3905133903026581,0.0,0.37652695178985596,0.5625898241996765,0.5697084665298462,0.6883952021598816,0.9155644178390503,1.0651975870132446,1.1991335153579712,1.3603291511535645,1.5217341184616089,1.6918683052062988,1.8936132192611694,2.011021614074707,2.127681255340576,0.9534717798233032,0.7147234082221985,0.4901086091995239,0.8261923789978027,0.9451202154159546,0.7422491908073425,0.854432225227356,1.1906712055206299,1.2693670988082886,1.2310709953308105,1.443640112876892,1.7085105180740356,1.7969043254852295,1.864652395248413,2.086334466934204,1.4358479976654053,1.0939620733261108,1.1953644752502441,1.5090843439102173,1.393175721168518,1.2069051265716553,1.5266629457473755,1.7575321197509766,1.664118766784668,1.740761160850525,2.0659339427948,2.1949472427368164,2.238325834274292,2.4213528633117676,2.6625096797943115,1.4515507221221924,1.1303913593292236,1.3932855129241943,1.592704176902771,1.3587368726730347,1.3109623193740845,1.6921212673187256,1.78574800491333,1.670033574104309,1.8819491863250732,2.182630777359009,2.2075982093811035,2.31796932220459,2.5772812366485596,2.7206215858459473,0.688446044921875,0.5026606917381287,0.8463183045387268,0.8833534717559814,0.6853466033935547,0.9016380906105042,1.1893501281738281,1.203618049621582,1.2840672731399536,1.5514696836471558,1.6955008506774902,1.7686247825622559,2.021519899368286,2.184190034866333,2.2453830242156982
A3,0.5436856746673584,0.37652695178985596,0.0,0.37770184874534607,0.5584748983383179,0.5574566125869751,0.6569040417671204,0.9025933146476746,1.0792371034622192,1.1461069583892822,1.2874441146850586,1.5251669883728027,1.6992486715316772,1.7652825117111206,1.9114543199539185,1.3186854124069214,1.0444225072860718,0.8547179698944092,1.1669178009033203,1.2324421405792236,0.9476855993270874,1.0688176155090332,1.4161792993545532,1.4135463237762451,1.3183106184005737,1.585713267326355,1.8428832292556763,1.8569508790969849,1.9395720958709717,2.210963487625122,1.697101354598999,1.3429430723190308,1.4883477687835693,1.7608518600463867,1.5760213136672974,1.4011139869689941,1.7497485876083374,1.9313092231750488,1.780533790588379,1.8941720724105835,2.2368321418762207,2.3081398010253906,2.3414599895477295,2.56986141204834,2.799372673034668,1.605550765991211,1.2910208702087402,1.5601012706756592,1.6837502717971802,1.3849955797195435,1.3711707592010498,1.750130534172058,1.7691869735717773,1.6123924255371094,1.870502233505249,2.159141778945923,2.118729829788208,2.238387107849121,2.5296850204467773,2.6390631198883057,0.7635780572891235,0.6418914794921875,0.8661837577819824,0.7411676049232483,0.48176607489585876,0.8011922240257263,1.0195232629776,0.9335013031959534,1.0486129522323608,1.3492603302001953,1.4336100816726685,1.4751148223876953,1.766353726387024,1.9202948808670044,1.9371521472930908
A4,0.6033639311790466,0.5625898241996765,0.37770184874534607,0.0,0.37787967920303345,0.5499285459518433,0.517023503780365,0.6344488263130188,0.9091278910636902,1.0230987071990967,1.068692684173584,1.2892415523529053,1.5270936489105225,1.5737988948822021,1.6571060419082642,1.4724866151809692,1.2173343896865845,0.9444752335548401,1.1656280755996704,1.2460014820098877,0.9186975955963135,0.9257921576499939,1.2828495502471924,1.2718461751937866,1.0872093439102173,1.338832974433899,1.6213217973709106,1.5903915166854858,1.636671781539917,1.9353350400924683,1.932923436164856,1.5613001585006714,1.6309716701507568,1.9007890224456787,1.7212891578674316,1.4756537675857544,1.7917673587799072,1.9933236837387085,1.7967146635055542,1.8529577255249023,2.2213330268859863,2.2898831367492676,2.2614974975585938,2.493368148803711,2.755448341369629,1.917418122291565,1.573117733001709,1.794917345046997,1.93960702419281,1.6364341974258423,1.5488895177841187,1.9222908020019531,1.9606600999832153,1.7459766864776611,1.963536262512207,2.287100076675415,2.2313551902770996,2.291544198989868,2.602602005004883,2.7421669960021973,1.112242341041565,0.9774099588394165,1.2254256010055542,1.1029518842697144,0.7923765778541565,1.0611255168914795,1.3039594888687134,1.1557542085647583,1.1846249103546143,1.5318323373794556,1.6257696151733398,1.5807697772979736,1.873824119567871,2.0761115550994873,2.060744047164917
A5,0.7595574855804443,0.5697084665298462,0.5584748983383179,0.37787967920303345,0.0,0.3769690692424774,0.5384846329689026,0.5308362245559692,0.6837337613105774,0.9139072299003601,1.0279908180236816,1.1476192474365234,1.3919363021850586,1.5234068632125854,1.5974152088165283,1.314998745918274,1.026184320449829,0.7777764201164246,0.9267703890800476,0.9283946752548218,0.5714942216873169,0.6154145002365112,0.9450450539588928,0.9017857313156128,0.7620519399642944,1.0490418672561646,1.2940785884857178,1.2995051145553589,1.3950550556182861,1.6648365259170532,1.7262641191482544,1.343258023262024,1.3597142696380615,1.602457046508789,1.4232670068740845,1.14114248752594,1.4390950202941895,1.6445274353027344,1.4413433074951172,1.4777790307998657,1.8482335805892944,1.9260510206222534,1.893837809562683,2.117494821548462,2.383035898208618,1.7880539894104004,1.413323998451233,1.5710973739624023,1.7435786724090576,1.4649590253829956,1.3033828735351562,1.6661065816879272,1.754376769065857,1.5304245948791504,1.6946970224380493,2.042109251022339,2.0253992080688477,2.052436590194702,2.3467555046081543,2.5245954990386963,1.219652533531189,0.9696676135063171,1.2211116552352905,1.1911983489990234,0.8412754535675049,0.9827958345413208,1.301466703414917,1.2168021202087402,1.1465044021606445,1.4782460927963257,1.6573289632797241,1.6112138032913208,1.8448069095611572,2.0869388580322266,2.1276848316192627
A6,0.9748538732528687,0.6883952021598816,0.5574566125869751,0.5499285459518433,0.3769690692424774,0.0,0.38094794750213623,0.5552537441253662,0.5650148391723633,0.6856681704521179,0.9175800085067749,1.074091911315918,1.222514271736145,1.3692271709442139,1.5275802612304688,1.4398380517959595,1.0858969688415527,0.954038143157959,1.1525232791900635,1.0563859939575195,0.6964671611785889,0.8957182765007019,1.165096640586853,1.0260165929794312,0.9624864459037781,1.3102079629898071,1.4791980981826782,1.460405945777893,1.6293271780014038,1.8997371196746826,1.6651649475097656,1.2780859470367432,1.369520902633667,1.5549110174179077,1.300759196281433,1.0823235511779785,1.4251313209533691,1.5531355142593384,1.3276305198669434,1.4546293020248413,1.8100135326385498,1.8279021978378296,1.842702865600586,2.1060421466827393,2.3245797157287598,1.628393292427063,1.2595311403274536,1.4083515405654907,1.5088951587677002,1.187959909439087,1.0559839010238647,1.4117295742034912,1.4419981241226196,1.2045650482177734,1.415134310722351,1.740461826324463,1.6919411420822144,1.7510931491851807,2.0550830364227295,2.200770854949951,1.1908363103866577,0.904148519039154,1.0440020561218262,0.980427086353302,0.5989760756492615,0.6710329055786133,0.9736019372940063,0.8842888474464417,0.7741924524307251,1.102897047996521,1.296862244606018,1.2605432271957397,1.4787957668304443,1.7193466424942017,1.7831814289093018
A7,1.0909522771835327,0.9155644178390503,0.6569040417671204,0.517023503780365,0.5384846329689026,0.38094794750213623,0.0,0.3725212812423706,0.5462595820426941,0.5246106386184692,0.6349006295204163,0.8959527015686035,1.0574851036071777,1.1109305620193481,1.2657654285430908,1.771517038345337,1.438871145248413,1.2572976350784302,1.4500951766967773,1.3939281702041626,1.0193254947662354,1.124299168586731,1.407950520515442,1.2504172325134277,1.085296869277954,1.4284439086914062,1.6148720979690552,1.510023593902588,1.649339199066162,1.9695935249328613,2.0393669605255127,1.6540547609329224,1.7468699216842651,1.9317559003829956,1.6679339408874512,1.4432408809661865,1.7709413766860962,1.8858306407928467,1.6204973459243774,1.732022762298584,2.0986366271972656,2.081071615219116,2.0531468391418457,2.3407607078552246,2.566521406173706,1.9635868072509766,1.6099077463150024,1.771168828010559,1.836609125137329,1.4897925853729248,1.3830758333206177,1.7168868780136108,1.6931122541427612,1.4153013229370117,1.6408311128616333,1.9540703296661377,1.8376702070236206,1.876942753791809,2.2134287357330322,2.3350565433502197,1.3868352174758911,1.1784231662750244,1.3000330924987793,1.133301854133606,0.7628036737442017,0.9175812005996704,1.119483470916748,0.9012926816940308,0.8035985827445984,1.1742421388626099,1.2818982601165771,1.156376600265503,1.4256179332733154,1.6722317934036255,1.6577585935592651
A8,1.2050257921218872,1.0651975870132446,0.9025933146476746,0.6344488263130188,0.5308362245559692,0.5552537441253662,0.3725212812423706,0.0,0.3804537057876587,0.5382018685340881,0.5163610577583313,0.658409059047699,0.9320567846298218,1.0174404382705688,1.0703675746917725,1.8335531949996948,1.5245543718338013,1.3027231693267822,1.4034371376037598,1.3417898416519165,0.9679644107818604,0.9778485298156738,1.2202216386795044,1.0422216653823853,0.8035319447517395,1.1346768140792847,1.3150299787521362,1.168247103691101,1.2949362993240356,1.6292706727981567,2.160175085067749,1.771038293838501,1.7870043516159058,1.963847279548645,1.7253153324127197,1.440117359161377,1.7147966623306274,1.8514554500579834,1.5582170486450195,1.5972113609313965,1.9773952960968018,1.9682674407958984,1.8767774105072021,2.155369281768799,2.4135541915893555,2.176523447036743,1.8002617359161377,1.914387822151184,2.0194528102874756,1.699407696723938,1.517343282699585,1.8341420888900757,1.8602492809295654,1.5539350509643555,1.7057557106018066,2.052475929260254,1.9553658962249756,1.9238532781600952,2.258286237716675,2.427245616912842,1.6472890377044678,1.4123862981796265,1.5839664936065674,1.4679560661315918,1.0876636505126953,1.1981111764907837,1.446994662284851,1.2546024322509766,1.092908501625061,1.4523435831069946,1.599832534790039,1.4329006671905518,1.6592086553573608,1.946832537651062,1.9357305765151978
A9,1.430379867553711,1.1991335153579712,1.0792371034622192,0.9091278910636902,0.6837337613105774,0.5650148391723633,0.5462595820426941,0.3804537057876587,0.0,0.3765532374382019,0.5554519295692444,0.5464787483215332,0.7329369783401489,0.9461177587509155,1.0520496368408203,1.8462309837341309,1.5031344890594482,1.360169529914856,1.430496096611023,1.266503930091858,0.9102801084518433,1.015306830406189,1.169492483139038,0.8941572308540344,0.7644909024238586,1.143129587173462,1.2175434827804565,1.0834496021270752,1.312454104423523,1.6059541702270508,2.0357627868652344,1.6547218561172485,1.6629958152770996,1.7725334167480469,1.4992363452911377,1.2298485040664673,1.4895801544189453,1.5686806440353394,1.2438803911209106,1.3161119222640991,1.6834110021591187,1.6307179927825928,1.5545674562454224,1.8586487770080566,2.0882413387298584,2.0603394508361816,1.682578444480896,1.7300292253494263,1.8095452785491943,1.5020793676376343,1.27446711063385,1.548412561416626,1.5797921419143677,1.250307559967041,1.360059142112732,1.7134933471679688,1.6253076791763306,1.5641257762908936,1.8929916620254517,2.081228494644165,1.754969596862793,1.4563744068145752,1.5748794078826904,1.505876898765564,1.124046802520752,1.1087265014648438,1.3709899187088013,1.2295138835906982,0.9690094590187073,1.2847269773483276,1.502923846244812,1.3360812664031982,1.4842438697814941,1.8046702146530151,1.8531121015548706
A10,1.5874608755111694,1.3603291511535645,1.1461069583892822,1.0230987071990967,0.9139072299003601,0.6856681704521179,0.5246106386184692,0.5382018685340881,0.3765532374382019,0.0,0.38434600830078125,0.5415599942207336,0.5652622580528259,0.7044387459754944,0.9278758764266968,2.0950849056243896,1.731621265411377,1.6115378141403198,1.7401748895645142,1.580614447593689,1.2191858291625977,1.3587682247161865,1.5377259254455566,1.2618192434310913,1.1374638080596924,1.5111083984375,1.5806517601013184,1.4116151332855225,1.6374248266220093,1.947819709777832,2.2185699939727783,1.842101812362671,1.9128307104110718,2.006202459335327,1.6927597522735596,1.4826141595840454,1.7702759504318237,1.798621416091919,1.4682728052139282,1.6036688089370728,1.9487762451171875,1.8425517082214355,1.7947578430175781,2.126649856567383,2.3159635066986084,2.1450703144073486,1.792333960533142,1.8604751825332642,1.8691482543945312,1.5245614051818848,1.3630822896957397,1.6144527196884155,1.5565952062606812,1.2091203927993774,1.3805845975875854,1.6865172386169434,1.5189062356948853,1.4872398376464844,1.843704104423523,1.9727743864059448,1.817427635192871,1.5527883768081665,1.601189374923706,1.4598703384399414,1.0999642610549927,1.0896539688110352,1.255616307258606,1.0437264442443848,0.7632964849472046,1.0794637203216553,1.2396843433380127,1.012676477432251,1.1758352518081665,1.4982476234436035,1.5104479789733887
A11,1.6686962842941284,1.5217341184616089,1.2874441146850586,1.068692684173584,1.0279908180236816,0.9175800085067749,0.6349006295204163,0.5163610577583313,0.5554519295692444,0.38434600830078125,0.0,0.3815804123878479,0.5386086702346802,0.510952353477478,0.6339637041091919,2.3105275630950928,1.9744502305984497,1.7922555208206177,1.8993337154388428,1.7904188632965088,1.4197536706924438,1.4652283191680908,1.6559590101242065,1.4034641981124878,1.1841925382614136,1.5144708156585693,1.612844467163086,1.374876856803894,1.5415370464324951,1.8883706331253052,2.534017562866211,2.1493778228759766,2.192939519882202,2.3143560886383057,2.0251920223236084,1.7775614261627197,2.043834924697876,2.1040472984313965,1.7634336948394775,1.8404723405838013,2.198573589324951,2.1016669273376465,1.9947446584701538,2.318753242492676,2.5377495288848877,2.483856439590454,2.123879909515381,2.2101619243621826,2.2408554553985596,1.8959331512451172,1.7310936450958252,1.9901925325393677,1.9404741525650024,1.5895103216171265,1.74130117893219,2.0497019290924072,1.867735505104065,1.8022910356521606,2.1626486778259277,2.2949306964874268,2.0205209255218506,1.7959789037704468,1.8871926069259644,1.7130366563796997,1.3516173362731934,1.4173258543014526,1.5730438232421875,1.3128900527954102,1.0905805826187134,1.4178810119628906,1.515258550643921,1.241318702697754,1.436518669128418,1.7480518817901611,1.6876918077468872
A12,1.8615776300430298,1.6918683052062988,1.5251669883728027,1.2892415523529053,1.1476192474365234,1.074091911315918,0.8959527015686035,0.658409059047699,0.5464787483215332,0.5415599942207336,0.3815804123878479,0.0,0.38051363825798035,0.5331941246986389,0.5249094367027283,2.370098114013672,2.040609359741211,1.8709807395935059,1.9080545902252197,1.7565332651138306,1.4155608415603638,1.4387199878692627,1.5474973917007446,1.2502788305282593,1.046250343322754,1.3557425737380981,1.3768868446350098,1.1014000177383423,1.3130608797073364,1.637210726737976,2.570314884185791,2.193610668182373,2.1830079555511475,2.2664709091186523,1.9891016483306885,1.7184357643127441,1.927176833152771,1.9720526933670044,1.6092220544815063,1.6403565406799316,1.9852973222732544,1.8707138299942017,1.7152615785598755,2.0386734008789062,2.263472080230713,2.587897539138794,2.216235399246216,2.2440295219421387,2.292703628540039,1.979714274406433,1.7520692348480225,1.9725968837738037,1.9648536443710327,1.598737359046936,1.6673963069915771,1.9931714534759521,1.838843584060669,1.7000243663787842,2.0442886352539062,2.2247464656829834,2.247551679611206,1.9781793355941772,2.0835659503936768,1.964548945426941,1.5890679359436035,1.5923383235931396,1.7914619445800781,1.5816847085952759,1.300727128982544,1.5953941345214844,1.7568033933639526,1.4855778217315674,1.605737328529358,1.950351357460022,1.9347516298294067
A13,2.1047403812408447,1.8936132192611694,1.6992486715316772,1.5270936489105225,1.3919363021850586,1.222514271736145,1.0574851036071777,0.9320567846298218,0.7329369783401489,0.5652622580528259,0.5386086702346802,0.38051363825798035,0.0,0.3683217763900757,0.5596504807472229,2.5654797554016113,2.208486557006836,2.0904905796051025,2.153181314468384,1.9580578804016113,1.624550223350525,1.7171120643615723,1.8105895519256592,1.4788265228271484,1.3458707332611084,1.6759696006774902,1.6491278409957886,1.3902227878570557,1.6455883979797363,1.9425779581069946,2.651959180831909,2.288182020187378,2.3129003047943115,2.349611759185791,2.0338737964630127,1.816847562789917,2.0311505794525146,2.007856607437134,1.634674310684204,1.729012131690979,2.0391809940338135,1.8592579364776611,1.7405279874801636,2.0930728912353516,2.2615935802459717,2.6129825115203857,2.263274669647217,2.266387939453125,2.254570484161377,1.937300443649292,1.7321746349334717,1.8997182846069336,1.8358970880508423,1.4583027362823486,1.5265388488769531,1.8068525791168213,1.5999141931533813,1.448953628540039,1.8022911548614502,1.9486972093582153,2.380324363708496,2.1023342609405518,2.1419403553009033,2.0100972652435303,1.6589688062667847,1.6057066917419434,1.7465721368789673,1.5365383625030518,1.2144993543624878,1.446715235710144,1.6011589765548706,1.2979573011398315,1.3499083518981934,1.7065407037734985,1.7023611068725586
A14,2.1744306087493896,2.011021614074707,1.7652825117111206,1.5737988948822021,1.5234068632125854,1.3692271709442139,1.1109305620193481,1.0174404382705688,0.9461177587509155,0.7044387459754944,0.510952353477478,0.5331941246986389,0.3683217763900757,0.0,0.3775000274181366,2.7724359035491943,2.4206130504608154,2.270601511001587,2.3630242347717285,2.211338996887207,1.8555697202682495,1.919569730758667,2.058443069458008,1.7571947574615479,1.5692254304885864,1.8850226402282715,1.9063066244125366,1.619181752204895,1.8184077739715576,2.1471683979034424,2.908925771713257,2.5359907150268555,2.5834052562713623,2.6510019302368164,2.3341760635375977,2.116116762161255,2.354172945022583,2.3495371341705322,1.982351541519165,2.0760278701782227,2.3974153995513916,2.226386070251465,2.103132486343384,2.451575994491577,2.62746524810791,2.830448865890503,2.4863216876983643,2.5310637950897217,2.5088250637054443,2.1677491664886475,2.003997564315796,2.1937060356140137,2.096353530883789,1.7255384922027588,1.8406901359558105,2.1002120971679688,1.8569097518920898,1.7385311126708984,2.0987436771392822,2.2027747631073,2.4708402156829834,2.2388815879821777,2.277895927429199,2.090721607208252,1.7532837390899658,1.7622008323669434,1.8573404550552368,1.5876377820968628,1.3205441236495972,1.568241834640503,1.6387004852294922,1.2937898635864258,1.3981225490570068,1.723563551902771,1.6380953788757324
A15,2.2502686977386475,2.127681255340576,1.9114543199539185,1.6571060419082642,1.5974152088165283,1.5275802612304688,1.2657654285430908,1.0703675746917725,1.0520496368408203,0.9278758764266968,0.6339637041091919,0.5249094367027283,0.5596504807472229,0.3775000274181366,0.0,2.867964029312134,2.542043924331665,2.3531367778778076,2.4005918502807617,2.2727112770080566,1.9268051385879517,1.9201672077178955,2.035853624343872,1.751683235168457,1.5152039527893066,1.7750080823898315,1.793623447418213,1.4622173309326172,1.6153485774993896,1.9482492208480835,3.0815775394439697,2.703120470046997,2.705385684967041,2.7876358032226562,2.5007569789886475,2.2406630516052246,2.4447121620178223,2.4723587036132812,2.100612163543701,2.1291465759277344,2.456618309020996,2.307889223098755,2.1263864040374756,2.452974557876587,2.662144184112549,3.0627963542938232,2.7004706859588623,2.739942789077759,2.7586441040039062,2.4298453330993652,2.2303600311279297,2.4313466548919678,2.3778533935546875,2.0031704902648926,2.07940673828125,2.3663594722747803,2.153939962387085,1.996451735496521,2.3444926738739014,2.486595392227173,2.6525638103485107,2.421377658843994,2.509948968887329,2.3380610942840576,1.980710506439209,2.0155158042907715,2.1539700031280518,1.8888450860977173,1.6319791078567505,1.9057754278182983,1.9914058446884155,1.656620740890503,1.7719770669937134,2.099374532699585,2.007708787918091
B1,1.1068555116653442,0.9534717798233032,1.3186854124069214,1.4724866151809692,1.314998745918274,1.4398380517959595,1.771517038345337,1.8335531949996948,1.8462309837341309,2.0950849056243896,2.3105275630950928,2.370098114013672,2.5654797554016113,2.7724359035491943,2.867964029312134,0.0,0.3945345878601074,0.544694721698761,0.6029109954833984,0.758054256439209,0.9767632484436035,1.0844104290008545,1.1938132047653198,1.4249796867370605,1.5787882804870605,1.6435601711273193,1.8309260606765747,2.0876410007476807,2.152306079864502,2.2174932956695557,0.8576606512069702,0.7238192558288574,0.6578077077865601,1.025436520576477,1.1719801425933838,1.0853452682495117,1.228703498840332,1.527007818222046,1.6422492265701294,1.653521180152893,1.8492770195007324,2.108306407928467,2.2173690795898438,2.2645416259765625,2.481884717941284,1.2096444368362427,1.004651427268982,1.160072922706604,1.5048872232437134,1.499965786933899,1.4239863157272339,1.7073090076446533,1.9475514888763428,1.9693299531936646,2.06510329246521,2.3296706676483154,2.503161907196045,2.61167049407959,2.7648963928222656,2.9560060501098633,1.107032060623169,0.9257993698120117,1.1998227834701538,1.4874842166900635,1.4319136142730713,1.443898320198059,1.748977780342102,1.929064393043518,1.9672203063964844,2.1256601810455322,2.355679988861084,2.502434253692627,2.666656732559204,2.818899393081665,2.9738657474517822
B2,0.9896177649497986,0.7147234082221985,1.0444225072860718,1.2173343896865845,1.026184320449829,1.0858969688415527,1.438871145248413,1.5245543718338013,1.5031344890594482,1.731621265411377,1.9744502305984497,2.040609359741211,2.208486557006836,2.4206130504608154,2.542043924331665,0.3945345878601074,0.0,0.3766421973705292,0.5617046356201172,0.5675795674324036,0.6861566305160522,0.906136155128479,1.0537997484207153,1.1928110122680664,1.3520960807800293,1.5012034177780151,1.668995976448059,1.884263038635254,1.9991846084594727,2.107138156890869,0.789552628993988,0.49174389243125916,0.5212329030036926,0.8774443864822388,0.8995580673217773,0.79361891746521,1.0348821878433228,1.2961796522140503,1.3538824319839478,1.4207704067230225,1.654995322227478,1.8612618446350098,1.9782987833023071,2.08066463470459,2.2874011993408203,1.03859543800354,0.7368195652961731,0.9064801931381226,1.2255926132202148,1.1582460403442383,1.0654019117355347,1.3820737600326538,1.5987987518310547,1.592410683631897,1.7099308967590332,1.9851723909378052,2.1331369876861572,2.2448232173919678,2.418274402618408,2.6004152297973633,0.9581928849220276,0.6614829897880554,0.9199687242507935,1.1972659826278687,1.0943890810012817,1.0694788694381714,1.396140456199646,1.5722389221191406,1.5829744338989258,1.7432923316955566,1.9875521659851074,2.123272657394409,2.278254270553589,2.442302703857422,2.6021745204925537
B3,0.690453290939331,0.4901086091995239,0.8547179698944092,0.9444752335548401,0.7777764201164246,0.954038143157959,1.2572976350784302,1.3027231693267822,1.360169529914856,1.6115378141403198,1.7922555208206177,1.8709807395935059,2.0904905796051025,2.270601511001587,2.3531367778778076,0.544694721698761,0.3766421973705292,0.0,0.3735819160938263,0.5619037747383118,0.5626312494277954,0.6519438624382019,0.8964076042175293,1.0796899795532227,1.1430553197860718,1.2693850994110107,1.5070840120315552,1.6937259435653687,1.7566773891448975,1.8965799808502197,1.1650930643081665,0.8555244207382202,0.8270044326782227,1.1802514791488647,1.1733189821243286,0.9630732536315918,1.2044764757156372,1.4985092878341675,1.4814181327819824,1.4941953420639038,1.7831767797470093,1.9848823547363281,2.034595251083374,2.1520683765411377,2.4045052528381348,1.3781529664993286,1.05744469165802,1.2439948320388794,1.5370104312896729,1.401207447052002,1.2814278602600098,1.630431890487671,1.821271538734436,1.7443355321884155,1.873878836631775,2.1858813762664795,2.2892730236053467,2.369453191757202,2.583488941192627,2.774848461151123,0.9563011527061462,0.7113285064697266,1.0568031072616577,1.2370094060897827,1.0665502548217773,1.1454579830169678,1.484834909439087,1.576468586921692,1.5903774499893188,1.8205161094665527,2.0349488258361816,2.1190948486328125,2.318074941635132,2.5038864612579346,2.6149747371673584
B4,0.9686955809593201,0.8261923789978027,1.1669178009033203,1.1656280755996704,0.9267703890800476,1.1525232791900635,1.4500951766967773,1.4034371376037598,1.430496096611023,1.7401748895645142,1.8993337154388428,1.9080545902252197,2.153181314468384,2.3630242347717285,2.4005918502807617,0.6029109954833984,0.5617046356201172,0.3735819160938263,0.0,0.38379672169685364,0.5532714128494263,0.5099974274635315,0.6282172799110413,0.9080040454864502,1.0128902196884155,1.0442897081375122,1.262316107749939,1.5087263584136963,1.5513215065002441,1.6304495334625244,1.2470619678497314,0.9766287207603455,0.7941628098487854,1.125330924987793,1.1894629001617432,0.9227846264839172,1.0562865734100342,1.3997775316238403,1.4023343324661255,1.3263940811157227,1.5996347665786743,1.8485194444656372,1.8625140190124512,1.9315459728240967,2.21132230758667,1.5901463031768799,1.2713489532470703,1.3672595024108887,1.6963286399841309,1.6030468940734863,1.411298155784607,1.722588300704956,1.9664114713668823,1.877292513847351,1.9370471239089966,2.267923355102539,2.4032695293426514,2.4339559078216553,2.628918409347534,2.86189603805542,1.3255679607391357,1.072184443473816,1.3960987329483032,1.5911991596221924,1.3896769285202026,1.4238752126693726,1.7861206531524658,1.875292420387268,1.8319796323776245,2.0646474361419678,2.3132081031799316,2.367839813232422,2.5405163764953613,2.758392095565796,2.8809473514556885
B5,1.1986408233642578,0.9451202154159546,1.2324421405792236,1.2460014820098877,0.9283946752548218,1.0563859939575195,1.3939281702041626,1.3417898416519165,1.266503930091858,1.580614447593689,1.7904188632965088,1.7565332651138306,1.9580578804016113,2.211338996887207,2.2727112770080566,0.758054256439209,0.5675795674324036,0.5619037747383118,0.38379672169685364,0.0,0.3793213665485382,0.5340590476989746,0.5221536755561829,0.6791797876358032,0.905297040939331,1.0111132860183716,1.1244584321975708,1.3785386085510254,1.5098624229431152,1.5774556398391724,1.1053303480148315,0.8073590397834778,0.5850576162338257,0.8387167453765869,0.8584667444229126,0.5538775324821472,0.6914840936660767,1.0239698886871338,1.0211528539657593,0.9655814170837402,1.2402665615081787,1.474738359451294,1.515865683555603,1.6011046171188354,1.8597744703292847,1.459102749824524,1.1154656410217285,1.1238012313842773,1.4430253505706787,1.3623203039169312,1.1125898361206055,1.3936703205108643,1.6619234085083008,1.5698219537734985,1.587598204612732,1.9209730625152588,2.076972484588623,2.090632200241089,2.268092155456543,2.5158157348632812,1.4380806684494019,1.1050293445587158,1.356070876121521,1.5705382823944092,1.3430882692337036,1.2799237966537476,1.6551330089569092,1.7698010206222534,1.6636574268341064,1.8641351461410522,2.1564927101135254,2.2062768936157227,2.3298423290252686,2.5655484199523926,2.7230160236358643
B6,1.0228067636489868,0.7422491908073425,0.9476855993270874,0.9186975955963135,0.5714942216873169,0.6964671611785889,1.0193254947662354,0.9679644107818604,0.9102801084518433,1.2191858291625977,1.4197536706924438,1.4155608415603638,1.624550223350525,1.8555697202682495,1.9268051385879517,0.9767632484436035,0.6861566305160522,0.5626312494277954,0.5532714128494263,0.3793213665485382,0.0,0.37842023372650146,0.5518380999565125,0.56331866979599,0.6824221611022949,0.9097157716751099,1.0651124715805054,1.2225308418273926,1.3718842267990112,1.526471734046936,1.3135265111923218,0.950598955154419,0.8567700386047363,1.0828543901443481,0.9679416418075562,0.6391426920890808,0.8931350708007812,1.1514321565628052,1.0255846977233887,1.022723913192749,1.364593505859375,1.5158437490463257,1.5246260166168213,1.6882117986679077,1.950730800628662,1.530669927597046,1.1496320962905884,1.2094898223876953,1.4618051052093506,1.284229040145874,1.038696050643921,1.3674644231796265,1.5682330131530762,1.4072569608688354,1.476835012435913,1.8316508531570435,1.920379877090454,1.9313302040100098,2.1604700088500977,2.388587236404419,1.3308899402618408,0.9890748858451843,1.237073302268982,1.3703533411026,1.0794856548309326,1.0528507232666016,1.4312384128570557,1.4831820726394653,1.3618695735931396,1.6084104776382446,1.8804709911346436,1.8917276859283447,2.0414435863494873,2.291189670562744,2.416975498199463
B7,0.9996190071105957,0.854432225227356,1.0688176155090332,0.9257921576499939,0.6154145002365112,0.8957182765007019,1.124299168586731,0.9778485298156738,1.015306830406189,1.3587682247161865,1.4652283191680908,1.4387199878692627,1.7171120643615723,1.919569730758667,1.9201672077178955,1.0844104290008545,0.906136155128479,0.6519438624382019,0.5099974274635315,0.5340590476989746,0.37842023372650146,0.0,0.371771901845932,0.5480751991271973,0.5213239789009094,0.6246465444564819,0.8842310309410095,1.0517067909240723,1.1080734729766846,1.2631800174713135,1.5971708297729492,1.2607965469360352,1.107825756072998,1.35896635055542,1.3058557510375977,0.9562598466873169,1.1177655458450317,1.4166901111602783,1.2844934463500977,1.1819710731506348,1.5284501314163208,1.7092031240463257,1.643713355064392,1.7750296592712402,2.0849406719207764,1.8617788553237915,1.491711139678955,1.5636142492294312,1.8340922594070435,1.6604098081588745,1.4145786762237549,1.7339023351669312,1.9381603002548218,1.7547959089279175,1.8061952590942383,2.173436164855957,2.2501165866851807,2.225742816925049,2.4646518230438232,2.709571599960327,1.5090328454971313,1.2276939153671265,1.5292118787765503,1.6302447319030762,1.3297605514526367,1.3768115043640137,1.74588942527771,1.7492547035217285,1.6390622854232788,1.9230598211288452,2.168719530105591,2.142481565475464,2.3191475868225098,2.581728458404541,2.670861005783081
B8,1.3565404415130615,1.1906712055206299,1.4161792993545532,1.2828495502471924,0.9450450539588928,1.165096640586853,1.407950520515442,1.2202216386795044,1.169492483139038,1.5377259254455566,1.6559590101242065,1.5474973917007446,1.8105895519256592,2.058443069458008,2.035853624343872,1.1938132047653198,1.0537997484207153,0.8964076042175293,0.6282172799110413,0.5221536755561829,0.5518380999565125,0.371771901845932,0.0,0.38125666975975037,0.5298401117324829,0.5059224963188171,0.6384204030036926,0.9158113598823547,1.0047755241394043,1.058428168296814,1.617594599723816,1.3224784135818481,1.081117868423462,1.2635078430175781,1.25869619846344,0.8938877582550049,0.9275599718093872,1.241178035736084,1.1334826946258545,0.9383625388145447,1.256794810295105,1.4777929782867432,1.3851304054260254,1.4650299549102783,1.793368935585022,1.9675148725509644,1.60829758644104,1.5969876050949097,1.8853222131729126,1.764028787612915,1.4662840366363525,1.7277528047561646,1.9805493354797363,1.806667685508728,1.780227780342102,2.148616075515747,2.267411470413208,2.200138807296753,2.403106927871704,2.6854095458984375,1.809038519859314,1.4986881017684937,1.7726876735687256,1.915222406387329,1.6188970804214478,1.5970659255981445,1.9752315282821655,2.008685827255249,1.850818395614624,2.1037192344665527,2.388669967651367,2.356889009475708,2.4867796897888184,2.7687623500823975,2.8881797790527344
B9,1.494516134262085,1.2693670988082886,1.4135463237762451,1.2718461751937866,0.9017857313156128,1.0260165929794312,1.2504172325134277,1.0422216653823853,0.8941572308540344,1.2618192434310913,1.4034641981124878,1.2502788305282593,1.4788265228271484,1.7571947574615479,1.751683235168457,1.4249796867370605,1.1928110122680664,1.0796899795532227,0.9080040454864502,0.6791797876358032,0.56331866979599,0.5480751991271973,0.38125666975975037,0.0,0.3737596869468689,0.5613288879394531,0.5457414984703064,0.7313200831413269,0.9524712562561035,1.0585670471191406,1.6917998790740967,1.3696873188018799,1.177625298500061,1.281298279762268,1.176990270614624,0.8059245944023132,0.8728938102722168,1.0963897705078125,0.88509601354599,0.7180427312850952,1.0869970321655273,1.2232404947280884,1.110255479812622,1.2695274353027344,1.5834373235702515,1.974530816078186,1.5995506048202515,1.5515148639678955,1.7829927206039429,1.628461480140686,1.2984884977340698,1.5350602865219116,1.7604897022247314,1.5405263900756836,1.4917690753936768,1.87076735496521,1.9626123905181885,1.8630763292312622,2.080902338027954,2.3681066036224365,1.8895922899246216,1.544653296470642,1.760966181755066,1.871456503868103,1.542126178741455,1.4707649946212769,1.8366096019744873,1.8496830463409424,1.6316735744476318,1.8758925199508667,2.1768765449523926,2.1114656925201416,2.2083616256713867,2.5133583545684814,2.63956356048584
B10,1.3853759765625,1.2310709953308105,1.3183106184005737,1.0872093439102173,0.7620519399642944,0.9624864459037781,1.085296869277954,0.8035319447517395,0.7644909024238586,1.1374638080596924,1.1841925382614136,1.046250343322754,1.3458707332611084,1.5692254304885864,1.5152039527893066,1.5787882804870605,1.3520960807800293,1.1430553197860718,1.0128902196884155,0.905297040939331,0.6824221611022949,0.5213239789009094,0.5298401117324829,0.3737596869468689,0.0,0.3859819173812866,0.5424187183380127,0.5688432455062866,0.717047929763794,0.9407395720481873,1.9589895009994507,1.6106318235397339,1.4570577144622803,1.6109135150909424,1.4872448444366455,1.118356466293335,1.237123727798462,1.455558180809021,1.2115014791488647,1.0693700313568115,1.4411873817443848,1.5399953126907349,1.3818061351776123,1.5648680925369263,1.889716625213623,2.191977024078369,1.8056104183197021,1.8176708221435547,2.031789779663086,1.8249362707138062,1.5273467302322388,1.800102949142456,1.9757615327835083,1.7157461643218994,1.7168762683868408,2.1010305881500244,2.1340699195861816,2.031005620956421,2.2910075187683105,2.557847499847412,1.9023029804229736,1.5986683368682861,1.84261155128479,1.8872300386428833,1.5306730270385742,1.538248896598816,1.8880895376205444,1.8311612606048584,1.6301220655441284,1.926546335220337,2.181779623031616,2.0721821784973145,2.2146244049072266,2.525627851486206,2.598841667175293
B11,1.5318735837936401,1.443640112876892,1.585713267326355,1.338832974433899,1.0490418672561646,1.3102079629898071,1.4284439086914062,1.1346768140792847,1.143129587173462,1.5111083984375,1.5144708156585693,1.3557425737380981,1.6759696006774902,1.8850226402282715,1.7750080823898315,1.6435601711273193,1.5012034177780151,1.2693850994110107,1.0442897081375122,1.0111132860183716,0.9097157716751099,0.6246465444564819,0.5059224963188171,0.5613288879394531,0.3859819173812866,0.0,0.38312187790870667,0.535923957824707,0.5107120275497437,0.6441029906272888,2.112701416015625,1.797674536705017,1.5814180374145508,1.7484647035598755,1.701249122619629,1.3262920379638672,1.3603538274765015,1.6235606670379639,1.4326192140579224,1.2042715549468994,1.5336904525756836,1.6924248933792114,1.4940168857574463,1.5983091592788696,1.9569649696350098,2.4217488765716553,2.0471460819244385,2.049966812133789,2.3043394088745117,2.134671926498413,1.8299522399902344,2.089930534362793,2.3019893169403076,2.063521385192871,2.0337750911712646,2.41627836227417,2.47878360748291,2.358703851699829,2.5952529907226562,2.88352108001709,2.1192057132720947,1.8385173082351685,2.119579553604126,2.1897549629211426,1.8505985736846924,1.8761115074157715,2.2362706661224365,2.191077470779419,2.008305072784424,2.303767442703247,2.5592267513275146,2.454660415649414,2.6005537509918213,2.910773992538452,2.981015205383301
B12,1.852778434753418,1.7085105180740356,1.8428832292556763,1.6213217973709106,1.2940785884857178,1.4791980981826782,1.6148720979690552,1.3150299787521362,1.2175434827804565,1.5806517601013184,1.612844467163086,1.3768868446350098,1.6491278409957886,1.9063066244125366,1.793623447418213,1.8309260606765747,1.668995976448059,1.5070840120315552,1.262316107749939,1.1244584321975708,1.0651124715805054,0.8842310309410095,0.6384204030036926,0.5457414984703064,0.5424187183380127,0.38312187790870667,0.0,0.3797709047794342,0.534869909286499,0.5286998748779297,2.1719136238098145,1.8777272701263428,1.6357803344726562,1.7222442626953125,1.6694445610046387,1.3081072568893433,1.2651618719100952,1.4764478206634521,1.271112322807312,0.9892470240592957,1.2830866575241089,1.421470284461975,1.1745938062667847,1.262744426727295,1.6283434629440308,2.5037600994110107,2.134901762008667,2.070833921432495,2.3086328506469727,2.1658029556274414,1.8242532014846802,2.0246520042419434,2.2536909580230713,2.011408805847168,1.9143986701965332,2.2889726161956787,2.370863676071167,2.2040212154388428,2.4112377166748047,2.7267515659332275,2.3659276962280273,2.047330141067505,2.2892684936523438,2.379808187484741,2.035672187805176,1.9952633380889893,2.3535337448120117,2.327857732772827,2.0937659740448,2.3552677631378174,2.6435132026672363,2.5277233123779297,2.6208553314208984,2.94962215423584,3.048485040664673
B13,1.9271824359893799,1.7969043254852295,1.8569508790969849,1.5903915166854858,1.2995051145553589,1.460405945777893,1.510023593902588,1.168247103691101,1.0834496021270752,1.4116151332855225,1.374876856803894,1.1014000177383423,1.3902227878570557,1.619181752204895,1.4622173309326172,2.0876410007476807,1.884263038635254,1.6937259435653687,1.5087263584136963,1.3785386085510254,1.2225308418273926,1.0517067909240723,0.9158113598823547,0.7313200831413269,0.5688432455062866,0.535923957824707,0.3797709047794342,0.0,0.37376004457473755,0.5626225471496582,2.4227631092071533,2.098217725753784,1.9030516147613525,1.9891347885131836,1.8756786584854126,1.5173099040985107,1.5320898294448853,1.6958128213882446,1.4230828285217285,1.196915626525879,1.5090004205703735,1.56209397315979,1.2829467058181763,1.4423848390579224,1.7861592769622803,2.6888914108276367,2.3070764541625977,2.262302875518799,2.4586546421051025,2.268226146697998,1.9361801147460938,2.1415727138519287,2.3191659450531006,2.029717445373535,1.952384352684021,2.3274219036102295,2.3502116203308105,2.159365177154541,2.4014129638671875,2.701427936553955,2.469444751739502,2.1613001823425293,2.3865010738372803,2.4205079078674316,2.0517656803131104,2.0314066410064697,2.36352801322937,2.2828969955444336,2.02900767326355,2.309786081314087,2.57122540473938,2.404223680496216,2.5020968914031982,2.8452653884887695,2.9095418453216553
