,A1,A2,A3,A4,A5,A6,A7,A8,A9,A10,A11,A12,A13,A14,A15,B1,B2,B3,B4,B5,B6,B7,B8,B9,B10,B11,B12,B13,B14,B15,C1,C2,C3,C4,C5,C6,C7,C8,C9,C10,C11,C12,C13,C14,C15,D1,D2,D3,D4,D5,D6,D7,D8,D9,D10,D11,D12,D13,D14,D15,E1,E2,E3,E4,E5,E6,E7,E8,E9,E10,E11,E12,E13,E14,E15
A1,0.0,0.3928820788860321,0.5126885175704956,0.49289512634277344,0.6075871586799622,0.8476874828338623,0.9386569857597351,0.9853155016899109,1.2107651233673096,1.3974660634994507,1.4596219062805176,1.5766143798828125,1.8203526735305786,1.9545459747314453,2.0260233879089355,0.6804675459861755,0.7774232029914856,0.8640153408050537,1.1016191244125366,1.2566012144088745,1.3289471864700317,1.4686245918273926,1.6452211141586304,1.8212909698486328,1.949447751045227,2.0922536849975586,2.2778892517089844,2.4657695293426514,2.592848300933838,2.741044044494629,0.983060896396637,0.9233087301254272,0.7242454290390015,1.0187430381774902,1.2696442604064941,1.1922460794448853,1.2157278060913086,1.5028272867202759,1.6881062984466553,1.6696455478668213,1.79024076461792,2.0619935989379883,2.186854124069214,2.2315618991851807,2.415992021560669,1.2721980810165405,1.0745854377746582,1.3832979202270508,1.6149290800094604,1.482519507408142,1.5195651054382324,1.8390988111495972,1.9405921697616577,1.9097566604614258,2.1228785514831543,2.3737194538116455,2.416736364364624,2.5211710929870605,2.7768001556396484,2.927561044692993,0.802081286907196,0.6957302093505859,1.0312883853912354,1.210731863975525,1.10276198387146,1.2358193397521973,1.5086073875427246,1.565596103668213,1.6175605058670044,1.8614451885223389,2.0335047245025635,2.090228796005249,2.279193639755249,2.502100944519043,2.5997726917266846
A2,0.3928820788860321,0.0,0.3725956380367279,0.5467987060546875,0.49260303378105164,0.5911162495613098,0.8139733672142029,0.9320443868637085,1.0411452054977417,1.2222461700439453,1.3847973346710205,1.495147943496704,1.671288251876831,1.846565842628479,1.9737873077392578,0.6048023104667664,0.4861471951007843,0.5924532413482666,0.9023230075836182,0.984707772731781,0.9877966046333313,1.1791510581970215,1.3800396919250488,1.499711275100708,1.620378017425537,1.8081670999526978,1.9835914373397827,2.137698173522949,2.2852022647857666,2.458127021789551,0.8087815642356873,0.610502302646637,0.466170996427536,0.8350906372070312,0.9829568862915039,0.8724586963653564,0.9916170239448547,1.2747256755828857,1.3966156244277954,1.4178580045700073,1.5970335006713867,1.825189232826233,1.935382604598999,2.0370049476623535,2.2279016971588135,1.0779688358306885,0.788133442401886,1.0703107118606567,1.3309149742126465,1.1883978843688965,1.1633087396621704,1.4915812015533447,1.6259748935699463,1.5779249668121338,1.7595940828323364,2.0291919708251953,2.093322277069092,2.1745705604553223,2.4198949337005615,2.5936057567596436,0.8326955437660217,0.5399054288864136,0.8477252721786499,1.1001828908920288,0.9616959691047668,0.9777640104293823,1.2901618480682373,1.410362958908081,1.4067307710647583,1.608454704284668,1.8345212936401367,1.9145259857177734,2.049787759780884,2.276092052459717,2.420825958251953
A3,0.5126885175704956,0.3725956380367279,0.0,0.3731684684753418,0.5408763885498047,0.5142853260040283,0.5829409956932068,0.8190918564796448,0.9930051565170288,1.061657190322876,1.1945507526397705,1.3951164484024048,1.5569697618484497,1.663588285446167,1.8187071084976196,0.919914186000824,0.7673039436340332,0.9425768256187439,1.2551543712615967,1.2724310159683228,1.253881812095642,1.4979945421218872,1.6936756372451782,1.7583376169204712,1.8914320468902588,2.117365598678589,2.2674691677093506,2.395223379135132,2.5709216594696045,2.7582428455352783,1.1748958826065063,0.932172954082489,0.8045546412467957,1.1765475273132324,1.292633056640625,1.1021137237548828,1.2309499979019165,1.5578415393829346,1.625968337059021,1.595664620399475,1.8182594776153564,2.0615792274475098,2.114161491394043,2.209444761276245,2.442992925643921,1.1992876529693604,0.9116607308387756,1.240437626838684,1.4282463788986206,1.1899081468582153,1.198752760887146,1.5561180114746094,1.6147418022155762,1.5080821514129639,1.7455294132232666,2.017897605895996,2.01198148727417,2.0902743339538574,2.378993034362793,2.5258729457855225,0.5951120257377625,0.3325471580028534,0.695637047290802,0.8334301114082336,0.6309770345687866,0.7480624318122864,1.049179196357727,1.0928958654403687,1.1084569692611694,1.3579171895980835,1.5460947751998901,1.5945452451705933,1.7683265209197998,1.9996076822280884,2.1083037853240967
A4,0.49289512634277344,0.5467987060546875,0.3731684684753418,0.0,0.39281266927719116,0.5544691681861877,0.48281916975975037,0.5627733469009399,0.850952684879303,0.9617183208465576,0.9872642159461975,1.1625014543533325,1.3966971635818481,1.4866143465042114,1.5765767097473145,1.0946816205978394,1.0282081365585327,1.1006888151168823,1.4268784523010254,1.529099702835083,1.4900602102279663,1.6744340658187866,1.9124873876571655,2.015564203262329,2.1004791259765625,2.3096044063568115,2.505199670791626,2.629337787628174,2.7652134895324707,2.965622663497925,1.3111484050750732,1.12992525100708,0.8837981820106506,1.202706217765808,1.3962945938110352,1.1821391582489014,1.1988657712936401,1.5595331192016602,1.6662309169769287,1.5603957176208496,1.7404489517211914,2.037075996398926,2.0761895179748535,2.106837272644043,2.353987693786621,1.5371567010879517,1.2565293312072754,1.5689537525177002,1.7862579822540283,1.5599099397659302,1.5410816669464111,1.9024910926818848,1.978898286819458,1.8507503271102905,2.0715770721435547,2.364293098449707,2.3541197776794434,2.404369592666626,2.70247483253479,2.8631274700164795,0.824999988079071,0.6886373162269592,1.0552527904510498,1.1286009550094604,0.8767179846763611,1.054600715637207,1.3587677478790283,1.3217697143554688,1.3028078079223633,1.6085377931594849,1.78476083278656,1.7614048719406128,1.9503939151763916,2.2182343006134033,2.2896652221679688
A5,0.6075871586799622,0.49260303378105164,0.5408763885498047,0.39281266927719116,0.0,0.3823033571243286,0.5289405584335327,0.4738142788410187,0.609375536441803,0.854776918888092,0.9644920229911804,1.0213350057601929,1.2390999794006348,1.4256070852279663,1.511165976524353,1.0347872972488403,0.9234545826911926,0.8729352355003357,1.2290939092636108,1.3661930561065674,1.2577146291732788,1.3965253829956055,1.6843578815460205,1.790368914604187,1.8162795305252075,2.0262506008148193,2.258161783218384,2.3587968349456787,2.462409734725952,2.6844146251678467,1.1044514179229736,0.9134523868560791,0.606560468673706,0.8822373151779175,1.0646030902862549,0.8282291293144226,0.8092851042747498,1.1782617568969727,1.285813808441162,1.1743340492248535,1.3506791591644287,1.644407033920288,1.6921015977859497,1.7296329736709595,1.9682259559631348,1.5547189712524414,1.2255327701568604,1.468703031539917,1.7477970123291016,1.5641496181488037,1.4600629806518555,1.8110277652740479,1.959783673286438,1.8295459747314453,1.9825427532196045,2.3026132583618164,2.343888521194458,2.3559768199920654,2.62699556350708,2.8317575454711914,1.1159765720367432,0.8578686714172363,1.201533317565918,1.360066533088684,1.0914231538772583,1.1438332796096802,1.498226284980774,1.5233978033065796,1.4255220890045166,1.6957231760025024,1.9402574300765991,1.9231302738189697,2.0451674461364746,2.3346245288848877,2.4535973072052
A6,0.8476874828338623,0.5911162495613098,0.5142853260040283,0.5544691681861877,0.3823033571243286,0.0,0.3706373870372772,0.5438008904457092,0.5306628346443176,0.6452606916427612,0.8815060257911682,1.0073626041412354,1.114200472831726,1.29513418674469,1.4714434146881104,1.1705001592636108,0.9270346760749817,0.9442011117935181,1.316978931427002,1.3474969863891602,1.1790151596069336,1.3948838710784912,1.6782487630844116,1.698235273361206,1.7315881252288818,2.0000388622283936,2.195236921310425,2.2518110275268555,2.395432949066162,2.639892816543579,1.2303271293640137,0.9275875687599182,0.73652184009552,1.0467777252197266,1.0929394960403442,0.7836214303970337,0.898593544960022,1.2569572925567627,1.2508243322372437,1.1588640213012695,1.4289504289627075,1.6694304943084717,1.6629530191421509,1.7639659643173218,2.029266595840454,1.4860042333602905,1.1147133111953735,1.3406174182891846,1.5873793363571167,1.3511528968811035,1.2069135904312134,1.5703939199447632,1.7000468969345093,1.5184330940246582,1.668805480003357,2.004545211791992,2.022249460220337,2.0080509185791016,2.2939376831054688,2.5017290115356445,1.085663080215454,0.7625930309295654,1.0426870584487915,1.1853961944580078,0.8746596574783325,0.8469156622886658,1.2174006700515747,1.2551167011260986,1.099577784538269,1.349718451499939,1.6248208284378052,1.6095932722091675,1.6945229768753052,1.9892288446426392,2.1327826976776123
A7,0.9386569857597351,0.8139733672142029,0.5829409956932068,0.48281916975975037,0.5289405584335327,0.3706373870372772,0.0,0.3878745138645172,0.5541893243789673,0.5110888481140137,0.6203762292861938,0.8629089593887329,1.0023940801620483,1.0808466672897339,1.2518912553787231,1.4187061786651611,1.222724199295044,1.2778137922286987,1.6444573402404785,1.6815011501312256,1.5403505563735962,1.7609312534332275,2.036336898803711,2.0576040744781494,2.100543737411499,2.3700814247131348,2.5608439445495605,2.616398811340332,2.7642757892608643,3.0101511478424072,1.5477187633514404,1.2708171606063843,1.055393934249878,1.3628013134002686,1.4519766569137573,1.1380313634872437,1.1950913667678833,1.5736427307128906,1.5723321437835693,1.4194130897521973,1.6759823560714722,1.9498355388641357,1.9045170545578003,1.959596872329712,2.254082202911377,1.7194525003433228,1.3759175539016724,1.6445871591567993,1.8489755392074585,1.5666117668151855,1.469205617904663,1.841281533241272,1.9121673107147217,1.6972681283950806,1.891893982887268,2.2205982208251953,2.1792290210723877,2.1629934310913086,2.483356237411499,2.664391040802002,1.0580682754516602,0.8448676466941833,1.1395913362503052,1.1634372472763062,0.8005756139755249,0.9051105380058289,1.2341322898864746,1.154402494430542,1.0052212476730347,1.3315132856369019,1.548810601234436,1.461559772491455,1.5988432168960571,1.912297248840332,1.994900107383728
A8,0.9853155016899109,0.9320443868637085,0.8190918564796448,0.5627733469009399,0.4738142788410187,0.5438008904457092,0.3878745138645172,0.0,0.3888739347457886,0.538902759552002,0.5106778144836426,0.6017454266548157,0.8606050610542297,0.9875554442405701,1.0521622896194458,1.5020039081573486,1.3695495128631592,1.3275481462478638,1.6920197010040283,1.8096306324005127,1.6552186012268066,1.802565097808838,2.114689350128174,2.1822190284729004,2.1732983589172363,2.41338849067688,2.6529695987701416,2.7097601890563965,2.8075664043426514,3.0617079734802246,1.568601369857788,1.3559722900390625,1.0566275119781494,1.2838730812072754,1.4355405569076538,1.128089427947998,1.0599883794784546,1.4477404356002808,1.493874430656433,1.2734524011611938,1.4674837589263916,1.7886450290679932,1.743902564048767,1.729436993598938,2.0253489017486572,1.9586328268051147,1.614871859550476,1.8618378639221191,2.1140990257263184,1.8734254837036133,1.7490394115447998,2.113839626312256,2.2304797172546387,2.029616355895996,2.1874492168426514,2.5300445556640625,2.5201430320739746,2.48537540435791,2.789898633956909,2.995907783508301,1.334120750427246,1.1349977254867554,1.4664881229400635,1.520535945892334,1.174920916557312,1.277347445487976,1.6170289516448975,1.5387150049209595,1.379500150680542,1.7044662237167358,1.9294013977050781,1.8170439004898071,1.940827488899231,2.2720675468444824,2.3466434478759766
A9,1.2107651233673096,1.0411452054977417,0.9930051565170288,0.850952684879303,0.609375536441803,0.5306628346443176,0.5541893243789673,0.3888739347457886,0.0,0.3868301808834076,0.5708502531051636,0.5215837359428406,0.6475201845169067,0.9032230377197266,1.024463176727295,1.5884349346160889,1.3862172365188599,1.2913787364959717,1.6615536212921143,1.753300428390503,1.523451328277588,1.6588075160980225,1.9998719692230225,2.024704933166504,1.9634442329406738,2.228828191757202,2.4772789478302,2.486374616622925,2.5720722675323486,2.855698585510254,1.5540162324905396,1.302138090133667,1.0350124835968018,1.2113120555877686,1.2736294269561768,0.919456958770752,0.8678044080734253,1.2376232147216797,1.2047392129898071,0.9587858319282532,1.2089145183563232,1.4960209131240845,1.4063313007354736,1.4279440641403198,1.7422364950180054,1.9980647563934326,1.6192400455474854,1.8003039360046387,2.072385549545288,1.8461471796035767,1.6469208002090454,1.9931583404541016,2.1511478424072266,1.9274399280548096,2.022590398788452,2.387439727783203,2.404702663421631,2.322066307067871,2.606894016265869,2.8482179641723633,1.5561274290084839,1.2769901752471924,1.564207911491394,1.6622328758239746,1.3068608045578003,1.2982465028762817,1.6578092575073242,1.628162145614624,1.3937623500823975,1.6694930791854858,1.9517848491668701,1.8452482223510742,1.8923580646514893,2.2381770610809326,2.359764575958252
A10,1.3974660634994507,1.2222461700439453,1.061657190322876,0.9617183208465576,0.854776918888092,0.6452606916427612,0.5110888481140137,0.538902759552002,0.3868301808834076,0.0,0.3850107789039612,0.5491568446159363,0.5270764827728271,0.6629278659820557,0.901806652545929,1.8093522787094116,1.5662490129470825,1.546872854232788,1.9224965572357178,1.951747179031372,1.7198998928070068,1.914133071899414,2.2335848808288574,2.2070586681365967,2.172623634338379,2.4726901054382324,2.684187889099121,2.6706125736236572,2.7936935424804688,3.0848870277404785,1.8310383558273315,1.531705617904663,1.3165217638015747,1.5446512699127197,1.5647094249725342,1.193421483039856,1.2189204692840576,1.5772764682769775,1.486013650894165,1.2561479806900024,1.5472913980484009,1.8000640869140625,1.6602027416229248,1.7072564363479614,2.0424304008483887,2.0914695262908936,1.712679386138916,1.9108271598815918,2.1297836303710938,1.8469055891036987,1.6598535776138306,2.011012315750122,2.112525463104248,1.837416172027588,1.9587782621383667,2.3217146396636963,2.280787706375122,2.1784117221832275,2.4948570728302,2.715557336807251,1.546406865119934,1.2985843420028687,1.5416303873062134,1.5622777938842773,1.1772570610046387,1.1811943054199219,1.5026408433914185,1.4109795093536377,1.1337918043136597,1.4280962944030762,1.6893492937088013,1.530982494354248,1.5725789070129395,1.9345892667770386,2.032693386077881
A11,1.4596219062805176,1.3847973346710205,1.1945507526397705,0.9872642159461975,0.9644920229911804,0.8815060257911682,0.6203762292861938,0.5106778144836426,0.5708502531051636,0.3850107789039612,0.0,0.39216721057891846,0.5345342755317688,0.5040877461433411,0.6358031034469604,1.9779654741287231,1.7964915037155151,1.776489019393921,2.1503045558929443,2.2226147651672363,2.02502179145813,2.1988043785095215,2.520491361618042,2.5319294929504395,2.5019311904907227,2.7802188396453857,3.0082545280456543,3.015425443649292,3.1233181953430176,3.4072492122650146,2.039248466491699,1.7833638191223145,1.5189168453216553,1.7382298707962036,1.8292838335037231,1.4766322374343872,1.4296796321868896,1.802610158920288,1.7654675245285034,1.4942340850830078,1.7252365350723267,2.023974895477295,1.885459542274475,1.8600835800170898,2.200211763381958,2.331169366836548,1.973305344581604,2.2088918685913086,2.4261014461517334,2.1365561485290527,1.9896525144577026,2.3512165546417236,2.43239688873291,2.1644349098205566,2.3162214756011963,2.670048236846924,2.60762095451355,2.5205655097961426,2.8502330780029297,3.0530598163604736,1.6316848993301392,1.4612863063812256,1.7407487630844116,1.7108534574508667,1.3252601623535156,1.4271951913833618,1.7243850231170654,1.5640119314193726,1.3331667184829712,1.672947883605957,1.87555730342865,1.6689810752868652,1.7666481733322144,2.1299335956573486,2.1663451194763184
A12,1.5766143798828125,1.495147943496704,1.3951164484024048,1.1625014543533325,1.0213350057601929,1.0073626041412354,0.8629089593887329,0.6017454266548157,0.5215837359428406,0.5491568446159363,0.39216721057891846,0.0,0.3773771822452545,0.5449737310409546,0.5253642797470093,2.0492892265319824,1.8854666948318481,1.7864776849746704,2.1507058143615723,2.2680399417877197,2.0407655239105225,2.154120445251465,2.5052506923675537,2.5368270874023438,2.4511878490448,2.709838628768921,2.9752144813537598,2.9677894115448,3.0299506187438965,3.326744794845581,2.0302271842956543,1.810027003288269,1.5143264532089233,1.6523964405059814,1.7504595518112183,1.407485008239746,1.2796043157577515,1.6249648332595825,1.5962018966674805,1.2722753286361694,1.4551142454147339,1.7678498029708862,1.6121529340744019,1.5332345962524414,1.8765809535980225,2.49045991897583,2.119757652282715,2.31734299659729,2.577840566635132,2.3282928466796875,2.1391115188598633,2.4879026412963867,2.622328519821167,2.3670170307159424,2.4691622257232666,2.838379144668579,2.819608449935913,2.709327220916748,3.012655019760132,3.2491958141326904,1.9012460708618164,1.6910183429718018,1.9891291856765747,2.0162198543548584,1.6370564699172974,1.6939353942871094,2.022249460220337,1.9070582389831543,1.6575617790222168,1.9701521396636963,2.2103633880615234,2.0188891887664795,2.0765762329101562,2.4472737312316895,2.511436700820923
A13,1.8203526735305786,1.671288251876831,1.5569697618484497,1.3966971635818481,1.2390999794006348,1.114200472831726,1.0023940801620483,0.8606050610542297,0.6475201845169067,0.5270764827728271,0.5345342755317688,0.3773771822452545,0.0,0.38181573152542114,0.5478589534759521,2.233011484146118,2.009167432785034,1.9201743602752686,2.2871310710906982,2.3541183471679688,2.0836212635040283,2.2187724113464355,2.571134567260742,2.546734094619751,2.4420151710510254,2.733360528945923,2.9805476665496826,2.927255153656006,3.0013833045959473,3.320298671722412,2.1861045360565186,1.9199148416519165,1.6734168529510498,1.8132625818252563,1.8323088884353638,1.463993787765503,1.3957527875900269,1.711408019065857,1.5957050323486328,1.2778661251068115,1.5197731256484985,1.772528052330017,1.5521272420883179,1.5229848623275757,1.8852324485778809,2.579786777496338,2.192209005355835,2.3551554679870605,2.597865581512451,2.3341689109802246,2.1077768802642822,2.4381415843963623,2.5691099166870117,2.278050422668457,2.3463923931121826,2.7224550247192383,2.692531108856201,2.537635087966919,2.8373653888702393,3.0854427814483643,2.0572471618652344,1.8153753280639648,2.0660006999969482,2.0858047008514404,1.697777271270752,1.6941617727279663,2.005779266357422,1.8965121507644653,1.5895586013793945,1.863074541091919,2.1231367588043213,1.9135875701904297,1.9083819389343262,2.288499355316162,2.3722355365753174
A14,1.9545459747314453,1.846565842628479,1.663588285446167,1.4866143465042114,1.4256070852279663,1.29513418674469,1.0808466672897339,0.9875554442405701,0.9032230377197266,0.6629278659820557,0.5040877461433411,0.5449737310409546,0.38181573152542114,0.0,0.37255898118019104,2.436356544494629,2.2206201553344727,2.1793484687805176,2.5536553859710693,2.6064858436584473,2.360764980316162,2.5271570682525635,2.865196704864502,2.835667848587036,2.7625367641448975,3.0622220039367676,3.292506456375122,3.247295618057251,3.3434927463531494,3.6569628715515137,2.4507315158843994,2.1759650707244873,1.9296854734420776,2.1109983921051025,2.1509711742401123,1.7794729471206665,1.7282339334487915,2.0644452571868896,1.9602644443511963,1.6523637771606445,1.8908532857894897,2.1529507637023926,1.9325493574142456,1.8928788900375366,2.255650281906128,2.7458319664001465,2.3718130588531494,2.5703201293945312,2.779592275619507,2.4797675609588623,2.290724039077759,2.631319999694824,2.7130584716796875,2.4022624492645264,2.5113284587860107,2.874875545501709,2.7952611446380615,2.646839141845703,2.9735350608825684,3.1909685134887695,2.089679002761841,1.906496286392212,2.1478800773620605,2.09858775138855,1.706630825996399,1.7606920003890991,2.0298681259155273,1.8504220247268677,1.55706787109375,1.8578788042068481,2.061514377593994,1.7962441444396973,1.8230674266815186,2.2040860652923584,2.2307324409484863
A15,2.0260233879089355,1.9737873077392578,1.8187071084976196,1.5765767097473145,1.511165976524353,1.4714434146881104,1.2518912553787231,1.0521622896194458,1.024463176727295,0.901806652545929,0.6358031034469604,0.5253642797470093,0.5478589534759521,0.37255898118019104,0.0,2.545534610748291,2.378978729248047,2.303759813308716,2.671032428741455,2.774360179901123,2.542401075363159,2.669390916824341,3.0198967456817627,3.0313079357147217,2.9414658546447754,3.213507652282715,3.4728260040283203,3.4435784816741943,3.5085644721984863,3.8180441856384277,2.551328659057617,2.3220102787017822,2.0331928730010986,2.1771159172058105,2.268404722213745,1.9174097776412964,1.7950427532196045,2.1256299018859863,2.070370674133301,1.728529691696167,1.8994208574295044,2.195727825164795,1.986535668373108,1.8741854429244995,2.2277634143829346,2.948625087738037,2.581101894378662,2.7900257110595703,3.024158000946045,2.7421727180480957,2.5609757900238037,2.908972978591919,3.0086491107940674,2.7173712253570557,2.8283700942993164,3.1952240467071533,3.131649971008301,2.994582176208496,3.3162474632263184,3.539212703704834,2.256265878677368,2.0953595638275146,2.3746440410614014,2.334235668182373,1.9464894533157349,2.0362579822540283,2.3206095695495605,2.1358025074005127,1.8735160827636719,2.194000720977783,2.387605905532837,2.1227543354034424,2.1777193546295166,2.555734157562256,2.564317464828491
B1,0.6804675459861755,0.6048023104667664,0.919914186000824,1.0946816205978394,1.0347872972488403,1.1705001592636108,1.4187061786651611,1.5020039081573486,1.5884349346160889,1.8093522787094116,1.9779654741287231,2.0492892265319824,2.233011484146118,2.436356544494629,2.545534610748291,0.0,0.40849074721336365,0.5144492983818054,0.5263081789016724,0.6806879639625549,0.903554379940033,0.9986761808395386,1.0576822757720947,1.2894703149795532,1.4794286489486694,1.5537725687026978,1.6970891952514648,1.9443832635879517,2.0798823833465576,2.168142318725586,0.4737245440483093,0.5642995834350586,0.6432091593742371,0.8360904455184937,0.995295524597168,1.1122058629989624,1.2326818704605103,1.3651747703552246,1.562721848487854,1.6974865198135376,1.796951413154602,1.9648480415344238,2.1714835166931152,2.2921087741851807,2.398437023162842,0.8360817432403564,0.7399704456329346,0.9307032823562622,1.1955076456069946,1.2319016456604004,1.2801774740219116,1.4999070167541504,1.6678051948547363,1.757702112197876,1.9065613746643066,2.101252555847168,2.2381246089935303,2.3812177181243896,2.5566465854644775,2.7133660316467285,1.1087745428085327,0.9151030778884888,1.0736838579177856,1.4021588563919067,1.4134358167648315,1.3886760473251343,1.6254825592041016,1.8286887407302856,1.8894784450531006,2.0178587436676025,2.2271807193756104,2.382249593734741,2.5112128257751465,2.682955503463745,2.852616548538208
B2,0.7774232029914856,0.4861471951007843,0.7673039436340332,1.0282081365585327,0.9234545826911926,0.9270346760749817,1.222724199295044,1.3695495128631592,1.3862172365188599,1.5662490129470825,1.7964915037155151,1.8854666948318481,2.009167432785034,2.2206201553344727,2.378978729248047,0.40849074721336365,0.0,0.3726275563240051,0.551365077495575,0.5129234790802002,0.6142547130584717,0.8411584496498108,0.9514245390892029,1.0675296783447266,1.257690191268921,1.4243881702423096,1.5492466688156128,1.7364107370376587,1.9136220216751099,2.0500807762145996,0.5447272658348083,0.3148539960384369,0.5276655554771423,0.8098545074462891,0.8255742788314819,0.8658872842788696,1.0922186374664307,1.2487932443618774,1.3501940965652466,1.4993563890457153,1.6768593788146973,1.814325213432312,1.9748620986938477,2.144254207611084,2.2818920612335205,0.7069843411445618,0.43411704897880554,0.6325134634971619,0.9339765310287476,0.9143615961074829,0.8958510756492615,1.1495029926300049,1.336292028427124,1.3854762315750122,1.5198001861572266,1.7439247369766235,1.8789163827896118,1.9945156574249268,2.1787221431732178,2.3536951541900635,1.0431138277053833,0.7312683463096619,0.847671627998352,1.2075066566467285,1.182262897491455,1.0698843002319336,1.3289461135864258,1.5664119720458984,1.5805383920669556,1.6764806509017944,1.9225938320159912,2.084428071975708,2.1728365421295166,2.3487613201141357,2.547557830810547
B3,0.8640153408050537,0.5924532413482666,0.9425768256187439,1.1006888151168823,0.8729352355003357,0.9442011117935181,1.2778137922286987,1.3275481462478638,1.2913787364959717,1.546872854232788,1.776489019393921,1.7864776849746704,1.9201743602752686,2.1793484687805176,2.303759813308716,0.5144492983818054,0.3726275563240051,0.0,0.37628358602523804,0.5473533272743225,0.5281669497489929,0.6050552725791931,0.8276345729827881,1.0101786851882935,1.095110535621643,1.2342643737792969,1.4433094263076782,1.6178284883499146,1.7290194034576416,1.8891746997833252,0.3048034608364105,0.14045284688472748,0.29015886783599854,0.44916588068008423,0.49470242857933044,0.6194366812705994,0.7892228364944458,0.8978590965270996,1.054021954536438,1.217383861541748,1.3460280895233154,1.4817512035369873,1.6773567199707031,1.8319820165634155,1.9421440362930298,1.0341708660125732,0.7694106698036194,0.8431994915008545,1.2011816501617432,1.220190405845642,1.108522891998291,1.342052936553955,1.596040964126587,1.6227275133132935,1.6895571947097778,1.944350242614746,2.115340232849121,2.183018207550049,2.3479413986206055,2.564656972885132,1.3413575887680054,1.0174415111541748,1.191165566444397,1.5335172414779663,1.4427465200424194,1.3235676288604736,1.6263704299926758,1.8418033123016357,1.7963443994522095,1.9121087789535522,2.192929744720459,2.3180525302886963,2.379469156265259,2.590610980987549,2.797964334487915
B4,1.1016191244125366,0.9023230075836182,1.2551543712615967,1.4268784523010254,1.2290939092636108,1.316978931427002,1.6444573402404785,1.6920197010040283,1.6615536212921143,1.9224965572357178,2.1503045558929443,2.1507058143615723,2.2871310710906982,2.5536553859710693,2.671032428741455,0.5263081789016724,0.551365077495575,0.37628358602523804,0.0,0.3973694145679474,0.5717745423316956,0.5123823285102844,0.5792690515518188,0.8751957416534424,1.007868766784668,1.0404200553894043,1.2271305322647095,1.4734961986541748,1.5710121393203735,1.6655884981155396,0.16726568341255188,0.4157821238040924,0.6416373252868652,0.6279969215393066,0.6434149742126465,0.9142331480979919,1.0613288879394531,1.048830509185791,1.2373807430267334,1.4672644138336182,1.539319634437561,1.6196964979171753,1.8714885711669922,2.0371005535125732,2.0871708393096924,0.9962064623832703,0.8619703054428101,0.8371549844741821,1.1805990934371948,1.314835786819458,1.2459378242492676,1.3922243118286133,1.6641064882278442,1.771405816078186,1.812097430229187,2.0130064487457275,2.228628158569336,2.3297252655029297,2.445936441421509,2.651386022567749,1.554024577140808,1.2726068496704102,1.38606595993042,1.7529516220092773,1.7289751768112183,1.599731683731079,1.8601194620132446,2.1127827167510986,2.1016597747802734,2.18027663230896,2.449092149734497,2.6128931045532227,2.6712896823883057,2.85109543800354,3.071794033050537
B5,1.2566012144088745,0.984707772731781,1.2724310159683228,1.529099702835083,1.3661930561065674,1.3474969863891602,1.6815011501312256,1.8096306324005127,1.753300428390503,1.951747179031372,2.2226147651672363,2.2680399417877197,2.3541183471679688,2.6064858436584473,2.774360179901123,0.6806879639625549,0.5129234790802002,0.5473533272743225,0.3973694145679474,0.0,0.3888032138347626,0.5380735397338867,0.474791944026947,0.6175851821899414,0.8744091391563416,0.9821287393569946,1.0586657524108887,1.2905491590499878,1.4777687788009644,1.5704020261764526,0.5371100902557373,0.47013163566589355,0.8309574723243713,0.9204961061477661,0.7891432642936707,0.9966756701469421,1.2543343305587769,1.255674123764038,1.335202693939209,1.5977956056594849,1.7440178394317627,1.7790448665618896,1.9909695386886597,2.2125139236450195,2.2828757762908936,0.7272348403930664,0.6054439544677734,0.4616488814353943,0.8036665916442871,0.9848998188972473,0.9223578572273254,1.016026258468628,1.2924253940582275,1.4375814199447632,1.467170238494873,1.6363675594329834,1.866902470588684,1.9883975982666016,2.0843441486358643,2.276606798171997,1.502673625946045,1.2026423215866089,1.212459921836853,1.596074104309082,1.6169523000717163,1.424593448638916,1.6384445428848267,1.9409968852996826,1.9396799802780151,1.9546324014663696,2.222391128540039,2.428884267807007,2.4620885848999023,2.604717254638672,2.8502817153930664
B6,1.3289471864700317,0.9877966046333313,1.253881812095642,1.4900602102279663,1.2577146291732788,1.1790151596069336,1.5403505563735962,1.6552186012268066,1.523451328277588,1.7198998928070068,2.02502179145813,2.0407655239105225,2.0836212635040283,2.360764980316162,2.542401075363159,0.903554379940033,0.6142547130584717,0.5281669497489929,0.5717745423316956,0.3888032138347626,0.0,0.37516215443611145,0.5414307713508606,0.5330727100372314,0.6541430950164795,0.8882926106452942,1.0273076295852661,1.151087760925293,1.329456090927124,1.5104809999465942,0.655821681022644,0.4181786775588989,0.7468389868736267,0.8156415820121765,0.545566976070404,0.7013901472091675,1.0128810405731201,1.0065416097640991,1.0011794567108154,1.277919888496399,1.4682058095932007,1.4759150743484497,1.65241277217865,1.9036532640457153,1.9928909540176392,0.9900876879692078,0.7279418110847473,0.5633878707885742,0.9316233396530151,1.0262532234191895,0.8176542520523071,0.9481953978538513,1.2784700393676758,1.3359217643737793,1.3046969175338745,1.5418574810028076,1.777557134628296,1.8264024257659912,1.9310039281845093,2.172405958175659,1.6002250909805298,1.238616704940796,1.2771583795547485,1.641874074935913,1.5829765796661377,1.3419678211212158,1.6006258726119995,1.89006769657135,1.8116422891616821,1.8253357410430908,2.1390323638916016,2.3110263347625732,2.299130916595459,2.475130558013916,2.7386834621429443
B7,1.4686245918273926,1.1791510581970215,1.4979945421218872,1.6744340658187866,1.3965253829956055,1.3948838710784912,1.7609312534332275,1.802565097808838,1.6588075160980225,1.914133071899414,2.1988043785095215,2.154120445251465,2.2187724113464355,2.5271570682525635,2.669390916824341,0.9986761808395386,0.8411584496498108,0.6050552725791931,0.5123823285102844,0.5380735397338867,0.37516215443611145,0.0,0.38295599818229675,0.5570244193077087,0.5290013551712036,0.6368806958198547,0.8899612426757812,1.0463287830352783,1.1254862546920776,1.296708583831787,0.593592643737793,0.5756892561912537,0.8187788128852844,0.7063842415809631,0.42861512303352356,0.7566506862640381,0.9645840525627136,0.8281674385070801,0.900756299495697,1.2221548557281494,1.3208374977111816,1.291195273399353,1.5387585163116455,1.773457407951355,1.799272060394287,1.2563790082931519,1.0513139963150024,0.8809090852737427,1.2411283254623413,1.3864996433258057,1.1878107786178589,1.277539610862732,1.625265121459961,1.699499487876892,1.6331082582473755,1.85774564743042,2.1217453479766846,2.15647292137146,2.2297017574310303,2.4866790771484375,1.8766957521438599,1.529679775238037,1.6103042364120483,1.9774060249328613,1.9063727855682373,1.6916669607162476,1.9657772779464722,2.240833044052124,2.1530282497406006,2.186274766921997,2.5052602291107178,2.661410331726074,2.647418260574341,2.8377490043640137,3.0998728275299072
B8,1.6452211141586304,1.3800396919250488,1.6936756372451782,1.9124873876571655,1.6843578815460205,1.6782487630844116,2.036336898803711,2.114689350128174,1.9998719692230225,2.2335848808288574,2.520491361618042,2.5052506923675537,2.571134567260742,2.865196704864502,3.0198967456817627,1.0576822757720947,0.9514245390892029,0.8276345729827881,0.5792690515518188,0.474791944026947,0.5414307713508606,0.38295599818229675,0.0,0.3953509032726288,0.5599862933158875,0.5292795896530151,0.6485748887062073,0.9201197028160095,1.0472513437271118,1.1165860891342163,0.7281787395477295,0.7852510809898376,1.095982551574707,1.0194934606552124,0.8046126365661621,1.1198443174362183,1.3385562896728516,1.19674551486969,1.2690657377243042,1.6025010347366333,1.6906713247299194,1.6349982023239136,1.8944059610366821,2.138852596282959,2.138274669647217,1.1464999914169312,1.0606571435928345,0.8139389753341675,1.1152716875076294,1.3612674474716187,1.229487419128418,1.2265338897705078,1.5643432140350342,1.723758339881897,1.652955412864685,1.8039509057998657,2.0990073680877686,2.1832101345062256,2.21122407913208,2.4379773139953613,1.9724478721618652,1.6596797704696655,1.674583911895752,2.05714750289917,2.057039976119995,1.8345156908035278,2.0555174350738525,2.3678958415985107,2.3266546726226807,2.3184149265289307,2.613471508026123,2.816453695297241,2.806953191757202,2.9536733627319336,3.225639581680298
B9,1.8212909698486328,1.499711275100708,1.7583376169204712,2.015564203262329,1.790368914604187,1.698235273361206,2.0576040744781494,2.1822190284729004,2.024704933166504,2.2070586681365967,2.5319294929504395,2.5368270874023438,2.546734094619751,2.835667848587036,3.0313079357147217,1.2894703149795532,1.0675296783447266,1.0101786851882935,0.8751957416534424,0.6175851821899414,0.5330727100372314,0.5570244193077087,0.3953509032726288,0.0,0.38878947496414185,0.5573979616165161,0.5305311679840088,0.6854164600372314,0.9323333501815796,1.0559262037277222,1.016379475593567,0.9203618168830872,1.2577738761901855,1.2422441244125366,0.9356967210769653,1.1621719598770142,1.4521708488464355,1.3294905424118042,1.2841826677322388,1.6313612461090088,1.7882531881332397,1.6894084215164185,1.8918919563293457,2.1874146461486816,2.2116408348083496,1.1665210723876953,1.0494977235794067,0.7191768884658813,0.9684302806854248,1.2115740776062012,1.0214951038360596,0.9431240558624268,1.3105100393295288,1.463582992553711,1.3304774761199951,1.4704331159591675,1.7916702032089233,1.8525923490524292,1.849136471748352,2.0911457538604736,2.0291624069213867,1.6918190717697144,1.6476333141326904,2.0179896354675293,2.0176405906677246,1.7367280721664429,1.929066777229309,2.265484571456909,2.1983745098114014,2.1346635818481445,2.4427578449249268,2.6612234115600586,2.607424020767212,2.7339956760406494,3.032893419265747
B10,1.949447751045227,1.620378017425537,1.8914320468902588,2.1004791259765625,1.8162795305252075,1.7315881252288818,2.100543737411499,2.1732983589172363,1.9634442329406738,2.172623634338379,2.5019311904907227,2.4511878490448,2.4420151710510254,2.7625367641448975,2.9414658546447754,1.4794286489486694,1.257690191268921,1.095110535621643,1.007868766784668,0.8744091391563416,0.6541430950164795,0.5290013551712036,0.5599862933158875,0.38878947496414185,0.0,0.3824131190776825,0.5502893924713135,0.5502040982246399,0.684649646282196,0.9220795631408691,1.1140252351760864,1.0276916027069092,1.2921266555786133,1.1916136741638184,0.8339543342590332,1.0675607919692993,1.3155779838562012,1.1173099279403687,1.0279053449630737,1.4022148847579956,1.5331878662109375,1.3741430044174194,1.5826172828674316,1.8927720785140991,1.8877754211425781,1.506557583808899,1.32512366771698,1.0369389057159424,1.318083643913269,1.5042569637298584,1.244979739189148,1.2064225673675537,1.5913752317428589,1.6756737232208252,1.4944846630096436,1.6835942268371582,2.0048186779022217,1.9976803064346313,1.990315556526184,2.2763452529907227,2.2503905296325684,1.8854271173477173,1.8931926488876343,2.253041982650757,2.191716432571411,1.9066712856292725,2.14139723777771,2.451002359390259,2.3285772800445557,2.285691738128662,2.624225378036499,2.8019559383392334,2.7203829288482666,2.883342981338501,3.187328338623047
B11,2.0922536849975586,1.8081670999526978,2.117365598678589,2.3096044063568115,2.0262506008148193,2.0000388622283936,2.3700814247131348,2.41338849067688,2.228828191757202,2.4726901054382324,2.7802188396453857,2.709838628768921,2.733360528945923,3.0622220039367676,3.213507652282715,1.5537725687026978,1.4243881702423096,1.2342643737792969,1.0404200553894043,0.9821287393569946,0.8882926106452942,0.6368806958198547,0.5292795896530151,0.5573979616165161,0.3824131190776825,0.0,0.3861505091190338,0.5474423766136169,0.5373638272285461,0.6611277461051941,1.1558775901794434,1.1983164548873901,1.453402042388916,1.2846616506576538,0.9960536360740662,1.3103171586990356,1.4931443929672241,1.2356383800506592,1.2377245426177979,1.6152429580688477,1.6641807556152344,1.4915225505828857,1.7621136903762817,2.039592981338501,1.9728021621704102,1.6421239376068115,1.5291353464126587,1.2412246465682983,1.51288902759552,1.757153034210205,1.5503829717636108,1.4896602630615234,1.8634580373764038,1.9967496395111084,1.8291823863983154,1.9781070947647095,2.314568281173706,2.3368022441864014,2.3050239086151123,2.573396921157837,2.4543490409851074,2.113598585128784,2.131462812423706,2.5060856342315674,2.4695847034454346,2.2102811336517334,2.441286087036133,2.755340099334717,2.659771203994751,2.627530336380005,2.9535763263702393,3.1417441368103027,3.078791618347168,3.2350082397460938,3.5336802005767822
B12,2.2778892517089844,1.9835914373397827,2.2674691677093506,2.505199670791626,2.258161783218384,2.195236921310425,2.5608439445495605,2.6529695987701416,2.4772789478302,2.684187889099121,3.0082545280456543,2.9752144813537598,2.9805476665496826,3.292506456375122,3.4728260040283203,1.6970891952514648,1.5492466688156128,1.4433094263076782,1.2271305322647095,1.0586657524108887,1.0273076295852661,0.8899612426757812,0.6485748887062073,0.5305311679840088,0.5502893924713135,0.3861505091190338,0.0,0.38314470648765564,0.560314416885376,0.5485572814941406,1.3709794282913208,1.382237195968628,1.6919397115707397,1.5849767923355103,1.2900933027267456,1.5744253396987915,1.8073053359985352,1.5870592594146729,1.5548642873764038,1.9331175088882446,2.0209484100341797,1.8443381786346436,2.086387872695923,2.386486530303955,2.3327858448028564,1.5984529256820679,1.5516116619110107,1.2122248411178589,1.3993313312530518,1.6958791017532349,1.5238362550735474,1.3738447427749634,1.7280899286270142,1.9161465167999268,1.727860927581787,1.8054141998291016,2.166661024093628,2.218301296234131,2.136524200439453,2.378934621810913,2.5331873893737793,2.208491086959839,2.1614933013916016,2.534759998321533,2.547144889831543,2.2649099826812744,2.4445223808288574,2.789214611053467,2.719393014907837,2.637269973754883,2.945282459259033,3.1725380420684814,3.097979784011841,3.2108399868011475,3.5240209102630615
B13,2.4657695293426514,2.137698173522949,2.395223379135132,2.629337787628174,2.3587968349456787,2.2518110275268555,2.616398811340332,2.7097601890563965,2.486374616622925,2.6706125736236572,3.015425443649292,2.9677894115448,2.927255153656006,3.247295618057251,3.4435784816741943,1.9443832635879517,1.7364107370376587,1.6178284883499146,1.4734961986541748,1.2905491590499878,1.151087760925293,1.0463287830352783,0.9201197028160095,0.6854164600372314,0.5502040982246399,0.5474423766136169,0.38314470648765564,0.0,0.3780076205730438,0.5469428300857544,1.602301836013794,1.5445195436477661,1.8337663412094116,1.7281122207641602,1.3806308507919312,1.6083084344863892,1.8525522947311401,1.6214078664779663,1.5032224655151367,1.8815782070159912,1.996147871017456,1.7679392099380493,1.9636054039001465,2.2966878414154053,2.2452585697174072,1.8239202499389648,1.72092604637146,1.3745427131652832,1.551400899887085,1.8011044263839722,1.5662254095077515,1.4000509977340698,1.7654809951782227,1.9030307531356812,1.650553584098816,1.7431855201721191,2.112731456756592,2.1045126914978027,1.9944519996643066,2.2712154388427734,2.7006192207336426,2.3492164611816406,2.2979419231414795,2.6545522212982178,2.6334686279296875,2.3194239139556885,2.501542091369629,2.840993642807007,2.726198434829712,2.6214871406555176,2.9498558044433594,3.161234140396118,3.042753219604492,3.160970687866211,3.4915504455566406
