,A1,A2,A3,A4,A5,A6,A7,A8,A9,A10,A11,A12,A13,A14,A15,B1,B2,B3,B4,B5,B6,B7,B8,B9,B10,B11,B12,B13,B14,B15,C1,C2,C3,C4,C5,C6,C7,C8,C9,C10,C11,C12,C13,C14,C15,D1,D2,D3,D4,D5,D6,D7,D8,D9,D10,D11,D12,D13,D14,D15,E1,E2,E3,E4,E5,E6,E7,E8,E9,E10,E11,E12,E13,E14,E15
A1,0.0,0.40734249353408813,0.5521584153175354,0.6243773102760315,0.7599527835845947,0.9757080078125,1.0935232639312744,1.2183806896209717,1.422730565071106,1.5779134035110474,1.6847784519195557,1.8729885816574097,2.090681314468384,2.170675277709961,2.264613389968872,1.0488879680633545,0.8285068869590759,0.7009852528572083,1.0736693143844604,1.1765704154968262,0.9876582622528076,1.127210021018982,1.4651273488998413,1.506946086883545,1.4564180374145508,1.7065318822860718,1.9516335725784302,1.972956895828247,2.032989501953125,2.3031797409057617,1.6443220376968384,1.3527497053146362,1.5799157619476318,1.8737869262695312,1.7200967073440552,1.607313871383667,1.9546509981155396,2.1458535194396973,2.0304620265960693,2.1523306369781494,2.486121654510498,2.5585577487945557,2.597769021987915,2.819274425506592,3.0480661392211914,1.3964014053344727,1.235716462135315,1.6088989973068237,1.7557215690612793,1.5435571670532227,1.648190975189209,1.993513822555542,2.042837619781494,2.0033035278320312,2.255133867263794,2.497116804122925,2.520270586013794,2.7012672424316406,2.929755926132202,3.033991813659668,0.6467238664627075,0.7575540542602539,1.0798474550247192,1.0572731494903564,0.9825756549835205,1.2825387716293335,1.4783852100372314,1.4756332635879517,1.6328086853027344,1.881311297416687,1.9766446352005005,2.087207078933716,2.339437484741211,2.4500949382781982,2.52417254447937
A2,0.40734249353408813,0.0,0.38409093022346497,0.574998676776886,0.5512939691543579,0.6626840829849243,0.8928846716880798,1.0492792129516602,1.1573699712753296,1.3174992799758911,1.5031921863555908,1.6595337390899658,1.8356822729110718,1.9637084007263184,2.09512996673584,0.979919970035553,0.6356028318405151,0.6513000130653381,0.9881848692893982,0.9537959098815918,0.7594372630119324,1.0206631422042847,1.2984563112258911,1.2766433954238892,1.30879807472229,1.5977020263671875,1.7749569416046143,1.821598768234253,1.9492266178131104,2.196329116821289,1.4167611598968506,1.08977210521698,1.3488203287124634,1.590396761894226,1.3830856084823608,1.297473669052124,1.6642142534255981,1.808799386024475,1.6847108602523804,1.8512790203094482,2.17238712310791,2.2171714305877686,2.287956714630127,2.5243875980377197,2.7235424518585205,1.1407713890075684,0.919461727142334,1.2859071493148804,1.4010921716690063,1.1546144485473633,1.2607645988464355,1.6078271865844727,1.6415070295333862,1.5975818634033203,1.857912540435791,2.0942070484161377,2.1132962703704834,2.299847364425659,2.526676893234253,2.62678599357605,0.5518073439598083,0.44662514328956604,0.7790687084197998,0.7741804122924805,0.6207717061042786,0.8883429169654846,1.1238670349121094,1.1429532766342163,1.2593964338302612,1.5022839307785034,1.6372110843658447,1.7443718910217285,1.969982624053955,2.0992918014526367,2.202728748321533
A3,0.5521584153175354,0.38409093022346497,0.0,0.3815799951553345,0.5544289350509644,0.5540669560432434,0.640859842300415,0.8972887992858887,1.0597232580184937,1.117954969406128,1.2774648666381836,1.5079121589660645,1.656196117401123,1.726826548576355,1.8875653743743896,1.3630601167678833,1.0121604204177856,0.9873852133750916,1.3061736822128296,1.2474769353866577,0.969011127948761,1.2153174877166748,1.5052735805511475,1.4050825834274292,1.3811651468276978,1.7165541648864746,1.8735262155532837,1.8462026119232178,1.9936531782150269,2.281999349594116,1.769026756286621,1.4319838285446167,1.6859467029571533,1.8977510929107666,1.6437739133834839,1.5425511598587036,1.9161299467086792,2.0237298011779785,1.8410614728927612,2.022217273712158,2.3575985431671143,2.3475334644317627,2.3980300426483154,2.6718995571136475,2.8658647537231445,1.388647437095642,1.1986604928970337,1.5569754838943481,1.5956145524978638,1.301071047782898,1.4503251314163208,1.7848384380340576,1.7393923997879028,1.6758337020874023,1.9865593910217285,2.1976802349090576,2.1556825637817383,2.3693583011627197,2.618593692779541,2.673891544342041,0.6341946721076965,0.6538282036781311,0.8382039666175842,0.6488022208213806,0.5310129523277283,0.8998363614082336,1.0243042707443237,0.9512683749198914,1.151806354522705,1.4069948196411133,1.4539604187011719,1.5610915422439575,1.8362536430358887,1.9318115711212158,1.9814225435256958
A4,0.6243773102760315,0.574998676776886,0.3815799951553345,0.0,0.3818378448486328,0.5596756935119629,0.5106756687164307,0.6352375149726868,0.9038352966308594,1.0106263160705566,1.0685497522354126,1.2905133962631226,1.5090855360031128,1.5570993423461914,1.65042245388031,1.4429144859313965,1.1088484525680542,0.9579346179962158,1.227009654045105,1.2080219984054565,0.865684986114502,1.0159912109375,1.3354774713516235,1.233858585357666,1.1190896034240723,1.450252652168274,1.6365119218826294,1.5645419359207153,1.6786205768585205,1.99305260181427,1.91737699508667,1.548218846321106,1.7283400297164917,1.9651763439178467,1.730549931526184,1.5460801124572754,1.9000029563903809,2.046027898788452,1.8276959657669067,1.9464807510375977,2.3099098205566406,2.3077292442321777,2.2978172302246094,2.5701234340667725,2.8031680583953857,1.6902364492416382,1.4432158470153809,1.7832732200622559,1.8594993352890015,1.543531060218811,1.6152853965759277,1.9761260747909546,1.9470248222351074,1.8146547079086304,2.1096079349517822,2.3641984462738037,2.295118570327759,2.4653232097625732,2.7484302520751953,2.82840895652771,0.9773663878440857,0.9667170643806458,1.1958622932434082,1.003410816192627,0.794556200504303,1.1476538181304932,1.3012183904647827,1.142883539199829,1.2835667133331299,1.6008329391479492,1.639599323272705,1.6639577150344849,1.9682905673980713,2.1047115325927734,2.107680320739746
A5,0.7599527835845947,0.5512939691543579,0.5544289350509644,0.3818378448486328,0.0,0.38143008947372437,0.5353971719741821,0.5306181311607361,0.6746518611907959,0.904496431350708,1.030023217201233,1.1443449258804321,1.3751344680786133,1.5085456371307373,1.5874401330947876,1.261104702949524,0.8995924592018127,0.7754853367805481,0.9657600522041321,0.8719803690910339,0.510098934173584,0.7217138409614563,0.9941779375076294,0.8728635311126709,0.8279240727424622,1.1687462329864502,1.3212671279907227,1.3066003322601318,1.457038402557373,1.7314980030059814,1.657379150390625,1.2658392190933228,1.4075018167495728,1.625251054763794,1.3885409832000732,1.176347017288208,1.5248830318450928,1.6743417978286743,1.4562561511993408,1.5670100450515747,1.9298183917999268,1.9405466318130493,1.936000108718872,2.198988676071167,2.4324605464935303,1.5630203485488892,1.2480124235153198,1.5458014011383057,1.6480375528335571,1.3247230052947998,1.3224343061447144,1.6957671642303467,1.7007442712783813,1.5321990251541138,1.795835256576538,2.082521915435791,2.027162790298462,2.16143536567688,2.4489336013793945,2.5638930797576904,1.070287823677063,0.9087408185005188,1.1655305624008179,1.045365571975708,0.7271158695220947,0.9942265748977661,1.2347712516784668,1.0981667041778564,1.1250044107437134,1.464423656463623,1.5815171003341675,1.5646703243255615,1.8298773765563965,2.022045373916626,2.0625953674316406
A6,0.9757080078125,0.6626840829849243,0.5540669560432434,0.5596756935119629,0.38143008947372437,0.0,0.3787994980812073,0.5540508031845093,0.5465896129608154,0.6646966934204102,0.9112611413002014,1.050701379776001,1.1810851097106934,1.3327103853225708,1.496867299079895,1.4571608304977417,1.0567089319229126,1.0570791959762573,1.2415492534637451,1.0482206344604492,0.7306049466133118,1.0240472555160522,1.2123864889144897,0.9976618885993958,1.03416907787323,1.403088927268982,1.464440941810608,1.4387483596801758,1.6622687578201294,1.9222655296325684,1.7090247869491577,1.3263516426086426,1.513769507408142,1.6561124324798584,1.3510596752166748,1.2016713619232178,1.5607802867889404,1.623247742652893,1.377617359161377,1.565472960472107,1.9038037061691284,1.8486268520355225,1.8851981163024902,2.1829757690429688,2.367265224456787,1.4877105951309204,1.1889244318008423,1.462708592414856,1.4783998727798462,1.1161550283432007,1.164631962776184,1.5088828802108765,1.4406170845031738,1.2748559713363647,1.586437463760376,1.832575798034668,1.7407445907592773,1.9143532514572144,2.202420234680176,2.2751450538635254,1.0594308376312256,0.8573186993598938,0.9940486550331116,0.8144787549972534,0.45439890027046204,0.7043024301528931,0.8980804681777954,0.7252700328826904,0.7554623484611511,1.0963889360427856,1.2008558511734009,1.192723274230957,1.4597564935684204,1.6413037776947021,1.6888245344161987
A7,1.0935232639312744,0.8928846716880798,0.640859842300415,0.5106756687164307,0.5353971719741821,0.3787994980812073,0.0,0.3786989450454712,0.5470452308654785,0.5166112780570984,0.6393232345581055,0.8929901719093323,1.0366605520248413,1.0912163257598877,1.2519500255584717,1.7601934671401978,1.3751945495605469,1.3017420768737793,1.495263695716858,1.3519787788391113,0.9913715124130249,1.1951566934585571,1.4155218601226807,1.178378939628601,1.1035435199737549,1.4833682775497437,1.5548630952835083,1.4353679418563843,1.6430174112319946,1.950463891029358,2.0771374702453613,1.6909078359603882,1.8591338396072388,2.013726234436035,1.7128796577453613,1.5311477184295654,1.8735382556915283,1.9394793510437012,1.6562144756317139,1.8106118440628052,2.1631195545196533,2.079536199569702,2.066180467605591,2.38214111328125,2.5816948413848877,1.8254237174987793,1.5522408485412598,1.8371566534042358,1.8344579935073853,1.4661471843719482,1.5284066200256348,1.8601601123809814,1.753963828086853,1.5687874555587769,1.894829511642456,2.1283063888549805,1.9865188598632812,2.1604373455047607,2.469585657119751,2.514277219772339,1.2495828866958618,1.1488375663757324,1.2589408159255981,0.989189088344574,0.714812159538269,1.008746862411499,1.0961886644363403,0.8190922141075134,0.9204707741737366,1.2657954692840576,1.2619794607162476,1.2137337923049927,1.5432603359222412,1.6973520517349243,1.659584879875183
A8,1.2183806896209717,1.0492792129516602,0.8972887992858887,0.6352375149726868,0.5306181311607361,0.5540508031845093,0.3786989450454712,0.0,0.3812869191169739,0.5378193855285645,0.5214444994926453,0.661399781703949,0.9278462529182434,1.0128493309020996,1.0622966289520264,1.7687703371047974,1.4095559120178223,1.2685281038284302,1.3800994157791138,1.2508105039596558,0.8754759430885315,0.983002781867981,1.1776080131530762,0.9271480441093445,0.7779216766357422,1.15157949924469,1.2239012718200684,1.0710467100143433,1.2694292068481445,1.585418462753296,2.106757640838623,1.7048282623291016,1.795913577079773,1.9610862731933594,1.6919596195220947,1.4373352527618408,1.742148756980896,1.8452136516571045,1.5409590005874634,1.6216835975646973,1.992916464805603,1.9282844066619873,1.8545736074447632,2.1587002277374268,2.396899461746216,2.01517653465271,1.6920666694641113,1.9497058391571045,1.9958447217941284,1.6303107738494873,1.6049522161483765,1.9529614448547363,1.889455795288086,1.646238088607788,1.9275896549224854,2.2091617584228516,2.064425468444824,2.1762194633483887,2.5081567764282227,2.5955889225006104,1.5062836408615112,1.365001916885376,1.5366125106811523,1.3190932273864746,0.9945501685142517,1.2389044761657715,1.3927435874938965,1.1219621896743774,1.1154024600982666,1.490100622177124,1.5293769836425781,1.4046590328216553,1.7158503532409668,1.925917387008667,1.8778393268585205
A9,1.422730565071106,1.1573699712753296,1.0597232580184937,0.9038352966308594,0.6746518611907959,0.5465896129608154,0.5470452308654785,0.3812869191169739,0.0,0.3840619623661041,0.5664464235305786,0.5396960377693176,0.7267663478851318,0.9403524994850159,1.0385442972183228,1.7911016941070557,1.4159743785858154,1.355257511138916,1.410300850868225,1.1833384037017822,0.8598394989967346,1.0357846021652222,1.1172913312911987,0.7846879363059998,0.7788565158843994,1.1495457887649536,1.1098147630691528,1.0106929540634155,1.296583652496338,1.5487940311431885,1.9906598329544067,1.5941675901412964,1.6698631048202515,1.7670459747314453,1.466508388519287,1.2272062301635742,1.5125938653945923,1.556670904159546,1.2255655527114868,1.3416014909744263,1.6934304237365723,1.5879104137420654,1.5379033088684082,1.8622432947158813,2.068533420562744,1.9371000528335571,1.5909497737884521,1.7881754636764526,1.8055120706558228,1.4319102764129639,1.3635133504867554,1.685584545135498,1.6069362163543701,1.3244935274124146,1.5955079793930054,1.8786945343017578,1.71510648727417,1.8081351518630981,2.148629665374756,2.241189956665039,1.6030045747756958,1.3770618438720703,1.5037784576416016,1.3200711011886597,0.9570059776306152,1.0879175662994385,1.2594763040542603,0.9977865815162659,0.8700225949287415,1.24765944480896,1.3401906490325928,1.1658895015716553,1.4340252876281738,1.6911680698394775,1.6751142740249634
A10,1.5779134035110474,1.3174992799758911,1.117954969406128,1.0106263160705566,0.904496431350708,0.6646966934204102,0.5166112780570984,0.5378193855285645,0.3840619623661041,0.0,0.3882594406604767,0.5298503637313843,0.5431081652641296,0.6812142729759216,0.9038183093070984,2.0771644115448,1.6831341981887817,1.6482545137405396,1.7538800239562988,1.527239441871643,1.2001460790634155,1.3981025218963623,1.5005719661712646,1.16556978225708,1.14301598072052,1.5113898515701294,1.4554568529129028,1.3056981563568115,1.5955137014389038,1.8631848096847534,2.2583677768707275,1.8724792003631592,1.993090033531189,2.0672152042388916,1.734910249710083,1.5468032360076904,1.8378350734710693,1.8297477960586548,1.4898370504379272,1.6497052907943726,1.9745044708251953,1.8118641376495361,1.7788828611373901,2.126455307006836,2.293433904647827,2.070763111114502,1.768053412437439,1.9731755256652832,1.9227923154830933,1.535927414894104,1.5393577814102173,1.8238705396652222,1.6675490140914917,1.4072649478912354,1.723792552947998,1.9467711448669434,1.7298799753189087,1.8698867559432983,2.209193468093872,2.237255096435547,1.672387957572937,1.4934676885604858,1.5387283563613892,1.2805736064910889,0.9792903661727905,1.12022066116333,1.173134446144104,0.8342769145965576,0.770864725112915,1.1222729682922363,1.1096469163894653,0.9105854630470276,1.2343828678131104,1.448954463005066,1.3701227903366089
A11,1.6847784519195557,1.5031921863555908,1.2774648666381836,1.0685497522354126,1.030023217201233,0.9112611413002014,0.6393232345581055,0.5214444994926453,0.5664464235305786,0.3882594406604767,0.0,0.3854770064353943,0.5366370677947998,0.5020292401313782,0.6138952970504761,2.267971992492676,1.893585205078125,1.783994436264038,1.8799188137054443,1.7103502750396729,1.3543375730514526,1.4609143733978271,1.589379906654358,1.2730673551559448,1.1360942125320435,1.4791852235794067,1.4512650966644287,1.212358832359314,1.4574192762374878,1.764396071434021,2.5339362621307373,2.136059284210205,2.2244393825531006,2.3333749771118164,2.029268264770508,1.7919039726257324,2.0648977756500244,2.0981991291046143,1.7470954656600952,1.8395048379898071,2.1821680068969727,2.032787322998047,1.9327082633972168,2.2711801528930664,2.4756460189819336,2.3863120079040527,2.0777080059051514,2.3041579723358154,2.2833757400512695,1.8985216617584229,1.8862369060516357,2.1875317096710205,2.0491766929626465,1.776143193244934,2.0739452838897705,2.3144078254699707,2.0895771980285645,2.2006583213806152,2.5523154735565186,2.588718891143799,1.8878690004348755,1.7576440572738647,1.8430519104003906,1.5644868612289429,1.2789661884307861,1.4759693145751953,1.527701735496521,1.1771823167800903,1.1571192741394043,1.5013792514801025,1.4470804929733276,1.2332239151000977,1.5691643953323364,1.767316222190857,1.6272224187850952
A12,1.8729885816574097,1.6595337390899658,1.5079121589660645,1.2905133962631226,1.1443449258804321,1.050701379776001,0.8929901719093323,0.661399781703949,0.5396960377693176,0.5298503637313843,0.3854770064353943,0.0,0.38290831446647644,0.5396849513053894,0.5194292664527893,2.293194055557251,1.9342875480651855,1.8288404941558838,1.8468748331069946,1.6455103158950806,1.329219937324524,1.401371717453003,1.4413148164749146,1.0941383838653564,0.9872055649757385,1.287337303161621,1.177249789237976,0.9333354830741882,1.228757619857788,1.4886388778686523,2.497361183166504,2.10258150100708,2.131584405899048,2.207782745361328,1.9198740720748901,1.6534029245376587,1.872642993927002,1.8961549997329712,1.5279678106307983,1.5742332935333252,1.9040789604187012,1.7433586120605469,1.6018171310424805,1.9377528429031372,2.1498310565948486,2.4707369804382324,2.12568736076355,2.3030009269714355,2.3009393215179443,1.9241492748260498,1.8379569053649902,2.126122236251831,2.013995885848999,1.6922608613967896,1.9397631883621216,2.2078893184661865,1.9768530130386353,2.0249621868133545,2.3909130096435547,2.4627697467803955,2.095937490463257,1.9028843641281128,2.0073459148406982,1.7786316871643066,1.4465917348861694,1.5743876695632935,1.6787574291229248,1.3559633493423462,1.2250070571899414,1.5712107419967651,1.583632230758667,1.3107911348342896,1.5891515016555786,1.8493986129760742,1.7354750633239746
A13,2.090681314468384,1.8356822729110718,1.656196117401123,1.5090855360031128,1.3751344680786133,1.1810851097106934,1.0366605520248413,0.9278462529182434,0.7267663478851318,0.5431081652641296,0.5366370677947998,0.38290831446647644,0.0,0.3652458190917969,0.5578863024711609,2.5093510150909424,2.1300787925720215,2.081458568572998,2.115556240081787,1.8692550659179688,1.5734964609146118,1.7065751552581787,1.722463607788086,1.3512287139892578,1.3198974132537842,1.6223801374435425,1.4631932973861694,1.2548891305923462,1.5767934322357178,1.7996323108673096,2.6313364505767822,2.2509987354278564,2.307629108428955,2.3330204486846924,2.0107717514038086,1.797482967376709,2.0110254287719727,1.9625605344772339,1.5868467092514038,1.6915408372879028,1.9779146909713745,1.750915288925171,1.6497982740402222,2.007859230041504,2.1582884788513184,2.5331194400787354,2.2102324962615967,2.359297752380371,2.2972500324249268,1.9189274311065674,1.858953595161438,2.097895383834839,1.9265469312667847,1.6076462268829346,1.8698219060897827,2.085864543914795,1.8057156801223755,1.8725463151931763,2.2360188961029053,2.2587568759918213,2.211184501647949,2.0085105895996094,2.0425360202789307,1.7966176271438599,1.4962339401245117,1.5680264234542847,1.6052350997924805,1.2683740854263306,1.11351478099823,1.4055192470550537,1.3757801055908203,1.051795244216919,1.3138161897659302,1.568159818649292,1.422218680381775
A14,2.170675277709961,1.9637084007263184,1.726826548576355,1.5570993423461914,1.5085456371307373,1.3327103853225708,1.0912163257598877,1.0128493309020996,0.9403524994850159,0.6812142729759216,0.5020292401313782,0.5396849513053894,0.3652458190917969,0.0,0.3860200047492981,2.718350410461426,2.3362338542938232,2.256350517272949,2.326478958129883,2.118682622909546,1.7891789674758911,1.9001904726028442,1.9677501916885376,1.6161959171295166,1.5160565376281738,1.8214534521102905,1.7080146074295044,1.4449334144592285,1.7200868129730225,1.9833427667617798,2.9059596061706543,2.517719268798828,2.5934770107269287,2.648253917694092,2.3259105682373047,2.107692003250122,2.340524435043335,2.3118138313293457,1.938643217086792,2.0351014137268066,2.3332834243774414,2.1137280464172363,1.9978046417236328,2.350648880004883,2.511364698410034,2.7464144229888916,2.444071054458618,2.628618001937866,2.559697151184082,2.1747984886169434,2.155411958694458,2.404555559158325,2.216036081314087,1.9220024347305298,2.2069084644317627,2.4059674739837646,2.1182098388671875,2.210455894470215,2.5679471492767334,2.5627217292785645,2.311452627182007,2.1664459705352783,2.1938376426696777,1.9020649194717407,1.6420279741287231,1.7715833187103271,1.7611831426620483,1.3933861255645752,1.3285472393035889,1.6081336736679077,1.4980707168579102,1.2005207538604736,1.504421353340149,1.696166753768921,1.4803221225738525
A15,2.264613389968872,2.09512996673584,1.8875653743743896,1.65042245388031,1.5874401330947876,1.496867299079895,1.2519500255584717,1.0622966289520264,1.0385442972183228,0.9038183093070984,0.6138952970504761,0.5194292664527893,0.5578863024711609,0.3860200047492981,0.0,2.7830402851104736,2.4258830547332764,2.2947447299957275,2.3243963718414307,2.150672435760498,1.823013186454773,1.8573787212371826,1.9101662635803223,1.5808110237121582,1.41871976852417,1.6693854331970215,1.558273434638977,1.2426466941833496,1.476974368095398,1.7406083345413208,3.01513671875,2.619081735610962,2.6467535495758057,2.7226736545562744,2.434584140777588,2.1679189205169678,2.3697471618652344,2.3819215297698975,2.0063321590423584,2.030897378921509,2.338900566101074,2.147691011428833,1.9674499034881592,2.296867847442627,2.498786449432373,2.950057029724121,2.620877504348755,2.8069233894348145,2.7822506427764893,2.40004825592041,2.3359756469726562,2.6068594455718994,2.460400104522705,2.1404812335968018,2.3917486667633057,2.630382776260376,2.3577325344085693,2.40242862701416,2.7710835933685303,2.8060834407806396,2.4999632835388184,2.3528566360473633,2.4336185455322266,2.15976619720459,1.8691320419311523,2.018505811691284,2.0600192546844482,1.7017079591751099,1.6168091297149658,1.9265013933181763,1.8548139333724976,1.554616093635559,1.8432633876800537,2.0618505477905273,1.8585867881774902
B1,1.0488879680633545,0.979919970035553,1.3630601167678833,1.4429144859313965,1.261104702949524,1.4571608304977417,1.7601934671401978,1.7687703371047974,1.7911016941070557,2.0771644115448,2.267971992492676,2.293194055557251,2.5093510150909424,2.718350410461426,2.7830402851104736,0.0,0.4073183536529541,0.5502610802650452,0.6202068328857422,0.7593634128570557,0.9750955700874329,1.0825480222702026,1.2091708183288574,1.4256078004837036,1.5636380910873413,1.6551017761230469,1.8591113090515137,2.070427656173706,2.120304584503174,2.2332637310028076,0.7590830326080322,0.6204684376716614,0.7601207494735718,1.1001089811325073,1.1537795066833496,1.1322301626205444,1.3577237129211426,1.611758828163147,1.6842142343521118,1.7589786052703857,1.9924156665802002,2.1941988468170166,2.2979605197906494,2.4024033546447754,2.607576370239258,1.0935229063034058,0.8889532089233398,1.0866042375564575,1.4192283153533936,1.3839820623397827,1.3247357606887817,1.608572006225586,1.8451392650604248,1.8461952209472656,1.9278063774108887,2.2002391815185547,2.361818313598633,2.4536781311035156,2.605767011642456,2.8130054473876953,1.2021888494491577,1.0121405124664307,1.3506087064743042,1.57904851436615,1.4338734149932861,1.4811193943023682,1.8157472610473633,1.9437837600708008,1.923985242843628,2.116386651992798,2.374403476715088,2.464094877243042,2.5914244651794434,2.774670362472534,2.958263635635376
B2,0.8285068869590759,0.6356028318405151,1.0121604204177856,1.1088484525680542,0.8995924592018127,1.0567089319229126,1.3751945495605469,1.4095559120178223,1.4159743785858154,1.6831341981887817,1.893585205078125,1.9342875480651855,2.1300787925720215,2.3362338542938232,2.4258830547332764,0.4073183536529541,0.0,0.3841331899166107,0.5736884474754333,0.5561308264732361,0.6656884551048279,0.8876007795333862,1.0475460290908813,1.1670429706573486,1.3133788108825684,1.4865930080413818,1.6585536003112793,1.831640362739563,1.9337830543518066,2.0850236415863037,0.8471575975418091,0.5361703634262085,0.7696073651313782,1.0654690265655518,0.9810830354690552,0.9307003617286682,1.2409958839416504,1.4492900371551514,1.4462288618087769,1.569894790649414,1.841335415840149,1.981930136680603,2.0846030712127686,2.243924379348755,2.4423770904541016,0.9675815105438232,0.6713436245918274,0.9478552937507629,1.2176717519760132,1.0881792306900024,1.0541068315505981,1.3859903812408447,1.56397545337677,1.5355513095855713,1.6757683753967285,1.9514063596725464,2.065277338027954,2.1832704544067383,2.368032932281494,2.546746253967285,0.9525808691978455,0.6910324096679688,1.0425394773483276,1.2259762287139893,1.0395690202713013,1.103676676750183,1.443352460861206,1.5450303554534912,1.527725100517273,1.739115595817566,1.9843171834945679,2.0654568672180176,2.2099716663360596,2.393821954727173,2.5621654987335205
B3,0.7009852528572083,0.6513000130653381,0.9873852133750916,0.9579346179962158,0.7754853367805481,1.0570791959762573,1.3017420768737793,1.2685281038284302,1.355257511138916,1.6482545137405396,1.783994436264038,1.8288404941558838,2.081458568572998,2.256350517272949,2.2947447299957275,0.5502610802650452,0.3841331899166107,0.0,0.38103389739990234,0.5643508434295654,0.5607616901397705,0.6381424069404602,0.8980385661125183,1.0677294731140137,1.1107051372528076,1.258782148361206,1.5022410154342651,1.641545057296753,1.6859301328659058,1.865997552871704,1.1662206649780273,0.851236879825592,0.9568517208099365,1.296349287033081,1.2338330745697021,1.0691180229187012,1.3617448806762695,1.624038815498352,1.571336269378662,1.6237062215805054,1.9370906352996826,2.087523937225342,2.1222517490386963,2.281667709350586,2.52950119972229,1.332855463027954,1.0446226596832275,1.3234734535217285,1.582902431488037,1.408430576324463,1.3518550395965576,1.7083747386932373,1.8657068014144897,1.7797465324401855,1.9330899715423584,2.2386350631713867,2.3123602867126465,2.408914804458618,2.6300735473632812,2.815187454223633,1.0829999446868896,0.9148604869842529,1.2927263975143433,1.3890554904937744,1.169609546661377,1.3251560926437378,1.6493548154830933,1.6727871894836426,1.6712168455123901,1.9395084381103516,2.1463589668273926,2.1880979537963867,2.3797643184661865,2.5757675170898438,2.6961417198181152
B4,1.0736693143844604,0.9881848692893982,1.3061736822128296,1.227009654045105,0.9657600522041321,1.2415492534637451,1.495263695716858,1.3800994157791138,1.410300850868225,1.7538800239562988,1.8799188137054443,1.8468748331069946,2.115556240081787,2.326478958129883,2.3243963718414307,0.6202068328857422,0.5736884474754333,0.38103389739990234,0.0,0.3865463137626648,0.5575376152992249,0.5002918839454651,0.6303470134735107,0.9050989151000977,0.9928590059280396,1.0404958724975586,1.2755085229873657,1.4822568893432617,1.5053666830062866,1.6198416948318481,1.1112775802612305,0.8088113069534302,0.7504280805587769,1.1041195392608643,1.116105556488037,0.8910132646560669,1.1079931259155273,1.4245647192001343,1.402786135673523,1.3820195198059082,1.68117094039917,1.8807759284973145,1.8929972648620605,2.007986307144165,2.2761101722717285,1.5191868543624878,1.189320683479309,1.3781851530075073,1.6739516258239746,1.517311692237854,1.3632516860961914,1.7065138816833496,1.9096460342407227,1.7834028005599976,1.873017430305481,2.2127456665039062,2.2994790077209473,2.336724042892456,2.558736801147461,2.787221670150757,1.4383753538131714,1.2119239568710327,1.5692932605743408,1.680292010307312,1.4132566452026367,1.507554292678833,1.861799716949463,1.8750721216201782,1.7999873161315918,2.0765082836151123,2.3192858695983887,2.314282178878784,2.4789931774139404,2.7161872386932373,2.8438448905944824
B5,1.1765704154968262,0.9537959098815918,1.2474769353866577,1.2080219984054565,0.8719803690910339,1.0482206344604492,1.3519787788391113,1.2508105039596558,1.1833384037017822,1.527239441871643,1.7103502750396729,1.6455103158950806,1.8692550659179688,2.118682622909546,2.150672435760498,0.7593634128570557,0.5561308264732361,0.5643508434295654,0.3865463137626648,0.0,0.38264980912208557,0.5330732464790344,0.5272675156593323,0.6805323362350464,0.8981570601463318,1.0144237279891968,1.1397801637649536,1.3674273490905762,1.4823042154312134,1.581308364868164,0.9887797236442566,0.6179735064506531,0.5764849185943604,0.8513152599334717,0.7754038572311401,0.525550365447998,0.8066746592521667,1.0792052745819092,1.035643219947815,1.0701699256896973,1.373146653175354,1.538357138633728,1.5870251655578613,1.7318675518035889,1.9693830013275146,1.3767735958099365,0.9951865673065186,1.1398347616195679,1.4014955759048462,1.215261459350586,1.016412615776062,1.364928960800171,1.558198094367981,1.4077844619750977,1.494071364402771,1.8408182859420776,1.9179191589355469,1.950926423072815,2.1791129112243652,2.4062893390655518,1.4122283458709717,1.1008859872817993,1.4067978858947754,1.517269492149353,1.21243417263031,1.2358096837997437,1.6041531562805176,1.6225306987762451,1.4923428297042847,1.7575743198394775,2.028186082839966,2.0065197944641113,2.1412503719329834,2.3960068225860596,2.5408458709716797
B6,0.9876582622528076,0.7594372630119324,0.969011127948761,0.865684986114502,0.510098934173584,0.7306049466133118,0.9913715124130249,0.8754759430885315,0.8598394989967346,1.2001460790634155,1.3543375730514526,1.329219937324524,1.5734964609146118,1.7891789674758911,1.823013186454773,0.9750955700874329,0.6656884551048279,0.5607616901397705,0.5575376152992249,0.38264980912208557,0.0,0.37746909260749817,0.5518726110458374,0.5494285225868225,0.6616727113723755,0.9015966653823853,1.0491706132888794,1.1773579120635986,1.31392502784729,1.4961601495742798,1.3035894632339478,0.9068236947059631,0.948797345161438,1.1851751804351807,1.0148721933364868,0.7440311312675476,1.0658031702041626,1.282088279724121,1.1258715391159058,1.181465744972229,1.5346511602401733,1.6246322393417358,1.6301511526107788,1.8371198177337646,2.0868537425994873,1.482563853263855,1.1065633296966553,1.326134204864502,1.5163159370422363,1.2485488653182983,1.1164873838424683,1.4936206340789795,1.6010582447052002,1.4156323671340942,1.5841255187988281,1.9208897352218628,1.9282420873641968,1.994570255279541,2.263754367828369,2.4485347270965576,1.2879581451416016,1.0171831846237183,1.3185853958129883,1.3331048488616943,0.9959391355514526,1.1103686094284058,1.4452738761901855,1.3888078927993774,1.2958524227142334,1.6108007431030273,1.8266974687576294,1.7865896224975586,1.9776962995529175,2.2224833965301514,2.3195383548736572
B7,1.127210021018982,1.0206631422042847,1.2153174877166748,1.0159912109375,0.7217138409614563,1.0240472555160522,1.1951566934585571,0.983002781867981,1.0357846021652222,1.3981025218963623,1.4609143733978271,1.401371717453003,1.7065751552581787,1.9001904726028442,1.8573787212371826,1.0825480222702026,0.8876007795333862,0.6381424069404602,0.5002918839454651,0.5330732464790344,0.37746909260749817,0.0,0.3776557445526123,0.5477063059806824,0.5069025158882141,0.6250107288360596,0.8847429156303406,1.0175377130508423,1.0562771558761597,1.2361801862716675,1.503604531288147,1.1384449005126953,1.0762550830841064,1.3509968519210815,1.2637994289398193,0.938207745552063,1.1703920364379883,1.452580213546753,1.304918885231018,1.249193787574768,1.6097638607025146,1.7438948154449463,1.6789305210113525,1.846850037574768,2.147118330001831,1.8004724979400635,1.4337855577468872,1.6389703750610352,1.8640742301940918,1.6159906387329102,1.453317642211914,1.8206714391708374,1.951287865638733,1.7427552938461304,1.876278281211853,2.2339928150177,2.2379698753356934,2.2628488540649414,2.5415291786193848,2.750837564468384,1.5602631568908691,1.3405048847198486,1.6681185960769653,1.6707183122634888,1.34151291847229,1.484301209449768,1.8098078966140747,1.7226402759552002,1.6302096843719482,1.9628660678863525,2.1625728607177734,2.0901496410369873,2.2959866523742676,2.5540168285369873,2.623457670211792
B8,1.4651273488998413,1.2984563112258911,1.5052735805511475,1.3354774713516235,0.9941779375076294,1.2123864889144897,1.4155218601226807,1.1776080131530762,1.1172913312911987,1.5005719661712646,1.589379906654358,1.4413148164749146,1.722463607788086,1.9677501916885376,1.9101662635803223,1.2091708183288574,1.0475460290908813,0.8980385661125183,0.6303470134735107,0.5272675156593323,0.5518726110458374,0.3776557445526123,0.0,0.3832472562789917,0.5275053381919861,0.5077697038650513,0.6533344984054565,0.9107795357704163,0.9852111339569092,1.055737018585205,1.458333134651184,1.117152452468872,0.9496049284934998,1.1602466106414795,1.1089024543762207,0.7403432130813599,0.877628743648529,1.1795367002487183,1.0493543148040771,0.9199755191802979,1.2687268257141113,1.4374704360961914,1.3588628768920898,1.4917787313461304,1.802413821220398,1.8945355415344238,1.5035465955734253,1.6247448921203613,1.8571319580078125,1.6295722723007202,1.3869339227676392,1.7222093343734741,1.8837449550628662,1.642783761024475,1.7096939086914062,2.0887818336486816,2.1032662391662598,2.070066452026367,2.3448338508605957,2.5901966094970703,1.8230853080749512,1.5429273843765259,1.8407255411148071,1.872839331626892,1.5209141969680786,1.5808274745941162,1.92469322681427,1.8499782085418701,1.6814374923706055,1.9973163604736328,2.237708568572998,2.1291167736053467,2.2882654666900635,2.581632137298584,2.6708226203918457
B9,1.506946086883545,1.2766433954238892,1.4050825834274292,1.233858585357666,0.8728635311126709,0.9976618885993958,1.178378939628601,0.9271480441093445,0.7846879363059998,1.16556978225708,1.2730673551559448,1.0941383838653564,1.3512287139892578,1.6161959171295166,1.5808110237121582,1.4256078004837036,1.1670429706573486,1.0677294731140137,0.9050989151000977,0.6805323362350464,0.5494285225868225,0.5477063059806824,0.3832472562789917,0.0,0.37881720066070557,0.5630773901939392,0.539397656917572,0.723400354385376,0.934095025062561,1.0517958402633667,1.600794792175293,1.2274760007858276,1.129752278327942,1.2601579427719116,1.0971736907958984,0.7305958867073059,0.9172424674034119,1.1125564575195312,0.8689716458320618,0.8003772497177124,1.184739351272583,1.2513549327850342,1.1630576848983765,1.379521369934082,1.667385220527649,1.9076218605041504,1.506327748298645,1.6280896663665771,1.7888751029968262,1.5060548782348633,1.2739595174789429,1.607856273651123,1.7018791437149048,1.4147496223449707,1.5243539810180664,1.8963478803634644,1.850644826889038,1.827300786972046,2.1356773376464844,2.3510098457336426,1.8021866083145142,1.5055689811706543,1.7488000392913818,1.72611403465271,1.3480104207992554,1.3952884674072266,1.708943486213684,1.5872069597244263,1.3875021934509277,1.7186863422393799,1.9408848285675049,1.7937085628509521,1.9596540927886963,2.2642509937286377,2.33174991607666
B10,1.4564180374145508,1.30879807472229,1.3811651468276978,1.1190896034240723,0.8279240727424622,1.03416907787323,1.1035435199737549,0.7779216766357422,0.7788565158843994,1.14301598072052,1.1360942125320435,0.9872055649757385,1.3198974132537842,1.5160565376281738,1.41871976852417,1.5636380910873413,1.3133788108825684,1.1107051372528076,0.9928590059280396,0.8981570601463318,0.6616727113723755,0.5069025158882141,0.5275053381919861,0.37881720066070557,0.0,0.38378509879112244,0.5268808007240295,0.5364736914634705,0.6713196635246277,0.9060648679733276,1.878545880317688,1.4964038133621216,1.4162068367004395,1.600224256515503,1.4505668878555298,1.0882904529571533,1.277572751045227,1.4902204275131226,1.23668372631073,1.1420905590057373,1.5238159894943237,1.577768087387085,1.4307399988174438,1.6468076705932617,1.961620569229126,2.130206823348999,1.744152307510376,1.921535849571228,2.081789016723633,1.779073715209961,1.5956498384475708,1.9464925527572632,2.013430595397949,1.7288364171981812,1.8759890794754028,2.2375073432922363,2.1628007888793945,2.1565020084381104,2.4798378944396973,2.6734864711761475,1.857113003730774,1.6273213624954224,1.8935136795043945,1.8167704343795776,1.4482382535934448,1.5830440521240234,1.8647657632827759,1.6898772716522217,1.5500564575195312,1.9119627475738525,2.075652837753296,1.9182038307189941,2.139357089996338,2.4254016876220703,2.4410648345947266
B11,1.7065318822860718,1.5977020263671875,1.7165541648864746,1.450252652168274,1.1687462329864502,1.403088927268982,1.4833682775497437,1.15157949924469,1.1495457887649536,1.5113898515701294,1.4791852235794067,1.287337303161621,1.6223801374435425,1.8214534521102905,1.6693854331970215,1.6551017761230469,1.4865930080413818,1.258782148361206,1.0404958724975586,1.0144237279891968,0.9015966653823853,0.6250107288360596,0.5077697038650513,0.5630773901939392,0.38378509879112244,0.0,0.38412386178970337,0.521445631980896,0.4833036959171295,0.6118545532226562,1.965688705444336,1.6198444366455078,1.4527568817138672,1.6425882577896118,1.5749905109405518,1.1939600706100464,1.2845821380615234,1.5487604141235352,1.346563696861267,1.146740436553955,1.4968807697296143,1.616921305656433,1.4219244718551636,1.562595009803772,1.9167200326919556,2.3557326793670654,1.9654678106307983,2.10807728767395,2.310502529144287,2.0435383319854736,1.8145757913589478,2.1486058235168457,2.262566328048706,1.9743220806121826,2.0613534450531006,2.440871477127075,2.392364501953125,2.336308240890503,2.647599458694458,2.8793787956237793,2.147834539413452,1.9134392738342285,2.2041187286376953,2.163029670715332,1.7980257272720337,1.9106135368347168,2.2142646312713623,2.0599069595336914,1.8991365432739258,2.249854564666748,2.436014413833618,2.268230438232422,2.466057777404785,2.7685108184814453,2.792814016342163
B12,1.9516335725784302,1.7749569416046143,1.8735262155532837,1.6365119218826294,1.3212671279907227,1.464440941810608,1.5548630952835083,1.2239012718200684,1.1098147630691528,1.4554568529129028,1.4512650966644287,1.177249789237976,1.4631932973861694,1.7080146074295044,1.558273434638977,1.8591113090515137,1.6585536003112793,1.5022410154342651,1.2755085229873657,1.1397801637649536,1.0491706132888794,0.8847429156303406,0.6533344984054565,0.539397656917572,0.5268808007240295,0.38412386178970337,0.0,0.376617968082428,0.5435143709182739,0.5403921604156494,2.0363612174987793,1.695857286453247,1.513209581375122,1.6169397830963135,1.5204887390136719,1.145303726196289,1.1788865327835083,1.3763556480407715,1.1348350048065186,0.8998284935951233,1.2344433069229126,1.309554100036621,1.0719897747039795,1.2319233417510986,1.5841699838638306,2.4355549812316895,2.0323119163513184,2.1240668296813965,2.2906715869903564,2.016806125640869,1.7530622482299805,2.051316976547241,2.146059513092041,1.820773959159851,1.8781898021697998,2.255890130996704,2.179837226867676,2.0829224586486816,2.4046032428741455,2.641458511352539,2.315206527709961,2.037825345993042,2.2835426330566406,2.237346649169922,1.855100393295288,1.9091554880142212,2.2009119987487793,2.036346912384033,1.8158942461013794,2.150390148162842,2.3489227294921875,2.1378700733184814,2.300147771835327,2.6280272006988525,2.6531105041503906
B13,1.972956895828247,1.821598768234253,1.8462026119232178,1.5645419359207153,1.3066003322601318,1.4387483596801758,1.4353679418563843,1.0710467100143433,1.0106929540634155,1.3056981563568115,1.212358832359314,0.9333354830741882,1.2548891305923462,1.4449334144592285,1.2426466941833496,2.070427656173706,1.831640362739563,1.641545057296753,1.4822568893432617,1.3674273490905762,1.1773579120635986,1.0175377130508423,0.9107795357704163,0.723400354385376,0.5364736914634705,0.521445631980896,0.376617968082428,0.0,0.3703809082508087,0.5618752241134644,2.312127113342285,1.9454023838043213,1.812996745109558,1.931822657585144,1.7890605926513672,1.4208717346191406,1.5095746517181396,1.673150897026062,1.3815733194351196,1.2022002935409546,1.5406606197357178,1.545038104057312,1.2864936590194702,1.4946696758270264,1.8289692401885986,2.6073625087738037,2.211665391921997,2.3446896076202393,2.4779269695281982,2.1663331985473633,1.9476693868637085,2.2588281631469727,2.300154447555542,1.9631224870681763,2.0749571323394775,2.4344027042388916,2.3077259063720703,2.2387664318084717,2.584324836730957,2.7816455364227295,2.3622496128082275,2.124209403991699,2.355320453643799,2.2480568885803223,1.8702634572982788,1.9734752178192139,2.2219691276550293,2.000140905380249,1.8121103048324585,2.167539358139038,2.308295965194702,2.071692943572998,2.2771923542022705,2.590691089630127,2.5618302822113037
