,A1,A2,A3,A4,A5,A6,A7,A8,A9,A10,A11,A12,A13,A14,A15,B1,B2,B3,B4,B5,B6,B7,B8,B9,B10,B11,B12,B13,B14,B15,C1,C2,C3,C4,C5,C6,C7,C8,C9,C10,C11,C12,C13,C14,C15,D1,D2,D3,D4,D5,D6,D7,D8,D9,D10,D11,D12,D13,D14,D15,E1,E2,E3,E4,E5,E6,E7,E8,E9,E10,E11,E12,E13,E14,E15
A1,0.0,0.3991418182849884,0.667556881904602,0.7791810631752014,1.1619080305099487,1.396687388420105,1.4749794006347656,1.1792716979980469,1.2644315958023071,1.5932501554489136,1.4930167198181152,1.3028401136398315,1.5558252334594727,1.6902717351913452,1.6496527194976807,1.9192837476730347,2.075716495513916,1.823014497756958,2.0736842155456543,2.1553144454956055,1.9825495481491089,2.2522943019866943,2.1381213665008545,1.8028550148010254,2.018540143966675,2.1778757572174072,1.9210237264633179,2.0129330158233643,1.7288929224014282,1.7749831676483154,2.2127277851104736,2.145068883895874,1.95148503780365,1.7205859422683716,1.6511768102645874,1.4435092210769653,1.2240469455718994,1.2247639894485474,1.1648424863815308,0.8153265714645386,0.7753797173500061,0.9790447950363159,0.9369917511940002,1.0495604276657104,1.3702545166015625,3.143911361694336,2.8607664108276367,2.574958562850952,2.3910269737243652,2.0091300010681152,1.8019275665283203,1.787184476852417,2.1597137451171875,2.148216724395752,2.0065739154815674,2.283137321472168,2.5689635276794434,2.8464348316192627,2.9153237342834473,3.258894443511963,2.625094175338745,2.3386828899383545,2.0853323936462402,2.233875274658203,2.0504775047302246,2.025700807571411,2.3377997875213623,2.503923177719116,2.4102325439453125,2.638444423675537,2.9090685844421387,2.9271931648254395,3.277099132537842,3.254546880722046,3.42671799659729
A2,0.3991418182849884,0.0,0.38095465302467346,0.5328328609466553,0.8686761260032654,1.1522670984268188,1.2648049592971802,1.045638918876648,1.1601351499557495,1.4970632791519165,1.466874599456787,1.35640549659729,1.6766328811645508,1.8210279941558838,1.8565438985824585,1.9826042652130127,2.06587290763855,1.7626408338546753,1.9893378019332886,2.002570867538452,1.79966402053833,2.100332021713257,2.047135591506958,1.708635926246643,1.9188655614852905,2.135382652282715,1.9336371421813965,2.084230899810791,1.831879734992981,1.9441722631454468,2.1515069007873535,2.013481616973877,1.806395173072815,1.5401052236557007,1.3950034379959106,1.1779893636703491,0.9380784630775452,1.0451269149780273,1.0229905843734741,0.6507409811019897,0.7227908372879028,1.0273281335830688,1.1277507543563843,1.2695189714431763,1.6068246364593506,2.863926410675049,2.6110646724700928,2.3206448554992676,2.111668825149536,1.739810824394226,1.5075353384017944,1.45699942111969,1.8250041007995605,1.809787631034851,1.635627269744873,1.9061293601989746,2.200279951095581,2.4641895294189453,2.5393006801605225,2.88527512550354,2.2544524669647217,1.9881261587142944,1.7316769361495972,1.9172331094741821,1.7767866849899292,1.7628549337387085,2.0961105823516846,2.2189056873321533,2.1108100414276123,2.370603322982788,2.6259446144104004,2.609501838684082,2.9528093338012695,2.923734188079834,3.0747408866882324
A3,0.667556881904602,0.38095465302467346,0.0,0.38456991314888,0.6451406478881836,0.8490447402000427,1.0448613166809082,0.8801747560501099,0.9067238569259644,1.2666572332382202,1.3232853412628174,1.2258504629135132,1.5795657634735107,1.6780381202697754,1.7751837968826294,1.796215295791626,1.837221384048462,1.5093739032745361,1.6888703107833862,1.6689480543136597,1.4382864236831665,1.7359434366226196,1.7083972692489624,1.3656260967254639,1.5634311437606812,1.8048276901245117,1.6407145261764526,1.8263404369354248,1.6086540222167969,1.7732799053192139,1.85308837890625,1.6895445585250854,1.4550913572311401,1.2048522233963013,1.0444411039352417,0.8031634092330933,0.6031503081321716,0.7314507961273193,0.6731669902801514,0.3176814615726471,0.5420987010002136,0.8369286060333252,1.0544531345367432,1.1876616477966309,1.5228248834609985,2.564852714538574,2.31599497795105,2.0030057430267334,1.8276796340942383,1.466208577156067,1.1972377300262451,1.2123128175735474,1.5708911418914795,1.5084999799728394,1.3747700452804565,1.683589220046997,1.9394587278366089,2.220158576965332,2.267136573791504,2.6085007190704346,2.005977153778076,1.725852131843567,1.4417955875396729,1.5867725610733032,1.4169436693191528,1.3876243829727173,1.718153476715088,1.8547663688659668,1.7522671222686768,2.0013585090637207,2.259321928024292,2.2628633975982666,2.6132984161376953,2.6014459133148193,2.771702527999878
A4,0.7791810631752014,0.5328328609466553,0.38456991314888,0.0,0.3873837888240814,0.6559361219406128,0.7327916026115417,0.5423672199249268,0.6956917643547058,1.0013232231140137,1.0200790166854858,1.0019761323928833,1.3706117868423462,1.538512110710144,1.6688485145568848,1.6106066703796387,1.6235607862472534,1.296544075012207,1.5327590703964233,1.5316543579101562,1.3744012117385864,1.7021750211715698,1.6549782752990723,1.3576666116714478,1.6265124082565308,1.842721700668335,1.6685805320739746,1.8995243310928345,1.7338941097259521,1.8590377569198608,2.101576566696167,1.935866355895996,1.6505076885223389,1.4552743434906006,1.2555893659591675,0.9323769211769104,0.8581828474998474,1.0338399410247803,0.8641989827156067,0.5661987066268921,0.8737161159515381,1.0863919258117676,1.2683968544006348,1.293561339378357,1.654144048690796,2.3741822242736816,2.1005568504333496,1.8255280256271362,1.6170251369476318,1.235363483428955,1.0472300052642822,1.0239710807800293,1.3964126110076904,1.4169222116470337,1.3216760158538818,1.5859040021896362,1.8580421209335327,2.1704461574554443,2.2725119590759277,2.592905282974243,2.1259846687316895,1.894723653793335,1.569746494293213,1.7289338111877441,1.5628098249435425,1.446205496788025,1.795851707458496,1.9356764554977417,1.7633236646652222,1.988991618156433,2.2821357250213623,2.269561767578125,2.595736503601074,2.530472755432129,2.713137149810791
A5,1.1619080305099487,0.8686761260032654,0.6451406478881836,0.3873837888240814,0.0,0.3856021761894226,0.4789726436138153,0.5194821953773499,0.6785413026809692,0.900380551815033,1.0224980115890503,1.1199873685836792,1.5024609565734863,1.6672358512878418,1.8660162687301636,1.6497923135757446,1.5693676471710205,1.212007761001587,1.4074310064315796,1.3274004459381104,1.176037311553955,1.5315412282943726,1.5483136177062988,1.2946854829788208,1.5643768310546875,1.8128975629806519,1.7059104442596436,1.993518352508545,1.8888227939605713,2.049996852874756,2.1446642875671387,1.926830530166626,1.6149636507034302,1.4431308507919312,1.172841191291809,0.8204002976417542,0.856173574924469,1.116123914718628,0.9417083859443665,0.764575719833374,1.1228899955749512,1.3219213485717773,1.566218614578247,1.5789490938186646,1.927465796470642,2.007261276245117,1.753409504890442,1.4845478534698486,1.2490626573562622,0.8748006820678711,0.6910272240638733,0.6385402679443359,1.0101256370544434,1.0541651248931885,0.9856225848197937,1.2332727909088135,1.4950212240219116,1.8230702877044678,1.9459315538406372,2.250385284423828,1.88912832736969,1.7044230699539185,1.3520525693893433,1.5214577913284302,1.3904032707214355,1.2273365259170532,1.5899090766906738,1.6927552223205566,1.4711867570877075,1.7023283243179321,1.9971281290054321,1.9541527032852173,2.2609667778015137,2.169300079345703,2.349963665008545
A6,1.396687388420105,1.1522670984268188,0.8490447402000427,0.6559361219406128,0.3856021761894226,0.0,0.36495423316955566,0.5300670862197876,0.49042680859565735,0.6644207239151001,0.9134622812271118,1.0263001918792725,1.3986599445343018,1.5048950910568237,1.7602661848068237,1.4275445938110352,1.2930903434753418,0.9205495119094849,1.05496084690094,0.9448144435882568,0.7996838688850403,1.1573454141616821,1.185070514678955,0.9661380052566528,1.247381567955017,1.4908058643341064,1.4249380826950073,1.7496076822280884,1.7083264589309692,1.8909364938735962,1.9547247886657715,1.7422354221343994,1.3957215547561646,1.3063971996307373,1.062385082244873,0.6919412016868591,0.8862560391426086,1.0887998342514038,0.8411744236946106,0.8202361464500427,1.1933494806289673,1.3011988401412964,1.5798546075820923,1.5504863262176514,1.8697198629379272,1.754690170288086,1.4767295122146606,1.1793056726455688,1.0175271034240723,0.6514673829078674,0.4559188187122345,0.6153804659843445,0.9222230315208435,0.9087526798248291,0.9766538143157959,1.2486733198165894,1.4254399538040161,1.7827816009521484,1.8706141710281372,2.150332450866699,1.8794900178909302,1.690366268157959,1.3177146911621094,1.3964463472366333,1.2076596021652222,0.9651352763175964,1.3062433004379272,1.4556879997253418,1.2217894792556763,1.3953289985656738,1.7193243503570557,1.724421739578247,2.0327258110046387,1.9542156457901,2.1810357570648193
A7,1.4749794006347656,1.2648049592971802,1.0448613166809082,0.7327916026115417,0.4789726436138153,0.36495423316955566,0.0,0.3706778883934021,0.5240259170532227,0.5241783261299133,0.6979466080665588,0.9259684085845947,1.2754005193710327,1.4585871696472168,1.7191225290298462,1.3458201885223389,1.1945778131484985,0.8535586595535278,1.0787968635559082,1.0292861461639404,1.0141719579696655,1.3576643466949463,1.3385564088821411,1.1827353239059448,1.5082796812057495,1.6979541778564453,1.6000266075134277,1.9283976554870605,1.9065481424331665,2.033888578414917,2.283371686935425,2.0917837619781494,1.7373719215393066,1.6654525995254517,1.4266141653060913,1.0555907487869263,1.2188445329666138,1.4214990139007568,1.1528878211975098,1.0721651315689087,1.4434008598327637,1.542405366897583,1.765600562095642,1.6783033609390259,2.011139392852783,1.7325842380523682,1.4213106632232666,1.1999796628952026,0.9881988167762756,0.607345461845398,0.628356397151947,0.6705200672149658,0.9569897651672363,1.0728840827941895,1.1550425291061401,1.3443236351013184,1.5429631471633911,1.9106318950653076,2.057643413543701,2.3117237091064453,2.144385576248169,1.9941182136535645,1.6198371648788452,1.7246980667114258,1.556599497795105,1.288576364517212,1.6146419048309326,1.7568684816360474,1.4818605184555054,1.6222001314163208,1.9609510898590088,1.9463199377059937,2.2171738147735596,2.0814995765686035,2.308537721633911
A8,1.1792716979980469,1.045638918876648,0.8801747560501099,0.5423672199249268,0.5194821953773499,0.5300670862197876,0.3706778883934021,0.0,0.3725738227367401,0.5096397399902344,0.5126734375953674,0.641262948513031,1.00925874710083,1.2214667797088623,1.4308964014053345,1.1955510377883911,1.1545727252960205,0.8444114327430725,1.1424206495285034,1.1983468532562256,1.1730834245681763,1.4919058084487915,1.3948639631271362,1.190591812133789,1.5325465202331543,1.6847108602523804,1.5094839334487915,1.7922669649124146,1.7235981225967407,1.8066071271896362,2.2413856983184814,2.0995101928710938,1.7582682371139526,1.6723504066467285,1.487975001335144,1.1185307502746582,1.210911512374878,1.352276086807251,1.0615572929382324,0.9107149243354797,1.251274585723877,1.3307394981384277,1.4936422109603882,1.3808759450912476,1.7267348766326904,2.088350534439087,1.7609407901763916,1.5338115692138672,1.352698564529419,0.9734165668487549,0.9367576241493225,0.9811166524887085,1.3049602508544922,1.3903846740722656,1.4259142875671387,1.646744966506958,1.8705252408981323,2.2284538745880127,2.3591504096984863,2.634284019470215,2.3625235557556152,2.167701244354248,1.8042248487472534,1.9067410230636597,1.7017033100128174,1.4700126647949219,1.7944711446762085,1.9758927822113037,1.7446107864379883,1.8865187168121338,2.2268316745758057,2.2414534091949463,2.535243272781372,2.4256300926208496,2.6543803215026855
A9,1.2644315958023071,1.1601351499557495,0.9067238569259644,0.6956917643547058,0.6785413026809692,0.49042680859565735,0.5240259170532227,0.3725738227367401,0.0,0.3811320662498474,0.5486380457878113,0.5529889464378357,0.9217241406440735,1.0207525491714478,1.2715665102005005,0.9865590333938599,0.9460653066635132,0.6089580655097961,0.8531992435455322,0.9350641369819641,0.8888058662414551,1.1748894453048706,1.0472667217254639,0.827305018901825,1.1756736040115356,1.3132545948028564,1.1418219804763794,1.4388524293899536,1.3993796110153198,1.5106427669525146,1.9261314868927002,1.809910535812378,1.4584804773330688,1.430361270904541,1.304456353187561,0.9531615376472473,1.1121920347213745,1.1755229234695435,0.8322246670722961,0.804227888584137,1.1328593492507935,1.1271106004714966,1.3232899904251099,1.192526936531067,1.507051944732666,2.045382499694824,1.7090795040130615,1.4397422075271606,1.3485126495361328,0.996141791343689,0.9063938856124878,1.0818020105361938,1.3748503923416138,1.3749432563781738,1.46619713306427,1.7347471714019775,1.9026092290878296,2.2658088207244873,2.3425872325897217,2.6139585971832275,2.327751398086548,2.1008410453796387,1.7394065856933594,1.7677514553070068,1.5054413080215454,1.2582041025161743,1.5464224815368652,1.7798720598220825,1.5859650373458862,1.685825228691101,2.032388210296631,2.1036808490753174,2.4138619899749756,2.347665786743164,2.606656074523926
A10,1.5932501554489136,1.4970632791519165,1.2666572332382202,1.0013232231140137,0.900380551815033,0.6644207239151001,0.5241783261299133,0.5096397399902344,0.3811320662498474,0.0,0.3739473819732666,0.5818759799003601,0.8657098412513733,0.9980284571647644,1.3071849346160889,0.8305482864379883,0.680107057094574,0.353279173374176,0.6719955801963806,0.7996283769607544,0.9099297523498535,1.1667945384979248,1.0202614068984985,0.9340459704399109,1.3015846014022827,1.3847501277923584,1.2433791160583496,1.5691462755203247,1.6095384359359741,1.686280608177185,2.177521228790283,2.064635992050171,1.6963521242141724,1.722426414489746,1.5861355066299438,1.2352714538574219,1.4455922842025757,1.5272462368011475,1.1796587705612183,1.1832271814346313,1.5127702951431274,1.482698678970337,1.657616376876831,1.4721946716308594,1.7608015537261963,1.8553659915924072,1.4861602783203125,1.277508020401001,1.2088009119033813,0.9005579352378845,0.9575319290161133,1.136910319328308,1.3634521961212158,1.4221603870391846,1.581878900527954,1.7961483001708984,1.9325224161148071,2.3107717037200928,2.416330099105835,2.649183750152588,2.5077664852142334,2.3215785026550293,1.9486072063446045,1.9632596969604492,1.7112733125686646,1.4055016040802002,1.6632142066955566,1.8953341245651245,1.6561973094940186,1.6957005262374878,2.0615973472595215,2.1342124938964844,2.4049220085144043,2.2966909408569336,2.576131820678711
A11,1.4930167198181152,1.466874599456787,1.3232853412628174,1.0200790166854858,1.0224980115890503,0.9134622812271118,0.6979466080665588,0.5126734375953674,0.5486380457878113,0.3739473819732666,0.0,0.3770643174648285,0.6172211766242981,0.8756470084190369,1.1269840002059937,0.7780700922012329,0.7604735493659973,0.582917332649231,0.9595117568969727,1.15632164478302,1.2729092836380005,1.5151324272155762,1.3223042488098145,1.2215886116027832,1.591853141784668,1.6351866722106934,1.4248179197311401,1.6974053382873535,1.700782299041748,1.7048406600952148,2.408346176147461,2.3277995586395264,1.9726487398147583,1.9731289148330688,1.8503623008728027,1.493085503578186,1.638246774673462,1.7073708772659302,1.362906575202942,1.2842594385147095,1.582648515701294,1.552553415298462,1.6482316255569458,1.4199106693267822,1.7189066410064697,2.1587259769439697,1.7829279899597168,1.6138665676116943,1.5083168745040894,1.1874988079071045,1.2603180408477783,1.3670912981033325,1.6249468326568604,1.7268023490905762,1.8415626287460327,2.039743661880493,2.217576265335083,2.592245578765869,2.7234466075897217,2.9650421142578125,2.7916207313537598,2.5990331172943115,2.2286477088928223,2.27557110786438,2.0272703170776367,1.7459642887115479,2.0162243843078613,2.2483341693878174,2.012291193008423,2.0674567222595215,2.4319090843200684,2.494068145751953,2.7638282775878906,2.640599012374878,2.9083938598632812
A12,1.3028401136398315,1.35640549659729,1.2258504629135132,1.0019761323928833,1.1199873685836792,1.0263001918792725,0.9259684085845947,0.641262948513031,0.5529889464378357,0.5818759799003601,0.3770643174648285,0.0,0.3857237696647644,0.5997495651245117,0.8033826351165771,0.6675543189048767,0.8177288770675659,0.6799616813659668,1.0205533504486084,1.266833782196045,1.326786756515503,1.5335355997085571,1.2908573150634766,1.1366024017333984,1.4870795011520386,1.497904658317566,1.222923755645752,1.4368088245391846,1.396740198135376,1.3668339252471924,2.208984136581421,2.1791110038757324,1.8476699590682983,1.8512853384017944,1.7928820848464966,1.4647142887115479,1.5715599060058594,1.5642131567001343,1.2156341075897217,1.138633370399475,1.3727657794952393,1.2850552797317505,1.3271300792694092,1.0639982223510742,1.3527600765228271,2.436969757080078,2.064897060394287,1.8532034158706665,1.779844880104065,1.4451037645339966,1.4339971542358398,1.5736439228057861,1.8632487058639526,1.907684326171875,1.9985692501068115,2.2438411712646484,2.4251627922058105,2.7934513092041016,2.887826681137085,3.151355028152466,2.8742761611938477,2.637277364730835,2.28196120262146,2.305513381958008,2.022235631942749,1.7796144485473633,2.0348901748657227,2.3004939556121826,2.1160964965820312,2.175215005874634,2.5314221382141113,2.6274447441101074,2.9261553287506104,2.8465514183044434,3.1190645694732666
A13,1.5558252334594727,1.6766328811645508,1.5795657634735107,1.3706117868423462,1.5024609565734863,1.3986599445343018,1.2754005193710327,1.00925874710083,0.9217241406440735,0.8657098412513733,0.6172211766242981,0.3857237696647644,0.0,0.37995660305023193,0.5397339463233948,0.5154330730438232,0.8027466535568237,0.8435263633728027,1.1594188213348389,1.4767049551010132,1.5948331356048584,1.7427669763565063,1.4467650651931763,1.3562999963760376,1.6884241104125977,1.6168745756149292,1.3118302822113037,1.4662585258483887,1.4616650342941284,1.3397990465164185,2.4068965911865234,2.4285027980804443,2.10819149017334,2.151170253753662,2.1324524879455566,1.8205981254577637,1.9315866231918335,1.8861221075057983,1.5355110168457031,1.479132056236267,1.6658767461776733,1.5218642950057983,1.490018606185913,1.158484697341919,1.3761063814163208,2.67376971244812,2.2858920097351074,2.107499599456787,2.0676679611206055,1.7608023881912231,1.7858830690383911,1.9353973865509033,2.206167221069336,2.2590954303741455,2.3714089393615723,2.6079823970794678,2.777000665664673,3.15017032623291,3.24472713470459,3.4960274696350098,3.2472219467163086,3.006331205368042,2.6524457931518555,2.654656410217285,2.35349440574646,2.1021978855133057,2.32582688331604,2.61439847946167,2.437201738357544,2.4575488567352295,2.817979335784912,2.9389431476593018,3.226870059967041,3.1449458599090576,3.4332034587860107
A14,1.6902717351913452,1.8210279941558838,1.6780381202697754,1.538512110710144,1.6672358512878418,1.5048950910568237,1.4585871696472168,1.2214667797088623,1.0207525491714478,0.9980284571647644,0.8756470084190369,0.5997495651245117,0.37995660305023193,0.0,0.3693566620349884,0.38873785734176636,0.7616267800331116,0.8579769134521484,1.0706064701080322,1.4187058210372925,1.5261967182159424,1.6027368307113647,1.2675989866256714,1.2009485960006714,1.4878981113433838,1.3523951768875122,1.0267269611358643,1.1346989870071411,1.1727761030197144,1.0268770456314087,2.176140785217285,2.245577573776245,1.943783164024353,2.0396909713745117,2.083087205886841,1.8133889436721802,1.9468878507614136,1.8379628658294678,1.4860154390335083,1.5096123218536377,1.6532410383224487,1.4329514503479004,1.3973503112792969,1.0420565605163574,1.1802177429199219,2.7343974113464355,2.3511791229248047,2.147552967071533,2.1691982746124268,1.8852094411849976,1.8747496604919434,2.0824875831604004,2.338585615158081,2.3370518684387207,2.4738962650299072,2.7395944595336914,2.8742079734802246,3.2447197437286377,3.2979366779327393,3.5458154678344727,3.2777671813964844,3.014514446258545,2.673696756362915,2.623506546020508,2.290381669998169,2.0492448806762695,2.2241430282592773,2.5450310707092285,2.4098780155181885,2.395235538482666,2.7448766231536865,2.9103505611419678,3.2056477069854736,3.1624345779418945,3.4678120613098145
A15,1.6496527194976807,1.8565438985824585,1.7751837968826294,1.6688485145568848,1.8660162687301636,1.7602661848068237,1.7191225290298462,1.4308964014053345,1.2715665102005005,1.3071849346160889,1.1269840002059937,0.8033826351165771,0.5397339463233948,0.3693566620349884,0.0,0.7414851784706116,1.124558687210083,1.213711142539978,1.4325743913650513,1.7716506719589233,1.845693588256836,1.9242699146270752,1.5893467664718628,1.4845024347305298,1.7419453859329224,1.5990147590637207,1.2417864799499512,1.2491084337234497,1.211753487586975,0.9756703972816467,2.2955050468444824,2.4040024280548096,2.135737180709839,2.2059285640716553,2.2771658897399902,2.0245349407196045,2.1033265590667725,1.9632508754730225,1.6415895223617554,1.621847152709961,1.6977269649505615,1.4622735977172852,1.3284485340118408,0.9470788240432739,1.032972812652588,3.0911762714385986,2.7089505195617676,2.499281883239746,2.50138521194458,2.1965394020080566,2.1628737449645996,2.3468728065490723,2.6298041343688965,2.6280858516693115,2.7305967807769775,3.005951166152954,3.1648755073547363,3.530005931854248,3.581918478012085,3.8463056087493896,3.511078357696533,3.228374481201172,2.8999881744384766,2.8628897666931152,2.5285730361938477,2.322172164916992,2.503354787826538,2.8251593112945557,2.70963716506958,2.7161660194396973,3.0582804679870605,3.223111867904663,3.5315804481506348,3.4977478981018066,3.7949299812316895
B1,1.9192837476730347,1.9826042652130127,1.796215295791626,1.6106066703796387,1.6497923135757446,1.4275445938110352,1.3458201885223389,1.1955510377883911,0.9865590333938599,0.8305482864379883,0.7780700922012329,0.6675543189048767,0.5154330730438232,0.38873785734176636,0.7414851784706116,0.0,0.3904288411140442,0.6010255813598633,0.7950757145881653,1.1664364337921143,1.3573263883590698,1.4178838729858398,1.088666319847107,1.1190123558044434,1.4274024963378906,1.2885545492172241,1.0409235954284668,1.2413442134857178,1.3692010641098022,1.288735270500183,2.2594194412231445,2.290677309036255,1.9592301845550537,2.088174343109131,2.095370292663574,1.8093072175979614,2.004169464111328,1.9394574165344238,1.5697269439697266,1.6312898397445679,1.8384783267974854,1.6451607942581177,1.6837153434753418,1.35968017578125,1.5137407779693604,2.4296212196350098,2.0397748947143555,1.870721459388733,1.922529697418213,1.6826832294464111,1.732130527496338,1.957842230796814,2.166431188583374,2.1823501586914062,2.3678958415985107,2.6057353019714355,2.707890272140503,3.0848751068115234,3.1489226818084717,3.367534637451172,3.2087793350219727,2.9778549671173096,2.6239125728607178,2.560818910598755,2.237427234649658,1.949050784111023,2.107919692993164,2.421989679336548,2.2546167373657227,2.2003400325775146,2.5593461990356445,2.724364995956421,2.9910130500793457,2.924808979034424,3.2428269386291504
B2,2.075716495513916,2.06587290763855,1.837221384048462,1.6235607862472534,1.5693676471710205,1.2930903434753418,1.1945778131484985,1.1545727252960205,0.9460653066635132,0.680107057094574,0.7604735493659973,0.8177288770675659,0.8027466535568237,0.7616267800331116,1.124558687210083,0.3904288411140442,0.0,0.3741402328014374,0.5145216584205627,0.870826780796051,1.1379668712615967,1.1996270418167114,0.9174098372459412,1.029234766960144,1.3470687866210938,1.2473986148834229,1.1016795635223389,1.386327862739563,1.5581378936767578,1.554490327835083,2.287710666656494,2.2662739753723145,1.911784291267395,2.0564088821411133,2.01921010017395,1.724694013595581,1.9720096588134766,1.9571202993392944,1.5875332355499268,1.680835247039795,1.9421647787094116,1.7879657745361328,1.9001952409744263,1.6206415891647339,1.8015064001083374,2.0591342449188232,1.667793869972229,1.523281455039978,1.6022619009017944,1.4112619161605835,1.5126503705978394,1.75388503074646,1.9098422527313232,1.9366645812988281,2.1651949882507324,2.374915838241577,2.443282127380371,2.8212153911590576,2.893173933029175,3.084819793701172,3.0255508422851562,2.8293981552124023,2.4684364795684814,2.397934913635254,2.0952324867248535,1.7685414552688599,1.9164960384368896,2.210827112197876,2.010997772216797,1.9278751611709595,2.29178786277771,2.446819305419922,2.686565399169922,2.5989787578582764,2.923778533935547
B3,1.823014497756958,1.7626408338546753,1.5093739032745361,1.296544075012207,1.212007761001587,0.9205495119094849,0.8535586595535278,0.8444114327430725,0.6089580655097961,0.353279173374176,0.582917332649231,0.6799616813659668,0.8435263633728027,0.8579769134521484,1.213711142539978,0.6010255813598633,0.3741402328014374,0.0,0.3795786499977112,0.649454653263092,0.850525438785553,1.0053895711898804,0.78408282995224,0.8006486296653748,1.1564116477966309,1.1592692136764526,1.0309327840805054,1.3634012937545776,1.4787787199020386,1.54302179813385,2.096142053604126,2.0251834392547607,1.6580291986465454,1.7605806589126587,1.6842617988586426,1.3720552921295166,1.6216250658035278,1.6413522958755493,1.277326226234436,1.3633193969726562,1.6566731929779053,1.5505980253219604,1.7151858806610107,1.4906246662139893,1.722469449043274,1.877785563468933,1.4966989755630493,1.2953349351882935,1.330053687095642,1.0927702188491821,1.1546250581741333,1.3994511365890503,1.5786160230636597,1.5935418605804443,1.8032572269439697,2.027418613433838,2.112607002258301,2.4903724193573,2.5625529289245605,2.7744181156158447,2.670194387435913,2.47353458404541,2.108779191970825,2.0605437755584717,1.7714768648147583,1.44807767868042,1.6393896341323853,1.9149985313415527,1.7039794921875,1.670544147491455,2.0389041900634766,2.1666879653930664,2.4283509254455566,2.344217300415039,2.653535842895508
B4,2.0736842155456543,1.9893378019332886,1.6888703107833862,1.5327590703964233,1.4074310064315796,1.05496084690094,1.0787968635559082,1.1424206495285034,0.8531992435455322,0.6719955801963806,0.9595117568969727,1.0205533504486084,1.1594188213348389,1.0706064701080322,1.4325743913650513,0.7950757145881653,0.5145216584205627,0.3795786499977112,0.0,0.38310158252716064,0.6519343256950378,0.692018449306488,0.46855428814888,0.6367932558059692,0.9296885132789612,0.9097796082496643,0.8948546648025513,1.2571918964385986,1.4467825889587402,1.5630784034729004,1.932552695274353,1.8613137006759644,1.4985907077789307,1.670998215675354,1.625837802886963,1.3678380250930786,1.6699705123901367,1.6635513305664062,1.319161057472229,1.4981008768081665,1.7738089561462402,1.6381556987762451,1.8438388109207153,1.6457628011703491,1.8303380012512207,1.7383021116256714,1.3778042793273926,1.1546342372894287,1.2954392433166504,1.1408047676086426,1.180302381515503,1.4895673990249634,1.607061505317688,1.5583635568618774,1.8185999393463135,2.0505032539367676,2.0710771083831787,2.4377212524414062,2.4660050868988037,2.6537299156188965,2.596769332885742,2.403650999069214,2.0548489093780518,1.94205641746521,1.6377615928649902,1.2990938425064087,1.4150772094726562,1.7127035856246948,1.529718279838562,1.4269698858261108,1.7865831851959229,1.9614341259002686,2.212613344192505,2.1624255180358887,2.4936816692352295
B5,2.1553144454956055,2.002570867538452,1.6689480543136597,1.5316543579101562,1.3274004459381104,0.9448144435882568,1.0292861461639404,1.1983468532562256,0.9350641369819641,0.7996283769607544,1.15632164478302,1.266833782196045,1.4767049551010132,1.4187058210372925,1.7716506719589233,1.1664364337921143,0.870826780796051,0.649454653263092,0.38310158252716064,0.0,0.3795885741710663,0.4734939932823181,0.4966002106666565,0.6482303738594055,0.8757119178771973,0.9775208234786987,1.072045087814331,1.4524836540222168,1.6235177516937256,1.806177020072937,1.8783563375473022,1.73585045337677,1.3696876764297485,1.5323430299758911,1.4358047246932983,1.199695348739624,1.5407278537750244,1.5849957466125488,1.2851769924163818,1.4919379949569702,1.7905964851379395,1.7085294723510742,1.9760228395462036,1.8430944681167603,2.04594087600708,1.4262666702270508,1.0991052389144897,0.8220080137252808,1.0022116899490356,0.9066446423530579,0.9283500909805298,1.2671548128128052,1.3257405757904053,1.238698959350586,1.53334379196167,1.75485360622406,1.73408842086792,2.0916435718536377,2.105649709701538,2.28104829788208,2.2751851081848145,2.1104462146759033,1.7670928239822388,1.6423275470733643,1.3698612451553345,1.0061765909194946,1.1136348247528076,1.3777992725372314,1.170023798942566,1.0573861598968506,1.4222525358200073,1.5832709074020386,1.8306219577789307,1.783482551574707,2.115006685256958
B6,1.9825495481491089,1.79966402053833,1.4382864236831665,1.3744012117385864,1.176037311553955,0.7996838688850403,1.0141719579696655,1.1730834245681763,0.8888058662414551,0.9099297523498535,1.2729092836380005,1.326786756515503,1.5948331356048584,1.5261967182159424,1.845693588256836,1.3573263883590698,1.1379668712615967,0.850525438785553,0.6519343256950378,0.3795885741710663,0.0,0.3634185194969177,0.5301193594932556,0.4867284297943115,0.6552169322967529,0.8914415836334229,1.0109304189682007,1.3800792694091797,1.4916552305221558,1.7342044115066528,1.5824494361877441,1.3973312377929688,1.0284779071807861,1.166008710861206,1.062477707862854,0.8582280278205872,1.2126678228378296,1.2525362968444824,0.9939938187599182,1.2427884340286255,1.524479627609253,1.4689099788665771,1.7811774015426636,1.7174131870269775,1.9251620769500732,1.5361427068710327,1.2675508260726929,0.9170324206352234,1.0476871728897095,0.9082851409912109,0.773686945438385,1.1396353244781494,1.2312780618667603,1.0573484897613525,1.3124321699142456,1.5876410007476807,1.5752886533737183,1.916978359222412,1.8896576166152954,2.1030516624450684,1.9686992168426514,1.7710787057876587,1.4364981651306152,1.2946069240570068,1.0006167888641357,0.6496134996414185,0.7932115793228149,1.0747687816619873,0.909908652305603,0.8729868531227112,1.2261435985565186,1.3885787725448608,1.6905646324157715,1.6978996992111206,2.0064098834991455
B7,2.2522943019866943,2.100332021713257,1.7359434366226196,1.7021750211715698,1.5315412282943726,1.1573454141616821,1.3576643466949463,1.4919058084487915,1.1748894453048706,1.1667945384979248,1.5151324272155762,1.5335355997085571,1.7427669763565063,1.6027368307113647,1.9242699146270752,1.4178838729858398,1.1996270418167114,1.0053895711898804,0.692018449306488,0.4734939932823181,0.3634185194969177,0.0,0.36809495091438293,0.5193304419517517,0.5221952795982361,0.6813465356826782,0.9155493378639221,1.2657489776611328,1.453600525856018,1.7044953107833862,1.4878133535385132,1.3504247665405273,1.0120958089828491,1.2561023235321045,1.2433725595474243,1.123414397239685,1.4729666709899902,1.4445163011550903,1.2034392356872559,1.503633975982666,1.7362357378005981,1.6179815530776978,1.9161186218261719,1.8369466066360474,1.9844609498977661,1.6333403587341309,1.3858388662338257,1.0650087594985962,1.292749285697937,1.2251187562942505,1.120020866394043,1.488182783126831,1.539467692375183,1.3403905630111694,1.6169743537902832,1.8837916851043701,1.8199557065963745,2.1390392780303955,2.067878246307373,2.2482826709747314,2.154766321182251,1.9534671306610107,1.6552022695541382,1.4391982555389404,1.1243668794631958,0.8123230338096619,0.7885839939117432,1.1180616617202759,1.033278226852417,0.8760610818862915,1.194155216217041,1.4399088621139526,1.7185759544372559,1.7730937004089355,2.1034114360809326
B8,2.1381213665008545,2.047135591506958,1.7083972692489624,1.6549782752990723,1.5483136177062988,1.185070514678955,1.3385564088821411,1.3948639631271362,1.0472667217254639,1.0202614068984985,1.3223042488098145,1.2908573150634766,1.4467650651931763,1.2675989866256714,1.5893467664718628,1.088666319847107,0.9174098372459412,0.78408282995224,0.46855428814888,0.4966002106666565,0.5301193594932556,0.36809495091438293,0.0,0.3711692988872528,0.5070081353187561,0.489210844039917,0.6276676654815674,0.9943205714225769,1.2155803442001343,1.4153306484222412,1.5191278457641602,1.4651633501052856,1.1246944665908813,1.3706425428390503,1.4038954973220825,1.2400965690612793,1.5559931993484497,1.4805220365524292,1.1814820766448975,1.4592828750610352,1.6758085489273071,1.500891923904419,1.7449164390563965,1.604492425918579,1.733359694480896,1.8685717582702637,1.5676454305648804,1.2806117534637451,1.4764790534973145,1.348146677017212,1.2733415365219116,1.6275606155395508,1.7353934049606323,1.5850372314453125,1.8385398387908936,2.1145541667938232,2.09653639793396,2.4352455139160156,2.390921115875244,2.585252046585083,2.4498791694641113,2.223548650741577,1.911179542541504,1.7240145206451416,1.3828128576278687,1.0879542827606201,1.1137545108795166,1.4584202766418457,1.3699921369552612,1.239539384841919,1.5621776580810547,1.800854206085205,2.0790512561798096,2.1114871501922607,2.444085121154785
B9,1.8028550148010254,1.708635926246643,1.3656260967254639,1.3576666116714478,1.2946854829788208,0.9661380052566528,1.1827353239059448,1.190591812133789,0.827305018901825,0.9340459704399109,1.2215886116027832,1.1366024017333984,1.3562999963760376,1.2009485960006714,1.4845024347305298,1.1190123558044434,1.029234766960144,0.8006486296653748,0.6367932558059692,0.6482303738594055,0.4867284297943115,0.5193304419517517,0.3711692988872528,0.0,0.3711271286010742,0.5250133275985718,0.5402176976203918,0.9033778309822083,1.011382818222046,1.2513513565063477,1.3149781227111816,1.2426484823226929,0.8839126229286194,1.0692253112792969,1.1075974702835083,0.9318627715110779,1.2172681093215942,1.1208035945892334,0.8131117224693298,1.1008951663970947,1.3062117099761963,1.1444276571273804,1.4142121076583862,1.3180415630340576,1.47952139377594,2.004962921142578,1.7111618518829346,1.3832634687423706,1.4985167980194092,1.294393539428711,1.1346769332885742,1.4722745418548584,1.6436843872070312,1.4761667251586914,1.666150450706482,1.9791057109832764,2.009634494781494,2.3452157974243164,2.2995901107788086,2.53759503364563,2.267425537109375,2.0057480335235596,1.6918306350708008,1.5355511903762817,1.178163766860962,0.9280016422271729,1.0340521335601807,1.3766777515411377,1.3077232837677002,1.277825951576233,1.5947195291519165,1.8002238273620605,2.120993137359619,2.1651997566223145,2.4697682857513428
B10,2.018540143966675,1.9188655614852905,1.5634311437606812,1.6265124082565308,1.5643768310546875,1.247381567955017,1.5082796812057495,1.5325465202331543,1.1756736040115356,1.3015846014022827,1.591853141784668,1.4870795011520386,1.6884241104125977,1.4878981113433838,1.7419453859329224,1.4274024963378906,1.3470687866210938,1.1564116477966309,0.9296885132789612,0.8757119178771973,0.6552169322967529,0.5221952795982361,0.5070081353187561,0.3711271286010742,0.0,0.3705171048641205,0.5824480652809143,0.8648364543914795,0.9977409243583679,1.300602674484253,1.0208483934402466,0.9636133909225464,0.639210045337677,0.9322052001953125,1.0635342597961426,1.015694260597229,1.2942368984222412,1.1399661302566528,0.9245423078536987,1.2753199338912964,1.4111534357070923,1.2260502576828003,1.5143799781799316,1.4740420579910278,1.5706902742385864,2.125523567199707,1.8786516189575195,1.5368728637695312,1.699111819267273,1.5443934202194214,1.3452329635620117,1.6942771673202515,1.83102548122406,1.6006418466567993,1.789340853691101,2.114254951477051,2.101147413253784,2.40384840965271,2.2992892265319824,2.527919292449951,2.223236083984375,1.9451854228973389,1.678436279296875,1.4492706060409546,1.0745524168014526,0.8957338929176331,0.8790298104286194,1.2475650310516357,1.2762696743011475,1.2136352062225342,1.4724143743515015,1.7288154363632202,2.0539393424987793,2.1625192165374756,2.4636902809143066
B11,2.1778757572174072,2.135382652282715,1.8048276901245117,1.842721700668335,1.8128975629806519,1.4908058643341064,1.6979541778564453,1.6847108602523804,1.3132545948028564,1.3847501277923584,1.6351866722106934,1.497904658317566,1.6168745756149292,1.3523951768875122,1.5990147590637207,1.2885545492172241,1.2473986148834229,1.1592692136764526,0.9097796082496643,0.9775208234786987,0.8914415836334229,0.6813465356826782,0.489210844039917,0.5250133275985718,0.3705171048641205,0.0,0.37390467524528503,0.624241292476654,0.8837037682533264,1.130143642425537,1.1526926755905151,1.2095657587051392,0.9436830878257751,1.2547422647476196,1.4206162691116333,1.3542567491531372,1.6151273250579834,1.429685115814209,1.1838278770446777,1.5084952116012573,1.6198170185089111,1.3686028718948364,1.5850857496261597,1.4743012189865112,1.5093379020690918,2.3037848472595215,2.0305092334747314,1.725461721420288,1.9192098379135132,1.7718032598495483,1.626387119293213,1.9773426055908203,2.114946126937866,1.915156602859497,2.124103307723999,2.437839984893799,2.4223525524139404,2.735875129699707,2.6403584480285645,2.8519368171691895,2.590719223022461,2.3148770332336426,2.0479586124420166,1.8160432577133179,1.4425816535949707,1.2529470920562744,1.2095249891281128,1.5813758373260498,1.6024577617645264,1.4858952760696411,1.7460057735443115,2.0275626182556152,2.3279337882995605,2.4277238845825195,2.7478513717651367
B12,1.9210237264633179,1.9336371421813965,1.6407145261764526,1.6685805320739746,1.7059104442596436,1.4249380826950073,1.6000266075134277,1.5094839334487915,1.1418219804763794,1.2433791160583496,1.4248179197311401,1.222923755645752,1.3118302822113037,1.0267269611358643,1.2417864799499512,1.0409235954284668,1.1016795635223389,1.0309327840805054,0.8948546648025513,1.072045087814331,1.0109304189682007,0.9155493378639221,0.6276676654815674,0.5402176976203918,0.5824480652809143,0.37390467524528503,0.0,0.3819471299648285,0.6087626814842224,0.8022983074188232,1.25661301612854,1.3516347408294678,1.0814985036849976,1.3171812295913696,1.4803862571716309,1.3606152534484863,1.570860505104065,1.364815354347229,1.076724648475647,1.3461536169052124,1.4381017684936523,1.150310754776001,1.3054468631744385,1.1403175592422485,1.1766057014465332,2.479466199874878,2.169883966445923,1.871241569519043,2.0096049308776855,1.8004857301712036,1.6599891185760498,1.9817471504211426,2.1747732162475586,2.0147640705108643,2.188349962234497,2.5103094577789307,2.5481011867523193,2.8790740966796875,2.816829204559326,3.0541558265686035,2.735368013381958,2.4417567253112793,2.1561028957366943,1.9767473936080933,1.599605917930603,1.4143383502960205,1.4546273946762085,1.819373369216919,1.8084992170333862,1.7437705993652344,2.0309104919433594,2.2789900302886963,2.594325542449951,2.664167642593384,2.977555513381958
B13,2.0129330158233643,2.084230899810791,1.8263404369354248,1.8995243310928345,1.993518352508545,1.7496076822280884,1.9283976554870605,1.7922669649124146,1.4388524293899536,1.5691462755203247,1.6974053382873535,1.4368088245391846,1.4662585258483887,1.1346989870071411,1.2491084337234497,1.2413442134857178,1.386327862739563,1.3634012937545776,1.2571918964385986,1.4524836540222168,1.3800792694091797,1.2657489776611328,0.9943205714225769,0.9033778309822083,0.8648364543914795,0.624241292476654,0.3819471299648285,0.0,0.3820168972015381,0.5387915372848511,1.213850975036621,1.415550708770752,1.229879379272461,1.4632059335708618,1.694933533668518,1.622152328491211,1.7779982089996338,1.5106574296951294,1.2714169025421143,1.5235800743103027,1.5266752243041992,1.183119297027588,1.253948450088501,1.0890281200408936,1.0038566589355469,2.8557231426239014,2.5494253635406494,2.250638484954834,2.388312578201294,2.1694276332855225,2.011482000350952,2.322288990020752,2.5325024127960205,2.361835479736328,2.511213541030884,2.846430778503418,2.892308235168457,3.213219404220581,3.1328446865081787,3.3786492347717285,2.994967460632324,2.676609992980957,2.417869806289673,2.2286746501922607,1.8481706380844116,1.7174845933914185,1.7332731485366821,2.097684860229492,2.1299543380737305,2.069916009902954,2.3302197456359863,2.5935170650482178,2.9148244857788086,3.0096826553344727,3.3182923793792725
