,A1,A2,A3,A4,A5,A6,A7,A8,A9,A10,A11,A12,A13,A14,A15,B1,B2,B3,B4,B5,B6,B7,B8,B9,B10,B11,B12,B13,B14,B15,C1,C2,C3,C4,C5,C6,C7,C8,C9,C10,C11,C12,C13,C14,C15,D1,D2,D3,D4,D5,D6,D7,D8,D9,D10,D11,D12,D13,D14,D15,E1,E2,E3,E4,E5,E6,E7,E8,E9,E10,E11,E12,E13,E14,E15
A1,0.0,0.39633503556251526,0.6630950570106506,0.7399025559425354,1.0881191492080688,1.383522868156433,1.469746708869934,1.2572776079177856,1.4254932403564453,1.7575803995132446,1.7163498401641846,1.6900227069854736,2.000566244125366,2.229548454284668,2.3365721702575684,1.9602140188217163,1.907729148864746,1.6594010591506958,1.919944405555725,2.0704891681671143,1.898350715637207,2.2618038654327393,2.2663042545318604,1.9950367212295532,2.245681047439575,2.5520455837249756,2.427701473236084,2.7321131229400635,2.5940539836883545,2.8178136348724365,2.4757187366485596,2.3052361011505127,2.0006368160247803,2.2765605449676514,2.282832145690918,2.0963387489318848,2.461503505706787,2.523139476776123,2.254467010498047,2.4851269721984863,2.811230421066284,2.7550137042999268,3.089453935623169,3.0217525959014893,3.2586374282836914,2.7692766189575195,2.5838232040405273,2.284213066101074,2.0387258529663086,1.7427939176559448,1.4359705448150635,1.3191092014312744,1.5832899808883667,1.4894261360168457,1.1796900033950806,1.421553611755371,1.69701087474823,1.8340495824813843,1.8759243488311768,2.2183713912963867,1.7610753774642944,1.6727927923202515,1.4255143404006958,1.7096500396728516,1.9151970148086548,1.8646762371063232,2.2156901359558105,2.1179137229919434,1.9085521697998047,2.248058319091797,2.452932357788086,2.269517183303833,2.5787124633789062,2.509134292602539,2.6436870098114014
A2,0.39633503556251526,0.0,0.38700100779533386,0.5739772319793701,0.8438427448272705,1.1567420959472656,1.2942376136779785,1.1763229370117188,1.3263660669326782,1.6544908285140991,1.6866768598556519,1.7148127555847168,2.062422752380371,2.2768266201019287,2.4381957054138184,1.7110817432403564,1.6024754047393799,1.3545613288879395,1.652519941329956,1.787319540977478,1.6525790691375732,2.025345802307129,2.0667927265167236,1.836213231086731,2.095752239227295,2.412722587585449,2.334735870361328,2.6701369285583496,2.5829403400421143,2.822937250137329,2.346235752105713,2.134113073348999,1.799627661705017,2.035531520843506,1.9894099235534668,1.77995765209198,2.1392130851745605,2.2413272857666016,1.9808069467544556,2.1851682662963867,2.5264477729797363,2.51108980178833,2.8507800102233887,2.802500009536743,3.060990333557129,2.3861160278320312,2.21684193611145,1.9168189764022827,1.6686640977859497,1.3987715244293213,1.0786882638931274,0.9700285196304321,1.2071712017059326,1.0937817096710205,0.7911320328712463,1.0662437677383423,1.3269221782684326,1.50320303440094,1.5582302808761597,1.897830605506897,1.6014782190322876,1.501267671585083,1.1961604356765747,1.4202449321746826,1.6097079515457153,1.5199085474014282,1.8652751445770264,1.7637033462524414,1.5299947261810303,1.8613210916519165,2.073194980621338,1.8920115232467651,2.203995704650879,2.132506847381592,2.2871627807617188
A3,0.6630950570106506,0.38700100779533386,0.0,0.39695239067077637,0.6480538249015808,0.8654592633247375,1.086997628211975,0.989511251449585,1.0461963415145874,1.3937935829162598,1.4952415227890015,1.5066570043563843,1.8789055347442627,2.047307014465332,2.2505364418029785,1.5926295518875122,1.436181664466858,1.1241075992584229,1.377943515777588,1.463005542755127,1.2899866104125977,1.659801959991455,1.724002480506897,1.4876381158828735,1.726643443107605,2.0562970638275146,2.005615472793579,2.344975709915161,2.2755532264709473,2.536062479019165,2.0033915042877197,1.8046611547470093,1.456741452217102,1.6773790121078491,1.6509771347045898,1.4388277530670166,1.800827980041504,1.874415397644043,1.6086071729660034,1.83345365524292,2.1628453731536865,2.1341841220855713,2.478393793106079,2.442657470703125,2.692310333251953,2.2259743213653564,2.0238234996795654,1.6889151334762573,1.5040006637573242,1.227955937385559,0.8691170811653137,0.8970767855644226,1.1571069955825806,0.985302209854126,0.8060446977615356,1.1618746519088745,1.3671711683273315,1.617067813873291,1.6516748666763306,1.9884098768234253,1.4202721118927002,1.2399163246154785,0.9044562578201294,1.147910714149475,1.2883905172348022,1.2122764587402344,1.573434591293335,1.522768259048462,1.3214006423950195,1.6542115211486816,1.8878850936889648,1.7693850994110107,2.117971420288086,2.0963454246520996,2.282576084136963
A4,0.7399025559425354,0.5739772319793701,0.39695239067077637,0.0,0.3888712227344513,0.6462631821632385,0.7594006061553955,0.6157597303390503,0.7626318335533142,1.080700159072876,1.1315251588821411,1.1833933591842651,1.546107292175293,1.7542932033538818,1.9485944509506226,1.3390518426895142,1.2659239768981934,0.975699245929718,1.1906205415725708,1.3586114645004272,1.2132505178451538,1.5742321014404297,1.551047921180725,1.3148363828659058,1.6135715246200562,1.8963719606399536,1.792063593864441,2.134140729904175,2.069941282272339,2.2927515506744385,1.810770034790039,1.5933082103729248,1.2870726585388184,1.575926661491394,1.5920451879501343,1.468709945678711,1.8421858549118042,1.8936657905578613,1.6842769384384155,1.960795283317566,2.2564749717712402,2.22369647026062,2.5885653495788574,2.599569797515869,2.8183579444885254,2.2459189891815186,1.9930179119110107,1.6864309310913086,1.488605260848999,1.1457873582839966,0.8620355725288391,0.8508234024047852,1.1993448734283447,1.1359184980392456,0.9883408546447754,1.2988693714141846,1.5605813264846802,1.8312784433364868,1.9328582286834717,2.250551462173462,1.7801231145858765,1.5533133745193481,1.2154077291488647,1.453288197517395,1.512610673904419,1.378919005393982,1.755007028579712,1.7748923301696777,1.5459963083267212,1.8305574655532837,2.116123914718628,2.027838706970215,2.373873472213745,2.321117877960205,2.542689561843872
A5,1.0881191492080688,0.8438427448272705,0.6480538249015808,0.3888712227344513,0.0,0.38785430788993835,0.482101172208786,0.557848334312439,0.7136437892913818,0.936227560043335,1.0556845664978027,1.2119468450546265,1.571047306060791,1.7755528688430786,2.0097532272338867,0.9715017676353455,0.879426121711731,0.6016499400138855,0.8441759347915649,1.0639225244522095,1.0157954692840576,1.3683079481124878,1.3317044973373413,1.1758567094802856,1.515343427658081,1.7649157047271729,1.6901211738586426,2.0595543384552,2.0641705989837646,2.2708804607391357,1.6721923351287842,1.3856720924377441,1.0803930759429932,1.34928560256958,1.317939043045044,1.2398834228515625,1.605847716331482,1.6954834461212158,1.5471577644348145,1.8187530040740967,2.102356433868408,2.1193084716796875,2.496439218521118,2.5600945949554443,2.7798404693603516,1.916267991065979,1.6400988101959229,1.356851577758789,1.1558736562728882,0.7900335788726807,0.5784260034561157,0.5936956405639648,0.9627764225006104,0.9699398279190063,0.9287801384925842,1.204240322113037,1.4527345895767212,1.7678414583206177,1.9184383153915405,2.2008306980133057,1.9484504461288452,1.6985080242156982,1.3271453380584717,1.4781444072723389,1.454332947731018,1.2331697940826416,1.598591685295105,1.6719857454299927,1.4084266424179077,1.6302400827407837,1.9577651023864746,1.905009388923645,2.242581605911255,2.1720190048217773,2.434800148010254
A6,1.383522868156433,1.1567420959472656,0.8654592633247375,0.6462631821632385,0.38785430788993835,0.0,0.37691280245780945,0.5392283797264099,0.4898228049278259,0.6722298264503479,0.9165275692939758,1.0621205568313599,1.425439715385437,1.564818024635315,1.847348928451538,0.9863489270210266,0.8541272878646851,0.506583571434021,0.5712044835090637,0.7421458959579468,0.6581308245658875,0.9949793219566345,0.9468779563903809,0.7995906472206116,1.1453211307525635,1.3857795000076294,1.3382755517959595,1.7170710563659668,1.758497953414917,1.9764482975006104,1.299464225769043,1.0102702379226685,0.6927964687347412,0.9755949378013611,0.9991716146469116,0.981634259223938,1.3386058807373047,1.3745629787445068,1.261564016342163,1.571803331375122,1.8131369352340698,1.8146260976791382,2.1965129375457764,2.2936336994171143,2.486804485321045,1.8755638599395752,1.5541386604309082,1.2490731477737427,1.158656120300293,0.8172215223312378,0.6530351042747498,0.8400523066520691,1.1560286283493042,1.1242127418518066,1.1921213865280151,1.4867799282073975,1.6753995418548584,2.0224838256835938,2.1490275859832764,2.4212427139282227,1.9620904922485352,1.6543164253234863,1.3032679557800293,1.4391595125198364,1.3266277313232422,1.1146280765533447,1.4662331342697144,1.6205034255981445,1.410003900527954,1.5950936079025269,1.9380526542663574,1.9591948986053467,2.3133461475372314,2.2894797325134277,2.572171926498413
A7,1.469746708869934,1.2942376136779785,1.086997628211975,0.7594006061553955,0.482101172208786,0.37691280245780945,0.0,0.3806551396846771,0.5283645391464233,0.5456464886665344,0.681988537311554,0.9372249245643616,1.2543147802352905,1.458310604095459,1.711268663406372,0.7834085822105408,0.8152704834938049,0.610927939414978,0.6291308403015137,0.9350314736366272,0.9379452466964722,1.2104493379592896,1.0486201047897339,0.9401761889457703,1.326487421989441,1.4859870672225952,1.3669795989990234,1.7326257228851318,1.778326153755188,1.9352128505706787,1.3582329750061035,1.0459171533584595,0.8410144448280334,1.1694579124450684,1.2155146598815918,1.2821375131607056,1.6143290996551514,1.650130033493042,1.5911357402801514,1.9064993858337402,2.121694326400757,2.1283063888549805,2.5107579231262207,2.6320152282714844,2.8046610355377197,1.991424560546875,1.6504720449447632,1.4140633344650269,1.2787965536117554,0.9065666198730469,0.8663771748542786,0.9268672466278076,1.273637056350708,1.3423144817352295,1.372915267944336,1.6090484857559204,1.8486542701721191,2.180495023727417,2.3571395874023438,2.617048978805542,2.3120827674865723,2.0125327110290527,1.661845088005066,1.8068467378616333,1.697836995124817,1.4612864255905151,1.8013970851898193,1.9607701301574707,1.7193334102630615,1.8742406368255615,2.2337327003479004,2.2419087886810303,2.5763585567474365,2.508608341217041,2.801969289779663
A8,1.2572776079177856,1.1763229370117188,0.989511251449585,0.6157597303390503,0.557848334312439,0.5392283797264099,0.3806551396846771,0.0,0.37499624490737915,0.5374147891998291,0.5244854092597961,0.6756200790405273,1.0185071229934692,1.2538379430770874,1.4658355712890625,1.1277433633804321,1.1790742874145508,0.9400386810302734,0.9697853922843933,1.2127299308776855,1.101252794265747,1.3843724727630615,1.2167142629623413,0.9990384578704834,1.3567941188812256,1.5383504629135132,1.3576523065567017,1.6908643245697021,1.6547108888626099,1.8157072067260742,1.406851053237915,1.1853339672088623,0.9946926236152649,1.365256428718567,1.477278709411621,1.5068055391311646,1.855203628540039,1.8430720567703247,1.7310839891433716,2.0682923793792725,2.2876689434051514,2.238109588623047,2.61415696144104,2.695112466812134,2.855435371398926,2.3358404636383057,2.007502317428589,1.7441320419311523,1.6012669801712036,1.2232427597045898,1.0908052921295166,1.1243906021118164,1.4991999864578247,1.52236807346344,1.474807858467102,1.7431472539901733,2.0085179805755615,2.314377546310425,2.4617481231689453,2.7527201175689697,2.2490580081939697,1.9527661800384521,1.6321250200271606,1.853766918182373,1.7989016771316528,1.6294673681259155,1.991387963294983,2.1180572509765625,1.899740219116211,2.110206365585327,2.446382999420166,2.429312229156494,2.777961015701294,2.7222774028778076,2.988905191421509
A9,1.4254932403564453,1.3263660669326782,1.0461963415145874,0.7626318335533142,0.7136437892913818,0.4898228049278259,0.5283645391464233,0.37499624490737915,0.0,0.38192659616470337,0.5703029632568359,0.5955918431282043,0.9722831845283508,1.097299337387085,1.3717318773269653,1.3006969690322876,1.273210883140564,0.970315158367157,0.9006786346435547,1.0371733903884888,0.8360667824745178,1.0912268161773682,0.9383834004402161,0.6596795320510864,0.9935404658317566,1.201243281364441,1.0444326400756836,1.386799693107605,1.3573416471481323,1.564489722251892,1.0877000093460083,0.9163488745689392,0.7117679715156555,1.0887612104415894,1.2681843042373657,1.3080805540084839,1.63959538936615,1.5664947032928467,1.45136559009552,1.8113206624984741,2.0000293254852295,1.9159539937973022,2.285698890686035,2.37001633644104,2.50976300239563,2.3409764766693115,1.9996823072433472,1.702000617980957,1.6408581733703613,1.2954845428466797,1.133699893951416,1.280112385749817,1.624107837677002,1.5807493925094604,1.5922719240188599,1.9034051895141602,2.1175267696380615,2.44618821144104,2.552584409713745,2.847689151763916,2.1035330295562744,1.7672412395477295,1.478485345840454,1.7033030986785889,1.6065179109573364,1.483323097229004,1.8296468257904053,1.9939039945602417,1.8322852849960327,2.0394327640533447,2.3660876750946045,2.395263671875,2.761536121368408,2.7561967372894287,3.024754285812378
A10,1.7575803995132446,1.6544908285140991,1.3937935829162598,1.080700159072876,0.936227560043335,0.6722298264503479,0.5456464886665344,0.5374147891998291,0.38192659616470337,0.0,0.38389378786087036,0.5574918985366821,0.8421529531478882,0.960540235042572,1.2591592073440552,1.2026007175445557,1.24480140209198,1.0233834981918335,0.8353488445281982,1.0171650648117065,0.9107545614242554,1.065731406211853,0.7934500575065613,0.6180853843688965,0.9814619421958923,1.066645622253418,0.866159975528717,1.2089899778366089,1.2480605840682983,1.390135645866394,0.9115887880325317,0.7009125351905823,0.6488582491874695,1.037449598312378,1.2507935762405396,1.3982592821121216,1.6872550249099731,1.5994985103607178,1.5728263854980469,1.9373897314071655,2.075286626815796,2.008639097213745,2.3754818439483643,2.5134716033935547,2.6221232414245605,2.3495137691497803,1.9774059057235718,1.729978322982788,1.69670832157135,1.3614966869354248,1.3044236898422241,1.4439821243286133,1.776832103729248,1.7902663946151733,1.8423619270324707,2.117835521697998,2.333256721496582,2.6748757362365723,2.8148248195648193,3.0879650115966797,2.448868751525879,2.099790334701538,1.8101818561553955,1.9957655668258667,1.8445221185684204,1.6821116209030151,2.0003767013549805,2.2130544185638428,2.0438590049743652,2.195175886154175,2.54526424407959,2.605919361114502,2.960476875305176,2.9418463706970215,3.235182523727417
A11,1.7163498401641846,1.6866768598556519,1.4952415227890015,1.1315251588821411,1.0556845664978027,0.9165275692939758,0.681988537311554,0.5244854092597961,0.5703029632568359,0.38389378786087036,0.0,0.372199684381485,0.5862061381340027,0.8398297429084778,1.0522323846817017,1.3107686042785645,1.4450277090072632,1.2688487768173218,1.144029974937439,1.3790457248687744,1.281242847442627,1.4486581087112427,1.1640862226486206,0.978730320930481,1.3121016025543213,1.3678255081176758,1.095274806022644,1.3707389831542969,1.3419420719146729,1.4190055131912231,1.1984401941299438,1.0435969829559326,1.03254234790802,1.420738697052002,1.6248735189437866,1.7592880725860596,2.061245918273926,1.9819201231002808,1.9395756721496582,2.3046162128448486,2.45290470123291,2.373634099960327,2.7372756004333496,2.8580174446105957,2.960742235183716,2.623579740524292,2.2574377059936523,2.0313854217529297,1.943807601928711,1.5817495584487915,1.5263597965240479,1.5850067138671875,1.9470115900039673,1.9946701526641846,1.9836480617523193,2.2379446029663086,2.498577117919922,2.8149194717407227,2.9733684062957764,3.2551815509796143,2.6593122482299805,2.3293769359588623,2.042506217956543,2.26605486869812,2.158525228500366,1.9991875886917114,2.335819721221924,2.5186989307403564,2.325939178466797,2.497891664505005,2.848345994949341,2.8741841316223145,3.22407865524292,3.176710367202759,3.461134672164917
A12,1.6900227069854736,1.7148127555847168,1.5066570043563843,1.1833933591842651,1.2119468450546265,1.0621205568313599,0.9372249245643616,0.6756200790405273,0.5955918431282043,0.5574918985366821,0.372199684381485,0.0,0.38601788878440857,0.5902181267738342,0.7990183234214783,1.6468925476074219,1.7335935831069946,1.498497486114502,1.3761529922485352,1.538917064666748,1.3494058847427368,1.5075387954711914,1.253498911857605,0.9838671684265137,1.2412874698638916,1.321129560470581,1.0175132751464844,1.2405411005020142,1.1171677112579346,1.2240334749221802,1.1703544855117798,1.133285641670227,1.1189000606536865,1.5032649040222168,1.757555365562439,1.859060525894165,2.1610820293426514,2.031881809234619,1.949476957321167,2.3262076377868652,2.464355945587158,2.3310842514038086,2.6781058311462402,2.764885663986206,2.8469812870025635,2.8719849586486816,2.5114681720733643,2.247605323791504,2.181480884552002,1.822551965713501,1.700815200805664,1.7892440557479858,2.1554062366485596,2.1471521854400635,2.1157610416412354,2.407283067703247,2.658576726913452,2.968149423599243,3.086585283279419,3.389991044998169,2.5556533336639404,2.220018148422241,1.9806078672409058,2.2491769790649414,2.16485333442688,2.070298910140991,2.408917188644409,2.5800540447235107,2.4267020225524902,2.6329565048217773,2.96102237701416,2.9877769947052,3.3533132076263428,3.3369455337524414,3.60278058052063
A13,2.000566244125366,2.062422752380371,1.8789055347442627,1.546107292175293,1.571047306060791,1.425439715385437,1.2543147802352905,1.0185071229934692,0.9722831845283508,0.8421529531478882,0.5862061381340027,0.38601788878440857,0.0,0.37786930799484253,0.470996230840683,1.8884025812149048,2.0254881381988525,1.8294041156768799,1.673558235168457,1.8442388772964478,1.6760284900665283,1.781703233718872,1.4851388931274414,1.2563717365264893,1.469855785369873,1.4629098176956177,1.1097203493118286,1.2299273014068604,1.0785771608352661,1.0734072923660278,1.300827980041504,1.3254116773605347,1.4038915634155273,1.772796630859375,2.0534045696258545,2.1944241523742676,2.474838972091675,2.3221828937530518,2.2709474563598633,2.6519699096679688,2.75752592086792,2.6096112728118896,2.9419498443603516,3.042271137237549,3.0903544425964355,3.1816625595092773,2.809163808822632,2.5698611736297607,2.5102338790893555,2.1524739265441895,2.0627551078796387,2.1351993083953857,2.5036168098449707,2.517507791519165,2.4829325675964355,2.760148763656616,3.0232248306274414,3.329305410385132,3.4594178199768066,3.7606918811798096,2.913689374923706,2.57559871673584,2.3535873889923096,2.626556396484375,2.532658576965332,2.439697742462158,2.769606113433838,2.9551618099212646,2.8040714263916016,2.997816801071167,3.331803798675537,3.3663747310638428,3.7298789024353027,3.707423210144043,3.9785444736480713
A14,2.229548454284668,2.2768266201019287,2.047307014465332,1.7542932033538818,1.7755528688430786,1.564818024635315,1.458310604095459,1.2538379430770874,1.097299337387085,0.960540235042572,0.8398297429084778,0.5902181267738342,0.37786930799484253,0.0,0.3638172745704651,2.106311798095703,2.2000205516815186,1.978468418121338,1.7720184326171875,1.872326374053955,1.669273018836975,1.7096149921417236,1.4209271669387817,1.1931161880493164,1.3114678859710693,1.257117748260498,0.8928059935569763,0.9206544160842896,0.7248052358627319,0.7085813879966736,1.1146039962768555,1.2523140907287598,1.3853039741516113,1.7127565145492554,2.0407350063323975,2.197707176208496,2.442965507507324,2.2374534606933594,2.2009360790252686,2.5832083225250244,2.6438260078430176,2.461322069168091,2.7674171924591064,2.8724422454833984,2.8815419673919678,3.2905473709106445,2.9115188121795654,2.659052610397339,2.6525778770446777,2.317338228225708,2.217651605606079,2.3445932865142822,2.6981868743896484,2.677107810974121,2.6763508319854736,2.9778778553009033,3.211092948913574,3.5321946144104004,3.6368587017059326,3.9400436878204346,2.9267220497131348,2.568516731262207,2.385976791381836,2.654229164123535,2.5330936908721924,2.4775655269622803,2.7821223735809326,2.9925496578216553,2.8841495513916016,3.0689356327056885,3.391554832458496,3.459806203842163,3.831470489501953,3.843705892562866,4.115898132324219
A15,2.3365721702575684,2.4381957054138184,2.2505364418029785,1.9485944509506226,2.0097532272338867,1.847348928451538,1.711268663406372,1.4658355712890625,1.3717318773269653,1.2591592073440552,1.0522323846817017,0.7990183234214783,0.470996230840683,0.3638172745704651,0.0,2.3492181301116943,2.4778034687042236,2.2687416076660156,2.0886495113372803,2.2148396968841553,2.012620449066162,2.069990873336792,1.7809242010116577,1.5482680797576904,1.6657291650772095,1.611311674118042,1.2471181154251099,1.2215808629989624,0.982280433177948,0.8879452347755432,1.472442626953125,1.6099976301193237,1.7365752458572388,2.0730161666870117,2.3940792083740234,2.5409433841705322,2.797438859939575,2.5964481830596924,2.5463876724243164,2.9287679195404053,2.996858835220337,2.8041799068450928,3.103760004043579,3.1914865970611572,3.193654775619507,3.606947422027588,3.229883909225464,2.982384204864502,2.949402093887329,2.5994906425476074,2.4941227436065674,2.5856916904449463,2.9525749683380127,2.942655563354492,2.9061968326568604,3.19905161857605,3.4549882411956787,3.7591230869293213,3.8677988052368164,4.178812503814697,3.1571059226989746,2.815507650375366,2.6442062854766846,2.9370057582855225,2.8442773818969727,2.7952558994293213,3.111579656600952,3.3036909103393555,3.1859261989593506,3.3867030143737793,3.7079524993896484,3.7560253143310547,4.127535820007324,4.127257347106934,4.391332149505615
B1,1.9602140188217163,1.7110817432403564,1.5926295518875122,1.3390518426895142,0.9715017676353455,0.9863489270210266,0.7834085822105408,1.1277433633804321,1.3006969690322876,1.2026007175445557,1.3107686042785645,1.6468925476074219,1.8884025812149048,2.106311798095703,2.3492181301116943,0.0,0.3992592394351959,0.6696429252624512,0.7599409222602844,1.1214743852615356,1.3671072721481323,1.5642300844192505,1.4288612604141235,1.5088914632797241,1.876332402229309,1.9669129848480225,1.9133797883987427,2.2745885848999023,2.4091668128967285,2.5189859867095947,1.845367193222046,1.451165795326233,1.3116472959518433,1.4878696203231812,1.3646092414855957,1.4799714088439941,1.7272868156433105,1.8900516033172607,1.9300153255462646,2.1559386253356934,2.363680124282837,2.484066963195801,2.8551552295684814,3.0316574573516846,3.2272934913635254,1.5404331684112549,1.220538854598999,1.1696422100067139,0.9615528583526611,0.7017960548400879,0.9769220948219299,0.9118390083312988,1.0989736318588257,1.3508832454681396,1.459832787513733,1.5243031978607178,1.7376797199249268,2.0555331707000732,2.326317071914673,2.4977240562438965,2.78279185295105,2.5257699489593506,2.1442720890045166,2.166537284851074,2.0215272903442383,1.67694091796875,1.9366285800933838,2.1005353927612305,1.7933084964752197,1.8157292604446411,2.192840337753296,2.20066499710083,2.456944465637207,2.3069188594818115,2.6356983184814453
B2,1.907729148864746,1.6024754047393799,1.436181664466858,1.2659239768981934,0.879426121711731,0.8541272878646851,0.8152704834938049,1.1790742874145508,1.273210883140564,1.24480140209198,1.4450277090072632,1.7335935831069946,2.0254881381988525,2.2000205516815186,2.4778034687042236,0.3992592394351959,0.0,0.387272447347641,0.569924533367157,0.8564319014549255,1.1297194957733154,1.3426520824432373,1.302010416984558,1.3944870233535767,1.7289178371429443,1.8679838180541992,1.881030559539795,2.259610891342163,2.404134511947632,2.5627243518829346,1.77940034866333,1.3819656372070312,1.169499397277832,1.2731457948684692,1.074727177619934,1.1355780363082886,1.3786897659301758,1.583949327468872,1.6108026504516602,1.8018019199371338,2.029451847076416,2.1762750148773193,2.5413496494293213,2.710085391998291,2.9271633625030518,1.2301045656204224,0.9041162729263306,0.7869482636451721,0.5902014970779419,0.34097716212272644,0.6734396815299988,0.7147473692893982,0.8366137742996216,1.0400041341781616,1.2293223142623901,1.3240302801132202,1.4739047288894653,1.822495460510254,2.06074857711792,2.2297170162200928,2.4883036613464355,2.2379209995269775,1.858389139175415,1.8317289352416992,1.6687450408935547,1.307647943496704,1.5479211807250977,1.715716004371643,1.4148054122924805,1.4212430715560913,1.8011276721954346,1.82974112033844,2.095782995223999,1.9771002531051636,2.3127689361572266
B3,1.6594010591506958,1.3545613288879395,1.1241075992584229,0.975699245929718,0.6016499400138855,0.506583571434021,0.610927939414978,0.9400386810302734,0.970315158367157,1.0233834981918335,1.2688487768173218,1.498497486114502,1.8294041156768799,1.978468418121338,2.2687416076660156,0.6696429252624512,0.387272447347641,0.0,0.3911798298358917,0.6324466466903687,0.8062382340431213,1.0852837562561035,1.0840647220611572,1.1041334867477417,1.4318140745162964,1.6278302669525146,1.6457582712173462,2.0325653553009033,2.144829034805298,2.341505765914917,1.5520936250686646,1.184619665145874,0.8972650766372681,1.0351788997650146,0.8801211714744568,0.8785190582275391,1.1898680925369263,1.351149559020996,1.3145986795425415,1.543800950050354,1.793583869934082,1.896475076675415,2.2713615894317627,2.4098968505859375,2.629354476928711,1.3978546857833862,1.0755746364593506,0.815139651298523,0.6831212639808655,0.3453820049762726,0.4209003150463104,0.6162861585617065,0.8282792568206787,0.8973315954208374,1.0767818689346313,1.2796690464019775,1.4277770519256592,1.7938934564590454,1.9733549356460571,2.1899497509002686,2.149031162261963,1.8783994913101196,1.5029535293579102,1.5131471157073975,1.3574340343475342,1.0299625396728516,1.3252102136611938,1.4938238859176636,1.2226948738098145,1.3096022605895996,1.6844929456710815,1.7174588441848755,2.0331571102142334,1.968757152557373,2.2855987548828125
B4,1.919944405555725,1.652519941329956,1.377943515777588,1.1906205415725708,0.8441759347915649,0.5712044835090637,0.6291308403015137,0.9697853922843933,0.9006786346435547,0.8353488445281982,1.144029974937439,1.3761529922485352,1.673558235168457,1.7720184326171875,2.0886495113372803,0.7599409222602844,0.569924533367157,0.3911798298358917,0.0,0.38527530431747437,0.6275253891944885,0.8078896999359131,0.7363216280937195,0.8407757878303528,1.1665167808532715,1.300150990486145,1.3338414430618286,1.7148141860961914,1.8734698295593262,2.053037166595459,1.2191832065582275,0.8295068740844727,0.6049832105636597,0.7371876239776611,0.6579158902168274,0.8178150653839111,1.0812898874282837,1.1659218072891235,1.2110490798950195,1.481220006942749,1.6586447954177856,1.7430964708328247,2.117310047149658,2.3016421794891357,2.4785022735595703,1.5194076299667358,1.1442506313323975,0.9093031287193298,0.9258142113685608,0.6802319288253784,0.7784328460693359,1.0052748918533325,1.2059508562088013,1.2515606880187988,1.4519890546798706,1.6685230731964111,1.7969549894332886,2.16949725151062,2.333883285522461,2.5456392765045166,2.316033124923706,2.000209093093872,1.6558418273925781,1.6745390892028809,1.4498190879821777,1.1546313762664795,1.4139894247055054,1.6606162786483765,1.451665997505188,1.4972504377365112,1.8737819194793701,1.9718098640441895,2.29205584526062,2.2628276348114014,2.589344024658203
B5,2.0704891681671143,1.787319540977478,1.463005542755127,1.3586114645004272,1.0639225244522095,0.7421458959579468,0.9350314736366272,1.2127299308776855,1.0371733903884888,1.0171650648117065,1.3790457248687744,1.538917064666748,1.8442388772964478,1.872326374053955,2.2148396968841553,1.1214743852615356,0.8564319014549255,0.6324466466903687,0.38527530431747437,0.0,0.3916991949081421,0.49814334511756897,0.5996789336204529,0.754503071308136,0.9740747213363647,1.1406121253967285,1.2757375240325928,1.6448478698730469,1.8265557289123535,2.0461854934692383,1.1153440475463867,0.7754012942314148,0.5097410082817078,0.43587279319763184,0.2832878530025482,0.48954787850379944,0.7219038605690002,0.7810362577438354,0.8550942540168762,1.1202027797698975,1.2755012512207031,1.3704192638397217,1.7401924133300781,1.9388164281845093,2.1156013011932373,1.489153265953064,1.131867527961731,0.8402991890907288,0.9977843165397644,0.8616381883621216,0.8867465257644653,1.205270767211914,1.3441280126571655,1.2975202798843384,1.5519319772720337,1.7998584508895874,1.8604902029037476,2.2417776584625244,2.3539772033691406,2.561737060546875,2.1531710624694824,1.8217347860336304,1.5137169361114502,1.487202525138855,1.200413465499878,0.9391651749610901,1.1474318504333496,1.4470412731170654,1.313210129737854,1.336842656135559,1.6914340257644653,1.8485283851623535,2.1789188385009766,2.212378740310669,2.532480001449585
B6,1.898350715637207,1.6525790691375732,1.2899866104125977,1.2132505178451538,1.0157954692840576,0.6581308245658875,0.9379452466964722,1.101252794265747,0.8360667824745178,0.9107545614242554,1.281242847442627,1.3494058847427368,1.6760284900665283,1.669273018836975,2.012620449066162,1.3671072721481323,1.1297194957733154,0.8062382340431213,0.6275253891944885,0.3916991949081421,0.0,0.37404322624206543,0.542595624923706,0.5074173808097839,0.6890422701835632,0.9609264135360718,1.0879930257797241,1.4533729553222656,1.5781785249710083,1.842571496963501,0.9560092091560364,0.7188267111778259,0.3577917814254761,0.3895450234413147,0.4935165345668793,0.52882319688797,0.815784215927124,0.7421993017196655,0.681617259979248,1.0306966304779053,1.2000792026519775,1.1940711736679077,1.5762859582901,1.7251596450805664,1.8945940732955933,1.8076437711715698,1.4783694744110107,1.1413785219192505,1.2648330926895142,1.0795087814331055,0.9611469507217407,1.295738935470581,1.4842427968978882,1.362013578414917,1.5621012449264526,1.8707427978515625,1.9431968927383423,2.3148245811462402,2.37992787361145,2.6264185905456543,1.8955873250961304,1.5353857278823853,1.257847547531128,1.3036179542541504,1.0408893823623657,0.8904635310173035,1.1461044549942017,1.4186538457870483,1.3380193710327148,1.451075792312622,1.7699787616729736,1.910425066947937,2.2715466022491455,2.3407297134399414,2.6311466693878174
B7,2.2618038654327393,2.025345802307129,1.659801959991455,1.5742321014404297,1.3683079481124878,0.9949793219566345,1.2104493379592896,1.3843724727630615,1.0912268161773682,1.065731406211853,1.4486581087112427,1.5075387954711914,1.781703233718872,1.7096149921417236,2.069990873336792,1.5642300844192505,1.3426520824432373,1.0852837562561035,0.8078896999359131,0.49814334511756897,0.37404322624206543,0.0,0.3828965425491333,0.5351426005363464,0.5548967123031616,0.7306538820266724,0.9628139734268188,1.2907885313034058,1.4878336191177368,1.7392553091049194,0.7720732688903809,0.5906181335449219,0.41848331689834595,0.10038765519857407,0.433904230594635,0.6401391625404358,0.7572853565216064,0.5558558106422424,0.6635608077049255,0.9968986511230469,1.0434690713882446,1.0311658382415771,1.3943244218826294,1.6108670234680176,1.7289643287658691,1.8968690633773804,1.5578842163085938,1.2650953531265259,1.4726088047027588,1.3426727056503296,1.2907309532165527,1.6282060146331787,1.7883081436157227,1.6779876947402954,1.9110592603683472,2.2042698860168457,2.251099109649658,2.627624034881592,2.6887989044189453,2.9155423641204834,2.132848024368286,1.7610276937484741,1.534340262413025,1.5448395013809204,1.228010654449463,1.1111732721328735,1.2728358507156372,1.6008195877075195,1.572848916053772,1.620831847190857,1.9243078231811523,2.121486186981201,2.466932535171509,2.56130313873291,2.8598520755767822
B8,2.2663042545318604,2.0667927265167236,1.724002480506897,1.551047921180725,1.3317044973373413,0.9468779563903809,1.0486201047897339,1.2167142629623413,0.9383834004402161,0.7934500575065613,1.1640862226486206,1.253498911857605,1.4851388931274414,1.4209271669387817,1.7809242010116577,1.4288612604141235,1.302010416984558,1.0840647220611572,0.7363216280937195,0.5996789336204529,0.542595624923706,0.3828965425491333,0.0,0.37096530199050903,0.5420511364936829,0.573024332523346,0.6991745829582214,1.0547717809677124,1.2752211093902588,1.4754632711410522,0.5224155187606812,0.21369041502475739,0.26801812648773193,0.3367008864879608,0.6697126626968384,0.9440076351165771,1.094104528427124,0.9248297214508057,1.0388453006744385,1.3788514137268066,1.4136409759521484,1.3805075883865356,1.7300479412078857,1.9506316184997559,2.0341756343841553,2.049798011779785,1.6752805709838867,1.4259968996047974,1.5789086818695068,1.3866510391235352,1.3787994384765625,1.664265751838684,1.8783382177352905,1.829267978668213,2.0251996517181396,2.306326389312744,2.407076358795166,2.783508539199829,2.88331937789917,3.1175038814544678,2.396529197692871,2.0189146995544434,1.7716482877731323,1.8351740837097168,1.5525219440460205,1.4047276973724365,1.6089582443237305,1.9213876724243164,1.8432295322418213,1.8987233638763428,2.2300431728363037,2.400334596633911,2.7446846961975098,2.7987756729125977,3.10922908782959
B9,1.9950367212295532,1.836213231086731,1.4876381158828735,1.3148363828659058,1.1758567094802856,0.7995906472206116,0.9401761889457703,0.9990384578704834,0.6596795320510864,0.6180853843688965,0.978730320930481,0.9838671684265137,1.2563717365264893,1.1931161880493164,1.5482680797576904,1.5088914632797241,1.3944870233535767,1.1041334867477417,0.8407757878303528,0.754503071308136,0.5074173808097839,0.5351426005363464,0.37096530199050903,0.0,0.39180585741996765,0.5912520289421082,0.6016117930412292,0.9780257940292358,1.0910266637802124,1.3398383855819702,0.5266618132591248,0.3984077274799347,0.255116730928421,0.5482781529426575,0.8730385899543762,1.0228866338729858,1.2502021789550781,1.0660347938537598,1.0514991283416748,1.4285707473754883,1.5126615762710571,1.4122350215911865,1.7697806358337402,1.9247353076934814,2.016169786453247,2.2412633895874023,1.880462646484375,1.5847324132919312,1.6801246404647827,1.43364417552948,1.3348289728164673,1.6072179079055786,1.8666038513183594,1.7828408479690552,1.920768141746521,2.236802101135254,2.3639776706695557,2.7276692390441895,2.805429697036743,3.071342706680298,2.1814475059509277,1.797961711883545,1.5633759498596191,1.699865698814392,1.4738792181015015,1.3803201913833618,1.6384923458099365,1.903908133506775,1.8288894891738892,1.9574419260025024,2.275495767593384,2.406529664993286,2.7718100547790527,2.829914093017578,3.1184959411621094
B10,2.245681047439575,2.095752239227295,1.726643443107605,1.6135715246200562,1.515343427658081,1.1453211307525635,1.326487421989441,1.3567941188812256,0.9935404658317566,0.9814619421958923,1.3121016025543213,1.2412874698638916,1.469855785369873,1.3114678859710693,1.6657291650772095,1.876332402229309,1.7289178371429443,1.4318140745162964,1.1665167808532715,0.9740747213363647,0.6890422701835632,0.5548967123031616,0.5420511364936829,0.39180585741996765,0.0,0.3860692083835602,0.5665780901908875,0.8484227657318115,0.9766754508018494,1.272104024887085,0.4573703110218048,0.590750515460968,0.5674047470092773,0.615831196308136,0.9838701486587524,1.1142035722732544,1.258880376815796,0.9732797145843506,0.9657387733459473,1.3304805755615234,1.3386670351028442,1.1655404567718506,1.489022135734558,1.6470907926559448,1.6910682916641235,2.4351603984832764,2.0911972522735596,1.786167025566101,1.9410597085952759,1.7403299808502197,1.6202688217163086,1.9262675046920776,2.155799627304077,2.0253007411956787,2.1828043460845947,2.515591621398926,2.604998826980591,2.9677963256835938,3.0057907104492188,3.2710952758789062,2.1673574447631836,1.7706698179244995,1.6105278730392456,1.7348557710647583,1.484452486038208,1.474433422088623,1.6746872663497925,1.9574285745620728,1.9563385248184204,2.076416015625,2.356767416000366,2.5248265266418457,2.891270637512207,2.996840476989746,3.272470712661743
B11,2.5520455837249756,2.412722587585449,2.0562970638275146,1.8963719606399536,1.7649157047271729,1.3857795000076294,1.4859870672225952,1.5383504629135132,1.201243281364441,1.066645622253418,1.3678255081176758,1.321129560470581,1.4629098176956177,1.257117748260498,1.611311674118042,1.9669129848480225,1.8679838180541992,1.6278302669525146,1.300150990486145,1.1406121253967285,0.9609264135360718,0.7306538820266724,0.573024332523346,0.5912520289421082,0.3860692083835602,0.0,0.37062641978263855,0.5818934440612793,0.8423973321914673,1.0661725997924805,0.1914338916540146,0.5236262083053589,0.734118640422821,0.7543714046478271,1.1386933326721191,1.3642899990081787,1.4530166387557983,1.1558576822280884,1.2520781755447388,1.5900485515594482,1.5283637046813965,1.3723894357681274,1.6566637754440308,1.8676596879959106,1.8554900884628296,2.5807013511657715,2.216867208480835,1.9603983163833618,2.1351020336151123,1.940918207168579,1.8833996057510376,2.1737477779388428,2.4062225818634033,2.3167879581451416,2.487468719482422,2.8005552291870117,2.8994832038879395,3.2698631286621094,3.3325858116149902,3.5857229232788086,2.5512428283691406,2.1543240547180176,1.9936732053756714,2.103425979614258,1.83091402053833,1.7899051904678345,1.9655134677886963,2.276615619659424,2.266413450241089,2.3456127643585205,2.6394762992858887,2.8283276557922363,3.183549642562866,3.278292417526245,3.5706048011779785
B12,2.427701473236084,2.334735870361328,2.005615472793579,1.792063593864441,1.6901211738586426,1.3382755517959595,1.3669795989990234,1.3576523065567017,1.0444326400756836,0.866159975528717,1.095274806022644,1.0175132751464844,1.1097203493118286,0.8928059935569763,1.2471181154251099,1.9133797883987427,1.881030559539795,1.6457582712173462,1.3338414430618286,1.2757375240325928,1.0879930257797241,0.9628139734268188,0.6991745829582214,0.6016117930412292,0.5665780901908875,0.37062641978263855,0.0,0.38736647367477417,0.5899468660354614,0.7821297645568848,0.23377560079097748,0.5535098910331726,0.793397068977356,0.9721744656562805,1.348990797996521,1.5665029287338257,1.71845281124115,1.4582335948944092,1.510586142539978,1.8732980489730835,1.8571525812149048,1.6953108310699463,1.9915438890457153,2.170166492462158,2.1643409729003906,2.7448813915252686,2.3667051792144775,2.113593101501465,2.2292604446411133,1.981354832649231,1.918099045753479,2.162816286087036,2.440504550933838,2.3788094520568848,2.5016422271728516,2.8137500286102295,2.9582738876342773,3.320265769958496,3.4024102687835693,3.6717092990875244,2.6530637741088867,2.2591700553894043,2.0811545848846436,2.2446320056915283,2.0150275230407715,1.9589097499847412,2.1853532791137695,2.469679117202759,2.4203014373779297,2.531874418258667,2.8438546657562256,2.9956581592559814,3.3587331771850586,3.423583745956421,3.7156009674072266
B13,2.7321131229400635,2.6701369285583496,2.344975709915161,2.134140729904175,2.0595543384552,1.7170710563659668,1.7326257228851318,1.6908643245697021,1.386799693107605,1.2089899778366089,1.3707389831542969,1.2405411005020142,1.2299273014068604,0.9206544160842896,1.2215808629989624,2.2745885848999023,2.259610891342163,2.0325653553009033,1.7148141860961914,1.6448478698730469,1.4533729553222656,1.2907885313034058,1.0547717809677124,0.9780257940292358,0.8484227657318115,0.5818934440612793,0.38736647367477417,0.0,0.37979933619499207,0.4993986189365387,0.5361852645874023,0.909943699836731,1.1745268106460571,1.3073500394821167,1.6907687187194824,1.91252863407135,2.030287265777588,1.7342971563339233,1.7989853620529175,2.1460156440734863,2.0813088417053223,1.881417155265808,2.128575563430786,2.3050856590270996,2.240847110748291,3.1022024154663086,2.723851442337036,2.4796619415283203,2.6103765964508057,2.3677263259887695,2.3030736446380615,2.5464863777160645,2.8272688388824463,2.7593510150909424,2.8767943382263184,3.194679021835327,3.339092969894409,3.6994471549987793,3.7717907428741455,4.045361518859863,2.9143054485321045,2.519090175628662,2.3819046020507812,2.557143211364746,2.3290390968322754,2.3057687282562256,2.5132405757904053,2.8019793033599854,2.777406930923462,2.8871378898620605,3.1869497299194336,3.3510100841522217,3.7150638103485107,3.793940305709839,4.082277297973633
