,A1,A2,A3,A4,A5,A6,A7,A8,A9,A10,A11,A12,A13,A14,A15,B1,B2,B3,B4,B5,B6,B7,B8,B9,B10,B11,B12,B13,B14,B15,C1,C2,C3,C4,C5,C6,C7,C8,C9,C10,C11,C12,C13,C14,C15,D1,D2,D3,D4,D5,D6,D7,D8,D9,D10,D11,D12,D13,D14,D15,E1,E2,E3,E4,E5,E6,E7,E8,E9,E10,E11,E12,E13,E14,E15
A1,0.0,0.3828924000263214,0.6090949773788452,0.7551429867744446,1.1259082555770874,1.3485493659973145,1.4299694299697876,1.1489900350570679,1.2735363245010376,1.5804297924041748,1.473694086074829,1.3192967176437378,1.5659316778182983,1.741105318069458,1.6486707925796509,1.8329048156738281,2.013613700866699,1.8558151721954346,1.6841765642166138,1.7531708478927612,1.5669386386871338,1.4321002960205078,1.2029263973236084,1.0756548643112183,0.9069632291793823,0.7070156931877136,0.5957182049751282,0.33997634053230286,0.31228384375572205,0.6051731705665588,3.12802791595459,2.9511048793792725,2.570134162902832,2.514690637588501,2.2254369258880615,1.8869727849960327,2.005384683609009,2.252223014831543,1.9884254932403564,1.9157384634017944,2.2622787952423096,2.3206071853637695,2.4710958003997803,2.281130313873291,2.602975845336914,2.581331968307495,2.30133318901062,2.09222412109375,1.8859596252441406,1.5079538822174072,1.480364203453064,1.4842948913574219,1.85746431350708,1.8987053632736206,1.884954571723938,2.187213897705078,2.4034533500671387,2.7349531650543213,2.8539185523986816,3.145948648452759,2.9601898193359375,2.727393865585327,2.369274377822876,2.4129467010498047,2.118948221206665,1.8571393489837646,2.0643792152404785,2.3423757553100586,2.1271402835845947,2.129509687423706,2.506742238998413,2.5835814476013184,2.8503572940826416,2.769806385040283,3.0759830474853516
A2,0.3828924000263214,0.0,0.3901987671852112,0.5443256497383118,0.8663751482963562,1.161083698272705,1.2482831478118896,1.0512791872024536,1.2258304357528687,1.528393030166626,1.480243444442749,1.4064065217971802,1.7065248489379883,1.9071402549743652,1.8796695470809937,2.0308175086975098,2.1604831218719482,1.9430657625198364,1.7682417631149292,1.760419249534607,1.5034550428390503,1.390109658241272,1.250182032585144,1.0493190288543701,0.8278061747550964,0.7920519113540649,0.7549880146980286,0.6678804755210876,0.5374968647956848,0.8909932374954224,2.9352800846099854,2.722327470779419,2.3497204780578613,2.310110569000244,1.9992419481277466,1.6971677541732788,1.8262089490890503,2.1100473403930664,1.8842660188674927,1.8363832235336304,2.2042574882507324,2.295867919921875,2.494605779647827,2.3533973693847656,2.692537784576416,2.27764630317688,2.020131826400757,1.8357524871826172,1.584293246269226,1.2092782258987427,1.2331809997558594,1.179612159729004,1.546571135520935,1.6416583061218262,1.62569260597229,1.8932933807373047,2.1248550415039062,2.456998109817505,2.613131284713745,2.8917970657348633,2.918020248413086,2.728160858154297,2.3496503829956055,2.38915753364563,2.1169416904449463,1.8040237426757812,2.0137572288513184,2.2506215572357178,1.9900020360946655,1.9815417528152466,2.349208354949951,2.391896963119507,2.631054639816284,2.510153293609619,2.812533378601074
A3,0.6090949773788452,0.3901987671852112,0.0,0.38565632700920105,0.6322261691093445,0.8531290292739868,1.034619927406311,0.8878127336502075,0.9744625687599182,1.31063973903656,1.350360631942749,1.272648811340332,1.6149836778640747,1.7680978775024414,1.7939937114715576,1.8217778205871582,1.8941450119018555,1.6441550254821777,1.4567691087722778,1.404190182685852,1.1243807077407837,1.0295995473861694,0.9350745677947998,0.7010186314582825,0.4745497405529022,0.5865964889526367,0.6087100505828857,0.7321510314941406,0.7064339518547058,1.0580426454544067,2.5719802379608154,2.3762784004211426,2.0054540634155273,1.9409230947494507,1.6334986686706543,1.3175106048583984,1.444706916809082,1.7208195924758911,1.4958820343017578,1.4550811052322388,1.826662302017212,1.9218121767044067,2.13962459564209,2.023186445236206,2.3686132431030273,2.091931104660034,1.8619964122772217,1.6209781169891357,1.3881261348724365,0.9964983463287354,0.9199283123016357,0.8871241807937622,1.2650834321975708,1.3046475648880005,1.2789342403411865,1.5790672302246094,1.797192096710205,2.1264548301696777,2.255793809890747,2.545635223388672,2.5479657649993896,2.373790740966797,1.9908263683319092,2.0522103309631348,1.8102209568023682,1.4915907382965088,1.7414203882217407,1.9473997354507446,1.6735754013061523,1.7168669700622559,2.080690860748291,2.0948078632354736,2.357905387878418,2.247642755508423,2.5314748287200928
A4,0.7551429867744446,0.5443256497383118,0.38565632700920105,0.0,0.3809111714363098,0.6474539637565613,0.7075403928756714,0.5454965829849243,0.741644561290741,1.0208595991134644,1.0388520956039429,1.041999101638794,1.3910903930664062,1.6018015146255493,1.6726551055908203,1.8206459283828735,1.910800814628601,1.6274254322052002,1.5289998054504395,1.5046111345291138,1.1925936937332153,1.2179759740829468,1.1050941944122314,0.7813445329666138,0.730225682258606,0.8684727549552917,0.7364062070846558,0.8663415908813477,0.6911898255348206,1.0035452842712402,2.47741961479187,2.268033742904663,1.882672905921936,1.8911041021347046,1.626834750175476,1.3157833814620972,1.53529691696167,1.7798280715942383,1.530353307723999,1.5829650163650513,1.9531677961349487,1.9992767572402954,2.2525384426116943,2.1237425804138184,2.450629234313965,1.84231698513031,1.5678954124450684,1.33906888961792,1.1473238468170166,0.7735896706581116,0.771435558795929,0.8525170087814331,1.1897801160812378,1.2331547737121582,1.31789231300354,1.598899483680725,1.7588707208633423,2.11883282661438,2.247267484664917,2.5014195442199707,2.5008294582366943,2.32987380027771,1.9459606409072876,1.9343640804290771,1.6586343050003052,1.316012978553772,1.5009074211120605,1.7258599996566772,1.4645017385482788,1.437730073928833,1.8059474229812622,1.8626481294631958,2.1081860065460205,2.01709246635437,2.3295958042144775
A5,1.1259082555770874,0.8663751482963562,0.6322261691093445,0.3809111714363098,0.0,0.3906667232513428,0.47806116938591003,0.5577953457832336,0.7257615923881531,0.9436296224594116,1.0765992403030396,1.1681500673294067,1.5344160795211792,1.7323997020721436,1.8723688125610352,1.9589412212371826,1.987207293510437,1.654323935508728,1.5809828042984009,1.4855397939682007,1.12060546875,1.2228140830993652,1.2096400260925293,0.8515783548355103,0.847022294998169,1.1082814931869507,1.029253602027893,1.2259912490844727,1.0694832801818848,1.3659359216690063,2.158569574356079,1.9227018356323242,1.542839527130127,1.5840846300125122,1.3287240266799927,1.0630711317062378,1.3285576105117798,1.5742993354797363,1.3646230697631836,1.4812126159667969,1.84726083278656,1.902327537536621,2.204333543777466,2.126662492752075,2.450308322906494,1.485196590423584,1.239528775215149,0.9917576909065247,0.7857345938682556,0.40615370869636536,0.4277951419353485,0.5518362522125244,0.8394739031791687,0.8966730833053589,1.039807677268982,1.287806749343872,1.4164588451385498,1.7859241962432861,1.927702784538269,2.159050703048706,2.329648494720459,2.210278034210205,1.821190357208252,1.7938679456710815,1.5600507259368896,1.1792675256729126,1.3556368350982666,1.5116615295410156,1.2058714628219604,1.1774678230285645,1.524435043334961,1.5395082235336304,1.7660784721374512,1.6501657962799072,1.9577769041061401
A6,1.3485493659973145,1.161083698272705,0.8531290292739868,0.6474539637565613,0.3906667232513428,0.0,0.37649816274642944,0.5411089658737183,0.504795491695404,0.7036401629447937,0.9546856880187988,1.04203200340271,1.410218358039856,1.5473337173461914,1.7430601119995117,1.7381657361984253,1.716780185699463,1.3558111190795898,1.3280410766601562,1.221144199371338,0.8566986918449402,1.0662437677383423,1.076688528060913,0.717138946056366,0.8638741374015808,1.1580888032913208,1.0716456174850464,1.3565077781677246,1.2640321254730225,1.5169503688812256,1.8443560600280762,1.6513051986694336,1.258643388748169,1.2959840297698975,1.0996644496917725,0.7977549433708191,1.1174261569976807,1.2927436828613281,1.0510668754577637,1.2353262901306152,1.5766255855560303,1.5878448486328125,1.9086244106292725,1.839489459991455,2.1450958251953125,1.4602011442184448,1.2382415533065796,0.8979724645614624,0.8248021602630615,0.5428236126899719,0.29013654589653015,0.6275557279586792,0.8277661204338074,0.71881502866745,0.9270729422569275,1.214303731918335,1.265372633934021,1.6332156658172607,1.7058731317520142,1.9393495321273804,1.9478240013122559,1.8329815864562988,1.446998953819275,1.4081859588623047,1.1940686702728271,0.8071444630622864,1.0149116516113281,1.14741849899292,0.8419937491416931,0.8819254636764526,1.2345041036605835,1.2472054958343506,1.5273879766464233,1.4713587760925293,1.7622239589691162
A7,1.4299694299697876,1.2482831478118896,1.034619927406311,0.7075403928756714,0.47806116938591003,0.37649816274642944,0.0,0.38308221101760864,0.5356705188751221,0.560329794883728,0.7510101199150085,0.9574975967407227,1.2938839197158813,1.5046849250793457,1.71648371219635,1.8706167936325073,1.8975001573562622,1.5449219942092896,1.587432622909546,1.5386090278625488,1.1996841430664062,1.4216934442520142,1.3777600526809692,1.0110974311828613,1.164811611175537,1.4017504453659058,1.2363002300262451,1.4611883163452148,1.2795677185058594,1.4870465993881226,1.995103359222412,1.784643530845642,1.3970609903335571,1.5251303911209106,1.3791064023971558,1.1247557401657104,1.4697893857955933,1.6215298175811768,1.3774938583374023,1.5943198204040527,1.921406626701355,1.8967429399490356,2.2167327404022217,2.1214652061462402,2.404200792312622,1.3314032554626465,1.0323854684829712,0.7374193668365479,0.7391691207885742,0.5477067232131958,0.5477484464645386,0.8646965622901917,1.005152940750122,0.963660717010498,1.2344982624053955,1.4638094902038574,1.475597858428955,1.8525627851486206,1.9398678541183472,2.1246352195739746,2.1413986682891846,2.021648406982422,1.6560322046279907,1.5330768823623657,1.2731497287750244,0.8960254788398743,0.9634613394737244,1.1364898681640625,0.8801332712173462,0.7563410997390747,1.1154909133911133,1.2113239765167236,1.4447190761566162,1.4098128080368042,1.742745041847229
A8,1.1489900350570679,1.0512791872024536,0.8878127336502075,0.5454965829849243,0.5577953457832336,0.5411089658737183,0.38308221101760864,0.0,0.37253907322883606,0.5078989863395691,0.5257424712181091,0.6504316926002502,0.9981412291526794,1.2372881174087524,1.397660732269287,1.6365914344787598,1.7310124635696411,1.4222993850708008,1.4600374698638916,1.4934488534927368,1.203757643699646,1.3751007318496704,1.2323558330535889,0.8836411237716675,1.0502768754959106,1.190892219543457,0.9531174898147583,1.1441073417663574,0.9530482292175293,1.1219068765640259,2.2870068550109863,2.1107916831970215,1.7168481349945068,1.7983179092407227,1.635428547859192,1.320547342300415,1.6276041269302368,1.7782148122787476,1.4833757877349854,1.64411461353302,1.9772992134094238,1.93378484249115,2.2067694664001465,2.0530102252960205,2.335759401321411,1.7007958889007568,1.3800034523010254,1.1135663986206055,1.0901869535446167,0.8262350559234619,0.7917521595954895,1.0676839351654053,1.2989603281021118,1.248746395111084,1.4580262899398804,1.7364349365234375,1.7878541946411133,2.161262035369873,2.2323038578033447,2.4467294216156006,2.2509045600891113,2.0688018798828125,1.708085060119629,1.5987452268600464,1.280369520187378,0.9505932927131653,1.034867763519287,1.3060413599014282,1.1152942180633545,1.0184359550476074,1.3919283151626587,1.5325896739959717,1.7903529405593872,1.7845940589904785,2.1152682304382324
A9,1.2735363245010376,1.2258304357528687,0.9744625687599182,0.741644561290741,0.7257615923881531,0.504795491695404,0.5356705188751221,0.37253907322883606,0.0,0.3704867660999298,0.5484597086906433,0.5506041646003723,0.9159953594207764,1.0452001094818115,1.2474347352981567,1.3365262746810913,1.386709213256836,1.059718370437622,1.1224092245101929,1.169815182685852,0.9181097149848938,1.1419258117675781,0.995818018913269,0.6758660674095154,0.9574263095855713,1.111175775527954,0.895675003528595,1.1807091236114502,1.103680968284607,1.2527192831039429,2.0853209495544434,1.9635401964187622,1.57179856300354,1.6087757349014282,1.4813395738601685,1.1333307027816772,1.4305044412612915,1.5234503746032715,1.195111632347107,1.3684353828430176,1.674344539642334,1.5950887203216553,1.8598021268844604,1.6990866661071777,1.9717388153076172,1.8244884014129639,1.5458400249481201,1.2125474214553833,1.2396844625473022,0.9849230647087097,0.7944124341011047,1.113829493522644,1.330875039100647,1.177815318107605,1.3730188608169556,1.6894853115081787,1.7127269506454468,2.0675199031829834,2.0791122913360596,2.312234878540039,1.9102624654769897,1.7087106704711914,1.3506789207458496,1.2594329118728638,0.9420599937438965,0.6293414235115051,0.7952643632888794,1.0769983530044556,0.9172106981277466,0.928591251373291,1.300475001335144,1.42867910861969,1.7425092458724976,1.7824643850326538,2.0814156532287598
A10,1.5804297924041748,1.528393030166626,1.31063973903656,1.0208595991134644,0.9436296224594116,0.7036401629447937,0.560329794883728,0.5078989863395691,0.3704867660999298,0.0,0.3794420659542084,0.5724167823791504,0.8507170081138611,1.0090614557266235,1.282146692276001,1.4667388200759888,1.5157923698425293,1.18924880027771,1.3523675203323364,1.4158459901809692,1.1856443881988525,1.463777780532837,1.334679126739502,1.0326640605926514,1.323285698890686,1.4782525300979614,1.2405622005462646,1.4943571090698242,1.3699034452438354,1.4655272960662842,2.03678297996521,1.9243595600128174,1.5454577207565308,1.6586893796920776,1.6048728227615356,1.3045828342437744,1.6429308652877808,1.6870529651641846,1.3713047504425049,1.6121883392333984,1.8826497793197632,1.7583413124084473,2.0371220111846924,1.8794338703155518,2.1095919609069824,1.7255282402038574,1.4274816513061523,1.1098414659500122,1.2469024658203125,1.095099925994873,0.9651447534561157,1.324174165725708,1.4636472463607788,1.3025996685028076,1.5682952404022217,1.8436543941497803,1.8016818761825562,2.1553573608398438,2.1492624282836914,2.3350882530212402,1.89288330078125,1.7068321704864502,1.3851079940795898,1.1913330554962158,0.8547430634498596,0.5762819647789001,0.546716570854187,0.8670764565467834,0.7906807661056519,0.6945843696594238,1.0467109680175781,1.25263249874115,1.5472257137298584,1.6446471214294434,1.9533206224441528
A11,1.473694086074829,1.480243444442749,1.350360631942749,1.0388520956039429,1.0765992403030396,0.9546856880187988,0.7510101199150085,0.5257424712181091,0.5484597086906433,0.3794420659542084,0.0,0.3647141456604004,0.578898549079895,0.857853889465332,1.0782678127288818,1.472649335861206,1.6138356924057007,1.3494338989257812,1.5145301818847656,1.6471006870269775,1.4462755918502808,1.6693469285964966,1.4679138660430908,1.1832362413406372,1.4424203634262085,1.513124704360962,1.210715413093567,1.3830888271331787,1.2119677066802979,1.2294538021087646,2.4142391681671143,2.29683780670166,1.9172286987304688,2.031790018081665,1.9548709392547607,1.6387920379638672,1.9606812000274658,2.026747703552246,1.695876121520996,1.8947508335113525,2.1749470233917236,2.0466458797454834,2.2885751724243164,2.0845847129821777,2.3069629669189453,1.9554357528686523,1.6143555641174316,1.3563374280929565,1.4633848667144775,1.2866350412368774,1.226699948310852,1.5520471334457397,1.736001968383789,1.623313546180725,1.8699040412902832,2.1514406204223633,2.1401262283325195,2.50288987159729,2.5158209800720215,2.7044990062713623,2.211002826690674,1.987815260887146,1.6852163076400757,1.489013910293579,1.1196507215499878,0.9149830937385559,0.8457227349281311,1.2003556489944458,1.164704442024231,1.019574522972107,1.3491487503051758,1.5924474000930786,1.8561556339263916,1.9502480030059814,2.2764945030212402
A12,1.3192967176437378,1.4064065217971802,1.272648811340332,1.041999101638794,1.1681500673294067,1.04203200340271,0.9574975967407227,0.6504316926002502,0.5506041646003723,0.5724167823791504,0.3647141456604004,0.0,0.3767017126083374,0.596822202205658,0.765402615070343,1.1511043310165405,1.3378236293792725,1.1236852407455444,1.2701698541641235,1.4659701585769653,1.3294581174850464,1.5072587728500366,1.2452309131622314,1.0255663394927979,1.3014600276947021,1.2994264364242554,0.9774187803268433,1.1554654836654663,1.0652282238006592,1.0427573919296265,2.53021240234375,2.4448084831237793,2.0620851516723633,2.1130502223968506,2.016742706298828,1.661462426185608,1.9368071556091309,1.9947457313537598,1.6383012533187866,1.7802703380584717,2.0495097637176514,1.9125345945358276,2.1056172847747803,1.861810326576233,2.0833520889282227,2.2437212467193604,1.9190647602081299,1.6315476894378662,1.6965466737747192,1.4573237895965576,1.3312212228775024,1.6329905986785889,1.8669945001602173,1.7271755933761597,1.9179073572158813,2.2393321990966797,2.2584457397460938,2.6110785007476807,2.6030149459838867,2.827742338180542,2.1701059341430664,1.9005396366119385,1.605234980583191,1.4650020599365234,1.0860577821731567,0.9422385096549988,0.9704074263572693,1.341714859008789,1.3161909580230713,1.2634272575378418,1.6015921831130981,1.8172128200531006,2.11832594871521,2.2122185230255127,2.5222268104553223
A13,1.5659316778182983,1.7065248489379883,1.6149836778640747,1.3910903930664062,1.5344160795211792,1.410218358039856,1.2938839197158813,0.9981412291526794,0.9159953594207764,0.8507170081138611,0.578898549079895,0.3767017126083374,0.0,0.38400784134864807,0.5365046262741089,1.1467493772506714,1.394909143447876,1.2627336978912354,1.4683176279067993,1.7234609127044678,1.6447551250457764,1.8207045793533325,1.5312044620513916,1.3629330396652222,1.6425353288650513,1.5903986692428589,1.2533129453659058,1.3737726211547852,1.2908084392547607,1.1644631624221802,2.785770893096924,2.7284607887268066,2.35732102394104,2.421105146408081,2.3565568923950195,2.00510573387146,2.277348518371582,2.303205966949463,1.9390064477920532,2.0817418098449707,2.3186264038085938,2.142810106277466,2.2980597019195557,2.0194644927978516,2.192356824874878,2.5290417671203613,2.191915273666382,1.9245537519454956,2.025797128677368,1.8115787506103516,1.6991777420043945,2.007706642150879,2.2321114540100098,2.083672285079956,2.2837414741516113,2.6040515899658203,2.6053714752197266,2.953415870666504,2.924838066101074,3.1378285884857178,2.323817729949951,2.0267393589019775,1.785483479499817,1.6104261875152588,1.228637456893921,1.188001275062561,1.1377315521240234,1.5205328464508057,1.573578119277954,1.498084306716919,1.7957979440689087,2.0538365840911865,2.344853162765503,2.478606700897217,2.786055564880371
A14,1.741105318069458,1.9071402549743652,1.7680978775024414,1.6018015146255493,1.7323997020721436,1.5473337173461914,1.5046849250793457,1.2372881174087524,1.0452001094818115,1.0090614557266235,0.857853889465332,0.596822202205658,0.38400784134864807,0.0,0.3636643886566162,0.826503336429596,1.080997109413147,1.0183137655258179,1.2711395025253296,1.5757291316986084,1.5823925733566284,1.7611991167068481,1.4660148620605469,1.3769574165344238,1.693482518196106,1.627224087715149,1.3265060186386108,1.4935317039489746,1.5027011632919312,1.3824752569198608,2.7417893409729004,2.736556053161621,2.382301092147827,2.4058735370635986,2.370246648788452,2.0133488178253174,2.2518222332000732,2.2268826961517334,1.8560781478881836,1.982016682624817,2.1683382987976074,1.954139232635498,2.0624871253967285,1.7588094472885132,1.89054536819458,2.732318639755249,2.4236550331115723,2.118499517440796,2.234196186065674,2.0142669677734375,1.8343706130981445,2.147674322128296,2.3665568828582764,2.1666834354400635,2.3425629138946533,2.6799752712249756,2.6678266525268555,2.992412805557251,2.9185822010040283,3.1430983543395996,2.115889072418213,1.7861026525497437,1.5920950174331665,1.4410556554794312,1.08616304397583,1.157901406288147,1.143438696861267,1.505391001701355,1.6062926054000854,1.6067297458648682,1.8802924156188965,2.120602607727051,2.4419212341308594,2.604060649871826,2.8822219371795654
A15,1.6486707925796509,1.8796695470809937,1.7939937114715576,1.6726551055908203,1.8723688125610352,1.7430601119995117,1.71648371219635,1.397660732269287,1.2474347352981567,1.282146692276001,1.0782678127288818,0.765402615070343,0.5365046262741089,0.3636643886566162,0.0,0.8225827217102051,1.1658015251159668,1.1885894536972046,1.3686347007751465,1.7062857151031494,1.739862322807312,1.8489614725112915,1.5093753337860107,1.4691706895828247,1.7379145622253418,1.591278076171875,1.2830140590667725,1.374247431755066,1.4191373586654663,1.2328994274139404,3.0518741607666016,3.0390655994415283,2.6764402389526367,2.6746418476104736,2.6029162406921387,2.2284159660339355,2.4363150596618652,2.437836170196533,2.0647013187408447,2.133737564086914,2.3266634941101074,2.133653402328491,2.1980831623077393,1.8665488958358765,2.0011560916900635,2.9971609115600586,2.676560163497925,2.38177752494812,2.454887866973877,2.197450637817383,2.0292880535125732,2.3081247806549072,2.566788673400879,2.3899457454681396,2.530658006668091,2.8819820880889893,2.9071900844573975,3.2347657680511475,3.1754984855651855,3.420886993408203,2.3921494483947754,2.044734239578247,1.8522883653640747,1.7504332065582275,1.4071191549301147,1.4597655534744263,1.4866113662719727,1.8504568338394165,1.9211434125900269,1.9248651266098022,2.21865177154541,2.4493257999420166,2.771881341934204,2.911533832550049,3.198209524154663
B1,1.8329048156738281,2.0308175086975098,1.8217778205871582,1.8206459283828735,1.9589412212371826,1.7381657361984253,1.8706167936325073,1.6365914344787598,1.3365262746810913,1.4667388200759888,1.472649335861206,1.1511043310165405,1.1467493772506714,0.826503336429596,0.8225827217102051,0.0,0.38575413823127747,0.6046661734580994,0.7464484572410583,1.1331946849822998,1.3352386951446533,1.4164105653762817,1.1278643608093262,1.258827805519104,1.5549335479736328,1.4419430494308472,1.2880533933639526,1.518094778060913,1.7146265506744385,1.6627192497253418,2.705470085144043,2.764822483062744,2.4422390460968018,2.3349814414978027,2.2849996089935303,1.9211794137954712,2.0291659832000732,1.9573884010314941,1.6074296236038208,1.6050981283187866,1.7008227109909058,1.4804521799087524,1.4520877599716187,1.0933454036712646,1.2022533416748047,3.090571641921997,2.8448233604431152,2.483327865600586,2.541785717010498,2.270272970199585,1.981699824333191,2.2308661937713623,2.4706530570983887,2.2160911560058594,2.2781472206115723,2.64559268951416,2.66677188873291,2.9340758323669434,2.8085010051727295,3.086672782897949,1.8445266485214233,1.4722602367401123,1.3295124769210815,1.378973364830017,1.1665338277816772,1.3169447183609009,1.4902386665344238,1.7542232275009155,1.8163291215896606,1.9765862226486206,2.245828628540039,2.3831701278686523,2.75274395942688,2.8915302753448486,3.114861488342285
B2,2.013613700866699,2.1604831218719482,1.8941450119018555,1.910800814628601,1.987207293510437,1.716780185699463,1.8975001573562622,1.7310124635696411,1.386709213256836,1.5157923698425293,1.6138356924057007,1.3378236293792725,1.394909143447876,1.080997109413147,1.1658015251159668,0.38575413823127747,0.0,0.38970014452934265,0.5535523295402527,0.9022256731987,1.1726112365722656,1.285241723060608,1.0840286016464233,1.245885968208313,1.5565218925476074,1.5154740810394287,1.4298125505447388,1.7189805507659912,1.9242067337036133,1.9324047565460205,2.4324791431427,2.5282623767852783,2.2358481884002686,2.0940287113189697,2.0767035484313965,1.7403373718261719,1.8143113851547241,1.6885828971862793,1.362908124923706,1.3621848821640015,1.39458429813385,1.141057014465332,1.0934484004974365,0.7399941682815552,0.8356477618217468,3.0233044624328613,2.8188512325286865,2.4379587173461914,2.5076513290405273,2.258333921432495,1.928409218788147,2.1722450256347656,2.37453293800354,2.0823915004730225,2.12688946723938,2.4836225509643555,2.481368064880371,2.715034246444702,2.5528628826141357,2.8307344913482666,1.502017855644226,1.1312930583953857,1.0189220905303955,1.138619065284729,1.0232782363891602,1.218118667602539,1.4327200651168823,1.6237051486968994,1.6888948678970337,1.9114142656326294,2.1481900215148926,2.241004705429077,2.6190643310546875,2.763119697570801,2.950249195098877
B3,1.8558151721954346,1.9430657625198364,1.6441550254821777,1.6274254322052002,1.654323935508728,1.3558111190795898,1.5449219942092896,1.4222993850708008,1.059718370437622,1.18924880027771,1.3494338989257812,1.1236852407455444,1.2627336978912354,1.0183137655258179,1.1885894536972046,0.6046661734580994,0.38970014452934265,0.0,0.39200180768966675,0.6695331335067749,0.8549274802207947,1.0522269010543823,0.8933471441268921,0.9685440063476562,1.3153938055038452,1.356837272644043,1.2662466764450073,1.600809097290039,1.7587541341781616,1.8189523220062256,2.106520891189575,2.172534942626953,1.8640341758728027,1.7419697046279907,1.7226134538650513,1.3823620080947876,1.5006167888641357,1.3875478506088257,1.0381605625152588,1.1067026853561401,1.199573040008545,0.9571380615234375,1.0461786985397339,0.7703688144683838,0.9623621702194214,2.636240243911743,2.4403743743896484,2.05594801902771,2.130573034286499,1.8970940113067627,1.561603307723999,1.8227146863937378,2.005216121673584,1.7078334093093872,1.7796038389205933,2.1308891773223877,2.115602493286133,2.3647241592407227,2.2177162170410156,2.4893996715545654,1.3183608055114746,0.9806236624717712,0.7531842589378357,0.8526505827903748,0.7038854360580444,0.8435907959938049,1.0984402894973755,1.2788691520690918,1.3095284700393677,1.5426682233810425,1.789194941520691,1.868398904800415,2.247283935546875,2.3787295818328857,2.571960926055908
B4,1.6841765642166138,1.7682417631149292,1.4567691087722778,1.5289998054504395,1.5809828042984009,1.3280410766601562,1.587432622909546,1.4600374698638916,1.1224092245101929,1.3523675203323364,1.5145301818847656,1.2701698541641235,1.4683176279067993,1.2711395025253296,1.3686347007751465,0.7464484572410583,0.5535523295402527,0.39200180768966675,0.0,0.38939711451530457,0.6579247117042542,0.7322680950164795,0.5808207392692566,0.7785513401031494,1.061988115310669,1.089339256286621,1.0922194719314575,1.435325026512146,1.6514005661010742,1.7580493688583374,2.169419765472412,2.2094781398773193,1.9000343084335327,1.7174357175827026,1.6270411014556885,1.274701714515686,1.313766598701477,1.2533038854599,0.9239079356193542,0.8620285987854004,0.9867551922798157,0.8375607132911682,0.8981575965881348,0.6373794078826904,0.9394333362579346,2.6822733879089355,2.5034279823303223,2.1199443340301514,2.1249353885650635,1.8491488695144653,1.4977643489837646,1.6901990175247192,1.9079893827438354,1.631252408027649,1.6236202716827393,1.989298701286316,2.0320489406585693,2.268281936645508,2.145827054977417,2.454538106918335,1.467718482017517,1.173863172531128,0.911304235458374,1.1185991764068604,1.0103182792663574,1.0342586040496826,1.3570027351379395,1.5164998769760132,1.4581831693649292,1.713266372680664,1.9870797395706177,2.0152688026428223,2.392396926879883,2.468533754348755,2.656928300857544
B5,1.7531708478927612,1.760419249534607,1.404190182685852,1.5046111345291138,1.4855397939682007,1.221144199371338,1.5386090278625488,1.4934488534927368,1.169815182685852,1.4158459901809692,1.6471006870269775,1.4659701585769653,1.7234609127044678,1.5757291316986084,1.7062857151031494,1.1331946849822998,0.9022256731987,0.6695331335067749,0.38939711451530457,0.0,0.3926311433315277,0.4869665801525116,0.5688740015029907,0.7362682819366455,0.9654935002326965,1.1077536344528198,1.196944236755371,1.5621849298477173,1.7602626085281372,1.9348266124725342,1.8998223543167114,1.9274420738220215,1.6369224786758423,1.4055312871932983,1.2930951118469238,0.9661205410957336,0.9449583292007446,0.8860271573066711,0.5888547897338867,0.47305500507354736,0.637043297290802,0.5789437294006348,0.7506821155548096,0.6610469818115234,1.0099252462387085,2.4963738918304443,2.3654305934906006,1.980079174041748,1.9586848020553589,1.6997023820877075,1.3222265243530273,1.469504714012146,1.652869701385498,1.3621822595596313,1.306479811668396,1.6606433391571045,1.7096315622329712,1.9192070960998535,1.7959908246994019,2.120148181915283,1.3479796648025513,1.1409837007522583,0.8330654501914978,1.1093971729278564,1.0837527513504028,1.031883716583252,1.396253228187561,1.4753329753875732,1.3492717742919922,1.648040771484375,1.904079556465149,1.8632967472076416,2.2314860820770264,2.2702159881591797,2.430015802383423
B6,1.5669386386871338,1.5034550428390503,1.1243807077407837,1.1925936937332153,1.12060546875,0.8566986918449402,1.1996841430664062,1.203757643699646,0.9181097149848938,1.1856443881988525,1.4462755918502808,1.3294581174850464,1.6447551250457764,1.5823925733566284,1.739862322807312,1.3352386951446533,1.1726112365722656,0.8549274802207947,0.6579247117042542,0.3926311433315277,0.0,0.3811556398868561,0.5428193807601929,0.5025331974029541,0.7297775745391846,0.9854509830474854,1.0637052059173584,1.4379700422286987,1.5700558423995972,1.792589783668518,1.7539727687835693,1.7076685428619385,1.3796252012252808,1.1863267421722412,1.0135235786437988,0.6422805786132812,0.713596522808075,0.7699747681617737,0.4456535279750824,0.4579412639141083,0.7860164046287537,0.8102502822875977,1.0855989456176758,1.0441235303878784,1.3812955617904663,2.1324076652526855,2.0002379417419434,1.6228538751602173,1.5744324922561646,1.3120982646942139,0.9329848289489746,1.0822975635528564,1.2711385488510132,0.996711790561676,0.9661495089530945,1.3340060710906982,1.3990120887756348,1.6543067693710327,1.5895507335662842,1.9098072052001953,1.4666578769683838,1.3133233785629272,0.9409610033035278,1.1325201988220215,1.056994080543518,0.8649991154670715,1.2398934364318848,1.3148105144500732,1.106157660484314,1.3802366256713867,1.6614387035369873,1.6056079864501953,1.9588204622268677,1.9578191041946411,2.142390251159668
B7,1.4321002960205078,1.390109658241272,1.0295995473861694,1.2179759740829468,1.2228140830993652,1.0662437677383423,1.4216934442520142,1.3751007318496704,1.1419258117675781,1.463777780532837,1.6693469285964966,1.5072587728500366,1.8207045793533325,1.7611991167068481,1.8489614725112915,1.4164105653762817,1.285241723060608,1.0522269010543823,0.7322680950164795,0.4869665801525116,0.3811556398868561,0.0,0.378959059715271,0.5206241607666016,0.5624474883079529,0.769073486328125,0.9655728936195374,1.3072915077209473,1.505348801612854,1.746614694595337,2.0511178970336914,1.99190092086792,1.6800698041915894,1.4489502906799316,1.2104817628860474,0.87220698595047,0.8085471391677856,0.9478599429130554,0.7236596345901489,0.5055788159370422,0.8346036076545715,0.9580782055854797,1.1394600868225098,1.0951720476150513,1.45633864402771,2.3716249465942383,2.2410268783569336,1.8854877948760986,1.7693020105361938,1.4606517553329468,1.1144039630889893,1.1572399139404297,1.4042390584945679,1.1974040269851685,1.0607328414916992,1.4273585081100464,1.573525071144104,1.8046667575836182,1.7745797634124756,2.119846820831299,1.7571172714233398,1.595389723777771,1.2535769939422607,1.485509991645813,1.403417944908142,1.2224465608596802,1.5933893918991089,1.6923472881317139,1.4719821214675903,1.724381923675537,2.0210704803466797,1.9560800790786743,2.2960076332092285,2.2579421997070312,2.4409360885620117
B8,1.2029263973236084,1.250182032585144,0.9350745677947998,1.1050941944122314,1.2096400260925293,1.076688528060913,1.3777600526809692,1.2323558330535889,0.995818018913269,1.334679126739502,1.4679138660430908,1.2452309131622314,1.5312044620513916,1.4660148620605469,1.5093753337860107,1.1278643608093262,1.0840286016464233,0.8933471441268921,0.5808207392692566,0.5688740015029907,0.5428193807601929,0.378959059715271,0.0,0.37097954750061035,0.508080005645752,0.5439320206642151,0.6636599898338318,1.0124014616012573,1.2436492443084717,1.4370852708816528,2.2965211868286133,2.241964817047119,1.9017611742019653,1.7205531597137451,1.5062130689620972,1.1323189735412598,1.1536591053009033,1.2650227546691895,0.9716043472290039,0.8261021971702576,1.1133772134780884,1.1416794061660767,1.2685871124267578,1.10816490650177,1.4539443254470825,2.4973273277282715,2.3110315799713135,1.958391547203064,1.8609868288040161,1.5240410566329956,1.2099313735961914,1.3100379705429077,1.602376103401184,1.414198637008667,1.3448727130889893,1.721566081047058,1.8580502271652222,2.1235671043395996,2.096391439437866,2.4277610778808594,1.8834048509597778,1.653439998626709,1.3201137781143188,1.5013060569763184,1.3386812210083008,1.183569312095642,1.5292778015136719,1.7088316679000854,1.532415747642517,1.7394187450408936,2.066701650619507,2.0679988861083984,2.4183924198150635,2.4104878902435303,2.6296639442443848
B9,1.0756548643112183,1.0493190288543701,0.7010186314582825,0.7813445329666138,0.8515783548355103,0.717138946056366,1.0110974311828613,0.8836411237716675,0.6758660674095154,1.0326640605926514,1.1832362413406372,1.0255663394927979,1.3629330396652222,1.3769574165344238,1.4691706895828247,1.258827805519104,1.245885968208313,0.9685440063476562,0.7785513401031494,0.7362682819366455,0.5025331974029541,0.5206241607666016,0.37097954750061035,0.0,0.3772830069065094,0.5718902349472046,0.5761807560920715,0.9478742480278015,1.0687376260757446,1.2993966341018677,2.157689094543457,2.0565690994262695,1.6894500255584717,1.5706007480621338,1.3461127281188965,0.9590598940849304,1.0884331464767456,1.2417582273483276,0.933422327041626,0.9127194285392761,1.2538989782333374,1.2741197347640991,1.486473560333252,1.349717140197754,1.6866817474365234,2.1594505310058594,1.9543591737747192,1.6102526187896729,1.511710286140442,1.1722019910812378,0.8751712441444397,1.0190765857696533,1.3198820352554321,1.1558160781860352,1.155652642250061,1.5286247730255127,1.6533857583999634,1.9610397815704346,1.9705774784088135,2.2790215015411377,1.8991233110427856,1.6948071718215942,1.3234792947769165,1.4265618324279785,1.2182167768478394,0.9717692136764526,1.2978919744491577,1.4897583723068237,1.2759852409362793,1.4370205402374268,1.7834895849227905,1.7982509136199951,2.133042097091675,2.112133264541626,2.358613967895508
B10,0.9069632291793823,0.8278061747550964,0.4745497405529022,0.730225682258606,0.847022294998169,0.8638741374015808,1.164811611175537,1.0502768754959106,0.9574263095855713,1.323285698890686,1.4424203634262085,1.3014600276947021,1.6425353288650513,1.693482518196106,1.7379145622253418,1.5549335479736328,1.5565218925476074,1.3153938055038452,1.061988115310669,0.9654935002326965,0.7297775745391846,0.5624474883079529,0.508080005645752,0.3772830069065094,0.0,0.3840238153934479,0.573326051235199,0.8628191351890564,1.0042846202850342,1.2983397245407104,2.344099283218384,2.204991102218628,1.8496859073638916,1.7085903882980347,1.4147180318832397,1.0664258003234863,1.1216496229171753,1.3626426458358765,1.1287287473678589,1.0227221250534058,1.3822741508483887,1.4873178005218506,1.6822530031204224,1.5809704065322876,1.9348105192184448,2.2236721515655518,2.0358920097351074,1.728895902633667,1.5454360246658325,1.1737034320831299,0.9348133206367493,0.9364068508148193,1.2851338386535645,1.207100510597229,1.119442105293274,1.4730817079544067,1.674831509590149,1.970083475112915,2.03471302986145,2.35693359375,2.193274974822998,2.015075206756592,1.6435545682907104,1.7759132385253906,1.5872224569320679,1.317504644393921,1.637208342552185,1.8102304935455322,1.5530128479003906,1.6962038278579712,2.044053792953491,2.025290012359619,2.332740306854248,2.2546653747558594,2.4983677864074707
B11,0.7070156931877136,0.7920519113540649,0.5865964889526367,0.8684727549552917,1.1082814931869507,1.1580888032913208,1.4017504453659058,1.190892219543457,1.111175775527954,1.4782525300979614,1.513124704360962,1.2994264364242554,1.5903986692428589,1.627224087715149,1.591278076171875,1.4419430494308472,1.5154740810394287,1.356837272644043,1.089339256286621,1.1077536344528198,0.9854509830474854,0.769073486328125,0.5439320206642151,0.5718902349472046,0.3840238153934479,0.0,0.3604993224143982,0.576237678527832,0.8385508060455322,1.0825799703598022,2.6860201358795166,2.5672576427459717,2.2079036235809326,2.065682888031006,1.786908745765686,1.4284921884536743,1.4665563106536865,1.6762620210647583,1.4179842472076416,1.2726105451583862,1.594876766204834,1.6711676120758057,1.7947801351547241,1.6308753490447998,1.9697492122650146,2.554466485977173,2.3350017070770264,2.0379085540771484,1.8632973432540894,1.4800182580947876,1.27743399143219,1.2941278219223022,1.6550848484039307,1.58488130569458,1.5016876459121704,1.8533154726028442,2.0583927631378174,2.350109815597534,2.403473377227783,2.7302563190460205,2.4052250385284424,2.1793084144592285,1.832231879234314,1.9653397798538208,1.7438926696777344,1.5240426063537598,1.8257235288619995,2.0498812198638916,1.835193157196045,1.9597448110580444,2.320601463317871,2.340942144393921,2.6575679779052734,2.6000864505767822,2.8562610149383545
B12,0.5957182049751282,0.7549880146980286,0.6087100505828857,0.7364062070846558,1.029253602027893,1.0716456174850464,1.2363002300262451,0.9531174898147583,0.895675003528595,1.2405622005462646,1.210715413093567,0.9774187803268433,1.2533129453659058,1.3265060186386108,1.2830140590667725,1.2880533933639526,1.4298125505447388,1.2662466764450073,1.0922194719314575,1.196944236755371,1.0637052059173584,0.9655728936195374,0.6636599898338318,0.5761807560920715,0.573326051235199,0.3604993224143982,0.0,0.3794996440410614,0.5898244380950928,0.7860693335533142,2.7189104557037354,2.600623846054077,2.2217490673065186,2.13301682472229,1.890005111694336,1.512683391571045,1.6305253505706787,1.8091553449630737,1.5044480562210083,1.4378823041915894,1.759796380996704,1.772110939025879,1.910571575164795,1.7013851404190063,2.0169007778167725,2.4897942543029785,2.2271535396575928,1.9355790615081787,1.8035783767700195,1.4292696714401245,1.2582892179489136,1.3573395013809204,1.712402582168579,1.6362659931182861,1.6343084573745728,1.9883371591567993,2.153701066970825,2.4758358001708984,2.5220069885253906,2.8269245624542236,2.405336380004883,2.1531131267547607,1.8084877729415894,1.8756811618804932,1.5986582040786743,1.3845255374908447,1.6369668245315552,1.9105437994003296,1.731180191040039,1.8061418533325195,2.1778013706207275,2.252042770385742,2.5675151348114014,2.541491746902466,2.8241686820983887
B13,0.33997634053230286,0.6678804755210876,0.7321510314941406,0.8663415908813477,1.2259912490844727,1.3565077781677246,1.4611883163452148,1.1441073417663574,1.1807091236114502,1.4943571090698242,1.3830888271331787,1.1554654836654663,1.3737726211547852,1.4935317039489746,1.374247431755066,1.518094778060913,1.7189805507659912,1.600809097290039,1.435325026512146,1.5621849298477173,1.4379700422286987,1.3072915077209473,1.0124014616012573,0.9478742480278015,0.8628191351890564,0.576237678527832,0.3794996440410614,0.0,0.379935085773468,0.53535395860672,3.078050374984741,2.941035270690918,2.5583810806274414,2.4842896461486816,2.2239716053009033,1.8578121662139893,1.9701604843139648,2.172173023223877,1.8781367540359497,1.7961019277572632,2.117401599884033,2.1401572227478027,2.2569639682769775,2.0332140922546387,2.3385045528411865,2.701564073562622,2.4175238609313965,2.167067527770996,2.0080699920654297,1.6296497583389282,1.5315827131271362,1.5923153162002563,1.961830496788025,1.9383941888809204,1.9305120706558228,2.265554666519165,2.455821990966797,2.7831366062164307,2.857604742050171,3.159611225128174,2.7793686389923096,2.5174922943115234,2.179948091506958,2.2328035831451416,1.9357117414474487,1.7232744693756104,1.9404891729354858,2.236309766769409,2.0598742961883545,2.092439651489258,2.4697182178497314,2.562706470489502,2.8594672679901123,2.818822145462036,3.117762804031372
