,A1,A2,A3,A4,A5,A6,A7,A8,A9,A10,A11,A12,A13,A14,A15,B1,B2,B3,B4,B5,B6,B7,B8,B9,B10,B11,B12,B13,B14,B15,C1,C2,C3,C4,C5,C6,C7,C8,C9,C10,C11,C12,C13,C14,C15,D1,D2,D3,D4,D5,D6,D7,D8,D9,D10,D11,D12,D13,D14,D15,E1,E2,E3,E4,E5,E6,E7,E8,E9,E10,E11,E12,E13,E14,E15
A1,0.0,0.3877047598361969,0.5944334268569946,0.7515843510627747,1.125016212463379,1.248539924621582,1.434253215789795,1.170393705368042,1.2170820236206055,1.5525784492492676,1.4915765523910522,1.29068922996521,1.5682371854782104,1.7500532865524292,1.6934528350830078,2.8023691177368164,2.7947356700897217,2.435702085494995,2.4349911212921143,2.2811713218688965,1.9027692079544067,2.0585081577301025,2.1691787242889404,1.8347562551498413,1.8249197006225586,2.158986806869507,2.1502153873443604,2.323288917541504,2.1150035858154297,2.397627592086792,2.879316806793213,2.593207836151123,2.3075222969055176,2.1049647331237793,1.7366756200790405,1.6207678318023682,1.4001734256744385,1.7325224876403809,1.7726670503616333,1.5345240831375122,1.730106234550476,2.0600192546844482,2.224649667739868,2.369935989379883,2.679905414581299,1.1124722957611084,0.72993004322052,0.794213593006134,0.7499336004257202,0.7706458568572998,1.1128071546554565,1.1821987628936768,1.1973870992660522,1.4306719303131104,1.6761348247528076,1.669732928276062,1.7198195457458496,2.053431987762451,2.324043035507202,2.3733625411987305,3.0634641647338867,2.8678407669067383,2.492244005203247,2.5089826583862305,2.205738067626953,1.931884527206421,2.045407295227051,2.3411924839019775,2.1571872234344482,2.161102056503296,2.5295467376708984,2.6905593872070312,2.9700541496276855,2.9736335277557373,3.2913448810577393
A2,0.3877047598361969,0.0,0.38087859749794006,0.5435584187507629,0.8901684880256653,1.0920530557632446,1.2823305130004883,1.0946085453033447,1.207356333732605,1.5414597988128662,1.514020562171936,1.4006818532943726,1.7181837558746338,1.940138816833496,1.9334601163864136,2.681759834289551,2.661236524581909,2.2959177494049072,2.351275682449341,2.2050726413726807,1.8364940881729126,2.0493483543395996,2.1765167713165283,1.8467848300933838,1.9072099924087524,2.251681327819824,2.2298383712768555,2.452028274536133,2.2720656394958496,2.533602237701416,2.796475887298584,2.4925637245178223,2.1999659538269043,2.049147844314575,1.671345591545105,1.568361520767212,1.4140053987503052,1.7784132957458496,1.817844033241272,1.6494611501693726,1.8812329769134521,2.190129041671753,2.40779972076416,2.5535953044891357,2.858860969543457,0.772749125957489,0.4033776521682739,0.49603015184402466,0.4315745234489441,0.6285867094993591,0.9465737342834473,1.0532671213150024,0.9637297987937927,1.170911192893982,1.4537172317504883,1.424357533454895,1.4121357202529907,1.7460321187973022,1.999819040298462,2.026066303253174,2.9851229190826416,2.7767748832702637,2.405907154083252,2.364223003387451,2.036557197570801,1.7648488283157349,1.815873146057129,2.1217987537384033,1.956355333328247,1.9057577848434448,2.2661967277526855,2.4601714611053467,2.7174715995788574,2.734736204147339,3.0637640953063965
A3,0.5944334268569946,0.38087859749794006,0.0,0.387127548456192,0.6434474587440491,0.7586337327957153,1.0172593593597412,0.8906452655792236,0.9380579590797424,1.2918603420257568,1.348920464515686,1.266149640083313,1.6276780366897583,1.81824791431427,1.8779269456863403,2.3799054622650146,2.3286900520324707,1.9563584327697754,2.0020434856414795,1.8367778062820435,1.471646785736084,1.6902462244033813,1.8382757902145386,1.5265346765518188,1.6055614948272705,1.9602227210998535,1.9619462490081787,2.2190377712249756,2.0884504318237305,2.3566863536834717,2.4340975284576416,2.141439199447632,1.834572196006775,1.7001267671585083,1.3256779909133911,1.2007297277450562,1.086448311805725,1.4573390483856201,1.4795844554901123,1.356240153312683,1.616060495376587,1.8984779119491577,2.1517133712768555,2.2925479412078857,2.5903232097625732,0.9118913412094116,0.5936371088027954,0.3865354061126709,0.24296973645687103,0.29036885499954224,0.5698005557060242,0.7285125851631165,0.6984310746192932,0.8576699495315552,1.1461408138275146,1.1933298110961914,1.2120072841644287,1.5779298543930054,1.8029086589813232,1.8897228240966797,2.6209893226623535,2.4277665615081787,2.0531163215637207,2.012917995452881,1.7013658285140991,1.4073513746261597,1.4858039617538452,1.7742648124694824,1.5921270847320557,1.5710996389389038,1.9381873607635498,2.111093759536743,2.3851253986358643,2.4062182903289795,2.7248728275299072
A4,0.7515843510627747,0.5435584187507629,0.387127548456192,0.0,0.3847811818122864,0.6210228800773621,0.7440775036811829,0.5869133472442627,0.7678222060203552,1.0617735385894775,1.0649585723876953,1.0526739358901978,1.4044373035430908,1.652998685836792,1.730039119720459,2.1498095989227295,2.1520490646362305,1.7981958389282227,1.8768848180770874,1.7847837209701538,1.4272406101226807,1.6910154819488525,1.7679564952850342,1.4288666248321533,1.569471001625061,1.889252781867981,1.8217941522598267,2.078835964202881,1.927066445350647,2.153963088989258,2.586894989013672,2.325737476348877,1.9849430322647095,1.8995214700698853,1.544028878211975,1.3423142433166504,1.3032310009002686,1.6580405235290527,1.5972926616668701,1.481354832649231,1.7939871549606323,2.043811082839966,2.2923026084899902,2.3731648921966553,2.693265199661255,0.7710171341896057,0.505850613117218,0.19662417471408844,0.4888629913330078,0.6182267069816589,0.7270951271057129,1.0127123594284058,0.9785171151161194,1.0135927200317383,1.355733871459961,1.4517954587936401,1.4022839069366455,1.7770769596099854,1.9427417516708374,2.0161986351013184,2.535578966140747,2.293517827987671,1.9357984066009521,1.8850488662719727,1.5419663190841675,1.3155689239501953,1.367342233657837,1.7017368078231812,1.5961498022079468,1.5849549770355225,1.9221549034118652,2.1294240951538086,2.4213929176330566,2.5022897720336914,2.8059799671173096
A5,1.125016212463379,0.8901684880256653,0.6434474587440491,0.3847811818122864,0.0,0.37804192304611206,0.4582407772541046,0.5205704569816589,0.7150734663009644,0.9383134245872498,1.0297961235046387,1.1314011812210083,1.4922181367874146,1.7342891693115234,1.88027822971344,1.8299779891967773,1.8180896043777466,1.4658796787261963,1.5941556692123413,1.529890537261963,1.2054505348205566,1.5228828191757202,1.5920586585998535,1.2815468311309814,1.5018891096115112,1.8019022941589355,1.7225961685180664,2.025402069091797,1.9287254810333252,2.124835968017578,2.4026284217834473,2.162142515182495,1.8042043447494507,1.789881944656372,1.4662940502166748,1.2372115850448608,1.3086904287338257,1.6426249742507935,1.539945125579834,1.5086517333984375,1.8511751890182495,2.0475542545318604,2.3335044384002686,2.3894143104553223,2.6984333992004395,0.8977729678153992,0.7791264653205872,0.4203842282295227,0.6657334566116333,0.7593637108802795,0.6655495762825012,1.022010087966919,0.980536699295044,0.8720265030860901,1.2297542095184326,1.390942931175232,1.3027424812316895,1.6778907775878906,1.772826075553894,1.875042200088501,2.24898099899292,1.993133783340454,1.6501585245132446,1.5519914627075195,1.1926841735839844,0.9922839999198914,0.9997189044952393,1.34876549243927,1.2901651859283447,1.2751553058624268,1.5867263078689575,1.8115514516830444,2.108729124069214,2.2294890880584717,2.5186808109283447
A6,1.248539924621582,1.0920530557632446,0.7586337327957153,0.6210228800773621,0.37804192304611206,0.0,0.37670275568962097,0.5154690146446228,0.4977632462978363,0.7356674671173096,0.9532074928283691,1.0436958074569702,1.4200363159179688,1.5916763544082642,1.7881758213043213,1.625935435295105,1.5729488134384155,1.2052346467971802,1.2754935026168823,1.1747949123382568,0.8346088528633118,1.1451371908187866,1.2317206859588623,0.9382774829864502,1.1636102199554443,1.4707744121551514,1.4317255020141602,1.758985161781311,1.7166774272918701,1.9319461584091187,2.086893320083618,1.8755003213882446,1.5044864416122437,1.4885605573654175,1.1929683685302734,0.9128509163856506,1.0349969863891602,1.332626223564148,1.1908786296844482,1.1989802122116089,1.5546493530273438,1.714453935623169,2.014583110809326,2.059755563735962,2.35847544670105,1.2626912593841553,1.0939358472824097,0.7152142524719238,0.8372471332550049,0.746773362159729,0.5195988416671753,0.8905491232872009,0.9746686816215515,0.826137125492096,1.121329665184021,1.3664263486862183,1.354368805885315,1.7314980030059814,1.8138155937194824,1.9822077751159668,1.92151939868927,1.6924535036087036,1.3297839164733887,1.2780416011810303,0.958743155002594,0.706986129283905,0.8391390442848206,1.1460589170455933,1.0479414463043213,1.1316941976547241,1.4499825239181519,1.6145273447036743,1.9468351602554321,2.0587258338928223,2.3247807025909424
A7,1.434253215789795,1.2823305130004883,1.0172593593597412,0.7440775036811829,0.4582407772541046,0.37670275568962097,0.0,0.3763783574104309,0.5255832672119141,0.5713446140289307,0.7375750541687012,0.9485706090927124,1.2804316282272339,1.5006979703903198,1.7157381772994995,1.4070312976837158,1.4357554912567139,1.107540249824524,1.2238891124725342,1.2407418489456177,0.951292872428894,1.2815818786621094,1.262748122215271,0.957862138748169,1.2452057600021362,1.4843542575836182,1.355865478515625,1.6733472347259521,1.6124013662338257,1.7680929899215698,2.337583541870117,2.1629109382629395,1.782143473625183,1.804253339767456,1.5387252569198608,1.2303918600082397,1.3763443231582642,1.6441831588745117,1.4453946352005005,1.4451974630355835,1.8188531398773193,1.9499634504318237,2.227043390274048,2.213505983352661,2.5266878604888916,1.2979928255081177,1.189378261566162,0.8495059013366699,1.0937691926956177,1.0793014764785767,0.8922529816627502,1.2658045291900635,1.3193730115890503,1.1444010734558105,1.4548461437225342,1.6974393129348755,1.6348689794540405,2.003239870071411,2.0436713695526123,2.1880722045898438,1.9027706384658813,1.6125746965408325,1.2878074645996094,1.226621150970459,0.8758949041366577,0.7766700983047485,0.8552248477935791,1.1974310874938965,1.2127643823623657,1.2999553680419922,1.5561105012893677,1.7503317594528198,2.0866353511810303,2.2562122344970703,2.498582363128662
A8,1.170393705368042,1.0946085453033447,0.8906452655792236,0.5869133472442627,0.5205704569816589,0.5154690146446228,0.3763783574104309,0.0,0.36649149656295776,0.5062718987464905,0.5146042704582214,0.6347971558570862,0.9832597970962524,1.2348357439041138,1.4000744819641113,1.6717618703842163,1.7339624166488647,1.417818307876587,1.464934229850769,1.4624443054199219,1.1320858001708984,1.3976858854293823,1.362463355064392,1.0061439275741577,1.2066006660461426,1.4583414793014526,1.3173928260803223,1.5776071548461914,1.4395488500595093,1.6243590116500854,2.5333750247955322,2.3476169109344482,1.9735380411148071,1.925756812095642,1.6300344467163086,1.320851445198059,1.3689360618591309,1.6509480476379395,1.4644231796264648,1.3670090436935425,1.7313297986984253,1.9066376686096191,2.138601541519165,2.126180410385132,2.4621987342834473,1.2318050861358643,1.0431736707687378,0.7529369592666626,1.031145453453064,1.007811188697815,0.9441302418708801,1.2938984632492065,1.3731845617294312,1.2952791452407837,1.6124809980392456,1.8178164958953857,1.7853312492370605,2.1669585704803467,2.26393723487854,2.387907028198242,2.1485238075256348,1.8681607246398926,1.5338176488876343,1.5412498712539673,1.2185730934143066,1.092293381690979,1.2170863151550293,1.5495904684066772,1.518459439277649,1.6129649877548218,1.8996117115020752,2.079615831375122,2.4187183380126953,2.557800531387329,2.8117685317993164
A9,1.2170820236206055,1.207356333732605,0.9380579590797424,0.7678222060203552,0.7150734663009644,0.4977632462978363,0.5255832672119141,0.36649149656295776,0.0,0.3765564262866974,0.5661884546279907,0.578857958316803,0.9526947140693665,1.0952365398406982,1.3038699626922607,1.6285130977630615,1.6439353227615356,1.3186609745025635,1.2781950235366821,1.2215533256530762,0.8705328106880188,1.0792133808135986,1.0613096952438354,0.6972088813781738,0.853549063205719,1.1367290019989014,1.055943489074707,1.3336001634597778,1.2423505783081055,1.478449821472168,2.2703347206115723,2.1061952114105225,1.7369455099105835,1.6582962274551392,1.3869996070861816,1.0514452457427979,1.0940890312194824,1.3350526094436646,1.1211365461349487,1.019033670425415,1.389835238456726,1.5468569993972778,1.7794328927993774,1.7659316062927246,2.098341464996338,1.50613272190094,1.2657091617584229,0.9448671340942383,1.1140685081481934,0.9583227634429932,0.8530728220939636,1.1636828184127808,1.3382737636566162,1.2701623439788818,1.5275872945785522,1.7728080749511719,1.8085854053497314,2.1897733211517334,2.2974777221679688,2.4672913551330566,1.9384123086929321,1.7008012533187866,1.3445699214935303,1.4219504594802856,1.1604450941085815,0.9860610961914062,1.2143535614013672,1.4908998012542725,1.405908465385437,1.5702885389328003,1.8673360347747803,1.9876004457473755,2.345357894897461,2.456353187561035,2.6943490505218506
A10,1.5525784492492676,1.5414597988128662,1.2918603420257568,1.0617735385894775,0.9383134245872498,0.7356674671173096,0.5713446140289307,0.5062718987464905,0.3765564262866974,0.0,0.37736985087394714,0.5718628168106079,0.8479275107383728,0.9879440069198608,1.2621253728866577,1.3463280200958252,1.4270508289337158,1.1567062139511108,1.1085596084594727,1.162753939628601,0.8869462609291077,1.092110514640808,0.9504823684692383,0.6048261523246765,0.8424873352050781,1.0128597021102905,0.8287937045097351,1.1134662628173828,1.0432335138320923,1.211376667022705,2.3855974674224854,2.2725465297698975,1.8957037925720215,1.8640681505203247,1.6431173086166382,1.281044602394104,1.3860728740692139,1.569727897644043,1.2913881540298462,1.2285549640655518,1.5999572277069092,1.6908100843429565,1.9026169776916504,1.8139795064926147,2.145989418029785,1.733428955078125,1.541496753692627,1.231626033782959,1.451090931892395,1.3246057033538818,1.1776355504989624,1.501449704170227,1.6698718070983887,1.5486496686935425,1.8023815155029297,2.0760629177093506,2.088364601135254,2.4635133743286133,2.5271897315979004,2.7028450965881348,1.7757949829101562,1.4959166049957275,1.1822961568832397,1.292243480682373,1.0589075088500977,1.0090047121047974,1.2363154888153076,1.4982627630233765,1.492307424545288,1.6905028820037842,1.9320857524871826,2.0482535362243652,2.416922092437744,2.5736684799194336,2.7775344848632812
A11,1.4915765523910522,1.514020562171936,1.348920464515686,1.0649585723876953,1.0297961235046387,0.9532074928283691,0.7375750541687012,0.5146042704582214,0.5661884546279907,0.37736985087394714,0.0,0.364940881729126,0.5695211887359619,0.8307226896286011,1.0453691482543945,1.5774160623550415,1.722579836845398,1.4814006090164185,1.456719160079956,1.5378086566925049,1.2619895935058594,1.4517713785171509,1.291953206062317,0.9491654634475708,1.1152783632278442,1.2523505687713623,1.014713168144226,1.1984083652496338,1.0109747648239136,1.1446740627288818,2.750844955444336,2.6235368251800537,2.248142719268799,2.1936399936676025,1.9444218873977661,1.5958459377288818,1.6434651613235474,1.8518576622009277,1.595894455909729,1.4653819799423218,1.8205238580703735,1.947065830230713,2.1146271228790283,2.015671491622925,2.364468574523926,1.671218991279602,1.4804719686508179,1.2423728704452515,1.5200533866882324,1.4515039920806885,1.3880997896194458,1.7150615453720093,1.8506689071655273,1.7708016633987427,2.0595037937164307,2.294126033782959,2.283813953399658,2.6652796268463135,2.7489264011383057,2.887338399887085,2.1173839569091797,1.8183547258377075,1.5319082736968994,1.6315555572509766,1.3761909008026123,1.3477271795272827,1.5256983041763306,1.821215271949768,1.830381155014038,1.9915398359298706,2.2391388416290283,2.3855578899383545,2.746037721633911,2.9081199169158936,3.1248936653137207
A12,1.29068922996521,1.4006818532943726,1.266149640083313,1.0526739358901978,1.1314011812210083,1.0436958074569702,0.9485706090927124,0.6347971558570862,0.578857958316803,0.5718628168106079,0.364940881729126,0.0,0.38759708404541016,0.6157774925231934,0.7697463035583496,1.8788787126541138,1.9892112016677856,1.7275011539459229,1.6491007804870605,1.6630972623825073,1.3529002666473389,1.4792022705078125,1.3574694395065308,1.004843831062317,1.0484379529953003,1.2202404737472534,1.0439057350158691,1.1675606966018677,0.921707272529602,1.1413664817810059,2.7689919471740723,2.62809157371521,2.2688488960266113,2.152801513671875,1.8895699977874756,1.5602589845657349,1.5262542963027954,1.7288038730621338,1.5036437511444092,1.2956007719039917,1.6188329458236694,1.7838534116744995,1.9107635021209717,1.833634614944458,2.192112445831299,1.712518334388733,1.4520453214645386,1.246531367301941,1.4748796224594116,1.3615577220916748,1.3708200454711914,1.647492527961731,1.8177605867385864,1.80608069896698,2.0749733448028564,2.287083864212036,2.3196446895599365,2.7044079303741455,2.834320306777954,2.9743239879608154,2.28979229927063,2.0318763256073,1.7213375568389893,1.8587335348129272,1.6206649541854858,1.5230307579040527,1.7396661043167114,2.024660348892212,1.9718148708343506,2.140442371368408,2.424262762069702,2.548602819442749,2.9109890460968018,3.031883955001831,3.261239767074585
A13,1.5682371854782104,1.7181837558746338,1.6276780366897583,1.4044373035430908,1.4922181367874146,1.4200363159179688,1.2804316282272339,0.9832597970962524,0.9526947140693665,0.8479275107383728,0.5695211887359619,0.38759708404541016,0.0,0.38187095522880554,0.49572649598121643,2.016970157623291,2.178663492202759,1.966003656387329,1.8645907640457153,1.9244259595870972,1.651987075805664,1.73879075050354,1.5572741031646729,1.243301272392273,1.2479113340377808,1.322307825088501,1.0935641527175903,1.0946948528289795,0.7617416977882385,0.9192952513694763,3.0755186080932617,2.96077299118042,2.60541033744812,2.4852561950683594,2.2417855262756348,1.9075474739074707,1.8663057088851929,2.0332441329956055,1.7902783155441284,1.563780426979065,1.8542777299880981,1.9942066669464111,2.060847043991089,1.9300020933151245,2.287806749343872,2.00392484664917,1.7560454607009888,1.5935779809951782,1.8382524251937866,1.7355283498764038,1.7576199769973755,2.0261452198028564,2.2012994289398193,2.193218231201172,2.4606916904449463,2.6734466552734375,2.7047369480133057,3.089634656906128,3.216942548751831,3.3516016006469727,2.4721174240112305,2.2073593139648438,1.9373453855514526,2.1090128421783447,1.89885413646698,1.8493216037750244,2.067309617996216,2.344433307647705,2.31607985496521,2.499613046646118,2.7658793926239014,2.8847713470458984,3.2525904178619385,3.3864612579345703,3.6013002395629883
A14,1.7500532865524292,1.940138816833496,1.81824791431427,1.652998685836792,1.7342891693115234,1.5916763544082642,1.5006979703903198,1.2348357439041138,1.0952365398406982,0.9879440069198608,0.8307226896286011,0.6157774925231934,0.38187095522880554,0.0,0.360353946685791,2.0842347145080566,2.2221310138702393,2.0289158821105957,1.8571473360061646,1.8963173627853394,1.6528818607330322,1.6558204889297485,1.4578546285629272,1.1980228424072266,1.1051040887832642,1.1157350540161133,0.9272291660308838,0.8302738070487976,0.46949172019958496,0.7101632952690125,2.999121904373169,2.9173190593719482,2.581346273422241,2.4372482299804688,2.2333507537841797,1.9023054838180542,1.8463762998580933,1.9471157789230347,1.6902470588684082,1.4490879774093628,1.6947880983352661,1.7965364456176758,1.8088481426239014,1.6382761001586914,1.9889599084854126,2.3126814365386963,2.036139965057373,1.8485945463180542,2.043365478515625,1.8758955001831055,1.8831549882888794,2.112060070037842,2.339369535446167,2.3388278484344482,2.5640172958374023,2.7968029975891113,2.8708040714263916,3.2524468898773193,3.3854148387908936,3.549597978591919,2.402465343475342,2.1809041500091553,1.9244014024734497,2.1567115783691406,2.004927158355713,1.9462817907333374,2.213860273361206,2.449096202850342,2.3955793380737305,2.6218533515930176,2.8850648403167725,2.959580659866333,3.335686683654785,3.450791597366333,3.645479440689087
A15,1.6934528350830078,1.9334601163864136,1.8779269456863403,1.730039119720459,1.88027822971344,1.7881758213043213,1.7157381772994995,1.4000744819641113,1.3038699626922607,1.2621253728866577,1.0453691482543945,0.7697463035583496,0.49572649598121643,0.360353946685791,0.0,2.4228148460388184,2.5650463104248047,2.357023000717163,2.1991097927093506,2.2180957794189453,1.9490268230438232,1.954856276512146,1.7892311811447144,1.5147883892059326,1.396366000175476,1.4385359287261963,1.2809890508651733,1.157614827156067,0.7888607978820801,0.9882140159606934,3.26124906539917,3.1558732986450195,2.8277359008789062,2.652602195739746,2.423893451690674,2.1173646450042725,2.007368564605713,2.1274373531341553,1.913930058479309,1.626101016998291,1.8349031209945679,1.9810649156570435,1.9565306901931763,1.8179075717926025,2.1646463871002197,2.339071273803711,2.046161651611328,1.9196162223815918,2.1091487407684326,1.9636037349700928,2.036160707473755,2.2427055835723877,2.4544968605041504,2.4998743534088135,2.7342793941497803,2.931199312210083,3.006995439529419,3.3880298137664795,3.550933599472046,3.692551374435425,2.7544045448303223,2.534604072570801,2.2669529914855957,2.4850754737854004,2.3088743686676025,2.2257604598999023,2.479135036468506,2.7348365783691406,2.664154529571533,2.8667354583740234,3.1510732173919678,3.2393720149993896,3.610302209854126,3.7102363109588623,3.923215866088867
B1,2.8023691177368164,2.681759834289551,2.3799054622650146,2.1498095989227295,1.8299779891967773,1.625935435295105,1.4070312976837158,1.6717618703842163,1.6285130977630615,1.3463280200958252,1.5774160623550415,1.8788787126541138,2.016970157623291,2.0842347145080566,2.4228148460388184,0.0,0.38747456669807434,0.6070322394371033,0.7454372048377991,1.1196203231811523,1.271323323249817,1.4601526260375977,1.2394975423812866,1.2954155206680298,1.6316052675247192,1.5678904056549072,1.3962002992630005,1.684493064880371,1.8593833446502686,1.8093929290771484,2.3912506103515625,2.4297852516174316,2.1005303859710693,2.2911336421966553,2.2490234375,1.9351747035980225,2.2418110370635986,2.3052709102630615,1.9887075424194336,2.157122850418091,2.484511137008667,2.3987486362457275,2.6527934074401855,2.4865331649780273,2.7087810039520264,2.620496988296509,2.583352565765381,2.2451934814453125,2.4432125091552734,2.3545889854431152,2.0467262268066406,2.348543405532837,2.466684103012085,2.173326253890991,2.3348114490509033,2.6745612621307373,2.623150110244751,2.9110748767852783,2.7923083305358887,3.0100901126861572,1.0541026592254639,0.6702796816825867,0.7646562457084656,0.7319619655609131,0.8219946622848511,1.1756389141082764,1.2375820875167847,1.2526086568832397,1.5099155902862549,1.7341169118881226,1.6995131969451904,1.757867455482483,2.0707945823669434,2.3663156032562256,2.4187819957733154
B2,2.7947356700897217,2.661236524581909,2.3286900520324707,2.1520490646362305,1.8180896043777466,1.5729488134384155,1.4357554912567139,1.7339624166488647,1.6439353227615356,1.4270508289337158,1.722579836845398,1.9892112016677856,2.178663492202759,2.2221310138702393,2.5650463104248047,0.38747456669807434,0.0,0.3813275098800659,0.5397655963897705,0.867327094078064,1.0961427688598633,1.270973801612854,1.1263892650604248,1.2466875314712524,1.5735223293304443,1.5440690517425537,1.4589918851852417,1.7843555212020874,1.9953136444091797,2.001934766769409,2.0374510288238525,2.0920445919036865,1.782896637916565,2.0085489749908447,2.008620500564575,1.7285796403884888,2.0667591094970703,2.1019325256347656,1.8076386451721191,2.0324347019195557,2.337597131729126,2.230593204498291,2.5138847827911377,2.3813536167144775,2.5739994049072266,2.641990900039673,2.5945980548858643,2.2351481914520264,2.377424716949463,2.2600278854370117,1.920636773109436,2.1834113597869873,2.3109562397003174,2.0020289421081543,2.1106977462768555,2.4632508754730225,2.434520959854126,2.6990745067596436,2.566483974456787,2.8140945434570312,0.761112630367279,0.4080989360809326,0.5259714722633362,0.418674111366272,0.6622499227523804,0.9913408160209656,1.067691683769226,0.9829449653625488,1.2295974493026733,1.4801685810089111,1.4175487756729126,1.4233644008636475,1.7363266944885254,2.0208749771118164,2.054842472076416
B3,2.435702085494995,2.2959177494049072,1.9563584327697754,1.7981958389282227,1.4658796787261963,1.2052346467971802,1.107540249824524,1.417818307876587,1.3186609745025635,1.1567062139511108,1.4814006090164185,1.7275011539459229,1.966003656387329,2.0289158821105957,2.357023000717163,0.6070322394371033,0.3813275098800659,0.0,0.38238731026649475,0.6225542426109314,0.7683075070381165,1.015323281288147,0.9334729909896851,0.9858636260032654,1.3330049514770508,1.3870353698730469,1.3260102272033691,1.6886537075042725,1.8620057106018066,1.9286099672317505,1.856105089187622,1.851596474647522,1.5111942291259766,1.712681531906128,1.6702848672866821,1.382616400718689,1.7179967164993286,1.7886005640029907,1.510791301727295,1.7280611991882324,2.0484986305236816,1.9824870824813843,2.2887260913848877,2.19836163520813,2.414421319961548,2.3092668056488037,2.244976758956909,1.8783543109893799,2.0033018589019775,1.881083607673645,1.5395811796188354,1.806247353553772,1.9329218864440918,1.6307817697525024,1.752998948097229,2.1043541431427,2.0833678245544434,2.365891456604004,2.263936996459961,2.5116446018218994,0.8900275230407715,0.5806915760040283,0.3977906405925751,0.18445172905921936,0.3074195981025696,0.6132542490959167,0.7369930744171143,0.7109115719795227,0.914450466632843,1.1768293380737305,1.1930580139160156,1.230455994606018,1.5807814598083496,1.8351699113845825,1.9293341636657715
B4,2.4349911212921143,2.351275682449341,2.0020434856414795,1.8768848180770874,1.5941556692123413,1.2754935026168823,1.2238891124725342,1.464934229850769,1.2781950235366821,1.1085596084594727,1.456719160079956,1.6491007804870605,1.8645907640457153,1.8571473360061646,2.1991097927093506,0.7454372048377991,0.5397655963897705,0.38238731026649475,0.0,0.38614219427108765,0.6175941824913025,0.7384569644927979,0.6000876426696777,0.7612886428833008,1.0592784881591797,1.0622271299362183,1.0534262657165527,1.4095814228057861,1.6342670917510986,1.7199069261550903,1.7250303030014038,1.7627836465835571,1.4317212104797363,1.586246132850647,1.5818076133728027,1.2757833003997803,1.5936371088027954,1.59938383102417,1.2854132652282715,1.5082676410675049,1.8042542934417725,1.6941152811050415,1.9770883321762085,1.8579895496368408,2.0617873668670654,2.479438304901123,2.358403205871582,1.9845097064971924,2.0858681201934814,1.9001522064208984,1.5729410648345947,1.8062429428100586,2.0002660751342773,1.7393449544906616,1.8285014629364014,2.194509506225586,2.2324461936950684,2.5265510082244873,2.463019847869873,2.7324647903442383,0.6872004866600037,0.43427908420562744,0.07575064897537231,0.40251848101615906,0.6036101579666138,0.7485466003417969,1.004658818244934,0.9610605835914612,1.046498417854309,1.3751254081726074,1.4344438314437866,1.3989050388336182,1.7633776664733887,1.9653704166412354,2.0432844161987305
B5,2.2811713218688965,2.2050726413726807,1.8367778062820435,1.7847837209701538,1.529890537261963,1.1747949123382568,1.2407418489456177,1.4624443054199219,1.2215533256530762,1.162753939628601,1.5378086566925049,1.6630972623825073,1.9244259595870972,1.8963173627853394,2.2180957794189453,1.1196203231811523,0.867327094078064,0.6225542426109314,0.38614219427108765,0.0,0.37902289628982544,0.4446849226951599,0.5210720300674438,0.7034750580787659,0.9320510625839233,1.0270582437515259,1.1309516429901123,1.4938750267028809,1.7118451595306396,1.8681507110595703,1.3844139575958252,1.4003177881240845,1.065330982208252,1.2027126550674438,1.2217847108840942,0.9399254322052002,1.2732515335083008,1.2493301630020142,0.9622977375984192,1.238886833190918,1.5081442594528198,1.3975095748901367,1.7162400484085083,1.6580498218536377,1.8454030752182007,2.4174821376800537,2.2651703357696533,1.8850345611572266,1.9182876348495483,1.6874802112579346,1.3528774976730347,1.5267634391784668,1.7530438899993896,1.5139647722244263,1.5480049848556519,1.919954538345337,2.0062992572784424,2.2919278144836426,2.2571985721588135,2.548877716064453,0.7958204746246338,0.7183000445365906,0.3778206706047058,0.5636261701583862,0.7113174796104431,0.6519386172294617,0.9744170904159546,0.897498369216919,0.8427038192749023,1.2061446905136108,1.3209680318832397,1.23759925365448,1.6100983619689941,1.7465662956237793,1.8477836847305298
B6,1.9027692079544067,1.8364940881729126,1.471646785736084,1.4272406101226807,1.2054505348205566,0.8346088528633118,0.951292872428894,1.1320858001708984,0.8705328106880188,0.8869462609291077,1.2619895935058594,1.3529002666473389,1.651987075805664,1.6528818607330322,1.9490268230438232,1.271323323249817,1.0961427688598633,0.7683075070381165,0.6175941824913025,0.37902289628982544,0.0,0.37530839443206787,0.5180159211158752,0.48214930295944214,0.7290629148483276,0.9468863606452942,1.0356324911117554,1.407393217086792,1.5514378547668457,1.7541897296905518,1.5129045248031616,1.439266562461853,1.068593144416809,1.1167296171188354,1.0243080854415894,0.6821247935295105,0.9831308126449585,1.041749358177185,0.755041778087616,0.9688792824745178,1.2887499332427979,1.2637810707092285,1.5905057191848755,1.570159912109375,1.8090441226959229,2.0936741828918457,1.913902997970581,1.5368375778198242,1.569968581199646,1.330449104309082,1.0152339935302734,1.2171850204467773,1.4549640417099,1.2523412704467773,1.3376438617706299,1.6943955421447754,1.784972906112671,2.105712652206421,2.122288942337036,2.391268014907837,1.1663542985916138,1.0329692363739014,0.6513240337371826,0.7724729180335999,0.7199296355247498,0.5170678496360779,0.888796329498291,0.9437729716300964,0.8218770027160645,1.145113468170166,1.3586819171905518,1.3442814350128174,1.7230112552642822,1.8331774473190308,1.9989372491836548
B7,2.0585081577301025,2.0493483543395996,1.6902462244033813,1.6910154819488525,1.5228828191757202,1.1451371908187866,1.2815818786621094,1.3976858854293823,1.0792133808135986,1.092110514640808,1.4517713785171509,1.4792022705078125,1.73879075050354,1.6558204889297485,1.954856276512146,1.4601526260375977,1.270973801612854,1.015323281288147,0.7384569644927979,0.4446849226951599,0.37530839443206787,0.0,0.37142446637153625,0.5244596004486084,0.5809291005134583,0.7522091865539551,0.9620309472084045,1.2935487031936646,1.494827389717102,1.7188369035720825,1.3845524787902832,1.3718738555908203,1.0476276874542236,1.0355322360992432,1.0308352708816528,0.723393976688385,0.9728403091430664,0.8972691297531128,0.5624239444732666,0.8229624032974243,1.0781784057617188,0.9686124920845032,1.2831910848617554,1.2449373006820679,1.4560790061950684,2.3977460861206055,2.180654764175415,1.814235806465149,1.8128166198730469,1.5195636749267578,1.2425023317337036,1.3661353588104248,1.6611253023147583,1.5068336725234985,1.5293530225753784,1.8826673030853271,2.029167413711548,2.3348639011383057,2.371227264404297,2.6598141193389893,1.1151494979858398,1.0841652154922485,0.7531726360321045,0.9927050471305847,1.048112392425537,0.8770964741706848,1.244594931602478,1.237718105316162,1.0785387754440308,1.4254637956619263,1.6228697299957275,1.5370433330535889,1.9038907289505005,1.9700294733047485,2.1014678478240967
B8,2.1691787242889404,2.1765167713165283,1.8382757902145386,1.7679564952850342,1.5920586585998535,1.2317206859588623,1.262748122215271,1.362463355064392,1.0613096952438354,0.9504823684692383,1.291953206062317,1.3574694395065308,1.5572741031646729,1.4578546285629272,1.7892311811447144,1.2394975423812866,1.1263892650604248,0.9334729909896851,0.6000876426696777,0.5210720300674438,0.5180159211158752,0.37142446637153625,0.0,0.3705286383628845,0.4988691806793213,0.5076187252998352,0.6448301672935486,0.9900089502334595,1.2268691062927246,1.4043835401535034,1.7017713785171509,1.7235431671142578,1.399908185005188,1.4069433212280273,1.3847784996032715,1.050485372543335,1.2693275213241577,1.2187737226486206,0.8581530451774597,1.0156784057617188,1.2913235425949097,1.1708259582519531,1.4137053489685059,1.2758116722106934,1.513197660446167,2.4805948734283447,2.2725090980529785,1.9114017486572266,1.978704810142517,1.7157942056655884,1.4553295373916626,1.6402301788330078,1.917436957359314,1.7518870830535889,1.8285928964614868,2.1807820796966553,2.292587995529175,2.615140676498413,2.6367111206054688,2.9091103076934814,1.0299805402755737,0.927010715007782,0.6334285140037537,0.9606924653053284,1.0314723253250122,0.9792608618736267,1.3351774215698242,1.3607685565948486,1.2935949563980103,1.6386363506317139,1.8049626350402832,1.7475804090499878,2.1228175163269043,2.2387547492980957,2.3503997325897217
B9,1.8347562551498413,1.8467848300933838,1.5265346765518188,1.4288666248321533,1.2815468311309814,0.9382774829864502,0.957862138748169,1.0061439275741577,0.6972088813781738,0.6048261523246765,0.9491654634475708,1.004843831062317,1.243301272392273,1.1980228424072266,1.5147883892059326,1.2954155206680298,1.2466875314712524,0.9858636260032654,0.7612886428833008,0.7034750580787659,0.48214930295944214,0.5244596004486084,0.3705286383628845,0.0,0.3759723901748657,0.5602112412452698,0.5810233950614929,0.9463895559310913,1.0692952871322632,1.2833255529403687,1.89493989944458,1.8442789316177368,1.4902077913284302,1.4572763442993164,1.3366307020187378,0.9682106375694275,1.1361262798309326,1.1861162185668945,0.8419830203056335,0.8942959308624268,1.2359068393707275,1.2203150987625122,1.4613569974899292,1.3582279682159424,1.6518090963363647,2.153989791870117,1.934572458267212,1.5842958688735962,1.6822025775909424,1.4397276639938354,1.2147812843322754,1.4453701972961426,1.7057440280914307,1.566758394241333,1.7057642936706543,2.0338680744171143,2.124819278717041,2.4738969802856445,2.5251991748809814,2.7671241760253906,1.3368666172027588,1.1582415103912354,0.8193361759185791,1.0577342510223389,0.9882004261016846,0.8901278376579285,1.2367703914642334,1.3617043495178223,1.2882882356643677,1.5874680280685425,1.8071664571762085,1.8159681558609009,2.196587085723877,2.315319776535034,2.4755687713623047
B10,1.8249197006225586,1.9072099924087524,1.6055614948272705,1.569471001625061,1.5018891096115112,1.1636102199554443,1.2452057600021362,1.2066006660461426,0.853549063205719,0.8424873352050781,1.1152783632278442,1.0484379529953003,1.2479113340377808,1.1051040887832642,1.396366000175476,1.6316052675247192,1.5735223293304443,1.3330049514770508,1.0592784881591797,0.9320510625839233,0.7290629148483276,0.5809291005134583,0.4988691806793213,0.3759723901748657,0.0,0.37570804357528687,0.574382483959198,0.8405328392982483,0.9691785573959351,1.250123381614685,1.9062997102737427,1.8652517795562744,1.547315001487732,1.4311882257461548,1.329078197479248,0.9925047159194946,1.0603750944137573,1.0379235744476318,0.6935693621635437,0.6569819450378418,0.9514456987380981,0.9225772619247437,1.1134440898895264,0.9992892742156982,1.3131206035614014,2.330554485321045,2.062426805496216,1.7357406616210938,1.7893869876861572,1.4953311681747437,1.3304946422576904,1.4893662929534912,1.7990487813949585,1.725119709968567,1.8263752460479736,2.1365675926208496,2.2787938117980957,2.624691963195801,2.716090679168701,2.964975118637085,1.524060845375061,1.417887568473816,1.1043871641159058,1.3824256658554077,1.346217393875122,1.2028354406356812,1.5626009702682495,1.6678099632263184,1.5358524322509766,1.8410347700119019,2.083463668823242,2.0575144290924072,2.4316742420196533,2.5033681392669678,2.661965847015381
B11,2.158986806869507,2.251681327819824,1.9602227210998535,1.889252781867981,1.8019022941589355,1.4707744121551514,1.4843542575836182,1.4583414793014526,1.1367290019989014,1.0128597021102905,1.2523505687713623,1.2202404737472534,1.322307825088501,1.1157350540161133,1.4385359287261963,1.5678904056549072,1.5440690517425537,1.3870353698730469,1.0622271299362183,1.0270582437515259,0.9468863606452942,0.7522091865539551,0.5076187252998352,0.5602112412452698,0.37570804357528687,0.0,0.3616340756416321,0.5686584115028381,0.8261889815330505,1.0481829643249512,2.0582263469696045,2.0810492038726807,1.781594157218933,1.6982836723327637,1.6516166925430298,1.323531985282898,1.417121410369873,1.3428807258605957,0.9907523989677429,0.9837053418159485,1.2100462913513184,1.0947645902633667,1.2080155611038208,0.9768512845039368,1.2641469240188599,2.6402525901794434,2.3852970600128174,2.0611536502838135,2.144826650619507,1.864275336265564,1.6892157793045044,1.858239769935608,2.163904905319214,2.0672695636749268,2.1638665199279785,2.4879236221313477,2.622182607650757,2.96368145942688,3.0309042930603027,3.287461280822754,1.4277896881103516,1.3348208665847778,1.1017714738845825,1.4426825046539307,1.4754258394241333,1.41694974899292,1.7717242240905762,1.845649242401123,1.7625596523284912,2.0918819904327393,2.2899651527404785,2.2427330017089844,2.617985486984253,2.7133071422576904,2.832958221435547
B12,2.1502153873443604,2.2298383712768555,1.9619462490081787,1.8217941522598267,1.7225961685180664,1.4317255020141602,1.355865478515625,1.3173928260803223,1.055943489074707,0.8287937045097351,1.014713168144226,1.0439057350158691,1.0935641527175903,0.9272291660308838,1.2809890508651733,1.3962002992630005,1.4589918851852417,1.3260102272033691,1.0534262657165527,1.1309516429901123,1.0356324911117554,0.9620309472084045,0.6448301672935486,0.5810233950614929,0.574382483959198,0.3616340756416321,0.0,0.38252881169319153,0.60417240858078,0.7621434330940247,2.324437379837036,2.3318259716033936,2.00412654876709,1.9517791271209717,1.8637006282806396,1.5076316595077515,1.6145806312561035,1.6089006662368774,1.255356788635254,1.219624638557434,1.4936577081680298,1.428019642829895,1.5376893281936646,1.301654577255249,1.6010924577713013,2.542384624481201,2.3119685649871826,2.000025749206543,2.146634578704834,1.915897250175476,1.7478164434432983,1.976464033126831,2.244915723800659,2.1303930282592773,2.2809696197509766,2.6004834175109863,2.690917491912842,3.046846389770508,3.1006317138671875,3.3338735103607178,1.4998692274093628,1.319300889968872,1.1080851554870605,1.4237319231033325,1.4130539894104004,1.4198834896087646,1.7403550148010254,1.8600324392318726,1.8368476629257202,2.1442787647247314,2.331685781478882,2.330324649810791,2.710676670074463,2.8477587699890137,2.974898338317871
B13,2.323288917541504,2.452028274536133,2.2190377712249756,2.078835964202881,2.025402069091797,1.758985161781311,1.6733472347259521,1.5776071548461914,1.3336001634597778,1.1134662628173828,1.1984083652496338,1.1675606966018677,1.0946948528289795,0.8302738070487976,1.157614827156067,1.684493064880371,1.7843555212020874,1.6886537075042725,1.4095814228057861,1.4938750267028809,1.407393217086792,1.2935487031936646,0.9900089502334595,0.9463895559310913,0.8405328392982483,0.5686584115028381,0.38252881169319153,0.0,0.3838772773742676,0.508474588394165,2.6219708919525146,2.645004987716675,2.3345234394073486,2.2514216899871826,2.16898512840271,1.825500726699829,1.8835628032684326,1.8544433116912842,1.5174922943115234,1.4239565134048462,1.6435010433197021,1.5705540180206299,1.5888056755065918,1.296600580215454,1.5884653329849243,2.7972304821014404,2.5489447116851807,2.2667150497436523,2.4215314388275146,2.188342332839966,2.0623650550842285,2.2758703231811523,2.5547823905944824,2.4700305461883545,2.6221585273742676,2.9297666549682617,3.031191825866699,3.3919901847839355,3.4625327587127686,3.690279483795166,1.7829092741012573,1.625203251838684,1.4596943855285645,1.788525938987732,1.7873353958129883,1.8006141185760498,2.1179006099700928,2.241837739944458,2.216024875640869,2.5236005783081055,2.714060068130493,2.707263946533203,3.0869123935699463,3.217305898666382,3.3379263877868652
