,A1,A2,A3,A4,A5,A6,A7,A8,A9,A10,A11,A12,A13,A14,A15,B1,B2,B3,B4,B5,B6,B7,B8,B9,B10,B11,B12,B13,B14,B15,C1,C2,C3,C4,C5,C6,C7,C8,C9,C10,C11,C12,C13,C14,C15,D1,D2,D3,D4,D5,D6,D7,D8,D9,D10,D11,D12,D13,D14,D15,E1,E2,E3,E4,E5,E6,E7,E8,E9,E10,E11,E12,E13,E14,E15
A1,0.0,0.38177451491355896,0.6450741291046143,0.7665905356407166,1.155510663986206,1.3093994855880737,1.4761208295822144,1.1743582487106323,1.1327677965164185,1.4608677625656128,1.3805670738220215,1.1562236547470093,1.411608338356018,1.558316946029663,1.443508267402649,1.7406493425369263,1.902466058731079,1.7368555068969727,1.4971736669540405,1.4878487586975098,1.339372992515564,1.1373770236968994,0.9278044104576111,0.868691086769104,0.6349741220474243,0.3485950529575348,0.45063310861587524,0.37075546383857727,0.6388033032417297,0.9047201871871948,3.1043264865875244,2.9267451763153076,2.551229476928711,2.4799938201904297,2.186795711517334,1.8340318202972412,1.8358632326126099,2.0804283618927,1.8896571397781372,1.6923308372497559,2.014665126800537,2.1726438999176025,2.3422892093658447,2.257413625717163,2.600054979324341,2.4300990104675293,2.0785059928894043,1.8645830154418945,1.9316798448562622,1.7017122507095337,1.696147084236145,1.977439284324646,2.2086122035980225,2.1927237510681152,2.4217967987060547,2.708428382873535,2.780092716217041,3.159400224685669,3.2676432132720947,3.4297425746917725,2.283738374710083,1.921357274055481,1.746860146522522,1.779607892036438,1.5619984865188599,1.6548523902893066,1.8387526273727417,2.067413330078125,2.151350736618042,2.3426482677459717,2.5854485034942627,2.718867301940918,3.087393283843994,3.251250743865967,3.4176955223083496
A2,0.38177451491355896,0.0,0.3816576302051544,0.5420304536819458,0.9019911289215088,1.123692274093628,1.3029050827026367,1.055983543395996,1.0908654928207397,1.4355039596557617,1.4127453565597534,1.2760199308395386,1.5880416631698608,1.7736395597457886,1.7186405658721924,1.8208093643188477,1.9130773544311523,1.718125820159912,1.4352788925170898,1.3309460878372192,1.179602861404419,0.9084538221359253,0.8061305284500122,0.8225741386413574,0.4932299554347992,0.38111671805381775,0.6950914859771729,0.7470656633377075,0.961785614490509,1.2685192823410034,2.8798694610595703,2.7146830558776855,2.3493504524230957,2.2322258949279785,1.9366487264633179,1.596392035484314,1.5402979850769043,1.776573657989502,1.6153061389923096,1.3772132396697998,1.6831079721450806,1.8742012977600098,2.033822536468506,1.9849393367767334,2.3343825340270996,2.200071096420288,1.86613130569458,1.6485270261764526,1.7855979204177856,1.612326741218567,1.5935900211334229,1.9206656217575073,2.1035172939300537,2.0436980724334717,2.3059499263763428,2.579529285430908,2.6024930477142334,2.981267213821411,3.067784070968628,3.2030856609344482,2.3594095706939697,2.0212769508361816,1.7946248054504395,1.7793546915054321,1.4929155111312866,1.5304795503616333,1.679293155670166,1.9601929187774658,2.035978078842163,2.176727533340454,2.4434914588928223,2.614020586013794,2.968993902206421,3.1286704540252686,3.3288516998291016
A3,0.6450741291046143,0.3816576302051544,0.0,0.39481160044670105,0.6542099714279175,0.8071579933166504,1.0586109161376953,0.8975867629051208,0.88311368227005,1.2466546297073364,1.3225165605545044,1.2236645221710205,1.5832164287567139,1.739211916923523,1.7576708793640137,1.5949647426605225,1.6282110214233398,1.4020766019821167,1.1182172298431396,0.9669631123542786,0.8058520555496216,0.5299098491668701,0.4898172914981842,0.5387992262840271,0.24627482891082764,0.39625874161720276,0.7249189019203186,0.9447954297065735,1.1458314657211304,1.4458929300308228,2.51464581489563,2.363574504852295,1.9951517581939697,1.8921005725860596,1.6238380670547485,1.2663447856903076,1.2431707382202148,1.451137661933899,1.2559072971343994,1.0478060245513916,1.3768668174743652,1.539812445640564,1.734118938446045,1.6948025226593018,2.0304150581359863,1.8590326309204102,1.5362259149551392,1.2875887155532837,1.4270979166030884,1.2626209259033203,1.2328518629074097,1.5748485326766968,1.7366926670074463,1.66726553440094,1.9403733015060425,2.205045223236084,2.2218120098114014,2.60093092918396,2.69388484954834,2.828693389892578,2.1509201526641846,1.8371845483779907,1.5598374605178833,1.5542017221450806,1.2510340213775635,1.217079520225525,1.3960856199264526,1.6872094869613647,1.7179956436157227,1.8550376892089844,2.1467690467834473,2.3077635765075684,2.661022186279297,2.796322822570801,3.0106654167175293
A4,0.7665905356407166,0.5420304536819458,0.39481160044670105,0.0,0.39465510845184326,0.6378865242004395,0.7631566524505615,0.5434936881065369,0.6554462909698486,0.9726186394691467,1.0133863687515259,0.9956601858139038,1.3570135831832886,1.5802128314971924,1.6320167779922485,1.825905203819275,1.8447896242141724,1.559574842453003,1.3484599590301514,1.1622077226638794,0.8770762085914612,0.7116225361824036,0.781387984752655,0.6460479497909546,0.3286876380443573,0.6303791403770447,0.840100109577179,1.027871012687683,1.0932725667953491,1.440435528755188,2.445235013961792,2.241464853286743,1.8820831775665283,1.766923427581787,1.4448273181915283,1.1172102689743042,1.0981155633926392,1.3885973691940308,1.2637639045715332,1.1014823913574219,1.4559693336486816,1.6639134883880615,1.9063891172409058,1.9354736804962158,2.2547719478607178,2.064220428466797,1.78068208694458,1.4771208763122559,1.6208845376968384,1.4258718490600586,1.285056233406067,1.6303950548171997,1.822396993637085,1.6899296045303345,1.9218199253082275,2.2263598442077637,2.2391412258148193,2.6068973541259766,2.6505229473114014,2.812537431716919,1.9793791770935059,1.6799982786178589,1.4320646524429321,1.3363685607910156,1.002634048461914,1.049843430519104,1.1503410339355469,1.4419431686401367,1.5479916334152222,1.6676229238510132,1.9180454015731812,2.10963773727417,2.455507755279541,2.637042999267578,2.8389732837677
A5,1.155510663986206,0.9019911289215088,0.6542099714279175,0.39465510845184326,0.0,0.38137897849082947,0.4749496281147003,0.4763060510158539,0.6573413014411926,0.896105170249939,1.0447320938110352,1.1417683362960815,1.5118213891983032,1.7346675395965576,1.8580310344696045,1.9186323881149292,1.8615667819976807,1.535760521888733,1.357062578201294,1.0860576629638672,0.7576913833618164,0.6690232753753662,0.9016498327255249,0.7821333408355713,0.6078884601593018,0.970396876335144,1.1703648567199707,1.404691457748413,1.4466062784194946,1.7885608673095703,2.090038537979126,1.8783997297286987,1.5325068235397339,1.3881131410598755,1.055601954460144,0.7460958957672119,0.7150740027427673,1.0305614471435547,0.9551047086715698,0.8443232178688049,1.2020924091339111,1.4245456457138062,1.7080566883087158,1.8023617267608643,2.091407060623169,1.8904125690460205,1.6628186702728271,1.323926329612732,1.5043596029281616,1.3519701957702637,1.1438654661178589,1.5040031671524048,1.652015209197998,1.4513907432556152,1.6819438934326172,1.9825371503829956,1.955163836479187,2.3097448348999023,2.317204713821411,2.474696159362793,1.9116337299346924,1.6689295768737793,1.384682536125183,1.2284035682678223,0.8433036208152771,0.8092905282974243,0.8393405079841614,1.1785906553268433,1.275504231452942,1.3344361782073975,1.5991735458374023,1.8236587047576904,2.1491267681121826,2.3288936614990234,2.556339740753174
A6,1.3093994855880737,1.123692274093628,0.8071579933166504,0.6378865242004395,0.38137897849082947,0.0,0.37458959221839905,0.5259600281715393,0.5031874179840088,0.7137300372123718,0.981646716594696,1.0758877992630005,1.4488266706466675,1.6051994562149048,1.7854259014129639,1.6851035356521606,1.5938935279846191,1.2385690212249756,1.1344325542449951,0.8828688263893127,0.500296413898468,0.6169739961624146,0.8423004150390625,0.6656919717788696,0.690899133682251,1.0620980262756348,1.187739610671997,1.493200421333313,1.5303398370742798,1.8321388959884644,1.8405752182006836,1.6273571252822876,1.2589081525802612,1.1972992420196533,0.9148573279380798,0.5548113584518433,0.7183946967124939,0.9731828570365906,0.8175976276397705,0.8498144745826721,1.2187857627868652,1.3549734354019165,1.6835200786590576,1.7589068412780762,2.0121002197265625,1.7368102073669434,1.5264602899551392,1.1545628309249878,1.2622835636138916,1.0697712898254395,0.8008949160575867,1.1448475122451782,1.31297767162323,1.1137157678604126,1.3187609910964966,1.6357477903366089,1.6466203927993774,2.003206729888916,2.0338761806488037,2.2234854698181152,1.6124751567840576,1.3952080011367798,1.0727900266647339,0.9503766894340515,0.5869019031524658,0.45156341791152954,0.6001483201980591,0.9067996144294739,0.9388439059257507,1.0542857646942139,1.3401070833206177,1.5165581703186035,1.8605917692184448,2.0144405364990234,2.2341792583465576
A7,1.4761208295822144,1.3029050827026367,1.0586109161376953,0.7631566524505615,0.4749496281147003,0.37458959221839905,0.0,0.3819613754749298,0.5462150573730469,0.5726600289344788,0.8099365234375,1.0261404514312744,1.360399603843689,1.5763951539993286,1.780653476715088,2.006237268447876,1.9238115549087524,1.5545790195465088,1.4940813779830933,1.2510497570037842,0.866737425327301,0.9745155572891235,1.190566897392273,0.9652507901191711,0.9268070459365845,1.2960476875305176,1.3868014812469482,1.643466830253601,1.597391963005066,1.9161807298660278,1.8804852962493896,1.606689453125,1.2724812030792236,1.190712809562683,0.8427587151527405,0.5982162952423096,0.742370069026947,1.0712640285491943,1.0333267450332642,1.086477279663086,1.42890465259552,1.6067554950714111,1.9444732666015625,2.068401336669922,2.3098435401916504,2.045656204223633,1.8678157329559326,1.4908124208450317,1.6044487953186035,1.408929467201233,1.0926268100738525,1.3928605318069458,1.5743094682693481,1.3287030458450317,1.4673162698745728,1.8067011833190918,1.807584524154663,2.133331298828125,2.1023366451263428,2.3134925365448,1.5539398193359375,1.3713321685791016,1.1115590333938599,0.8594696521759033,0.465815007686615,0.5051279664039612,0.4114452600479126,0.7249767780303955,0.8965436220169067,0.9630954265594482,1.1712199449539185,1.3991872072219849,1.7237274646759033,1.9405437707901,2.1425797939300537
A8,1.1743582487106323,1.055983543395996,0.8975867629051208,0.5434936881065369,0.4763060510158539,0.5259600281715393,0.3819613754749298,0.0,0.3772110342979431,0.5044301748275757,0.5745705962181091,0.7346052527427673,1.0786080360412598,1.3362703323364258,1.4863862991333008,1.971950650215149,1.9612889289855957,1.6161431074142456,1.5293020009994507,1.3466360569000244,0.967235267162323,1.0039081573486328,1.1207773685455322,0.8457177877426147,0.7299025654792786,1.0570769309997559,1.1110059022903442,1.3183128833770752,1.2368886470794678,1.5675454139709473,2.249823808670044,1.9806760549545288,1.638076663017273,1.5679064989089966,1.2192494869232178,0.9502747058868408,1.0418126583099365,1.3813987970352173,1.3079043626785278,1.2830314636230469,1.646492838859558,1.8387426137924194,2.147984504699707,2.228154182434082,2.5044305324554443,2.252077579498291,2.0213122367858887,1.661840796470642,1.7563821077346802,1.514805793762207,1.2469062805175781,1.5453468561172485,1.778387188911438,1.5918148756027222,1.7355509996414185,2.0842747688293457,2.120835304260254,2.460763692855835,2.4576666355133057,2.6719045639038086,1.5778371095657349,1.3249564170837402,1.1179368495941162,0.9035637378692627,0.5605358481407166,0.7502046823501587,0.7568660974502563,0.9886476397514343,1.18635892868042,1.3147153854370117,1.4920053482055664,1.6881111860275269,2.027548313140869,2.25667405128479,2.4261550903320312
A9,1.1327677965164185,1.0908654928207397,0.88311368227005,0.6554462909698486,0.6573413014411926,0.5031874179840088,0.5462150573730469,0.3772110342979431,0.0,0.3735508918762207,0.5539581179618835,0.5767755508422852,0.9505981206893921,1.1103397607803345,1.2891812324523926,1.6369519233703613,1.6421369314193726,1.3002123832702637,1.2633302211761475,1.1573182344436646,0.7882358431816101,0.9174935817718506,0.95005202293396,0.6085942387580872,0.6588752269744873,0.9565385580062866,0.9280736446380615,1.2068310976028442,1.1512714624404907,1.4287739992141724,2.211448907852173,1.9626249074935913,1.5978261232376099,1.60715913772583,1.3178393840789795,1.0017341375350952,1.1901391744613647,1.4701703786849976,1.308652400970459,1.332037329673767,1.7074968814849854,1.8309454917907715,2.148359537124634,2.1766772270202637,2.4409918785095215,2.1392910480499268,1.891406774520874,1.5343478918075562,1.549452543258667,1.2524034976959229,0.9932548999786377,1.252618432044983,1.531775951385498,1.405734896659851,1.5292593240737915,1.8829987049102783,1.977055549621582,2.3245110511779785,2.3720030784606934,2.606458902359009,1.3244647979736328,1.03789484500885,0.7968239188194275,0.6919775009155273,0.43085747957229614,0.6130020618438721,0.7909289002418518,0.9458236694335938,1.0669023990631104,1.2881418466567993,1.4823628664016724,1.6014232635498047,1.96928870677948,2.161102294921875,2.3098251819610596
A10,1.4608677625656128,1.4355039596557617,1.2466546297073364,0.9726186394691467,0.896105170249939,0.7137300372123718,0.5726600289344788,0.5044301748275757,0.3735508918762207,0.0,0.3770166337490082,0.5852428674697876,0.8660392165184021,1.0384166240692139,1.2928396463394165,1.868314266204834,1.855116367340088,1.4954928159713745,1.5363318920135498,1.4319342374801636,1.053412675857544,1.2429249286651611,1.3070452213287354,0.9644138216972351,1.0279386043548584,1.3183345794677734,1.2478692531585693,1.495348334312439,1.3616435527801514,1.6152172088623047,2.165332317352295,1.871856927871704,1.5370742082595825,1.583414077758789,1.2960747480392456,1.059928059577942,1.2939095497131348,1.5837221145629883,1.4715155363082886,1.558742642402649,1.9200634956359863,2.0405802726745605,2.3837738037109375,2.445617914199829,2.683539867401123,2.359675168991089,2.150803804397583,1.77711820602417,1.771911382675171,1.470600962638855,1.1496644020080566,1.3446110486984253,1.635912537574768,1.4753044843673706,1.5175621509552002,1.8921691179275513,2.0007050037384033,2.3154475688934326,2.324181079864502,2.592705726623535,1.0763047933578491,0.8470420837402344,0.6806793212890625,0.41439828276634216,0.2391088455915451,0.6078869104385376,0.6774136424064636,0.7046322822570801,0.917675793170929,1.1464275121688843,1.2543245553970337,1.3636794090270996,1.7209752798080444,1.954306721687317,2.067636251449585
A11,1.3805670738220215,1.4127453565597534,1.3225165605545044,1.0133863687515259,1.0447320938110352,0.981646716594696,0.8099365234375,0.5745705962181091,0.5539581179618835,0.3770166337490082,0.0,0.3710726201534271,0.5797340869903564,0.864314615726471,1.067722201347351,2.0627691745758057,2.106807231903076,1.7717370986938477,1.7872825860977173,1.7080038785934448,1.336128830909729,1.4574027061462402,1.473083257675171,1.1179481744766235,1.100721001625061,1.3289066553115845,1.213641881942749,1.3726435899734497,1.1545424461364746,1.4077777862548828,2.5269250869750977,2.2222371101379395,1.8974801301956177,1.9181782007217407,1.6001670360565186,1.374298095703125,1.5498437881469727,1.8742064237594604,1.781311273574829,1.8150066137313843,2.1828501224517822,2.3363335132598877,2.6623902320861816,2.716478109359741,2.978531837463379,2.676095485687256,2.4414405822753906,2.0782432556152344,2.0831925868988037,1.7692357301712036,1.4827102422714233,1.6784822940826416,1.9865318536758423,1.843948483467102,1.8895906209945679,2.2644894123077393,2.376976251602173,2.692258834838867,2.694711208343506,2.962265729904175,1.2196687459945679,0.9567003846168518,0.9173528552055359,0.6893057227134705,0.6114722490310669,0.9760071039199829,1.001098394393921,1.0249181985855103,1.2804807424545288,1.4907574653625488,1.5567747354507446,1.6737595796585083,2.013636589050293,2.2756412029266357,2.3607161045074463
A12,1.1562236547470093,1.2760199308395386,1.2236645221710205,0.9956601858139038,1.1417683362960815,1.0758877992630005,1.0261404514312744,0.7346052527427673,0.5767755508422852,0.5852428674697876,0.3710726201534271,0.0,0.3850947320461273,0.6176288723945618,0.7596357464790344,1.8392868041992188,1.9418753385543823,1.6473876237869263,1.654677391052246,1.6469281911849976,1.3172969818115234,1.4169057607650757,1.3378915786743164,0.9747870564460754,0.9874269366264343,1.124987244606018,0.9284042716026306,1.0741475820541382,0.8505502939224243,1.065295934677124,2.7172951698303223,2.4421544075012207,2.0942258834838867,2.1341357231140137,1.8353357315063477,1.555070400238037,1.733141541481018,2.0360093116760254,1.885344386100769,1.890975832939148,2.268301486968994,2.3979973793029785,2.7033183574676514,2.7050325870513916,2.980712652206421,2.6736133098602295,2.4020299911499023,2.0641703605651855,2.0326926708221436,1.6902838945388794,1.4671039581298828,1.645640254020691,1.97977876663208,1.903106927871704,1.966933012008667,2.331210136413574,2.475975275039673,2.8083102703094482,2.859132766723633,3.1221766471862793,1.260711669921875,0.9225464463233948,0.8977115750312805,0.8313029408454895,0.8047004342079163,1.1165235042572021,1.2460057735443115,1.2815697193145752,1.4682979583740234,1.7250670194625854,1.8288289308547974,1.903879165649414,2.263185739517212,2.4902756214141846,2.56752347946167
A13,1.411608338356018,1.5880416631698608,1.5832164287567139,1.3570135831832886,1.5118213891983032,1.4488266706466675,1.360399603843689,1.0786080360412598,0.9505981206893921,0.8660392165184021,0.5797340869903564,0.3850947320461273,0.0,0.3906048834323883,0.5217263102531433,2.071258783340454,2.206698417663574,1.933429479598999,1.9793245792388916,2.007054567337036,1.6869550943374634,1.797842264175415,1.6957587003707886,1.334871530532837,1.3520089387893677,1.438477873802185,1.1879645586013794,1.2526003122329712,0.9454014301300049,1.0621494054794312,3.008542060852051,2.716259479522705,2.385382890701294,2.4490694999694824,2.153749465942383,1.900557518005371,2.088362455368042,2.3975348472595215,2.2561936378479004,2.2732927799224854,2.6501262187957764,2.777670383453369,3.0864553451538086,3.0838522911071777,3.356264114379883,3.037891149520874,2.7668023109436035,2.4317216873168945,2.3746933937072754,2.015906572341919,1.7939153909683228,1.924625277519226,2.278136968612671,2.2165305614471436,2.23740816116333,2.6048593521118164,2.776104688644409,3.09171724319458,3.137481212615967,3.420872688293457,1.2579425573349,0.9452759027481079,1.0675990581512451,1.0138345956802368,1.0967754125595093,1.4377522468566895,1.5403220653533936,1.5074913501739502,1.7189326286315918,1.9860072135925293,2.031862735748291,2.0759832859039307,2.417499542236328,2.662663698196411,2.6916861534118652
A14,1.558316946029663,1.7736395597457886,1.739211916923523,1.5802128314971924,1.7346675395965576,1.6051994562149048,1.5763951539993286,1.3362703323364258,1.1103397607803345,1.0384166240692139,0.864314615726471,0.6176288723945618,0.3906048834323883,0.0,0.3665304183959961,1.894626259803772,2.0575132369995117,1.8216453790664673,1.9250186681747437,2.023557186126709,1.7464334964752197,1.900185227394104,1.7500665187835693,1.3954343795776367,1.5007797479629517,1.5492172241210938,1.2430334091186523,1.340623140335083,1.0819445848464966,1.0874080657958984,3.0618720054626465,2.789565086364746,2.457644462585449,2.573969602584839,2.32132625579834,2.0538320541381836,2.285329580307007,2.5588483810424805,2.374173641204834,2.4211924076080322,2.796112537384033,2.8771181106567383,3.1860713958740234,3.1484215259552,3.403832197189331,3.0545692443847656,2.781876564025879,2.4639272689819336,2.345346450805664,1.963943600654602,1.7740410566329956,1.8342996835708618,2.2074553966522217,2.2029147148132324,2.191225290298462,2.5431227684020996,2.760294198989868,3.0660221576690674,3.1490321159362793,3.445314645767212,1.1037307977676392,0.7801016569137573,0.9736484289169312,1.0539997816085815,1.2348436117172241,1.5331623554229736,1.700067162513733,1.6199100017547607,1.7692738771438599,2.080763101577759,2.127297878265381,2.105241060256958,2.45068097114563,2.6588077545166016,2.658055543899536
A15,1.443508267402649,1.7186405658721924,1.7576708793640137,1.6320167779922485,1.8580310344696045,1.7854259014129639,1.780653476715088,1.4863862991333008,1.2891812324523926,1.2928396463394165,1.067722201347351,0.7596357464790344,0.5217263102531433,0.3665304183959961,0.0,1.969982385635376,2.1837658882141113,1.9864977598190308,2.0419294834136963,2.1607744693756104,1.9078620672225952,2.002624034881592,1.8071191310882568,1.4811452627182007,1.538965106010437,1.5046522617340088,1.1694492101669312,1.1675126552581787,0.8793905377388,0.796570897102356,3.3575029373168945,3.0946476459503174,2.7498464584350586,2.840071439743042,2.5692501068115234,2.279201030731201,2.474290609359741,2.757246732711792,2.565114736557007,2.5652740001678467,2.9413249492645264,3.036370277404785,3.3204493522644043,3.259648561477661,3.5363986492156982,3.2118537425994873,2.910869836807251,2.61509108543396,2.5083203315734863,2.1314022541046143,1.9885059595108032,2.072765350341797,2.441387891769409,2.456197500228882,2.479581832885742,2.8241586685180664,3.034693956375122,3.3560948371887207,3.4522485733032227,3.7342021465301514,1.464487075805664,1.133959412574768,1.2898730039596558,1.3796244859695435,1.5005022287368774,1.7906129360198975,1.9648197889328003,1.9306039810180664,2.0816938877105713,2.3856754302978516,2.454967498779297,2.452288866043091,2.803053617477417,3.010343074798584,3.0197460651397705
B1,1.7406493425369263,1.8208093643188477,1.5949647426605225,1.825905203819275,1.9186323881149292,1.6851035356521606,2.006237268447876,1.971950650215149,1.6369519233703613,1.868314266204834,2.0627691745758057,1.8392868041992188,2.071258783340454,1.894626259803772,1.969982385635376,0.0,0.37569326162338257,0.6044191122055054,0.6907708048820496,1.0860079526901245,1.2639001607894897,1.3986397981643677,1.1395013332366943,1.1879953145980835,1.5160541534423828,1.4652259349822998,1.3736138343811035,1.6868786811828613,1.901860237121582,1.911659836769104,2.6144516468048096,2.5777764320373535,2.2375757694244385,2.3871452808380127,2.3405239582061768,1.9999029636383057,2.2190282344818115,2.235064744949341,1.873029112815857,1.9238100051879883,2.1622822284698486,2.0197815895080566,2.198367118835449,1.964768648147583,2.1355340480804443,1.7761895656585693,1.490924596786499,1.4039808511734009,1.09920072555542,0.8543763160705566,1.1241074800491333,1.050020694732666,1.2166961431503296,1.5023715496063232,1.6358798742294312,1.7578362226486206,1.9832558631896973,2.2994580268859863,2.584780216217041,2.7563555240631104,1.9559639692306519,1.7251322269439697,1.485874056816101,1.8157027959823608,1.8216733932495117,1.6855554580688477,2.0573618412017822,2.1242966651916504,1.931420087814331,2.215609073638916,2.487900495529175,2.4081833362579346,2.7527241706848145,2.7180287837982178,2.8466835021972656
B2,1.902466058731079,1.9130773544311523,1.6282110214233398,1.8447896242141724,1.8615667819976807,1.5938935279846191,1.9238115549087524,1.9612889289855957,1.6421369314193726,1.855116367340088,2.106807231903076,1.9418753385543823,2.206698417663574,2.0575132369995117,2.1837658882141113,0.37569326162338257,0.0,0.38560593128204346,0.5478496551513672,0.9050263166427612,1.1344407796859741,1.314423680305481,1.1451563835144043,1.2223461866378784,1.5621505975723267,1.5889111757278442,1.5582361221313477,1.9061181545257568,2.1133618354797363,2.1743252277374268,2.287658452987671,2.2837674617767334,1.9618602991104126,2.123680353164673,2.1271579265594482,1.8130757808685303,2.042407989501953,2.00713849067688,1.6414164304733276,1.738905906677246,1.9434422254562378,1.758497953414917,1.9466145038604736,1.7288124561309814,1.8598672151565552,1.467083215713501,1.225996971130371,1.1433444023132324,0.7914438843727112,0.6024262309074402,0.9144595861434937,0.8009046316146851,0.8836594820022583,1.199154019355774,1.3436543941497803,1.4213231801986694,1.6353206634521484,1.9444953203201294,2.2430226802825928,2.400275230407715,1.942789912223816,1.7589139938354492,1.4711884260177612,1.7751214504241943,1.7617287635803223,1.556232213973999,1.9203978776931763,1.9902472496032715,1.7481848001480103,2.0022501945495605,2.2912521362304688,2.2077572345733643,2.5328011512756348,2.463958263397217,2.6182942390441895
B3,1.7368555068969727,1.718125820159912,1.4020766019821167,1.559574842453003,1.535760521888733,1.2385690212249756,1.5545790195465088,1.6161431074142456,1.3002123832702637,1.4954928159713745,1.7717370986938477,1.6473876237869263,1.933429479598999,1.8216453790664673,1.9864977598190308,0.6044191122055054,0.38560593128204346,0.0,0.3970161974430084,0.6693964600563049,0.8059875965118408,1.056041955947876,0.9466629028320312,0.953865110874176,1.3075973987579346,1.4115060567855835,1.390834093093872,1.7649998664855957,1.9300498962402344,2.039835214614868,2.0233869552612305,1.9746774435043335,1.6334089040756226,1.7926958799362183,1.7711647748947144,1.4548306465148926,1.708483099937439,1.7032533884048462,1.3481518030166626,1.4758975505828857,1.7199835777282715,1.5743132829666138,1.8223036527633667,1.6729375123977661,1.828547477722168,1.4162225723266602,1.1796358823776245,0.9793484807014465,0.6633398532867432,0.32454556226730347,0.5428710579872131,0.47632482647895813,0.6580861806869507,0.9040515422821045,1.0585041046142578,1.2176556587219238,1.423461675643921,1.7612407207489014,2.0151665210723877,2.201561450958252,1.6548848152160645,1.470170497894287,1.1459417343139648,1.4171369075775146,1.3867117166519165,1.1716207265853882,1.5362589359283447,1.6077933311462402,1.3751113414764404,1.6344529390335083,1.9241828918457031,1.8617281913757324,2.200065851211548,2.164940595626831,2.3300909996032715
B4,1.4971736669540405,1.4352788925170898,1.1182172298431396,1.3484599590301514,1.357062578201294,1.1344325542449951,1.4940813779830933,1.5293020009994507,1.2633302211761475,1.5363318920135498,1.7872825860977173,1.654677391052246,1.9793245792388916,1.9250186681747437,2.0419294834136963,0.6907708048820496,0.5478496551513672,0.3970161974430084,0.0,0.39629077911376953,0.6499145030975342,0.7705774307250977,0.6342859864234924,0.7792733311653137,1.0816999673843384,1.1569708585739136,1.2224868535995483,1.5858896970748901,1.8086836338043213,1.9511035680770874,2.112388849258423,2.073465347290039,1.7185759544372559,1.7948429584503174,1.7363076210021973,1.3902403116226196,1.5674148797988892,1.5628905296325684,1.1995314359664917,1.2353847026824951,1.4751441478729248,1.3567984104156494,1.5667259693145752,1.3912575244903564,1.601982593536377,1.2489213943481445,0.9381583333015442,0.7563875317573547,0.5480306148529053,0.3090261220932007,0.6252914667129517,0.7674285769462585,0.8607417941093445,1.0276966094970703,1.282433271408081,1.434900164604187,1.5553901195526123,1.9177864789962769,2.151524066925049,2.2926745414733887,1.9217729568481445,1.6917026042938232,1.3516333103179932,1.5629388093948364,1.436555027961731,1.2142456769943237,1.5597546100616455,1.7173470258712769,1.522535800933838,1.7365731000900269,2.0622739791870117,2.06613826751709,2.4091265201568604,2.397745370864868,2.598510980606079
B5,1.4878487586975098,1.3309460878372192,0.9669631123542786,1.1622077226638794,1.0860576629638672,0.8828688263893127,1.2510497570037842,1.3466360569000244,1.1573182344436646,1.4319342374801636,1.7080038785934448,1.6469281911849976,2.007054567337036,2.023557186126709,2.1607744693756104,1.0860079526901245,0.9050263166427612,0.6693964600563049,0.39629077911376953,0.0,0.39325809478759766,0.4883415997028351,0.5653663277626038,0.7425824403762817,0.9661810398101807,1.1404904127120972,1.295779824256897,1.6548439264297485,1.8600614070892334,2.0688538551330566,1.8613687753677368,1.8164576292037964,1.4600216150283813,1.4726970195770264,1.4025731086730957,1.060776710510254,1.1976373195648193,1.1765429973602295,0.815545916557312,0.8422833681106567,1.0905383825302124,1.0046747922897339,1.252875804901123,1.1509448289871216,1.3857049942016602,1.0560798645019531,0.7617815136909485,0.4631579518318176,0.46481412649154663,0.38627728819847107,0.5325390696525574,0.8236286044120789,0.8453752398490906,0.86888587474823,1.190816879272461,1.3577724695205688,1.391669750213623,1.7697463035583496,1.9530161619186401,2.0724053382873535,1.9772698879241943,1.7632200717926025,1.3939650058746338,1.5087827444076538,1.2987868785858154,1.024534821510315,1.321502923965454,1.5412417650222778,1.3577322959899902,1.5049927234649658,1.857515811920166,1.9211353063583374,2.251666784286499,2.258823871612549,2.4995386600494385
B6,1.339372992515564,1.179602861404419,0.8058520555496216,0.8770762085914612,0.7576913833618164,0.500296413898468,0.866737425327301,0.967235267162323,0.7882358431816101,1.053412675857544,1.336128830909729,1.3172969818115234,1.6869550943374634,1.7464334964752197,1.9078620672225952,1.2639001607894897,1.1344407796859741,0.8059875965118408,0.6499145030975342,0.39325809478759766,0.0,0.3755435049533844,0.5468550324440002,0.5286420583724976,0.7366272211074829,1.0122944116592407,1.145182490348816,1.5054867267608643,1.6421291828155518,1.8871945142745972,1.8107545375823975,1.6862848997116089,1.307630181312561,1.3086094856262207,1.1560614109039307,0.7831505537033081,0.9626146554946899,1.0513869524002075,0.739768922328949,0.7898306846618652,1.1265424489974976,1.1419850587844849,1.4471861124038696,1.4310106039047241,1.6758949756622314,1.357959270477295,1.106530785560608,0.7495642900466919,0.7921930551528931,0.5946234464645386,0.45125913619995117,0.8237846493721008,0.9542292356491089,0.8653579354286194,1.1411558389663696,1.400133728981018,1.4412686824798584,1.8209117650985718,1.942697525024414,2.106998920440674,1.7144376039505005,1.4912244081497192,1.1238923072814941,1.1703099012374878,0.919948935508728,0.6710496544837952,0.9655347466468811,1.2020059823989868,1.0817537307739258,1.2433948516845703,1.5773333311080933,1.6736027002334595,2.0215325355529785,2.088604688644409,2.3170626163482666
B7,1.1373770236968994,0.9084538221359253,0.5299098491668701,0.7116225361824036,0.6690232753753662,0.6169739961624146,0.9745155572891235,1.0039081573486328,0.9174935817718506,1.2429249286651611,1.4574027061462402,1.4169057607650757,1.797842264175415,1.900185227394104,2.002624034881592,1.3986397981643677,1.314423680305481,1.056041955947876,0.7705774307250977,0.4883415997028351,0.3755435049533844,0.0,0.37507084012031555,0.5376994609832764,0.5746169686317444,0.8163816332817078,1.05925714969635,1.3758621215820312,1.5661543607711792,1.8356177806854248,2.043808937072754,1.936105489730835,1.569932460784912,1.4903818368911743,1.3008688688278198,0.9327353239059448,0.9682029485702515,1.0722768306732178,0.7964943647384644,0.6627059578895569,0.9996553659439087,1.0840586423873901,1.3273108005523682,1.2977712154388428,1.5991824865341187,1.371424913406372,1.0753788948059082,0.7776399254798889,0.9378003478050232,0.8321110010147095,0.8098716735839844,1.1728836297988892,1.2623258829116821,1.1807917356491089,1.4892584085464478,1.7178049087524414,1.7124853134155273,2.0922300815582275,2.2041609287261963,2.325161933898926,2.032053232192993,1.7755906581878662,1.4299041032791138,1.4498295783996582,1.149828553199768,0.9586390852928162,1.1836551427841187,1.4771935939788818,1.4066698551177979,1.5225894451141357,1.8601213693618774,1.9994347095489502,2.3390729427337646,2.4199602603912354,2.662932872772217
B8,0.9278044104576111,0.8061305284500122,0.4898172914981842,0.781387984752655,0.9016498327255249,0.8423004150390625,1.190566897392273,1.1207773685455322,0.95005202293396,1.3070452213287354,1.473083257675171,1.3378915786743164,1.6957587003707886,1.7500665187835693,1.8071191310882568,1.1395013332366943,1.1451563835144043,0.9466629028320312,0.6342859864234924,0.5653663277626038,0.5468550324440002,0.37507084012031555,0.0,0.37345612049102783,0.5009409785270691,0.5803090929985046,0.7807166576385498,1.1121035814285278,1.3521435260772705,1.5728199481964111,2.331252098083496,2.225726366043091,1.8500385284423828,1.8194551467895508,1.6347330808639526,1.2556997537612915,1.329240083694458,1.4424984455108643,1.1469038724899292,1.0268921852111816,1.3393278121948242,1.3825608491897583,1.585943579673767,1.4747213125228882,1.7803281545639038,1.539367914199829,1.1948734521865845,0.9604960083961487,1.0054861307144165,0.8190168142318726,0.8913827538490295,1.1951724290847778,1.3434385061264038,1.3560916185379028,1.6362836360931396,1.865623950958252,1.9216755628585815,2.303070306777954,2.4562883377075195,2.5934231281280518,2.0136358737945557,1.7175860404968262,1.4002858400344849,1.4997628927230835,1.2632849216461182,1.1366519927978516,1.4166646003723145,1.661375880241394,1.59280264377594,1.773364543914795,2.0921249389648438,2.188382148742676,2.547567129135132,2.6233222484588623,2.834639310836792
B9,0.868691086769104,0.8225741386413574,0.5387992262840271,0.6460479497909546,0.7821333408355713,0.6656919717788696,0.9652507901191711,0.8457177877426147,0.6085942387580872,0.9644138216972351,1.1179481744766235,0.9747870564460754,1.334871530532837,1.3954343795776367,1.4811452627182007,1.1879953145980835,1.2223461866378784,0.953865110874176,0.7792733311653137,0.7425824403762817,0.5286420583724976,0.5376994609832764,0.37345612049102783,0.0,0.36908674240112305,0.5567356944084167,0.6186030507087708,0.9847047328948975,1.1309128999710083,1.3643239736557007,2.3139150142669678,2.1541121006011963,1.770668625831604,1.772788166999817,1.55054771900177,1.1714328527450562,1.3079187870025635,1.4900883436203003,1.2225914001464844,1.1678630113601685,1.524275302886963,1.591545581817627,1.8484807014465332,1.7820971012115479,2.070204496383667,1.787241816520691,1.4736040830612183,1.1799852848052979,1.1773152351379395,0.8937252163887024,0.8300042152404785,1.119198203086853,1.3548409938812256,1.3379813432693481,1.5567080974578857,1.8433517217636108,1.9375487565994263,2.3136730194091797,2.4417920112609863,2.625904083251953,1.687145709991455,1.3754485845565796,1.0797501802444458,1.166028380393982,0.9539085626602173,0.9106799364089966,1.1989586353302002,1.4031894207000732,1.3833444118499756,1.6049302816390991,1.8837862014770508,1.9703788757324219,2.34248948097229,2.4547715187072754,2.6348955631256104
B10,0.6349741220474243,0.4932299554347992,0.24627482891082764,0.3286876380443573,0.6078884601593018,0.690899133682251,0.9268070459365845,0.7299025654792786,0.6588752269744873,1.0279386043548584,1.100721001625061,0.9874269366264343,1.3520089387893677,1.5007797479629517,1.538965106010437,1.5160541534423828,1.5621505975723267,1.3075973987579346,1.0816999673843384,0.9661810398101807,0.7366272211074829,0.5746169686317444,0.5009409785270691,0.36908674240112305,0.0,0.37765833735466003,0.5926252603530884,0.861993670463562,1.0077358484268188,1.3086069822311401,2.4699511528015137,2.294262409210205,1.9188661575317383,1.8515955209732056,1.5752032995224,1.2108256816864014,1.250869870185852,1.4847179651260376,1.2810149192810059,1.1369497776031494,1.4933024644851685,1.6388119459152222,1.8709375858306885,1.8375036716461182,2.1567435264587402,1.9387226104736328,1.6231597661972046,1.3402806520462036,1.4290311336517334,1.2054214477539062,1.128614902496338,1.4536880254745483,1.6603586673736572,1.5924127101898193,1.8313984870910645,2.122014045715332,2.1704890727996826,2.5475947856903076,2.639000654220581,2.803886651992798,1.9177180528640747,1.5976920127868652,1.3336238861083984,1.3319052457809448,1.0515793561935425,1.0607635974884033,1.259055495262146,1.5178375244140625,1.5643545389175415,1.7345592975616455,2.0056064128875732,2.148625612258911,2.511000871658325,2.6580379009246826,2.8514211177825928
B11,0.3485950529575348,0.38111671805381775,0.39625874161720276,0.6303791403770447,0.970396876335144,1.0620980262756348,1.2960476875305176,1.0570769309997559,0.9565385580062866,1.3183345794677734,1.3289066553115845,1.124987244606018,1.438477873802185,1.5492172241210938,1.5046522617340088,1.4652259349822998,1.5889111757278442,1.4115060567855835,1.1569708585739136,1.1404904127120972,1.0122944116592407,0.8163816332817078,0.5803090929985046,0.5567356944084167,0.37765833735466003,0.0,0.37149176001548767,0.5784522294998169,0.8456759452819824,1.0971592664718628,2.801784038543701,2.644523859024048,2.2657713890075684,2.2096757888793945,1.946518898010254,1.5779720544815063,1.606532096862793,1.817400336265564,1.5923973321914673,1.4168723821640015,1.7447296380996704,1.8700472116470337,2.0534045696258545,1.960038661956787,2.292691469192505,2.098066806793213,1.7477514743804932,1.5260597467422485,1.5832798480987549,1.358094573020935,1.3687525987625122,1.6565845012664795,1.8706421852111816,1.8637934923171997,2.105832099914551,2.3785643577575684,2.448859453201294,2.829375743865967,2.952317953109741,3.109293222427368,2.121373414993286,1.7729898691177368,1.5449141263961792,1.6038936376571655,1.3748359680175781,1.403788685798645,1.6259100437164307,1.8624333143234253,1.8991984128952026,2.0931644439697266,2.362246513366699,2.4827113151550293,2.8522911071777344,2.9884839057922363,3.168832540512085
B12,0.45063310861587524,0.6950914859771729,0.7249189019203186,0.840100109577179,1.1703648567199707,1.187739610671997,1.3868014812469482,1.1110059022903442,0.9280736446380615,1.2478692531585693,1.213641881942749,0.9284042716026306,1.1879645586013794,1.2430334091186523,1.1694492101669312,1.3736138343811035,1.5582361221313477,1.390834093093872,1.2224868535995483,1.295779824256897,1.145182490348816,1.05925714969635,0.7807166576385498,0.6186030507087708,0.5926252603530884,0.37149176001548767,0.0,0.38365688920021057,0.6051216721534729,0.7926139235496521,2.92630672454834,2.749011754989624,2.3665006160736084,2.362093210220337,2.1021289825439453,1.7338793277740479,1.8263927698135376,2.0512425899505615,1.8112883567810059,1.693428635597229,2.0392160415649414,2.1374266147613525,2.3465802669525146,2.2401857376098633,2.55527400970459,2.313382148742676,1.9644936323165894,1.7298063039779663,1.7114001512527466,1.4197747707366943,1.4131065607070923,1.640628457069397,1.9120397567749023,1.9385141134262085,2.1293652057647705,2.420806646347046,2.543208599090576,2.916741132736206,3.052035093307495,3.243290901184082,1.92110013961792,1.5537000894546509,1.3836663961410522,1.4909707307815552,1.346204161643982,1.4382784366607666,1.685960292816162,1.8568047285079956,1.9051532745361328,2.149177074432373,2.383558511734009,2.462925434112549,2.841569423675537,2.9845476150512695,3.1256518363952637
B13,0.37075546383857727,0.7470656633377075,0.9447954297065735,1.027871012687683,1.404691457748413,1.493200421333313,1.643466830253601,1.3183128833770752,1.2068310976028442,1.495348334312439,1.3726435899734497,1.0741475820541382,1.2526003122329712,1.340623140335083,1.1675126552581787,1.6868786811828613,1.9061181545257568,1.7649998664855957,1.5858896970748901,1.6548439264297485,1.5054867267608643,1.3758621215820312,1.1121035814285278,0.9847047328948975,0.861993670463562,0.5784522294998169,0.38365688920021057,0.0,0.3885842263698578,0.5537558197975159,3.2805399894714355,3.091320276260376,2.7114439010620117,2.685218572616577,2.399235486984253,2.04231595993042,2.0973727703094482,2.3463845252990723,2.133737802505493,1.9790586233139038,2.315882682800293,2.4447853565216064,2.6306474208831787,2.523345947265625,2.8537521362304688,2.645753860473633,2.288534164428711,2.0722837448120117,2.075538158416748,1.7973028421401978,1.7938092947006226,2.022406578063965,2.2954251766204834,2.316045045852661,2.506166934967041,2.802605390548706,2.9195985794067383,3.2939634323120117,3.4192240238189697,3.6079459190368652,2.1814751625061035,1.8057552576065063,1.6904587745666504,1.7701716423034668,1.6294546127319336,1.7669942378997803,1.977060317993164,2.1498074531555176,2.237586259841919,2.4721310138702393,2.688042163848877,2.7825722694396973,3.158562660217285,3.324012517929077,3.4555277824401855
