,A1,A2,A3,A4,A5,A6,A7,A8,A9,A10,A11,A12,A13,A14,A15,B1,B2,B3,B4,B5,B6,B7,B8,B9,B10,B11,B12,B13,B14,B15,C1,C2,C3,C4,C5,C6,C7,C8,C9,C10,C11,C12,C13,C14,C15,D1,D2,D3,D4,D5,D6,D7,D8,D9,D10,D11,D12,D13,D14,D15,E1,E2,E3,E4,E5,E6,E7,E8,E9,E10,E11,E12,E13,E14,E15
A1,0.0,0.37026920914649963,0.7027643322944641,0.987403929233551,1.152042269706726,1.4871937036514282,1.797773003578186,2.1513190269470215,2.337344169616699,2.6459548473358154,2.8623011112213135,2.6060028076171875,2.4810144901275635,2.130648136138916,2.232908248901367,0.39059022068977356,0.6285011172294617,0.9289277195930481,0.9770947098731995,1.340164065361023,1.6167200803756714,1.9325053691864014,2.199155330657959,2.4510750770568848,2.768803596496582,2.8786628246307373,2.558436155319214,2.4036991596221924,2.035179615020752,2.0741662979125977,0.525083601474762,0.46343547105789185,0.8533260822296143,1.1782684326171875,1.4409754276275635,1.5842136144638062,1.8836778402328491,2.178900957107544,2.375410795211792,2.574204683303833,2.8462772369384766,2.9172182083129883,3.1231117248535156,3.0008890628814697,3.2319915294647217,5.767040252685547,5.568387508392334,5.258084297180176,4.926692485809326,4.6107401847839355,4.230697154998779,4.035073757171631,3.6647934913635254,3.4600250720977783,3.172144651412964,2.8859786987304688,3.13800048828125,3.3088788986206055,3.6788229942321777,3.7380661964416504,5.775582313537598,5.574846267700195,5.266966342926025,4.896060466766357,4.592349529266357,4.20650577545166,4.000993251800537,3.6206390857696533,3.4357545375823975,3.115873098373413,2.8470020294189453,3.0403189659118652,3.3887033462524414,3.6909239292144775,3.6952316761016846
A2,0.37026920914649963,0.0,0.3713580071926117,0.7082801461219788,0.9245706796646118,1.2414658069610596,1.5896273851394653,1.9476948976516724,2.1791412830352783,2.4629688262939453,2.7142860889434814,2.4937448501586914,2.3792011737823486,2.0528881549835205,2.2135682106018066,0.4833604693412781,0.4489175081253052,0.7167252898216248,0.7519071698188782,1.1083307266235352,1.379088044166565,1.7193949222564697,1.980088710784912,2.2625155448913574,2.5659499168395996,2.7120325565338135,2.418560743331909,2.254093647003174,1.901544213294983,1.991341233253479,0.7361418604850769,0.4663073420524597,0.7420682311058044,1.0242602825164795,1.2751264572143555,1.476885437965393,1.7696526050567627,2.033301830291748,2.265592098236084,2.418076515197754,2.713271141052246,2.815845489501953,3.0093138217926025,2.9097955226898193,3.171447992324829,5.642159938812256,5.457748889923096,5.157576084136963,4.827511310577393,4.498230934143066,4.116998195648193,3.944788932800293,3.5777881145477295,3.372192144393921,3.110593557357788,2.7945165634155273,3.012108564376831,3.1616318225860596,3.5311803817749023,3.5607337951660156,5.644254684448242,5.45827579498291,5.161975383758545,4.795255661010742,4.4767022132873535,4.0911760330200195,3.908599853515625,3.531299114227295,3.344255208969116,3.047015428543091,2.7460007667541504,2.8985352516174316,3.2262625694274902,3.5381762981414795,3.518052339553833
A3,0.7027643322944641,0.3713580071926117,0.0,0.3684345781803131,0.6057933568954468,0.893718957901001,1.2610563039779663,1.6150224208831787,1.8736711740493774,2.1385045051574707,2.410890579223633,2.218837261199951,2.113720178604126,1.8138638734817505,2.021435022354126,0.7585015296936035,0.5485214591026306,0.6026588678359985,0.4978348910808563,0.8359192609786987,1.0574296712875366,1.4197403192520142,1.6546186208724976,1.9573981761932373,2.2408947944641113,2.403663396835327,2.1318674087524414,1.9553546905517578,1.6204601526260376,1.7484362125396729,0.9449282288551331,0.5752111673355103,0.622075617313385,0.7841107845306396,0.9895132184028625,1.229805588722229,1.5091713666915894,1.7394280433654785,1.9953380823135376,2.1123104095458984,2.422534942626953,2.545119285583496,2.727283239364624,2.6485836505889893,2.930738687515259,5.343263626098633,5.167622089385986,4.875772953033447,4.5467529296875,4.208915710449219,3.8282461166381836,3.674221992492676,3.3115015029907227,3.1085424423217773,2.8687551021575928,2.532320499420166,2.7228715419769287,2.8548812866210938,3.2222366333007812,3.233391284942627,5.3402862548828125,5.163636207580566,4.8762736320495605,4.513191223144531,4.185181617736816,3.801335096359253,3.6364316940307617,3.2635254859924316,3.0780956745147705,2.800257444381714,2.4778804779052734,2.600198745727539,2.9124979972839355,3.2271106243133545,3.190927743911743
A4,0.987403929233551,0.7082801461219788,0.3684345781803131,0.0,0.3845445513725281,0.5785968899726868,0.9677190780639648,1.2917770147323608,1.5514625310897827,1.7986291646957397,2.074946641921997,1.8968418836593628,1.8265379667282104,1.5549750328063965,1.788620948791504,0.9805256724357605,0.7209564447402954,0.5496564507484436,0.24609677493572235,0.5192785859107971,0.6911285519599915,1.0592564344406128,1.286427617073059,1.5901817083358765,1.8737848997116089,2.0431668758392334,1.7797118425369263,1.617380976676941,1.2967872619628906,1.4732210636138916,1.1878347396850586,0.8133315443992615,0.7089611887931824,0.6748921275138855,0.7429900169372559,0.9608955383300781,1.2549468278884888,1.4352076053619385,1.683558464050293,1.7735557556152344,2.0809381008148193,2.2272329330444336,2.4215877056121826,2.3773956298828125,2.663154125213623,4.998043060302734,4.831721305847168,4.540148735046387,4.218118667602539,3.8813977241516113,3.503316879272461,3.3510382175445557,2.9951140880584717,2.7816667556762695,2.5620245933532715,2.2141053676605225,2.3851921558380127,2.525383949279785,2.889587163925171,2.9048590660095215,4.9980387687683105,4.830803871154785,4.543999671936035,4.187106609344482,3.8601245880126953,3.4789392948150635,3.3148488998413086,2.9469306468963623,2.749638080596924,2.488642930984497,2.151381492614746,2.2541892528533936,2.559713363647461,2.8824355602264404,2.8543248176574707
A5,1.152042269706726,0.9245706796646118,0.6057933568954468,0.3845445513725281,0.0,0.3598465621471405,0.6658881902694702,1.0341817140579224,1.2884451150894165,1.5677818059921265,1.8381556272506714,1.6570426225662231,1.528467059135437,1.249288558959961,1.5042275190353394,1.2467615604400635,1.0586048364639282,0.9151059985160828,0.5493642091751099,0.7495033740997314,0.7326996326446533,1.1026452779769897,1.2259535789489746,1.5305044651031494,1.7646745443344116,1.8896474838256836,1.6260403394699097,1.3970890045166016,1.070992350578308,1.1927834749221802,1.1817172765731812,0.82840895652771,0.5417865514755249,0.32885247468948364,0.39783698320388794,0.6982972025871277,0.9259123802185059,1.1470319032669067,1.4305356740951538,1.546244740486145,1.872077465057373,1.9772902727127075,2.134636402130127,2.0546875,2.3504574298858643,4.775827884674072,4.591389179229736,4.30668830871582,3.969512462615967,3.62489914894104,3.242919445037842,3.103348970413208,2.73909592628479,2.5570037364959717,2.321894645690918,1.9768224954605103,2.1621837615966797,2.2689974308013916,2.637648344039917,2.6461706161499023,4.765135765075684,4.580569267272949,4.298940181732178,3.9318597316741943,3.5972933769226074,3.212855339050293,3.0620150566101074,2.6900863647460938,2.5260958671569824,2.253932476043701,1.9284002780914307,2.048436164855957,2.3622732162475586,2.6588797569274902,2.6111199855804443
A6,1.4871937036514282,1.2414658069610596,0.893718957901001,0.5785968899726868,0.3598465621471405,0.0,0.4055064916610718,0.7283285856246948,1.025984764099121,1.260802149772644,1.5601937770843506,1.427124261856079,1.342103123664856,1.1325792074203491,1.4398366212844849,1.53119957447052,1.2946802377700806,1.061124563217163,0.6963488459587097,0.7037083506584167,0.5093930959701538,0.8525291085243225,0.9067676067352295,1.2301263809204102,1.433946132659912,1.584160327911377,1.3575347661972046,1.1293303966522217,0.8549614548683167,1.0622957944869995,1.5376865863800049,1.1871095895767212,0.8878588080406189,0.5811766386032104,0.3845977187156677,0.6403628587722778,0.8146328926086426,0.9219821691513062,1.2215254306793213,1.2657535076141357,1.6036415100097656,1.7491216659545898,1.9024893045425415,1.8720827102661133,2.184863805770874,4.486578941345215,4.317460060119629,4.039906024932861,3.710268020629883,3.3603570461273193,2.9820516109466553,2.8602004051208496,2.507695198059082,2.3205244541168213,2.1246211528778076,1.7570593357086182,1.895762324333191,1.990224003791809,2.3529064655303955,2.3450000286102295,4.474437713623047,4.305614948272705,4.0320258140563965,3.6737680435180664,3.3328962326049805,2.9531452655792236,2.819087028503418,2.4576034545898438,2.286336898803711,2.0493485927581787,1.6964424848556519,1.765991449356079,2.055665969848633,2.361769914627075,2.3037312030792236
A7,1.797773003578186,1.5896273851394653,1.2610563039779663,0.9677190780639648,0.6658881902694702,0.4055064916610718,0.0,0.3889094591140747,0.6803848743438721,0.9379732012748718,1.2292081117630005,1.115017056465149,0.984717607498169,0.8254269361495972,1.1749705076217651,1.8777878284454346,1.6749347448349,1.4419152736663818,1.0650907754898071,1.0421615839004517,0.7519544959068298,0.9730915427207947,0.8698261380195618,1.1457644701004028,1.2628271579742432,1.3489457368850708,1.1445122957229614,0.8395118117332458,0.6172675490379333,0.7829644083976746,1.7563788890838623,1.4468106031417847,1.0897425413131714,0.7090324759483337,0.3941892385482788,0.5446966886520386,0.5160911679267883,0.5660886168479919,0.9123502373695374,0.9539717435836792,1.308429479598999,1.4174234867095947,1.5282132625579834,1.4851435422897339,1.8123888969421387,4.150732517242432,3.9682059288024902,3.698050022125244,3.3574485778808594,3.0007059574127197,2.620582103729248,2.514814615249634,2.1599249839782715,2.004495620727539,1.810158371925354,1.4432387351989746,1.578074336051941,1.633183240890503,1.9976009130477905,1.9853187799453735,4.12973690032959,3.948267936706543,3.680272340774536,3.3156073093414307,2.968066930770874,2.5870895385742188,2.4691531658172607,2.1090211868286133,1.9708200693130493,1.7388782501220703,1.395546555519104,1.4661719799041748,1.7556959390640259,2.032181978225708,1.956895351409912
A8,2.1513190269470215,1.9476948976516724,1.6150224208831787,1.2917770147323608,1.0341817140579224,0.7283285856246948,0.3889094591140747,0.0,0.37332549691200256,0.5547299981117249,0.8724210858345032,0.8324542045593262,0.7796624898910522,0.7742879986763,1.1345704793930054,2.2003252506256104,1.9852254390716553,1.7088592052459717,1.3507485389709473,1.2360655069351196,0.8776546120643616,0.9461204409599304,0.6997942328453064,0.9064301252365112,0.932726263999939,0.9959462881088257,0.8519845604896545,0.5317022800445557,0.4918273091316223,0.7239508628845215,2.1205554008483887,1.8187239170074463,1.4696911573410034,1.086297631263733,0.7440428137779236,0.7296885251998901,0.6024143695831299,0.3751598596572876,0.6854777932167053,0.606467068195343,0.970104992389679,1.1178207397460938,1.2226392030715942,1.2554513216018677,1.5860202312469482,3.778020143508911,3.606499671936035,3.340411901473999,3.0073351860046387,2.6486716270446777,2.2726752758026123,2.180757761001587,1.840812087059021,1.6831676959991455,1.5378867387771606,1.1561516523361206,1.2309613227844238,1.2731716632843018,1.6321637630462646,1.6185046434402466,3.7578418254852295,3.5878329277038574,3.323908805847168,2.9674527645111084,2.6176655292510986,2.2414638996124268,2.135939359664917,1.789397954940796,1.6465739011764526,1.460456371307373,1.0975607633590698,1.1077927350997925,1.3749032020568848,1.6550867557525635,1.5803391933441162
A9,2.337344169616699,2.1791412830352783,1.8736711740493774,1.5514625310897827,1.2884451150894165,1.025984764099121,0.6803848743438721,0.37332549691200256,0.0,0.36592307686805725,0.5590739250183105,0.46583041548728943,0.44956424832344055,0.5652516484260559,0.8830192685127258,2.3871612548828125,2.2082927227020264,1.9286891222000122,1.5724354982376099,1.4563713073730469,1.1121529340744019,1.0962811708450317,0.8248944282531738,0.8881286382675171,0.8713282942771912,0.7910417914390564,0.6217387914657593,0.24143481254577637,0.3771965205669403,0.5176465511322021,2.2732810974121094,2.0095279216766357,1.6702388525009155,1.2903791666030884,0.9392488598823547,0.7803774476051331,0.5838703513145447,0.20218847692012787,0.3398491144180298,0.30380940437316895,0.6482309699058533,0.7499561905860901,0.8880715370178223,0.9461215734481812,1.2489519119262695,3.491183280944824,3.3041913509368896,3.025339126586914,2.688340425491333,2.33998966217041,1.9597803354263306,1.8393065929412842,1.4889192581176758,1.328682780265808,1.165627121925354,0.7870296239852905,0.9009528756141663,0.983305811882019,1.3532280921936035,1.4062069654464722,3.4784722328186035,3.292891025543213,3.013787269592285,2.650580644607544,2.3137571811676025,1.931614637374878,1.7959383726119995,1.438075065612793,1.294174313545227,1.0897585153579712,0.7378674745559692,0.8066414594650269,1.1228861808776855,1.3832234144210815,1.3611351251602173
A10,2.6459548473358154,2.4629688262939453,2.1385045051574707,1.7986291646957397,1.5677818059921265,1.260802149772644,0.9379732012748718,0.5547299981117249,0.36592307686805725,0.0,0.3681997060775757,0.5346748232841492,0.6727107167243958,0.9047138094902039,1.1830265522003174,2.6690773963928223,2.459205150604248,2.151603937149048,1.8171364068984985,1.6409709453582764,1.2699265480041504,1.171271562576294,0.8209755420684814,0.8079226613044739,0.6342647075653076,0.5501633286476135,0.5735349059104919,0.3539346158504486,0.6798033714294434,0.8615078330039978,2.6130483150482178,2.331041097640991,1.9920761585235596,1.6088758707046509,1.2544333934783936,1.1221953630447388,0.9453250169754028,0.5645831227302551,0.574603259563446,0.22714592516422272,0.5083564519882202,0.718195915222168,0.8155894875526428,1.002529263496399,1.2924423217773438,3.2298715114593506,3.0685489177703857,2.802881956100464,2.481031656265259,2.1256613731384277,1.756914734840393,1.6759371757507324,1.3643916845321655,1.2040287256240845,1.1507118940353394,0.7774633765220642,0.7235879898071289,0.7565511465072632,1.1041853427886963,1.1228877305984497,3.2147021293640137,3.055518865585327,2.7910614013671875,2.445603132247925,2.099958896636963,1.7316032648086548,1.6340786218643188,1.3137234449386597,1.1638015508651733,1.0678340196609497,0.7057971954345703,0.5887917280197144,0.8225790858268738,1.1042715311050415,1.0599466562271118
A11,2.8623011112213135,2.7142860889434814,2.410890579223633,2.074946641921997,1.8381556272506714,1.5601937770843506,1.2292081117630005,0.8724210858345032,0.5590739250183105,0.3681997060775757,0.0,0.36486586928367615,0.6098978519439697,0.9332665801048279,1.1106295585632324,2.887406587600708,2.7071282863616943,2.4017081260681152,2.0702507495880127,1.9014171361923218,1.5497974157333374,1.413848876953125,1.0855544805526733,0.9667774438858032,0.7730402946472168,0.4973611533641815,0.5567964911460876,0.46925145387649536,0.83012855052948,0.9048590064048767,2.8033182621002197,2.5522048473358154,2.222456932067871,1.846028208732605,1.4940203428268433,1.2924766540527344,1.095994234085083,0.735388457775116,0.5492763519287109,0.30288442969322205,0.23355500400066376,0.38806942105293274,0.5242030024528503,0.8032197952270508,1.0203880071640015,2.937837839126587,2.7600791454315186,2.479820728302002,2.154226541519165,1.810733437538147,1.437498688697815,1.3228552341461182,1.0038758516311646,0.8382623791694641,0.8041767477989197,0.4602474272251129,0.367051899433136,0.4740138351917267,0.8293099403381348,0.9542786478996277,2.931380033493042,2.7558646202087402,2.4740779399871826,2.1218385696411133,1.7916934490203857,1.4173569679260254,1.2832307815551758,0.9537503719329834,0.7987989783287048,0.7230069637298584,0.4016626477241516,0.2879200279712677,0.5919991731643677,0.8331333994865417,0.8785911202430725
A12,2.6060028076171875,2.4937448501586914,2.218837261199951,1.8968418836593628,1.6570426225662231,1.427124261856079,1.115017056465149,0.8324542045593262,0.46583041548728943,0.5346748232841492,0.36486586928367615,0.0,0.38897261023521423,0.6471489667892456,0.7782265543937683,2.638723850250244,2.493882894515991,2.2070372104644775,1.8728066682815552,1.7424269914627075,1.4272570610046387,1.3223474025726318,1.0646021366119385,0.9655154943466187,0.9189911484718323,0.658728301525116,0.4814997911453247,0.3505479395389557,0.6005727052688599,0.5999919772148132,2.531517267227173,2.3064401149749756,1.9974899291992188,1.6391916275024414,1.2963190078735352,1.0346214771270752,0.8678001165390015,0.5712347030639648,0.24300126731395721,0.32613393664360046,0.32896560430526733,0.33298468589782715,0.6250346899032593,0.773429811000824,0.9655007123947144,3.1651735305786133,2.966538906097412,2.6652212142944336,2.334724187850952,2.0136401653289795,1.6370980739593506,1.4561963081359863,1.0995503664016724,0.9015921354293823,0.7146063446998596,0.33210489153862,0.5474619269371033,0.7652043700218201,1.112308382987976,1.2844070196151733,3.170337438583374,2.972949266433716,2.6691172122955322,2.3054888248443604,2.000666618347168,1.619860053062439,1.4208430051803589,1.0519927740097046,0.8707031011581421,0.6338894367218018,0.2856641411781311,0.5174043774604797,0.897455096244812,1.1257814168930054,1.2179714441299438
A13,2.4810144901275635,2.3792011737823486,2.113720178604126,1.8265379667282104,1.528467059135437,1.342103123664856,0.984717607498169,0.7796624898910522,0.44956424832344055,0.6727107167243958,0.6098978519439697,0.38897261023521423,0.0,0.37590691447257996,0.5644152164459229,2.5700888633728027,2.4486870765686035,2.20408034324646,1.8399072885513306,1.781430721282959,1.477983832359314,1.4737528562545776,1.2389328479766846,1.2393593788146973,1.210099697113037,1.0045136213302612,0.8225313425064087,0.53150475025177,0.6162945032119751,0.42658179998397827,2.337939500808716,2.1350290775299072,1.798853874206543,1.4421627521514893,1.1372158527374268,0.9138962626457214,0.630803108215332,0.4341699779033661,0.2975166141986847,0.5412600040435791,0.687292754650116,0.548143744468689,0.6463634967803955,0.5809671878814697,0.8507896065711975,3.3603885173797607,3.133223056793213,2.846285104751587,2.489694595336914,2.155008316040039,1.772163987159729,1.62087082862854,1.2455408573150635,1.1402921676635742,0.887110710144043,0.5893034338951111,0.8370393514633179,0.9152483344078064,1.2686247825622559,1.3908729553222656,3.346665382385254,3.120954990386963,2.8290534019470215,2.4470255374908447,2.127319097518921,1.7402334213256836,1.5739392042160034,1.1974104642868042,1.1165494918823242,0.8373351097106934,0.6159259080886841,0.8445590138435364,1.1844406127929688,1.3524069786071777,1.3688421249389648
A14,2.130648136138916,2.0528881549835205,1.8138638734817505,1.5549750328063965,1.249288558959961,1.1325792074203491,0.8254269361495972,0.7742879986763,0.5652516484260559,0.9047138094902039,0.9332665801048279,0.6471489667892456,0.37590691447257996,0.0,0.3710974156856537,2.23844051361084,2.1461527347564697,1.933982491493225,1.566540241241455,1.568837285041809,1.3177229166030884,1.386314034461975,1.2385824918746948,1.303562879562378,1.3776495456695557,1.2338876724243164,0.9641952514648438,0.6698218584060669,0.5136519074440002,0.15717093646526337,1.970957636833191,1.7845747470855713,1.4629490375518799,1.129029631614685,0.856028139591217,0.6077378392219543,0.3468809723854065,0.4153153896331787,0.4328805208206177,0.7678666114807129,0.9699739813804626,0.8759444355964661,1.0161687135696411,0.8841413259506226,1.122217059135437,3.720548629760742,3.4892022609710693,3.1944663524627686,2.839449882507324,2.5147957801818848,2.1338629722595215,1.960776686668396,1.5817277431488037,1.4546327590942383,1.1569888591766357,0.880331814289093,1.1702895164489746,1.2865608930587769,1.6426846981048584,1.7586277723312378,3.7118241786956787,3.4812018871307373,3.182300090789795,2.798696756362915,2.4893455505371094,2.103369951248169,1.9171944856643677,1.5361676216125488,1.4334203004837036,1.1111563444137573,0.8934562802314758,1.1549004316329956,1.5176434516906738,1.715098261833191,1.735276460647583
A15,2.232908248901367,2.2135682106018066,2.021435022354126,1.788620948791504,1.5042275190353394,1.4398366212844849,1.1749705076217651,1.1345704793930054,0.8830192685127258,1.1830265522003174,1.1106295585632324,0.7782265543937683,0.5644152164459229,0.3710974156856537,0.0,2.3457517623901367,2.3053224086761475,2.115077257156372,1.7697359323501587,1.7948777675628662,1.5876190662384033,1.631009578704834,1.5158171653747559,1.5244086980819702,1.6136348247528076,1.4123810529708862,1.1256495714187622,0.9222168326377869,0.7905206084251404,0.42645901441574097,2.0401546955108643,1.9134459495544434,1.6362955570220947,1.3550491333007812,1.1310865879058838,0.8373062014579773,0.6752699613571167,0.7682685256004333,0.6328824758529663,1.0081919431686401,1.0993491411209106,0.9195426106452942,1.084547996520996,0.9160559177398682,1.0354458093643188,3.7010719776153564,3.4494619369506836,3.1406240463256836,2.7882308959960938,2.494611978530884,2.126283884048462,1.907863974571228,1.5326483249664307,1.413858413696289,1.0582668781280518,0.8929171562194824,1.2493070363998413,1.410017967224121,1.7336351871490479,1.9104933738708496,3.7035202980041504,3.4522953033447266,3.136744499206543,2.751516580581665,2.476637125015259,2.1009883880615234,1.8700768947601318,1.4943524599075317,1.4026999473571777,1.0357475280761719,0.9380229711532593,1.2792342901229858,1.6506736278533936,1.8100522756576538,1.8856922388076782
B1,0.39059022068977356,0.4833604693412781,0.7585015296936035,0.9805256724357605,1.2467615604400635,1.53119957447052,1.8777878284454346,2.2003252506256104,2.3871612548828125,2.6690773963928223,2.887406587600708,2.638723850250244,2.5700888633728027,2.23844051361084,2.3457517623901367,0.0,0.3798757791519165,0.7050308585166931,0.8954738974571228,1.1996941566467285,1.5357544422149658,1.8090466260910034,2.1222116947174072,2.35636568069458,2.7013912200927734,2.8367350101470947,2.5218536853790283,2.4195520877838135,2.0629048347473145,2.157097101211548,0.9015514850616455,0.7788359522819519,1.1061309576034546,1.3587735891342163,1.5504767894744873,1.6593432426452637,2.001568078994751,2.251004457473755,2.4224562644958496,2.5935208797454834,2.848268508911133,2.9578304290771484,3.1974825859069824,3.119684934616089,3.3470396995544434,5.7681565284729,5.589453220367432,5.272865295410156,4.958502769470215,4.650815963745117,4.275502681732178,4.069230079650879,3.7094361782073975,3.4749269485473633,3.2094008922576904,2.9169845581054688,3.1498284339904785,3.350395441055298,3.7153077125549316,3.784395217895508,5.788214206695557,5.606684684753418,5.293920516967773,4.9350481033325195,4.639257431030273,4.2574076652526855,4.0403289794921875,3.665945529937744,3.449256420135498,3.1467840671539307,2.8641481399536133,3.0374484062194824,3.3764169216156006,3.6999669075012207,3.72567081451416
B2,0.6285011172294617,0.4489175081253052,0.5485214591026306,0.7209564447402954,1.0586048364639282,1.2946802377700806,1.6749347448349,1.9852254390716553,2.2082927227020264,2.459205150604248,2.7071282863616943,2.493882894515991,2.4486870765686035,2.1461527347564697,2.3053224086761475,0.3798757791519165,0.0,0.38401931524276733,0.6420835852622986,0.9071515202522278,1.2575277090072632,1.538469672203064,1.857539415359497,2.113938331604004,2.4511353969573975,2.6243999004364014,2.3367974758148193,2.2389090061187744,1.9031805992126465,2.0551862716674805,1.102486491203308,0.8497776389122009,1.070260763168335,1.251391887664795,1.3997384309768677,1.5423414707183838,1.8844614028930664,2.0906496047973633,2.284968852996826,2.4066054821014404,2.6762712001800537,2.822556972503662,3.0575098991394043,3.0109527111053467,3.263202428817749,5.595714569091797,5.434043884277344,5.126040935516357,4.816723823547363,4.499192714691162,4.124731063842773,3.9381771087646484,3.584695339202881,3.3442556858062744,3.108729600906372,2.7888875007629395,2.9849417209625244,3.1722800731658936,3.5341498851776123,3.579468011856079,5.612079620361328,5.447949409484863,5.145273685455322,4.7932538986206055,4.486253261566162,4.1065239906311035,3.9084737300872803,3.5393638610839844,3.3150031566619873,3.0383429527282715,2.724623441696167,2.8554413318634033,3.172342300415039,3.508150577545166,3.5172207355499268
B3,0.9289277195930481,0.7167252898216248,0.6026588678359985,0.5496564507484436,0.9151059985160828,1.061124563217163,1.4419152736663818,1.7088592052459717,1.9286891222000122,2.151603937149048,2.4017081260681152,2.2070372104644775,2.20408034324646,1.933982491493225,2.115077257156372,0.7050308585166931,0.38401931524276733,0.0,0.38850533962249756,0.5426409244537354,0.9146091341972351,1.1666280031204224,1.500581979751587,1.7490696907043457,2.0921967029571533,2.2801403999328613,2.006082534790039,1.9369155168533325,1.624235987663269,1.8264925479888916,1.3262836933135986,1.0199687480926514,1.1128891706466675,1.1713969707489014,1.219834566116333,1.3297005891799927,1.6826610565185547,1.8342612981796265,2.013413906097412,2.101519823074341,2.3618063926696777,2.537550926208496,2.786003828048706,2.7779998779296875,3.0327770709991455,5.263156414031982,5.114766597747803,4.808134078979492,4.508686542510986,4.193201541900635,3.8234574794769287,3.6399781703948975,3.2965469360351562,3.042963981628418,2.8328819274902344,2.502535581588745,2.673427104949951,2.870429277420044,3.2252919673919678,3.27260422706604,5.283013343811035,5.132185935974121,4.831560134887695,4.488443851470947,4.1831955909729,3.8083760738372803,3.6124966144561768,3.2512409687042236,3.0119407176971436,2.757019519805908,2.42816424369812,2.5334506034851074,2.8376529216766357,3.1833059787750244,3.201042652130127
B4,0.9770947098731995,0.7519071698188782,0.4978348910808563,0.24609677493572235,0.5493642091751099,0.6963488459587097,1.0650907754898071,1.3507485389709473,1.5724354982376099,1.8171364068984985,2.0702507495880127,1.8728066682815552,1.8399072885513306,1.566540241241455,1.7697359323501587,0.8954738974571228,0.6420835852622986,0.38850533962249756,0.0,0.3795205056667328,0.6495524048805237,0.969753086566925,1.2482929229736328,1.518812656402588,1.837862253189087,2.000885009765625,1.71969473361969,1.6037137508392334,1.2777613401412964,1.4669162034988403,1.231454610824585,0.8867008090019226,0.8458839654922485,0.8159501552581787,0.8317724466323853,0.9602935314178467,1.3009006977081299,1.465385913848877,1.6675999164581299,1.768605351448059,2.0485541820526123,2.2044217586517334,2.4326999187469482,2.4079530239105225,2.6727819442749023,4.970006465911865,4.808205604553223,4.506568908691406,4.194252014160156,3.8699562549591064,3.4951260089874268,3.321735382080078,2.97003436088562,2.735468864440918,2.515493631362915,2.178011894226074,2.357452630996704,2.5339033603668213,2.8953428268432617,2.9375762939453125,4.9809417724609375,4.8175458908081055,4.520728588104248,4.168822765350342,3.8550941944122314,3.4758834838867188,3.2901623249053955,2.9234886169433594,2.7043869495391846,2.4412171840667725,2.1103997230529785,2.225231885910034,2.5393309593200684,2.871934652328491,2.8753292560577393
B5,1.340164065361023,1.1083307266235352,0.8359192609786987,0.5192785859107971,0.7495033740997314,0.7037083506584167,1.0421615839004517,1.2360655069351196,1.4563713073730469,1.6409709453582764,1.9014171361923218,1.7424269914627075,1.781430721282959,1.568837285041809,1.7948777675628662,1.1996941566467285,0.9071515202522278,0.5426409244537354,0.3795205056667328,0.0,0.38434094190597534,0.6354882717132568,0.9586215019226074,1.220261573791504,1.5526939630508423,1.7549799680709839,1.5052307844161987,1.4473998546600342,1.1765363216400146,1.4477667808532715,1.606792688369751,1.2632694244384766,1.1759127378463745,1.0487887859344482,0.9345427751541138,1.0029089450836182,1.3305444717407227,1.3950953483581543,1.568605661392212,1.6028956174850464,1.864559292793274,2.0727434158325195,2.3200151920318604,2.3555448055267334,2.6211061477661133,4.746595859527588,4.607939720153809,4.308570384979248,4.013574600219727,3.693446636199951,3.3274338245391846,3.1596341133117676,2.8263731002807617,2.5703372955322266,2.3941028118133545,2.044124126434326,2.1770260334014893,2.367412805557251,2.714952230453491,2.7552297115325928,4.763619422912598,4.623190879821777,4.330128192901611,3.993607997894287,3.68331241607666,3.313276767730713,3.132020950317383,2.780224084854126,2.536515474319458,2.3117918968200684,1.959471583366394,2.0253376960754395,2.312349557876587,2.663407802581787,2.677949905395508
B6,1.6167200803756714,1.379088044166565,1.0574296712875366,0.6911285519599915,0.7326996326446533,0.5093930959701538,0.7519544959068298,0.8776546120643616,1.1121529340744019,1.2699265480041504,1.5497974157333374,1.4272570610046387,1.477983832359314,1.3177229166030884,1.5876190662384033,1.5357544422149658,1.2575277090072632,0.9146091341972351,0.6495524048805237,0.38434094190597534,0.0,0.38624846935272217,0.6099803447723389,0.9140598177909851,1.2087875604629517,1.415992259979248,1.1923961639404297,1.1083900928497314,0.8803967833518982,1.197677493095398,1.7929059267044067,1.443619966506958,1.2493594884872437,1.0065102577209473,0.776858925819397,0.8256722688674927,1.0857865810394287,1.0758670568466187,1.2656081914901733,1.251987338066101,1.5320721864700317,1.7550301551818848,1.9824234247207642,2.039241313934326,2.3203113079071045,4.40480375289917,4.266571998596191,3.976407527923584,3.677328586578369,3.3476665019989014,2.981520414352417,2.8343329429626465,2.50473690032959,2.260936737060547,2.10681414604187,1.7390624284744263,1.842000961303711,2.0079572200775146,2.3537161350250244,2.3787271976470947,4.4139909744262695,4.274878025054932,3.9907419681549072,3.6542112827301025,3.333942413330078,2.965061902999878,2.8038952350616455,2.4571869373321533,2.2249112129211426,2.0212981700897217,1.6510393619537354,1.6844384670257568,1.9589588642120361,2.3067543506622314,2.3038833141326904
B7,1.9325053691864014,1.7193949222564697,1.4197403192520142,1.0592564344406128,1.1026452779769897,0.8525291085243225,0.9730915427207947,0.9461204409599304,1.0962811708450317,1.171271562576294,1.413848876953125,1.3223474025726318,1.4737528562545776,1.386314034461975,1.631009578704834,1.8090466260910034,1.538469672203064,1.1666280031204224,0.969753086566925,0.6354882717132568,0.38624846935272217,0.0,0.3823414146900177,0.597507894039154,0.9397336840629578,1.1706498861312866,0.9775525331497192,1.0138746500015259,0.8847339749336243,1.247466802597046,2.1238162517547607,1.7917543649673462,1.6081207990646362,1.3481862545013428,1.0681793689727783,1.0066365003585815,1.2356185913085938,1.121462345123291,1.216125249862671,1.140499234199524,1.3558837175369263,1.6297812461853027,1.893612265586853,2.0193233489990234,2.272886276245117,4.156251430511475,4.0390214920043945,3.7444779872894287,3.4683356285095215,3.154812812805176,2.8029210567474365,2.6458230018615723,2.341780185699463,2.067732572555542,1.959932804107666,1.6019667387008667,1.6605250835418701,1.866679310798645,2.1880080699920654,2.2375054359436035,4.178437232971191,4.059753894805908,3.7722549438476562,3.454068899154663,3.1502773761749268,2.7951865196228027,2.6228363513946533,2.296907663345337,2.030653953552246,1.868795394897461,1.4968044757843018,1.4883636236190796,1.7375272512435913,2.103158712387085,2.140481948852539
B8,2.199155330657959,1.980088710784912,1.6546186208724976,1.286427617073059,1.2259535789489746,0.9067676067352295,0.8698261380195618,0.6997942328453064,0.8248944282531738,0.8209755420684814,1.0855544805526733,1.0646021366119385,1.2389328479766846,1.2385824918746948,1.5158171653747559,2.1222116947174072,1.857539415359497,1.500581979751587,1.2482929229736328,0.9586215019226074,0.6099803447723389,0.3823414146900177,0.0,0.357197105884552,0.6006761193275452,0.8494212031364441,0.7235195636749268,0.7368628978729248,0.7339335680007935,1.1141690015792847,2.3234212398529053,1.99293053150177,1.7435801029205322,1.4226475954055786,1.0904325246810913,1.0127084255218506,1.1230586767196655,0.9046464562416077,0.9948872327804565,0.8270949125289917,1.056138038635254,1.3530166149139404,1.583718180656433,1.7414411306381226,2.0083186626434326,3.829949378967285,3.7121036052703857,3.429439067840576,3.147557497024536,2.8217592239379883,2.470211982727051,2.3416013717651367,2.0450375080108643,1.790725588798523,1.7179874181747437,1.3445446491241455,1.3503990173339844,1.519645094871521,1.8354582786560059,1.8641986846923828,3.8417868614196777,3.723651885986328,3.4475293159484863,3.129011631011963,2.8123984336853027,2.4594173431396484,2.31490421295166,1.9986966848373413,1.750883936882019,1.6243294477462769,1.2360808849334717,1.1688470840454102,1.3935388326644897,1.7556401491165161,1.7693181037902832
B9,2.4510750770568848,2.2625155448913574,1.9573981761932373,1.5901817083358765,1.5305044651031494,1.2301263809204102,1.1457644701004028,0.9064301252365112,0.8881286382675171,0.8079226613044739,0.9667774438858032,0.9655154943466187,1.2393593788146973,1.303562879562378,1.5244086980819702,2.35636568069458,2.113938331604004,1.7490696907043457,1.518812656402588,1.220261573791504,0.9140598177909851,0.597507894039154,0.357197105884552,0.0,0.3930806815624237,0.605078399181366,0.518424928188324,0.7125820517539978,0.8209142088890076,1.1725013256072998,2.571129322052002,2.2623865604400635,2.024092435836792,1.7011030912399292,1.3535935878753662,1.1937294006347656,1.2810516357421875,1.0110442638397217,0.9691557288169861,0.7699571251869202,0.8754079937934875,1.2080820798873901,1.48068368434906,1.698887825012207,1.917654275894165,3.5649149417877197,3.4579010009765625,3.165571928024292,2.903238534927368,2.5988004207611084,2.2617669105529785,2.111393451690674,1.8404000997543335,1.5551270246505737,1.5250012874603271,1.1819721460342407,1.1504175662994385,1.3791921138763428,1.6635358333587646,1.7417927980422974,3.591519594192505,3.483642339706421,3.1980247497558594,2.893789291381836,2.600123167037964,2.2607786655426025,2.0932505130767822,1.798159122467041,1.5157674551010132,1.4290406703948975,1.0606906414031982,0.9643561840057373,1.173140048980713,1.5463025569915771,1.6240851879119873
B10,2.768803596496582,2.5659499168395996,2.2408947944641113,1.8737848997116089,1.7646745443344116,1.433946132659912,1.2628271579742432,0.932726263999939,0.8713282942771912,0.6342647075653076,0.7730402946472168,0.9189911484718323,1.210099697113037,1.3776495456695557,1.6136348247528076,2.7013912200927734,2.4511353969573975,2.0921967029571533,1.837862253189087,1.5526939630508423,1.2087875604629517,0.9397336840629578,0.6006761193275452,0.3930806815624237,0.0,0.37129130959510803,0.5460594892501831,0.7109581828117371,0.9672378897666931,1.2768129110336304,2.850720167160034,2.5392208099365234,2.260075092315674,1.9069734811782837,1.54752516746521,1.4061050415039062,1.3895131349563599,1.0474635362625122,0.9929254055023193,0.6719797849655151,0.7282384037971497,1.0863326787948608,1.2918307781219482,1.5640203952789307,1.7869244813919067,3.2523367404937744,3.155026435852051,2.8818910121917725,2.6208956241607666,2.303501605987549,1.9758204221725464,1.8737165927886963,1.6318626403808594,1.3789024353027344,1.425337314605713,1.0908228158950806,0.9429177641868591,1.103291392326355,1.353439450263977,1.3952058553695679,3.2669191360473633,3.170154571533203,2.9036784172058105,2.607750415802002,2.299839735031128,1.972739815711975,1.8525069952011108,1.5894877910614014,1.3361068964004517,1.3302990198135376,0.971863329410553,0.7431093454360962,0.8545850515365601,1.226601004600525,1.2727725505828857
B11,2.8786628246307373,2.7120325565338135,2.403663396835327,2.0431668758392334,1.8896474838256836,1.584160327911377,1.3489457368850708,0.9959462881088257,0.7910417914390564,0.5501633286476135,0.4973611533641815,0.658728301525116,1.0045136213302612,1.2338876724243164,1.4123810529708862,2.8367350101470947,2.6243999004364014,2.2801403999328613,2.000885009765625,1.7549799680709839,1.415992259979248,1.1706498861312866,0.8494212031364441,0.605078399181366,0.37129130959510803,0.0,0.3721024990081787,0.5939766764640808,0.9253642559051514,1.147694706916809,2.9091787338256836,2.62929105758667,2.3394968509674072,1.97757887840271,1.6107021570205688,1.4070417881011963,1.336759328842163,0.9782699942588806,0.8075530529022217,0.5070276856422424,0.3939487338066101,0.7549347877502441,0.9881036877632141,1.292023777961731,1.469136357307434,2.993622064590454,2.869877338409424,2.5817694664001465,2.3076155185699463,1.9955294132232666,1.6581625938415527,1.5251641273498535,1.2725790739059448,1.0096054077148438,1.0637080669403076,0.7533561587333679,0.5852989554405212,0.8142621517181396,1.0685994625091553,1.1897871494293213,3.0121421813964844,2.889312744140625,2.6051185131073,2.2945034503936768,1.9953581094741821,1.657570481300354,1.5049479007720947,1.2310314178466797,0.9670966267585754,0.9696503281593323,0.635023832321167,0.3891821801662445,0.5772386789321899,0.945568323135376,1.0615288019180298
B12,2.558436155319214,2.418560743331909,2.1318674087524414,1.7797118425369263,1.6260403394699097,1.3575347661972046,1.1445122957229614,0.8519845604896545,0.6217387914657593,0.5735349059104919,0.5567964911460876,0.4814997911453247,0.8225313425064087,0.9641952514648438,1.1256495714187622,2.5218536853790283,2.3367974758148193,2.006082534790039,1.71969473361969,1.5052307844161987,1.1923961639404297,0.9775525331497192,0.7235195636749268,0.518424928188324,0.5460594892501831,0.3721024990081787,0.0,0.38108643889427185,0.6223833560943604,0.8515106439590454,2.5822243690490723,2.318953037261963,2.047811508178711,1.7011399269104004,1.338822364807129,1.0903760194778442,1.071016788482666,0.7627517580986023,0.5566108822822571,0.4123033881187439,0.40763747692108154,0.7055675387382507,1.0203216075897217,1.240671992301941,1.420825481414795,3.260472297668457,3.1108412742614746,2.8050332069396973,2.5157480239868164,2.211242198944092,1.857161283493042,1.6738401651382446,1.3706920146942139,1.090346097946167,1.0136854648590088,0.6673829555511475,0.7043730616569519,0.9914114475250244,1.2993474006652832,1.4511359930038452,3.2842793464660645,3.134725570678711,2.8315296173095703,2.501413345336914,2.211529493331909,1.853931188583374,1.6525037288665771,1.3276985883712769,1.0532891750335693,0.9184541702270508,0.5474681258201599,0.5553651452064514,0.8826354742050171,1.2180240154266357,1.342511534690857
B13,2.4036991596221924,2.254093647003174,1.9553546905517578,1.617380976676941,1.3970890045166016,1.1293303966522217,0.8395118117332458,0.5317022800445557,0.24143481254577637,0.3539346158504486,0.46925145387649536,0.3505479395389557,0.53150475025177,0.6698218584060669,0.9222168326377869,2.4195520877838135,2.2389090061187744,1.9369155168533325,1.6037137508392334,1.4473998546600342,1.1083900928497314,1.0138746500015259,0.7368628978729248,0.7125820517539978,0.7109581828117371,0.5939766764640808,0.38108643889427185,0.0,0.3758607506752014,0.5825529098510742,2.373854875564575,2.1103110313415527,1.798181176185608,1.4298484325408936,1.0679693222045898,0.8560817837715149,0.743190348148346,0.3945872485637665,0.3002408444881439,0.17937278747558594,0.4772200584411621,0.6592039465904236,0.886171281337738,1.0183260440826416,1.2733454704284668,3.3899526596069336,3.2149553298950195,2.9240550994873047,2.6025121212005615,2.2687933444976807,1.894269585609436,1.7464464902877808,1.406256914138794,1.198238492012024,1.0570118427276611,0.6687673330307007,0.770481288433075,0.939165472984314,1.2984613180160522,1.3951416015625,3.391176223754883,3.217146396636963,2.926826000213623,2.57332181930542,2.252547264099121,1.8753032684326172,1.7107034921646118,1.3572816848754883,1.1621863842010498,0.9713253974914551,0.5896263718605042,0.6532448530197144,0.9949490427970886,1.288329839706421,1.3239352703094482
