,A1,A2,A3,A4,A5,A6,A7,A8,A9,A10,A11,A12,A13,A14,A15,B1,B2,B3,B4,B5,B6,B7,B8,B9,B10,B11,B12,B13,B14,B15,C1,C2,C3,C4,C5,C6,C7,C8,C9,C10,C11,C12,C13,C14,C15,D1,D2,D3,D4,D5,D6,D7,D8,D9,D10,D11,D12,D13,D14,D15,E1,E2,E3,E4,E5,E6,E7,E8,E9,E10,E11,E12,E13,E14,E15
A1,0.0,0.40195590257644653,0.6534567475318909,0.8668715953826904,1.0898798704147339,1.325458288192749,1.5471830368041992,1.937455177307129,2.1590662002563477,2.5021274089813232,2.668034553527832,2.8350319862365723,3.1809442043304443,3.35465931892395,3.6506919860839844,1.72403883934021,1.9076297283172607,1.655070424079895,1.9718965291976929,2.112316131591797,1.9201802015304565,2.240692138671875,2.537325859069824,2.4726061820983887,2.7982254028320312,2.894904851913452,2.613668441772461,2.7378382682800293,2.4655792713165283,2.743593692779541,5.765655994415283,5.626483917236328,5.254098892211914,5.077579021453857,4.744382381439209,4.387714385986328,4.42254114151001,4.0503034591674805,3.903566837310791,3.738225221633911,3.471100091934204,3.2208056449890137,3.044830799102783,2.738412380218506,2.5150575637817383,6.311483860015869,6.009078025817871,5.691689968109131,5.509509563446045,5.32046365737915,5.006603717803955,4.855052471160889,4.4899373054504395,4.218987464904785,3.9105522632598877,3.6536331176757812,3.7110886573791504,3.55901837348938,3.6052889823913574,3.2544891834259033,5.046207904815674,4.712488651275635,4.6083149909973145,4.275540351867676,4.096169948577881,4.050665855407715,3.7299609184265137,3.337528705596924,3.372135877609253,3.033151149749756,3.0500831604003906,3.4088127613067627,3.3900039196014404,3.7595598697662354,3.814786434173584
A2,0.40195590257644653,0.0,0.38175660371780396,0.48104870319366455,0.7665287256240845,0.9731115102767944,1.178598165512085,1.5559123754501343,1.7934900522232056,2.1235339641571045,2.2954750061035156,2.446152925491333,2.7970004081726074,2.9638237953186035,3.2659575939178467,1.8244173526763916,1.9459444284439087,1.6333330869674683,1.9156017303466797,2.0063669681549072,1.7580041885375977,2.0780088901519775,2.3280742168426514,2.218733549118042,2.5221333503723145,2.5811753273010254,2.280366897583008,2.4036705493927,2.116349458694458,2.3859810829162598,5.482985496520996,5.3253984451293945,4.952596187591553,4.759527683258057,4.416512966156006,4.066960334777832,4.10506534576416,3.739408493041992,3.573194980621338,3.414022922515869,3.1303319931030273,2.892345905303955,2.7164218425750732,2.4223122596740723,2.1777141094207764,5.967374801635742,5.6640400886535645,5.342421531677246,5.1659932136535645,4.987878799438477,4.664612293243408,4.525880336761475,4.165618896484375,3.8914966583251953,3.5874056816101074,3.3200793266296387,3.35683012008667,3.1915736198425293,3.246060848236084,2.8965423107147217,4.700026512145996,4.371230602264404,4.25493860244751,3.931001663208008,3.736863851547241,3.6897318363189697,3.3800652027130127,2.9840190410614014,3.0021109580993652,2.6654961109161377,2.683828592300415,3.042120933532715,3.0426626205444336,3.4112610816955566,3.4806933403015137
A3,0.6534567475318909,0.38175660371780396,0.0,0.39282384514808655,0.5521881580352783,0.694653332233429,0.9890136122703552,1.382280707359314,1.5537508726119995,1.913027286529541,2.043743848800659,2.232532024383545,2.564013957977295,2.7632510662078857,3.040903091430664,1.6220861673355103,1.6776684522628784,1.338452935218811,1.583274006843567,1.673113226890564,1.4030736684799194,1.7072288990020752,1.9540404081344604,1.8599590063095093,2.1656131744384766,2.245549440383911,1.9622628688812256,2.086456298828125,1.8240487575531006,2.119460105895996,5.164834499359131,5.017783164978027,4.648930549621582,4.457729816436768,4.117497444152832,3.762075901031494,3.7836451530456543,3.411324977874756,3.255669593811035,3.0855178833007812,2.8185601234436035,2.570408582687378,2.391495704650879,2.086785316467285,1.8628653287887573,5.661833763122559,5.357235431671143,5.042397975921631,4.856926441192627,4.668411731719971,4.35545539855957,4.201840400695801,3.8371975421905518,3.566169023513794,3.2579526901245117,3.0004968643188477,3.061769962310791,2.9199419021606445,2.9722819328308105,2.6268839836120605,4.5660319328308105,4.222621917724609,4.085547924041748,3.7685117721557617,3.5831453800201416,3.500253677368164,3.1961750984191895,2.790004014968872,2.7956817150115967,2.4369940757751465,2.4219462871551514,2.7777557373046875,2.7454159259796143,3.114872694015503,3.162550210952759
A4,0.8668715953826904,0.48104870319366455,0.39282384514808655,0.0,0.3715392053127289,0.5373106002807617,0.7013007402420044,1.0764559507369995,1.3167757987976074,1.6426514387130737,1.8231232166290283,1.9749641418457031,2.327331066131592,2.4892077445983887,2.7904086112976074,1.9942272901535034,2.0256705284118652,1.666029691696167,1.873581886291504,1.921815276145935,1.6062874794006348,1.8886644840240479,2.068207263946533,1.9203153848648071,2.1784791946411133,2.1891658306121826,1.8701876401901245,1.9684813022613525,1.6607012748718262,1.9146357774734497,5.156062602996826,4.980865478515625,4.612349987030029,4.3942365646362305,4.037282943725586,3.696168899536133,3.720156669616699,3.3602213859558105,3.1661291122436523,2.997096300125122,2.6997225284576416,2.4848906993865967,2.292228937149048,2.022848129272461,1.7460837364196777,5.5126447677612305,5.214523792266846,4.886255741119385,4.720854759216309,4.5461106300354,4.215414524078369,4.093754768371582,3.7445173263549805,3.459812879562378,3.1703040599823,2.8863117694854736,2.9117660522460938,2.749162435531616,2.829054594039917,2.4890215396881104,4.249830722808838,3.9192042350769043,3.789919853210449,3.473008394241333,3.273242950439453,3.216228485107422,2.9136197566986084,2.51354718208313,2.522430896759033,2.1856188774108887,2.2113401889801025,2.5703885555267334,2.585538864135742,2.952641248703003,3.0418667793273926
A5,1.0898798704147339,0.7665287256240845,0.5521881580352783,0.3715392053127289,0.0,0.38596418499946594,0.504719078540802,0.9155418276786804,1.0941972732543945,1.4516005516052246,1.6313258409500122,1.8338468074798584,2.1703555583953857,2.3382396697998047,2.6180999279022217,2.041512966156006,2.0110924243927,1.6515527963638306,1.7950427532196045,1.8677955865859985,1.526691198348999,1.7461532354354858,1.8972842693328857,1.7782021760940552,2.002169609069824,2.0084962844848633,1.7026232481002808,1.7454334497451782,1.433905005455017,1.6768907308578491,5.051558494567871,4.881009578704834,4.52158260345459,4.289391040802002,3.9260942935943604,3.5853960514068604,3.5718843936920166,3.2070577144622803,3.0011467933654785,2.7940566539764404,2.509338855743408,2.312223434448242,2.080437660217285,1.830203652381897,1.5398153066635132,5.280659198760986,4.995777130126953,4.663018226623535,4.507636547088623,4.313680171966553,3.989189863204956,3.8731625080108643,3.5351486206054688,3.234219789505005,2.9648406505584717,2.669886350631714,2.7253825664520264,2.604107141494751,2.716796636581421,2.3951544761657715,4.027496814727783,3.680476427078247,3.5537261962890625,3.2289576530456543,3.0551373958587646,2.981283187866211,2.664170980453491,2.264378547668457,2.3002030849456787,1.957555890083313,1.9972442388534546,2.358232021331787,2.3525869846343994,2.7196850776672363,2.8160104751586914
A6,1.325458288192749,0.9731115102767944,0.694653332233429,0.5373106002807617,0.38596418499946594,0.0,0.404572993516922,0.7487732172012329,0.8664268255233765,1.2304751873016357,1.3502002954483032,1.552456021308899,1.8784071207046509,2.0817453861236572,2.3505592346191406,2.0017664432525635,1.928663969039917,1.5469024181365967,1.6525089740753174,1.6566582918167114,1.2910411357879639,1.5101680755615234,1.6170216798782349,1.449699878692627,1.669775366783142,1.6646044254302979,1.3498830795288086,1.4367784261703491,1.1441441774368286,1.429513692855835,4.680858135223389,4.5064520835876465,4.144609451293945,3.915546178817749,3.554589033126831,3.212688684463501,3.213179588317871,2.850308656692505,2.651174783706665,2.4673237800598145,2.1779754161834717,1.964404821395874,1.7599719762802124,1.4933340549468994,1.2154414653778076,4.99603271484375,4.696696758270264,4.372966289520264,4.201314449310303,4.019372463226318,3.694720506668091,3.564646005630493,3.214733123779297,2.9288198947906494,2.6401004791259766,2.3574059009552,2.4012317657470703,2.2642667293548584,2.3543810844421387,2.0250351428985596,3.950681686401367,3.6056063175201416,3.4414522647857666,3.1416354179382324,2.94608473777771,2.8382067680358887,2.5530166625976562,2.1390340328216553,2.1173083782196045,1.7503043413162231,1.7288126945495605,2.085782527923584,2.0703892707824707,2.4393856525421143,2.51348614692688
A7,1.5471830368041992,1.178598165512085,0.9890136122703552,0.7013007402420044,0.504719078540802,0.404572993516922,0.0,0.41096487641334534,0.6390959024429321,0.962554931640625,1.1775304079055786,1.3504199981689453,1.698061466217041,1.8432397842407227,2.1356019973754883,2.3988537788391113,2.31976580619812,1.9412189722061157,2.0234951972961426,2.0249996185302734,1.647777795791626,1.820530652999878,1.8640435934066772,1.6758291721343994,1.819121241569519,1.7331368923187256,1.397572636604309,1.405979037284851,1.0521739721298218,1.2464462518692017,4.781647682189941,4.581916332244873,4.227363109588623,3.965888738632202,3.587432384490967,3.2660410404205322,3.251329183578491,2.9055416584014893,2.659236431121826,2.458385944366455,2.143970012664795,1.989614486694336,1.7500923871994019,1.5540536642074585,1.210837721824646,4.874539852142334,4.592209339141846,4.250330448150635,4.110332489013672,3.934335708618164,3.593554973602295,3.507208824157715,3.1858489513397217,2.876676559448242,2.627513885498047,2.309584140777588,2.3239502906799316,2.1853187084198,2.3287978172302246,2.0237033367156982,3.5895729064941406,3.2513155937194824,3.105374336242676,2.795759439468384,2.597576141357422,2.5216479301452637,2.223459243774414,1.8181105852127075,1.826172947883606,1.4910296201705933,1.5512361526489258,1.911759853363037,1.9532819986343384,2.3142030239105225,2.4485063552856445
A8,1.937455177307129,1.5559123754501343,1.382280707359314,1.0764559507369995,0.9155418276786804,0.7487732172012329,0.41096487641334534,0.0,0.3834690451622009,0.5869935154914856,0.858729362487793,0.9793422222137451,1.337489128112793,1.4483917951583862,1.7557752132415771,2.7324249744415283,2.6251089572906494,2.2430694103240967,2.285520076751709,2.2414984703063965,1.8560336828231812,1.9871224164962769,1.947475790977478,1.7144883871078491,1.7771495580673218,1.605747938156128,1.2610394954681396,1.2268052101135254,0.8517712950706482,0.956165075302124,4.603456497192383,4.3783955574035645,4.031094551086426,3.7439510822296143,3.354158639907837,3.0551955699920654,3.038670778274536,2.716510772705078,2.43373441696167,2.2419686317443848,1.903854250907898,1.8013699054718018,1.5617560148239136,1.436316967010498,1.0622572898864746,4.563377857208252,4.285334587097168,3.9354491233825684,3.812157154083252,3.6541523933410645,3.299508810043335,3.2442715167999268,2.94346022605896,2.629138469696045,2.405837297439575,2.069777488708496,2.0397937297821045,1.8851540088653564,2.061727523803711,1.782691478729248,3.240396499633789,2.9128201007843018,2.7494254112243652,2.456751585006714,2.2342112064361572,2.1584441661834717,1.883015751838684,1.477914571762085,1.4539430141448975,1.1361013650894165,1.2275217771530151,1.579342007637024,1.6770594120025635,2.023056983947754,2.1975252628326416
A9,2.1590662002563477,1.7934900522232056,1.5537508726119995,1.3167757987976074,1.0941972732543945,0.8664268255233765,0.6390959024429321,0.3834690451622009,0.0,0.3956281840801239,0.5599333643913269,0.7997276782989502,1.106108546257019,1.2775208950042725,1.531936526298523,2.7248036861419678,2.563690185546875,2.1935575008392334,2.171322822570801,2.1134555339813232,1.7287462949752808,1.7901148796081543,1.6896182298660278,1.46657133102417,1.470233678817749,1.2792247533798218,0.9579688906669617,0.8636437058448792,0.48432615399360657,0.6093544363975525,4.3090620040893555,4.093156337738037,3.7542829513549805,3.462101697921753,3.0722649097442627,2.7710864543914795,2.7229764461517334,2.395921468734741,2.1107778549194336,1.8906551599502563,1.5666204690933228,1.4739131927490234,1.2046384811401367,1.105760097503662,0.7232133150100708,4.238251686096191,3.960102081298828,3.6144564151763916,3.483307123184204,3.3094677925109863,2.963643789291382,2.8956899642944336,2.5933516025543213,2.2726714611053467,2.0536069869995117,1.7149560451507568,1.719126582145691,1.6103154420852661,1.8056312799453735,1.5483676195144653,3.144343137741089,2.7984681129455566,2.604358434677124,2.3266637325286865,2.1234958171844482,1.98549485206604,1.724098801612854,1.3056156635284424,1.2542266845703125,0.8841608762741089,0.9147018790245056,1.2755622863769531,1.3262253999710083,1.6816906929016113,1.841284155845642
A10,2.5021274089813232,2.1235339641571045,1.913027286529541,1.6426514387130737,1.4516005516052246,1.2304751873016357,0.962554931640625,0.5869935154914856,0.3956281840801239,0.0,0.3726874887943268,0.4866282641887665,0.7973692417144775,0.9033750295639038,1.1832704544067383,3.0938222408294678,2.9263858795166016,2.556551218032837,2.520674705505371,2.4330101013183594,2.0547783374786377,2.0949342250823975,1.9383364915847778,1.6867289543151855,1.6147083044052124,1.3399653434753418,1.0436257123947144,0.9008755087852478,0.5813650488853455,0.46796098351478577,4.225069046020508,3.9806628227233887,3.652353525161743,3.3326992988586426,2.9329628944396973,2.6640231609344482,2.61616587638855,2.325420379638672,1.9993013143539429,1.7974625825881958,1.4509122371673584,1.4386974573135376,1.1878105401992798,1.1968437433242798,0.8354989886283875,3.991821765899658,3.7208454608917236,3.364647150039673,3.2574119567871094,3.107654571533203,2.7448630332946777,2.7206571102142334,2.4498047828674316,2.1260809898376465,1.9484680891036987,1.5929828882217407,1.5308890342712402,1.4015522003173828,1.6428899765014648,1.4331997632980347,2.818126678466797,2.4887137413024902,2.2763893604278564,2.0213863849639893,1.7872363328933716,1.6524373292922974,1.425683856010437,1.0165659189224243,0.9089076519012451,0.5689090490341187,0.6720340847969055,1.0084670782089233,1.1576341390609741,1.4786659479141235,1.6983920335769653
A11,2.668034553527832,2.2954750061035156,2.043743848800659,1.8231232166290283,1.6313258409500122,1.3502002954483032,1.1775304079055786,0.858729362487793,0.5599333643913269,0.3726874887943268,0.0,0.36628612875938416,0.5676398873329163,0.8130302429199219,1.0151385068893433,3.047609329223633,2.845248222351074,2.4890084266662598,2.4091711044311523,2.285376787185669,1.9250447750091553,1.9212700128555298,1.7070878744125366,1.4421133995056152,1.312095284461975,1.000524878501892,0.7373746037483215,0.5827653408050537,0.37779608368873596,0.27588409185409546,3.8580732345581055,3.6197054386138916,3.292423725128174,2.975628137588501,2.5777790546417236,2.3024754524230957,2.2478888034820557,1.9531327486038208,1.630521297454834,1.4337904453277588,1.083809494972229,1.0690534114837646,0.8321446180343628,0.878346860408783,0.5643662214279175,3.721874713897705,3.4335968494415283,3.0904555320739746,2.955897331237793,2.804870128631592,2.448465347290039,2.3936080932617188,2.102719306945801,1.7902264595031738,1.5882227420806885,1.241538643836975,1.1868342161178589,1.0686578750610352,1.3042147159576416,1.1043678522109985,2.919025421142578,2.588240146636963,2.332472085952759,2.118102550506592,1.8903064727783203,1.6854057312011719,1.5161017179489136,1.1245571374893188,0.9293869733810425,0.5501435995101929,0.4022010266780853,0.7514182329177856,0.8454205989837646,1.1839332580566406,1.3613581657409668
A12,2.8350319862365723,2.446152925491333,2.232532024383545,1.9749641418457031,1.8338468074798584,1.552456021308899,1.3504199981689453,0.9793422222137451,0.7997276782989502,0.4866282641887665,0.36628612875938416,0.0,0.37709322571754456,0.5472055673599243,0.8304616808891296,3.2935681343078613,3.111644744873047,2.7474496364593506,2.6904964447021484,2.540639877319336,2.1855053901672363,2.211304187774658,1.9946322441101074,1.695518970489502,1.5624700784683228,1.221227765083313,0.9694557785987854,0.8863076567649841,0.7315382361412048,0.5881763696670532,3.8589365482330322,3.5905981063842773,3.264427423477173,2.9342076778411865,2.5322635173797607,2.2867422103881836,2.2711668014526367,2.0166800022125244,1.6751070022583008,1.546317458152771,1.1773172616958618,1.2085939645767212,1.0565683841705322,1.1360563039779663,0.8725284934043884,3.6898598670959473,3.39788818359375,3.05216646194458,2.9307851791381836,2.8219845294952393,2.449225664138794,2.42879056930542,2.1593451499938965,1.8698872327804565,1.6875544786453247,1.3557378053665161,1.1984974145889282,0.992449939250946,1.2293431758880615,1.0523139238357544,2.8058738708496094,2.508885622024536,2.241673707962036,2.05800461769104,1.7824617624282837,1.6077558994293213,1.4920799732208252,1.1381868124008179,0.8741047382354736,0.6073309779167175,0.5194266438484192,0.7597973346710205,0.9779062271118164,1.2512986660003662,1.4625052213668823
A13,3.1809442043304443,2.7970004081726074,2.564013957977295,2.327331066131592,2.1703555583953857,1.8784071207046509,1.698061466217041,1.337489128112793,1.106108546257019,0.7973692417144775,0.5676398873329163,0.37709322571754456,0.0,0.37122252583503723,0.505980908870697,3.519291639328003,3.307365655899048,2.959430456161499,2.86177134513855,2.6924502849578857,2.3584177494049072,2.332852602005005,2.05995774269104,1.7718645334243774,1.559840440750122,1.1800854206085205,1.0303181409835815,0.9066320657730103,0.9003916382789612,0.6898258924484253,3.587214231491089,3.308396339416504,2.9991419315338135,2.6487529277801514,2.24426007270813,2.027236223220825,1.9878566265106201,1.769254446029663,1.4019752740859985,1.2869510650634766,0.9320017695426941,1.0601905584335327,0.9535849094390869,1.1434862613677979,0.9813402891159058,3.317919969558716,3.0239980220794678,2.6792540550231934,2.559724807739258,2.4616482257843018,2.0852694511413574,2.0806498527526855,1.8332644701004028,1.551558256149292,1.4079680442810059,1.0855967998504639,0.8752171397209167,0.6881257891654968,0.9872432947158813,0.9163384437561035,2.689894199371338,2.402256488800049,2.095240831375122,1.9647010564804077,1.6980093717575073,1.4642354249954224,1.428770661354065,1.1361497640609741,0.7999839186668396,0.6276887655258179,0.41805920004844666,0.4661686420440674,0.7374861240386963,0.9392688870429993,1.1681753396987915
A14,3.35465931892395,2.9638237953186035,2.7632510662078857,2.4892077445983887,2.3382396697998047,2.0817453861236572,1.8432397842407227,1.4483917951583862,1.2775208950042725,0.9033750295639038,0.8130302429199219,0.5472055673599243,0.37122252583503723,0.0,0.3717416524887085,3.8266489505767822,3.6295251846313477,3.272897958755493,3.192197561264038,3.035362720489502,2.6909353733062744,2.6784236431121826,2.4169774055480957,2.13244366645813,1.9263949394226074,1.5475125312805176,1.3886898756027222,1.240544080734253,1.1790422201156616,0.902510941028595,3.819044351577759,3.519007921218872,3.225837230682373,2.8576557636260986,2.4558074474334717,2.279977798461914,2.240145206451416,2.0625908374786377,1.682379126548767,1.576464295387268,1.2467244863510132,1.4172782897949219,1.302352786064148,1.5043696165084839,1.3105345964431763,3.320678234100342,3.052109956741333,2.691850185394287,2.6208038330078125,2.546297550201416,2.159968376159668,2.2229278087615967,2.032532215118408,1.7513988018035889,1.6759885549545288,1.3581366539001465,1.1189117431640625,0.9496293067932129,1.2580207586288452,1.2336052656173706,2.380244493484497,2.116880416870117,1.8153505325317383,1.6996190547943115,1.400284767150879,1.2103410959243774,1.2131407260894775,0.9824638366699219,0.6282137632369995,0.6447911858558655,0.6551644802093506,0.6272956728935242,0.9820369482040405,1.1051429510116577,1.4015803337097168
A15,3.6506919860839844,3.2659575939178467,3.040903091430664,2.7904086112976074,2.6180999279022217,2.3505592346191406,2.1356019973754883,1.7557752132415771,1.531936526298523,1.1832704544067383,1.0151385068893433,0.8304616808891296,0.505980908870697,0.3717416524887085,0.0,4.005197525024414,3.7792370319366455,3.4391722679138184,3.320760726928711,3.154127359390259,2.8286020755767822,2.7691092491149902,2.4658873081207275,2.2028231620788574,1.9389469623565674,1.5509092807769775,1.4763983488082886,1.2984755039215088,1.336181402206421,1.0435423851013184,3.582369089126587,3.279738426208496,3.009288787841797,2.6250498294830322,2.2280449867248535,2.084909200668335,2.007650852203369,1.8702988624572754,1.4796236753463745,1.3772850036621094,1.1006687879562378,1.3507483005523682,1.2684038877487183,1.5425879955291748,1.4254004955291748,2.9490907192230225,2.6829111576080322,2.320716619491577,2.2568602561950684,2.1860833168029785,1.7986416816711426,1.885986328125,1.7321803569793701,1.4598723649978638,1.4466840028762817,1.1558393239974976,0.8939846754074097,0.8099207878112793,1.152026891708374,1.2313963174819946,2.31392765045166,2.05604887008667,1.714827537536621,1.6591416597366333,1.3955129384994507,1.1294276714324951,1.2214059829711914,1.0705794095993042,0.7035033106803894,0.7934298515319824,0.7212841510772705,0.49319225549697876,0.8416497111320496,0.8443419337272644,1.1583892107009888
B1,1.72403883934021,1.8244173526763916,1.6220861673355103,1.9942272901535034,2.041512966156006,2.0017664432525635,2.3988537788391113,2.7324249744415283,2.7248036861419678,3.0938222408294678,3.047609329223633,3.2935681343078613,3.519291639328003,3.8266489505767822,4.005197525024414,0.0,0.39849093556404114,0.5805584192276001,0.8568209409713745,1.0429353713989258,1.2262831926345825,1.4570709466934204,1.8627378940582275,1.9810478687286377,2.365880012512207,2.665915012359619,2.5707826614379883,2.7835605144500732,2.7276699542999268,3.097626209259033,4.958362579345703,4.933528900146484,4.585866451263428,4.525136470794678,4.284755706787109,3.908823013305664,3.9399662017822266,3.568546772003174,3.5894596576690674,3.4699318408966064,3.3449032306671143,3.010258674621582,2.9471828937530518,2.585603713989258,2.6027612686157227,6.102817535400391,5.770789623260498,5.532857894897461,5.265406608581543,5.054173469543457,4.827305793762207,4.553110122680664,4.15075159072876,3.9775073528289795,3.617025136947632,3.5043416023254395,3.662473201751709,3.587693214416504,3.515895128250122,3.198845624923706,5.830002784729004,5.459470748901367,5.267114639282227,4.984592437744141,4.825255870819092,4.643293857574463,4.379512786865234,3.969545364379883,3.9187991619110107,3.51853346824646,3.349299669265747,3.6442785263061523,3.4667551517486572,3.796032428741455,3.6769235134124756
B2,1.9076297283172607,1.9459444284439087,1.6776684522628784,2.0256705284118652,2.0110924243927,1.928663969039917,2.31976580619812,2.6251089572906494,2.563690185546875,2.9263858795166016,2.845248222351074,3.111644744873047,3.307365655899048,3.6295251846313477,3.7792370319366455,0.39849093556404114,0.0,0.38952651619911194,0.5015125870704651,0.7302147746086121,0.9610296487808228,1.1181116104125977,1.522487998008728,1.6867942810058594,2.05552077293396,2.3794784545898438,2.3230297565460205,2.523451566696167,2.5080161094665527,2.8760061264038086,4.649992942810059,4.633700370788574,4.2939453125,4.230377674102783,3.9932503700256348,3.617262840270996,3.6246297359466553,3.25211238861084,3.284865617752075,3.153938055038452,3.055703639984131,2.7230494022369385,2.6619482040405273,2.3087472915649414,2.3626670837402344,5.761898040771484,5.434116363525391,5.203474998474121,4.9330668449401855,4.71237850189209,4.499028205871582,4.215592384338379,3.816899061203003,3.649528741836548,3.2949986457824707,3.1983163356781006,3.380415916442871,3.3357808589935303,3.266645908355713,2.968195915222168,5.627197742462158,5.25108528137207,5.046564102172852,4.775154113769531,4.627832889556885,4.421809196472168,4.169445514678955,3.7660152912139893,3.708515167236328,3.3076510429382324,3.1164400577545166,3.3939778804779053,3.1888587474823,3.5053393840789795,3.3660922050476074
B3,1.655070424079895,1.6333330869674683,1.338452935218811,1.666029691696167,1.6515527963638306,1.5469024181365967,1.9412189722061157,2.2430694103240967,2.1935575008392334,2.556551218032837,2.4890084266662598,2.7474496364593506,2.959430456161499,3.272897958755493,3.4391722679138184,0.5805584192276001,0.38952651619911194,0.0,0.38475847244262695,0.5726684331893921,0.6606075167655945,0.9122182130813599,1.3165278434753418,1.4219870567321777,1.804792046546936,2.0961246490478516,2.0005130767822266,2.205108404159546,2.1611533164978027,2.531801462173462,4.546490669250488,4.497779846191406,4.147278308868408,4.053578853607178,3.790977954864502,3.4134225845336914,3.4259843826293945,3.046922206878662,3.0431389808654785,2.9074816703796387,2.775116205215454,2.4462006092071533,2.3698551654815674,2.0099918842315674,2.0287694931030273,5.546273231506348,5.217731952667236,4.970485210418701,4.71162223815918,4.499093532562256,4.263315677642822,4.00018835067749,3.6006951332092285,3.4138023853302,3.057854175567627,2.9318206310272217,3.0924246311187744,3.0278820991516113,2.9741482734680176,2.6617000102996826,5.284534931182861,4.913712024688721,4.710278034210205,4.437029838562012,4.277968883514404,4.082778453826904,3.8290669918060303,3.4206416606903076,3.3598124980926514,2.958496332168579,2.778306007385254,3.068756341934204,2.8867640495300293,3.2165322303771973,3.103734254837036
B4,1.9718965291976929,1.9156017303466797,1.583274006843567,1.873581886291504,1.7950427532196045,1.6525089740753174,2.0234951972961426,2.285520076751709,2.171322822570801,2.520674705505371,2.4091711044311523,2.6904964447021484,2.86177134513855,3.192197561264038,3.320760726928711,0.8568209409713745,0.5015125870704651,0.38475847244262695,0.0,0.36554718017578125,0.5355633497238159,0.6215771436691284,1.0297359228134155,1.2145805358886719,1.570110559463501,1.8986024856567383,1.8619556427001953,2.0482842922210693,2.062224864959717,2.425962448120117,4.28218936920166,4.24940824508667,3.910496711730957,3.8198742866516113,3.566589593887329,3.190113067626953,3.173978567123413,2.7951934337615967,2.8125996589660645,2.6642470359802246,2.5714633464813232,2.245089054107666,2.1746766567230225,1.8285495042800903,1.9024572372436523,5.2693610191345215,4.945387363433838,4.709680080413818,4.44490385055542,4.22007942199707,4.004055500030518,3.7260076999664307,3.330562114715576,3.1543948650360107,2.8055315017700195,2.7047414779663086,2.898207664489746,2.873723030090332,2.8199899196624756,2.534619092941284,5.1872639656066895,4.810272693634033,4.593668460845947,4.334015846252441,4.191157817840576,3.9674997329711914,3.728123188018799,3.3302438259124756,3.2623891830444336,2.8630661964416504,2.6553702354431152,2.920598268508911,2.701381206512451,3.012347459793091,2.8700168132781982
B5,2.112316131591797,2.0063669681549072,1.673113226890564,1.921815276145935,1.8677955865859985,1.6566582918167114,2.0249996185302734,2.2414984703063965,2.1134555339813232,2.4330101013183594,2.285376787185669,2.540639877319336,2.6924502849578857,3.035362720489502,3.154127359390259,1.0429353713989258,0.7302147746086121,0.5726684331893921,0.36554718017578125,0.0,0.3872045576572418,0.5115570425987244,0.8668986558914185,0.9935236573219299,1.3645888566970825,1.6978733539581299,1.6783359050750732,1.913050651550293,1.9604243040084839,2.3304145336151123,3.978787660598755,3.93927001953125,3.593968629837036,3.512892484664917,3.266744375228882,2.8901164531707764,2.9025590419769287,2.5303962230682373,2.566519021987915,2.4595961570739746,2.3677966594696045,2.02540922164917,2.0060412883758545,1.652556300163269,1.767776608467102,5.080979824066162,4.742231845855713,4.516294479370117,4.237322807312012,4.0330610275268555,3.8155479431152344,3.5271694660186768,3.1211581230163574,2.968590497970581,2.5997636318206787,2.5214684009552,2.692963123321533,2.6471712589263916,2.5576958656311035,2.2725586891174316,5.1300506591796875,4.763335704803467,4.524535655975342,4.28555154800415,4.121870994567871,3.8867621421813965,3.675015449523926,3.276118278503418,3.1686899662017822,2.7699358463287354,2.525195598602295,2.772918701171875,2.55644154548645,2.857442855834961,2.694643020629883
B6,1.9201802015304565,1.7580041885375977,1.4030736684799194,1.6062874794006348,1.526691198348999,1.2910411357879639,1.647777795791626,1.8560336828231812,1.7287462949752808,2.0547783374786377,1.9250447750091553,2.1855053901672363,2.3584177494049072,2.6909353733062744,2.8286020755767822,1.2262831926345825,0.9610296487808228,0.6606075167655945,0.5355633497238159,0.3872045576572418,0.0,0.3934316635131836,0.7212333083152771,0.7638241648674011,1.1521612405776978,1.4396682977676392,1.364936113357544,1.5894850492477417,1.5988383293151855,1.9725682735443115,3.9957010746002197,3.920180082321167,3.567288875579834,3.443612813949585,3.162860631942749,2.785743236541748,2.7889065742492676,2.4064626693725586,2.3860678672790527,2.2538373470306396,2.11872935295105,1.7865315675735474,1.7262463569641113,1.3637621402740479,1.425540804862976,4.90412712097168,4.571155071258545,4.3218231201171875,4.0626606941223145,3.8593263626098633,3.615996837615967,3.3566555976867676,2.9549777507781982,2.7682008743286133,2.4063374996185303,2.2815942764282227,2.437166213989258,2.3786444664001465,2.324910879135132,2.023468017578125,4.770357131958008,4.40524435043335,4.173352241516113,3.926751136779785,3.7580854892730713,3.535367965698242,3.3145859241485596,2.9108471870422363,2.810370445251465,2.409485101699829,2.1846208572387695,2.452920436859131,2.259521961212158,2.5807430744171143,2.4570207595825195
B7,2.240692138671875,2.0780088901519775,1.7072288990020752,1.8886644840240479,1.7461532354354858,1.5101680755615234,1.820530652999878,1.9871224164962769,1.7901148796081543,2.0949342250823975,1.9212700128555298,2.211304187774658,2.332852602005005,2.6784236431121826,2.7691092491149902,1.4570709466934204,1.1181116104125977,0.9122182130813599,0.6215771436691284,0.5115570425987244,0.3934316635131836,0.0,0.4117462635040283,0.6337751746177673,0.956767737865448,1.2987120151519775,1.3123743534088135,1.49016535282135,1.5743095874786377,1.9258443117141724,3.793766975402832,3.7370266914367676,3.4000144004821777,3.2758755683898926,3.0041065216064453,2.6295647621154785,2.5877254009246826,2.2035868167877197,2.2045035362243652,2.043942451477051,1.9625825881958008,1.6409882307052612,1.5764589309692383,1.2427486181259155,1.3763848543167114,4.651771068572998,4.327376842498779,4.088773250579834,3.8260271549224854,3.6027979850769043,3.3829402923583984,3.1079022884368896,2.7130846977233887,2.533116102218628,2.184910774230957,2.0877535343170166,2.2922239303588867,2.2931480407714844,2.2498879432678223,1.9899181127548218,4.697259426116943,4.32427978515625,4.083139896392822,3.849193811416626,3.705622911453247,3.4530951976776123,3.2449629306793213,2.8583669662475586,2.759732484817505,2.3670172691345215,2.1190743446350098,2.354499101638794,2.1127426624298096,2.409531354904175,2.252211093902588
B8,2.537325859069824,2.3280742168426514,1.9540404081344604,2.068207263946533,1.8972842693328857,1.6170216798782349,1.8640435934066772,1.947475790977478,1.6896182298660278,1.9383364915847778,1.7070878744125366,1.9946322441101074,2.05995774269104,2.4169774055480957,2.4658873081207275,1.8627378940582275,1.522487998008728,1.3165278434753418,1.0297359228134155,0.8668986558914185,0.7212333083152771,0.4117462635040283,0.0,0.3729468882083893,0.5785443186759949,0.9480791091918945,1.0449895858764648,1.2080248594284058,1.3768911361694336,1.6994636058807373,3.4556479454040527,3.38663649559021,3.055192232131958,2.9109489917755127,2.6315081119537354,2.26101016998291,2.1950981616973877,1.8095118999481201,1.8084512948989868,1.6420166492462158,1.587152361869812,1.2712428569793701,1.2288235425949097,0.9248470664024353,1.1430809497833252,4.242525577545166,3.9164886474609375,3.6812241077423096,3.4154109954833984,3.193354845046997,2.9768097400665283,2.6970791816711426,2.3019330501556396,2.12774920463562,1.778673768043518,1.69977867603302,1.919660210609436,1.9508286714553833,1.909183382987976,1.6844958066940308,4.442699432373047,4.074956893920898,3.812804698944092,3.604602098464966,3.462797164916992,3.1842854022979736,3.0083730220794678,2.6385247707366943,2.5114731788635254,2.1328654289245605,1.8455766439437866,2.0409035682678223,1.772676706314087,2.0457539558410645,1.8620140552520752
B9,2.4726061820983887,2.218733549118042,1.8599590063095093,1.9203153848648071,1.7782021760940552,1.449699878692627,1.6758291721343994,1.7144883871078491,1.46657133102417,1.6867289543151855,1.4421133995056152,1.695518970489502,1.7718645334243774,2.13244366645813,2.2028231620788574,1.9810478687286377,1.6867942810058594,1.4219870567321777,1.2145805358886719,0.9935236573219299,0.7638241648674011,0.6337751746177673,0.3729468882083893,0.0,0.3991721570491791,0.7047327756881714,0.7439103126525879,0.989141047000885,1.1472641229629517,1.483031153678894,3.3763539791107178,3.2689566612243652,2.9205188751220703,2.754150152206421,2.4508121013641357,2.0776548385620117,2.052877187728882,1.6660935878753662,1.6248469352722168,1.4951943159103394,1.375657320022583,1.0367571115493774,1.0246137380599976,0.679021418094635,0.8927596807479858,4.151748180389404,3.8135130405426025,3.5660319328308105,3.303313732147217,3.1099703311920166,2.863011360168457,2.6029484272003174,2.1987640857696533,2.0183756351470947,1.6475472450256348,1.5396665334701538,1.7002865076065063,1.6726022958755493,1.6173393726348877,1.3583048582077026,4.263097763061523,3.908823013305664,3.636850357055664,3.4365389347076416,3.2635412216186523,2.9957592487335205,2.834052801132202,2.4550867080688477,2.294586420059204,1.9130865335464478,1.6088500022888184,1.8143963813781738,1.5867081880569458,1.8771450519561768,1.7185643911361694
B10,2.7982254028320312,2.5221333503723145,2.1656131744384766,2.1784791946411133,2.002169609069824,1.669775366783142,1.819121241569519,1.7771495580673218,1.470233678817749,1.6147083044052124,1.312095284461975,1.5624700784683228,1.559840440750122,1.9263949394226074,1.9389469623565674,2.365880012512207,2.05552077293396,1.804792046546936,1.570110559463501,1.3645888566970825,1.1521612405776978,0.956767737865448,0.5785443186759949,0.3991721570491791,0.0,0.3901371657848358,0.607149064540863,0.7802535891532898,1.0542234182357788,1.3216211795806885,3.123577117919922,3.0022404193878174,2.666245698928833,2.4685635566711426,2.1517114639282227,1.7881426811218262,1.7169363498687744,1.3274269104003906,1.2633572816848755,1.104117751121521,1.017967700958252,0.6930879354476929,0.7019445300102234,0.4389311373233795,0.7809772491455078,3.7547643184661865,3.4196746349334717,3.1716063022613525,2.9108240604400635,2.712191343307495,2.467542886734009,2.207270383834839,1.8063266277313232,1.621159315109253,1.2542812824249268,1.158268690109253,1.3495829105377197,1.378301978111267,1.3449231386184692,1.1486400365829468,4.014323711395264,3.664137363433838,3.374070405960083,3.200664520263672,3.0386908054351807,2.742172956466675,2.614650249481201,2.2629082202911377,2.080256938934326,1.7253481149673462,1.3837530612945557,1.5308678150177002,1.2640700340270996,1.5219104290008545,1.3333251476287842
B11,2.894904851913452,2.5811753273010254,2.245549440383911,2.1891658306121826,2.0084962844848633,1.6646044254302979,1.7331368923187256,1.605747938156128,1.2792247533798218,1.3399653434753418,1.000524878501892,1.221227765083313,1.1800854206085205,1.5475125312805176,1.5509092807769775,2.665915012359619,2.3794784545898438,2.0961246490478516,1.8986024856567383,1.6978733539581299,1.4396682977676392,1.2987120151519775,0.9480791091918945,0.7047327756881714,0.3901371657848358,0.0,0.36085861921310425,0.49441197514533997,0.8210934996604919,1.0247904062271118,3.102581739425659,2.9352622032165527,2.599891424179077,2.3521268367767334,1.9985202550888062,1.65455961227417,1.5809733867645264,1.2079585790634155,1.0377929210662842,0.8634141087532043,0.6791504621505737,0.3664596378803253,0.3537750840187073,0.19012252986431122,0.5578767657279968,3.5220394134521484,3.1885437965393066,2.9170076847076416,2.6774749755859375,2.496859073638916,2.2161977291107178,1.9988549947738647,1.6099228858947754,1.388802170753479,1.032607078552246,0.8618081212043762,1.0009503364562988,1.009135127067566,1.0284852981567383,0.841543436050415,3.669140338897705,3.330270528793335,3.029670476913452,2.8705077171325684,2.692018985748291,2.3947486877441406,2.2904086112976074,1.9479701519012451,1.7332628965377808,1.3952155113220215,1.0281143188476562,1.1569792032241821,0.9167995452880859,1.1885533332824707,1.0475430488586426
B12,2.613668441772461,2.280366897583008,1.9622628688812256,1.8701876401901245,1.7026232481002808,1.3498830795288086,1.397572636604309,1.2610394954681396,0.9579688906669617,1.0436257123947144,0.7373746037483215,0.9694557785987854,1.0303181409835815,1.3886898756027222,1.4763983488082886,2.5707826614379883,2.3230297565460205,2.0005130767822266,1.8619556427001953,1.6783359050750732,1.364936113357544,1.3123743534088135,1.0449895858764648,0.7439103126525879,0.607149064540863,0.36085861921310425,0.0,0.3688479959964752,0.5457407236099243,0.8194516897201538,3.3989012241363525,3.2120931148529053,2.8665263652801514,2.610363006591797,2.243281602859497,1.9064501523971558,1.8707706928253174,1.5128806829452515,1.3030396699905396,1.1422758102416992,0.867712676525116,0.6151314973831177,0.49426770210266113,0.23833200335502625,0.28056827187538147,3.752220869064331,3.4247939586639404,3.1321473121643066,2.9165658950805664,2.7490482330322266,2.4409537315368652,2.2651147842407227,1.8926682472229004,1.6453452110290527,1.3160285949707031,1.0790480375289917,1.1403955221176147,1.0580787658691406,1.116062879562378,0.847091794013977,3.571075439453125,3.2330217361450195,2.9513721466064453,2.764021873474121,2.5625150203704834,2.303697347640991,2.16523814201355,1.7908662557601929,1.587659239768982,1.2176306247711182,0.8928490281105042,1.117236614227295,0.9713252782821655,1.301119327545166,1.259369969367981
B13,2.7378382682800293,2.4036705493927,2.086456298828125,1.9684813022613525,1.7454334497451782,1.4367784261703491,1.405979037284851,1.2268052101135254,0.8636437058448792,0.9008755087852478,0.5827653408050537,0.8863076567649841,0.9066320657730103,1.240544080734253,1.2984755039215088,2.7835605144500732,2.523451566696167,2.205108404159546,2.0482842922210693,1.913050651550293,1.5894850492477417,1.49016535282135,1.2080248594284058,0.989141047000885,0.7802535891532898,0.49441197514533997,0.3688479959964752,0.0,0.3793456256389618,0.5451415181159973,3.510061264038086,3.3176441192626953,2.992680788040161,2.706444025039673,2.32871413230896,2.0167486667633057,1.9180216789245605,1.5761384963989258,1.313620924949646,1.0608733892440796,0.7852146029472351,0.6650051474571228,0.35084596276283264,0.3571496605873108,0.2384321540594101,3.5765461921691895,3.2736945152282715,2.9605233669281006,2.77693247795105,2.584902048110962,2.2695229053497314,2.130279064178467,1.7919493913650513,1.4929237365722656,1.2285624742507935,0.9250625967979431,1.0284547805786133,1.0337222814559937,1.2006540298461914,1.0128551721572876,3.2747139930725098,2.923891305923462,2.648757219314575,2.453549385070801,2.279517412185669,2.006660223007202,1.855660080909729,1.4904922246932983,1.3149141073226929,0.9476979374885559,0.6379221677780151,0.8726948499679565,0.69911789894104,1.0564930438995361,1.0783827304840088
