,A1,A2,A3,A4,A5,A6,A7,A8,A9,A10,A11,A12,A13,A14,A15,B1,B2,B3,B4,B5,B6,B7,B8,B9,B10,B11,B12,B13,B14,B15,C1,C2,C3,C4,C5,C6,C7,C8,C9,C10,C11,C12,C13,C14,C15,D1,D2,D3,D4,D5,D6,D7,D8,D9,D10,D11,D12,D13,D14,D15,E1,E2,E3,E4,E5,E6,E7,E8,E9,E10,E11,E12,E13,E14,E15
A1,0.0,0.3966774046421051,0.6406760811805725,0.778080940246582,1.1548938751220703,1.2390828132629395,1.5642096996307373,1.7346054315567017,2.0270884037017822,2.3245108127593994,2.44582462310791,2.240922689437866,2.2324461936950684,1.9316966533660889,1.8728150129318237,3.2415590286254883,2.9160239696502686,2.7269704341888428,2.420992851257324,2.151710033416748,2.007810592651367,1.6577377319335938,1.6395734548568726,1.272111177444458,1.327712059020996,1.294872522354126,1.5955581665039062,1.416915774345398,1.6551004648208618,1.4657968282699585,2.9169037342071533,3.072665214538574,2.7716939449310303,2.9077627658843994,2.9163336753845215,2.6468634605407715,2.8293869495391846,2.5107083320617676,2.708909511566162,2.558245897293091,2.480726718902588,2.2492902278900146,2.5387637615203857,2.617859363555908,2.954540252685547,3.794809579849243,3.7202093601226807,3.3485381603240967,3.4874138832092285,3.3149466514587402,3.1322531700134277,3.169105291366577,2.892782211303711,2.973978281021118,2.6700663566589355,2.7470576763153076,2.757265090942383,3.115057945251465,3.309946298599243,3.542518377304077,2.3154282569885254,2.120527505874634,1.9149147272109985,2.096794843673706,1.8794267177581787,2.145951986312866,2.1233932971954346,2.3345401287078857,2.456204891204834,2.5083160400390625,2.8608577251434326,2.7750492095947266,3.0776376724243164,3.0798192024230957,3.0986361503601074
A2,0.3966774046421051,0.0,0.38285908102989197,0.5008294582366943,0.8455559611320496,1.019407033920288,1.317776083946228,1.5299265384674072,1.8286391496658325,2.115424633026123,2.289361000061035,2.13215970993042,2.1593098640441895,1.9079495668411255,1.8252723217010498,3.3004910945892334,2.9803786277770996,2.7501258850097656,2.4824600219726562,2.1858158111572266,2.0256142616271973,1.6880273818969727,1.6219452619552612,1.2437174320220947,1.1961098909378052,1.2206339836120605,1.5785082578659058,1.4881395101547241,1.7734392881393433,1.6283140182495117,2.943049669265747,3.057526111602783,2.726989507675171,2.8590948581695557,2.818417549133301,2.558718681335449,2.70137357711792,2.376518487930298,2.5461864471435547,2.3532114028930664,2.2991559505462646,2.119495391845703,2.4353716373443604,2.5618855953216553,2.879523992538452,3.479433298110962,3.432626962661743,3.069110155105591,3.2301888465881348,3.0907037258148193,2.899174690246582,2.9761972427368164,2.693861722946167,2.8137969970703125,2.5368916988372803,2.6025755405426025,2.5607104301452637,2.9200210571289062,3.081547260284424,3.3334147930145264,2.019595146179199,1.7872816324234009,1.596893310546875,1.746178150177002,1.52560555934906,1.8168959617614746,1.7911152839660645,2.0337934494018555,2.168302536010742,2.265098810195923,2.6029248237609863,2.4933183193206787,2.7760207653045654,2.7531073093414307,2.7552268505096436
A3,0.6406760811805725,0.38285908102989197,0.0,0.39616426825523376,0.6577979326248169,0.7560278177261353,1.09812593460083,1.2485872507095337,1.5847665071487427,1.8359781503677368,2.017359495162964,1.8483864068984985,1.9248634576797485,1.7034209966659546,1.6710472106933594,2.9847404956817627,2.670675039291382,2.418943405151367,2.175668954849243,1.8686555624008179,1.7006539106369019,1.3770171403884888,1.2913166284561157,0.9202303886413574,0.8446654081344604,0.9449841976165771,1.3087553977966309,1.277783989906311,1.559030532836914,1.4339832067489624,2.688615322113037,2.769552230834961,2.426029920578003,2.531571388244629,2.471385955810547,2.202080249786377,2.3287453651428223,1.9988359212875366,2.1633522510528564,1.9736011028289795,1.9242362976074219,1.7452644109725952,2.06876277923584,2.2018795013427734,2.5111539363861084,3.154905319213867,3.086251974105835,2.7175285816192627,2.8713972568511963,2.7208542823791504,2.541543483734131,2.6160287857055664,2.3472418785095215,2.4797563552856445,2.2140536308288574,2.311204671859741,2.2717316150665283,2.634206771850586,2.784639835357666,3.019930362701416,1.9508932828903198,1.693189263343811,1.4430938959121704,1.555959939956665,1.2891693115234375,1.5350133180618286,1.4867335557937622,1.700853705406189,1.8207610845565796,1.8947803974151611,2.239581346511841,2.148361921310425,2.4430155754089355,2.450462818145752,2.4639816284179688
A4,0.778080940246582,0.5008294582366943,0.39616426825523376,0.0,0.3801780343055725,0.5477709770202637,0.818835437297821,1.0528877973556519,1.3340587615966797,1.6289187669754028,1.8122093677520752,1.6906410455703735,1.7218667268753052,1.5133520364761353,1.4090596437454224,3.143136501312256,2.859435796737671,2.5921082496643066,2.3575565814971924,2.0810890197753906,1.854841709136963,1.5760432481765747,1.4065639972686768,1.0529448986053467,0.8803796172142029,0.8640980124473572,1.2499849796295166,1.2498794794082642,1.5914303064346313,1.5449244976043701,2.592374801635742,2.6838908195495605,2.3409130573272705,2.499271869659424,2.4393863677978516,2.2185544967651367,2.3639333248138428,2.0677719116210938,2.2633297443389893,2.073418378829956,2.093445062637329,1.9355921745300293,2.2787704467773438,2.398023843765259,2.6853702068328857,3.1385326385498047,3.092677354812622,2.7294020652770996,2.8585143089294434,2.7234947681427,2.4962899684906006,2.568761110305786,2.263258934020996,2.3747787475585938,2.1028079986572266,2.1368823051452637,2.077620029449463,2.4338996410369873,2.6000592708587646,2.8615097999572754,1.600282907485962,1.3830686807632446,1.1444531679153442,1.3331080675125122,1.14398193359375,1.4131255149841309,1.4627408981323242,1.6713005304336548,1.869480013847351,1.961554765701294,2.2716963291168213,2.1186254024505615,2.4105100631713867,2.3699216842651367,2.4171864986419678
A5,1.1548938751220703,0.8455559611320496,0.6577979326248169,0.3801780343055725,0.0,0.3746410608291626,0.5177891850471497,0.7968648076057434,1.0635533332824707,1.334734320640564,1.5698105096817017,1.512614130973816,1.583532691001892,1.4548534154891968,1.3401578664779663,3.1455910205841064,2.8859009742736816,2.5856258869171143,2.3979544639587402,2.123692512512207,1.8749604225158691,1.648108959197998,1.4218940734863281,1.1213592290878296,0.835544764995575,0.8621636033058167,1.242771863937378,1.348526954650879,1.7017099857330322,1.714990258216858,2.5257973670959473,2.571681261062622,2.2102577686309814,2.36792254447937,2.261995315551758,2.0717275142669678,2.1813902854919434,1.9036809206008911,2.0823380947113037,1.86848783493042,1.9432556629180908,1.8407047986984253,2.1988203525543213,2.3423912525177,2.5941898822784424,2.8070414066314697,2.7796294689178467,2.425267457962036,2.5531198978424072,2.4457833766937256,2.1984004974365234,2.2994699478149414,1.9844905138015747,2.123758554458618,1.884865641593933,1.8981645107269287,1.7862489223480225,2.1379284858703613,2.2749202251434326,2.552131414413452,1.3109831809997559,1.0628058910369873,0.7904612421989441,0.9608543515205383,0.7846428751945496,1.052089810371399,1.1497292518615723,1.355409860610962,1.5973691940307617,1.7182878255844116,1.9941494464874268,1.8023955821990967,2.0810341835021973,2.0147788524627686,2.0750346183776855
A6,1.2390828132629395,1.019407033920288,0.7560278177261353,0.5477709770202637,0.3746410608291626,0.0,0.3860352635383606,0.5106498003005981,0.828936755657196,1.098583698272705,1.2817959785461426,1.1700150966644287,1.2520204782485962,1.1179070472717285,1.062531590461731,2.8195838928222656,2.5784659385681152,2.27834415435791,2.0922577381134033,1.8473305702209473,1.5662128925323486,1.3784918785095215,1.108860731124878,0.8496561646461487,0.5392379760742188,0.5115510821342468,0.8774913549423218,1.0258079767227173,1.3760279417037964,1.4346561431884766,2.1573596000671387,2.205042839050293,1.846460223197937,2.008016347885132,1.9252506494522095,1.7365920543670654,1.8829536437988281,1.6216728687286377,1.8478766679763794,1.685857892036438,1.7799720764160156,1.635483741760254,1.987082839012146,2.0849506855010986,2.3331546783447266,2.7584941387176514,2.684281826019287,2.3181698322296143,2.398515224456787,2.246202230453491,1.9970967769622803,2.045973300933838,1.72941255569458,1.8292133808135986,1.561673879623413,1.5976022481918335,1.5416457653045654,1.901323676109314,2.0755228996276855,2.323868989944458,1.4422616958618164,1.2473745346069336,0.9065902233123779,1.094110131263733,0.9147611856460571,1.062824010848999,1.179532766342163,1.2892346382141113,1.5321862697601318,1.5751112699508667,1.8581604957580566,1.6877809762954712,2.0041587352752686,1.9855973720550537,2.094513416290283
A7,1.5642096996307373,1.317776083946228,1.09812593460083,0.818835437297821,0.5177891850471497,0.3860352635383606,0.0,0.37417030334472656,0.550519585609436,0.8443827629089355,1.0750277042388916,1.0803776979446411,1.1502922773361206,1.113267421722412,0.9891756772994995,3.0116934776306152,2.8056695461273193,2.487870454788208,2.338963747024536,2.1183700561523438,1.8143868446350098,1.6838226318359375,1.3745313882827759,1.1808255910873413,0.8398164510726929,0.7741369605064392,1.0571967363357544,1.2664858102798462,1.6205750703811646,1.740243911743164,2.161273241043091,2.1824586391448975,1.8233469724655151,2.0184710025787354,1.9049381017684937,1.7839831113815308,1.9101694822311401,1.6994600296020508,1.9203273057937622,1.7494196891784668,1.914129376411438,1.8254103660583496,2.178375244140625,2.282404899597168,2.488722324371338,2.6138768196105957,2.57049822807312,2.2236850261688232,2.2826972007751465,2.1661784648895264,1.8721880912780762,1.9392917156219482,1.5944623947143555,1.6944493055343628,1.4583286046981812,1.4161349534988403,1.2956714630126953,1.6416587829589844,1.8059866428375244,2.087449550628662,1.1050219535827637,0.9486560225486755,0.5889540314674377,0.8348484039306641,0.7785613536834717,0.8926326036453247,1.1265053749084473,1.2086533308029175,1.5240412950515747,1.5966088771820068,1.814436435699463,1.5763057470321655,1.8684176206588745,1.794678807258606,1.9386157989501953
A8,1.7346054315567017,1.5299265384674072,1.2485872507095337,1.0528877973556519,0.7968648076057434,0.5106498003005981,0.37417030334472656,0.0,0.3800681531429291,0.5935330390930176,0.7916973233222961,0.7485116124153137,0.8998339176177979,0.9198689460754395,0.9093807935714722,2.6853771209716797,2.5030405521392822,2.177426815032959,2.05643367767334,1.863770842552185,1.542850136756897,1.47676682472229,1.13595449924469,1.0372211933135986,0.699813723564148,0.6528120040893555,0.828829824924469,1.1191716194152832,1.4298467636108398,1.5920155048370361,1.8526864051818848,1.8420945405960083,1.4724708795547485,1.6500152349472046,1.531375765800476,1.415410041809082,1.5538780689239502,1.3660502433776855,1.6174983978271484,1.4939100742340088,1.6855477094650269,1.5820128917694092,1.919722557067871,1.9922846555709839,2.178114175796509,2.4678473472595215,2.3755698204040527,2.0207724571228027,2.0365188121795654,1.8784503936767578,1.589695692062378,1.6123110055923462,1.271288275718689,1.3506524562835693,1.0998035669326782,1.104682207107544,1.0315580368041992,1.3920578956604004,1.5767015218734741,1.819860577583313,1.3723464012145996,1.2367478609085083,0.8634465336799622,1.0246046781539917,0.9288442134857178,0.900105357170105,1.1135151386260986,1.0859603881835938,1.3835896253585815,1.3774747848510742,1.590624213218689,1.3829573392868042,1.7074424028396606,1.6956053972244263,1.8789681196212769
A9,2.0270884037017822,1.8286391496658325,1.5847665071487427,1.3340587615966797,1.0635533332824707,0.828936755657196,0.550519585609436,0.3800681531429291,0.0,0.3655605614185333,0.5414115190505981,0.6630504727363586,0.7472594380378723,0.8850263953208923,0.8107149004936218,2.860046863555908,2.720158100128174,2.3964924812316895,2.2977094650268555,2.1475164890289307,1.807555079460144,1.7901849746704102,1.4327651262283325,1.3763147592544556,1.0636022090911865,0.9444127082824707,1.0308291912078857,1.3250832557678223,1.6264264583587646,1.8434945344924927,1.7812093496322632,1.7622807025909424,1.4171932935714722,1.6505640745162964,1.5349092483520508,1.5118000507354736,1.657392978668213,1.5473456382751465,1.8080213069915771,1.710506796836853,1.9537523984909058,1.8761144876480103,2.1971311569213867,2.247356653213501,2.395594835281372,2.4946000576019287,2.4187848567962646,2.091381788253784,2.0572102069854736,1.9194228649139404,1.5868865251541138,1.5881831645965576,1.2222973108291626,1.2456719875335693,1.0159779787063599,0.8934882879257202,0.7859623432159424,1.123047947883606,1.3421932458877563,1.6089533567428589,1.2269666194915771,1.1924060583114624,0.8617017269134521,1.066603183746338,1.0995430946350098,1.0256071090698242,1.321908950805664,1.2502814531326294,1.5880738496780396,1.582085371017456,1.7220220565795898,1.4656175374984741,1.7600380182266235,1.7052364349365234,1.937859058380127
A10,2.3245108127593994,2.115424633026123,1.8359781503677368,1.6289187669754028,1.334734320640564,1.098583698272705,0.8443827629089355,0.5935330390930176,0.3655605614185333,0.0,0.3755025863647461,0.6239258050918579,0.8261924386024475,1.0720045566558838,1.080769658088684,2.764300584793091,2.6574299335479736,2.3188257217407227,2.2784817218780518,2.1477320194244385,1.818118691444397,1.8629893064498901,1.5053068399429321,1.52552330493927,1.2187762260437012,1.1719950437545776,1.1908283233642578,1.5295478105545044,1.7791293859481812,2.012345314025879,1.7330507040023804,1.6353989839553833,1.2862063646316528,1.4790772199630737,1.303011178970337,1.3324629068374634,1.4264156818389893,1.3735737800598145,1.6108042001724243,1.5342119932174683,1.8263370990753174,1.794992446899414,2.0913009643554688,2.142740249633789,2.2396838665008545,2.217024326324463,2.1237034797668457,1.8119069337844849,1.737487554550171,1.6037362813949585,1.2562721967697144,1.253729224205017,0.8846670389175415,0.9267114996910095,0.769245982170105,0.6460623145103455,0.4524262845516205,0.8064835667610168,0.998816192150116,1.2564058303833008,1.409053921699524,1.3640761375427246,1.0530072450637817,1.1491870880126953,1.1837806701660156,0.9918912649154663,1.2825231552124023,1.1167478561401367,1.4455337524414062,1.4068366289138794,1.4819777011871338,1.2199506759643555,1.5027904510498047,1.4727591276168823,1.7451856136322021
A11,2.44582462310791,2.289361000061035,2.017359495162964,1.8122093677520752,1.5698105096817017,1.2817959785461426,1.0750277042388916,0.7916973233222961,0.5414115190505981,0.3755025863647461,0.0,0.3891092836856842,0.5432543158531189,0.8745293021202087,0.9426813125610352,2.623283624649048,2.553779363632202,2.238370418548584,2.1957576274871826,2.123736619949341,1.774963140487671,1.8692904710769653,1.506467342376709,1.5816560983657837,1.336700201034546,1.217063307762146,1.121752142906189,1.4507594108581543,1.6559773683547974,1.9382734298706055,1.3928732872009277,1.3088066577911377,0.9890180826187134,1.2439769506454468,1.1389429569244385,1.2303173542022705,1.3997175693511963,1.4103293418884277,1.7015385627746582,1.7026978731155396,1.9888229370117188,1.9095107316970825,2.1753175258636475,2.160773515701294,2.2479231357574463,2.467371702194214,2.335923433303833,2.0336694717407227,1.8992935419082642,1.7168101072311401,1.383715271949768,1.2744553089141846,0.927341103553772,0.81006920337677,0.5803658962249756,0.3603993058204651,0.41995319724082947,0.7157192230224609,1.0251957178115845,1.2126449346542358,1.6574112176895142,1.6695053577423096,1.3641804456710815,1.5081899166107178,1.538441777229309,1.3591889142990112,1.627746343612671,1.439331293106079,1.733953595161438,1.631479263305664,1.704267144203186,1.488034725189209,1.7759343385696411,1.7827444076538086,2.0739734172821045
A12,2.240922689437866,2.13215970993042,1.8483864068984985,1.6906410455703735,1.512614130973816,1.1700150966644287,1.0803776979446411,0.7485116124153137,0.6630504727363586,0.6239258050918579,0.3891092836856842,0.0,0.36514902114868164,0.6157733798027039,0.8169069886207581,2.306227445602417,2.220200300216675,1.9200576543807983,1.844751238822937,1.7872787714004517,1.428362488746643,1.5321319103240967,1.173569917678833,1.284294605255127,1.1047804355621338,0.9609811902046204,0.7788795828819275,1.1102126836776733,1.2802640199661255,1.5714139938354492,1.1478290557861328,1.1120635271072388,0.7610952854156494,1.021164059638977,0.9923993945121765,1.0062798261642456,1.257483959197998,1.2323752641677856,1.5739694833755493,1.6156970262527466,1.8512773513793945,1.7027500867843628,1.9581198692321777,1.9022942781448364,2.0247902870178223,2.6369292736053467,2.465806245803833,2.1368377208709717,2.0151994228363037,1.7754462957382202,1.492493748664856,1.3381648063659668,1.02622652053833,0.885308027267456,0.5384616255760193,0.5419459939002991,0.7530081868171692,1.0394216775894165,1.3427876234054565,1.473219633102417,1.879327416419983,1.8530609607696533,1.5103826522827148,1.6692267656326294,1.6208561658859253,1.4748865365982056,1.6805787086486816,1.505382776260376,1.750929832458496,1.5995540618896484,1.7405650615692139,1.592383861541748,1.9198106527328491,1.9825520515441895,2.2460687160491943
A13,2.2324461936950684,2.1593098640441895,1.9248634576797485,1.7218667268753052,1.583532691001892,1.2520204782485962,1.1502922773361206,0.8998339176177979,0.7472594380378723,0.8261924386024475,0.5432543158531189,0.36514902114868164,0.0,0.3811074197292328,0.5465737581253052,2.4935414791107178,2.41461443901062,2.1467490196228027,2.029789924621582,1.9958871603012085,1.6278162002563477,1.7050756216049194,1.355940341949463,1.422281265258789,1.270970344543457,1.0249935388565063,0.8312452435493469,1.080219030380249,1.2669992446899414,1.5849467515945435,1.080631136894226,1.1514755487442017,0.8819923400878906,1.219836950302124,1.274455189704895,1.3122022151947021,1.5976078510284424,1.5776164531707764,1.929436206817627,1.970999836921692,2.1909470558166504,2.0171947479248047,2.2741620540618896,2.1964449882507324,2.337106704711914,2.962904453277588,2.808178424835205,2.484830379486084,2.35905122756958,2.128366470336914,1.8342647552490234,1.6717569828033447,1.359030842781067,1.1748276948928833,0.841608464717865,0.7246583700180054,0.9536272287368774,1.1940597295761108,1.5410292148590088,1.682634711265564,1.8632080554962158,1.8994781970977783,1.582273244857788,1.8115204572677612,1.8033158779144287,1.709405779838562,1.9465595483779907,1.8097819089889526,2.0785067081451416,1.9491493701934814,2.096146583557129,1.927169680595398,2.2467291355133057,2.275001049041748,2.5410735607147217
A14,1.9316966533660889,1.9079495668411255,1.7034209966659546,1.5133520364761353,1.4548534154891968,1.1179070472717285,1.113267421722412,0.9198689460754395,0.8850263953208923,1.0720045566558838,0.8745293021202087,0.6157733798027039,0.3811074197292328,0.0,0.36143919825553894,2.4668712615966797,2.3472888469696045,2.104980707168579,1.923755168914795,1.875844120979309,1.5111273527145386,1.5288301706314087,1.2044750452041626,1.2169218063354492,1.125778079032898,0.8072274327278137,0.6062749028205872,0.759290874004364,0.9789596199989319,1.285200595855713,1.1667156219482422,1.3278743028640747,1.0774768590927124,1.3892194032669067,1.4894847869873047,1.444803237915039,1.7592089176177979,1.6769126653671265,2.0388739109039307,2.0695908069610596,2.2340056896209717,2.0107264518737793,2.275409698486328,2.1892573833465576,2.3812615871429443,3.1977455615997314,3.0422005653381348,2.6981875896453857,2.6094844341278076,2.366360664367676,2.0938405990600586,1.9453924894332886,1.6386940479278564,1.4878711700439453,1.1316629648208618,1.0865495204925537,1.2933796644210815,1.5623055696487427,1.8957172632217407,2.046175956726074,1.9297049045562744,1.9453024864196777,1.6216442584991455,1.8845404386520386,1.8364284038543701,1.8093302249908447,2.0138704776763916,1.930477261543274,2.1817188262939453,2.060866355895996,2.26552152633667,2.1180076599121094,2.4561996459960938,2.4896323680877686,2.723158597946167
A15,1.8728150129318237,1.8252723217010498,1.6710472106933594,1.4090596437454224,1.3401578664779663,1.062531590461731,0.9891756772994995,0.9093807935714722,0.8107149004936218,1.080769658088684,0.9426813125610352,0.8169069886207581,0.5465737581253052,0.36143919825553894,0.0,2.821516275405884,2.6889424324035645,2.439326524734497,2.2496421337127686,2.1702518463134766,1.8101882934570312,1.7777458429336548,1.4530706405639648,1.384108543395996,1.2373576164245605,0.8982423543930054,0.8464391827583313,0.9560790657997131,1.2432186603546143,1.507811188697815,1.4714174270629883,1.6330006122589111,1.387602686882019,1.713160753250122,1.7779464721679688,1.7473722696304321,2.031111478805542,1.9332771301269531,2.274731159210205,2.2581732273101807,2.433730125427246,2.237090826034546,2.529317617416382,2.480330467224121,2.6788108348846436,3.2714171409606934,3.1567342281341553,2.817674160003662,2.7500715255737305,2.5452351570129395,2.242604970932007,2.137380838394165,1.8008339405059814,1.6790965795516968,1.3475604057312012,1.2223700284957886,1.3487510681152344,1.6168674230575562,1.942755103111267,2.1427407264709473,1.6613088846206665,1.7211765050888062,1.4355791807174683,1.748336672782898,1.7534644603729248,1.7736458778381348,2.019225835800171,1.9799778461456299,2.271501064300537,2.2058467864990234,2.402600049972534,2.2071964740753174,2.5285513401031494,2.5078012943267822,2.734956979751587
B1,3.2415590286254883,3.3004910945892334,2.9847404956817627,3.143136501312256,3.1455910205841064,2.8195838928222656,3.0116934776306152,2.6853771209716797,2.860046863555908,2.764300584793091,2.623283624649048,2.306227445602417,2.4935414791107178,2.4668712615966797,2.821516275405884,0.0,0.3910786509513855,0.6113455295562744,0.8265731334686279,1.157177448272705,1.2907941341400146,1.6151478290557861,1.7390931844711304,2.093686819076538,2.311000108718872,2.3985936641693115,2.113279104232788,2.173285484313965,1.8756258487701416,1.9162095785140991,1.9117100238800049,1.82148015499115,1.8185348510742188,1.519044280052185,1.6733953952789307,1.4804133176803589,1.6010477542877197,1.6396746635437012,1.7749595642089844,2.094393253326416,2.010093927383423,1.7426255941390991,1.548561453819275,1.1690257787704468,1.1652921438217163,3.5322444438934326,3.1747243404388428,2.909925937652588,2.7827401161193848,2.4138200283050537,2.517333507537842,2.258833408355713,2.352928400039673,2.257758617401123,2.1479649543762207,2.4926700592041016,2.7609124183654785,2.9108052253723145,3.068582057952881,2.94478702545166,4.050065517425537,3.894212245941162,3.519110918045044,3.5446343421936035,3.2954769134521484,3.1278343200683594,3.039902687072754,2.8289690017700195,2.720864772796631,2.371671676635742,2.543468713760376,2.768395185470581,3.0447425842285156,3.3559319972991943,3.507232904434204
B2,2.9160239696502686,2.9803786277770996,2.670675039291382,2.859435796737671,2.8859009742736816,2.5784659385681152,2.8056695461273193,2.5030405521392822,2.720158100128174,2.6574299335479736,2.553779363632202,2.220200300216675,2.41461443901062,2.3472888469696045,2.6889424324035645,0.3910786509513855,0.0,0.37262335419654846,0.5080302953720093,0.8127156496047974,1.0153121948242188,1.2967008352279663,1.4764713048934937,1.807759165763855,2.052854537963867,2.1670634746551514,1.9202659130096436,1.9561548233032227,1.6672663688659668,1.6501491069793701,1.9813951253890991,1.9231764078140259,1.850711703300476,1.5819122791290283,1.7064427137374878,1.440289855003357,1.5646082162857056,1.5131222009658813,1.646765112876892,1.9253615140914917,1.7925505638122559,1.488147258758545,1.3073296546936035,0.9384785890579224,1.0427606105804443,3.4546427726745605,3.1150059700012207,2.824547529220581,2.746429443359375,2.386258602142334,2.4773333072662354,2.261007070541382,2.3183517456054688,2.2658193111419678,2.1223974227905273,2.473489284515381,2.7157394886016846,2.9090335369110107,3.066840648651123,2.985696792602539,3.874258518218994,3.6948435306549072,3.3204171657562256,3.343472957611084,3.0703604221343994,2.9338855743408203,2.8209733963012695,2.646087169647217,2.527402877807617,2.1979362964630127,2.4174435138702393,2.6418352127075195,2.932095527648926,3.234731912612915,3.359968662261963
B3,2.7269704341888428,2.7501258850097656,2.418943405151367,2.5921082496643066,2.5856258869171143,2.27834415435791,2.487870454788208,2.177426815032959,2.3964924812316895,2.3188257217407227,2.238370418548584,1.9200576543807983,2.1467490196228027,2.104980707168579,2.439326524734497,0.6113455295562744,0.37262335419654846,0.0,0.3829003572463989,0.6012308597564697,0.7516347765922546,1.0709854364395142,1.2018309831619263,1.5499699115753174,1.7551072835922241,1.8947051763534546,1.6639533042907715,1.7534985542297363,1.5152865648269653,1.5267558097839355,1.834172010421753,1.7411812543869019,1.6090002059936523,1.3346675634384155,1.4057897329330444,1.1082414388656616,1.2159851789474487,1.1419649124145508,1.2857097387313843,1.5627559423446655,1.4534192085266113,1.1511226892471313,0.9997521638870239,0.6238759756088257,0.7597572803497314,3.1038146018981934,2.772243022918701,2.4709203243255615,2.399125814437866,2.0410563945770264,2.1200785636901855,1.9195362329483032,1.9671801328659058,1.9410985708236694,1.8039647340774536,2.164747714996338,2.382350206375122,2.585300922393799,2.729158878326416,2.663095235824585,3.543208599090576,3.3573293685913086,2.984374761581421,2.99259352684021,2.7227530479431152,2.57269024848938,2.4623231887817383,2.2776153087615967,2.1641342639923096,1.8318554162979126,2.0527725219726562,2.270317316055298,2.564237356185913,2.86326003074646,2.99164080619812
B4,2.420992851257324,2.4824600219726562,2.175668954849243,2.3575565814971924,2.3979544639587402,2.0922577381134033,2.338963747024536,2.05643367767334,2.2977094650268555,2.2784817218780518,2.1957576274871826,1.844751238822937,2.029789924621582,1.923755168914795,2.2496421337127686,0.8265731334686279,0.5080302953720093,0.3829003572463989,0.0,0.37418147921562195,0.5282339453697205,0.7988421320915222,0.9839217662811279,1.3053950071334839,1.567371129989624,1.674951434135437,1.4487167596817017,1.4726306200027466,1.2073813676834106,1.1755120754241943,1.7768100500106812,1.7625831365585327,1.614348292350769,1.4175857305526733,1.5317168235778809,1.2125259637832642,1.3963583707809448,1.2577710151672363,1.4591883420944214,1.6805329322814941,1.5575809478759766,1.1986445188522339,1.1339434385299683,0.814211905002594,1.0596860647201538,3.2835779190063477,2.9773061275482178,2.649670124053955,2.6022133827209473,2.2516565322875977,2.280015230178833,2.0929276943206787,2.0753836631774902,2.0394363403320312,1.8389919996261597,2.174189805984497,2.4001710414886475,2.637238025665283,2.8167452812194824,2.7905900478363037,3.424623727798462,3.2435667514801025,2.869527578353882,2.914888381958008,2.6396162509918213,2.537168502807617,2.4389281272888184,2.298210382461548,2.2194571495056152,1.9195741415023804,2.188908815383911,2.3660550117492676,2.6859548091888428,2.9533040523529053,3.077470064163208
B5,2.151710033416748,2.1858158111572266,1.8686555624008179,2.0810890197753906,2.123692512512207,1.8473305702209473,2.1183700561523438,1.863770842552185,2.1475164890289307,2.1477320194244385,2.123736619949341,1.7872787714004517,1.9958871603012085,1.875844120979309,2.1702518463134766,1.157177448272705,0.8127156496047974,0.6012308597564697,0.37418147921562195,0.0,0.3687473237514496,0.5190905928611755,0.768240749835968,1.04710853099823,1.3098750114440918,1.4790971279144287,1.3311853408813477,1.3667784929275513,1.175721526145935,1.0867887735366821,1.9458891153335571,1.926435947418213,1.709844946861267,1.5415066480636597,1.5851809978485107,1.224440574645996,1.3654433488845825,1.1354292631149292,1.3084405660629272,1.4620258808135986,1.2984470129013062,0.9176625609397888,0.909665584564209,0.6903073191642761,1.0218511819839478,3.0982892513275146,2.8162598609924316,2.4734597206115723,2.476957321166992,2.1511831283569336,2.170854091644287,2.0420174598693848,1.9973256587982178,2.022179126739502,1.8171414136886597,2.149057149887085,2.3235270977020264,2.593118906021118,2.751474618911743,2.764596939086914,3.210840940475464,2.999549627304077,2.6317431926727295,2.6570143699645996,2.3582890033721924,2.279484510421753,2.150193214416504,2.044959306716919,1.9516745805740356,1.682387113571167,1.9894782304763794,2.1629061698913574,2.4842472076416016,2.740077018737793,2.8345718383789062
B6,2.007810592651367,2.0256142616271973,1.7006539106369019,1.854841709136963,1.8749604225158691,1.5662128925323486,1.8143868446350098,1.542850136756897,1.807555079460144,1.818118691444397,1.774963140487671,1.428362488746643,1.6278162002563477,1.5111273527145386,1.8101882934570312,1.2907941341400146,1.0153121948242188,0.7516347765922546,0.5282339453697205,0.3687473237514496,0.0,0.3800215721130371,0.46162888407707214,0.8055237531661987,1.04153573513031,1.1655824184417725,0.9792607426643372,1.0543445348739624,0.8933526873588562,0.890762209892273,1.6481014490127563,1.6427900791168213,1.397204875946045,1.2829025983810425,1.337982416152954,0.9863693118095398,1.1981507539749146,0.9714257717132568,1.2350921630859375,1.3777153491973877,1.3010156154632568,0.9264609217643738,1.0281331539154053,0.8400774002075195,1.1404730081558228,2.988760232925415,2.721684217453003,2.366142511367798,2.3466076850891113,2.019634485244751,1.981110692024231,1.8374810218811035,1.7441003322601318,1.742269515991211,1.5017260313034058,1.8146785497665405,2.0009312629699707,2.2784323692321777,2.4633405208587646,2.494314432144165,2.904766321182251,2.7192423343658447,2.345982551574707,2.4013783931732178,2.130108118057251,2.0475354194641113,1.971390962600708,1.8554421663284302,1.8266947269439697,1.5640133619308472,1.8680768013000488,1.9867134094238281,2.3284878730773926,2.555699348449707,2.682600498199463
B7,1.6577377319335938,1.6880273818969727,1.3770171403884888,1.5760432481765747,1.648108959197998,1.3784918785095215,1.6838226318359375,1.47676682472229,1.7901849746704102,1.8629893064498901,1.8692904710769653,1.5321319103240967,1.7050756216049194,1.5288301706314087,1.7777458429336548,1.6151478290557861,1.2967008352279663,1.0709854364395142,0.7988421320915222,0.5190905928611755,0.3800215721130371,0.0,0.36603638529777527,0.5432549118995667,0.8548039793968201,1.0095816850662231,0.9354623556137085,0.9389364123344421,0.8488000631332397,0.7251164317131042,1.8945070505142212,1.9300968647003174,1.6585553884506226,1.600974678993225,1.6338691711425781,1.2819808721542358,1.4700058698654175,1.1816821098327637,1.4122661352157593,1.4648387432098389,1.346609354019165,0.969594419002533,1.1380321979522705,1.0530096292495728,1.3933329582214355,3.072730302810669,2.8401694297790527,2.471196174621582,2.504122018814087,2.2087817192077637,2.1485044956207275,2.058845043182373,1.923796534538269,1.960615873336792,1.6990560293197632,1.9764423370361328,2.120854616165161,2.4322776794433594,2.615318775177002,2.6927945613861084,2.7874321937561035,2.5796091556549072,2.217026710510254,2.281954050064087,1.9880937337875366,1.969260573387146,1.8730456829071045,1.828210711479187,1.807638168334961,1.6068665981292725,1.9532321691513062,2.0454652309417725,2.389457941055298,2.5848796367645264,2.6787490844726562
B8,1.6395734548568726,1.6219452619552612,1.2913166284561157,1.4065639972686768,1.4218940734863281,1.108860731124878,1.3745313882827759,1.13595449924469,1.4327651262283325,1.5053068399429321,1.506467342376709,1.173569917678833,1.355940341949463,1.2044750452041626,1.4530706405639648,1.7390931844711304,1.4764713048934937,1.2018309831619263,0.9839217662811279,0.768240749835968,0.46162888407707214,0.36603638529777527,0.0,0.37850505113601685,0.5918090343475342,0.7151606678962708,0.6136311888694763,0.7276234030723572,0.7380231022834778,0.7578334808349609,1.6661272048950195,1.6926281452178955,1.3852150440216064,1.3798733949661255,1.3938969373703003,1.0703328847885132,1.2902053594589233,1.0149002075195312,1.3046082258224487,1.3423653841018677,1.3179702758789062,0.9819830060005188,1.2197673320770264,1.1567941904067993,1.4533387422561646,2.8857648372650146,2.667524576187134,2.2934560775756836,2.3039796352386475,2.015235424041748,1.9037543535232544,1.8102554082870483,1.6323713064193726,1.657224416732788,1.3751262426376343,1.6299574375152588,1.769653081893921,2.08758282661438,2.2844812870025635,2.379512310028076,2.475241184234619,2.2898647785186768,1.9193897247314453,2.003514289855957,1.7407552003860474,1.7029187679290771,1.663057804107666,1.5963574647903442,1.6394155025482178,1.4459995031356812,1.7751407623291016,1.814467191696167,2.1710610389709473,2.3404483795166016,2.466973304748535
B9,1.272111177444458,1.2437174320220947,0.9202303886413574,1.0529448986053467,1.1213592290878296,0.8496561646461487,1.1808255910873413,1.0372211933135986,1.3763147592544556,1.52552330493927,1.5816560983657837,1.284294605255127,1.422281265258789,1.2169218063354492,1.384108543395996,2.093686819076538,1.807759165763855,1.5499699115753174,1.3053950071334839,1.04710853099823,0.8055237531661987,0.5432549118995667,0.37850505113601685,0.0,0.37119796872138977,0.5175216197967529,0.6274795532226562,0.6622312068939209,0.8141863346099854,0.7549570202827454,1.9135956764221191,1.9746124744415283,1.6532877683639526,1.7024686336517334,1.6981559991836548,1.394981026649475,1.5900970697402954,1.2870869636535645,1.5411978960037231,1.49527108669281,1.4581263065338135,1.1570184230804443,1.441068172454834,1.4497922658920288,1.7617069482803345,2.9678688049316406,2.792398691177368,2.411383867263794,2.4667396545410156,2.2168283462524414,2.0754921436309814,2.03458309173584,1.8144525289535522,1.8712162971496582,1.5787534713745117,1.7768932580947876,1.8652609586715698,2.20934796333313,2.4035558700561523,2.548327922821045,2.2803235054016113,2.0785841941833496,1.723573923110962,1.830143928527832,1.5574274063110352,1.5987977981567383,1.5604510307312012,1.5764063596725464,1.651600956916809,1.5380915403366089,1.8892323970794678,1.8831427097320557,2.234367847442627,2.355954170227051,2.4545834064483643
B10,1.327712059020996,1.1961098909378052,0.8446654081344604,0.8803796172142029,0.835544764995575,0.5392379760742188,0.8398164510726929,0.699813723564148,1.0636022090911865,1.2187762260437012,1.336700201034546,1.1047804355621338,1.270970344543457,1.125778079032898,1.2373576164245605,2.311000108718872,2.052854537963867,1.7551072835922241,1.567371129989624,1.3098750114440918,1.04153573513031,0.8548039793968201,0.5918090343475342,0.37119796872138977,0.0,0.37689363956451416,0.6285956501960754,0.8011089563369751,1.0515897274017334,1.0765283107757568,1.9441218376159668,1.970043659210205,1.6134343147277832,1.6937599182128906,1.6283595561981201,1.364524006843567,1.521829605102539,1.2231603860855103,1.4656460285186768,1.3613308668136597,1.3961760997772217,1.1747316122055054,1.5073769092559814,1.573081135749817,1.8451993465423584,2.7050442695617676,2.5611937046051025,2.180704355239868,2.2459802627563477,2.0312256813049316,1.848615050315857,1.8497408628463745,1.59235417842865,1.6855603456497192,1.4098342657089233,1.5686951875686646,1.5942959785461426,1.9504939317703247,2.12485933303833,2.3044440746307373,1.9380500316619873,1.7273190021514893,1.366666316986084,1.4643431901931763,1.2037818431854248,1.2421636581420898,1.2430768013000488,1.2691162824630737,1.403791904449463,1.3388731479644775,1.67165207862854,1.607469916343689,1.9552379846572876,2.0393927097320557,2.1465940475463867
B11,1.294872522354126,1.2206339836120605,0.9449841976165771,0.8640980124473572,0.8621636033058167,0.5115510821342468,0.7741369605064392,0.6528120040893555,0.9444127082824707,1.1719950437545776,1.217063307762146,0.9609811902046204,1.0249935388565063,0.8072274327278137,0.8982423543930054,2.3985936641693115,2.1670634746551514,1.8947051763534546,1.674951434135437,1.4790971279144287,1.1655824184417725,1.0095816850662231,0.7151606678962708,0.5175216197967529,0.37689363956451416,0.0,0.392061710357666,0.5333067774772644,0.8693509697914124,0.9689337015151978,1.7535338401794434,1.840240478515625,1.507346749305725,1.665234923362732,1.6615395545959473,1.4486414194107056,1.6762869358062744,1.4332869052886963,1.7288726568222046,1.6643348932266235,1.7340675592422485,1.4971697330474854,1.8109718561172485,1.8198723793029785,2.085371732711792,2.9512503147125244,2.811840772628784,2.4365410804748535,2.4612224102020264,2.2377843856811523,2.0168416500091553,1.9746112823486328,1.6846482753753662,1.7044942378997803,1.382664442062378,1.4783658981323242,1.5496717691421509,1.8996094465255737,2.1304430961608887,2.3175647258758545,1.8555635213851929,1.7139897346496582,1.3587687015533447,1.548797369003296,1.3616834878921509,1.418470025062561,1.5042288303375244,1.5201590061187744,1.7104766368865967,1.6409109830856323,1.942327857017517,1.8385498523712158,2.189209222793579,2.242633581161499,2.385843276977539
B12,1.5955581665039062,1.5785082578659058,1.3087553977966309,1.2499849796295166,1.242771863937378,0.8774913549423218,1.0571967363357544,0.828829824924469,1.0308291912078857,1.1908283233642578,1.121752142906189,0.7788795828819275,0.8312452435493469,0.6062749028205872,0.8464391827583313,2.113279104232788,1.9202659130096436,1.6639533042907715,1.4487167596817017,1.3311853408813477,0.9792607426643372,0.9354623556137085,0.6136311888694763,0.6274795532226562,0.6285956501960754,0.392061710357666,0.0,0.36641693115234375,0.6064851880073547,0.8293484449386597,1.3802146911621094,1.4845597743988037,1.1766796112060547,1.3433057069778442,1.405154824256897,1.2099008560180664,1.5028672218322754,1.3172158002853394,1.66317880153656,1.6825374364852905,1.7681416273117065,1.496984839439392,1.7651686668395996,1.6960915327072144,1.9415282011032104,3.0291895866394043,2.8487954139709473,2.4798829555511475,2.447812080383301,2.181837797164917,1.9733752012252808,1.8574942350387573,1.5916507244110107,1.5360809564590454,1.1874876022338867,1.3148406744003296,1.481410026550293,1.8021785020828247,2.069511651992798,2.206023693084717,2.1033356189727783,2.002406358718872,1.6396989822387695,1.8276829719543457,1.6609164476394653,1.6480751037597656,1.7429304122924805,1.6830670833587646,1.8549518585205078,1.712080955505371,1.9897669553756714,1.9172276258468628,2.277351140975952,2.369342088699341,2.5490469932556152
B13,1.416915774345398,1.4881395101547241,1.277783989906311,1.2498794794082642,1.348526954650879,1.0258079767227173,1.2664858102798462,1.1191716194152832,1.3250832557678223,1.5295478105545044,1.4507594108581543,1.1102126836776733,1.080219030380249,0.759290874004364,0.9560790657997131,2.173285484313965,1.9561548233032227,1.7534985542297363,1.4726306200027466,1.3667784929275513,1.0543445348739624,0.9389364123344421,0.7276234030723572,0.6622312068939209,0.8011089563369751,0.5333067774772644,0.36641693115234375,0.0,0.38139691948890686,0.5598136782646179,1.5077004432678223,1.683882236480713,1.4291141033172607,1.596326231956482,1.7106260061264038,1.5003836154937744,1.8085851669311523,1.6100890636444092,1.9479254484176636,1.9708659648895264,2.0056416988372803,1.6973907947540283,1.9460951089859009,1.8546159267425537,2.1335902214050293,3.3694329261779785,3.1893813610076904,2.8163790702819824,2.7977373600006104,2.526132106781006,2.331711769104004,2.211345672607422,1.9551112651824951,1.8873339891433716,1.5333738327026367,1.6482055187225342,1.829366683959961,2.1444408893585205,2.424891710281372,2.560960531234741,2.2923824787139893,2.1987152099609375,1.8535819053649902,2.070730209350586,1.8947672843933105,1.934569239616394,2.010719060897827,1.9916102886199951,2.1471972465515137,2.013733148574829,2.314960241317749,2.2559523582458496,2.616325855255127,2.7052667140960693,2.8666083812713623
