,A1,A2,A3,A4,A5,A6,A7,A8,A9,A10,A11,A12,A13,A14,A15,B1,B2,B3,B4,B5,B6,B7,B8,B9,B10,B11,B12,B13,B14,B15,C1,C2,C3,C4,C5,C6,C7,C8,C9,C10,C11,C12,C13,C14,C15,D1,D2,D3,D4,D5,D6,D7,D8,D9,D10,D11,D12,D13,D14,D15,E1,E2,E3,E4,E5,E6,E7,E8,E9,E10,E11,E12,E13,E14,E15
A1,0.0,0.4034847617149353,0.7590974569320679,0.941561222076416,1.0597102642059326,1.411268949508667,1.5954670906066895,1.8224788904190063,1.9122209548950195,2.276444911956787,2.424056053161621,2.149202585220337,2.1792359352111816,1.8581486940383911,1.9754022359848022,1.3806411027908325,1.324607253074646,1.1276556253433228,1.4353318214416504,1.714950680732727,1.5943751335144043,1.8517192602157593,2.186340570449829,2.221562147140503,2.486279010772705,2.5382635593414307,2.2664759159088135,2.2786386013031006,1.957031488418579,2.024275302886963,1.5865029096603394,1.672466516494751,1.4742605686187744,1.7961374521255493,2.029221773147583,1.911223292350769,2.294638156890869,2.53195858001709,2.542874336242676,2.7330124378204346,2.7741901874542236,2.5012271404266357,2.5198915004730225,2.1912035942077637,2.318215847015381,5.134824275970459,4.880527496337891,4.5577712059021,4.344752788543701,3.9797158241271973,3.7575085163116455,3.4381401538848877,3.051727771759033,2.815415382385254,2.611572742462158,2.699228048324585,3.0567407608032227,3.2611162662506104,3.6095869541168213,3.7660300731658936,5.059533596038818,4.792553901672363,4.469131946563721,4.265659332275391,3.90065598487854,3.688307523727417,3.354534864425659,2.9791903495788574,2.7659449577331543,2.5892388820648193,2.7136106491088867,3.0667331218719482,3.278921365737915,3.6260030269622803,3.783475399017334
A2,0.4034847617149353,0.0,0.37648966908454895,0.6168529391288757,0.7940572500228882,1.0955365896224976,1.294478178024292,1.5767741203308105,1.6886588335037231,2.0381827354431152,2.203230142593384,1.970646619796753,2.001133680343628,1.6920924186706543,1.8770337104797363,1.506351113319397,1.3392826318740845,1.0897763967514038,1.3148431777954102,1.6070746183395386,1.4580841064453125,1.6484899520874023,1.9654314517974854,2.0351076126098633,2.267334461212158,2.337557315826416,2.109745979309082,2.1478471755981445,1.8382539749145508,1.9778473377227783,1.460448145866394,1.456257700920105,1.2348592281341553,1.5098849534988403,1.7787985801696777,1.6706945896148682,2.0432190895080566,2.253666639328003,2.299295425415039,2.4667317867279053,2.5341527462005615,2.297645092010498,2.3369133472442627,2.027726411819458,2.215092897415161,4.836097240447998,4.568795204162598,4.254140377044678,4.022434234619141,3.6493403911590576,3.44565486907959,3.1136059761047363,2.7321441173553467,2.513897657394409,2.348527431488037,2.4635720252990723,2.8017635345458984,3.0311765670776367,3.375687599182129,3.5247607231140137,4.754821300506592,4.474930763244629,4.160558700561523,3.9380016326904297,3.56512451171875,3.3728394508361816,3.0271151065826416,2.6563282012939453,2.4680588245391846,2.329899549484253,2.483644485473633,2.816143751144409,3.0524094104766846,3.39563250541687,3.543971061706543
A3,0.7590974569320679,0.37648966908454895,0.0,0.37432312965393066,0.5291116237640381,0.7579532861709595,0.9923287034034729,1.3134407997131348,1.41752028465271,1.7470582723617554,1.9116811752319336,1.7159507274627686,1.7412430047988892,1.4523696899414062,1.6926394701004028,1.6657706499099731,1.4286997318267822,1.1262892484664917,1.266165852546692,1.5256505012512207,1.3251067399978638,1.4516772031784058,1.7257074117660522,1.803719162940979,1.9942550659179688,2.064497947692871,1.8768177032470703,1.9278703927993774,1.6354624032974243,1.8356764316558838,1.4784072637557983,1.3747819662094116,1.1032851934432983,1.3060884475708008,1.5845403671264648,1.4528042078018188,1.796334147453308,1.9622023105621338,2.0190885066986084,2.1542959213256836,2.2292816638946533,2.023491621017456,2.0700864791870117,1.7809970378875732,2.015923023223877,4.492441177368164,4.216303825378418,3.9046883583068848,3.666085958480835,3.2908945083618164,3.0928993225097656,2.7582998275756836,2.385054111480713,2.1693949699401855,2.032736301422119,2.1576242446899414,2.4788436889648438,2.720637321472168,3.062018632888794,3.202542781829834,4.4008564949035645,4.113832950592041,3.803708076477051,3.5742454528808594,3.1993465423583984,3.0140390396118164,2.665235757827759,2.3018622398376465,2.1220264434814453,2.013892412185669,2.180199384689331,2.4951772689819336,2.74350905418396,3.0834946632385254,3.2225351333618164
A4,0.941561222076416,0.6168529391288757,0.37432312965393066,0.0,0.382070928812027,0.5666014552116394,0.6865728497505188,0.9895135760307312,1.1561931371688843,1.485061764717102,1.7051522731781006,1.5331337451934814,1.6368358135223389,1.408948302268982,1.6780427694320679,1.4675592184066772,1.1760333776474,0.8576177954673767,0.9279617071151733,1.173606038093567,0.9835454225540161,1.0867568254470825,1.3806735277175903,1.4908255338668823,1.7080650329589844,1.8290812969207764,1.6513824462890625,1.769060730934143,1.5288264751434326,1.7457388639450073,1.2131476402282715,1.0763483047485352,0.762206494808197,0.9709527492523193,1.2236610651016235,1.0847452878952026,1.4407596588134766,1.639255166053772,1.70624840259552,1.8823726177215576,1.991786003112793,1.7853825092315674,1.8910768032073975,1.6394171714782715,1.8848762512207031,4.247317790985107,3.9883384704589844,3.677365303039551,3.443861246109009,3.0715818405151367,2.873065233230591,2.5355427265167236,2.1423470973968506,1.9459266662597656,1.783482551574707,1.9488730430603027,2.2748022079467773,2.5425193309783936,2.8663182258605957,3.0424818992614746,4.18988561630249,3.9193403720855713,3.6055760383605957,3.3808019161224365,3.0088651180267334,2.820345163345337,2.4697978496551514,2.0824263095855713,1.917770266532898,1.7770668268203735,1.9819231033325195,2.2974205017089844,2.5729851722717285,2.8946163654327393,3.068359375
A5,1.0597102642059326,0.7940572500228882,0.5291116237640381,0.382070928812027,0.0,0.38189560174942017,0.6229149103164673,0.863221287727356,0.9073622822761536,1.2532776594161987,1.411026954650879,1.2006845474243164,1.272661566734314,1.0306158065795898,1.2969919443130493,1.5993871688842773,1.3480225801467896,0.9832663536071777,1.0764009952545166,1.2223597764968872,0.9291515946388245,1.0634982585906982,1.2865946292877197,1.3065885305404663,1.4958398342132568,1.5494004487991333,1.3487005233764648,1.4188683032989502,1.1569494009017944,1.3830502033233643,1.5127118825912476,1.3696680068969727,1.0126123428344727,1.1745103597640991,1.3599436283111572,1.1202071905136108,1.4290212392807007,1.5679540634155273,1.5589627027511597,1.6971971988677979,1.7417597770690918,1.5091209411621094,1.5628172159194946,1.283481240272522,1.5230069160461426,4.082141876220703,3.824718475341797,3.499971866607666,3.292778730392456,2.93375563621521,2.7006003856658936,2.389739751815796,2.0100033283233643,1.7573864459991455,1.5660151243209839,1.6706229448318481,2.0135488510131836,2.246577024459839,2.586144208908081,2.74973201751709,3.9998960494995117,3.735705852508545,3.4104127883911133,3.2134761810302734,2.85482120513916,2.631728410720825,2.3041274547576904,1.9300612211227417,1.7064135074615479,1.542547345161438,1.6923458576202393,2.02793288230896,2.270864963531494,2.607818126678467,2.771792411804199
A6,1.411268949508667,1.0955365896224976,0.7579532861709595,0.5666014552116394,0.38189560174942017,0.0,0.3651449680328369,0.6718148589134216,0.7283504009246826,1.0141363143920898,1.1973865032196045,1.0809900760650635,1.1688908338546753,1.005873680114746,1.3422980308532715,1.8536878824234009,1.551530122756958,1.2020165920257568,1.1772433519363403,1.276225209236145,0.9737977981567383,0.9674144387245178,1.104620099067688,1.1621586084365845,1.2782366275787354,1.3573825359344482,1.244369387626648,1.359826683998108,1.1642321348190308,1.4649714231491089,1.596982717514038,1.3648988008499146,1.0083307027816772,1.0401109457015991,1.2172973155975342,0.9719520807266235,1.2123298645019531,1.2818889617919922,1.3084253072738647,1.403268575668335,1.4831349849700928,1.314447045326233,1.40656578540802,1.1907973289489746,1.5007001161575317,3.7460808753967285,3.4780125617980957,3.160104274749756,2.9371116161346436,2.571338653564453,2.3530709743499756,2.0304133892059326,1.6544268131256104,1.418792486190796,1.2774263620376587,1.423600435256958,1.7340049743652344,2.0010762214660645,2.327918529510498,2.488074779510498,3.660513401031494,3.3867504596710205,3.0687057971954346,2.8555479049682617,2.490201711654663,2.2833423614501953,1.943840503692627,1.570557951927185,1.3740181922912598,1.2601768970489502,1.4549415111541748,1.755023717880249,2.0309712886810303,2.354809522628784,2.513310670852661
A7,1.5954670906066895,1.294478178024292,0.9923287034034729,0.6865728497505188,0.6229149103164673,0.3651449680328369,0.0,0.3881181478500366,0.6163596510887146,0.8649578094482422,1.1522533893585205,1.0990662574768066,1.2923979759216309,1.2201051712036133,1.5540201663970947,1.7592636346817017,1.419337511062622,1.1057522296905518,0.9728339910507202,1.0253710746765137,0.7629228830337524,0.6478490829467773,0.7902235984802246,0.9346064925193787,1.0826282501220703,1.2613276243209839,1.1853092908859253,1.400061845779419,1.2898104190826416,1.5860720872879028,1.407997965812683,1.140217661857605,0.7886413931846619,0.7517882585525513,0.8724142909049988,0.6161817312240601,0.8561212420463562,0.9726791977882385,1.0445424318313599,1.2074860334396362,1.363142967224121,1.2144581079483032,1.4051910638809204,1.2639696598052979,1.571609377861023,3.5683274269104004,3.3192138671875,3.0078165531158447,2.78259539604187,2.417787551879883,2.212312698364258,1.8795390129089355,1.476075291633606,1.2918144464492798,1.1296029090881348,1.3568673133850098,1.6564627885818481,1.964611291885376,2.2579524517059326,2.4621894359588623,3.5289299488067627,3.2725603580474854,2.956315517425537,2.740469455718994,2.3774266242980957,2.1810758113861084,1.8361783027648926,1.4325789213180542,1.285043478012085,1.1386727094650269,1.406360149383545,1.6885862350463867,2.0055835247039795,2.2951955795288086,2.4952971935272217
A8,1.8224788904190063,1.5767741203308105,1.3134407997131348,0.9895135760307312,0.863221287727356,0.6718148589134216,0.3881181478500366,0.0,0.37672188878059387,0.5926628708839417,0.934465229511261,0.903155505657196,1.1927289962768555,1.2152880430221558,1.5171676874160767,1.7463088035583496,1.4294164180755615,1.1380372047424316,0.9658488631248474,0.8722618818283081,0.5836159586906433,0.40593811869621277,0.4363485276699066,0.5510229468345642,0.7487537860870361,0.976837694644928,0.902620792388916,1.1921247243881226,1.1737662553787231,1.4481408596038818,1.5101476907730103,1.2703992128372192,0.9340236783027649,0.8835436701774597,0.8399792313575745,0.477041095495224,0.6239758729934692,0.7473928332328796,0.7254406213760376,0.9585579633712769,1.1105198860168457,0.9298908114433289,1.1846399307250977,1.106330394744873,1.3811533451080322,3.364741325378418,3.145768880844116,2.8258564472198486,2.6366703510284424,2.2962071895599365,2.061528205871582,1.7611979246139526,1.3528225421905518,1.156468152999878,0.9020739793777466,1.1376091241836548,1.4539304971694946,1.758144736289978,2.030236005783081,2.276139974594116,3.3545494079589844,3.1309642791748047,2.80326247215271,2.6242523193359375,2.2868781089782715,2.058695077896118,1.7472455501556396,1.3372204303741455,1.165068507194519,0.9212623238563538,1.1934689283370972,1.4874197244644165,1.8039591312408447,2.0709524154663086,2.3134310245513916
A9,1.9122209548950195,1.6886588335037231,1.41752028465271,1.1561931371688843,0.9073622822761536,0.7283504009246826,0.6163596510887146,0.37672188878059387,0.0,0.36866042017936707,0.6045165061950684,0.5275661945343018,0.8267761468887329,0.9015912413597107,1.1912285089492798,1.941422462463379,1.6733479499816895,1.3523012399673462,1.2569509744644165,1.134026288986206,0.7851744294166565,0.7248165011405945,0.6282801628112793,0.496243417263031,0.5945614576339722,0.6784721612930298,0.5715391039848328,0.8273510336875916,0.8323849439620972,1.130945086479187,1.8479950428009033,1.6304386854171753,1.2782260179519653,1.251150369644165,1.2124581336975098,0.8438441753387451,0.9053515791893005,0.8978623151779175,0.7308832406997681,0.858600914478302,0.878040611743927,0.6336925029754639,0.8243740797042847,0.7313821315765381,1.0204814672470093,3.2730534076690674,3.0519654750823975,2.715437173843384,2.5590579509735107,2.237365961074829,1.9584985971450806,1.699195146560669,1.3254058361053467,1.0388420820236206,0.7309991121292114,0.8524741530418396,1.2107223272323608,1.4671093225479126,1.7696970701217651,1.9980169534683228,3.2238664627075195,3.004338026046753,2.663332462310791,2.519002676010132,2.1999497413635254,1.9278007745742798,1.6512603759765625,1.2739254236221313,1.0059031248092651,0.7132699489593506,0.8916664719581604,1.231212854385376,1.5047377347946167,1.8009138107299805,2.030141592025757
A10,2.276444911956787,2.0381827354431152,1.7470582723617554,1.485061764717102,1.2532776594161987,1.0141363143920898,0.8649578094482422,0.5926628708839417,0.36866042017936707,0.0,0.3915674686431885,0.5605833530426025,0.8725826144218445,1.074597716331482,1.3518257141113281,2.246023654937744,1.9691429138183594,1.673465371131897,1.5275943279266357,1.3571670055389404,1.0560470819473267,0.8976870775222778,0.625562846660614,0.46535101532936096,0.2959347367286682,0.4242728352546692,0.5443174839019775,0.8505730628967285,0.9906437993049622,1.2930067777633667,2.0942277908325195,1.8441073894500732,1.5214576721191406,1.4155874252319336,1.3213731050491333,0.9783051609992981,0.8791695237159729,0.7217708826065063,0.4740830957889557,0.5049646496772766,0.5270370841026306,0.3776470124721527,0.6832870244979858,0.7689509987831116,1.0632399320602417,2.907463788986206,2.6924030780792236,2.354236602783203,2.2111809253692627,1.9043375253677368,1.612485408782959,1.3773270845413208,1.023547887802124,0.7301687598228455,0.3746657371520996,0.5515024065971375,0.8787172436714172,1.1695295572280884,1.441752314567566,1.6925482749938965,2.8640823364257812,2.655484914779663,2.312703847885132,2.1828393936157227,1.880792260169983,1.5964075326919556,1.3452054262161255,0.9841870069503784,0.7133774757385254,0.36742305755615234,0.6122936606407166,0.907749354839325,1.2170138359069824,1.4804925918579102,1.7304112911224365
A11,2.424056053161621,2.203230142593384,1.9116811752319336,1.7051522731781006,1.411026954650879,1.1973865032196045,1.1522533893585205,0.934465229511261,0.6045165061950684,0.3915674686431885,0.0,0.37665000557899475,0.5966737866401672,0.9022122025489807,1.130470633506775,2.50122332572937,2.2580008506774902,1.9413529634475708,1.8483045101165771,1.6801961660385132,1.3489656448364258,1.257925033569336,1.0031503438949585,0.7580427527427673,0.522333025932312,0.25481975078582764,0.44977375864982605,0.6038150191307068,0.8114635944366455,1.1131689548492432,2.4397943019866943,2.2020750045776367,1.8624975681304932,1.7794405221939087,1.707826852798462,1.3581907749176025,1.2681397199630737,1.0717570781707764,0.7910996675491333,0.6602537035942078,0.4183129370212555,0.24012619256973267,0.32277050614356995,0.5072980523109436,0.8018493056297302,2.8574397563934326,2.638113498687744,2.2873904705047607,2.184248208999634,1.908449649810791,1.5762302875518799,1.4070398807525635,1.1364476680755615,0.7703956365585327,0.46195656061172485,0.2896111309528351,0.6750820875167847,0.8709697723388672,1.193656325340271,1.4066497087478638,2.7606112957000732,2.5551390647888184,2.2033958435058594,2.116666793823242,1.845290184020996,1.5181457996368408,1.3276243209838867,1.051926612854004,0.6890193819999695,0.37874311208724976,0.3008529841899872,0.6767468452453613,0.9042422771453857,1.216513752937317,1.436317801475525
A12,2.149202585220337,1.970646619796753,1.7159507274627686,1.5331337451934814,1.2006845474243164,1.0809900760650635,1.0990662574768066,0.903155505657196,0.5275661945343018,0.5605833530426025,0.37665000557899475,0.0,0.386846125125885,0.6283572912216187,0.8235456943511963,2.2679920196533203,2.0635123252868652,1.731868863105774,1.7067621946334839,1.5574297904968262,1.1955019235610962,1.2138384580612183,1.061776876449585,0.7751377820968628,0.7210618853569031,0.48152706027030945,0.2983507215976715,0.32968634366989136,0.4533752202987671,0.7594918012619019,2.333554744720459,2.1426541805267334,1.7818816900253296,1.7767289876937866,1.733312964439392,1.3603016138076782,1.3714311122894287,1.2782362699508667,1.0034189224243164,0.9860312342643738,0.7803540229797363,0.46636146306991577,0.3756410479545593,0.22427582740783691,0.5286749005317688,3.224109649658203,3.010516405105591,2.6584365367889404,2.560490131378174,2.282196044921875,1.9520257711410522,1.7737914323806763,1.4813727140426636,1.1184464693069458,0.799955427646637,0.6534740924835205,1.0339480638504028,1.1593220233917236,1.498347282409668,1.6902680397033691,3.124208927154541,2.92138409614563,2.5689311027526855,2.4868111610412598,2.2116870880126953,1.8863539695739746,1.6866123676300049,1.3942173719406128,1.0325604677200317,0.7293049097061157,0.6398999094963074,1.0252463817596436,1.1770976781845093,1.5099620819091797,1.7118686437606812
A13,2.1792359352111816,2.001133680343628,1.7412430047988892,1.6368358135223389,1.272661566734314,1.1688908338546753,1.2923979759216309,1.1927289962768555,0.8267761468887329,0.8725826144218445,0.5966737866401672,0.386846125125885,0.0,0.38025304675102234,0.5520732998847961,2.5019779205322266,2.311379909515381,1.958479404449463,1.977950930595398,1.8752055168151855,1.4985347986221313,1.5393205881118774,1.4152318239212036,1.1555144786834717,1.0654815435409546,0.772881031036377,0.6598807573318481,0.4307774305343628,0.38222143054008484,0.7072954177856445,2.582613945007324,2.3891661167144775,2.018254518508911,2.023050308227539,2.03080153465271,1.6677114963531494,1.7017499208450317,1.581370234489441,1.3362404108047485,1.2431278228759766,0.9924668073654175,0.7695493102073669,0.49331018328666687,0.21041639149188995,0.505359947681427,3.341008186340332,3.1048355102539062,2.7531673908233643,2.6574771404266357,2.384636640548706,2.052385091781616,1.8923429250717163,1.646400809288025,1.2601571083068848,1.0323809385299683,0.804531991481781,1.124979853630066,1.1711381673812866,1.5405521392822266,1.649814248085022,3.183101177215576,2.960688591003418,2.613981008529663,2.53666615486145,2.2672951221466064,1.9403654336929321,1.7581160068511963,1.5201468467712402,1.1377030611038208,0.9437804818153381,0.7595551013946533,1.0996640920639038,1.1681625843048096,1.5356711149215698,1.6585557460784912
A14,1.8581486940383911,1.6920924186706543,1.4523696899414062,1.408948302268982,1.0306158065795898,1.005873680114746,1.2201051712036133,1.2152880430221558,0.9015912413597107,1.074597716331482,0.9022122025489807,0.6283572912216187,0.38025304675102234,0.0,0.3733310103416443,2.3458378314971924,2.169400691986084,1.8025219440460205,1.8788812160491943,1.8405799865722656,1.4582853317260742,1.5570043325424194,1.5278812646865845,1.3141953945159912,1.3088465929031372,1.0865994691848755,0.9015678763389587,0.6905595660209656,0.38849133253097534,0.6878170371055603,2.454710006713867,2.2855913639068604,1.909329891204834,1.9652494192123413,2.0306944847106934,1.6816308498382568,1.7988122701644897,1.7399109601974487,1.5455780029296875,1.5025750398635864,1.3133946657180786,1.0726110935211182,0.8585838675498962,0.5083740949630737,0.7151948809623718,3.6792454719543457,3.428325891494751,3.0808751583099365,2.957592725753784,2.6610302925109863,2.349433422088623,2.151531219482422,1.8767694234848022,1.5034544467926025,1.2944904565811157,1.1389449834823608,1.4656298160552979,1.5370372533798218,1.9096451997756958,2.0005033016204834,3.515124797821045,3.273188591003418,2.932425022125244,2.8259124755859375,2.5318164825439453,2.2283082008361816,2.008228302001953,1.744229793548584,1.3836944103240967,1.2150555849075317,1.1065062284469604,1.4461582899093628,1.5334328413009644,1.9048539400100708,2.006415367126465
A15,1.9754022359848022,1.8770337104797363,1.6926394701004028,1.6780427694320679,1.2969919443130493,1.3422980308532715,1.5540201663970947,1.5171676874160767,1.1912285089492798,1.3518257141113281,1.130470633506775,0.8235456943511963,0.5520732998847961,0.3733310103416443,0.0,2.4582417011260986,2.3374311923980713,1.9816248416900635,2.1028928756713867,2.047363758087158,1.6720877885818481,1.8222864866256714,1.7969831228256226,1.536618709564209,1.5438401699066162,1.2713631391525269,1.0427696704864502,0.7229488492012024,0.42025721073150635,0.4952542781829834,2.7028162479400635,2.5711770057678223,2.194878339767456,2.284515142440796,2.3348374366760254,1.9756779670715332,2.0957224369049072,2.047837972640991,1.8138705492019653,1.7744317054748535,1.5340533256530762,1.26816725730896,0.9837350845336914,0.642238974571228,0.6343746781349182,3.8715944290161133,3.6367950439453125,3.2852001190185547,3.197354793548584,2.926537275314331,2.596001148223877,2.4355356693267822,2.183577537536621,1.800370216369629,1.5680961608886719,1.3511748313903809,1.665737271308899,1.65904700756073,2.023406505584717,2.0956268310546875,3.6956512928009033,3.473660707473755,3.130523443222046,3.06160044670105,2.7947728633880615,2.471620559692383,2.2903730869293213,2.0528829097747803,1.6765258312225342,1.4840030670166016,1.3028823137283325,1.6348552703857422,1.6427942514419556,2.007032871246338,2.093989133834839
B1,1.3806411027908325,1.506351113319397,1.6657706499099731,1.4675592184066772,1.5993871688842773,1.8536878824234009,1.7592636346817017,1.7463088035583496,1.941422462463379,2.246023654937744,2.50122332572937,2.2679920196533203,2.5019779205322266,2.3458378314971924,2.4582417011260986,0.0,0.40461236238479614,0.6586781740188599,0.8795152902603149,1.0145422220230103,1.1973438262939453,1.4866564273834229,1.8539721965789795,1.9271574020385742,2.3032467365264893,2.480320930480957,2.201812744140625,2.3733420372009277,2.2220804691314697,2.226019859313965,1.0568329095840454,1.3459256887435913,1.285359501838684,1.6349941492080688,1.643740177154541,1.5971405506134033,1.9388600587844849,2.306378126144409,2.2995972633361816,2.6344473361968994,2.7405354976654053,2.4451963901519775,2.607576608657837,2.3953654766082764,2.449251174926758,4.970067501068115,4.801344394683838,4.489234447479248,4.321092128753662,3.993741750717163,3.770693778991699,3.477912664413452,3.0637941360473633,2.8973002433776855,2.5984206199645996,2.7555668354034424,3.114661455154419,3.3483855724334717,3.622032880783081,3.891029119491577,5.026668071746826,4.837808132171631,4.5088372230529785,4.346230506896973,4.016289710998535,3.7922825813293457,3.4874603748321533,3.0733981132507324,2.904343366622925,2.6112349033355713,2.791022300720215,3.1370577812194824,3.383697032928467,3.654735565185547,3.9237282276153564
B2,1.324607253074646,1.3392826318740845,1.4286997318267822,1.1760333776474,1.3480225801467896,1.551530122756958,1.419337511062622,1.4294164180755615,1.6733479499816895,1.9691429138183594,2.2580008506774902,2.0635123252868652,2.311379909515381,2.169400691986084,2.3374311923980713,0.40461236238479614,0.0,0.3740847706794739,0.5004385113716125,0.7183085083961487,0.9236733317375183,1.1588881015777588,1.5460889339447021,1.6742199659347534,2.038376569747925,2.24992299079895,2.0097482204437256,2.2176501750946045,2.077152967453003,2.1467082500457764,0.7117372155189514,0.9543247818946838,0.8849628567695618,1.2317277193069458,1.2552704811096191,1.2345277070999146,1.5915789604187012,1.9646652936935425,1.9997366666793823,2.3331072330474854,2.4757773876190186,2.2107863426208496,2.405273199081421,2.2118477821350098,2.322643756866455,4.664117336273193,4.483091354370117,4.177891254425049,3.9897828102111816,3.6526384353637695,3.4476802349090576,3.1393799781799316,2.722158908843994,2.5786643028259277,2.3067641258239746,2.501246929168701,2.846478223800659,3.1102633476257324,3.3801615238189697,3.64794921875,4.719659805297852,4.5187530517578125,4.197201251983643,4.014954090118408,3.6762630939483643,3.4712061882019043,3.1529624462127686,2.7357726097106934,2.5943684577941895,2.326688528060913,2.544387102127075,2.8744008541107178,3.1500940322875977,3.417447090148926,3.6831352710723877
B3,1.1276556253433228,1.0897763967514038,1.1262892484664917,0.8576177954673767,0.9832663536071777,1.2020165920257568,1.1057522296905518,1.1380372047424316,1.3523012399673462,1.673465371131897,1.9413529634475708,1.731868863105774,1.958479404449463,1.8025219440460205,1.9816248416900635,0.6586781740188599,0.3740847706794739,0.0,0.3797571063041687,0.6209115386009216,0.6664528250694275,0.9450883865356445,1.3309258222579956,1.4280685186386108,1.777563452720642,1.9574267864227295,1.7092517614364624,1.8952313661575317,1.731579303741455,1.824349045753479,0.8506309390068054,0.9549891352653503,0.7430559992790222,1.0927605628967285,1.1536091566085815,1.0437138080596924,1.4214088916778564,1.7571985721588135,1.7693860530853271,2.0733792781829834,2.190504550933838,1.9175281524658203,2.085977554321289,1.8715670108795166,2.0005569458007812,4.455231189727783,4.25740909576416,3.9428865909576416,3.7547202110290527,3.4124836921691895,3.1927428245544434,2.8850882053375244,2.4697558879852295,2.2936484813690186,2.0223190784454346,2.195739984512329,2.5502545833587646,2.8056342601776123,3.0938658714294434,3.34328293800354,4.477663516998291,4.264153480529785,3.9372596740722656,3.756411075592041,3.4135489463806152,3.1962575912475586,2.877103328704834,2.4633591175079346,2.294768810272217,2.032684087753296,2.234278678894043,2.5747554302215576,2.8421075344085693,3.1274328231811523,3.3756699562072754
B4,1.4353318214416504,1.3148431777954102,1.266165852546692,0.9279617071151733,1.0764009952545166,1.1772433519363403,0.9728339910507202,0.9658488631248474,1.2569509744644165,1.5275943279266357,1.8483045101165771,1.7067621946334839,1.977950930595398,1.8788812160491943,2.1028928756713867,0.8795152902603149,0.5004385113716125,0.3797571063041687,0.0,0.3697429895401001,0.5427302718162537,0.6848485469818115,1.082261323928833,1.260675072669983,1.602893590927124,1.847240686416626,1.6579418182373047,1.9094117879867554,1.8044168949127197,1.94558846950531,0.6830193400382996,0.693311870098114,0.494322806596756,0.7925059199333191,0.7937911748886108,0.737015962600708,1.1070806980133057,1.4736485481262207,1.5346407890319824,1.8624002933502197,2.0353126525878906,1.8049688339233398,2.0357165336608887,1.8797383308410645,2.047348976135254,4.1890082359313965,3.998140811920166,3.695815324783325,3.497649908065796,3.1564323902130127,2.959105968475342,2.6444854736328125,2.2266993522644043,2.0981006622314453,1.845732569694519,2.0735623836517334,2.400958776473999,2.6899263858795166,2.951298475265503,3.2190558910369873,4.238673210144043,4.030753135681152,3.7133986949920654,3.5219836235046387,3.1808786392211914,2.9847326278686523,2.661970853805542,2.2440671920776367,2.1224005222320557,1.8727715015411377,2.124372959136963,2.4338693618774414,2.7342607975006104,2.9927570819854736,3.2567641735076904
B5,1.714950680732727,1.6070746183395386,1.5256505012512207,1.173606038093567,1.2223597764968872,1.276225209236145,1.0253710746765137,0.8722618818283081,1.134026288986206,1.3571670055389404,1.6801961660385132,1.5574297904968262,1.8752055168151855,1.8405799865722656,2.047363758087158,1.0145422220230103,0.7183085083961487,0.6209115386009216,0.3697429895401001,0.0,0.3827987313270569,0.5163373947143555,0.8613381385803223,1.0083903074264526,1.3731311559677124,1.6332788467407227,1.4502757787704468,1.7386808395385742,1.7007404565811157,1.8253047466278076,0.9779327511787415,0.9549643993377686,0.7581588625907898,0.9347115159034729,0.7933237552642822,0.6519397497177124,0.9396430850028992,1.3080089092254639,1.3129485845565796,1.669405460357666,1.8320910930633545,1.5945441722869873,1.8533263206481934,1.7449232339859009,1.883298635482788,3.9629366397857666,3.796293020248413,3.4908552169799805,3.3217852115631104,3.0026493072509766,2.787986993789673,2.501704216003418,2.0917305946350098,1.9618678092956543,1.6709040403366089,1.8909878730773926,2.2133419513702393,2.490870714187622,2.7291810512542725,3.0209097862243652,4.03298807144165,3.8510823249816895,3.5287652015686035,3.366236925125122,3.047366142272949,2.8322670459747314,2.5374608039855957,2.1254985332489014,1.9946693181991577,1.7030174732208252,1.943342685699463,2.2461745738983154,2.5374820232391357,2.772353410720825,3.0610108375549316
B6,1.5943751335144043,1.4580841064453125,1.3251067399978638,0.9835454225540161,0.9291515946388245,0.9737977981567383,0.7629228830337524,0.5836159586906433,0.7851744294166565,1.0560470819473267,1.3489656448364258,1.1955019235610962,1.4985347986221313,1.4582853317260742,1.6720877885818481,1.1973438262939453,0.9236733317375183,0.6664528250694275,0.5427302718162537,0.3827987313270569,0.0,0.38319072127342224,0.7013100981712341,0.7634206414222717,1.1217504739761353,1.3297431468963623,1.12069833278656,1.3855385780334473,1.327109694480896,1.4766184091567993,1.2130179405212402,1.1226719617843628,0.8147773146629333,0.9667823910713196,0.886734127998352,0.5955973863601685,0.8878651857376099,1.1795251369476318,1.1259829998016357,1.441048502922058,1.5549098253250122,1.2899030447006226,1.5128567218780518,1.3759959936141968,1.5312288999557495,3.8173458576202393,3.631507396697998,3.311420440673828,3.1474976539611816,2.823948383331299,2.5830440521240234,2.3018579483032227,1.8943971395492554,1.708179235458374,1.4016820192337036,1.5833243131637573,1.9286925792694092,2.189833641052246,2.4565536975860596,2.7269275188446045,3.844057559967041,3.6483757495880127,3.316171407699585,3.1606409549713135,2.8381173610687256,2.5997462272644043,2.3069911003112793,1.8988064527511597,1.7180099487304688,1.4179186820983887,1.6282635927200317,1.9555996656417847,2.2313969135284424,2.493875503540039,2.7630763053894043
B7,1.8517192602157593,1.6484899520874023,1.4516772031784058,1.0867568254470825,1.0634982585906982,0.9674144387245178,0.6478490829467773,0.40593811869621277,0.7248165011405945,0.8976870775222778,1.257925033569336,1.2138384580612183,1.5393205881118774,1.5570043325424194,1.8222864866256714,1.4866564273834229,1.1588881015777588,0.9450883865356445,0.6848485469818115,0.5163373947143555,0.38319072127342224,0.0,0.40029376745224,0.6351054906845093,0.9414182305335999,1.2348048686981201,1.1343308687210083,1.4583008289337158,1.458701729774475,1.6712582111358643,1.2395418882369995,1.0433850288391113,0.7615366578102112,0.7527607083320618,0.5962256193161011,0.24801218509674072,0.5086013078689575,0.8263520002365112,0.849859356880188,1.1843105554580688,1.378609538078308,1.1914442777633667,1.4846552610397339,1.4229040145874023,1.637831449508667,3.5173048973083496,3.3280105590820312,3.019923448562622,2.8366785049438477,2.507387638092041,2.2927372455596924,1.9965450763702393,1.5838005542755127,1.452797293663025,1.1862326860427856,1.4450761079788208,1.7473177909851074,2.0539321899414062,2.2924067974090576,2.5727152824401855,3.5611283779144287,3.361907482147217,3.0406484603881836,2.8659024238586426,2.539506673812866,2.32767915725708,2.024623394012451,1.6110891103744507,1.489911437034607,1.224326729774475,1.5057703256607056,1.7850877046585083,2.1042866706848145,2.338621139526367,2.6141886711120605
B8,2.186340570449829,1.9654314517974854,1.7257074117660522,1.3806735277175903,1.2865946292877197,1.104620099067688,0.7902235984802246,0.4363485276699066,0.6282801628112793,0.625562846660614,1.0031503438949585,1.061776876449585,1.4152318239212036,1.5278812646865845,1.7969831228256226,1.8539721965789795,1.5460889339447021,1.3309258222579956,1.082261323928833,0.8613381385803223,0.7013100981712341,0.40029376745224,0.0,0.3728598952293396,0.5909257531166077,0.9419978857040405,0.9443922638893127,1.3128639459609985,1.407328486442566,1.645107388496399,1.6107639074325562,1.378243088722229,1.1164201498031616,1.0032533407211304,0.7955744862556458,0.4741422235965729,0.353181391954422,0.5138612985610962,0.4561275541782379,0.8152936100959778,1.0332295894622803,0.9011051654815674,1.2500267028808594,1.2855180501937866,1.512856125831604,3.1293959617614746,2.948258638381958,2.636857271194458,2.4714133739471436,2.1584715843200684,1.929443359375,1.6579198837280273,1.2587093114852905,1.134846568107605,0.8512991666793823,1.1364459991455078,1.4038810729980469,1.7208528518676758,1.9297091960906982,2.2262086868286133,3.177110433578491,2.9912362098693848,2.667497158050537,2.511714220046997,2.2040557861328125,1.9791017770767212,1.7024390697479248,1.302511215209961,1.188387155532837,0.9042929410934448,1.2059305906295776,1.4461872577667236,1.7767025232315063,1.9805907011032104,2.2712817192077637
B9,2.221562147140503,2.0351076126098633,1.803719162940979,1.4908255338668823,1.3065885305404663,1.1621586084365845,0.9346064925193787,0.5510229468345642,0.496243417263031,0.46535101532936096,0.7580427527427673,0.7751377820968628,1.1555144786834717,1.3141953945159912,1.536618709564209,1.9271574020385742,1.6742199659347534,1.4280685186386108,1.260675072669983,1.0083903074264526,0.7634206414222717,0.6351054906845093,0.3728598952293396,0.0,0.3837851881980896,0.6504923701286316,0.5982236862182617,0.979809045791626,1.1262812614440918,1.3358385562896729,1.8683192729949951,1.674981951713562,1.3770601749420166,1.324398159980774,1.148055911064148,0.7951778769493103,0.7197628021240234,0.7515093088150024,0.4834989309310913,0.7707798480987549,0.8458815217018127,0.6145967841148376,0.9443284869194031,0.994579017162323,1.1751421689987183,3.1084976196289062,2.9370479583740234,2.6068294048309326,2.4857051372528076,2.19828724861145,1.9190186262130737,1.6968613862991333,1.3300577402114868,1.1191165447235107,0.7503983974456787,0.9212713241577148,1.2346680164337158,1.4945745468139648,1.7232565879821777,2.021728992462158,3.1294846534729004,2.9588348865509033,2.6187357902526855,2.5081210136413574,2.224881172180176,1.9501895904541016,1.7159942388534546,1.345701813697815,1.138723611831665,0.7743896245956421,0.975935161113739,1.2638248205184937,1.5435466766357422,1.7655003070831299,2.062812328338623
B10,2.486279010772705,2.267334461212158,1.9942550659179688,1.7080650329589844,1.4958398342132568,1.2782366275787354,1.0826282501220703,0.7487537860870361,0.5945614576339722,0.2959347367286682,0.522333025932312,0.7210618853569031,1.0654815435409546,1.3088465929031372,1.5438401699066162,2.3032467365264893,2.038376569747925,1.777563452720642,1.602893590927124,1.3731311559677124,1.1217504739761353,0.9414182305335999,0.5909257531166077,0.3837851881980896,0.0,0.39277422428131104,0.5791650414466858,0.9381169080734253,1.1574252843856812,1.4091371297836304,2.1763908863067627,1.938782811164856,1.6431406736373901,1.524827241897583,1.3619747161865234,1.0353789329528809,0.8521131873130798,0.6806294322013855,0.32213494181632996,0.4291766583919525,0.4729132056236267,0.36074298620224,0.7506017684936523,0.9255098104476929,1.1461992263793945,2.763756275177002,2.581150531768799,2.2446892261505127,2.1318624019622803,1.8541094064712524,1.5558359622955322,1.3592796325683594,1.026847243309021,0.7916807532310486,0.4061674177646637,0.5882163047790527,0.8609419465065002,1.1434458494186401,1.359002947807312,1.6580160856246948,2.7608301639556885,2.5862324237823486,2.242900848388672,2.1428122520446777,1.8717461824417114,1.581099033355713,1.372286319732666,1.0345247983932495,0.8126072883605957,0.43595802783966064,0.6557554006576538,0.8948193192481995,1.1983639001846313,1.405112624168396,1.7016730308532715
B11,2.5382635593414307,2.337557315826416,2.064497947692871,1.8290812969207764,1.5494004487991333,1.3573825359344482,1.2613276243209839,0.976837694644928,0.6784721612930298,0.4242728352546692,0.25481975078582764,0.48152706027030945,0.772881031036377,1.0865994691848755,1.2713631391525269,2.480320930480957,2.24992299079895,1.9574267864227295,1.847240686416626,1.6332788467407227,1.3297431468963623,1.2348048686981201,0.9419978857040405,0.6504923701286316,0.39277422428131104,0.0,0.3767565190792084,0.6287471652030945,0.9135503768920898,1.1570088863372803,2.4563121795654297,2.2337279319763184,1.9076875448226929,1.8255610466003418,1.7049404382705688,1.3550642728805542,1.2268009185791016,1.041693091392517,0.7025404572486877,0.6234471201896667,0.36742958426475525,0.04756605625152588,0.36940938234329224,0.6293565034866333,0.82628333568573,2.7895307540893555,2.600209951400757,2.249154567718506,2.173924207687378,1.9214985370635986,1.5817995071411133,1.44141685962677,1.1761927604675293,0.8516268730163574,0.48670047521591187,0.3452443778514862,0.6931158304214478,0.8735130429267883,1.1485790014266968,1.4142998456954956,2.7288992404937744,2.5546019077301025,2.200428009033203,2.1409175395965576,1.894126057624817,1.5600066184997559,1.4008177518844604,1.130096673965454,0.8066449761390686,0.43607819080352783,0.36874833703041077,0.6984272599220276,0.9137610793113708,1.1772403717041016,1.449141263961792
B12,2.2664759159088135,2.109745979309082,1.8768177032470703,1.6513824462890625,1.3487005233764648,1.244369387626648,1.1853092908859253,0.902620792388916,0.5715391039848328,0.5443174839019775,0.44977375864982605,0.2983507215976715,0.6598807573318481,0.9015678763389587,1.0427696704864502,2.201812744140625,2.0097482204437256,1.7092517614364624,1.6579418182373047,1.4502757787704468,1.12069833278656,1.1343308687210083,0.9443922638893127,0.5982236862182617,0.5791650414466858,0.3767565190792084,0.0,0.38972336053848267,0.6378368735313416,0.8386521935462952,2.3066301345825195,2.132676601409912,1.7888542413711548,1.7826635837554932,1.6813892126083374,1.306480884552002,1.2800769805908203,1.20896577835083,0.8847602605819702,0.932919442653656,0.7398608326911926,0.36710235476493835,0.43401622772216797,0.4608863294124603,0.589125394821167,3.1591079235076904,2.975839614868164,2.624616861343384,2.5493950843811035,2.2894604206085205,1.9546946287155151,1.7953120470046997,1.4980554580688477,1.168378472328186,0.793316662311554,0.6805826425552368,1.0517150163650513,1.179844856262207,1.4751158952713013,1.719950556755066,3.1007611751556396,2.9280641078948975,2.573286294937134,2.512568950653076,2.2562344074249268,1.9256922006607056,1.7465507984161377,1.447019338607788,1.1138091087341309,0.7447729706764221,0.6814049482345581,1.0486096143722534,1.2059059143066406,1.4934930801391602,1.7476369142532349
B13,2.2786386013031006,2.1478471755981445,1.9278703927993774,1.769060730934143,1.4188683032989502,1.359826683998108,1.400061845779419,1.1921247243881226,0.8273510336875916,0.8505730628967285,0.6038150191307068,0.32968634366989136,0.4307774305343628,0.6905595660209656,0.7229488492012024,2.3733420372009277,2.2176501750946045,1.8952313661575317,1.9094117879867554,1.7386808395385742,1.3855385780334473,1.4583008289337158,1.3128639459609985,0.979809045791626,0.9381169080734253,0.6287471652030945,0.38972336053848267,0.0,0.38085126876831055,0.5455722808837891,2.562278985977173,2.404121160507202,2.0427072048187256,2.0680458545684814,2.0102925300598145,1.6318867206573486,1.6434834003448486,1.5598304271697998,1.248510479927063,1.226359248161316,0.9548124670982361,0.6366049647331238,0.39302173256874084,0.24194754660129547,0.21315638720989227,3.328209161758423,3.1348838806152344,2.77898907661438,2.722943067550659,2.4768240451812744,2.126732110977173,1.9961261749267578,1.7394330501556396,1.3726751804351807,1.0510400533676147,0.8171415328979492,1.162350058555603,1.184100866317749,1.5136218070983887,1.692535638809204,3.218862295150757,3.0404579639434814,2.685368299484253,2.6467909812927246,2.404604911804199,2.058152914047241,1.906501054763794,1.6534349918365479,1.2808220386505127,0.9768217206001282,0.7773240208625793,1.1379759311676025,1.1870757341384888,1.5122350454330444,1.7071748971939087
