,A1,A2,A3,A4,A5,A6,A7,A8,A9,A10,A11,A12,A13,A14,A15,B1,B2,B3,B4,B5,B6,B7,B8,B9,B10,B11,B12,B13,B14,B15,C1,C2,C3,C4,C5,C6,C7,C8,C9,C10,C11,C12,C13,C14,C15,D1,D2,D3,D4,D5,D6,D7,D8,D9,D10,D11,D12,D13,D14,D15,E1,E2,E3,E4,E5,E6,E7,E8,E9,E10,E11,E12,E13,E14,E15
A1,0.0,0.39304929971694946,0.6770746111869812,0.8239015936851501,0.9267451167106628,1.106061339378357,1.4020613431930542,1.5866118669509888,1.64111328125,2.021821975708008,2.0070769786834717,2.3471109867095947,2.639943838119507,2.6037960052490234,2.693312406539917,2.1617014408111572,1.997086763381958,1.8116786479949951,2.1790099143981934,2.175842761993408,1.9575687646865845,2.3096847534179688,2.550626277923584,2.4031879901885986,2.580866575241089,2.339278221130371,2.3977084159851074,2.2529079914093018,1.9005688428878784,1.8505570888519287,1.5995705127716064,1.8115792274475098,1.8391244411468506,1.7192919254302979,1.4958711862564087,1.466813564300537,1.841443419456482,2.0187199115753174,1.8768483400344849,2.1846868991851807,2.0297179222106934,2.219710350036621,2.1866681575775146,1.852427363395691,1.9657608270645142,0.7319747805595398,0.9821905493736267,0.9228866100311279,1.3031035661697388,1.3396897315979004,1.2970492839813232,1.6482291221618652,1.8772965669631958,1.8317183256149292,2.1829042434692383,2.1291449069976807,2.3089730739593506,2.303889513015747,1.96506667137146,1.9836574792861938,1.4921224117279053,1.2825326919555664,1.1535700559616089,1.547393798828125,1.6746736764907837,1.5280662775039673,1.8382564783096313,2.1316144466400146,2.081562042236328,2.3824150562286377,2.2233893871307373,2.4068353176116943,2.391878366470337,2.0504016876220703,2.0841426849365234
A2,0.39304929971694946,0.0,0.3916897475719452,0.5060879588127136,0.7435171008110046,0.8968825936317444,1.1421048641204834,1.3899918794631958,1.5025415420532227,1.8776473999023438,1.9063334465026855,2.2687509059906006,2.543951988220215,2.4951443672180176,2.633601188659668,2.1147351264953613,2.013345718383789,1.8399006128311157,2.1810967922210693,2.113516330718994,1.9149483442306519,2.2727081775665283,2.464824676513672,2.2720754146575928,2.441117763519287,2.1646764278411865,2.195887327194214,2.050704002380371,1.7050354480743408,1.6098355054855347,1.7464293241500854,1.9126393795013428,1.8900134563446045,1.7126928567886353,1.4278370141983032,1.439461350440979,1.8024636507034302,1.9109816551208496,1.7148149013519287,1.997506856918335,1.7980127334594727,1.9537066221237183,1.8989851474761963,1.5639361143112183,1.6526076793670654,0.9116661548614502,1.0278493165969849,0.8564664125442505,1.2540576457977295,1.3374308347702026,1.2060821056365967,1.5304949283599854,1.8125959634780884,1.7819663286209106,2.1066863536834717,2.0774660110473633,2.2484097480773926,2.2154746055603027,1.8832443952560425,1.9201409816741943,1.4820021390914917,1.1934882402420044,0.986764132976532,1.3700106143951416,1.5342812538146973,1.3434151411056519,1.6035970449447632,1.9320108890533447,1.9184285402297974,2.197640895843506,2.079742431640625,2.2786641120910645,2.2626454830169678,1.9286869764328003,2.008340835571289
A3,0.6770746111869812,0.3916897475719452,0.0,0.39100655913352966,0.5870992541313171,0.5763813853263855,0.8564023971557617,1.1489040851593018,1.2283716201782227,1.6014032363891602,1.611017107963562,1.9670969247817993,2.214543581008911,2.141244888305664,2.297531843185425,1.792710304260254,1.7375409603118896,1.561497688293457,1.8752790689468384,1.7688652276992798,1.5841902494430542,1.9420998096466064,2.1090526580810547,1.902816891670227,2.0835869312286377,1.8023780584335327,1.8561971187591553,1.7513644695281982,1.4075517654418945,1.353993535041809,1.6361687183380127,1.7281935214996338,1.6435153484344482,1.4375234842300415,1.1126015186309814,1.1321746110916138,1.4753804206848145,1.546836256980896,1.3320484161376953,1.6104824542999268,1.41208016872406,1.58700430393219,1.5687907934188843,1.2497060298919678,1.4022643566131592,1.154238224029541,1.198765754699707,0.9193741679191589,1.2778757810592651,1.2953433990478516,1.0700052976608276,1.3960905075073242,1.667304515838623,1.5874876976013184,1.8779395818710327,1.82218599319458,1.9505349397659302,1.8790795803070068,1.5501271486282349,1.5789170265197754,1.5687153339385986,1.2861815690994263,0.9826788902282715,1.3346669673919678,1.4361785650253296,1.1671948432922363,1.414212703704834,1.7329440116882324,1.6844812631607056,1.9222030639648438,1.7928640842437744,1.9603883028030396,1.914146900177002,1.5805261135101318,1.663978934288025
A4,0.8239015936851501,0.5060879588127136,0.39100655913352966,0.0,0.37926527857780457,0.5481681227684021,0.6718295812606812,0.9347422122955322,1.1172150373458862,1.4654932022094727,1.559079647064209,1.9409863948822021,2.2149088382720947,2.1948440074920654,2.380488395690918,2.077454090118408,2.05062198638916,1.8338950872421265,2.127154588699341,1.9895929098129272,1.7678742408752441,2.093578338623047,2.2254750728607178,1.9866788387298584,2.100733518600464,1.798364281654358,1.7698602676391602,1.5944386720657349,1.2628756761550903,1.1206568479537964,2.004040002822876,2.0808346271514893,1.9650731086730957,1.7672536373138428,1.4225553274154663,1.3833726644515991,1.6936078071594238,1.7522588968276978,1.49257230758667,1.7032264471054077,1.457331657409668,1.5434143543243408,1.4365156888961792,1.0921905040740967,1.1537425518035889,1.0498040914535522,0.9776486754417419,0.6601841449737549,0.9936681985855103,1.0921720266342163,0.8652666211128235,1.1339904069900513,1.4545904397964478,1.4503108263015747,1.7385753393173218,1.7559198141098022,1.944329857826233,1.9260677099227905,1.623583197593689,1.7387537956237793,1.2769653797149658,0.9563226699829102,0.635280430316925,0.9710955023765564,1.1256115436553955,0.8923161029815674,1.1124861240386963,1.4549189805984497,1.4708880186080933,1.7394229173660278,1.6669435501098633,1.9018068313598633,1.9266443252563477,1.6219083070755005,1.78589928150177
A5,0.9267451167106628,0.7435171008110046,0.5870992541313171,0.37926527857780457,0.0,0.38204264640808105,0.5329395532608032,0.6653621792793274,0.8005061149597168,1.1592669486999512,1.2424426078796387,1.6243667602539062,1.9274110794067383,1.9489387273788452,2.1146957874298096,1.991416096687317,1.9596630334854126,1.6851372718811035,1.9669926166534424,1.840794563293457,1.5669976472854614,1.8616317510604858,2.0038466453552246,1.7824050188064575,1.8622477054595947,1.5850491523742676,1.5514557361602783,1.354036569595337,1.0111898183822632,0.9286479949951172,1.990606665611267,2.025179862976074,1.8709921836853027,1.7141139507293701,1.3801325559616089,1.2418562173843384,1.5234205722808838,1.627881646156311,1.3847718238830566,1.5722718238830566,1.3583954572677612,1.4480321407318115,1.3460828065872192,1.0064877271652222,1.1149142980575562,0.9832893013954163,0.8590190410614014,0.49106183648109436,0.7487755417823792,0.7548335194587708,0.5000104308128357,0.8143121004104614,1.1009833812713623,1.080078125,1.3863303661346436,1.4049079418182373,1.624603271484375,1.6560331583023071,1.3628356456756592,1.5317238569259644,1.0771340131759644,0.8401991724967957,0.4967523515224457,0.8168066143989563,0.8591960668563843,0.619778573513031,0.930151641368866,1.2181159257888794,1.1786980628967285,1.4757952690124512,1.366925597190857,1.6122629642486572,1.6732224225997925,1.3755466938018799,1.557390809059143
A6,1.106061339378357,0.8968825936317444,0.5763813853263855,0.5481681227684021,0.38204264640808105,0.0,0.3853241503238678,0.6249566078186035,0.6619940400123596,1.0282659530639648,1.0548990964889526,1.4241653680801392,1.6810855865478516,1.6495897769927979,1.833160161972046,1.658323049545288,1.670885682106018,1.4144024848937988,1.6646502017974854,1.5011589527130127,1.2571868896484375,1.5621182918548584,1.6822589635849,1.4480098485946655,1.5668632984161377,1.2808756828308105,1.3043347597122192,1.1882483959197998,0.8393605351448059,0.8505907654762268,1.8348592519760132,1.8114476203918457,1.613650918006897,1.4301999807357788,1.0756152868270874,0.9574567675590515,1.2104073762893677,1.2681429386138916,1.0084774494171143,1.2046395540237427,0.9978473782539368,1.1387135982513428,1.1119534969329834,0.7994327545166016,1.0263025760650635,1.3197897672653198,1.2328205108642578,0.869516134262085,1.0817068815231323,1.006178379058838,0.6769009232521057,0.9620579481124878,1.1993111371994019,1.0845975875854492,1.3328300714492798,1.2870864868164062,1.4233989715576172,1.37995445728302,1.077821969985962,1.2136179208755493,1.423730492591858,1.204621434211731,0.8402438759803772,1.086110234260559,1.0577746629714966,0.7218958735466003,0.9768934845924377,1.240310549736023,1.1384531259536743,1.3579165935516357,1.2170779705047607,1.3960198163986206,1.3893101215362549,1.0757468938827515,1.2452294826507568
A7,1.4020613431930542,1.1421048641204834,0.8564023971557617,0.6718295812606812,0.5329395532608032,0.3853241503238678,0.0,0.3829393982887268,0.5929725766181946,0.8711121678352356,1.0199077129364014,1.39817214012146,1.6436444520950317,1.6490135192871094,1.8863418102264404,1.8959463834762573,1.9636025428771973,1.7077796459197998,1.9071630239486694,1.6911978721618652,1.4562968015670776,1.7083576917648315,1.7528820037841797,1.4702092409133911,1.512155532836914,1.1922383308410645,1.1091454029083252,0.9336369037628174,0.6157896518707275,0.5030640363693237,2.2064337730407715,2.1605119705200195,1.9336038827896118,1.738905429840088,1.3747789859771729,1.261487364768982,1.4452167749404907,1.4369218349456787,1.1290595531463623,1.2125248908996582,0.9414318799972534,0.9466761946678162,0.8142491579055786,0.47386419773101807,0.6489213109016418,1.506739854812622,1.3270220756530762,0.9482726454734802,1.063647747039795,1.0454376935958862,0.6819370985031128,0.8158339262008667,1.0974807739257812,1.0507843494415283,1.2337243556976318,1.2703272104263306,1.431175947189331,1.4106004238128662,1.1729536056518555,1.3824037313461304,1.3947829008102417,1.1615533828735352,0.7857823371887207,0.9006629586219788,0.8716718554496765,0.5056061744689941,0.6393274068832397,0.9304521679878235,0.8993790745735168,1.1010407209396362,1.0540155172348022,1.2944345474243164,1.3506113290786743,1.1018482446670532,1.3673087358474731
A8,1.5866118669509888,1.3899918794631958,1.1489040851593018,0.9347422122955322,0.6653621792793274,0.6249566078186035,0.3829393982887268,0.0,0.36424368619918823,0.5731735825538635,0.7996958494186401,1.178152322769165,1.466380000114441,1.554672122001648,1.7775646448135376,2.0438976287841797,2.1054303646087646,1.8009238243103027,1.9772690534591675,1.7754307985305786,1.490878701210022,1.6803147792816162,1.716079831123352,1.4513593912124634,1.4096009731292725,1.1264805793762207,0.9770830273628235,0.710339367389679,0.4041557312011719,0.32601097226142883,2.3893513679504395,2.3208770751953125,2.0716607570648193,1.9220242500305176,1.5841721296310425,1.387729525566101,1.5229322910308838,1.5569769144058228,1.2796714305877686,1.3025915622711182,1.0782804489135742,1.035467505455017,0.8679971694946289,0.6011509895324707,0.7252379655838013,1.5322850942611694,1.297254204750061,0.9478667974472046,0.9162175059318542,0.8397359848022461,0.4937765300273895,0.491412878036499,0.7357940077781677,0.7221717834472656,0.8876945972442627,0.9910292029380798,1.2235386371612549,1.2979168891906738,1.1109040975570679,1.4064768552780151,1.2337664365768433,1.0945091247558594,0.7783343195915222,0.7733947038650513,0.5986618995666504,0.24885335564613342,0.4361753463745117,0.6203491687774658,0.5428310036659241,0.8162028789520264,0.7712407112121582,1.081200361251831,1.235759973526001,1.0386264324188232,1.3510123491287231
A9,1.64111328125,1.5025415420532227,1.2283716201782227,1.1172150373458862,0.8005061149597168,0.6619940400123596,0.5929725766181946,0.36424368619918823,0.0,0.3857799768447876,0.4668704867362976,0.8556822538375854,1.1626343727111816,1.2528327703475952,1.4420158863067627,1.7949481010437012,1.8517194986343384,1.5231460332870483,1.675905704498291,1.4922852516174316,1.1809123754501343,1.343218207359314,1.401735544204712,1.1729649305343628,1.1426550149917603,0.9056650400161743,0.8475062251091003,0.6710668802261353,0.3557845652103424,0.5860230922698975,2.2080893516540527,2.0978240966796875,1.8230853080749512,1.7092238664627075,1.4067003726959229,1.1523935794830322,1.2373807430267334,1.31024169921875,1.082858920097351,1.109103798866272,0.969356119632721,1.0126688480377197,0.9629706144332886,0.7677111029624939,1.0077232122421265,1.6243159770965576,1.442414402961731,1.1121963262557983,1.0850056409835815,0.8820225596427917,0.5678561329841614,0.6426277160644531,0.7125241756439209,0.5268383026123047,0.6836327910423279,0.6786771416664124,0.8835387229919434,0.9670368432998657,0.774300217628479,1.0961146354675293,1.4063658714294434,1.3301026821136475,1.032731294631958,1.0776997804641724,0.8352216482162476,0.554542064666748,0.7674254179000854,0.8212085366249084,0.5715575814247131,0.785308301448822,0.5833709239959717,0.8191688060760498,0.948853611946106,0.7317214608192444,1.0287588834762573
A10,2.021821975708008,1.8776473999023438,1.6014032363891602,1.4654932022094727,1.1592669486999512,1.0282659530639648,0.8711121678352356,0.5731735825538635,0.3857799768447876,0.0,0.3623013496398926,0.661875307559967,0.9495949745178223,1.122801423072815,1.3367515802383423,1.9725199937820435,2.0710947513580322,1.7425154447555542,1.8250505924224854,1.6163837909698486,1.3210777044296265,1.3818861246109009,1.3591126203536987,1.127886414527893,0.9730237126350403,0.7810336351394653,0.6151346564292908,0.39383062720298767,0.31360185146331787,0.6169478893280029,2.524120807647705,2.374727487564087,2.0688180923461914,1.970461368560791,1.6892718076705933,1.4267445802688599,1.4226007461547852,1.4563127756118774,1.2449167966842651,1.1533890962600708,1.04706871509552,0.9947707653045654,0.926029622554779,0.8570126295089722,1.0588594675064087,1.9494972229003906,1.7296744585037231,1.4204481840133667,1.3076379299163818,1.1043466329574585,0.8513213992118835,0.7521004676818848,0.698586106300354,0.5353547930717468,0.4468473196029663,0.5337408781051636,0.737801730632782,0.888444185256958,0.8398332595825195,1.2153023481369019,1.589686393737793,1.5610694885253906,1.3015910387039185,1.2382725477218628,0.9358218908309937,0.7451003789901733,0.8082342743873596,0.687932014465332,0.34837716817855835,0.4406544268131256,0.21017009019851685,0.5454695224761963,0.8046006560325623,0.7390328049659729,1.0930248498916626
A11,2.0070769786834717,1.9063334465026855,1.611017107963562,1.559079647064209,1.2424426078796387,1.0548990964889526,1.0199077129364014,0.7996958494186401,0.4668704867362976,0.3623013496398926,0.0,0.38921239972114563,0.7126388549804688,0.8606212735176086,1.022767424583435,1.6943976879119873,1.7818952798843384,1.4425644874572754,1.5015366077423096,1.3200726509094238,1.0067039728164673,1.0394093990325928,1.057131290435791,0.8811829090118408,0.7777813673019409,0.6629171967506409,0.6879884004592896,0.6611852049827576,0.5536340475082397,0.9139084815979004,2.2862210273742676,2.103910446166992,1.7838743925094604,1.7202775478363037,1.4840773344039917,1.1862335205078125,1.1292216777801514,1.2053396701812744,1.0633329153060913,1.0004149675369263,0.9942036867141724,1.059590458869934,1.1111024618148804,1.0511738061904907,1.3299444913864136,1.9984829425811768,1.8386836051940918,1.5382627248764038,1.4725489616394043,1.204756736755371,0.9714212417602539,0.9866666793823242,0.8795126676559448,0.5837291479110718,0.5204452872276306,0.33879929780960083,0.4245467483997345,0.5726284384727478,0.518838107585907,0.9061519503593445,1.766928791999817,1.7527140378952026,1.4847773313522339,1.4978933334350586,1.2006049156188965,0.9871989488601685,1.1292630434036255,1.0468826293945312,0.7020473480224609,0.7367968559265137,0.38907742500305176,0.42223066091537476,0.577669620513916,0.4729357361793518,0.7758235931396484
A12,2.3471109867095947,2.2687509059906006,1.9670969247817993,1.9409863948822021,1.6243667602539062,1.4241653680801392,1.39817214012146,1.178152322769165,0.8556822538375854,0.661875307559967,0.38921239972114563,0.0,0.37866583466529846,0.6367883682250977,0.7378193140029907,1.729897141456604,1.8384056091308594,1.509848713874817,1.4813050031661987,1.3168346881866455,1.0372211933135986,0.9234617948532104,0.8848860263824463,0.8017386198043823,0.6082062125205994,0.6859788298606873,0.7755909562110901,0.8636587262153625,0.8859509825706482,1.2516437768936157,2.4383208751678467,2.2072997093200684,1.8648664951324463,1.8447949886322021,1.6698020696640015,1.3631342649459839,1.2033379077911377,1.2740302085876465,1.2150229215621948,1.0870832204818726,1.1807879209518433,1.247182011604309,1.3521358966827393,1.3686997890472412,1.6500365734100342,2.336383104324341,2.187549591064453,1.9065754413604736,1.8178411722183228,1.5257034301757812,1.336343765258789,1.322471261024475,1.1390130519866943,0.8419837951660156,0.6451992392539978,0.38742759823799133,0.12586969137191772,0.4167701303958893,0.5926424264907837,0.9379846453666687,2.0912415981292725,2.1135149002075195,1.864052414894104,1.8576372861862183,1.5376031398773193,1.3599255084991455,1.4690226316452026,1.3216068744659424,0.9691287875175476,0.8888813257217407,0.5595159530639648,0.31146860122680664,0.4567408859729767,0.5636053681373596,0.7680963277816772
A13,2.639943838119507,2.543951988220215,2.214543581008911,2.2149088382720947,1.9274110794067383,1.6810855865478516,1.6436444520950317,1.466380000114441,1.1626343727111816,0.9495949745178223,0.7126388549804688,0.37866583466529846,0.0,0.3687843680381775,0.5016316175460815,1.6950583457946777,1.8604090213775635,1.5825175046920776,1.4626200199127197,1.2676422595977783,1.080176591873169,0.8633105754852295,0.6875050067901611,0.6529190540313721,0.3761321008205414,0.6365222334861755,0.8025704622268677,1.0242384672164917,1.119331955909729,1.4857765436172485,2.568878173828125,2.293248414993286,1.9283978939056396,1.9097648859024048,1.7701014280319214,1.505027413368225,1.2628675699234009,1.2573482990264893,1.2443560361862183,1.0350463390350342,1.2032314538955688,1.2638428211212158,1.4339157342910767,1.528882622718811,1.8262649774551392,2.686002731323242,2.544959306716919,2.248560667037964,2.1771488189697266,1.895758867263794,1.6836764812469482,1.6659947633743286,1.4987882375717163,1.2155897617340088,0.9861717820167542,0.7634180188179016,0.41624781489372253,0.3983374238014221,0.7281123995780945,0.9751280546188354,2.4573400020599365,2.461071491241455,2.1915931701660156,2.1803998947143555,1.8708823919296265,1.6706961393356323,1.73361337184906,1.5783469676971436,1.2470531463623047,1.065305471420288,0.8050585389137268,0.425982803106308,0.3676036298274994,0.6593806147575378,0.7880456447601318
A14,2.6037960052490234,2.4951443672180176,2.141244888305664,2.1948440074920654,1.9489387273788452,1.6495897769927979,1.6490135192871094,1.554672122001648,1.2528327703475952,1.122801423072815,0.8606212735176086,0.6367883682250977,0.3687843680381775,0.0,0.35647186636924744,1.3904951810836792,1.5999943017959595,1.3748151063919067,1.2057464122772217,0.9693763256072998,0.8685946464538574,0.637944757938385,0.35701996088027954,0.3364523649215698,0.2517901062965393,0.5501073598861694,0.8625887036323547,1.161959171295166,1.208666443824768,1.573893666267395,2.376237154006958,2.0754387378692627,1.6996005773544312,1.664386510848999,1.5492701530456543,1.3365744352340698,1.0443460941314697,0.9688822031021118,1.0021023750305176,0.7791891098022461,1.025357961654663,1.158963918685913,1.41121506690979,1.5177403688430786,1.856183409690857,2.750001907348633,2.6426942348480225,2.3259174823760986,2.315687417984009,2.045170545578003,1.7948873043060303,1.835802435874939,1.7256582975387573,1.4243757724761963,1.2600237131118774,1.0069432258605957,0.6372483968734741,0.3405891954898834,0.6478778719902039,0.762319028377533,2.6213443279266357,2.58050537109375,2.2763688564300537,2.311203956604004,2.037468910217285,1.7827284336090088,1.8544113636016846,1.762390375137329,1.4461411237716675,1.269060492515564,1.015786051750183,0.6500194072723389,0.3291212320327759,0.5757697224617004,0.5884340405464172
A15,2.693312406539917,2.633601188659668,2.297531843185425,2.380488395690918,2.1146957874298096,1.833160161972046,1.8863418102264404,1.7775646448135376,1.4420158863067627,1.3367515802383423,1.022767424583435,0.7378193140029907,0.5016316175460815,0.35647186636924744,0.0,1.3741304874420166,1.537493348121643,1.307724118232727,1.098236322402954,0.9619601368904114,0.8605137467384338,0.5172786116600037,0.3587456941604614,0.5939961671829224,0.5986217856407166,0.8863420486450195,1.1882314682006836,1.4479166269302368,1.4668551683425903,1.8428049087524414,2.3184497356414795,1.9972960948944092,1.629693627357483,1.661176323890686,1.616462230682373,1.373605489730835,1.0479474067687988,1.0635900497436523,1.1898154020309448,1.0492154359817505,1.3201152086257935,1.4955627918243408,1.7443534135818481,1.8176194429397583,2.1607606410980225,2.8306665420532227,2.7535505294799805,2.46431565284729,2.4516143798828125,2.1471850872039795,1.9401284456253052,2.0057766437530518,1.8521716594696045,1.527265191078186,1.3794548511505127,1.0789612531661987,0.6857627034187317,0.48129022121429443,0.7590264678001404,0.7961875796318054,2.7457520961761475,2.738602638244629,2.4549686908721924,2.5118699073791504,2.222994327545166,1.9902423620224,2.10695481300354,2.006502389907837,1.667772889137268,1.5290031433105469,1.238197922706604,0.8771371245384216,0.6249977946281433,0.787812352180481,0.6531079411506653
B1,2.1617014408111572,2.1147351264953613,1.792710304260254,2.077454090118408,1.991416096687317,1.658323049545288,1.8959463834762573,2.0438976287841797,1.7949481010437012,1.9725199937820435,1.6943976879119873,1.729897141456604,1.6950583457946777,1.3904951810836792,1.3741304874420166,0.0,0.3676096796989441,0.5644380450248718,0.4400538504123688,0.4277098774909973,0.7215084433555603,0.9074739813804626,1.0772520303726196,1.1444162130355835,1.5226540565490723,1.5051320791244507,1.865709900856018,2.0904126167297363,1.9069113731384277,2.175981283187866,1.2406724691390991,0.8950879573822021,0.574465274810791,0.5018346309661865,0.6878997683525085,0.7977344393730164,0.6047512888908386,0.5511775016784668,0.8565790057182312,1.0949676036834717,1.3189609050750732,1.6930177211761475,2.0041096210479736,1.9560813903808594,2.333421230316162,2.632452964782715,2.7064056396484375,2.4176955223083496,2.618090867996216,2.389050006866455,2.1365251541137695,2.3967819213867188,2.42647385597229,2.1143364906311035,2.1956570148468018,1.8996610641479492,1.6604784727096558,1.3434252738952637,1.1844388246536255,0.802265465259552,2.948852777481079,2.8110406398773193,2.4783542156219482,2.7124297618865967,2.5772945880889893,2.2455086708068848,2.4413421154022217,2.5569374561309814,2.2937190532684326,2.2866415977478027,2.0122017860412598,1.814242959022522,1.4782618284225464,1.2798759937286377,0.9630736112594604
B2,1.997086763381958,2.013345718383789,1.7375409603118896,2.05062198638916,1.9596630334854126,1.670885682106018,1.9636025428771973,2.1054303646087646,1.8517194986343384,2.0710947513580322,1.7818952798843384,1.8384056091308594,1.8604090213775635,1.5999943017959595,1.537493348121643,0.3676096796989441,0.0,0.39112725853919983,0.45635518431663513,0.6538556814193726,0.8049898743629456,1.0308537483215332,1.2939294576644897,1.3834134340286255,1.743949055671692,1.7221578359603882,2.0671446323394775,2.246093511581421,2.0246689319610596,2.2846856117248535,0.9107725024223328,0.5441675186157227,0.22206608951091766,0.32762962579727173,0.6600866317749023,0.7365273833274841,0.6565366387367249,0.7892197370529175,1.063606858253479,1.356041669845581,1.5460847616195679,1.9258545637130737,2.2043490409851074,2.1055707931518555,2.4732487201690674,2.4752445220947266,2.5938668251037598,2.342538595199585,2.5600030422210693,2.3227734565734863,2.1127755641937256,2.408616781234741,2.4323694705963135,2.121952533721924,2.251352310180664,1.9487284421920776,1.7526575326919556,1.491843819618225,1.2882370948791504,0.920508861541748,2.8753232955932617,2.755152702331543,2.449345827102661,2.7172224521636963,2.591089963912964,2.280758857727051,2.523285150527954,2.6523056030273438,2.385444164276123,2.4302115440368652,2.133500099182129,1.9666624069213867,1.6665263175964355,1.4293409585952759,1.1017942428588867
B3,1.8116786479949951,1.8399006128311157,1.561497688293457,1.8338950872421265,1.6851372718811035,1.4144024848937988,1.7077796459197998,1.8009238243103027,1.5231460332870483,1.7425154447555542,1.4425644874572754,1.509848713874817,1.5825175046920776,1.3748151063919067,1.307724118232727,0.5644380450248718,0.39112725853919983,0.0,0.3818413019180298,0.5685437321662903,0.5201007127761841,0.7922461628913879,1.1125365495681763,1.189609169960022,1.51381254196167,1.4887090921401978,1.8134777545928955,1.9579918384552002,1.7280285358428955,2.0030453205108643,1.0130119323730469,0.7107669115066528,0.35628485679626465,0.4582834243774414,0.6006243228912354,0.4603777229785919,0.38130438327789307,0.6837357878684998,0.9199792146682739,1.2113242149353027,1.3862098455429077,1.7521693706512451,1.9998772144317627,1.881426453590393,2.24589204788208,2.2028310298919678,2.2964529991149902,2.0480797290802,2.231900215148926,1.9716027975082397,1.7779974937438965,2.0665621757507324,2.0655934810638428,1.7501596212387085,1.888830304145813,1.5844557285308838,1.4177087545394897,1.204738974571228,0.9724003672599792,0.6471526622772217,2.542825222015381,2.4523813724517822,2.159578561782837,2.4119129180908203,2.259596109390259,1.9689615964889526,2.2300047874450684,2.3373258113861084,2.0566189289093018,2.1244091987609863,1.810982584953308,1.664078712463379,1.4037349224090576,1.1442283391952515,0.8273554444313049
B4,2.1790099143981934,2.1810967922210693,1.8752790689468384,2.127154588699341,1.9669926166534424,1.6646502017974854,1.9071630239486694,1.9772690534591675,1.675905704498291,1.8250505924224854,1.5015366077423096,1.4813050031661987,1.4626200199127197,1.2057464122772217,1.098236322402954,0.4400538504123688,0.45635518431663513,0.3818413019180298,0.0,0.36615294218063354,0.5057506561279297,0.6049238443374634,0.8858712315559387,1.0452818870544434,1.383008360862732,1.430283546447754,1.7935830354690552,2.001488447189331,1.8289607763290405,2.13944149017334,1.2992597818374634,0.9360694885253906,0.5742815732955933,0.6796252131462097,0.8504644632339478,0.7519838213920593,0.4624572992324829,0.6290969252586365,0.9533965587615967,1.153903841972351,1.4057096242904663,1.7642574310302734,2.0547826290130615,1.999513864517212,2.379751682281494,2.551076650619507,2.6170384883880615,2.351060390472412,2.503432273864746,2.2284111976623535,2.0181479454040527,2.2649128437042236,2.2318177223205566,1.898074746131897,1.9671043157577515,1.6419694423675537,1.390696406364441,1.1235471963882446,0.991902232170105,0.6197699308395386,2.8198635578155518,2.7384555339813232,2.4334876537323,2.6498634815216064,2.467841148376465,2.1709797382354736,2.394444704055786,2.461930513381958,2.161527395248413,2.165053606033325,1.8515427112579346,1.6306798458099365,1.320021390914917,1.1408751010894775,0.7684726119041443
B5,2.175842761993408,2.113516330718994,1.7688652276992798,1.9895929098129272,1.840794563293457,1.5011589527130127,1.6911978721618652,1.7754307985305786,1.4922852516174316,1.6163837909698486,1.3200726509094238,1.3168346881866455,1.2676422595977783,0.9693763256072998,0.9619601368904114,0.4277098774909973,0.6538556814193726,0.5685437321662903,0.36615294218063354,0.0,0.3759017884731293,0.5053551197052002,0.6654107570648193,0.742885947227478,1.1113656759262085,1.1269376277923584,1.4985127449035645,1.7365707159042358,1.5867900848388672,1.894539713859558,1.5065019130706787,1.1732052564620972,0.7983356714248657,0.7545774579048157,0.7831975221633911,0.7150129675865173,0.3675123453140259,0.3030743896961212,0.6429660320281982,0.8016286492347717,1.0722745656967163,1.4271252155303955,1.73733651638031,1.7164759635925293,2.1015841960906982,2.5459048748016357,2.568093776702881,2.265450954437256,2.409411668777466,2.1563096046447754,1.8994219303131104,2.116128921508789,2.107844829559326,1.7842903137207031,1.8213508129119873,1.5187920331954956,1.250217318534851,0.9217554926872253,0.8035704493522644,0.4254613518714905,2.7405383586883545,2.632277011871338,2.3014566898345947,2.489230155944824,2.31032657623291,1.990557312965393,2.1702606678009033,2.2378251552581787,1.9514557123184204,1.9178582429885864,1.632548451423645,1.4052528142929077,1.064899206161499,0.8956091403961182,0.5571380257606506
B6,1.9575687646865845,1.9149483442306519,1.5841902494430542,1.7678742408752441,1.5669976472854614,1.2571868896484375,1.4562968015670776,1.490878701210022,1.1809123754501343,1.3210777044296265,1.0067039728164673,1.0372211933135986,1.080176591873169,0.8685946464538574,0.8605137467384338,0.7215084433555603,0.8049898743629456,0.5201007127761841,0.5057506561279297,0.3759017884731293,0.0,0.3821761906147003,0.6543805003166199,0.688462495803833,0.9951686263084412,0.9862925410270691,1.324194312095642,1.5040887594223022,1.3267461061477661,1.6467878818511963,1.5088108777999878,1.2244585752487183,0.8576231002807617,0.8378415107727051,0.7728555202484131,0.5298610925674438,0.19180451333522797,0.42278653383255005,0.6160604357719421,0.7940486669540405,1.0085724592208862,1.343872308731079,1.6024887561798096,1.5393427610397339,1.9158276319503784,2.248426914215088,2.2541663646698,1.9620654582977295,2.078280210494995,1.8058981895446777,1.5695302486419678,1.7865066528320312,1.757568597793579,1.4283628463745117,1.49001145362854,1.182265281677246,0.9590256810188293,0.6959308385848999,0.4953013062477112,0.1325714886188507,2.401975631713867,2.3218815326690674,2.009350299835205,2.18988299369812,1.9906387329101562,1.6929948329925537,1.9032704830169678,1.9574977159500122,1.6567697525024414,1.6668460369110107,1.354927659034729,1.1657483577728271,0.8852295875549316,0.6514001488685608,0.3081739842891693
B7,2.3096847534179688,2.2727081775665283,1.9420998096466064,2.093578338623047,1.8616317510604858,1.5621182918548584,1.7083576917648315,1.6803147792816162,1.343218207359314,1.3818861246109009,1.0394093990325928,0.9234617948532104,0.8633105754852295,0.637944757938385,0.5172786116600037,0.9074739813804626,1.0308537483215332,0.7922461628913879,0.6049238443374634,0.5053551197052002,0.3821761906147003,0.0,0.37691155076026917,0.5876206159591675,0.839292049407959,0.9658190608024597,1.320694088935852,1.5470874309539795,1.4480944871902466,1.8050553798675537,1.8045297861099243,1.4836422204971313,1.1142284870147705,1.1518661975860596,1.1409887075424194,0.9076226353645325,0.5569337010383606,0.6593927145004272,0.871284008026123,0.8980903029441833,1.1740764379501343,1.4596439599990845,1.7315342426300049,1.7288705110549927,2.101313352584839,2.5409388542175293,2.522322416305542,2.2360503673553467,2.2995569705963135,2.001736640930176,1.784232497215271,1.9452849626541138,1.853265643119812,1.5107731819152832,1.4881987571716309,1.1579391956329346,0.8385785222053528,0.5604515075683594,0.5717278718948364,0.37288111448287964,2.6115493774414062,2.5683460235595703,2.268887758255005,2.404097080230713,2.1616806983947754,1.8898875713348389,2.0698177814483643,2.0579512119293213,1.7300604581832886,1.679136872291565,1.359525203704834,1.0821201801300049,0.7793893218040466,0.7001414895057678,0.347237765789032
B8,2.550626277923584,2.464824676513672,2.1090526580810547,2.2254750728607178,2.0038466453552246,1.6822589635849,1.7528820037841797,1.716079831123352,1.401735544204712,1.3591126203536987,1.057131290435791,0.8848860263824463,0.6875050067901611,0.35701996088027954,0.3587456941604614,1.0772520303726196,1.2939294576644897,1.1125365495681763,0.8858712315559387,0.6654107570648193,0.6543805003166199,0.37691155076026917,0.0,0.3481373190879822,0.5721718668937683,0.7736181020736694,1.140487551689148,1.4344885349273682,1.4132696390151978,1.7736692428588867,2.118619203567505,1.7912119626998901,1.4136465787887573,1.4002395868301392,1.3492823839187622,1.167270302772522,0.8201177716255188,0.7453802824020386,0.8949559926986694,0.7638641595840454,1.0730470418930054,1.3019992113113403,1.597517967224121,1.6700681447982788,2.0361437797546387,2.772421360015869,2.7131974697113037,2.401228666305542,2.4408516883850098,2.162245512008667,1.9126425981521606,2.0178377628326416,1.9285098314285278,1.6041672229766846,1.5053476095199585,1.210411548614502,0.8422209620475769,0.4940749406814575,0.6677284836769104,0.5822490453720093,2.757352590560913,2.7010433673858643,2.386150598526001,2.475315570831299,2.224644899368286,1.945473313331604,2.059708595275879,2.016705274581909,1.6997063159942627,1.5678752660751343,1.2915867567062378,0.9574588537216187,0.6035261154174805,0.6775625944137573,0.4707993268966675
B9,2.4031879901885986,2.2720754146575928,1.902816891670227,1.9866788387298584,1.7824050188064575,1.4480098485946655,1.4702092409133911,1.4513593912124634,1.1729649305343628,1.127886414527893,0.8811829090118408,0.8017386198043823,0.6529190540313721,0.3364523649215698,0.5939961671829224,1.1444162130355835,1.3834134340286255,1.189609169960022,1.0452818870544434,0.742885947227478,0.688462495803833,0.5876206159591675,0.3481373190879822,0.0,0.3827015459537506,0.45637187361717224,0.8400121331214905,1.149068832397461,1.1302595138549805,1.4742748737335205,2.1604483127593994,1.8687472343444824,1.493739128112793,1.4110527038574219,1.2708854675292969,1.1106127500534058,0.830802321434021,0.6736103296279907,0.6830609440803528,0.4601377546787262,0.7461802363395691,0.9541438221931458,1.2529605627059937,1.340806484222412,1.7052446603775024,2.6235666275024414,2.53558087348938,2.2009522914886475,2.243469476699829,1.9984990358352661,1.712182879447937,1.799543023109436,1.7553095817565918,1.4569867849349976,1.3604599237442017,1.113195776939392,0.7974696755409241,0.4206306040287018,0.547518789768219,0.5708860754966736,2.568415880203247,2.481735944747925,2.1505444049835205,2.2228100299835205,1.990307331085205,1.6917349100112915,1.7717599868774414,1.7471410036087036,1.455786108970642,1.3114947080612183,1.0698227882385254,0.7745987772941589,0.395730197429657,0.4526662826538086,0.4333656430244446
B10,2.580866575241089,2.441117763519287,2.0835869312286377,2.100733518600464,1.8622477054595947,1.5668632984161377,1.512155532836914,1.4096009731292725,1.1426550149917603,0.9730237126350403,0.7777813673019409,0.6082062125205994,0.3761321008205414,0.2517901062965393,0.5986217856407166,1.5226540565490723,1.743949055671692,1.51381254196167,1.383008360862732,1.1113656759262085,0.9951686263084412,0.839292049407959,0.5721718668937683,0.3827015459537506,0.0,0.34964874386787415,0.6249616146087646,0.9481224417686462,1.0364054441452026,1.387467622756958,2.4908101558685303,2.211461305618286,1.8385756015777588,1.7675189971923828,1.6030124425888062,1.4031920433044434,1.156029462814331,1.044212818145752,0.9930650591850281,0.7137986421585083,0.8983982801437378,0.9626355767250061,1.1937917470932007,1.3300552368164062,1.6515129804611206,2.7076101303100586,2.571237325668335,2.241926908493042,2.2184672355651855,1.9736028909683228,1.7037173509597778,1.7099673748016357,1.621902585029602,1.3502882719039917,1.1634190082550049,0.9667346477508545,0.6546087861061096,0.41139182448387146,0.683264970779419,0.8722944855690002,2.5237836837768555,2.469148874282837,2.160371780395508,2.1659159660339355,1.8975460529327393,1.6415631771087646,1.671857476234436,1.5711643695831299,1.2750418186187744,1.0625925064086914,0.851843535900116,0.5007850527763367,0.2096913456916809,0.5347813367843628,0.6947723031044006
B11,2.339278221130371,2.1646764278411865,1.8023780584335327,1.798364281654358,1.5850491523742676,1.2808756828308105,1.1922383308410645,1.1264805793762207,0.9056650400161743,0.7810336351394653,0.6629171967506409,0.6859788298606873,0.6365222334861755,0.5501073598861694,0.8863420486450195,1.5051320791244507,1.7221578359603882,1.4887090921401978,1.430283546447754,1.1269376277923584,0.9862925410270691,0.9658190608024597,0.7736181020736694,0.45637187361717224,0.34964874386787415,0.0,0.38625967502593994,0.7101015448570251,0.7540832757949829,1.083730936050415,2.4018638134002686,2.1606991291046143,1.8019925355911255,1.6806271076202393,1.4519100189208984,1.2788639068603516,1.1098839044570923,0.9696637392044067,0.8065598607063293,0.5235830545425415,0.5959505438804626,0.6347451210021973,0.861459493637085,0.9850646257400513,1.3170628547668457,2.481973171234131,2.3337888717651367,1.9862297773361206,1.9854536056518555,1.7786774635314941,1.4720757007598877,1.4863084554672241,1.4671801328659058,1.224076509475708,1.0908253192901611,0.9458019733428955,0.7469105124473572,0.5272105932235718,0.625249981880188,0.8537327647209167,2.302157402038574,2.2083418369293213,1.8810415267944336,1.8913359642028809,1.6558517217636108,1.368659257888794,1.382704496383667,1.3330614566802979,1.0695568323135376,0.8857662081718445,0.7087152004241943,0.49624311923980713,0.2973247766494751,0.4088599979877472,0.7040292024612427
B12,2.3977084159851074,2.195887327194214,1.8561971187591553,1.7698602676391602,1.5514557361602783,1.3043347597122192,1.1091454029083252,0.9770830273628235,0.8475062251091003,0.6151346564292908,0.6879884004592896,0.7755909562110901,0.8025704622268677,0.8625887036323547,1.1882314682006836,1.865709900856018,2.0671446323394775,1.8134777545928955,1.7935830354690552,1.4985127449035645,1.324194312095642,1.320694088935852,1.140487551689148,0.8400121331214905,0.6249616146087646,0.38625967502593994,0.0,0.3799991309642792,0.5750867128372192,0.8478910326957703,2.6821796894073486,2.4738221168518066,2.1287620067596436,1.9940227270126343,1.7256457805633545,1.5465906858444214,1.43901526927948,1.3192442655563354,1.0996347665786743,0.8367481827735901,0.7626441121101379,0.6011041402816772,0.6601898670196533,0.8288242220878601,1.0821518898010254,2.457549810409546,2.254824638366699,1.9092717170715332,1.8550938367843628,1.6889973878860474,1.3859034776687622,1.308732509613037,1.3033198118209839,1.1381012201309204,0.9592063426971436,0.9448472857475281,0.8773593306541443,0.8141570687294006,0.8971595764160156,1.1933212280273438,2.1506283283233643,2.0614678859710693,1.7538995742797852,1.6895698308944702,1.4488602876663208,1.199602484703064,1.127383828163147,1.0249438285827637,0.8071476221084595,0.5498856902122498,0.5155115723609924,0.48226234316825867,0.5753806233406067,0.6867755651473999,1.045519232749939
B13,2.2529079914093018,2.050704002380371,1.7513644695281982,1.5944386720657349,1.354036569595337,1.1882483959197998,0.9336369037628174,0.710339367389679,0.6710668802261353,0.39383062720298767,0.6611852049827576,0.8636587262153625,1.0242384672164917,1.161959171295166,1.4479166269302368,2.0904126167297363,2.246093511581421,1.9579918384552002,2.001488447189331,1.7365707159042358,1.5040887594223022,1.5470874309539795,1.4344885349273682,1.149068832397461,0.9481224417686462,0.7101015448570251,0.3799991309642792,0.0,0.353966623544693,0.5531849265098572,2.758108139038086,2.594533681869507,2.274019479751587,2.138922929763794,1.840012550354004,1.6363539695739746,1.6043453216552734,1.5446226596832275,1.2942407131195068,1.11264169216156,0.9610771536827087,0.7730045318603516,0.6476805806159973,0.7110720872879028,0.8749088048934937,2.2218496799468994,1.9797852039337158,1.6486603021621704,1.5471078157424927,1.4127451181411743,1.1276623010635376,0.9806176424026489,0.9981595873832703,0.9139475226402283,0.7606008052825928,0.8715501427650452,0.9677293300628662,1.0266892910003662,1.0385099649429321,1.382377028465271,1.8225382566452026,1.7468293905258179,1.4680159091949463,1.3526743650436401,1.1005209684371948,0.8952218890190125,0.788819432258606,0.6462603807449341,0.45037177205085754,0.24389517307281494,0.35845592617988586,0.6101361513137817,0.8440754413604736,0.8662750124931335,1.249132513999939
