,A1,A2,A3,A4,A5,A6,A7,A8,A9,A10,A11,A12,A13,A14,A15,B1,B2,B3,B4,B5,B6,B7,B8,B9,B10,B11,B12,B13,B14,B15,C1,C2,C3,C4,C5,C6,C7,C8,C9,C10,C11,C12,C13,C14,C15,D1,D2,D3,D4,D5,D6,D7,D8,D9,D10,D11,D12,D13,D14,D15,E1,E2,E3,E4,E5,E6,E7,E8,E9,E10,E11,E12,E13,E14,E15
A1,0.0,0.41436895728111267,0.6378723382949829,0.8665478825569153,1.1717182397842407,1.5014512538909912,1.773656964302063,2.0670735836029053,1.7753902673721313,1.5274206399917603,1.1261628866195679,1.0315208435058594,0.7654122114181519,0.8152909874916077,0.9025526642799377,1.5688167810440063,1.588376522064209,1.3616403341293335,1.3705381155014038,1.426931619644165,1.5805699825286865,1.736448049545288,2.1094000339508057,2.0979666709899902,2.0444743633270264,1.9080673456192017,1.7940373420715332,1.9189504384994507,1.8756868839263916,2.2218284606933594,2.7348740100860596,2.6264548301696777,2.3106865882873535,2.4774668216705322,2.3139736652374268,2.5468339920043945,2.518528699874878,2.1761255264282227,2.2220120429992676,2.2515180110931396,2.3384194374084473,2.1376049518585205,2.399815320968628,2.277878761291504,2.624688148498535,2.495293378829956,2.366814136505127,2.1571695804595947,2.4039835929870605,2.1903529167175293,2.470621347427368,2.2899229526519775,2.4337356090545654,2.6489851474761963,2.358464002609253,2.3475892543792725,2.0022077560424805,2.109964370727539,1.8760336637496948,2.047654628753662,1.4629905223846436,1.4803497791290283,1.530000925064087,1.8664226531982422,1.8971120119094849,2.276036024093628,2.365309715270996,2.2993812561035156,2.2397053241729736,1.8537150621414185,1.6339049339294434,1.3223766088485718,1.107529878616333,0.881272554397583,0.6890923380851746
A2,0.41436895728111267,0.0,0.3708919286727905,0.591137707233429,0.8604544997215271,1.1874619722366333,1.446153163909912,1.7273672819137573,1.459264874458313,1.165297508239746,0.7582885026931763,0.6551840305328369,0.37869635224342346,0.580582320690155,0.711430549621582,1.3563079833984375,1.2876449823379517,1.0341789722442627,0.9807310104370117,1.027430534362793,1.1706949472427368,1.3509743213653564,1.7179352045059204,1.6869194507598877,1.641088843345642,1.5168901681900024,1.4400690793991089,1.60198974609375,1.620385766029358,1.9761767387390137,2.515742778778076,2.367422580718994,2.0297763347625732,2.1505937576293945,1.9673645496368408,2.170015573501587,2.1342029571533203,1.7792303562164307,1.8337957859039307,1.8955830335617065,2.0147998332977295,1.8592649698257446,2.160463571548462,2.0976197719573975,2.4603734016418457,2.4024789333343506,2.232048511505127,1.978531837463379,2.1727049350738525,1.9166396856307983,2.1585967540740967,1.9409667253494263,2.0836503505706787,2.329324960708618,2.072718858718872,2.1104583740234375,1.7970385551452637,1.9757308959960938,1.8013384342193604,2.026071071624756,1.5399287939071655,1.4595261812210083,1.4269447326660156,1.7241687774658203,1.6784638166427612,2.037013292312622,2.072390079498291,1.9753156900405884,1.9625310897827148,1.5791810750961304,1.432009220123291,1.1226943731307983,1.0284113883972168,0.8765488266944885,0.8248651623725891
A3,0.6378723382949829,0.3708919286727905,0.0,0.38959652185440063,0.5659615993499756,0.943609893321991,1.1592228412628174,1.484687089920044,1.2526394128799438,0.9774655103683472,0.6140885949134827,0.4435296356678009,0.4179178774356842,0.5921709537506104,0.8811147809028625,1.3744559288024902,1.2658976316452026,0.9414834380149841,0.9405075311660767,0.8769319653511047,1.0763161182403564,1.1757436990737915,1.5296169519424438,1.565958857536316,1.4827828407287598,1.399301528930664,1.2703496217727661,1.4803105592727661,1.4765599966049194,1.848832130432129,2.2963383197784424,2.1236491203308105,1.7914936542510986,1.9289709329605103,1.723670482635498,1.9483604431152344,1.904083490371704,1.5840600728988647,1.6365196704864502,1.640302300453186,1.7581855058670044,1.576095700263977,1.8800901174545288,1.8190330266952515,2.172325372695923,2.0767970085144043,1.8821840286254883,1.6376748085021973,1.831710696220398,1.585288405418396,1.8427178859710693,1.657307505607605,1.8005691766738892,2.012742757797241,1.732460618019104,1.7500044107437134,1.4310646057128906,1.6104000806808472,1.4554247856140137,1.6888915300369263,1.2646076679229736,1.1405880451202393,1.068189263343811,1.3621963262557983,1.3162498474121094,1.6868966817855835,1.7418407201766968,1.6847628355026245,1.6639279127120972,1.2818593978881836,1.114654779434204,0.7749109864234924,0.7261672019958496,0.5951053500175476,0.6894428730010986
A4,0.8665478825569153,0.591137707233429,0.38959652185440063,0.0,0.37134596705436707,0.6365988254547119,0.9432703852653503,1.2091482877731323,0.9159654974937439,0.7044936418533325,0.3720472753047943,0.4910869300365448,0.6419000625610352,0.9358640313148499,1.1873493194580078,1.6765011548995972,1.4970433712005615,1.1572892665863037,1.042801856994629,0.8763411045074463,0.93684321641922,0.9524438977241516,1.3316115140914917,1.4224498271942139,1.4225293397903442,1.440407156944275,1.3842263221740723,1.6661579608917236,1.7234694957733154,2.0958282947540283,2.5099334716796875,2.2867915630340576,1.9449752569198608,2.0266993045806885,1.7618087530136108,1.9194397926330566,1.7913577556610107,1.4556646347045898,1.603746771812439,1.6322283744812012,1.8283884525299072,1.6920355558395386,2.032728910446167,2.0208733081817627,2.3623015880584717,2.2337629795074463,1.9801357984542847,1.7499182224273682,1.8885635137557983,1.6115601062774658,1.8067457675933838,1.5870816707611084,1.6446011066436768,1.885812759399414,1.6171038150787354,1.703658938407898,1.4338874816894531,1.6485544443130493,1.5651742219924927,1.7696117162704468,1.3364728689193726,1.1146385669708252,1.0682299137115479,1.2709070444107056,1.2054365873336792,1.52288818359375,1.579940676689148,1.4605213403701782,1.3956881761550903,1.0111171007156372,0.8701241612434387,0.6318214535713196,0.6336524486541748,0.7202451825141907,0.7823857069015503
A5,1.1717182397842407,0.8604544997215271,0.5659615993499756,0.37134596705436707,0.0,0.40363064408302307,0.6021518707275391,0.9259041547775269,0.7309912443161011,0.4957020580768585,0.35666146874427795,0.40001827478408813,0.7509167790412903,1.0006165504455566,1.2979376316070557,1.6338956356048584,1.4026621580123901,1.0407472848892212,0.9459105134010315,0.6767581105232239,0.7810658812522888,0.7115683555603027,1.050487756729126,1.193089485168457,1.1509714126586914,1.2162173986434937,1.1427397727966309,1.468780517578125,1.5424102544784546,1.9072473049163818,2.25460147857666,1.997672438621521,1.6590416431427002,1.7205233573913574,1.4319080114364624,1.5866862535476685,1.4536956548690796,1.1515026092529297,1.294359803199768,1.2881349325180054,1.501495599746704,1.3825514316558838,1.7390007972717285,1.7699757814407349,2.101386785507202,2.0059456825256348,1.7191979885101318,1.470313310623169,1.5609840154647827,1.2650009393692017,1.4388477802276611,1.2223683595657349,1.2864371538162231,1.5188034772872925,1.2573211193084717,1.3651527166366577,1.1282213926315308,1.3978023529052734,1.3821759223937988,1.6234447956085205,1.350669264793396,1.0674868822097778,0.912405252456665,1.0520020723342896,0.9030973315238953,1.2082924842834473,1.2280752658843994,1.12820565700531,1.1134874820709229,0.7364082336425781,0.677394688129425,0.44109776616096497,0.6716284155845642,0.8104137182235718,1.0118333101272583
A6,1.5014512538909912,1.1874619722366333,0.943609893321991,0.6365988254547119,0.40363064408302307,0.0,0.39218470454216003,0.5786200761795044,0.3303998112678528,0.28428536653518677,0.49327293038368225,0.7310105562210083,1.0848325490951538,1.3756868839263916,1.6417919397354126,1.9574432373046875,1.6769585609436035,1.333141803741455,1.1601516008377075,0.8359087705612183,0.758725643157959,0.5180531144142151,0.8322992920875549,1.0652515888214111,1.1252764463424683,1.31315279006958,1.3241660594940186,1.6924629211425781,1.8212192058563232,2.1670210361480713,2.471925735473633,2.1704819202423096,1.8384698629379272,1.8302350044250488,1.4924932718276978,1.5507798194885254,1.316009283065796,1.0227445363998413,1.2800861597061157,1.3037973642349243,1.5965207815170288,1.5468664169311523,1.9203299283981323,2.0081636905670166,2.3149735927581787,2.212587594985962,1.878035545349121,1.6494042873382568,1.6598787307739258,1.3444057703018188,1.4138894081115723,1.1620441675186157,1.0994247198104858,1.3685191869735718,1.1541047096252441,1.3630105257034302,1.2255606651306152,1.5276103019714355,1.5987019538879395,1.8094080686569214,1.5823912620544434,1.2351430654525757,1.0958565473556519,1.0931693315505981,0.8956547379493713,1.072311282157898,1.0591405630111694,0.8571240305900574,0.8106620907783508,0.4577646255493164,0.5754519701004028,0.5994458198547363,0.8801708221435547,1.1329559087753296,1.3033759593963623
A7,1.773656964302063,1.446153163909912,1.1592228412628174,0.9432703852653503,0.6021518707275391,0.39218470454216003,0.0,0.403984934091568,0.5006785988807678,0.47733476758003235,0.7722451686859131,0.868115246295929,1.2669857740402222,1.4936392307281494,1.7823493480682373,1.9539947509765625,1.6491844654083252,1.3171526193618774,1.1950122117996216,0.8330563306808472,0.8237826824188232,0.5148503184318542,0.654201328754425,0.9611778855323792,0.945835530757904,1.1844606399536133,1.1704566478729248,1.5545096397399902,1.6875624656677246,2.0049495697021484,2.218808889389038,1.8882122039794922,1.5770012140274048,1.5426745414733887,1.1862329244613647,1.233986258506775,0.9929948449134827,0.7849551439285278,1.0203973054885864,0.9812531471252441,1.2897393703460693,1.2718451023101807,1.642551302909851,1.7790629863739014,2.059797763824463,2.0029561519622803,1.6460773944854736,1.4073727130889893,1.3462506532669067,1.0192264318466187,1.0354053974151611,0.7935609817504883,0.7244910001754761,0.9806998372077942,0.786952018737793,1.0419257879257202,0.9817711114883423,1.334872841835022,1.4821505546569824,1.7211129665374756,1.6672252416610718,1.3071863651275635,1.077068567276001,0.9956174492835999,0.6920217275619507,0.8019827604293823,0.7002811431884766,0.5294107794761658,0.6163439750671387,0.364641934633255,0.6411239504814148,0.6936838030815125,1.069706678390503,1.298683762550354,1.5479933023452759
A8,2.0670735836029053,1.7273672819137573,1.484687089920044,1.2091482877731323,0.9259041547775269,0.5786200761795044,0.403984934091568,0.0,0.4077727198600769,0.5897737145423889,0.9859554767608643,1.178721308708191,1.5566428899765015,1.8257783651351929,2.0783884525299072,2.2590174674987793,1.922116756439209,1.619496464729309,1.4266400337219238,1.0744601488113403,0.9136391282081604,0.5359600186347961,0.5281588435173035,0.9020852446556091,1.0196868181228638,1.346759557723999,1.4280959367752075,1.8185232877731323,2.0038323402404785,2.298630714416504,2.5096724033355713,2.1541686058044434,1.8541314601898193,1.746930718421936,1.3737095594406128,1.296726942062378,0.948225200176239,0.7661610245704651,1.1153541803359985,1.1484795808792114,1.5119786262512207,1.5722733736038208,1.9418859481811523,2.1221251487731934,2.3837034702301025,2.344130277633667,1.9691041707992554,1.7476108074188232,1.6247501373291016,1.300613284111023,1.1978964805603027,0.9215905070304871,0.6835770606994629,0.9963286519050598,0.9281914830207825,1.2731913328170776,1.3076971769332886,1.6581007242202759,1.8466876745224,2.0595669746398926,2.005324125289917,1.624375343322754,1.4300897121429443,1.2810906171798706,0.9862731099128723,0.9366276860237122,0.7676265239715576,0.40678173303604126,0.5220073461532593,0.4827709197998047,0.8668382167816162,1.036679744720459,1.3818371295928955,1.6522371768951416,1.8616173267364502
A9,1.7753902673721313,1.459264874458313,1.2526394128799438,0.9159654974937439,0.7309912443161011,0.3303998112678528,0.5006785988807678,0.4077727198600769,0.0,0.39986687898635864,0.7313432693481445,1.0227320194244385,1.3603285551071167,1.6743108034133911,1.9134389162063599,2.2220633029937744,1.9135783910751343,1.5909539461135864,1.3694324493408203,1.0431455373764038,0.8477532267570496,0.5298871994018555,0.7569361329078674,1.036138892173767,1.189235806465149,1.4503591060638428,1.5264568328857422,1.9078564643859863,2.0752782821655273,2.404615640640259,2.6944711208343506,2.368140697479248,2.043287515640259,1.9826053380966187,1.6237616539001465,1.6003259420394897,1.292765736579895,1.0177299976348877,1.353135347366333,1.4137738943099976,1.7521449327468872,1.756792426109314,2.134993314743042,2.2601828575134277,2.55117130279541,2.4561455249786377,2.098906993865967,1.8829925060272217,1.8402278423309326,1.5194765329360962,1.5067944526672363,1.2325000762939453,1.0666494369506836,1.363083839416504,1.2146756649017334,1.4931013584136963,1.4308373928070068,1.743144154548645,1.861141562461853,2.051790237426758,1.8473020792007446,1.4783941507339478,1.3571776151657104,1.2775884866714478,1.0646001100540161,1.1226558685302734,1.0701838731765747,0.7716144323348999,0.7066477537155151,0.47988831996917725,0.7299096584320068,0.8845914006233215,1.1515297889709473,1.4396520853042603,1.582845687866211
A10,1.5274206399917603,1.165297508239746,0.9774655103683472,0.7044936418533325,0.4957020580768585,0.28428536653518677,0.47733476758003235,0.5897737145423889,0.39986687898635864,0.0,0.4088814854621887,0.6682736277580261,1.0035017728805542,1.3176193237304688,1.5395597219467163,1.8343173265457153,1.5235772132873535,1.2088391780853271,0.9710686206817627,0.656428873538971,0.48705700039863586,0.2766936421394348,0.6523792743682861,0.8154923319816589,0.9159384369850159,1.1083872318267822,1.1866506338119507,1.5545098781585693,1.7334603071212769,2.0672483444213867,2.4371538162231445,2.132478713989258,1.7860634326934814,1.735612154006958,1.4032219648361206,1.4231233596801758,1.1961880922317505,0.8459902405738831,1.1187751293182373,1.2198210954666138,1.5332438945770264,1.535504937171936,1.9256809949874878,2.044522762298584,2.3666412830352783,2.3462390899658203,2.022822380065918,1.75596284866333,1.7415235042572021,1.3967664241790771,1.4321317672729492,1.1221716403961182,1.083492636680603,1.4094429016113281,1.2574598789215088,1.4981201887130737,1.3784751892089844,1.711700439453125,1.779761791229248,2.0237085819244385,1.807178020477295,1.4810878038406372,1.317696452140808,1.3380261659622192,1.101000189781189,1.2616171836853027,1.168933391571045,0.9202903509140015,0.9760097861289978,0.6779209971427917,0.8552260398864746,0.8273651599884033,1.0999449491500854,1.2964621782302856,1.4545201063156128
A11,1.1261628866195679,0.7582885026931763,0.6140885949134827,0.3720472753047943,0.35666146874427795,0.49327293038368225,0.7722451686859131,0.9859554767608643,0.7313432693481445,0.4088814854621887,0.0,0.3881851136684418,0.6387045979499817,0.9841030240058899,1.1954731941223145,1.6056221723556519,1.3516786098480225,1.0287127494812012,0.8132543563842773,0.6024835109710693,0.570426344871521,0.6194709539413452,1.006304383277893,1.0610026121139526,1.099103569984436,1.153821349143982,1.1777058839797974,1.4922956228256226,1.626796841621399,1.9835820198059082,2.4308056831359863,2.1758599281311035,1.819326639175415,1.8332898616790771,1.5498141050338745,1.649027705192566,1.5035408735275269,1.1362696886062622,1.3147801160812378,1.4078781604766846,1.6516525745391846,1.5899301767349243,1.9632048606872559,2.018306016921997,2.3660693168640137,2.3304686546325684,2.0535154342651367,1.7817904949188232,1.8505722284317017,1.5274838209152222,1.6549686193466187,1.3746013641357422,1.4217417240142822,1.7176960706710815,1.5135443210601807,1.6723320484161377,1.4624677896499634,1.7488902807235718,1.7266559600830078,1.972143292427063,1.643930435180664,1.3825340270996094,1.261447548866272,1.3983323574066162,1.233851671218872,1.4953900575637817,1.462514877319336,1.2807148694992065,1.297539234161377,0.9398670792579651,0.9530893564224243,0.780071496963501,0.9341847896575928,1.0426440238952637,1.1495208740234375
A12,1.0315208435058594,0.6551840305328369,0.4435296356678009,0.4910869300365448,0.40001827478408813,0.7310105562210083,0.868115246295929,1.178721308708191,1.0227320194244385,0.6682736277580261,0.3881851136684418,0.0,0.40267258882522583,0.6557461023330688,0.925711989402771,1.2596451044082642,1.0327379703521729,0.683869481086731,0.5896713733673096,0.4380982220172882,0.6714683771133423,0.7972187995910645,1.124017596244812,1.1350560188293457,1.0400700569152832,0.9820309281349182,0.9041514992713928,1.1783978939056396,1.2661341428756714,1.6317850351333618,2.095453977584839,1.8729864358901978,1.51835036277771,1.584905982017517,1.3517072200775146,1.5346946716308594,1.4874539375305176,1.153659701347351,1.2076936960220337,1.2554634809494019,1.4204943180084229,1.313938856124878,1.666190505027771,1.6928354501724243,2.0537774562835693,2.0654492378234863,1.8299256563186646,1.5327513217926025,1.6398863792419434,1.336106777191162,1.5293859243392944,1.2887516021728516,1.442388653755188,1.6969432830810547,1.4759480953216553,1.5642447471618652,1.3102115392684937,1.584025502204895,1.5197339057922363,1.8063360452651978,1.5387009382247925,1.3322504758834839,1.1558630466461182,1.3623987436294556,1.1973103284835815,1.5181257724761963,1.4805504083633423,1.384795904159546,1.4527592658996582,1.0966724157333374,1.0704997777938843,0.7811446785926819,0.939123809337616,0.9211264848709106,1.0990545749664307
A13,0.7654122114181519,0.37869635224342346,0.4179178774356842,0.6419000625610352,0.7509167790412903,1.0848325490951538,1.2669857740402222,1.5566428899765015,1.3603285551071167,1.0035017728805542,0.6387045979499817,0.40267258882522583,0.0,0.3836389183998108,0.5656483173370361,1.0811196565628052,0.9430800080299377,0.6734690070152283,0.6090223789215088,0.6906819343566895,0.901746928691864,1.1282683610916138,1.4588613510131836,1.3899853229522705,1.3014920949935913,1.1452617645263672,1.0728799104690552,1.2392876148223877,1.2984328269958496,1.6523902416229248,2.217876434326172,2.0531222820281982,1.705462098121643,1.798969030380249,1.6259419918060303,1.8253992795944214,1.8237099647521973,1.4746184349060059,1.487459659576416,1.5676175355911255,1.682063102722168,1.5616211891174316,1.8780910968780518,1.859731912612915,2.231952428817749,2.2664170265197754,2.086035966873169,1.7903045415878296,1.9432770013809204,1.6639528274536133,1.8838121891021729,1.6486132144927979,1.8284485340118408,2.0856001377105713,1.866339921951294,1.9242751598358154,1.639072060585022,1.869767189025879,1.7369625568389893,2.0149760246276855,1.6602799892425537,1.5360634326934814,1.4119480848312378,1.6809451580047607,1.5621159076690674,1.9055317640304565,1.8803304433822632,1.7842193841934204,1.8436408042907715,1.4779605865478516,1.4078906774520874,1.0909397602081299,1.1271754503250122,0.9994913339614868,1.078202724456787
A14,0.8152909874916077,0.580582320690155,0.5921709537506104,0.9358640313148499,1.0006165504455566,1.3756868839263916,1.4936392307281494,1.8257783651351929,1.6743108034133911,1.3176193237304688,0.9841030240058899,0.6557461023330688,0.3836389183998108,0.0,0.3744453191757202,0.8065863251686096,0.7933222055435181,0.5805085897445679,0.7333760857582092,0.8870129585266113,1.1946423053741455,1.4191980361938477,1.7092729806900024,1.6294825077056885,1.4606620073318481,1.2253445386886597,1.0562376976013184,1.1156165599822998,1.0781893730163574,1.4203705787658691,1.997935175895691,1.8936543464660645,1.5732674598693848,1.7322229146957397,1.6307785511016846,1.8965961933135986,1.9718490839004517,1.668172836303711,1.5910524129867554,1.621646523475647,1.6445269584655762,1.4750189781188965,1.7321394681930542,1.6603459119796753,2.0308854579925537,2.10048508644104,1.983444333076477,1.688455581665039,1.8872848749160767,1.6562420129776,1.9281275272369385,1.7478644847869873,1.9918550252914429,2.202622413635254,1.9720910787582397,1.961774468421936,1.6484073400497437,1.834483027458191,1.6507642269134521,1.9432094097137451,1.6410596370697021,1.5915559530258179,1.4487082958221436,1.7638689279556274,1.6685435771942139,2.040663003921509,2.025505304336548,1.9943379163742065,2.072053909301758,1.714879035949707,1.6140100955963135,1.2531862258911133,1.2658649682998657,1.0351357460021973,1.1472065448760986
A15,0.9025526642799377,0.711430549621582,0.8811147809028625,1.1873493194580078,1.2979376316070557,1.6417919397354126,1.7823493480682373,2.0783884525299072,1.9134389162063599,1.5395597219467163,1.1954731941223145,0.925711989402771,0.5656483173370361,0.3744453191757202,0.0,0.7284548878669739,0.7857226133346558,0.7324161529541016,0.8155497908592224,1.078012228012085,1.3286333084106445,1.6183091402053833,1.9013924598693848,1.7524113655090332,1.6105382442474365,1.3311415910720825,1.2292834520339966,1.215832233428955,1.216013789176941,1.5065439939498901,2.1789777278900146,2.1040244102478027,1.7903426885604858,1.918709397315979,1.8505616188049316,2.0857815742492676,2.1792032718658447,1.8550540208816528,1.7685271501541138,1.857495903968811,1.8778584003448486,1.7506077289581299,1.996633768081665,1.93669593334198,2.3055763244628906,2.432035207748413,2.3352885246276855,2.0309231281280518,2.2156529426574707,1.9761091470718384,2.2222511768341064,2.0136234760284424,2.2594451904296875,2.4988081455230713,2.2980620861053467,2.310331106185913,2.010535478591919,2.2047293186187744,2.0172224044799805,2.3076586723327637,1.9765242338180542,1.9438856840133667,1.8185901641845703,2.131373643875122,2.0254127979278564,2.385338306427002,2.3444840908050537,2.280179977416992,2.3761987686157227,2.019625186920166,1.9417755603790283,1.595704436302185,1.5927174091339111,1.3624281883239746,1.4059550762176514
B1,1.5688167810440063,1.3563079833984375,1.3744559288024902,1.6765011548995972,1.6338956356048584,1.9574432373046875,1.9539947509765625,2.2590174674987793,2.2220633029937744,1.8343173265457153,1.6056221723556519,1.2596451044082642,1.0811196565628052,0.8065863251686096,0.7284548878669739,0.0,0.3972353935241699,0.6407676339149475,0.922731339931488,1.2082933187484741,1.5437017679214478,1.8220272064208984,1.9833757877349854,1.7970776557922363,1.5334330797195435,1.1593393087387085,0.9784843325614929,0.7402812242507935,0.6783890724182129,0.8512239456176758,1.6009142398834229,1.592327356338501,1.3365774154663086,1.4766689538955688,1.5465271472930908,1.8218954801559448,2.050140142440796,1.8263906240463257,1.5873961448669434,1.641147255897522,1.5327928066253662,1.4405184984207153,1.5967460870742798,1.5674026012420654,1.9094862937927246,2.2336933612823486,2.1947250366210938,1.8612247705459595,2.0012547969818115,1.807186245918274,2.0379061698913574,1.8853195905685425,2.219663381576538,2.4067883491516113,2.268388509750366,2.2452101707458496,1.9964431524276733,2.199090003967285,2.048312187194824,2.3890697956085205,2.282017946243286,2.248121976852417,2.0266523361206055,2.3050715923309326,2.142739772796631,2.470569133758545,2.3648386001586914,2.3653640747070312,2.5539984703063965,2.25435209274292,2.2397093772888184,1.8961101770401,1.995728611946106,1.7645609378814697,1.9275703430175781
B2,1.588376522064209,1.2876449823379517,1.2658976316452026,1.4970433712005615,1.4026621580123901,1.6769585609436035,1.6491844654083252,1.922116756439209,1.9135783910751343,1.5235772132873535,1.3516786098480225,1.0327379703521729,0.9430800080299377,0.7933222055435181,0.7857226133346558,0.3972353935241699,0.0,0.3705441653728485,0.5898512005805969,0.8736463189125061,1.193955421447754,1.4748142957687378,1.6076927185058594,1.405852198600769,1.1430268287658691,0.7657273411750793,0.6375485062599182,0.47409918904304504,0.6111053824424744,0.8459624648094177,1.581388235092163,1.4782333374023438,1.171252727508545,1.2288622856140137,1.2429863214492798,1.4738599061965942,1.680580973625183,1.4440187215805054,1.2149255275726318,1.3157886266708374,1.2711055278778076,1.246634602546692,1.4787110090255737,1.533065676689148,1.8884214162826538,2.217045545578003,2.1110854148864746,1.7532216310501099,1.830566167831421,1.5833083391189575,1.760067105293274,1.560010552406311,1.8783557415008545,2.097651958465576,1.992519497871399,2.027250289916992,1.8185019493103027,2.079916477203369,1.9908171892166138,2.345564842224121,2.257955551147461,2.1543190479278564,1.906595230102539,2.13608980178833,1.9250309467315674,2.2176499366760254,2.072148323059082,2.0379128456115723,2.2544007301330566,1.9740811586380005,2.0161032676696777,1.7083028554916382,1.8708443641662598,1.7087169885635376,1.8981324434280396
B3,1.3616403341293335,1.0341789722442627,0.9414834380149841,1.1572892665863037,1.0407472848892212,1.333141803741455,1.3171526193618774,1.619496464729309,1.5909539461135864,1.2088391780853271,1.0287127494812012,0.683869481086731,0.6734690070152283,0.5805085897445679,0.7324161529541016,0.6407676339149475,0.3705441653728485,0.0,0.3960248529911041,0.582953929901123,0.9581781029701233,1.1960359811782837,1.3750935792922974,1.2452936172485352,0.9920392632484436,0.6919050812721252,0.5005018711090088,0.5681747198104858,0.6665506362915039,1.0050286054611206,1.6176643371582031,1.4599725008010864,1.1165114641189575,1.2007120847702026,1.1196600198745728,1.371218204498291,1.511413335800171,1.2490228414535522,1.0812468528747559,1.1418181657791138,1.1538647413253784,1.0786967277526855,1.368450403213501,1.4111748933792114,1.7832142114639282,2.011753559112549,1.8635010719299316,1.5115686655044556,1.6054295301437378,1.3362141847610474,1.5395513772964478,1.3342187404632568,1.629510760307312,1.8497363328933716,1.7015260457992554,1.737959384918213,1.5074727535247803,1.7764407396316528,1.6934939622879028,2.0411376953125,1.92939293384552,1.7999699115753174,1.5543490648269653,1.7816156148910522,1.5785342454910278,1.8869858980178833,1.771422028541565,1.7397263050079346,1.9230831861495972,1.6259814500808716,1.6487098932266235,1.3378546237945557,1.509748935699463,1.37261962890625,1.583465337753296
B4,1.3705381155014038,0.9807310104370117,0.9405075311660767,1.042801856994629,0.9459105134010315,1.1601516008377075,1.1950122117996216,1.4266400337219238,1.3694324493408203,0.9710686206817627,0.8132543563842773,0.5896713733673096,0.6090223789215088,0.7333760857582092,0.8155497908592224,0.922731339931488,0.5898512005805969,0.3960248529911041,0.0,0.363425076007843,0.623200535774231,0.9339622259140015,1.13606595993042,0.9538268446922302,0.8009031414985657,0.5653497576713562,0.6109638214111328,0.7975573539733887,1.0161187648773193,1.3219934701919556,1.9346704483032227,1.7286159992218018,1.3699226379394531,1.3554792404174805,1.199349045753479,1.3396064043045044,1.3959732055664062,1.0587729215621948,0.9939978122711182,1.1651524305343628,1.2963157892227173,1.3022834062576294,1.6432340145111084,1.7367771863937378,2.1038897037506104,2.3048150539398193,2.105177402496338,1.7551597356796265,1.7997567653656006,1.479314923286438,1.6063268184661865,1.3194042444229126,1.542689323425293,1.8331209421157837,1.7184640169143677,1.8398215770721436,1.6460282802581787,1.9576345682144165,1.9148203134536743,2.247020959854126,2.0712170600891113,1.8881864547729492,1.6656992435455322,1.8504998683929443,1.6189875602722168,1.887768030166626,1.7427185773849487,1.6227625608444214,1.8094305992126465,1.5135749578475952,1.5910675525665283,1.3335634469985962,1.5247746706008911,1.4624568223953247,1.6289867162704468
B5,1.426931619644165,1.027430534362793,0.8769319653511047,0.8763411045074463,0.6767581105232239,0.8359087705612183,0.8330563306808472,1.0744601488113403,1.0431455373764038,0.656428873538971,0.6024835109710693,0.4380982220172882,0.6906819343566895,0.8870129585266113,1.078012228012085,1.2082933187484741,0.8736463189125061,0.582953929901123,0.363425076007843,0.0,0.4097032845020294,0.6148736476898193,0.8358506560325623,0.7600231170654297,0.618675172328949,0.5644863843917847,0.597373366355896,0.9247259497642517,1.129010558128357,1.4545842409133911,1.9417871236801147,1.6815041303634644,1.316642165184021,1.286808967590332,1.0434787273406982,1.1640949249267578,1.1417759656906128,0.7935984134674072,0.8132724165916443,0.9490731954574585,1.1569883823394775,1.1637849807739258,1.5426760911941528,1.6614357233047485,2.0161516666412354,2.154417037963867,1.9042354822158813,1.5669560432434082,1.5795037746429443,1.2351309061050415,1.3376952409744263,1.0342750549316406,1.2167458534240723,1.5148005485534668,1.3886154890060425,1.543289065361023,1.3752018213272095,1.7134873867034912,1.721189022064209,2.042489528656006,1.9003783464431763,1.6628094911575317,1.4246516227722168,1.5557197332382202,1.2987785339355469,1.5425701141357422,1.3955631256103516,1.2646034955978394,1.446732759475708,1.1601039171218872,1.2721889019012451,1.05828058719635,1.3126921653747559,1.3284740447998047,1.5343667268753052
B6,1.5805699825286865,1.1706949472427368,1.0763161182403564,0.93684321641922,0.7810658812522888,0.758725643157959,0.8237826824188232,0.9136391282081604,0.8477532267570496,0.48705700039863586,0.570426344871521,0.6714683771133423,0.901746928691864,1.1946423053741455,1.3286333084106445,1.5437017679214478,1.193955421447754,0.9581781029701233,0.623200535774231,0.4097032845020294,0.0,0.37790951132774353,0.6339294910430908,0.5244160294532776,0.6233956813812256,0.7387875318527222,0.9308314323425293,1.2599388360977173,1.5127453804016113,1.8146259784698486,2.2989120483398438,2.011151075363159,1.6520369052886963,1.5514280796051025,1.2678272724151611,1.259387493133545,1.121230125427246,0.7113083004951477,0.9039096236228943,1.1288235187530518,1.422410249710083,1.4924920797348022,1.884206771850586,2.0352566242218018,2.3773539066314697,2.492363691329956,2.2068052291870117,1.8865500688552856,1.8553322553634644,1.491719126701355,1.5076504945755005,1.1493107080459595,1.2095342874526978,1.5707478523254395,1.4938703775405884,1.7313261032104492,1.6156162023544312,1.9716851711273193,2.0168089866638184,2.3109519481658936,2.121307611465454,1.8411399126052856,1.6402114629745483,1.7126390933990479,1.4434568881988525,1.6158372163772583,1.4433649778366089,1.2040427923202515,1.3772835731506348,1.1214892864227295,1.3064112663269043,1.1918410062789917,1.4473192691802979,1.5424884557724,1.6956787109375
B7,1.736448049545288,1.3509743213653564,1.1757436990737915,0.9524438977241516,0.7115683555603027,0.5180531144142151,0.5148503184318542,0.5359600186347961,0.5298871994018555,0.2766936421394348,0.6194709539413452,0.7972187995910645,1.1282683610916138,1.4191980361938477,1.6183091402053833,1.8220272064208984,1.4748142957687378,1.1960359811782837,0.9339622259140015,0.6148736476898193,0.37790951132774353,0.0,0.3924076557159424,0.5494476556777954,0.6838798522949219,0.9390657544136047,1.0795778036117554,1.4550262689590454,1.6800888776779175,1.9857642650604248,2.354116201400757,2.031026840209961,1.6880003213882446,1.581624150276184,1.2429287433624268,1.2029894590377808,0.9614956378936768,0.5900017619132996,0.8994036316871643,1.0540342330932617,1.3985650539398193,1.4664454460144043,1.8627514839172363,2.0293166637420654,2.3445072174072266,2.395590305328369,2.0685718059539795,1.7802011966705322,1.7125390768051147,1.3500216007232666,1.321581482887268,0.9701895117759705,0.9287810921669006,1.2936716079711914,1.2152968645095825,1.497600793838501,1.431323528289795,1.7966164350509644,1.898461103439331,2.166078805923462,2.023355722427368,1.6945414543151855,1.4906885623931885,1.482796311378479,1.194728136062622,1.303419589996338,1.128785252571106,0.8500197529792786,1.0114327669143677,0.7933282852172852,1.0506666898727417,1.0352675914764404,1.3442069292068481,1.5215541124343872,1.703900933265686
B8,2.1094000339508057,1.7179352045059204,1.5296169519424438,1.3316115140914917,1.050487756729126,0.8322992920875549,0.654201328754425,0.5281588435173035,0.7569361329078674,0.6523792743682861,1.006304383277893,1.124017596244812,1.4588613510131836,1.7092729806900024,1.9013924598693848,1.9833757877349854,1.6076927185058594,1.3750935792922974,1.13606595993042,0.8358506560325623,0.6339294910430908,0.3924076557159424,0.0,0.39261457324028015,0.556196928024292,0.9275152683258057,1.115706205368042,1.4869039058685303,1.7478094100952148,2.0043277740478516,2.3049867153167725,1.9501941204071045,1.6352260112762451,1.4503923654556274,1.0992014408111572,0.9430528879165649,0.6276757717132568,0.30552762746810913,0.7080222368240356,0.8955548405647278,1.2820518016815186,1.4394173622131348,1.8233067989349365,2.054469108581543,2.337639808654785,2.4525606632232666,2.112354040145874,1.8223084211349487,1.6702125072479248,1.3080135583877563,1.164460301399231,0.7871790528297424,0.6835407018661499,1.0817006826400757,1.123945951461792,1.4639939069747925,1.4948416948318481,1.8844012022018433,2.0481486320495605,2.325153112411499,2.2928664684295654,1.9492874145507812,1.706451654434204,1.634067177772522,1.2976840734481812,1.3047285079956055,1.0316026210784912,0.7280987501144409,1.013988971710205,0.9358642101287842,1.2736645936965942,1.308809518814087,1.6596299409866333,1.843694806098938,2.0603525638580322
B9,2.0979666709899902,1.6869194507598877,1.565958857536316,1.4224498271942139,1.193089485168457,1.0652515888214111,0.9611778855323792,0.9020852446556091,1.036138892173767,0.8154923319816589,1.0610026121139526,1.1350560188293457,1.3899853229522705,1.6294825077056885,1.7524113655090332,1.7970776557922363,1.405852198600769,1.2452936172485352,0.9538268446922302,0.7600231170654297,0.5244160294532776,0.5494476556777954,0.39261457324028015,0.0,0.3867643177509308,0.7047096490859985,1.0037790536880493,1.3265271186828613,1.6417287588119507,1.872257947921753,2.2818198204040527,1.9521229267120361,1.6260292530059814,1.4087963104248047,1.1151466369628906,0.9410070180892944,0.7525426149368286,0.38068848848342896,0.646767258644104,0.9660019278526306,1.3125272989273071,1.5076725482940674,1.8873246908187866,2.1248605251312256,2.4289166927337646,2.6278886795043945,2.322760581970215,1.9979320764541626,1.8627756834030151,1.4952863454818726,1.3745440244674683,0.9837589859962463,0.9951578974723816,1.3821345567703247,1.4416683912277222,1.7472959756851196,1.7433332204818726,2.13393497467041,2.256617546081543,2.562105178833008,2.4975204467773438,2.18662166595459,1.9405314922332764,1.9300458431243896,1.5997551679611206,1.6590232849121094,1.382426142692566,1.112744688987732,1.3990979194641113,1.2757389545440674,1.570474624633789,1.533061146736145,1.853745460510254,1.9795597791671753,2.1743969917297363
B10,2.0444743633270264,1.641088843345642,1.4827828407287598,1.4225293397903442,1.1509714126586914,1.1252764463424683,0.945835530757904,1.0196868181228638,1.189235806465149,0.9159384369850159,1.099103569984436,1.0400700569152832,1.3014920949935913,1.4606620073318481,1.6105382442474365,1.5334330797195435,1.1430268287658691,0.9920392632484436,0.8009031414985657,0.618675172328949,0.6233956813812256,0.6838798522949219,0.556196928024292,0.3867643177509308,0.0,0.3962523639202118,0.6516121625900269,0.9783130884170532,1.2873992919921875,1.506088376045227,1.8955533504486084,1.5704883337020874,1.2427256107330322,1.0324890613555908,0.7540828585624695,0.6596678495407104,0.6293817758560181,0.32677093148231506,0.30654457211494446,0.6386593580245972,0.946297824382782,1.1501152515411377,1.5206085443496704,1.766544222831726,2.06961727142334,2.3225414752960205,2.044022560119629,1.700405478477478,1.5662670135498047,1.2075088024139404,1.120822787284851,0.752406895160675,0.9150773286819458,1.2485628128051758,1.2923848628997803,1.5409315824508667,1.5237764120101929,1.9110801219940186,2.024794340133667,2.3557207584381104,2.3636252880096436,2.080986261367798,1.794715166091919,1.8113878965377808,1.4733244180679321,1.572383999824524,1.290852427482605,1.1250985860824585,1.443579912185669,1.3029440641403198,1.5596810579299927,1.4600908756256104,1.794744610786438,1.8693091869354248,2.109618902206421
B11,1.9080673456192017,1.5168901681900024,1.399301528930664,1.440407156944275,1.2162173986434937,1.31315279006958,1.1844606399536133,1.346759557723999,1.4503591060638428,1.1083872318267822,1.153821349143982,0.9820309281349182,1.1452617645263672,1.2253445386886597,1.3311415910720825,1.1593393087387085,0.7657273411750793,0.6919050812721252,0.5653497576713562,0.5644863843917847,0.7387875318527222,0.9390657544136047,0.9275152683258057,0.7047096490859985,0.3962523639202118,0.0,0.3838227689266205,0.6291564106941223,0.9704442620277405,1.1829476356506348,1.697264552116394,1.4286638498306274,1.0886006355285645,0.9307065606117249,0.7717869281768799,0.8251422643661499,0.9598644375801086,0.7170015573501587,0.5060926079750061,0.7611777186393738,0.917688250541687,1.078447699546814,1.419424057006836,1.6293017864227295,1.9562102556228638,2.270843505859375,2.0489306449890137,1.6829617023468018,1.6084926128387451,1.2771281003952026,1.2858792543411255,0.980484664440155,1.2397862672805786,1.523107647895813,1.5203955173492432,1.688742756843567,1.6055737733840942,1.9634604454040527,2.013904094696045,2.366856813430786,2.356865882873535,2.1292595863342285,1.8412952423095703,1.934601902961731,1.6278643608093262,1.8021498918533325,1.5590647459030151,1.4517171382904053,1.7438136339187622,1.5477478504180908,1.7320806980133057,1.5469863414764404,1.8369197845458984,1.8297078609466553,2.063420057296753
B12,1.7940373420715332,1.4400690793991089,1.2703496217727661,1.3842263221740723,1.1427397727966309,1.3241660594940186,1.1704566478729248,1.4280959367752075,1.5264568328857422,1.1866506338119507,1.1777058839797974,0.9041514992713928,1.0728799104690552,1.0562376976013184,1.2292834520339966,0.9784843325614929,0.6375485062599182,0.5005018711090088,0.6109638214111328,0.597373366355896,0.9308314323425293,1.0795778036117554,1.115706205368042,1.0037790536880493,0.6516121625900269,0.3838227689266205,0.0,0.3905962407588959,0.641844630241394,0.9093964099884033,1.388930320739746,1.1396743059158325,0.7809403538703918,0.7494872808456421,0.6367833018302917,0.8807984590530396,1.0788156986236572,0.9046618342399597,0.6317768692970276,0.6801042556762695,0.7050178647041321,0.7596601247787476,1.0897541046142578,1.261613130569458,1.6021307706832886,1.9168858528137207,1.7254499197006226,1.3541995286941528,1.3274353742599487,1.0300540924072266,1.1412067413330078,0.9264846444129944,1.2620819807052612,1.4681826829910278,1.400615930557251,1.4811090230941772,1.3522868156433105,1.6782466173171997,1.6997116804122925,2.0636303424835205,2.1043472290039062,1.9129633903503418,1.6062707901000977,1.73467218875885,1.455601692199707,1.6804615259170532,1.4839215278625488,1.4696470499038696,1.7343205213546753,1.5179986953735352,1.6379574537277222,1.4023411273956299,1.6790343523025513,1.6244114637374878,1.8954825401306152
B13,1.9189504384994507,1.60198974609375,1.4803105592727661,1.6661579608917236,1.468780517578125,1.6924629211425781,1.5545096397399902,1.8185232877731323,1.9078564643859863,1.5545098781585693,1.4922956228256226,1.1783978939056396,1.2392876148223877,1.1156165599822998,1.215832233428955,0.7402812242507935,0.47409918904304504,0.5681747198104858,0.7975573539733887,0.9247259497642517,1.2599388360977173,1.4550262689590454,1.4869039058685303,1.3265271186828613,0.9783130884170532,0.6291564106941223,0.3905962407588959,0.0,0.3787594437599182,0.5656980276107788,1.2013167142868042,1.0442086458206177,0.7378361225128174,0.7613205909729004,0.8372387886047363,1.1045151948928833,1.3888102769851685,1.257288932800293,0.9306455254554749,0.9642539024353027,0.8430138826370239,0.878119170665741,1.0925241708755493,1.2317475080490112,1.5605779886245728,1.9775216579437256,1.8602485656738281,1.491735816001892,1.4958276748657227,1.2656362056732178,1.4034785032272339,1.2503008842468262,1.6127113103866577,1.7815394401550293,1.7242645025253296,1.7513201236724854,1.608127474784851,1.8887465000152588,1.867316484451294,2.2383408546447754,2.3013863563537598,2.1648857593536377,1.8618360757827759,2.029215097427368,1.7770329713821411,2.0186822414398193,1.8310922384262085,1.8472745418548584,2.114423990249634,1.8951953649520874,1.9855103492736816,1.7159866094589233,1.9524542093276978,1.833569884300232,2.093453884124756
