,A1,A2,A3,A4,A5,A6,A7,A8,A9,A10,A11,A12,A13,A14,A15,B1,B2,B3,B4,B5,B6,B7,B8,B9,B10,B11,B12,B13,B14,B15,C1,C2,C3,C4,C5,C6,C7,C8,C9,C10,C11,C12,C13,C14,C15,D1,D2,D3,D4,D5,D6,D7,D8,D9,D10,D11,D12,D13,D14,D15,E1,E2,E3,E4,E5,E6,E7,E8,E9,E10,E11,E12,E13,E14,E15
A1,0.0,0.38876834511756897,0.5855504870414734,0.7564151883125305,1.0688318014144897,1.3903021812438965,1.6382161378860474,1.992358922958374,1.9677181243896484,1.7246659994125366,1.5036101341247559,1.1697150468826294,1.0372823476791382,0.8142287731170654,0.7197064161300659,1.3152282238006592,0.9443901777267456,0.8794654011726379,0.9380790591239929,1.1248377561569214,1.362473487854004,1.722216248512268,1.8690558671951294,1.6252398490905762,1.3065345287322998,0.9026835560798645,0.7960624694824219,0.4927292764186859,0.5489580035209656,0.6555442810058594,2.110745429992676,1.773583173751831,1.585870623588562,1.7791463136672974,1.7075917720794678,1.970882534980774,2.1332099437713623,2.148622989654541,1.8275846242904663,1.7571052312850952,1.466968297958374,1.3608535528182983,1.427922248840332,1.3863145112991333,1.707712173461914,2.0602917671203613,1.9241042137145996,1.7312840223312378,2.005747079849243,1.886831521987915,2.2073185443878174,2.2356364727020264,2.3180932998657227,2.131394624710083,2.188452959060669,2.020684242248535,1.7506879568099976,1.9436811208724976,1.7764853239059448,2.1016886234283447,1.3191901445388794,1.4048436880111694,1.316973328590393,1.5979198217391968,1.5912748575210571,1.9300681352615356,1.959004282951355,2.209705114364624,2.1764864921569824,2.1505980491638184,1.9992735385894775,1.6339519023895264,1.7620365619659424,1.5258609056472778,1.7187354564666748
A2,0.38876834511756897,0.0,0.38269200921058655,0.6543694138526917,0.9905175566673279,1.3412953615188599,1.6410797834396362,1.9514199495315552,1.8538575172424316,1.5839314460754395,1.2912631034851074,0.9547080993652344,0.7536490559577942,0.4590500593185425,0.3916572034358978,1.4093329906463623,1.0312764644622803,0.9292318224906921,1.0950546264648438,1.2097561359405518,1.4936918020248413,1.8039637804031372,1.9236445426940918,1.6433767080307007,1.3906276226043701,0.9911493062973022,0.8270055055618286,0.6605708003044128,0.6030955910682678,0.8511579632759094,1.9724472761154175,1.67093825340271,1.4898560047149658,1.7387940883636475,1.6700023412704468,1.9752188920974731,2.107388496398926,2.168400526046753,1.892720103263855,1.8418723344802856,1.5647462606430054,1.3733930587768555,1.4669188261032104,1.3506605625152588,1.6863259077072144,1.74466073513031,1.6557121276855469,1.4931824207305908,1.7887654304504395,1.713544249534607,2.060976028442383,2.1075265407562256,2.2528693675994873,2.1064910888671875,2.1246066093444824,1.9441149234771729,1.6245324611663818,1.7906568050384521,1.5813016891479492,1.8758277893066406,0.9334553480148315,1.0261226892471313,0.9723566174507141,1.2678502798080444,1.3302398920059204,1.6926653385162354,1.7861512899398804,2.071615219116211,2.0340936183929443,1.9455697536468506,1.7595139741897583,1.3768372535705566,1.4512890577316284,1.196512222290039,1.3521549701690674
A3,0.5855504870414734,0.38269200921058655,0.0,0.38739871978759766,0.6367270350456238,1.0164433717727661,1.3009099960327148,1.592127799987793,1.4853121042251587,1.240045428276062,0.9678715467453003,0.6063428521156311,0.5272541642189026,0.3605588674545288,0.5380896925926208,1.3523623943328857,1.0254100561141968,0.7894920706748962,0.9180461764335632,0.9209988117218018,1.2050975561141968,1.474171757698059,1.581361174583435,1.3022907972335815,1.0893210172653198,0.7194151878356934,0.5217207074165344,0.5394093990325928,0.586258053779602,0.9250251650810242,1.800254225730896,1.5354924201965332,1.2859852313995361,1.492017149925232,1.3621351718902588,1.6498241424560547,1.7478159666061401,1.8085932731628418,1.5538784265518188,1.5322853326797485,1.2991563081741333,1.103234887123108,1.2780789136886597,1.212422251701355,1.5758687257766724,1.5669574737548828,1.4761953353881836,1.2456377744674683,1.4913654327392578,1.3669365644454956,1.696512222290039,1.72769033908844,1.8714830875396729,1.736796498298645,1.7646366357803345,1.6152899265289307,1.3081376552581787,1.522580623626709,1.3703460693359375,1.683394432067871,0.9496296048164368,0.9850707054138184,0.7929099202156067,1.0332388877868652,1.007324457168579,1.3581626415252686,1.4329602718353271,1.699278712272644,1.65576171875,1.5877585411071777,1.4329485893249512,1.067463755607605,1.217254400253296,1.0433058738708496,1.262187123298645
A4,0.7564151883125305,0.6543694138526917,0.38739871978759766,0.0,0.39562341570854187,0.6919534802436829,1.0193450450897217,1.3285037279129028,1.2627274990081787,0.9803181290626526,0.7778303623199463,0.5199587941169739,0.471805214881897,0.5828160047531128,0.6582534313201904,1.635297417640686,1.3340784311294556,1.0523958206176758,1.0504146814346313,0.9419726729393005,1.107141137123108,1.3491941690444946,1.3669850826263428,1.0385956764221191,0.8417379856109619,0.5151117444038391,0.5523563027381897,0.684036135673523,0.8969473838806152,1.1974294185638428,2.080110788345337,1.8427214622497559,1.5492171049118042,1.6890865564346313,1.4756700992584229,1.6910994052886963,1.715976595878601,1.7011677026748657,1.4407777786254883,1.5124938488006592,1.3672212362289429,1.2517889738082886,1.4994029998779297,1.5083823204040527,1.8775990009307861,1.7806906700134277,1.7322314977645874,1.4586434364318848,1.629257082939148,1.4245938062667847,1.6900612115859985,1.630469799041748,1.7402235269546509,1.6546536684036255,1.7605167627334595,1.699772596359253,1.4404138326644897,1.7175655364990234,1.6286027431488037,1.939789056777954,1.1008529663085938,1.2168573141098022,0.9844574928283691,1.0950242280960083,0.9791371822357178,1.2484408617019653,1.2298214435577393,1.513451099395752,1.5519579648971558,1.5364614725112915,1.4797922372817993,1.1641325950622559,1.3748738765716553,1.2874995470046997,1.4819996356964111
A5,1.0688318014144897,0.9905175566673279,0.6367270350456238,0.39562341570854187,0.0,0.4028818607330322,0.6759700179100037,0.9609614610671997,0.9001351594924927,0.6826176047325134,0.5935216546058655,0.4043677747249603,0.632632851600647,0.8332651853561401,1.0155279636383057,1.6496400833129883,1.4227478504180908,1.0740376710891724,1.0139998197555542,0.7618938684463501,0.8717427253723145,1.0253537893295288,1.0152664184570312,0.6914958953857422,0.5889506340026855,0.43212947249412537,0.49921438097953796,0.8144798278808594,1.0517183542251587,1.3600600957870483,1.9732643365859985,1.7841129302978516,1.4444007873535156,1.5099364519119263,1.2275230884552002,1.3880760669708252,1.3580905199050903,1.3288559913635254,1.1015392541885376,1.2256077527999878,1.1654709577560425,1.0792213678359985,1.3978530168533325,1.4695346355438232,1.831594705581665,1.7226697206497192,1.6650482416152954,1.3371429443359375,1.4199094772338867,1.144423007965088,1.353613257408142,1.2585630416870117,1.346903920173645,1.2767075300216675,1.4105145931243896,1.409150242805481,1.2022582292556763,1.528267741203308,1.5235610008239746,1.8350938558578491,1.3161659240722656,1.3579188585281372,1.0404222011566162,1.0600987672805786,0.8068834543228149,1.0049717426300049,0.9222536087036133,1.1537933349609375,1.1873384714126587,1.2295461893081665,1.242064118385315,0.998238742351532,1.2943313121795654,1.3090921640396118,1.5492216348648071
A6,1.3903021812438965,1.3412953615188599,1.0164433717727661,0.6919534802436829,0.4028818607330322,0.0,0.39314427971839905,0.6670807600021362,0.6913966536521912,0.47367310523986816,0.6223998665809631,0.6802201867103577,0.8912793397903442,1.1760581731796265,1.3084081411361694,2.0011343955993652,1.7971190214157104,1.4417099952697754,1.3145791292190552,1.0061583518981934,0.9567462205886841,1.008898138999939,0.8422970175743103,0.4581634998321533,0.5215106010437012,0.6188416481018066,0.8466063737869263,1.1532233953475952,1.4348713159561157,1.7186263799667358,2.2929413318634033,2.1352314949035645,1.7790837287902832,1.789117693901062,1.4545888900756836,1.5213027000427246,1.3968098163604736,1.2739065885543823,1.082366943359375,1.3220369815826416,1.375465750694275,1.3658229112625122,1.713652491569519,1.8298076391220093,2.1820969581604004,1.99521005153656,1.974334478378296,1.6331663131713867,1.6403698921203613,1.3120893239974976,1.4164260625839233,1.2079312801361084,1.2391510009765625,1.254374623298645,1.4750057458877563,1.579674482345581,1.443395733833313,1.7958804368972778,1.8440217971801758,2.136953353881836,1.588879108428955,1.6713647842407227,1.3513437509536743,1.2719730138778687,0.9640052318572998,1.0057744979858398,0.7730622291564941,0.983550488948822,1.1363439559936523,1.2547672986984253,1.3885034322738647,1.2348774671554565,1.550492525100708,1.6305652856826782,1.8420530557632446
A7,1.6382161378860474,1.6410797834396362,1.3009099960327148,1.0193450450897217,0.6759700179100037,0.39314427971839905,0.0,0.395260751247406,0.6146491169929504,0.6306908130645752,0.9121811389923096,0.9752674698829651,1.250165343284607,1.50495183467865,1.6640068292617798,2.047748327255249,1.909889578819275,1.5416823625564575,1.3446950912475586,0.9810912609100342,0.802578866481781,0.7270278930664062,0.46732839941978455,0.10003024339675903,0.433969110250473,0.7560172080993652,0.9857256412506104,1.3133831024169922,1.6132389307022095,1.8623926639556885,2.332616090774536,2.197793483734131,1.8252451419830322,1.7491908073425293,1.3773037195205688,1.339409351348877,1.1676335334777832,0.9599466919898987,0.7887527942657471,1.1033071279525757,1.264107346534729,1.34144127368927,1.7057868242263794,1.8928453922271729,2.217996120452881,2.175598621368408,2.1196837425231934,1.7531366348266602,1.6934022903442383,1.3169997930526733,1.3257017135620117,1.0708001852035522,0.9839032292366028,0.993309736251831,1.2893381118774414,1.4713435173034668,1.4350190162658691,1.8101328611373901,1.9345355033874512,2.2298126220703125,1.9422129392623901,1.9788742065429688,1.6321806907653809,1.543727159500122,1.1827946901321411,1.1536638736724854,0.8465122580528259,0.890418291091919,1.0344765186309814,1.2673510313034058,1.4683424234390259,1.3924317359924316,1.7480441331863403,1.867989420890808,2.115884780883789
A8,1.992358922958374,1.9514199495315552,1.592127799987793,1.3285037279129028,0.9609614610671997,0.6670807600021362,0.395260751247406,0.0,0.38351163268089294,0.6050429940223694,0.9814805388450623,1.1505153179168701,1.4563924074172974,1.745969533920288,1.9391435384750366,2.3061411380767822,2.1992664337158203,1.8209145069122314,1.6534804105758667,1.2640118598937988,1.0948203802108765,0.8857758045196533,0.5555475354194641,0.43638062477111816,0.8187147378921509,1.1312981843948364,1.3043581247329712,1.6591192483901978,1.9244015216827393,2.1938040256500244,2.411607027053833,2.339036703109741,1.9645365476608276,1.8596957921981812,1.4688522815704346,1.3790539503097534,1.1031345129013062,0.893598735332489,0.8880077600479126,1.2428138256072998,1.4758760929107666,1.5333781242370605,1.9105713367462158,2.0928444862365723,2.39811372756958,2.195111036300659,2.173344135284424,1.8087917566299438,1.6683239936828613,1.279538631439209,1.1812901496887207,0.8429139256477356,0.7356247305870056,0.8913860321044922,1.1995350122451782,1.4654409885406494,1.4799715280532837,1.8447542190551758,2.015078544616699,2.2682766914367676,2.112670421600342,2.1249258518218994,1.7652431726455688,1.5994199514389038,1.2100313901901245,1.0535614490509033,0.6862720847129822,0.5929355025291443,0.8137518763542175,1.1012816429138184,1.395470142364502,1.4245002269744873,1.7805202007293701,1.9740232229232788,2.2065436840057373
A9,1.9677181243896484,1.8538575172424316,1.4853121042251587,1.2627274990081787,0.9001351594924927,0.6913966536521912,0.6146491169929504,0.38351163268089294,0.0,0.3813345730304718,0.7217292189598083,0.9491443634033203,1.266991138458252,1.571263313293457,1.80215585231781,2.2731800079345703,2.151414394378662,1.7733278274536133,1.6879173517227173,1.3087830543518066,1.2545158863067627,1.0798076391220093,0.8505234718322754,0.6668647527694702,0.9955664277076721,1.1995391845703125,1.2888826131820679,1.6599072217941284,1.8668177127838135,2.176959276199341,2.22304368019104,2.1832141876220703,1.8208130598068237,1.7657030820846558,1.3944371938705444,1.38069748878479,1.1035038232803345,1.0291740894317627,1.0665329694747925,1.3578091859817505,1.5344059467315674,1.4944413900375366,1.8699687719345093,1.9900838136672974,2.297744035720825,1.8702670335769653,1.890823245048523,1.5443254709243774,1.391085147857666,1.0296982526779175,0.9576801657676697,0.632051944732666,0.7195336818695068,0.9254776835441589,1.125588059425354,1.3515170812606812,1.3049862384796143,1.6428887844085693,1.7893216609954834,2.0086145401000977,1.8637807369232178,1.8529096841812134,1.4949003458023071,1.2792836427688599,0.8894243240356445,0.6790299415588379,0.3219895362854004,0.296476811170578,0.5542330145835876,0.7588449716567993,1.0643765926361084,1.1229002475738525,1.4585963487625122,1.6891930103302002,1.8973842859268188
A10,1.7246659994125366,1.5839314460754395,1.240045428276062,0.9803181290626526,0.6826176047325134,0.47367310523986816,0.6306908130645752,0.6050429940223694,0.3813345730304718,0.0,0.4069361984729767,0.6961174011230469,0.9489317536354065,1.2894935607910156,1.4818328619003296,2.23116397857666,2.0474965572357178,1.6826763153076172,1.6274751424789429,1.2911394834518433,1.2876040935516357,1.2280997037887573,1.0239273309707642,0.7089342474937439,0.9358637928962708,1.039923071861267,1.152844786643982,1.4945127964019775,1.7031704187393188,2.0287327766418457,2.2658958435058594,2.1830389499664307,1.8317625522613525,1.849810242652893,1.507851243019104,1.5761573314666748,1.369947910308838,1.3109703063964844,1.2525451183319092,1.5100163221359253,1.6036473512649536,1.5263371467590332,1.8885095119476318,1.963268756866455,2.3009531497955322,1.798366904258728,1.8472533226013184,1.5206079483032227,1.455116868019104,1.1390690803527832,1.1902745962142944,0.9418113231658936,1.0780426263809204,1.2172110080718994,1.3879483938217163,1.5314879417419434,1.392812967300415,1.720226764678955,1.7869820594787598,2.020148992538452,1.5621182918548584,1.6123144626617432,1.2799791097640991,1.0709110498428345,0.7259175777435303,0.6029596328735352,0.3158670663833618,0.6188817024230957,0.8411384224891663,0.9049977660179138,1.1107776165008545,1.0559614896774292,1.3561069965362549,1.5333400964736938,1.705883264541626
A11,1.5036101341247559,1.2912631034851074,0.9678715467453003,0.7778303623199463,0.5935216546058655,0.6223998665809631,0.9121811389923096,0.9814805388450623,0.7217292189598083,0.4069361984729767,0.0,0.38672253489494324,0.5892223119735718,0.9351668357849121,1.1508262157440186,2.0712475776672363,1.8479652404785156,1.5104491710662842,1.5426807403564453,1.2726184129714966,1.3852404356002808,1.412548542022705,1.304521918296814,0.9729868769645691,1.0752705335617065,1.0201292037963867,1.0369552373886108,1.3404591083526611,1.4815150499343872,1.8327516317367554,2.0770788192749023,1.9778079986572266,1.656876564025879,1.7589592933654785,1.476096749305725,1.6449254751205444,1.5139524936676025,1.5389292240142822,1.4455251693725586,1.6196482181549072,1.6151291131973267,1.453134536743164,1.7789514064788818,1.7778724431991577,2.1246790885925293,1.4977024793624878,1.5703685283660889,1.2805660963058472,1.3000462055206299,1.0681300163269043,1.2446213960647583,1.1146249771118164,1.3338361978530884,1.412574291229248,1.4949783086776733,1.5343263149261475,1.2992929220199585,1.58057701587677,1.5644967555999756,1.7894717454910278,1.1586793661117554,1.2128349542617798,0.8977522253990173,0.6993337869644165,0.4276334345340729,0.5097042918205261,0.5323143005371094,0.8958073258399963,1.0018876791000366,0.9166388511657715,0.9719783067703247,0.805984616279602,1.0474071502685547,1.1789145469665527,1.324795126914978
A12,1.1697150468826294,0.9547080993652344,0.6063428521156311,0.5199587941169739,0.4043677747249603,0.6802201867103577,0.9752674698829651,1.1505153179168701,0.9491443634033203,0.6961174011230469,0.38672253489494324,0.0,0.3792765140533447,0.6235904693603516,0.8943303823471069,1.7079062461853027,1.4676964282989502,1.1421329975128174,1.2142784595489502,1.004041075706482,1.2045786380767822,1.3171632289886475,1.3159323930740356,1.0049612522125244,0.982340931892395,0.8053327202796936,0.715740978717804,0.9936683773994446,1.099684238433838,1.4562004804611206,1.8182932138442993,1.667813777923584,1.3562812805175781,1.497286081314087,1.2596664428710938,1.4922876358032227,1.4564980268478394,1.5194756984710693,1.3640086650848389,1.4539681673049927,1.3627928495407104,1.164381742477417,1.4578027725219727,1.433986783027649,1.791334629058838,1.3690519332885742,1.3686736822128296,1.0752277374267578,1.1878533363342285,0.9907888770103455,1.2625136375427246,1.2279266119003296,1.4280688762664795,1.4010125398635864,1.4436012506484985,1.393035650253296,1.108949899673462,1.378717064857483,1.316261649131775,1.5851925611495972,0.994653046131134,1.004818320274353,0.6716533303260803,0.65687495470047,0.4615611433982849,0.7607911825180054,0.8414581418037415,1.1366671323776245,1.1343599557876587,1.046576976776123,0.977576732635498,0.6860972046852112,0.9302731156349182,0.9585925936698914,1.1682102680206299
A13,1.0372823476791382,0.7536490559577942,0.5272541642189026,0.471805214881897,0.632632851600647,0.8912793397903442,1.250165343284607,1.4563924074172974,1.266991138458252,0.9489317536354065,0.5892223119735718,0.3792765140533447,0.0,0.3817472755908966,0.5672350525856018,1.8221062421798706,1.519897699356079,1.2566134929656982,1.3706146478652954,1.2485380172729492,1.4645949602127075,1.6366270780563354,1.6298896074295044,1.2891452312469482,1.2067272663116455,0.9458727240562439,0.8783841133117676,1.0334901809692383,1.1027008295059204,1.4501286745071411,2.0064055919647217,1.823771357536316,1.5594534873962402,1.762362003326416,1.5749543905258179,1.8377889394760132,1.8292980194091797,1.8843778371810913,1.6995552778244019,1.774158000946045,1.634473443031311,1.425191044807434,1.6661969423294067,1.5867574214935303,1.9462008476257324,1.451532244682312,1.4899801015853882,1.2680214643478394,1.4531265497207642,1.324141025543213,1.6204915046691895,1.5926719903945923,1.8005423545837402,1.7767621278762817,1.8157155513763428,1.7347508668899536,1.4184448719024658,1.6408661603927612,1.5008598566055298,1.75164794921875,0.7021488547325134,0.8388127088546753,0.6241823434829712,0.6833303570747375,0.6965777277946472,1.0055865049362183,1.1181614398956299,1.4604160785675049,1.4923161268234253,1.3647148609161377,1.2549309730529785,0.9245840907096863,1.0447628498077393,0.9693505764007568,1.0884896516799927
A14,0.8142287731170654,0.4590500593185425,0.3605588674545288,0.5828160047531128,0.8332651853561401,1.1760581731796265,1.50495183467865,1.745969533920288,1.571263313293457,1.2894935607910156,0.9351668357849121,0.6235904693603516,0.3817472755908966,0.0,0.3684152364730835,1.5811800956726074,1.2491192817687988,1.056960105895996,1.2520822286605835,1.2403512001037598,1.529158115386963,1.758171796798706,1.8303544521331787,1.524092674255371,1.3709627389907837,1.0325261354446411,0.8558415174484253,0.8896011114120483,0.8430236577987671,1.1802765130996704,1.8427940607070923,1.6150850057601929,1.4038904905319214,1.6644877195358276,1.557394027709961,1.8726074695587158,1.942225694656372,2.0368661880493164,1.8247971534729004,1.819945216178894,1.5991182327270508,1.351475715637207,1.5140749216079712,1.3744101524353027,1.7222880125045776,1.3878737688064575,1.3715171813964844,1.2029013633728027,1.4749118089675903,1.415971040725708,1.765777349472046,1.8107608556747437,2.0166690349578857,1.9302918910980225,1.9226887226104736,1.7638146877288818,1.4157941341400146,1.5810785293579102,1.373334527015686,1.6326916217803955,0.5890805721282959,0.6698828339576721,0.5542528033256531,0.8146674633026123,0.9209266304969788,1.2911324501037598,1.444475531578064,1.7556777000427246,1.7225182056427002,1.5779765844345093,1.3835105895996094,1.002978801727295,1.053492546081543,0.8448946475982666,0.9802408814430237
A15,0.7197064161300659,0.3916572034358978,0.5380896925926208,0.6582534313201904,1.0155279636383057,1.3084081411361694,1.6640068292617798,1.9391435384750366,1.80215585231781,1.4818328619003296,1.1508262157440186,0.8943303823471069,0.5672350525856018,0.3684152364730835,0.0,1.7694259881973267,1.4009565114974976,1.2625477313995361,1.4180630445480347,1.4505456686019897,1.7006831169128418,1.9687672853469849,2.0179202556610107,1.689488410949707,1.4946348667144775,1.1312692165374756,1.0415414571762085,0.9803543090820312,0.9712273478507996,1.2422752380371094,2.17138934135437,1.91508150100708,1.7232677936553955,1.9816428422927856,1.8757027387619019,2.174600601196289,2.2460293769836426,2.298884868621826,2.0531251430511475,2.062930107116699,1.8352357149124146,1.6309603452682495,1.7737095355987549,1.644339919090271,1.986518144607544,1.7156591415405273,1.7141038179397583,1.5671470165252686,1.8430269956588745,1.7713146209716797,2.1074721813201904,2.118243455886841,2.3004631996154785,2.2183632850646973,2.2473998069763184,2.103569984436035,1.7676177024841309,1.939468502998352,1.723098635673523,1.980307936668396,0.6647766828536987,0.8926844000816345,0.8844895362854004,1.110407829284668,1.2295076847076416,1.5664907693862915,1.6790716648101807,2.013518810272217,2.0269064903259277,1.901229739189148,1.7346036434173584,1.36161470413208,1.3980646133422852,1.1714025735855103,1.2384775876998901
B1,1.3152282238006592,1.4093329906463623,1.3523623943328857,1.635297417640686,1.6496400833129883,2.0011343955993652,2.047748327255249,2.3061411380767822,2.2731800079345703,2.23116397857666,2.0712475776672363,1.7079062461853027,1.8221062421798706,1.5811800956726074,1.7694259881973267,0.0,0.3913731575012207,0.5873382687568665,0.7631455063819885,1.0761175155639648,1.4012463092803955,1.6539539098739624,2.0086209774017334,1.9839340448379517,1.7434465885162354,1.5071786642074585,1.1758484840393066,1.0362212657928467,0.8182589411735535,0.7057121396064758,1.2357572317123413,0.8637283444404602,0.8318644762039185,0.9224777221679688,1.1287410259246826,1.3985416889190674,1.7542558908462524,1.9231126308441162,1.690969467163086,1.3706148862838745,0.9703400731086731,0.8272664546966553,0.5036369562149048,0.49565044045448303,0.568808376789093,1.940785527229309,1.6040781736373901,1.459977388381958,1.6911628246307373,1.6763514280319214,1.9668316841125488,2.176994800567627,2.2195849418640137,1.8897818326950073,1.7786860466003418,1.4579901695251465,1.3111042976379395,1.336253046989441,1.2548209428787231,1.559650182723999,2.037097930908203,1.8393418788909912,1.6908611059188843,1.9959571361541748,1.9303319454193115,2.2552807331085205,2.337998867034912,2.4124879837036133,2.1793057918548584,2.1807234287261963,1.9523509740829468,1.6990102529525757,1.8285322189331055,1.641381859779358,1.963307499885559
B2,0.9443901777267456,1.0312764644622803,1.0254100561141968,1.3340784311294556,1.4227478504180908,1.7971190214157104,1.909889578819275,2.1992664337158203,2.151414394378662,2.0474965572357178,1.8479652404785156,1.4676964282989502,1.519897699356079,1.2491192817687988,1.4009565114974976,0.3913731575012207,0.0,0.3806827962398529,0.6528334021568298,0.9918976426124573,1.3455642461776733,1.6485700607299805,1.9562288522720337,1.8594956398010254,1.5910375118255615,1.2863913774490356,0.9536905884742737,0.7429543137550354,0.45732152462005615,0.36458900570869446,1.3836290836334229,0.9982883334159851,0.9148562550544739,1.0993448495864868,1.2217650413513184,1.528328776359558,1.8325438499450684,1.9723856449127197,1.7073554992675781,1.4518420696258545,1.0514663457870483,0.870629608631134,0.685475766658783,0.5914468765258789,0.8186629414558411,1.8351497650146484,1.5458040237426758,1.3962807655334473,1.6759341955184937,1.6486892700195312,1.9771769046783447,2.1502349376678467,2.2233262062072754,1.9317903518676758,1.8573018312454224,1.5617375373840332,1.3391293287277222,1.4086848497390747,1.260693907737732,1.5844115018844604,1.7159175872802734,1.564775824546814,1.4421215057373047,1.7722163200378418,1.7416173219680786,2.0947868824005127,2.184767961502075,2.3188910484313965,2.1308677196502686,2.105449676513672,1.8726216554641724,1.5628703832626343,1.6774734258651733,1.4462342262268066,1.7432677745819092
B3,0.8794654011726379,0.9292318224906921,0.7894920706748962,1.0523958206176758,1.0740376710891724,1.4417099952697754,1.5416823625564575,1.8209145069122314,1.7733278274536133,1.6826763153076172,1.5104491710662842,1.1421329975128174,1.2566134929656982,1.056960105895996,1.2625477313995361,0.5873382687568665,0.3806827962398529,0.0,0.3921896517276764,0.6413818001747131,1.0221443176269531,1.3077356815338135,1.597316861152649,1.4920291900634766,1.2482373714447021,0.9673206806182861,0.6082845330238342,0.519514799118042,0.3627881705760956,0.5245946645736694,1.3403868675231934,1.002570629119873,0.7805582284927368,0.922930121421814,0.9352238774299622,1.2389341592788696,1.5030182600021362,1.628797173500061,1.3659217357635498,1.1496670246124268,0.7757171988487244,0.5679474472999573,0.5523214936256409,0.5620657205581665,0.8968452215194702,1.6775145530700684,1.4134494066238403,1.1848788261413574,1.421281337738037,1.3308069705963135,1.6461278200149536,1.7890434265136719,1.8586413860321045,1.5823980569839478,1.5349912643432617,1.278645396232605,1.0528337955474854,1.20527982711792,1.1134164333343506,1.4701166152954102,1.575083613395691,1.4345948696136475,1.2317852973937988,1.5133109092712402,1.4224933385849,1.7542120218276978,1.818781852722168,1.944136142730713,1.7676985263824463,1.764224648475647,1.5693601369857788,1.2707692384719849,1.4493361711502075,1.2805613279342651,1.6066046953201294
B4,0.9380790591239929,1.0950546264648438,0.9180461764335632,1.0504146814346313,1.0139998197555542,1.3145791292190552,1.3446950912475586,1.6534804105758667,1.6879173517227173,1.6274751424789429,1.5426807403564453,1.2142784595489502,1.3706146478652954,1.2520822286605835,1.4180630445480347,0.7631455063819885,0.6528334021568298,0.3921896517276764,0.0,0.4007207155227661,0.6997926831245422,1.0336318016052246,1.3399958610534668,1.2800978422164917,0.9965209364891052,0.7779779434204102,0.5289515256881714,0.4736422598361969,0.5967807173728943,0.6594181060791016,1.612499475479126,1.3019883632659912,1.0371829271316528,1.0410246849060059,0.9519034028053284,1.1411365270614624,1.3910517692565918,1.4299489259719849,1.1131709814071655,0.9073799848556519,0.556821882724762,0.5724313259124756,0.6543123722076416,0.8546637296676636,1.1474496126174927,1.976366400718689,1.725737452507019,1.4462932348251343,1.6095951795578003,1.4281349182128906,1.674040675163269,1.7517975568771362,1.741241455078125,1.4435582160949707,1.4812960624694824,1.3055274486541748,1.1728568077087402,1.4028987884521484,1.4004708528518677,1.7650400400161743,1.8194960355758667,1.7296991348266602,1.4853190183639526,1.7100220918655396,1.5403069257736206,1.8183578252792358,1.7960234880447388,1.8850864171981812,1.7429195642471313,1.8221532106399536,1.7101417779922485,1.4513503313064575,1.69868004322052,1.5847768783569336,1.9141950607299805
B5,1.1248377561569214,1.2097561359405518,0.9209988117218018,0.9419726729393005,0.7618938684463501,1.0061583518981934,0.9810912609100342,1.2640118598937988,1.3087830543518066,1.2911394834518433,1.2726184129714966,1.004041075706482,1.2485380172729492,1.2403512001037598,1.4505456686019897,1.0761175155639648,0.9918976426124573,0.6413818001747131,0.4007207155227661,0.0,0.40004023909568787,0.6785644888877869,0.9644904136657715,0.9118652939796448,0.6923248171806335,0.59515380859375,0.4128081202507019,0.6373047828674316,0.8451569676399231,1.0200347900390625,1.6408940553665161,1.4035658836364746,1.065981149673462,1.0045212507247925,0.7677199244499207,0.8953650593757629,1.0610133409500122,1.0680934190750122,0.7555887699127197,0.6380540132522583,0.4326397478580475,0.49313104152679443,0.7811341881752014,1.0128170251846313,1.323485016822815,1.8876562118530273,1.6759185791015625,1.341070294380188,1.4226070642471313,1.1624828577041626,1.3564437627792358,1.3834911584854126,1.354556679725647,1.078048825263977,1.167242169380188,1.0754648447036743,0.9808641076087952,1.2913264036178589,1.3627320528030396,1.7210962772369385,1.7969633340835571,1.7138012647628784,1.40618097782135,1.544904351234436,1.2974417209625244,1.515634536743164,1.4474061727523804,1.5042424201965332,1.377000093460083,1.5004220008850098,1.456935167312622,1.250618815422058,1.5599995851516724,1.5334768295288086,1.8682022094726562
B6,1.362473487854004,1.4936918020248413,1.2050975561141968,1.107141137123108,0.8717427253723145,0.9567462205886841,0.802578866481781,1.0948203802108765,1.2545158863067627,1.2876040935516357,1.3852404356002808,1.2045786380767822,1.4645949602127075,1.529158115386963,1.7006831169128418,1.4012463092803955,1.3455642461776733,1.0221443176269531,0.6997926831245422,0.40004023909568787,0.0,0.3982800543308258,0.6716870665550232,0.7130398750305176,0.49778756499290466,0.6306175589561462,0.6901062726974487,0.906913161277771,1.193742275238037,1.3255913257598877,1.9773088693618774,1.7667714357376099,1.4229100942611694,1.2879667282104492,0.9943939447402954,0.959609866142273,1.039350986480713,0.8982285857200623,0.5212188363075256,0.5440570116043091,0.5788674354553223,0.8177725076675415,1.102985143661499,1.3865115642547607,1.6685326099395752,2.2137081623077393,2.023973226547241,1.6694931983947754,1.686355471611023,1.364557147026062,1.458707571029663,1.3931517601013184,1.2611771821975708,0.9975050687789917,1.208495020866394,1.2403490543365479,1.2438416481018066,1.5856620073318481,1.7125416994094849,2.059697151184082,2.086021900177002,2.0431909561157227,1.7188549041748047,1.7984353303909302,1.4963454008102417,1.6320469379425049,1.4648429155349731,1.4676172733306885,1.4010605812072754,1.6128299236297607,1.665074110031128,1.5161330699920654,1.8589797019958496,1.8766781091690063,2.200211524963379
B7,1.722216248512268,1.8039637804031372,1.474171757698059,1.3491941690444946,1.0253537893295288,1.008898138999939,0.7270278930664062,0.8857758045196533,1.0798076391220093,1.2280997037887573,1.412548542022705,1.3171632289886475,1.6366270780563354,1.758171796798706,1.9687672853469849,1.6539539098739624,1.6485700607299805,1.3077356815338135,1.0336318016052246,0.6785644888877869,0.3982800543308258,0.0,0.4016766846179962,0.6290184855461121,0.646557629108429,0.919544517993927,0.9809643030166626,1.2638143301010132,1.5195664167404175,1.6809563636779785,2.0183603763580322,1.8792412281036377,1.5196149349212646,1.3153690099716187,0.9613245129585266,0.7916839122772217,0.7482714653015137,0.5169671773910522,0.1385808289051056,0.420632004737854,0.7085940837860107,0.9450225830078125,1.2665539979934692,1.5644704103469849,1.8184548616409302,2.244954824447632,2.0724174976348877,1.7013096809387207,1.6256407499313354,1.2626748085021973,1.2469662427902222,1.1351561546325684,0.9249597191810608,0.6633278727531433,0.9507395625114441,1.1002172231674194,1.2032504081726074,1.560696005821228,1.7639135122299194,2.079766035079956,2.271672248840332,2.2051584720611572,1.8502658605575562,1.8591625690460205,1.5061442852020264,1.5527658462524414,1.343131422996521,1.2449074983596802,1.168859839439392,1.4509795904159546,1.5788370370864868,1.5249649286270142,1.893578052520752,1.9874727725982666,2.312403440475464
B8,1.8690558671951294,1.9236445426940918,1.581361174583435,1.3669850826263428,1.0152664184570312,0.8422970175743103,0.46732839941978455,0.5555475354194641,0.8505234718322754,1.0239273309707642,1.304521918296814,1.3159323930740356,1.6298896074295044,1.8303544521331787,2.0179202556610107,2.0086209774017334,1.9562288522720337,1.597316861152649,1.3399958610534668,0.9644904136657715,0.6716870665550232,0.4016766846179962,0.0,0.3860495686531067,0.6019313335418701,0.9807599186897278,1.150072693824768,1.4631435871124268,1.7542556524276733,1.9516388177871704,2.3056328296661377,2.1884818077087402,1.8165909051895142,1.6435786485671997,1.2625011205673218,1.0975089073181152,0.9167840480804443,0.5996572971343994,0.4328409731388092,0.8107753396034241,1.09352707862854,1.276300311088562,1.6251037120819092,1.8878661394119263,2.1662065982818604,2.3592801094055176,2.2465851306915283,1.8686044216156006,1.7612202167510986,1.3682314157485962,1.2967039346694946,1.0638166666030884,0.8252049684524536,0.7387279272079468,1.100315809249878,1.3367176055908203,1.4205960035324097,1.7945172786712646,1.9921690225601196,2.2897753715515137,2.304548501968384,2.285334348678589,1.9233518838882446,1.86160147190094,1.481908917427063,1.4437296390533447,1.1495916843414307,1.0369141101837158,1.0826631784439087,1.400853157043457,1.614598035812378,1.5943328142166138,1.9704186916351318,2.103771209716797,2.3943889141082764
B9,1.6252398490905762,1.6433767080307007,1.3022907972335815,1.0385956764221191,0.6914958953857422,0.4581634998321533,0.10003024339675903,0.43638062477111816,0.6668647527694702,0.7089342474937439,0.9729868769645691,1.0049612522125244,1.2891452312469482,1.524092674255371,1.689488410949707,1.9839340448379517,1.8594956398010254,1.4920291900634766,1.2800978422164917,0.9118652939796448,0.7130398750305176,0.6290184855461121,0.3860495686531067,0.0,0.3841547966003418,0.7318782806396484,0.9518554210662842,1.2784022092819214,1.5800073146820068,1.818228006362915,2.289520740509033,2.1508948802948,1.777738332748413,1.6870100498199463,1.3145928382873535,1.2638142108917236,1.1046392917633057,0.8874712586402893,0.6953048706054688,1.0100067853927612,1.1793298721313477,1.275732159614563,1.637932538986206,1.8399215936660767,2.1591765880584717,2.1842222213745117,2.1109938621520996,1.7409619092941284,1.6810510158538818,1.3017287254333496,1.3090640306472778,1.0690557956695557,0.9600312113761902,0.9356074333190918,1.2382227182388306,1.4177665710449219,1.3963159322738647,1.7735589742660522,1.9073530435562134,2.2087461948394775,1.9795483350753784,2.003004789352417,1.6533174514770508,1.5816973447799683,1.219093918800354,1.2050855159759521,0.9108651280403137,0.9305094480514526,1.042473554611206,1.2876516580581665,1.4792441129684448,1.4025806188583374,1.7638438940048218,1.8782280683517456,2.1390976905822754
B10,1.3065345287322998,1.3906276226043701,1.0893210172653198,0.8417379856109619,0.5889506340026855,0.5215106010437012,0.433969110250473,0.8187147378921509,0.9955664277076721,0.9358637928962708,1.0752705335617065,0.982340931892395,1.2067272663116455,1.3709627389907837,1.4946348667144775,1.7434465885162354,1.5910375118255615,1.2482373714447021,0.9965209364891052,0.6923248171806335,0.49778756499290466,0.646557629108429,0.6019313335418701,0.3841547966003418,0.0,0.4076874256134033,0.6982181668281555,0.9618972539901733,1.3020724058151245,1.5022410154342651,2.243220329284668,2.0433108806610107,1.686207890510559,1.6256872415542603,1.2988193035125732,1.3040882349014282,1.2610563039779663,1.0761791467666626,0.7648767232894897,0.9679166078567505,1.0274910926818848,1.1475621461868286,1.471021294593811,1.6762291193008423,2.0049936771392822,2.2189455032348633,2.1086602210998535,1.751125693321228,1.7693712711334229,1.4251378774642944,1.5180284976959229,1.3547786474227905,1.2663317918777466,1.1440502405166626,1.4039270877838135,1.4934287071228027,1.4289199113845825,1.793306589126587,1.87906813621521,2.2127726078033447,1.8918640613555908,1.9305404424667358,1.6085407733917236,1.6245042085647583,1.314532995223999,1.4080605506896973,1.1826015710830688,1.2671619653701782,1.3266960382461548,1.5219168663024902,1.627908706665039,1.4658584594726562,1.8068546056747437,1.8430222272872925,2.1153361797332764
B11,0.9026835560798645,0.9911493062973022,0.7194151878356934,0.5151117444038391,0.43212947249412537,0.6188416481018066,0.7560172080993652,1.1312981843948364,1.1995391845703125,1.039923071861267,1.0201292037963867,0.8053327202796936,0.9458727240562439,1.0325261354446411,1.1312692165374756,1.5071786642074585,1.2863913774490356,0.9673206806182861,0.7779779434204102,0.59515380859375,0.6306175589561462,0.919544517993927,0.9807599186897278,0.7318782806396484,0.4076874256134033,0.0,0.3878338932991028,0.5921463370323181,0.9405484199523926,1.1574667692184448,2.0945687294006348,1.8487807512283325,1.520105242729187,1.5456353425979614,1.286204218864441,1.4065052270889282,1.4467332363128662,1.3562204837799072,1.034396767616272,1.1140401363372803,1.017103672027588,1.0447981357574463,1.3202502727508545,1.4591748714447021,1.8091979026794434,2.0441672801971436,1.925636649131775,1.5999481678009033,1.7065508365631104,1.426126480102539,1.6204885244369507,1.5331426858901978,1.5284037590026855,1.3776298761367798,1.552317500114441,1.5386695861816406,1.3823448419570923,1.7098586559295654,1.7150644063949585,2.0601913928985596,1.5893210172653198,1.6403579711914062,1.3576449155807495,1.453620433807373,1.2235565185546875,1.424530267715454,1.2984354496002197,1.4681752920150757,1.487865686416626,1.5924080610275269,1.6016560792922974,1.3514125347137451,1.64494788646698,1.603413462638855,1.8665103912353516
B12,0.7960624694824219,0.8270055055618286,0.5217207074165344,0.5523563027381897,0.49921438097953796,0.8466063737869263,0.9857256412506104,1.3043581247329712,1.2888826131820679,1.152844786643982,1.0369552373886108,0.715740978717804,0.8783841133117676,0.8558415174484253,1.0415414571762085,1.1758484840393066,0.9536905884742737,0.6082845330238342,0.5289515256881714,0.4128081202507019,0.6901062726974487,0.9809643030166626,1.150072693824768,0.9518554210662842,0.6982181668281555,0.3878338932991028,0.0,0.37983694672584534,0.628427267074585,0.8984740376472473,1.7272549867630005,1.4680190086364746,1.1511157751083374,1.2220516204833984,1.0203030109405518,1.2315317392349243,1.3465245962142944,1.3625890016555786,1.0686366558074951,1.033381462097168,0.8264697194099426,0.73830646276474,0.9874687790870667,1.0819873809814453,1.4397575855255127,1.7506057024002075,1.5913251638412476,1.280916452407837,1.434527039527893,1.2115647792816162,1.4735108613967896,1.4831079244613647,1.533529281616211,1.3354967832565308,1.413885235786438,1.3064382076263428,1.0978811979293823,1.3879667520523071,1.3604201078414917,1.7136998176574707,1.4304239749908447,1.402234673500061,1.1209412813186646,1.287670373916626,1.1008445024490356,1.3772387504577637,1.3502051830291748,1.5138057470321655,1.4414480924606323,1.4880475997924805,1.4084947109222412,1.121677041053772,1.390714406967163,1.3125983476638794,1.6091432571411133
B13,0.4927292764186859,0.6605708003044128,0.5394093990325928,0.684036135673523,0.8144798278808594,1.1532233953475952,1.3133831024169922,1.6591192483901978,1.6599072217941284,1.4945127964019775,1.3404591083526611,0.9936683773994446,1.0334901809692383,0.8896011114120483,0.9803543090820312,1.0362212657928467,0.7429543137550354,0.519514799118042,0.4736422598361969,0.6373047828674316,0.906913161277771,1.2638143301010132,1.4631435871124268,1.2784022092819214,0.9618972539901733,0.5921463370323181,0.37983694672584534,0.0,0.3827434778213501,0.5714883804321289,1.8216071128845215,1.5016604661941528,1.2508963346481323,1.3678869009017944,1.257845163345337,1.4916317462921143,1.6678576469421387,1.6851747035980225,1.362733006477356,1.2664273977279663,0.9780152440071106,0.9043272137641907,1.0221725702285767,1.076964259147644,1.4156227111816406,1.9211848974227905,1.7375987768173218,1.4803147315979004,1.6986807584762573,1.5311208963394165,1.820478081703186,1.8568905591964722,1.9016542434692383,1.677444338798523,1.7387406826019287,1.5827827453613281,1.3612054586410522,1.594728708267212,1.5069479942321777,1.8618662357330322,1.4719433784484863,1.4654494524002075,1.2640490531921387,1.5084680318832397,1.3993287086486816,1.7122416496276855,1.7077597379684448,1.8906673192977905,1.816455602645874,1.8426883220672607,1.7198989391326904,1.3963327407836914,1.6044827699661255,1.4409494400024414,1.7164857387542725
