,A1,A2,A3,A4,A5,A6,A7,A8,A9,A10,A11,A12,A13,A14,A15,B1,B2,B3,B4,B5,B6,B7,B8,B9,B10,B11,B12,B13,B14,B15,C1,C2,C3,C4,C5,C6,C7,C8,C9,C10,C11,C12,C13,C14,C15,D1,D2,D3,D4,D5,D6,D7,D8,D9,D10,D11,D12,D13,D14,D15,E1,E2,E3,E4,E5,E6,E7,E8,E9,E10,E11,E12,E13,E14,E15
A1,0.0,0.3951762318611145,0.6956478357315063,0.9838200807571411,1.3235766887664795,1.6874027252197266,1.991274118423462,2.2610368728637695,2.107428789138794,1.864079475402832,1.5524218082427979,1.2328628301620483,0.9874335527420044,0.6554045081138611,0.5348601341247559,1.211901068687439,1.2555886507034302,1.0976862907409668,1.2518129348754883,1.3861163854599,1.668565034866333,1.997399091720581,2.051844835281372,1.7452787160873413,1.4754735231399536,1.0864824056625366,0.9454438090324402,0.7593263387680054,0.6988171935081482,0.9416128993034363,1.9572230577468872,1.9460190534591675,1.6968762874603271,1.9054392576217651,1.8420387506484985,2.1032018661499023,2.2541024684906006,2.210310459136963,1.857243537902832,1.8337206840515137,1.6216685771942139,1.4882173538208008,1.6141597032546997,1.5627344846725464,1.9236955642700195,1.9234148263931274,1.9239223003387451,1.7775137424468994,2.0771052837371826,2.0421175956726074,2.3572330474853516,2.398200511932373,2.528609037399292,2.326667547225952,2.3197171688079834,2.18768310546875,1.9095500707626343,2.052121639251709,1.8642653226852417,2.1714425086975098,1.2153571844100952,1.2546602487564087,1.3206068277359009,1.67491614818573,1.8032171726226807,2.160431385040283,2.2237136363983154,2.563303232192993,2.4455130100250244,2.3692688941955566,2.1706738471984863,1.799394965171814,1.8020386695861816,1.5007688999176025,1.6707960367202759
A2,0.3951762318611145,0.0,0.3776489496231079,0.6232503652572632,0.9611452221870422,1.3182040452957153,1.609084963798523,1.8966913223266602,1.7762664556503296,1.5466793775558472,1.2823450565338135,0.9618938565254211,0.783531904220581,0.5555996298789978,0.48351016640663147,1.2125389575958252,1.1284774541854858,0.880824863910675,0.9483687281608582,1.025083065032959,1.2832752466201782,1.6102616786956787,1.659198522567749,1.3623632192611694,1.0840309858322144,0.6941569447517395,0.571188747882843,0.4497273564338684,0.5679371356964111,0.8502746224403381,1.9327409267425537,1.8417840003967285,1.5412756204605103,1.6931251287460327,1.565181016921997,1.7888855934143066,1.9056707620620728,1.8394784927368164,1.4893805980682373,1.5082669258117676,1.3536022901535034,1.2503459453582764,1.455702304840088,1.4754317998886108,1.8453770875930786,1.9046311378479004,1.8242946863174438,1.6295816898345947,1.8805760145187378,1.79005765914917,2.072052001953125,2.070282220840454,2.194796085357666,2.019364833831787,2.0596554279327393,1.9800426959991455,1.7165998220443726,1.9166827201843262,1.7837930917739868,2.097449779510498,1.2226685285568237,1.1374565362930298,1.1450750827789307,1.4524093866348267,1.5312442779541016,1.8597763776779175,1.8855936527252197,2.236725330352783,2.1558666229248047,2.111194610595703,1.9642256498336792,1.603739857673645,1.6653311252593994,1.42296302318573,1.600282907485962
A3,0.6956478357315063,0.3776489496231079,0.0,0.39154770970344543,0.6484639048576355,1.039594292640686,1.3261181116104126,1.5776431560516357,1.425161361694336,1.2163883447647095,0.9573408365249634,0.6086015701293945,0.5344941020011902,0.41840317845344543,0.5707014203071594,1.2661609649658203,1.1047812700271606,0.7751143574714661,0.8485472798347473,0.8170986175537109,1.0996527671813965,1.3731746673583984,1.4180532693862915,1.1088255643844604,0.9096428155899048,0.5799088478088379,0.3741937279701233,0.5220049619674683,0.6536449790000916,0.9952247738838196,1.739696979522705,1.5990097522735596,1.2874208688735962,1.4379162788391113,1.2901902198791504,1.5326039791107178,1.6237879991531372,1.6056795120239258,1.295903205871582,1.3385250568389893,1.2154604196548462,1.0550400018692017,1.305424451828003,1.3212472200393677,1.6851648092269897,1.6412638425827026,1.5078262090682983,1.2925297021865845,1.522438406944275,1.4273455142974854,1.714797019958496,1.7217004299163818,1.8778153657913208,1.7213670015335083,1.7540699243545532,1.6779539585113525,1.3981842994689941,1.6095448732376099,1.497283935546875,1.7993810176849365,1.091416597366333,0.9159454703330994,0.8298134207725525,1.1129577159881592,1.1598680019378662,1.4908686876296997,1.5296878814697266,1.8746873140335083,1.7853351831436157,1.733767032623291,1.5963464975357056,1.242668867111206,1.3394221067428589,1.1484155654907227,1.3531994819641113
A4,0.9838200807571411,0.6232503652572632,0.39154770970344543,0.0,0.3820228576660156,0.7049761414527893,1.0312418937683105,1.3007607460021973,1.197632074356079,0.9516527056694031,0.7586122751235962,0.5257425308227539,0.5113472938537598,0.6475822329521179,0.6936488151550293,1.5989691019058228,1.3794864416122437,1.0216342210769653,0.9529688954353333,0.7813252806663513,0.9274008274078369,1.1664493083953857,1.1213343143463135,0.775009036064148,0.5864361524581909,0.34338968992233276,0.42852362990379333,0.7054131031036377,0.9703627824783325,1.2580946683883667,2.0347986221313477,1.8419150114059448,1.5108588933944702,1.5975439548492432,1.3689370155334473,1.5344784259796143,1.5340756177902222,1.4649038314819336,1.1841994524002075,1.3372492790222168,1.330283522605896,1.2313302755355835,1.5461254119873047,1.6162229776382446,1.9654297828674316,1.816921353340149,1.624460220336914,1.415981650352478,1.5877752304077148,1.4503679275512695,1.686446189880371,1.6154851913452148,1.7931900024414062,1.7111269235610962,1.8141146898269653,1.8055014610290527,1.5412930250167847,1.7851707935333252,1.7080035209655762,1.9756959676742554,1.166380763053894,0.8975815176963806,0.8378649353981018,1.0092504024505615,1.0478466749191284,1.3257110118865967,1.34622061252594,1.7214274406433105,1.7126139402389526,1.6682777404785156,1.5882692337036133,1.2646273374557495,1.3736144304275513,1.241943359375,1.3728488683700562
A5,1.3235766887664795,0.9611452221870422,0.6484639048576355,0.3820228576660156,0.0,0.40546733140945435,0.6933648586273193,0.9379711747169495,0.8397386074066162,0.6591222286224365,0.597822904586792,0.44843435287475586,0.6774591207504272,0.901577353477478,1.041407823562622,1.7239952087402344,1.4439363479614258,1.0684621334075928,0.9598960876464844,0.663509726524353,0.7533689737319946,0.8860011100769043,0.8314071297645569,0.49601003527641296,0.48900386691093445,0.5073513984680176,0.5527894496917725,0.9209468364715576,1.1678286790847778,1.4422588348388672,1.983339548110962,1.7302371263504028,1.3950681686401367,1.4264161586761475,1.1529583930969238,1.2822396755218506,1.222121238708496,1.1879159212112427,0.9812357425689697,1.1806663274765015,1.2477052211761475,1.144680142402649,1.493045449256897,1.5920562744140625,1.9066492319107056,1.7699968814849854,1.506433129310608,1.2643574476242065,1.3525656461715698,1.1655327081680298,1.355229139328003,1.250867486000061,1.4490911960601807,1.4126842021942139,1.5438750982284546,1.5818120241165161,1.3437352180480957,1.6177053451538086,1.604349136352539,1.8478939533233643,1.3299930095672607,0.992186963558197,0.8136543035507202,0.8508665561676025,0.7691391110420227,0.9860482215881348,0.9677647948265076,1.3453609943389893,1.3649389743804932,1.352150559425354,1.340243935585022,1.06989586353302,1.2567859888076782,1.2352018356323242,1.3800724744796753
A6,1.6874027252197266,1.3182040452957153,1.039594292640686,0.7049761414527893,0.40546733140945435,0.0,0.38534823060035706,0.6295382976531982,0.6529086828231812,0.49490639567375183,0.6678955554962158,0.7413563132286072,0.9711410403251648,1.2613009214401245,1.3554389476776123,2.095447301864624,1.7879188060760498,1.4198089838027954,1.2416666746139526,0.8896098732948303,0.7884396910667419,0.7782593965530396,0.5560042858123779,0.18447917699813843,0.47257131338119507,0.7389228343963623,0.909121572971344,1.26189124584198,1.5455456972122192,1.7869681119918823,2.31044864654541,2.023717164993286,1.6950323581695557,1.6688072681427002,1.3502713441848755,1.3815131187438965,1.2073887586593628,1.1280092000961304,1.020976185798645,1.316115140914917,1.486820936203003,1.4380961656570435,1.804052472114563,1.9356521368026733,2.224640369415283,2.0238733291625977,1.720293641090393,1.4995958805084229,1.5116914510726929,1.293967366218567,1.3910948038101196,1.1911931037902832,1.4046295881271362,1.4716641902923584,1.6693923473358154,1.7760412693023682,1.577148675918579,1.8598710298538208,1.8838469982147217,2.084277391433716,1.5770317316055298,1.2073761224746704,1.0578075647354126,0.9503111839294434,0.8298811316490173,0.8936576247215271,0.8248624801635742,1.2081236839294434,1.342952847480774,1.3526924848556519,1.4274009466171265,1.2369320392608643,1.4281693696975708,1.4767091274261475,1.5546739101409912
A7,1.991274118423462,1.609084963798523,1.3261181116104126,1.0312418937683105,0.6933648586273193,0.38534823060035706,0.0,0.3888392448425293,0.612564742565155,0.677960991859436,0.968683660030365,1.0426207780838013,1.3241703510284424,1.5914108753204346,1.7100896835327148,2.2203352451324463,1.8726956844329834,1.528755784034729,1.303521752357483,0.9259610176086426,0.718518853187561,0.5260814428329468,0.26711878180503845,0.30245742201805115,0.6467951536178589,0.985039234161377,1.1182959079742432,1.4616739749908447,1.7378183603286743,1.9354565143585205,2.389798164367676,2.0603981018066406,1.7339589595794678,1.6254299879074097,1.2730180025100708,1.2027661800384521,0.9464164972305298,0.8502669930458069,0.866233766078949,1.1989727020263672,1.4527853727340698,1.454787254333496,1.8243285417556763,2.004685401916504,2.251614809036255,2.220338821411133,1.8810322284698486,1.6259844303131104,1.5476100444793701,1.2640870809555054,1.247556447982788,0.9643469452857971,1.1295006275177002,1.2642314434051514,1.526579737663269,1.7109270095825195,1.5865867137908936,1.9001177549362183,1.998030424118042,2.188453197479248,1.928924798965454,1.5538603067398071,1.3519936800003052,1.1938377618789673,0.9626123905181885,0.8814224600791931,0.6551744937896729,0.9948979616165161,1.2066320180892944,1.3135977983474731,1.4908311367034912,1.379278540611267,1.6337077617645264,1.7460936307907104,1.8483860492706299
A8,2.2610368728637695,1.8966913223266602,1.5776431560516357,1.3007607460021973,0.9379711747169495,0.6295382976531982,0.3888392448425293,0.0,0.3872798681259155,0.6145946383476257,0.9947121143341064,1.1643211841583252,1.478613018989563,1.7819596529006958,1.939926028251648,2.478898525238037,2.1360268592834473,1.7925724983215332,1.6144529581069946,1.2370103597640991,1.076650857925415,0.8187899589538574,0.5978065729141235,0.6383785605430603,1.0130821466445923,1.3251579999923706,1.4215813875198364,1.784369707107544,2.026902914047241,2.2516441345214844,2.452787160873413,2.1114509105682373,1.827350378036499,1.7250301837921143,1.400418758392334,1.3383312225341797,1.0369105339050293,1.0504038333892822,1.1660101413726807,1.4656388759613037,1.7115978002548218,1.665666937828064,2.013216018676758,2.159721851348877,2.374509572982788,2.1710023880004883,1.8039180040359497,1.5858007669448853,1.445888638496399,1.189585566520691,1.1217224597930908,0.8259652853012085,1.0754754543304443,1.2918301820755005,1.5250779390335083,1.7110854387283325,1.5945237874984741,1.8705347776412964,1.9846627712249756,2.1145381927490234,2.007734537124634,1.6233115196228027,1.3993747234344482,1.1443150043487549,0.8791468143463135,0.6503517627716064,0.43267151713371277,0.7153395414352417,0.9987960457801819,1.0866878032684326,1.322908639907837,1.3026823997497559,1.5553412437438965,1.7436739206314087,1.817701816558838
A9,2.107428789138794,1.7762664556503296,1.425161361694336,1.197632074356079,0.8397386074066162,0.6529086828231812,0.612564742565155,0.3872798681259155,0.0,0.3759850263595581,0.7189186811447144,0.9161883592605591,1.2501108646392822,1.560541033744812,1.7661497592926025,2.3619649410247803,2.051642656326294,1.6996454000473022,1.603022575378418,1.2464619874954224,1.2077802419662476,1.0288212299346924,0.8743020296096802,0.754250705242157,1.0959525108337402,1.3167046308517456,1.3488496541976929,1.7244529724121094,1.91933274269104,2.1909940242767334,2.2017595767974854,1.883660078048706,1.6292791366577148,1.5987207889556885,1.327010154724121,1.373860478401184,1.1452264785766602,1.249420404434204,1.3066433668136597,1.5453263521194458,1.7112845182418823,1.5818463563919067,1.9043183326721191,1.986106038093567,2.2048089504241943,1.7991517782211304,1.4315087795257568,1.244143009185791,1.1273508071899414,0.93877774477005,0.9708653092384338,0.7972233891487122,1.1390941143035889,1.2947070598602295,1.4327999353408813,1.5381696224212646,1.3605834245681763,1.5898077487945557,1.6649131774902344,1.770313024520874,1.7134385108947754,1.3360624313354492,1.083311915397644,0.7933968305587769,0.5134092569351196,0.29048457741737366,0.32702669501304626,0.6536613702774048,0.8112407922744751,0.7818419337272644,0.9589958190917969,0.9348521828651428,1.1752151250839233,1.3886220455169678,1.466394066810608
A10,1.864079475402832,1.5466793775558472,1.2163883447647095,0.9516527056694031,0.6591222286224365,0.49490639567375183,0.677960991859436,0.6145946383476257,0.3759850263595581,0.0,0.40160250663757324,0.6831624507904053,0.9547631144523621,1.3024895191192627,1.4675650596618652,2.303025960922241,2.024048328399658,1.653009057044983,1.5698288679122925,1.230605959892273,1.2174561023712158,1.1406614780426025,0.9331688284873962,0.6601947546005249,0.9515294432640076,1.1257541179656982,1.2054733037948608,1.5744211673736572,1.789008378982544,2.085362672805786,2.2488934993743896,1.9729889631271362,1.7035311460494995,1.7349523305892944,1.4726650714874268,1.5691543817520142,1.3870271444320679,1.430888295173645,1.393371820449829,1.6413447856903076,1.7686153650283813,1.6283217668533325,1.958366870880127,2.0142364501953125,2.279266119003296,1.7283743619918823,1.4034838676452637,1.2580565214157104,1.2556736469268799,1.129185676574707,1.2625222206115723,1.1318119764328003,1.4543510675430298,1.5544885396957397,1.6740550994873047,1.7272543907165527,1.4874870777130127,1.6970839500427246,1.6921122074127197,1.8162959814071655,1.412807822227478,1.0281057357788086,0.8490884304046631,0.5828790068626404,0.4907446801662445,0.5334712862968445,0.6822261810302734,1.0255775451660156,1.127219796180725,1.0166878700256348,1.0592126846313477,0.9224972724914551,1.0700998306274414,1.2019702196121216,1.2301154136657715
A11,1.5524218082427979,1.2823450565338135,0.9573408365249634,0.7586122751235962,0.597822904586792,0.6678955554962158,0.968683660030365,0.9947121143341064,0.7189186811447144,0.40160250663757324,0.0,0.3809029161930084,0.5892583727836609,0.9475677609443665,1.131884217262268,2.1077072620391846,1.8817046880722046,1.513274073600769,1.5044981241226196,1.2280534505844116,1.3203788995742798,1.3500066995620728,1.1991184949874878,0.8503968715667725,1.00452721118927,1.0329747200012207,1.0625277757644653,1.4026261568069458,1.5763790607452393,1.90902841091156,2.0691633224487305,1.8489223718643188,1.5922181606292725,1.7074233293533325,1.4996790885925293,1.682793140411377,1.5850309133529663,1.6398053169250488,1.5193220376968384,1.7112101316452026,1.7528325319290161,1.5619920492172241,1.8620202541351318,1.8599361181259155,2.153658151626587,1.4602129459381104,1.1925203800201416,1.0861340761184692,1.2063310146331787,1.1627312898635864,1.4062663316726685,1.3664391040802002,1.682136058807373,1.7015920877456665,1.7559680938720703,1.7275304794311523,1.4258580207824707,1.5914137363433838,1.5029537677764893,1.6459171772003174,1.015114426612854,0.6302975416183472,0.47617289423942566,0.3252159059047699,0.4820874333381653,0.7622960805892944,0.9783887267112732,1.314178705215454,1.3088425397872925,1.1331766843795776,1.029906988143921,0.7752315998077393,0.8296411633491516,0.859152615070343,0.8913054466247559
A12,1.2328628301620483,0.9618938565254211,0.6086015701293945,0.5257425308227539,0.44843435287475586,0.7413563132286072,1.0426207780838013,1.1643211841583252,0.9161883592605591,0.6831624507904053,0.3809029161930084,0.0,0.3755747079849243,0.6455099582672119,0.892695963382721,1.73051118850708,1.5202765464782715,1.1578179597854614,1.196354866027832,0.9799730181694031,1.171504020690918,1.2858707904815674,1.2346903085708618,0.890228807926178,0.9207981824874878,0.8256262540817261,0.7496160268783569,1.0707701444625854,1.2071800231933594,1.549544095993042,1.7852462530136108,1.5844663381576538,1.306434154510498,1.4504450559616089,1.270927906036377,1.5047622919082642,1.4895209074020386,1.5467591285705566,1.3590350151062012,1.4863338470458984,1.4615148305892944,1.2492096424102783,1.5334285497665405,1.5228034257888794,1.8389384746551514,1.3586394786834717,1.1279327869415283,0.9524548053741455,1.1362348794937134,1.0772643089294434,1.370290756225586,1.3755654096603394,1.6386868953704834,1.575461506843567,1.6018339395523071,1.5385032892227173,1.2237346172332764,1.4089030027389526,1.3076094388961792,1.5229235887527466,0.9400476813316345,0.6033887267112732,0.3677966892719269,0.5173516273498535,0.5904520153999329,0.9437522888183594,1.0852710008621216,1.4257642030715942,1.3525025844573975,1.2252877950668335,1.0872563123703003,0.7538321018218994,0.8558170199394226,0.7888060212135315,0.9496818780899048
A13,0.9874335527420044,0.783531904220581,0.5344941020011902,0.5113472938537598,0.6774591207504272,0.9711410403251648,1.3241703510284424,1.478613018989563,1.2501108646392822,0.9547631144523621,0.5892583727836609,0.3755747079849243,0.0,0.38053640723228455,0.5597125887870789,1.7428866624832153,1.5982394218444824,1.258553147315979,1.3259037733078003,1.1811922788619995,1.3819419145584106,1.560556411743164,1.4879604578018188,1.1114521026611328,1.0499154329299927,0.8533428311347961,0.8168165683746338,1.0446351766586304,1.1705440282821655,1.5239454507827759,1.9258531332015991,1.7899919748306274,1.5272823572158813,1.7164217233657837,1.5659658908843994,1.8135154247283936,1.8240965604782104,1.8421640396118164,1.6049787998199463,1.7213584184646606,1.6558425426483154,1.4525556564331055,1.7071131467819214,1.663788080215454,2.005652904510498,1.4233689308166504,1.2851428985595703,1.1801152229309082,1.4355125427246094,1.4240214824676514,1.7373236417770386,1.7497196197509766,2.001600742340088,1.91884183883667,1.934578537940979,1.8398858308792114,1.5081442594528198,1.6537113189697266,1.4823112487792969,1.6999766826629639,0.6679280400276184,0.40086492896080017,0.43730416893959045,0.7229582071304321,0.9290324449539185,1.287269115447998,1.4486562013626099,1.7945709228515625,1.7211852073669434,1.5662345886230469,1.37598717212677,1.0207412242889404,1.0000354051589966,0.7906412482261658,0.8874228596687317
A14,0.6554045081138611,0.5555996298789978,0.41840317845344543,0.6475822329521179,0.901577353477478,1.2613009214401245,1.5914108753204346,1.7819596529006958,1.560541033744812,1.3024895191192627,0.9475677609443665,0.6455099582672119,0.38053640723228455,0.0,0.3756891191005707,1.46347177028656,1.3893842697143555,1.1005057096481323,1.2486475706100464,1.216139554977417,1.4904353618621826,1.7292065620422363,1.7256700992584229,1.374001145362854,1.231742262840271,0.9312679171562195,0.7905675172805786,0.8901963233947754,0.9181885123252869,1.2795356512069702,1.7623710632324219,1.6876029968261719,1.4405512809753418,1.6724982261657715,1.5810205936431885,1.8676820993423462,1.951993465423584,1.9733421802520752,1.6900155544281006,1.73262357711792,1.585783839225769,1.3675897121429443,1.562327265739441,1.4815031290054321,1.8372232913970947,1.4157638549804688,1.356892466545105,1.241400957107544,1.5457319021224976,1.5512080192565918,1.8903396129608154,1.9449275732040405,2.1552810668945312,2.0087718963623047,1.986656665802002,1.8480489253997803,1.5176208019256592,1.6414909362792969,1.4372859001159668,1.697880506515503,0.7029057741165161,0.6338863968849182,0.6678373217582703,1.0293655395507812,1.2019280195236206,1.5783771276474,1.7131072282791138,2.0455899238586426,1.9238154888153076,1.7889028787612915,1.567977786064148,1.1938821077346802,1.1699113845825195,0.8865062594413757,1.0548204183578491
A15,0.5348601341247559,0.48351016640663147,0.5707014203071594,0.6936488151550293,1.041407823562622,1.3554389476776123,1.7100896835327148,1.939926028251648,1.7661497592926025,1.4675650596618652,1.131884217262268,0.892695963382721,0.5597125887870789,0.3756891191005707,0.0,1.6097339391708374,1.555582046508789,1.2853182554244995,1.3710808753967285,1.3566914796829224,1.5761070251464844,1.8503520488739014,1.8102446794509888,1.4491784572601318,1.2452772855758667,0.9181361198425293,0.8948798775672913,0.9140692353248596,1.0096065998077393,1.3192384243011475,2.101576089859009,2.035184383392334,1.7718373537063599,1.9759225845336914,1.8532979488372803,2.0999462604522705,2.1668970584869385,2.12599778175354,1.8147087097167969,1.8879166841506958,1.7633899450302124,1.6073554754257202,1.815686583518982,1.770232915878296,2.1359612941741943,1.7566382884979248,1.7119204998016357,1.6101229190826416,1.9033514261245728,1.8843269348144531,2.200603485107422,2.2107508182525635,2.4078330993652344,2.276148796081543,2.2952818870544434,2.1859889030456543,1.86995267868042,2.0124142169952393,1.811862826347351,2.0696446895599365,0.8176536560058594,0.8002936244010925,0.9558753371238708,1.2787127494812012,1.4755017757415771,1.8297110795974731,1.9456859827041626,2.303034782409668,2.226227283477783,2.1006484031677246,1.899766206741333,1.530556082725525,1.4867771863937378,1.1924461126327515,1.2777069807052612
B1,1.211901068687439,1.2125389575958252,1.2661609649658203,1.5989691019058228,1.7239952087402344,2.095447301864624,2.2203352451324463,2.478898525238037,2.3619649410247803,2.303025960922241,2.1077072620391846,1.73051118850708,1.7428866624832153,1.46347177028656,1.6097339391708374,0.0,0.3948207497596741,0.6917499303817749,0.988924503326416,1.323878288269043,1.6864007711410522,1.9759153127670288,2.237785577774048,2.09916090965271,1.8673230409622192,1.5661356449127197,1.2302701473236084,1.0036277770996094,0.664213240146637,0.5731169581413269,1.330291509628296,1.3360936641693115,1.1473186016082764,1.2614067792892456,1.3646132946014404,1.6199665069580078,1.9396653175354004,1.977474331855774,1.667239785194397,1.4015685319900513,1.0182478427886963,0.9183762073516846,0.7593923211097717,0.7639308571815491,1.010635495185852,2.1137430667877197,2.082120656967163,1.8074885606765747,1.988666296005249,1.8852416276931763,2.11675763130188,2.2304842472076416,2.1998825073242188,1.8688937425613403,1.7870357036590576,1.645480990409851,1.545857310295105,1.7102106809616089,1.6871182918548584,2.050821304321289,2.0895121097564697,2.042212963104248,1.873616337776184,2.163461208343506,2.0869271755218506,2.367814540863037,2.305331230163574,2.5344128608703613,2.3342320919036865,2.4003028869628906,2.2823312282562256,2.0009799003601074,2.1690175533294678,2.004061460494995,2.3261988162994385
B2,1.2555886507034302,1.1284774541854858,1.1047812700271606,1.3794864416122437,1.4439363479614258,1.7879188060760498,1.8726956844329834,2.1360268592834473,2.051642656326294,2.024048328399658,1.8817046880722046,1.5202765464782715,1.5982394218444824,1.3893842697143555,1.555582046508789,0.3948207497596741,0.0,0.3764641582965851,0.6324836015701294,0.9660401940345764,1.3213101625442505,1.5956302881240845,1.8774299621582031,1.7747997045516968,1.5608446598052979,1.308842658996582,0.9719895124435425,0.8110387325286865,0.5748969912528992,0.5181768536567688,1.346691608428955,1.2351638078689575,0.9633954763412476,0.9897506237030029,1.020492434501648,1.2437962293624878,1.556008219718933,1.583507776260376,1.2790989875793457,1.0080773830413818,0.6267427802085876,0.5638764500617981,0.510780394077301,0.6844430565834045,0.9626613855361938,2.0770184993743896,1.9724171161651611,1.6549371480941772,1.782785177230835,1.6179654598236084,1.810066819190979,1.885659098625183,1.835927128791809,1.5154390335083008,1.4843214750289917,1.4066170454025269,1.3304111957550049,1.5676754713058472,1.6056948900222778,1.9726823568344116,2.047372817993164,1.928164005279541,1.719818115234375,1.961490511894226,1.8341768980026245,2.0779943466186523,1.9732407331466675,2.2016897201538086,2.032215118408203,2.136622905731201,2.0714125633239746,1.807891845703125,2.026949882507324,1.91219162940979,2.232689619064331
B3,1.0976862907409668,0.880824863910675,0.7751143574714661,1.0216342210769653,1.0684621334075928,1.4198089838027954,1.528755784034729,1.7925724983215332,1.6996454000473022,1.653009057044983,1.513274073600769,1.1578179597854614,1.258553147315979,1.1005057096481323,1.2853182554244995,0.6917499303817749,0.3764641582965851,0.0,0.3874611258506775,0.6474696397781372,1.0335873365402222,1.3107508420944214,1.5547024011611938,1.4180240631103516,1.2190449237823486,0.973435640335083,0.617786169052124,0.560493528842926,0.44162532687187195,0.589595377445221,1.3814607858657837,1.2098511457443237,0.8736791610717773,0.9160162210464478,0.844659149646759,1.0889798402786255,1.341131567955017,1.3624264001846313,1.0450694561004639,0.8610358238220215,0.5575449466705322,0.4171220064163208,0.6028233170509338,0.7609657645225525,1.095559000968933,1.8774865865707397,1.7323086261749268,1.4106295108795166,1.5429389476776123,1.364201307296753,1.5757615566253662,1.623113751411438,1.627620816230774,1.3501505851745605,1.355807900428772,1.29884672164917,1.1595746278762817,1.430715560913086,1.4543098211288452,1.814383625984192,1.763012409210205,1.6017873287200928,1.3863273859024048,1.6119352579116821,1.4883922338485718,1.7396891117095947,1.6490070819854736,1.9100817441940308,1.7656817436218262,1.8483942747116089,1.7865760326385498,1.5067708492279053,1.7298539876937866,1.6258585453033447,1.928953766822815
B4,1.2518129348754883,0.9483687281608582,0.8485472798347473,0.9529688954353333,0.9598960876464844,1.2416666746139526,1.303521752357483,1.6144529581069946,1.603022575378418,1.5698288679122925,1.5044981241226196,1.196354866027832,1.3259037733078003,1.2486475706100464,1.3710808753967285,0.988924503326416,0.6324836015701294,0.3874611258506775,0.0,0.3791697919368744,0.6995171904563904,1.0141173601150513,1.2741488218307495,1.1942511796951294,0.9641134738922119,0.7860041856765747,0.5336869359016418,0.5263868570327759,0.6479950547218323,0.696994423866272,1.7181471586227417,1.4924557209014893,1.130275845527649,1.0591274499893188,0.855813205242157,0.9615663290023804,1.1553817987442017,1.0794601440429688,0.7198965549468994,0.5905899405479431,0.43985700607299805,0.5426058173179626,0.8381586074829102,1.092287540435791,1.388732671737671,2.142011880874634,1.9467066526412964,1.6119107007980347,1.689344048500061,1.4419405460357666,1.5814203023910522,1.5364450216293335,1.5043786764144897,1.2754257917404175,1.3926575183868408,1.4403479099273682,1.3421810865402222,1.6655285358428955,1.7309339046478271,2.074354887008667,1.9185495376586914,1.7030936479568481,1.4983315467834473,1.6656198501586914,1.508086085319519,1.7026276588439941,1.5454685688018799,1.8256409168243408,1.7593997716903687,1.8876724243164062,1.8935878276824951,1.6338592767715454,1.8839856386184692,1.8117742538452148,2.0785441398620605
B5,1.3861163854599,1.025083065032959,0.8170986175537109,0.7813252806663513,0.663509726524353,0.8896098732948303,0.9259610176086426,1.2370103597640991,1.2464619874954224,1.230605959892273,1.2280534505844116,0.9799730181694031,1.1811922788619995,1.216139554977417,1.3566914796829224,1.323878288269043,0.9660401940345764,0.6474696397781372,0.3791697919368744,0.0,0.40078815817832947,0.6823378801345825,0.9144271016120911,0.8362711071968079,0.6735939979553223,0.6249327659606934,0.46713879704475403,0.6917281150817871,0.9066135883331299,1.0438681840896606,1.8186452388763428,1.5415910482406616,1.1678166389465332,1.0739643573760986,0.7730208039283752,0.8329182863235474,0.9115258455276489,0.8265923261642456,0.4903357923030853,0.5562315583229065,0.6208207607269287,0.6652374267578125,1.0349093675613403,1.266951560974121,1.5542627573013306,2.059873342514038,1.8111542463302612,1.478360891342163,1.5126761198043823,1.233604073524475,1.344717264175415,1.2430739402770996,1.2570604085922241,1.1041162014007568,1.278336524963379,1.3753753900527954,1.2587929964065552,1.6041264533996582,1.6863206624984741,1.9963356256484985,1.820713758468628,1.5445863008499146,1.3185909986495972,1.4119116067886353,1.2207090854644775,1.3738210201263428,1.1971811056137085,1.4998670816421509,1.483399510383606,1.614148497581482,1.6616846323013306,1.4258027076721191,1.6962389945983887,1.6759049892425537,1.912298321723938
B6,1.668565034866333,1.2832752466201782,1.0996527671813965,0.9274008274078369,0.7533689737319946,0.7884396910667419,0.718518853187561,1.076650857925415,1.2077802419662476,1.2174561023712158,1.3203788995742798,1.171504020690918,1.3819419145584106,1.4904353618621826,1.5761070251464844,1.6864007711410522,1.3213101625442505,1.0335873365402222,0.6995171904563904,0.40078815817832947,0.0,0.382769376039505,0.6059672832489014,0.6596535444259644,0.5264294147491455,0.6937705874443054,0.74842369556427,0.9700615406036377,1.2537389993667603,1.3456748723983765,2.1883130073547363,1.8848330974578857,1.5158997774124146,1.365225076675415,1.0136462450027466,0.9195282459259033,0.8551554679870605,0.6188032031059265,0.31132572889328003,0.6240600347518921,0.8789375424385071,1.0171782970428467,1.3842525482177734,1.6463860273361206,1.90877366065979,2.3598504066467285,2.077566623687744,1.7554866075515747,1.7388981580734253,1.424038052558899,1.448814868927002,1.2413302659988403,1.2275254726409912,1.1773314476013184,1.4479209184646606,1.6260919570922852,1.5464740991592407,1.9051154851913452,2.012904167175293,2.2957379817962646,2.047093152999878,1.7345268726348877,1.5339196920394897,1.5511943101882935,1.3400717973709106,1.4026293754577637,1.1587631702423096,1.4632817506790161,1.5507676601409912,1.7168762683868408,1.8332178592681885,1.6382302045822144,1.913801670074463,1.928141713142395,2.117335557937622
B7,1.997399091720581,1.6102616786956787,1.3731746673583984,1.1664493083953857,0.8860011100769043,0.7782593965530396,0.5260814428329468,0.8187899589538574,1.0288212299346924,1.1406614780426025,1.3500066995620728,1.2858707904815674,1.560556411743164,1.7292065620422363,1.8503520488739014,1.9759153127670288,1.5956302881240845,1.3107508420944214,1.0141173601150513,0.6823378801345825,0.382769376039505,0.0,0.39301007986068726,0.6383925080299377,0.7216783165931702,0.9976526498794556,1.0566717386245728,1.3260917663574219,1.5853320360183716,1.6946948766708374,2.29160213470459,1.9486281871795654,1.601610541343689,1.403784155845642,1.027203917503357,0.8427522778511047,0.6252332925796509,0.3747248947620392,0.3838864266872406,0.7442807555198669,1.074618935585022,1.1887946128845215,1.5502636432647705,1.8114242553710938,2.031158924102783,2.416358709335327,2.091549873352051,1.7716861963272095,1.676774024963379,1.3312392234802246,1.2632532119750977,0.9817583560943604,0.9568979740142822,1.0131494998931885,1.3395562171936035,1.5815582275390625,1.5436469316482544,1.905641794204712,2.0604403018951416,2.3028624057769775,2.2101128101348877,1.8641021251678467,1.6292542219161987,1.5565775632858276,1.2834280729293823,1.23677659034729,0.9216999411582947,1.1812976598739624,1.3374236822128296,1.550157070159912,1.7430070638656616,1.6213163137435913,1.926655888557434,2.01342511177063,2.1877288818359375
B8,2.051844835281372,1.659198522567749,1.4180532693862915,1.1213343143463135,0.8314071297645569,0.5560042858123779,0.26711878180503845,0.5978065729141235,0.8743020296096802,0.9331688284873962,1.1991184949874878,1.2346903085708618,1.4879604578018188,1.7256700992584229,1.8102446794509888,2.237785577774048,1.8774299621582031,1.5547024011611938,1.2741488218307495,0.9144271016120911,0.6059672832489014,0.39301007986068726,0.0,0.3957163691520691,0.6197564005851746,0.9912571310997009,1.1580249071121216,1.4626820087432861,1.7627724409103394,1.9139577150344849,2.5235307216644287,2.1903867721557617,1.8487409353256226,1.7028708457946777,1.3331302404403687,1.1995174884796143,0.9386056065559387,0.7353805303573608,0.7509725689888,1.1195247173309326,1.4186369180679321,1.4889312982559204,1.8623018264770508,2.0837061405181885,2.328369379043579,2.449045181274414,2.1168923377990723,1.8433310985565186,1.764173150062561,1.4560173749923706,1.4092957973480225,1.101256251335144,1.1817203760147095,1.310856580734253,1.6161881685256958,1.833469271659851,1.742711067199707,2.0780208110809326,2.1918625831604004,2.403434991836548,2.1193134784698486,1.7538493871688843,1.5676599740982056,1.4422681331634521,1.2166388034820557,1.1394973993301392,0.8737232685089111,1.176227331161499,1.401718258857727,1.5500127077102661,1.7390278577804565,1.6203370094299316,1.8813929557800293,1.9729818105697632,2.0835020542144775
B9,1.7452787160873413,1.3623632192611694,1.1088255643844604,0.775009036064148,0.49601003527641296,0.18447917699813843,0.30245742201805115,0.6383785605430603,0.754250705242157,0.6601947546005249,0.8503968715667725,0.890228807926178,1.1114521026611328,1.374001145362854,1.4491784572601318,2.09916090965271,1.7747997045516968,1.4180240631103516,1.1942511796951294,0.8362711071968079,0.6596535444259644,0.6383925080299377,0.3957163691520691,0.0,0.3832973837852478,0.7239454388618469,0.9203590154647827,1.2548737525939941,1.5583807229995728,1.7665941715240479,2.3815510272979736,2.083569049835205,1.7424657344818115,1.6799241304397583,1.340362787246704,1.3239277601242065,1.135154366493225,1.0039803981781006,0.8987618088722229,1.2225427627563477,1.4303579330444336,1.4279885292053223,1.8023194074630737,1.9679471254348755,2.251537322998047,2.1775259971618652,1.8709126710891724,1.6290390491485596,1.6223558187484741,1.3721296787261963,1.432024359703064,1.1985362768173218,1.3660614490509033,1.4394595623016357,1.6733243465423584,1.8125313520431519,1.6442800760269165,1.9494401216506958,1.9974578619003296,2.211124897003174,1.7368569374084473,1.3742411136627197,1.2235296964645386,1.1288689374923706,0.98098224401474,1.010732889175415,0.8732990026473999,1.2442095279693604,1.4043834209442139,1.4595071077346802,1.564469337463379,1.3847746849060059,1.5963835716247559,1.6443073749542236,1.7342997789382935
B10,1.4754735231399536,1.0840309858322144,0.9096428155899048,0.5864361524581909,0.48900386691093445,0.47257131338119507,0.6467951536178589,1.0130821466445923,1.0959525108337402,0.9515294432640076,1.00452721118927,0.9207981824874878,1.0499154329299927,1.231742262840271,1.2452772855758667,1.8673230409622192,1.5608446598052979,1.2190449237823486,0.9641134738922119,0.6735939979553223,0.5264294147491455,0.7216783165931702,0.6197564005851746,0.3832973837852478,0.0,0.39483484625816345,0.6758843660354614,0.94916170835495,1.2917054891586304,1.4672927856445312,2.356172800064087,2.089958429336548,1.7286922931671143,1.6814731359481812,1.3567174673080444,1.3615714311599731,1.2596468925476074,1.0714983940124512,0.8325337171554565,1.1197961568832397,1.2826358079910278,1.3214125633239746,1.6896300315856934,1.8706825971603394,2.1821165084838867,2.2562973499298096,1.9934958219528198,1.737380027770996,1.7902051210403442,1.5461719036102295,1.6493250131607056,1.4528449773788452,1.5644792318344116,1.559775710105896,1.7829746007919312,1.8972419500350952,1.7224993705749512,2.035867929458618,2.0580127239227295,2.3170268535614014,1.7063941955566406,1.387412190437317,1.2797242403030396,1.2987629175186157,1.203191876411438,1.32112455368042,1.1939314603805542,1.5649991035461426,1.6734158992767334,1.7317845821380615,1.7859820127487183,1.5460662841796875,1.7386053800582886,1.7081589698791504,1.8220614194869995
B11,1.0864824056625366,0.6941569447517395,0.5799088478088379,0.34338968992233276,0.5073513984680176,0.7389228343963623,0.985039234161377,1.3251579999923706,1.3167046308517456,1.1257541179656982,1.0329747200012207,0.8256262540817261,0.8533428311347961,0.9312679171562195,0.9181361198425293,1.5661356449127197,1.308842658996582,0.973435640335083,0.7860041856765747,0.6249327659606934,0.6937705874443054,0.9976526498794556,0.9912571310997009,0.7239454388618469,0.39483484625816345,0.0,0.3772381544113159,0.5951871275901794,0.9448598027229309,1.1450166702270508,2.1691534519195557,1.954162359237671,1.5967546701431274,1.6136659383773804,1.3467936515808105,1.4397119283676147,1.4384868144989014,1.2925512790679932,0.9732101559638977,1.1473064422607422,1.1869820356369019,1.1872245073318481,1.521701693534851,1.6657383441925049,2.0069665908813477,2.112915515899658,1.9056715965270996,1.6567639112472534,1.7847774028778076,1.585742473602295,1.764101505279541,1.6437638998031616,1.754638671875,1.6701455116271973,1.8294036388397217,1.8753620386123657,1.6655397415161133,1.9540126323699951,1.9263066053390503,2.2158877849578857,1.49978768825531,1.2398954629898071,1.1649693250656128,1.3017148971557617,1.270054578781128,1.4874564409255981,1.418487787246704,1.7906575202941895,1.8200023174285889,1.8434866666793823,1.820970058441162,1.522444725036621,1.6786257028579712,1.5700745582580566,1.7133305072784424
B12,0.9454438090324402,0.571188747882843,0.3741937279701233,0.42852362990379333,0.5527894496917725,0.909121572971344,1.1182959079742432,1.4215813875198364,1.3488496541976929,1.2054733037948608,1.0625277757644653,0.7496160268783569,0.8168165683746338,0.7905675172805786,0.8948798775672913,1.2302701473236084,0.9719895124435425,0.617786169052124,0.5336869359016418,0.46713879704475403,0.74842369556427,1.0566717386245728,1.1580249071121216,0.9203590154647827,0.6758843660354614,0.3772381544113159,0.0,0.37599456310272217,0.6403153538703918,0.8921194076538086,1.8051139116287231,1.6041094064712524,1.2496702671051025,1.2977039813995361,1.0826082229614258,1.2538765668869019,1.3399068117141724,1.2739418745040894,0.9394820928573608,0.9954220056533813,0.9273762106895447,0.8578486442565918,1.1696768999099731,1.2919849157333374,1.638830304145813,1.8791860342025757,1.6910400390625,1.4142045974731445,1.5620968341827393,1.3777745962142944,1.5946228504180908,1.5463433265686035,1.6430494785308838,1.4881585836410522,1.5859296321868896,1.5842708349227905,1.3699122667312622,1.6512234210968018,1.62479829788208,1.9408831596374512,1.4385908842086792,1.2094829082489014,1.0631802082061768,1.2584161758422852,1.1976889371871948,1.458055019378662,1.3996353149414062,1.7432043552398682,1.6942822933197021,1.7228870391845703,1.6686956882476807,1.35657799243927,1.5370924472808838,1.4204822778701782,1.6358562707901
B13,0.7593263387680054,0.4497273564338684,0.5220049619674683,0.7054131031036377,0.9209468364715576,1.26189124584198,1.4616739749908447,1.784369707107544,1.7244529724121094,1.5744211673736572,1.4026261568069458,1.0707701444625854,1.0446351766586304,0.8901963233947754,0.9140692353248596,1.0036277770996094,0.8110387325286865,0.560493528842926,0.5263868570327759,0.6917281150817871,0.9700615406036377,1.3260917663574219,1.4626820087432861,1.2548737525939941,0.94916170835495,0.5951871275901794,0.37599456310272217,0.0,0.3770439028739929,0.5623976588249207,1.8534873723983765,1.7080614566802979,1.3700765371322632,1.4317433834075928,1.2731635570526123,1.4452743530273438,1.5932012796401978,1.50052011013031,1.1279455423355103,1.1011968851089478,0.946801483631134,0.9288238286972046,1.1623382568359375,1.2859946489334106,1.638986349105835,2.0678136348724365,1.934213638305664,1.6647599935531616,1.84413480758667,1.676081895828247,1.898743987083435,1.8701765537261963,1.921990156173706,1.722353458404541,1.801565170288086,1.7770241498947144,1.5830167531967163,1.84580659866333,1.8003993034362793,2.1410231590270996,1.5875657796859741,1.4340311288833618,1.3370288610458374,1.5864627361297607,1.5536125898361206,1.8278738260269165,1.7634638547897339,2.095646619796753,2.0275049209594727,2.064408779144287,1.9876190423965454,1.6619279384613037,1.817089557647705,1.6480222940444946,1.8730475902557373
