,A1,A2,A3,A4,A5,A6,A7,A8,A9,A10,A11,A12,A13,A14,A15,B1,B2,B3,B4,B5,B6,B7,B8,B9,B10,B11,B12,B13,B14,B15,C1,C2,C3,C4,C5,C6,C7,C8,C9,C10,C11,C12,C13,C14,C15,D1,D2,D3,D4,D5,D6,D7,D8,D9,D10,D11,D12,D13,D14,D15,E1,E2,E3,E4,E5,E6,E7,E8,E9,E10,E11,E12,E13,E14,E15
A1,0.0,0.39879778027534485,0.5717563629150391,0.8766551613807678,1.1529186964035034,1.3861474990844727,1.7355903387069702,1.841004490852356,2.179062843322754,2.342472791671753,2.682638645172119,2.894216537475586,3.2002460956573486,3.4354193210601807,3.678027868270874,1.3156445026397705,0.9953649044036865,1.1879926919937134,1.2003028392791748,1.30852210521698,1.604630947113037,1.8017020225524902,2.129520893096924,2.3747501373291016,2.6660404205322266,3.0114071369171143,3.1376070976257324,3.5032548904418945,3.6163368225097656,3.915349006652832,2.207834005355835,1.9061965942382812,1.9311504364013672,1.964516282081604,1.8436225652694702,2.14316725730896,2.1354973316192627,2.471526861190796,2.6846768856048584,2.9404749870300293,3.269761562347412,3.249290943145752,3.5994906425476074,3.6141421794891357,3.8615922927856445,2.6993634700775146,2.495300769805908,2.344848871231079,2.4559431076049805,2.1917011737823486,2.4921913146972656,2.3882575035095215,2.5748798847198486,2.814124345779419,2.9168810844421387,3.222961902618408,3.1272830963134766,3.4024417400360107,3.4333715438842773,3.549269199371338,2.184236526489258,2.216603994369507,1.9407007694244385,2.222876787185669,2.089266538619995,2.3204593658447266,2.3673250675201416,2.298506259918213,2.6358888149261475,2.5732593536376953,2.855937957763672,2.874025821685791,3.0836727619171143,3.2761104106903076,3.380110025405884
A2,0.39879778027534485,0.0,0.3770742416381836,0.5756990313529968,0.8736366629600525,1.1241693496704102,1.4612106084823608,1.6361198425292969,1.9543992280960083,2.166023015975952,2.5148351192474365,2.708698034286499,3.0389015674591064,3.2443387508392334,3.5072684288024902,1.4733375310897827,1.1263185739517212,1.1950931549072266,1.1942551136016846,1.1810424327850342,1.5027499198913574,1.6261234283447266,1.9702335596084595,2.210421323776245,2.495934247970581,2.8437695503234863,2.929009437561035,3.2960212230682373,3.3836469650268555,3.672551155090332,2.091956377029419,1.804306149482727,1.7570698261260986,1.8110361099243164,1.6354804039001465,1.949945092201233,1.921549677848816,2.225252151489258,2.4582579135894775,2.680586814880371,3.0124330520629883,2.9786083698272705,3.3185384273529053,3.3434433937072754,3.5723087787628174,2.3803939819335938,2.1948182582855225,2.0123326778411865,2.139082908630371,1.8707001209259033,2.1720662117004395,2.0857625007629395,2.244853973388672,2.5080204010009766,2.5951592922210693,2.9100799560546875,2.838766098022461,3.1156599521636963,3.178950786590576,3.301044225692749,1.8081204891204834,1.833678126335144,1.54804265499115,1.8308013677597046,1.714647889137268,1.9471683502197266,2.024226665496826,1.9652878046035767,2.3177590370178223,2.2818055152893066,2.583606719970703,2.634584665298462,2.8714656829833984,3.075773239135742,3.214900255203247
A3,0.5717563629150391,0.3770742416381836,0.0,0.39262786507606506,0.5852197408676147,0.8586288690567017,1.1806426048278809,1.3141155242919922,1.6569143533706665,1.8374594449996948,2.1915717124938965,2.3749821186065674,2.6972601413726807,2.908992290496826,3.158964157104492,1.2757400274276733,0.8972522616386414,0.8990698456764221,0.839317798614502,0.8102368116378784,1.1264609098434448,1.2693716287612915,1.6059025526046753,1.853880524635315,2.137239456176758,2.486201047897339,2.5894384384155273,2.9555187225341797,3.0611894130706787,3.3539021015167236,1.9546335935592651,1.6246064901351929,1.5600626468658447,1.5435696840286255,1.352535605430603,1.6336864233016968,1.5887755155563354,1.9155058860778809,2.127525806427002,2.3734192848205566,2.702002763748169,2.6808102130889893,3.031224012374878,3.056144952774048,3.306208372116089,2.371365785598755,2.1378488540649414,1.939452886581421,1.9972174167633057,1.6947404146194458,1.9635096788406372,1.8307983875274658,2.0151402950286865,2.2442197799682617,2.3538951873779297,2.662020206451416,2.5745503902435303,2.863760232925415,2.9026238918304443,3.0427169799804688,1.932816505432129,1.8892490863800049,1.565400242805481,1.7821033000946045,1.5931578874588013,1.804492473602295,1.8147943019866943,1.754457950592041,2.0862531661987305,2.0432403087615967,2.3402111530303955,2.3524413108825684,2.5894575119018555,2.7690436840057373,2.902937412261963
A4,0.8766551613807678,0.5756990313529968,0.39262786507606506,0.0,0.3843245506286621,0.5524418354034424,0.9007747173309326,1.090821385383606,1.3881860971450806,1.625688076019287,1.9722148180007935,2.1644644737243652,2.505265474319458,2.699077606201172,2.978515386581421,1.6211527585983276,1.238904595375061,1.1642816066741943,1.024612545967102,0.8620261549949646,1.1194539070129395,1.140697956085205,1.5130796432495117,1.7085015773773193,2.0086307525634766,2.3437752723693848,2.405333995819092,2.7746739387512207,2.8394405841827393,3.136138916015625,2.1353816986083984,1.8178691864013672,1.6749706268310547,1.6418678760528564,1.371239423751831,1.6207232475280762,1.498945713043213,1.788008451461792,1.9835290908813477,2.1924076080322266,2.5054683685302734,2.4411301612854004,2.7755720615386963,2.781771183013916,3.0090715885162354,2.31356143951416,2.1075568199157715,1.8513531684875488,1.9059631824493408,1.5761789083480835,1.8070117235183716,1.6533617973327637,1.7718605995178223,2.0055196285247803,2.066455125808716,2.364758253097534,2.2736685276031494,2.5447280406951904,2.603986978530884,2.726752758026123,1.7412694692611694,1.7029834985733032,1.3489632606506348,1.5284773111343384,1.3515503406524658,1.507833480834961,1.53631591796875,1.4284645318984985,1.7665420770645142,1.7108570337295532,2.009622812271118,2.0608444213867188,2.303898572921753,2.5126259326934814,2.666433811187744
A5,1.1529186964035034,0.8736366629600525,0.5852197408676147,0.3843245506286621,0.0,0.3856959939002991,0.6164753437042236,0.8321986794471741,1.1513053178787231,1.3756921291351318,1.737250566482544,1.8825832605361938,2.2287750244140625,2.402425527572632,2.6704306602478027,1.561814546585083,1.2075368165969849,1.0196620225906372,0.8702635169029236,0.5893659591674805,0.8439810872077942,0.8208326101303101,1.1705434322357178,1.3936767578125,1.6659327745437622,2.009747266769409,2.0659170150756836,2.4321744441986084,2.513174295425415,2.7990026473999023,1.9269911050796509,1.600860357284546,1.4144669771194458,1.3328102827072144,1.0287705659866333,1.2498068809509277,1.116201400756836,1.4060587882995605,1.6088167428970337,1.8247740268707275,2.146602153778076,2.108405590057373,2.4535114765167236,2.4850809574127197,2.729928493499756,2.157209634780884,1.9118691682815552,1.6467745304107666,1.633591651916504,1.2809991836547852,1.480468988418579,1.298229694366455,1.4518402814865112,1.6684128046035767,1.7697898149490356,2.0778377056121826,2.0007996559143066,2.3014976978302,2.35815691947937,2.521519660949707,1.7816176414489746,1.6587109565734863,1.2932164669036865,1.3932157754898071,1.1373355388641357,1.289904236793518,1.2494537830352783,1.1857340335845947,1.510036587715149,1.4929184913635254,1.8080790042877197,1.8267731666564941,2.0995402336120605,2.2711942195892334,2.4476253986358643
A6,1.3861474990844727,1.1241693496704102,0.8586288690567017,0.5524418354034424,0.3856959939002991,0.0,0.3870736360549927,0.5683992505073547,0.8376919031143188,1.0991393327713013,1.4423449039459229,1.6275203227996826,1.97653329372406,2.1596057415008545,2.4519202709198,1.8474478721618652,1.4829033613204956,1.3057526350021362,1.0600988864898682,0.7753938436508179,0.8633759617805481,0.7197305560112,1.103894591331482,1.2261637449264526,1.539408564567566,1.852560043334961,1.893274188041687,2.262852668762207,2.3088812828063965,2.616255044937134,2.2696588039398193,1.9403289556503296,1.7313153743743896,1.600905418395996,1.265474796295166,1.3962751626968384,1.1597459316253662,1.420946717262268,1.547922134399414,1.7464114427566528,2.0291597843170166,1.9335886240005493,2.2647438049316406,2.247659683227539,2.483271598815918,2.398698568344116,2.172311305999756,1.8695911169052124,1.8288462162017822,1.4561586380004883,1.5746617317199707,1.3292665481567383,1.4003686904907227,1.5681345462799072,1.6046059131622314,1.873375415802002,1.7477893829345703,2.0165834426879883,2.057462215423584,2.189291000366211,1.91334068775177,1.8067137002944946,1.426748514175415,1.4600920677185059,1.2098040580749512,1.2442959547042847,1.1693484783172607,0.99198317527771,1.2835839986801147,1.1925917863845825,1.4816921949386597,1.5110138654708862,1.7617018222808838,1.964003086090088,2.1323037147521973
A7,1.7355903387069702,1.4612106084823608,1.1806426048278809,0.9007747173309326,0.6164753437042236,0.3870736360549927,0.0,0.3940178155899048,0.585725724697113,0.8763440251350403,1.2175037860870361,1.3383971452713013,1.7040554285049438,1.84527587890625,2.1424527168273926,2.016730785369873,1.6889787912368774,1.4402095079421997,1.2068028450012207,0.8580496907234192,0.8568787574768066,0.5628460049629211,0.8791078329086304,0.9678983688354492,1.2433375120162964,1.5464141368865967,1.5456938743591309,1.9113667011260986,1.947243332862854,2.2439541816711426,2.247354745864868,1.936618685722351,1.6781184673309326,1.5103782415390015,1.1453850269317627,1.1937034130096436,0.8954216837882996,1.095771312713623,1.200636386871338,1.3719444274902344,1.6481159925460815,1.550577163696289,1.883820652961731,1.8846303224563599,2.1268117427825928,2.312495708465576,2.075705051422119,1.7565925121307373,1.6499139070510864,1.2701106071472168,1.3043493032455444,1.011877179145813,1.0576139688491821,1.1897644996643066,1.2359123229980469,1.5066523551940918,1.3943545818328857,1.689823865890503,1.7427228689193726,1.914994478225708,1.9647936820983887,1.7954833507537842,1.426118016242981,1.3557300567626953,1.0549888610839844,1.019652009010315,0.8529158234596252,0.6835286021232605,0.9418440461158752,0.8945322036743164,1.2065982818603516,1.220757246017456,1.516397476196289,1.6885662078857422,1.8994349241256714
A8,1.841004490852356,1.6361198425292969,1.3141155242919922,1.090821385383606,0.8321986794471741,0.5683992505073547,0.3940178155899048,0.0,0.3798428773880005,0.5449204444885254,0.9050797820091248,1.074947714805603,1.4155924320220947,1.6148357391357422,1.8950142860412598,1.994624376296997,1.6792500019073486,1.446272373199463,1.1376138925552368,0.8509714603424072,0.6801489591598511,0.36159735918045044,0.6750620007514954,0.682660698890686,1.0221102237701416,1.310374140739441,1.3779393434524536,1.747194766998291,1.8135837316513062,2.1400296688079834,2.4138197898864746,2.072512626647949,1.8514536619186401,1.6123104095458984,1.2851811647415161,1.248822569847107,0.9140737652778625,1.1571712493896484,1.1535255908966064,1.384340763092041,1.619832992553711,1.5218387842178345,1.862628698348999,1.8203585147857666,2.0982842445373535,2.6599855422973633,2.3966562747955322,2.0960943698883057,1.9490079879760742,1.570613980293274,1.565883755683899,1.2231624126434326,1.290073037147522,1.3168439865112305,1.3700249195098877,1.5773983001708984,1.3888128995895386,1.6631932258605957,1.6317384243011475,1.7949714660644531,2.3538262844085693,2.1881775856018066,1.8183467388153076,1.7438490390777588,1.4317076206207275,1.3707523345947266,1.1410104036331177,0.9425320625305176,1.082819938659668,0.9406357407569885,1.1659152507781982,1.076300859451294,1.3152830600738525,1.4599199295043945,1.6189771890640259
A9,2.179062843322754,1.9543992280960083,1.6569143533706665,1.3881860971450806,1.1513053178787231,0.8376919031143188,0.585725724697113,0.3798428773880005,0.0,0.3747695982456207,0.6552740335464478,0.8287434577941895,1.1845217943191528,1.3532315492630005,1.6708614826202393,2.3694217205047607,2.058568000793457,1.8197479248046875,1.5127005577087402,1.2235273122787476,1.026509404182434,0.6746474504470825,0.8470888733863831,0.6855451464653015,0.9892308712005615,1.1970176696777344,1.1971973180770874,1.551509976387024,1.5561530590057373,1.892804741859436,2.7044432163238525,2.38266921043396,2.13150691986084,1.8896654844284058,1.5499608516693115,1.4605529308319092,1.0855838060379028,1.2202891111373901,1.1351362466812134,1.2921315431594849,1.4599336385726929,1.2893695831298828,1.597198486328125,1.506598711013794,1.7680940628051758,2.8074610233306885,2.5684189796447754,2.2445902824401855,2.0795392990112305,1.7119908332824707,1.6323955059051514,1.273013710975647,1.2364506721496582,1.1926859617233276,1.1632384061813354,1.3048001527786255,1.0671178102493286,1.3075201511383057,1.267118215560913,1.4168623685836792,2.465707778930664,2.2981748580932617,1.940563678741455,1.802187442779541,1.5125428438186646,1.3526347875595093,1.0964974164962769,0.8269597887992859,0.8488019108772278,0.6280031204223633,0.7983842492103577,0.7041040062904358,0.9539543390274048,1.1275322437286377,1.3182363510131836
A10,2.342472791671753,2.166023015975952,1.8374594449996948,1.625688076019287,1.3756921291351318,1.0991393327713013,0.8763440251350403,0.5449204444885254,0.3747695982456207,0.0,0.36749744415283203,0.5703778862953186,0.8870206475257874,1.1213765144348145,1.4022884368896484,2.3680002689361572,2.090716600418091,1.8535301685333252,1.5247100591659546,1.2907129526138306,0.9960013031959534,0.699800968170166,0.7360357642173767,0.4505649209022522,0.7678206562995911,0.9341821670532227,1.0199166536331177,1.363075852394104,1.420592188835144,1.7735726833343506,2.7910897731781006,2.4553332328796387,2.23275089263916,1.9385087490081787,1.6419148445129395,1.483513355255127,1.1138606071472168,1.2623708248138428,1.0866557359695435,1.2943975925445557,1.4183214902877808,1.282482385635376,1.5913945436477661,1.4824028015136719,1.7853935956954956,3.058619976043701,2.7899296283721924,2.4890999794006348,2.28446888923645,1.924561619758606,1.8215010166168213,1.4403014183044434,1.4521311521530151,1.3313347101211548,1.3478562831878662,1.4361854791641235,1.16220223903656,1.3842345476150513,1.2493338584899902,1.4131875038146973,2.8124945163726807,2.6288421154022217,2.272221088409424,2.1321098804473877,1.8177931308746338,1.6734176874160767,1.3749860525131226,1.155585527420044,1.1108285188674927,0.8988670706748962,0.9621586799621582,0.7216169834136963,0.8825348019599915,0.9609706401824951,1.0907400846481323
A11,2.682638645172119,2.5148351192474365,2.1915717124938965,1.9722148180007935,1.737250566482544,1.4423449039459229,1.2175037860870361,0.9050797820091248,0.6552740335464478,0.36749744415283203,0.0,0.3684997856616974,0.6007131338119507,0.8654232025146484,1.1527549028396606,2.6915712356567383,2.426058769226074,2.196244239807129,1.8603003025054932,1.6478471755981445,1.3314985036849976,1.0580289363861084,1.0232553482055664,0.6655656695365906,0.8668224215507507,0.8841313719749451,0.9540936350822449,1.2374646663665771,1.258592963218689,1.6221882104873657,3.1196393966674805,2.7896265983581543,2.5649948120117188,2.257040500640869,1.972223162651062,1.775592565536499,1.4067631959915161,1.4957726001739502,1.2468476295471191,1.4038525819778442,1.434641718864441,1.2589877843856812,1.5100581645965576,1.3341748714447021,1.6314533948898315,3.3616392612457275,3.0999555587768555,2.7947983741760254,2.5729846954345703,2.225569486618042,2.0795633792877197,1.6962968111038208,1.6624571084976196,1.4753659963607788,1.445425033569336,1.4404494762420654,1.116135597229004,1.257873773574829,1.0391011238098145,1.172017216682434,3.110846996307373,2.928061008453369,2.5793216228485107,2.4101202487945557,2.1089906692504883,1.919669270515442,1.6112886667251587,1.3766796588897705,1.2403453588485718,0.9945434331893921,0.9197080731391907,0.5977410674095154,0.618354856967926,0.6406406760215759,0.7250992655754089
A12,2.894216537475586,2.708698034286499,2.3749821186065674,2.1644644737243652,1.8825832605361938,1.6275203227996826,1.3383971452713013,1.074947714805603,0.8287434577941895,0.5703778862953186,0.3684997856616974,0.0,0.37571999430656433,0.5510768890380859,0.8477451205253601,2.7941181659698486,2.559645414352417,2.2903757095336914,1.9919676780700684,1.7564743757247925,1.4429948329925537,1.1526697874069214,1.0040137767791748,0.6344190239906311,0.6652531623840332,0.5824196934700012,0.5986518859863281,0.8692691922187805,0.9084120392799377,1.2695716619491577,3.0652248859405518,2.7606427669525146,2.519338846206665,2.200092077255249,1.9325995445251465,1.6806695461273193,1.3239904642105103,1.330928087234497,1.0219805240631104,1.138759732246399,1.1136763095855713,0.962652862071991,1.2087912559509277,1.0643460750579834,1.3965418338775635,3.295255661010742,3.0273597240448,2.7353339195251465,2.4734318256378174,2.1536309719085693,1.9549442529678345,1.576340675354004,1.541590690612793,1.2876819372177124,1.2921489477157593,1.2525750398635864,0.956950306892395,1.1279772520065308,0.9014919400215149,1.129190444946289,3.1770575046539307,2.9558913707733154,2.6277451515197754,2.417792558670044,2.1035525798797607,1.9043350219726562,1.5586974620819092,1.3931087255477905,1.1956775188446045,1.0400148630142212,0.9644681811332703,0.6073987483978271,0.6928005814552307,0.5485893487930298,0.7287493348121643
A13,3.2002460956573486,3.0389015674591064,2.6972601413726807,2.505265474319458,2.2287750244140625,1.97653329372406,1.7040554285049438,1.4155924320220947,1.1845217943191528,0.8870206475257874,0.6007131338119507,0.37571999430656433,0.0,0.3656412661075592,0.5650697946548462,3.024156332015991,2.813951015472412,2.555006742477417,2.2519352436065674,2.0536255836486816,1.7121710777282715,1.4674434661865234,1.2753429412841797,0.9100685119628906,0.85953289270401,0.6269830465316772,0.6988859176635742,0.8225382566452026,0.883598804473877,1.221208930015564,3.3373425006866455,3.033052444458008,2.809710741043091,2.4693868160247803,2.2336795330047607,1.9510782957077026,1.620807409286499,1.6153955459594727,1.2693113088607788,1.372428059577942,1.2704648971557617,1.147489070892334,1.3200982809066772,1.1425738334655762,1.4646943807601929,3.6341142654418945,3.357987403869629,3.077781915664673,2.7978439331054688,2.491111993789673,2.2761194705963135,1.9033575057983398,1.874950885772705,1.5874308347702026,1.5932217836380005,1.4951298236846924,1.200286865234375,1.2949528694152832,0.9949758648872375,1.1870313882827759,3.551717758178711,3.3268074989318848,3.001526355743408,2.785738229751587,2.4703545570373535,2.2673239707946777,1.9164602756500244,1.7600666284561157,1.5369457006454468,1.3785375356674194,1.2398475408554077,0.8762797713279724,0.8172169327735901,0.5338132381439209,0.5666103363037109
A14,3.4354193210601807,3.2443387508392334,2.908992290496826,2.699077606201172,2.402425527572632,2.1596057415008545,1.84527587890625,1.6148357391357422,1.3532315492630005,1.1213765144348145,0.8654232025146484,0.5510768890380859,0.3656412661075592,0.0,0.3672277629375458,3.2544822692871094,3.0510318279266357,2.7651875019073486,2.4895429611206055,2.2575325965881348,1.9421077966690063,1.6645337343215942,1.4474925994873047,1.1064889430999756,0.9671121835708618,0.6751992106437683,0.5743072628974915,0.5673745274543762,0.5452008247375488,0.8708070516586304,3.4100592136383057,3.1357944011688232,2.886305332183838,2.5593724250793457,2.3224260807037354,2.020359754562378,1.7007791996002197,1.6091444492340088,1.246731162071228,1.2535954713821411,1.0642009973526,0.9280137419700623,1.0253382921218872,0.8489323258399963,1.1690384149551392,3.6024370193481445,3.3416543006896973,3.0631275177001953,2.7650704383850098,2.4884541034698486,2.2267508506774902,1.8775125741958618,1.808695912361145,1.4772387742996216,1.4673718214035034,1.3085731267929077,1.053792119026184,1.1211388111114502,0.8336167335510254,1.0830825567245483,3.582890748977661,3.337890863418579,3.037081003189087,2.781381607055664,2.478797435760498,2.248150587081909,1.8923803567886353,1.7740345001220703,1.495801568031311,1.39915132522583,1.2407398223876953,0.9114611744880676,0.8901752829551697,0.5525891780853271,0.7045008540153503
A15,3.678027868270874,3.5072684288024902,3.158964157104492,2.978515386581421,2.6704306602478027,2.4519202709198,2.1424527168273926,1.8950142860412598,1.6708614826202393,1.4022884368896484,1.1527549028396606,0.8477451205253601,0.5650697946548462,0.3672277629375458,0.0,3.3819661140441895,3.2135307788848877,2.9267818927764893,2.6647486686706543,2.4620413780212402,2.130857467651367,1.8953062295913696,1.6268889904022217,1.31201171875,1.10658597946167,0.7530547380447388,0.734787106513977,0.5694177746772766,0.6624544858932495,0.8774959444999695,3.532931089401245,3.2665889263153076,3.0378568172454834,2.6919291019439697,2.4966533184051514,2.1632707118988037,1.8833457231521606,1.785437822341919,1.4066935777664185,1.4249451160430908,1.2030143737792969,1.1565760374069214,1.2153117656707764,1.0894051790237427,1.3886828422546387,3.824660301208496,3.5474801063537598,3.292776346206665,2.971463918685913,2.713888168334961,2.443978786468506,2.1059608459472656,2.074312210083008,1.7282283306121826,1.7624529600143433,1.6015045642852783,1.3861016035079956,1.446162223815918,1.161012053489685,1.3919589519500732,3.8937647342681885,3.6331863403320312,3.3374226093292236,3.0817489624023438,2.7664899826049805,2.555800676345825,2.1889073848724365,2.1041224002838135,1.8327771425247192,1.757677435874939,1.6077431440353394,1.2770802974700928,1.231602430343628,0.878012478351593,0.9240164756774902
B1,1.3156445026397705,1.4733375310897827,1.2757400274276733,1.6211527585983276,1.561814546585083,1.8474478721618652,2.016730785369873,1.994624376296997,2.3694217205047607,2.3680002689361572,2.6915712356567383,2.7941181659698486,3.024156332015991,3.2544822692871094,3.3819661140441895,0.0,0.3966606855392456,0.588762640953064,0.863118588924408,1.1705125570297241,1.3759442567825317,1.731027364730835,1.8378140926361084,2.169260263442993,2.329918384552002,2.6606271266937256,2.877553939819336,3.188854217529297,3.4203667640686035,3.6762614250183105,1.5691431760787964,1.2291789054870605,1.4452275037765503,1.3598957061767578,1.4857796430587769,1.677852749824524,1.8379933834075928,2.1927597522735596,2.379368782043457,2.7067794799804688,3.030546188354492,3.1455750465393066,3.5177419185638428,3.598602771759033,3.9163239002227783,2.821491241455078,2.4875600337982178,2.4487223625183105,2.4008874893188477,2.1877312660217285,2.435441732406616,2.318654775619507,2.6498026847839355,2.7940571308135986,3.035754919052124,3.3332343101501465,3.2517035007476807,3.5838706493377686,3.5494823455810547,3.757246971130371,2.927446126937866,2.79060435295105,2.526362657546997,2.698521137237549,2.4296674728393555,2.68679141998291,2.58111310005188,2.6274032592773438,2.886765718460083,2.8803365230560303,3.1497950553894043,3.031031608581543,3.247096061706543,3.3014824390411377,3.382974624633789
B2,0.9953649044036865,1.1263185739517212,0.8972522616386414,1.238904595375061,1.2075368165969849,1.4829033613204956,1.6889787912368774,1.6792500019073486,2.058568000793457,2.090716600418091,2.426058769226074,2.559645414352417,2.813951015472412,3.0510318279266357,3.2135307788848877,0.3966606855392456,0.0,0.37956374883651733,0.5688132643699646,0.875216543674469,1.1174818277359009,1.4566060304641724,1.6330945491790771,1.948164463043213,2.156482219696045,2.498561382293701,2.6960983276367188,3.0294787883758545,3.2302582263946533,3.505394697189331,1.6669602394104004,1.2978980541229248,1.420912504196167,1.3276207447052002,1.3489453792572021,1.565644383430481,1.6576671600341797,2.02836012840271,2.2138376235961914,2.533984661102295,2.860464096069336,2.9351511001586914,3.3074536323547363,3.3655152320861816,3.67155385017395,2.701922655105591,2.3851215839385986,2.2920682430267334,2.2615413665771484,2.0065701007843018,2.256452798843384,2.115617513656616,2.413961887359619,2.572141408920288,2.780048370361328,3.0775701999664307,2.9823689460754395,3.303114414215088,3.2777881622314453,3.4656121730804443,2.6546661853790283,2.538329601287842,2.247868061065674,2.4244470596313477,2.1623034477233887,2.4009382724761963,2.30995512008667,2.3192596435546875,2.592643976211548,2.565103530883789,2.8366761207580566,2.7412753105163574,2.956794500350952,3.043632984161377,3.1314034461975098
B3,1.1879926919937134,1.1950931549072266,0.8990698456764221,1.1642816066741943,1.0196620225906372,1.3057526350021362,1.4402095079421997,1.446272373199463,1.8197479248046875,1.8535301685333252,2.196244239807129,2.2903757095336914,2.555006742477417,2.7651875019073486,2.9267818927764893,0.588762640953064,0.37956374883651733,0.0,0.39558473229408264,0.5998228788375854,0.865578830242157,1.1823382377624512,1.323555827140808,1.6652553081512451,1.8442140817642212,2.193950891494751,2.3739511966705322,2.7031872272491455,2.9062328338623047,3.1677019596099854,1.4450592994689941,1.0523872375488281,1.1145321130752563,0.9725155830383301,0.979194700717926,1.186468482017517,1.2953686714172363,1.6590410470962524,1.8576164245605469,2.17291522026062,2.504629611968994,2.5960795879364014,2.968017339706421,3.047121524810791,3.3544931411743164,2.4541854858398438,2.117217779159546,2.0117671489715576,1.9389886856079102,1.6776692867279053,1.9055887460708618,1.7601364850997925,2.075542688369751,2.2245967388153076,2.4535930156707764,2.7546205520629883,2.67899751663208,3.013942241668701,2.9994359016418457,3.2121400833129883,2.50382137298584,2.34017014503479,2.045186996459961,2.175543785095215,1.8835421800613403,2.1165969371795654,1.9978501796722412,2.0400919914245605,2.299609899520874,2.303863048553467,2.584749698638916,2.4830965995788574,2.7233119010925293,2.7912251949310303,2.906909942626953
B4,1.2003028392791748,1.1942551136016846,0.839317798614502,1.024612545967102,0.8702635169029236,1.0600988864898682,1.2068028450012207,1.1376138925552368,1.5127005577087402,1.5247100591659546,1.8603003025054932,1.9919676780700684,2.2519352436065674,2.4895429611206055,2.6647486686706543,0.863118588924408,0.5688132643699646,0.39558473229408264,0.0,0.3820704519748688,0.5507180094718933,0.8996646404266357,1.088505506515503,1.3860478401184082,1.6174709796905518,1.9592854976654053,2.1534924507141113,2.4950246810913086,2.6840641498565674,2.972552537918091,1.784345269203186,1.3875199556350708,1.3765430450439453,1.1681503057479858,1.0697931051254272,1.2027411460876465,1.1929250955581665,1.5809355974197388,1.7182413339614868,2.047393321990967,2.3567891120910645,2.408407211303711,2.7801108360290527,2.8180665969848633,3.128939390182495,2.6416194438934326,2.3149328231811523,2.1519522666931152,2.0581843852996826,1.7459230422973633,1.9244873523712158,1.709426999092102,1.9837419986724854,2.0974318981170654,2.2909634113311768,2.5654306411743164,2.4451475143432617,2.759481906890869,2.7179677486419678,2.9078710079193115,2.5546810626983643,2.4038171768188477,2.071000337600708,2.1690967082977295,1.862312912940979,2.032505512237549,1.8832061290740967,1.8581422567367554,2.09523606300354,2.046643018722534,2.3004000186920166,2.1837661266326904,2.396056652069092,2.475299596786499,2.5683462619781494
B5,1.30852210521698,1.1810424327850342,0.8102368116378784,0.8620261549949646,0.5893659591674805,0.7753938436508179,0.8580496907234192,0.8509714603424072,1.2235273122787476,1.2907129526138306,1.6478471755981445,1.7564743757247925,2.0536255836486816,2.2575325965881348,2.4620413780212402,1.1705125570297241,0.875216543674469,0.5998228788375854,0.3820704519748688,0.0,0.3863409161567688,0.6103490591049194,0.8484293818473816,1.157348871231079,1.3921489715576172,1.7487428188323975,1.8929630517959595,2.2456042766571045,2.406820774078369,2.6903557777404785,1.7315597534179688,1.3516312837600708,1.2373356819152832,1.0249276161193848,0.8150687217712402,0.9520081281661987,0.8830897808074951,1.2611955404281616,1.422987699508667,1.7270448207855225,2.047400951385498,2.0837960243225098,2.4536590576171875,2.5023937225341797,2.800759792327881,2.383424997329712,2.0654640197753906,1.8631434440612793,1.754382610321045,1.417702317237854,1.5761239528656006,1.3478785753250122,1.6069533824920654,1.7345623970031738,1.9217491149902344,2.2079265117645264,2.1074821949005127,2.4316039085388184,2.4204368591308594,2.6228225231170654,2.2871005535125732,2.111445188522339,1.768903374671936,1.8269448280334473,1.505293846130371,1.658001184463501,1.5011398792266846,1.4868388175964355,1.7309095859527588,1.709870457649231,1.9862977266311646,1.8944953680038452,2.1428871154785156,2.233323097229004,2.3700408935546875
B6,1.604630947113037,1.5027499198913574,1.1264609098434448,1.1194539070129395,0.8439810872077942,0.8633759617805481,0.8568787574768066,0.6801489591598511,1.026509404182434,0.9960013031959534,1.3314985036849976,1.4429948329925537,1.7121710777282715,1.9421077966690063,2.130857467651367,1.3759442567825317,1.1174818277359009,0.865578830242157,0.5507180094718933,0.3863409161567688,0.0,0.38673698902130127,0.5687922835350037,0.8379035592079163,1.0952516794204712,1.4352060556411743,1.6207324266433716,1.9694113731384277,2.1459128856658936,2.4460976123809814,1.9954328536987305,1.6152029037475586,1.4931927919387817,1.2032804489135742,0.9961533546447754,0.9807706475257874,0.8159206509590149,1.1953394412994385,1.25321364402771,1.5873337984085083,1.8684260845184326,1.896343469619751,2.2652230262756348,2.2843480110168457,2.6026439666748047,2.6602234840393066,2.335324764251709,2.116868495941162,1.954911708831787,1.6066012382507324,1.6811498403549194,1.3847193717956543,1.6187916994094849,1.6627126932144165,1.8414400815963745,2.0816524028778076,1.9348419904708862,2.2441022396087646,2.182844400405884,2.3842403888702393,2.570540189743042,2.383457660675049,2.030123233795166,2.0302858352661133,1.6869312524795532,1.7642055749893188,1.5386810302734375,1.4801597595214844,1.6518703699111938,1.5856250524520874,1.8123139142990112,1.661017894744873,1.8751647472381592,1.9341137409210205,2.041773557662964
B7,1.8017020225524902,1.6261234283447266,1.2693716287612915,1.140697956085205,0.8208326101303101,0.7197305560112,0.5628460049629211,0.36159735918045044,0.6746474504470825,0.699800968170166,1.0580289363861084,1.1526697874069214,1.4674434661865234,1.6645337343215942,1.8953062295913696,1.731027364730835,1.4566060304641724,1.1823382377624512,0.8996646404266357,0.6103490591049194,0.38673698902130127,0.0,0.3943342864513397,0.5878850221633911,0.8805087804794312,1.2197932004928589,1.3410643339157104,1.705849289894104,1.838722586631775,2.145310401916504,2.1325113773345947,1.781578779220581,1.5826797485351562,1.3044676780700684,1.0133692026138306,0.9487648010253906,0.651979386806488,0.9731128811836243,1.0006728172302246,1.29790461063385,1.5690785646438599,1.5542550086975098,1.9188934564590454,1.9285788536071777,2.2354848384857178,2.566317081451416,2.2643985748291016,2.0023281574249268,1.8223806619644165,1.4559290409088135,1.4675623178482056,1.130290150642395,1.3029699325561523,1.3256280422210693,1.4726394414901733,1.7046531438827515,1.5540741682052612,1.8652199506759644,1.823693037033081,2.0319342613220215,2.431995391845703,2.2314224243164062,1.8734102249145508,1.8119696378707886,1.4639819860458374,1.4725338220596313,1.2156659364700317,1.127422571182251,1.2713723182678223,1.2064539194107056,1.4401192665100098,1.3034547567367554,1.5504783391952515,1.6253184080123901,1.7779477834701538
B8,2.129520893096924,1.9702335596084595,1.6059025526046753,1.5130796432495117,1.1705434322357178,1.103894591331482,0.8791078329086304,0.6750620007514954,0.8470888733863831,0.7360357642173767,1.0232553482055664,1.0040137767791748,1.2753429412841797,1.4474925994873047,1.6268889904022217,1.8378140926361084,1.6330945491790771,1.323555827140808,1.088505506515503,0.8484293818473816,0.5687922835350037,0.3943342864513397,0.0,0.3780481815338135,0.5438855886459351,0.9012055993080139,1.0654255151748657,1.4098398685455322,1.5994969606399536,1.8867789506912231,2.121742010116577,1.788114309310913,1.5902541875839233,1.252258539199829,1.0175154209136963,0.8060047626495361,0.5059033632278442,0.7863007187843323,0.7229058742523193,1.0705434083938599,1.3211630582809448,1.3727877140045166,1.7408300638198853,1.7816400527954102,2.1171438694000244,2.6520774364471436,2.3260507583618164,2.090583562850952,1.844197392463684,1.5096200704574585,1.45053231716156,1.0970416069030762,1.305417776107788,1.2390649318695068,1.4464788436889648,1.6459579467773438,1.507480502128601,1.831524133682251,1.7587683200836182,2.0125348567962646,2.6904983520507812,2.4482359886169434,2.112659215927124,2.004567861557007,1.634734869003296,1.627773404121399,1.310240387916565,1.2872856855392456,1.345094919204712,1.3229241371154785,1.5153822898864746,1.3096306324005127,1.5500144958496094,1.5353590250015259,1.6894139051437378
B9,2.3747501373291016,2.210421323776245,1.853880524635315,1.7085015773773193,1.3936767578125,1.2261637449264526,0.9678983688354492,0.682660698890686,0.6855451464653015,0.4505649209022522,0.6655656695365906,0.6344190239906311,0.9100685119628906,1.1064889430999756,1.31201171875,2.169260263442993,1.948164463043213,1.6652553081512451,1.3860478401184082,1.157348871231079,0.8379035592079163,0.5878850221633911,0.3780481815338135,0.0,0.3721626102924347,0.6537460684776306,0.821800708770752,1.1732864379882812,1.3332927227020264,1.654261589050293,2.4894015789031982,2.1628339290618896,1.9515117406845093,1.6186549663543701,1.3688992261886597,1.1381350755691528,0.7973999977111816,0.9559624195098877,0.7534897327423096,1.0457278490066528,1.207946538925171,1.1912614107131958,1.5378444194793701,1.5172635316848755,1.858898639678955,2.910367250442505,2.6053273677825928,2.343045711517334,2.0906789302825928,1.753258466720581,1.636456847190857,1.2554987668991089,1.366390585899353,1.220323085784912,1.357833981513977,1.4824970960617065,1.2793323993682861,1.564648151397705,1.4413657188415527,1.6824431419372559,2.868450880050659,2.6376848220825195,2.296675682067871,2.150657892227173,1.796614170074463,1.7087750434875488,1.368641972541809,1.2722004652023315,1.2386611700057983,1.151467204093933,1.265689492225647,1.0040618181228638,1.2048929929733276,1.1677972078323364,1.3118627071380615
B10,2.6660404205322266,2.495934247970581,2.137239456176758,2.0086307525634766,1.6659327745437622,1.539408564567566,1.2433375120162964,1.0221102237701416,0.9892308712005615,0.7678206562995911,0.8668224215507507,0.6652531623840332,0.85953289270401,0.9671121835708618,1.10658597946167,2.329918384552002,2.156482219696045,1.8442140817642212,1.6174709796905518,1.3921489715576172,1.0952516794204712,0.8805087804794312,0.5438855886459351,0.3721626102924347,0.0,0.3634490966796875,0.5624227523803711,0.8820605278015137,1.1094619035720825,1.3927956819534302,2.485383987426758,2.1908600330352783,1.9719436168670654,1.621614694595337,1.4158357381820679,1.1042388677597046,0.8126803040504456,0.8518840670585632,0.5457983016967773,0.8354360461235046,0.9525353908538818,1.0213065147399902,1.3577582836151123,1.3908393383026123,1.7495900392532349,2.9286048412323,2.613461971282959,2.374964475631714,2.074953556060791,1.777939796447754,1.6027861833572388,1.2374863624572754,1.3637501001358032,1.1463160514831543,1.3382285833358765,1.4310952425003052,1.2735053300857544,1.567615270614624,1.440300464630127,1.731304407119751,3.03730845451355,2.7704238891601562,2.4551987648010254,2.271775245666504,1.9097226858139038,1.817323923110962,1.4477125406265259,1.4269160032272339,1.3353900909423828,1.3208469152450562,1.4114656448364258,1.1283131837844849,1.3299397230148315,1.200360894203186,1.365586757659912
B11,3.0114071369171143,2.8437695503234863,2.486201047897339,2.3437752723693848,2.009747266769409,1.852560043334961,1.5464141368865967,1.310374140739441,1.1970176696777344,0.9341821670532227,0.8841313719749451,0.5824196934700012,0.6269830465316772,0.6751992106437683,0.7530547380447388,2.6606271266937256,2.498561382293701,2.193950891494751,1.9592854976654053,1.7487428188323975,1.4352060556411743,1.2197932004928589,0.9012055993080139,0.6537460684776306,0.3634490966796875,0.0,0.36393916606903076,0.5916789174079895,0.8552191257476807,1.1365077495574951,2.80088472366333,2.520920515060425,2.301665782928467,1.9488133192062378,1.7589752674102783,1.4272180795669556,1.1541731357574463,1.1177419424057007,0.7530773282051086,0.9282389879226685,0.900454044342041,0.9570341110229492,1.2279630899429321,1.2289150953292847,1.5933103561401367,3.209055185317993,2.903106689453125,2.6640191078186035,2.347385883331299,2.070542335510254,1.8512377738952637,1.49604070186615,1.5672760009765625,1.2821420431137085,1.4322887659072876,1.4347028732299805,1.2556592226028442,1.4928631782531738,1.3100162744522095,1.6048961877822876,3.3303356170654297,3.059540033340454,2.752880811691284,2.539580821990967,2.189786911010742,2.054779052734375,1.6765048503875732,1.6407663822174072,1.4729070663452148,1.4429261684417725,1.4494229555130005,1.1262710094451904,1.2588398456573486,1.0388075113296509,1.1818349361419678
B12,3.1376070976257324,2.929009437561035,2.5894384384155273,2.405333995819092,2.0659170150756836,1.893274188041687,1.5456938743591309,1.3779393434524536,1.1971973180770874,1.0199166536331177,0.9540936350822449,0.5986518859863281,0.6988859176635742,0.5743072628974915,0.734787106513977,2.877553939819336,2.6960983276367188,2.3739511966705322,2.1534924507141113,1.8929630517959595,1.6207324266433716,1.3410643339157104,1.0654255151748657,0.821800708770752,0.5624227523803711,0.36393916606903076,0.0,0.3709195554256439,0.5483950972557068,0.8393391370773315,2.8701772689819336,2.618145227432251,2.357459545135498,2.038094997406006,1.8153568506240845,1.4938586950302124,1.2036043405532837,1.0626579523086548,0.6904574632644653,0.7134924530982971,0.5953660607337952,0.6051793098449707,0.8643195629119873,0.8903666734695435,1.2535622119903564,3.0917913913726807,2.8141183853149414,2.558424234390259,2.2383556365966797,1.9799538850784302,1.7118866443634033,1.3724894523620605,1.3683903217315674,1.0365062952041626,1.1518794298171997,1.1088608503341675,0.9625914096832275,1.2026402950286865,1.0642327070236206,1.3976010084152222,3.211475133895874,2.93194580078125,2.6457033157348633,2.390432357788086,2.062500238418579,1.882238745689392,1.5038630962371826,1.484046220779419,1.2567561864852905,1.2760446071624756,1.2681097984313965,0.9832038283348083,1.1602895259857178,0.9419462084770203,1.1767981052398682
B13,3.5032548904418945,3.2960212230682373,2.9555187225341797,2.7746739387512207,2.4321744441986084,2.262852668762207,1.9113667011260986,1.747194766998291,1.551509976387024,1.363075852394104,1.2374646663665771,0.8692691922187805,0.8225382566452026,0.5673745274543762,0.5694177746772766,3.188854217529297,3.0294787883758545,2.7031872272491455,2.4950246810913086,2.2456042766571045,1.9694113731384277,1.705849289894104,1.4098398685455322,1.1732864379882812,0.8820605278015137,0.5916789174079895,0.3709195554256439,0.0,0.3633743226528168,0.5560245513916016,3.1166398525238037,2.887769937515259,2.6299936771392822,2.3099279403686523,2.1167640686035156,1.7735952138900757,1.522869348526001,1.336910367012024,0.9692999720573425,0.9098381400108337,0.6547331809997559,0.7102819681167603,0.8193650245666504,0.8619084358215332,1.1969013214111328,3.325951337814331,3.0542073249816895,2.8141961097717285,2.4747490882873535,2.2519218921661377,1.9520503282546997,1.6467806100845337,1.6242034435272217,1.262022852897644,1.3619264364242554,1.2445906400680542,1.1361722946166992,1.3046720027923584,1.146708607673645,1.47646963596344,3.5144383907318115,3.2223503589630127,2.9552204608917236,2.6773178577423096,2.3611340522766113,2.1672303676605225,1.793757438659668,1.7955873012542725,1.5312448740005493,1.5676449537277222,1.5100775957107544,1.2321105003356934,1.3482425212860107,1.0638923645019531,1.2684208154678345
