,A1,A2,A3,A4,A5,A6,A7,A8,A9,A10,A11,A12,A13,A14,A15,B1,B2,B3,B4,B5,B6,B7,B8,B9,B10,B11,B12,B13,B14,B15,C1,C2,C3,C4,C5,C6,C7,C8,C9,C10,C11,C12,C13,C14,C15,D1,D2,D3,D4,D5,D6,D7,D8,D9,D10,D11,D12,D13,D14,D15,E1,E2,E3,E4,E5,E6,E7,E8,E9,E10,E11,E12,E13,E14,E15
A1,0.0,0.4015052318572998,0.5866841673851013,0.7569735646247864,1.0554835796356201,1.3586074113845825,1.6004488468170166,1.955313801765442,1.8833692073822021,1.8324331045150757,1.5743060111999512,1.253226637840271,1.0898717641830444,0.903961181640625,0.8061701655387878,2.414184093475342,2.0702455043792725,2.007978677749634,2.2417409420013428,2.2593584060668945,2.517307758331299,2.725799798965454,2.737062454223633,2.4866185188293457,2.170542001724243,1.9943171739578247,1.830792784690857,1.7965036630630493,1.6674103736877441,1.8905227184295654,1.826901912689209,1.7680913209915161,1.4092375040054321,1.4241464138031006,1.1021863222122192,1.2371656894683838,1.0723499059677124,1.140820860862732,1.2643036842346191,1.0035682916641235,1.207344889640808,1.1138246059417725,1.4635511636734009,1.5346603393554688,1.8476778268814087,2.49334716796875,2.1558170318603516,1.9263888597488403,1.9883168935775757,1.8474640846252441,1.9596484899520874,2.0693535804748535,1.9527393579483032,1.707700252532959,1.3820295333862305,1.3558634519577026,1.3965990543365479,1.543418526649475,1.6071410179138184,1.8989005088806152,0.6739059090614319,0.5802289247512817,0.918624997138977,1.2051464319229126,1.512914776802063,1.8458927869796753,2.1245672702789307,2.4264116287231445,2.2816078662872314,2.14790415763855,1.8629916906356812,1.5161324739456177,1.2901065349578857,0.9660016894340515,0.8282520174980164
A2,0.4015052318572998,0.0,0.3809604048728943,0.6419036984443665,0.9596474170684814,1.2876372337341309,1.5758261680603027,1.8770421743392944,1.7398813962936401,1.644539475440979,1.3455110788345337,1.009984016418457,0.7893857955932617,0.537044882774353,0.44158563017845154,2.0363593101501465,1.7054446935653687,1.6641857624053955,1.9293876886367798,1.9764827489852905,2.2687134742736816,2.4879467487335205,2.551290988922119,2.318664073944092,2.006669521331787,1.8069688081741333,1.582145094871521,1.526973843574524,1.3414497375488281,1.5655467510223389,1.7435191869735718,1.617035984992981,1.286572813987732,1.3851149082183838,1.1252284049987793,1.3404041528701782,1.2828994989395142,1.356661319732666,1.3748564720153809,1.0439229011535645,1.1599785089492798,0.996813952922821,1.321200966835022,1.330796241760254,1.6778664588928223,2.1574795246124268,1.8402634859085083,1.576768398284912,1.616418480873108,1.4527088403701782,1.5676782131195068,1.6760152578353882,1.5859745740890503,1.3490010499954224,1.008618712425232,0.9782010316848755,1.0108286142349243,1.1990303993225098,1.2942452430725098,1.6079559326171875,0.5478120446205139,0.39826661348342896,0.6032494306564331,0.9457025527954102,1.1954799890518188,1.5570038557052612,1.8033673763275146,2.0994033813476562,1.9767062664031982,1.8142744302749634,1.5629909038543701,1.194969654083252,1.0402863025665283,0.7102681398391724,0.7119617462158203
A3,0.5866841673851013,0.3809604048728943,0.0,0.3699631094932556,0.6018572449684143,0.9594007134437561,1.2239415645599365,1.5175151824951172,1.399190068244934,1.2894121408462524,1.0233685970306396,0.6769458651542664,0.5637585520744324,0.42314234375953674,0.5567474365234375,1.9643158912658691,1.6501054763793945,1.5278726816177368,1.7734761238098145,1.755002498626709,2.0380547046661377,2.216399908065796,2.2592785358428955,2.0511412620544434,1.7136189937591553,1.5646543502807617,1.3523578643798828,1.3817992210388184,1.2369251251220703,1.5302408933639526,1.3662827014923096,1.2571746110916138,0.9362242817878723,1.0758522748947144,0.8781296014785767,1.171937108039856,1.184554934501648,1.3582688570022583,1.352842092514038,1.05998694896698,1.070715308189392,0.8065895438194275,1.0768461227416992,1.035278558731079,1.361913800239563,1.9281622171401978,1.5778526067733765,1.3706119060516357,1.4540127515792847,1.378566861152649,1.5493533611297607,1.7336018085479736,1.714640736579895,1.445134162902832,1.137017011642456,0.9756612777709961,0.9145614504814148,0.9942477345466614,1.026671051979065,1.3132472038269043,0.9156726598739624,0.6589895486831665,0.7795326709747314,1.1405218839645386,1.3400022983551025,1.707248330116272,1.9532032012939453,2.198503017425537,2.042051076889038,1.8262423276901245,1.5721044540405273,1.2063586711883545,1.0590416193008423,0.6900400519371033,0.7946518063545227
A4,0.7569735646247864,0.6419036984443665,0.3699631094932556,0.0,0.37905874848365784,0.6503721475601196,0.965644896030426,1.2627865076065063,1.1392613649368286,1.1203588247299194,0.8512018918991089,0.6073234677314758,0.5039944648742676,0.6096382141113281,0.6744406223297119,2.1482696533203125,1.8767590522766113,1.7285189628601074,1.9854187965393066,1.9244195222854614,2.2132656574249268,2.3385772705078125,2.3743505477905273,2.2103850841522217,1.8474953174591064,1.7644338607788086,1.5520930290222168,1.645184874534607,1.4942786693572998,1.8141858577728271,1.2930840253829956,1.2680784463882446,1.0055733919143677,1.1931126117706299,1.0568339824676514,1.3741933107376099,1.3674489259719849,1.6011425256729126,1.6420016288757324,1.3876920938491821,1.3871854543685913,1.0919570922851562,1.3019613027572632,1.1894901990890503,1.4709407091140747,1.9893277883529663,1.6138111352920532,1.4518080949783325,1.4904927015304565,1.4688981771469116,1.5954972505569458,1.8328168392181396,1.7997914552688599,1.4785887002944946,1.2406790256500244,1.0143438577651978,1.013176441192627,0.9877421855926514,1.0661054849624634,1.2691577672958374,1.183883786201477,0.9973226189613342,1.1153262853622437,1.4853026866912842,1.6573498249053955,2.0346150398254395,2.2497384548187256,2.492922782897949,2.3555145263671875,2.1115570068359375,1.8866280317306519,1.5183351039886475,1.4093945026397705,1.0449610948562622,1.1611393690109253
A5,1.0554835796356201,0.9596474170684814,0.6018572449684143,0.37905874848365784,0.0,0.38419967889785767,0.6308127641677856,0.921412467956543,0.8467822074890137,0.8091874122619629,0.6389501094818115,0.46059659123420715,0.6086662411689758,0.800707221031189,0.9870656728744507,2.150932788848877,1.9023100137710571,1.6853501796722412,1.9001002311706543,1.7705798149108887,2.030118942260742,2.1044564247131348,2.1096436977386475,1.9779682159423828,1.6012077331542969,1.58725905418396,1.4129056930541992,1.587790608406067,1.4962399005889893,1.8501930236816406,0.9286777973175049,0.954277753829956,0.7463996410369873,0.9732354879379272,0.9499832391738892,1.3047033548355103,1.3703842163085938,1.667541742324829,1.6803947687149048,1.476699709892273,1.393794059753418,1.0558949708938599,1.167791724205017,1.0069952011108398,1.2198556661605835,1.8371049165725708,1.4411629438400269,1.3661694526672363,1.4601242542266846,1.5315016508102417,1.7113105058670044,1.9937702417373657,2.0261998176574707,1.7080724239349365,1.4945495128631592,1.2068921327590942,1.1116703748703003,0.9722452163696289,0.9468185305595398,1.0773388147354126,1.5066617727279663,1.2570436000823975,1.3394756317138672,1.696067452430725,1.8384751081466675,2.2028567790985107,2.4213767051696777,2.6171483993530273,2.4488701820373535,2.1744277477264404,1.9505513906478882,1.6106305122375488,1.5064184665679932,1.161456823348999,1.3171688318252563
A6,1.3586074113845825,1.2876372337341309,0.9594007134437561,0.6503721475601196,0.38419967889785767,0.0,0.38521671295166016,0.6367744207382202,0.5753005743026733,0.7082730531692505,0.6207337975502014,0.6742618680000305,0.8267336487770081,1.1110197305679321,1.252813458442688,2.3734421730041504,2.169562816619873,1.937381386756897,2.151512622833252,1.9879623651504517,2.2410953044891357,2.25750732421875,2.2564361095428467,2.1786587238311768,1.7976646423339844,1.8474111557006836,1.6811684370040894,1.8970160484313965,1.802657961845398,2.1646108627319336,0.9545539021492004,1.0856313705444336,0.9931613206863403,1.2326836585998535,1.2691792249679565,1.612074613571167,1.6671220064163208,1.9920070171356201,2.029707193374634,1.8489513397216797,1.7608182430267334,1.4191828966140747,1.4836194515228271,1.2789338827133179,1.424100399017334,1.9452104568481445,1.5484545230865479,1.5333102941513062,1.5854690074920654,1.7100965976715088,1.850532054901123,2.169734239578247,2.200408458709717,1.8574312925338745,1.709466576576233,1.3908900022506714,1.3354511260986328,1.1188640594482422,1.1241569519042969,1.1359972953796387,1.8328113555908203,1.617520809173584,1.695258617401123,2.0576632022857666,2.179694652557373,2.5485782623291016,2.742063522338867,2.931043863296509,2.778297185897827,2.4835243225097656,2.286817789077759,1.9510103464126587,1.875847339630127,1.5371354818344116,1.700086236000061
A7,1.6004488468170166,1.5758261680603027,1.2239415645599365,0.965644896030426,0.6308127641677856,0.38521671295166016,0.0,0.4060283899307251,0.588360607624054,0.7284943461418152,0.831362247467041,0.9161663055419922,1.157717227935791,1.4134607315063477,1.597041130065918,2.5694704055786133,2.3702220916748047,2.0948846340179443,2.2552154064178467,2.0365560054779053,2.2352020740509033,2.203251838684082,2.142817258834839,2.0885236263275146,1.7132785320281982,1.8330439329147339,1.7384068965911865,2.0038955211639404,1.9756085872650146,2.345337152481079,0.7427055835723877,1.0008962154388428,0.977647602558136,1.1633477210998535,1.2731801271438599,1.5880281925201416,1.6717685461044312,2.035324811935425,2.0740978717803955,1.9562897682189941,1.8348828554153442,1.5074042081832886,1.509237289428711,1.3226035833358765,1.3718050718307495,2.0422260761260986,1.6481356620788574,1.7094674110412598,1.816394329071045,1.9873498678207397,2.165492534637451,2.493992567062378,2.5547821521759033,2.2211179733276367,2.064363956451416,1.7392282485961914,1.6334890127182007,1.3892595767974854,1.3073099851608276,1.265377402305603,2.1219823360443115,1.8689658641815186,1.9605644941329956,2.308340549468994,2.4371843338012695,2.790814161300659,3.0038037300109863,3.164616823196411,2.9796156883239746,2.681236982345581,2.469456434249878,2.1616132259368896,2.060960531234741,1.7388620376586914,1.8855470418930054
A8,1.955313801765442,1.8770421743392944,1.5175151824951172,1.2627865076065063,0.921412467956543,0.6367744207382202,0.4060283899307251,0.0,0.37238311767578125,0.5805427432060242,0.8221268057823181,1.0471484661102295,1.320347785949707,1.6199426651000977,1.8268768787384033,2.5606689453125,2.4180748462677,2.1216273307800293,2.267120599746704,2.0171937942504883,2.2066798210144043,2.113703727722168,2.0723891258239746,2.0893356800079346,1.7308099269866943,1.903307318687439,1.8018872737884521,2.104119062423706,2.0769035816192627,2.448024272918701,0.7686619758605957,1.027140736579895,1.1449998617172241,1.3819392919540405,1.5693880319595337,1.8985941410064697,2.0288407802581787,2.391587495803833,2.393550395965576,2.2688655853271484,2.101764440536499,1.7523808479309082,1.6842511892318726,1.4330381155014038,1.4197571277618408,1.9124237298965454,1.5434448719024658,1.6782175302505493,1.7712833881378174,2.0071935653686523,2.182832717895508,2.540001630783081,2.6431334018707275,2.316849946975708,2.210314989089966,1.8542158603668213,1.7279853820800781,1.4202942848205566,1.324747085571289,1.1698676347732544,2.4235141277313232,2.1672165393829346,2.2035739421844482,2.544332981109619,2.6226751804351807,2.968177080154419,3.147815465927124,3.2747962474823,3.1005592346191406,2.774271249771118,2.6037380695343018,2.3185479640960693,2.270094633102417,1.976637363433838,2.1738407611846924
A9,1.8833692073822021,1.7398813962936401,1.399190068244934,1.1392613649368286,0.8467822074890137,0.5753005743026733,0.588360607624054,0.37238311767578125,0.0,0.3801344633102417,0.5341016054153442,0.8467578887939453,1.0796360969543457,1.4151887893676758,1.6098116636276245,2.303997039794922,2.1859962940216064,1.9160535335540771,2.104102849960327,1.8916635513305664,2.1325790882110596,2.0652401447296143,2.095113515853882,2.113225221633911,1.7537347078323364,1.8785089254379272,1.7058343887329102,1.9813028573989868,1.897281527519226,2.2617926597595215,0.920375406742096,1.048581600189209,1.1572226285934448,1.4633667469024658,1.6267740726470947,1.9891571998596191,2.1218984127044678,2.4551985263824463,2.4352285861968994,2.256213426589966,2.091045618057251,1.7194678783416748,1.6685787439346313,1.370660662651062,1.4201743602752686,1.6863672733306885,1.3206950426101685,1.4220407009124756,1.459930658340454,1.6966922283172607,1.8443167209625244,2.210191249847412,2.317697048187256,1.993607997894287,1.9222509860992432,1.5553535223007202,1.4487658739089966,1.1213549375534058,1.0876802206039429,0.9109265208244324,2.2743453979492188,2.043260097503662,2.0339739322662354,2.3765978813171387,2.419438362121582,2.7699849605560303,2.91519832611084,3.0465614795684814,2.905164957046509,2.5680325031280518,2.432188034057617,2.137542486190796,2.138819932937622,1.851973295211792,2.088878631591797
A10,1.8324331045150757,1.644539475440979,1.2894121408462524,1.1203588247299194,0.8091874122619629,0.7082730531692505,0.7284943461418152,0.5805427432060242,0.3801344633102417,0.0,0.37931373715400696,0.6549099683761597,0.967028796672821,1.2566380500793457,1.5209879875183105,1.985837459564209,1.8654063940048218,1.5712485313415527,1.7364896535873413,1.5130034685134888,1.7538012266159058,1.6973401308059692,1.7465074062347412,1.7602216005325317,1.4063842296600342,1.5232148170471191,1.3436778783798218,1.6333415508270264,1.5723615884780884,1.936138391494751,0.7230106592178345,0.7322157621383667,0.8921964764595032,1.2334632873535156,1.4401718378067017,1.8124312162399292,2.0001399517059326,2.3145010471343994,2.2407190799713135,2.0562469959259033,1.8458333015441895,1.4683895111083984,1.3673686981201172,1.0395716428756714,1.0777593851089478,1.3524483442306519,0.9744018316268921,1.102536678314209,1.2088088989257812,1.4696149826049805,1.6830966472625732,2.039952516555786,2.197183609008789,1.9075227975845337,1.804496169090271,1.4369633197784424,1.2458419799804688,0.9107189774513245,0.7777611613273621,0.5895493626594543,2.162303924560547,1.893287181854248,1.838673710823059,2.1553704738616943,2.171161413192749,2.501460552215576,2.6487417221069336,2.748781204223633,2.5896670818328857,2.246769428253174,2.1152687072753906,1.8483741283416748,1.8661417961120605,1.6169074773788452,1.8859020471572876
A11,1.5743060111999512,1.3455110788345337,1.0233685970306396,0.8512018918991089,0.6389501094818115,0.6207337975502014,0.831362247467041,0.8221268057823181,0.5341016054153442,0.37931373715400696,0.0,0.3798447549343109,0.61089026927948,0.9334398508071899,1.1677957773208618,1.8255449533462524,1.681792140007019,1.4417887926101685,1.675373911857605,1.5274144411087036,1.8256332874298096,1.8421915769577026,1.9361848831176758,1.8998003005981445,1.5424760580062866,1.5690640211105347,1.3203411102294922,1.54020094871521,1.4035353660583496,1.7609783411026,0.9658346772193909,0.8967576622962952,0.9201211333274841,1.2762389183044434,1.3935648202896118,1.777116298675537,1.9264634847640991,2.205962657928467,2.1414287090301514,1.9060006141662598,1.7382053136825562,1.3580352067947388,1.3385682106018066,1.02114999294281,1.182462453842163,1.3522510528564453,0.9676569104194641,0.9594957232475281,0.9972925186157227,1.1919339895248413,1.3724870681762695,1.7223613262176514,1.8453842401504517,1.5426875352859497,1.437570333480835,1.0695173740386963,0.9197120070457458,0.600070059299469,0.5947781801223755,0.5377745628356934,1.8502546548843384,1.6168687343597412,1.5499497652053833,1.8808767795562744,1.897277593612671,2.246718645095825,2.3823864459991455,2.520622730255127,2.3914098739624023,2.057774305343628,1.930863618850708,1.6268843412399292,1.6617785692214966,1.3925210237503052,1.6699368953704834
A12,1.253226637840271,1.009984016418457,0.6769458651542664,0.6073234677314758,0.46059659123420715,0.6742618680000305,0.9161663055419922,1.0471484661102295,0.8467578887939453,0.6549099683761597,0.3798447549343109,0.0,0.37420332431793213,0.6063817143440247,0.8945301175117493,1.7122550010681152,1.4954513311386108,1.274362325668335,1.5166301727294922,1.410285472869873,1.7147470712661743,1.8030130863189697,1.8848553895950317,1.7770642042160034,1.4174202680587769,1.3704322576522827,1.1138836145401,1.2837939262390137,1.1444485187530518,1.5044986009597778,0.9706887006759644,0.8315261006355286,0.7072833180427551,1.0405164957046509,1.0902531147003174,1.4705976247787476,1.6134772300720215,1.863673210144043,1.7894513607025146,1.535973310470581,1.3844544887542725,1.0103440284729004,1.0522507429122925,0.7867742776870728,1.040907621383667,1.402270793914795,1.0158478021621704,0.9099205136299133,1.0063822269439697,1.1058100461959839,1.3271311521530151,1.6269402503967285,1.728371024131775,1.4415326118469238,1.2498456239700317,0.9206485152244568,0.7314234972000122,0.5382887125015259,0.49462220072746277,0.6703002452850342,1.5120593309402466,1.2515108585357666,1.1967980861663818,1.5314245223999023,1.5845078229904175,1.9398678541183472,2.114428997039795,2.275195360183716,2.1249096393585205,1.817054271697998,1.6442246437072754,1.3189884424209595,1.3107162714004517,1.021252989768982,1.2902157306671143
A13,1.0898717641830444,0.7893857955932617,0.5637585520744324,0.5039944648742676,0.6086662411689758,0.8267336487770081,1.157717227935791,1.320347785949707,1.0796360969543457,0.967028796672821,0.61089026927948,0.37420332431793213,0.0,0.36991795897483826,0.5578531622886658,1.7034870386123657,1.4771212339401245,1.344597578048706,1.644011378288269,1.6168746948242188,1.9527660608291626,2.083934783935547,2.199265480041504,2.070310115814209,1.7266666889190674,1.6203266382217407,1.3249411582946777,1.40390145778656,1.1815464496612549,1.501073956489563,1.3340202569961548,1.1950464248657227,1.0207014083862305,1.3107035160064697,1.2646851539611816,1.6194535493850708,1.700120449066162,1.9004195928573608,1.8507637977600098,1.5485084056854248,1.4700262546539307,1.1331371068954468,1.2674192190170288,1.0539932250976562,1.3601397275924683,1.5651938915252686,1.2170370817184448,1.0069453716278076,0.9957302212715149,0.9777817726135254,1.1183792352676392,1.3888187408447266,1.4236724376678467,1.11566162109375,0.9158580899238586,0.602027952671051,0.5437117218971252,0.4976519048213959,0.6707055568695068,0.8974995613098145,1.2603647708892822,1.075863003730774,1.0125664472579956,1.3654162883758545,1.423546314239502,1.80008864402771,1.9524047374725342,2.164499282836914,2.061208724975586,1.7763583660125732,1.6203498840332031,1.259750247001648,1.2750227451324463,0.9718867540359497,1.2246848344802856
A14,0.903961181640625,0.537044882774353,0.42314234375953674,0.6096382141113281,0.800707221031189,1.1110197305679321,1.4134607315063477,1.6199426651000977,1.4151887893676758,1.2566380500793457,0.9334398508071899,0.6063817143440247,0.36991795897483826,0.0,0.3711265027523041,1.597454309463501,1.3091791868209839,1.2291173934936523,1.5277714729309082,1.562260627746582,1.8932926654815674,2.0877525806427,2.2050764560699463,2.0234134197235107,1.7066669464111328,1.5260862112045288,1.23012113571167,1.219171166419983,0.9806228280067444,1.2627803087234497,1.490554928779602,1.2980761528015137,1.0518085956573486,1.2766056060791016,1.158450722694397,1.4721158742904663,1.5438625812530518,1.6789958477020264,1.6039406061172485,1.2682744264602661,1.2212902307510376,0.934992253780365,1.1386089324951172,1.0125176906585693,1.3669763803482056,1.6398260593414307,1.3264174461364746,1.0534229278564453,1.0852574110031128,0.9646242260932922,1.1353845596313477,1.3187392950057983,1.3368419408798218,1.086328387260437,0.7831355333328247,0.5950909852981567,0.5027438402175903,0.670647919178009,0.7841311097145081,1.1046984195709229,0.9469870924949646,0.7390077710151672,0.6429049372673035,0.9988621473312378,1.089189052581787,1.4698491096496582,1.6562284231185913,1.892512321472168,1.778013825416565,1.531332015991211,1.3404996395111084,0.9632492065429688,0.9487215280532837,0.6457898020744324,0.895402193069458
A15,0.8061701655387878,0.44158563017845154,0.5567474365234375,0.6744406223297119,0.9870656728744507,1.252813458442688,1.597041130065918,1.8268768787384033,1.6098116636276245,1.5209879875183105,1.1677957773208618,0.8945301175117493,0.5578531622886658,0.3711265027523041,0.0,1.8144001960754395,1.538306474685669,1.5262141227722168,1.8450669050216675,1.9126629829406738,2.250434398651123,2.452908754348755,2.5759952068328857,2.3894312381744385,2.07430362701416,1.8852440118789673,1.5905919075012207,1.5431264638900757,1.2765756845474243,1.5039209127426147,1.7984482049942017,1.6445770263671875,1.3856922388076782,1.5840842723846436,1.4093523025512695,1.6866716146469116,1.681977391242981,1.7803997993469238,1.7602795362472534,1.4122940301895142,1.4546030759811401,1.2228169441223145,1.4757376909255981,1.3788561820983887,1.7328035831451416,1.9420883655548096,1.6453825235366821,1.3504208326339722,1.3015416860580444,1.1124342679977417,1.1649237871170044,1.2956734895706177,1.2000632286071777,0.9268918633460999,0.6179293990135193,0.5553932785987854,0.6923282742500305,0.9066124558448792,1.1118415594100952,1.4029351472854614,0.7630937099456787,0.7161641120910645,0.6876122355461121,1.033193588256836,1.1563129425048828,1.5385931730270386,1.7007946968078613,1.9938327074050903,1.9299921989440918,1.7235734462738037,1.5517712831497192,1.1724048852920532,1.1565252542495728,0.8683770895004272,1.0186753273010254
B1,2.414184093475342,2.0363593101501465,1.9643158912658691,2.1482696533203125,2.150932788848877,2.3734421730041504,2.5694704055786133,2.5606689453125,2.303997039794922,1.985837459564209,1.8255449533462524,1.7122550010681152,1.7034870386123657,1.597454309463501,1.8144001960754395,0.0,0.39587026834487915,0.5858732461929321,0.747688889503479,1.0404466390609741,1.338823914527893,1.5755382776260376,1.9252170324325562,1.8592466115951538,1.7880138158798218,1.5610555410385132,1.2409340143203735,1.0895167589187622,0.8815209865570068,0.780247151851654,2.2582719326019287,1.8876943588256836,1.904396414756775,2.1419429779052734,2.225219488143921,2.4851632118225098,2.727742910385132,2.784870147705078,2.515254020690918,2.2241086959838867,1.997283935546875,1.8131216764450073,1.7211284637451172,1.5425541400909424,1.715802788734436,0.9375113248825073,1.1070215702056885,0.8844860792160034,0.9355181455612183,0.8728595972061157,1.1358813047409058,1.1384329795837402,1.5129554271697998,1.6054335832595825,1.530733346939087,1.469207525253296,1.2035914659500122,1.3141589164733887,1.264435052871704,1.4113125801086426,2.1437857151031494,1.9661616086959839,1.6031707525253296,1.5849759578704834,1.2626793384552002,1.3139311075210571,1.2090399265289307,1.0729607343673706,1.059469223022461,0.7269590497016907,0.9877803921699524,1.059381127357483,1.4121149778366089,1.5689220428466797,1.8973673582077026
B2,2.0702455043792725,1.7054446935653687,1.6501054763793945,1.8767590522766113,1.9023100137710571,2.169562816619873,2.3702220916748047,2.4180748462677,2.1859962940216064,1.8654063940048218,1.681792140007019,1.4954513311386108,1.4771212339401245,1.3091791868209839,1.538306474685669,0.39587026834487915,0.0,0.37628310918807983,0.6171751618385315,0.9356829524040222,1.2531473636627197,1.5450974702835083,1.8402506113052368,1.7047655582427979,1.601818323135376,1.3245857954025269,0.9947816133499146,0.7747405171394348,0.5234571695327759,0.406129390001297,2.064868927001953,1.6920254230499268,1.6422224044799805,1.8478106260299683,1.890104055404663,2.131603717803955,2.3615803718566895,2.4003686904907227,2.1315174102783203,1.8347526788711548,1.6216565370559692,1.4591978788375854,1.4067374467849731,1.2782841920852661,1.5010180473327637,1.0591294765472412,1.0973787307739258,0.8147563934326172,0.9389976859092712,0.8133566975593567,1.1281825304031372,1.1337411403656006,1.4473028182983398,1.502147912979126,1.3388043642044067,1.2927868366241455,1.0015674829483032,1.173187255859375,1.1012612581253052,1.3373671770095825,1.798133134841919,1.5999400615692139,1.2406812906265259,1.2139230966567993,0.9157888293266296,1.0050275325775146,0.9988552331924438,0.9391608238220215,0.8371473550796509,0.4641397297382355,0.6258190274238586,0.6655169725418091,1.0168663263320923,1.1918509006500244,1.5093202590942383
B3,2.007978677749634,1.6641857624053955,1.5278726816177368,1.7285189628601074,1.6853501796722412,1.937381386756897,2.0948846340179443,2.1216273307800293,1.9160535335540771,1.5712485313415527,1.4417887926101685,1.274362325668335,1.344597578048706,1.2291173934936523,1.5262141227722168,0.5858732461929321,0.37628310918807983,0.0,0.36855822801589966,0.592502236366272,0.9470695853233337,1.2137902975082397,1.4963747262954712,1.3773068189620972,1.2501851320266724,1.0090441703796387,0.6636642217636108,0.5555476546287537,0.39344629645347595,0.5151752233505249,1.7265836000442505,1.3462234735488892,1.340975284576416,1.560809850692749,1.6623655557632446,1.925683617591858,2.190216064453125,2.2792508602142334,2.0094408988952637,1.743037462234497,1.4764822721481323,1.2655541896820068,1.1404751539230347,0.9651816487312317,1.149220585823059,0.8050098419189453,0.7896807789802551,0.5760813355445862,0.8340541124343872,0.8511039614677429,1.2267543077468872,1.3400901556015015,1.651733160018921,1.627557635307312,1.4505935907363892,1.3108882904052734,0.9561711549758911,1.0240654945373535,0.8471711277961731,1.0586296319961548,1.8594074249267578,1.5994763374328613,1.2846450805664062,1.3334439992904663,1.1166832447052002,1.2640851736068726,1.3337867259979248,1.2827801704406738,1.1109410524368286,0.7427433133125305,0.760558009147644,0.7394444942474365,1.0086811780929565,1.1235352754592896,1.465493083000183
B4,2.2417409420013428,1.9293876886367798,1.7734761238098145,1.9854187965393066,1.9001002311706543,2.151512622833252,2.2552154064178467,2.267120599746704,2.104102849960327,1.7364896535873413,1.675373911857605,1.5166301727294922,1.644011378288269,1.5277714729309082,1.8450669050216675,0.747688889503479,0.6171751618385315,0.36855822801589966,0.0,0.37420234084129333,0.6382247805595398,0.9519277215003967,1.244319200515747,1.1258634328842163,1.0930193662643433,0.8515781164169312,0.616549015045166,0.5264268517494202,0.6078894734382629,0.6345621943473816,1.776900291442871,1.38651704788208,1.4232794046401978,1.589992880821228,1.7354474067687988,1.958448886871338,2.2625417709350586,2.3446664810180664,2.0394773483276367,1.825629472732544,1.5160590410232544,1.353044033050537,1.1496232748031616,1.0269118547439575,1.109963059425354,0.8651325106620789,0.9242130517959595,0.848150372505188,1.1480962038040161,1.2116596698760986,1.5848921537399292,1.6869242191314697,2.0074501037597656,1.995296835899353,1.80982506275177,1.6705262660980225,1.307356595993042,1.3402155637741089,1.0976324081420898,1.2594883441925049,2.1187551021575928,1.8294466733932495,1.537762999534607,1.5455613136291504,1.343673825263977,1.419894814491272,1.5076707601547241,1.3781691789627075,1.1479520797729492,0.8259551525115967,0.8366031050682068,0.9410956501960754,1.1504720449447632,1.3170068264007568,1.6245661973953247
B5,2.2593584060668945,1.9764827489852905,1.755002498626709,1.9244195222854614,1.7705798149108887,1.9879623651504517,2.0365560054779053,2.0171937942504883,1.8916635513305664,1.5130034685134888,1.5274144411087036,1.410285472869873,1.6168746948242188,1.562260627746582,1.9126629829406738,1.0404466390609741,0.9356829524040222,0.592502236366272,0.37420234084129333,0.0,0.38480401039123535,0.6302087903022766,0.9091474413871765,0.8352171182632446,0.777018129825592,0.637357234954834,0.4671799838542938,0.6186890006065369,0.7863228917121887,0.9415294528007507,1.4897758960723877,1.1071583032608032,1.2198971509933472,1.3931621313095093,1.6109551191329956,1.850292444229126,2.180795907974243,2.3168742656707764,2.025491714477539,1.8508599996566772,1.5072449445724487,1.3020683526992798,1.0216546058654785,0.8500652313232422,0.8266225457191467,0.7693317532539368,0.7663121223449707,0.8358038067817688,1.1880548000335693,1.3464720249176025,1.730482578277588,1.9007738828659058,2.214938163757324,2.1471850872039795,1.9637279510498047,1.7616780996322632,1.3828933238983154,1.3228365182876587,1.009514331817627,1.1003835201263428,2.247295618057251,1.92345130443573,1.681028127670288,1.7508176565170288,1.605642318725586,1.7294917106628418,1.85026216506958,1.7460073232650757,1.5028629302978516,1.1849538087844849,1.1336565017700195,1.1675997972488403,1.3032524585723877,1.3950167894363403,1.7018051147460938
B6,2.517307758331299,2.2687134742736816,2.0380547046661377,2.2132656574249268,2.030118942260742,2.2410953044891357,2.2352020740509033,2.2066798210144043,2.1325790882110596,1.7538012266159058,1.8256332874298096,1.7147470712661743,1.9527660608291626,1.8932926654815674,2.250434398651123,1.338823914527893,1.2531473636627197,0.9470695853233337,0.6382247805595398,0.38480401039123535,0.0,0.38604819774627686,0.6320995092391968,0.5734867453575134,0.6948020458221436,0.6281827688217163,0.6895639300346375,0.839142918586731,1.1021366119384766,1.2029222249984741,1.6019259691238403,1.2478630542755127,1.3909269571304321,1.4895633459091187,1.741054892539978,1.9267688989639282,2.2848048210144043,2.41520357131958,2.102813482284546,1.990268588066101,1.6243407726287842,1.4757952690124512,1.147815465927124,1.0562552213668823,0.9164737462997437,1.0469563007354736,1.0843383073806763,1.211953043937683,1.5639026165008545,1.7301199436187744,2.1132712364196777,2.2736928462982178,2.5901718139648438,2.528566837310791,2.333928346633911,2.136225461959839,1.756434679031372,1.6878727674484253,1.3545833826065063,1.4132148027420044,2.532050132751465,2.1895859241485596,1.973006010055542,2.0149760246276855,1.8883750438690186,1.96817946434021,2.105915069580078,1.9601502418518066,1.683944582939148,1.41681706905365,1.3526639938354492,1.448330283164978,1.5344513654708862,1.6535570621490479,1.9182400703430176
B7,2.725799798965454,2.4879467487335205,2.216399908065796,2.3385772705078125,2.1044564247131348,2.25750732421875,2.203251838684082,2.113703727722168,2.0652401447296143,1.6973401308059692,1.8421915769577026,1.8030130863189697,2.083934783935547,2.0877525806427,2.452908754348755,1.5755382776260376,1.5450974702835083,1.2137902975082397,0.9519277215003967,0.6302087903022766,0.38604819774627686,0.0,0.4030379354953766,0.59033203125,0.7191153168678284,0.8430088758468628,0.9330466985702515,1.1706221103668213,1.4036701917648315,1.548455834388733,1.5368770360946655,1.2312731742858887,1.4681320190429688,1.5860862731933594,1.894303798675537,2.097986936569214,2.462935447692871,2.6391730308532715,2.3499536514282227,2.2582688331604004,1.8863078355789185,1.700855016708374,1.3472367525100708,1.200967788696289,0.968657910823822,1.0492476224899292,1.0972319841384888,1.332393765449524,1.6715182065963745,1.9053547382354736,2.277590274810791,2.4812822341918945,2.8080382347106934,2.719858169555664,2.553835868835449,2.3140652179718018,1.9384074211120605,1.7996611595153809,1.4543976783752441,1.4169282913208008,2.8056516647338867,2.456413745880127,2.2584598064422607,2.340547561645508,2.221768617630005,2.327934503555298,2.453664779663086,2.3097846508026123,2.0517687797546387,1.766151785850525,1.7164567708969116,1.7762062549591064,1.8584331274032593,1.9275243282318115,2.2005109786987305
B8,2.737062454223633,2.551290988922119,2.2592785358428955,2.3743505477905273,2.1096436977386475,2.2564361095428467,2.142817258834839,2.0723891258239746,2.095113515853882,1.7465074062347412,1.9361848831176758,1.8848553895950317,2.199265480041504,2.2050764560699463,2.5759952068328857,1.9252170324325562,1.8402506113052368,1.4963747262954712,1.244319200515747,0.9091474413871765,0.6320995092391968,0.4030379354953766,0.0,0.3726619780063629,0.5753284096717834,0.8230119943618774,1.050325632095337,1.321731448173523,1.6049938201904297,1.7767541408538818,1.4209513664245605,1.1776849031448364,1.4156041145324707,1.4557679891586304,1.7906699180603027,1.9507747888565063,2.325486660003662,2.5198044776916504,2.243090867996216,2.2132174968719482,1.8374507427215576,1.6804155111312866,1.3071811199188232,1.2261942625045776,0.9132677316665649,1.392701268196106,1.3566886186599731,1.5957083702087402,1.9497029781341553,2.1808578968048096,2.5582199096679688,2.7753775119781494,3.075286388397217,2.957465410232544,2.7617886066436768,2.511981725692749,2.1398634910583496,1.9901677370071411,1.624428629875183,1.5927228927612305,2.89086651802063,2.5197691917419434,2.375701665878296,2.4714293479919434,2.408276081085205,2.5260913372039795,2.6994528770446777,2.578965425491333,2.288472890853882,2.0267693996429443,1.9140324592590332,1.9541479349136353,1.962539553642273,2.0045974254608154,2.2328109741210938
B9,2.4866185188293457,2.318664073944092,2.0511412620544434,2.2103850841522217,1.9779682159423828,2.1786587238311768,2.0885236263275146,2.0893356800079346,2.113225221633911,1.7602216005325317,1.8998003005981445,1.7770642042160034,2.070310115814209,2.0234134197235107,2.3894312381744385,1.8592466115951538,1.7047655582427979,1.3773068189620972,1.1258634328842163,0.8352171182632446,0.5734867453575134,0.59033203125,0.3726619780063629,0.0,0.38158702850341797,0.5306227207183838,0.8470819592475891,1.0791863203048706,1.4051471948623657,1.5663131475448608,1.3776988983154297,1.1049705743789673,1.2480264902114868,1.2280266284942627,1.5255296230316162,1.6492407321929932,2.0276052951812744,2.191340684890747,1.898080825805664,1.8814057111740112,1.5051097869873047,1.3939498662948608,1.0261868238449097,1.03573739528656,0.7611308097839355,1.4778228998184204,1.3951845169067383,1.5565458536148071,1.926003098487854,2.1031570434570312,2.489041805267334,2.6797029972076416,2.953850507736206,2.840684652328491,2.6068012714385986,2.386460304260254,2.0153470039367676,1.9169809818267822,1.5517523288726807,1.6031781435012817,2.624798536300659,2.248016834259033,2.1207735538482666,2.1950864791870117,2.1619155406951904,2.270885705947876,2.480815887451172,2.3811960220336914,2.0647199153900146,1.832617998123169,1.6686757802963257,1.713240146636963,1.6759892702102661,1.7369152307510376,1.9319297075271606
B10,2.170542001724243,2.006669521331787,1.7136189937591553,1.8474953174591064,1.6012077331542969,1.7976646423339844,1.7132785320281982,1.7308099269866943,1.7537347078323364,1.4063842296600342,1.5424760580062866,1.4174202680587769,1.7266666889190674,1.7066669464111328,2.07430362701416,1.7880138158798218,1.601818323135376,1.2501851320266724,1.0930193662643433,0.777018129825592,0.6948020458221436,0.7191153168678284,0.5753284096717834,0.38158702850341797,0.0,0.3771538734436035,0.6391546726226807,0.9544711112976074,1.2349427938461304,1.474199891090393,1.0182076692581177,0.7284073829650879,0.8746117949485779,0.8966164588928223,1.2197016477584839,1.4038583040237427,1.7723913192749023,1.9780465364456177,1.719797134399414,1.6718065738677979,1.302486777305603,1.1187748908996582,0.74566650390625,0.6972257494926453,0.3844321370124817,1.3513942956924438,1.1733373403549194,1.3261427879333496,1.690430998802185,1.8747121095657349,2.2519447803497314,2.471759080886841,2.7205562591552734,2.5712335109710693,2.335519552230835,2.091904401779175,1.7321988344192505,1.6101150512695312,1.2427610158920288,1.300632357597351,2.359611988067627,1.980621337890625,1.876605749130249,2.0056169033050537,2.0016860961914062,2.1703803539276123,2.392850637435913,2.349506139755249,2.0487427711486816,1.7848172187805176,1.5920523405075073,1.5518007278442383,1.4965434074401855,1.4856369495391846,1.695974349975586
B11,1.9943171739578247,1.8069688081741333,1.5646543502807617,1.7644338607788086,1.58725905418396,1.8474111557006836,1.8330439329147339,1.903307318687439,1.8785089254379272,1.5232148170471191,1.5690640211105347,1.3704322576522827,1.6203266382217407,1.5260862112045288,1.8852440118789673,1.5610555410385132,1.3245857954025269,1.0090441703796387,0.8515781164169312,0.637357234954834,0.6281827688217163,0.8430088758468628,0.8230119943618774,0.5306227207183838,0.3771538734436035,0.0,0.3846484124660492,0.6108517646789551,0.9331554174423218,1.1386299133300781,1.2194746732711792,0.8787022829055786,0.8890560865402222,0.9018248915672302,1.1297954320907593,1.2988020181655884,1.65935480594635,1.8044875860214233,1.509405493736267,1.421822190284729,1.0468271970748901,0.9025224447250366,0.5497285723686218,0.5918124318122864,0.48856961727142334,1.3298218250274658,1.1681747436523438,1.2157422304153442,1.581128716468811,1.6969743967056274,2.0797836780548096,2.254089117050171,2.494381904602051,2.376491069793701,2.1158533096313477,1.9186646938323975,1.5556859970092773,1.5119283199310303,1.167363166809082,1.3217592239379883,2.096956968307495,1.7235198020935059,1.5905028581619263,1.676268458366394,1.6641473770141602,1.8102182149887085,2.0451815128326416,2.0057618618011475,1.6930019855499268,1.4502724409103394,1.2326786518096924,1.217158555984497,1.1589301824569702,1.2072786092758179,1.4174855947494507
B12,1.830792784690857,1.582145094871521,1.3523578643798828,1.5520930290222168,1.4129056930541992,1.6811684370040894,1.7384068965911865,1.8018872737884521,1.7058343887329102,1.3436778783798218,1.3203411102294922,1.1138836145401,1.3249411582946777,1.23012113571167,1.5905919075012207,1.2409340143203735,0.9947816133499146,0.6636642217636108,0.616549015045166,0.4671799838542938,0.6895639300346375,0.9330466985702515,1.050325632095337,0.8470819592475891,0.6391546726226807,0.3846484124660492,0.0,0.3732641935348511,0.5967509150505066,0.8651571869850159,1.2271292209625244,0.8436172008514404,0.8317751288414001,0.9750077724456787,1.1531202793121338,1.3973363637924194,1.7179639339447021,1.8601878881454468,1.585035800933838,1.4064770936965942,1.0633304119110107,0.8365392088890076,0.5651966333389282,0.4383147060871124,0.5404581427574158,1.0616263151168823,0.8775464296340942,0.8528152704238892,1.2113291025161743,1.312516689300537,1.6958051919937134,1.8732625246047974,2.12052583694458,2.0069923400878906,1.762702226638794,1.5628198385238647,1.1918119192123413,1.1641877889633179,0.8374847769737244,1.0373286008834839,1.8751944303512573,1.5242823362350464,1.336321473121643,1.4457589387893677,1.3910893201828003,1.5745291709899902,1.7766876220703125,1.7618731260299683,1.4889193773269653,1.1962127685546875,1.0090763568878174,0.9372223615646362,0.9616535305976868,0.9945370554924011,1.2804514169692993
B13,1.7965036630630493,1.526973843574524,1.3817992210388184,1.645184874534607,1.587790608406067,1.8970160484313965,2.0038955211639404,2.104119062423706,1.9813028573989868,1.6333415508270264,1.54020094871521,1.2837939262390137,1.40390145778656,1.219171166419983,1.5431264638900757,1.0895167589187622,0.7747405171394348,0.5555476546287537,0.5264268517494202,0.6186890006065369,0.839142918586731,1.1706221103668213,1.321731448173523,1.0791863203048706,0.9544711112976074,0.6108517646789551,0.3732641935348511,0.0,0.37027230858802795,0.5337420701980591,1.5583910942077637,1.184444785118103,1.091020941734314,1.1908377408981323,1.2671478986740112,1.463637351989746,1.7542048692703247,1.8197674751281738,1.5166493654251099,1.3008016347885132,0.9913389682769775,0.8554001450538635,0.7046759724617004,0.7066027522087097,0.8906099200248718,1.21351957321167,1.0934687852859497,0.9529240131378174,1.267053484916687,1.2653688192367554,1.638046383857727,1.7415372133255005,1.9790542125701904,1.9184101819992065,1.6508322954177856,1.526991367340088,1.173492193222046,1.2575957775115967,1.0057711601257324,1.2725013494491577,1.7155020236968994,1.389067530632019,1.1521919965744019,1.177802324295044,1.0893547534942627,1.2258673906326294,1.4392731189727783,1.4200701713562012,1.129564642906189,0.8659346699714661,0.6441882848739624,0.6387202739715576,0.7002108693122864,0.859027624130249,1.1321545839309692
