,A1,A2,A3,A4,A5,A6,A7,A8,A9,A10,A11,A12,A13,A14,A15,B1,B2,B3,B4,B5,B6,B7,B8,B9,B10,B11,B12,B13,B14,B15,C1,C2,C3,C4,C5,C6,C7,C8,C9,C10,C11,C12,C13,C14,C15,D1,D2,D3,D4,D5,D6,D7,D8,D9,D10,D11,D12,D13,D14,D15,E1,E2,E3,E4,E5,E6,E7,E8,E9,E10,E11,E12,E13,E14,E15
A1,0.0,0.38384976983070374,0.628061830997467,0.9258123636245728,1.130744218826294,0.9417057633399963,0.8677869439125061,0.6150653958320618,0.6335074305534363,0.7028093338012695,0.9071743488311768,1.226577877998352,1.445038914680481,1.7888073921203613,2.0121757984161377,1.5845081806182861,1.5764023065567017,1.3389551639556885,1.6078013181686401,1.581091284751892,1.6595350503921509,1.32931387424469,1.32754385471344,1.043489933013916,1.1571438312530518,1.108141303062439,1.2190049886703491,1.4847447872161865,1.5232622623443604,1.918027400970459,2.05710506439209,2.023327350616455,1.7215098142623901,1.912275791168213,1.7989885807037354,1.928197979927063,1.6193865537643433,1.7235963344573975,1.4677850008010864,1.6746070384979248,1.6626334190368652,1.7905405759811401,2.0559675693511963,2.092325210571289,2.484896183013916,1.3568412065505981,1.2027232646942139,0.8262901306152344,0.7943364381790161,0.9098504781723022,1.199838638305664,1.1128348112106323,1.2868260145187378,1.1267321109771729,1.47769296169281,1.5557433366775513,1.8699413537979126,2.1466987133026123,2.346949338912964,2.7217507362365723,1.0135942697525024,1.1939473152160645,1.0825601816177368,1.265128493309021,1.5459377765655518,1.6231387853622437,1.4883774518966675,1.3706320524215698,1.070601463317871,1.182499885559082,1.0184016227722168,1.3857781887054443,1.442139983177185,1.7619566917419434,2.027880907058716
A2,0.38384976983070374,0.0,0.3826947808265686,0.6325674057006836,0.7797951102256775,0.5621184706687927,0.568779706954956,0.45625704526901245,0.643345057964325,0.8592738509178162,1.139967679977417,1.4528247117996216,1.7308080196380615,2.044760227203369,2.2947511672973633,1.597022294998169,1.6773669719696045,1.4795137643814087,1.7768189907073975,1.8179924488067627,1.868422269821167,1.536754846572876,1.4526052474975586,1.1052360534667969,1.1284887790679932,0.9524971842765808,1.039092779159546,1.2226910591125488,1.2528271675109863,1.6458706855773926,1.8657065629959106,1.8967678546905518,1.6177862882614136,1.8485041856765747,1.8118480443954468,1.9298877716064453,1.6214959621429443,1.6650705337524414,1.3472440242767334,1.5153589248657227,1.4243261814117432,1.559937834739685,1.7770137786865234,1.815125823020935,2.2060141563415527,1.2873988151550293,1.0886309146881104,0.7435164451599121,0.5517998933792114,0.7578276991844177,1.0581694841384888,1.0876970291137695,1.2749536037445068,1.1922991275787354,1.562681794166565,1.68388831615448,2.032518148422241,2.3075740337371826,2.5502681732177734,2.9054665565490723,1.3510781526565552,1.5209925174713135,1.3594346046447754,1.5424118041992188,1.7803435325622559,1.894620418548584,1.721444845199585,1.6253607273101807,1.2837047576904297,1.3815504312515259,1.1552833318710327,1.470847487449646,1.497754454612732,1.7620463371276855,2.0497076511383057
A3,0.628061830997467,0.3826947808265686,0.0,0.3897368311882019,0.5513074994087219,0.5364930629730225,0.48777392506599426,0.5619446635246277,0.6083771586418152,0.9431507587432861,1.166091799736023,1.5154597759246826,1.8033446073532104,2.0959105491638184,2.3932642936706543,1.3835269212722778,1.50379478931427,1.3051748275756836,1.589426875114441,1.7056477069854736,1.764807939529419,1.47076416015625,1.3648946285247803,0.9869868755340576,1.0422598123550415,0.8285717964172363,1.0382397174835205,1.1830729246139526,1.3148870468139648,1.6921372413635254,1.5125298500061035,1.5363225936889648,1.2511121034622192,1.485207200050354,1.485984206199646,1.608805775642395,1.3242151737213135,1.3683463335037231,1.0448068380355835,1.2554259300231934,1.175668716430664,1.3912709951400757,1.6079412698745728,1.7232557535171509,2.106268882751465,0.9354361891746521,0.761123538017273,0.48336490988731384,0.35962438583374023,0.7015097141265869,0.8730891942977905,0.9058748483657837,1.0114057064056396,0.9460447430610657,1.3014099597930908,1.443577527999878,1.8122198581695557,2.0787570476531982,2.3563084602355957,2.6869993209838867,1.3925784826278687,1.5195350646972656,1.3101166486740112,1.5289314985275269,1.692266583442688,1.813498854637146,1.5876085758209229,1.5180391073226929,1.1557997465133667,1.2724844217300415,1.065016746520996,1.3454005718231201,1.4375479221343994,1.6513398885726929,1.98629891872406
A4,0.9258123636245728,0.6325674057006836,0.3897368311882019,0.0,0.3739471435546875,0.5409549474716187,0.7007573843002319,0.8941795229911804,0.993280827999115,1.3319053649902344,1.548227310180664,1.904076099395752,2.184480905532837,2.480609655380249,2.7790820598602295,1.667466402053833,1.8169426918029785,1.6102622747421265,1.8569272756576538,2.010723114013672,2.0990567207336426,1.8290420770645142,1.7248283624649048,1.3434165716171265,1.3818228244781494,1.1105501651763916,1.2965161800384521,1.3369303941726685,1.4461950063705444,1.7943965196609497,1.522935390472412,1.5870364904403687,1.3036315441131592,1.503981590270996,1.5853424072265625,1.7498575448989868,1.5226620435714722,1.5609720945358276,1.2267732620239258,1.4282045364379883,1.2770634889602661,1.5330641269683838,1.6704424619674683,1.8094621896743774,2.172657012939453,0.947792649269104,0.6594847440719604,0.5014640688896179,0.1877269744873047,0.5142357349395752,0.6200776100158691,0.8046734929084778,0.9585052728652954,1.0438114404678345,1.3933848142623901,1.6164898872375488,1.9657049179077148,2.2567925453186035,2.541790723800659,2.8523457050323486,1.6375555992126465,1.8071238994598389,1.629647135734558,1.8845380544662476,2.0248208045959473,2.1173226833343506,1.852225661277771,1.7455363273620605,1.364549994468689,1.3944851160049438,1.1171848773956299,1.2961969375610352,1.329084873199463,1.4691545963287354,1.8043590784072876
A5,1.130744218826294,0.7797951102256775,0.5513074994087219,0.3739471435546875,0.0,0.38220494985580444,0.5558111667633057,0.8760477900505066,1.037037968635559,1.3935593366622925,1.6544146537780762,1.9704152345657349,2.294888496398926,2.5550835132598877,2.866154432296753,1.6299657821655273,1.8477952480316162,1.7134307622909546,1.998396396636963,2.1729347705841064,2.2024590969085693,1.9244650602340698,1.7495965957641602,1.3617639541625977,1.3040475845336914,0.963173508644104,1.1035598516464233,1.0512784719467163,1.177499771118164,1.4913134574890137,1.3633087873458862,1.5118848085403442,1.303153395652771,1.571204423904419,1.6992524862289429,1.7965484857559204,1.553275227546692,1.5010942220687866,1.1289173364639282,1.2393934726715088,1.0083091259002686,1.2418960332870483,1.3296765089035034,1.467316746711731,1.8192052841186523,1.1080888509750366,0.904319167137146,0.8228489756584167,0.5496698021888733,0.868457555770874,0.9534383416175842,1.1595348119735718,1.2560057640075684,1.3146332502365112,1.6330552101135254,1.8155248165130615,2.1894586086273193,2.4401180744171143,2.7527432441711426,3.0474116802215576,1.9298502206802368,2.0570764541625977,1.829227089881897,2.0337014198303223,2.1576032638549805,2.3050425052642822,2.0571961402893066,2.0060524940490723,1.637809157371521,1.7201234102249146,1.4728606939315796,1.6557796001434326,1.6974005699157715,1.8129709959030151,2.14900803565979
A6,0.9417057633399963,0.5621184706687927,0.5364930629730225,0.5409549474716187,0.38220494985580444,0.0,0.37453535199165344,0.6304120421409607,0.9114324450492859,1.2121260166168213,1.5301556587219238,1.8109476566314697,2.1449167728424072,2.410949468612671,2.6904916763305664,1.6816102266311646,1.8747715950012207,1.751007080078125,2.07069993019104,2.1860227584838867,2.1905837059020996,1.871760606765747,1.6925987005233765,1.3136235475540161,1.2103285789489746,0.8802452087402344,0.90631103515625,0.8958550691604614,0.9267906546592712,1.2807424068450928,1.6357433795928955,1.776855707168579,1.5685609579086304,1.8541308641433716,1.924708366394043,2.0025041103363037,1.7098510265350342,1.651312232017517,1.2731101512908936,1.3445578813552856,1.120898962020874,1.2506060600280762,1.3660789728164673,1.408321499824524,1.7824032306671143,1.3602025508880615,1.1571080684661865,0.9533586502075195,0.6337153315544128,0.9241566061973572,1.1407818794250488,1.3128952980041504,1.4642446041107178,1.4639769792556763,1.812068223953247,1.9575101137161255,2.3352930545806885,2.5860719680786133,2.8780484199523926,3.1996991634368896,1.8733566999435425,2.0121002197265625,1.7950247526168823,1.9585506916046143,2.1397595405578613,2.3025825023651123,2.1015899181365967,2.0487020015716553,1.6902282238006592,1.7910977602005005,1.5413237810134888,1.7829645872116089,1.793865442276001,1.9690539836883545,2.2764430046081543
A7,0.8677869439125061,0.568779706954956,0.48777392506599426,0.7007573843002319,0.5558111667633057,0.37453535199165344,0.0,0.37312066555023193,0.6063191294670105,0.9205144047737122,1.2368977069854736,1.496112585067749,1.8497685194015503,2.0885708332061768,2.3861892223358154,1.3369232416152954,1.5365878343582153,1.453514575958252,1.7994821071624756,1.9107303619384766,1.8731335401535034,1.5528264045715332,1.3413549661636353,0.9686545133590698,0.8368160128593445,0.5117312669754028,0.5985676646232605,0.7003176212310791,0.8399758338928223,1.2130463123321533,1.4665898084640503,1.580239176750183,1.392082929611206,1.7094519138336182,1.7388734817504883,1.7648860216140747,1.4390790462493896,1.3579285144805908,0.9895316958427429,1.0488125085830688,0.8916462063789368,1.0016956329345703,1.208889365196228,1.2664679288864136,1.6563395261764526,1.26600182056427,1.1644330024719238,0.9585727453231812,0.7676904201507568,1.1130433082580566,1.3008465766906738,1.3852022886276245,1.463051438331604,1.3713692426681519,1.6899147033691406,1.766055703163147,2.1576459407806396,2.368638515472412,2.6671454906463623,2.9866561889648438,1.7510658502578735,1.8230910301208496,1.558594822883606,1.6763488054275513,1.8407585620880127,2.0430245399475098,1.869471549987793,1.87355637550354,1.5456489324569702,1.7219229936599731,1.5443254709243774,1.832892656326294,1.9145028591156006,2.118150234222412,2.447924852371216
A8,0.6150653958320618,0.45625704526901245,0.5619446635246277,0.8941795229911804,0.8760477900505066,0.6304120421409607,0.37312066555023193,0.0,0.384273886680603,0.5967700481414795,0.9493997097015381,1.1915333271026611,1.5346590280532837,1.7929205894470215,2.0638234615325928,1.3110203742980957,1.4320875406265259,1.3309098482131958,1.6853530406951904,1.7258881330490112,1.6833851337432861,1.3334155082702637,1.160198450088501,0.8221364617347717,0.7306832671165466,0.5669805407524109,0.6106995344161987,0.8765336871147156,0.9577289819717407,1.3475490808486938,1.717151403427124,1.769879937171936,1.5556676387786865,1.8491344451904297,1.801033854484558,1.828550100326538,1.476635456085205,1.443627953529358,1.1269147396087646,1.2156598567962646,1.1524364948272705,1.2101991176605225,1.4742581844329834,1.4860072135925293,1.8775118589401245,1.382750391960144,1.2970340251922607,1.0112154483795166,0.8832013010978699,1.175382375717163,1.418465256690979,1.4275609254837036,1.5231915712356567,1.362411618232727,1.685300588607788,1.7170902490615845,2.0928215980529785,2.3026463985443115,2.5670886039733887,2.911062479019165,1.5146479606628418,1.5794682502746582,1.3331975936889648,1.4148083925247192,1.6352747678756714,1.8340280055999756,1.7102038860321045,1.7115048170089722,1.4148800373077393,1.6154325008392334,1.4729130268096924,1.8136022090911865,1.9009699821472168,2.1605710983276367,2.4703736305236816
A9,0.6335074305534363,0.643345057964325,0.6083771586418152,0.993280827999115,1.037037968635559,0.9114324450492859,0.6063191294670105,0.384273886680603,0.0,0.3790990710258484,0.6345890760421753,0.9341523051261902,1.2640661001205444,1.5222800970077515,1.8295323848724365,1.0002073049545288,1.0710078477859497,0.9484046697616577,1.304728388786316,1.3487714529037476,1.30940580368042,0.9700301289558411,0.820256769657135,0.47126317024230957,0.5355074405670166,0.5439287424087524,0.7676476240158081,1.086836576461792,1.2582143545150757,1.6276426315307617,1.5899853706359863,1.566059947013855,1.336271047592163,1.606655478477478,1.5008559226989746,1.5165294408798218,1.157856822013855,1.1761311292648315,0.9256810545921326,1.0905851125717163,1.1486252546310425,1.2569646835327148,1.5796608924865723,1.6529550552368164,2.034409761428833,1.1833826303482056,1.1883964538574219,0.9291801452636719,0.9575260281562805,1.2511379718780518,1.428909182548523,1.3488768339157104,1.3658889532089233,1.1263476610183716,1.4042284488677979,1.3794808387756348,1.7531137466430664,1.9398598670959473,2.2028117179870605,2.5448808670043945,1.2828842401504517,1.2791106700897217,0.9893530011177063,1.0719069242477417,1.261684775352478,1.4686967134475708,1.3458977937698364,1.3874317407608032,1.1237305402755737,1.3857390880584717,1.3268988132476807,1.684745192527771,1.8456141948699951,2.1134860515594482,2.44102144241333
A10,0.7028093338012695,0.8592738509178162,0.9431507587432861,1.3319053649902344,1.3935593366622925,1.2121260166168213,0.9205144047737122,0.5967700481414795,0.3790990710258484,0.0,0.3843419849872589,0.6055898666381836,0.9383930563926697,1.207061767578125,1.4822741746902466,1.1017979383468628,1.0758028030395508,0.9784793853759766,1.3244465589523315,1.2654353380203247,1.1884067058563232,0.8185005784034729,0.7214399576187134,0.5362303256988525,0.6173034906387329,0.7918775677680969,0.9081853628158569,1.2851674556732178,1.4078174829483032,1.7622919082641602,1.9063482284545898,1.8546597957611084,1.637487530708313,1.8862903118133545,1.721112847328186,1.7153960466384888,1.3530738353729248,1.3899415731430054,1.2089571952819824,1.3428468704223633,1.4445401430130005,1.4838138818740845,1.827552318572998,1.8514198064804077,2.2225534915924072,1.4903165102005005,1.5112481117248535,1.2244600057601929,1.2693755626678467,1.5120514631271362,1.7237821817398071,1.602170467376709,1.6301050186157227,1.3458625078201294,1.5942211151123047,1.5067118406295776,1.8424127101898193,2.0025579929351807,2.220951795578003,2.5778586864471436,1.211796522140503,1.1641725301742554,0.8982210755348206,0.8695293664932251,1.133792519569397,1.3534471988677979,1.3255923986434937,1.387978196144104,1.2020506858825684,1.4868042469024658,1.480912685394287,1.8670380115509033,2.026458978652954,2.332548141479492,2.6338143348693848
A11,0.9071743488311768,1.139967679977417,1.166091799736023,1.548227310180664,1.6544146537780762,1.5301556587219238,1.2368977069854736,0.9493997097015381,0.6345890760421753,0.3843419849872589,0.0,0.4003044664859772,0.6452042460441589,0.9371137619018555,1.2416000366210938,1.0192688703536987,0.8642528653144836,0.7303178310394287,1.0295253992080688,0.9078137278556824,0.8403781056404114,0.47663021087646484,0.5387442111968994,0.531313419342041,0.780908465385437,1.0477116107940674,1.233496904373169,1.610574722290039,1.770653247833252,2.1142566204071045,1.9763909578323364,1.851121187210083,1.626838207244873,1.8214408159255981,1.5872975587844849,1.5776071548461914,1.2429994344711304,1.3529189825057983,1.2740952968597412,1.4591647386550903,1.6418147087097168,1.71366286277771,2.0799810886383057,2.141665458679199,2.4999613761901855,1.4874603748321533,1.5740915536880493,1.3215909004211426,1.4670957326889038,1.6808009147644043,1.8439409732818604,1.650107741355896,1.6203365325927734,1.278987169265747,1.4532182216644287,1.292313814163208,1.5855590105056763,1.7131901979446411,1.9005258083343506,2.2599847316741943,1.028717279434204,0.8758627772331238,0.5846741795539856,0.48618263006210327,0.7665299773216248,0.9840126633644104,1.0082601308822632,1.1181919574737549,1.02599036693573,1.3548657894134521,1.4479832649230957,1.8314292430877686,2.04427170753479,2.3565638065338135,2.6552929878234863
A12,1.226577877998352,1.4528247117996216,1.5154597759246826,1.904076099395752,1.9704152345657349,1.8109476566314697,1.496112585067749,1.1915333271026611,0.9341523051261902,0.6055898666381836,0.4003044664859772,0.0,0.39661461114883423,0.602308452129364,0.899573028087616,1.1443367004394531,0.965354323387146,0.9640650749206543,1.236327052116394,1.0516208410263062,0.8677738904953003,0.5558216571807861,0.5860076546669006,0.7609982490539551,0.8977543115615845,1.2314143180847168,1.33791184425354,1.730454921722412,1.8718162775039673,2.176318883895874,2.217066764831543,2.1007606983184814,1.9255846738815308,2.134709119796753,1.8891382217407227,1.8214002847671509,1.488652229309082,1.5501292943954468,1.5112394094467163,1.6251540184020996,1.8300909996032715,1.8273301124572754,2.203195810317993,2.2229180335998535,2.5561978816986084,1.857256293296814,1.963538646697998,1.7145464420318604,1.8336101770401,2.0550310611724854,2.235762119293213,2.049304246902466,2.0171587467193604,1.668788194656372,1.8124662637710571,1.6034510135650635,1.864978313446045,1.9304617643356323,2.089216470718384,2.4322054386138916,1.3193018436431885,1.1164374351501465,0.8702754378318787,0.5874021649360657,0.844590425491333,1.1108455657958984,1.2478106021881104,1.4108734130859375,1.38828444480896,1.7210546731948853,1.834481120109558,2.2194385528564453,2.4277291297912598,2.748708963394165,3.0378313064575195
A13,1.445038914680481,1.7308080196380615,1.8033446073532104,2.184480905532837,2.294888496398926,2.1449167728424072,1.8497685194015503,1.5346590280532837,1.2640661001205444,0.9383930563926697,0.6452042460441589,0.39661461114883423,0.0,0.38183388113975525,0.6150967478752136,1.4030598402023315,1.1358996629714966,1.0949057340621948,1.2584620714187622,0.9724687933921814,0.832474410533905,0.6470804810523987,0.8500637412071228,1.0818146467208862,1.2769333124160767,1.6112464666366577,1.731850028038025,2.124842643737793,2.2575981616973877,2.5651302337646484,2.513385534286499,2.3522708415985107,2.1618151664733887,2.317930221557617,2.025322198867798,1.9775036573410034,1.6879037618637085,1.8079535961151123,1.8200277090072632,1.9672648906707764,2.195730209350586,2.2115039825439453,2.59076189994812,2.618239402770996,2.9482645988464355,2.0601537227630615,2.1768081188201904,1.9296743869781494,2.0914061069488525,2.268247365951538,2.438734769821167,2.206669569015503,2.1660876274108887,1.8010567426681519,1.8983691930770874,1.656604528427124,1.8426098823547363,1.885691523551941,1.9738574028015137,2.3181958198547363,1.2635990381240845,1.0063785314559937,0.8664361238479614,0.5146942138671875,0.7779328227043152,0.9590729475021362,1.1956093311309814,1.3552168607711792,1.4316637516021729,1.7469942569732666,1.9192168712615967,2.293327569961548,2.5133938789367676,2.847883701324463,3.1112868785858154
A14,1.7888073921203613,2.044760227203369,2.0959105491638184,2.480609655380249,2.5550835132598877,2.410949468612671,2.0885708332061768,1.7929205894470215,1.5222800970077515,1.207061767578125,0.9371137619018555,0.602308452129364,0.38183388113975525,0.0,0.3967794179916382,1.4591777324676514,1.1886714696884155,1.2568230628967285,1.3976088762283325,1.123539686203003,0.8820828199386597,0.8035155534744263,0.9436976909637451,1.2608520984649658,1.4076107740402222,1.7767034769058228,1.880086064338684,2.2651097774505615,2.4147257804870605,2.6842217445373535,2.6284754276275635,2.4648544788360596,2.3245930671691895,2.488508462905884,2.1924943923950195,2.0858278274536133,1.811418890953064,1.8931852579116821,1.955476999282837,2.0565764904022217,2.3174679279327393,2.295402765274048,2.678589105606079,2.699272632598877,2.997922420501709,2.3058364391326904,2.4620678424835205,2.242053985595703,2.404121160507202,2.6078686714172363,2.765286445617676,2.5377824306488037,2.466883659362793,2.092478036880493,2.1521217823028564,1.8678771257400513,2.0368449687957764,2.009439468383789,2.09030818939209,2.3966128826141357,1.6220245361328125,1.3292357921600342,1.167365312576294,0.7832454442977905,0.9022223353385925,1.129899263381958,1.4090991020202637,1.6316039562225342,1.7403672933578491,2.074838161468506,2.2663111686706543,2.6333460807800293,2.8714492321014404,3.1961703300476074,3.469836950302124
A15,2.0121757984161377,2.2947511672973633,2.3932642936706543,2.7790820598602295,2.866154432296753,2.6904916763305664,2.3861892223358154,2.0638234615325928,1.8295323848724365,1.4822741746902466,1.2416000366210938,0.899573028087616,0.6150967478752136,0.3967794179916382,0.0,1.853917121887207,1.5838106870651245,1.6298655271530151,1.7451391220092773,1.4343109130859375,1.2394869327545166,1.1748478412628174,1.3295350074768066,1.6230340003967285,1.7502734661102295,2.1070895195007324,2.1670351028442383,2.555105447769165,2.6635000705718994,2.9246349334716797,3.0187673568725586,2.859008550643921,2.7092912197113037,2.8658769130706787,2.5612704753875732,2.470503807067871,2.2009079456329346,2.2885053157806396,2.338118076324463,2.432340621948242,2.676332950592041,2.632542610168457,3.0094587802886963,2.9981472492218018,3.293039321899414,2.657445192337036,2.7890725135803223,2.54313063621521,2.6904520988464355,2.8666276931762695,3.0504348278045654,2.8179097175598145,2.775519371032715,2.4059722423553467,2.474539041519165,2.199284553527832,2.336549758911133,2.314091682434082,2.3471927642822266,2.6522583961486816,1.798997402191162,1.5313820838928223,1.4500463008880615,1.0833829641342163,1.237082839012146,1.3924660682678223,1.7031689882278442,1.8866305351257324,2.018455982208252,2.3229901790618896,2.513331413269043,2.8820834159851074,3.0968544483184814,3.4393863677978516,3.6856324672698975
B1,1.5845081806182861,1.597022294998169,1.3835269212722778,1.667466402053833,1.6299657821655273,1.6816102266311646,1.3369232416152954,1.3110203742980957,1.0002073049545288,1.1017979383468628,1.0192688703536987,1.1443367004394531,1.4030598402023315,1.4591777324676514,1.853917121887207,0.0,0.3803667426109314,0.6289835572242737,0.9159823656082153,1.1135010719299316,0.9178508520126343,0.823920488357544,0.5630096793174744,0.5737413763999939,0.6900297403335571,0.9138860106468201,1.241161823272705,1.478742003440857,1.8090380430221558,2.059626817703247,1.1872414350509644,1.039592981338501,1.0012617111206055,1.2617154121398926,1.1155961751937866,0.8846275806427002,0.5567064881324768,0.44901376962661743,0.6041074395179749,0.7294360399246216,1.0849707126617432,1.2139273881912231,1.5760256052017212,1.7749438285827637,2.0566701889038086,1.264467716217041,1.5365983247756958,1.5107825994491577,1.6853795051574707,2.005945920944214,2.015864610671997,1.8811577558517456,1.6865284442901611,1.3891929388046265,1.4163663387298584,1.2000359296798706,1.536767601966858,1.5183641910552979,1.8383151292800903,2.0769476890563965,1.7733193635940552,1.564123511314392,1.18531334400177,1.1432828903198242,1.014404058456421,1.3292551040649414,1.2368202209472656,1.500874638557434,1.4033899307250977,1.7568286657333374,1.8657127618789673,2.1509039402008057,2.4390194416046143,2.6371665000915527,3.0062882900238037
B2,1.5764023065567017,1.6773669719696045,1.50379478931427,1.8169426918029785,1.8477952480316162,1.8747715950012207,1.5365878343582153,1.4320875406265259,1.0710078477859497,1.0758028030395508,0.8642528653144836,0.965354323387146,1.1358996629714966,1.1886714696884155,1.5838106870651245,0.3803667426109314,0.0,0.384278267621994,0.6277371644973755,0.7619796991348267,0.5398682951927185,0.522753119468689,0.4180386960506439,0.6124001741409302,0.8638052344322205,1.1569621562957764,1.4691896438598633,1.7612718343734741,2.0586719512939453,2.3352906703948975,1.505397915840149,1.293496012687683,1.1947190761566162,1.3697243928909302,1.1218376159667969,0.9339165687561035,0.6523008942604065,0.7401059865951538,0.920221209526062,1.1018753051757812,1.4411399364471436,1.5659371614456177,1.9375176429748535,2.1127567291259766,2.406187057495117,1.3518508672714233,1.6281614303588867,1.5699639320373535,1.7965805530548096,2.0750606060028076,2.0934314727783203,1.8969553709030151,1.6974585056304932,1.3495732545852661,1.3343799114227295,1.0450267791748047,1.3314827680587769,1.286841630935669,1.563064455986023,1.8239963054656982,1.560302734375,1.2932835817337036,0.9286943078041077,0.8398075699806213,0.6491438746452332,0.9764853715896606,0.9434314370155334,1.251778483390808,1.240073561668396,1.6145570278167725,1.7897945642471313,2.087604284286499,2.396481990814209,2.621912717819214,2.9728829860687256
B3,1.3389551639556885,1.4795137643814087,1.3051748275756836,1.6102622747421265,1.7134307622909546,1.751007080078125,1.453514575958252,1.3309098482131958,0.9484046697616577,0.9784793853759766,0.7303178310394287,0.9640650749206543,1.0949057340621948,1.2568230628967285,1.6298655271530151,0.6289835572242737,0.384278267621994,0.0,0.38650691509246826,0.5422681570053101,0.5316501259803772,0.46067580580711365,0.5469890832901001,0.5935367941856384,0.9514820575714111,1.1879327297210693,1.5252395868301392,1.8264501094818115,2.097452163696289,2.4170873165130615,1.557325005531311,1.3207857608795166,1.1162010431289673,1.2362638711929321,0.9455276727676392,0.8922388553619385,0.6214783191680908,0.8570630550384521,0.961520791053772,1.2402596473693848,1.5271540880203247,1.7089933156967163,2.069448232650757,2.249454975128174,2.5754940509796143,1.111727237701416,1.36396324634552,1.2874881029129028,1.560001254081726,1.7957514524459839,1.805800199508667,1.5716547966003418,1.3772979974746704,1.0086246728897095,1.0033259391784668,0.7269508838653564,1.036392092704773,1.085217833518982,1.3538414239883423,1.6655161380767822,1.2105475664138794,0.9659785628318787,0.6060835123062134,0.6625336408615112,0.5194278955459595,0.7463855743408203,0.6169009208679199,0.8845020532608032,0.8569902777671814,1.2320997714996338,1.424656629562378,1.7222065925598145,2.037308692932129,2.2720799446105957,2.6132922172546387
B4,1.6078013181686401,1.7768189907073975,1.589426875114441,1.8569272756576538,1.998396396636963,2.07069993019104,1.7994821071624756,1.6853530406951904,1.304728388786316,1.3244465589523315,1.0295253992080688,1.236327052116394,1.2584620714187622,1.3976088762283325,1.7451391220092773,0.9159823656082153,0.6277371644973755,0.38650691509246826,0.0,0.37619641423225403,0.5431629419326782,0.688498318195343,0.884223222732544,0.979663074016571,1.3362665176391602,1.5623342990875244,1.9088276624679565,2.2003490924835205,2.4760382175445557,2.7970519065856934,1.7335153818130493,1.432026743888855,1.2263410091400146,1.2283378839492798,0.8677288293838501,0.8553124666213989,0.7453088164329529,1.0607044696807861,1.2422473430633545,1.5423717498779297,1.8431298732757568,2.0526909828186035,2.4026401042938232,2.6066176891326904,2.922910213470459,1.2058601379394531,1.491730809211731,1.4677339792251587,1.793465256690979,1.9827940464019775,1.9426013231277466,1.6618701219558716,1.4185718297958374,1.0534979104995728,0.9134347438812256,0.5447194576263428,0.7335575819015503,0.7180511355400085,0.9718669056892395,1.2821860313415527,1.2344872951507568,0.9460532069206238,0.6888346076011658,0.7852060198783875,0.5096908807754517,0.5720483660697937,0.39962998032569885,0.7395554184913635,0.8522260189056396,1.1943774223327637,1.469011664390564,1.7132799625396729,2.0658111572265625,2.2804315090179443,2.6076557636260986
B5,1.581091284751892,1.8179924488067627,1.7056477069854736,2.010723114013672,2.1729347705841064,2.1860227584838867,1.9107303619384766,1.7258881330490112,1.3487714529037476,1.2654353380203247,0.9078137278556824,1.0516208410263062,0.9724687933921814,1.123539686203003,1.4343109130859375,1.1135010719299316,0.7619796991348267,0.5422681570053101,0.37619641423225403,0.0,0.3801460862159729,0.5536742210388184,0.8772547841072083,1.0484366416931152,1.4082413911819458,1.6813833713531494,1.9829546213150024,2.316075563430786,2.5553395748138428,2.885772705078125,2.0611722469329834,1.7828423976898193,1.5683456659317017,1.5880951881408691,1.2282962799072266,1.2288482189178467,1.0798676013946533,1.3582030534744263,1.5012362003326416,1.7765480279922485,2.068030595779419,2.2345733642578125,2.6022188663482666,2.7637171745300293,3.091219663619995,1.483000636100769,1.7132846117019653,1.6147923469543457,1.9230260848999023,2.0857362747192383,2.1000912189483643,1.8003325462341309,1.6144344806671143,1.2329455614089966,1.1462914943695068,0.808443546295166,0.9162396192550659,0.9132729768753052,1.0385645627975464,1.3839982748031616,1.0786333084106445,0.7222487926483154,0.5251618027687073,0.5170468688011169,0.24278691411018372,0.22425717115402222,0.3366146683692932,0.6809464693069458,0.8884326219558716,1.2287379503250122,1.5255513191223145,1.8065448999404907,2.135877847671509,2.3950858116149902,2.6920053958892822
B6,1.6595350503921509,1.868422269821167,1.764807939529419,2.0990567207336426,2.2024590969085693,2.1905837059020996,1.8731335401535034,1.6833851337432861,1.30940580368042,1.1884067058563232,0.8403781056404114,0.8677738904953003,0.832474410533905,0.8820828199386597,1.2394869327545166,0.9178508520126343,0.5398682951927185,0.5316501259803772,0.5431629419326782,0.3801460862159729,0.0,0.37115299701690674,0.6359277367591858,0.9242126941680908,1.2308064699172974,1.557321548461914,1.8312349319458008,2.17151141166687,2.4214515686035156,2.7225284576416016,2.0082547664642334,1.7591744661331177,1.6068168878555298,1.695297122001648,1.365931749343872,1.2640517950057983,1.0634992122650146,1.2530124187469482,1.418285608291626,1.627699851989746,1.9459269046783447,2.0588276386260986,2.438689947128296,2.5813214778900146,2.888725757598877,1.6298860311508179,1.8765400648117065,1.7693182229995728,2.033961296081543,2.2473838329315186,2.287846326828003,2.026017427444458,1.8467109203338623,1.4636199474334717,1.411531686782837,1.0694957971572876,1.233241319656372,1.1658825874328613,1.3229018449783325,1.6200196743011475,1.346290946006775,0.9968066811561584,0.7235164046287537,0.5206159949302673,0.1927836686372757,0.5381060242652893,0.6978469491004944,1.0373128652572632,1.1750872135162354,1.5417149066925049,1.7954553365707397,2.1023950576782227,2.4183640480041504,2.6811537742614746,2.993699789047241
B7,1.32931387424469,1.536754846572876,1.47076416015625,1.8290420770645142,1.9244650602340698,1.871760606765747,1.5528264045715332,1.3334155082702637,0.9700301289558411,0.8185005784034729,0.47663021087646484,0.5558216571807861,0.6470804810523987,0.8035155534744263,1.1748478412628174,0.823920488357544,0.522753119468689,0.46067580580711365,0.688498318195343,0.5536742210388184,0.37115299701690674,0.0,0.37311676144599915,0.6239665150642395,0.9323307275772095,1.2593220472335815,1.5084139108657837,1.865925908088684,2.089923858642578,2.4045138359069824,1.9192593097686768,1.7246935367584229,1.5436216592788696,1.693480134010315,1.404832124710083,1.3322341442108154,1.0458433628082275,1.1939884424209595,1.258618712425232,1.457574725151062,1.7327901124954224,1.8262355327606201,2.2082056999206543,2.3201074600219727,2.6482179164886475,1.5135148763656616,1.7054674625396729,1.5422885417938232,1.7622923851013184,1.98761785030365,2.0752451419830322,1.8425912857055664,1.7173182964324951,1.3400553464889526,1.3876224756240845,1.114915132522583,1.362330675125122,1.3898526430130005,1.5755822658538818,1.9043633937835693,1.1914293766021729,0.9018280506134033,0.566475510597229,0.3381262719631195,0.3539894223213196,0.6883413195610046,0.7773260474205017,1.0338563919067383,1.0661264657974243,1.4393213987350464,1.629565954208374,1.974776268005371,2.2537808418273926,2.5371453762054443,2.8510546684265137
B8,1.32754385471344,1.4526052474975586,1.3648946285247803,1.7248283624649048,1.7495965957641602,1.6925987005233765,1.3413549661636353,1.160198450088501,0.820256769657135,0.7214399576187134,0.5387442111968994,0.5860076546669006,0.8500637412071228,0.9436976909637451,1.3295350074768066,0.5630096793174744,0.4180386960506439,0.5469890832901001,0.884223222732544,0.8772547841072083,0.6359277367591858,0.37311676144599915,0.0,0.3886766731739044,0.6075711846351624,0.9653653502464294,1.207210659980774,1.5521819591522217,1.8005439043045044,2.0902278423309326,1.690606951713562,1.5511478185653687,1.4205846786499023,1.6449695825576782,1.4207680225372314,1.2879718542099,0.9498197436332703,0.9815468788146973,1.011959433555603,1.1432085037231445,1.4214909076690674,1.4782447814941406,1.8643467426300049,1.9705748558044434,2.287858724594116,1.483049750328064,1.677640676498413,1.527889609336853,1.6929070949554443,1.9724878072738647,2.0675048828125,1.8918617963790894,1.770599603652954,1.4217654466629028,1.5067830085754395,1.268835186958313,1.5767772197723389,1.5978845357894897,1.8387601375579834,2.1417548656463623,1.449722409248352,1.216509461402893,0.8516941666603088,0.6837121248245239,0.6936686038970947,1.0439972877502441,1.068780541419983,1.3159573078155518,1.2625725269317627,1.6347075700759888,1.76302170753479,2.109694004058838,2.372149705886841,2.637779712677002,2.9732165336608887
B9,1.043489933013916,1.1052360534667969,0.9869868755340576,1.3434165716171265,1.3617639541625977,1.3136235475540161,0.9686545133590698,0.8221364617347717,0.47126317024230957,0.5362303256988525,0.531313419342041,0.7609982490539551,1.0818146467208862,1.2608520984649658,1.6230340003967285,0.5737413763999939,0.6124001741409302,0.5935367941856384,0.979663074016571,1.0484366416931152,0.9242126941680908,0.6239665150642395,0.3886766731739044,0.0,0.37957775592803955,0.6429994702339172,0.9410658478736877,1.2696951627731323,1.5210970640182495,1.8408972024917603,1.4687076807022095,1.375969648361206,1.201743245124817,1.4652364253997803,1.3019371032714844,1.2260065078735352,0.8529612421989441,0.8674068450927734,0.7592718601226807,0.9308119416236877,1.143048882484436,1.2470974922180176,1.6184941530227661,1.7371599674224854,2.083638906478882,1.2066913843154907,1.3540488481521606,1.1906455755233765,1.3222469091415405,1.622372031211853,1.7241342067718506,1.5883468389511108,1.4966974258422852,1.1864244937896729,1.3470990657806396,1.2019540071487427,1.5660406351089478,1.665071725845337,1.940441370010376,2.256479263305664,1.3699944019317627,1.2308789491653442,0.8646535277366638,0.8518357276916504,0.9288567900657654,1.2125931978225708,1.1292895078659058,1.294257640838623,1.1287355422973633,1.4709311723709106,1.5252779722213745,1.8697177171707153,2.1051928997039795,2.3583834171295166,2.7030560970306396
B10,1.1571438312530518,1.1284887790679932,1.0422598123550415,1.3818228244781494,1.3040475845336914,1.2103285789489746,0.8368160128593445,0.7306832671165466,0.5355074405670166,0.6173034906387329,0.780908465385437,0.8977543115615845,1.2769333124160767,1.4076107740402222,1.7502734661102295,0.6900297403335571,0.8638052344322205,0.9514820575714111,1.3362665176391602,1.4082413911819458,1.2308064699172974,0.9323307275772095,0.6075711846351624,0.37957775592803955,0.0,0.38740360736846924,0.6114321947097778,0.9447670578956604,1.2061610221862793,1.4961189031600952,1.4493998289108276,1.4501713514328003,1.3422542810440063,1.6655842065811157,1.5695409774780273,1.4529881477355957,1.0770964622497559,0.9571707844734192,0.7708818912506104,0.7837600708007812,0.9390265345573425,0.9440820217132568,1.3209223747253418,1.3953452110290527,1.7386265993118286,1.4185651540756226,1.5305875539779663,1.3653709888458252,1.398650884628296,1.73362398147583,1.866355061531067,1.7990772724151611,1.7410407066345215,1.4779921770095825,1.6686350107192993,1.552624225616455,1.9276926517486572,2.015418767929077,2.303812265396118,2.6055798530578613,1.6879525184631348,1.5782803297042847,1.2248061895370483,1.1695877313613892,1.2633910179138184,1.5725085735321045,1.5079604387283325,1.667906403541565,1.4774175882339478,1.7974642515182495,1.7978719472885132,2.1397345066070557,2.338172197341919,2.5815999507904053,2.9282617568969727
B11,1.108141303062439,0.9524971842765808,0.8285717964172363,1.1105501651763916,0.963173508644104,0.8802452087402344,0.5117312669754028,0.5669805407524109,0.5439287424087524,0.7918775677680969,1.0477116107940674,1.2314143180847168,1.6112464666366577,1.7767034769058228,2.1070895195007324,0.9138860106468201,1.1569621562957764,1.1879327297210693,1.5623342990875244,1.6813833713531494,1.557321548461914,1.2593220472335815,0.9653653502464294,0.6429994702339172,0.38740360736846924,0.0,0.3960077464580536,0.6402176022529602,0.9285523295402527,1.2392754554748535,1.2937673330307007,1.3777779340744019,1.2652982473373413,1.6183420419692993,1.604981541633606,1.5279004573822021,1.1704858541488647,1.0159367322921753,0.6997901797294617,0.6781275272369385,0.6715869903564453,0.714733362197876,1.0489174127578735,1.1364158391952515,1.5077919960021973,1.319108247756958,1.367366075515747,1.2173981666564941,1.1669412851333618,1.526688814163208,1.6596697568893433,1.6660617589950562,1.6423386335372925,1.4552950859069824,1.69379460811615,1.6616263389587402,2.0579068660736084,2.1896004676818848,2.500629425048828,2.7992045879364014,1.811612844467163,1.773398995399475,1.440560221672058,1.4665768146514893,1.571699619293213,1.84479820728302,1.7186775207519531,1.8239539861679077,1.5645215511322021,1.8328653573989868,1.7577577829360962,2.0711944103240967,2.230522394180298,2.44356369972229,2.794382095336914
B12,1.2190049886703491,1.039092779159546,1.0382397174835205,1.2965161800384521,1.1035598516464233,0.90631103515625,0.5985676646232605,0.6106995344161987,0.7676476240158081,0.9081853628158569,1.233496904373169,1.33791184425354,1.731850028038025,1.880086064338684,2.1670351028442383,1.241161823272705,1.4691896438598633,1.5252395868301392,1.9088276624679565,1.9829546213150024,1.8312349319458008,1.5084139108657837,1.207210659980774,0.9410658478736877,0.6114321947097778,0.3960077464580536,0.0,0.3952459394931793,0.5953626036643982,0.9032253623008728,1.6010876893997192,1.734950304031372,1.646706223487854,2.005915403366089,2.000661849975586,1.9180063009262085,1.5587198734283447,1.3812466859817505,1.0739248991012573,0.9603061676025391,0.8619956970214844,0.7329968810081482,1.008137583732605,0.9568390250205994,1.333069086074829,1.6845165491104126,1.6817673444747925,1.4911248683929443,1.3571544885635376,1.696553111076355,1.8887903690338135,1.9341320991516113,1.9651516675949097,1.795969843864441,2.0616493225097656,2.0348196029663086,2.427044630050659,2.561518669128418,2.8592376708984375,3.167426347732544,2.0373692512512207,2.021375894546509,1.7108737230300903,1.6931101083755493,1.8466993570327759,2.1304965019226074,2.042651891708374,2.136157989501953,1.8771687746047974,2.130685329437256,2.0246026515960693,2.3497731685638428,2.463249444961548,2.689577341079712,3.020188570022583
B13,1.4847447872161865,1.2226910591125488,1.1830729246139526,1.3369303941726685,1.0512784719467163,0.8958550691604614,0.7003176212310791,0.8765336871147156,1.086836576461792,1.2851674556732178,1.610574722290039,1.730454921722412,2.124842643737793,2.2651097774505615,2.555105447769165,1.478742003440857,1.7612718343734741,1.8264501094818115,2.2003490924835205,2.316075563430786,2.17151141166687,1.865925908088684,1.5521819591522217,1.2696951627731323,0.9447670578956604,0.6402176022529602,0.3952459394931793,0.0,0.3808911144733429,0.616032600402832,1.5508002042770386,1.7658946514129639,1.7226396799087524,2.0965545177459717,2.1605441570281982,2.0752692222595215,1.7459598779678345,1.5215215682983398,1.1857242584228516,1.0002069473266602,0.7618721127510071,0.5761890411376953,0.710479736328125,0.6169403195381165,1.006469488143921,1.8028388023376465,1.7753132581710815,1.6349735260009766,1.442608118057251,1.785542607307434,1.9540307521820068,2.0658655166625977,2.103519916534424,1.9943143129348755,2.2631216049194336,2.275296211242676,2.675541877746582,2.8146963119506836,3.1344451904296875,3.4252662658691406,2.3561525344848633,2.3635544776916504,2.0525662899017334,2.063389778137207,2.1939215660095215,2.4744770526885986,2.354804754257202,2.4383721351623535,2.1522858142852783,2.377936601638794,2.2333226203918457,2.5214037895202637,2.610098361968994,2.7955853939056396,3.128718137741089
