,A1,A2,A3,A4,A5,A6,A7,A8,A9,A10,A11,A12,A13,A14,A15,B1,B2,B3,B4,B5,B6,B7,B8,B9,B10,B11,B12,B13,B14,B15,C1,C2,C3,C4,C5,C6,C7,C8,C9,C10,C11,C12,C13,C14,C15,D1,D2,D3,D4,D5,D6,D7,D8,D9,D10,D11,D12,D13,D14,D15,E1,E2,E3,E4,E5,E6,E7,E8,E9,E10,E11,E12,E13,E14,E15
A1,0.0,0.3816124200820923,0.5814005136489868,0.8683152794837952,1.1026767492294312,1.334059476852417,1.6427339315414429,1.8969866037368774,2.2101633548736572,2.522634506225586,2.797075033187866,3.098872184753418,3.4395041465759277,3.678475856781006,4.003213882446289,1.506883978843689,1.5877286195755005,1.4058672189712524,1.314408302307129,1.683509349822998,1.7649656534194946,2.0002126693725586,2.3371095657348633,2.4601337909698486,2.847954750061035,2.9769527912139893,3.34049391746521,3.609605312347412,3.816953659057617,4.183037281036377,2.5392212867736816,2.4052257537841797,2.271597146987915,1.942507266998291,2.0971949100494385,2.1961164474487305,2.1599957942962646,2.502931833267212,2.4696085453033447,2.8160054683685303,2.89300274848938,3.1534366607666016,3.419170379638672,3.470227003097534,3.8535420894622803,2.5494346618652344,2.2679898738861084,2.2995381355285645,1.9698832035064697,1.8795030117034912,2.0997049808502197,1.9061412811279297,2.1798930168151855,2.2143726348876953,2.4313998222351074,2.6292028427124023,2.7330641746520996,3.0741190910339355,3.048820734024048,3.398689031600952,1.641461730003357,1.3371646404266357,1.5629463195800781,1.4461174011230469,1.263142704963684,1.597435712814331,1.5525964498519897,1.7512786388397217,2.0234375,2.216536283493042,2.55500864982605,2.6980955600738525,3.093733787536621,3.203014850616455,3.5166337490081787
A2,0.3816124200820923,0.0,0.3804478943347931,0.6038638353347778,0.7536965012550354,1.0279183387756348,1.3027219772338867,1.5603631734848022,1.8816590309143066,2.1857566833496094,2.475414991378784,2.760831594467163,3.113121747970581,3.3392903804779053,3.664206027984619,1.2131016254425049,1.2501254081726074,1.0356892347335815,0.9476552605628967,1.3205100297927856,1.3981157541275024,1.6550166606903076,1.9851330518722534,2.1343162059783936,2.518122673034668,2.6680898666381836,3.0300655364990234,3.310946226119995,3.5302224159240723,3.8913516998291016,2.2595152854919434,2.1264965534210205,1.9555983543395996,1.632135272026062,1.8052384853363037,1.8751322031021118,1.870772123336792,2.2146756649017334,2.192317008972168,2.554532766342163,2.6331894397735596,2.9211175441741943,3.186861276626587,3.2725515365600586,3.6570258140563965,2.4147958755493164,2.1347103118896484,2.1080915927886963,1.7538522481918335,1.6857655048370361,1.86564302444458,1.6762510538101196,1.9675626754760742,1.9731385707855225,2.2217772006988525,2.3936948776245117,2.5331592559814453,2.8632404804229736,2.8579459190368652,3.2228827476501465,1.7140545845031738,1.3721802234649658,1.511480450630188,1.3131078481674194,1.0962210893630981,1.4057682752609253,1.3003768920898438,1.5241748094558716,1.7516504526138306,1.9626412391662598,2.281618118286133,2.432258367538452,2.8257853984832764,2.9203896522521973,3.249821662902832
A3,0.5814005136489868,0.3804478943347931,0.0,0.3771381676197052,0.602349042892456,0.766020655632019,1.0974563360214233,1.3574531078338623,1.649023175239563,1.9769203662872314,2.2331912517547607,2.5486574172973633,2.8807272911071777,3.1223666667938232,3.452576160430908,1.4659202098846436,1.4191471338272095,1.1425753831863403,0.9645435810089111,1.2749528884887695,1.2783170938491821,1.4843151569366455,1.8083972930908203,1.8987421989440918,2.286433696746826,2.4005560874938965,2.7661964893341064,3.0296778678894043,3.2382524013519287,3.6031336784362793,2.307586908340454,2.1161015033721924,1.9308608770370483,1.5763285160064697,1.669951319694519,1.7084672451019287,1.6375815868377686,1.960054636001587,1.9003862142562866,2.245530605316162,2.3140199184417725,2.582817792892456,2.8480756282806396,2.915902853012085,3.3004190921783447,2.2922630310058594,1.974413275718689,1.9355170726776123,1.584625482559204,1.4429877996444702,1.5991969108581543,1.3673580884933472,1.6297587156295776,1.6394585371017456,1.8687087297439575,2.060551404953003,2.1900248527526855,2.534146785736084,2.5407114028930664,2.9024391174316406,1.5144332647323608,1.1414469480514526,1.2360926866531372,1.0597691535949707,0.7783240079879761,1.0645397901535034,0.9754254221916199,1.181606650352478,1.4477276802062988,1.6649267673492432,1.9961555004119873,2.170063018798828,2.56240177154541,2.694690227508545,3.0216383934020996
A4,0.8683152794837952,0.6038638353347778,0.3771381676197052,0.0,0.392217755317688,0.606647789478302,0.8693609237670898,1.1980571746826172,1.4450041055679321,1.7983369827270508,2.043860912322998,2.354421377182007,2.6943061351776123,2.906344175338745,3.254427194595337,1.4042378664016724,1.2646129131317139,1.003953456878662,0.7237566113471985,0.9781867861747742,1.0160939693450928,1.1728479862213135,1.5239603519439697,1.6236730813980103,2.014172315597534,2.1575450897216797,2.5054163932800293,2.795647144317627,2.9861156940460205,3.3571367263793945,1.982032060623169,1.7646030187606812,1.5826090574264526,1.2185817956924438,1.2947007417678833,1.3527631759643555,1.293338418006897,1.6357306241989136,1.6237317323684692,1.9834669828414917,2.096597909927368,2.3765037059783936,2.6712052822113037,2.7680468559265137,3.1524441242218018,1.96430504322052,1.651687502861023,1.5807124376296997,1.2207071781158447,1.1067649126052856,1.2643035650253296,1.0783469676971436,1.3893144130706787,1.4354051351547241,1.7202776670455933,1.92500638961792,2.113874912261963,2.464445114135742,2.525421142578125,2.8966853618621826,1.415224552154541,1.0465327501296997,1.0475819110870361,0.7834100127220154,0.5377199053764343,0.8344525098800659,0.7665061354637146,1.0686378479003906,1.3016949892044067,1.5893440246582031,1.8860021829605103,2.112975597381592,2.492696762084961,2.6385838985443115,2.987574815750122
A5,1.1026767492294312,0.7536965012550354,0.602349042892456,0.392217755317688,0.0,0.3817093074321747,0.5591208338737488,0.8684948682785034,1.1559746265411377,1.4790871143341064,1.7609608173370361,2.043234348297119,2.4004857540130615,2.6076314449310303,2.9454433917999268,1.2251665592193604,1.0467318296432495,0.7221377491950989,0.4815181791782379,0.7089603543281555,0.677482008934021,0.9157022833824158,1.2360416650772095,1.3847405910491943,1.766411304473877,1.9329829216003418,2.2887260913848877,2.5833966732025146,2.807048797607422,3.1639564037323,1.894073724746704,1.6986445188522339,1.4451484680175781,1.110807180404663,1.2207311391830444,1.1890281438827515,1.190263271331787,1.5122997760772705,1.4912934303283691,1.8679933547973633,1.9538636207580566,2.2748777866363525,2.546027898788452,2.6847896575927734,3.0650901794433594,2.124403238296509,1.830284595489502,1.6815894842147827,1.306379795074463,1.2270324230194092,1.2814443111419678,1.0865319967269897,1.3825472593307495,1.341124415397644,1.644832968711853,1.7830513715744019,1.9974602460861206,2.3139166831970215,2.3746232986450195,2.756457805633545,1.7772279977798462,1.4095020294189453,1.3466161489486694,1.0409197807312012,0.7696537971496582,0.9268335103988647,0.7037096619606018,0.9808568358421326,1.1114569902420044,1.38772451877594,1.654968023300171,1.8616013526916504,2.2376463413238525,2.346975088119507,2.7061991691589355
A6,1.334059476852417,1.0279183387756348,0.766020655632019,0.606647789478302,0.3817093074321747,0.0,0.37590187788009644,0.6200043559074402,0.8833797574043274,1.222085952758789,1.4707932472229004,1.787618637084961,2.119922399520874,2.3571038246154785,2.690643787384033,1.5580841302871704,1.3628145456314087,1.0136548280715942,0.7979058027267456,0.8844969272613525,0.6840886473655701,0.8450305461883545,1.1021575927734375,1.1627501249313354,1.541945457458496,1.6526050567626953,2.0250442028045654,2.2884373664855957,2.5198044776916504,2.874234914779663,2.119086980819702,1.883514642715454,1.607998251914978,1.2771190404891968,1.2842414379119873,1.1638158559799194,1.0777630805969238,1.336582064628601,1.231900930404663,1.5875682830810547,1.6294134855270386,1.944498062133789,2.1961164474487305,2.3254947662353516,2.7056655883789062,2.225019931793213,1.9022271633148193,1.7259395122528076,1.3711241483688354,1.2037005424499512,1.169708013534546,0.8931673169136047,1.1139196157455444,1.010201096534729,1.2864556312561035,1.4124715328216553,1.6164779663085938,1.9340742826461792,1.9986944198608398,2.3800973892211914,1.8278449773788452,1.4544155597686768,1.3314212560653687,1.0683294534683228,0.7307929992675781,0.7335999011993408,0.40839114785194397,0.6127090454101562,0.743290364742279,1.0161077976226807,1.2978026866912842,1.5173332691192627,1.8944928646087646,2.035062074661255,2.38879656791687
A7,1.6427339315414429,1.3027219772338867,1.0974563360214233,0.8693609237670898,0.5591208338737488,0.37590187788009644,0.0,0.3813566267490387,0.6023195385932922,0.9401464462280273,1.2093409299850464,1.493382453918457,1.8481676578521729,2.0519778728485107,2.3942391872406006,1.5403441190719604,1.2787535190582275,0.9554941654205322,0.7553821206092834,0.6735587120056152,0.366048127412796,0.5091736316680908,0.7357499003410339,0.8528845310211182,1.2255429029464722,1.3884435892105103,1.7483628988265991,2.0400826930999756,2.281219720840454,2.6277225017547607,1.9218698740005493,1.690035343170166,1.374892234802246,1.0911318063735962,1.0902501344680786,0.8889812231063843,0.8715728521347046,1.103942632675171,1.0389033555984497,1.4116215705871582,1.4708337783813477,1.8234943151474,2.076496124267578,2.2617502212524414,2.6303586959838867,2.1848456859588623,1.8937257528305054,1.6525585651397705,1.3102134466171265,1.2042131423950195,1.0851200819015503,0.8770831227302551,1.0950052738189697,0.9538691639900208,1.2777034044265747,1.347986102104187,1.6186469793319702,1.8998619318008423,2.0091042518615723,2.392836570739746,2.0543859004974365,1.7026875019073486,1.5217633247375488,1.2163065671920776,0.9551200866699219,0.8786155581474304,0.5479407906532288,0.7415977120399475,0.6861486434936523,0.9938382506370544,1.1836357116699219,1.4295485019683838,1.7760860919952393,1.8956221342086792,2.2699966430664062
A8,1.8969866037368774,1.5603631734848022,1.3574531078338623,1.1980571746826172,0.8684948682785034,0.6200043559074402,0.3813566267490387,0.0,0.37902501225471497,0.6261774897575378,0.9312308430671692,1.2032326459884644,1.5549931526184082,1.7899736166000366,2.1067771911621094,1.7260520458221436,1.4870752096176147,1.1529533863067627,1.054762601852417,0.9484944343566895,0.5739898681640625,0.6980686783790588,0.7233933210372925,0.8001260161399841,1.1094993352890015,1.2296274900436401,1.604254961013794,1.8557549715042114,2.1406445503234863,2.4605910778045654,2.1886842250823975,1.9745250940322876,1.6318328380584717,1.39882230758667,1.3841220140457153,1.1080658435821533,1.0887025594711304,1.2133612632751465,1.0696784257888794,1.3934714794158936,1.3653991222381592,1.7331794500350952,1.9248415231704712,2.1295974254608154,2.4837257862091064,2.5207254886627197,2.231421709060669,1.9685076475143433,1.6475400924682617,1.5231870412826538,1.3398876190185547,1.1077598333358765,1.2192896604537964,0.9650018811225891,1.2190289497375488,1.1851441860198975,1.4390778541564941,1.6638319492340088,1.7534451484680176,2.1351935863494873,2.3799588680267334,2.0234246253967285,1.835493564605713,1.5590856075286865,1.2716596126556396,1.1303476095199585,0.7690932750701904,0.778504490852356,0.5677171349525452,0.7579877376556396,0.8975042104721069,1.0946277379989624,1.4356483221054077,1.5259021520614624,1.9020062685012817
A9,2.2101633548736572,1.8816590309143066,1.649023175239563,1.4450041055679321,1.1559746265411377,0.8833797574043274,0.6023195385932922,0.37902501225471497,0.0,0.38895946741104126,0.6072593927383423,0.9137570261955261,1.2509832382202148,1.47384512424469,1.8127871751785278,2.0260262489318848,1.7461398839950562,1.4477992057800293,1.3092997074127197,1.1090307235717773,0.7423765063285828,0.6667507290840149,0.5366992950439453,0.4721826910972595,0.7491101026535034,0.8511682152748108,1.225962519645691,1.4837191104888916,1.7638301849365234,2.0858614444732666,2.2212491035461426,1.9765496253967285,1.6407639980316162,1.443915843963623,1.3416987657546997,1.005707025527954,0.9460800290107727,0.9563010931015015,0.780097246170044,1.0669500827789307,1.0327963829040527,1.4146833419799805,1.6082334518432617,1.8488131761550903,2.1900534629821777,2.474642753601074,2.195913076400757,1.8991400003433228,1.6269676685333252,1.4935500621795654,1.2281064987182617,1.0349881649017334,1.0663357973098755,0.781471312046051,1.0330747365951538,0.957891047000885,1.2748148441314697,1.47526216506958,1.6363084316253662,2.004605770111084,2.4697070121765137,2.140552043914795,1.8945462703704834,1.634386420249939,1.3960480690002441,1.1665481328964233,0.8647359013557434,0.8321619033813477,0.5050339102745056,0.7126737236976624,0.7156683206558228,0.9972947239875793,1.276282787322998,1.410726547241211,1.7909610271453857
A10,2.522634506225586,2.1857566833496094,1.9769203662872314,1.7983369827270508,1.4790871143341064,1.222085952758789,0.9401464462280273,0.6261774897575378,0.38895946741104126,0.0,0.36880072951316833,0.5783321261405945,0.9367758631706238,1.1717426776885986,1.480820894241333,2.2064568996429443,1.938238501548767,1.6565330028533936,1.5879417657852173,1.3693361282348633,1.0056711435317993,0.9589456915855408,0.6976628303527832,0.6530067324638367,0.7304732799530029,0.800032913684845,1.1372407674789429,1.3484615087509155,1.6775164604187012,1.9501965045928955,2.42876935005188,2.215672492980957,1.8626165390014648,1.723582148551941,1.6405075788497925,1.2779287099838257,1.267338514328003,1.204756736755371,1.0274852514266968,1.2235116958618164,1.1143004894256592,1.488900899887085,1.6012388467788696,1.879103422164917,2.1827149391174316,2.8067076206207275,2.546593427658081,2.230886697769165,1.975726842880249,1.8637886047363281,1.5763566493988037,1.406159520149231,1.3913183212280273,1.0731983184814453,1.2398673295974731,1.050625205039978,1.3376045227050781,1.435182809829712,1.5859416723251343,1.9307938814163208,2.857347011566162,2.52687406539917,2.2811615467071533,2.022857666015625,1.7812579870224,1.547958254814148,1.2419761419296265,1.1538954973220825,0.7900345921516418,0.8254811763763428,0.6762675046920776,0.8557917475700378,1.0573937892913818,1.1236457824707031,1.507275938987732
A11,2.797075033187866,2.475414991378784,2.2331912517547607,2.043860912322998,1.7609608173370361,1.4707932472229004,1.2093409299850464,0.9312308430671692,0.6072593927383423,0.36880072951316833,0.0,0.3887989819049835,0.6532592177391052,0.9185596704483032,1.240222454071045,2.5570614337921143,2.274426221847534,1.9983118772506714,1.8946599960327148,1.6547244787216187,1.3026994466781616,1.170684814453125,0.8757272958755493,0.6796924471855164,0.5999358892440796,0.516009509563446,0.8350598812103271,0.9945908188819885,1.334621548652649,1.5983680486679077,2.630490303039551,2.390465259552002,2.058854103088379,1.9314991235733032,1.7821502685546875,1.4095525741577148,1.3406076431274414,1.174259066581726,0.9508944153785706,1.0287965536117554,0.8579861521720886,1.207328200340271,1.2784925699234009,1.5831449031829834,1.8610621690750122,2.8798418045043945,2.6215767860412598,2.2986228466033936,2.089118242263794,1.9501551389694214,1.6198121309280396,1.4668498039245605,1.3633098602294922,1.0389025211334229,1.1286954879760742,0.8809533715248108,1.1789121627807617,1.2221810817718506,1.4355043172836304,1.7479989528656006,2.967170476913452,2.659435272216797,2.3811399936676025,2.1573848724365234,1.9399951696395874,1.651756763458252,1.3984967470169067,1.2620989084243774,0.8865147829055786,0.875346302986145,0.5971812009811401,0.8152797818183899,0.9045922160148621,1.0408947467803955,1.3973244428634644
A12,3.098872184753418,2.760831594467163,2.5486574172973633,2.354421377182007,2.043234348297119,1.787618637084961,1.493382453918457,1.2032326459884644,0.9137570261955261,0.5783321261405945,0.3887989819049835,0.0,0.3964645266532898,0.5997997522354126,0.9049818515777588,2.696809768676758,2.412766695022583,2.1706695556640625,2.1119563579559326,1.8427046537399292,1.5125731229782104,1.3924683332443237,1.04043710231781,0.9274553656578064,0.7185975909233093,0.6917561888694763,0.856442928314209,0.9796277284622192,1.3391335010528564,1.5302529335021973,2.7234368324279785,2.518402099609375,2.1797642707824707,2.1132287979125977,1.9889682531356812,1.6072062253952026,1.6053860187530518,1.4187355041503906,1.2604360580444336,1.302267074584961,1.145460605621338,1.4589827060699463,1.4756015539169312,1.8110884428024292,2.035966634750366,3.119020700454712,2.8908960819244385,2.5476367473602295,2.352405071258545,2.2575745582580566,1.9211307764053345,1.8103758096694946,1.7230435609817505,1.4167767763137817,1.5028077363967896,1.2339941263198853,1.5023539066314697,1.4684380292892456,1.6694365739822388,1.9414368867874146,3.321866512298584,3.0154592990875244,2.7349722385406494,2.492219924926758,2.2881016731262207,2.014693021774292,1.7543870210647583,1.6396530866622925,1.2624733448028564,1.22832190990448,0.9285082221031189,1.0337724685668945,1.0117923021316528,1.0376601219177246,1.3635892868041992
A13,3.4395041465759277,3.113121747970581,2.8807272911071777,2.6943061351776123,2.4004857540130615,2.119922399520874,1.8481676578521729,1.5549931526184082,1.2509832382202148,0.9367758631706238,0.6532592177391052,0.3964645266532898,0.0,0.37441158294677734,0.6076532602310181,3.0916800498962402,2.808826208114624,2.5628292560577393,2.4950273036956787,2.225897789001465,1.8941473960876465,1.7506126165390015,1.4003688097000122,1.227310299873352,0.9555523991584778,0.8025581240653992,0.8318605422973633,0.7881078720092773,1.1549599170684814,1.2673746347427368,3.0679070949554443,2.8520727157592773,2.528057813644409,2.467634916305542,2.3102779388427734,1.9306526184082031,1.8920427560806274,1.6507657766342163,1.4654310941696167,1.4033169746398926,1.1902530193328857,1.4195746183395386,1.3400309085845947,1.6816478967666626,1.8418868780136108,3.3818678855895996,3.155019521713257,2.812885046005249,2.6481876373291016,2.5310957431793213,2.1757569313049316,2.0671439170837402,1.9187583923339844,1.6136112213134766,1.618788719177246,1.309211015701294,1.5243148803710938,1.3986562490463257,1.6183735132217407,1.8246718645095825,3.583461046218872,3.290437698364258,2.9956047534942627,2.7822957038879395,2.5836305618286133,2.2802841663360596,2.046724557876587,1.8887466192245483,1.5176951885223389,1.426126480102539,1.0758827924728394,1.1297729015350342,0.9656015038490295,1.0040019750595093,1.2461200952529907
A14,3.678475856781006,3.3392903804779053,3.1223666667938232,2.906344175338745,2.6076314449310303,2.3571038246154785,2.0519778728485107,1.7899736166000366,1.47384512424469,1.1717426776885986,0.9185596704483032,0.5997997522354126,0.37441158294677734,0.0,0.38803884387016296,3.2189576625823975,2.9174163341522217,2.710170030593872,2.645097017288208,2.339057683944702,2.042663097381592,1.8696945905685425,1.4957338571548462,1.3564064502716064,1.016736626625061,0.9358052015304565,0.8249590992927551,0.8011350631713867,1.110723853111267,1.161915898323059,3.0378265380859375,2.839707374572754,2.531205415725708,2.5242726802825928,2.3649721145629883,1.9914194345474243,1.994899868965149,1.7299730777740479,1.6153634786605835,1.535474419593811,1.3868201971054077,1.596439242362976,1.535562515258789,1.8978862762451172,2.022751569747925,3.4189565181732178,3.2279555797576904,2.8693878650665283,2.735555410385132,2.6613447666168213,2.298635959625244,2.2470712661743164,2.117741584777832,1.8512762784957886,1.8920968770980835,1.6120322942733765,1.8554432392120361,1.7378915548324585,1.9780185222625732,2.167428493499756,3.775728940963745,3.4973232746124268,3.1875579357147217,2.9591455459594727,2.7962656021118164,2.498720407485962,2.2821226119995117,2.1677944660186768,1.797783613204956,1.756852626800537,1.4182947874069214,1.498121738433838,1.3364828824996948,1.3458434343338013,1.5599950551986694
A15,4.003213882446289,3.664206027984619,3.452576160430908,3.254427194595337,2.9454433917999268,2.690643787384033,2.3942391872406006,2.1067771911621094,1.8127871751785278,1.480820894241333,1.240222454071045,0.9049818515777588,0.6076532602310181,0.38803884387016296,0.0,3.5152182579040527,3.229149103164673,3.0232224464416504,2.984703302383423,2.6876578330993652,2.3862106800079346,2.2375733852386475,1.862144112586975,1.7354472875595093,1.4038522243499756,1.3018193244934082,1.1705964803695679,1.0516430139541626,1.3259241580963135,1.2686233520507812,3.383297920227051,3.2019665241241455,2.8902034759521484,2.8942532539367676,2.7472944259643555,2.3730969429016113,2.3811349868774414,2.1161274909973145,1.989132285118103,1.8890280723571777,1.7088018655776978,1.8775089979171753,1.7492927312850952,2.092691421508789,2.163323402404785,3.804163932800293,3.615389585494995,3.2566399574279785,3.1229379177093506,3.045542001724243,2.682586193084717,2.6195595264434814,2.4765563011169434,2.195845127105713,2.2000892162323,1.8922666311264038,2.08504319190979,1.9036848545074463,2.111142873764038,2.248709201812744,4.146439552307129,3.863246202468872,3.5578739643096924,3.3340067863464355,3.1575708389282227,2.8585524559020996,2.6311228275299072,2.4919114112854004,2.119373083114624,2.0291285514831543,1.6771575212478638,1.6825437545776367,1.4487659931182861,1.3954581022262573,1.5240198373794556
B1,1.506883978843689,1.2131016254425049,1.4659202098846436,1.4042378664016724,1.2251665592193604,1.5580841302871704,1.5403441190719604,1.7260520458221436,2.0260262489318848,2.2064568996429443,2.5570614337921143,2.696809768676758,3.0916800498962402,3.2189576625823975,3.5152182579040527,0.0,0.3844016492366791,0.5867328643798828,0.8757330775260925,1.1150639057159424,1.3384966850280762,1.65740168094635,1.8985223770141602,2.2183423042297363,2.522596597671509,2.792365789413452,3.0991759300231934,3.4314913749694824,3.680558681488037,4.0017595291137695,1.7090213298797607,1.775607943534851,1.570077657699585,1.4569354057312012,1.8113861083984375,1.8581476211547852,2.0776851177215576,2.4027936458587646,2.4940857887268066,2.8804433345794678,2.986196517944336,3.3479697704315186,3.6040475368499756,3.801650285720825,4.168212413787842,2.6624433994293213,2.508287191390991,2.373826265335083,2.035545587539673,2.1677896976470947,2.2630574703216553,2.200195789337158,2.5305256843566895,2.4779367446899414,2.8040153980255127,2.8738503456115723,3.108053207397461,3.3658461570739746,3.399315118789673,3.780452251434326,2.6370410919189453,2.3311045169830322,2.358429193496704,2.0287423133850098,1.8970141410827637,2.115216016769409,1.9079082012176514,2.1677708625793457,2.1971559524536133,2.417764186859131,2.6155312061309814,2.7379631996154785,3.0815606117248535,3.0607216358184814,3.4128708839416504
B2,1.5877286195755005,1.2501254081726074,1.4191471338272095,1.2646129131317139,1.0467318296432495,1.3628145456314087,1.2787535190582275,1.4870752096176147,1.7461398839950562,1.938238501548767,2.274426221847534,2.412766695022583,2.808826208114624,2.9174163341522217,3.229149103164673,0.3844016492366791,0.0,0.3797492980957031,0.6098939180374146,0.7632938027381897,1.0272170305252075,1.3149358034133911,1.5576705932617188,1.8869329690933228,2.1841371059417725,2.4700074195861816,2.7614128589630127,3.1066906452178955,3.3418326377868652,3.6647353172302246,1.404327392578125,1.4377315044403076,1.2016264200210571,1.096005916595459,1.452160120010376,1.490419626235962,1.7336922883987427,2.0519070625305176,2.169590473175049,2.5536155700683594,2.6805214881896973,3.043519973754883,3.3115570545196533,3.524545431137085,3.886248826980591,2.378302812576294,2.2276008129119873,2.057178020477295,1.724348783493042,1.8767451047897339,1.9439890384674072,1.9126468896865845,2.2457094192504883,2.2030513286590576,2.5487570762634277,2.6202032566070557,2.885667324066162,3.144866466522217,3.2151646614074707,3.5991122722625732,2.494398832321167,2.19049334526062,2.1613519191741943,1.8074257373809814,1.69809889793396,1.878998041152954,1.6761195659637451,1.957141637802124,1.9580447673797607,2.212010383605957,2.3838465213775635,2.543854236602783,2.8760933876037598,2.876164197921753,3.2431867122650146
B3,1.4058672189712524,1.0356892347335815,1.1425753831863403,1.003953456878662,0.7221377491950989,1.0136548280715942,0.9554941654205322,1.1529533863067627,1.4477992057800293,1.6565330028533936,1.9983118772506714,2.1706695556640625,2.5628292560577393,2.710170030593872,3.0232224464416504,0.5867328643798828,0.3797492980957031,0.0,0.37829458713531494,0.6093180775642395,0.7651866674423218,1.1043695211410522,1.354562759399414,1.6519272327423096,1.9731706380844116,2.2249505519866943,2.545664072036743,2.870690107345581,3.1201024055480957,3.4481475353240967,1.6170541048049927,1.5660619735717773,1.2853114604949951,1.0940604209899902,1.384403944015503,1.3625580072402954,1.5485575199127197,1.8602545261383057,1.92166006565094,2.306764602661133,2.4017369747161865,2.763659715652466,3.017735481262207,3.215864896774292,3.581719398498535,2.385380983352661,2.1801793575286865,1.9990419149398804,1.6391483545303345,1.7158112525939941,1.7553240060806274,1.661867380142212,1.972981572151184,1.8988893032073975,2.2260072231292725,2.2914528846740723,2.5374910831451416,2.798569917678833,2.8539488315582275,3.2378358840942383,2.341952323913574,2.005950689315796,1.96463942527771,1.6192630529403687,1.442989706993103,1.5993047952651978,1.358274221420288,1.6113592386245728,1.618262767791748,1.8557701110839844,2.0481038093566895,2.2000107765197754,2.5462307929992676,2.55997371673584,2.924736738204956
B4,1.314408302307129,0.9476552605628967,0.9645435810089111,0.7237566113471985,0.4815181791782379,0.7979058027267456,0.7553821206092834,1.054762601852417,1.3092997074127197,1.5879417657852173,1.8946599960327148,2.1119563579559326,2.4950273036956787,2.645097017288208,2.984703302383423,0.8757330775260925,0.6098939180374146,0.37829458713531494,0.0,0.39230409264564514,0.605079174041748,0.8765807747840881,1.199870228767395,1.4562323093414307,1.8072220087051392,2.0501291751861572,2.369696855545044,2.7041664123535156,2.923743724822998,3.2709338665008545,1.4887193441390991,1.35850989818573,1.0960026979446411,0.8220817446708679,1.0711411237716675,1.0887846946716309,1.2360666990280151,1.5766044855117798,1.654703974723816,2.0441176891326904,2.1734840869903564,2.5181703567504883,2.8023200035095215,2.9859933853149414,3.3570172786712646,2.0427184104919434,1.8173762559890747,1.6416921615600586,1.2748758792877197,1.3404616117477417,1.4026516675949097,1.325255036354065,1.6596845388412476,1.6367549896240234,1.982417345046997,2.0948288440704346,2.3564624786376953,2.6492245197296143,2.736192226409912,3.121403932571411,2.0057287216186523,1.6768027544021606,1.607408881187439,1.2525482177734375,1.105718970298767,1.2697902917861938,1.077086329460144,1.3831020593643188,1.429728388786316,1.7230805158615112,1.9289191961288452,2.1379308700561523,2.4895639419555664,2.55773663520813,2.931304693222046
B5,1.683509349822998,1.3205100297927856,1.2749528884887695,0.9781867861747742,0.7089603543281555,0.8844969272613525,0.6735587120056152,0.9484944343566895,1.1090307235717773,1.3693361282348633,1.6547244787216187,1.8427046537399292,2.225897789001465,2.339057683944702,2.6876578330993652,1.1150639057159424,0.7632938027381897,0.6093180775642395,0.39230409264564514,0.0,0.38147681951522827,0.5666855573654175,0.870490312576294,1.164444923400879,1.4872841835021973,1.765974521636963,2.0562124252319336,2.4095568656921387,2.6198761463165283,2.9596920013427734,1.298807978630066,1.136892318725586,0.8130382299423218,0.5793259143829346,0.8054901957511902,0.7558864951133728,0.9789464473724365,1.2901543378829956,1.415231466293335,1.798056721687317,1.9503535032272339,2.3058183193206787,2.594294548034668,2.8132545948028564,3.1708695888519287,1.9374823570251465,1.7347264289855957,1.48923659324646,1.1477028131484985,1.2517390251159668,1.2305890321731567,1.213672399520874,1.5323485136032104,1.501455307006836,1.8696831464767456,1.9568806886672974,2.263115644454956,2.5347797870635986,2.6659629344940186,3.0477888584136963,2.1420838832855225,1.832593560218811,1.6844819784164429,1.3126211166381836,1.2066497802734375,1.2718064785003662,1.0751972198486328,1.3751695156097412,1.337933897972107,1.6546003818511963,1.7951619625091553,2.035295009613037,2.352992057800293,2.4241549968719482,2.807626247406006
B6,1.7649656534194946,1.3981157541275024,1.2783170938491821,1.0160939693450928,0.677482008934021,0.6840886473655701,0.366048127412796,0.5739898681640625,0.7423765063285828,1.0056711435317993,1.3026994466781616,1.5125731229782104,1.8941473960876465,2.042663097381592,2.3862106800079346,1.3384966850280762,1.0272170305252075,0.7651866674423218,0.605079174041748,0.38147681951522827,0.0,0.37685638666152954,0.6201606392860413,0.8876535296440125,1.2236461639404297,1.4687844514846802,1.7906544208526611,2.119093179702759,2.358288526535034,2.693183183670044,1.627253532409668,1.4356590509414673,1.0905430316925049,0.8638278841972351,0.9509655237197876,0.752865195274353,0.8931851387023926,1.14237380027771,1.1805754899978638,1.5583409070968628,1.6568998098373413,2.0257859230041504,2.285064697265625,2.5079474449157715,2.8641302585601807,2.1372904777526855,1.895366907119751,1.6266999244689941,1.2888799905776978,1.2931010723114014,1.183142066001892,1.0832535028457642,1.3388187885284424,1.228055477142334,1.5752202272415161,1.6212149858474731,1.9220967292785645,2.1756463050842285,2.301089286804199,2.6821932792663574,2.2245256900787354,1.8906086683273315,1.7121855020523071,1.3655154705047607,1.1784485578536987,1.1498242616653442,0.8734878301620483,1.1010311841964722,1.0007768869400024,1.2947207689285278,1.4218674898147583,1.6548492908477783,1.9722477197647095,2.047470808029175,2.4307525157928467
B7,2.0002126693725586,1.6550166606903076,1.4843151569366455,1.1728479862213135,0.9157022833824158,0.8450305461883545,0.5091736316680908,0.6980686783790588,0.6667507290840149,0.9589456915855408,1.170684814453125,1.3924683332443237,1.7506126165390015,1.8696945905685425,2.2375733852386475,1.65740168094635,1.3149358034133911,1.1043695211410522,0.8765807747840881,0.5666855573654175,0.37685638666152954,0.0,0.3837846517562866,0.6052958965301514,0.9476328492164612,1.2111276388168335,1.5044382810592651,1.8555192947387695,2.0590436458587646,2.405219316482544,1.5706835985183716,1.3165925741195679,0.9886588454246521,0.7791675329208374,0.7162641882896423,0.4228152334690094,0.5549904704093933,0.77730792760849,0.8728967905044556,1.246872067451477,1.3988970518112183,1.7583765983581543,2.04630446434021,2.2837109565734863,2.6309006214141846,1.9280444383621216,1.6923670768737793,1.3830287456512451,1.089106559753418,1.0915379524230957,0.9034817218780518,0.874226987361908,1.1090285778045654,1.0385792255401611,1.4097791910171509,1.4742316007614136,1.8175424337387085,2.074064016342163,2.256761312484741,2.6269443035125732,2.1720848083496094,1.8710044622421265,1.6272296905517578,1.2918115854263306,1.1710435152053833,1.0584834814071655,0.8543484210968018,1.0844980478286743,0.9510327577590942,1.2901140451431274,1.3631473779678345,1.6598637104034424,1.9405148029327393,2.060816764831543,2.4447999000549316
B8,2.3371095657348633,1.9851330518722534,1.8083972930908203,1.5239603519439697,1.2360416650772095,1.1021575927734375,0.7357499003410339,0.7233933210372925,0.5366992950439453,0.6976628303527832,0.8757272958755493,1.04043710231781,1.4003688097000122,1.4957338571548462,1.862144112586975,1.8985223770141602,1.5576705932617188,1.354562759399414,1.199870228767395,0.870490312576294,0.6201606392860413,0.3837846517562866,0.0,0.37953975796699524,0.6271222829818726,0.929471492767334,1.2039772272109985,1.5551996231079102,1.7861438989639282,2.108238697052002,1.7605247497558594,1.5278831720352173,1.186141848564148,1.0750160217285156,0.9815671443939209,0.6119627952575684,0.7334402799606323,0.7666342854499817,0.8232749700546265,1.1356570720672607,1.243259310722351,1.6202133893966675,1.8662196397781372,2.1474359035491943,2.4693443775177,2.1909523010253906,1.974729299545288,1.6354228258132935,1.3923094272613525,1.38467276096344,1.1190850734710693,1.0921965837478638,1.2210785150527954,1.0714691877365112,1.398184061050415,1.3749076128005981,1.7357680797576904,1.9312139749526978,2.135394334793091,2.490683078765869,2.508169174194336,2.211219072341919,1.9446221590042114,1.6320624351501465,1.498470664024353,1.3204606771469116,1.0931464433670044,1.2186567783355713,0.9705313444137573,1.242498755455017,1.2115265130996704,1.495133876800537,1.719484806060791,1.8188682794570923,2.2002875804901123
B9,2.4601337909698486,2.1343162059783936,1.8987421989440918,1.6236730813980103,1.3847405910491943,1.1627501249313354,0.8528845310211182,0.8001260161399841,0.4721826910972595,0.6530067324638367,0.6796924471855164,0.9274553656578064,1.227310299873352,1.3564064502716064,1.7354472875595093,2.2183423042297363,1.8869329690933228,1.6519272327423096,1.4562323093414307,1.164444923400879,0.8876535296440125,0.6052958965301514,0.37953975796699524,0.0,0.3908878564834595,0.6061031818389893,0.9174126386642456,1.2533085346221924,1.4720438718795776,1.8152472972869873,2.0338034629821777,1.7563663721084595,1.4531296491622925,1.3097015619277954,1.1136186122894287,0.7455988526344299,0.6786172986030579,0.5581506490707397,0.4922763407230377,0.7696748375892639,0.865449845790863,1.240714430809021,1.4949222803115845,1.7742207050323486,2.0958125591278076,2.2103841304779053,1.967612385749817,1.6326228380203247,1.429304599761963,1.3380603790283203,1.007540225982666,0.949592649936676,0.9661708474159241,0.7886532545089722,1.0832101106643677,1.0548237562179565,1.433997631072998,1.6303905248641968,1.8737928867340088,2.2148587703704834,2.459887981414795,2.177544116973877,1.8763093948364258,1.6153185367584229,1.480133056640625,1.217894434928894,1.0323846340179443,1.0790117979049683,0.8018338680267334,1.0647896528244019,0.9899219870567322,1.3267822265625,1.5227528810501099,1.6888203620910645,2.0564448833465576
B10,2.847954750061035,2.518122673034668,2.286433696746826,2.014172315597534,1.766411304473877,1.541945457458496,1.2255429029464722,1.1094993352890015,0.7491101026535034,0.7304732799530029,0.5999358892440796,0.7185975909233093,0.9555523991584778,1.016736626625061,1.4038522243499756,2.522596597671509,2.1841371059417725,1.9731706380844116,1.8072220087051392,1.4872841835021973,1.2236461639404297,0.9476328492164612,0.6271222829818726,0.3908878564834595,0.0,0.36719027161598206,0.5775003433227539,0.9368360638618469,1.1658214330673218,1.4812004566192627,2.218031644821167,1.9559766054153442,1.6632530689239502,1.590990662574768,1.3813241720199585,1.0119383335113525,0.9788148403167725,0.7331892251968384,0.6857332587242126,0.7760616540908813,0.8307128548622131,1.1760174036026,1.3760643005371094,1.7068361043930054,1.9794731140136719,2.4333951473236084,2.2231438159942627,1.8697797060012817,1.7211811542510986,1.6510990858078003,1.2943860292434692,1.2823981046676636,1.229118824005127,1.0438867807388306,1.2530713081359863,1.1453299522399902,1.5198981761932373,1.6348105669021606,1.9129441976547241,2.2172446250915527,2.801222324371338,2.5366151332855225,2.217970609664917,1.9728140830993652,1.857723355293274,1.5753319263458252,1.4077484607696533,1.4068982601165771,1.0925428867340088,1.2679084539413452,1.080519199371338,1.3844208717346191,1.4806312322616577,1.6319301128387451,1.9761731624603271
B11,2.9769527912139893,2.6680898666381836,2.4005560874938965,2.1575450897216797,1.9329829216003418,1.6526050567626953,1.3884435892105103,1.2296274900436401,0.8511682152748108,0.800032913684845,0.516009509563446,0.6917561888694763,0.8025581240653992,0.9358052015304565,1.3018193244934082,2.792365789413452,2.4700074195861816,2.2249505519866943,2.0501291751861572,1.765974521636963,1.4687844514846802,1.2111276388168335,0.929471492767334,0.6061031818389893,0.36719027161598206,0.0,0.39105424284935,0.6558680534362793,0.9163243770599365,1.2422736883163452,2.558656692504883,2.2779157161712646,1.9963529109954834,1.8897204399108887,1.6512415409088135,1.2963106632232666,1.1718443632125854,0.8823999166488647,0.6930126547813416,0.6275651454925537,0.5439731478691101,0.8688820600509644,1.0208280086517334,1.3613606691360474,1.6242570877075195,2.6215105056762695,2.3859145641326904,2.05330228805542,1.9193671941757202,1.7828586101531982,1.4120126962661743,1.3465614318847656,1.1894105672836304,0.9623511433601379,1.0600090026855469,0.8947481513023376,1.2489023208618164,1.3243316411972046,1.6313108205795288,1.9087282419204712,2.866119384765625,2.6065797805786133,2.280672073364258,2.0835509300231934,1.946265697479248,1.6193615198135376,1.4693182706832886,1.380581021308899,1.0589771270751953,1.1549524068832397,0.9083952903747559,1.2142348289489746,1.2546839714050293,1.463003396987915,1.7766567468643188
B12,3.34049391746521,3.0300655364990234,2.7661964893341064,2.5054163932800293,2.2887260913848877,2.0250442028045654,1.7483628988265991,1.604254961013794,1.225962519645691,1.1372407674789429,0.8350598812103271,0.856442928314209,0.8318605422973633,0.8249590992927551,1.1705964803695679,3.0991759300231934,2.7614128589630127,2.545664072036743,2.369696855545044,2.0562124252319336,1.7906544208526611,1.5044382810592651,1.2039772272109985,0.9174126386642456,0.5775003433227539,0.39105424284935,0.0,0.39657312631607056,0.5961199402809143,0.905163586139679,2.6946706771850586,2.418429374694824,2.1647121906280518,2.109684467315674,1.848550796508789,1.5101739168167114,1.4087382555007935,1.0660771131515503,0.9621776342391968,0.7818981409072876,0.745972216129303,0.9364193677902222,1.0398865938186646,1.4071322679519653,1.5947715044021606,2.740171194076538,2.5418810844421387,2.1993064880371094,2.1226584911346436,2.0156471729278564,1.6354477405548096,1.635520577430725,1.4631236791610718,1.2930577993392944,1.3590964078903198,1.1979000568389893,1.5211172103881836,1.5392533540725708,1.87249755859375,2.099316358566284,3.130131721496582,2.8986759185791016,2.553974151611328,2.3673596382141113,2.2716896533966064,1.9409101009368896,1.827323079109192,1.7529351711273193,1.4448093175888062,1.5300523042678833,1.2574920654296875,1.5273092985153198,1.4872373342514038,1.6792094707489014,1.9507503509521484
B13,3.609605312347412,3.310946226119995,3.0296778678894043,2.795647144317627,2.5833966732025146,2.2884373664855957,2.0400826930999756,1.8557549715042114,1.4837191104888916,1.3484615087509155,0.9945908188819885,0.9796277284622192,0.7881078720092773,0.8011350631713867,1.0516430139541626,3.4314913749694824,3.1066906452178955,2.870690107345581,2.7041664123535156,2.4095568656921387,2.119093179702759,1.8555192947387695,1.5551996231079102,1.2533085346221924,0.9368360638618469,0.6558680534362793,0.39657312631607056,0.0,0.3754279315471649,0.6089797616004944,3.0911030769348145,2.81308913230896,2.5584030151367188,2.4917237758636475,2.2266087532043457,1.8892803192138672,1.7580162286758423,1.4128106832504272,1.2474102973937988,0.9944033622741699,0.8405870795249939,0.9037041664123535,0.8524003624916077,1.223462700843811,1.3365453481674194,3.077514171600342,2.8681485652923584,2.5403599739074707,2.4708573818206787,2.328853130340576,1.9486232995986938,1.9126449823379517,1.6832629442214966,1.4879374504089355,1.4518178701400757,1.2353124618530273,1.481925368309021,1.4087904691696167,1.7492104768753052,1.913010835647583,3.3845810890197754,3.1562185287475586,2.8129866123199463,2.6586029529571533,2.5427029132843018,2.1916301250457764,2.079786539077759,1.943590521812439,1.6352590322494507,1.6375937461853027,1.323091983795166,1.5328090190887451,1.3991281986236572,1.6054810285568237,1.8118870258331299
