,A1,A2,A3,A4,A5,A6,A7,A8,A9,A10,A11,A12,A13,A14,A15,B1,B2,B3,B4,B5,B6,B7,B8,B9,B10,B11,B12,B13,B14,B15,C1,C2,C3,C4,C5,C6,C7,C8,C9,C10,C11,C12,C13,C14,C15,D1,D2,D3,D4,D5,D6,D7,D8,D9,D10,D11,D12,D13,D14,D15,E1,E2,E3,E4,E5,E6,E7,E8,E9,E10,E11,E12,E13,E14,E15
A1,0.0,0.3994411826133728,0.621955394744873,0.8831588625907898,1.186032772064209,1.1925582885742188,1.528200626373291,1.6514703035354614,2.007075071334839,2.256422519683838,2.583486557006836,2.8445818424224854,3.187695264816284,3.457218647003174,3.729248285293579,1.9226202964782715,1.8890535831451416,1.5585817098617554,1.7284002304077148,1.5363049507141113,1.647933840751648,1.9337619543075562,2.201982021331787,2.3536713123321533,2.7173593044281006,2.9063985347747803,3.252063274383545,3.5187714099884033,3.79302978515625,4.127852916717529,4.031674861907959,3.8400917053222656,3.684842824935913,3.766122341156006,3.4454588890075684,3.2096962928771973,3.073930025100708,2.9911980628967285,2.6516313552856445,2.7019760608673096,2.40661358833313,2.592028856277466,2.4552664756774902,2.549910545349121,2.75449800491333,3.3717281818389893,3.09513521194458,3.223198413848877,3.2029342651367188,3.130589723587036,2.8069567680358887,2.61541485786438,2.249833106994629,2.1099934577941895,1.7720152139663696,1.6109111309051514,1.5337193012237549,1.3471200466156006,1.5754269361495972,1.4266643524169922,2.991028308868408,2.6345889568328857,2.491840362548828,2.1163952350616455,1.992180347442627,2.1845481395721436,1.922234058380127,2.134896993637085,2.1420373916625977,2.251373291015625,2.4492344856262207,2.3676681518554688,2.690394401550293,2.6027448177337646,2.8921139240264893
A2,0.3994411826133728,0.0,0.3710131049156189,0.5750114321708679,0.8628524541854858,0.8269485831260681,1.1426020860671997,1.2551112174987793,1.6155650615692139,1.8616825342178345,2.1947755813598633,2.4495906829833984,2.797855854034424,3.0613462924957275,3.337153911590576,1.6493197679519653,1.5629634857177734,1.2327988147735596,1.4120757579803467,1.2007653713226318,1.2675707340240479,1.5592916011810303,1.8117262125015259,1.968509554862976,2.327188491821289,2.522667646408081,2.8674323558807373,3.136204242706299,3.4168076515197754,3.7462642192840576,3.745072603225708,3.531836986541748,3.3698227405548096,3.4263925552368164,3.0998480319976807,2.872177839279175,2.714794158935547,2.638593912124634,2.291945457458496,2.345942735671997,2.057781934738159,2.241319417953491,2.1332285404205322,2.2256383895874023,2.4619226455688477,3.0533535480499268,2.7787585258483887,2.8864388465881348,2.8836586475372314,2.793365716934204,2.4589953422546387,2.2791945934295654,1.915080189704895,1.7637354135513306,1.449336051940918,1.2888166904449463,1.2856500148773193,1.141499400138855,1.4407447576522827,1.3893784284591675,2.819770336151123,2.453005313873291,2.288081407546997,1.934757947921753,1.7539421319961548,1.9141111373901367,1.6338971853256226,1.8517422676086426,1.8230068683624268,1.9608603715896606,2.143362283706665,2.098886489868164,2.4247584342956543,2.361698865890503,2.6794750690460205
A3,0.621955394744873,0.3710131049156189,0.0,0.39716219902038574,0.5841653943061829,0.6277962923049927,0.9773554801940918,1.1855634450912476,1.5076076984405518,1.8088973760604858,2.1267001628875732,2.396054744720459,2.7492880821228027,2.997239828109741,3.3011932373046875,1.6685270071029663,1.522397518157959,1.158262848854065,1.235743761062622,0.9721553325653076,1.1085902452468872,1.3516403436660767,1.6513612270355225,1.8007478713989258,2.173368453979492,2.383427858352661,2.709304094314575,3.000944137573242,3.2532591819763184,3.5977325439453125,3.58414626121521,3.361849784851074,3.2339704036712646,3.293362617492676,2.989297866821289,2.73003888130188,2.5662593841552734,2.4449713230133057,2.0943710803985596,2.1080360412597656,1.7968642711639404,1.9796185493469238,1.8424441814422607,1.9631379842758179,2.179196357727051,3.150803327560425,2.856849193572998,2.9181854724884033,2.895489454269409,2.7590885162353516,2.436678886413574,2.221611261367798,1.874700665473938,1.657950758934021,1.3388713598251343,1.0916792154312134,1.0711971521377563,0.8496326208114624,1.1471071243286133,1.1122701168060303,2.4565279483795166,2.095646619796753,1.9244904518127441,1.567281723022461,1.3967784643173218,1.5791306495666504,1.326006531715393,1.574615240097046,1.6035747528076172,1.7756547927856445,2.0112369060516357,2.0081732273101807,2.3659164905548096,2.3585612773895264,2.6828386783599854
A4,0.8831588625907898,0.5750114321708679,0.39716219902038574,0.0,0.3841262459754944,0.574712872505188,0.7944412231445312,1.0416618585586548,1.3706117868423462,1.648659348487854,1.9952764511108398,2.2171380519866943,2.5940563678741455,2.80629563331604,3.113947629928589,1.2919774055480957,1.138688087463379,0.7689701318740845,0.8608258366584778,0.6585488319396973,0.8271484971046448,1.124884843826294,1.422758936882019,1.6427457332611084,1.9964035749435425,2.2544174194335938,2.560382843017578,2.872781753540039,3.132550001144409,3.4635541439056396,3.651648759841919,3.39477276802063,3.265594959259033,3.278325319290161,2.968994379043579,2.724839925765991,2.5114822387695312,2.385357141494751,2.015626907348633,1.988834023475647,1.6552704572677612,1.7730145454406738,1.6194623708724976,1.677679419517517,1.8984421491622925,3.109467029571533,2.8439323902130127,2.88803768157959,2.9115045070648193,2.755847930908203,2.414415121078491,2.236598014831543,1.90274977684021,1.6690150499343872,1.4149086475372314,1.152541995048523,1.249483585357666,1.0506925582885742,1.379248023033142,1.402357816696167,2.4811034202575684,2.1391713619232178,1.9080473184585571,1.5841819047927856,1.3378463983535767,1.5356253385543823,1.3221571445465088,1.6184507608413696,1.626893162727356,1.8644462823867798,2.08308482170105,2.140714168548584,2.49224591255188,2.5095765590667725,2.8581602573394775
A5,1.186032772064209,0.8628524541854858,0.5841653943061829,0.3841262459754944,0.0,0.37466979026794434,0.5429179072380066,0.8776612877845764,1.1336915493011475,1.4593479633331299,1.7735896110534668,2.0123724937438965,2.3819169998168945,2.5841095447540283,2.9140238761901855,1.4108670949935913,1.1578495502471924,0.8039823770523071,0.7494088411331177,0.41327548027038574,0.6060982942581177,0.811048686504364,1.1461338996887207,1.3390611410140991,1.7016257047653198,1.9617958068847656,2.2515976428985596,2.57672381401062,2.8128631114959717,3.1544742584228516,3.344980001449585,3.0770325660705566,2.971634864807129,2.9802393913269043,2.6907176971435547,2.4267711639404297,2.206843852996826,2.0492961406707764,1.679900884628296,1.6274476051330566,1.2849531173706055,1.4186491966247559,1.27394437789917,1.3840043544769287,1.6222134828567505,3.02392315864563,2.7419307231903076,2.7384111881256104,2.743870973587036,2.547027349472046,2.2227022647857666,2.0203588008880615,1.7155166864395142,1.4298149347305298,1.2039844989776611,0.8858067989349365,1.02501380443573,0.8377530574798584,1.1726157665252686,1.2841205596923828,2.1537959575653076,1.809232234954834,1.5714898109436035,1.2754263877868652,0.9931887984275818,1.1617389917373657,0.9562928676605225,1.2711173295974731,1.302031397819519,1.5764296054840088,1.8207597732543945,1.9274539947509766,2.291980743408203,2.3626527786254883,2.716430902481079
A6,1.1925582885742188,0.8269485831260681,0.6277962923049927,0.574712872505188,0.37466979026794434,0.0,0.3863275647163391,0.6172628402709961,0.8925269246101379,1.2229619026184082,1.5231236219406128,1.8008489608764648,2.150444984436035,2.392620086669922,2.7092695236206055,1.5610252618789673,1.2863080501556396,0.9732675552368164,0.9953627586364746,0.6488889455795288,0.6148516535758972,0.7867002487182617,1.056518793106079,1.1754554510116577,1.548990249633789,1.7568467855453491,2.0824084281921387,2.375126600265503,2.6307504177093506,2.971823215484619,3.0810861587524414,2.8265128135681152,2.692502498626709,2.7154340744018555,2.4094810485839844,2.158055305480957,1.963219404220581,1.8482859134674072,1.4889827966690063,1.5196858644485474,1.2366137504577637,1.4478399753570557,1.4008089303970337,1.5537127256393433,1.8417513370513916,2.6976373195648193,2.400712013244629,2.407836437225342,2.3978958129882812,2.2190823554992676,1.8947093486785889,1.6864680051803589,1.364654779434204,1.1039117574691772,0.8555330634117126,0.592288076877594,0.7783913612365723,0.7293817400932312,1.105230689048767,1.2746460437774658,2.2492480278015137,1.8770363330841064,1.6902793645858765,1.41184663772583,1.1419572830200195,1.2016968727111816,0.8990893959999084,1.12899911403656,1.0741227865219116,1.303989291191101,1.5104215145111084,1.5898593664169312,1.9442040920257568,1.9973914623260498,2.353957414627075
A7,1.528200626373291,1.1426020860671997,0.9773554801940918,0.7944412231445312,0.5429179072380066,0.3863275647163391,0.0,0.37596309185028076,0.5966004133224487,0.9183210134506226,1.2333036661148071,1.4732271432876587,1.8403542041778564,2.052854061126709,2.3782565593719482,1.4088153839111328,1.0718661546707153,0.8362442255020142,0.828527569770813,0.5285625457763672,0.29672300815582275,0.4463686943054199,0.6802389025688171,0.8540686964988708,1.2112681865692139,1.4601948261260986,1.7704737186431885,2.078378915786743,2.3436896800994873,2.671198606491089,2.983731985092163,2.6948068141937256,2.556426763534546,2.5273256301879883,2.218498945236206,1.9895718097686768,1.7426196336746216,1.6335251331329346,1.2604749202728271,1.2696385383605957,0.9954604506492615,1.163950800895691,1.1712185144424438,1.2904385328292847,1.6207705736160278,2.5335214138031006,2.261479139328003,2.233015298843384,2.2648253440856934,2.058109998703003,1.7241744995117188,1.5592163801193237,1.2765130996704102,1.0022586584091187,0.8879351615905762,0.6764672994613647,0.992213249206543,1.01419997215271,1.3714070320129395,1.5942310094833374,2.2787692546844482,1.927563190460205,1.7062163352966309,1.4975086450576782,1.1631664037704468,1.1660280227661133,0.9039452075958252,1.129502773284912,1.0132827758789062,1.3030065298080444,1.4619969129562378,1.6172373294830322,1.94468092918396,2.0337345600128174,2.4060251712799072
A8,1.6514703035354614,1.2551112174987793,1.1855634450912476,1.0416618585586548,0.8776612877845764,0.6172628402709961,0.37596309185028076,0.0,0.3842202126979828,0.6237761378288269,0.9631434082984924,1.211748719215393,1.5692275762557983,1.8178256750106812,2.115776538848877,1.4888867139816284,1.1655378341674805,1.0118759870529175,1.099713921546936,0.8707330226898193,0.5414414405822754,0.652588427066803,0.6853533983230591,0.7926307916641235,1.108488917350769,1.304490327835083,1.6492890119552612,1.9122085571289062,2.2167763710021973,2.523298978805542,2.865774631500244,2.5810749530792236,2.396737813949585,2.353555917739868,2.015110731124878,1.833573341369629,1.5920909643173218,1.5628471374511719,1.2143983840942383,1.3190159797668457,1.1408766508102417,1.3309693336486816,1.429242491722107,1.5350635051727295,1.8938602209091187,2.1644153594970703,1.9006823301315308,1.8911991119384766,1.9479434490203857,1.771971344947815,1.4177781343460083,1.3009674549102783,1.0084483623504639,0.817156195640564,0.7770448923110962,0.7471832633018494,1.0950969457626343,1.2284820079803467,1.5867223739624023,1.825933575630188,2.559140205383301,2.2011308670043945,2.009160280227661,1.820972204208374,1.497137427330017,1.4377093315124512,1.1425626277923584,1.2729763984680176,1.0466675758361816,1.2739300727844238,1.3318990468978882,1.4683643579483032,1.7477678060531616,1.805743932723999,2.1845061779022217
A9,2.007075071334839,1.6155650615692139,1.5076076984405518,1.3706117868423462,1.1336915493011475,0.8925269246101379,0.5966004133224487,0.3842202126979828,0.0,0.38604074716567993,0.6409764885902405,0.9230698943138123,1.263420581817627,1.5072293281555176,1.8277513980865479,1.7271279096603394,1.3660327196121216,1.269934058189392,1.2776249647140503,1.0599381923675537,0.719508171081543,0.6151818633079529,0.48755931854248047,0.4446878433227539,0.7449734807014465,0.9217243790626526,1.2685487270355225,1.5333291292190552,1.832855463027954,2.1430840492248535,2.559865713119507,2.254056453704834,2.076897621154785,2.0051865577697754,1.6768147945404053,1.4982783794403076,1.2280389070510864,1.204208493232727,0.8660156726837158,1.0030332803726196,0.9121801853179932,1.1215325593948364,1.3166258335113525,1.4541715383529663,1.8289618492126465,2.035945177078247,1.7681316137313843,1.687337040901184,1.7383512258529663,1.508583664894104,1.1762279272079468,1.0621849298477173,0.8533039689064026,0.6285926103591919,0.7618370652198792,0.7890022993087769,1.1688765287399292,1.363063931465149,1.6800212860107422,1.9761186838150024,2.4650826454162598,2.1245508193969727,1.948723316192627,1.8301732540130615,1.505123496055603,1.3575379848480225,1.0934752225875854,1.1505193710327148,0.8684034943580627,1.1095932722091675,1.1212894916534424,1.338441252708435,1.5902382135391235,1.713125228881836,2.088545322418213
A10,2.256422519683838,1.8616825342178345,1.8088973760604858,1.648659348487854,1.4593479633331299,1.2229619026184082,0.9183210134506226,0.6237761378288269,0.38604074716567993,0.0,0.3876678943634033,0.591537356376648,0.9488646984100342,1.2027428150177002,1.493729829788208,1.7691010236740112,1.4304070472717285,1.426021695137024,1.487236499786377,1.3446193933486938,0.9727462530136108,0.9064881205558777,0.6459344625473022,0.6065307855606079,0.7123826146125793,0.8417617082595825,1.1788312196731567,1.3901206254959106,1.7348484992980957,1.9970178604125977,2.6004133224487305,2.2868175506591797,2.0695135593414307,1.944977045059204,1.5957765579223633,1.502874493598938,1.2139098644256592,1.285683035850525,1.0140732526779175,1.188204288482666,1.1807541847229004,1.328530192375183,1.569360375404358,1.6497257947921753,2.033146858215332,1.740072250366211,1.5195549726486206,1.4360078573226929,1.5629645586013794,1.3605471849441528,1.0125536918640137,1.028174877166748,0.8853604197502136,0.8107943534851074,1.0306532382965088,1.147271990776062,1.5175251960754395,1.734673023223877,2.053858518600464,2.3468711376190186,2.8065755367279053,2.4788246154785156,2.30102801322937,2.2038142681121826,1.870416283607483,1.712894082069397,1.4687480926513672,1.4966574907302856,1.1809347867965698,1.369287371635437,1.2782666683197021,1.4880162477493286,1.6588536500930786,1.7569998502731323,2.124614715576172
A11,2.583486557006836,2.1947755813598633,2.1267001628875732,1.9952764511108398,1.7735896110534668,1.5231236219406128,1.2333036661148071,0.9631434082984924,0.6409764885902405,0.3876678943634033,0.0,0.386965274810791,0.6378285884857178,0.9336462020874023,1.2293617725372314,2.133795738220215,1.7877708673477173,1.7948046922683716,1.8181136846542358,1.6629283428192139,1.3064535856246948,1.1560465097427368,0.8578912019729614,0.6560555100440979,0.5951882600784302,0.5483025908470154,0.8889391422271729,1.0371121168136597,1.3947659730911255,1.6468251943588257,2.2906131744384766,1.9698455333709717,1.7402846813201904,1.5839632749557495,1.2362462282180786,1.18793523311615,0.8946381211280823,1.0430996417999268,0.8684008121490479,1.1116451025009155,1.2310481071472168,1.3951293230056763,1.7039507627487183,1.816437005996704,2.1932289600372314,1.5747939348220825,1.351211667060852,1.1834059953689575,1.3007315397262573,1.0517226457595825,0.7498619556427002,0.8171066045761108,0.8228577375411987,0.8105534315109253,1.136945366859436,1.312894344329834,1.6632637977600098,1.9293850660324097,2.2089951038360596,2.5346410274505615,2.8491106033325195,2.5380210876464844,2.395960807800293,2.348554849624634,2.0381362438201904,1.8169649839401245,1.594286322593689,1.5400830507278442,1.1948236227035522,1.3262234926223755,1.1536593437194824,1.401125431060791,1.5038268566131592,1.6475083827972412,1.9909476041793823
A12,2.8445818424224854,2.4495906829833984,2.396054744720459,2.2171380519866943,2.0123724937438965,1.8008489608764648,1.4732271432876587,1.211748719215393,0.9230698943138123,0.591537356376648,0.386965274810791,0.0,0.40083667635917664,0.6140273213386536,0.9084872007369995,2.130979537963867,1.8036847114562988,1.8890421390533447,1.9219640493392944,1.8389554023742676,1.477535367012024,1.3414684534072876,0.9910492897033691,0.87870854139328,0.6801037192344666,0.674575924873352,0.8816262483596802,0.9948251247406006,1.3675405979156494,1.5488773584365845,2.501307249069214,2.1651930809020996,1.9365712404251099,1.712584376335144,1.390629529953003,1.4164425134658813,1.1000995635986328,1.2639626264572144,1.1321207284927368,1.3075015544891357,1.4375518560409546,1.5101332664489746,1.8288507461547852,1.8735312223434448,2.2429850101470947,1.5614945888519287,1.429065227508545,1.2473498582839966,1.4547021389007568,1.233638882637024,0.9771336913108826,1.1428183317184448,1.1859287023544312,1.19674551486969,1.5126640796661377,1.663500428199768,2.0262844562530518,2.2674953937530518,2.5577609539031982,2.8779077529907227,3.102299690246582,2.8142130374908447,2.645270824432373,2.6197636127471924,2.288348436355591,2.0809454917907715,1.8975082635879517,1.8721526861190796,1.5472393035888672,1.7001558542251587,1.5234651565551758,1.7745546102523804,1.8429298400878906,1.9761521816253662,2.30428147315979
A13,3.187695264816284,2.797855854034424,2.7492880821228027,2.5940563678741455,2.3819169998168945,2.150444984436035,1.8403542041778564,1.5692275762557983,1.263420581817627,0.9488646984100342,0.6378285884857178,0.40083667635917664,0.0,0.37951138615608215,0.6047722101211548,2.5194547176361084,2.199624538421631,2.2895824909210205,2.317256450653076,2.223734140396118,1.865480661392212,1.7055203914642334,1.357167363166809,1.1803077459335327,0.9210612773895264,0.7544559836387634,0.8582436442375183,0.8046929240226746,1.1813890933990479,1.293334722518921,2.3325350284576416,2.006708860397339,1.7573097944259644,1.4892058372497559,1.1898306608200073,1.3164843320846558,1.0491844415664673,1.2973252534866333,1.2809003591537476,1.494776964187622,1.7029449939727783,1.7860110998153687,2.135606527328491,2.19781231880188,2.555572748184204,1.3933475017547607,1.3029541969299316,1.0493382215499878,1.277903437614441,1.0643253326416016,0.9155231714248657,1.1597473621368408,1.3122049570083618,1.3921314477920532,1.7452713251113892,1.9429874420166016,2.284069776535034,2.560264825820923,2.8259477615356445,3.1618893146514893,3.3160507678985596,3.0413365364074707,2.9038212299346924,2.907252311706543,2.595994710922241,2.352346181869507,2.176395893096924,2.095412492752075,1.757493019104004,1.8498674631118774,1.608787178993225,1.8525714874267578,1.8401967287063599,1.983850121498108,2.2703914642333984
A14,3.457218647003174,3.0613462924957275,2.997239828109741,2.80629563331604,2.5841095447540283,2.392620086669922,2.052854061126709,1.8178256750106812,1.5072293281555176,1.2027428150177002,0.9336462020874023,0.6140273213386536,0.37951138615608215,0.0,0.379582017660141,2.599661111831665,2.285400867462158,2.4201622009277344,2.421459436416626,2.374553918838501,2.0318691730499268,1.8528274297714233,1.4870184659957886,1.3503334522247314,1.0235724449157715,0.9131730794906616,0.8654982447624207,0.8011167049407959,1.1247621774673462,1.1581488847732544,2.505366325378418,2.1615259647369385,1.9508731365203857,1.633512258529663,1.399205207824707,1.5377353429794312,1.2483456134796143,1.4522145986557007,1.4593168497085571,1.5990067720413208,1.8172205686569214,1.8259549140930176,2.180457830429077,2.1993448734283447,2.533367395401001,1.6660668849945068,1.6332944631576538,1.3717972040176392,1.6117929220199585,1.393287181854248,1.285234808921814,1.513545036315918,1.6706024408340454,1.709213376045227,2.0600645542144775,2.2162258625030518,2.56853985786438,2.8189470767974854,3.0821945667266846,3.4218366146087646,3.42579984664917,3.182203531265259,3.0250468254089355,3.0623767375946045,2.74179744720459,2.5016086101531982,2.3738932609558105,2.313671350479126,2.0049829483032227,2.132671356201172,1.9186391830444336,2.1909432411193848,2.1856958866119385,2.3499128818511963,2.6293201446533203
A15,3.729248285293579,3.337153911590576,3.3011932373046875,3.113947629928589,2.9140238761901855,2.7092695236206055,2.3782565593719482,2.115776538848877,1.8277513980865479,1.493729829788208,1.2293617725372314,0.9084872007369995,0.6047722101211548,0.379582017660141,0.0,2.84428071975708,2.5582642555236816,2.71500825881958,2.7466189861297607,2.7117674350738525,2.359433174133301,2.2067742347717285,1.8407188653945923,1.7123597860336304,1.3983454704284668,1.2608906030654907,1.2040644884109497,1.0511833429336548,1.3368096351623535,1.2725462913513184,2.655921697616577,2.337007999420166,2.1022896766662598,1.7703263759613037,1.5561633110046387,1.764485239982605,1.5261662006378174,1.7718641757965088,1.808882236480713,1.9695098400115967,2.193925380706787,2.2043204307556152,2.555969476699829,2.5614733695983887,2.8921852111816406,1.5556634664535522,1.6088539361953735,1.3581874370574951,1.6451795101165771,1.4958388805389404,1.436113715171814,1.7226691246032715,1.9013851881027222,1.9967036247253418,2.3491761684417725,2.5376954078674316,2.884505271911621,3.149979591369629,3.4176197052001953,3.754218339920044,3.7962193489074707,3.551706314086914,3.4013442993164062,3.4348299503326416,3.1144561767578125,2.8742926120758057,2.73419189453125,2.6627094745635986,2.339862108230591,2.436537504196167,2.1865696907043457,2.42767333984375,2.372032880783081,2.505849599838257,2.7569031715393066
B1,1.9226202964782715,1.6493197679519653,1.6685270071029663,1.2919774055480957,1.4108670949935913,1.5610252618789673,1.4088153839111328,1.4888867139816284,1.7271279096603394,1.7691010236740112,2.133795738220215,2.130979537963867,2.5194547176361084,2.599661111831665,2.84428071975708,0.0,0.39953768253326416,0.6190364360809326,0.8860193490982056,1.1769394874572754,1.171951413154602,1.478095531463623,1.5582362413406372,1.923248291015625,2.1075222492218018,2.44221568107605,2.6634979248046875,2.9700798988342285,3.263702154159546,3.5027172565460205,4.27512788772583,3.951667070388794,3.788618564605713,3.6695303916931152,3.3446943759918213,3.201848268508911,2.8861536979675293,2.8174960613250732,2.4605581760406494,2.3815910816192627,2.095961332321167,2.003467082977295,1.8907867670059204,1.6878145933151245,1.8910845518112183,3.159925937652588,3.033745288848877,3.0751023292541504,3.2541708946228027,3.112086296081543,2.7452664375305176,2.7308568954467773,2.463963270187378,2.298978567123413,2.2330172061920166,2.071481943130493,2.334895372390747,2.2351791858673096,2.5827064514160156,2.6664085388183594,3.303176164627075,3.0267980098724365,2.706303596496582,2.5010735988616943,2.1560027599334717,2.312744617462158,2.1925652027130127,2.4897141456604004,2.401372194290161,2.7025511264801025,2.8085572719573975,2.953005313873291,3.2296576499938965,3.2504470348358154,3.6250975131988525
B2,1.8890535831451416,1.5629634857177734,1.522397518157959,1.138688087463379,1.1578495502471924,1.2863080501556396,1.0718661546707153,1.1655378341674805,1.3660327196121216,1.4304070472717285,1.7877708673477173,1.8036847114562988,2.199624538421631,2.285400867462158,2.5582642555236816,0.39953768253326416,0.0,0.375660240650177,0.5939972400665283,0.8662448525428772,0.8106359839439392,1.0897637605667114,1.1629664897918701,1.531987190246582,1.7215439081192017,2.0631654262542725,2.2831788063049316,2.6003670692443848,2.8852858543395996,3.1370339393615723,3.895185708999634,3.566962242126465,3.4150164127349854,3.2951505184173584,2.9795119762420654,2.8255562782287598,2.5052969455718994,2.424367666244507,2.067579507827759,1.982459306716919,1.70210599899292,1.615246057510376,1.5292259454727173,1.3510420322418213,1.6009511947631836,2.9413492679595947,2.79000186920166,2.7963974475860596,2.9577884674072266,2.786743402481079,2.427513837814331,2.3967819213867188,2.145766258239746,1.9556390047073364,1.9149025678634644,1.7472856044769287,2.037304639816284,1.96377694606781,2.3120124340057373,2.441202163696289,2.9823451042175293,2.701739549636841,2.3862900733947754,2.204213857650757,1.8414688110351562,1.9617398977279663,1.8432855606079102,2.1297340393066406,2.0348830223083496,2.3484597206115723,2.4565861225128174,2.6276490688323975,2.908250570297241,2.9602410793304443,3.3386545181274414
B3,1.5585817098617554,1.2327988147735596,1.158262848854065,0.7689701318740845,0.8039823770523071,0.9732675552368164,0.8362442255020142,1.0118759870529175,1.269934058189392,1.426021695137024,1.7948046922683716,1.8890421390533447,2.2895824909210205,2.4201622009277344,2.71500825881958,0.6190364360809326,0.375660240650177,0.0,0.38935205340385437,0.570999026298523,0.6109700798988342,0.9478200674057007,1.1282668113708496,1.4721883535385132,1.732679843902588,2.0611391067504883,2.3130252361297607,2.6400232315063477,2.9158999919891357,3.2007758617401123,3.780813217163086,3.4701714515686035,3.3291923999786377,3.250499963760376,2.9361186027526855,2.745615243911743,2.4520115852355957,2.3463528156280518,1.9739984273910522,1.8952475786209106,1.5785285234451294,1.5513076782226562,1.425693154335022,1.3216415643692017,1.569000482559204,2.9860222339630127,2.7910897731781006,2.804537296295166,2.920023202896118,2.7449846267700195,2.3859970569610596,2.301936626434326,2.020289182662964,1.8013701438903809,1.6975164413452148,1.4875538349151611,1.7389389276504517,1.6281870603561401,1.9730817079544067,2.0800158977508545,2.7403576374053955,2.4417638778686523,2.13971209526062,1.916822075843811,1.5723888874053955,1.7248049974441528,1.5852535963058472,1.8905022144317627,1.8307151794433594,2.1375515460968018,2.2874338626861572,2.4343247413635254,2.7443783283233643,2.7932167053222656,3.1680562496185303
B4,1.7284002304077148,1.4120757579803467,1.235743761062622,0.8608258366584778,0.7494088411331177,0.9953627586364746,0.828527569770813,1.099713921546936,1.2776249647140503,1.487236499786377,1.8181136846542358,1.9219640493392944,2.317256450653076,2.421459436416626,2.7466189861297607,0.8860193490982056,0.5939972400665283,0.38935205340385437,0.0,0.38277679681777954,0.5737901329994202,0.7896507978439331,1.0295380353927612,1.371928334236145,1.6321427822113037,1.9823508262634277,2.1975982189178467,2.552457094192505,2.789100408554077,3.08740234375,3.672473669052124,3.3522391319274902,3.2507832050323486,3.1711676120758057,2.8871538639068604,2.6672208309173584,2.365370750427246,2.2069172859191895,1.8370788097381592,1.6916030645370483,1.3438379764556885,1.270775318145752,1.0839394330978394,0.972257137298584,1.195969581604004,3.158010244369507,2.944064140319824,2.9118189811706543,3.0030362606048584,2.7841715812683105,2.4463260173797607,2.3294432163238525,2.0759475231170654,1.8017438650131226,1.7114876508712769,1.442752718925476,1.6881017684936523,1.5445326566696167,1.8541826009750366,1.982517957687378,2.4174118041992188,2.1456246376037598,1.8207725286483765,1.6314798593521118,1.278188943862915,1.449405312538147,1.3830859661102295,1.7155147790908813,1.7134082317352295,2.054697275161743,2.246265411376953,2.4337332248687744,2.7631804943084717,2.8607990741729736,3.234131097793579
B5,1.5363049507141113,1.2007653713226318,0.9721553325653076,0.6585488319396973,0.41327548027038574,0.6488889455795288,0.5285625457763672,0.8707330226898193,1.0599381923675537,1.3446193933486938,1.6629283428192139,1.8389554023742676,2.223734140396118,2.374553918838501,2.7117674350738525,1.1769394874572754,0.8662448525428772,0.570999026298523,0.38277679681777954,0.0,0.378501296043396,0.5816303491592407,0.90738445520401,1.1840778589248657,1.5039379596710205,1.8187150955200195,2.0683774948120117,2.4163904190063477,2.649017333984375,2.9731545448303223,3.3843436241149902,3.082167625427246,2.9837121963500977,2.9405155181884766,2.6575064659118652,2.412163734436035,2.141155242919922,1.9738141298294067,1.598206639289856,1.4856476783752441,1.1282016038894653,1.1599103212356567,1.0002385377883911,1.0295518636703491,1.287968397140503,3.0166614055633545,2.765458345413208,2.730762481689453,2.7787108421325684,2.5560028553009033,2.2272937297821045,2.066197633743286,1.7993718385696411,1.5033847093582153,1.3743315935134888,1.0776700973510742,1.3074619770050049,1.1683967113494873,1.4856064319610596,1.6374553442001343,2.1821463108062744,1.8738720417022705,1.5818167924880981,1.3603127002716064,1.0092517137527466,1.1605234146118164,1.0378206968307495,1.3694058656692505,1.3784005641937256,1.7081760168075562,1.9246419668197632,2.0963070392608643,2.4421982765197754,2.5445735454559326,2.9118728637695312
B6,1.647933840751648,1.2675707340240479,1.1085902452468872,0.8271484971046448,0.6060982942581177,0.6148516535758972,0.29672300815582275,0.5414414405822754,0.719508171081543,0.9727462530136108,1.3064535856246948,1.477535367012024,1.865480661392212,2.0318691730499268,2.359433174133301,1.171951413154602,0.8106359839439392,0.6109700798988342,0.5737901329994202,0.378501296043396,0.0,0.3791903555393219,0.6116223335266113,0.9013848900794983,1.2142143249511719,1.519163966178894,1.7933119535446167,2.12196946144104,2.385927677154541,2.6975319385528564,3.1736180782318115,2.8643953800201416,2.7334656715393066,2.6691625118255615,2.3656649589538574,2.1521902084350586,1.8689310550689697,1.7502048015594482,1.374714970588684,1.3231744766235352,1.0248504877090454,1.0916733741760254,1.0632065534591675,1.100258708000183,1.430907130241394,2.6487812995910645,2.4080283641815186,2.371342897415161,2.441169023513794,2.2267796993255615,1.8876315355300903,1.7608885765075684,1.5022461414337158,1.2368626594543457,1.170590877532959,0.9593481421470642,1.2704181671142578,1.2473622560501099,1.5937186479568481,1.7977163791656494,2.3499460220336914,2.0262386798858643,1.7614164352416992,1.5748417377471924,1.2107164859771729,1.251948356628418,1.065421462059021,1.327892541885376,1.2338528633117676,1.5526682138442993,1.7033594846725464,1.8862686157226562,2.201575517654419,2.2980377674102783,2.6736254692077637
B7,1.9337619543075562,1.5592916011810303,1.3516403436660767,1.124884843826294,0.811048686504364,0.7867002487182617,0.4463686943054199,0.652588427066803,0.6151818633079529,0.9064881205558777,1.1560465097427368,1.3414684534072876,1.7055203914642334,1.8528274297714233,2.2067742347717285,1.478095531463623,1.0897637605667114,0.9478200674057007,0.7896507978439331,0.5816303491592407,0.3791903555393219,0.0,0.36974069476127625,0.6101412773132324,0.9288060665130615,1.2431684732437134,1.4881302118301392,1.8366032838821411,2.06854248046875,2.393730640411377,2.887821912765503,2.564548969268799,2.4629995822906494,2.3886024951934814,2.113560914993286,1.8804270029067993,1.584072470664978,1.423860788345337,1.0506088733673096,0.9532444477081299,0.6515072584152222,0.7355894446372986,0.7807650566101074,0.8975508213043213,1.2552965879440308,2.634071111679077,2.3800833225250244,2.285914897918701,2.332364559173584,2.070618152618408,1.7646665573120117,1.615432858467102,1.4157662391662598,1.1036529541015625,1.111498236656189,0.8934191465377808,1.2279927730560303,1.248664379119873,1.5513038635253906,1.8159656524658203,2.105647087097168,1.7961864471435547,1.5390732288360596,1.423142433166504,1.0502386093139648,0.999815821647644,0.8565446138381958,1.088220238685608,0.9996129870414734,1.3541240692138672,1.51444411277771,1.7578939199447632,2.0701940059661865,2.2255454063415527,2.5947329998016357
B8,2.201982021331787,1.8117262125015259,1.6513612270355225,1.422758936882019,1.1461338996887207,1.056518793106079,0.6802389025688171,0.6853533983230591,0.48755931854248047,0.6459344625473022,0.8578912019729614,0.9910492897033691,1.357167363166809,1.4870184659957886,1.8407188653945923,1.5582362413406372,1.1629664897918701,1.1282668113708496,1.0295380353927612,0.90738445520401,0.6116223335266113,0.36974069476127625,0.0,0.3798234164714813,0.613919198513031,0.9543889760971069,1.193800926208496,1.5329986810684204,1.7927125692367554,2.0943257808685303,2.760537624359131,2.41911244392395,2.2934021949768066,2.1712605953216553,1.8869026899337769,1.7018117904663086,1.3700793981552124,1.263202428817749,0.914948582649231,0.8634986877441406,0.6980500221252441,0.7453049421310425,0.9371343851089478,1.007652759552002,1.3902760744094849,2.375570297241211,2.1491332054138184,2.028374433517456,2.112548828125,1.8441197872161865,1.5413893461227417,1.4540536403656006,1.3093498945236206,1.048667550086975,1.1745696067810059,1.0706013441085815,1.4406423568725586,1.538658857345581,1.8389317989349365,2.1291463375091553,2.3331847190856934,2.038489580154419,1.7997089624404907,1.7334336042404175,1.368208646774292,1.2487245798110962,1.1093755960464478,1.2516391277313232,1.0723782777786255,1.3989447355270386,1.4694985151290894,1.7437938451766968,2.003431797027588,2.167543411254883,2.536726236343384
B9,2.3536713123321533,1.968509554862976,1.8007478713989258,1.6427457332611084,1.3390611410140991,1.1754554510116577,0.8540686964988708,0.7926307916641235,0.4446878433227539,0.6065307855606079,0.6560555100440979,0.87870854139328,1.1803077459335327,1.3503334522247314,1.7123597860336304,1.923248291015625,1.531987190246582,1.4721883535385132,1.371928334236145,1.1840778589248657,0.9013848900794983,0.6101412773132324,0.3798234164714813,0.0,0.3815893530845642,0.6363745331764221,0.9180538058280945,1.2425302267074585,1.4951153993606567,1.8216427564620972,2.381202459335327,2.0407001972198486,1.9155454635620117,1.8035434484481812,1.5257954597473145,1.3245642185211182,0.998719334602356,0.8949896693229675,0.5499321222305298,0.6013359427452087,0.5909827351570129,0.7738482356071472,1.0630563497543335,1.2284990549087524,1.5965211391448975,2.216993808746338,1.9617537260055542,1.798738956451416,1.83808434009552,1.537307620048523,1.271074891090393,1.150998830795288,1.0687741041183472,0.7992982864379883,1.01388680934906,0.9835901856422424,1.3451093435287476,1.5224612951278687,1.7845795154571533,2.116637706756592,2.2528140544891357,1.9532684087753296,1.772654414176941,1.7428443431854248,1.4179868698120117,1.2032897472381592,1.0414254665374756,1.0679434537887573,0.8257818222045898,1.1186875104904175,1.149134874343872,1.459521770477295,1.6972308158874512,1.9012480974197388,2.2572553157806396
B10,2.7173593044281006,2.327188491821289,2.173368453979492,1.9964035749435425,1.7016257047653198,1.548990249633789,1.2112681865692139,1.108488917350769,0.7449734807014465,0.7123826146125793,0.5951882600784302,0.6801037192344666,0.9210612773895264,1.0235724449157715,1.3983454704284668,2.1075222492218018,1.7215439081192017,1.732679843902588,1.6321427822113037,1.5039379596710205,1.2142143249511719,0.9288060665130615,0.613919198513031,0.3815893530845642,0.0,0.3837479054927826,0.583197295665741,0.9213100075721741,1.1849291324615479,1.4835681915283203,2.3082876205444336,1.9435441493988037,1.8174952268600464,1.633603572845459,1.377827525138855,1.2417676448822021,0.8697412014007568,0.8194743990898132,0.6021786332130432,0.6491711139678955,0.7984543442726135,0.8721799850463867,1.2284579277038574,1.3459261655807495,1.70106840133667,2.1370656490325928,1.9237558841705322,1.7084245681762695,1.7851272821426392,1.4641155004501343,1.244327187538147,1.2065761089324951,1.228022813796997,1.0376580953598022,1.325097918510437,1.3468084335327148,1.700018048286438,1.8944625854492188,2.1396470069885254,2.482234477996826,2.45100474357605,2.188199281692505,2.01375150680542,2.039299249649048,1.720887541770935,1.4808224439620972,1.3730753660202026,1.3584229946136475,1.1107113361358643,1.3561689853668213,1.3104041814804077,1.6462152004241943,1.8158982992172241,2.0405097007751465,2.377843141555786
B11,2.9063985347747803,2.522667646408081,2.383427858352661,2.2544174194335938,1.9617958068847656,1.7568467855453491,1.4601948261260986,1.304490327835083,0.9217243790626526,0.8417617082595825,0.5483025908470154,0.674575924873352,0.7544559836387634,0.9131730794906616,1.2608906030654907,2.44221568107605,2.0631654262542725,2.0611391067504883,1.9823508262634277,1.8187150955200195,1.519163966178894,1.2431684732437134,0.9543889760971069,0.6363745331764221,0.3837479054927826,0.0,0.3829864263534546,0.6196173429489136,0.9144843816757202,1.2242505550384521,1.974906325340271,1.6129019260406494,1.4603039026260376,1.2611428499221802,0.9983274340629578,0.8986797332763672,0.5239346027374268,0.6009891033172607,0.548257052898407,0.7591460347175598,1.0271611213684082,1.1718121767044067,1.5432205200195312,1.7009681463241577,2.0438907146453857,1.9333690404891968,1.7083817720413208,1.4457165002822876,1.487712025642395,1.1410977840423584,0.9894894361495972,0.9699505567550659,1.10000741481781,0.9866014122962952,1.3373831510543823,1.4469008445739746,1.769823431968689,2.02567195892334,2.2420780658721924,2.6031088829040527,2.571531057357788,2.3081369400024414,2.1897685527801514,2.2306454181671143,1.949638843536377,1.663190484046936,1.5307821035385132,1.4221031665802002,1.1296941041946411,1.276736855506897,1.1381279230117798,1.4780787229537964,1.578999400138855,1.8268343210220337,2.136037826538086
B12,3.252063274383545,2.8674323558807373,2.709304094314575,2.560382843017578,2.2515976428985596,2.0824084281921387,1.7704737186431885,1.6492890119552612,1.2685487270355225,1.1788312196731567,0.8889391422271729,0.8816262483596802,0.8582436442375183,0.8654982447624207,1.2040644884109497,2.6634979248046875,2.2831788063049316,2.3130252361297607,2.1975982189178467,2.0683774948120117,1.7933119535446167,1.4881302118301392,1.193800926208496,0.9180538058280945,0.583197295665741,0.3829864263534546,0.0,0.386598140001297,0.6045787334442139,0.9070003032684326,1.9657526016235352,1.582423210144043,1.4837919473648071,1.2170456647872925,1.0521068572998047,0.9991425275802612,0.6473318338394165,0.679418683052063,0.7632277607917786,0.8518816232681274,1.174421787261963,1.233494520187378,1.624328851699829,1.75967276096344,2.0669610500335693,2.1457509994506836,1.9606521129608154,1.6582520008087158,1.709863543510437,1.3538442850112915,1.280436635017395,1.29073965549469,1.4659862518310547,1.3527947664260864,1.6979925632476807,1.778058648109436,2.089611053466797,2.3260536193847656,2.5176608562469482,2.885746717453003,2.6292786598205566,2.413958787918091,2.2968428134918213,2.3963842391967773,2.1264700889587402,1.826226830482483,1.7639623880386353,1.6520649194717407,1.410449504852295,1.5602672100067139,1.4338656663894653,1.7879183292388916,1.8607761859893799,2.134997606277466,2.416905403137207
B13,3.5187714099884033,3.136204242706299,3.000944137573242,2.872781753540039,2.57672381401062,2.375126600265503,2.078378915786743,1.9122085571289062,1.5333291292190552,1.3901206254959106,1.0371121168136597,0.9948251247406006,0.8046929240226746,0.8011167049407959,1.0511833429336548,2.9700798988342285,2.6003670692443848,2.6400232315063477,2.552457094192505,2.4163904190063477,2.12196946144104,1.8366032838821411,1.5329986810684204,1.2425302267074585,0.9213100075721741,0.6196173429489136,0.386598140001297,0.0,0.38399744033813477,0.6183035969734192,1.7968167066574097,1.427248477935791,1.2951127290725708,0.9661469459533691,0.8372761607170105,0.9174433946609497,0.6613053679466248,0.8409653902053833,1.0321292877197266,1.191968321800232,1.534597635269165,1.6172890663146973,2.0082995891571045,2.1452133655548096,2.449917793273926,1.9903959035873413,1.8340221643447876,1.4926657676696777,1.5412189960479736,1.199191927909851,1.2220605611801147,1.2972785234451294,1.5497262477874756,1.52082359790802,1.8914178609848022,2.0329573154449463,2.3276915550231934,2.601328134536743,2.78262996673584,3.1562132835388184,2.9214909076690674,2.709700107574463,2.625333547592163,2.728257656097412,2.475123405456543,2.1594836711883545,2.076197862625122,1.9199159145355225,1.6521748304367065,1.7278028726577759,1.5262320041656494,1.8506083488464355,1.8408045768737793,2.1107890605926514,2.3526532649993896
