,A1,A2,A3,A4,A5,A6,A7,A8,A9,A10,A11,A12,A13,A14,A15,B1,B2,B3,B4,B5,B6,B7,B8,B9,B10,B11,B12,B13,B14,B15,C1,C2,C3,C4,C5,C6,C7,C8,C9,C10,C11,C12,C13,C14,C15,D1,D2,D3,D4,D5,D6,D7,D8,D9,D10,D11,D12,D13,D14,D15,E1,E2,E3,E4,E5,E6,E7,E8,E9,E10,E11,E12,E13,E14,E15
A1,0.0,0.3870338499546051,0.6142920255661011,0.9286171793937683,1.2566511631011963,1.5426145792007446,1.9031426906585693,2.17295503616333,2.5056774616241455,2.7929561138153076,3.0421626567840576,3.4110124111175537,3.3942172527313232,3.7054238319396973,3.856046676635742,0.6513025164604187,0.860407829284668,1.0184040069580078,1.227146863937378,1.594895839691162,1.7663463354110718,2.1599490642547607,2.3459699153900146,2.6950199604034424,2.9404456615448,3.176591157913208,3.518059015274048,3.4522793292999268,3.730504274368286,3.8637943267822266,1.0273897647857666,1.0403298139572144,1.229271411895752,1.2695235013961792,1.651131510734558,1.7488352060317993,2.137472152709961,2.298569440841675,2.6116445064544678,2.8723199367523193,3.0297083854675293,3.37044358253479,3.3335976600646973,3.580026626586914,3.7651236057281494,1.04485285282135,0.8751457929611206,1.1290769577026367,1.0649950504302979,1.4250409603118896,1.5508341789245605,1.898604393005371,2.1415669918060303,2.396089792251587,2.712637424468994,2.8548390865325928,3.2268166542053223,3.267580270767212,3.5340394973754883,3.7546777725219727,0.6447943449020386,0.44257307052612305,0.7915806174278259,0.8805806040763855,1.2146199941635132,1.4982978105545044,1.826011300086975,2.134716272354126,2.406437635421753,2.7358736991882324,2.925487518310547,3.3017566204071045,3.3331141471862793,3.6386656761169434,3.8378851413726807
A2,0.3870338499546051,0.0,0.381885826587677,0.5994997024536133,0.9406635761260986,1.2345664501190186,1.5851367712020874,1.880860686302185,2.189309597015381,2.4991681575775146,2.7319021224975586,3.1089677810668945,3.121201992034912,3.4339616298675537,3.6084718704223633,0.3579789698123932,0.5316249132156372,0.6445551514625549,0.9047155380249023,1.25596022605896,1.471825122833252,1.8559948205947876,2.0721027851104736,2.421741485595703,2.679927110671997,2.9332926273345947,3.284102201461792,3.23176646232605,3.5323283672332764,3.6638290882110596,0.8087117671966553,0.8578374981880188,0.965943455696106,1.066917896270752,1.4366748332977295,1.5491305589675903,1.9460607767105103,2.097614288330078,2.440744638442993,2.6838035583496094,2.878281831741333,3.2171151638031006,3.154475688934326,3.4178216457366943,3.5734400749206543,1.0222185850143433,0.8912003040313721,1.0505090951919556,0.984204888343811,1.3486355543136597,1.4169379472732544,1.7910268306732178,1.979824423789978,2.26664662361145,2.549433469772339,2.7047855854034424,3.0639257431030273,3.066279172897339,3.3241889476776123,3.524334669113159,0.8301723599433899,0.546991229057312,0.7940454483032227,0.7434858679771423,1.102645754814148,1.3021180629730225,1.6453464031219482,1.917730450630188,2.1858012676239014,2.5064449310302734,2.672353744506836,3.041010856628418,3.0711746215820312,3.3580379486083984,3.5715575218200684
A3,0.6142920255661011,0.381885826587677,0.0,0.38066551089286804,0.6509765386581421,0.9514241218566895,1.2974480390548706,1.5771437883377075,1.9066420793533325,2.195157051086426,2.45509934425354,2.8240349292755127,2.817960262298584,3.1418967247009277,3.294891834259033,0.6729532480239868,0.7227441072463989,0.6190692782402039,0.8178783059120178,1.111762285232544,1.2575448751449585,1.6411696672439575,1.8046152591705322,2.1733880043029785,2.3978922367095947,2.6640920639038086,2.9995980262756348,2.9197568893432617,3.216418504714966,3.32855224609375,1.0596625804901123,1.0106337070465088,0.9900863766670227,0.9870845675468445,1.3051424026489258,1.3270387649536133,1.7147592306137085,1.8129578828811646,2.156442642211914,2.374619722366333,2.5592219829559326,2.884408473968506,2.8085107803344727,3.059427499771118,3.2143940925598145,1.2086553573608398,0.9839731454849243,1.0249840021133423,0.8291290402412415,1.1298251152038574,1.1178675889968872,1.4727766513824463,1.6392700672149658,1.9089325666427612,2.190427303314209,2.331373691558838,2.6897406578063965,2.7020537853240967,2.9575014114379883,3.169583559036255,0.9496239423751831,0.5766091346740723,0.6345886588096619,0.4288700819015503,0.7429425120353699,0.9393602609634399,1.2686256170272827,1.557647466659546,1.8194270133972168,2.1475541591644287,2.322089672088623,2.6962056159973145,2.734086751937866,3.0340142250061035,3.246208667755127
A4,0.9286171793937683,0.5994997024536133,0.38066551089286804,0.0,0.3916894197463989,0.6360080242156982,0.9946601986885071,1.2842059135437012,1.5914102792739868,1.9012178182601929,2.1333367824554443,2.5101959705352783,2.528823137283325,2.8453640937805176,3.027052640914917,0.7398388981819153,0.6144660711288452,0.33407503366470337,0.48745906352996826,0.7374574542045593,0.920406699180603,1.2945133447647095,1.4970768690109253,1.8575431108474731,2.104708194732666,2.3777284622192383,2.7259151935577393,2.6722726821899414,2.9886977672576904,3.112445831298828,0.9739710092544556,0.9073412418365479,0.755773663520813,0.7890850305557251,1.0548802614212036,1.0968565940856934,1.480833649635315,1.582414984703064,1.950996994972229,2.159421682357788,2.385228157043457,2.7132437229156494,2.623786687850952,2.9010062217712402,3.030526638031006,1.216210961341858,1.0434657335281372,0.9734405279159546,0.8117809891700745,1.0745649337768555,1.012400507926941,1.3849258422851562,1.4906047582626343,1.8059029579162598,2.043605327606201,2.2174079418182373,2.560075521469116,2.524027109146118,2.781411647796631,2.9585232734680176,1.1471017599105835,0.819641649723053,0.7809162735939026,0.5028067231178284,0.7778393626213074,0.814268171787262,1.1683295965194702,1.3778331279754639,1.654981017112732,1.9523744583129883,2.113778829574585,2.472245693206787,2.4874160289764404,2.7664425373077393,2.980285167694092
A5,1.2566511631011963,0.9406635761260986,0.6509765386581421,0.3916894197463989,0.0,0.391177237033844,0.6632786989212036,0.9940487146377563,1.2856248617172241,1.5979961156845093,1.853721261024475,2.2281694412231445,2.2607645988464355,2.5966737270355225,2.770937919616699,1.0579886436462402,0.954454243183136,0.5991645455360413,0.6884761452674866,0.7274079918861389,0.8491443991661072,1.1641510725021362,1.316266417503357,1.694697380065918,1.8986645936965942,2.206899881362915,2.536090135574341,2.454674005508423,2.7827651500701904,2.870365858078003,1.3223867416381836,1.2623695135116577,1.0352734327316284,1.0293680429458618,1.1813228130340576,1.123714566230774,1.459504246711731,1.4668267965316772,1.8456816673278809,1.9913949966430664,2.2278897762298584,2.523963212966919,2.3893115520477295,2.6526098251342773,2.749464988708496,1.5907083749771118,1.4033873081207275,1.2738828659057617,1.0520716905593872,1.204272985458374,1.0102843046188354,1.3206173181533813,1.3270471096038818,1.6185961961746216,1.8117703199386597,1.956298589706421,2.2754344940185547,2.2230141162872314,2.454158306121826,2.63653826713562,1.503816843032837,1.1557263135910034,1.0432926416397095,0.6809844970703125,0.7582115530967712,0.6389831304550171,0.911116898059845,1.0946238040924072,1.3225305080413818,1.6285781860351562,1.7568451166152954,2.1172966957092285,2.161520004272461,2.4361939430236816,2.6742749214172363
A6,1.5426145792007446,1.2345664501190186,0.9514241218566895,0.6360080242156982,0.391177237033844,0.0,0.3968295454978943,0.6493820548057556,0.9639627933502197,1.265223741531372,1.5058649778366089,1.8795710802078247,1.9022692441940308,2.227343797683716,2.4128384590148926,1.344484567642212,1.1445084810256958,0.779492974281311,0.6658350229263306,0.527889609336853,0.5075015425682068,0.7891305685043335,0.9261277914047241,1.3035297393798828,1.5151641368865967,1.820151925086975,2.1553592681884766,2.092409610748291,2.4275553226470947,2.5342955589294434,1.4552925825119019,1.3247137069702148,1.01259446144104,0.9405516982078552,0.9579761624336243,0.8461750745773315,1.1323269605636597,1.1185288429260254,1.5060569047927856,1.6436301469802856,1.907305121421814,2.2077324390411377,2.0778112411499023,2.367504358291626,2.458875894546509,1.663324236869812,1.4807156324386597,1.2546292543411255,1.0450525283813477,1.0928300619125366,0.8469346165657043,1.1216810941696167,1.0648664236068726,1.3958053588867188,1.5474060773849487,1.7396973371505737,2.0476579666137695,1.9577429294586182,2.21091628074646,2.3562746047973633,1.6566365957260132,1.3500356674194336,1.1534405946731567,0.8243880867958069,0.8209030032157898,0.547294557094574,0.804658055305481,0.8555628657341003,1.1320817470550537,1.3783860206604004,1.5324126482009888,1.8718947172164917,1.8649104833602905,2.135474920272827,2.3489580154418945
A7,1.9031426906585693,1.5851367712020874,1.2974480390548706,0.9946601986885071,0.6632786989212036,0.3968295454978943,0.0,0.397215873003006,0.6250889301300049,0.9517673254013062,1.2021726369857788,1.5757704973220825,1.6376662254333496,1.9789949655532837,2.1717147827148438,1.6652731895446777,1.4796159267425537,1.102611780166626,1.0111758708953857,0.7543477416038513,0.6886672377586365,0.7731320858001709,0.8371105194091797,1.192883849143982,1.3472411632537842,1.690643548965454,1.998867154121399,1.9197291135787964,2.2722630500793457,2.340041399002075,1.7931734323501587,1.6897159814834595,1.3569093942642212,1.3023568391799927,1.2440983057022095,1.0883471965789795,1.2720061540603638,1.1556141376495361,1.526168942451477,1.5731127262115479,1.857433557510376,2.1093335151672363,1.9226906299591064,2.2012627124786377,2.2367093563079834,2.0464322566986084,1.8755247592926025,1.635654330253601,1.4240473508834839,1.415635108947754,1.1116375923156738,1.286428451538086,1.103590726852417,1.3872636556625366,1.4457045793533325,1.6081417798995972,1.8631080389022827,1.725622534751892,1.9393463134765625,2.067045211791992,2.0512726306915283,1.7358016967773438,1.5330166816711426,1.189734697341919,1.1045910120010376,0.7563428282737732,0.8277586102485657,0.7451817989349365,0.916670560836792,1.1248499155044556,1.2113778591156006,1.5341370105743408,1.550990343093872,1.797532320022583,2.044461488723755
A8,2.17295503616333,1.880860686302185,1.5771437883377075,1.2842059135437012,0.9940487146377563,0.6493820548057556,0.397215873003006,0.0,0.39161548018455505,0.6204053163528442,0.8959142565727234,1.252153992652893,1.2672241926193237,1.6077255010604858,1.788382887840271,1.9892555475234985,1.769341230392456,1.4065991640090942,1.2277405261993408,0.9374279975891113,0.7044020295143127,0.6353039145469666,0.5198445916175842,0.8626980185508728,0.9644204378128052,1.313109278678894,1.6082558631896973,1.5226378440856934,1.8762940168380737,1.9527169466018677,2.0470404624938965,1.8850544691085815,1.5306462049484253,1.4028346538543701,1.2387479543685913,1.0040428638458252,1.0635921955108643,0.8610378503799438,1.199649453163147,1.2004270553588867,1.4987542629241943,1.7387129068374634,1.5520559549331665,1.8494527339935303,1.8853753805160522,2.2131640911102295,2.0259172916412354,1.7317618131637573,1.516835331916809,1.4060657024383545,1.0737520456314087,1.141818642616272,0.8721694946289062,1.1455401182174683,1.1366238594055176,1.3408005237579346,1.5753848552703857,1.4063602685928345,1.6500933170318604,1.7452300786972046,2.2281551361083984,1.9414724111557007,1.6797420978546143,1.3752663135528564,1.2232720851898193,0.838545560836792,0.8212194442749023,0.5606836080551147,0.7539714574813843,0.8503843545913696,0.9923018217086792,1.2839980125427246,1.231431484222412,1.4943348169326782,1.7007696628570557
A9,2.5056774616241455,2.189309597015381,1.9066420793533325,1.5914102792739868,1.2856248617172241,0.9639627933502197,0.6250889301300049,0.39161548018455505,0.0,0.3821122944355011,0.5841757655143738,0.9568544626235962,1.0669664144515991,1.4020237922668457,1.626440167427063,2.2545299530029297,2.0265393257141113,1.662947416305542,1.495739459991455,1.148582935333252,0.9677614569664001,0.7580141425132751,0.6535850763320923,0.8501397967338562,0.9029417037963867,1.2647020816802979,1.5292067527770996,1.4696663618087769,1.8405312299728394,1.892533302307129,2.2928144931793213,2.161207437515259,1.7921127080917358,1.7108604907989502,1.5175076723098755,1.3226680755615234,1.3218114376068115,1.1059342622756958,1.3918328285217285,1.3149434328079224,1.6348865032196045,1.8189414739608765,1.5891698598861694,1.8798805475234985,1.8394718170166016,2.516164541244507,2.3628265857696533,2.0661566257476807,1.8823366165161133,1.7775155305862427,1.4568111896514893,1.5009899139404297,1.1926510334014893,1.416896104812622,1.311282992362976,1.4894825220108032,1.6399168968200684,1.395946979522705,1.58173406124115,1.6117535829544067,2.5834603309631348,2.298154354095459,2.054307222366333,1.744398832321167,1.6068501472473145,1.2217328548431396,1.163456916809082,0.8615471124649048,0.9118412733078003,0.8900507688522339,0.9075795412063599,1.1126881837844849,1.050814151763916,1.2373071908950806,1.4780466556549072
A10,2.7929561138153076,2.4991681575775146,2.195157051086426,1.9012178182601929,1.5979961156845093,1.265223741531372,0.9517673254013062,0.6204053163528442,0.3821122944355011,0.0,0.3688540756702423,0.6611192226409912,0.7111241817474365,1.0673409700393677,1.2590311765670776,2.5928378105163574,2.3618454933166504,2.001182794570923,1.807623267173767,1.4720168113708496,1.2245965003967285,0.9724612236022949,0.7206871509552002,0.7966392636299133,0.6822746992111206,1.0376100540161133,1.2344417572021484,1.1371846199035645,1.5026624202728271,1.5272623300552368,2.6200549602508545,2.455540657043457,2.0855588912963867,1.9556083679199219,1.717921495437622,1.470698595046997,1.374416708946228,1.0822830200195312,1.2736936807632446,1.0998886823654175,1.4015274047851562,1.5263173580169678,1.2693164348602295,1.5517791509628296,1.4822331666946411,2.784061908721924,2.608656644821167,2.2888104915618896,2.0892324447631836,1.9192907810211182,1.5847063064575195,1.5326294898986816,1.171160101890564,1.316206932067871,1.116312026977539,1.2865175008773804,1.372103214263916,1.084172248840332,1.268459677696228,1.255577564239502,2.8279502391815186,2.552985906600952,2.2736363410949707,1.9826668500900269,1.7911858558654785,1.4055248498916626,1.2702218294143677,0.8991725444793701,0.8794991374015808,0.7000541687011719,0.7225731611251831,0.840775728225708,0.6969498991966248,0.8982059359550476,1.107749104499817
A11,3.0421626567840576,2.7319021224975586,2.45509934425354,2.1333367824554443,1.853721261024475,1.5058649778366089,1.2021726369857788,0.8959142565727234,0.5841757655143738,0.3688540756702423,0.0,0.38809090852737427,0.5845583081245422,0.867712140083313,1.1487364768981934,2.7932662963867188,2.5332441329956055,2.187143087387085,1.9704917669296265,1.6038169860839844,1.3749796152114868,1.0434995889663696,0.8449244499206543,0.7596824765205383,0.6496461629867554,0.9455162882804871,1.1259346008300781,1.121972680091858,1.4876354932785034,1.5412646532058716,2.7577455043792725,2.5988872051239014,2.2184360027313232,2.1152069568634033,1.841260313987732,1.6412241458892822,1.5009957551956177,1.2538033723831177,1.4044384956359863,1.2236042022705078,1.5431417226791382,1.6468491554260254,1.4112447500228882,1.7038440704345703,1.593595266342163,2.9380581378936768,2.7995805740356445,2.467679023742676,2.3133914470672607,2.147695541381836,1.8460972309112549,1.806216835975647,1.4604074954986572,1.6207799911499023,1.3979320526123047,1.5878325700759888,1.6283668279647827,1.3019496202468872,1.4547672271728516,1.3452569246292114,3.0530483722686768,2.7989444732666016,2.5288684368133545,2.253638982772827,2.0980184078216553,1.7145991325378418,1.6195778846740723,1.2502329349517822,1.2472562789916992,1.0372555255889893,1.0165766477584839,1.0180572271347046,0.8064441680908203,0.8634735345840454,1.0303345918655396
A12,3.4110124111175537,3.1089677810668945,2.8240349292755127,2.5101959705352783,2.2281694412231445,1.8795710802078247,1.5757704973220825,1.252153992652893,0.9568544626235962,0.6611192226409912,0.38809090852737427,0.0,0.3681519031524658,0.5598359107971191,0.850515604019165,3.1783483028411865,2.9159297943115234,2.5716912746429443,2.3458168506622314,1.9819920063018799,1.7351925373077393,1.3923896551132202,1.1562591791152954,0.9828481078147888,0.7547540664672852,0.9372740387916565,0.9828386902809143,0.984699547290802,1.30925714969635,1.32668137550354,3.133185625076294,2.962188720703125,2.581857442855835,2.4613068103790283,2.1645405292510986,1.9491641521453857,1.7539273500442505,1.483460783958435,1.5437566041946411,1.2918566465377808,1.5670491456985474,1.5866655111312866,1.3413512706756592,1.5970523357391357,1.4255552291870117,3.288999080657959,3.1454081535339355,2.8021247386932373,2.646108388900757,2.4479994773864746,2.1468729972839355,2.0539445877075195,1.6919238567352295,1.7887303829193115,1.5032315254211426,1.664620041847229,1.6201659440994263,1.2620781660079956,1.3626065254211426,1.1580760478973389,3.4009897708892822,3.154080629348755,2.8684003353118896,2.6032721996307373,2.42297625541687,2.042733907699585,1.9092916250228882,1.5225437879562378,1.4706248044967651,1.182735800743103,1.1306055784225464,0.9971624612808228,0.7174701690673828,0.638073205947876,0.7184279561042786
A13,3.3942172527313232,3.121201992034912,2.817960262298584,2.528823137283325,2.2607645988464355,1.9022692441940308,1.6376662254333496,1.2672241926193237,1.0669664144515991,0.7111241817474365,0.5845583081245422,0.3681519031524658,0.0,0.3726404309272766,0.5694417357444763,3.2283809185028076,2.9663679599761963,2.62608003616333,2.3782639503479004,2.0439276695251465,1.7435064315795898,1.4260774850845337,1.1120556592941284,0.9260697960853577,0.5886815190315247,0.7169647216796875,0.6927571296691895,0.624485433101654,0.9528518915176392,0.9809799194335938,3.181816577911377,2.973605155944824,2.602015256881714,2.4300990104675293,2.118506669998169,1.8594211339950562,1.6182194948196411,1.3117456436157227,1.2960647344589233,0.9955611824989319,1.2340368032455444,1.225046157836914,0.9925369620323181,1.2613271474838257,1.1247520446777344,3.265777111053467,3.0930328369140625,2.7381975650787354,2.5643808841705322,2.3206050395965576,2.021684169769287,1.8686784505844116,1.5049853324890137,1.5542234182357788,1.2422760725021362,1.4181296825408936,1.3636727333068848,1.018276333808899,1.175281286239624,0.9690144062042236,3.3383028507232666,3.1043970584869385,2.7906877994537354,2.5504417419433594,2.33730411529541,1.9735233783721924,1.8170593976974487,1.421945333480835,1.3871601819992065,1.060267686843872,1.0970172882080078,0.9730910658836365,0.6173404455184937,0.6535908579826355,0.5908567309379578
A14,3.7054238319396973,3.4339616298675537,3.1418967247009277,2.8453640937805176,2.5966737270355225,2.227343797683716,1.9789949655532837,1.6077255010604858,1.4020237922668457,1.0673409700393677,0.867712140083313,0.5598359107971191,0.3726404309272766,0.0,0.38450804352760315,3.5343918800354004,3.2536137104034424,2.926704168319702,2.6571242809295654,2.3194851875305176,2.01582670211792,1.6742597818374634,1.3799141645431519,1.111557960510254,0.7917147874832153,0.7453786730766296,0.5733356475830078,0.6325103640556335,0.8632981777191162,0.9284047484397888,3.442436695098877,3.2230663299560547,2.8521223068237305,2.6784019470214844,2.339890480041504,2.101121425628662,1.8165072202682495,1.543852686882019,1.4602605104446411,1.1611027717590332,1.3590763807296753,1.3007928133010864,1.1319135427474976,1.3727545738220215,1.2182025909423828,3.5038938522338867,3.3469290733337402,2.9810173511505127,2.8339149951934814,2.5756490230560303,2.3050098419189453,2.1388378143310547,1.795839548110962,1.8357210159301758,1.5172524452209473,1.698064923286438,1.606216549873352,1.2718397378921509,1.3998445272445679,1.1202622652053833,3.611349582672119,3.3998043537139893,3.0818397998809814,2.8637678623199463,2.661342144012451,2.3061764240264893,2.165407419204712,1.7717368602752686,1.7510720491409302,1.4155009984970093,1.4496358633041382,1.2761895656585693,0.9184539914131165,0.8461822867393494,0.6314128637313843
A15,3.856046676635742,3.6084718704223633,3.294891834259033,3.027052640914917,2.770937919616699,2.4128384590148926,2.1717147827148438,1.788382887840271,1.626440167427063,1.2590311765670776,1.1487364768981934,0.850515604019165,0.5694417357444763,0.38450804352760315,0.0,3.7396607398986816,3.4751524925231934,3.143373966217041,2.8783438205718994,2.563541889190674,2.23581600189209,1.928876519203186,1.5902823209762573,1.3618457317352295,0.9970986247062683,0.9218378663063049,0.6317381858825684,0.5290464162826538,0.6213223934173584,0.5805068612098694,3.67820143699646,3.44150447845459,3.0797502994537354,2.872077226638794,2.540529251098633,2.2620773315429688,1.9636765718460083,1.6546999216079712,1.507652997970581,1.158076524734497,1.2566179037094116,1.0935734510421753,0.9216341972351074,1.0874435901641846,0.9092217087745667,3.6994171142578125,3.511282205581665,3.1458687782287598,2.9693830013275146,2.6795601844787598,2.399343729019165,2.1759257316589355,1.830082893371582,1.7887308597564697,1.4385017156600952,1.5705245733261108,1.4145820140838623,1.1097906827926636,1.2136069536209106,0.9087141752243042,3.751660108566284,3.538174867630005,3.2014222145080566,2.991442918777466,2.74924898147583,2.4103920459747314,2.2238457202911377,1.8386054039001465,1.782409906387329,1.4191381931304932,1.4707787036895752,1.263057827949524,0.9128066301345825,0.8687843084335327,0.534599244594574
B1,0.6513025164604187,0.3579789698123932,0.6729532480239868,0.7398388981819153,1.0579886436462402,1.344484567642212,1.6652731895446777,1.9892555475234985,2.2545299530029297,2.5928378105163574,2.7932662963867188,3.1783483028411865,3.2283809185028076,3.5343918800354004,3.7396607398986816,0.0,0.38317906856536865,0.6140945553779602,0.9329349994659424,1.2615249156951904,1.5526092052459717,1.9111218452453613,2.178588628768921,2.5108323097229004,2.7942731380462646,3.052468776702881,3.4155354499816895,3.389004707336426,3.707019567489624,3.8448312282562256,0.6347305178642273,0.8392640948295593,0.9656542539596558,1.183523178100586,1.543015480041504,1.7133013010025024,2.1065380573272705,2.27447772026062,2.6336026191711426,2.8717808723449707,3.0963096618652344,3.4365122318267822,3.3603155612945557,3.6386349201202393,3.769896984100342,1.068676233291626,1.0627493858337402,1.2248244285583496,1.2362688779830933,1.6064035892486572,1.6697101593017578,2.056544780731201,2.2127041816711426,2.5224609375,2.777902364730835,2.9435245990753174,3.2893431186676025,3.2592461109161377,3.506018877029419,3.6850717067718506,1.066845178604126,0.8613523244857788,1.1107313632965088,1.0407534837722778,1.3981685638427734,1.5344593524932861,1.8777358531951904,2.1131174564361572,2.3697164058685303,2.678579330444336,2.813856840133667,3.17030668258667,3.200798511505127,3.4614505767822266,3.6896162033081055
B2,0.860407829284668,0.5316249132156372,0.7227441072463989,0.6144660711288452,0.954454243183136,1.1445084810256958,1.4796159267425537,1.769341230392456,2.0265393257141113,2.3618454933166504,2.5332441329956055,2.9159297943115234,2.9663679599761963,3.2536137104034424,3.4751524925231934,0.38317906856536865,0.0,0.37958571314811707,0.6069982647895813,0.9481508731842041,1.2500436305999756,1.5979148149490356,1.8923479318618774,2.2001967430114746,2.5066325664520264,2.7470362186431885,3.1190810203552246,3.121446132659912,3.4418511390686035,3.6036760807037354,0.3951853811740875,0.53952556848526,0.5981982350349426,0.8694179058074951,1.2086570262908936,1.4233555793762207,1.8057398796081543,2.0042219161987305,2.362685203552246,2.613133668899536,2.856637477874756,3.20682954788208,3.143732786178589,3.4450063705444336,3.5743303298950195,0.8844969868659973,0.9123314619064331,0.9850850105285645,1.0513126850128174,1.4051121473312378,1.4794689416885376,1.8758066892623901,2.020080089569092,2.3625731468200684,2.598970890045166,2.8022396564483643,3.1439208984375,3.0865094661712646,3.3501267433166504,3.4981184005737305,1.0585238933563232,0.8810797929763794,1.038691520690918,0.9663966298103333,1.329602837562561,1.405896544456482,1.7753123044967651,1.9547477960586548,2.2428715229034424,2.5171093940734863,2.66636323928833,3.0070559978485107,2.999377489089966,3.2497332096099854,3.457799196243286
B3,1.0184040069580078,0.6445551514625549,0.6190692782402039,0.33407503366470337,0.5991645455360413,0.779492974281311,1.102611780166626,1.4065991640090942,1.662947416305542,2.001182794570923,2.187143087387085,2.5716912746429443,2.62608003616333,2.926704168319702,3.143373966217041,0.6140945553779602,0.37958571314811707,0.0,0.3802870213985443,0.6549665331840515,0.9561377167701721,1.302640676498413,1.578649640083313,1.9076018333435059,2.1936588287353516,2.45890736579895,2.8233842849731445,2.8078060150146484,3.1374802589416504,3.279276132583618,0.7356693744659424,0.7546404600143433,0.6029483675956726,0.7957845330238342,1.0678139925003052,1.209338903427124,1.585827350616455,1.7301874160766602,2.1058130264282227,2.3223800659179688,2.5769004821777344,2.9116408824920654,2.8221471309661865,3.119074583053589,3.230539083480835,1.134478211402893,1.070264220237732,1.0231825113296509,0.9826734066009521,1.2735369205474854,1.253496527671814,1.6362336874008179,1.7261016368865967,2.0669755935668945,2.278808116912842,2.4733383655548096,2.8029682636260986,2.733377456665039,2.9865732192993164,3.1343679428100586,1.231317162513733,0.9677899479866028,1.0029044151306152,0.8026889562606812,1.101392388343811,1.0992099046707153,1.450151801109314,1.6077452898025513,1.8816168308258057,2.153654098510742,2.2912275791168213,2.6311862468719482,2.6325037479400635,2.88265061378479,3.1010544300079346
B4,1.227146863937378,0.9047155380249023,0.8178783059120178,0.48745906352996826,0.6884761452674866,0.6658350229263306,1.0111758708953857,1.2277405261993408,1.495739459991455,1.807623267173767,1.9704917669296265,2.3458168506622314,2.3782639503479004,2.6571242809295654,2.8783438205718994,0.9329349994659424,0.6069982647895813,0.3802870213985443,0.0,0.394887775182724,0.6454774737358093,1.0024914741516113,1.290469765663147,1.5955394506454468,1.9028347730636597,2.140144109725952,2.5123581886291504,2.5219993591308594,2.8451437950134277,3.016265630722046,0.8243032693862915,0.6821738481521606,0.3650926351547241,0.4888805150985718,0.6971217393875122,0.8727088570594788,1.2378652095794678,1.422070860862732,1.7888938188552856,2.0282862186431885,2.29180908203125,2.640162229537964,2.5773990154266357,2.8954081535339355,3.018667221069336,1.0680108070373535,0.9930726289749146,0.8199967741966248,0.8115334510803223,1.0400421619415283,1.0361320972442627,1.414392352104187,1.5045397281646729,1.8745700120925903,2.074413776397705,2.311851978302002,2.640897512435913,2.5555427074432373,2.835021734237671,2.9545578956604004,1.2511407136917114,1.0384117364883423,0.9644688367843628,0.801419198513031,1.0608329772949219,1.0024973154067993,1.370741844177246,1.463597059249878,1.7818827629089355,2.008774518966675,2.180588483810425,2.502812623977661,2.4542369842529297,2.704334020614624,2.887415647506714
B5,1.594895839691162,1.25596022605896,1.111762285232544,0.7374574542045593,0.7274079918861389,0.527889609336853,0.7543477416038513,0.9374279975891113,1.148582935333252,1.4720168113708496,1.6038169860839844,1.9819920063018799,2.0439276695251465,2.3194851875305176,2.563541889190674,1.2615249156951904,0.9481508731842041,0.6549665331840515,0.394887775182724,0.0,0.39022210240364075,0.6644284725189209,0.9922465085983276,1.282874345779419,1.5949665307998657,1.8514606952667236,2.2238705158233643,2.2473978996276855,2.5896596908569336,2.753709077835083,1.1558126211166382,1.033997893333435,0.6671575307846069,0.7314915657043457,0.7258812189102173,0.8316665291786194,1.1195001602172852,1.2483915090560913,1.62767493724823,1.8194444179534912,2.1197047233581543,2.4476165771484375,2.3553521633148193,2.6844215393066406,2.7702481746673584,1.4252303838729858,1.3568179607391357,1.1207666397094727,1.079087257385254,1.1933435201644897,1.0895854234695435,1.4092992544174194,1.3975698947906494,1.7740962505340576,1.9071041345596313,2.1541051864624023,2.4493331909179688,2.3172049522399902,2.5828499794006348,2.6689038276672363,1.6288456916809082,1.403231143951416,1.2714651823043823,1.0485557317733765,1.195269227027893,1.0027927160263062,1.3052105903625488,1.296892523765564,1.5909086465835571,1.7706542015075684,1.9140201807022095,2.2082107067108154,2.1445846557617188,2.3677518367767334,2.5564308166503906
B6,1.7663463354110718,1.471825122833252,1.2575448751449585,0.920406699180603,0.8491443991661072,0.5075015425682068,0.6886672377586365,0.7044020295143127,0.9677614569664001,1.2245965003967285,1.3749796152114868,1.7351925373077393,1.7435064315795898,2.01582670211792,2.23581600189209,1.5526092052459717,1.2500436305999756,0.9561377167701721,0.6454774737358093,0.39022210240364075,0.0,0.395877480506897,0.6460044384002686,0.9594079852104187,1.2573894262313843,1.5044442415237427,1.873496174812317,1.8862700462341309,2.218587636947632,2.3928802013397217,1.4462766647338867,1.2398585081100464,0.8696817755699158,0.7523038983345032,0.5816903114318848,0.5282201766967773,0.7597138285636902,0.8587888479232788,1.2385894060134888,1.4332542419433594,1.731897234916687,2.0645525455474854,1.9891754388809204,2.325876474380493,2.430230140686035,1.5682655572891235,1.4366971254348755,1.1260268688201904,1.0255690813064575,1.0053188800811768,0.8441618084907532,1.1004936695098877,1.0564794540405273,1.4419258832931519,1.5616532564163208,1.8367811441421509,2.132274627685547,2.0025360584259033,2.2937753200531006,2.3721201419830322,1.71306312084198,1.496014952659607,1.2700457572937012,1.058264970779419,1.0978702306747437,0.8456764221191406,1.1083780527114868,1.0315624475479126,1.361328125,1.4988811016082764,1.6905834674835205,1.9750003814697266,1.8723324537277222,2.117476463317871,2.2695460319519043
B7,2.1599490642547607,1.8559948205947876,1.6411696672439575,1.2945133447647095,1.1641510725021362,0.7891305685043335,0.7731320858001709,0.6353039145469666,0.7580141425132751,0.9724612236022949,1.0434995889663696,1.3923896551132202,1.4260774850845337,1.6742597818374634,1.928876519203186,1.9111218452453613,1.5979148149490356,1.302640676498413,1.0024914741516113,0.6644284725189209,0.395877480506897,0.0,0.39595675468444824,0.6215609312057495,0.9489913582801819,1.1980252265930176,1.5709433555603027,1.623694896697998,1.9722723960876465,2.154890537261963,1.7695704698562622,1.5748116970062256,1.1947046518325806,1.0977460145950317,0.8298259973526001,0.7477428913116455,0.778550922870636,0.8028698563575745,1.1433851718902588,1.2735977172851562,1.6132467985153198,1.9163724184036255,1.8237699270248413,2.1771297454833984,2.2406702041625977,1.905935287475586,1.8004742860794067,1.47034752368927,1.3911200761795044,1.307911992073059,1.1185822486877441,1.2729666233062744,1.1273161172866821,1.4876166582107544,1.5122023820877075,1.8043662309646606,2.0464701652526855,1.8574250936508179,2.136592388153076,2.1562700271606445,2.0954670906066895,1.890168309211731,1.6526978015899658,1.4400510787963867,1.4279530048370361,1.1203105449676514,1.2835009098052979,1.082884430885315,1.3614710569381714,1.4021321535110474,1.5647879838943481,1.7891340255737305,1.6392309665679932,1.8417601585388184,1.9757224321365356
B8,2.3459699153900146,2.0721027851104736,1.8046152591705322,1.4970768690109253,1.316266417503357,0.9261277914047241,0.8371105194091797,0.5198445916175842,0.6535850763320923,0.7206871509552002,0.8449244499206543,1.1562591791152954,1.1120556592941284,1.3799141645431519,1.5902823209762573,2.178588628768921,1.8923479318618774,1.578649640083313,1.290469765663147,0.9922465085983276,0.6460044384002686,0.39595675468444824,0.0,0.3913037180900574,0.6160421371459961,0.8999686241149902,1.2513906955718994,1.2557977437973022,1.6036828756332397,1.7727704048156738,2.0888326168060303,1.8638545274734497,1.4968483448028564,1.3209723234176636,1.0288218259811401,0.7981187701225281,0.6906396150588989,0.5282943248748779,0.8382142782211304,0.9008561968803406,1.2452483177185059,1.5305774211883545,1.4278428554534912,1.782015323638916,1.8530421257019043,2.156787633895874,1.9964206218719482,1.6475200653076172,1.5035674571990967,1.32463538646698,1.0693436861038208,1.0964339971542358,0.861222505569458,1.1787116527557373,1.1492840051651,1.4537312984466553,1.6787009239196777,1.4871526956558228,1.784165620803833,1.8024590015411377,2.2621448040008545,2.0459201335906982,1.7559236288070679,1.538986325263977,1.4259518384933472,1.086827039718628,1.1428420543670654,0.8557870984077454,1.1172089576721191,1.0896028280258179,1.294744610786438,1.5015383958816528,1.3186018466949463,1.553483486175537,1.6556283235549927
B9,2.6950199604034424,2.421741485595703,2.1733880043029785,1.8575431108474731,1.694697380065918,1.3035297393798828,1.192883849143982,0.8626980185508728,0.8501397967338562,0.7966392636299133,0.7596824765205383,0.9828481078147888,0.9260697960853577,1.111557960510254,1.3618457317352295,2.5108323097229004,2.2001967430114746,1.9076018333435059,1.5955394506454468,1.282874345779419,0.9594079852104187,0.6215609312057495,0.3913037180900574,0.0,0.38225850462913513,0.5814197063446045,0.9548934102058411,1.0545969009399414,1.3980540037155151,1.6126759052276611,2.3552629947662354,2.1206746101379395,1.7534631490707397,1.5851868391036987,1.239637017250061,1.0539103746414185,0.8215086460113525,0.6864607930183411,0.8371617197990417,0.845734179019928,1.2057586908340454,1.4575928449630737,1.3831348419189453,1.7532520294189453,1.7989327907562256,2.400879144668579,2.269853353500366,1.9048560857772827,1.8065842390060425,1.602022409439087,1.389525055885315,1.3672776222229004,1.1276196241378784,1.394351601600647,1.291154384613037,1.6106265783309937,1.7741384506225586,1.5382283926010132,1.8262690305709839,1.7645984888076782,2.5641674995422363,2.380089044570923,2.0879857540130615,1.9022572040557861,1.7967249155044556,1.4688520431518555,1.504198670387268,1.1830785274505615,1.3947745561599731,1.2706432342529297,1.4510493278503418,1.567801833152771,1.3093576431274414,1.480069637298584,1.5123891830444336
B10,2.9404456615448,2.679927110671997,2.3978922367095947,2.104708194732666,1.8986645936965942,1.5151641368865967,1.3472411632537842,0.9644204378128052,0.9029417037963867,0.6822746992111206,0.6496461629867554,0.7547540664672852,0.5886815190315247,0.7917147874832153,0.9970986247062683,2.7942731380462646,2.5066325664520264,2.1936588287353516,1.9028347730636597,1.5949665307998657,1.2573894262313843,0.9489913582801819,0.6160421371459961,0.38225850462913513,0.0,0.36745312809944153,0.6600251197814941,0.6955483555793762,1.0581077337265015,1.2415484189987183,2.689107656478882,2.450589179992676,2.0869059562683105,1.8922293186187744,1.5580860376358032,1.3098372220993042,1.0438750982284546,0.783020555973053,0.8118652701377869,0.6468550562858582,0.9898458123207092,1.165229082107544,1.0516414642333984,1.413690447807312,1.432462215423584,2.7196731567382812,2.555468797683716,2.189910650253296,2.046607732772827,1.799668312072754,1.54422128200531,1.4298104047775269,1.1227972507476807,1.289141058921814,1.0909473896026611,1.386229395866394,1.4862312078475952,1.2237815856933594,1.503320574760437,1.411043405532837,2.8225226402282715,2.621372699737549,2.3055062294006348,2.105518102645874,1.9349504709243774,1.5938433408737183,1.534508228302002,1.1660889387130737,1.296844720840454,1.0798827409744263,1.2559549808502197,1.30961012840271,1.0062623023986816,1.1789952516555786,1.1639189720153809
B11,3.176591157913208,2.9332926273345947,2.6640920639038086,2.3777284622192383,2.206899881362915,1.820151925086975,1.690643548965454,1.313109278678894,1.2647020816802979,1.0376100540161133,0.9455162882804871,0.9372740387916565,0.7169647216796875,0.7453786730766296,0.9218378663063049,3.052468776702881,2.7470362186431885,2.45890736579895,2.140144109725952,1.8514606952667236,1.5044442415237427,1.1980252265930176,0.8999686241149902,0.5814197063446045,0.36745312809944153,0.0,0.38613033294677734,0.5829052329063416,0.8754202127456665,1.1480093002319336,2.893247604370117,2.6291677951812744,2.278043746948242,2.064103126525879,1.6991844177246094,1.4702258110046387,1.1343048810958862,0.9309496879577637,0.8151183724403381,0.6563027501106262,0.9402825236320496,1.0908371210098267,1.0726367235183716,1.4309978485107422,1.4727610349655151,2.8651695251464844,2.711289644241333,2.3338675498962402,2.22188663482666,1.9456428289413452,1.7388079166412354,1.591920018196106,1.3289140462875366,1.465818166732788,1.2639834880828857,1.5711891651153564,1.643021583557129,1.396856665611267,1.6785980463027954,1.5385410785675049,2.9946491718292236,2.8301851749420166,2.504936933517456,2.347776174545288,2.1853885650634766,1.8724250793457031,1.828529953956604,1.4739643335342407,1.6175572872161865,1.3799223899841309,1.5689032077789307,1.5768722295761108,1.236860990524292,1.3649282455444336,1.2476001977920532
B12,3.518059015274048,3.284102201461792,2.9995980262756348,2.7259151935577393,2.536090135574341,2.1553592681884766,1.998867154121399,1.6082558631896973,1.5292067527770996,1.2344417572021484,1.1259346008300781,0.9828386902809143,0.6927571296691895,0.5733356475830078,0.6317381858825684,3.4155354499816895,3.1190810203552246,2.8233842849731445,2.5123581886291504,2.2238705158233643,1.873496174812317,1.5709433555603027,1.2513906955718994,0.9548934102058411,0.6600251197814941,0.38613033294677734,0.0,0.3661850690841675,0.5617919564247131,0.8487113118171692,3.273473024368286,3.005300283432007,2.657109022140503,2.4313278198242188,2.0693910121917725,1.8206117153167725,1.4735770225524902,1.2376763820648193,1.0425649881362915,0.7863743901252747,0.9515846371650696,0.9618170261383057,0.9542600512504578,1.2611874341964722,1.2684696912765503,3.230799913406372,3.0630717277526855,2.6854758262634277,2.5568509101867676,2.2571282386779785,2.0395522117614746,1.8393453359603882,1.5585031509399414,1.6087141036987305,1.345413088798523,1.6044992208480835,1.592668056488037,1.3407988548278809,1.5838685035705566,1.3847243785858154,3.333510637283325,3.1667640209198,2.829089403152466,2.6715404987335205,2.4759180545806885,2.1643764972686768,2.0684595108032227,1.7020150423049927,1.7838239669799805,1.488684892654419,1.6528898477554321,1.5822596549987793,1.2175498008728027,1.2950634956359863,1.076137900352478
B13,3.4522793292999268,3.23176646232605,2.9197568893432617,2.6722726821899414,2.454674005508423,2.092409610748291,1.9197291135787964,1.5226378440856934,1.4696663618087769,1.1371846199035645,1.121972680091858,0.984699547290802,0.624485433101654,0.6325103640556335,0.5290464162826538,3.389004707336426,3.121446132659912,2.8078060150146484,2.5219993591308594,2.2473978996276855,1.8862700462341309,1.623694896697998,1.2557977437973022,1.0545969009399414,0.6955483555793762,0.5829052329063416,0.3661850690841675,0.0,0.37626805901527405,0.5703368782997131,3.3114285469055176,3.0446176528930664,2.700050115585327,2.4546597003936768,2.121481418609619,1.822643756866455,1.5025672912597656,1.1940293312072754,0.995521068572998,0.646293044090271,0.7492407560348511,0.6808459758758545,0.5991212725639343,0.9042483568191528,0.9210288524627686,3.267784357070923,3.06355357170105,2.695476770401001,2.518146514892578,2.2044637203216553,1.9477410316467285,1.703112006187439,1.390241026878357,1.3655356168746948,1.058487057685852,1.2778685092926025,1.235376238822937,0.9964005351066589,1.250147819519043,1.0836924314498901,3.299004077911377,3.1075894832611084,2.75819730758667,2.5830752849578857,2.342393159866333,2.0324771404266357,1.8783680200576782,1.512860894203186,1.5470116138458252,1.229069709777832,1.407490849494934,1.335209608078003,0.984535276889801,1.124167561531067,0.9079050421714783
