,A1,A2,A3,A4,A5,A6,A7,A8,A9,A10,A11,A12,A13,A14,A15,B1,B2,B3,B4,B5,B6,B7,B8,B9,B10,B11,B12,B13,B14,B15,C1,C2,C3,C4,C5,C6,C7,C8,C9,C10,C11,C12,C13,C14,C15,D1,D2,D3,D4,D5,D6,D7,D8,D9,D10,D11,D12,D13,D14,D15,E1,E2,E3,E4,E5,E6,E7,E8,E9,E10,E11,E12,E13,E14,E15
A1,0.0,0.38156241178512573,0.6091618537902832,0.9082182049751282,1.2079696655273438,1.473836898803711,1.8205900192260742,2.0542070865631104,2.3999812602996826,2.6771538257598877,2.9828195571899414,3.271543502807617,3.4854466915130615,3.8005194664001465,4.073726177215576,0.7415058016777039,0.4901263415813446,0.8003706932067871,0.7924767136573792,1.0824257135391235,1.3405064344406128,1.6296122074127197,1.9369057416915894,2.2002334594726562,2.5531654357910156,2.7664954662323,3.1208786964416504,3.2236132621765137,3.5816657543182373,3.715825319290161,1.3014531135559082,1.0695370435714722,1.264730453491211,1.0994468927383423,1.422191858291626,1.4750076532363892,1.7815486192703247,1.9933295249938965,2.2290420532226562,2.542689561843872,2.697103261947632,3.042174816131592,3.0621557235717773,3.4372010231018066,3.552338123321533,1.380267858505249,1.290531873703003,1.403646469116211,1.3622106313705444,1.709053635597229,1.696390986442566,2.0667150020599365,2.161717414855957,2.487868070602417,2.708958148956299,2.9399232864379883,3.229290008544922,3.2819008827209473,3.6596457958221436,3.769909381866455,0.8851820826530457,1.0172553062438965,1.1181285381317139,1.2994298934936523,1.6442790031433105,1.7274988889694214,2.1184241771698,2.243682384490967,2.5969603061676025,2.8202483654022217,3.0938961505889893,3.376450538635254,3.46842885017395,3.845775604248047,3.9604029655456543
A2,0.38156241178512573,0.0,0.37986963987350464,0.5713905692100525,0.8903932571411133,1.1621758937835693,1.5045933723449707,1.7651287317276,2.0932774543762207,2.3960018157958984,2.6796886920928955,2.9867429733276367,3.18526554107666,3.5042409896850586,3.7800211906433105,0.9311626553535461,0.622071385383606,0.823365330696106,0.6716228127479553,0.9825942516326904,1.1484853029251099,1.4452722072601318,1.7235653400421143,1.9780815839767456,2.3237247467041016,2.5186033248901367,2.8731820583343506,2.945711135864258,3.3119754791259766,3.420747756958008,1.2752928733825684,1.072595238685608,1.185695767402649,1.0355274677276611,1.3650000095367432,1.357508897781372,1.6936558485031128,1.8468751907348633,2.113632917404175,2.387319803237915,2.563713788986206,2.887127161026001,2.9083964824676514,3.2892773151397705,3.385970115661621,1.1556851863861084,1.0997250080108643,1.146870493888855,1.166070580482483,1.5036921501159668,1.5010451078414917,1.8859844207763672,1.9681730270385742,2.3222639560699463,2.5272562503814697,2.7945146560668945,3.070518732070923,3.1621644496917725,3.532879114151001,3.6634740829467773,0.5911338329315186,0.7012335062026978,0.7533164024353027,0.9842251539230347,1.3114802837371826,1.4347717761993408,1.8235355615615845,1.9723824262619019,2.3331286907196045,2.5699336528778076,2.8585736751556396,3.1470513343811035,3.2693889141082764,3.640216827392578,3.7846755981445312
A3,0.6091618537902832,0.37986963987350464,0.0,0.3739748001098633,0.6168050765991211,0.8782275319099426,1.216797113418579,1.4497500658035278,1.7928357124328613,2.072115182876587,2.3769168853759766,2.665957450866699,2.8849434852600098,3.194875717163086,3.4742612838745117,1.0134130716323853,0.6474251747131348,0.6570384502410889,0.3660137355327606,0.6190937757492065,0.7775821685791016,1.0692867040634155,1.356175422668457,1.6166476011276245,1.9637154340744019,2.1726126670837402,2.5250167846679688,2.6209640502929688,2.982825756072998,3.112941265106201,1.3776313066482544,1.1087913513183594,1.1104953289031982,0.8680444359779358,1.1260462999343872,1.0448076725006104,1.356499195098877,1.4891157150268555,1.743152379989624,2.0141332149505615,2.1841611862182617,2.5086846351623535,2.5319340229034424,2.9123079776763916,3.0167510509490967,1.3293039798736572,1.201961874961853,1.1388510465621948,1.0804845094680786,1.3558024168014526,1.268723487854004,1.6328827142715454,1.664429783821106,2.012742280960083,2.1915202140808105,2.4544553756713867,2.7186036109924316,2.8032848834991455,3.1735525131225586,3.2957286834716797,0.8606563806533813,0.8567823767662048,0.7350828647613525,0.9056475162506104,1.1748210191726685,1.217160940170288,1.601738691329956,1.6935945749282837,2.0640225410461426,2.2653610706329346,2.564636468887329,2.8331644535064697,2.9590706825256348,3.326773166656494,3.463772773742676
A4,0.9082182049751282,0.5713905692100525,0.3739748001098633,0.0,0.38509294390678406,0.5959880948066711,0.9511452317237854,1.2069480419158936,1.5317574739456177,1.8397643566131592,2.1138172149658203,2.4270293712615967,2.616231679916382,2.938612937927246,3.212022542953491,1.228789210319519,0.9008556604385376,0.8566133975982666,0.5388742089271545,0.7579748034477234,0.7340973019599915,1.035508155822754,1.243910789489746,1.5036193132400513,1.820835828781128,2.01607084274292,2.3591604232788086,2.420062303543091,2.7935304641723633,2.889427900314331,1.3688241243362427,1.1606942415237427,1.0840400457382202,0.9115567207336426,1.1558383703231812,1.0317102670669556,1.3697980642318726,1.4308974742889404,1.7287068367004395,1.945142388343811,2.1537718772888184,2.4460837841033936,2.4864718914031982,2.867234945297241,2.958698272705078,1.15081787109375,1.0516436100006104,0.900164008140564,0.9153504967689514,1.1569923162460327,1.1003915071487427,1.471420168876648,1.5050716400146484,1.8801270723342896,2.0516738891601562,2.353841543197632,2.607964515686035,2.7415733337402344,3.0991103649139404,3.252426862716675,0.7732227444648743,0.6640049815177917,0.40992605686187744,0.5961530804634094,0.8243448138237,0.9192587733268738,1.2983633279800415,1.4335309267044067,1.8043087720870972,2.034318447113037,2.340343952178955,2.6233694553375244,2.7762997150421143,3.136600971221924,3.3067054748535156
A5,1.2079696655273438,0.8903932571411133,0.6168050765991211,0.38509294390678406,0.0,0.37104836106300354,0.6260944604873657,0.9252030849456787,1.2215107679367065,1.542488694190979,1.8159657716751099,2.1255037784576416,2.3395636081695557,2.6407487392425537,2.9358339309692383,1.5625579357147217,1.2167317867279053,1.0997484922409058,0.7314863204956055,0.7570823431015015,0.602296769618988,0.7800467014312744,0.9720566868782043,1.1719508171081543,1.5013421773910522,1.6618027687072754,2.0138468742370605,2.061833381652832,2.4320335388183594,2.5313987731933594,1.7201969623565674,1.4981697797775269,1.3605506420135498,1.1463254690170288,1.290649175643921,1.0589988231658936,1.3242226839065552,1.2932637929916382,1.5557502508163452,1.7194525003433228,1.9020007848739624,2.1707403659820557,2.1809325218200684,2.561100721359253,2.6249725818634033,1.4684183597564697,1.381234884262085,1.1576730012893677,1.161009430885315,1.3061707019805908,1.1704013347625732,1.4869332313537598,1.4273523092269897,1.797342300415039,1.897789478302002,2.213414192199707,2.4249966144561768,2.56717848777771,2.913151264190674,3.0522279739379883,1.0704805850982666,0.9831223487854004,0.6450680494308472,0.8020161390304565,0.8628648519515991,0.9022484421730042,1.2288340330123901,1.2963858842849731,1.6806774139404297,1.858144998550415,2.196852445602417,2.4453494548797607,2.6350879669189453,2.97794508934021,3.1596667766571045
A6,1.473836898803711,1.1621758937835693,0.8782275319099426,0.5959880948066711,0.37104836106300354,0.0,0.3960341215133667,0.6142564415931702,0.9423860907554626,1.2462799549102783,1.5198699235916138,1.8315974473953247,2.0235767364501953,2.3434641361236572,2.6189937591552734,1.683748722076416,1.3747022151947021,1.182100772857666,0.8566860556602478,0.8428707718849182,0.5503711104393005,0.7298633456230164,0.7778541445732117,1.0227090120315552,1.2851881980895996,1.4809879064559937,1.8039427995681763,1.8604533672332764,2.2379043102264404,2.3293421268463135,1.7178939580917358,1.5135650634765625,1.2906991243362427,1.1119186878204346,1.1815272569656372,0.916595458984375,1.1660282611846924,1.0731786489486694,1.3752305507659912,1.4956861734390259,1.7308201789855957,1.9738454818725586,2.033597707748413,2.405545711517334,2.490102529525757,1.495439887046814,1.3664122819900513,1.0641899108886719,1.038000464439392,1.0782610177993774,0.9133766293525696,1.1871113777160645,1.1089450120925903,1.4849497079849243,1.5828075408935547,1.9194732904434204,2.1307318210601807,2.307708740234375,2.6426289081573486,2.812558889389038,1.2906825542449951,1.1029051542282104,0.7341622114181519,0.719337522983551,0.642030656337738,0.5840514302253723,0.8746042251586914,0.9270781874656677,1.3105899095535278,1.4984718561172485,1.834024429321289,2.092315196990967,2.286536931991577,2.6275973320007324,2.822298765182495
A7,1.8205900192260742,1.5045933723449707,1.216797113418579,0.9511452317237854,0.6260944604873657,0.3960341215133667,0.0,0.3756827712059021,0.5982900261878967,0.9451223611831665,1.193269968032837,1.5130953788757324,1.7218846082687378,2.0186522006988525,2.3186545372009277,2.0714409351348877,1.7531400918960571,1.5479861497879028,1.2131421566009521,1.1140813827514648,0.7793329954147339,0.7576243281364441,0.6869872808456421,0.7941716909408569,1.0206795930862427,1.1491901874542236,1.4709572792053223,1.4880703687667847,1.8672840595245361,1.9445596933364868,2.101785182952881,1.9045997858047485,1.6626297235488892,1.4809643030166626,1.4929112195968628,1.1801778078079224,1.334338903427124,1.1338146924972534,1.374622106552124,1.3938658237457275,1.600563406944275,1.7869243621826172,1.8163197040557861,2.17691969871521,2.2206740379333496,1.8225599527359009,1.7239408493041992,1.3985226154327393,1.393438696861267,1.3662885427474976,1.175083875656128,1.3581836223602295,1.1892033815383911,1.528916358947754,1.5302740335464478,1.8811544179916382,2.0288052558898926,2.2298853397369385,2.5370430946350098,2.6988205909729004,1.5963876247406006,1.4335429668426514,1.0536009073257446,1.0576804876327515,0.8667502403259277,0.7924896478652954,0.9301090240478516,0.8988724946975708,1.2565371990203857,1.3738484382629395,1.7398558855056763,1.9520542621612549,2.1979563236236572,2.5065720081329346,2.724459409713745
A8,2.0542070865631104,1.7651287317276,1.4497500658035278,1.2069480419158936,0.9252030849456787,0.6142564415931702,0.3756827712059021,0.0,0.3898969888687134,0.6332011818885803,0.933385968208313,1.223020315170288,1.438348412513733,1.746397852897644,2.027097463607788,2.198032855987549,1.9078785181045532,1.6434614658355713,1.3559980392456055,1.2069661617279053,0.8398123383522034,0.7722873687744141,0.5246195793151855,0.6567336916923523,0.7621446847915649,0.9639161825180054,1.238878846168518,1.3090471029281616,1.6830499172210693,1.7842185497283936,2.1936087608337402,1.9898051023483276,1.6946760416030884,1.5196058750152588,1.4406224489212036,1.109717845916748,1.1821744441986084,0.9083778858184814,1.140418291091919,1.0978453159332275,1.3475394248962402,1.5053976774215698,1.5920870304107666,1.9377741813659668,2.0169458389282227,2.012690544128418,1.863656759262085,1.5120609998703003,1.4439955949783325,1.321205735206604,1.0774579048156738,1.1534570455551147,0.9160657525062561,1.2154541015625,1.1746991872787476,1.5321335792541504,1.6664345264434814,1.8884848356246948,2.1841423511505127,2.3646323680877686,1.8926594257354736,1.6850639581680298,1.314624309539795,1.2204495668411255,0.9842341542243958,0.7777936458587646,0.7912876009941101,0.6229236125946045,0.9536932110786438,1.0154658555984497,1.3868770599365234,1.5835051536560059,1.829911708831787,2.135699987411499,2.3509979248046875
A9,2.3999812602996826,2.0932774543762207,1.7928357124328613,1.5317574739456177,1.2215107679367065,0.9423860907554626,0.5982900261878967,0.3898969888687134,0.0,0.3957737386226654,0.5961480736732483,0.9211896657943726,1.1317741870880127,1.4203978776931763,1.7251496315002441,2.578815460205078,2.283590793609619,2.029982566833496,1.7317888736724854,1.5761258602142334,1.213043451309204,1.0796486139297485,0.8028106093406677,0.7499189376831055,0.7157333493232727,0.7815918922424316,1.0050828456878662,0.9912267327308655,1.3687090873718262,1.425304651260376,2.541154384613037,2.3589701652526855,2.0606343746185303,1.9042925834655762,1.8207772970199585,1.4906315803527832,1.5260580778121948,1.2103971242904663,1.3757410049438477,1.225125789642334,1.4350205659866333,1.500216007232666,1.560689926147461,1.8707417249679565,1.8977458477020264,2.284844160079956,2.1714022159576416,1.8084087371826172,1.781753420829773,1.633685827255249,1.4177649021148682,1.4418104887008667,1.1829084157943726,1.4197906255722046,1.2926949262619019,1.6467621326446533,1.7030529975891113,1.9603590965270996,2.2072832584381104,2.388273000717163,2.164994955062866,1.9680590629577637,1.5939724445343018,1.5195945501327515,1.2290621995925903,1.0724949836730957,0.9763292670249939,0.7992494106292725,1.0200011730194092,1.006790280342102,1.3787497282028198,1.5190579891204834,1.8245748281478882,2.0785973072052,2.3287675380706787
A10,2.6771538257598877,2.3960018157958984,2.072115182876587,1.8397643566131592,1.542488694190979,1.2462799549102783,0.9451223611831665,0.6332011818885803,0.3957737386226654,0.0,0.38039812445640564,0.5945828557014465,0.8575310707092285,1.132561206817627,1.4246339797973633,2.7892963886260986,2.5126688480377197,2.2198359966278076,1.9568413496017456,1.7583502531051636,1.4013081789016724,1.2268153429031372,0.8792619705200195,0.7874883413314819,0.5495492219924927,0.6497366428375244,0.7492637038230896,0.8182435035705566,1.1606194972991943,1.2615971565246582,2.753643751144409,2.5592925548553467,2.2325353622436523,2.072054624557495,1.9181203842163086,1.5873841047286987,1.5326552391052246,1.1738344430923462,1.2665232419967651,1.0183402299880981,1.227504014968872,1.2187975645065308,1.3305258750915527,1.6001962423324585,1.6551876068115234,2.5842862129211426,2.433816432952881,2.0650112628936768,1.9879142045974731,1.7833784818649292,1.5324890613555908,1.4554780721664429,1.14191734790802,1.2742336988449097,1.053468942642212,1.3774815797805786,1.3725507259368896,1.6474058628082275,1.8599787950515747,2.0473268032073975,2.5112738609313965,2.2960128784179688,1.9273483753204346,1.8085111379623413,1.5181031227111816,1.2928555011749268,1.1266273260116577,0.8431586623191833,0.9432365298271179,0.7795987725257874,1.1331075429916382,1.1977875232696533,1.517316460609436,1.742734432220459,1.9862321615219116
A11,2.9828195571899414,2.6796886920928955,2.3769168853759766,2.1138172149658203,1.8159657716751099,1.5198699235916138,1.193269968032837,0.933385968208313,0.5961480736732483,0.38039812445640564,0.0,0.37354040145874023,0.545420229434967,0.8274156451225281,1.1322258710861206,3.1088435649871826,2.8343517780303955,2.556157350540161,2.286339044570923,2.1121253967285156,1.7493979930877686,1.5862953662872314,1.2513072490692139,1.1273647546768188,0.8701093792915344,0.832287073135376,0.8086135983467102,0.7331539392471313,1.0349458456039429,1.0349491834640503,3.0122807025909424,2.8491082191467285,2.5196340084075928,2.391525983810425,2.2532308101654053,1.936281442642212,1.898101568222046,1.5416899919509888,1.6323182582855225,1.3537601232528687,1.539683222770691,1.459707260131836,1.557281732559204,1.7709861993789673,1.7786449193954468,2.771620512008667,2.6522018909454346,2.2750778198242188,2.240004062652588,2.019087553024292,1.811453938484192,1.718868374824524,1.4348211288452148,1.5407613515853882,1.3068914413452148,1.614673137664795,1.5582067966461182,1.8669196367263794,2.0214738845825195,2.222954034805298,2.7314774990081787,2.511898994445801,2.1478466987609863,2.030669927597046,1.700838327407837,1.5206645727157593,1.2919576168060303,1.062078595161438,1.0690760612487793,0.9010434746742249,1.1949983835220337,1.2173162698745728,1.580135703086853,1.7407840490341187,2.02752423286438
A12,3.271543502807617,2.9867429733276367,2.665957450866699,2.4270293712615967,2.1255037784576416,1.8315974473953247,1.5130953788757324,1.223020315170288,0.9211896657943726,0.5945828557014465,0.37354040145874023,0.0,0.3790314197540283,0.5490636229515076,0.8612807393074036,3.3691132068634033,3.1015987396240234,2.8006036281585693,2.5483338832855225,2.339995861053467,1.988491177558899,1.7893048524856567,1.4371888637542725,1.2770533561706543,0.9345559477806091,0.8710374236106873,0.684605062007904,0.6664723753929138,0.8551170825958252,0.8963591456413269,3.294178009033203,3.116899013519287,2.7752909660339355,2.6352932453155518,2.454035520553589,2.1366403102874756,2.0354557037353516,1.6652625799179077,1.683426022529602,1.3436694145202637,1.4834543466567993,1.316925048828125,1.4310693740844727,1.573980689048767,1.583381175994873,3.1099002361297607,2.968794584274292,2.591885805130005,2.5244736671447754,2.2800586223602295,2.048175573348999,1.9006953239440918,1.5894607305526733,1.6096638441085815,1.3059945106506348,1.5460925102233887,1.4059834480285645,1.7099443674087524,1.8049436807632446,1.993449330329895,3.075033664703369,2.8534231185913086,2.4884281158447266,2.3582398891448975,2.037787675857544,1.8239611387252808,1.5819226503372192,1.3057693243026733,1.2445237636566162,0.9695314764976501,1.1897002458572388,1.0941441059112549,1.4593487977981567,1.554814338684082,1.8276019096374512
A13,3.4854466915130615,3.18526554107666,2.8849434852600098,2.616231679916382,2.3395636081695557,2.0235767364501953,1.7218846082687378,1.438348412513733,1.1317741870880127,0.8575310707092285,0.545420229434967,0.3790314197540283,0.0,0.3822726905345917,0.6005022525787354,3.5529227256774902,3.3029701709747314,3.0091867446899414,2.768418073654175,2.596189498901367,2.236212968826294,2.0824358463287354,1.7264118194580078,1.610862374305725,1.2860807180404663,1.2386412620544434,1.0550895929336548,0.9761370420455933,1.1101818084716797,1.0436080694198608,3.3941826820373535,3.2533981800079346,2.9030814170837402,2.8077192306518555,2.635674476623535,2.3448286056518555,2.2708773612976074,1.9129478931427002,1.971011757850647,1.6425007581710815,1.818855881690979,1.648317575454712,1.7921441793441772,1.9099808931350708,1.9230200052261353,3.17779803276062,3.049981117248535,2.6688971519470215,2.6265976428985596,2.355105400085449,2.1682934761047363,1.9975481033325195,1.729719877243042,1.734132170677185,1.462197184562683,1.7003767490386963,1.5636886358261108,1.904286503791809,1.961567997932434,2.1903533935546875,3.2196836471557617,2.975074291229248,2.6249051094055176,2.4682013988494873,2.120521068572998,1.9275290966033936,1.6283625364303589,1.3982276916503906,1.2527189254760742,1.013047218322754,1.1498631238937378,1.0532493591308594,1.429123878479004,1.473644733428955,1.7921555042266846
A14,3.8005194664001465,3.5042409896850586,3.194875717163086,2.938612937927246,2.6407487392425537,2.3434641361236572,2.0186522006988525,1.746397852897644,1.4203978776931763,1.132561206817627,0.8274156451225281,0.5490636229515076,0.3822726905345917,0.0,0.3777101933956146,3.890334367752075,3.6305899620056152,3.332145929336548,3.0836687088012695,2.88596773147583,2.5317955017089844,2.337559223175049,1.9861862659454346,1.8147557973861694,1.4657649993896484,1.347743272781372,1.0788875818252563,0.9691528081893921,0.9639272093772888,0.8664935231208801,3.762848377227783,3.610318422317505,3.2612171173095703,3.1479971408843994,2.963876962661743,2.661036491394043,2.5559918880462646,2.1885969638824463,2.193441867828369,1.8331177234649658,1.9456655979156494,1.712506651878357,1.8190420866012573,1.8676319122314453,1.836110234260559,3.544461727142334,3.420363187789917,3.039515495300293,2.993651866912842,2.7265360355377197,2.5250163078308105,2.347439765930176,2.0605669021606445,2.035079002380371,1.724165439605713,1.9115406274795532,1.709717035293579,2.020994186401367,2.0209085941314697,2.211751937866211,3.551414966583252,3.322117567062378,2.96464204788208,2.8262643814086914,2.482292890548706,2.2910797595977783,2.004303455352783,1.7615970373153687,1.6203449964523315,1.3462162017822266,1.4493060111999512,1.272643804550171,1.6278786659240723,1.5965615510940552,1.8908171653747559
A15,4.073726177215576,3.7800211906433105,3.4742612838745117,3.212022542953491,2.9358339309692383,2.6189937591552734,2.3186545372009277,2.027097463607788,1.7251496315002441,1.4246339797973633,1.1322258710861206,0.8612807393074036,0.6005022525787354,0.3777101933956146,0.0,4.113247871398926,3.8746964931488037,3.5677592754364014,3.3426198959350586,3.1558949947357178,2.8028416633605957,2.6322848796844482,2.2696468830108643,2.1323471069335938,1.7712124586105347,1.69382643699646,1.4139727354049683,1.3403007984161377,1.3036741018295288,1.2029591798782349,3.9375290870666504,3.802643299102783,3.44195818901062,3.355239152908325,3.1547069549560547,2.8756580352783203,2.7617812156677246,2.404590606689453,2.412365436553955,2.0497243404388428,2.180091619491577,1.9307832717895508,2.0798895359039307,2.092061758041382,2.0903642177581787,3.7452447414398193,3.611377000808716,3.231253147125244,3.1785387992858887,2.882452964782715,2.6990528106689453,2.4813363552093506,2.2181179523468018,2.1446309089660645,1.8422094583511353,1.9893157482147217,1.7690922021865845,2.090975522994995,2.036616325378418,2.2529397010803223,3.8169610500335693,3.5657925605773926,3.220156192779541,3.050389289855957,2.700050115585327,2.49886155128479,2.178595542907715,1.9438443183898926,1.7349400520324707,1.457531213760376,1.4639273881912231,1.2443081140518188,1.5636634826660156,1.4527490139007568,1.7548816204071045
B1,0.7415058016777039,0.9311626553535461,1.0134130716323853,1.228789210319519,1.5625579357147217,1.683748722076416,2.0714409351348877,2.198032855987549,2.578815460205078,2.7892963886260986,3.1088435649871826,3.3691132068634033,3.5529227256774902,3.890334367752075,4.113247871398926,0.0,0.372660368680954,0.6093229651451111,0.9087173938751221,1.2133030891418457,1.47122061252594,1.8236052989959717,2.062035322189331,2.402362585067749,2.6937952041625977,2.9809000492095947,3.2971622943878174,3.4502217769622803,3.808108329772949,3.9584901332855225,0.8204643726348877,0.5397177934646606,0.8318204283714294,0.776270866394043,1.0821735858917236,1.3143930435180664,1.6132111549377441,1.911935806274414,2.1702704429626465,2.5189595222473145,2.725372552871704,3.077932834625244,3.1805105209350586,3.538623809814453,3.7215964794158936,1.3715659379959106,1.1304296255111694,1.3030922412872314,1.1290597915649414,1.446968913078308,1.4788737297058105,1.7983206510543823,1.9856938123703003,2.2515647411346436,2.5497825145721436,2.7285354137420654,3.0652997493743896,3.10107684135437,3.474735975265503,3.6135175228118896,1.3106441497802734,1.2517277002334595,1.3824971914291382,1.3616520166397095,1.7160743474960327,1.7149983644485474,2.071523904800415,2.194241523742676,2.485100746154785,2.7275314331054688,2.92754864692688,3.2291977405548096,3.2442455291748047,3.630472421646118,3.705430269241333
B2,0.4901263415813446,0.622071385383606,0.6474251747131348,0.9008556604385376,1.2167317867279053,1.3747022151947021,1.7531400918960571,1.9078785181045532,2.283590793609619,2.5126688480377197,2.8343517780303955,3.1015987396240234,3.3029701709747314,3.6305899620056152,3.8746964931488037,0.372660368680954,0.0,0.3802012801170349,0.5755423307418823,0.8969487547874451,1.1612744331359863,1.5031356811523438,1.7662664651870728,2.0868256092071533,2.4001212120056152,2.6668150424957275,2.9964840412139893,3.1372954845428467,3.495598554611206,3.645071268081665,0.985360860824585,0.6681325435638428,0.8406908512115479,0.6628859639167786,0.9853208065032959,1.1197075843811035,1.432831883430481,1.694197416305542,1.950104832649231,2.285580635070801,2.476860523223877,2.8273422718048096,2.9024250507354736,3.2694263458251953,3.4292922019958496,1.3210002183914185,1.104429841041565,1.1960201263427734,1.0409003496170044,1.3626837730407715,1.3411206007003784,1.6877732276916504,1.8206974267959595,2.118051052093506,2.3782241344451904,2.5836498737335205,2.899005889892578,2.9452295303344727,3.322692632675171,3.45155668258667,1.098416805267334,1.0598551034927368,1.1216585636138916,1.1553291082382202,1.499181866645813,1.5028245449066162,1.8795095682144165,1.9862462282180786,2.310054302215576,2.535914182662964,2.772976875305176,3.062727689743042,3.1143317222595215,3.4978396892547607,3.5909152030944824
B3,0.8003706932067871,0.823365330696106,0.6570384502410889,0.8566133975982666,1.0997484922409058,1.182100772857666,1.5479861497879028,1.6434614658355713,2.029982566833496,2.2198359966278076,2.556157350540161,2.8006036281585693,3.0091867446899414,3.332145929336548,3.5677592754364014,0.6093229651451111,0.3802012801170349,0.0,0.37669074535369873,0.6250559091567993,0.8779700994491577,1.225196361541748,1.459765076637268,1.801547884941101,2.0908689498901367,2.383091926574707,2.696589469909668,2.8636603355407715,3.215116024017334,3.380953788757324,1.075754165649414,0.7086383700370789,0.702021598815918,0.38708069920539856,0.6338560581207275,0.7520056962966919,1.0542638301849365,1.328173279762268,1.5847482681274414,1.9256500005722046,2.1282553672790527,2.4781992435455322,2.576045274734497,2.937197685241699,3.1163201332092285,1.448683261871338,1.1735001802444458,1.1573128700256348,0.9123658537864685,1.1561437845230103,1.0539950132369995,1.3709217309951782,1.4774011373519897,1.7589250802993774,2.0140907764434814,2.208336591720581,2.5242912769317627,2.5658023357391357,2.9431917667388916,3.0743911266326904,1.296666145324707,1.1794788837432861,1.1304759979248047,1.0837488174438477,1.3691072463989258,1.2852847576141357,1.6419225931167603,1.6969982385635376,2.0125246047973633,2.210991859436035,2.4423229694366455,2.7187952995300293,2.761078119277954,3.1439077854156494,3.226576805114746
B4,0.7924767136573792,0.6716228127479553,0.3660137355327606,0.5388742089271545,0.7314863204956055,0.8566860556602478,1.2131421566009521,1.3559980392456055,1.7317888736724854,1.9568413496017456,2.286339044570923,2.5483338832855225,2.768418073654175,3.0836687088012695,3.3426198959350586,0.9087173938751221,0.5755423307418823,0.37669074535369873,0.0,0.38159579038619995,0.59034663438797,0.9390720725059509,1.1986515522003174,1.5143686532974243,1.830940842628479,2.091668128967285,2.423279047012329,2.5631253719329834,2.9202656745910645,3.074083089828491,1.274916648864746,0.951756477355957,0.8795037269592285,0.5646487474441528,0.7712646722793579,0.7072651386260986,1.0243372917175293,1.2071439027786255,1.4714736938476562,1.773682713508606,1.9663269519805908,2.303436756134033,2.3686861991882324,2.742302417755127,2.8869738578796387,1.4147812128067017,1.194398045539856,1.0973386764526367,0.9216204881668091,1.1494882106781006,1.0094099044799805,1.3501617908477783,1.390303611755371,1.7146906852722168,1.9183411598205566,2.155670404434204,2.44018816947937,2.509272813796997,2.8839426040649414,3.012251377105713,1.136275053024292,1.032973051071167,0.8880725502967834,0.9078472256660461,1.1557766199111938,1.094089150428772,1.4664078950881958,1.5164463520050049,1.868695616722107,2.0569264888763428,2.3316640853881836,2.5985822677612305,2.69061279296875,3.065359115600586,3.1785905361175537
B5,1.0824257135391235,0.9825942516326904,0.6190937757492065,0.7579748034477234,0.7570823431015015,0.8428707718849182,1.1140813827514648,1.2069661617279053,1.5761258602142334,1.7583502531051636,2.1121253967285156,2.339995861053467,2.596189498901367,2.88596773147583,3.1558949947357178,1.2133030891418457,0.8969487547874451,0.6250559091567993,0.38159579038619995,0.0,0.3678740859031677,0.6253820657730103,0.9231094717979431,1.2206308841705322,1.5463154315948486,1.8134434223175049,2.142728328704834,2.314781665802002,2.655306577682495,2.8417534828186035,1.6145905256271362,1.2754250764846802,1.1417158842086792,0.7841945290565491,0.8107393980026245,0.6083065271377563,0.8023499846458435,0.9520929455757141,1.1554534435272217,1.4647420644760132,1.6191251277923584,1.9654775857925415,2.013551950454712,2.385226011276245,2.533512592315674,1.762078881263733,1.5369547605514526,1.3825223445892334,1.1775743961334229,1.3106207847595215,1.0694905519485474,1.3367202281951904,1.2791742086410522,1.5720988512039185,1.7165342569351196,1.9336669445037842,2.190676212310791,2.232703685760498,2.607728958129883,2.7069640159606934,1.4535589218139648,1.359652042388916,1.141823649406433,1.1509946584701538,1.3047302961349487,1.1634470224380493,1.4901227951049805,1.4464359283447266,1.7987953424453735,1.9167191982269287,2.206322431564331,2.4310033321380615,2.5294747352600098,2.8938798904418945,2.991074323654175
B6,1.3405064344406128,1.1484853029251099,0.7775821685791016,0.7340973019599915,0.602296769618988,0.5503711104393005,0.7793329954147339,0.8398123383522034,1.213043451309204,1.4013081789016724,1.7493979930877686,1.988491177558899,2.236212968826294,2.5317955017089844,2.8028416633605957,1.47122061252594,1.1612744331359863,0.8779700994491577,0.59034663438797,0.3678740859031677,0.0,0.3919776976108551,0.608654797077179,0.9342365860939026,1.2406281232833862,1.5103638172149658,1.8353604078292847,1.9908419847488403,2.342186212539673,2.5113956928253174,1.7114756107330322,1.4123708009719849,1.198618769645691,0.892500102519989,0.8658974170684814,0.550531804561615,0.7368890643119812,0.7459070086479187,1.0016791820526123,1.2409685850143433,1.4375598430633545,1.751573085784912,1.8158230781555176,2.1922905445098877,2.3283846378326416,1.7503539323806763,1.537574291229248,1.300643801689148,1.1226168870925903,1.1747097969055176,0.8992099761962891,1.1395326852798462,1.0262545347213745,1.3488643169403076,1.4586797952651978,1.7223811149597168,1.959322452545166,2.051560640335083,2.4153106212615967,2.541198968887329,1.5031416416168213,1.3557873964309692,1.0604666471481323,1.0262917280197144,1.0758320093154907,0.8937331438064575,1.1841495037078857,1.1144554615020752,1.4784015417099,1.590735912322998,1.9024702310562134,2.1268649101257324,2.2598888874053955,2.6167356967926025,2.7446398735046387
B7,1.6296122074127197,1.4452722072601318,1.0692867040634155,1.035508155822754,0.7800467014312744,0.7298633456230164,0.7576243281364441,0.7722873687744141,1.0796486139297485,1.2268153429031372,1.5862953662872314,1.7893048524856567,2.0824358463287354,2.337559223175049,2.6322848796844482,1.8236052989959717,1.5031356811523438,1.225196361541748,0.9390720725059509,0.6253820657730103,0.3919776976108551,0.0,0.37349629402160645,0.5977847576141357,0.9469666481018066,1.1917601823806763,1.5278326272964478,1.7022343873977661,2.03503155708313,2.2342817783355713,2.1032679080963135,1.7997369766235352,1.5810807943344116,1.2679340839385986,1.1813420057296753,0.8300639986991882,0.8434310555458069,0.7234181761741638,0.8491176962852478,1.0263530015945435,1.1508164405822754,1.4544669389724731,1.4676131010055542,1.8487465381622314,1.9617630243301392,2.1056957244873047,1.9139900207519531,1.6574243307113647,1.496075987815857,1.502793550491333,1.195085048675537,1.351646065711975,1.1352933645248413,1.4043891429901123,1.4072694778442383,1.656039834022522,1.830010175704956,1.904982089996338,2.255208969116211,2.343766450881958,1.7971004247665405,1.6825588941574097,1.3580907583236694,1.3575137853622437,1.3363021612167358,1.139593482017517,1.3512775897979736,1.1948413848876953,1.5399622917175293,1.5609570741653442,1.8959665298461914,2.0595452785491943,2.2220675945281982,2.5523695945739746,2.6762120723724365
B8,1.9369057416915894,1.7235653400421143,1.356175422668457,1.243910789489746,0.9720566868782043,0.7778541445732117,0.6869872808456421,0.5246195793151855,0.8028106093406677,0.8792619705200195,1.2513072490692139,1.4371888637542725,1.7264118194580078,1.9861862659454346,2.2696468830108643,2.062035322189331,1.7662664651870728,1.459765076637268,1.1986515522003174,0.9231094717979431,0.608654797077179,0.37349629402160645,0.0,0.38787007331848145,0.6340079307556152,0.9340600967407227,1.2369755506515503,1.4271464347839355,1.7639073133468628,1.9593892097473145,2.2293472290039062,1.9533149003982544,1.6772546768188477,1.410318374633789,1.263009786605835,0.8935218453407288,0.8421360850334167,0.5691683292388916,0.705984354019165,0.7618185877799988,0.9554041624069214,1.2092336416244507,1.27742600440979,1.6496539115905762,1.7750897407531738,2.2134313583374023,2.013230323791504,1.7080706357955933,1.5462578535079956,1.4613378047943115,1.134369134902954,1.1984951496124268,0.9121807217597961,1.1537002325057983,1.0958991050720215,1.3746508359909058,1.5217132568359375,1.6448978185653687,1.9779678583145142,2.0979039669036865,2.0075228214263916,1.840997338294983,1.4924516677856445,1.4234423637390137,1.3082724809646606,1.0538654327392578,1.1603870391845703,0.9278030395507812,1.2384780645370483,1.2118771076202393,1.554956078529358,1.7010589838027954,1.8855458498001099,2.2042696475982666,2.346406936645508
B9,2.2002334594726562,1.9780815839767456,1.6166476011276245,1.5036193132400513,1.1719508171081543,1.0227090120315552,0.7941716909408569,0.6567336916923523,0.7499189376831055,0.7874883413314819,1.1273647546768188,1.2770533561706543,1.610862374305725,1.8147557973861694,2.1323471069335938,2.402362585067749,2.0868256092071533,1.801547884941101,1.5143686532974243,1.2206308841705322,0.9342365860939026,0.5977847576141357,0.38787007331848145,0.0,0.39670467376708984,0.5953242182731628,0.9343226552009583,1.117870569229126,1.4397497177124023,1.6560766696929932,2.594142436981201,2.320439100265503,2.055488109588623,1.7842576503753662,1.6460808515548706,1.2761906385421753,1.1881568431854248,0.8902912139892578,0.8904478549957275,0.8103769421577454,0.8805550932884216,1.0600030422210693,1.0353474617004395,1.4067633152008057,1.4697880744934082,2.5116453170776367,2.34403657913208,2.032071828842163,1.9052808284759521,1.8204545974731445,1.5055186748504639,1.5467309951782227,1.2303625345230103,1.4212137460708618,1.2652736902236938,1.522565245628357,1.58012056350708,1.6992913484573364,1.9940898418426514,2.0755560398101807,2.2411718368530273,2.108128786087036,1.7439113855361938,1.721862554550171,1.57259202003479,1.3564753532409668,1.4150152206420898,1.1644142866134644,1.4342674016952515,1.3327147960662842,1.6868953704833984,1.765380859375,1.9940359592437744,2.268038272857666,2.419816017150879
B10,2.5531654357910156,2.3237247467041016,1.9637154340744019,1.820835828781128,1.5013421773910522,1.2851881980895996,1.0206795930862427,0.7621446847915649,0.7157333493232727,0.5495492219924927,0.8701093792915344,0.9345559477806091,1.2860807180404663,1.4657649993896484,1.7712124586105347,2.6937952041625977,2.4001212120056152,2.0908689498901367,1.830940842628479,1.5463154315948486,1.2406281232833862,0.9469666481018066,0.6340079307556152,0.39670467376708984,0.0,0.38118135929107666,0.6108982563018799,0.8608275055885315,1.1614363193511963,1.3954910039901733,2.816744804382324,2.560340642929077,2.2589945793151855,2.019324779510498,1.8332643508911133,1.4733169078826904,1.3305469751358032,0.9742533564567566,0.9251635670661926,0.6750375628471375,0.7615340352058411,0.8124455809593201,0.8530672192573547,1.1834126710891724,1.260839581489563,2.74483060836792,2.565927267074585,2.2283623218536377,2.094054937362671,1.940807819366455,1.623835563659668,1.5724378824234009,1.217350721359253,1.3231215476989746,1.0733706951141357,1.3166171312332153,1.3006653785705566,1.4600951671600342,1.7112983465194702,1.8114423751831055,2.5560121536254883,2.38750958442688,2.0184693336486816,1.9450511932373047,1.7398511171340942,1.4888062477111816,1.4431594610214233,1.131515383720398,1.3047384023666382,1.1068061590194702,1.439754843711853,1.4547213315963745,1.706695556640625,1.9437111616134644,2.1049766540527344
B11,2.7664954662323,2.5186033248901367,2.1726126670837402,2.01607084274292,1.6618027687072754,1.4809879064559937,1.1491901874542236,0.9639161825180054,0.7815918922424316,0.6497366428375244,0.832287073135376,0.8710374236106873,1.2386412620544434,1.347743272781372,1.69382643699646,2.9809000492095947,2.6668150424957275,2.383091926574707,2.091668128967285,1.8134434223175049,1.5103638172149658,1.1917601823806763,0.9340600967407227,0.5953242182731628,0.38118135929107666,0.0,0.374699205160141,0.5414881706237793,0.8445221185684204,1.0804556608200073,3.1079587936401367,2.8606109619140625,2.572356939315796,2.333664655685425,2.178727626800537,1.8134489059448242,1.6947746276855469,1.3470008373260498,1.2854745388031006,1.0233030319213867,1.0178601741790771,0.9746349453926086,0.8951497673988342,1.175328254699707,1.137253999710083,2.953399181365967,2.8119378089904785,2.4706788063049316,2.378431558609009,2.2409651279449463,1.9459471702575684,1.9151006937026978,1.5693364143371582,1.681688666343689,1.412020206451416,1.6458444595336914,1.5725955963134766,1.735499620437622,1.9379758834838867,2.009953260421753,2.71291184425354,2.572084426879883,2.194349527359009,2.1640753746032715,1.937646746635437,1.7365717887878418,1.6779431104660034,1.3988044261932373,1.5575337409973145,1.35287344455719,1.6819431781768799,1.6583787202835083,1.95032799243927,2.1393487453460693,2.322273015975952
B12,3.1208786964416504,2.8731820583343506,2.5250167846679688,2.3591604232788086,2.0138468742370605,1.8039427995681763,1.4709572792053223,1.238878846168518,1.0050828456878662,0.7492637038230896,0.8086135983467102,0.684605062007904,1.0550895929336548,1.0788875818252563,1.4139727354049683,3.2971622943878174,2.9964840412139893,2.696589469909668,2.423279047012329,2.142728328704834,1.8353604078292847,1.5278326272964478,1.2369755506515503,0.9343226552009583,0.6108982563018799,0.374699205160141,0.0,0.37924233078956604,0.5683988332748413,0.8538802862167358,3.3895788192749023,3.15079665184021,2.842121124267578,2.6198060512542725,2.4335594177246094,2.077995777130127,1.92288076877594,1.558782696723938,1.4601538181304932,1.1242233514785767,1.0952969789505005,0.9191210865974426,0.8691414594650269,1.0413737297058105,0.9830071926116943,3.2488515377044678,3.0992627143859863,2.7456777095794678,2.646043539047241,2.468169689178467,2.174583911895752,2.084581136703491,1.7271668910980225,1.768767237663269,1.4419914484024048,1.63070809841156,1.4770901203155518,1.6544839143753052,1.7887003421783447,1.8576949834823608,3.056572914123535,2.896552562713623,2.518613815307617,2.4587666988372803,2.2052409648895264,1.9859285354614258,1.8658007383346558,1.5611042976379395,1.6349303722381592,1.3602246046066284,1.6362099647521973,1.5332456827163696,1.8362826108932495,1.9638742208480835,2.1472134590148926
B13,3.2236132621765137,2.945711135864258,2.6209640502929688,2.420062303543091,2.061833381652832,1.8604533672332764,1.4880703687667847,1.3090471029281616,0.9912267327308655,0.8182435035705566,0.7331539392471313,0.6664723753929138,0.9761370420455933,0.9691528081893921,1.3403007984161377,3.4502217769622803,3.1372954845428467,2.8636603355407715,2.5631253719329834,2.314781665802002,1.9908419847488403,1.7022343873977661,1.4271464347839355,1.117870569229126,0.8608275055885315,0.5414881706237793,0.37924233078956604,0.0,0.38150426745414734,0.5413753986358643,3.501852512359619,3.2876555919647217,2.9863791465759277,2.7842836380004883,2.6380279064178467,2.281355857849121,2.1790316104888916,1.8158786296844482,1.771086573600769,1.4569649696350098,1.4571850299835205,1.2983081340789795,1.2235826253890991,1.3765789270401,1.248389482498169,3.265934944152832,3.1562538146972656,2.7969985008239746,2.747173309326172,2.579633951187134,2.320857286453247,2.2596023082733154,1.925148367881775,2.008087158203125,1.7053295373916626,1.9333827495574951,1.7898681163787842,2.002089500427246,2.1229124069213867,2.2102019786834717,3.064150094985962,2.914285659790039,2.534820318222046,2.4995310306549072,2.21877384185791,2.0510921478271484,1.9144293069839478,1.6589001417160034,1.7324528694152832,1.500956416130066,1.7852284908294678,1.702894687652588,2.0427353382110596,2.1514663696289062,2.377397298812866
