,A1,A2,A3,A4,A5,A6,A7,A8,A9,A10,A11,A12,A13,A14,A15,B1,B2,B3,B4,B5,B6,B7,B8,B9,B10,B11,B12,B13,B14,B15,C1,C2,C3,C4,C5,C6,C7,C8,C9,C10,C11,C12,C13,C14,C15,D1,D2,D3,D4,D5,D6,D7,D8,D9,D10,D11,D12,D13,D14,D15,E1,E2,E3,E4,E5,E6,E7,E8,E9,E10,E11,E12,E13,E14,E15
A1,0.0,0.38961899280548096,0.6304961442947388,0.8932617902755737,1.2437283992767334,1.3933861255645752,1.7747920751571655,1.9307631254196167,2.2080066204071045,2.439375400543213,2.558795690536499,2.7827541828155518,2.635432481765747,2.899691104888916,2.968985080718994,1.0496770143508911,1.2812995910644531,1.4057878255844116,1.450710654258728,1.7327150106430054,1.6499559879302979,1.9646179676055908,1.9817777872085571,2.166639804840088,2.298797369003296,2.5360751152038574,2.6570851802825928,2.4801344871520996,2.6447198390960693,2.7533626556396484,1.5925228595733643,1.6883054971694946,1.753391981124878,1.5666958093643188,1.7193701267242432,1.5179991722106934,1.6737937927246094,1.6845369338989258,1.6820693016052246,1.8274258375167847,2.169424295425415,2.3063275814056396,2.25614595413208,2.417504072189331,2.659682512283325,1.7613682746887207,1.4878937005996704,1.499422550201416,1.1654629707336426,1.201468825340271,1.1171197891235352,1.1822627782821655,1.3973159790039062,1.3565337657928467,1.683287501335144,1.9435794353485107,2.2142577171325684,2.2891504764556885,2.5651097297668457,2.827465534210205,1.1044808626174927,0.7192739844322205,0.7503364682197571,0.5633748769760132,0.7439858317375183,1.008479356765747,1.2641544342041016,1.576616644859314,1.7598340511322021,2.1080610752105713,2.2159225940704346,2.5321836471557617,2.5272364616394043,2.8568596839904785,3.0193800926208496
A2,0.38961899280548096,0.0,0.37861111760139465,0.5778473615646362,0.9368566870689392,1.145516276359558,1.5145471096038818,1.7257988452911377,1.9913403987884521,2.2639071941375732,2.3725922107696533,2.6322600841522217,2.5288288593292236,2.8232502937316895,2.9182400703430176,0.6692379713058472,0.9352467656135559,1.0727638006210327,1.1849216222763062,1.4968830347061157,1.4819856882095337,1.8339383602142334,1.8935706615447998,2.1251509189605713,2.2915730476379395,2.486316204071045,2.6410751342773438,2.462571620941162,2.6650450229644775,2.7511699199676514,1.3330016136169434,1.5034211874008179,1.5810623168945312,1.4702268838882446,1.6697630882263184,1.4914804697036743,1.7135010957717896,1.7111607789993286,1.7851841449737549,1.9150047302246094,2.227161407470703,2.351886034011841,2.243479013442993,2.400909185409546,2.5975747108459473,1.7349985837936401,1.5328856706619263,1.5499286651611328,1.2505085468292236,1.3218071460723877,1.1600936651229858,1.2520487308502197,1.3800814151763916,1.3374279737472534,1.6053308248519897,1.9106394052505493,2.1343753337860107,2.174445390701294,2.414879083633423,2.6805102825164795,1.3039038181304932,0.9627652764320374,0.9574278593063354,0.64628666639328,0.7408320307731628,0.8821929097175598,1.0768489837646484,1.3856488466262817,1.5039974451065063,1.8642487525939941,2.0170819759368896,2.3305320739746094,2.3589327335357666,2.679530620574951,2.8822054862976074
A3,0.6304961442947388,0.37861111760139465,0.0,0.37087664008140564,0.6506868600845337,0.8719254732131958,1.2379544973373413,1.4354068040847778,1.7343416213989258,1.9929643869400024,2.0614449977874756,2.323671817779541,2.216465711593628,2.5223774909973145,2.6030592918395996,0.7161386013031006,0.9387838244438171,0.938020646572113,1.0751707553863525,1.3304840326309204,1.290688157081604,1.6377490758895874,1.6604012250900269,1.9282618761062622,2.066932201385498,2.224256992340088,2.3671536445617676,2.1638166904449463,2.368778705596924,2.4273743629455566,1.3592716455459595,1.5217258930206299,1.514907956123352,1.416775107383728,1.5650250911712646,1.340002417564392,1.5472580194473267,1.4818607568740845,1.5832297801971436,1.6642608642578125,1.958648920059204,2.0546834468841553,1.9131220579147339,2.0579779148101807,2.236799955368042,1.7880209684371948,1.5984435081481934,1.5322399139404297,1.2307305335998535,1.2281075716018677,0.9770250916481018,1.016221523284912,1.0682262182235718,1.0102102756500244,1.245161771774292,1.5640275478363037,1.7685344219207764,1.804174780845642,2.037926435470581,2.3092262744903564,1.4158464670181274,1.0915634632110596,0.9519616365432739,0.586249589920044,0.4940565824508667,0.5584183931350708,0.7010522484779358,1.0220545530319214,1.148945927619934,1.511839509010315,1.6446845531463623,1.9650894403457642,2.0055582523345947,2.3348090648651123,2.540046453475952
A4,0.8932617902755737,0.5778473615646362,0.37087664008140564,0.0,0.3755044639110565,0.5910443067550659,0.9444347620010376,1.1875898838043213,1.4461928606033325,1.7421141862869263,1.8383495807647705,2.1233158111572266,2.0654454231262207,2.3843495845794678,2.5121304988861084,0.5341431498527527,0.6263355016708374,0.5697851181030273,0.7218979597091675,0.9948453307151794,1.0207409858703613,1.3914626836776733,1.4771273136138916,1.7630208730697632,1.953500747680664,2.0854907035827637,2.2764387130737305,2.1084556579589844,2.359569787979126,2.4310142993927,1.0336250066757202,1.2217416763305664,1.2117743492126465,1.182847261428833,1.3733537197113037,1.205843448638916,1.4824509620666504,1.4525349140167236,1.6329598426818848,1.7455452680587769,1.9893735647201538,2.1113386154174805,1.9401544332504272,2.1174356937408447,2.2516376972198486,1.5960737466812134,1.4805819988250732,1.428558111190796,1.1948292255401611,1.2598029375076294,1.0040340423583984,1.1365234851837158,1.1350626945495605,1.1626297235488892,1.3370673656463623,1.649337887763977,1.8148329257965088,1.7764897346496582,1.986774206161499,2.224674940109253,1.4556219577789307,1.2059415578842163,1.0939792394638062,0.7385790348052979,0.7042537331581116,0.569582462310791,0.6932418346405029,0.9199604988098145,0.9959517121315002,1.3356610536575317,1.5424519777297974,1.8274621963500977,1.859786033630371,2.160475969314575,2.3929872512817383
A5,1.2437283992767334,0.9368566870689392,0.6506868600845337,0.3755044639110565,0.0,0.36237502098083496,0.6409398317337036,0.9191250801086426,1.1869399547576904,1.4931435585021973,1.5427913665771484,1.8513381481170654,1.8274710178375244,2.167236566543579,2.30125093460083,0.7414058446884155,0.7359977960586548,0.4857752025127411,0.6937200427055359,0.8617095947265625,0.9206214547157288,1.2735904455184937,1.3524364233016968,1.681860089302063,1.862032175064087,1.9278833866119385,2.126706123352051,1.949681282043457,2.220308780670166,2.258187770843506,1.1100114583969116,1.3021061420440674,1.2160708904266357,1.2526769638061523,1.4013007879257202,1.233221411705017,1.5061241388320923,1.4268627166748047,1.658914566040039,1.7241780757904053,1.9150902032852173,2.0069243907928467,1.7832003831863403,1.9472172260284424,2.027327299118042,1.7428280115127563,1.6758142709732056,1.572678565979004,1.3817683458328247,1.4066473245620728,1.101177453994751,1.1989022493362427,1.0836443901062012,1.1208088397979736,1.190125823020935,1.5040183067321777,1.60593843460083,1.5227067470550537,1.6918522119522095,1.9208041429519653,1.7277865409851074,1.5118944644927979,1.343469500541687,1.0049556493759155,0.870086669921875,0.5956575870513916,0.5373732447624207,0.6568143367767334,0.6485101580619812,0.9790264964103699,1.219193696975708,1.489848256111145,1.5514618158340454,1.8422404527664185,2.1026785373687744
A6,1.3933861255645752,1.145516276359558,0.8719254732131958,0.5910443067550659,0.36237502098083496,0.0,0.3820708990097046,0.5984874367713928,0.8677975535392761,1.1590012311935425,1.252900242805481,1.5453661680221558,1.5237159729003906,1.85438871383667,2.018075704574585,1.0039374828338623,0.8779814839363098,0.5506508350372314,0.5575054287910461,0.5845246911048889,0.5778180360794067,0.9153634905815125,1.0002484321594238,1.3330851793289185,1.5307397842407227,1.5920095443725586,1.8156023025512695,1.675315022468567,1.9726229906082153,2.0452795028686523,1.0567842721939087,1.1468331813812256,0.9683775305747986,0.9989094734191895,1.0968928337097168,0.9431608319282532,1.2276060581207275,1.1689883470535278,1.4509952068328857,1.5477625131607056,1.691136360168457,1.8212991952896118,1.6086997985839844,1.824207067489624,1.8958536386489868,1.5347328186035156,1.4931581020355225,1.3440232276916504,1.2098724842071533,1.2356691360473633,0.9447455406188965,1.1031339168548584,0.9744110703468323,1.1256893873214722,1.1893789768218994,1.4349406957626343,1.5433748960494995,1.398637294769287,1.5925184488296509,1.7658047676086426,1.629845380783081,1.486250638961792,1.2977136373519897,1.0216585397720337,0.9258140325546265,0.58579021692276,0.6146747469902039,0.5687752366065979,0.6575942039489746,0.8814876079559326,1.1338896751403809,1.3510375022888184,1.3365402221679688,1.6074382066726685,1.847535490989685
A7,1.7747920751571655,1.5145471096038818,1.2379544973373413,0.9444347620010376,0.6409398317337036,0.3820708990097046,0.0,0.358487606048584,0.559062123298645,0.8871995210647583,0.9573295712471008,1.2835296392440796,1.3393023014068604,1.6827882528305054,1.8818458318710327,1.273258090019226,1.082130789756775,0.7040818333625793,0.6925070881843567,0.532244086265564,0.6063386797904968,0.8430761098861694,0.9568662643432617,1.3060590028762817,1.5109224319458008,1.4876419305801392,1.7400829792022705,1.6279051303863525,1.9537988901138306,2.0071938037872314,1.1700676679611206,1.2448848485946655,1.0113823413848877,1.1327073574066162,1.193967580795288,1.100878357887268,1.371674656867981,1.3029937744140625,1.6289554834365845,1.7002874612808228,1.765762448310852,1.8808252811431885,1.6301769018173218,1.8432538509368896,1.8431917428970337,1.682796835899353,1.710341453552246,1.5463777780532837,1.482589840888977,1.506518840789795,1.2283464670181274,1.374908447265625,1.1816720962524414,1.3522158861160278,1.321022391319275,1.5250989198684692,1.5579272508621216,1.336999773979187,1.4681024551391602,1.586631417274475,1.9371066093444824,1.8355143070220947,1.6426719427108765,1.391613245010376,1.2798997163772583,0.9233065843582153,0.8569505214691162,0.6537997126579285,0.620572566986084,0.6797627210617065,0.9989433288574219,1.1307684183120728,1.1165361404418945,1.3338005542755127,1.6101551055908203
A8,1.9307631254196167,1.7257988452911377,1.4354068040847778,1.1875898838043213,0.9191250801086426,0.5984874367713928,0.358487606048584,0.0,0.36811622977256775,0.5813272595405579,0.6627005338668823,0.9559797048568726,0.989560067653656,1.327365517616272,1.5375773906707764,1.5820634365081787,1.3922711610794067,1.0264748334884644,0.9238236546516418,0.660510241985321,0.565170407295227,0.6433621048927307,0.6705132126808167,1.0252200365066528,1.1957975625991821,1.1371997594833374,1.392648458480835,1.301580548286438,1.6413520574569702,1.713890790939331,1.400763988494873,1.3797886371612549,1.06964111328125,1.1344196796417236,1.0814639329910278,0.9734200239181519,1.1782503128051758,1.0874693393707275,1.4350630044937134,1.497178316116333,1.500415325164795,1.6287790536880493,1.3893589973449707,1.6363060474395752,1.6271657943725586,1.689165711402893,1.707557201385498,1.4801527261734009,1.4519479274749756,1.4271444082260132,1.169694185256958,1.3054109811782837,1.090360403060913,1.3263940811157227,1.2763384580612183,1.3943532705307007,1.4262186288833618,1.1606671810150146,1.3181500434875488,1.3763818740844727,1.9461572170257568,1.8878936767578125,1.659414291381836,1.4708707332611084,1.3543823957443237,1.002568244934082,0.9660978317260742,0.6798743009567261,0.7592481970787048,0.6882638335227966,0.9242776036262512,0.989213764667511,0.8699132204055786,1.074389934539795,1.3080260753631592
A9,2.2080066204071045,1.9913403987884521,1.7343416213989258,1.4461928606033325,1.1869399547576904,0.8677975535392761,0.559062123298645,0.36811622977256775,0.0,0.382677286863327,0.5922364592552185,0.8742611408233643,1.0208431482315063,1.3227530717849731,1.5999853610992432,1.77252995967865,1.5156335830688477,1.1591570377349854,1.0048974752426147,0.6564759612083435,0.6536703705787659,0.6017456650733948,0.742388904094696,1.0299495458602905,1.254825472831726,1.1523349285125732,1.4599436521530151,1.4519104957580566,1.8100402355194092,1.9040307998657227,1.4042649269104004,1.3447378873825073,1.0161967277526855,1.1625643968582153,1.1155775785446167,1.1219017505645752,1.3431974649429321,1.3188726902008057,1.6822562217712402,1.7765716314315796,1.7308344841003418,1.8823024034500122,1.6564979553222656,1.9149446487426758,1.868129849433899,1.6778180599212646,1.7751859426498413,1.5751038789749146,1.6267389059066772,1.6548343896865845,1.4488685131072998,1.629573941230774,1.4379334449768066,1.691077470779419,1.6350728273391724,1.728577733039856,1.7350406646728516,1.433610439300537,1.544427514076233,1.5308799743652344,2.1192946434020996,2.113558292388916,1.923529863357544,1.7550249099731445,1.6844779253005981,1.3376847505569458,1.3213424682617188,1.0411170721054077,1.060187816619873,0.9207848906517029,1.181301236152649,1.1497682332992554,1.0010439157485962,1.0862245559692383,1.3227349519729614
A10,2.439375400543213,2.2639071941375732,1.9929643869400024,1.7421141862869263,1.4931435585021973,1.1590012311935425,0.8871995210647583,0.5813272595405579,0.382677286863327,0.0,0.37829774618148804,0.5350240468978882,0.7043126225471497,0.968258261680603,1.2753243446350098,2.115414619445801,1.8729559183120728,1.5195039510726929,1.3417006731033325,0.986053466796875,0.8758649826049805,0.6614490151405334,0.6653451323509216,0.8801324367523193,1.0349558591842651,0.8478924632072449,1.1579275131225586,1.2023831605911255,1.5613985061645508,1.6703193187713623,1.738139271736145,1.6199052333831787,1.2584688663482666,1.3415555953979492,1.189196228981018,1.1869909763336182,1.310731291770935,1.266518473625183,1.6215412616729736,1.6941522359848022,1.5695600509643555,1.7222822904586792,1.519112229347229,1.7931019067764282,1.7246257066726685,1.8254599571228027,1.9091376066207886,1.6586064100265503,1.7396239042282104,1.7185221910476685,1.5424808263778687,1.6946381330490112,1.4923142194747925,1.7759230136871338,1.6974977254867554,1.7067108154296875,1.6996009349822998,1.3703107833862305,1.4821336269378662,1.3886302709579468,2.2469606399536133,2.2747201919555664,2.0567877292633057,1.9404120445251465,1.8595768213272095,1.5297915935516357,1.5199222564697266,1.2065080404281616,1.2786705493927002,1.0701972246170044,1.232275366783142,1.1225085258483887,0.8722525238990784,0.8816763162612915,1.039433479309082
A11,2.558795690536499,2.3725922107696533,2.0614449977874756,1.8383495807647705,1.5427913665771484,1.252900242805481,0.9573295712471008,0.6627005338668823,0.5922364592552185,0.37829774618148804,0.0,0.35800763964653015,0.5770297646522522,0.8898277282714844,1.1360340118408203,2.2258474826812744,2.026214599609375,1.6520847082138062,1.5480833053588867,1.2252265214920044,1.1292065382003784,0.9852226972579956,0.9072379469871521,1.150112271308899,1.2048496007919312,0.9469854235649109,1.1726772785186768,1.141493797302246,1.475701928138733,1.5029197931289673,1.983475923538208,1.9193984270095825,1.572685956954956,1.6499760150909424,1.5007208585739136,1.42918062210083,1.5127661228179932,1.3814773559570312,1.7124767303466797,1.7005113363265991,1.5540733337402344,1.628690242767334,1.3716968297958374,1.5909597873687744,1.4599851369857788,2.1620640754699707,2.213104009628296,1.9446038007736206,1.9738434553146362,1.8988654613494873,1.6742981672286987,1.7483911514282227,1.4832600355148315,1.718562364578247,1.5622234344482422,1.5500391721725464,1.47138249874115,1.1174952983856201,1.1639901399612427,1.0402418375015259,2.485417366027832,2.4677515029907227,2.210559129714966,2.068957567214966,1.9211995601654053,1.5854231119155884,1.4908558130264282,1.1416380405426025,1.1688318252563477,0.8751737475395203,0.9715836048126221,0.7882440090179443,0.5383107662200928,0.5137203335762024,0.7376638054847717
A12,2.7827541828155518,2.6322600841522217,2.323671817779541,2.1233158111572266,1.8513381481170654,1.5453661680221558,1.2835296392440796,0.9559797048568726,0.8742611408233643,0.5350240468978882,0.35800763964653015,0.0,0.3632885217666626,0.5777401924133301,0.8599026799201965,2.5374300479888916,2.3371667861938477,1.9701131582260132,1.8317101001739502,1.4955781698226929,1.3473526239395142,1.121320366859436,0.9757345914840698,1.1204758882522583,1.094334602355957,0.7608869671821594,0.948699951171875,0.9864650964736938,1.3004838228225708,1.3478124141693115,2.2572388648986816,2.1445255279541016,1.7781537771224976,1.8164222240447998,1.6043610572814941,1.5398108959197998,1.5476568937301636,1.4167088270187378,1.720557451248169,1.6966873407363892,1.4773439168930054,1.554356575012207,1.3425325155258179,1.5727810859680176,1.4299055337905884,2.2916462421417236,2.3359572887420654,2.039557456970215,2.0971856117248535,1.99464750289917,1.8100666999816895,1.8708707094192505,1.620698094367981,1.8790901899337769,1.7254997491836548,1.6363521814346313,1.5599143505096436,1.2072845697402954,1.261318564414978,1.0523293018341064,2.607893228530884,2.624210834503174,2.356769561767578,2.2632882595062256,2.1247806549072266,1.8133412599563599,1.7472444772720337,1.4020514488220215,1.4783074855804443,1.1849250793457031,1.2000291347503662,0.9782761931419373,0.65413498878479,0.5115593671798706,0.5364270806312561
A13,2.635432481765747,2.5288288593292236,2.216465711593628,2.0654454231262207,1.8274710178375244,1.5237159729003906,1.3393023014068604,0.989560067653656,1.0208431482315063,0.7043126225471497,0.5770297646522522,0.3632885217666626,0.0,0.3615240752696991,0.5818468332290649,2.5271782875061035,2.3642385005950928,2.0090954303741455,1.863986611366272,1.5585592985153198,1.3366544246673584,1.1162590980529785,0.8660215735435486,0.9873533248901367,0.8575111627578735,0.5266359448432922,0.6325292587280273,0.6236289143562317,0.9419815540313721,1.0158822536468506,2.3148272037506104,2.185943603515625,1.8161559104919434,1.7815403938293457,1.5257880687713623,1.39960777759552,1.331473708152771,1.1555781364440918,1.4222899675369263,1.3698989152908325,1.124858021736145,1.202742338180542,1.0229460000991821,1.2825307846069336,1.1907719373703003,2.251702308654785,2.2382965087890625,1.9083259105682373,1.9364374876022339,1.7804572582244873,1.6070451736450195,1.6279401779174805,1.3884376287460327,1.65828537940979,1.5256016254425049,1.3817288875579834,1.3478258848190308,1.0268455743789673,1.1622440814971924,0.98054039478302,2.43790340423584,2.4491467475891113,2.156414747238159,2.0982210636138916,1.9503926038742065,1.6749681234359741,1.6351938247680664,1.311728835105896,1.4671372175216675,1.223534345626831,1.1633085012435913,1.0076138973236084,0.6430699229240417,0.6468234658241272,0.5451810956001282
A14,2.899691104888916,2.8232502937316895,2.5223774909973145,2.3843495845794678,2.167236566543579,1.85438871383667,1.6827882528305054,1.327365517616272,1.3227530717849731,0.968258261680603,0.8898277282714844,0.5777401924133301,0.3615240752696991,0.0,0.3697291314601898,2.8545117378234863,2.6847126483917236,2.3382089138031006,2.16562819480896,1.850985050201416,1.6093955039978027,1.3379477262496948,1.0739164352416992,1.0775984525680542,0.8678192496299744,0.5024476647377014,0.48358598351478577,0.6247392296791077,0.8633430004119873,0.9825536012649536,2.5964572429656982,2.4282937049865723,2.0511791706085205,1.9920378923416138,1.6955209970474243,1.5927379131317139,1.4612525701522827,1.3115084171295166,1.5290766954421997,1.4775047302246094,1.164854884147644,1.250838041305542,1.155353307723999,1.4089008569717407,1.3209079504013062,2.411943197250366,2.398106813430786,2.0556771755218506,2.1162073612213135,1.9477555751800537,1.8255531787872314,1.843472957611084,1.6376839876174927,1.9175771474838257,1.7999368906021118,1.6017060279846191,1.5777395963668823,1.2862313985824585,1.4146889448165894,1.182631015777588,2.6013846397399902,2.6497910022735596,2.3605847358703613,2.3484997749328613,2.2204737663269043,1.971661925315857,1.9597984552383423,1.6505200862884521,1.8238176107406616,1.5809111595153809,1.495113492012024,1.3195933103561401,0.9598259329795837,0.8875277638435364,0.6427716016769409
A15,2.968985080718994,2.9182400703430176,2.6030592918395996,2.5121304988861084,2.30125093460083,2.018075704574585,1.8818458318710327,1.5375773906707764,1.5999853610992432,1.2753243446350098,1.1360340118408203,0.8599026799201965,0.5818468332290649,0.3697291314601898,0.0,3.0065813064575195,2.8783745765686035,2.5345611572265625,2.389709711074829,2.1039304733276367,1.8431333303451538,1.610459804534912,1.3054986000061035,1.319318175315857,1.0359467267990112,0.7392562627792358,0.5255042910575867,0.5267167091369629,0.6185097694396973,0.6685087084770203,2.8448903560638428,2.693192958831787,2.3228087425231934,2.2314817905426025,1.9273468255996704,1.7688730955123901,1.584591031074524,1.3741778135299683,1.5198829174041748,1.386594533920288,1.0408062934875488,1.0404887199401855,0.9746835231781006,1.1769932508468628,1.086679220199585,2.6571192741394043,2.5976076126098633,2.2373971939086914,2.253622055053711,2.0310370922088623,1.8999748229980469,1.8460619449615479,1.6305551528930664,1.8716676235198975,1.7313491106033325,1.4704557657241821,1.4331902265548706,1.192803978919983,1.322972297668457,1.088249683380127,2.720842123031616,2.742281436920166,2.4240870475769043,2.42482852935791,2.2620325088500977,2.0467402935028076,2.0134518146514893,1.7229149341583252,1.914197325706482,1.6826573610305786,1.5156844854354858,1.3577500581741333,1.0274814367294312,0.9986101984977722,0.687376081943512
B1,1.0496770143508911,0.6692379713058472,0.7161386013031006,0.5341431498527527,0.7414058446884155,1.0039374828338623,1.273258090019226,1.5820634365081787,1.77252995967865,2.115414619445801,2.2258474826812744,2.5374300479888916,2.5271782875061035,2.8545117378234863,3.0065813064575195,0.0,0.3928304612636566,0.6362581849098206,0.8874497413635254,1.23970627784729,1.3871866464614868,1.7666728496551514,1.9225608110427856,2.1980514526367188,2.430617094039917,2.5579469203948975,2.775596857070923,2.624152183532715,2.8866326808929443,2.952996253967285,0.9492390155792236,1.2677088975906372,1.3969115018844604,1.4510018825531006,1.7295632362365723,1.6411850452423096,1.9540671110153198,1.9659852981567383,2.1468429565429688,2.275221347808838,2.521977663040161,2.6439597606658936,2.462808132171631,2.6243319511413574,2.738543748855591,1.7625867128372192,1.7050731182098389,1.760128378868103,1.5623860359191895,1.70546293258667,1.5008450746536255,1.6511387825012207,1.665252923965454,1.65707266330719,1.811341643333435,2.1480331420898438,2.2858633995056152,2.2464022636413574,2.4142115116119385,2.657567262649536,1.7183723449707031,1.4720391035079956,1.4767802953720093,1.139771580696106,1.1754595041275024,1.1009106636047363,1.168005108833313,1.384853482246399,1.3545136451721191,1.6889476776123047,1.9417047500610352,2.2146904468536377,2.287444829940796,2.5635828971862793,2.830834150314331
B2,1.2812995910644531,0.9352467656135559,0.9387838244438171,0.6263355016708374,0.7359977960586548,0.8779814839363098,1.082130789756775,1.3922711610794067,1.5156335830688477,1.8729559183120728,2.026214599609375,2.3371667861938477,2.3642385005950928,2.6847126483917236,2.8783745765686035,0.3928304612636566,0.0,0.38077783584594727,0.5769168138504028,0.9352057576179504,1.146958589553833,1.5132246017456055,1.7258174419403076,1.9894254207611084,2.2635669708251953,2.378312110900879,2.633187770843506,2.5259203910827637,2.8198156356811523,2.9111263751983643,0.5804283022880554,0.928695023059845,1.0695981979370117,1.1954208612442017,1.503726601600647,1.4848552942276,1.8362390995025635,1.8900245428085327,2.120528221130371,2.283271074295044,2.4865243434906006,2.6404786109924316,2.455481767654419,2.654256582260132,2.743303060531616,1.5153342485427856,1.5349888801574707,1.6024410724639893,1.4805898666381836,1.672288417816162,1.4887561798095703,1.705811619758606,1.7038161754608154,1.772325873374939,1.9063215255737305,2.213555335998535,2.3377525806427,2.2382724285125732,2.400458574295044,2.5984787940979004,1.6940447092056274,1.5289732217788696,1.5426474809646606,1.2374835014343262,1.3097137212753296,1.1542659997940063,1.2450249195098877,1.3725557327270508,1.3362311124801636,1.6125751733779907,1.9111682176589966,2.1361231803894043,2.1745193004608154,2.4139018058776855,2.6855385303497314
B3,1.4057878255844116,1.0727638006210327,0.938020646572113,0.5697851181030273,0.4857752025127411,0.5506508350372314,0.7040818333625793,1.0264748334884644,1.1591570377349854,1.5195039510726929,1.6520847082138062,1.9701131582260132,2.0090954303741455,2.3382089138031006,2.5345611572265625,0.6362581849098206,0.38077783584594727,0.0,0.3674885332584381,0.6469343304634094,0.8698815703392029,1.2328050136566162,1.4321470260620117,1.7278705835342407,1.9892377853393555,2.0639562606811523,2.3212695121765137,2.2108829021453857,2.5166356563568115,2.594451904296875,0.6683879494667053,0.9349849820137024,0.9359888434410095,1.0847970247268677,1.3347866535186768,1.2929134368896484,1.6385116577148438,1.6557035446166992,1.9230620861053467,2.058969259262085,2.2243824005126953,2.366122007369995,2.156637191772461,2.358367443084717,2.419344902038574,1.518952488899231,1.5472357273101807,1.5315195322036743,1.424880027770996,1.5664291381835938,1.336828589439392,1.5400439500808716,1.4744123220443726,1.5720716714859009,1.6562086343765259,1.9452568292617798,2.041041612625122,1.9073454141616821,2.057332992553711,2.2369518280029297,1.7428957223892212,1.5945991277694702,1.525956630706787,1.218125343322754,1.2186279296875,0.9715583920478821,1.01083505153656,1.0607064962387085,1.0097401142120361,1.2524967193603516,1.5648269653320312,1.7695900201797485,1.8024425506591797,2.034762144088745,2.3117904663085938
B4,1.450710654258728,1.1849216222763062,1.0751707553863525,0.7218979597091675,0.6937200427055359,0.5575054287910461,0.6925070881843567,0.9238236546516418,1.0048974752426147,1.3417006731033325,1.5480833053588867,1.8317101001739502,1.863986611366272,2.16562819480896,2.389709711074829,0.8874497413635254,0.5769168138504028,0.3674885332584381,0.0,0.3749099373817444,0.5918444395065308,0.9429047107696533,1.186015248298645,1.4412808418273926,1.737959623336792,1.8417631387710571,2.121704578399658,2.0596628189086914,2.3778297901153564,2.5028109550476074,0.507732629776001,0.6284239888191223,0.5722301602363586,0.7319126725196838,0.9987605810165405,1.019628882408142,1.3891427516937256,1.4689875841140747,1.754469633102417,1.9431451559066772,2.084441661834717,2.273817300796509,2.099642038345337,2.347691297531128,2.422330141067505,1.1812512874603271,1.2433757781982422,1.2255432605743408,1.1844414472579956,1.3696459531784058,1.1966081857681274,1.4700016975402832,1.4411729574203491,1.6178607940673828,1.7331037521362305,1.9712871313095093,2.0954136848449707,1.9328399896621704,2.116584539413452,2.2528398036956787,1.534835696220398,1.4641038179397583,1.412690281867981,1.1709054708480835,1.2417441606521606,0.9912497401237488,1.1264218091964722,1.1259499788284302,1.1619515419006348,1.3471126556396484,1.6494590044021606,1.8176522254943848,1.7764872312545776,1.9869128465652466,2.229613780975342
B5,1.7327150106430054,1.4968830347061157,1.3304840326309204,0.9948453307151794,0.8617095947265625,0.5845246911048889,0.532244086265564,0.660510241985321,0.6564759612083435,0.986053466796875,1.2252265214920044,1.4955781698226929,1.5585592985153198,1.850985050201416,2.1039304733276367,1.23970627784729,0.9352057576179504,0.6469343304634094,0.3749099373817444,0.0,0.3618135154247284,0.6376497149467468,0.9171891212463379,1.1783088445663452,1.4869842529296875,1.545516014099121,1.8497841358184814,1.8230183124542236,2.1625404357910156,2.295351028442383,0.7645248174667358,0.7392440438270569,0.48957040905952454,0.6984735131263733,0.8609234690666199,0.9187102317810059,1.2705415487289429,1.3455843925476074,1.6755964756011963,1.8563209772109985,1.9313914775848389,2.1283295154571533,1.9459890127182007,2.214336395263672,2.2550792694091797,1.2082468271255493,1.3128727674484253,1.2218784093856812,1.2498902082443237,1.397060513496399,1.2252612113952637,1.4972240924835205,1.4195606708526611,1.6498651504516602,1.7166353464126587,1.9015346765518188,1.9968856573104858,1.7805298566818237,1.951837420463562,2.0338916778564453,1.6751878261566162,1.6571807861328125,1.5576326847076416,1.3595082759857178,1.3932220935821533,1.0919294357299805,1.1944622993469238,1.080358624458313,1.1259061098098755,1.206597924232483,1.5101736783981323,1.6145168542861938,1.5266155004501343,1.6957002878189087,1.9282594919204712
B6,1.6499559879302979,1.4819856882095337,1.290688157081604,1.0207409858703613,0.9206214547157288,0.5778180360794067,0.6063386797904968,0.565170407295227,0.6536703705787659,0.8758649826049805,1.1292065382003784,1.3473526239395142,1.3366544246673584,1.6093955039978027,1.8431333303451538,1.3871866464614868,1.146958589553833,0.8698815703392029,0.5918444395065308,0.3618135154247284,0.0,0.3802580237388611,0.5960026383399963,0.8619639277458191,1.153652548789978,1.255079746246338,1.5426101684570312,1.516821265220642,1.8471497297286987,2.008418560028076,1.0084125995635986,0.887084424495697,0.5633038282394409,0.5700501203536987,0.5907799005508423,0.5797457098960876,0.9141057729721069,0.9926464557647705,1.3271595239639282,1.5243552923202515,1.5934531688690186,1.8145133256912231,1.6674880981445312,1.9625353813171387,2.0370285511016846,1.127899408340454,1.1585606336593628,0.976575493812561,0.9996876120567322,1.0953670740127563,0.9365049004554749,1.219317078590393,1.1605521440505981,1.441508173942566,1.5366684198379517,1.6730453968048096,1.8065418004989624,1.6002693176269531,1.8220752477645874,1.8951250314712524,1.4758238792419434,1.4793992042541504,1.3328279256820679,1.1908576488494873,1.2239494323730469,0.9352876543998718,1.096832275390625,0.96821528673172,1.1258635520935059,1.1980491876602173,1.4321582317352295,1.5436614751815796,1.3966567516326904,1.5909184217453003,1.7688486576080322
B7,1.9646179676055908,1.8339383602142334,1.6377490758895874,1.3914626836776733,1.2735904455184937,0.9153634905815125,0.8430761098861694,0.6433621048927307,0.6017456650733948,0.6614490151405334,0.9852226972579956,1.121320366859436,1.1162590980529785,1.3379477262496948,1.610459804534912,1.7666728496551514,1.5132246017456055,1.2328050136566162,0.9429047107696533,0.6376497149467468,0.3802580237388611,0.0,0.35800695419311523,0.5524661540985107,0.8816951513290405,0.9595418572425842,1.2824345827102661,1.3346588611602783,1.678425908088684,1.8757033348083496,1.296783685684204,1.0913275480270386,0.7151240110397339,0.6984408497810364,0.5355503559112549,0.6088244915008545,0.8437744379043579,0.9527857899665833,1.3051754236221313,1.5112477540969849,1.4953155517578125,1.7438451051712036,1.6247427463531494,1.9486595392227173,2.002678871154785,1.1820937395095825,1.247849941253662,1.013331651687622,1.1309808492660522,1.1942837238311768,1.097019910812378,1.3678253889083862,1.2987545728683472,1.6243112087249756,1.6918201446533203,1.7506566047668457,1.8697483539581299,1.6235638856887817,1.8425326347351074,1.8440005779266357,1.6225529909133911,1.6954331398010254,1.5369778871536255,1.4655143022537231,1.4978265762329102,1.2209768295288086,1.3705885410308838,1.1781084537506104,1.3524476289749146,1.3291128873825073,1.5228277444839478,1.5587857961654663,1.3353843688964844,1.4670214653015137,1.5897133350372314
B8,1.9817777872085571,1.8935706615447998,1.6604012250900269,1.4771273136138916,1.3524364233016968,1.0002484321594238,0.9568662643432617,0.6705132126808167,0.742388904094696,0.6653451323509216,0.9072379469871521,0.9757345914840698,0.8660215735435486,1.0739164352416992,1.3054986000061035,1.9225608110427856,1.7258174419403076,1.4321470260620117,1.186015248298645,0.9171891212463379,0.5960026383399963,0.35800695419311523,0.0,0.3640264570713043,0.5781386494636536,0.667493999004364,0.9557207226753235,0.9855369329452515,1.3234574794769287,1.5319346189498901,1.5900770425796509,1.3995696306228638,1.0363264083862305,0.9293810725212097,0.6648818850517273,0.5716491341590881,0.6467931866645813,0.6692426204681396,1.0268878936767578,1.199171543121338,1.146497368812561,1.3977034091949463,1.2996784448623657,1.6379185914993286,1.7103509902954102,1.3965097665786743,1.3780415058135986,1.0673872232437134,1.1333715915679932,1.083104133605957,0.9726887941360474,1.1781052350997925,1.086682677268982,1.4349645376205444,1.4912869930267334,1.4872381687164307,1.6198922395706177,1.3836660385131836,1.6357381343841553,1.6271264553070068,1.641093134880066,1.6976147890090942,1.4752835035324097,1.4401320219039917,1.4234116077423096,1.1659648418426514,1.304443120956421,1.0903205871582031,1.3280677795410156,1.282859206199646,1.3905725479125977,1.4256147146224976,1.1594128608703613,1.3175115585327148,1.3804329633712769
B9,2.166639804840088,2.1251509189605713,1.9282618761062622,1.7630208730697632,1.681860089302063,1.3330851793289185,1.3060590028762817,1.0252200365066528,1.0299495458602905,0.8801324367523193,1.150112271308899,1.1204758882522583,0.9873533248901367,1.0775984525680542,1.319318175315857,2.1980514526367188,1.9894254207611084,1.7278705835342407,1.4412808418273926,1.1783088445663452,0.8619639277458191,0.5524661540985107,0.3640264570713043,0.0,0.38058361411094666,0.5911198258399963,0.8755062818527222,1.0198955535888672,1.3236064910888672,1.597996711730957,1.780646562576294,1.5198917388916016,1.1630558967590332,1.0050872564315796,0.6575732827186584,0.6593744158744812,0.6116068363189697,0.7481141090393066,1.0424675941467285,1.2686207294464111,1.1694748401641846,1.4715070724487305,1.4539871215820312,1.8109509944915771,1.9021821022033691,1.3519866466522217,1.3390858173370361,1.0131492614746094,1.1645581722259521,1.125114917755127,1.127366304397583,1.3508743047714233,1.3238260746002197,1.6878684759140015,1.7736378908157349,1.7213337421417236,1.875793218612671,1.6503856182098389,1.9119060039520264,1.8643070459365845,1.6360423564910889,1.7692588567733765,1.5767873525619507,1.620130181312561,1.655637502670288,1.4476804733276367,1.6293326616287231,1.4371471405029297,1.6897937059402466,1.6366031169891357,1.7209711074829102,1.7292389869689941,1.4271283149719238,1.5370429754257202,1.5282301902770996
B10,2.298797369003296,2.2915730476379395,2.066932201385498,1.953500747680664,1.862032175064087,1.5307397842407227,1.5109224319458008,1.1957975625991821,1.254825472831726,1.0349558591842651,1.2048496007919312,1.094334602355957,0.8575111627578735,0.8678192496299744,1.0359467267990112,2.430617094039917,2.2635669708251953,1.9892377853393555,1.737959623336792,1.4869842529296875,1.153652548789978,0.8816951513290405,0.5781386494636536,0.38058361411094666,0.0,0.37859535217285156,0.5397074818611145,0.7092493772506714,0.9741629362106323,1.2793254852294922,2.1151647567749023,1.8748180866241455,1.5224460363388062,1.3395349979400635,0.9834287762641907,0.8795819282531738,0.668043851852417,0.6750824451446533,0.8963179588317871,1.0561418533325195,0.8717595934867859,1.17586350440979,1.2117613554000854,1.570372223854065,1.6757843494415283,1.6770261526107788,1.6059637069702148,1.2466716766357422,1.3397622108459473,1.196035623550415,1.194066047668457,1.322961688041687,1.2775826454162598,1.6348859071731567,1.698483943939209,1.5679305791854858,1.7243642807006836,1.519993782043457,1.7961658239364624,1.7258042097091675,1.792589783668518,1.904965877532959,1.6624975204467773,1.737146258354187,1.7246003150939941,1.545792579650879,1.700175404548645,1.498165488243103,1.7799698114395142,1.7023643255233765,1.7035342454910278,1.6982550621032715,1.3696610927581787,1.480503797531128,1.3913146257400513
B11,2.5360751152038574,2.486316204071045,2.224256992340088,2.0854907035827637,1.9278833866119385,1.5920095443725586,1.4876419305801392,1.1371997594833374,1.1523349285125732,0.8478924632072449,0.9469854235649109,0.7608869671821594,0.5266359448432922,0.5024476647377014,0.7392562627792358,2.5579469203948975,2.378312110900879,2.0639562606811523,1.8417631387710571,1.545516014099121,1.255079746246338,0.9595418572425842,0.667493999004364,0.5911198258399963,0.37859535217285156,0.0,0.3580057621002197,0.5820502638816833,0.8939660787582397,1.1408929824829102,2.2461488246917725,2.0367040634155273,1.6640304327011108,1.554105520248413,1.2292842864990234,1.140181541442871,0.9954779148101807,0.920502245426178,1.1663483381271362,1.2272876501083374,0.9734917879104614,1.1923561096191406,1.1563400030136108,1.4890140295028687,1.5123494863510132,1.9411264657974243,1.9131556749343872,1.5674598217010498,1.6531773805618286,1.5101958513259888,1.4399555921554565,1.527591586112976,1.3960678577423096,1.7296925783157349,1.7093912363052368,1.5573452711105347,1.6359996795654297,1.3774646520614624,1.5986418724060059,1.4654319286346436,2.130095958709717,2.21323823928833,1.951985478401184,1.975446105003357,1.9097307920455933,1.682889461517334,1.7600157260894775,1.4958544969558716,1.7288554906845093,1.5726003646850586,1.5536596775054932,1.4755467176437378,1.1213603019714355,1.165822982788086,1.0437946319580078
B12,2.6570851802825928,2.6410751342773438,2.3671536445617676,2.2764387130737305,2.126706123352051,1.8156023025512695,1.7400829792022705,1.392648458480835,1.4599436521530151,1.1579275131225586,1.1726772785186768,0.948699951171875,0.6325292587280273,0.48358598351478577,0.5255042910575867,2.775596857070923,2.633187770843506,2.3212695121765137,2.121704578399658,1.8497841358184814,1.5426101684570312,1.2824345827102661,0.9557207226753235,0.8755062818527222,0.5397074818611145,0.3580057621002197,0.0,0.3655450940132141,0.5802340507507324,0.8615661263465881,2.5448739528656006,2.3441786766052246,1.9791240692138672,1.835239291191101,1.4981564283370972,1.354807734489441,1.128732681274414,0.9855101108551025,1.1346427202224731,1.1152812242507935,0.7852000594139099,0.9652195572853088,0.9964545965194702,1.309566617012024,1.3512645959854126,2.2096121311187744,2.134988307952881,1.7697687149047852,1.816887617111206,1.6103603839874268,1.5466431379318237,1.5586971044540405,1.4261746406555176,1.733530879020691,1.699587106704712,1.4758274555206299,1.5562993288040161,1.3407827615737915,1.5716066360473633,1.4259206056594849,2.2681195735931396,2.3359830379486084,2.045588493347168,2.097039222717285,2.0020625591278076,1.8135572671890259,1.8762145042419434,1.6265718936920166,1.8815020322799683,1.7256579399108887,1.6297376155853271,1.5541558265686035,1.2033308744430542,1.257155418395996,1.0506221055984497
B13,2.4801344871520996,2.462571620941162,2.1638166904449463,2.1084556579589844,1.949681282043457,1.675315022468567,1.6279051303863525,1.301580548286438,1.4519104957580566,1.2023831605911255,1.141493797302246,0.9864650964736938,0.6236289143562317,0.6247392296791077,0.5267167091369629,2.624152183532715,2.5259203910827637,2.2108829021453857,2.0596628189086914,1.8230183124542236,1.516821265220642,1.3346588611602783,0.9855369329452515,1.0198955535888672,0.7092493772506714,0.5820502638816833,0.3655450940132141,0.0,0.3623778820037842,0.5812317728996277,2.5188517570495605,2.366494655609131,2.0147976875305176,1.8657515048980713,1.5595009326934814,1.341659665107727,1.1206605434417725,0.8724913597106934,0.9966133236885071,0.8742039203643799,0.5476856827735901,0.6473847031593323,0.6315775513648987,0.9486306309700012,1.0167447328567505,2.288825750350952,2.1757771968841553,1.8061938285827637,1.7796393632888794,1.5273654460906982,1.4026273488998413,1.3385729789733887,1.1613695621490479,1.4324225187301636,1.3701051473617554,1.1212568283081055,1.2023735046386719,1.018488883972168,1.2785476446151733,1.1839525699615479,2.231454610824585,2.2379024028778076,1.912078857421875,1.9343876838684082,1.7854100465774536,1.6073790788650513,1.6300829648971558,1.391190528869629,1.6569513082504272,1.520592451095581,1.3703676462173462,1.3381118774414062,1.0212346315383911,1.158042311668396,0.9821988940238953
