,A1,A2,A3,A4,A5,A6,A7,A8,A9,A10,A11,A12,A13,A14,A15,B1,B2,B3,B4,B5,B6,B7,B8,B9,B10,B11,B12,B13,B14,B15,C1,C2,C3,C4,C5,C6,C7,C8,C9,C10,C11,C12,C13,C14,C15,D1,D2,D3,D4,D5,D6,D7,D8,D9,D10,D11,D12,D13,D14,D15,E1,E2,E3,E4,E5,E6,E7,E8,E9,E10,E11,E12,E13,E14,E15
A1,0.0,0.39880114793777466,0.6546670198440552,0.931134819984436,1.2603111267089844,1.5131911039352417,1.8690333366394043,2.096557140350342,2.439347267150879,2.706631898880005,2.956754446029663,3.2765164375305176,3.4122941493988037,3.720372200012207,3.9457149505615234,0.7756770849227905,0.5680968165397644,0.8585566878318787,0.8156017661094666,1.1409119367599487,1.361255168914795,1.6623308658599854,1.9587812423706055,2.2157788276672363,2.5435168743133545,2.725440263748169,3.0605578422546387,3.2501847743988037,3.5004618167877197,3.7816219329833984,1.1555650234222412,1.0759960412979126,1.24259614944458,1.1201826333999634,1.450822114944458,1.4936639070510864,1.8200557231903076,2.012319803237915,2.2684168815612793,2.5661563873291016,2.6708152294158936,3.038309335708618,3.140850305557251,3.396226406097412,3.685385227203369,1.1746855974197388,1.2896050214767456,1.3465739488601685,1.3342562913894653,1.6696544885635376,1.6748998165130615,2.048656940460205,2.1606273651123047,2.4853971004486084,2.71297287940979,2.8716065883636475,3.222321033477783,3.2774112224578857,3.5897247791290283,3.8080058097839355,0.8015622496604919,1.0060153007507324,1.0602989196777344,1.255821704864502,1.5872002840042114,1.6794867515563965,2.0673675537109375,2.200540065765381,2.5517256259918213,2.7773101329803467,2.9844508171081543,3.3165085315704346,3.3976309299468994,3.7207109928131104,3.9443182945251465
A2,0.39880114793777466,0.0,0.3766014277935028,0.5770187377929688,0.8995383977890015,1.1789087057113647,1.5161651372909546,1.7766128778457642,2.0981602668762207,2.388218879699707,2.628589153289795,2.950106143951416,3.1063036918640137,3.3978335857391357,3.6421165466308594,1.0400923490524292,0.7653664946556091,0.9052248597145081,0.7035865783691406,0.9915371537208557,1.119483470916748,1.409040093421936,1.6862328052520752,1.9223464727401733,2.2529048919677734,2.403355360031128,2.750899314880371,2.925919532775879,3.1706628799438477,3.456282377243042,1.2823290824890137,1.1945463418960571,1.2491962909698486,1.1075828075408936,1.4076695442199707,1.3663792610168457,1.7044564485549927,1.8289861679077148,2.1028757095336914,2.3630738258361816,2.4657297134399414,2.8322980403900146,2.8975961208343506,3.1724720001220703,3.4414756298065186,1.1100631952285767,1.2139480113983154,1.1754775047302246,1.2094637155532837,1.5145938396453857,1.5075130462646484,1.8882969617843628,1.965649962425232,2.317352056503296,2.5133767127990723,2.7068915367126465,3.0409624576568604,3.0906918048858643,3.422470808029175,3.6185643672943115,0.6223208904266357,0.7718949913978577,0.7279924750328064,0.9795941114425659,1.2767342329025269,1.4040006399154663,1.7857043743133545,1.930780053138733,2.2927229404449463,2.5158185958862305,2.7538599967956543,3.070924997329712,3.1769323348999023,3.5009942054748535,3.7224161624908447
A3,0.6546670198440552,0.3766014277935028,0.0,0.3743782937526703,0.6300345659255981,0.8954358696937561,1.234450340270996,1.463640570640564,1.8043396472930908,2.070071220397949,2.3343467712402344,2.6424126625061035,2.796977996826172,3.1000096797943115,3.329694986343384,1.0933600664138794,0.7460504770278931,0.7247809171676636,0.40908822417259216,0.6316152811050415,0.7489927411079407,1.039119005203247,1.3236829042434692,1.5708270072937012,1.8989452123641968,2.0718390941619873,2.410402774810791,2.596461057662964,2.846890687942505,3.1275761127471924,1.3711620569229126,1.1871421337127686,1.1477501392364502,0.921609103679657,1.1501699686050415,1.041762113571167,1.3593380451202393,1.465051531791687,1.7305383682250977,1.9893348217010498,2.08968186378479,2.456179141998291,2.5274720191955566,2.801680564880371,3.0729148387908936,1.291351556777954,1.286834955215454,1.1519173383712769,1.103561520576477,1.340795874595642,1.2533038854599,1.614527940750122,1.6467008590698242,1.9938937425613403,2.1699788570404053,2.3549482822418213,2.6871023178100586,2.723390817642212,3.058293342590332,3.2483417987823486,0.9209667444229126,0.9352797865867615,0.7435863018035889,0.9150007963180542,1.1345851421356201,1.1807310581207275,1.5563936233520508,1.645306944847107,2.018063545227051,2.2091782093048096,2.4521210193634033,2.76033878326416,2.8475282192230225,3.182917833328247,3.3883299827575684
A4,0.931134819984436,0.5770187377929688,0.3743782937526703,0.0,0.378445565700531,0.6060904264450073,0.9524518251419067,1.2112703323364258,1.5275486707687378,1.8231532573699951,2.053140640258789,2.37896728515625,2.535781145095825,2.8224401473999023,3.072054147720337,1.318855881690979,1.026169776916504,0.9380117058753967,0.6153884530067444,0.7733796834945679,0.7014153599739075,0.9975053071975708,1.1979687213897705,1.4456465244293213,1.74880850315094,1.8897919654846191,2.2465596199035645,2.3901941776275635,2.6537744998931885,2.9230282306671143,1.4169270992279053,1.2755773067474365,1.154075026512146,0.9914669394493103,1.190822958946228,1.040992259979248,1.3764904737472534,1.4084925651550293,1.715810775756836,1.9207048416137695,2.0517947673797607,2.4042282104492188,2.441643714904785,2.7489235401153564,2.9863059520721436,1.1841868162155151,1.1550997495651245,0.9396843910217285,0.9594988226890564,1.1568074226379395,1.1032593250274658,1.4656294584274292,1.4968159198760986,1.8693901300430298,2.031728982925415,2.265561580657959,2.575925827026367,2.6347291469573975,2.9786362648010254,3.159038782119751,0.8756879568099976,0.759256899356842,0.45441654324531555,0.6154284477233887,0.7855082154273987,0.88691246509552,1.2523738145828247,1.3874467611312866,1.7561476230621338,1.971043586730957,2.2323262691497803,2.534085512161255,2.6615424156188965,2.9824464321136475,3.203174352645874
A5,1.2603111267089844,0.8995383977890015,0.6300345659255981,0.378445565700531,0.0,0.37441837787628174,0.6289677023887634,0.9231932163238525,1.2172950506210327,1.5199596881866455,1.7686240673065186,2.0749619007110596,2.263930320739746,2.5386664867401123,2.796088933944702,1.6416850090026855,1.3189210891723633,1.163804531097412,0.8057992458343506,0.7813158631324768,0.5677768588066101,0.7430974841117859,0.9117931723594666,1.1062160730361938,1.4174226522445679,1.5295366048812866,1.8896621465682983,2.0394446849823,2.2886667251586914,2.568708658218384,1.7586774826049805,1.584389328956604,1.4061826467514038,1.2031053304672241,1.3009533882141113,1.0499452352523804,1.3139840364456177,1.250694751739502,1.5299339294433594,1.6851199865341187,1.7871273756027222,2.1319892406463623,2.1309375762939453,2.442685127258301,2.66585636138916,1.518946886062622,1.4603149890899658,1.1820684671401978,1.1806986331939697,1.2741611003875732,1.1442198753356934,1.4490619897842407,1.3893109560012817,1.7593523263931274,1.8562209606170654,2.1008338928222656,2.3854904174804688,2.412875175476074,2.772874116897583,2.919189453125,1.1988195180892944,1.0671685934066772,0.7078859806060791,0.816065788269043,0.8078798651695251,0.8578773736953735,1.158363699913025,1.2329366207122803,1.610913872718811,1.7755496501922607,2.0726804733276367,2.3400750160217285,2.4678099155426025,2.79888653755188,2.9938979148864746
A6,1.5131911039352417,1.1789087057113647,0.8954358696937561,0.6060904264450073,0.37441837787628174,0.0,0.3915848135948181,0.6087362170219421,0.9303187727928162,1.2194463014602661,1.4502171277999878,1.7741186618804932,1.9325658082962036,2.2193663120269775,2.4683690071105957,1.7511944770812988,1.4688899517059326,1.240325689315796,0.9339739084243774,0.8715822696685791,0.544974148273468,0.7190873026847839,0.7322245240211487,0.9825235605239868,1.2223796844482422,1.3572750091552734,1.7149945497512817,1.82011079788208,2.109145402908325,2.353549003601074,1.7748011350631714,1.589490532875061,1.3350476026535034,1.166216492652893,1.1891369819641113,0.9173204898834229,1.1615488529205322,1.042251467704773,1.360915184020996,1.4724763631820679,1.6334389448165894,1.9535471200942993,1.956087350845337,2.2959022521972656,2.491860866546631,1.56892991065979,1.426640510559082,1.088666319847107,1.0530718564987183,1.0398614406585693,0.8881438374519348,1.1470507383346558,1.073679804801941,1.4492590427398682,1.5431956052780151,1.8194472789764404,2.089395761489868,2.1500437259674072,2.5044679641723633,2.6595540046691895,1.4135370254516602,1.1855649948120117,0.8213265538215637,0.7604968547821045,0.6053894758224487,0.5462559461593628,0.8016469478607178,0.8607898354530334,1.2370017766952515,1.4119871854782104,1.7079955339431763,1.9789787530899048,2.1228432655334473,2.443521022796631,2.6525206565856934
A7,1.8690333366394043,1.5161651372909546,1.234450340270996,0.9524518251419067,0.6289677023887634,0.3915848135948181,0.0,0.3736412525177002,0.591225802898407,0.9188501834869385,1.1486977338790894,1.4539430141448975,1.6591190099716187,1.9167345762252808,2.1871769428253174,2.1373767852783203,1.8428523540496826,1.6031111478805542,1.2891840934753418,1.1523253917694092,0.7914515137672424,0.7750381827354431,0.6530836820602417,0.7712660431861877,0.966795802116394,1.0252257585525513,1.3921891450881958,1.4733086824417114,1.7501810789108276,2.000394821166992,2.1566455364227295,1.9724987745285034,1.699858546257019,1.5289331674575806,1.4959583282470703,1.1828745603561401,1.3336424827575684,1.107818841934204,1.3697458505630493,1.384859323501587,1.5139844417572021,1.8002028465270996,1.7368217706680298,2.088409900665283,2.2459678649902344,1.906657099723816,1.7695121765136719,1.4142646789550781,1.398647665977478,1.318403959274292,1.1459531784057617,1.309689998626709,1.1468311548233032,1.4877574443817139,1.4886852502822876,1.784386157989502,2.001657009124756,2.0330216884613037,2.3994626998901367,2.5070478916168213,1.724801778793335,1.4990359544754028,1.1292264461517334,1.0808802843093872,0.8257558345794678,0.764915943145752,0.8470765948295593,0.83592689037323,1.173237681388855,1.2793550491333008,1.618705153465271,1.8311326503753662,1.9929953813552856,2.3101251125335693,2.4919095039367676
A8,2.096557140350342,1.7766128778457642,1.463640570640564,1.2112703323364258,0.9231932163238525,0.6087362170219421,0.3736412525177002,0.0,0.3881671130657196,0.6133334636688232,0.8793662786483765,1.1804393529891968,1.3459558486938477,1.639795184135437,1.8775776624679565,2.2500863075256348,1.976121425628662,1.6832739114761353,1.4193612337112427,1.2359673976898193,0.8648554086685181,0.8034276962280273,0.5200886130332947,0.6726002097129822,0.7395346164703369,0.8678632974624634,1.2002573013305664,1.2532639503479004,1.5766911506652832,1.7828240394592285,2.2551357746124268,2.0390682220458984,1.7244927883148193,1.555832028388977,1.4362214803695679,1.1139318943023682,1.1805779933929443,0.8913106918334961,1.1413801908493042,1.0970966815948486,1.2775408029556274,1.5293288230895996,1.4832773208618164,1.8518861532211304,1.9912976026535034,2.099478244781494,1.899336338043213,1.5304237604141235,1.448310136795044,1.2754765748977661,1.049717903137207,1.103287935256958,0.8724762797355652,1.1736289262771606,1.1341748237609863,1.442686915397644,1.6402093172073364,1.6868010759353638,2.047508716583252,2.16054630279541,2.012341260910034,1.7560266256332397,1.3990398645401,1.2682567834854126,0.9781167507171631,0.780497670173645,0.7379058003425598,0.5743159651756287,0.8827611804008484,0.9288144111633301,1.2709273099899292,1.4739434719085693,1.6217303276062012,1.9447455406188965,2.121452808380127
A9,2.439347267150879,2.0981602668762207,1.8043396472930908,1.5275486707687378,1.2172950506210327,0.9303187727928162,0.591225802898407,0.3881671130657196,0.0,0.3756544589996338,0.569207489490509,0.8642824292182922,1.0878971815109253,1.3293120861053467,1.6067447662353516,2.6261024475097656,2.353299140930176,2.0686161518096924,1.7958641052246094,1.6105419397354126,1.2392711639404297,1.1249613761901855,0.8173481225967407,0.8031597137451172,0.7426774501800537,0.7180814743041992,1.0271363258361816,0.9883719682693481,1.3079992532730103,1.4959272146224976,2.594736099243164,2.4011430740356445,2.0803675651550293,1.9343470335006714,1.8112794160842896,1.4945306777954102,1.5291095972061157,1.2048345804214478,1.393601894378662,1.2522331476211548,1.3995856046676636,1.5824651718139648,1.456593632698059,1.8310788869857788,1.9027773141860962,2.372748613357544,2.1845431327819824,1.808545470237732,1.7690199613571167,1.5728323459625244,1.3838189840316772,1.3850288391113281,1.1403270959854126,1.3779520988464355,1.2572461366653442,1.5782980918884277,1.6968573331832886,1.730450987815857,2.0835862159729004,2.1434879302978516,2.280627727508545,2.0153613090515137,1.6617907285690308,1.5399640798568726,1.203804850578308,1.062437653541565,0.9068326950073242,0.7585548758506775,0.9334335327148438,0.9093000292778015,1.2730485200881958,1.3905284404754639,1.5815544128417969,1.872016191482544,2.0276267528533936
A10,2.706631898880005,2.388218879699707,2.070071220397949,1.8231532573699951,1.5199596881866455,1.2194463014602661,0.9188501834869385,0.6133334636688232,0.3756544589996338,0.0,0.3708890974521637,0.5812397003173828,0.7791359424591064,1.0615276098251343,1.2921913862228394,2.822628974914551,2.55830717086792,2.2420525550842285,2.002976894378662,1.779407024383545,1.4240827560424805,1.2674897909164429,0.9060214161872864,0.858839750289917,0.6316154599189758,0.6440383195877075,0.8413695096969604,0.748748779296875,1.114224910736084,1.2396742105484009,2.8041062355041504,2.5823707580566406,2.2427077293395996,2.0891928672790527,1.903260350227356,1.5894120931625366,1.5373315811157227,1.1795226335525513,1.2962876558303833,1.0685726404190063,1.228324055671692,1.3371293544769287,1.2051167488098145,1.5827406644821167,1.6164666414260864,2.658902168273926,2.4344329833984375,2.0586392879486084,1.9700566530227661,1.723612904548645,1.4981739521026611,1.402984380722046,1.1047840118408203,1.2423347234725952,1.0346072912216187,1.3369652032852173,1.394828200340271,1.4183510541915894,1.7591354846954346,1.7974669933319092,2.6081464290618896,2.3357737064361572,1.9857525825500488,1.8320201635360718,1.4983539581298828,1.2903883457183838,1.0823533535003662,0.8263674974441528,0.8866318464279175,0.7140480279922485,1.0581966638565063,1.106844425201416,1.2669458389282227,1.5606234073638916,1.6819566488265991
A11,2.956754446029663,2.628589153289795,2.3343467712402344,2.053140640258789,1.7686240673065186,1.4502171277999878,1.1486977338790894,0.8793662786483765,0.569207489490509,0.3708890974521637,0.0,0.3711998462677002,0.542972207069397,0.7711083292961121,1.0551353693008423,3.0640549659729004,2.823646306991577,2.513468027114868,2.282320737838745,2.093059539794922,1.7301380634307861,1.6122463941574097,1.2569619417190552,1.2201080322265625,0.9889998435974121,0.9301224946975708,1.065911054611206,0.8474694490432739,1.190622329711914,1.2357935905456543,2.9705235958099365,2.781860113143921,2.431788921356201,2.325127124786377,2.1508805751800537,1.8665986061096191,1.837546706199646,1.4944353103637695,1.6290192604064941,1.386277198791504,1.5631284713745117,1.6230969429016113,1.4729419946670532,1.8375548124313354,1.8084707260131836,2.776965618133545,2.547633647918701,2.1713061332702637,2.11849045753479,1.8476301431655884,1.679373025894165,1.5570967197418213,1.306954264640808,1.4139704704284668,1.21129310131073,1.5294960737228394,1.5284956693649292,1.598073124885559,1.898611307144165,1.922190546989441,2.778691530227661,2.478062629699707,2.1472203731536865,1.968938946723938,1.604882836341858,1.4290257692337036,1.1418365240097046,0.9470328092575073,0.8795803785324097,0.7169521450996399,1.023640513420105,1.0038881301879883,1.2458868026733398,1.4663140773773193,1.6076968908309937
A12,3.2765164375305176,2.950106143951416,2.6424126625061035,2.37896728515625,2.0749619007110596,1.7741186618804932,1.4539430141448975,1.1804393529891968,0.8642824292182922,0.5812397003173828,0.3711998462677002,0.0,0.3644210696220398,0.5079463720321655,0.7770088911056519,3.3817601203918457,3.1307120323181152,2.8104021549224854,2.580603837966919,2.3585457801818848,2.005079984664917,1.8358476161956787,1.4731203317642212,1.3660306930541992,1.0654793977737427,0.9556352496147156,0.9564385414123535,0.6499841809272766,0.9588691592216492,0.919004499912262,3.31689190864563,3.111431837081909,2.7591588497161865,2.6343846321105957,2.432516574859619,2.1383416652679443,2.0559186935424805,1.6952885389328003,1.7553585767745972,1.4541186094284058,1.5817046165466309,1.5608407258987427,1.3631502389907837,1.6943132877349854,1.5969089269638062,3.1440131664276123,2.9121880531311035,2.5359466075897217,2.4677162170410156,2.1880643367767334,1.9967373609542847,1.8404958248138428,1.5592070817947388,1.5983211994171143,1.3268717527389526,1.590096354484558,1.5098401308059692,1.5321097373962402,1.8037049770355225,1.7611744403839111,3.126847505569458,2.836770534515381,2.4986367225646973,2.3310842514038086,1.970980167388916,1.78584885597229,1.503283977508545,1.2767391204833984,1.1746282577514648,0.9250001907348633,1.1640254259109497,1.0263956785202026,1.2195711135864258,1.4063642024993896,1.46963369846344
A13,3.4122941493988037,3.1063036918640137,2.796977996826172,2.535781145095825,2.263930320739746,1.9325658082962036,1.6591190099716187,1.3459558486938477,1.0878971815109253,0.7791359424591064,0.542972207069397,0.3644210696220398,0.0,0.3798452913761139,0.5366024374961853,3.4400806427001953,3.220432996749878,2.885126829147339,2.693979501724243,2.485074043273926,2.1428301334381104,2.0095438957214355,1.6358726024627686,1.5920919179916382,1.2777494192123413,1.2492612600326538,1.2303855419158936,0.9436801075935364,1.2489887475967407,1.1334712505340576,3.336155414581299,3.1313769817352295,2.7660927772521973,2.670200824737549,2.4430832862854004,2.185032606124878,2.0846011638641357,1.7444549798965454,1.8076179027557373,1.5019322633743286,1.6842377185821533,1.6276227235794067,1.489556074142456,1.8083045482635498,1.6964757442474365,3.214426040649414,2.9486279487609863,2.5806539058685303,2.4893362522125244,2.1730129718780518,1.9954625368118286,1.7787187099456787,1.5224699974060059,1.4913091659545898,1.2208176851272583,1.4722142219543457,1.3432914018630981,1.4303642511367798,1.650463342666626,1.6340183019638062,3.2746288776397705,2.960787296295166,2.6401731967926025,2.428659439086914,2.0702500343322754,1.8503540754318237,1.5301427841186523,1.2882404327392578,1.0860815048217773,0.7995461821556091,0.9363512992858887,0.7210986018180847,0.9395996928215027,1.0707799196243286,1.1558237075805664
A14,3.720372200012207,3.3978335857391357,3.1000096797943115,2.8224401473999023,2.5386664867401123,2.2193663120269775,1.9167345762252808,1.639795184135437,1.3293120861053467,1.0615276098251343,0.7711083292961121,0.5079463720321655,0.3798452913761139,0.0,0.3734036982059479,3.78322696685791,3.5591013431549072,3.2327933311462402,3.0256035327911377,2.820147752761841,2.468571186065674,2.3229174613952637,1.954232931137085,1.868033528327942,1.553656816482544,1.4495962858200073,1.389518141746521,1.0464485883712769,1.2649537324905396,1.081775426864624,3.659529447555542,3.4720613956451416,3.1083621978759766,3.021278142929077,2.8082284927368164,2.545743465423584,2.4554526805877686,2.1094741821289062,2.163776159286499,1.8461459875106812,1.9920437335968018,1.9079822301864624,1.7228718996047974,2.011436939239502,1.842914342880249,3.4857516288757324,3.235948085784912,2.8672802448272705,2.807128429412842,2.497159004211426,2.342261791229248,2.1382861137390137,1.8937430381774902,1.8685640096664429,1.597238302230835,1.833518624305725,1.6717106103897095,1.7362781763076782,1.925524115562439,1.857329249382019,3.5337626934051514,3.2191104888916016,2.9012415409088135,2.7032461166381836,2.3321824073791504,2.150242567062378,1.8186097145080566,1.6181235313415527,1.4103004932403564,1.1601585149765015,1.2759379148483276,1.022104263305664,1.2396681308746338,1.2859286069869995,1.3252313137054443
A15,3.9457149505615234,3.6421165466308594,3.329694986343384,3.072054147720337,2.796088933944702,2.4683690071105957,2.1871769428253174,1.8775776624679565,1.6067447662353516,1.2921913862228394,1.0551353693008423,0.7770088911056519,0.5366024374961853,0.3734036982059479,0.0,3.952927589416504,3.7398672103881836,3.397245407104492,3.2172844409942627,2.9970524311065674,2.6627869606018066,2.5101377964019775,2.1359784603118896,2.059589147567749,1.716200351715088,1.657669186592102,1.53956139087677,1.2183218002319336,1.41510808467865,1.164104700088501,3.839745283126831,3.6340315341949463,3.2646782398223877,3.17569637298584,2.929251194000244,2.6824731826782227,2.5484509468078613,2.2125914096832275,2.224973201751709,1.8885241746902466,2.036022901535034,1.8925288915634155,1.7378281354904175,1.9854159355163574,1.7833738327026367,3.729949951171875,3.4557676315307617,3.0927846431732178,2.9981565475463867,2.667299747467041,2.495807647705078,2.2453718185424805,1.9961981773376465,1.8984888792037964,1.6039392948150635,1.7809231281280518,1.5533478260040283,1.6204447746276855,1.7431615591049194,1.6521797180175781,3.8073692321777344,3.488959312438965,3.172602891921997,2.9559288024902344,2.594717025756836,2.3763339519500732,2.0432960987091064,1.8062834739685059,1.5633248090744019,1.2685896158218384,1.2926504611968994,0.9648945331573486,1.1049879789352417,1.0799845457077026,1.0466126203536987
B1,0.7756770849227905,1.0400923490524292,1.0933600664138794,1.318855881690979,1.6416850090026855,1.7511944770812988,2.1373767852783203,2.2500863075256348,2.6261024475097656,2.822628974914551,3.0640549659729004,3.3817601203918457,3.4400806427001953,3.78322696685791,3.952927589416504,0.0,0.39728623628616333,0.6411246657371521,0.923204779624939,1.2487257719039917,1.5079865455627441,1.8529877662658691,2.0929980278015137,2.425100803375244,2.6913278102874756,2.9480741024017334,3.254262685775757,3.4272310733795166,3.722813844680786,3.955664873123169,0.7105678915977478,0.5137249827384949,0.8175511956214905,0.7868322730064392,1.1083990335464478,1.3365899324417114,1.6339480876922607,1.9293532371520996,2.186027765274048,2.517479419708252,2.686978816986084,3.0273759365081787,3.206821918487549,3.455228567123413,3.749549388885498,1.2605334520339966,1.197553038597107,1.3241798877716064,1.1573251485824585,1.462850570678711,1.4886682033538818,1.8024649620056152,1.9987035989761353,2.249256134033203,2.5472066402435303,2.6532864570617676,3.017871379852295,3.124056100845337,3.381019353866577,3.6555333137512207,1.3338971138000488,1.3655815124511719,1.4372811317443848,1.4340753555297852,1.7534648180007935,1.7253139019012451,2.082394599914551,2.179818630218506,2.473705530166626,2.7054965496063232,2.8249454498291016,3.1825525760650635,3.22145676612854,3.519204616546631,3.758593797683716
B2,0.5680968165397644,0.7653664946556091,0.7460504770278931,1.026169776916504,1.3189210891723633,1.4688899517059326,1.8428523540496826,1.976121425628662,2.353299140930176,2.55830717086792,2.823646306991577,3.1307120323181152,3.220432996749878,3.5591013431549072,3.7398672103881836,0.39728623628616333,0.0,0.3767431080341339,0.5767754912376404,0.8965320587158203,1.1815003156661987,1.5062354803085327,1.7790447473526,2.088331699371338,2.377472162246704,2.6232478618621826,2.930605411529541,3.1234335899353027,3.401277542114258,3.6519525051116943,0.9665979146957397,0.712922215461731,0.8696601986885071,0.6831445693969727,0.986857533454895,1.114411473274231,1.41194486618042,1.6777583360671997,1.9212678670883179,2.2512834072113037,2.3883414268493652,2.7419071197509766,2.9010655879974365,3.145231246948242,3.4447710514068604,1.318960428237915,1.2658888101577759,1.2927323579788208,1.1251044273376465,1.411063313484192,1.3635362386703491,1.695886492729187,1.8271809816360474,2.103562116622925,2.3625497817993164,2.475834369659424,2.8394322395324707,2.9103314876556396,3.1923060417175293,3.440910816192627,1.2152044773101807,1.25998055934906,1.2449424266815186,1.2900298833847046,1.5822561979293823,1.5495434999465942,1.9218506813049316,1.9921468496322632,2.3201746940612793,2.524869441986084,2.6831862926483154,3.0259013175964355,3.0630288124084473,3.3837785720825195,3.6024632453918457
B3,0.8585566878318787,0.9052248597145081,0.7247809171676636,0.9380117058753967,1.163804531097412,1.240325689315796,1.6031111478805542,1.6832739114761353,2.0686161518096924,2.2420525550842285,2.513468027114868,2.8104021549224854,2.885126829147339,3.2327933311462402,3.397245407104492,0.6411246657371521,0.3767431080341339,0.0,0.3728953003883362,0.6291286945343018,0.898042619228363,1.228864073753357,1.4685475826263428,1.800323724746704,2.0628061294555664,2.331524610519409,2.6261374950408936,2.8124430179595947,3.1028170585632324,3.336794376373291,1.0578253269195557,0.7154762744903564,0.7045594453811646,0.3922498822212219,0.6307418942451477,0.7431126236915588,1.0395300388336182,1.3128858804702759,1.5650111436843872,1.8934398889541626,2.0519838333129883,2.3977701663970947,2.568025588989258,2.8191747665405273,3.111865520477295,1.4156545400619507,1.2683827877044678,1.2015326023101807,0.9553239941596985,1.16403329372406,1.046445369720459,1.3552460670471191,1.4661552906036377,1.7332031726837158,1.989796757698059,2.09916353225708,2.4628207683563232,2.5379884243011475,2.818647861480713,3.0702147483825684,1.3734683990478516,1.321757197380066,1.2177873849868774,1.1860321760177612,1.4095897674560547,1.2996864318847656,1.6508843898773193,1.6752279996871948,1.9973418712615967,2.181178331375122,2.3315389156341553,2.6706225872039795,2.694729804992676,3.019021987915039,3.2313528060913086
B4,0.8156017661094666,0.7035865783691406,0.40908822417259216,0.6153884530067444,0.8057992458343506,0.9339739084243774,1.2891840934753418,1.4193612337112427,1.7958641052246094,2.002976894378662,2.282320737838745,2.580603837966919,2.693979501724243,3.0256035327911377,3.2172844409942627,0.923204779624939,0.5767754912376404,0.3728953003883362,0.0,0.3779897093772888,0.6088447570800781,0.9454708695411682,1.2131882905960083,1.5192084312438965,1.812584400177002,2.048412561416626,2.3616814613342285,2.552069902420044,2.8273911476135254,3.0818898677825928,1.256467342376709,0.9733325839042664,0.8919164538383484,0.5831161141395569,0.7695237994194031,0.7000762224197388,1.017268419265747,1.1976704597473145,1.4626381397247314,1.7601255178451538,1.8925296068191528,2.252760410308838,2.3770430088043213,2.642781972885132,2.926396369934082,1.3976656198501587,1.2872310876846313,1.1439875364303589,0.9640446305274963,1.1569522619247437,1.0098576545715332,1.3453863859176636,1.392311930656433,1.7062633037567139,1.913949728012085,2.0622317790985107,2.41184663772583,2.461986780166626,2.775325059890747,2.9935708045959473,1.219635248184204,1.163879632949829,0.9789952039718628,1.0043450593948364,1.1942617893218994,1.1182273626327515,1.4826983213424683,1.5129618644714355,1.8694854974746704,2.0445163249969482,2.2463605403900146,2.5680296421051025,2.6174323558807373,2.9543721675872803,3.157588481903076
B5,1.1409119367599487,0.9915371537208557,0.6316152811050415,0.7733796834945679,0.7813158631324768,0.8715822696685791,1.1523253917694092,1.2359673976898193,1.6105419397354126,1.779407024383545,2.093059539794922,2.3585457801818848,2.485074043273926,2.820147752761841,2.9970524311065674,1.2487257719039917,0.8965320587158203,0.6291286945343018,0.3779897093772888,0.0,0.37345749139785767,0.6204633712768555,0.9200225472450256,1.2075965404510498,1.5035432577133179,1.7579317092895508,2.049034833908081,2.2668304443359375,2.529447555541992,2.787302255630493,1.6006101369857788,1.2859137058258057,1.1422134637832642,0.7915205955505371,0.8000964522361755,0.5794320106506348,0.7865046262741089,0.9206273555755615,1.1365638971328735,1.4362046718597412,1.534913182258606,1.9001338481903076,2.025076150894165,2.27734637260437,2.570193290710449,1.7363641262054443,1.5990543365478516,1.3956294059753418,1.1893584728240967,1.2800676822662354,1.0312947034835815,1.296973466873169,1.2442389726638794,1.5367149114608765,1.6898045539855957,1.8149616718292236,2.1568117141723633,2.1659185886383057,2.489370346069336,2.6859657764434814,1.5271776914596558,1.4551515579223633,1.2002065181732178,1.2092145681381226,1.2952287197113037,1.1507703065872192,1.4656275510787964,1.4086034297943115,1.7690633535385132,1.8800151348114014,2.0962233543395996,2.3903377056121826,2.410214424133301,2.765554666519165,2.935082197189331
B6,1.361255168914795,1.119483470916748,0.7489927411079407,0.7014153599739075,0.5677768588066101,0.544974148273468,0.7914515137672424,0.8648554086685181,1.2392711639404297,1.4240827560424805,1.7301380634307861,2.005079984664917,2.1428301334381104,2.468571186065674,2.6627869606018066,1.5079865455627441,1.1815003156661987,0.898042619228363,0.6088447570800781,0.37345749139785767,0.0,0.3859647214412689,0.6073778867721558,0.921635091304779,1.206504225730896,1.4435197114944458,1.7560088634490967,1.9439924955368042,2.221097707748413,2.4731619358062744,1.7233190536499023,1.4407845735549927,1.2189522981643677,0.9226766228675842,0.8812174797058105,0.5591627955436707,0.7617931962013245,0.7467987537384033,1.0196884870529175,1.246864914894104,1.3744806051254272,1.7316681146621704,1.8127861022949219,2.1052134037017822,2.3645758628845215,1.7427095174789429,1.581653118133545,1.3054777383804321,1.1324468851089478,1.1468560695648193,0.8774899840354919,1.1225566864013672,1.017619252204895,1.347449779510498,1.4628655910491943,1.645796537399292,1.9634774923324585,1.9830100536346436,2.327211856842041,2.5046451091766357,1.559848666191101,1.4163938760757446,1.0990673303604126,1.0657917261123657,1.0481934547424316,0.8793009519577026,1.1571427583694458,1.0871018171310425,1.4597961902618408,1.567374348640442,1.8175901174545288,2.0987749099731445,2.15203857421875,2.5050249099731445,2.6801631450653076
B7,1.6623308658599854,1.409040093421936,1.039119005203247,0.9975053071975708,0.7430974841117859,0.7190873026847839,0.7750381827354431,0.8034276962280273,1.1249613761901855,1.2674897909164429,1.6122463941574097,1.8358476161956787,2.0095438957214355,2.3229174613952637,2.5101377964019775,1.8529877662658691,1.5062354803085327,1.228864073753357,0.9454708695411682,0.6204633712768555,0.3859647214412689,0.0,0.37523153424263,0.5894026756286621,0.9099795818328857,1.14528226852417,1.4366313219070435,1.6677775382995605,1.9141072034835815,2.1842145919799805,2.107459306716919,1.815028190612793,1.5893256664276123,1.280868411064148,1.1755907535552979,0.8158947825431824,0.8469265699386597,0.7034676671028137,0.8570600748062134,1.0317683219909668,1.0789364576339722,1.4416420459747314,1.4893577098846436,1.768594741821289,2.033796548843384,2.10630202293396,1.9547063112258911,1.6608355045318604,1.4985853433609009,1.4644980430603027,1.1601990461349487,1.3176528215408325,1.1062718629837036,1.3873015642166138,1.4048694372177124,1.5639928579330444,1.8487539291381836,1.8034958839416504,2.164198637008667,2.2955706119537354,1.8647205829620361,1.7399195432662964,1.3981152772903442,1.3902946710586548,1.3053632974624634,1.1278492212295532,1.32173752784729,1.1715501546859741,1.5235180854797363,1.5444351434707642,1.8195922374725342,2.0485174655914307,2.076327323913574,2.4441986083984375,2.57281494140625
B8,1.9587812423706055,1.6862328052520752,1.3236829042434692,1.1979687213897705,0.9117931723594666,0.7322245240211487,0.6530836820602417,0.5200886130332947,0.8173481225967407,0.9060214161872864,1.2569619417190552,1.4731203317642212,1.6358726024627686,1.954232931137085,2.1359784603118896,2.0929980278015137,1.7790447473526,1.4685475826263428,1.2131882905960083,0.9200225472450256,0.6073778867721558,0.37523153424263,0.0,0.3835708200931549,0.6016333699226379,0.8711835145950317,1.1622079610824585,1.351192831993103,1.634900689125061,1.8746323585510254,2.255514144897461,1.9724700450897217,1.6919056177139282,1.4279744625091553,1.2633192539215088,0.8933902382850647,0.8610879182815552,0.5715986490249634,0.7400608062744141,0.7938101887702942,0.9043959975242615,1.2308568954467773,1.251092791557312,1.576728105545044,1.7989473342895508,2.2320775985717773,2.039001226425171,1.7063789367675781,1.5445265769958496,1.4210712909698486,1.104164958000183,1.170135736465454,0.8900830745697021,1.1510341167449951,1.1080235242843628,1.3100931644439697,1.5600968599319458,1.5300867557525635,1.9005193710327148,2.0201075077056885,2.070664644241333,1.8845736980438232,1.5285611152648926,1.4516150951385498,1.2730962038040161,1.0425689220428467,1.1275054216384888,0.9065002799034119,1.2242701053619385,1.1994045972824097,1.4901436567306519,1.6946269273757935,1.735336184501648,2.099930763244629,2.226797103881836
B9,2.2157788276672363,1.9223464727401733,1.5708270072937012,1.4456465244293213,1.1062160730361938,0.9825235605239868,0.7712660431861877,0.6726002097129822,0.8031597137451172,0.858839750289917,1.2201080322265625,1.3660306930541992,1.5920919179916382,1.868033528327942,2.059589147567749,2.425100803375244,2.088331699371338,1.800323724746704,1.5192084312438965,1.2075965404510498,0.921635091304779,0.5894026756286621,0.3835708200931549,0.0,0.37444859743118286,0.5633717179298401,0.8517900109291077,1.0944492816925049,1.325051188468933,1.6034060716629028,2.612334728240967,2.3361902236938477,2.066592216491699,1.7957111597061157,1.638431191444397,1.2665256261825562,1.1945401430130005,0.8831263184547424,0.9148295521736145,0.857199490070343,0.8325269818305969,1.1234129667282104,1.0444265604019165,1.3601174354553223,1.5647971630096436,2.535151243209839,2.3704967498779297,2.0319056510925293,1.9029827117919922,1.7823898792266846,1.4781808853149414,1.5221822261810303,1.2121570110321045,1.423222303390503,1.2897955179214478,1.469765067100525,1.6557313203811646,1.5559813976287842,1.934327483177185,1.9839357137680054,2.303614616394043,2.1412882804870605,1.7723020315170288,1.7395459413528442,1.5358260869979858,1.3516403436660767,1.3911373615264893,1.1653972864151,1.4390684366226196,1.3464183807373047,1.6589053869247437,1.792341709136963,1.8280209302902222,2.188246726989746,2.2660770416259766
B10,2.5435168743133545,2.2529048919677734,1.8989452123641968,1.74880850315094,1.4174226522445679,1.2223796844482422,0.966795802116394,0.7395346164703369,0.7426774501800537,0.6316154599189758,0.9889998435974121,1.0654793977737427,1.2777494192123413,1.553656816482544,1.716200351715088,2.6913278102874756,2.377472162246704,2.0628061294555664,1.812584400177002,1.5035432577133179,1.206504225730896,0.9099795818328857,0.6016333699226379,0.37444859743118286,0.0,0.36781740188598633,0.5722184181213379,0.7823536396026611,1.05568528175354,1.2871559858322144,2.8326423168182373,2.553847312927246,2.2526695728302,2.0068111419677734,1.8009668588638306,1.4419888257980347,1.3089321851730347,0.9468172788619995,0.9217414855957031,0.7138894200325012,0.7122775912284851,0.9037402868270874,0.7742961049079895,1.1331751346588135,1.281040072441101,2.771878242492676,2.5725579261779785,2.218043804168701,2.076592206954956,1.8930591344833374,1.5851285457611084,1.5389190912246704,1.1889872550964355,1.3204357624053955,1.1004736423492432,1.2790521383285522,1.3959146738052368,1.2832432985305786,1.6588480472564697,1.6764695644378662,2.6056969165802,2.4070374965667725,2.0391902923583984,1.95652174949646,1.70473313331604,1.4822720289230347,1.42604398727417,1.1401737928390503,1.3247209787368774,1.1445335149765015,1.443044662475586,1.5149505138397217,1.5362181663513184,1.8873921632766724,1.935992956161499
B11,2.725440263748169,2.403355360031128,2.0718390941619873,1.8897919654846191,1.5295366048812866,1.3572750091552734,1.0252257585525513,0.8678632974624634,0.7180814743041992,0.6440383195877075,0.9301224946975708,0.9556352496147156,1.2492612600326538,1.4495962858200073,1.657669186592102,2.9480741024017334,2.6232478618621826,2.331524610519409,2.048412561416626,1.7579317092895508,1.4435197114944458,1.14528226852417,0.8711835145950317,0.5633717179298401,0.36781740188598633,0.0,0.37208932638168335,0.5580780506134033,0.7801938652992249,1.0657715797424316,3.066296100616455,2.813812732696533,2.516310691833496,2.2841804027557373,2.1115920543670654,1.7492648363113403,1.6557557582855225,1.2972080707550049,1.2875767946243286,1.0670557022094727,1.0187444686889648,1.1462814807891846,0.9092560410499573,1.2396842241287231,1.3149545192718506,2.9187374114990234,2.748418092727661,2.3856654167175293,2.2939417362213135,2.1206037998199463,1.8468631505966187,1.820305347442627,1.4864853620529175,1.6323200464248657,1.3970750570297241,1.5965754985809326,1.6637027263641357,1.5422430038452148,1.9038962125778198,1.8669037818908691,2.710444688796997,2.5166094303131104,2.1433937549591064,2.090224266052246,1.8120759725570679,1.6477652788162231,1.563736081123352,1.3250458240509033,1.485979676246643,1.3082139492034912,1.629506230354309,1.6515376567840576,1.7181129455566406,2.0372142791748047,2.0700738430023193
B12,3.0605578422546387,2.750899314880371,2.410402774810791,2.2465596199035645,1.8896621465682983,1.7149945497512817,1.3921891450881958,1.2002573013305664,1.0271363258361816,0.8413695096969604,1.065911054611206,0.9564385414123535,1.2303855419158936,1.389518141746521,1.53956139087677,3.254262685775757,2.930605411529541,2.6261374950408936,2.3616814613342285,2.049034833908081,1.7560088634490967,1.4366313219070435,1.1622079610824585,0.8517900109291077,0.5722184181213379,0.37208932638168335,0.0,0.3666771650314331,0.5043687224388123,0.7742930054664612,3.3891870975494385,3.120612144470215,2.816469430923462,2.5773987770080566,2.370906114578247,2.013775587081909,1.8622511625289917,1.4982634782791138,1.4063055515289307,1.1206356287002563,1.0099468231201172,1.0166124105453491,0.6986122131347656,0.9866745471954346,0.9917249083518982,3.2756357192993164,3.0908925533294678,2.7269489765167236,2.6151351928710938,2.4182801246643066,2.129185199737549,2.0533406734466553,1.6978555917739868,1.7705070972442627,1.476891279220581,1.6189888715744019,1.6144013404846191,1.4363888502120972,1.768579363822937,1.664940357208252,3.0770516395568848,2.8834455013275146,2.5106253623962402,2.4466910362243652,2.1634790897369385,1.9765846729278564,1.8628826141357422,1.5896837711334229,1.69094979763031,1.444995641708374,1.7221251726150513,1.6720514297485352,1.6905568838119507,1.9894890785217285,1.956847906112671
B13,3.2501847743988037,2.925919532775879,2.596461057662964,2.3901941776275635,2.0394446849823,1.82011079788208,1.4733086824417114,1.2532639503479004,0.9883719682693481,0.748748779296875,0.8474694490432739,0.6499841809272766,0.9436801075935364,1.0464485883712769,1.2183218002319336,3.4272310733795166,3.1234335899353027,2.8124430179595947,2.552069902420044,2.2668304443359375,1.9439924955368042,1.6677775382995605,1.351192831993103,1.0944492816925049,0.7823536396026611,0.5580780506134033,0.3666771650314331,0.0,0.3787176311016083,0.5357918739318848,3.4919040203094482,3.245755672454834,2.9214797019958496,2.7200846672058105,2.5133345127105713,2.1707494258880615,2.038822889328003,1.663758397102356,1.6169953346252441,1.3023922443389893,1.271399974822998,1.2342941761016846,0.9303559064865112,1.220311164855957,1.132220983505249,3.341892719268799,3.144561290740967,2.7707560062408447,2.6803646087646484,2.452087640762329,2.1949117183685303,2.087584972381592,1.7470959424972534,1.8016515970230103,1.4933009147644043,1.673619031906128,1.6163828372955322,1.4899518489837646,1.7961387634277344,1.680557370185852,3.194765329360962,2.9673843383789062,2.600980043411255,2.5064711570739746,2.1865787506103516,2.0067429542541504,1.8270066976547241,1.5668684244155884,1.5961863994598389,1.333186388015747,1.5992577075958252,1.494550108909607,1.5611897706985474,1.8147897720336914,1.7864161729812622
