,A1,A2,A3,A4,A5,A6,A7,A8,A9,A10,A11,A12,A13,A14,A15,B1,B2,B3,B4,B5,B6,B7,B8,B9,B10,B11,B12,B13,B14,B15,C1,C2,C3,C4,C5,C6,C7,C8,C9,C10,C11,C12,C13,C14,C15,D1,D2,D3,D4,D5,D6,D7,D8,D9,D10,D11,D12,D13,D14,D15,E1,E2,E3,E4,E5,E6,E7,E8,E9,E10,E11,E12,E13,E14,E15
A1,0.0,0.40708261728286743,0.6793123483657837,0.9251999855041504,1.2627638578414917,1.4802190065383911,1.8401427268981934,2.033933401107788,2.362607479095459,2.62803316116333,2.8598194122314453,3.1669418811798096,3.038792610168457,3.345923662185669,3.3973867893218994,0.9790890216827393,0.7081813216209412,0.905524730682373,0.7705734968185425,0.981779158115387,1.2438530921936035,1.482337236404419,1.8105545043945312,2.016134738922119,2.3647756576538086,2.5876851081848145,2.9461309909820557,2.927248239517212,3.258751630783081,3.3909151554107666,1.5757039785385132,1.3963159322738647,1.462214469909668,1.1759190559387207,1.35101318359375,1.3455100059509277,1.5306116342544556,1.7689887285232544,1.866953730583191,2.248342752456665,2.3443856239318848,2.726595878601074,2.754636287689209,3.02970814704895,3.2367300987243652,1.5974632501602173,1.6349769830703735,1.636005163192749,1.4784163236618042,1.7355033159255981,1.6289666891098022,1.907569169998169,1.994375467300415,2.164898157119751,2.4683353900909424,2.510686159133911,2.830686569213867,2.7605745792388916,2.972146987915039,3.1396658420562744,1.020920753479004,1.2473318576812744,1.294188380241394,1.3710674047470093,1.7062016725540161,1.7128859758377075,2.0773258209228516,2.16738224029541,2.459368944168091,2.7051877975463867,2.8552310466766357,3.1244325637817383,2.961804151535034,3.1871204376220703,3.251676321029663
A2,0.40708261728286743,0.0,0.36476635932922363,0.5694797039031982,0.8830584287643433,1.1453365087509155,1.484724521636963,1.7139917612075806,2.0306007862091064,2.3082637786865234,2.555891275405884,2.8756155967712402,2.77410888671875,3.098034620285034,3.165695905685425,1.213409185409546,0.9050132036209106,0.9598578214645386,0.6746312379837036,0.8131021857261658,0.9820570349693298,1.18519926071167,1.5097293853759766,1.6758826971054077,2.043419361114502,2.239604949951172,2.6097829341888428,2.614497423171997,2.937812328338623,3.0984556674957275,1.618114948272705,1.4549371004104614,1.4424773454666138,1.1582356691360474,1.3250994682312012,1.2203567028045654,1.4181712865829468,1.5822110176086426,1.687831997871399,2.0461056232452393,2.111605644226074,2.478299856185913,2.4821617603302,2.7360877990722656,2.9404022693634033,1.440407156944275,1.4957373142242432,1.4404067993164062,1.3402729034423828,1.6009963750839233,1.4805939197540283,1.7898856401443481,1.8354696035385132,2.056703805923462,2.3218295574188232,2.386636257171631,2.6803207397460938,2.5642592906951904,2.7775721549987793,2.905780076980591,0.7347213625907898,0.9439704418182373,0.9407599568367004,1.0835803747177124,1.4100662469863892,1.4546054601669312,1.8297016620635986,1.9296842813491821,2.2528786659240723,2.4846932888031006,2.674907922744751,2.9396419525146484,2.7662224769592285,3.017160654067993,3.057990550994873
A3,0.6793123483657837,0.36476635932922363,0.0,0.37241414189338684,0.6277698874473572,0.861370861530304,1.202699065208435,1.3977428674697876,1.7359910011291504,1.9854353666305542,2.2444815635681152,2.548272132873535,2.433121919631958,2.7597057819366455,2.815138816833496,1.2751432657241821,0.9217060804367065,0.830727219581604,0.4716792404651642,0.491371214389801,0.6250098943710327,0.8268872499465942,1.1520277261734009,1.339781403541565,1.6954551935195923,1.9090248346328735,2.2707667350769043,2.266788959503174,2.5973362922668457,2.748950242996216,1.6546982526779175,1.4395811557769775,1.3367584943771362,1.0250022411346436,1.116245985031128,0.9315661191940308,1.102792739868164,1.230924367904663,1.3376888036727905,1.687243938446045,1.756840467453003,2.1211907863616943,2.120180368423462,2.3808183670043945,2.5830624103546143,1.5118482112884521,1.493235468864441,1.350287675857544,1.2242683172225952,1.4220008850097656,1.2376261949539185,1.525930643081665,1.5225369930267334,1.7484264373779297,1.9877856969833374,2.0506913661956787,2.331493854522705,2.2041237354278564,2.418423652648926,2.5420119762420654,0.90974360704422,0.999108612537384,0.8529649972915649,0.9630151987075806,1.2256057262420654,1.210179090499878,1.5744917392730713,1.628856897354126,1.9643630981445312,2.1661016941070557,2.36025333404541,2.6067886352539062,2.419037342071533,2.669685125350952,2.6995370388031006
A4,0.9251999855041504,0.5694797039031982,0.37241414189338684,0.0,0.3692654073238373,0.5847518444061279,0.9259351491928101,1.166968584060669,1.4670116901397705,1.7623602151870728,2.0017406940460205,2.335322141647339,2.2627575397491455,2.5918517112731934,2.691532611846924,1.3904547691345215,1.1014745235443115,0.9807871580123901,0.6226086020469666,0.683465838432312,0.6077072620391846,0.8269239664077759,1.069029450416565,1.23646080493927,1.5997380018234253,1.757749319076538,2.123588800430298,2.112628221511841,2.4182543754577637,2.5899598598480225,1.5267449617385864,1.3694138526916504,1.2364434003829956,1.000788927078247,1.1447508335113525,0.9423606991767883,1.1864738464355469,1.247703194618225,1.4258004426956177,1.7261292934417725,1.8030405044555664,2.1343655586242676,2.0722496509552,2.3215765953063965,2.4854867458343506,1.2322797775268555,1.2180107831954956,1.047182559967041,0.9982815980911255,1.22030770778656,1.0926692485809326,1.4272867441177368,1.4435734748840332,1.7323687076568604,1.9571070671081543,2.0796921253204346,2.3528530597686768,2.1972994804382324,2.4415717124938965,2.5237104892730713,0.7541717886924744,0.7056894898414612,0.4929659962654114,0.6107576489448547,0.8787710666656494,0.9334447979927063,1.307079553604126,1.4231301546096802,1.7648816108703613,1.9929273128509521,2.220811605453491,2.4934449195861816,2.3339195251464844,2.6196062564849854,2.661517381668091
A5,1.2627638578414917,0.8830584287643433,0.6277698874473572,0.3692654073238373,0.0,0.37382081151008606,0.6225769519805908,0.9049363732337952,1.191116452217102,1.4786972999572754,1.7472889423370361,2.0802230834960938,2.0312917232513428,2.375941753387451,2.480055809020996,1.7239603996276855,1.424198865890503,1.2413631677627563,0.883413553237915,0.804693877696991,0.5720001459121704,0.6397931575775146,0.8214819431304932,0.9146599769592285,1.2893807888031006,1.4158174991607666,1.7910534143447876,1.8110851049423218,2.1092638969421387,2.3099329471588135,1.7943285703659058,1.6406662464141846,1.447892427444458,1.235429048538208,1.3122447729110718,1.0281107425689697,1.2144910097122192,1.1625698804855347,1.3204517364501953,1.5622397661209106,1.5947576761245728,1.891886591911316,1.8062289953231812,2.02520489692688,2.187628984451294,1.4073444604873657,1.385834813117981,1.147329568862915,1.1544899940490723,1.3106586933135986,1.1516684293746948,1.4576913118362427,1.3981221914291382,1.7109241485595703,1.8670248985290527,1.9963064193725586,2.221834182739258,2.019479990005493,2.2511281967163086,2.2885680198669434,0.9416828751564026,0.8310964107513428,0.5008111000061035,0.6729285717010498,0.8025441765785217,0.8698764443397522,1.2053654193878174,1.2932090759277344,1.6604764461517334,1.839956521987915,2.104454517364502,2.3492274284362793,2.170870780944824,2.4703924655914307,2.4767093658447266
A6,1.4802190065383911,1.1453365087509155,0.861370861530304,0.5847518444061279,0.37382081151008606,0.0,0.37800517678260803,0.587500274181366,0.8862082958221436,1.1814179420471191,1.4191160202026367,1.7567592859268188,1.7075084447860718,2.042100191116333,2.1675689220428467,1.7315258979797363,1.4714118242263794,1.2286239862442017,0.9316316246986389,0.8664565086364746,0.5314001441001892,0.6535916924476624,0.6744303107261658,0.8441690802574158,1.1544060707092285,1.2683762311935425,1.6107239723205566,1.5696072578430176,1.8573721647262573,2.0320498943328857,1.6883081197738647,1.5255235433578491,1.2711259126663208,1.115194320678711,1.1597107648849487,0.868685245513916,1.080871820449829,0.9828911423683167,1.2226406335830688,1.4140077829360962,1.5030126571655273,1.7714753150939941,1.6326605081558228,1.8750723600387573,1.9865176677703857,1.388745665550232,1.271247148513794,0.9627375602722168,0.9581150412559509,1.0329481363296509,0.8691427111625671,1.1598055362701416,1.0992960929870605,1.4439197778701782,1.588799238204956,1.7667515277862549,1.9965492486953735,1.7989131212234497,2.0684311389923096,2.0971739292144775,1.2050418853759766,0.9866934418678284,0.6197257041931152,0.5832458734512329,0.5514225959777832,0.5266011357307434,0.8388128876686096,0.9251885414123535,1.2908883094787598,1.4820650815963745,1.7526772022247314,2.0146963596343994,1.8644484281539917,2.1807138919830322,2.216508626937866
A7,1.8401427268981934,1.484724521636963,1.202699065208435,0.9259351491928101,0.6225769519805908,0.37800517678260803,0.0,0.36814096570014954,0.5732924938201904,0.8874664306640625,1.145135760307312,1.493963599205017,1.4993047714233398,1.8441057205200195,1.9948248863220215,2.09940242767334,1.8455488681793213,1.5875334739685059,1.300458550453186,1.1893683671951294,0.8243033289909363,0.7979994416236877,0.6632175445556641,0.6967717409133911,0.9562452435493469,0.9779407382011414,1.3141943216323853,1.2974262237548828,1.554080605506897,1.7687625885009766,1.975785732269287,1.8399208784103394,1.5631376504898071,1.4505449533462524,1.4641411304473877,1.1563529968261719,1.3109345436096191,1.1131569147109985,1.3276346921920776,1.4209814071655273,1.4662253856658936,1.6632425785064697,1.4711390733718872,1.6658309698104858,1.7453192472457886,1.5866369009017944,1.4783231019973755,1.1480721235275269,1.2150996923446655,1.2332630157470703,1.0911848545074463,1.3241238594055176,1.2052770853042603,1.5586166381835938,1.6182067394256592,1.8155947923660278,1.98374342918396,1.7378826141357422,1.9967397451400757,1.9600812196731567,1.445598840713501,1.1938915252685547,0.8260884881019592,0.8201420903205872,0.6346117258071899,0.6535969972610474,0.8213832378387451,0.8878609538078308,1.2463505268096924,1.3772226572036743,1.6923458576202393,1.9245879650115967,1.7745760679244995,2.1092135906219482,2.1137149333953857
A8,2.033933401107788,1.7139917612075806,1.3977428674697876,1.166968584060669,0.9049363732337952,0.587500274181366,0.36814096570014954,0.0,0.3802946209907532,0.5981135368347168,0.8553832769393921,1.1770099401474,1.1450968980789185,1.489203691482544,1.6329354047775269,2.1640865802764893,1.9228181838989258,1.6182433366775513,1.3916006088256836,1.2537767887115479,0.8808858394622803,0.8469685316085815,0.5720505714416504,0.6828186511993408,0.8010082244873047,0.8471298813819885,1.1168694496154785,1.0180262327194214,1.2864549160003662,1.454507827758789,2.046454668045044,1.8734663724899292,1.5515934228897095,1.4593344926834106,1.3980106115341187,1.0893704891204834,1.1899771690368652,0.9329649209976196,1.175085425376892,1.1945247650146484,1.2872486114501953,1.4472908973693848,1.2166680097579956,1.441894769668579,1.479189157485962,1.8072086572647095,1.6234606504440308,1.2634836435317993,1.2685452699661255,1.1762933731079102,0.9894496202468872,1.1259675025939941,0.9484606385231018,1.2907816171646118,1.299142599105835,1.5198293924331665,1.6701076030731201,1.4268888235092163,1.7089195251464844,1.6698764562606812,1.7677370309829712,1.5092222690582275,1.1421669721603394,1.0462603569030762,0.7953875064849854,0.6445226669311523,0.6675341129302979,0.5993089079856873,0.9493942856788635,1.0257658958435059,1.3435262441635132,1.5595165491104126,1.4116476774215698,1.75166654586792,1.76824152469635
A9,2.362607479095459,2.0306007862091064,1.7359910011291504,1.4670116901397705,1.191116452217102,0.8862082958221436,0.5732924938201904,0.3802946209907532,0.0,0.3945067226886749,0.585269033908844,0.9549578428268433,1.035456657409668,1.360316514968872,1.5696890354156494,2.471132516860962,2.2583155632019043,1.9633413553237915,1.7430850267410278,1.6282659769058228,1.2546041011810303,1.2083946466445923,0.9158734083175659,0.9209007620811462,0.9470510482788086,0.8467370271682739,1.0400058031082153,0.9321168065071106,1.1062580347061157,1.3084772825241089,2.2285289764404297,2.1043190956115723,1.7842843532562256,1.753103256225586,1.7145469188690186,1.4364330768585205,1.5465155839920044,1.276857852935791,1.5109604597091675,1.4631186723709106,1.5342739820480347,1.6131242513656616,1.3243951797485352,1.485737919807434,1.4453508853912354,1.9107701778411865,1.7333470582962036,1.3782459497451782,1.4573655128479004,1.3475476503372192,1.2404415607452393,1.3523324728012085,1.1981641054153442,1.5331308841705322,1.489735722541809,1.7435531616210938,1.8462830781936646,1.5855666399002075,1.8618167638778687,1.7578368186950684,1.979079008102417,1.6770644187927246,1.332409381866455,1.2294939756393433,0.906342625617981,0.8378345966339111,0.72176194190979,0.711823582649231,0.9647064208984375,1.0069527626037598,1.357240080833435,1.5624428987503052,1.4650427103042603,1.8198485374450684,1.8346986770629883
A10,2.62803316116333,2.3082637786865234,1.9854353666305542,1.7623602151870728,1.4786972999572754,1.1814179420471191,0.8874664306640625,0.5981135368347168,0.3945067226886749,0.0,0.35762208700180054,0.6264550089836121,0.6941100358963013,1.0319772958755493,1.2194172143936157,2.703672409057617,2.4795305728912354,2.1546242237091064,1.9629981517791748,1.800184726715088,1.4378682374954224,1.3352382183074951,0.9815228581428528,0.9625459909439087,0.8213850259780884,0.6983964443206787,0.7544899582862854,0.5668444037437439,0.7328726649284363,0.9156184792518616,2.5196354389190674,2.359379291534424,2.0163028240203857,1.973195195198059,1.8669097423553467,1.5800886154174805,1.6069689989089966,1.2852940559387207,1.47104811668396,1.321579098701477,1.3825099468231201,1.3763703107833862,1.0480314493179321,1.1855924129486084,1.0873255729675293,2.2877190113067627,2.0840907096862793,1.721508502960205,1.7526419162750244,1.5833022594451904,1.4277985095977783,1.4424785375595093,1.2146168947219849,1.4846735000610352,1.3410983085632324,1.5780397653579712,1.6064109802246094,1.3252073526382446,1.5813226699829102,1.4341799020767212,2.3289988040924072,2.0482892990112305,1.6919937133789062,1.5891034603118896,1.2747501134872437,1.1335334777832031,0.95894455909729,0.8006247282028198,0.9704948663711548,0.8520748615264893,1.1915019750595093,1.3086037635803223,1.1888998746871948,1.5313903093338013,1.510541558265686
A11,2.8598194122314453,2.555891275405884,2.2444815635681152,2.0017406940460205,1.7472889423370361,1.4191160202026367,1.145135760307312,0.8553832769393921,0.585269033908844,0.35762208700180054,0.0,0.39374494552612305,0.582058310508728,0.8406222462654114,1.115338921546936,2.8390235900878906,2.656238079071045,2.3332977294921875,2.1770236492156982,2.0529205799102783,1.6970690488815308,1.6446963548660278,1.295925498008728,1.3152129650115967,1.1644457578659058,1.0307930707931519,0.9989162683486938,0.7500521540641785,0.7750293612480164,0.8755820393562317,2.5572121143341064,2.422513008117676,2.077455997467041,2.0946874618530273,1.9967341423034668,1.75802481174469,1.808659315109253,1.5111252069473267,1.7325284481048584,1.5671837329864502,1.6697824001312256,1.6353288888931274,1.2913451194763184,1.4178144931793213,1.238613486289978,2.3663597106933594,2.131088972091675,1.777614712715149,1.8218255043029785,1.6110256910324097,1.5139671564102173,1.4878264665603638,1.3070404529571533,1.5593715906143188,1.405533790588379,1.6854792833328247,1.7092070579528809,1.4679086208343506,1.741600751876831,1.5876832008361816,2.5477561950683594,2.2322781085968018,1.8954083919525146,1.7405879497528076,1.3921576738357544,1.2461392879486084,0.9740409255027771,0.8403626084327698,0.8713865876197815,0.7326148152351379,1.060302495956421,1.1894360780715942,1.1666501760482788,1.5095361471176147,1.5420762300491333
A12,3.1669418811798096,2.8756155967712402,2.548272132873535,2.335322141647339,2.0802230834960938,1.7567592859268188,1.493963599205017,1.1770099401474,0.9549578428268433,0.6264550089836121,0.39374494552612305,0.0,0.35604745149612427,0.5134350061416626,0.7999681234359741,3.108819007873535,2.9249684810638428,2.584951639175415,2.4561307430267334,2.3062636852264404,1.9672235250473022,1.8882254362106323,1.5213899612426758,1.5335407257080078,1.2927305698394775,1.1660271883010864,1.0004327297210693,0.6962224841117859,0.6019928455352783,0.5620261430740356,2.8651459217071533,2.707120895385742,2.351466178894043,2.3654251098632812,2.2215359210968018,1.9908063411712646,1.9832863807678223,1.6688132286071777,1.847852110862732,1.6088809967041016,1.7084118127822876,1.5943069458007812,1.242841362953186,1.3294755220413208,1.0685969591140747,2.743537664413452,2.4894540309906006,2.135481834411621,2.147099256515503,1.8996949195861816,1.7776014804840088,1.678350567817688,1.4624372720718384,1.635940670967102,1.3992764949798584,1.6534725427627563,1.598881483078003,1.3709415197372437,1.609987497329712,1.418998122215271,2.9157822132110596,2.611668825149536,2.2674007415771484,2.110506772994995,1.7691365480422974,1.587212085723877,1.3013031482696533,1.0984441041946411,1.042891263961792,0.7652372717857361,1.0073045492172241,1.0087848901748657,1.0069483518600464,1.304673194885254,1.316205620765686
A13,3.038792610168457,2.77410888671875,2.433121919631958,2.2627575397491455,2.0312917232513428,1.7075084447860718,1.4993047714233398,1.1450968980789185,1.035456657409668,0.6941100358963013,0.582058310508728,0.35604745149612427,0.0,0.3612430691719055,0.5429008603096008,2.9426944255828857,2.7520267963409424,2.398561954498291,2.3009657859802246,2.1343557834625244,1.8240855932235718,1.749864101409912,1.3865288496017456,1.455903172492981,1.1942776441574097,1.1660456657409668,1.0143470764160156,0.6584976315498352,0.7003824710845947,0.5435636043548584,2.7904090881347656,2.5886011123657227,2.22442889213562,2.2120048999786377,2.0221242904663086,1.7975519895553589,1.7425562143325806,1.4306061267852783,1.5940383672714233,1.333553433418274,1.4733061790466309,1.3687714338302612,1.0392639636993408,1.193747639656067,0.9608526229858398,2.771500825881958,2.4938976764678955,2.1342122554779053,2.084272861480713,1.8120723962783813,1.6378096342086792,1.4844012260437012,1.2297348976135254,1.3468317985534668,1.071415901184082,1.310744047164917,1.2485748529434204,1.0425771474838257,1.3024839162826538,1.1583209037780762,2.903270959854126,2.6245501041412354,2.2696268558502197,2.1012778282165527,1.788783311843872,1.5436424016952515,1.2801892757415771,0.9939605593681335,0.930574357509613,0.5725282430648804,0.7647805213928223,0.711609959602356,0.6549898982048035,0.9623858332633972,0.9885764718055725
A14,3.345923662185669,3.098034620285034,2.7597057819366455,2.5918517112731934,2.375941753387451,2.042100191116333,1.8441057205200195,1.489203691482544,1.360316514968872,1.0319772958755493,0.8406222462654114,0.5134350061416626,0.3612430691719055,0.0,0.3648090064525604,3.1772172451019287,3.012960433959961,2.659285306930542,2.5951387882232666,2.4428293704986572,2.1478164196014404,2.091505765914917,1.73357355594635,1.8135713338851929,1.5380475521087646,1.5035488605499268,1.3023065328598022,0.9564235210418701,0.8971695303916931,0.6227147579193115,2.9934935569763184,2.7964837551116943,2.434473752975464,2.453662395477295,2.25299072265625,2.066687822341919,2.00425124168396,1.7153607606887817,1.8757030963897705,1.596112608909607,1.752259612083435,1.6120355129241943,1.3027771711349487,1.4267878532409668,1.1436920166015625,3.0344583988189697,2.7344019412994385,2.3851428031921387,2.3271286487579346,2.0256214141845703,1.8773913383483887,1.6770869493484497,1.4531115293502808,1.5098682641983032,1.2113982439041138,1.442965030670166,1.3421602249145508,1.2043482065200806,1.435446858406067,1.2917227745056152,3.233034133911133,2.942664861679077,2.5957000255584717,2.403045654296875,2.0823299884796143,1.8288871049880981,1.5310115814208984,1.255432367324829,1.094317078590393,0.7209821939468384,0.7720285058021545,0.6074261665344238,0.6899790167808533,0.9067397117614746,0.9808341264724731
A15,3.3973867893218994,3.165695905685425,2.815138816833496,2.691532611846924,2.480055809020996,2.1675689220428467,1.9948248863220215,1.6329354047775269,1.5696890354156494,1.2194172143936157,1.115338921546936,0.7999681234359741,0.5429008603096008,0.3648090064525604,0.0,3.2343389987945557,3.05098295211792,2.687727212905884,2.6404693126678467,2.4555795192718506,2.1911849975585938,2.108290433883667,1.7613410949707031,1.8472083806991577,1.5357648134231567,1.5561728477478027,1.3296126127243042,0.9981200098991394,0.9858055710792542,0.649010181427002,3.155174970626831,2.919611692428589,2.555344343185425,2.535804510116577,2.291415214538574,2.099492073059082,1.9727305173873901,1.681780457496643,1.7812994718551636,1.4593868255615234,1.6106493473052979,1.432585597038269,1.1705971956253052,1.2953310012817383,1.0266718864440918,3.2491612434387207,2.9465065002441406,2.593104362487793,2.4952104091644287,2.1903069019317627,1.9914765357971191,1.7570334672927856,1.4901378154754639,1.4694753885269165,1.1131553649902344,1.2664496898651123,1.085904836654663,0.9775629043579102,1.1581774950027466,1.0283318758010864,3.3717267513275146,3.1124107837677,2.754957914352417,2.577829122543335,2.284609794616699,2.002549886703491,1.743725061416626,1.4217612743377686,1.2909817695617676,0.8960312008857727,0.8669702410697937,0.555364727973938,0.5288001894950867,0.6296937465667725,0.6468967795372009
B1,0.9790890216827393,1.213409185409546,1.2751432657241821,1.3904547691345215,1.7239603996276855,1.7315258979797363,2.09940242767334,2.1640865802764893,2.471132516860962,2.703672409057617,2.8390235900878906,3.108819007873535,2.9426944255828857,3.1772172451019287,3.2343389987945557,0.0,0.4031643271446228,0.6707868576049805,0.9276154041290283,1.2594363689422607,1.4902206659317017,1.841813564300537,2.0556886196136475,2.375201463699341,2.641300916671753,2.878782272338867,3.1751344203948975,3.044487953186035,3.355958938598633,3.3980872631073,0.9889136552810669,0.7077423334121704,0.8959723711013794,0.7462159395217896,0.9467551112174988,1.2132022380828857,1.4479718208312988,1.7775609493255615,1.9835783243179321,2.3319802284240723,2.557410955429077,2.921203136444092,2.908268451690674,3.2417731285095215,3.3743605613708496,1.6306993961334229,1.4701253175735474,1.5104460716247559,1.2110272645950317,1.3651434183120728,1.3410844802856445,1.516515851020813,1.745893955230713,1.8337689638137817,2.2158210277557373,2.2990214824676514,2.6809585094451904,2.712097644805908,2.980764865875244,3.197322368621826,1.673876166343689,1.692346453666687,1.6981050968170166,1.5372486114501953,1.7872035503387451,1.6704167127609253,1.938073754310608,2.017744302749634,2.181717872619629,2.4757156372070312,2.5242247581481934,2.8290014266967773,2.754883289337158,2.946472406387329,3.114929437637329
B2,0.7081813216209412,0.9050132036209106,0.9217060804367065,1.1014745235443115,1.424198865890503,1.4714118242263794,1.8455488681793213,1.9228181838989258,2.2583155632019043,2.4795305728912354,2.656238079071045,2.9249684810638428,2.7520267963409424,3.012960433959961,3.05098295211792,0.4031643271446228,0.0,0.3681041896343231,0.5797733664512634,0.8873648047447205,1.1618175506591797,1.4909794330596924,1.739401936531067,2.0461103916168213,2.3240087032318115,2.5767974853515625,2.885296106338501,2.7829670906066895,3.110832691192627,3.1711649894714355,1.214189887046814,0.902831494808197,0.9560961127281189,0.6618221402168274,0.7977307438850403,0.9632534384727478,1.165849208831787,1.4896389245986938,1.6572377681732178,2.0253171920776367,2.2209956645965576,2.5962204933166504,2.605577230453491,2.9296369552612305,3.0906028747558594,1.646347999572754,1.510232925415039,1.4774471521377563,1.1850700378417969,1.3394246101379395,1.2226861715316772,1.4184662103652954,1.573213815689087,1.6758586168289185,2.0326120853424072,2.0875494480133057,2.4521853923797607,2.4550387859344482,2.7028021812438965,2.9142229557037354,1.4803093671798706,1.5313305854797363,1.4872015714645386,1.3816723823547363,1.638297200202942,1.51324462890625,1.8149844408035278,1.8603129386901855,2.077091932296753,2.335824966430664,2.413437604904175,2.6928019523620605,2.5730972290039062,2.7687485218048096,2.8967089653015137
B3,0.905524730682373,0.9598578214645386,0.830727219581604,0.9807871580123901,1.2413631677627563,1.2286239862442017,1.5875334739685059,1.6182433366775513,1.9633413553237915,2.1546242237091064,2.3332977294921875,2.584951639175415,2.398561954498291,2.659285306930542,2.687727212905884,0.6707868576049805,0.3681041896343231,0.0,0.3750964105129242,0.6283083558082581,0.8725513815879822,1.2081109285354614,1.4211963415145874,1.7510991096496582,2.000467538833618,2.2624294757843018,2.553760528564453,2.437227964401245,2.7667343616485596,2.81485652923584,1.2828638553619385,0.9250931739807129,0.8317170739173889,0.46925806999206543,0.47759953141212463,0.6036452054977417,0.804338276386261,1.1287001371383667,1.318178415298462,1.6741559505462646,1.887921690940857,2.254826068878174,2.254378318786621,2.5853233337402344,2.73693585395813,1.6759339570999146,1.4856661558151245,1.3654735088348389,1.0481144189834595,1.1272752285003662,0.9313108325004578,1.1007204055786133,1.218429684638977,1.32379150390625,1.6712177991867065,1.7314841747283936,2.0937910079956055,2.090705633163452,2.346358060836792,2.554417371749878,1.5306227207183838,1.5191195011138916,1.3866430521011353,1.25189208984375,1.4457887411117554,1.2583383321762085,1.5397878885269165,1.538377046585083,1.7605582475662231,1.994429349899292,2.0728509426116943,2.3396248817443848,2.20912766456604,2.407081365585327,2.530538320541382
B4,0.7705734968185425,0.6746312379837036,0.4716792404651642,0.6226086020469666,0.883413553237915,0.9316316246986389,1.300458550453186,1.3916006088256836,1.7430850267410278,1.9629981517791748,2.1770236492156982,2.4561307430267334,2.3009657859802246,2.5951387882232666,2.6404693126678467,0.9276154041290283,0.5797733664512634,0.3750964105129242,0.0,0.3674493432044983,0.5906249284744263,0.9238288998603821,1.1793395280838013,1.4711955785751343,1.7652467489242554,2.009021043777466,2.331158399581909,2.255739212036133,2.5879623889923096,2.681063413619995,1.3814443349838257,1.0870002508163452,0.9598786234855652,0.604981541633606,0.6653294563293457,0.5768430233001709,0.8036507964134216,1.039725422859192,1.2175804376602173,1.577788233757019,1.7388582229614258,2.1080384254455566,2.097433090209961,2.4045090675354004,2.5731139183044434,1.5250216722488403,1.3911640644073486,1.2387044429779053,0.9940718412399292,1.129414439201355,0.9203693270683289,1.168853759765625,1.2248167991638184,1.4083147048950195,1.7070294618606567,1.780268669128418,2.1093502044677734,2.043274402618408,2.2907586097717285,2.4583468437194824,1.2302693128585815,1.2277668714523315,1.0669876337051392,1.0012328624725342,1.2202906608581543,1.0884387493133545,1.4195001125335693,1.442984938621521,1.7274020910263062,1.951878547668457,2.090705156326294,2.354173421859741,2.197294235229492,2.4282588958740234,2.511418581008911
B5,0.981779158115387,0.8131021857261658,0.491371214389801,0.683465838432312,0.804693877696991,0.8664565086364746,1.1893683671951294,1.2537767887115479,1.6282659769058228,1.800184726715088,2.0529205799102783,2.3062636852264404,2.1343557834625244,2.4428293704986572,2.4555795192718506,1.2594363689422607,0.8873648047447205,0.6283083558082581,0.3674493432044983,0.0,0.3761216104030609,0.6200730800628662,0.912208616733551,1.1946532726287842,1.4777488708496094,1.7511885166168213,2.070305347442627,2.019303798675537,2.367081642150879,2.4652435779571533,1.7195372581481934,1.4158793687820435,1.2305961847305298,0.8805614113807678,0.8036173582077026,0.5568978786468506,0.6269176006317139,0.7982829809188843,0.9015785455703735,1.2728321552276611,1.399425745010376,1.7772598266601562,1.796621322631836,2.095224618911743,2.2929186820983887,1.7847336530685425,1.6554938554763794,1.4451218843460083,1.227983832359314,1.2998696565628052,1.0120214223861694,1.205080509185791,1.1465531587600708,1.3140697479248047,1.5513211488723755,1.5818016529083252,1.8742804527282715,1.7815489768981934,1.9985328912734985,2.162539005279541,1.3750202655792236,1.3805932998657227,1.148889183998108,1.1394559144973755,1.293821930885315,1.1317692995071411,1.4392348527908325,1.389297604560852,1.7014645338058472,1.8583985567092896,2.0095715522766113,2.225296974182129,2.021857738494873,2.241757869720459,2.2793095111846924
B6,1.2438530921936035,0.9820570349693298,0.6250098943710327,0.6077072620391846,0.5720001459121704,0.5314001441001892,0.8243033289909363,0.8808858394622803,1.2546041011810303,1.4378682374954224,1.6970690488815308,1.9672235250473022,1.8240855932235718,2.1478164196014404,2.1911849975585938,1.4902206659317017,1.1618175506591797,0.8725513815879822,0.5906249284744263,0.3761216104030609,0.0,0.3745211958885193,0.5922240614891052,0.8868107199668884,1.1775726079940796,1.4201245307922363,1.7452747821807861,1.6921806335449219,2.030075788497925,2.149718999862671,1.7420035600662231,1.4748121500015259,1.22719407081604,0.9444615244865417,0.8745232224464417,0.53056401014328,0.6455848217010498,0.6467483639717102,0.8289990425109863,1.1303362846374512,1.249595046043396,1.5936365127563477,1.5513043403625488,1.8404568433761597,2.010889768600464,1.6868947744369507,1.542020559310913,1.2712602615356445,1.110538125038147,1.1481159925460815,0.8545997142791748,1.069911003112793,0.9653308391571045,1.214355707168579,1.4005523920059204,1.4890965223312378,1.752776026725769,1.6073988676071167,1.8497693538665771,1.9616045951843262,1.3588213920593262,1.2731883525848389,0.9665067195892334,0.9405542016029358,1.010933756828308,0.841362714767456,1.1358749866485596,1.0863585472106934,1.4302875995635986,1.5780720710754395,1.7758551836013794,1.998304009437561,1.7994493246078491,2.0588483810424805,2.0876646041870117
B7,1.482337236404419,1.18519926071167,0.8268872499465942,0.8269239664077759,0.6397931575775146,0.6535916924476624,0.7979994416236877,0.8469685316085815,1.2083946466445923,1.3352382183074951,1.6446963548660278,1.8882254362106323,1.749864101409912,2.091505765914917,2.108290433883667,1.841813564300537,1.4909794330596924,1.2081109285354614,0.9238288998603821,0.6200730800628662,0.3745211958885193,0.0,0.37258288264274597,0.5793019533157349,0.8880051970481873,1.152137279510498,1.4888452291488647,1.4938304424285889,1.8422149419784546,1.9900680780410767,2.107309579849243,1.8481407165527344,1.5907871723175049,1.3153533935546875,1.2078349590301514,0.8409346342086792,0.8140243291854858,0.6694771647453308,0.7108606100082397,0.9592868089675903,0.9813205599784851,1.3168668746948242,1.2990370988845825,1.554210901260376,1.7652320861816406,1.96040678024292,1.8463308811187744,1.557148814201355,1.4441028833389282,1.4594100713729858,1.1555602550506592,1.3188523054122925,1.1209349632263184,1.3468382358551025,1.436516284942627,1.4831722974777222,1.6739569902420044,1.473705768585205,1.6672112941741943,1.7442342042922974,1.5197259187698364,1.456971526145935,1.1261054277420044,1.1805256605148315,1.1987535953521729,1.0586086511611938,1.3019033670425415,1.1994973421096802,1.5562430620193481,1.6227513551712036,1.844144344329834,2.0075759887695312,1.7617043256759644,2.0126774311065674,1.975480556488037
B8,1.8105545043945312,1.5097293853759766,1.1520277261734009,1.069029450416565,0.8214819431304932,0.6744303107261658,0.6632175445556641,0.5720505714416504,0.9158734083175659,0.9815228581428528,1.295925498008728,1.5213899612426758,1.3865288496017456,1.73357355594635,1.7613410949707031,2.0556886196136475,1.739401936531067,1.4211963415145874,1.1793395280838013,0.912208616733551,0.5922240614891052,0.37258288264274597,0.0,0.37635281682014465,0.5888780951499939,0.8498896360397339,1.159865140914917,1.1306583881378174,1.478338599205017,1.6214301586151123,2.204131603240967,1.9547382593154907,1.6510385274887085,1.4352251291275024,1.2956647872924805,0.9230026602745056,0.8778120875358582,0.5922842025756836,0.6922070980072021,0.7915804982185364,0.8336396813392639,1.1016360521316528,1.0036274194717407,1.2675576210021973,1.4354361295700073,2.056013822555542,1.9000636339187622,1.5687729120254517,1.4782675504684448,1.4183632135391235,1.1148518323898315,1.2193316221237183,0.9610592126846313,1.2087668180465698,1.2195312976837158,1.310122013092041,1.4586514234542847,1.2176493406295776,1.438299536705017,1.4688284397125244,1.7587116956710815,1.6207070350646973,1.2565209865570068,1.2513185739517212,1.154260516166687,0.9702156782150269,1.114975929260254,0.9521811604499817,1.2994905710220337,1.311815857887268,1.5568034648895264,1.700318455696106,1.4546012878417969,1.7288581132888794,1.684462308883667
B9,2.016134738922119,1.6758826971054077,1.339781403541565,1.23646080493927,0.9146599769592285,0.8441690802574158,0.6967717409133911,0.6828186511993408,0.9209007620811462,0.9625459909439087,1.3152129650115967,1.5335407257080078,1.455903172492981,1.8135713338851929,1.8472083806991577,2.375201463699341,2.0461103916168213,1.7510991096496582,1.4711955785751343,1.1946532726287842,0.8868107199668884,0.5793019533157349,0.37635281682014465,0.0,0.39469408988952637,0.5891792178153992,0.9521052241325378,1.0365298986434937,1.3632721900939941,1.5753445625305176,2.4937896728515625,2.2745912075042725,1.9813334941864014,1.7730515003204346,1.6615017652511597,1.2882659435272217,1.2410157918930054,0.9469619989395142,0.9558045268058777,0.9727438688278198,0.8767995834350586,1.064134120941162,0.9561877250671387,1.1233265399932861,1.31942880153656,2.2136287689208984,2.1073496341705322,1.7796210050582886,1.7526253461837769,1.720091700553894,1.4508768320083618,1.5705426931381226,1.3068729639053345,1.5519851446151733,1.5046226978302002,1.5799260139465332,1.6541566848754883,1.3602840900421143,1.52127206325531,1.4746358394622803,1.8319542407989502,1.7055425643920898,1.3445290327072144,1.4167659282684326,1.3043467998504639,1.2064920663833618,1.3311831951141357,1.1985414028167725,1.539901852607727,1.5096358060836792,1.7865828275680542,1.8914411067962646,1.6325039863586426,1.9055687189102173,1.8012863397598267
B10,2.3647756576538086,2.043419361114502,1.6954551935195923,1.5997380018234253,1.2893807888031006,1.1544060707092285,0.9562452435493469,0.8010082244873047,0.9470510482788086,0.8213850259780884,1.1644457578659058,1.2927305698394775,1.1942776441574097,1.5380475521087646,1.5357648134231567,2.641300916671753,2.3240087032318115,2.000467538833618,1.7652467489242554,1.4777488708496094,1.1775726079940796,0.8880051970481873,0.5888780951499939,0.39469408988952637,0.0,0.35798928141593933,0.6181146502494812,0.6995914578437805,1.038433313369751,1.2311304807662964,2.7439017295837402,2.510298490524292,2.188617467880249,2.0039010047912598,1.8414835929870605,1.47809898853302,1.3693255186080933,1.0174411535263062,0.9890156388282776,0.8436040282249451,0.7160885334014893,0.7686811089515686,0.5924694538116455,0.7403433918952942,0.9259768724441528,2.521099328994751,2.376453161239624,2.028137683868408,1.9884408712387085,1.8895950317382812,1.6089389324188232,1.6453256607055664,1.3292421102523804,1.523677110671997,1.3768162727355957,1.4382829666137695,1.4271814823150635,1.0959274768829346,1.2277038097381592,1.12119722366333,2.2168383598327637,2.0666325092315674,1.6978551149368286,1.7240735292434692,1.5525968074798584,1.4047505855560303,1.432723045349121,1.2223402261734009,1.5036181211471558,1.3730345964431763,1.634606122970581,1.6657397747039795,1.3851312398910522,1.6384822130203247,1.4883438348770142
B11,2.5876851081848145,2.239604949951172,1.9090248346328735,1.757749319076538,1.4158174991607666,1.2683762311935425,0.9779407382011414,0.8471298813819885,0.8467370271682739,0.6983964443206787,1.0307930707931519,1.1660271883010864,1.1660456657409668,1.5035488605499268,1.5561728477478027,2.878782272338867,2.5767974853515625,2.2624294757843018,2.009021043777466,1.7511885166168213,1.4201245307922363,1.152137279510498,0.8498896360397339,0.5891792178153992,0.35798928141593933,0.0,0.39155617356300354,0.5840963125228882,0.8425475358963013,1.1216968297958374,2.879823923110962,2.6856298446655273,2.3632469177246094,2.216510534286499,2.0895016193389893,1.7337795495986938,1.6737329959869385,1.3231922388076782,1.3384299278259277,1.178327202796936,1.0512983798980713,1.015523910522461,0.7733629941940308,0.7911419868469238,0.8861632347106934,2.56125545501709,2.4353904724121094,2.0861666202545166,2.1057350635528564,2.012416124343872,1.7807948589324951,1.8358790874481201,1.5438297986984253,1.7711364030838013,1.6073936223983765,1.7126023769378662,1.6754660606384277,1.3312597274780273,1.4582505226135254,1.2746546268463135,2.3050200939178467,2.1208724975585938,1.758644461631775,1.7950289249420166,1.579793095588684,1.4893659353256226,1.4730862379074097,1.3084439039230347,1.56763756275177,1.4281806945800781,1.724877953529358,1.755420446395874,1.5144017934799194,1.7884118556976318,1.6338974237442017
B12,2.9461309909820557,2.6097829341888428,2.2707667350769043,2.123588800430298,1.7910534143447876,1.6107239723205566,1.3141943216323853,1.1168694496154785,1.0400058031082153,0.7544899582862854,0.9989162683486938,1.0004327297210693,1.0143470764160156,1.3023065328598022,1.3296126127243042,3.1751344203948975,2.885296106338501,2.553760528564453,2.331158399581909,2.070305347442627,1.7452747821807861,1.4888452291488647,1.159865140914917,0.9521052241325378,0.6181146502494812,0.39155617356300354,0.0,0.3585720658302307,0.5236393809318542,0.8095861673355103,3.1542775630950928,2.954371213912964,2.6149284839630127,2.49094820022583,2.333620071411133,1.9937130212783813,1.9015039205551147,1.5333688259124756,1.533648133277893,1.2825387716293335,1.1589739322662354,0.9888996481895447,0.6949546933174133,0.593153715133667,0.5616070032119751,2.879101514816284,2.7254512310028076,2.36694598197937,2.379349708557129,2.239455223083496,2.0110480785369873,2.005143880844116,1.6932653188705444,1.8739910125732422,1.6364808082580566,1.7347092628479004,1.6183123588562012,1.268083930015564,1.3539143800735474,1.0911232233047485,2.686215400695801,2.485063076019287,2.1209347248077393,2.124756097793579,1.8749349117279053,1.7546513080596924,1.666304111480713,1.4590049982070923,1.642382025718689,1.418352723121643,1.6859813928604126,1.6394366025924683,1.4068711996078491,1.648308277130127,1.4546021223068237
B13,2.927248239517212,2.614497423171997,2.266788959503174,2.112628221511841,1.8110851049423218,1.5696072578430176,1.2974262237548828,1.0180262327194214,0.9321168065071106,0.5668444037437439,0.7500521540641785,0.6962224841117859,0.6584976315498352,0.9564235210418701,0.9981200098991394,3.044487953186035,2.7829670906066895,2.437227964401245,2.255739212036133,2.019303798675537,1.6921806335449219,1.4938304424285889,1.1306583881378174,1.0365298986434937,0.6995914578437805,0.5840963125228882,0.3585720658302307,0.0,0.3642769455909729,0.5476835370063782,2.9902350902557373,2.783052444458008,2.4302279949188232,2.3365225791931152,2.1608471870422363,1.8494312763214111,1.760750651359558,1.3948538303375244,1.4498401880264282,1.1752362251281738,1.150790810585022,0.9947607517242432,0.642398476600647,0.6761074066162109,0.5222211480140686,2.806293487548828,2.6063926219940186,2.240356683731079,2.2267894744873047,2.0403201580047607,1.817452311515808,1.7629897594451904,1.4531298875808716,1.6167114973068237,1.3571833372116089,1.4946625232696533,1.387112021446228,1.0580917596817017,1.2106472253799438,0.9718484282493591,2.721236228942871,2.49127197265625,2.121734380722046,2.062530755996704,1.7862191200256348,1.6129109859466553,1.4679498672485352,1.2199907302856445,1.3485976457595825,1.0858149528503418,1.3396098613739014,1.2871023416519165,1.076016902923584,1.3388581275939941,1.1905909776687622
