,A1,A2,A3,A4,A5,A6,A7,A8,A9,A10,A11,A12,A13,A14,A15,B1,B2,B3,B4,B5,B6,B7,B8,B9,B10,B11,B12,B13,B14,B15,C1,C2,C3,C4,C5,C6,C7,C8,C9,C10,C11,C12,C13,C14,C15,D1,D2,D3,D4,D5,D6,D7,D8,D9,D10,D11,D12,D13,D14,D15,E1,E2,E3,E4,E5,E6,E7,E8,E9,E10,E11,E12,E13,E14,E15
A1,0.0,0.3848573863506317,0.5873643159866333,0.8588863611221313,1.164273738861084,1.3408310413360596,1.7301650047302246,1.8159863948822021,2.183739185333252,2.238456964492798,2.526419162750244,2.7733702659606934,3.0488500595092773,3.0689120292663574,3.0438222885131836,0.7480588555335999,0.49186545610427856,0.7864124178886414,0.9082344770431519,1.2145119905471802,1.4238682985305786,1.7363568544387817,1.9608464241027832,2.273247241973877,2.38554310798645,2.7168047428131104,2.9711902141571045,3.270174980163574,3.3811070919036865,3.355529546737671,1.3265111446380615,1.0578984022140503,1.2131448984146118,1.3245702981948853,1.4986189603805542,1.7823235988616943,1.979587197303772,2.240722417831421,2.4423060417175293,2.502596855163574,2.877753496170044,3.047095537185669,3.3916683197021484,3.530442476272583,3.4069340229034424,2.012640953063965,1.914104700088501,1.8104629516601562,2.0740087032318115,2.066992998123169,2.4581336975097656,2.697017192840576,2.746035575866699,2.923520565032959,2.761627197265625,3.113090991973877,3.1343367099761963,3.507205009460449,3.5071048736572266,3.278665542602539,1.2655909061431885,1.5141850709915161,1.3407936096191406,1.6577073335647583,1.7139524221420288,1.9393819570541382,2.2900209426879883,2.196497678756714,2.5020358562469482,2.376401662826538,2.6574888229370117,2.7569684982299805,3.0680031776428223,2.9896974563598633,2.842586040496826
A2,0.3848573863506317,0.0,0.3818131387233734,0.5803617835044861,0.913673996925354,1.1154799461364746,1.4786708354949951,1.6289385557174683,1.9767900705337524,2.0612244606018066,2.372666358947754,2.627685785293579,2.9162683486938477,2.9821617603302,2.95198392868042,0.9749831557273865,0.6938595771789551,0.8237017393112183,0.9632970690727234,1.170521855354309,1.4522937536239624,1.7226613759994507,1.9441224336624146,2.2206926345825195,2.294722080230713,2.6517372131347656,2.86751651763916,3.193803071975708,3.316476583480835,3.253526449203491,1.2333955764770508,1.013291358947754,1.0847017765045166,1.2793465852737427,1.407670259475708,1.7452754974365234,1.9632689952850342,2.169938325881958,2.370926856994629,2.3738698959350586,2.756491184234619,2.8899433612823486,3.2495505809783936,3.361015796661377,3.2087533473968506,1.7450432777404785,1.685340166091919,1.5499227046966553,1.8452945947647095,1.8352566957473755,2.226375102996826,2.487973690032959,2.5002024173736572,2.695807695388794,2.520219087600708,2.856787919998169,2.8823399543762207,3.2436392307281494,3.2170486450195312,2.999405860900879,1.0632779598236084,1.2780228853225708,1.0658462047576904,1.3391432762145996,1.3987466096878052,1.587364912033081,1.9449996948242188,1.8579472303390503,2.183708667755127,2.0935885906219482,2.372154474258423,2.511568069458008,2.811596393585205,2.7526323795318604,2.6381475925445557
A3,0.5873643159866333,0.3818131387233734,0.0,0.3923708498477936,0.6110122203826904,0.8808965086936951,1.2388317584991455,1.3391927480697632,1.6770126819610596,1.7200844287872314,2.041430711746216,2.2747275829315186,2.5760488510131836,2.6353554725646973,2.5874807834625244,0.9476439952850342,0.6161064505577087,0.5670868158340454,0.6602759957313538,0.8032733798027039,1.1148706674575806,1.3795053958892822,1.5795880556106567,1.8529386520385742,1.9148268699645996,2.2732808589935303,2.486522674560547,2.8135018348693848,2.935753107070923,2.873250722885132,1.237774133682251,0.9582314491271973,0.9081712961196899,1.0402158498764038,1.0916240215301514,1.4388059377670288,1.6246169805526733,1.824837327003479,2.004232406616211,2.0043869018554688,2.388056516647339,2.520787239074707,2.879680871963501,3.0047123432159424,2.8567442893981934,1.7246731519699097,1.6040385961532593,1.4027947187423706,1.641853928565979,1.5701733827590942,1.9615288972854614,2.185591697692871,2.1967897415161133,2.3645410537719727,2.1855804920196533,2.5311691761016846,2.5525004863739014,2.922823190689087,2.922933340072632,2.7019810676574707,1.1099469661712646,1.2215996980667114,0.9335508346557617,1.1944539546966553,1.1713181734085083,1.4105602502822876,1.7368414402008057,1.6353989839553833,1.926626205444336,1.8000929355621338,2.0976028442382812,2.207031011581421,2.5292375087738037,2.4884448051452637,2.3457436561584473
A4,0.8588863611221313,0.5803617835044861,0.3923708498477936,0.0,0.3768376111984253,0.5456235408782959,0.8995751142501831,1.0660761594772339,1.4049720764160156,1.5212159156799316,1.8292274475097656,2.1040544509887695,2.3838770389556885,2.4856486320495605,2.472827196121216,1.3337514400482178,0.9830154776573181,0.9096750020980835,0.8789415955543518,0.9079043865203857,1.1974519491195679,1.3567389249801636,1.6024420261383057,1.8090168237686157,1.8800891637802124,2.248544454574585,2.4414758682250977,2.7766010761260986,2.9427599906921387,2.865771770477295,1.5401087999343872,1.3033427000045776,1.190108299255371,1.3399386405944824,1.3035507202148438,1.6701265573501587,1.8134148120880127,1.971738576889038,2.098844528198242,2.039966344833374,2.425370454788208,2.4989733695983887,2.874220609664917,2.9984195232391357,2.809662342071533,1.8341649770736694,1.763587236404419,1.5115211009979248,1.7588225603103638,1.6408299207687378,2.018094778060913,2.230404853820801,2.1729962825775146,2.3194503784179688,2.0887179374694824,2.4040517807006836,2.3814141750335693,2.7413506507873535,2.7025694847106934,2.4610064029693604,1.3318538665771484,1.397333025932312,1.061420202255249,1.2070893049240112,1.1121118068695068,1.2648968696594238,1.5579731464385986,1.39085853099823,1.6860015392303467,1.5593972206115723,1.815794825553894,1.9447100162506104,2.2371835708618164,2.1724159717559814,2.0624496936798096
A5,1.164273738861084,0.913673996925354,0.6110122203826904,0.3768376111984253,0.0,0.38685131072998047,0.6587015390396118,0.7828935384750366,1.0878024101257324,1.1686118841171265,1.4998277425765991,1.7532232999801636,2.0518269538879395,2.1675989627838135,2.1345372200012207,1.4890321493148804,1.1529462337493896,0.9549057483673096,0.8669507503509521,0.734855055809021,1.034915566444397,1.1274497509002686,1.337011456489563,1.5031720399856567,1.5417314767837524,1.9174190759658813,2.0868940353393555,2.4311227798461914,2.603972911834717,2.513355016708374,1.6426044702529907,1.3992705345153809,1.1854974031448364,1.2818634510040283,1.1401933431625366,1.4996764659881592,1.597048044204712,1.713607907295227,1.8015519380569458,1.70919668674469,2.091036796569824,2.1411404609680176,2.519702434539795,2.6488733291625977,2.4517297744750977,1.8503152132034302,1.7419410943984985,1.4319227933883667,1.6123089790344238,1.423447608947754,1.7801322937011719,1.948054552078247,1.8671773672103882,1.9803519248962402,1.7338167428970337,2.048733711242676,2.016416072845459,2.3823306560516357,2.362828016281128,2.1189627647399902,1.4595668315887451,1.4281214475631714,1.052572250366211,1.1285912990570068,0.9238595366477966,1.0976706743240356,1.3281781673431396,1.1361777782440186,1.384401559829712,1.2193639278411865,1.4965102672576904,1.6034704446792603,1.918885350227356,1.8846675157546997,1.7542146444320679
A6,1.3408310413360596,1.1154799461364746,0.8808965086936951,0.5456235408782959,0.38685131072998047,0.0,0.39849990606307983,0.5494309663772583,0.8970879316329956,1.0797700881958008,1.3458261489868164,1.6616538763046265,1.905361294746399,2.0387167930603027,2.068869113922119,1.76444673538208,1.3990262746810913,1.2553315162658691,1.0769544839859009,0.951564610004425,1.1431142091751099,1.1295934915542603,1.4091352224349976,1.5117932558059692,1.609320878982544,1.9641979932785034,2.143275737762451,2.4664885997772217,2.6893470287323,2.6166839599609375,2.0083303451538086,1.7610658407211304,1.5686625242233276,1.649549126625061,1.4911247491836548,1.829573154449463,1.8724710941314697,1.9917843341827393,2.0197134017944336,1.9121588468551636,2.2802982330322266,2.2864370346069336,2.6655635833740234,2.8177971839904785,2.597045660018921,2.183685302734375,2.105222702026367,1.7887872457504272,1.9681371450424194,1.7557634115219116,2.089649200439453,2.2265262603759766,2.100705862045288,2.1681673526763916,1.8745917081832886,2.1507246494293213,2.048954963684082,2.4027938842773438,2.352695941925049,2.0690481662750244,1.8042387962341309,1.7905977964401245,1.4167453050613403,1.45174241065979,1.2213096618652344,1.3083300590515137,1.47714364528656,1.200434684753418,1.4112699031829834,1.209969162940979,1.4014440774917603,1.4844248294830322,1.756279468536377,1.6529814004898071,1.537631869316101
A7,1.7301650047302246,1.4786708354949951,1.2388317584991455,0.8995751142501831,0.6587015390396118,0.39849990606307983,0.0,0.38487499952316284,0.5948572754859924,0.8661954998970032,1.1131970882415771,1.4398903846740723,1.6685811281204224,1.865066647529602,1.9067164659500122,2.124356985092163,1.7702003717422485,1.5831928253173828,1.4041997194290161,1.1983003616333008,1.3645936250686646,1.2503130435943604,1.4881645441055298,1.4924594163894653,1.5506428480148315,1.8940856456756592,2.0166893005371094,2.3445684909820557,2.5951292514801025,2.494478464126587,2.2684314250946045,2.049227714538574,1.8058452606201172,1.886548638343811,1.669555425643921,1.9937562942504883,2.0044965744018555,2.059377670288086,2.038207530975342,1.8665034770965576,2.209038257598877,2.1480109691619873,2.52736496925354,2.666860818862915,2.411400318145752,2.2979164123535156,2.2356157302856445,1.887848973274231,2.031682252883911,1.7789403200149536,2.063943386077881,2.1657769680023193,1.977852702140808,2.0087954998016357,1.6772043704986572,1.903321623802185,1.7577639818191528,2.0902066230773926,2.0105605125427246,1.7130173444747925,2.0426735877990723,1.9696235656738281,1.5906857252120972,1.5309418439865112,1.2397332191467285,1.2448925971984863,1.3088353872299194,0.9716423153877258,1.115881085395813,0.9000465869903564,1.0296871662139893,1.127229928970337,1.3724806308746338,1.2755742073059082,1.1979241371154785
A8,1.8159863948822021,1.6289385557174683,1.3391927480697632,1.0660761594772339,0.7828935384750366,0.5494309663772583,0.38487499952316284,0.0,0.389355331659317,0.5890709161758423,0.801987886428833,1.140060305595398,1.3602322340011597,1.5149965286254883,1.5681400299072266,2.1253464221954346,1.7766902446746826,1.5655556917190552,1.3141417503356934,1.0664217472076416,1.1353833675384521,0.9356215596199036,1.179178237915039,1.1471339464187622,1.2556768655776978,1.5745280981063843,1.7333217859268188,2.034388303756714,2.302833318710327,2.240300416946411,2.393796443939209,2.132066249847412,1.8796552419662476,1.8812981843948364,1.6272854804992676,1.9017177820205688,1.8403433561325073,1.9140267372131348,1.837201714515686,1.6966489553451538,2.024557113647461,1.9730433225631714,2.33866810798645,2.5263545513153076,2.2944583892822266,2.519024133682251,2.40382719039917,2.0488061904907227,2.1375162601470947,1.8469260931015015,2.1186375617980957,2.158215045928955,1.9934163093566895,1.9630855321884155,1.6323217153549194,1.8685816526412964,1.6922894716262817,2.0419251918792725,2.0205674171447754,1.702134609222412,2.227313280105591,2.1464085578918457,1.763108730316162,1.7418314218521118,1.4244171380996704,1.4997776746749878,1.5349137783050537,1.2110739946365356,1.2672820091247559,0.9588227868080139,1.0842742919921875,1.045448899269104,1.3260972499847412,1.2086820602416992,1.027413249015808
A9,2.183739185333252,1.9767900705337524,1.6770126819610596,1.4049720764160156,1.0878024101257324,0.8970879316329956,0.5948572754859924,0.389355331659317,0.0,0.37938740849494934,0.5389865636825562,0.8703814148902893,1.0818722248077393,1.3127520084381104,1.3640532493591309,2.4542744159698486,2.1212570667266846,1.8746023178100586,1.6383872032165527,1.34232497215271,1.3953813314437866,1.1333835124969482,1.2895644903182983,1.145678997039795,1.1905152797698975,1.4748189449310303,1.5598875284194946,1.8583253622055054,2.1510605812072754,2.060603141784668,2.6400864124298096,2.4002349376678467,2.108335256576538,2.101926326751709,1.8035762310028076,2.0484187602996826,1.9539399147033691,1.9604973793029785,1.8303979635238647,1.6312854290008545,1.9150340557098389,1.7930353879928589,2.1477277278900146,2.327251434326172,2.068449020385742,2.65958571434021,2.546488046646118,2.172602891921997,2.214675188064575,1.8909389972686768,2.10267972946167,2.0913679599761963,1.8774586915969849,1.7927250862121582,1.4350030422210693,1.6116801500320435,1.381515383720398,1.7096452713012695,1.683436632156372,1.3489067554473877,2.468865156173706,2.3379292488098145,1.9598640203475952,1.8738740682601929,1.5198593139648438,1.5474714040756226,1.4806987047195435,1.1443347930908203,1.0825382471084595,0.7390074729919434,0.7779862284660339,0.6686623096466064,0.9498015642166138,0.8635745644569397,0.6694846749305725
A10,2.238456964492798,2.0612244606018066,1.7200844287872314,1.5212159156799316,1.1686118841171265,1.0797700881958008,0.8661954998970032,0.5890709161758423,0.37938740849494934,0.0,0.3870893716812134,0.597682535648346,0.9056392312049866,1.0887484550476074,1.061998724937439,2.3920366764068604,2.0915865898132324,1.8024661540985107,1.5640790462493896,1.223366141319275,1.2389585971832275,0.9523506164550781,1.0084952116012573,0.8202843070030212,0.8189141750335693,1.1032345294952393,1.1887654066085815,1.4973324537277222,1.777735710144043,1.6939083337783813,2.591808557510376,2.3387811183929443,2.025489568710327,1.9594206809997559,1.6261210441589355,1.8150513172149658,1.6707663536071777,1.6585075855255127,1.4875913858413696,1.2975934743881226,1.5655430555343628,1.458425521850586,1.806123971939087,2.0146594047546387,1.7851977348327637,2.65732741355896,2.4943416118621826,2.1200082302093506,2.099921941757202,1.7500401735305786,1.9352585077285767,1.8678336143493652,1.687578797340393,1.5583168268203735,1.2259585857391357,1.433139443397522,1.224591612815857,1.5809638500213623,1.6406441926956177,1.3315725326538086,2.4746744632720947,2.3160464763641357,1.9493643045425415,1.8837100267410278,1.5184037685394287,1.615645170211792,1.5392602682113647,1.2630950212478638,1.1569347381591797,0.7828691005706787,0.9062470197677612,0.7079051733016968,1.0583077669143677,1.0604110956192017,0.7842174172401428
A11,2.526419162750244,2.372666358947754,2.041430711746216,1.8292274475097656,1.4998277425765991,1.3458261489868164,1.1131970882415771,0.801987886428833,0.5389865636825562,0.3870893716812134,0.0,0.390442818403244,0.5624704957008362,0.7768612504005432,0.850441575050354,2.693220376968384,2.3861660957336426,2.1169610023498535,1.838559627532959,1.5167332887649536,1.4511500597000122,1.095117211341858,1.1554386615753174,0.8716701865196228,0.9429649114608765,1.109795331954956,1.193161129951477,1.4230995178222656,1.759666085243225,1.7185815572738647,2.9637210369110107,2.697312116622925,2.394577741622925,2.307638168334961,1.9734936952590942,2.1313068866729736,1.9399160146713257,1.933619499206543,1.7062183618545532,1.5355701446533203,1.7442784309387207,1.6011860370635986,1.9046974182128906,2.146885395050049,1.9228683710098267,3.042646646499634,2.8809056282043457,2.506305694580078,2.4767274856567383,2.120195150375366,2.281773567199707,2.1761159896850586,1.9857128858566284,1.8024224042892456,1.4715402126312256,1.6123005151748657,1.3340836763381958,1.6424074172973633,1.7075881958007812,1.3747857809066772,2.8509607315063477,2.7010951042175293,2.332599639892578,2.2671473026275635,1.9005048274993896,1.9754530191421509,1.8693716526031494,1.5741169452667236,1.4200304746627808,1.0526970624923706,1.0485137701034546,0.7380965352058411,0.9913420677185059,0.9222274422645569,0.5733245611190796
A12,2.7733702659606934,2.627685785293579,2.2747275829315186,2.1040544509887695,1.7532232999801636,1.6616538763046265,1.4398903846740723,1.140060305595398,0.8703814148902893,0.597682535648346,0.390442818403244,0.0,0.3911793529987335,0.5916870832443237,0.5352211594581604,2.8514199256896973,2.577406883239746,2.275378465652466,2.0157761573791504,1.6689525842666626,1.5864648818969727,1.235888123512268,1.1718991994857788,0.8216053247451782,0.7922115921974182,0.8589780330657959,0.8605943918228149,1.069383978843689,1.4152501821517944,1.3682464361190796,3.0862538814544678,2.826772689819336,2.5022780895233154,2.377873420715332,2.018125057220459,2.114431858062744,1.8794118165969849,1.822659969329834,1.5398958921432495,1.3596488237380981,1.4946753978729248,1.3195394277572632,1.582610845565796,1.8468265533447266,1.6450560092926025,3.1492233276367188,2.9586470127105713,2.5864241123199463,2.4962830543518066,2.1233458518981934,2.228285789489746,2.0559699535369873,1.8780663013458252,1.632240891456604,1.3397647142410278,1.4479658603668213,1.1712758541107178,1.4599993228912354,1.6044501066207886,1.3123736381530762,3.0076346397399902,2.823038339614868,2.473405599594116,2.397926092147827,2.0262277126312256,2.1222949028015137,1.9787030220031738,1.7339311838150024,1.5225971937179565,1.1719720363616943,1.1820874214172363,0.8297402858734131,1.0776793956756592,1.1144814491271973,0.7785065174102783
A13,3.0488500595092773,2.9162683486938477,2.5760488510131836,2.3838770389556885,2.0518269538879395,1.905361294746399,1.6685811281204224,1.3602322340011597,1.0818722248077393,0.9056392312049866,0.5624704957008362,0.3911793529987335,0.0,0.383836030960083,0.5413566827774048,3.1592719554901123,2.873018980026245,2.593881607055664,2.3047218322753906,1.9794256687164307,1.8528485298156738,1.4704350233078003,1.4417712688446045,1.0730782747268677,1.1204358339309692,1.0939768552780151,1.0996177196502686,1.1901150941848755,1.5715622901916504,1.5730496644973755,3.4507124423980713,3.1809210777282715,2.8682219982147217,2.7407846450805664,2.388066053390503,2.479062557220459,2.2253267765045166,2.1846237182617188,1.881723165512085,1.723716378211975,1.8207029104232788,1.6277858018875122,1.8402374982833862,2.1166489124298096,1.9218453168869019,3.521249294281006,3.3401870727539062,2.966114044189453,2.884885787963867,2.512404203414917,2.612837076187134,2.4310286045074463,2.242095947265625,1.9769963026046753,1.6863259077072144,1.7407282590866089,1.4207156896591187,1.6438250541687012,1.7680516242980957,1.4658931493759155,3.364871025085449,3.193497896194458,2.8367080688476562,2.760566473007202,2.387371063232422,2.459761619567871,2.303187608718872,2.033432722091675,1.8067957162857056,1.466836929321289,1.391552448272705,1.0096464157104492,1.1346981525421143,1.0969877243041992,0.7664516568183899
A14,3.0689120292663574,2.9821617603302,2.6353554725646973,2.4856486320495605,2.1675989627838135,2.0387167930603027,1.865066647529602,1.5149965286254883,1.3127520084381104,1.0887484550476074,0.7768612504005432,0.5916870832443237,0.383836030960083,0.0,0.362641304731369,3.1215405464172363,2.854863166809082,2.5853934288024902,2.2745232582092285,1.9696844816207886,1.7760401964187622,1.3883455991744995,1.3259730339050293,0.9524199962615967,1.0696393251419067,0.9462491273880005,1.0376003980636597,1.0337616205215454,1.4186164140701294,1.5071842670440674,3.506711721420288,3.2122697830200195,2.91866135597229,2.7460567951202393,2.402951955795288,2.449430465698242,2.1539618968963623,2.150808572769165,1.8248933553695679,1.741675615310669,1.8180006742477417,1.6859692335128784,1.8619447946548462,2.1846108436584473,2.0468766689300537,3.673874616622925,3.462555170059204,3.1006319522857666,3.005537748336792,2.6364800930023193,2.7470335960388184,2.548234462738037,2.410806655883789,2.1392669677734375,1.8868488073349,1.9790995121002197,1.6980074644088745,1.9341769218444824,2.100425958633423,1.8156818151474,3.4618396759033203,3.306718111038208,2.956014633178711,2.9245412349700928,2.5624942779541016,2.6829168796539307,2.5618927478790283,2.3044188022613525,2.105647325515747,1.750605583190918,1.7278008460998535,1.356347918510437,1.5137444734573364,1.458229422569275,1.1141258478164673
A15,3.0438222885131836,2.95198392868042,2.5874807834625244,2.472827196121216,2.1345372200012207,2.068869113922119,1.9067164659500122,1.5681400299072266,1.3640532493591309,1.061998724937439,0.850441575050354,0.5352211594581604,0.5413566827774048,0.362641304731369,0.0,3.025456666946411,2.7874248027801514,2.486703872680664,2.20902419090271,1.8811678886413574,1.7103122472763062,1.3572769165039062,1.2007224559783936,0.819283127784729,0.8283539414405823,0.643277108669281,0.6809200048446655,0.6877318620681763,1.0719188451766968,1.1461793184280396,3.351050615310669,3.0689892768859863,2.7587990760803223,2.567126750946045,2.2105209827423096,2.219860792160034,1.9105197191238403,1.868870496749878,1.5224411487579346,1.4373828172683716,1.4761966466903687,1.3502309322357178,1.5094735622406006,1.8436394929885864,1.7319915294647217,3.505619764328003,3.273048162460327,2.91821026802063,2.7844138145446777,2.4127604961395264,2.4923973083496094,2.2625224590301514,2.1492574214935303,1.8599612712860107,1.6477453708648682,1.7504130601882935,1.5141934156417847,1.760388970375061,1.979538917541504,1.733642578125,3.331054449081421,3.1499855518341064,2.8177490234375,2.783325672149658,2.4254064559936523,2.5707342624664307,2.442589044570923,2.2287685871124268,2.0186479091644287,1.6756155490875244,1.7068172693252563,1.3498588800430298,1.5604091882705688,1.5883839130401611,1.2484204769134521
B1,0.7480588555335999,0.9749831557273865,0.9476439952850342,1.3337514400482178,1.4890321493148804,1.76444673538208,2.124356985092163,2.1253464221954346,2.4542744159698486,2.3920366764068604,2.693220376968384,2.8514199256896973,3.1592719554901123,3.1215405464172363,3.025456666946411,0.0,0.3826069235801697,0.5973743200302124,0.8703883290290833,1.1843160390853882,1.3564255237579346,1.7505261898040771,1.8443357944488525,2.2125377655029297,2.2806437015533447,2.568875789642334,2.827702045440674,3.0998761653900146,3.129422426223755,3.1244895458221436,1.0758764743804932,0.7407290935516357,0.9729652404785156,0.9153068661689758,1.1965903043746948,1.3433760404586792,1.5651865005493164,1.8658316135406494,2.122035026550293,2.2734158039093018,2.6099534034729004,2.861004590988159,3.157522201538086,3.2977302074432373,3.248257875442505,1.9983677864074707,1.7814276218414307,1.737088680267334,1.8955672979354858,1.9197230339050293,2.277909994125366,2.480876922607422,2.631216049194336,2.806103467941284,2.7290985584259033,3.107353687286377,3.188372850418091,3.5665159225463867,3.6403939723968506,3.4474129676818848,1.2622102499008179,1.4595394134521484,1.3770979642868042,1.7553434371948242,1.8304648399353027,2.1538100242614746,2.487948417663574,2.4642043113708496,2.7252166271209717,2.5837574005126953,2.9176125526428223,2.974512815475464,3.3314948081970215,3.309267520904541,3.108304977416992
B2,0.49186545610427856,0.6938595771789551,0.6161064505577087,0.9830154776573181,1.1529462337493896,1.3990262746810913,1.7702003717422485,1.7766902446746826,2.1212570667266846,2.0915865898132324,2.3861660957336426,2.577406883239746,2.873018980026245,2.854863166809082,2.7874248027801514,0.3826069235801697,0.0,0.38551902770996094,0.5820883512496948,0.9194036722183228,1.1120357513427734,1.4823296070098877,1.635304570198059,1.9839500188827515,2.0776748657226562,2.3869853019714355,2.6506001949310303,2.9341888427734375,3.007880687713623,2.9982376098632812,1.1949198246002197,0.8400088548660278,0.9632373452186584,0.9454331398010254,1.1309655904769897,1.356429934501648,1.540083408355713,1.8314844369888306,2.0440759658813477,2.154999256134033,2.5143067836761475,2.725809335708618,3.0471575260162354,3.2002792358398438,3.115954637527466,1.988905906677246,1.7996501922607422,1.6845521926879883,1.8679821491241455,1.8380404710769653,2.2164225578308105,2.413578510284424,2.5118634700775146,2.668240785598755,2.544142007827759,2.914720058441162,2.959188938140869,3.3408281803131104,3.3932573795318604,3.177676200866699,1.264089584350586,1.4406523704528809,1.2664165496826172,1.6145446300506592,1.6377019882202148,1.9385582208633423,2.264111042022705,2.194545269012451,2.4570059776306152,2.2995150089263916,2.6142144203186035,2.6706056594848633,3.0158932209014893,2.9712138175964355,2.778596878051758
B3,0.7864124178886414,0.8237017393112183,0.5670868158340454,0.9096750020980835,0.9549057483673096,1.2553315162658691,1.5831928253173828,1.5655556917190552,1.8746023178100586,1.8024661540985107,2.1169610023498535,2.275378465652466,2.593881607055664,2.5853934288024902,2.486703872680664,0.5973743200302124,0.38551902770996094,0.0,0.3915334939956665,0.6174689531326294,0.8814355134963989,1.249538540840149,1.3482600450515747,1.691007375717163,1.7410988807678223,2.0604748725891113,2.301628828048706,2.598926305770874,2.663182020187378,2.634648084640503,1.138240098953247,0.7662378549575806,0.7306728363037109,0.6492961049079895,0.760296642780304,1.0115623474121094,1.193900465965271,1.4636081457138062,1.6761513948440552,1.7732220888137817,2.1346521377563477,2.3445773124694824,2.6666934490203857,2.815164566040039,2.7320683002471924,1.83871591091156,1.6083909273147583,1.4406934976577759,1.573170781135559,1.4995001554489136,1.8715732097625732,2.0450077056884766,2.145026445388794,2.2902414798736572,2.1756129264831543,2.5502874851226807,2.6074116230010986,2.98885178565979,3.0605926513671875,2.8575685024261475,1.2098981142044067,1.2840297222137451,1.06273353099823,1.385748267173767,1.359187364578247,1.6923733949661255,1.9885156154632568,1.9313603639602661,2.164614677429199,1.999621033668518,2.332944631576538,2.3794195652008057,2.740022659301758,2.7299294471740723,2.5268383026123047
B4,0.9082344770431519,0.9632970690727234,0.6602759957313538,0.8789415955543518,0.8669507503509521,1.0769544839859009,1.4041997194290161,1.3141417503356934,1.6383872032165527,1.5640790462493896,1.838559627532959,2.0157761573791504,2.3047218322753906,2.2745232582092285,2.20902419090271,0.8703883290290833,0.5820883512496948,0.3915334939956665,0.0,0.3771607577800751,0.5400887131690979,0.9035705924034119,1.0670615434646606,1.4065502882003784,1.5252001285552979,1.8317813873291016,2.1103482246398926,2.386198043823242,2.4918222427368164,2.496265172958374,1.5235143899917603,1.1559584140777588,1.0726286172866821,0.9477502107620239,0.9216593503952026,1.1451934576034546,1.2027629613876343,1.4930367469787598,1.6188241243362427,1.7191442251205444,2.0804696083068848,2.2667174339294434,2.592345952987671,2.7846195697784424,2.6907312870025635,2.1508841514587402,1.9288445711135864,1.7101035118103027,1.8173112869262695,1.670602798461914,2.031198501586914,2.149730920791626,2.2124087810516357,2.2978668212890625,2.1399054527282715,2.504755973815918,2.506887912750244,2.895263433456421,2.9716951847076416,2.734578847885132,1.5576730966567993,1.6088988780975342,1.3315681219100952,1.5974148511886597,1.4853966236114502,1.7946070432662964,2.046088933944702,1.921563744544983,2.1168999671936035,1.894792079925537,2.1968698501586914,2.1937496662139893,2.5478355884552,2.5009400844573975,2.2727339267730713
B5,1.2145119905471802,1.170521855354309,0.8032733798027039,0.9079043865203857,0.734855055809021,0.951564610004425,1.1983003616333008,1.0664217472076416,1.34232497215271,1.223366141319275,1.5167332887649536,1.6689525842666626,1.9794256687164307,1.9696844816207886,1.8811678886413574,1.1843160390853882,0.9194036722183228,0.6174689531326294,0.3771607577800751,0.0,0.38729289174079895,0.6690495610237122,0.7865267395973206,1.0956275463104248,1.17525053024292,1.5058382749557495,1.760575294494629,2.056584119796753,2.1750457286834717,2.1574227809906006,1.636026382446289,1.2962342500686646,1.0967693328857422,0.955350399017334,0.7784357666969299,1.0131449699401855,1.0119390487670898,1.2469748258590698,1.3260881900787354,1.3836283683776855,1.7515350580215454,1.9107974767684937,2.2464663982391357,2.441668748855591,2.3336033821105957,2.1176979541778564,1.8840912580490112,1.6098688840866089,1.6656116247177124,1.4524024724960327,1.7903385162353516,1.86758553981781,1.9025229215621948,1.956129550933838,1.783664345741272,2.1445815563201904,2.1383111476898193,2.5273845195770264,2.616971731185913,2.3822734355926514,1.6424615383148193,1.607938528060913,1.2905681133270264,1.483418345451355,1.294482946395874,1.603057861328125,1.7997370958328247,1.6646531820297241,1.8144516944885254,1.5702590942382812,1.878429889678955,1.8559433221817017,2.221681833267212,2.203392505645752,1.964735746383667
B6,1.4238682985305786,1.4522937536239624,1.1148706674575806,1.1974519491195679,1.034915566444397,1.1431142091751099,1.3645936250686646,1.1353833675384521,1.3953813314437866,1.2389585971832275,1.4511500597000122,1.5864648818969727,1.8528485298156738,1.7760401964187622,1.7103122472763062,1.3564255237579346,1.1120357513427734,0.8814355134963989,0.5400887131690979,0.38729289174079895,0.0,0.40209218859672546,0.5569329261779785,0.899697482585907,1.0829063653945923,1.3495298624038696,1.6664950847625732,1.9068189859390259,2.0424654483795166,2.0873003005981445,1.9680849313735962,1.6097356081008911,1.442586898803711,1.240052580833435,1.0606435537338257,1.1893318891525269,1.0681453943252563,1.3439249992370605,1.34038507938385,1.4558203220367432,1.7870848178863525,1.9542661905288696,2.261749505996704,2.508338451385498,2.423755168914795,2.4987664222717285,2.2519290447235107,1.9815245866775513,2.0051159858703613,1.770186424255371,2.0780487060546875,2.096569061279297,2.1362385749816895,2.1293282508850098,1.9519931077957153,2.297762632369995,2.251344680786133,2.6384081840515137,2.754852771759033,2.4990947246551514,2.006908893585205,1.9842808246612549,1.6758012771606445,1.865390658378601,1.656306266784668,1.9520316123962402,2.112821102142334,1.945143222808838,2.0469815731048584,1.7553608417510986,2.0248076915740967,1.9308768510818481,2.2868452072143555,2.235166311264038,1.9545071125030518
B7,1.7363568544387817,1.7226613759994507,1.3795053958892822,1.3567389249801636,1.1274497509002686,1.1295934915542603,1.2503130435943604,0.9356215596199036,1.1333835124969482,0.9523506164550781,1.095117211341858,1.235888123512268,1.4704350233078003,1.3883455991744995,1.3572769165039062,1.7505261898040771,1.4823296070098877,1.249538540840149,0.9035705924034119,0.6690495610237122,0.40209218859672546,0.0,0.3857184648513794,0.5897086262702942,0.8590295314788818,1.1038001775741577,1.4294564723968506,1.6524388790130615,1.8507866859436035,1.9076191186904907,2.3024678230285645,1.9599813222885132,1.7510054111480713,1.5676406621932983,1.322851538658142,1.44399094581604,1.2552496194839478,1.4604305028915405,1.353469967842102,1.4155755043029785,1.7203668355941772,1.8236429691314697,2.129506826400757,2.4034929275512695,2.295186996459961,2.7272489070892334,2.495413303375244,2.1874160766601562,2.1895837783813477,1.904441237449646,2.1775691509246826,2.1460375785827637,2.131375789642334,2.0621750354766846,1.842537760734558,2.1521213054656982,2.0455355644226074,2.4231066703796387,2.5411579608917236,2.2612438201904297,2.3022913932800293,2.2458364963531494,1.9085278511047363,2.0322749614715576,1.7633435726165771,2.0124101638793945,2.106538772583008,1.8912465572357178,1.9303057193756104,1.5965250730514526,1.8133732080459595,1.6597820520401,1.9977734088897705,1.9256510734558105,1.6201432943344116
B8,1.9608464241027832,1.9441224336624146,1.5795880556106567,1.6024420261383057,1.337011456489563,1.4091352224349976,1.4881645441055298,1.179178237915039,1.2895644903182983,1.0084952116012573,1.1554386615753174,1.1718991994857788,1.4417712688446045,1.3259730339050293,1.2007224559783936,1.8443357944488525,1.635304570198059,1.3482600450515747,1.0670615434646606,0.7865267395973206,0.5569329261779785,0.3857184648513794,0.0,0.38533148169517517,0.5801476836204529,0.7963215112686157,1.13383150100708,1.3519651889801025,1.5047001838684082,1.5698630809783936,2.322783946990967,1.9927417039871216,1.7511234283447266,1.5122746229171753,1.224984049797058,1.2556898593902588,0.9888750910758972,1.165764331817627,1.0074397325515747,1.1143337488174438,1.3865100145339966,1.526983618736267,1.8050637245178223,2.0948164463043213,2.0266945362091064,2.731640100479126,2.462676525115967,2.1583597660064697,2.091306686401367,1.7893143892288208,2.0158658027648926,1.9278708696365356,1.9496209621429443,1.8480403423309326,1.6780129671096802,1.9916377067565918,1.9199408292770386,2.291929244995117,2.463367462158203,2.217184543609619,2.3671693801879883,2.265420913696289,1.9527342319488525,2.065260171890259,1.7906931638717651,2.0677688121795654,2.130763292312622,1.961804747581482,1.957696557044983,1.6292157173156738,1.8698124885559082,1.691887378692627,2.0484933853149414,2.0385804176330566,1.7164243459701538
B9,2.273247241973877,2.2206926345825195,1.8529386520385742,1.8090168237686157,1.5031720399856567,1.5117932558059692,1.4924594163894653,1.1471339464187622,1.145678997039795,0.8202843070030212,0.8716701865196228,0.8216053247451782,1.0730782747268677,0.9524199962615967,0.819283127784729,2.2125377655029297,1.9839500188827515,1.691007375717163,1.4065502882003784,1.0956275463104248,0.899697482585907,0.5897086262702942,0.38533148169517517,0.0,0.37658676505088806,0.5313137769699097,0.8628408908843994,1.0676119327545166,1.2970622777938843,1.3628586530685425,2.6267621517181396,2.31490159034729,2.0416269302368164,1.8278621435165405,1.5042262077331543,1.537151575088501,1.249886393547058,1.3322404623031616,1.0816340446472168,1.105146884918213,1.321639895439148,1.3759089708328247,1.642731785774231,1.9551774263381958,1.8633173704147339,2.9335291385650635,2.6799821853637695,2.3491480350494385,2.2607104778289795,1.9230544567108154,2.103585958480835,1.965524673461914,1.9324570894241333,1.764577865600586,1.5627604722976685,1.825227975845337,1.6968605518341064,2.049537181854248,2.232238292694092,1.9746861457824707,2.638849973678589,2.505908727645874,2.177551031112671,2.2303404808044434,1.913794994354248,2.1431846618652344,2.1374998092651367,1.941235065460205,1.8665173053741455,1.513957142829895,1.6968252658843994,1.4559811353683472,1.7892866134643555,1.7850335836410522,1.4431434869766235
B10,2.38554310798645,2.294722080230713,1.9148268699645996,1.8800891637802124,1.5417314767837524,1.609320878982544,1.5506428480148315,1.2556768655776978,1.1905152797698975,0.8189141750335693,0.9429649114608765,0.7922115921974182,1.1204358339309692,1.0696393251419067,0.8283539414405823,2.2806437015533447,2.0776748657226562,1.7410988807678223,1.5252001285552979,1.17525053024292,1.0829063653945923,0.8590295314788818,0.5801476836204529,0.37658676505088806,0.0,0.38556361198425293,0.5960322022438049,0.9009343385696411,1.0841857194900513,1.070218801498413,2.5472426414489746,2.2696754932403564,1.9562087059020996,1.7473961114883423,1.3882977962493896,1.3959699869155884,1.111128807067871,1.0896450281143188,0.8029268980026245,0.7556270956993103,0.9622175097465515,1.0043028593063354,1.288828730583191,1.586387038230896,1.4951565265655518,2.7660233974456787,2.5029568672180176,2.1678905487060547,2.030461549758911,1.6764657497406006,1.807000756263733,1.6293929815292358,1.5970665216445923,1.4067643880844116,1.2354642152786255,1.5019755363464355,1.4185365438461304,1.7705975770950317,1.9867030382156372,1.7711026668548584,2.5623533725738525,2.380352020263672,2.0699563026428223,2.0835471153259277,1.7595278024673462,1.9892327785491943,1.9466509819030762,1.7984369993209839,1.689409613609314,1.3650121688842773,1.578769564628601,1.3573261499404907,1.7099672555923462,1.7871378660202026,1.4694899320602417
B11,2.7168047428131104,2.6517372131347656,2.2732808589935303,2.248544454574585,1.9174190759658813,1.9641979932785034,1.8940856456756592,1.5745280981063843,1.4748189449310303,1.1032345294952393,1.109795331954956,0.8589780330657959,1.0939768552780151,0.9462491273880005,0.643277108669281,2.568875789642334,2.3869853019714355,2.0604748725891113,1.8317813873291016,1.5058382749557495,1.3495298624038696,1.1038001775741577,0.7963215112686157,0.5313137769699097,0.38556361198425293,0.0,0.39215990900993347,0.5588513016700745,0.7692286968231201,0.8529197573661804,2.8779256343841553,2.5959603786468506,2.2919650077819824,2.0507357120513916,1.700821876525879,1.6418572664260864,1.303410291671753,1.2687656879425049,0.9129728078842163,0.9266690015792847,0.9886068105697632,1.0226160287857056,1.2053977251052856,1.558078646659851,1.5216376781463623,3.1150174140930176,2.837409496307373,2.5124399662017822,2.343249559402466,1.9909420013427734,2.077028751373291,1.8438493013381958,1.8285051584243774,1.58159601688385,1.4529885053634644,1.6631289720535278,1.562057614326477,1.8685941696166992,2.1281700134277344,1.9285560846328735,2.9195010662078857,2.7338688373565674,2.4367029666900635,2.4523422718048096,2.1309244632720947,2.356419086456299,2.2886645793914795,2.1443402767181396,1.9965513944625854,1.6727490425109863,1.840277075767517,1.567125916481018,1.8793891668319702,1.9570039510726929,1.6223771572113037
B12,2.9711902141571045,2.86751651763916,2.486522674560547,2.4414758682250977,2.0868940353393555,2.143275737762451,2.0166893005371094,1.7333217859268188,1.5598875284194946,1.1887654066085815,1.193161129951477,0.8605943918228149,1.0996177196502686,1.0376003980636597,0.6809200048446655,2.827702045440674,2.6506001949310303,2.301628828048706,2.1103482246398926,1.760575294494629,1.6664950847625732,1.4294564723968506,1.13383150100708,0.8628408908843994,0.5960322022438049,0.39215990900993347,0.0,0.39266934990882874,0.5979261994361877,0.5453183054924011,3.01130747795105,2.7646896839141846,2.4298367500305176,2.2135636806488037,1.8445841073989868,1.7823402881622314,1.4709452390670776,1.3319625854492188,0.9612560868263245,0.8601215481758118,0.8102940917015076,0.7259278893470764,0.8755484223365784,1.22867751121521,1.1822082996368408,3.1340348720550537,2.8654890060424805,2.53456449508667,2.3282485008239746,1.9647250175476074,1.9811382293701172,1.697127342224121,1.6489115953445435,1.3455780744552612,1.24506413936615,1.3914523124694824,1.2998437881469727,1.5651816129684448,1.86294686794281,1.7087745666503906,3.036856174468994,2.809635639190674,2.524996042251587,2.4868366718292236,2.1551380157470703,2.346843719482422,2.220158100128174,2.1057310104370117,1.901672124862671,1.6130558252334595,1.7563960552215576,1.4828684329986572,1.7701902389526367,1.916445255279541,1.6144753694534302
B13,3.270174980163574,3.193803071975708,2.8135018348693848,2.7766010761260986,2.4311227798461914,2.4664885997772217,2.3445684909820557,2.034388303756714,1.8583253622055054,1.4973324537277222,1.4230995178222656,1.069383978843689,1.1901150941848755,1.0337616205215454,0.6877318620681763,3.0998761653900146,2.9341888427734375,2.598926305770874,2.386198043823242,2.056584119796753,1.9068189859390259,1.6524388790130615,1.3519651889801025,1.0676119327545166,0.9009343385696411,0.5588513016700745,0.39266934990882874,0.0,0.3895002603530884,0.5436661839485168,3.348226308822632,3.08909010887146,2.7691643238067627,2.5259034633636475,2.169448137283325,2.0680761337280273,1.7222832441329956,1.6074943542480469,1.220714807510376,1.1953747272491455,1.0686490535736084,1.0055688619613647,1.0172195434570312,1.3952676057815552,1.4110093116760254,3.5108213424682617,3.2313671112060547,2.909334897994995,2.692322254180908,2.335787534713745,2.3382627964019775,2.03202223777771,2.003042459487915,1.6809793710708618,1.6084988117218018,1.711575984954834,1.600874900817871,1.813833236694336,2.1285617351531982,1.982265591621399,3.3951523303985596,3.17646861076355,2.8962759971618652,2.8724563121795654,2.5440807342529297,2.7385549545288086,2.6080851554870605,2.4854280948638916,2.2687323093414307,1.9744054079055786,2.081820011138916,1.7742245197296143,2.019493818283081,2.142965316772461,1.830157995223999
