,A1,A2,A3,A4,A5,A6,A7,A8,A9,A10,A11,A12,A13,A14,A15,B1,B2,B3,B4,B5,B6,B7,B8,B9,B10,B11,B12,B13,B14,B15,C1,C2,C3,C4,C5,C6,C7,C8,C9,C10,C11,C12,C13,C14,C15,D1,D2,D3,D4,D5,D6,D7,D8,D9,D10,D11,D12,D13,D14,D15,E1,E2,E3,E4,E5,E6,E7,E8,E9,E10,E11,E12,E13,E14,E15
A1,0.0,0.3796193301677704,0.6386431455612183,0.9746689796447754,1.3187094926834106,1.5518807172775269,1.917465329170227,1.8568464517593384,1.6375001668930054,1.2836321592330933,1.0882383584976196,0.8463568091392517,0.9112163186073303,0.6160343885421753,0.41767024993896484,2.4832262992858887,2.4468982219696045,2.180333137512207,2.2984061241149902,2.1475565433502197,2.4086108207702637,2.4172494411468506,2.0633087158203125,1.974159836769104,1.8499938249588013,2.1643154621124268,2.1392152309417725,2.4874660968780518,2.637558937072754,2.40895414352417,0.9506537914276123,1.1973893642425537,1.1902384757995605,1.5558390617370605,1.8036586046218872,2.033677339553833,2.348527431488037,2.2435450553894043,1.939550518989563,1.5780245065689087,1.4589873552322388,1.1047855615615845,1.2519079446792603,1.1779801845550537,0.8221480250358582,2.5239312648773193,2.4381096363067627,2.0964722633361816,2.1023428440093994,1.863584041595459,2.0132155418395996,1.9162520170211792,1.5866092443466187,1.5168282985687256,1.546643853187561,1.8347525596618652,1.880483865737915,2.175158977508545,2.4256181716918945,2.2803173065185547,1.5401371717453003,1.1805592775344849,1.0627833604812622,0.8657708764076233,0.7966750860214233,1.0361469984054565,1.2141727209091187,1.121301293373108,1.2689626216888428,1.1724590063095093,1.305810809135437,1.4906922578811646,1.7190070152282715,1.6458542346954346,1.6575719118118286
A2,0.3796193301677704,0.0,0.3763872981071472,0.6437638998031616,1.0003743171691895,1.240732192993164,1.610581398010254,1.5629794597625732,1.3915435075759888,1.060491919517517,0.9024593234062195,0.7836567759513855,0.8993115425109863,0.6420104503631592,0.5832502841949463,2.4455745220184326,2.354020357131958,2.0758016109466553,2.146651268005371,1.9594087600708008,2.2238874435424805,2.2102644443511963,1.8435271978378296,1.814697027206421,1.7191267013549805,2.064173698425293,2.090548515319824,2.4476242065429688,2.58602237701416,2.3890745639801025,1.2296980619430542,1.4005458354949951,1.3146215677261353,1.6722590923309326,1.8699133396148682,2.1431846618652344,2.4305579662323,2.269622802734375,1.9820647239685059,1.6145961284637451,1.5838788747787476,1.2602019309997559,1.4848527908325195,1.4550361633300781,1.0967140197753906,2.299970865249634,2.2558765411376953,1.9270133972167969,1.9794646501541138,1.790116786956787,1.9376811981201172,1.8910080194473267,1.58970308303833,1.4337658882141113,1.4218705892562866,1.651009202003479,1.6474350690841675,1.9182310104370117,2.178945779800415,2.0229835510253906,1.1714589595794678,0.8178775310516357,0.7675054669380188,0.6560169458389282,0.7572231292724609,1.0314692258834839,1.3111271858215332,1.2403167486190796,1.2802894115447998,1.0889326333999634,1.1350271701812744,1.2504245042800903,1.4592832326889038,1.3315953016281128,1.3303346633911133
A3,0.6386431455612183,0.3763872981071472,0.0,0.37465617060661316,0.6837654709815979,0.9471114873886108,1.2957621812820435,1.2197527885437012,1.0247730016708374,0.6848143935203552,0.560084342956543,0.5084858536720276,0.7310459017753601,0.6366455554962158,0.600350022315979,2.1328108310699463,2.025841236114502,1.766684651374817,1.8475079536437988,1.6859347820281982,1.9851057529449463,2.0172858238220215,1.6559103727340698,1.6288142204284668,1.485318660736084,1.8229011297225952,1.8410086631774902,2.2069742679595947,2.3074281215667725,2.11040997505188,1.2154061794281006,1.2852222919464111,1.141850233078003,1.4798153638839722,1.6483851671218872,1.9618786573410034,2.2403204441070557,2.0475735664367676,1.7994118928909302,1.424034595489502,1.4571894407272339,1.1879116296768188,1.4819940328598022,1.4539815187454224,1.115685224533081,1.9747874736785889,1.9133358001708984,1.5755770206451416,1.6211458444595337,1.445316195487976,1.588247299194336,1.575368046760559,1.292268991470337,1.091111183166504,1.0619980096817017,1.2759913206100464,1.2858153581619263,1.5558929443359375,1.8219856023788452,1.6903903484344482,1.0102205276489258,0.7181318998336792,0.6185615658760071,0.6769267916679382,0.7984801530838013,1.1450567245483398,1.428829312324524,1.281943440437317,1.2530674934387207,0.9752135276794434,1.0520696640014648,1.0798295736312866,1.351241946220398,1.2349340915679932,1.139251947402954
A4,0.9746689796447754,0.6437638998031616,0.37465617060661316,0.0,0.37661653757095337,0.6065300703048706,0.9687685370445251,0.9459545612335205,0.8173012137413025,0.5825310945510864,0.5153883099555969,0.6954619884490967,0.8683211207389832,0.8415306806564331,0.9264604449272156,2.2053182125091553,2.048157215118408,1.804582953453064,1.8399473428726196,1.657541275024414,1.9633471965789795,1.9836922883987427,1.6243644952774048,1.6722431182861328,1.552287220954895,1.8977727890014648,1.9570293426513672,2.3195128440856934,2.3888089656829834,2.221601724624634,1.554154634475708,1.5863673686981201,1.4230859279632568,1.7323850393295288,1.860622525215149,2.2014212608337402,2.454641580581665,2.2214884757995605,2.008986711502075,1.6471997499465942,1.7434465885162354,1.5127170085906982,1.8303254842758179,1.8091368675231934,1.479801058769226,1.8550622463226318,1.8358542919158936,1.5190361738204956,1.5996345281600952,1.4833567142486572,1.586272954940796,1.6138521432876587,1.398013710975647,1.1184544563293457,1.0738954544067383,1.1754800081253052,1.139047384262085,1.3416645526885986,1.6360218524932861,1.5205961465835571,0.7371587753295898,0.5548601746559143,0.6223636269569397,0.8413146734237671,1.0725922584533691,1.396938443183899,1.7211742401123047,1.595383882522583,1.5037742853164673,1.1735857725143433,1.162244200706482,1.073822259902954,1.3092913627624512,1.1168650388717651,0.9606261253356934
A5,1.3187094926834106,1.0003743171691895,0.6837654709815979,0.37661653757095337,0.0,0.37894728779792786,0.6525977849960327,0.57459557056427,0.5233750939369202,0.4258725047111511,0.571960985660553,0.8625151515007019,1.0774013996124268,1.1521592140197754,1.225637674331665,2.031031847000122,1.8288367986679077,1.605609655380249,1.60757577419281,1.4327518939971924,1.751403570175171,1.7976114749908447,1.4622719287872314,1.5479743480682373,1.419906497001648,1.7467336654663086,1.8305612802505493,2.1804986000061035,2.213225841522217,2.0782084465026855,1.7774919271469116,1.7350478172302246,1.520079493522644,1.7734622955322266,1.8391906023025513,2.199815273284912,2.4153354167938232,2.1429688930511475,1.9796382188796997,1.6461570262908936,1.8157306909561157,1.6508055925369263,2.0010902881622314,2.004315137863159,1.706456184387207,1.5392428636550903,1.5418351888656616,1.251158595085144,1.3695509433746338,1.3288112878799438,1.4266926050186157,1.5318323373794556,1.372563362121582,1.03534996509552,0.9233800172805786,0.9122850298881531,0.81993168592453,0.9825407862663269,1.2804465293884277,1.1806368827819824,0.6255009770393372,0.6377149820327759,0.6963167190551758,1.0240601301193237,1.2649298906326294,1.5858978033065796,1.9108834266662598,1.7628945112228394,1.605230450630188,1.23306143283844,1.1973092555999756,0.9974727630615234,1.2382631301879883,1.0542018413543701,0.7937561273574829
A6,1.5518807172775269,1.240732192993164,0.9471114873886108,0.6065300703048706,0.37894728779792786,0.0,0.38852429389953613,0.5467552542686462,0.5198237895965576,0.6372042894363403,0.6708163619041443,1.0261515378952026,1.1317027807235718,1.2514052391052246,1.4136381149291992,2.2027618885040283,2.0024502277374268,1.835226058959961,1.847960352897644,1.7060681581497192,2.0322518348693848,2.0932207107543945,1.778228998184204,1.8867037296295166,1.7462944984436035,2.0488948822021484,2.1164984703063965,2.4604480266571045,2.4487218856811523,2.306535005569458,1.9818835258483887,1.9351593255996704,1.7637323141098022,2.0138509273529053,2.0955982208251953,2.468071460723877,2.692732572555542,2.4217233657836914,2.2899909019470215,1.9568217992782593,2.119896411895752,1.9602383375167847,2.3049399852752686,2.2673873901367188,1.968997597694397,1.6946841478347778,1.6918764114379883,1.4142764806747437,1.4883480072021484,1.4518568515777588,1.4533542394638062,1.5322262048721313,1.4528498649597168,1.106317162513733,1.085160255432129,0.989691436290741,0.9523723721504211,0.9768087267875671,1.3213474750518799,1.3094091415405273,0.8242219090461731,0.9246527552604675,1.0619885921478271,1.3784414529800415,1.6216800212860107,1.9471443891525269,2.272071599960327,2.117682456970215,1.976925015449524,1.6064625978469849,1.5742090940475464,1.3572124242782593,1.5705760717391968,1.3489528894424438,1.0744826793670654
A7,1.917465329170227,1.610581398010254,1.2957621812820435,0.9687685370445251,0.6525977849960327,0.38852429389953613,0.0,0.3741205036640167,0.5240353345870972,0.8239166140556335,0.9561675190925598,1.3185800313949585,1.4394077062606812,1.6087775230407715,1.757480502128601,2.1522717475891113,1.917826533317566,1.7973389625549316,1.781392216682434,1.6684978008270264,1.9885387420654297,2.0760135650634766,1.8064738512039185,1.9432487487792969,1.8005603551864624,2.062730073928833,2.143495559692383,2.460893154144287,2.404585123062134,2.295583724975586,2.269618034362793,2.171886682510376,1.9744067192077637,2.1728925704956055,2.204688549041748,2.5825893878936768,2.7714531421661377,2.475642204284668,2.3957698345184326,2.0976085662841797,2.3080108165740967,2.1996848583221436,2.559210777282715,2.5352957248687744,2.2626852989196777,1.5218663215637207,1.5400946140289307,1.3195985555648804,1.41025710105896,1.4554989337921143,1.4238510131835938,1.568609595298767,1.5646804571151733,1.2042713165283203,1.149735927581787,0.9243832230567932,0.8552835583686829,0.7303985953330994,1.072823166847229,1.1300907135009766,0.9950690269470215,1.1973458528518677,1.3171266317367554,1.6670138835906982,1.9078218936920166,2.226984977722168,2.5473451614379883,2.3787925243377686,2.1998612880706787,1.8161139488220215,1.7726877927780151,1.4966328144073486,1.6928094625473022,1.4914641380310059,1.1706868410110474
A8,1.8568464517593384,1.5629794597625732,1.2197527885437012,0.9459545612335205,0.57459557056427,0.5467552542686462,0.3741205036640167,0.0,0.36883997917175293,0.6503994464874268,0.9201297163963318,1.2444909811019897,1.4569435119628906,1.631732702255249,1.704234004020691,1.8456151485443115,1.5881214141845703,1.4433269500732422,1.4096230268478394,1.2972122430801392,1.6238895654678345,1.7349109649658203,1.4769624471664429,1.596659541130066,1.444244146347046,1.6950416564941406,1.7891124486923218,2.0990066528320312,2.051597833633423,1.9630415439605713,2.153383255004883,2.02177095413208,1.7728146314620972,1.9356616735458374,1.9210950136184692,2.2930212020874023,2.4531965255737305,2.1417012214660645,2.0714240074157715,1.797315239906311,2.043471336364746,1.9717106819152832,2.3418424129486084,2.357048749923706,2.108435869216919,1.1733802556991577,1.1926935911178589,0.9743417501449585,1.1214663982391357,1.2143621444702148,1.263769507408142,1.4764833450317383,1.4354639053344727,1.0698641538619995,0.9073032140731812,0.6606980562210083,0.498418390750885,0.45214203000068665,0.7790097594261169,0.7847365736961365,0.9235444664955139,1.1094660758972168,1.1370056867599487,1.4975377321243286,1.711388349533081,2.02266788482666,2.3257687091827393,2.1439456939697266,1.9327492713928223,1.5467766523361206,1.5133203268051147,1.2170861959457397,1.4402798414230347,1.3051279783248901,0.9581865668296814
A9,1.6375001668930054,1.3915435075759888,1.0247730016708374,0.8173012137413025,0.5233750939369202,0.5198237895965576,0.5240353345870972,0.36883997917175293,0.0,0.38353031873703003,0.6135833859443665,0.9297444820404053,1.1337120532989502,1.3541507720947266,1.423686146736145,1.695096731185913,1.5015153884887695,1.3725976943969727,1.4343833923339844,1.3749107122421265,1.7357492446899414,1.8839077949523926,1.6054975986480713,1.6482641696929932,1.429124116897583,1.6753084659576416,1.6976464986801147,2.0317423343658447,1.9784356355667114,1.8273943662643433,1.8343892097473145,1.6933114528656006,1.4754321575164795,1.6535571813583374,1.687103271484375,2.0664968490600586,2.2697715759277344,1.9911433458328247,1.9126489162445068,1.6081892251968384,1.8127714395523071,1.732316255569458,2.0939583778381348,2.0700888633728027,1.8288443088531494,1.3255771398544312,1.2421883344650269,0.9360240697860718,0.9712039232254028,0.9582342505455017,0.9817836284637451,1.1429556608200073,1.0841548442840576,0.7167401313781738,0.6274303197860718,0.47091153264045715,0.5211219787597656,0.6101160645484924,0.9469757676124573,0.9859064817428589,1.0759581327438354,1.143903374671936,1.110766053199768,1.4273781776428223,1.5834903717041016,1.9291160106658936,2.202646493911743,1.9820935726165771,1.8206995725631714,1.4481096267700195,1.498914361000061,1.2699036598205566,1.5594755411148071,1.4505103826522827,1.1296800374984741
A10,1.2836321592330933,1.060491919517517,0.6848143935203552,0.5825310945510864,0.4258725047111511,0.6372042894363403,0.8239166140556335,0.6503994464874268,0.38353031873703003,0.0,0.37942662835121155,0.6176185011863708,0.9043858647346497,1.0788260698318481,1.0866727828979492,1.6605408191680908,1.5043587684631348,1.3096749782562256,1.3989981412887573,1.3104771375656128,1.668104648590088,1.7957948446273804,1.482011079788208,1.474162220954895,1.2490376234054565,1.5328565835952759,1.541215181350708,1.8998732566833496,1.9052382707595825,1.7268632650375366,1.5047106742858887,1.3943939208984375,1.1656376123428345,1.3900254964828491,1.4602359533309937,1.8312273025512695,2.062819004058838,1.8071575164794922,1.669718861579895,1.3309919834136963,1.4990789890289307,1.3787049055099487,1.7377569675445557,1.722420573234558,1.4657437801361084,1.4300003051757812,1.3325120210647583,0.9861377477645874,1.022506594657898,0.9219763278961182,1.0399311780929565,1.1477246284484863,0.9655365943908691,0.632560670375824,0.5122025012969971,0.6053882241249084,0.6520406603813171,0.9026762843132019,1.1830852031707764,1.1293004751205444,1.003624677658081,0.9437373280525208,0.8296304941177368,1.0977301597595215,1.218400478363037,1.5751348733901978,1.8379180431365967,1.6147143840789795,1.4797368049621582,1.1189128160476685,1.2105149030685425,1.0544378757476807,1.3811187744140625,1.3010444641113281,1.0348175764083862
A11,1.0882383584976196,0.9024593234062195,0.560084342956543,0.5153883099555969,0.571960985660553,0.6708163619041443,0.9561675190925598,0.9201297163963318,0.6135833859443665,0.37942662835121155,0.0,0.36620065569877625,0.5461866855621338,0.7440231442451477,0.8326413631439209,1.8924864530563354,1.7925349473953247,1.6209014654159546,1.7511957883834839,1.6734039783477783,2.027252435684204,2.141770124435425,1.811972975730896,1.7890691757202148,1.5630208253860474,1.8483552932739258,1.8173623085021973,2.1830618381500244,2.1911375522613525,1.9704982042312622,1.3227485418319702,1.2721909284591675,1.1435011625289917,1.4297304153442383,1.5892235040664673,1.9484665393829346,2.2307047843933105,2.021634578704834,1.8608918190002441,1.4934988021850586,1.574843406677246,1.3953466415405273,1.7179590463638306,1.6332502365112305,1.3487764596939087,1.8043314218521118,1.6851015090942383,1.3248677253723145,1.2866255044937134,1.0949138402938843,1.1329011917114258,1.1096466779708862,0.913213312625885,0.6434850096702576,0.7303208708763123,0.8860534429550171,1.011930227279663,1.2121187448501587,1.522334098815918,1.4999009370803833,1.1629897356033325,1.03564453125,0.9744529128074646,1.1667571067810059,1.2657023668289185,1.6352565288543701,1.8871471881866455,1.6661213636398315,1.61057448387146,1.2892024517059326,1.409081220626831,1.3228260278701782,1.6372780799865723,1.5189924240112305,1.2975322008132935
A12,0.8463568091392517,0.7836567759513855,0.5084858536720276,0.6954619884490967,0.8625151515007019,1.0261515378952026,1.3185800313949585,1.2444909811019897,0.9297444820404053,0.6176185011863708,0.36620065569877625,0.0,0.3820717930793762,0.5544110536575317,0.5226059556007385,1.8659290075302124,1.825435996055603,1.6411746740341187,1.8167742490768433,1.7573338747024536,2.099544048309326,2.2197070121765137,1.888895034790039,1.8026611804962158,1.5583359003067017,1.830817699432373,1.7543162107467651,2.120940685272217,2.1591787338256836,1.9043505191802979,0.9579429030418396,0.9374232888221741,0.8524900078773499,1.1822589635849,1.403107762336731,1.733798623085022,2.0501720905303955,1.8896567821502686,1.695418119430542,1.3142662048339844,1.3180768489837646,1.1042757034301758,1.3966974020004272,1.2823331356048584,0.9961034655570984,1.9765050411224365,1.8230631351470947,1.4502431154251099,1.3760064840316772,1.1145049333572388,1.1956526041030884,1.1091729402542114,0.8201766610145569,0.6863697171211243,0.8022642731666565,1.080566644668579,1.233428955078125,1.4916956424713135,1.766366958618164,1.7200281620025635,1.3856173753738403,1.1700446605682373,1.0271754264831543,1.1054309606552124,1.1010386943817139,1.471308708190918,1.6692373752593994,1.4230376482009888,1.4366097450256348,1.1771516799926758,1.3733747005462646,1.3809446096420288,1.7138135433197021,1.6447365283966064,1.4764660596847534
A13,0.9112163186073303,0.8993115425109863,0.7310459017753601,0.8683211207389832,1.0774013996124268,1.1317027807235718,1.4394077062606812,1.4569435119628906,1.1337120532989502,0.9043858647346497,0.5461866855621338,0.3820717930793762,0.0,0.3706185817718506,0.5440379977226257,2.151470422744751,2.1367623805999756,1.9872485399246216,2.1767361164093018,2.126542806625366,2.4736721515655518,2.5897934436798096,2.25350022315979,2.1810922622680664,1.939906358718872,2.2073404788970947,2.1144397258758545,2.477368116378784,2.4967398643493652,2.222701072692871,1.003208041191101,1.0503748655319214,1.096407413482666,1.42838454246521,1.6958472728729248,2.0098330974578857,2.34985613822937,2.2187588214874268,2.032958984375,1.6546217203140259,1.609580636024475,1.3773534297943115,1.6135178804397583,1.4276403188705444,1.144201636314392,2.3043904304504395,2.143399477005005,1.7682654857635498,1.653572916984558,1.3674261569976807,1.3552919626235962,1.171836256980896,0.9449767470359802,0.8726886510848999,1.10014808177948,1.3379795551300049,1.5261321067810059,1.7284460067749023,2.0342915058135986,2.026554822921753,1.6015170812606812,1.3922743797302246,1.3248085975646973,1.3836157321929932,1.3904963731765747,1.7443058490753174,1.9335850477218628,1.7055178880691528,1.7676948308944702,1.5335688591003418,1.71570885181427,1.728505253791809,2.0413312911987305,1.9304641485214233,1.7682515382766724
A14,0.6160343885421753,0.6420104503631592,0.6366455554962158,0.8415306806564331,1.1521592140197754,1.2514052391052246,1.6087775230407715,1.631732702255249,1.3541507720947266,1.0788260698318481,0.7440231442451477,0.5544110536575317,0.3706185817718506,0.0,0.35951635241508484,2.405094861984253,2.3778655529022217,2.1824159622192383,2.3406362533569336,2.2417545318603516,2.5629422664642334,2.629964828491211,2.2759077548980713,2.2134454250335693,2.0205390453338623,2.318971633911133,2.256739854812622,2.6218485832214355,2.688657283782959,2.4283287525177,0.9952537417411804,1.1603779792785645,1.2170392274856567,1.5830076932907104,1.8594669103622437,2.1475627422332764,2.488293170928955,2.366621732711792,2.1320078372955322,1.7482645511627197,1.6683859825134277,1.3740804195404053,1.5737900733947754,1.4026200771331787,1.0747822523117065,2.485063076019287,2.36075758934021,1.9924392700195312,1.9265668392181396,1.6565370559692383,1.6927974224090576,1.529601812362671,1.2703735828399658,1.192405104637146,1.3526874780654907,1.6002388000488281,1.7288280725479126,1.9538140296936035,2.2567601203918457,2.199445962905884,1.561608910560608,1.2926489114761353,1.2518539428710938,1.234237790107727,1.2479411363601685,1.5667166709899902,1.7650328874588013,1.5940486192703247,1.691348671913147,1.4943727254867554,1.6433374881744385,1.709018588066101,1.9840314388275146,1.855573296546936,1.757473111152649
A15,0.41767024993896484,0.5832502841949463,0.600350022315979,0.9264604449272156,1.225637674331665,1.4136381149291992,1.757480502128601,1.704234004020691,1.423686146736145,1.0866727828979492,0.8326413631439209,0.5226059556007385,0.5440379977226257,0.35951635241508484,0.0,2.235198974609375,2.2291738986968994,2.0114383697509766,2.1821348667144775,2.090200424194336,2.393784999847412,2.4655921459198,2.1211557388305664,2.011676549911499,1.814088225364685,2.0988776683807373,2.020876884460449,2.377746343612671,2.4754722118377686,2.2123119831085205,0.7106899619102478,0.9013209342956543,0.9401187300682068,1.3150699138641357,1.5973783731460571,1.8572641611099243,2.1987690925598145,2.0989558696746826,1.839661717414856,1.462157964706421,1.345870018005371,1.032413363456726,1.2180821895599365,1.0651694536209106,0.7243704795837402,2.4029834270477295,2.2660796642303467,1.9017868041992188,1.8428592681884766,1.5636107921600342,1.6681523323059082,1.5297281742095947,1.209799885749817,1.1770108938217163,1.2813640832901,1.5871233940124512,1.7057116031646729,1.9858087301254272,2.2503132820129395,2.1604111194610596,1.608133316040039,1.2985578775405884,1.160430908203125,1.0709551572799683,0.9891372919082642,1.3024169206619263,1.4544354677200317,1.259438395500183,1.3905465602874756,1.2427978515625,1.4443252086639404,1.568996548652649,1.8595614433288574,1.7935878038406372,1.7224067449569702
B1,2.4832262992858887,2.4455745220184326,2.1328108310699463,2.2053182125091553,2.031031847000122,2.2027618885040283,2.1522717475891113,1.8456151485443115,1.695096731185913,1.6605408191680908,1.8924864530563354,1.8659290075302124,2.151470422744751,2.405094861984253,2.235198974609375,0.0,0.3789782226085663,0.6400256752967834,0.97735995054245,1.318642497062683,1.5464668273925781,1.9150481224060059,1.8726862668991089,1.6445770263671875,1.2915465831756592,1.1018033027648926,0.8190332055091858,0.8972451686859131,0.6153530478477478,0.38706856966018677,2.064847230911255,1.7117725610733032,1.4367706775665283,1.1798748970031738,0.8938281536102295,1.0645021200180054,1.0343221426010132,0.8157967925071716,1.0870928764343262,1.1446353197097778,1.4009770154953003,1.6738619804382324,1.9165388345718384,1.9875342845916748,2.035452365875244,1.336977481842041,0.978202223777771,0.9240066409111023,0.7469189167022705,0.8401011824607849,1.0748459100723267,1.352978229522705,1.3176548480987549,1.3615552186965942,1.172096610069275,1.236757516860962,1.3705254793167114,1.5639829635620117,1.4526851177215576,1.5017050504684448,2.4304039478302,2.3981494903564453,2.107523202896118,2.249474048614502,2.1314921379089355,2.373577117919922,2.4026005268096924,2.07053804397583,1.9175952672958374,1.7631561756134033,2.0114023685455322,1.9195750951766968,2.237302303314209,2.417717218399048,2.1819190979003906
B2,2.4468982219696045,2.354020357131958,2.025841236114502,2.048157215118408,1.8288367986679077,2.0024502277374268,1.917826533317566,1.5881214141845703,1.5015153884887695,1.5043587684631348,1.7925349473953247,1.825435996055603,2.1367623805999756,2.3778655529022217,2.2291738986968994,0.3789782226085663,0.0,0.3798876404762268,0.6507028341293335,1.0037788152694702,1.2402846813201904,1.6139920949935913,1.5843822956085205,1.4044297933578491,1.0760979652404785,0.9033894538879395,0.7371417284011841,0.8492513298988342,0.5856427550315857,0.5310521721839905,2.1742875576019287,1.8497482538223267,1.5316520929336548,1.344408631324768,1.0583603382110596,1.2842613458633423,1.2438204288482666,0.9373763203620911,1.1538240909576416,1.1772923469543457,1.499353051185608,1.731307864189148,2.0198493003845215,2.1183536052703857,2.1100432872772217,0.9592524170875549,0.6050741076469421,0.622166097164154,0.5803415179252625,0.8238351941108704,1.0870405435562134,1.4291383028030396,1.3918532133102417,1.3329658508300781,1.0674961805343628,1.0473326444625854,1.0994911193847656,1.277647852897644,1.1196712255477905,1.148362159729004,2.1746859550476074,2.1868274211883545,1.9177664518356323,2.102705955505371,2.0393331050872803,2.279433488845825,2.3580424785614014,2.0560450553894043,1.8459417819976807,1.6427258253097534,1.831406593322754,1.6838228702545166,1.978021502494812,2.1531105041503906,1.9036221504211426
B3,2.180333137512207,2.0758016109466553,1.766684651374817,1.804582953453064,1.605609655380249,1.835226058959961,1.7973389625549316,1.4433269500732422,1.3725976943969727,1.3096749782562256,1.6209014654159546,1.6411746740341187,1.9872485399246216,2.1824159622192383,2.0114383697509766,0.6400256752967834,0.3798876404762268,0.0,0.38026872277259827,0.682995080947876,0.9463043808937073,1.299149513244629,1.2360856533050537,1.0360513925552368,0.6969444751739502,0.5680676102638245,0.47041094303131104,0.7008771300315857,0.6152471899986267,0.578986406326294,2.0060548782348633,1.720282793045044,1.3627656698226929,1.2261964082717896,0.9407066702842712,1.1932975053787231,1.1743026971817017,0.8193957209587097,0.9307606816291809,0.9189146757125854,1.2789814472198486,1.4810932874679565,1.7887178659439087,1.926242709159851,1.8881853818893433,0.8430228233337402,0.5715237259864807,0.5125764608383179,0.6345157027244568,0.8363041877746582,1.1766189336776733,1.49790620803833,1.3749504089355469,1.2719755172729492,0.9411041140556335,0.9750850200653076,0.9468623995780945,1.2107599973678589,1.0833605527877808,0.9973163604736328,1.8944358825683594,1.8834707736968994,1.5937325954437256,1.7630071640014648,1.7026585340499878,1.9248578548431396,2.016087770462036,1.735427975654602,1.4962764978408813,1.2875311374664307,1.4616725444793701,1.3265881538391113,1.6194013357162476,1.815923810005188,1.594785451889038
B4,2.2984061241149902,2.146651268005371,1.8475079536437988,1.8399473428726196,1.60757577419281,1.847960352897644,1.781392216682434,1.4096230268478394,1.4343833923339844,1.3989981412887573,1.7511957883834839,1.8167742490768433,2.1767361164093018,2.3406362533569336,2.1821348667144775,0.97735995054245,0.6507028341293335,0.38026872277259827,0.0,0.3756794035434723,0.5982235670089722,0.965627133846283,0.95912104845047,0.8232017755508423,0.5936519503593445,0.47263002395629883,0.6302276849746704,0.7845384478569031,0.7720808386802673,0.884840726852417,2.261394739151001,2.011192798614502,1.6377623081207275,1.544955849647522,1.2655401229858398,1.4971190690994263,1.436147689819336,1.0658822059631348,1.1354762315750122,1.1396222114562988,1.5174740552902222,1.6847760677337646,2.0015432834625244,2.1746115684509277,2.104098320007324,0.5756843090057373,0.4789440333843231,0.5884546637535095,0.8752989768981934,1.1351115703582764,1.456286907196045,1.7955435514450073,1.6745054721832275,1.5097320079803467,1.1441166400909424,1.1016048192977905,0.9422222971916199,1.1754164695739746,0.9834086894989014,0.8054264187812805,1.7779150009155273,1.815805196762085,1.5512574911117554,1.7472237348556519,1.7414098978042603,1.926209568977356,2.0524418354034424,1.826071858406067,1.5291396379470825,1.3044244050979614,1.3819924592971802,1.191733717918396,1.4194034337997437,1.6359679698944092,1.4268959760665894
B5,2.1475565433502197,1.9594087600708008,1.6859347820281982,1.657541275024414,1.4327518939971924,1.7060681581497192,1.6684978008270264,1.2972122430801392,1.3749107122421265,1.3104771375656128,1.6734039783477783,1.7573338747024536,2.126542806625366,2.2417545318603516,2.090200424194336,1.318642497062683,1.0037788152694702,0.682995080947876,0.3756794035434723,0.0,0.3780119717121124,0.660589873790741,0.592613697052002,0.5353909134864807,0.43866753578186035,0.5308560729026794,0.8222609162330627,1.015130877494812,1.1022257804870605,1.1990077495574951,2.261261463165283,2.0642881393432617,1.6841247081756592,1.6642177104949951,1.4304049015045166,1.6745891571044922,1.6453570127487183,1.281381607055664,1.24831223487854,1.1955457925796509,1.5628345012664795,1.6620266437530518,1.990429401397705,2.183319330215454,2.065938949584961,0.6073204278945923,0.6984987258911133,0.740147590637207,1.0863323211669922,1.308600902557373,1.6305876970291138,1.9468640089035034,1.7882510423660278,1.5753204822540283,1.1944712400436401,1.1551252603530884,0.9045426249504089,1.1605933904647827,1.0139851570129395,0.7213484048843384,1.4912171363830566,1.538630485534668,1.290211796760559,1.4951159954071045,1.5402851104736328,1.6992162466049194,1.870944857597351,1.6978673934936523,1.3651726245880127,1.1137375831604004,1.1010242700576782,0.8731541037559509,1.0586085319519043,1.2860437631607056,1.1049638986587524
B6,2.4086108207702637,2.2238874435424805,1.9851057529449463,1.9633471965789795,1.751403570175171,2.0322518348693848,1.9885387420654297,1.6238895654678345,1.7357492446899414,1.668104648590088,2.027252435684204,2.099544048309326,2.4736721515655518,2.5629422664642334,2.393784999847412,1.5464668273925781,1.2402846813201904,0.9463043808937073,0.5982235670089722,0.3780119717121124,0.0,0.386653870344162,0.5447360873222351,0.5161079168319702,0.6317963004112244,0.6081641316413879,0.9676287770271301,1.0446207523345947,1.1874488592147827,1.3711671829223633,2.547595977783203,2.3619778156280518,1.977142095565796,1.934706449508667,1.6708009243011475,1.8556604385375977,1.760247826576233,1.408066749572754,1.3834248781204224,1.4104995727539062,1.7707020044326782,1.8874021768569946,2.1844427585601807,2.4180028438568115,2.319697856903076,0.7894689440727234,0.9589909911155701,1.0900081396102905,1.4309375286102295,1.664465308189392,1.9924242496490479,2.313014507293701,2.1494131088256836,1.9492380619049072,1.5684839487075806,1.5290943384170532,1.2646117210388184,1.4844163656234741,1.2927862405776978,0.987930417060852,1.7073752880096436,1.7636066675186157,1.5234265327453613,1.6900224685668945,1.7292015552520752,1.8159376382827759,1.9618817567825317,1.8369847536087036,1.4825376272201538,1.3002909421920776,1.2335126399993896,1.04053795337677,1.112694501876831,1.3948484659194946,1.2855727672576904
B7,2.4172494411468506,2.2102644443511963,2.0172858238220215,1.9836922883987427,1.7976114749908447,2.0932207107543945,2.0760135650634766,1.7349109649658203,1.8839077949523926,1.7957948446273804,2.141770124435425,2.2197070121765137,2.5897934436798096,2.629964828491211,2.4655921459198,1.9150481224060059,1.6139920949935913,1.299149513244629,0.965627133846283,0.660589873790741,0.386653870344162,0.0,0.37176772952079773,0.5223115682601929,0.8238715529441833,0.90566486120224,1.2772232294082642,1.3634562492370605,1.5522195100784302,1.7242895364761353,2.681825637817383,2.544039249420166,2.1647748947143555,2.1691174507141113,1.9377880096435547,2.116482973098755,2.036255359649658,1.7024859189987183,1.6152377128601074,1.6164472103118896,1.9472976922988892,2.0114471912384033,2.296945095062256,2.5491347312927246,2.4218342304229736,1.0624700784683228,1.292874813079834,1.3913401365280151,1.7461638450622559,1.9552817344665527,2.2804131507873535,2.5819091796875,2.3941025733947754,2.1712076663970947,1.7952483892440796,1.7628716230392456,1.4618594646453857,1.6748346090316772,1.5192393064498901,1.175649642944336,1.6189498901367188,1.6807862520217896,1.4765554666519165,1.6201484203338623,1.701276421546936,1.7290517091751099,1.9018012285232544,1.8505648374557495,1.4814480543136597,1.3197455406188965,1.1496988534927368,0.9665474891662598,0.9052544832229614,1.2078897953033447,1.1837350130081177
B8,2.0633087158203125,1.8435271978378296,1.6559103727340698,1.6243644952774048,1.4622719287872314,1.778228998184204,1.8064738512039185,1.4769624471664429,1.6054975986480713,1.482011079788208,1.811972975730896,1.888895034790039,2.25350022315979,2.2759077548980713,2.1211557388305664,1.8726862668991089,1.5843822956085205,1.2360856533050537,0.95912104845047,0.592613697052002,0.5447360873222351,0.37176772952079773,0.0,0.36759576201438904,0.6612783670425415,0.8940256834030151,1.2350218296051025,1.4163936376571655,1.6060279607772827,1.7016960382461548,2.3876240253448486,2.2768869400024414,1.9079293012619019,1.9653434753417969,1.7855653762817383,2.0034587383270264,1.9915640354156494,1.6616334915161133,1.5181130170822144,1.4357398748397827,1.7470654249191284,1.7573773860931396,2.061490774154663,2.292564630508423,2.1299784183502197,1.067757248878479,1.2614818811416626,1.2601004838943481,1.6042691469192505,1.7657575607299805,2.0852267742156982,2.3564200401306152,2.1463990211486816,1.908565640449524,1.5455353260040283,1.5426914691925049,1.2434601783752441,1.4950339794158936,1.4166789054870605,1.0612845420837402,1.2843910455703735,1.316333293914795,1.105186104774475,1.2602845430374146,1.370482087135315,1.4301005601882935,1.6486555337905884,1.5945017337799072,1.229340672492981,1.0135630369186401,0.8115667700767517,0.5959323644638062,0.5731877088546753,0.8780407905578613,0.8510064482688904
B9,1.974159836769104,1.814697027206421,1.6288142204284668,1.6722431182861328,1.5479743480682373,1.8867037296295166,1.9432487487792969,1.596659541130066,1.6482641696929932,1.474162220954895,1.7890691757202148,1.8026611804962158,2.1810922622680664,2.2134454250335693,2.011676549911499,1.6445770263671875,1.4044297933578491,1.0360513925552368,0.8232017755508423,0.5353909134864807,0.5161079168319702,0.5223115682601929,0.36759576201438904,0.0,0.38407281041145325,0.5995188355445862,0.9262447357177734,1.110052227973938,1.3456628322601318,1.4236103296279907,2.175956964492798,2.045046806335449,1.6686387062072754,1.6852489709854126,1.482393503189087,1.666944146156311,1.642014503479004,1.3258315324783325,1.1667603254318237,1.1223230361938477,1.436416745185852,1.4902116060256958,1.775750994682312,2.027569055557251,1.9086717367172241,1.1296625137329102,1.2226345539093018,1.1916931867599487,1.4913188219070435,1.6179497241973877,1.970174789428711,2.228440284729004,1.9935944080352783,1.8085412979125977,1.445637822151184,1.513795018196106,1.277876615524292,1.5842210054397583,1.504574179649353,1.1814435720443726,1.4874674081802368,1.4428496360778809,1.1515730619430542,1.239837408065796,1.2466421127319336,1.3038049936294556,1.452080249786377,1.352562665939331,0.988240122795105,0.829863965511322,0.7544722557067871,0.6688004732131958,0.7789933681488037,1.1085103750228882,1.0782488584518433
B10,1.8499938249588013,1.7191267013549805,1.485318660736084,1.552287220954895,1.419906497001648,1.7462944984436035,1.8005603551864624,1.444244146347046,1.429124116897583,1.2490376234054565,1.5630208253860474,1.5583359003067017,1.939906358718872,2.0205390453338623,1.814088225364685,1.2915465831756592,1.0760979652404785,0.6969444751739502,0.5936519503593445,0.43866753578186035,0.6317963004112244,0.8238715529441833,0.6612783670425415,0.38407281041145325,0.0,0.37759390473365784,0.6156335473060608,0.8875707983970642,1.078338623046875,1.091336965560913,1.9194005727767944,1.7429356575012207,1.358841896057129,1.3464136123657227,1.1318551301956177,1.3541369438171387,1.3622523546218872,1.0291675329208374,0.8936288356781006,0.8150011301040649,1.165701150894165,1.260315179824829,1.5721017122268677,1.7904682159423828,1.690965175628662,1.0141334533691406,0.9904143810272217,0.8947588205337524,1.147759199142456,1.2526167631149292,1.615620493888855,1.8730655908584595,1.643083930015564,1.4839189052581787,1.1214849948883057,1.2242704629898071,1.0540108680725098,1.3927688598632812,1.330499529838562,1.0643415451049805,1.518757939338684,1.454690933227539,1.1307947635650635,1.2408581972122192,1.1988036632537842,1.3441758155822754,1.4700514078140259,1.2759456634521484,0.9523403644561768,0.7476287484169006,0.8329002261161804,0.7489675879478455,1.0033587217330933,1.2702025175094604,1.1555685997009277
B11,2.1643154621124268,2.064173698425293,1.8229011297225952,1.8977727890014648,1.7467336654663086,2.0488948822021484,2.062730073928833,1.6950416564941406,1.6753084659576416,1.5328565835952759,1.8483552932739258,1.830817699432373,2.2073404788970947,2.318971633911133,2.0988776683807373,1.1018033027648926,0.9033894538879395,0.5680676102638245,0.47263002395629883,0.5308560729026794,0.6081641316413879,0.90566486120224,0.8940256834030151,0.5995188355445862,0.37759390473365784,0.0,0.3723912537097931,0.535529375076294,0.7491872906684875,0.8462973833084106,2.1048154830932617,1.8821463584899902,1.5006331205368042,1.3913400173187256,1.0943347215652466,1.2503372430801392,1.159820795059204,0.8073200583457947,0.788994312286377,0.8691136240959167,1.2343642711639404,1.4238948822021484,1.6974222660064697,1.92755126953125,1.892307162284851,1.015472412109375,0.9426674842834473,0.9468379616737366,1.1664124727249146,1.3130793571472168,1.6813548803329468,1.964517593383789,1.7660213708877563,1.654579520225525,1.2986795902252197,1.382511854171753,1.2483594417572021,1.552356243133545,1.4178755283355713,1.1940417289733887,1.874556303024292,1.8287725448608398,1.5061306953430176,1.6037499904632568,1.5210319757461548,1.6423472166061401,1.7030894756317139,1.4890429973602295,1.1910526752471924,1.0677571296691895,1.1868482828140259,1.1185945272445679,1.3371487855911255,1.6228653192520142,1.5015888214111328
B12,2.1392152309417725,2.090548515319824,1.8410086631774902,1.9570293426513672,1.8305612802505493,2.1164984703063965,2.143495559692383,1.7891124486923218,1.6976464986801147,1.541215181350708,1.8173623085021973,1.7543162107467651,2.1144397258758545,2.256739854812622,2.020876884460449,0.8190332055091858,0.7371417284011841,0.47041094303131104,0.6302276849746704,0.8222609162330627,0.9676287770271301,1.2772232294082642,1.2350218296051025,0.9262447357177734,0.6156335473060608,0.3723912537097931,0.0,0.3698384463787079,0.5428145527839661,0.5161009430885315,1.9192551374435425,1.655048131942749,1.2905116081237793,1.1090209484100342,0.7726941108703613,0.9121065735816956,0.8263318538665771,0.4596249461174011,0.5279825925827026,0.664902925491333,1.017661690711975,1.2746244668960571,1.5259431600570679,1.728286623954773,1.7444853782653809,1.2011427879333496,1.008603572845459,0.9506765604019165,1.0463002920150757,1.1308622360229492,1.5010985136032104,1.7584906816482544,1.5610374212265015,1.5210167169570923,1.208376169204712,1.3501548767089844,1.3155362606048584,1.6276918649673462,1.5196664333343506,1.3683288097381592,2.063845634460449,1.9841623306274414,1.6435129642486572,1.7175027132034302,1.5764219760894775,1.731401801109314,1.743574857711792,1.4680196046829224,1.2414368391036987,1.1499781608581543,1.3680768013000488,1.3438507318496704,1.6167659759521484,1.8771661520004272,1.7348716259002686
B13,2.4874660968780518,2.4476242065429688,2.2069742679595947,2.3195128440856934,2.1804986000061035,2.4604480266571045,2.460893154144287,2.0990066528320312,2.0317423343658447,1.8998732566833496,2.1830618381500244,2.120940685272217,2.477368116378784,2.6218485832214355,2.377746343612671,0.8972451686859131,0.8492513298988342,0.7008771300315857,0.7845384478569031,1.015130877494812,1.0446207523345947,1.3634562492370605,1.4163936376571655,1.110052227973938,0.8875707983970642,0.535529375076294,0.3698384463787079,0.0,0.37343135476112366,0.5459645390510559,2.2295243740081787,1.9560741186141968,1.6088709831237793,1.378887414932251,1.0142091512680054,1.0367681980133057,0.806602418422699,0.49489882588386536,0.6988903284072876,0.9662610292434692,1.2750712633132935,1.568976640701294,1.771544337272644,1.9939168691635132,2.051692247390747,1.3371752500534058,1.1640851497650146,1.2077455520629883,1.3019137382507324,1.4248749017715454,1.7755495309829712,2.045396089553833,1.8761961460113525,1.8575416803359985,1.5519365072250366,1.660326600074768,1.614817500114441,1.8924192190170288,1.7286505699157715,1.5856984853744507,2.3813788890838623,2.3184053897857666,1.980165958404541,2.044384717941284,1.8944275379180908,2.0068111419677734,1.9808939695358276,1.727250576019287,1.5025619268417358,1.4644285440444946,1.656673789024353,1.6350584030151367,1.8637702465057373,2.1527669429779053,2.025585174560547
