,A1,A2,A3,A4,A5,A6,A7,A8,A9,A10,A11,A12,A13,A14,A15,B1,B2,B3,B4,B5,B6,B7,B8,B9,B10,B11,B12,B13,B14,B15,C1,C2,C3,C4,C5,C6,C7,C8,C9,C10,C11,C12,C13,C14,C15,D1,D2,D3,D4,D5,D6,D7,D8,D9,D10,D11,D12,D13,D14,D15,E1,E2,E3,E4,E5,E6,E7,E8,E9,E10,E11,E12,E13,E14,E15
A1,0.0,0.37429389357566833,0.6002159714698792,0.8598423004150391,1.1703287363052368,1.3303545713424683,1.7057924270629883,1.6070314645767212,1.9254976511001587,1.8484328985214233,1.9533056020736694,2.168017625808716,2.314175605773926,2.1293506622314453,2.1680638790130615,1.3844438791275024,1.0207144021987915,1.0886038541793823,0.8238303065299988,0.9727734327316284,0.9743327498435974,1.1884921789169312,1.4560937881469727,1.7790513038635254,1.9682203531265259,2.1698217391967773,2.5058984756469727,2.6853766441345215,2.7364883422851562,2.8245341777801514,2.9603822231292725,2.5933351516723633,2.43208909034729,2.20902943611145,2.006152391433716,2.102299213409424,1.9740020036697388,2.2509918212890625,2.26676607131958,2.3622171878814697,2.7051398754119873,2.8578782081604004,3.1758620738983154,3.360274314880371,3.262204885482788,3.475775957107544,3.249056816101074,2.9599294662475586,2.9853756427764893,2.6968884468078613,2.9525458812713623,2.8599064350128174,2.9320266246795654,2.8383750915527344,2.6722218990325928,3.008843421936035,2.92097806930542,3.2950656414031982,3.394031047821045,3.1307175159454346,2.689465284347534,2.7280726432800293,2.462205410003662,2.7519211769104004,2.6227242946624756,2.9633939266204834,3.092806577682495,2.8849804401397705,2.837225914001465,2.4713635444641113,2.5671474933624268,2.3279683589935303,2.5502634048461914,2.3640687465667725,2.0236382484436035
A2,0.37429389357566833,0.0,0.3821117579936981,0.5577492117881775,0.895513653755188,1.0626816749572754,1.4464454650878906,1.4197173118591309,1.7591588497161865,1.7270547151565552,1.8836851119995117,2.129955291748047,2.3098180294036865,2.1810739040374756,2.2198691368103027,1.421125054359436,1.0430850982666016,1.0431009531021118,0.8554990291595459,0.9238263964653015,1.049200177192688,1.2355377674102783,1.5048316717147827,1.8021458387374878,1.942261815071106,2.195072889328003,2.497343063354492,2.7227516174316406,2.7722787857055664,2.811417579650879,2.7788305282592773,2.424400806427002,2.2496259212493896,2.078145980834961,1.8742671012878418,2.036309242248535,1.9527273178100586,2.1917927265167236,2.22953462600708,2.274186372756958,2.6350228786468506,2.77067232131958,3.1080193519592285,3.2584176063537598,3.1323444843292236,3.1447901725769043,2.9241864681243896,2.6472136974334717,2.696690082550049,2.430393934249878,2.712897777557373,2.661039352416992,2.7335305213928223,2.6818552017211914,2.5119361877441406,2.8611016273498535,2.8004558086395264,3.1810641288757324,3.2539350986480713,2.999713182449341,2.3403091430664062,2.382559299468994,2.136122226715088,2.4449501037597656,2.3466625213623047,2.698634147644043,2.8625195026397705,2.663313865661621,2.6590211391448975,2.3030428886413574,2.412142753601074,2.218106746673584,2.449709177017212,2.2509427070617676,1.9337269067764282
A3,0.6002159714698792,0.3821117579936981,0.0,0.386238694190979,0.6026362180709839,0.8593469262123108,1.2133845090866089,1.1553950309753418,1.4602234363555908,1.3894822597503662,1.5818053483963013,1.805999994277954,2.0217490196228027,1.9146583080291748,1.9208017587661743,1.3265354633331299,0.9576091766357422,0.8220790028572083,0.6256635189056396,0.5800912976264954,0.779834508895874,0.9632505178451538,1.1955573558807373,1.482928991317749,1.5863820314407349,1.8555879592895508,2.1404824256896973,2.3831946849823,2.4295709133148193,2.4484400749206543,2.526711940765381,2.1819894313812256,1.96806001663208,1.7929607629776,1.551777720451355,1.7182667255401611,1.622710943222046,1.836406946182251,1.865049123764038,1.89497709274292,2.2581746578216553,2.3914084434509277,2.730297088623047,2.876721143722534,2.7513108253479004,2.890660047531128,2.6661877632141113,2.3669021129608154,2.3957159519195557,2.1068642139434814,2.375291347503662,2.3073322772979736,2.3672842979431152,2.303675413131714,2.1334359645843506,2.4828436374664307,2.4282338619232178,2.809295177459717,2.8922855854034424,2.6494388580322266,2.1784286499023438,2.1761093139648438,1.8921799659729004,2.166466236114502,2.03031587600708,2.3788888454437256,2.51882266998291,2.330672264099121,2.3139162063598633,1.9577840566635132,2.094470739364624,1.9059513807296753,2.1687159538269043,2.008470296859741,1.684821605682373
A4,0.8598423004150391,0.5577492117881775,0.386238694190979,0.0,0.37475401163101196,0.517687201499939,0.8950657844543457,0.9162699580192566,1.2633802890777588,1.2927063703536987,1.4906010627746582,1.774633765220642,1.9797580242156982,1.9334204196929932,1.9862310886383057,1.6745468378067017,1.3142989873886108,1.1462942361831665,0.9853283166885376,0.8332176804542542,1.0277888774871826,1.0866570472717285,1.3542041778564453,1.5671370029449463,1.6594946384429932,1.9728716611862183,2.2222981452941895,2.5017573833465576,2.5829484462738037,2.563549280166626,2.6431467533111572,2.3249192237854004,2.082026481628418,1.9685416221618652,1.709838628768921,1.9276885986328125,1.8448327779769897,1.9984405040740967,2.003722667694092,1.9618159532546997,2.334430694580078,2.4131360054016113,2.7736775875091553,2.8994882106781006,2.728060722351074,2.6780498027801514,2.4907524585723877,2.1924593448638916,2.280221939086914,2.017536163330078,2.3256964683532715,2.3116230964660645,2.3320188522338867,2.302243709564209,2.0921764373779297,2.43384051322937,2.373610258102417,2.753357172012329,2.7864603996276855,2.530756711959839,1.8452601432800293,1.8838579654693604,1.6145210266113281,1.918312907218933,1.8275165557861328,2.168379068374634,2.347257614135742,2.1343350410461426,2.156029462814331,1.8113131523132324,1.9152406454086304,1.767020344734192,2.0003466606140137,1.7995439767837524,1.5148999691009521
A5,1.1703287363052368,0.895513653755188,0.6026362180709839,0.37475401163101196,0.0,0.3826468288898468,0.6548432111740112,0.6922714114189148,0.9871373772621155,1.0101778507232666,1.2716675996780396,1.5399556159973145,1.788800835609436,1.7950868606567383,1.8178045749664307,1.736605167388916,1.4136477708816528,1.1543405055999756,1.0433545112609863,0.7841325402259827,1.0299018621444702,1.0381569862365723,1.2379828691482544,1.3954710960388184,1.4199764728546143,1.7624008655548096,1.9659874439239502,2.2762019634246826,2.356627941131592,2.295830488204956,2.4398081302642822,2.148477554321289,1.8646938800811768,1.7799046039581299,1.4914971590042114,1.7327754497528076,1.6581130027770996,1.7520248889923096,1.748876929283142,1.657836675643921,2.0315234661102295,2.0894651412963867,2.456833600997925,2.562333345413208,2.3758795261383057,2.375129222869873,2.1922922134399414,1.8725168704986572,1.9544955492019653,1.6792118549346924,1.9855486154556274,1.977859377861023,1.9743068218231201,1.9525516033172607,1.7338215112686157,2.0759072303771973,2.0321452617645264,2.4114603996276855,2.4388818740844727,2.199000597000122,1.6393495798110962,1.6269993782043457,1.3185685873031616,1.5876691341400146,1.4669948816299438,1.8076447248458862,1.9772905111312866,1.7764984369277954,1.8072075843811035,1.470355749130249,1.6087924242019653,1.4972853660583496,1.7625385522842407,1.6034140586853027,1.3382850885391235
A6,1.3303545713424683,1.0626816749572754,0.8593469262123108,0.517687201499939,0.3826468288898468,0.0,0.3876417577266693,0.4982687532901764,0.8562191724777222,1.0140089988708496,1.208446979522705,1.5414934158325195,1.7345432043075562,1.7799413204193115,1.8738166093826294,2.098431348800659,1.760132074356079,1.5209685564041138,1.364619255065918,1.0953179597854614,1.2548375129699707,1.161839485168457,1.4151781797409058,1.505403995513916,1.5697805881500244,1.9198545217514038,2.109182596206665,2.425507068634033,2.5552783012390137,2.4898784160614014,2.771390676498413,2.497666835784912,2.2021005153656006,2.1402974128723145,1.8419089317321777,2.081082820892334,1.9832050800323486,2.048732280731201,1.997758150100708,1.8668569326400757,2.2307989597320557,2.2284886837005615,2.604368209838867,2.7140896320343018,2.4905130863189697,2.4048330783843994,2.2779438495635986,1.9591495990753174,2.1037328243255615,1.8557286262512207,2.181602954864502,2.2084801197052,2.150963544845581,2.1343953609466553,1.865727424621582,2.174584150314331,2.090993642807007,2.457263708114624,2.432661294937134,2.161759376525879,1.492380142211914,1.5555615425109863,1.2640440464019775,1.5529667139053345,1.480715274810791,1.7811229228973389,1.9728373289108276,1.7198632955551147,1.7631244659423828,1.4389674663543701,1.4947484731674194,1.3988035917282104,1.5979796648025513,1.3754379749298096,1.152613878250122
A7,1.7057924270629883,1.4464454650878906,1.2133845090866089,0.8950657844543457,0.6548432111740112,0.3876417577266693,0.0,0.38252779841423035,0.6234474182128906,0.8894465565681458,1.091910719871521,1.4277231693267822,1.6229959726333618,1.7487678527832031,1.8488988876342773,2.37784743309021,2.0630903244018555,1.7826894521713257,1.6497501134872437,1.334373950958252,1.4863232374191284,1.328945517539978,1.5299206972122192,1.52958345413208,1.5445014238357544,1.908036470413208,2.03436541557312,2.3752079010009766,2.527277708053589,2.4195756912231445,2.813805341720581,2.579380512237549,2.2535181045532227,2.2319867610931396,1.918946623802185,2.1680221557617188,2.072394609451294,2.068485975265503,1.9879941940307617,1.7906895875930786,2.134470224380493,2.0723578929901123,2.4510767459869385,2.537475824356079,2.2772061824798584,2.1734979152679443,2.0926129817962646,1.761918544769287,1.9398033618927002,1.7090332508087158,2.0343823432922363,2.0918781757354736,1.977075219154358,1.9765381813049316,1.675068974494934,1.9508707523345947,1.8628748655319214,2.2110912799835205,2.1417665481567383,1.8724881410598755,1.2745774984359741,1.3290587663650513,1.0160911083221436,1.2630139589309692,1.1986905336380005,1.4563730955123901,1.654523491859436,1.3791073560714722,1.4498066902160645,1.1589747667312622,1.1889487504959106,1.1680501699447632,1.347420573234558,1.137803077697754,0.9973447918891907
A8,1.6070314645767212,1.4197173118591309,1.1553950309753418,0.9162699580192566,0.6922714114189148,0.4982687532901764,0.38252779841423035,0.0,0.3812495172023773,0.5966028571128845,0.7407515645027161,1.0937236547470093,1.2703839540481567,1.3718464374542236,1.4871166944503784,2.303981304168701,1.990647792816162,1.7007174491882324,1.5071457624435425,1.166831612586975,1.2350337505340576,1.0110833644866943,1.2167210578918457,1.1863945722579956,1.2531712055206299,1.60024094581604,1.7552801370620728,2.074044942855835,2.2537624835968018,2.1829833984375,2.8842673301696777,2.634073495864868,2.2992634773254395,2.219059705734253,1.877383828163147,2.066284656524658,1.9076595306396484,1.91752290725708,1.7829238176345825,1.6157002449035645,1.9518879652023315,1.889040470123291,2.261126756668091,2.3982183933258057,2.1615099906921387,2.4421780109405518,2.3476226329803467,1.9934277534484863,2.1205787658691406,1.8427711725234985,2.124323844909668,2.116001844406128,1.9842467308044434,1.90989351272583,1.5891526937484741,1.8490569591522217,1.7019377946853638,2.0542452335357666,2.0200557708740234,1.7208740711212158,1.6408467292785645,1.6677054166793823,1.3247126340866089,1.507430076599121,1.3600101470947266,1.5883054733276367,1.7029505968093872,1.4050284624099731,1.3723218441009521,1.0359195470809937,1.0389912128448486,0.907379686832428,1.105393409729004,0.9131595492362976,0.6807841658592224
A9,1.9254976511001587,1.7591588497161865,1.4602234363555908,1.2633802890777588,0.9871373772621155,0.8562191724777222,0.6234474182128906,0.3812495172023773,0.0,0.3833095133304596,0.5237668752670288,0.8385617733001709,1.0364636182785034,1.2238978147506714,1.3182342052459717,2.4868216514587402,2.206731081008911,1.8818714618682861,1.707831859588623,1.341509222984314,1.3881999254226685,1.1217185258865356,1.22970449924469,1.0897862911224365,1.0947061777114868,1.4346891641616821,1.5207270383834839,1.853720784187317,2.0573203563690186,1.9550925493240356,2.8902013301849365,2.672722816467285,2.314117670059204,2.244584560394287,1.888627052307129,2.0531673431396484,1.8786669969558716,1.822251319885254,1.6407362222671509,1.4228302240371704,1.7232306003570557,1.6020318269729614,1.9686909914016724,2.1045591831207275,1.8497936725616455,2.366159200668335,2.2955169677734375,1.9267315864562988,2.037240743637085,1.7529182434082031,1.9934858083724976,1.9717538356781006,1.7821534872055054,1.680802583694458,1.3277286291122437,1.5402084589004517,1.360982060432434,1.6982465982437134,1.649250864982605,1.3420416116714478,1.7147756814956665,1.6939051151275635,1.3315927982330322,1.4137613773345947,1.2115483283996582,1.3705201148986816,1.4193260669708252,1.1025618314743042,1.0159472227096558,0.6818086504936218,0.6638730764389038,0.5519503951072693,0.7907381653785706,0.6982783079147339,0.5300225615501404
A10,1.8484328985214233,1.7270547151565552,1.3894822597503662,1.2927063703536987,1.0101778507232666,1.0140089988708496,0.8894465565681458,0.5966028571128845,0.3833095133304596,0.0,0.3797018826007843,0.5754821300506592,0.8717535138130188,1.0057083368301392,1.0136525630950928,2.258941173553467,2.0097410678863525,1.6692545413970947,1.496071696281433,1.125292420387268,1.145476222038269,0.8869123458862305,0.901715099811554,0.7411484718322754,0.7125025987625122,1.0593198537826538,1.1678704023361206,1.4987653493881226,1.6879298686981201,1.605623722076416,2.70558500289917,2.479214668273926,2.12174129486084,2.0057387351989746,1.6384152173995972,1.7504647970199585,1.5400853157043457,1.4880218505859375,1.2804433107376099,1.097519040107727,1.4025696516036987,1.3242813348770142,1.6871531009674072,1.85911226272583,1.6521111726760864,2.4860873222351074,2.370819330215454,1.9922089576721191,2.0300028324127197,1.7030526399612427,1.89340341091156,1.80080246925354,1.6320147514343262,1.4668521881103516,1.1359354257583618,1.3662177324295044,1.1785409450531006,1.5378636121749878,1.573656439781189,1.286747694015503,1.986983299255371,1.9126039743423462,1.5304347276687622,1.5803775787353516,1.307553768157959,1.4827908277511597,1.4613561630249023,1.2001075744628906,1.0351544618606567,0.6681032180786133,0.7682221531867981,0.5533058643341064,0.8948228359222412,0.9202772974967957,0.671120822429657
A11,1.9533056020736694,1.8836851119995117,1.5818053483963013,1.4906010627746582,1.2716675996780396,1.208446979522705,1.091910719871521,0.7407515645027161,0.5237668752670288,0.3797018826007843,0.0,0.3868062198162079,0.5406172871589661,0.7025483846664429,0.8214022517204285,2.490351915359497,2.2310004234313965,1.9157428741455078,1.683927059173584,1.332337498664856,1.2441039085388184,0.9027791619300842,0.9480416178703308,0.6990330219268799,0.8067444562911987,1.069103479385376,1.1954467296600342,1.470306634902954,1.7272213697433472,1.6953686475753784,3.060962438583374,2.8297438621520996,2.476404905319214,2.3348021507263184,1.964913249015808,2.0318291187286377,1.7739273309707642,1.7369122505187988,1.4728446006774902,1.3253246545791626,1.5785824060440063,1.4608062505722046,1.7903854846954346,2.0095255374908447,1.8118584156036377,2.8044068813323975,2.715080976486206,2.336850166320801,2.386852502822876,2.065441846847534,2.2402255535125732,2.133638381958008,1.9387027025222778,1.7368003129959106,1.3938477039337158,1.5534943342208862,1.2850751876831055,1.5991015434265137,1.622094988822937,1.2914022207260132,2.237981081008911,2.2024588584899902,1.8308238983154297,1.875078558921814,1.6175469160079956,1.738661766052246,1.6824619770050049,1.3857231140136719,1.1573330163955688,0.8342878222465515,0.7764623165130615,0.42441293597221375,0.6692274212837219,0.7053572535514832,0.4233649671077728
A12,2.168017625808716,2.129955291748047,1.805999994277954,1.774633765220642,1.5399556159973145,1.5414934158325195,1.4277231693267822,1.0937236547470093,0.8385617733001709,0.5754821300506592,0.3868062198162079,0.0,0.38077613711357117,0.562590479850769,0.5427322387695312,2.5325284004211426,2.3187501430511475,1.9918394088745117,1.7815018892288208,1.4452438354492188,1.3315967321395874,1.0172059535980225,0.9171991944313049,0.5650923848152161,0.6019706130027771,0.7758301496505737,0.8506454229354858,1.1069645881652832,1.389552354812622,1.366661787033081,3.0251526832580566,2.8122823238372803,2.4586684703826904,2.2957653999328613,1.929027795791626,1.9339473247528076,1.6464933156967163,1.5722025632858276,1.2548943758010864,1.1252464056015015,1.3126628398895264,1.1816960573196411,1.475570797920227,1.7340410947799683,1.5775288343429565,2.919365167617798,2.818598747253418,2.4385952949523926,2.4364569187164307,2.1004693508148193,2.2109737396240234,2.0516505241394043,1.843492865562439,1.5810201168060303,1.2624788284301758,1.3672382831573486,1.0621368885040283,1.349086046218872,1.4387719631195068,1.1350690126419067,2.5107123851776123,2.4297144412994385,2.0502753257751465,2.0362606048583984,1.7319830656051636,1.817322015762329,1.6805387735366821,1.432943344116211,1.1317991018295288,0.8603565692901611,0.8587895631790161,0.5269364714622498,0.7825256586074829,0.9686930775642395,0.7664369344711304
A13,2.314175605773926,2.3098180294036865,2.0217490196228027,1.9797580242156982,1.788800835609436,1.7345432043075562,1.6229959726333618,1.2703839540481567,1.0364636182785034,0.8717535138130188,0.5406172871589661,0.38077613711357117,0.0,0.3731347620487213,0.5601475238800049,2.8065779209136963,2.5779879093170166,2.2762627601623535,2.023267984390259,1.7054487466812134,1.5277296304702759,1.1732357740402222,1.1300119161605835,0.7812058329582214,0.931495189666748,1.011305332183838,1.0950411558151245,1.2600042819976807,1.5921934843063354,1.6179150342941284,3.4029157161712646,3.1842944622039795,2.8342721462249756,2.6603660583496094,2.2941510677337646,2.282452344894409,1.9738452434539795,1.9199036359786987,1.5860154628753662,1.4837356805801392,1.6322232484817505,1.4746166467666626,1.7236467599868774,2.0042858123779297,1.8522835969924927,3.2230916023254395,3.1468629837036133,2.767904281616211,2.7883970737457275,2.461719036102295,2.576810121536255,2.423482894897461,2.1995437145233154,1.9323636293411255,1.6090044975280762,1.6654038429260254,1.320805311203003,1.5439820289611816,1.6003986597061157,1.2720401287078857,2.733733892440796,2.6905105113983154,2.3213653564453125,2.315004348754883,2.0346121788024902,2.0878729820251465,1.9460645914077759,1.6687639951705933,1.3526350259780884,1.1270432472229004,1.0055913925170898,0.6551223993301392,0.7200087904930115,0.9027871489524841,0.7491814494132996
A14,2.1293506622314453,2.1810739040374756,1.9146583080291748,1.9334204196929932,1.7950868606567383,1.7799413204193115,1.7487678527832031,1.3718464374542236,1.2238978147506714,1.0057083368301392,0.7025483846664429,0.562590479850769,0.3731347620487213,0.0,0.3704076111316681,2.6298983097076416,2.4067585468292236,2.1378567218780518,1.852297306060791,1.5775742530822754,1.3304386138916016,0.9867618083953857,0.9391285181045532,0.6360940337181091,0.9076185822486877,0.9175741076469421,1.1126734018325806,1.2063934803009033,1.5246131420135498,1.6300501823425293,3.4216067790985107,3.1755552291870117,2.847169876098633,2.6281673908233643,2.269968271255493,2.2183330059051514,1.879188060760498,1.8890800476074219,1.5604172945022583,1.546132206916809,1.7036083936691284,1.6222177743911743,1.854060411453247,2.164461851119995,2.061371088027954,3.456846237182617,3.348496913909912,2.9679818153381348,2.96659779548645,2.6212832927703857,2.735079765319824,2.5504753589630127,2.3714585304260254,2.085904598236084,1.7972419261932373,1.8902041912078857,1.5688378810882568,1.805849552154541,1.9126898050308228,1.6048043966293335,2.9375765323638916,2.899001121520996,2.5228636264801025,2.5527167320251465,2.2665963172912598,2.3652586936950684,2.2376515865325928,1.9744188785552979,1.6695553064346313,1.4078872203826904,1.3356071710586548,0.9670206308364868,1.063754677772522,1.172126054763794,0.9342091083526611
A15,2.1680638790130615,2.2198691368103027,1.9208017587661743,1.9862310886383057,1.8178045749664307,1.8738166093826294,1.8488988876342773,1.4871166944503784,1.3182342052459717,1.0136525630950928,0.8214022517204285,0.5427322387695312,0.5601475238800049,0.3704076111316681,0.0,2.4623374938964844,2.2828502655029297,1.9987910985946655,1.754309892654419,1.4909166097640991,1.2663356065750122,0.9886111617088318,0.7996408343315125,0.463843435049057,0.6568500399589539,0.5671705007553101,0.7767183184623718,0.8496300578117371,1.1561591625213623,1.2787466049194336,3.172175884246826,2.937314510345459,2.615879535675049,2.381585121154785,2.033583879470825,1.9401969909667969,1.589978575706482,1.5839223861694336,1.2393627166748047,1.2659692764282227,1.3906641006469727,1.3518269062042236,1.5596537590026855,1.8861547708511353,1.8293375968933105,3.3874988555908203,3.252972364425659,2.8749778270721436,2.8269636631011963,2.4700534343719482,2.542004108428955,2.3186206817626953,2.1587743759155273,1.8442224264144897,1.59971284866333,1.6907135248184204,1.3952791690826416,1.6324577331542969,1.8054596185684204,1.5451877117156982,2.999241590499878,2.915104389190674,2.530272960662842,2.532749891281128,2.2136993408203125,2.3196072578430176,2.160287618637085,1.9478552341461182,1.6310940980911255,1.378551959991455,1.3952845335006714,1.0580658912658691,1.242725133895874,1.4075652360916138,1.1645750999450684
B1,1.3844438791275024,1.421125054359436,1.3265354633331299,1.6745468378067017,1.736605167388916,2.098431348800659,2.37784743309021,2.303981304168701,2.4868216514587402,2.258941173553467,2.490351915359497,2.5325284004211426,2.8065779209136963,2.6298983097076416,2.4623374938964844,0.0,0.3803263008594513,0.6075425148010254,0.8684511184692383,1.1820433139801025,1.362876057624817,1.739430546760559,1.6943471431732178,2.048579216003418,2.033714532852173,2.1402230262756348,2.402421712875366,2.534130096435547,2.3905038833618164,2.4576244354248047,1.9566365480422974,1.5809792280197144,1.5742441415786743,1.2684109210968018,1.2766778469085693,1.259255290031433,1.311525821685791,1.6489123106002808,1.8656244277954102,2.079542636871338,2.3390982151031494,2.642298936843872,2.869140386581421,2.989379405975342,3.0138356685638428,3.390530586242676,3.0616185665130615,2.8256213665008545,2.6787211894989014,2.397251605987549,2.513353109359741,2.3324599266052246,2.5592706203460693,2.4800291061401367,2.508395195007324,2.8519351482391357,2.9024672508239746,3.2451515197753906,3.4513258934020996,3.3109145164489746,3.1241769790649414,2.996635913848877,2.734459638595581,2.9219067096710205,2.723855972290039,3.078291177749634,3.1457207202911377,3.090099334716797,3.047229051589966,2.733483076095581,2.9855735301971436,2.801726818084717,3.136751174926758,3.0942180156707764,2.754350185394287
B2,1.0207144021987915,1.0430850982666016,0.9576091766357422,1.3142989873886108,1.4136477708816528,1.760132074356079,2.0630903244018555,1.990647792816162,2.206731081008911,2.0097410678863525,2.2310004234313965,2.3187501430511475,2.5779879093170166,2.4067585468292236,2.2828502655029297,0.3803263008594513,0.0,0.38240185379981995,0.5658480525016785,0.8991203308105469,1.0929654836654663,1.4648317098617554,1.4883568286895752,1.851189374923706,1.8766639232635498,2.026948928833008,2.311918020248413,2.4734842777252197,2.383547067642212,2.445847272872925,2.113406181335449,1.7327275276184082,1.6585041284561157,1.3804218769073486,1.300307035446167,1.3459069728851318,1.3427088260650635,1.6690346002578735,1.8350309133529663,2.0094757080078125,2.3088529109954834,2.5727450847625732,2.8363919258117676,2.9704394340515137,2.9536001682281494,3.2629787921905518,2.9566328525543213,2.7010419368743896,2.6014599800109863,2.311838388442993,2.477158784866333,2.3250420093536377,2.5107369422912598,2.4327738285064697,2.4047999382019043,2.758532762527466,2.778075933456421,3.137896776199341,3.3142943382263184,3.1419129371643066,2.865792751312256,2.772448778152466,2.504124641418457,2.721369981765747,2.538469076156616,2.8992111682891846,2.988494396209717,2.895205020904541,2.8572261333465576,2.5252091884613037,2.7495009899139404,2.5570602416992188,2.876105546951294,2.8013691902160645,2.4592154026031494
B3,1.0886038541793823,1.0431009531021118,0.8220790028572083,1.1462942361831665,1.1543405055999756,1.5209685564041138,1.7826894521713257,1.7007174491882324,1.8818714618682861,1.6692545413970947,1.9157428741455078,1.9918394088745117,2.2762627601623535,2.1378567218780518,1.9987910985946655,0.6075425148010254,0.38240185379981995,0.0,0.39056524634361267,0.6070981621742249,0.8805927038192749,1.226657509803772,1.2139296531677246,1.553207516670227,1.5380616188049316,1.716606616973877,1.9794669151306152,2.1724119186401367,2.092679500579834,2.1226959228515625,1.9381455183029175,1.5683199167251587,1.4201701879501343,1.1439484357833862,0.9874027967453003,1.0653077363967896,1.0451745986938477,1.3418277502059937,1.4976887702941895,1.6434143781661987,1.9561892747879028,2.207007646560669,2.4830267429351807,2.6107373237609863,2.5799317359924316,2.963887929916382,2.6664223670959473,2.3888885974884033,2.2857255935668945,1.9767825603485107,2.1404221057891846,1.9825685024261475,2.1463167667388916,2.0619966983795166,2.0235822200775146,2.3786444664001465,2.4015183448791504,2.762906551361084,2.935544729232788,2.769237518310547,2.608854293823242,2.492931842803955,2.2013742923736572,2.391710042953491,2.1863012313842773,2.538670539855957,2.6137495040893555,2.5249907970428467,2.483281135559082,2.1571357250213623,2.396019458770752,2.2182977199554443,2.550987482070923,2.499417304992676,2.167452096939087
B4,0.8238303065299988,0.8554990291595459,0.6256635189056396,0.9853283166885376,1.0433545112609863,1.364619255065918,1.6497501134872437,1.5071457624435425,1.707831859588623,1.496071696281433,1.683927059173584,1.7815018892288208,2.023267984390259,1.852297306060791,1.754309892654419,0.8684511184692383,0.5658480525016785,0.39056524634361267,0.0,0.37325334548950195,0.5349888801574707,0.8999366760253906,0.9548004865646362,1.317713975906372,1.390884280204773,1.5665063858032227,1.8765101432800293,2.0557048320770264,2.0342159271240234,2.103672504425049,2.293504476547241,1.9322210550308228,1.748250126838684,1.4692668914794922,1.2483946084976196,1.2902092933654785,1.1562557220458984,1.452545166015625,1.5125391483306885,1.6578415632247925,1.980483055114746,2.1947672367095947,2.483487129211426,2.6557364463806152,2.608652353286743,3.118330240249634,2.8517849445343018,2.5462453365325928,2.479792594909668,2.153099775314331,2.3353095054626465,2.174069404602051,2.2787296772003174,2.1538729667663574,2.0545167922973633,2.394343852996826,2.3544774055480957,2.7202720642089844,2.8818578720092773,2.675382137298584,2.631685972213745,2.556290864944458,2.2420549392700195,2.444249391555786,2.2318530082702637,2.568371295928955,2.6319739818573,2.4921488761901855,2.414868116378784,2.065136194229126,2.2556393146514893,2.0317344665527344,2.3383965492248535,2.266225576400757,1.9151568412780762
B5,0.9727734327316284,0.9238263964653015,0.5800912976264954,0.8332176804542542,0.7841325402259827,1.0953179597854614,1.334373950958252,1.166831612586975,1.341509222984314,1.125292420387268,1.332337498664856,1.4452438354492188,1.7054487466812134,1.5775742530822754,1.4909166097640991,1.1820433139801025,0.8991203308105469,0.6070981621742249,0.37325334548950195,0.0,0.3873606324195862,0.6494734287261963,0.7133336663246155,1.0342035293579102,1.0911259651184082,1.3249952793121338,1.6158117055892944,1.8396668434143066,1.859811544418335,1.8932493925094604,2.2880632877349854,1.952844262123108,1.705080509185791,1.4632130861282349,1.171289086341858,1.2525476217269897,1.0844658613204956,1.307378888130188,1.3114796876907349,1.3937546014785767,1.738606572151184,1.9086345434188843,2.2225024700164795,2.3942017555236816,2.313906669616699,2.872169017791748,2.6309945583343506,2.302192211151123,2.2567968368530273,1.9180941581726074,2.113316774368286,1.964310884475708,2.0185909271240234,1.8867536783218384,1.7438241243362427,2.080284833908081,2.022359848022461,2.3943169116973877,2.5356056690216064,2.3180716037750244,2.373547077178955,2.2945830821990967,1.9575409889221191,2.1404595375061035,1.9134718179702759,2.2352912425994873,2.2908785343170166,2.1336615085601807,2.0502073764801025,1.6966211795806885,1.8827826976776123,1.6657445430755615,1.9786090850830078,1.9157564640045166,1.5727638006210327
B6,0.9743327498435974,1.049200177192688,0.779834508895874,1.0277888774871826,1.0299018621444702,1.2548375129699707,1.4863232374191284,1.2350337505340576,1.3881999254226685,1.145476222038269,1.2441039085388184,1.3315967321395874,1.5277296304702759,1.3304386138916016,1.2663356065750122,1.362876057624817,1.0929654836654663,0.8805927038192749,0.5349888801574707,0.3873606324195862,0.0,0.3828991651535034,0.49381399154663086,0.8519747853279114,1.030200719833374,1.1977394819259644,1.5424054861068726,1.7112966775894165,1.7742887735366821,1.872803807258606,2.6133475303649902,2.2802574634552,2.034623384475708,1.7605555057525635,1.462494134902954,1.4625945091247559,1.2090978622436523,1.4449115991592407,1.366347312927246,1.4891419410705566,1.8024033308029175,1.9554251432418823,2.249650716781616,2.4730288982391357,2.4085400104522705,3.1866116523742676,2.9640302658081055,2.6210107803344727,2.5799520015716553,2.229649305343628,2.4053115844726562,2.2284018993377686,2.24644136428833,2.061497688293457,1.8922251462936401,2.190964937210083,2.0713956356048584,2.4280107021331787,2.5810861587524414,2.337038516998291,2.6372385025024414,2.582153797149658,2.231523036956787,2.4011495113372803,2.157776117324829,2.446563482284546,2.4650299549102783,2.275670051574707,2.136035203933716,1.7756357192993164,1.9100663661956787,1.631018877029419,1.9107000827789307,1.8526592254638672,1.4877549409866333
B7,1.1884921789169312,1.2355377674102783,0.9632505178451538,1.0866570472717285,1.0381569862365723,1.161839485168457,1.328945517539978,1.0110833644866943,1.1217185258865356,0.8869123458862305,0.9027791619300842,1.0172059535980225,1.1732357740402222,0.9867618083953857,0.9886111617088318,1.739430546760559,1.4648317098617554,1.226657509803772,0.8999366760253906,0.6494734287261963,0.3828991651535034,0.0,0.37958791851997375,0.6045496463775635,0.8702805638313293,1.0632297992706299,1.3980306386947632,1.5828317403793335,1.7231366634368896,1.8118301630020142,2.831153392791748,2.52144455909729,2.2379651069641113,1.9939391613006592,1.660517930984497,1.6721434593200684,1.3891844749450684,1.5492712259292603,1.3862955570220947,1.4467275142669678,1.7519254684448242,1.8334465026855469,2.1396288871765137,2.3822591304779053,2.285360336303711,3.1577887535095215,2.9739251136779785,2.6131374835968018,2.6036407947540283,2.252455711364746,2.434685707092285,2.27120304107666,2.223742961883545,2.019547700881958,1.7914259433746338,2.0559275150299072,1.8804558515548706,2.2286694049835205,2.353529453277588,2.0777883529663086,2.5554308891296387,2.520233392715454,2.1562819480895996,2.3051609992980957,2.056570291519165,2.305957078933716,2.305196523666382,2.075924873352051,1.9052717685699463,1.543644905090332,1.6222915649414062,1.3119614124298096,1.56214439868927,1.503484845161438,1.1352788209915161
B8,1.4560937881469727,1.5048316717147827,1.1955573558807373,1.3542041778564453,1.2379828691482544,1.4151781797409058,1.5299206972122192,1.2167210578918457,1.22970449924469,0.901715099811554,0.9480416178703308,0.9171991944313049,1.1300119161605835,0.9391285181045532,0.7996408343315125,1.6943471431732178,1.4883568286895752,1.2139296531677246,0.9548004865646362,0.7133336663246155,0.49381399154663086,0.37958791851997375,0.0,0.3792736530303955,0.5865302085876465,0.721007764339447,1.0739595890045166,1.240652084350586,1.3520374298095703,1.4548922777175903,2.6577510833740234,2.3653125762939453,2.078010320663452,1.8100639581680298,1.4736692905426025,1.4203022718429565,1.095692753791809,1.2398834228515625,1.0454682111740112,1.156800389289856,1.4311413764953613,1.548959732055664,1.8272663354873657,2.0852479934692383,2.0307810306549072,3.142756938934326,2.943633556365967,2.5802388191223145,2.5201563835144043,2.1533420085906982,2.280116319656372,2.068087577819824,2.025404453277588,1.7798564434051514,1.5894051790237427,1.8371130228042603,1.6731117963790894,2.0079495906829834,2.184058666229248,1.9442760944366455,2.6982486248016357,2.612295150756836,2.2356116771698,2.3303303718566895,2.0377891063690186,2.2687909603118896,2.2151479721069336,2.028134822845459,1.823594331741333,1.4840764999389648,1.6151472330093384,1.3135952949523926,1.6038249731063843,1.6322847604751587,1.2866252660751343
B9,1.7790513038635254,1.8021458387374878,1.482928991317749,1.5671370029449463,1.3954710960388184,1.505403995513916,1.52958345413208,1.1863945722579956,1.0897862911224365,0.7411484718322754,0.6990330219268799,0.5650923848152161,0.7812058329582214,0.6360940337181091,0.463843435049057,2.048579216003418,1.851189374923706,1.553207516670227,1.317713975906372,1.0342035293579102,0.8519747853279114,0.6045496463775635,0.3792736530303955,0.0,0.3787825405597687,0.5127270817756653,0.8236162066459656,1.0138829946517944,1.2121576070785522,1.290672779083252,2.8100125789642334,2.551682710647583,2.2345449924468994,1.9989609718322754,1.6448230743408203,1.5926400423049927,1.2611416578292847,1.3028068542480469,1.0193965435028076,1.0554068088531494,1.2886794805526733,1.3248096704483032,1.6010631322860718,1.8812439441680908,1.806418538093567,3.1038856506347656,2.939174175262451,2.5645015239715576,2.5155978202819824,2.1516034603118896,2.2589051723480225,2.0489449501037598,1.9390674829483032,1.66348397731781,1.428783893585205,1.6189974546432495,1.3966127634048462,1.7106149196624756,1.8779441118240356,1.6235406398773193,2.690875768661499,2.600773334503174,2.2153942584991455,2.2608182430267334,1.9504348039627075,2.124387264251709,2.0244460105895996,1.8211413621902466,1.5675256252288818,1.2514413595199585,1.346728801727295,1.026602864265442,1.3040632009506226,1.3946473598480225,1.084385871887207
B10,1.9682203531265259,1.942261815071106,1.5863820314407349,1.6594946384429932,1.4199764728546143,1.5697805881500244,1.5445014238357544,1.2531712055206299,1.0947061777114868,0.7125025987625122,0.8067444562911987,0.6019706130027771,0.931495189666748,0.9076185822486877,0.6568500399589539,2.033714532852173,1.8766639232635498,1.5380616188049316,1.390884280204773,1.0911259651184082,1.030200719833374,0.8702805638313293,0.5865302085876465,0.3787825405597687,0.0,0.37237030267715454,0.5680139064788818,0.859931468963623,1.004447102546692,0.9950323104858398,2.5284764766693115,2.301212787628174,1.9685893058776855,1.7585324048995972,1.402185320854187,1.353881597518921,1.0484486818313599,1.0007070302963257,0.6966143250465393,0.6795851588249207,0.9235948324203491,0.9750874638557434,1.270137071609497,1.526665210723877,1.4573265314102173,2.8483660221099854,2.67504620552063,2.304002285003662,2.2210323810577393,1.8544739484786987,1.9242191314697266,1.6961562633514404,1.5803922414779663,1.2907142639160156,1.0786216259002686,1.2767161130905151,1.099186658859253,1.42661452293396,1.6255419254302979,1.42086660861969,2.587987184524536,2.448568105697632,2.0627548694610596,2.0593249797821045,1.7204694747924805,1.8835930824279785,1.754052996635437,1.6037558317184448,1.3549455404281616,1.0671181678771973,1.2514857053756714,1.0094878673553467,1.342454195022583,1.4900009632110596,1.227603793144226
B11,2.1698217391967773,2.195072889328003,1.8555879592895508,1.9728716611862183,1.7624008655548096,1.9198545217514038,1.908036470413208,1.60024094581604,1.4346891641616821,1.0593198537826538,1.069103479385376,0.7758301496505737,1.011305332183838,0.9175741076469421,0.5671705007553101,2.1402230262756348,2.026948928833008,1.716606616973877,1.5665063858032227,1.3249952793121338,1.1977394819259644,1.0632297992706299,0.721007764339447,0.5127270817756653,0.37237030267715454,0.0,0.38402676582336426,0.5331858992576599,0.7017366290092468,0.801197350025177,2.6731488704681396,2.4546656608581543,2.144815444946289,1.8984555006027222,1.5702285766601562,1.4304125308990479,1.082756757736206,1.0423623323440552,0.6885890364646912,0.796751856803894,0.9058874249458313,0.9920478463172913,1.1912622451782227,1.5049973726272583,1.512933373451233,3.157261848449707,2.9784762859344482,2.6134846210479736,2.4982805252075195,2.1313486099243164,2.149531841278076,1.876619815826416,1.7689149379730225,1.433414340019226,1.2789585590362549,1.4073587656021118,1.2128125429153442,1.4736990928649902,1.727773904800415,1.5539857149124146,2.9559543132781982,2.8080835342407227,2.423375129699707,2.3988962173461914,2.0482990741729736,2.1834449768066406,2.0087385177612305,1.882558822631836,1.5961421728134155,1.3551656007766724,1.5146777629852295,1.2592490911483765,1.5493075847625732,1.7360506057739258,1.4853975772857666
B12,2.5058984756469727,2.497343063354492,2.1404824256896973,2.2222981452941895,1.9659874439239502,2.109182596206665,2.03436541557312,1.7552801370620728,1.5207270383834839,1.1678704023361206,1.1954467296600342,0.8506454229354858,1.0950411558151245,1.1126734018325806,0.7767183184623718,2.402421712875366,2.311918020248413,1.9794669151306152,1.8765101432800293,1.6158117055892944,1.5424054861068726,1.3980306386947632,1.0739595890045166,0.8236162066459656,0.5680139064788818,0.38402676582336426,0.0,0.38157302141189575,0.5701590180397034,0.5281913876533508,2.6566147804260254,2.487067222595215,2.1633076667785645,1.9614018201828003,1.6454464197158813,1.5126149654388428,1.2140434980392456,1.0521507263183594,0.675683856010437,0.6748758554458618,0.65030437707901,0.65987229347229,0.8227903246879578,1.1538293361663818,1.1764190196990967,3.044861078262329,2.885331630706787,2.527448892593384,2.394831895828247,2.0435121059417725,2.0111324787139893,1.7308483123779297,1.575435996055603,1.2122772932052612,1.0760217905044556,1.1196155548095703,0.9233067631721497,1.1344010829925537,1.4254920482635498,1.3074861764907837,2.974750518798828,2.796546697616577,2.4195992946624756,2.3325185775756836,1.966312050819397,2.0443036556243896,1.8129887580871582,1.7305970191955566,1.4232031106948853,1.2605793476104736,1.440686583518982,1.2570592164993286,1.5389524698257446,1.7903715372085571,1.6056205034255981
B13,2.6853766441345215,2.7227516174316406,2.3831946849823,2.5017573833465576,2.2762019634246826,2.425507068634033,2.3752079010009766,2.074044942855835,1.853720784187317,1.4987653493881226,1.470306634902954,1.1069645881652832,1.2600042819976807,1.2063934803009033,0.8496300578117371,2.534130096435547,2.4734842777252197,2.1724119186401367,2.0557048320770264,1.8396668434143066,1.7112966775894165,1.5828317403793335,1.240652084350586,1.0138829946517944,0.859931468963623,0.5331858992576599,0.38157302141189575,0.0,0.3727185130119324,0.5479147434234619,2.8752031326293945,2.706064224243164,2.4096591472625732,2.1732778549194336,1.8848562240600586,1.685137152671814,1.3624070882797241,1.2422192096710205,0.8842064738273621,0.994265079498291,0.8834509253501892,0.9322319030761719,0.9539226293563843,1.3175774812698364,1.418534755706787,3.411280870437622,3.24582576751709,2.8933463096618652,2.7425460815429688,2.392247200012207,2.332689046859741,2.0259289741516113,1.891664981842041,1.5160516500473022,1.4278390407562256,1.4285482168197632,1.2310408353805542,1.3626338243484497,1.6775336265563965,1.5807416439056396,3.3522422313690186,3.1771810054779053,2.7994956970214844,2.713392734527588,2.346259593963623,2.4150242805480957,2.166355609893799,2.0905544757843018,1.7669917345046997,1.6221946477890015,1.7681562900543213,1.5587652921676636,1.7989095449447632,2.058253288269043,1.8695971965789795
