,A1,A2,A3,A4,A5,A6,A7,A8,A9,A10,A11,A12,A13,A14,A15,B1,B2,B3,B4,B5,B6,B7,B8,B9,B10,B11,B12,B13,B14,B15,C1,C2,C3,C4,C5,C6,C7,C8,C9,C10,C11,C12,C13,C14,C15,D1,D2,D3,D4,D5,D6,D7,D8,D9,D10,D11,D12,D13,D14,D15,E1,E2,E3,E4,E5,E6,E7,E8,E9,E10,E11,E12,E13,E14,E15
A1,0.0,0.3757615387439728,0.6150963306427002,0.9641866087913513,1.2610834836959839,1.5364494323730469,1.8857052326202393,1.7754281759262085,1.5708562135696411,1.2158262729644775,1.1065205335617065,0.9175022840499878,1.0296467542648315,0.7270404696464539,0.6226076483726501,1.933349370956421,2.020202159881592,1.7697622776031494,1.9153646230697632,1.8151098489761353,1.962404727935791,2.0175492763519287,1.7590184211730957,1.5136785507202148,1.393115520477295,1.3958653211593628,1.2270489931106567,1.3954987525939941,1.6400355100631714,1.4388519525527954,1.3809642791748047,1.0150262117385864,0.8913218975067139,0.6359968185424805,0.5829420685768127,0.7748103737831116,0.9885512590408325,0.9452459216117859,1.0569345951080322,0.9946462512016296,1.208635926246643,1.4078065156936646,1.649871587753296,1.6038367748260498,1.6218682527542114,2.5422332286834717,2.432753562927246,2.120936155319214,2.2220475673675537,2.024167776107788,2.3150765895843506,2.2978811264038086,1.9255249500274658,1.8824474811553955,1.757370114326477,2.0766687393188477,2.009949207305908,2.349212169647217,2.5171773433685303,2.281242609024048,2.3254692554473877,2.191241502761841,1.9368212223052979,1.9299885034561157,1.6514651775360107,1.83937668800354,1.7294042110443115,1.364332914352417,1.4431966543197632,1.4706816673278809,1.7785524129867554,1.8018555641174316,2.146512031555176,2.3228344917297363,2.142719030380249
A2,0.3757615387439728,0.0,0.37100496888160706,0.646336019039154,0.9657630920410156,1.23668372631073,1.5927242040634155,1.5128480195999146,1.3537309169769287,1.0347193479537964,0.9922268986701965,0.9271495342254639,1.0863810777664185,0.8423084616661072,0.8234503269195557,2.037487268447876,2.0770952701568604,1.815895438194275,1.9273276329040527,1.774173617362976,1.9421141147613525,1.9518250226974487,1.648166537284851,1.4721587896347046,1.3876322507858276,1.48979914188385,1.3619555234909058,1.6057158708572388,1.8295094966888428,1.6060826778411865,1.0209132432937622,0.6535707712173462,0.6147424578666687,0.49384891986846924,0.6454631090164185,0.9203690886497498,1.2220067977905273,1.151735782623291,1.1551413536071777,0.9703145623207092,1.1066778898239136,1.226650595664978,1.4546942710876465,1.3406599760055542,1.3421392440795898,2.415754556655884,2.3399388790130615,2.012852430343628,2.134929895401001,1.946718454360962,2.2123525142669678,2.2015039920806885,1.8484737873077393,1.7406498193740845,1.6166293621063232,1.898273229598999,1.8104262351989746,2.120570182800293,2.3235232830047607,2.0959203243255615,2.2433950901031494,2.15232253074646,1.8784327507019043,1.9105428457260132,1.6570459604263306,1.8383468389511108,1.7580543756484985,1.4018669128417969,1.3850570917129517,1.3820112943649292,1.6303919553756714,1.6164071559906006,1.931779384613037,2.1401450634002686,1.9566296339035034
A3,0.6150963306427002,0.37100496888160706,0.0,0.3731742203235626,0.6519361734390259,0.9263775944709778,1.2707769870758057,1.177282691001892,0.9887421727180481,0.6667714715003967,0.6486902236938477,0.6568372845649719,0.8772771954536438,0.7526721954345703,0.7525489330291748,1.8000329732894897,1.827043890953064,1.5934842824935913,1.7252309322357178,1.5888952016830444,1.81670081615448,1.862746000289917,1.5293790102005005,1.3813252449035645,1.2411837577819824,1.3872718811035156,1.236348032951355,1.538867712020874,1.7009879350662231,1.4392831325531006,0.9064061045646667,0.6201252341270447,0.5655409097671509,0.6171973943710327,0.7098253965377808,1.0685112476348877,1.3396345376968384,1.1651924848556519,1.1429734230041504,0.8942208886146545,1.0699663162231445,1.1026513576507568,1.3947064876556396,1.2871266603469849,1.1888223886489868,2.2098262310028076,2.1065948009490967,1.7544827461242676,1.8386839628219604,1.623573660850525,1.8647652864456177,1.8401901721954346,1.4940521717071533,1.3770835399627686,1.2808241844177246,1.5751020908355713,1.5358408689498901,1.8483989238739014,2.0739612579345703,1.8864738941192627,1.9845046997070312,1.8828415870666504,1.5791833400726318,1.5994383096694946,1.34989333152771,1.5158010721206665,1.4617619514465332,1.1190309524536133,1.0442944765090942,1.035439133644104,1.268506646156311,1.279676079750061,1.5875694751739502,1.8101582527160645,1.6626440286636353
A4,0.9641866087913513,0.646336019039154,0.3731742203235626,0.0,0.371346652507782,0.5910264253616333,0.952212393283844,0.9291233420372009,0.7999154329299927,0.597602903842926,0.6723485589027405,0.856266438961029,1.0570181608200073,1.0097379684448242,1.0815305709838867,1.9758212566375732,1.9669746160507202,1.750640869140625,1.855852723121643,1.6878368854522705,1.9384336471557617,1.951141357421875,1.5863760709762573,1.5216232538223267,1.4098306894302368,1.6261086463928223,1.5050479173660278,1.8412466049194336,1.9711964130401611,1.6966581344604492,0.6552223563194275,0.4981866776943207,0.6181462407112122,0.843567430973053,1.022131085395813,1.379592776298523,1.6763428449630737,1.494259238243103,1.4172942638397217,1.1080760955810547,1.2026262283325195,1.1226341724395752,1.3896186351776123,1.2087953090667725,1.0499780178070068,2.188039541244507,2.1125659942626953,1.7493780851364136,1.8323414325714111,1.621363878250122,1.8057830333709717,1.7699214220046997,1.466262698173523,1.2817027568817139,1.2231874465942383,1.4596961736679077,1.425304889678955,1.6862623691558838,1.9620494842529297,1.8093273639678955,1.9952415227890015,1.9343074560165405,1.6133822202682495,1.6584290266036987,1.445320963859558,1.5721158981323242,1.5432459115982056,1.2515883445739746,1.0742571353912354,1.0504114627838135,1.1755880117416382,1.1613256931304932,1.4019309282302856,1.674134373664856,1.5521564483642578
A5,1.2610834836959839,0.9657630920410156,0.6519361734390259,0.371346652507782,0.0,0.376875102519989,0.6505604386329651,0.5647279620170593,0.5149122476577759,0.4467281997203827,0.7064778208732605,0.9523876905441284,1.2089658975601196,1.2554259300231934,1.285343050956726,1.8851649761199951,1.8208019733428955,1.6177953481674194,1.69098961353302,1.510179042816162,1.7891581058502197,1.8039476871490479,1.4266821146011353,1.4278444051742554,1.3176790475845337,1.5916602611541748,1.5092371702194214,1.8785454034805298,1.9675476551055908,1.7031080722808838,0.617348313331604,0.6556369066238403,0.7116103172302246,1.018851399421692,1.1726195812225342,1.5332036018371582,1.8163561820983887,1.5942189693450928,1.4610068798065186,1.1153321266174316,1.1746617555618286,0.9914912581443787,1.2713035345077515,1.1056556701660156,0.849297821521759,1.9133766889572144,1.8424423933029175,1.4757620096206665,1.5537625551223755,1.3649507761001587,1.5200659036636353,1.520607829093933,1.261857032775879,1.0083333253860474,0.937989354133606,1.1218737363815308,1.100165843963623,1.3383923768997192,1.6353052854537964,1.521340250968933,1.724901795387268,1.696789026260376,1.3777644634246826,1.4645302295684814,1.319361925125122,1.4548214673995972,1.5070081949234009,1.2570992708206177,0.9927720427513123,0.879601776599884,0.9017230868339539,0.8338878154754639,1.044011116027832,1.3247607946395874,1.2167158126831055
A6,1.5364494323730469,1.23668372631073,0.9263775944709778,0.5910264253616333,0.376875102519989,0.0,0.3827952444553375,0.5316158533096313,0.49954748153686523,0.633720874786377,0.8028737306594849,1.1334865093231201,1.3082211017608643,1.4036586284637451,1.5115622282028198,2.0692708492279053,2.0209555625915527,1.8709207773208618,1.965958833694458,1.8090062141418457,2.1102545261383057,2.1316375732421875,1.7535021305084229,1.7814661264419556,1.6558704376220703,1.9259624481201172,1.8166543245315552,2.1854002475738525,2.2357139587402344,1.9433670043945312,0.8040077686309814,0.9215024709701538,1.0658758878707886,1.371287226676941,1.5278136730194092,1.8942844867706299,2.1701316833496094,1.9342271089553833,1.823677659034729,1.4847911596298218,1.5464094877243042,1.3363804817199707,1.59298574924469,1.3940433263778687,1.111620545387268,2.1346213817596436,2.0582313537597656,1.68853759765625,1.7118468284606934,1.4917470216751099,1.554595947265625,1.483396053314209,1.2780497074127197,1.0221301317214966,1.0770962238311768,1.2186386585235596,1.2723863124847412,1.4399538040161133,1.7810883522033691,1.7316573858261108,1.9241951704025269,1.8937286138534546,1.5551557540893555,1.6015487909317017,1.4574800729751587,1.5035550594329834,1.531700611114502,1.3551695346832275,1.0527344942092896,1.0167158842086792,0.9442986249923706,0.9452177286148071,1.0270854234695435,1.3693513870239258,1.351638913154602
A7,1.8857052326202393,1.5927242040634155,1.2707769870758057,0.952212393283844,0.6505604386329651,0.3827952444553375,0.0,0.375689297914505,0.5309481620788574,0.8325207233428955,1.0591330528259277,1.3940445184707642,1.5827763080596924,1.7299307584762573,1.8157352209091187,2.135429859161377,2.0429275035858154,1.9253231287002563,1.9911069869995117,1.83638334274292,2.150165319442749,2.1711769104003906,1.8027557134628296,1.889991283416748,1.772779941558838,2.0718936920166016,1.992204189300537,2.3717665672302246,2.384064197540283,2.1053898334503174,1.0114550590515137,1.2186626195907593,1.332613468170166,1.663225531578064,1.8064308166503906,2.1666200160980225,2.430413007736206,2.1734156608581543,2.031184434890747,1.684828519821167,1.7172486782073975,1.4461109638214111,1.680992841720581,1.4993433952331543,1.1673758029937744,2.0236411094665527,1.9565409421920776,1.6052969694137573,1.603543996810913,1.4143850803375244,1.3995946645736694,1.347980260848999,1.237666130065918,0.9294797778129578,1.0218621492385864,1.0531355142593384,1.1511061191558838,1.2349404096603394,1.6007030010223389,1.6229279041290283,1.825234293937683,1.8316056728363037,1.512725591659546,1.5854060649871826,1.51864755153656,1.54409658908844,1.6386514902114868,1.5258151292800903,1.1781467199325562,1.0907014608383179,0.8800283670425415,0.8463612198829651,0.7809743881225586,1.1442066431045532,1.1921604871749878
A8,1.7754281759262085,1.5128480195999146,1.177282691001892,0.9291233420372009,0.5647279620170593,0.5316158533096313,0.375689297914505,0.0,0.3694570064544678,0.6536074280738831,0.9780105352401733,1.2558842897415161,1.5161454677581787,1.6693665981292725,1.6796033382415771,1.8542745113372803,1.7230066061019897,1.5849940776824951,1.6255240440368652,1.466767430305481,1.7854140996932983,1.8245114088058472,1.464543342590332,1.5551471710205078,1.433797836303711,1.7457523345947266,1.6979331970214844,2.081770181655884,2.0914342403411865,1.8424568176269531,0.984898030757904,1.1630357503890991,1.171616792678833,1.4916404485702515,1.5931328535079956,1.9402384757995605,2.1822431087493896,1.9123566150665283,1.7437206506729126,1.4024919271469116,1.4374123811721802,1.154150366783142,1.4172266721725464,1.3032941818237305,0.9487211108207703,1.6719764471054077,1.5900077819824219,1.2332500219345093,1.251311182975769,1.0913697481155396,1.1357191801071167,1.1742141246795654,1.0417481660842896,0.690897524356842,0.6779816746711731,0.7083309888839722,0.797764241695404,0.9454362392425537,1.2874417304992676,1.293769121170044,1.4586687088012695,1.4730805158615112,1.167991042137146,1.2901170253753662,1.267778992652893,1.3668826818466187,1.5268168449401855,1.384144902229309,1.0357164144515991,0.841249406337738,0.6184726357460022,0.48607203364372253,0.514563262462616,0.8455570936203003,0.8434242606163025
A9,1.5708562135696411,1.3537309169769287,0.9887421727180481,0.7999154329299927,0.5149122476577759,0.49954748153686523,0.5309481620788574,0.3694570064544678,0.0,0.3720460534095764,0.6364055275917053,0.93099045753479,1.165408730506897,1.3535900115966797,1.3837862014770508,1.617842674255371,1.5537837743759155,1.4447051286697388,1.5673213005065918,1.4723823070526123,1.8157016038894653,1.91408371925354,1.5595782995224,1.5642770528793335,1.3689579963684082,1.6223305463790894,1.5020921230316162,1.8752459287643433,1.8650696277618408,1.5788296461105347,1.099962830543518,1.165393590927124,1.1485990285873413,1.4096888303756714,1.453262209892273,1.8190574645996094,2.027834892272949,1.730992078781128,1.627658486366272,1.3193540573120117,1.4485526084899902,1.2395226955413818,1.5622599124908447,1.4740761518478394,1.151968240737915,1.8412262201309204,1.6945990324020386,1.3125954866409302,1.2657313346862793,1.0062497854232788,1.0744853019714355,1.020339012145996,0.7988992929458618,0.5317680835723877,0.620416522026062,0.837463915348053,1.0021846294403076,1.2297487258911133,1.5318912267684937,1.517500400543213,1.5194766521453857,1.4427210092544556,1.0876611471176147,1.110875129699707,1.0000190734863281,1.0633606910705566,1.177329182624817,1.0300358533859253,0.681018590927124,0.5638501048088074,0.44765424728393555,0.5400847792625427,0.6923452615737915,0.9984434247016907,1.0295964479446411
A10,1.2158262729644775,1.0347193479537964,0.6667714715003967,0.597602903842926,0.4467281997203827,0.633720874786377,0.8325207233428955,0.6536074280738831,0.3720460534095764,0.0,0.3832158148288727,0.6061962842941284,0.8987142443656921,1.0392378568649292,1.029691219329834,1.464568853378296,1.4392887353897095,1.2820112705230713,1.4325878620147705,1.342684030532837,1.6674212217330933,1.7791225910186768,1.4300740957260132,1.3584645986557007,1.1402521133422852,1.3543907403945923,1.2046656608581543,1.5714473724365234,1.6030380725860596,1.3121161460876465,1.038148283958435,0.9832265973091125,0.902164101600647,1.0998191833496094,1.1058257818222046,1.4763691425323486,1.6780201196670532,1.3864248991012573,1.3137022256851196,1.0245648622512817,1.2113720178604126,1.0850526094436646,1.4388597011566162,1.37751305103302,1.1157358884811401,1.8660531044006348,1.7086255550384521,1.3243865966796875,1.315617322921753,1.051552653312683,1.2292203903198242,1.1953604221343994,0.8802119493484497,0.7149251103401184,0.6878647208213806,1.0034594535827637,1.0964022874832153,1.3984498977661133,1.652661681175232,1.564785361289978,1.537867546081543,1.4230715036392212,1.0702459812164307,1.0772961378097534,0.8853862881660461,1.0213184356689453,1.0848414897918701,0.8318268060684204,0.5648393034934998,0.46007072925567627,0.6084477305412292,0.6895479559898376,0.976498007774353,1.2144145965576172,1.1610558032989502
A11,1.1065205335617065,0.9922268986701965,0.6486902236938477,0.6723485589027405,0.7064778208732605,0.8028737306594849,1.0591330528259277,0.9780105352401733,0.6364055275917053,0.3832158148288727,0.0,0.36459434032440186,0.5406193733215332,0.7263317704200745,0.8080199956893921,1.4602032899856567,1.5328530073165894,1.42201566696167,1.6447217464447021,1.6125061511993408,1.9322201013565063,2.0744025707244873,1.7422616481781006,1.6115251779556274,1.3554915189743042,1.4833478927612305,1.248543381690979,1.569348692893982,1.586375117301941,1.250939965248108,1.2699239253997803,1.1369659900665283,1.089536428451538,1.2008763551712036,1.16168212890625,1.5287926197052002,1.6936274766921997,1.3995718955993652,1.4252671003341675,1.2008557319641113,1.4507861137390137,1.396597981452942,1.7527294158935547,1.6840298175811768,1.4584554433822632,2.2110836505889893,2.023475170135498,1.6421538591384888,1.5856913328170776,1.268317461013794,1.423083782196045,1.2911556959152222,0.942242443561554,0.9152233600616455,0.9871167540550232,1.3383888006210327,1.4695779085159302,1.773247241973877,2.022876024246216,1.9364181756973267,1.8314039707183838,1.6581465005874634,1.2956055402755737,1.1970994472503662,0.9036408066749573,0.9467369914054871,0.8719292879104614,0.6017594933509827,0.4439791440963745,0.6018484234809875,0.8385792374610901,1.0303291082382202,1.288844108581543,1.532476544380188,1.5192070007324219
A12,0.9175022840499878,0.9271495342254639,0.6568372845649719,0.856266438961029,0.9523876905441284,1.1334865093231201,1.3940445184707642,1.2558842897415161,0.93099045753479,0.6061962842941284,0.36459434032440186,0.0,0.3799664378166199,0.5267398357391357,0.48253634572029114,1.2656172513961792,1.3862491846084595,1.2606719732284546,1.516676425933838,1.5252045392990112,1.818447470664978,1.994677186012268,1.7002005577087402,1.4983786344528198,1.211825966835022,1.254083514213562,0.9711582660675049,1.2525634765625,1.2873340845108032,0.9519546627998352,1.4500895738601685,1.2432998418807983,1.1098403930664062,1.1087602376937866,0.9662621021270752,1.3012831211090088,1.4060237407684326,1.1005911827087402,1.1956955194473267,1.0536295175552368,1.3692569732666016,1.40243661403656,1.767188549041748,1.7548573017120361,1.5791515111923218,2.230132579803467,2.0202128887176514,1.659575343132019,1.6107529401779175,1.3054652214050293,1.5271408557891846,1.4294015169143677,1.050843596458435,1.0978223085403442,1.1005650758743286,1.485168218612671,1.5912261009216309,1.934148907661438,2.131866455078125,2.010061264038086,1.8285964727401733,1.616210699081421,1.2854660749435425,1.1624773740768433,0.8286770582199097,0.9385841488838196,0.8388108611106873,0.47524717450141907,0.5413004755973816,0.6783037185668945,1.021463394165039,1.1985564231872559,1.5142945051193237,1.6965702772140503,1.6455563306808472
A13,1.0296467542648315,1.0863810777664185,0.8772771954536438,1.0570181608200073,1.2089658975601196,1.3082211017608643,1.5827763080596924,1.5161454677581787,1.165408730506897,0.8987142443656921,0.5406193733215332,0.3799664378166199,0.0,0.36432313919067383,0.535198450088501,1.4367473125457764,1.6303304433822632,1.5623277425765991,1.852496862411499,1.8916922807693481,2.1837801933288574,2.368950366973877,2.0785038471221924,1.8669171333312988,1.5760997533798218,1.5755192041397095,1.2563121318817139,1.47101891040802,1.4779337644577026,1.1265337467193604,1.7009286880493164,1.4793590307235718,1.4067314863204956,1.3807075023651123,1.2459176778793335,1.5536292791366577,1.6291627883911133,1.349902868270874,1.5100396871566772,1.4051661491394043,1.7235239744186401,1.7691627740859985,2.126155376434326,2.0882225036621094,1.91652512550354,2.5986568927764893,2.3751513957977295,2.0137555599212646,1.92739999294281,1.590004324913025,1.7608219385147095,1.5820554494857788,1.2195324897766113,1.3315223455429077,1.4153127670288086,1.7999348640441895,1.940790057182312,2.26948618888855,2.4843318462371826,2.378941297531128,2.169407844543457,1.9319413900375366,1.595436692237854,1.4087049961090088,1.0435688495635986,1.0289087295532227,0.7846508622169495,0.5097413659095764,0.6909504532814026,0.963465690612793,1.2762104272842407,1.5099856853485107,1.7846804857254028,1.9918354749679565,1.9828426837921143
A14,0.7270404696464539,0.8423084616661072,0.7526721954345703,1.0097379684448242,1.2554259300231934,1.4036586284637451,1.7299307584762573,1.6693665981292725,1.3535900115966797,1.0392378568649292,0.7263317704200745,0.5267398357391357,0.36432313919067383,0.0,0.3674640655517578,1.6566318273544312,1.8374451398849487,1.710283875465393,1.9685992002487183,1.968681812286377,2.2176616191864014,2.366162061691284,2.0811684131622314,1.8475159406661987,1.5995889902114868,1.5831387042999268,1.283981442451477,1.4681603908538818,1.5587691068649292,1.2453652620315552,1.6376484632492065,1.3540631532669067,1.2903285026550293,1.1956413984298706,1.0773732662200928,1.3537733554840088,1.4507976770401,1.2403620481491089,1.4226391315460205,1.3405981063842773,1.6433582305908203,1.7433104515075684,2.0708024501800537,2.018605947494507,1.9062870740890503,2.7044200897216797,2.5135104656219482,2.1605935096740723,2.1326069831848145,1.830490231513977,2.0423455238342285,1.9041074514389038,1.5325623750686646,1.5964014530181885,1.617809534072876,1.9928085803985596,2.068795680999756,2.4063358306884766,2.615142345428467,2.464688539505005,2.335137367248535,2.1221165657043457,1.8048079013824463,1.6669784784317017,1.3140342235565186,1.3629781007766724,1.1407842636108398,0.835442304611206,0.9967694878578186,1.1995807886123657,1.522770643234253,1.6951327323913574,1.9964085817337036,2.206514835357666,2.1432721614837646
A15,0.6226076483726501,0.8234503269195557,0.7525489330291748,1.0815305709838867,1.285343050956726,1.5115622282028198,1.8157352209091187,1.6796033382415771,1.3837862014770508,1.029691219329834,0.8080199956893921,0.48253634572029114,0.535198450088501,0.3674640655517578,0.0,1.4289566278457642,1.5952439308166504,1.4347633123397827,1.6840882301330566,1.697573184967041,1.920336127281189,2.0877883434295654,1.836167573928833,1.5655540227890015,1.3090852499008179,1.245557188987732,0.9443082809448242,1.1100609302520752,1.2351288795471191,0.9547827243804932,1.649969458580017,1.3534671068191528,1.1910501718521118,1.0360348224639893,0.8199220895767212,1.0667744874954224,1.11565101146698,0.8817175626754761,1.0928817987442017,1.0708227157592773,1.4074634313583374,1.5553414821624756,1.8857393264770508,1.893863558769226,1.8052417039871216,2.480463981628418,2.283672571182251,1.9550195932388306,1.9496725797653198,1.6832882165908813,1.949545979499817,1.8763347864151,1.4951887130737305,1.5608229637145996,1.5093474388122559,1.8883979320526123,1.935339093208313,2.296177387237549,2.4590396881103516,2.2848358154296875,2.116668939590454,1.8984155654907227,1.6190582513809204,1.5068544149398804,1.1765307188034058,1.3152917623519897,1.1663259267807007,0.8140957355499268,1.004733681678772,1.1187398433685303,1.4804855585098267,1.614696741104126,1.9582600593566895,2.115176200866699,2.01369047164917
B1,1.933349370956421,2.037487268447876,1.8000329732894897,1.9758212566375732,1.8851649761199951,2.0692708492279053,2.135429859161377,1.8542745113372803,1.617842674255371,1.464568853378296,1.4602032899856567,1.2656172513961792,1.4367473125457764,1.6566318273544312,1.4289566278457642,0.0,0.38022273778915405,0.6218901872634888,0.9770766496658325,1.2845898866653442,1.5524710416793823,1.913121223449707,1.8015950918197632,1.5881054401397705,1.232559084892273,1.0941306352615356,0.8924914598464966,0.9738796353340149,0.6507967710494995,0.5637987852096558,2.3878393173217773,2.26314377784729,1.9933007955551147,1.9633355140686035,1.6743438243865967,1.8433794975280762,1.7179169654846191,1.3551115989685059,1.4404726028442383,1.495849609375,1.8129305839538574,1.8483978509902954,2.1953070163726807,2.370828628540039,2.1750388145446777,1.952160120010376,1.5998865365982056,1.3956739902496338,1.1777223348617554,0.9698416590690613,1.2029144763946533,1.252860188484192,1.0490670204162598,1.2879122495651245,1.2365436553955078,1.5321985483169556,1.7292759418487549,2.0510051250457764,2.063563585281372,2.02524471282959,1.3624283075332642,0.9987771511077881,0.901050865650177,0.6497769951820374,0.63275545835495,0.8281359672546387,1.038315773010254,1.0012038946151733,1.1319215297698975,1.0576047897338867,1.2907966375350952,1.4619109630584717,1.7312681674957275,1.6555391550064087,1.6707115173339844
B2,2.020202159881592,2.0770952701568604,1.827043890953064,1.9669746160507202,1.8208019733428955,2.0209555625915527,2.0429275035858154,1.7230066061019897,1.5537837743759155,1.4392887353897095,1.5328530073165894,1.3862491846084595,1.6303304433822632,1.8374451398849487,1.5952439308166504,0.38022273778915405,0.0,0.3744509816169739,0.6625593900680542,0.9907496571540833,1.2642844915390015,1.630396842956543,1.540958046913147,1.377011775970459,1.051519751548767,0.9837315082550049,0.9044625759124756,1.0485992431640625,0.788975179195404,0.7769060134887695,2.285184621810913,2.20440936088562,1.9185932874679565,1.9273079633712769,1.6681019067764282,1.8330219984054565,1.7417596578598022,1.38896906375885,1.3771827220916748,1.3989074230194092,1.6609742641448975,1.6560540199279785,1.9793798923492432,2.18306565284729,1.9814980030059814,1.5905404090881348,1.2300312519073486,1.0585229396820068,0.8467036485671997,0.7360103130340576,1.0132877826690674,1.1888788938522339,1.035465955734253,1.1875691413879395,1.056990385055542,1.2846521139144897,1.4572383165359497,1.7611085176467896,1.7312355041503906,1.7044271230697632,0.9957027435302734,0.6321016550064087,0.6246749758720398,0.5093127489089966,0.6861436367034912,0.961976170539856,1.257155179977417,1.1921608448028564,1.217730164527893,1.0272735357284546,1.1881595849990845,1.277686357498169,1.536261796951294,1.3970651626586914,1.3867665529251099
B3,1.7697622776031494,1.815895438194275,1.5934842824935913,1.750640869140625,1.6177953481674194,1.8709207773208618,1.9253231287002563,1.5849940776824951,1.4447051286697388,1.2820112705230713,1.42201566696167,1.2606719732284546,1.5623277425765991,1.710283875465393,1.4347633123397827,0.6218901872634888,0.3744509816169739,0.0,0.37506598234176636,0.6649536490440369,0.9390296936035156,1.2942556142807007,1.196221947669983,1.006502389907837,0.6808952689170837,0.6369180083274841,0.6353885531425476,0.8474999070167542,0.7164235711097717,0.7236359715461731,2.018320322036743,1.9246840476989746,1.6127781867980957,1.6081427335739136,1.3544360399246216,1.503435730934143,1.4386754035949707,1.1001365184783936,1.0309194326400757,1.0504601001739502,1.2988022565841675,1.319279670715332,1.6340761184692383,1.8548212051391602,1.6874974966049194,1.389652967453003,1.0724011659622192,0.8759012222290039,0.8054633736610413,0.755461573600769,1.120332956314087,1.337340235710144,1.1255581378936768,1.180626630783081,0.9470401406288147,1.1808420419692993,1.258430004119873,1.5952457189559937,1.5606045722961426,1.4653764963150024,0.8799618482589722,0.5870040059089661,0.568326473236084,0.6284183263778687,0.7429729700088501,1.102936029434204,1.368302583694458,1.201061487197876,1.201869249343872,0.9498617053031921,1.1451104879379272,1.1501073837280273,1.4670705795288086,1.344244360923767,1.2365188598632812
B4,1.9153646230697632,1.9273276329040527,1.7252309322357178,1.855852723121643,1.69098961353302,1.965958833694458,1.9911069869995117,1.6255240440368652,1.5673213005065918,1.4325878620147705,1.6447217464447021,1.516676425933838,1.852496862411499,1.9685992002487183,1.6840882301330566,0.9770766496658325,0.6625593900680542,0.37506598234176636,0.0,0.3719313442707062,0.6045460104942322,0.9735195636749268,0.9388071298599243,0.8096632957458496,0.5954391956329346,0.6495568156242371,0.831871509552002,1.0321177244186401,0.986393392086029,1.0596386194229126,2.0029075145721436,1.9457699060440063,1.6178765296936035,1.6341001987457275,1.420759677886963,1.5288255214691162,1.4922802448272705,1.2111120223999023,1.0369681119918823,1.0410590171813965,1.1884466409683228,1.1856200695037842,1.4409419298171997,1.7095757722854614,1.569179892539978,1.0615863800048828,0.7703169584274292,0.6617027521133423,0.7316786050796509,0.8594003915786743,1.2246079444885254,1.52701735496521,1.360683560371399,1.3279531002044678,1.0172131061553955,1.1401649713516235,1.1211665868759155,1.4305551052093506,1.3236415386199951,1.2005341053009033,0.6494389176368713,0.49674010276794434,0.6461507678031921,0.8738787174224854,1.056981086730957,1.4198589324951172,1.7058019638061523,1.5239779949188232,1.4715415239334106,1.161303997039795,1.284543514251709,1.1784342527389526,1.476656436920166,1.2958704233169556,1.113357424736023
B5,1.8151098489761353,1.774173617362976,1.5888952016830444,1.6878368854522705,1.510179042816162,1.8090062141418457,1.83638334274292,1.466767430305481,1.4723823070526123,1.342684030532837,1.6125061511993408,1.5252045392990112,1.8916922807693481,1.968681812286377,1.697573184967041,1.2845898866653442,0.9907496571540833,0.6649536490440369,0.3719313442707062,0.0,0.3780031204223633,0.6623597741127014,0.5711158514022827,0.5161159634590149,0.4360305964946747,0.6794003248214722,0.9303797483444214,1.1871970891952515,1.2383968830108643,1.2711741924285889,1.7313053607940674,1.7011419534683228,1.3742066621780396,1.426166296005249,1.2808222770690918,1.393033742904663,1.4395500421524048,1.2043524980545044,0.935476541519165,0.8544444441795349,0.8998510837554932,0.8568739295005798,1.0801481008529663,1.3624989986419678,1.2443037033081055,0.8537209630012512,0.6753203272819519,0.5358119010925293,0.7901329398155212,0.9581400752067566,1.320672631263733,1.6377708911895752,1.460858702659607,1.3345825672149658,0.966243326663971,1.032444715499878,0.8905211091041565,1.2023365497589111,1.0989242792129517,0.9018251895904541,0.6458526253700256,0.6757142543792725,0.757131040096283,1.0644811391830444,1.215558409690857,1.5837876796722412,1.8542002439498901,1.6295522451400757,1.523977518081665,1.1799249649047852,1.2686585187911987,1.0674461126327515,1.3730047941207886,1.2157491445541382,0.9410727024078369
B6,1.962404727935791,1.9421141147613525,1.81670081615448,1.9384336471557617,1.7891581058502197,2.1102545261383057,2.150165319442749,1.7854140996932983,1.8157016038894653,1.6674212217330933,1.9322201013565063,1.818447470664978,2.1837801933288574,2.2176616191864014,1.920336127281189,1.5524710416793823,1.2642844915390015,0.9390296936035156,0.6045460104942322,0.3780031204223633,0.0,0.39285245537757874,0.537477433681488,0.4921978712081909,0.6182332634925842,0.7695338726043701,1.1070303916931152,1.2800557613372803,1.387749433517456,1.4966742992401123,1.9121956825256348,1.8702757358551025,1.5267776250839233,1.5317859649658203,1.390341877937317,1.4062267541885376,1.4271454811096191,1.2778472900390625,0.9780498743057251,0.9789311289787292,0.9366360902786255,0.9668888449668884,1.074259877204895,1.4149240255355835,1.3862075805664062,0.8625409603118896,0.7959684729576111,0.8178260326385498,1.1115649938583374,1.324965238571167,1.6783236265182495,2.0097694396972656,1.8370627164840698,1.7093400955200195,1.3354010581970215,1.3644107580184937,1.1557220220565796,1.4178560972213745,1.2455060482025146,0.9957367181777954,0.8780434131622314,0.9704841375350952,1.1223018169403076,1.4211653470993042,1.5671120882034302,1.9417579174041748,2.1994516849517822,1.9576491117477417,1.8775962591171265,1.5429316759109497,1.6406872272491455,1.4169143438339233,1.7077285051345825,1.5332527160644531,1.226991057395935
B7,2.0175492763519287,1.9518250226974487,1.862746000289917,1.951141357421875,1.8039476871490479,2.1316375732421875,2.1711769104003906,1.8245114088058472,1.91408371925354,1.7791225910186768,2.0744025707244873,1.994677186012268,2.368950366973877,2.366162061691284,2.0877883434295654,1.913121223449707,1.630396842956543,1.2942556142807007,0.9735195636749268,0.6623597741127014,0.39285245537757874,0.0,0.3812144100666046,0.5237535834312439,0.8246732950210571,1.0409787893295288,1.3792537450790405,1.5687423944473267,1.7277778387069702,1.812233567237854,1.7986786365509033,1.787886619567871,1.4668183326721191,1.496948480606079,1.4405847787857056,1.433220386505127,1.528537392616272,1.4502971172332764,1.1030718088150024,1.045823335647583,0.855510413646698,0.8596495985984802,0.8241622447967529,1.1882394552230835,1.2328546047210693,0.854162871837616,0.9542514085769653,0.9928416609764099,1.3531461954116821,1.5799638032913208,1.9131946563720703,2.247833251953125,2.076547384262085,1.8910690546035767,1.503747582435608,1.4781227111816406,1.1766208410263062,1.384840488433838,1.20859694480896,0.892403244972229,1.10350501537323,1.2778818607330322,1.3959708213806152,1.7218014001846313,1.8506879806518555,2.219801425933838,2.464099168777466,2.1991281509399414,2.086465835571289,1.744780421257019,1.8111469745635986,1.5307186841964722,1.7969624996185303,1.6470470428466797,1.2930151224136353
B8,1.7590184211730957,1.648166537284851,1.5293790102005005,1.5863760709762573,1.4266821146011353,1.7535021305084229,1.8027557134628296,1.464543342590332,1.5595782995224,1.4300740957260132,1.7422616481781006,1.7002005577087402,2.0785038471221924,2.0811684131622314,1.836167573928833,1.8015950918197632,1.540958046913147,1.196221947669983,0.9388071298599243,0.5711158514022827,0.537477433681488,0.3812144100666046,0.0,0.36814451217651367,0.6471211314201355,0.9692290425300598,1.2464793920516968,1.5126409530639648,1.6699466705322266,1.6769757270812988,1.4340498447418213,1.437428593635559,1.129133701324463,1.2177071571350098,1.206087350845337,1.2849699258804321,1.451309323310852,1.32881760597229,0.9732670187950134,0.7972572445869446,0.587228000164032,0.49374279379844666,0.5485472679138184,0.8836418390274048,0.8761019706726074,0.8835155367851257,0.9491950273513794,0.8440236449241638,1.2050600051879883,1.3716397285461426,1.6994870901107788,2.0015382766723633,1.8109707832336426,1.5944020748138428,1.2101383209228516,1.2049813270568848,0.8876805901527405,1.140092134475708,1.061121940612793,0.7288297414779663,1.036058783531189,1.1894267797470093,1.2079206705093384,1.5307263135910034,1.623579978942871,1.9783673286437988,2.2064578533172607,1.9323978424072266,1.7873547077178955,1.4472993612289429,1.5042842626571655,1.2123476266860962,1.4936174154281616,1.4018559455871582,1.0379648208618164
B9,1.5136785507202148,1.4721587896347046,1.3813252449035645,1.5216232538223267,1.4278444051742554,1.7814661264419556,1.889991283416748,1.5551471710205078,1.5642770528793335,1.3584645986557007,1.6115251779556274,1.4983786344528198,1.8669171333312988,1.8475159406661987,1.5655540227890015,1.5881054401397705,1.377011775970459,1.006502389907837,0.8096632957458496,0.5161159634590149,0.4921978712081909,0.5237535834312439,0.36814451217651367,0.0,0.36952680349349976,0.6329692006111145,0.9250215291976929,1.1657763719558716,1.3604352474212646,1.3860231637954712,1.5018936395645142,1.4128938913345337,1.0573837757110596,1.0436104536056519,0.9374224543571472,0.9825071096420288,1.1015559434890747,0.9723452925682068,0.618474543094635,0.5286072492599487,0.45095840096473694,0.5742548108100891,0.7434172630310059,1.0489037036895752,1.0591100454330444,1.147599220275879,1.1107412576675415,0.9669874310493469,1.2595794200897217,1.3578474521636963,1.7258886098861694,1.9895334243774414,1.749127984046936,1.5950260162353516,1.2264354228973389,1.3322408199310303,1.0941954851150513,1.4089668989181519,1.3568955659866333,1.0559176206588745,1.1351238489151,1.178095817565918,1.1711273193359375,1.4342095851898193,1.4721821546554565,1.8426412343978882,2.037681818008423,1.7399110794067383,1.6592333316802979,1.3526228666305542,1.5010159015655518,1.2813751697540283,1.6209594011306763,1.5529848337173462,1.2266358137130737
B10,1.393115520477295,1.3876322507858276,1.2411837577819824,1.4098306894302368,1.3176790475845337,1.6558704376220703,1.772779941558838,1.433797836303711,1.3689579963684082,1.1402521133422852,1.3554915189743042,1.211825966835022,1.5760997533798218,1.5995889902114868,1.3090852499008179,1.232559084892273,1.051519751548767,0.6808952689170837,0.5954391956329346,0.4360305964946747,0.6182332634925842,0.8246732950210571,0.6471211314201355,0.36952680349349976,0.0,0.38130056858062744,0.6028285622596741,0.9009072780609131,1.0457626581192017,1.0341073274612427,1.5397251844406128,1.4241443872451782,1.0703461170196533,1.0487265586853027,0.8561645150184631,0.979680061340332,1.0421689748764038,0.7948851585388184,0.5234552621841431,0.45095136761665344,0.6270344257354736,0.7215369343757629,1.0126885175704956,1.2538583278656006,1.1776857376098633,1.2523764371871948,1.1020318269729614,0.8825412392616272,1.073909878730774,1.0931575298309326,1.4771281480789185,1.7059029340744019,1.4425801038742065,1.3435149192810059,1.0034688711166382,1.1975892782211304,1.0688002109527588,1.4290030002593994,1.416679859161377,1.1815546751022339,1.0357451438903809,0.9674481153488159,0.9028782844543457,1.1100950241088867,1.1208418607711792,1.4958430528640747,1.6895605325698853,1.401540756225586,1.3480854034423828,1.0559191703796387,1.255471110343933,1.1116548776626587,1.4806658029556274,1.4258122444152832,1.1623059511184692
B11,1.3958653211593628,1.48979914188385,1.3872718811035156,1.6261086463928223,1.5916602611541748,1.9259624481201172,2.0718936920166016,1.7457523345947266,1.6223305463790894,1.3543907403945923,1.4833478927612305,1.254083514213562,1.5755192041397095,1.5831387042999268,1.245557188987732,1.0941306352615356,0.9837315082550049,0.6369180083274841,0.6495568156242371,0.6794003248214722,0.7695338726043701,1.0409787893295288,0.9692290425300598,0.6329692006111145,0.38130056858062744,0.0,0.3668479025363922,0.5462643504142761,0.7361111640930176,0.8163569569587708,1.842552661895752,1.6705256700515747,1.310097098350525,1.1899112462997437,0.8958628177642822,0.9298520088195801,0.8451591730117798,0.576937198638916,0.4421706795692444,0.6262379884719849,0.8829460740089417,1.0704628229141235,1.337814211845398,1.5844988822937012,1.5392861366271973,1.5237081050872803,1.3316950798034668,1.1588963270187378,1.2799005508422852,1.2669243812561035,1.6558172702789307,1.853055477142334,1.571579098701477,1.557673692703247,1.2636711597442627,1.5031942129135132,1.4257105588912964,1.7869123220443726,1.7526153326034546,1.5306200981140137,1.2482364177703857,1.0993359088897705,1.0695534944534302,1.1852293014526367,1.1572297811508179,1.5280200242996216,1.6880385875701904,1.402389645576477,1.4460666179656982,1.2169488668441772,1.4807084798812866,1.4104338884353638,1.7844051122665405,1.720372200012207,1.4950954914093018
B12,1.2270489931106567,1.3619555234909058,1.236348032951355,1.5050479173660278,1.5092371702194214,1.8166543245315552,1.992204189300537,1.6979331970214844,1.5020921230316162,1.2046656608581543,1.248543381690979,0.9711582660675049,1.2563121318817139,1.283981442451477,0.9443082809448242,0.8924914598464966,0.9044625759124756,0.6353885531425476,0.831871509552002,0.9303797483444214,1.1070303916931152,1.3792537450790405,1.2464793920516968,0.9250215291976929,0.6028285622596741,0.3668479025363922,0.0,0.3851529657840729,0.5337483286857605,0.4898562729358673,1.8475929498672485,1.64329195022583,1.3139582872390747,1.1810343265533447,0.8482697606086731,0.9578017592430115,0.8542921543121338,0.48695075511932373,0.5641133189201355,0.710993766784668,1.0604023933410645,1.2317194938659668,1.5510817766189575,1.7371056079864502,1.6538054943084717,1.7810823917388916,1.5491663217544556,1.3154945373535156,1.3480442762374878,1.2259695529937744,1.5934364795684814,1.7106516361236572,1.3918579816818237,1.4415539503097534,1.221803903579712,1.5364797115325928,1.536759376525879,1.9131345748901367,1.935599446296692,1.7482972145080566,1.4089292287826538,1.1855171918869019,1.062989354133606,1.0639476776123047,0.9347142577171326,1.2748569250106812,1.3808419704437256,1.0876010656356812,1.1956291198730469,1.0442228317260742,1.3695833683013916,1.3902506828308105,1.7694593667984009,1.7554656267166138,1.5902678966522217
B13,1.3954987525939941,1.6057158708572388,1.538867712020874,1.8412466049194336,1.8785454034805298,2.1854002475738525,2.3717665672302246,2.081770181655884,1.8752459287643433,1.5714473724365234,1.569348692893982,1.2525634765625,1.47101891040802,1.4681603908538818,1.1100609302520752,0.9738796353340149,1.0485992431640625,0.8474999070167542,1.0321177244186401,1.1871970891952515,1.2800557613372803,1.5687423944473267,1.5126409530639648,1.1657763719558716,0.9009072780609131,0.5462643504142761,0.3851529657840729,0.0,0.370603084564209,0.5412519574165344,2.1940388679504395,1.961627721786499,1.6280763149261475,1.4327760934829712,1.0681992769241333,1.0593693256378174,0.8108868598937988,0.5324218273162842,0.7347539663314819,1.006184697151184,1.3315460681915283,1.5548195838928223,1.838658094406128,2.049180507659912,2.0029752254486084,2.029247283935547,1.790696144104004,1.612622857093811,1.633947730064392,1.5327014923095703,1.8921713829040527,2.0027220249176025,1.695207118988037,1.790258765220642,1.5861237049102783,1.8928345441818237,1.8924357891082764,2.2633743286132812,2.2511086463928223,2.0569725036621094,1.6643115282058716,1.4243760108947754,1.3648533821105957,1.3314290046691895,1.2091736793518066,1.5165398120880127,1.5900683403015137,1.3260239362716675,1.5035641193389893,1.3956810235977173,1.7276642322540283,1.7643834352493286,2.1376848220825195,2.100738525390625,1.9389225244522095
