,A1,A2,A3,A4,A5,A6,A7,A8,A9,A10,A11,A12,A13,A14,A15,B1,B2,B3,B4,B5,B6,B7,B8,B9,B10,B11,B12,B13,B14,B15,C1,C2,C3,C4,C5,C6,C7,C8,C9,C10,C11,C12,C13,C14,C15,D1,D2,D3,D4,D5,D6,D7,D8,D9,D10,D11,D12,D13,D14,D15,E1,E2,E3,E4,E5,E6,E7,E8,E9,E10,E11,E12,E13,E14,E15
A1,0.0,0.3778756856918335,0.6343291997909546,0.9460292458534241,1.2797613143920898,1.5158252716064453,1.905496597290039,1.8582195043563843,1.6106841564178467,1.2567806243896484,1.032590627670288,0.808940589427948,0.8236072063446045,0.4960920810699463,0.4697103500366211,2.29860520362854,2.022873878479004,1.679199457168579,1.5120004415512085,1.171282410621643,1.2959271669387817,1.120736837387085,0.9433961510658264,1.245497226715088,1.3139386177062988,1.6844362020492554,1.8869965076446533,2.2248318195343018,2.34690260887146,2.272231101989746,2.3147356510162354,2.171558141708374,2.0846893787384033,2.2579965591430664,2.22298002243042,2.574573278427124,2.7499887943267822,2.5332674980163574,2.3715968132019043,2.0075559616088867,2.1132044792175293,1.7922697067260742,2.021974802017212,2.0379507541656494,1.6869163513183594,1.463848352432251,1.6617573499679565,1.5359299182891846,1.8195388317108154,1.9186036586761475,2.1432132720947266,2.382960796356201,2.193972587585449,1.8698614835739136,1.581048607826233,1.4589089155197144,1.1220834255218506,1.180822730064392,1.244874358177185,0.9774969220161438,2.6840293407440186,2.5356898307800293,2.1338186264038086,2.04494309425354,1.7074538469314575,1.765703797340393,1.566628336906433,1.2368463277816772,1.3331966400146484,1.4868522882461548,1.813085913658142,1.939640998840332,2.2272305488586426,2.5077297687530518,2.3945579528808594
A2,0.3778756856918335,0.0,0.39387333393096924,0.6266483664512634,0.9817147850990295,1.2157821655273438,1.6118501424789429,1.5900723934173584,1.3903863430023193,1.062341332435608,0.8881023526191711,0.7979612350463867,0.886213481426239,0.6529563069343567,0.7020342946052551,2.020374298095703,1.7361212968826294,1.4244651794433594,1.2798115015029907,0.9984469413757324,1.1913511753082275,1.1285146474838257,1.0245610475540161,1.2480663061141968,1.2187436819076538,1.5560005903244019,1.7266088724136353,2.065667152404785,2.1339869499206543,2.055790901184082,2.4407784938812256,2.247424840927124,2.127258062362671,2.2397215366363525,2.158843994140625,2.486271858215332,2.6179375648498535,2.4002060890197754,2.1899936199188232,1.8380845785140991,1.8997914791107178,1.5659153461456299,1.7562354803085327,1.8086706399917603,1.487479329109192,1.6960713863372803,1.8438061475753784,1.6481444835662842,1.9084367752075195,1.933313250541687,2.1630985736846924,2.35030198097229,2.114262342453003,1.8203610181808472,1.5654600858688354,1.5253260135650635,1.235497236251831,1.3678524494171143,1.4936151504516602,1.2212032079696655,2.523749589920044,2.418869972229004,2.030924081802368,1.9854625463485718,1.6915842294692993,1.7675937414169312,1.6235257387161255,1.3012197017669678,1.2859169244766235,1.397230625152588,1.6691513061523438,1.7531166076660156,2.012430191040039,2.3085238933563232,2.1899735927581787
A3,0.6343291997909546,0.39387333393096924,0.0,0.3863920569419861,0.6565117239952087,0.9445006847381592,1.3128796815872192,1.2372184991836548,1.0324506759643555,0.6822715401649475,0.5881328582763672,0.5503563284873962,0.7839633822441101,0.7159320712089539,0.6985205411911011,1.7054293155670166,1.45990788936615,1.1188067197799683,1.0525832176208496,0.7930599451065063,1.0845471620559692,1.1058659553527832,0.9568138122558594,1.067857265472412,0.9392064809799194,1.2754887342453003,1.390129804611206,1.7496181726455688,1.813602328300476,1.699550747871399,2.1842639446258545,1.9611200094223022,1.8084492683410645,1.8880257606506348,1.783216118812561,2.103231191635132,2.225221872329712,2.010266065597534,1.8010305166244507,1.4526563882827759,1.5374974012374878,1.227380394935608,1.4579100608825684,1.548426866531372,1.2350709438323975,1.5637367963790894,1.6479209661483765,1.397823691368103,1.643496036529541,1.6232991218566895,1.8782864809036255,2.050697088241577,1.7860444784164429,1.5264148712158203,1.2644481658935547,1.3024312257766724,1.050540566444397,1.2827850580215454,1.4231934547424316,1.140187382698059,2.129970073699951,2.0288703441619873,1.644566535949707,1.6209057569503784,1.3550270795822144,1.4711189270019531,1.4019900560379028,1.0730987787246704,0.9850922226905823,1.031967282295227,1.29485023021698,1.3625870943069458,1.6359959840774536,1.921337604522705,1.8016796112060547
A4,0.9460292458534241,0.6266483664512634,0.3863920569419861,0.0,0.38414713740348816,0.595487654209137,0.9865337014198303,0.9906913638114929,0.8323392271995544,0.5990307331085205,0.5509328842163086,0.743788480758667,0.9265786409378052,0.9395684599876404,1.0294166803359985,1.5751782655715942,1.3550888299942017,1.0784169435501099,1.1067219972610474,0.9726499915122986,1.3119549751281738,1.4152774810791016,1.3118042945861816,1.3631876707077026,1.1461377143859863,1.4160830974578857,1.4494746923446655,1.8059625625610352,1.7928706407546997,1.6418343782424927,2.3511974811553955,2.079824209213257,1.9328620433807373,1.9362764358520508,1.8134814500808716,2.0823957920074463,2.1679229736328125,1.9873214960098267,1.7313646078109741,1.4288651943206787,1.4838240146636963,1.2000137567520142,1.3794989585876465,1.5526821613311768,1.3078161478042603,1.8521729707717896,1.9242442846298218,1.6567538976669312,1.8938744068145752,1.8213558197021484,2.0924737453460693,2.2200570106506348,1.9099485874176025,1.710691213607788,1.4797301292419434,1.5958497524261475,1.3827478885650635,1.6489945650100708,1.7872495651245117,1.4917058944702148,2.050152540206909,1.9871565103530884,1.638013482093811,1.6315311193466187,1.4257798194885254,1.5076452493667603,1.4733856916427612,1.2092936038970947,1.0105462074279785,1.0509268045425415,1.2028311491012573,1.251926064491272,1.4499790668487549,1.7709647417068481,1.6861189603805542
A5,1.2797613143920898,0.9817147850990295,0.6565117239952087,0.38414713740348816,0.0,0.3819037973880768,0.6831420660018921,0.6187217831611633,0.5416843891143799,0.4178376793861389,0.6105868220329285,0.881723940372467,1.1314433813095093,1.2354161739349365,1.2765822410583496,1.2552275657653809,1.097198486328125,0.845169723033905,1.0034693479537964,0.9763555526733398,1.3563003540039062,1.5383042097091675,1.441865086555481,1.3876267671585083,1.0802345275878906,1.275161623954773,1.2147947549819946,1.5648713111877441,1.509636402130127,1.3165361881256104,2.2889420986175537,1.9878349304199219,1.8020422458648682,1.740522027015686,1.5696828365325928,1.8007084131240845,1.8422257900238037,1.6690880060195923,1.3862544298171997,1.1178593635559082,1.1613510847091675,0.9284647703170776,1.108232855796814,1.3476063013076782,1.1640926599502563,1.945372223854065,1.949415922164917,1.6376409530639648,1.8283814191818237,1.6878377199172974,1.9616584777832031,2.041869640350342,1.698404312133789,1.5677286386489868,1.3772183656692505,1.5820742845535278,1.4432241916656494,1.7605050802230835,1.9159101247787476,1.6414008140563965,1.7060357332229614,1.6813669204711914,1.3653918504714966,1.417976975440979,1.2952377796173096,1.4213069677352905,1.4910129308700562,1.260923147201538,0.9728929996490479,0.8928872346878052,0.945668637752533,0.9202719926834106,1.0974786281585693,1.411183476448059,1.322500228881836
A6,1.5158252716064453,1.2157821655273438,0.9445006847381592,0.595487654209137,0.3819037973880768,0.0,0.4072652757167816,0.5613835453987122,0.5072076916694641,0.6227949857711792,0.7216329574584961,1.0791622400283813,1.236221194267273,1.3877861499786377,1.510479211807251,1.4184379577636719,1.3226298093795776,1.1481066942214966,1.3518006801605225,1.3557888269424438,1.7336022853851318,1.9115883111953735,1.8045518398284912,1.761898159980774,1.4497355222702026,1.6274397373199463,1.5153945684432983,1.852179765701294,1.7510205507278442,1.5140719413757324,2.4141645431518555,2.082179307937622,1.9420092105865479,1.8258503675460815,1.6873010396957397,1.857405424118042,1.8941650390625,1.7917768955230713,1.504909634590149,1.3132020235061646,1.370727777481079,1.2111926078796387,1.3489102125167847,1.6410622596740723,1.5078538656234741,2.15742826461792,2.1834213733673096,1.898026943206787,2.1098875999450684,1.9720362424850464,2.2695252895355225,2.345205545425415,1.988213300704956,1.899243712425232,1.7022221088409424,1.9241026639938354,1.7723491191864014,2.098989963531494,2.2194862365722656,1.9178391695022583,1.7600206136703491,1.7421929836273193,1.4759098291397095,1.4915567636489868,1.409643292427063,1.4535163640975952,1.51907479763031,1.372246265411377,1.0420347452163696,1.0266082286834717,0.9647552371025085,0.9878888726234436,1.0325406789779663,1.3890963792800903,1.3906420469284058
A7,1.905496597290039,1.6118501424789429,1.3128796815872192,0.9865337014198303,0.6831420660018921,0.4072652757167816,0.0,0.3769041895866394,0.5342271327972412,0.8376282453536987,1.0259501934051514,1.3870574235916138,1.5583484172821045,1.755876898765564,1.858642578125,1.3082621097564697,1.3194153308868408,1.2270807027816772,1.5175241231918335,1.596817970275879,1.978423833847046,2.1991841793060303,2.0978846549987793,1.9939557313919067,1.6400381326675415,1.7450551986694336,1.5476895570755005,1.8454029560089111,1.6904574632644653,1.4089751243591309,2.4881110191345215,2.132169723510742,1.9793606996536255,1.7855557203292847,1.620198130607605,1.7080274820327759,1.6875768899917603,1.6367624998092651,1.3357659578323364,1.2467800378799438,1.2905864715576172,1.2391716241836548,1.3372628688812256,1.6827932596206665,1.6290549039840698,2.389202833175659,2.369060754776001,2.0681326389312744,2.240305185317993,2.0540430545806885,2.34724497795105,2.3769354820251465,2.0024020671844482,1.99180006980896,1.8372976779937744,2.116992712020874,2.0188562870025635,2.3706629276275635,2.4935555458068848,2.207106113433838,1.5379149913787842,1.572881817817688,1.391459345817566,1.452560305595398,1.4772800207138062,1.527685523033142,1.6772956848144531,1.58938467502594,1.2184617519378662,1.1278187036514282,0.9186564087867737,0.8712458610534668,0.769715428352356,1.118229866027832,1.1758874654769897
A8,1.8582195043563843,1.5900723934173584,1.2372184991836548,0.9906913638114929,0.6187217831611633,0.5613835453987122,0.3769041895866394,0.0,0.3847322463989258,0.6665494441986084,0.9742850661277771,1.2818280458450317,1.5285686254501343,1.7342586517333984,1.761118769645691,1.049636960029602,1.092385172843933,0.9600245952606201,1.2899123430252075,1.3804665803909302,1.7589950561523438,1.99538254737854,1.8870246410369873,1.7299554347991943,1.356367826461792,1.4285399913787842,1.197192907333374,1.4954097270965576,1.3643383979797363,1.0624021291732788,2.263420343399048,1.9190818071365356,1.7141474485397339,1.5224403142929077,1.3071746826171875,1.4173401594161987,1.3825465440750122,1.2858338356018066,0.9780927896499634,0.8700696229934692,0.9347081184387207,0.9188940525054932,1.0697216987609863,1.408174753189087,1.3556194305419922,2.1995832920074463,2.1281352043151855,1.7987372875213623,1.929031491279602,1.7118096351623535,1.9929052591323853,2.007992744445801,1.6320644617080688,1.644199013710022,1.5126762390136719,1.8220187425613403,1.7722495794296265,2.135978937149048,2.275301456451416,2.021730899810791,1.2242038249969482,1.2659213542938232,1.0673836469650269,1.193241000175476,1.2481263875961304,1.383777141571045,1.5946601629257202,1.471469521522522,1.103075385093689,0.9001052975654602,0.6879528164863586,0.53130042552948,0.5299316644668579,0.8525305390357971,0.840118408203125
A9,1.6106841564178467,1.3903863430023193,1.0324506759643555,0.8323392271995544,0.5416843891143799,0.5072076916694641,0.5342271327972412,0.3847322463989258,0.0,0.3919953405857086,0.6373963952064514,0.9534422159194946,1.1734260320663452,1.4162466526031494,1.4585762023925781,1.348991870880127,1.3372368812561035,1.0998822450637817,1.3653674125671387,1.3456565141677856,1.7285581827163696,1.8970032930374146,1.7254562377929688,1.6175782680511475,1.2838128805160522,1.4526821374893188,1.273543357849121,1.6236395835876465,1.5747565031051636,1.2763937711715698,1.9751615524291992,1.6315020322799683,1.4710679054260254,1.3253936767578125,1.187739610671997,1.359380841255188,1.4335570335388184,1.3508002758026123,1.1227985620498657,0.9435616731643677,1.1220831871032715,1.0582859516143799,1.299156904220581,1.585684061050415,1.4447104930877686,1.8720364570617676,1.838403344154358,1.5453490018844604,1.7360851764678955,1.5868558883666992,1.9124003648757935,2.0051074028015137,1.6535789966583252,1.6110714673995972,1.3943579196929932,1.6629616022109985,1.554555892944336,1.9227007627487183,2.013983726501465,1.7317293882369995,1.330812931060791,1.259592056274414,0.9828429818153381,0.9894402623176575,0.9561166167259216,1.0453332662582397,1.2187031507492065,1.1001583337783813,0.7266313433647156,0.5941137075424194,0.4594767689704895,0.5357462763786316,0.6533317565917969,0.998275637626648,1.0281875133514404
A10,1.2567806243896484,1.062341332435608,0.6822715401649475,0.5990307331085205,0.4178376793861389,0.6227949857711792,0.8376282453536987,0.6665494441986084,0.3919953405857086,0.0,0.39013683795928955,0.6223841309547424,0.9171047806739807,1.110673189163208,1.1007421016693115,1.3902119398117065,1.2904043197631836,0.9657652974128723,1.1387946605682373,1.03062903881073,1.4037587642669678,1.5320489406585693,1.3431743383407593,1.2690556049346924,0.972593367099762,1.2167840003967285,1.131833791732788,1.5124080181121826,1.532555103302002,1.2951093912124634,1.8717365264892578,1.570934772491455,1.392071008682251,1.3516261577606201,1.2202636003494263,1.4863377809524536,1.5978436470031738,1.4403282403945923,1.2350763082504272,0.9460817575454712,1.1244128942489624,0.9559499025344849,1.2462785243988037,1.457675576210022,1.2351750135421753,1.5932891368865967,1.5781443119049072,1.2771291732788086,1.4911304712295532,1.3825984001159668,1.701458215713501,1.8367676734924316,1.5116071701049805,1.384706974029541,1.1272153854370117,1.3420841693878174,1.196457028388977,1.5519756078720093,1.6566786766052246,1.375501275062561,1.5067496299743652,1.402474045753479,1.0465407371520996,1.0395466089248657,0.8803931474685669,1.0251846313476562,1.1281675100326538,0.8974505066871643,0.5969770550727844,0.4808562397956848,0.6273062229156494,0.7088744044303894,0.9704787731170654,1.2634997367858887,1.2039945125579834
A11,1.032590627670288,0.8881023526191711,0.5881328582763672,0.5509328842163086,0.6105868220329285,0.7216329574584961,1.0259501934051514,0.9742850661277771,0.6373963952064514,0.39013683795928955,0.0,0.38051503896713257,0.5583958625793457,0.7797190546989441,0.8644251823425293,1.762097716331482,1.6289180517196655,1.2976857423782349,1.3967407941818237,1.2089800834655762,1.5523054599761963,1.5973327159881592,1.3678330183029175,1.3991278409957886,1.1895315647125244,1.5014173984527588,1.4772917032241821,1.8631556034088135,1.9063664674758911,1.6824698448181152,1.851500153541565,1.5678552389144897,1.4744356870651245,1.4896609783172607,1.450566291809082,1.7278387546539307,1.8976759910583496,1.7722711563110352,1.602412462234497,1.3164912462234497,1.5109889507293701,1.3190349340438843,1.6005693674087524,1.787149429321289,1.5258526802062988,1.457723617553711,1.5373859405517578,1.3149290084838867,1.6052802801132202,1.5867102146148682,1.9216212034225464,2.114150285720825,1.821029543876648,1.6472135782241821,1.3357856273651123,1.4629820585250854,1.2243611812591553,1.5425301790237427,1.5852407217025757,1.2531217336654663,1.8353910446166992,1.6822949647903442,1.3183871507644653,1.2038689851760864,0.9506496787071228,0.9710220098495483,0.9270541071891785,0.692222535610199,0.4694087505340576,0.6306654214859009,0.8462257385253906,1.0461199283599854,1.266054391860962,1.5814101696014404,1.5689390897750854
A12,0.808940589427948,0.7979612350463867,0.5503563284873962,0.743788480758667,0.881723940372467,1.0791622400283813,1.3870574235916138,1.2818280458450317,0.9534422159194946,0.6223841309547424,0.38051503896713257,0.0,0.3833985924720764,0.5555842518806458,0.5194822549819946,1.9334063529968262,1.771630883216858,1.3968125581741333,1.4169548749923706,1.1416720151901245,1.426012635231018,1.3884016275405884,1.1019988059997559,1.1887396574020386,1.0763070583343506,1.4410700798034668,1.4905140399932861,1.872382402420044,1.9852204322814941,1.8005777597427368,1.6829177141189575,1.4605519771575928,1.3721500635147095,1.4877768754959106,1.4794716835021973,1.8102037906646729,2.018524408340454,1.8596150875091553,1.73972749710083,1.4140675067901611,1.6286371946334839,1.4126125574111938,1.7265952825546265,1.8413039445877075,1.5281656980514526,1.1253446340560913,1.2375658750534058,1.050689697265625,1.3730591535568237,1.429701566696167,1.7533080577850342,1.9999661445617676,1.7590428590774536,1.5275691747665405,1.1768443584442139,1.2139812707901,0.9201536178588867,1.2087229490280151,1.219624400138855,0.877788782119751,1.9805251359939575,1.7901098728179932,1.395777940750122,1.2577643394470215,0.9250381588935852,0.9793257117271423,0.867585301399231,0.5244863033294678,0.5320923924446106,0.706876814365387,1.0455087423324585,1.2456625699996948,1.5302526950836182,1.801908016204834,1.7516331672668457
A13,0.8236072063446045,0.886213481426239,0.7839633822441101,0.9265786409378052,1.1314433813095093,1.236221194267273,1.5583484172821045,1.5285686254501343,1.1734260320663452,0.9171047806739807,0.5583958625793457,0.3833985924720764,0.0,0.36985480785369873,0.550459086894989,2.27724552154541,2.1140823364257812,1.753301739692688,1.7658963203430176,1.4826440811157227,1.7463020086288452,1.6628354787826538,1.3703523874282837,1.5217264890670776,1.4493056535720825,1.8206895589828491,1.8721210956573486,2.254950761795044,2.3597657680511475,2.1623191833496094,1.7522668838500977,1.5451672077178955,1.551346778869629,1.6777254343032837,1.7395119667053223,2.048153877258301,2.289046049118042,2.1725823879241943,2.0663626194000244,1.7634669542312622,1.9895985126495361,1.7802233695983887,2.0812790393829346,2.208704710006714,1.8957370519638062,1.1572141647338867,1.3696473836898804,1.2847555875778198,1.644313097000122,1.753713607788086,2.0854830741882324,2.3568198680877686,2.1284358501434326,1.896243691444397,1.533349871635437,1.5306118726730347,1.201117753982544,1.430098295211792,1.3643229007720947,0.9974326491355896,2.2685129642486572,2.052485227584839,1.675066590309143,1.4692631959915161,1.1208587884902954,1.0410659313201904,0.7828680276870728,0.5364652276039124,0.6558160185813904,0.9724385738372803,1.2699357271194458,1.5314348936080933,1.766650915145874,2.0611701011657715,2.0604684352874756
A14,0.4960920810699463,0.6529563069343567,0.7159320712089539,0.9395684599876404,1.2354161739349365,1.3877861499786377,1.755876898765564,1.7342586517333984,1.4162466526031494,1.110673189163208,0.7797190546989441,0.5555842518806458,0.36985480785369873,0.0,0.3746156394481659,2.377394676208496,2.1614794731140137,1.8025215864181519,1.7366679906845093,1.4186537265777588,1.6271265745162964,1.4916993379592896,1.2297924757003784,1.4628039598464966,1.4596667289733887,1.8451056480407715,1.9655076265335083,2.3363070487976074,2.4509456157684326,2.3024704456329346,2.011324167251587,1.8442111015319824,1.8272265195846558,1.9862060546875,2.0187933444976807,2.349078416824341,2.5705549716949463,2.414477586746216,2.2859206199645996,1.9525717496871948,2.1323704719543457,1.8696961402893066,2.1443750858306885,2.2275569438934326,1.891499638557434,1.2533212900161743,1.4965354204177856,1.4194923639297485,1.7641240358352661,1.889015555381775,2.1804745197296143,2.4514694213867188,2.2427823543548584,1.963131308555603,1.6182069778442383,1.5485131740570068,1.191003680229187,1.3382368087768555,1.2971105575561523,0.9487149715423584,2.533510684967041,2.3395307064056396,1.9475810527801514,1.780431866645813,1.4255622625350952,1.392112135887146,1.132306456565857,0.8560142517089844,0.9916908144950867,1.251726746559143,1.5683265924453735,1.781627893447876,2.0375752449035645,2.333862543106079,2.290635108947754
A15,0.4697103500366211,0.7020342946052551,0.6985205411911011,1.0294166803359985,1.2765822410583496,1.510479211807251,1.858642578125,1.761118769645691,1.4585762023925781,1.1007421016693115,0.8644251823425293,0.5194822549819946,0.550459086894989,0.3746156394481659,0.0,2.2785539627075195,2.059375286102295,1.6759854555130005,1.575963020324707,1.2211980819702148,1.384691596031189,1.2106837034225464,0.9041945338249207,1.1467993259429932,1.2054651975631714,1.5993809700012207,1.7584201097488403,2.112802505493164,2.274165630340576,2.1558220386505127,1.8492417335510254,1.7212334871292114,1.6572751998901367,1.8633707761764526,1.8752862215042114,2.2359445095062256,2.4571971893310547,2.263899326324463,2.162468671798706,1.8076722621917725,1.9905542135238647,1.7254319190979004,2.02201247215271,2.054398536682129,1.6972206830978394,1.0123833417892456,1.2194368839263916,1.128118872642517,1.4528043270111084,1.5999473333358765,1.8643043041229248,2.1516380310058594,1.9790973663330078,1.6729627847671509,1.3278166055679321,1.2060731649398804,0.8383268117904663,0.9642229676246643,0.9364327788352966,0.5987457036972046,2.4265711307525635,2.2283945083618164,1.8244349956512451,1.6871445178985596,1.3228206634521484,1.3746609687805176,1.1717528104782104,0.8281457424163818,1.0095902681350708,1.1829502582550049,1.5492849349975586,1.7262181043624878,2.0346481800079346,2.289531946182251,2.2020959854125977
B1,2.29860520362854,2.020374298095703,1.7054293155670166,1.5751782655715942,1.2552275657653809,1.4184379577636719,1.3082621097564697,1.049636960029602,1.348991870880127,1.3902119398117065,1.762097716331482,1.9334063529968262,2.27724552154541,2.377394676208496,2.2785539627075195,0.0,0.37726572155952454,0.640991747379303,0.957898736000061,1.28971266746521,1.525189757347107,1.888360857963562,1.946407437324524,1.6653892993927002,1.305262565612793,1.084000587463379,0.8410667181015015,0.8621854782104492,0.5329405665397644,0.4986632764339447,2.8027503490448,2.5276408195495605,2.200840950012207,2.0489532947540283,1.6952276229858398,1.7955641746520996,1.5819926261901855,1.3173469305038452,0.9576094746589661,0.908281147480011,0.5444017648696899,0.5972845554351807,0.33520036935806274,0.6462491750717163,0.8906752467155457,2.6951451301574707,2.523791790008545,2.126798152923584,2.0833969116210938,1.7476181983947754,1.8364266157150269,1.6526525020599365,1.3045710325241089,1.402042031288147,1.5315457582473755,1.8542848825454712,1.974629282951355,2.2665934562683105,2.5290093421936035,2.401963949203491,1.3527003526687622,1.5834945440292358,1.474654197692871,1.79839289188385,1.8992608785629272,2.1839990615844727,2.4327046871185303,2.2166121006011963,1.9230918884277344,1.6021209955215454,1.4980218410491943,1.141142725944519,1.2338529825210571,1.246147871017456,0.935516357421875
B2,2.022873878479004,1.7361212968826294,1.45990788936615,1.3550888299942017,1.097198486328125,1.3226298093795776,1.3194153308868408,1.092385172843933,1.3372368812561035,1.2904043197631836,1.6289180517196655,1.771630883216858,2.1140823364257812,2.1614794731140137,2.059375286102295,0.37726572155952454,0.0,0.4029354155063629,0.6330529451370239,0.9939519762992859,1.216239094734192,1.5876866579055786,1.6860320568084717,1.4429519176483154,1.1092668771743774,0.9245602488517761,0.8115484714508057,0.8954083919525146,0.6599897742271423,0.7172101736068726,2.8257381916046143,2.564624786376953,2.246479034423828,2.150390386581421,1.8189140558242798,1.9862415790557861,1.8317737579345703,1.5411937236785889,1.1926426887512207,1.0232734680175781,0.6965323686599731,0.5097715854644775,0.1710154265165329,0.44473615288734436,0.6305379271507263,2.579425573348999,2.4425413608551025,2.0491890907287598,2.0341148376464844,1.735011100769043,1.8212186098098755,1.6792104244232178,1.3455264568328857,1.3381105661392212,1.4434154033660889,1.71332585811615,1.7997949123382568,2.0610697269439697,2.3452064990997314,2.2175731658935547,1.6188894510269165,1.7907450199127197,1.6026556491851807,1.8854883909225464,1.909895658493042,2.1903698444366455,2.3847246170043945,2.1265039443969727,1.8616913557052612,1.5789525508880615,1.5544254779815674,1.2453149557113647,1.4027975797653198,1.4900834560394287,1.1880128383636475
B3,1.679199457168579,1.4244651794433594,1.1188067197799683,1.0784169435501099,0.845169723033905,1.1481066942214966,1.2270807027816772,0.9600245952606201,1.0998822450637817,0.9657652974128723,1.2976857423782349,1.3968125581741333,1.753301739692688,1.8025215864181519,1.6759854555130005,0.640991747379303,0.4029354155063629,0.0,0.3914646804332733,0.6596856117248535,0.9491446018218994,1.286499261856079,1.3266658782958984,1.0891276597976685,0.7320910692214966,0.6389763355255127,0.5733159184455872,0.8139512538909912,0.7390567064285278,0.7154049277305603,2.4763293266296387,2.2275216579437256,1.9175653457641602,1.8662102222442627,1.5620365142822266,1.7907735109329224,1.7115492820739746,1.4067528247833252,1.0959968566894531,0.8153567314147949,0.6110149025917053,0.2474849671125412,0.3474770784378052,0.5069107413291931,0.4143332839012146,2.179638385772705,2.0540103912353516,1.665486216545105,1.6793084144592285,1.4135688543319702,1.5414443016052246,1.4770655632019043,1.137957215309143,1.0548079013824463,1.0877645015716553,1.3474677801132202,1.4065015316009521,1.6833174228668213,1.95371675491333,1.8168065547943115,1.5311592817306519,1.621317744255066,1.3604133129119873,1.602445363998413,1.572749137878418,1.8606833219528198,2.0336551666259766,1.754195213317871,1.5189006328582764,1.243087887763977,1.2937146425247192,1.0359811782836914,1.2849605083465576,1.4121060371398926,1.1219838857650757
B4,1.5120004415512085,1.2798115015029907,1.0525832176208496,1.1067219972610474,1.0034693479537964,1.3518006801605225,1.5175241231918335,1.2899123430252075,1.3653674125671387,1.1387946605682373,1.3967407941818237,1.4169548749923706,1.7658963203430176,1.7366679906845093,1.575963020324707,0.957898736000061,0.6330529451370239,0.3914646804332733,0.0,0.3881392478942871,0.5936330556869507,0.9570081830024719,1.0808863639831543,0.8838841915130615,0.6330990195274353,0.5783361792564392,0.7446753978729248,0.940239429473877,0.9546793699264526,1.0402262210845947,2.5941808223724365,2.3836140632629395,2.0794360637664795,2.0952467918395996,1.8154411315917969,2.088345766067505,2.041903018951416,1.7148983478546143,1.44204580783844,1.1268888711929321,0.951076865196228,0.5810489654541016,0.6251929998397827,0.5377894639968872,0.26051172614097595,2.1526832580566406,2.051713466644287,1.6801904439926147,1.6942194700241089,1.4771384000778198,1.5568400621414185,1.5187851190567017,1.2437340021133423,1.0557160377502441,1.0964964628219604,1.2527867555618286,1.297460675239563,1.5013647079467773,1.8104153871536255,1.7077010869979858,1.8778750896453857,1.9370871782302856,1.641278862953186,1.8494826555252075,1.7533689737319946,2.041034460067749,2.157412528991699,1.8340108394622803,1.6636563539505005,1.435666799545288,1.5716767311096191,1.3661972284317017,1.6465860605239868,1.7855948209762573,1.492980718612671
B5,1.171282410621643,0.9984469413757324,0.7930599451065063,0.9726499915122986,0.9763555526733398,1.3557888269424438,1.596817970275879,1.3804665803909302,1.3456565141677856,1.03062903881073,1.2089800834655762,1.1416720151901245,1.4826440811157227,1.4186537265777588,1.2211980819702148,1.28971266746521,0.9939519762992859,0.6596856117248535,0.3881392478942871,0.0,0.3865059018135071,0.6478999853134155,0.7100867033004761,0.5856888294219971,0.42502835392951965,0.6096545457839966,0.8670346140861511,1.1317486763000488,1.240578055381775,1.2766543626785278,2.375393867492676,2.1920413970947266,1.9158703088760376,1.9950307607650757,1.7686508893966675,2.0905165672302246,2.1169347763061523,1.798803448677063,1.5774399042129517,1.2140618562698364,1.156287670135498,0.791458785533905,0.966296911239624,0.8848110437393188,0.5218081474304199,1.824863076210022,1.7598119974136353,1.4166538715362549,1.4787955284118652,1.3415666818618774,1.4534728527069092,1.5150375366210938,1.2784746885299683,0.9968849420547485,0.9274882674217224,0.9928727746009827,0.9650693535804749,1.1501548290252686,1.4525238275527954,1.3432263135910034,1.9880099296569824,1.9734866619110107,1.6257734298706055,1.764524221420288,1.5934821367263794,1.864852786064148,1.9271652698516846,1.576242446899414,1.4728434085845947,1.3003110885620117,1.5262162685394287,1.4066591262817383,1.7320255041122437,1.9012597799301147,1.6424661874771118
B6,1.2959271669387817,1.1913511753082275,1.0845471620559692,1.3119549751281738,1.3563003540039062,1.7336022853851318,1.978423833847046,1.7589950561523438,1.7285581827163696,1.4037587642669678,1.5523054599761963,1.426012635231018,1.7463020086288452,1.6271265745162964,1.384691596031189,1.525189757347107,1.216239094734192,0.9491446018218994,0.5936330556869507,0.3865059018135071,0.0,0.3885907530784607,0.6375400424003601,0.5429345369338989,0.6175846457481384,0.7075583934783936,1.0615506172180176,1.2310101985931396,1.3885695934295654,1.50935959815979,2.56276798248291,2.425842761993408,2.1415669918060303,2.262810468673706,2.0373623371124268,2.3703980445861816,2.393141984939575,2.0499579906463623,1.8568238019943237,1.5009512901306152,1.4160830974578857,1.0720033645629883,1.190917730331421,0.9887176752090454,0.6519781947135925,1.9414373636245728,1.8685871362686157,1.5518842935562134,1.5634777545928955,1.4537596702575684,1.4762234687805176,1.526092529296875,1.3715580701828003,1.0509485006332397,1.0551680326461792,1.012718677520752,1.0334246158599854,1.0926902294158936,1.440138816833496,1.4171292781829834,2.2704415321350098,2.2593936920166016,1.9193885326385498,2.0659162998199463,1.884365200996399,2.169132947921753,2.2139840126037598,1.8481491804122925,1.7985053062438965,1.633193850517273,1.8822139501571655,1.7569754123687744,2.0923919677734375,2.232497453689575,1.9475462436676025
B7,1.120736837387085,1.1285146474838257,1.1058659553527832,1.4152774810791016,1.5383042097091675,1.9115883111953735,2.1991841793060303,1.99538254737854,1.8970032930374146,1.5320489406585693,1.5973327159881592,1.3884016275405884,1.6628354787826538,1.4916993379592896,1.2106837034225464,1.888360857963562,1.5876866579055786,1.286499261856079,0.9570081830024719,0.6478999853134155,0.3885907530784607,0.0,0.3822154104709625,0.5162277221679688,0.7842171788215637,0.9812182784080505,1.3424917459487915,1.5330737829208374,1.7343900203704834,1.8293668031692505,2.4924657344818115,2.3986804485321045,2.1503942012786865,2.3320560455322266,2.1596059799194336,2.5213584899902344,2.597529172897339,2.266115665435791,2.1145782470703125,1.7421777248382568,1.7228559255599976,1.3901244401931763,1.556655764579773,1.367603063583374,1.0180151462554932,1.7510886192321777,1.7226603031158447,1.4689862728118896,1.514539361000061,1.5022329092025757,1.5285193920135498,1.6612564325332642,1.563546895980835,1.196761965751648,1.1242735385894775,0.9479148387908936,0.8927081823348999,0.8317588567733765,1.1736252307891846,1.1885685920715332,2.502763509750366,2.440028667449951,2.074298620223999,2.161799907684326,1.9239667654037476,2.181828498840332,2.16857647895813,1.791273832321167,1.8216350078582764,1.7176835536956787,2.024277687072754,1.9631974697113037,2.3178293704986572,2.4732918739318848,2.2135138511657715
B8,0.9433961510658264,1.0245610475540161,0.9568138122558594,1.3118042945861816,1.441865086555481,1.8045518398284912,2.0978846549987793,1.8870246410369873,1.7254562377929688,1.3431743383407593,1.3678330183029175,1.1019988059997559,1.3703523874282837,1.2297924757003784,0.9041945338249207,1.946407437324524,1.6860320568084717,1.3266658782958984,1.0808863639831543,0.7100867033004761,0.6375400424003601,0.3822154104709625,0.0,0.3878590762615204,0.6896859407424927,0.9980557560920715,1.311599850654602,1.5620434284210205,1.7903698682785034,1.8156818151474,2.135322332382202,2.052377700805664,1.8299281597137451,2.04205584526062,1.915107250213623,2.293257713317871,2.4200055599212646,2.114490032196045,2.0031962394714355,1.6226595640182495,1.688491702079773,1.3858877420425415,1.6321308612823486,1.5027538537979126,1.1296595335006714,1.37007474899292,1.3565021753311157,1.1241626739501953,1.2236828804016113,1.275467872619629,1.367808222770691,1.581393837928772,1.4811160564422607,1.1039866209030151,0.9183000922203064,0.6934320330619812,0.536186933517456,0.5071457624435425,0.8265380859375,0.8114265203475952,2.3540241718292236,2.239227294921875,1.8553160429000854,1.8899726867675781,1.618225336074829,1.860197901725769,1.8293429613113403,1.453294038772583,1.5298311710357666,1.4555729627609253,1.799800157546997,1.796671986579895,2.1655163764953613,2.3282783031463623,2.104919195175171
B9,1.245497226715088,1.2480663061141968,1.067857265472412,1.3631876707077026,1.3876267671585083,1.761898159980774,1.9939557313919067,1.7299554347991943,1.6175782680511475,1.2690556049346924,1.3991278409957886,1.1887396574020386,1.5217264890670776,1.4628039598464966,1.1467993259429932,1.6653892993927002,1.4429519176483154,1.0891276597976685,0.8838841915130615,0.5856888294219971,0.5429345369338989,0.5162277221679688,0.3878590762615204,0.0,0.3947753608226776,0.6415545344352722,0.9638046026229858,1.189706802368164,1.4455100297927856,1.4867377281188965,2.056936502456665,1.957726001739502,1.6766277551651,1.8544771671295166,1.673487901687622,2.0385074615478516,2.127927780151367,1.797869324684143,1.6946252584457397,1.3246355056762695,1.3733429908752441,1.103973627090454,1.3615727424621582,1.2107696533203125,0.8534167408943176,1.4601294994354248,1.3448748588562012,1.03266179561615,1.0350995063781738,0.9880383610725403,1.0468950271606445,1.2146509885787964,1.1033251285552979,0.7261927723884583,0.6100254058837891,0.47477829456329346,0.5344685912132263,0.6456229090690613,0.9816758036613464,0.994598925113678,2.054497003555298,1.968413233757019,1.6091516017913818,1.7095459699630737,1.5011636018753052,1.803942084312439,1.8596774339675903,1.499141812324524,1.5145280361175537,1.3425877094268799,1.6482720375061035,1.5823065042495728,1.9594441652297974,2.074097156524658,1.817615270614624
B10,1.3139386177062988,1.2187436819076538,0.9392064809799194,1.1461377143859863,1.0802345275878906,1.4497355222702026,1.6400381326675415,1.356367826461792,1.2838128805160522,0.972593367099762,1.1895315647125244,1.0763070583343506,1.4493056535720825,1.4596667289733887,1.2054651975631714,1.305262565612793,1.1092668771743774,0.7320910692214966,0.6330990195274353,0.42502835392951965,0.6175846457481384,0.7842171788215637,0.6896859407424927,0.3947753608226776,0.0,0.3940986096858978,0.6313718557357788,0.9324645400047302,1.1367119550704956,1.1278244256973267,2.017982006072998,1.8531904220581055,1.5488578081130981,1.648643970489502,1.421273112297058,1.7623859643936157,1.8165146112442017,1.4889171123504639,1.3383880853652954,0.9627053141593933,1.0007675886154175,0.7240526080131531,1.0171523094177246,0.9421625137329102,0.5940687656402588,1.5659352540969849,1.4313280582427979,1.0601074695587158,1.0752321481704712,0.9165890216827393,1.0480835437774658,1.1503435373306274,0.9215810298919678,0.6175425052642822,0.5037248134613037,0.6375136375427246,0.7036119699478149,0.9625498652458191,1.243935465812683,1.1677435636520386,1.7190009355545044,1.6651628017425537,1.313192367553711,1.4586868286132812,1.3029472827911377,1.622292160987854,1.7361091375350952,1.3974164724349976,1.3165940046310425,1.082552433013916,1.332980990409851,1.2204443216323853,1.5883790254592896,1.7063534259796143,1.4449220895767212
B11,1.6844362020492554,1.5560005903244019,1.2754887342453003,1.4160830974578857,1.275161623954773,1.6274397373199463,1.7450551986694336,1.4285399913787842,1.4526821374893188,1.2167840003967285,1.5014173984527588,1.4410700798034668,1.8206895589828491,1.8451056480407715,1.5993809700012207,1.084000587463379,0.9245602488517761,0.6389763355255127,0.5783361792564392,0.6096545457839966,0.7075583934783936,0.9812182784080505,0.9980557560920715,0.6415545344352722,0.3940986096858978,0.0,0.38559943437576294,0.5714828372001648,0.8047963976860046,0.8909188508987427,2.2264537811279297,2.0617640018463135,1.715990424156189,1.7681578397750854,1.4765841960906982,1.7713390588760376,1.7465518712997437,1.3820139169692993,1.2171906232833862,0.8909773826599121,0.8117343783378601,0.5858655571937561,0.8058620691299438,0.6437785029411316,0.3825221359729767,1.891036868095398,1.7010797262191772,1.3149961233139038,1.2259511947631836,0.9652971625328064,0.9893229007720947,0.9468807578086853,0.7015381455421448,0.48426011204719543,0.635505199432373,0.8429116010665894,1.0343846082687378,1.2534258365631104,1.5550148487091064,1.5288056135177612,1.623542070388794,1.643643856048584,1.3575258255004883,1.5932612419128418,1.5248408317565918,1.8756688833236694,2.0474915504455566,1.7336835861206055,1.6122034788131714,1.3158613443374634,1.4845272302627563,1.2768162488937378,1.618005394935608,1.6670929193496704,1.3468600511550903
B12,1.8869965076446533,1.7266088724136353,1.390129804611206,1.4494746923446655,1.2147947549819946,1.5153945684432983,1.5476895570755005,1.197192907333374,1.273543357849121,1.131833791732788,1.4772917032241821,1.4905140399932861,1.8721210956573486,1.9655076265335083,1.7584201097488403,0.8410667181015015,0.8115484714508057,0.5733159184455872,0.7446753978729248,0.8670346140861511,1.0615506172180176,1.3424917459487915,1.311599850654602,0.9638046026229858,0.6313718557357788,0.38559943437576294,0.0,0.38713812828063965,0.5602468252182007,0.5329332947731018,2.1499240398406982,1.944832682609558,1.5848356485366821,1.557000994682312,1.222216010093689,1.466853141784668,1.3948408365249634,1.0309077501296997,0.8391165733337402,0.5451890230178833,0.4496729373931885,0.3805903196334839,0.6528339385986328,0.641740620136261,0.5548461675643921,1.984655499458313,1.7679224014282227,1.3676362037658691,1.2720019817352295,0.9407052993774414,1.020399808883667,0.9201299548149109,0.5661948323249817,0.5695136189460754,0.715225100517273,1.0454055070877075,1.2354224920272827,1.5200624465942383,1.7750667333602905,1.710976004600525,1.2541180849075317,1.3146981000900269,1.0758060216903687,1.3711484670639038,1.3898881673812866,1.747921347618103,1.9844534397125244,1.7194849252700806,1.5348267555236816,1.1838409900665283,1.2597414255142212,0.9903948903083801,1.3052122592926025,1.309872031211853,0.9739431142807007
B13,2.2248318195343018,2.065667152404785,1.7496181726455688,1.8059625625610352,1.5648713111877441,1.852179765701294,1.8454029560089111,1.4954097270965576,1.6236395835876465,1.5124080181121826,1.8631556034088135,1.872382402420044,2.254950761795044,2.3363070487976074,2.112802505493164,0.8621854782104492,0.8954083919525146,0.8139512538909912,0.940239429473877,1.1317486763000488,1.2310101985931396,1.5330737829208374,1.5620434284210205,1.189706802368164,0.9324645400047302,0.5714828372001648,0.38713812828063965,0.0,0.3728756606578827,0.5596975684165955,2.4015376567840576,2.221567392349243,1.842734456062317,1.8039131164550781,1.4470230340957642,1.6389868259429932,1.4987186193466187,1.1195931434631348,0.9631701707839966,0.7999511957168579,0.597436785697937,0.6520535349845886,0.7367277145385742,0.6089128255844116,0.694709062576294,2.287672519683838,2.036360740661621,1.644875407218933,1.4737319946289062,1.1146000623703003,1.067586898803711,0.8217921257019043,0.5397514700889587,0.6771039962768555,0.9712615609169006,1.2651289701461792,1.5205276012420654,1.7567322254180908,2.031967878341675,2.0190091133117676,1.3499242067337036,1.4764257669448853,1.3222476243972778,1.6577192544937134,1.7214738130569458,2.090737819671631,2.347759962081909,2.0902602672576904,1.9119656085968018,1.5498243570327759,1.5924558639526367,1.288434624671936,1.5559401512145996,1.4858601093292236,1.1188100576400757
