,A1,A2,A3,A4,A5,A6,A7,A8,A9,A10,A11,A12,A13,A14,A15,B1,B2,B3,B4,B5,B6,B7,B8,B9,B10,B11,B12,B13,B14,B15,C1,C2,C3,C4,C5,C6,C7,C8,C9,C10,C11,C12,C13,C14,C15,D1,D2,D3,D4,D5,D6,D7,D8,D9,D10,D11,D12,D13,D14,D15,E1,E2,E3,E4,E5,E6,E7,E8,E9,E10,E11,E12,E13,E14,E15
A1,0.0,0.40079036355018616,0.6031113862991333,0.8335919380187988,1.131673812866211,1.378373384475708,1.4662660360336304,1.6671390533447266,1.9605772495269775,2.1628189086914062,2.21687650680542,2.294553518295288,2.6555659770965576,2.8535661697387695,3.0795280933380127,2.913268566131592,2.6087138652801514,2.313788890838623,2.372101068496704,2.138200044631958,1.9583529233932495,1.8107423782348633,1.8084688186645508,1.5270423889160156,1.6389094591140747,1.8390953540802002,1.6441015005111694,1.6976428031921387,1.498417615890503,1.8000646829605103,2.8684194087982178,2.889021158218384,2.5381181240081787,2.6273956298828125,2.4472744464874268,2.4139487743377686,2.056067705154419,2.1295151710510254,1.8664270639419556,2.0766913890838623,1.8398371934890747,1.5668705701828003,1.6236331462860107,1.547691822052002,1.4346379041671753,2.7706806659698486,2.5737764835357666,2.403824806213379,2.5390894412994385,2.2314810752868652,2.3678174018859863,2.309378147125244,2.603853225708008,2.507152557373047,2.8499326705932617,3.0274698734283447,2.764247417449951,2.9651379585266113,2.7903759479522705,3.0260162353515625,3.1314778327941895,2.7772090435028076,2.555931568145752,2.2800192832946777,2.084075689315796,1.7282031774520874,1.6792100667953491,1.4386359453201294,1.2701387405395508,1.0769762992858887,1.3468406200408936,1.395800232887268,1.4016268253326416,1.4737783670425415,1.7936286926269531
A2,0.40079036355018616,0.0,0.3696621358394623,0.5567147731781006,0.7905443906784058,1.0799639225006104,1.2347780466079712,1.4675660133361816,1.7732300758361816,1.9889285564422607,2.1044089794158936,2.1696462631225586,2.5349411964416504,2.711670160293579,2.9710421562194824,2.6964728832244873,2.379757881164551,2.082644462585449,2.1981570720672607,1.9902626276016235,1.8723810911178589,1.701451063156128,1.7869712114334106,1.5392472743988037,1.7356703281402588,1.9451223611831665,1.715601921081543,1.8328266143798828,1.6375478506088257,1.9393181800842285,2.827521800994873,2.795280933380127,2.43157696723938,2.4963722229003906,2.270698070526123,2.2103352546691895,1.8526865243911743,1.9280859231948853,1.6288875341415405,1.8484838008880615,1.6550716161727905,1.3357374668121338,1.375741958618164,1.2347429990768433,1.1500327587127686,2.4115965366363525,2.241956949234009,2.064166784286499,2.23110294342041,1.9548085927963257,2.1219143867492676,2.0518176555633545,2.375697135925293,2.304250478744507,2.6701741218566895,2.829723358154297,2.574944257736206,2.8073880672454834,2.6612181663513184,2.888334274291992,2.8400232791900635,2.5070650577545166,2.2715775966644287,1.9801214933395386,1.833182692527771,1.4607737064361572,1.3799443244934082,1.0949972867965698,0.9277873039245605,0.6849679350852966,0.9553597569465637,1.0455284118652344,1.0905368328094482,1.2359048128128052,1.5580968856811523
A3,0.6031113862991333,0.3696621358394623,0.0,0.38509514927864075,0.5716369152069092,0.8492817282676697,0.9270819425582886,1.2016360759735107,1.4695502519607544,1.7241394519805908,1.8260828256607056,1.8523091077804565,2.2185869216918945,2.374891757965088,2.627718210220337,2.360307216644287,2.049441337585449,1.7418090105056763,1.8455842733383179,1.6566698551177979,1.5257010459899902,1.3364336490631104,1.4381921291351318,1.2056474685668945,1.4417428970336914,1.6596155166625977,1.4326715469360352,1.6047850847244263,1.4602978229522705,1.7825112342834473,2.4717726707458496,2.4308066368103027,2.0660438537597656,2.1269378662109375,1.9066766500473022,1.8545855283737183,1.4978148937225342,1.5937740802764893,1.3230633735656738,1.5792396068572998,1.4141299724578857,1.1040904521942139,1.2337145805358887,1.1468628644943237,1.1726301908493042,2.256711006164551,2.0493171215057373,1.84253990650177,1.9617072343826294,1.6678239107131958,1.796502947807312,1.7185676097869873,2.0271737575531006,1.9494104385375977,2.309354066848755,2.481560707092285,2.235825300216675,2.473588228225708,2.3451874256134033,2.5940330028533936,2.601794481277466,2.2636706829071045,2.0079803466796875,1.754433035850525,1.5721657276153564,1.2195523977279663,1.108481764793396,0.8962440490722656,0.6859112977981567,0.6069666743278503,0.9114731550216675,0.9031988978385925,1.0326789617538452,1.122337818145752,1.4741111993789673
A4,0.8335919380187988,0.5567147731781006,0.38509514927864075,0.0,0.3884546756744385,0.5488191843032837,0.7131564617156982,0.9190274477005005,1.2384216785430908,1.4432412385940552,1.5908693075180054,1.664540410041809,2.0256826877593994,2.209103584289551,2.4914705753326416,2.3953678607940674,2.086665630340576,1.7485606670379639,1.9098318815231323,1.8001940250396729,1.679911494255066,1.423919439315796,1.561862826347351,1.3066519498825073,1.588397741317749,1.7340506315231323,1.4430370330810547,1.6075507402420044,1.416879415512085,1.694568395614624,2.4476494789123535,2.3852319717407227,2.024048328399658,2.12302303314209,1.8575043678283691,1.847214698791504,1.516430377960205,1.682011604309082,1.426709771156311,1.7294323444366455,1.6390199661254883,1.307799220085144,1.4513880014419556,1.297834038734436,1.3633074760437012,2.2460052967071533,2.081707715988159,1.8266785144805908,1.9566634893417358,1.7152774333953857,1.8205487728118896,1.6691069602966309,1.9718010425567627,1.8550666570663452,2.228452205657959,2.344731569290161,2.0687851905822754,2.295027732849121,2.1455891132354736,2.35610032081604,2.3033993244171143,1.959033727645874,1.7362570762634277,1.4481066465377808,1.2802772521972656,0.9095996618270874,0.8737133145332336,0.6342804431915283,0.5928986072540283,0.520555317401886,0.8894626498222351,0.9761607646942139,1.1999926567077637,1.3640164136886597,1.7037322521209717
A5,1.131673812866211,0.7905443906784058,0.5716369152069092,0.3884546756744385,0.0,0.3780953288078308,0.6018648743629456,0.8953951001167297,1.160585880279541,1.4135990142822266,1.6161223649978638,1.6301991939544678,1.9819331169128418,2.1093573570251465,2.412522554397583,2.1076695919036865,1.7916123867034912,1.4661026000976562,1.680708885192871,1.5957887172698975,1.5573397874832153,1.3096376657485962,1.5400681495666504,1.3686456680297852,1.6989741325378418,1.8730288743972778,1.602047085762024,1.8303195238113403,1.6924982070922852,1.9720704555511475,2.402301788330078,2.281949996948242,1.9164929389953613,1.9615414142608643,1.6618602275848389,1.6004714965820312,1.2783921957015991,1.4265121221542358,1.1451846361160278,1.447320580482483,1.4171977043151855,1.072662115097046,1.219423770904541,1.0417466163635254,1.1916539669036865,1.8672736883163452,1.710427165031433,1.4453641176223755,1.591746211051941,1.3798441886901855,1.515243649482727,1.3687362670898438,1.70455002784729,1.6410205364227295,2.0298070907592773,2.1462478637695312,1.9052834510803223,2.1776750087738037,2.0886666774749756,2.306922197341919,2.089690685272217,1.7811527252197266,1.5125681161880493,1.2385644912719727,1.136313557624817,0.7756410837173462,0.6114507913589478,0.3328731656074524,0.22024546563625336,0.3258969187736511,0.6256324648857117,0.6772730946540833,0.9803446531295776,1.16789710521698,1.4841152429580688
A6,1.378373384475708,1.0799639225006104,0.8492817282676697,0.5488191843032837,0.3780953288078308,0.0,0.3630225658416748,0.5562722682952881,0.8413926362991333,1.0558021068572998,1.2930126190185547,1.3350199460983276,1.6742429733276367,1.8234200477600098,2.144580125808716,2.0875403881073,1.7928009033203125,1.4390596151351929,1.677793264389038,1.682255506515503,1.6223976612091064,1.3171348571777344,1.5502660274505615,1.3655359745025635,1.7184712886810303,1.8207111358642578,1.5125747919082642,1.740073323249817,1.5977646112442017,1.832204818725586,2.231860637664795,2.1004719734191895,1.7495672702789307,1.8434897661209106,1.5184053182601929,1.527425765991211,1.2541507482528687,1.4868232011795044,1.278195858001709,1.6222742795944214,1.6553655862808228,1.3402963876724243,1.5330480337142944,1.3678033351898193,1.5520764589309692,1.9835237264633179,1.8448644876480103,1.528027057647705,1.6308239698410034,1.4646717309951782,1.5241643190383911,1.2934105396270752,1.584211826324463,1.4575833082199097,1.842936635017395,1.905200719833374,1.6319154500961304,1.8826838731765747,1.7742228507995605,1.96419095993042,1.7638970613479614,1.432815670967102,1.1938544511795044,0.9087811708450317,0.7752468585968018,0.4023098051548004,0.3556799292564392,0.24260324239730835,0.479385644197464,0.664280891418457,0.929119884967804,0.9901620149612427,1.3284082412719727,1.5047053098678589,1.811724066734314
A7,1.4662660360336304,1.2347780466079712,0.9270819425582886,0.7131564617156982,0.6018648743629456,0.3630225658416748,0.0,0.382306843996048,0.5716996192932129,0.8701441884040833,1.042593002319336,1.0285868644714355,1.3812350034713745,1.5216554403305054,1.823193073272705,1.8817973136901855,1.6066372394561768,1.2360759973526,1.42696213722229,1.4635953903198242,1.355238676071167,1.0207303762435913,1.2384390830993652,1.0660549402236938,1.4327073097229004,1.5149785280227661,1.220007300376892,1.4859055280685425,1.4065468311309814,1.6475591659545898,1.871114730834961,1.7523584365844727,1.399820327758789,1.517708420753479,1.2143969535827637,1.2731345891952515,1.011189341545105,1.2934958934783936,1.1659208536148071,1.537367820739746,1.5836259126663208,1.3219003677368164,1.58625328540802,1.5036735534667969,1.7233189344406128,2.0897984504699707,1.8968812227249146,1.5683214664459229,1.5849162340164185,1.3840322494506836,1.359735131263733,1.1118156909942627,1.3498806953430176,1.1765884160995483,1.548079252243042,1.6362935304641724,1.3568764925003052,1.598143219947815,1.4907642602920532,1.7236350774765015,1.7333375215530396,1.3803718090057373,1.1268789768218994,0.9416245818138123,0.679977536201477,0.41960573196411133,0.371311753988266,0.5530312061309814,0.6404792666435242,0.927103579044342,1.1850266456604004,1.143843650817871,1.4787101745605469,1.57317054271698,1.8905402421951294
A8,1.6671390533447266,1.4675660133361816,1.2016360759735107,0.9190274477005005,0.8953951001167297,0.5562722682952881,0.382306843996048,0.0,0.37201228737831116,0.5306721329689026,0.7381058931350708,0.8276184797286987,1.1613017320632935,1.3706761598587036,1.6838839054107666,2.102583408355713,1.8575539588928223,1.4850409030914307,1.6744418144226074,1.7698665857315063,1.6320161819458008,1.275661587715149,1.4419115781784058,1.2336994409561157,1.574130654335022,1.5611326694488525,1.2253974676132202,1.4410094022750854,1.3293685913085938,1.4963666200637817,1.850792407989502,1.7483144998550415,1.4322344064712524,1.626164436340332,1.326429843902588,1.471777081489563,1.2757164239883423,1.599875569343567,1.518363118171692,1.8938229084014893,1.9581842422485352,1.7035877704620361,1.9649198055267334,1.8627320528030396,2.069190740585327,2.3644070625305176,2.202136993408203,1.8535020351409912,1.8569687604904175,1.6996781826019287,1.6301413774490356,1.3302981853485107,1.4983047246932983,1.2486860752105713,1.5851527452468872,1.5963157415390015,1.2652711868286133,1.4406812191009521,1.2670897245407104,1.446695327758789,1.556559443473816,1.1685543060302734,1.0052776336669922,0.8186622858047485,0.4778593182563782,0.3324369490146637,0.5709887742996216,0.7732614874839783,0.976696789264679,1.2041900157928467,1.4803234338760376,1.4930363893508911,1.8332276344299316,1.9493236541748047,2.2662622928619385
A9,1.9605772495269775,1.7732300758361816,1.4695502519607544,1.2384216785430908,1.160585880279541,0.8413926362991333,0.5716996192932129,0.37201228737831116,0.0,0.38298916816711426,0.5521103143692017,0.5091652870178223,0.833666980266571,1.0053620338439941,1.3271822929382324,1.8829097747802734,1.6775240898132324,1.3165154457092285,1.4877833127975464,1.659528374671936,1.5269182920455933,1.1684887409210205,1.344796061515808,1.210323691368103,1.552018642425537,1.5088549852371216,1.2153962850570679,1.471641182899475,1.4461748600006104,1.5914946794509888,1.5474683046340942,1.4138177633285522,1.1198185682296753,1.3333054780960083,1.0378739833831787,1.2465753555297852,1.129465937614441,1.4888304471969604,1.4955848455429077,1.8692151308059692,1.9825406074523926,1.7814832925796509,2.079439163208008,2.0230579376220703,2.2735512256622314,2.3824334144592285,2.1993045806884766,1.8406224250793457,1.7714433670043945,1.6356730461120605,1.4868083000183105,1.159061312675476,1.2412669658660889,0.9412384033203125,1.245661973953247,1.238088846206665,0.8988908529281616,1.074855089187622,0.9338469505310059,1.1522959470748901,1.3970612287521362,1.0181822776794434,0.8448858857154846,0.8130370378494263,0.42421114444732666,0.5535653829574585,0.6995691657066345,1.020648717880249,1.1848200559616089,1.4802124500274658,1.7160279750823975,1.66934335231781,2.0181162357330322,2.0900778770446777,2.390066146850586
A10,2.1628189086914062,1.9889285564422607,1.7241394519805908,1.4432412385940552,1.4135990142822266,1.0558021068572998,0.8701441884040833,0.5306721329689026,0.38298916816711426,0.0,0.3720870018005371,0.5406498312950134,0.7596775889396667,1.019951581954956,1.3395578861236572,2.204075813293457,2.0192484855651855,1.6687287092208862,1.845138430595398,2.037010669708252,1.8933011293411255,1.534436821937561,1.6714814901351929,1.5032262802124023,1.810815453529358,1.6991902589797974,1.382895588874817,1.5682657957077026,1.501168966293335,1.5632081031799316,1.698452353477478,1.5881364345550537,1.3540101051330566,1.6144226789474487,1.339422583580017,1.5836527347564697,1.5017833709716797,1.864532709121704,1.8711562156677246,2.244014263153076,2.359673500061035,2.1447913646698,2.428231716156006,2.3412656784057617,2.5739247798919678,2.6593947410583496,2.512186288833618,2.144718885421753,2.0898444652557373,1.9896281957626343,1.838316559791565,1.492706060409546,1.5384703874588013,1.2139747142791748,1.4612078666687012,1.3638614416122437,0.9980224967002869,1.0672920942306519,0.8383012413978577,0.9424760341644287,1.2837555408477783,0.8847001194953918,0.8621764779090881,0.829407274723053,0.48008209466934204,0.7027192711830139,0.9656254053115845,1.2407890558242798,1.4724849462509155,1.71824312210083,1.9693090915679932,1.9746334552764893,2.3280696868896484,2.4313042163848877,2.7343063354492188
A11,2.21687650680542,2.1044089794158936,1.8260828256607056,1.5908693075180054,1.6161223649978638,1.2930126190185547,1.042593002319336,0.7381058931350708,0.5521103143692017,0.3720870018005371,0.0,0.3618190288543701,0.5604588985443115,0.9004465937614441,1.1488690376281738,2.2769248485565186,2.1163461208343506,1.7736899852752686,1.8752506971359253,2.0635225772857666,1.8580238819122314,1.5087223052978516,1.5613826513290405,1.380906105041504,1.6350177526474,1.4566574096679688,1.1614232063293457,1.317542314529419,1.3010690212249756,1.3241934776306152,1.4582760334014893,1.4205446243286133,1.2227210998535156,1.5447933673858643,1.3474386930465698,1.6439868211746216,1.5762989521026611,1.9418898820877075,1.994333267211914,2.365250587463379,2.4567086696624756,2.2733705043792725,2.5822441577911377,2.5374581813812256,2.7632367610931396,2.928527355194092,2.7445125579833984,2.385550022125244,2.2925198078155518,2.1537561416625977,1.9623874425888062,1.6398303508758545,1.630663514137268,1.2686073780059814,1.45138680934906,1.3815315961837769,1.0156121253967285,0.9889527559280396,0.67250657081604,0.8230712413787842,1.5682159662246704,1.1880933046340942,1.1763442754745483,1.1922192573547363,0.8256667852401733,1.0001400709152222,1.2291067838668823,1.5030548572540283,1.6806879043579102,1.932244062423706,2.208671808242798,2.182372570037842,2.51824688911438,2.5799503326416016,2.8958804607391357
A12,2.294553518295288,2.1696462631225586,1.8523091077804565,1.664540410041809,1.6301991939544678,1.3350199460983276,1.0285868644714355,0.8276184797286987,0.5091652870178223,0.5406498312950134,0.3618190288543701,0.0,0.366323858499527,0.6123113036155701,0.8768414258956909,1.953220248222351,1.817393183708191,1.4945266246795654,1.5692496299743652,1.7947585582733154,1.6052725315093994,1.2720539569854736,1.3473917245864868,1.2502490282058716,1.5188332796096802,1.37276029586792,1.1386241912841797,1.3715894222259521,1.4389322996139526,1.5146303176879883,1.1594316959381104,1.0762559175491333,0.8725813031196594,1.1921457052230835,1.0110969543457031,1.3334534168243408,1.313334345817566,1.6800793409347534,1.7879773378372192,2.1451265811920166,2.2643284797668457,2.1239545345306396,2.4541664123535156,2.4501609802246094,2.70878529548645,2.7700369358062744,2.5588245391845703,2.20747447013855,2.065589189529419,1.926924228668213,1.6921755075454712,1.3804845809936523,1.3188389539718628,0.9443138837814331,1.0994881391525269,1.063328742980957,0.7119745016098022,0.724759578704834,0.49739697575569153,0.7893483638763428,1.5429595708847046,1.194948673248291,1.1107767820358276,1.2108004093170166,0.8501085042953491,1.057309627532959,1.1939890384674072,1.5227292776107788,1.6495821475982666,1.9552278518676758,2.198075771331787,2.1157944202423096,2.450019359588623,2.4718217849731445,2.770516872406006
A13,2.6555659770965576,2.5349411964416504,2.2185869216918945,2.0256826877593994,1.9819331169128418,1.6742429733276367,1.3812350034713745,1.1613017320632935,0.833666980266571,0.7596775889396667,0.5604588985443115,0.366323858499527,0.0,0.3767217695713043,0.6031017303466797,2.0631728172302246,1.9791154861450195,1.6945074796676636,1.7526308298110962,2.0277087688446045,1.8511992692947388,1.5455412864685059,1.6037758588790894,1.5478767156600952,1.7790067195892334,1.590169906616211,1.4015873670578003,1.6018781661987305,1.6978614330291748,1.7168350219726562,1.099524736404419,1.0112360715866089,0.933971107006073,1.2678450345993042,1.1428717374801636,1.4988899230957031,1.5562348365783691,1.916927456855774,2.068875789642334,2.410738229751587,2.557567834854126,2.4415066242218018,2.7767493724823,2.7802069187164307,3.052488088607788,2.9950547218322754,2.7928237915039062,2.4406747817993164,2.2671356201171875,2.1657607555389404,1.893515944480896,1.5798048973083496,1.4376976490020752,1.0570741891860962,1.0920130014419556,0.9679276347160339,0.6505720019340515,0.4759288728237152,0.14421799778938293,0.47929197549819946,1.522587776184082,1.2269679307937622,1.2191325426101685,1.3983999490737915,1.08965003490448,1.3624494075775146,1.5073647499084473,1.8512858152389526,1.9932434558868408,2.3054399490356445,2.5352988243103027,2.450063943862915,2.789229154586792,2.8050379753112793,3.091792583465576
A14,2.8535661697387695,2.711670160293579,2.374891757965088,2.209103584289551,2.1093573570251465,1.8234200477600098,1.5216554403305054,1.3706761598587036,1.0053620338439941,1.019951581954956,0.9004465937614441,0.6123113036155701,0.3767217695713043,0.0,0.36853858828544617,1.807942271232605,1.7726742029190063,1.5383272171020508,1.5818508863449097,1.9099210500717163,1.7830429077148438,1.5180726051330566,1.6139168739318848,1.6477943658828735,1.8842253684997559,1.7375799417495728,1.604347586631775,1.8488677740097046,1.9858983755111694,2.0380122661590576,0.967670202255249,0.7725171446800232,0.7687881588935852,1.045712947845459,0.9537230134010315,1.3150744438171387,1.4565203189849854,1.7955942153930664,2.0010390281677246,2.3126749992370605,2.5001893043518066,2.4265224933624268,2.76755952835083,2.7983591556549072,3.1003427505493164,2.8847739696502686,2.673769235610962,2.334955930709839,2.1144044399261475,2.0444061756134033,1.732390284538269,1.437589406967163,1.2162753343582153,0.859186589717865,0.786449670791626,0.62934410572052,0.401231050491333,0.16248220205307007,0.3257446885108948,0.6264951229095459,1.496822476387024,1.2723710536956787,1.2222009897232056,1.480690360069275,1.225479006767273,1.5205236673355103,1.5960780382156372,1.9691002368927002,2.0817575454711914,2.427886962890625,2.6158039569854736,2.4923577308654785,2.8283426761627197,2.8180723190307617,3.076465368270874
A15,3.0795280933380127,2.9710421562194824,2.627718210220337,2.4914705753326416,2.412522554397583,2.144580125808716,1.823193073272705,1.6838839054107666,1.3271822929382324,1.3395578861236572,1.1488690376281738,0.8768414258956909,0.6031017303466797,0.36853858828544617,0.0,1.930248498916626,1.9413893222808838,1.747558355331421,1.717420220375061,2.0450806617736816,1.8901536464691162,1.6684590578079224,1.6980183124542236,1.7628450393676758,1.9374468326568604,1.7550054788589478,1.6887553930282593,1.9090421199798584,2.098557472229004,2.1262640953063965,0.7717304229736328,0.6490854620933533,0.8085735440254211,1.0925891399383545,1.1289618015289307,1.4958713054656982,1.6662787199020386,1.978488564491272,2.2255730628967285,2.5159077644348145,2.69292950630188,2.6561224460601807,3.0089545249938965,3.0728538036346436,3.373934507369995,3.1725850105285645,2.939631223678589,2.61716365814209,2.3661797046661377,2.281076431274414,1.9423010349273682,1.6898070573806763,1.4211820363998413,1.0932488441467285,0.907037079334259,0.8018105030059814,0.7153003811836243,0.43398356437683105,0.5492218136787415,0.7846077084541321,1.8221209049224854,1.623029112815857,1.5865873098373413,1.8489314317703247,1.5836796760559082,1.861725926399231,1.9295532703399658,2.2985727787017822,2.3840365409851074,2.733370065689087,2.9275972843170166,2.782249927520752,3.103306770324707,3.0608203411102295,3.316678047180176
B1,2.913268566131592,2.6964728832244873,2.360307216644287,2.3953678607940674,2.1076695919036865,2.0875403881073,1.8817973136901855,2.102583408355713,1.8829097747802734,2.204075813293457,2.2769248485565186,1.953220248222351,2.0631728172302246,1.807942271232605,1.930248498916626,0.0,0.32747936248779297,0.6533843278884888,0.6166927814483643,0.9064120650291443,1.2110484838485718,1.28560209274292,1.5852411985397339,1.891780972480774,2.1417837142944336,2.3248977661132812,2.3239593505859375,2.6914162635803223,2.8590705394744873,3.111584424972534,1.7848834991455078,1.4773904085159302,1.3416355848312378,0.9810372591018677,0.9522895812988281,0.6562824249267578,0.9136296510696411,0.793065071105957,1.1084649562835693,1.1039478778839111,1.4259672164916992,1.5785531997680664,1.8389908075332642,2.0194597244262695,2.379370927810669,1.7500935792922974,1.4317628145217896,1.302018642425537,0.9225109219551086,0.9029950499534607,0.6040349006652832,0.8176474571228027,0.6795018315315247,1.030536413192749,1.037896752357483,1.3216278553009033,1.512715458869934,1.8207401037216187,2.087038516998291,2.3841030597686768,2.2682342529296875,2.1858012676239014,1.8582561016082764,2.0463168621063232,1.981842279434204,2.055907726287842,1.7928515672683716,2.0581159591674805,1.9218668937683105,2.2873153686523438,2.2419915199279785,1.940746784210205,2.135012149810791,1.9794495105743408,2.045555830001831
B2,2.6087138652801514,2.379757881164551,2.049441337585449,2.086665630340576,1.7916123867034912,1.7928009033203125,1.6066372394561768,1.8575539588928223,1.6775240898132324,2.0192484855651855,2.1163461208343506,1.817393183708191,1.9791154861450195,1.7726742029190063,1.9413893222808838,0.32747936248779297,0.0,0.3742302358150482,0.4539928734302521,0.7013763189315796,1.030316710472107,1.0714635848999023,1.4145084619522095,1.6879611015319824,1.9663736820220947,2.1717987060546875,2.139125108718872,2.507673978805542,2.6457529067993164,2.913592576980591,1.8017970323562622,1.5117818117141724,1.3001869916915894,0.9791604280471802,0.8578439354896545,0.49355313181877136,0.6509723663330078,0.5068297982215881,0.7905289530754089,0.8265114426612854,1.158257007598877,1.2719961404800415,1.5401748418807983,1.7055586576461792,2.0669002532958984,1.5482553243637085,1.2115634679794312,1.0473357439041138,0.6902561187744141,0.594027042388916,0.281925231218338,0.5663352012634277,0.5840282440185547,0.9323136806488037,1.062492847442627,1.3456486463546753,1.460853099822998,1.7976082563400269,2.019665002822876,2.3228447437286377,2.161386013031006,2.0438055992126465,1.693688988685608,1.8313333988189697,1.7656604051589966,1.795883297920227,1.5115004777908325,1.753495454788208,1.6015440225601196,1.9627952575683594,1.9168407917022705,1.614748477935791,1.8171888589859009,1.676186442375183,1.7639232873916626
B3,2.313788890838623,2.082644462585449,1.7418090105056763,1.7485606670379639,1.4661026000976562,1.4390596151351929,1.2360759973526,1.4850409030914307,1.3165154457092285,1.6687287092208862,1.7736899852752686,1.4945266246795654,1.6945074796676636,1.5383272171020508,1.747558355331421,0.6533843278884888,0.3742302358150482,0.0,0.3940386474132538,0.6532527804374695,0.880401074886322,0.805647075176239,1.1842120885849,1.4020273685455322,1.7174781560897827,1.9047297239303589,1.8282865285873413,2.194490671157837,2.307953357696533,2.5722784996032715,1.6459956169128418,1.3730082511901855,1.0960679054260254,0.8577154278755188,0.6258549690246582,0.2760464549064636,0.3127945363521576,0.37645798921585083,0.6175011396408081,0.8236937522888184,1.1099871397018433,1.128332495689392,1.4367343187332153,1.5580663681030273,1.9143697023391724,1.585691213607788,1.2668278217315674,1.0150882005691528,0.7330456376075745,0.5505406856536865,0.20690272748470306,0.2638506591320038,0.43436092138290405,0.6870625615119934,0.9362686276435852,1.204231858253479,1.2293360233306885,1.5771291255950928,1.749484896659851,2.056443691253662,1.940338373184204,1.770203709602356,1.4146716594696045,1.520028829574585,1.4191869497299194,1.434962272644043,1.1597057580947876,1.4218703508377075,1.2913554906845093,1.6697660684585571,1.673516035079956,1.3958961963653564,1.64750337600708,1.54755437374115,1.7042831182479858
B4,2.372101068496704,2.1981570720672607,1.8455842733383179,1.9098318815231323,1.680708885192871,1.677793264389038,1.42696213722229,1.6744418144226074,1.4877833127975464,1.845138430595398,1.8752506971359253,1.5692496299743652,1.7526308298110962,1.5818508863449097,1.717420220375061,0.6166927814483643,0.4539928734302521,0.3940386474132538,0.0,0.4180128276348114,0.6192331910133362,0.6733289957046509,0.9773990511894226,1.2804664373397827,1.5336374044418335,1.7370716333389282,1.7378109693527222,2.1051881313323975,2.2757344245910645,2.5462942123413086,1.450835108757019,1.2215027809143066,0.9740109443664551,0.672210693359375,0.6335505843162537,0.34876084327697754,0.42483091354370117,0.366122841835022,0.7463327646255493,0.882632315158844,1.1009308099746704,1.2128784656524658,1.5438894033432007,1.739560842514038,2.072540521621704,1.8884578943252563,1.5331323146820068,1.3399453163146973,1.0434564352035522,0.8021930456161499,0.4872167110443115,0.6389603018760681,0.6200399398803711,0.8095914125442505,0.94411700963974,1.291666030883789,1.344921588897705,1.6449997425079346,1.8149527311325073,2.1542749404907227,2.2486069202423096,2.059828042984009,1.7238048315048218,1.8407193422317505,1.6791064739227295,1.6910228729248047,1.43917715549469,1.6935853958129883,1.5212565660476685,1.889875054359436,1.921460509300232,1.614021897315979,1.8191825151443481,1.6472997665405273,1.804227352142334
B5,2.138200044631958,1.9902626276016235,1.6566698551177979,1.8001940250396729,1.5957887172698975,1.682255506515503,1.4635953903198242,1.7698665857315063,1.659528374671936,2.037010669708252,2.0635225772857666,1.7947585582733154,2.0277087688446045,1.9099210500717163,2.0450806617736816,0.9064120650291443,0.7013763189315796,0.6532527804374695,0.4180128276348114,0.0,0.4113542437553406,0.6249582171440125,0.8872421383857727,1.1889936923980713,1.4056930541992188,1.6884552240371704,1.7146234512329102,2.0694968700408936,2.230604410171509,2.537600517272949,1.6859458684921265,1.5285711288452148,1.2562906742095947,1.0061427354812622,0.9863747358322144,0.7251262068748474,0.5806809067726135,0.32196900248527527,0.585838258266449,0.6467344164848328,0.7525899410247803,0.9268683195114136,1.2532398700714111,1.508802056312561,1.8087884187698364,1.8818777799606323,1.4972472190856934,1.3630433082580566,1.1396217346191406,0.7977584004402161,0.6670474410057068,0.8951063752174377,1.0046498775482178,1.166756272315979,1.3417577743530273,1.6878409385681152,1.696616768836975,1.9906328916549683,2.109863042831421,2.4583182334899902,2.5518531799316406,2.335143566131592,1.9869166612625122,2.0339653491973877,1.8626055717468262,1.7899260520935059,1.5125676393508911,1.6858042478561401,1.4351794719696045,1.7606472969055176,1.781463623046875,1.442448616027832,1.5787556171417236,1.3463553190231323,1.501049280166626
B6,1.9583529233932495,1.8723810911178589,1.5257010459899902,1.679911494255066,1.5573397874832153,1.6223976612091064,1.355238676071167,1.6320161819458008,1.5269182920455933,1.8933011293411255,1.8580238819122314,1.6052725315093994,1.8511992692947388,1.7830429077148438,1.8901536464691162,1.2110484838485718,1.030316710472107,0.880401074886322,0.6192331910133362,0.4113542437553406,0.0,0.36252376437187195,0.4882861375808716,0.8187845945358276,1.0016292333602905,1.286609411239624,1.345127820968628,1.6916766166687012,1.8815977573394775,2.186877489089966,1.4475281238555908,1.3733514547348022,1.085884690284729,0.9373926520347595,0.9719768166542053,0.8588042855262756,0.6703091263771057,0.6274574398994446,0.8199856281280518,0.9803513288497925,0.9724503755569458,1.0769407749176025,1.4274585247039795,1.6656783819198608,1.9246798753738403,2.2185516357421875,1.846869707107544,1.6740875244140625,1.4779905080795288,1.126897931098938,0.9711703062057495,1.0774405002593994,1.1504579782485962,1.1814720630645752,1.3497405052185059,1.6964213848114014,1.6467475891113281,1.8913004398345947,1.9503949880599976,2.312021493911743,2.604280948638916,2.3390052318573,2.0188019275665283,2.049375057220459,1.8072501420974731,1.7254503965377808,1.5031520128250122,1.681410551071167,1.443453311920166,1.7578821182250977,1.8595458269119263,1.550536036491394,1.6987897157669067,1.4765242338180542,1.6971008777618408
B7,1.8107423782348633,1.701451063156128,1.3364336490631104,1.423919439315796,1.3096376657485962,1.3171348571777344,1.0207303762435913,1.275661587715149,1.1684887409210205,1.534436821937561,1.5087223052978516,1.2720539569854736,1.5455412864685059,1.5180726051330566,1.6684590578079224,1.28560209274292,1.0714635848999023,0.805647075176239,0.6733289957046509,0.6249582171440125,0.36252376437187195,0.0,0.3995814323425293,0.6178584694862366,0.9138683676719666,1.1390047073364258,1.108641266822815,1.4714267253875732,1.628654956817627,1.9225282669067383,1.3309521675109863,1.243778944015503,0.9027518630027771,0.8543826937675476,0.7847457528114319,0.7608554363250732,0.5135514140129089,0.6701801419258118,0.8064888119697571,1.0860042572021484,1.1126093864440918,1.1002463102340698,1.4659924507141113,1.6296073198318481,1.8953074216842651,2.189119815826416,1.8504105806350708,1.6150096654891968,1.4456448554992676,1.1176272630691528,0.9476999044418335,0.9250506162643433,1.0220636129379272,0.9619932770729065,1.1948915719985962,1.4980958700180054,1.384490728378296,1.6296943426132202,1.6522144079208374,2.0056235790252686,2.3092947006225586,2.019644021987915,1.7129660844802856,1.7291322946548462,1.4627814292907715,1.3870007991790771,1.1959470510482788,1.4047216176986694,1.2181705236434937,1.5538873672485352,1.7011709213256836,1.4362872838974,1.6496026515960693,1.5008230209350586,1.7664332389831543
B8,1.8084688186645508,1.7869712114334106,1.4381921291351318,1.561862826347351,1.5400681495666504,1.5502660274505615,1.2384390830993652,1.4419115781784058,1.344796061515808,1.6714814901351929,1.5613826513290405,1.3473917245864868,1.6037758588790894,1.6139168739318848,1.6980183124542236,1.5852411985397339,1.4145084619522095,1.1842120885849,0.9773990511894226,0.8872421383857727,0.4882861375808716,0.3995814323425293,0.0,0.3890193998813629,0.556736946105957,0.8013428449630737,0.8747762441635132,1.2158102989196777,1.4379565715789795,1.7294154167175293,1.2210452556610107,1.2533115148544312,0.9596187472343445,0.9922808408737183,1.040934443473816,1.0966955423355103,0.9049860239028931,1.0280486345291138,1.1646863222122192,1.4043079614639282,1.3564174175262451,1.3683563470840454,1.720141053199768,1.904837965965271,2.124485969543457,2.573275089263916,2.226983070373535,2.0062296390533447,1.8377529382705688,1.5002328157424927,1.3270455598831177,1.3106143474578857,1.3522753715515137,1.2374610900878906,1.4004020690917969,1.7052028179168701,1.5758514404296875,1.7493995428085327,1.721686601638794,2.082085609436035,2.5892996788024902,2.275153636932373,2.002995252609253,2.014410972595215,1.7010867595672607,1.6223262548446655,1.489116907119751,1.6750445365905762,1.4905738830566406,1.7827228307724,1.9735795259475708,1.72426176071167,1.9023528099060059,1.729101300239563,2.0076377391815186
B9,1.5270423889160156,1.5392472743988037,1.2056474685668945,1.3066519498825073,1.3686456680297852,1.3655359745025635,1.0660549402236938,1.2336994409561157,1.210323691368103,1.5032262802124023,1.380906105041504,1.2502490282058716,1.5478767156600952,1.6477943658828735,1.7628450393676758,1.891780972480774,1.6879611015319824,1.4020273685455322,1.2804664373397827,1.1889936923980713,0.8187845945358276,0.6178584694862366,0.3890193998813629,0.0,0.3830231726169586,0.5943278670310974,0.5518838763237,0.8873217701911926,1.065750241279602,1.3762034177780151,1.3726012706756592,1.4412943124771118,1.132128357887268,1.2620826959609985,1.2362854480743408,1.334715485572815,1.0941855907440186,1.2725281715393066,1.3166338205337524,1.6014448404312134,1.5177010297775269,1.4422746896743774,1.7738655805587769,1.901124119758606,2.0799601078033447,2.6885013580322266,2.3710262775421143,2.125857353210449,2.0136897563934326,1.6795117855072021,1.5509355068206787,1.4713807106018066,1.5602623224258423,1.385446310043335,1.5972622632980347,1.8457920551300049,1.6430318355560303,1.790675401687622,1.681889533996582,2.0174670219421387,2.5589804649353027,2.2085816860198975,1.9659368991851807,1.9196728467941284,1.5787625312805176,1.455648422241211,1.3824169635772705,1.5260523557662964,1.37400484085083,1.6198402643203735,1.8699560165405273,1.678848385810852,1.8686820268630981,1.749422550201416,2.068061113357544
B10,1.6389094591140747,1.7356703281402588,1.4417428970336914,1.588397741317749,1.6989741325378418,1.7184712886810303,1.4327073097229004,1.574130654335022,1.552018642425537,1.810815453529358,1.6350177526474,1.5188332796096802,1.7790067195892334,1.8842253684997559,1.9374468326568604,2.1417837142944336,1.9663736820220947,1.7174781560897827,1.5336374044418335,1.4056930541992188,1.0016292333602905,0.9138683676719666,0.556736946105957,0.3830231726169586,0.0,0.39373040199279785,0.5763838291168213,0.8048233389854431,1.06242835521698,1.3574320077896118,1.4337838888168335,1.5879459381103516,1.3378140926361084,1.4733610153198242,1.5283095836639404,1.634114384651184,1.4207546710968018,1.553684115409851,1.6189326047897339,1.859410285949707,1.7308502197265625,1.6990469694137573,2.013211727142334,2.173194646835327,2.3177132606506348,3.020256280899048,2.687262773513794,2.4655826091766357,2.3425426483154297,1.9937965869903564,1.8600174188613892,1.8152180910110474,1.8721697330474854,1.6998673677444458,1.8580130338668823,2.1205403804779053,1.933756947517395,2.037137746810913,1.9125587940216064,2.245891571044922,2.9102628231048584,2.5560271739959717,2.3294310569763184,2.289382219314575,1.936769723892212,1.8168481588363647,1.7598657608032227,1.8828699588775635,1.7160835266113281,1.9257999658584595,2.1806693077087402,1.9856126308441162,2.131471872329712,1.9770934581756592,2.286060094833374
B11,1.8390953540802002,1.9451223611831665,1.6596155166625977,1.7340506315231323,1.8730288743972778,1.8207111358642578,1.5149785280227661,1.5611326694488525,1.5088549852371216,1.6991902589797974,1.4566574096679688,1.37276029586792,1.590169906616211,1.7375799417495728,1.7550054788589478,2.3248977661132812,2.1717987060546875,1.9047297239303589,1.7370716333389282,1.6884552240371704,1.286609411239624,1.1390047073364258,0.8013428449630737,0.5943278670310974,0.39373040199279785,0.0,0.37559545040130615,0.5314262509346008,0.8740299344062805,1.0949348211288452,1.28573477268219,1.5024712085723877,1.3010220527648926,1.526092290878296,1.59322190284729,1.7793785333633423,1.6112641096115112,1.8062479496002197,1.897884726524353,2.170067548751831,2.078598737716675,2.026268482208252,2.349750280380249,2.4788408279418945,2.630627155303955,3.2719883918762207,2.9542882442474365,2.701134204864502,2.565826654434204,2.244939088821411,2.071845293045044,1.970566749572754,1.9798170328140259,1.742002248764038,1.8629568815231323,2.0787320137023926,1.8645045757293701,1.8977913856506348,1.7232798337936401,2.0339181423187256,2.8617825508117676,2.497579574584961,2.3204493522644043,2.2995645999908447,1.9193929433822632,1.8486614227294922,1.86002516746521,2.0164451599121094,1.9148845672607422,2.1292102336883545,2.4142231941223145,2.252653121948242,2.4348397254943848,2.314687967300415,2.634425401687622
B12,1.6441015005111694,1.715601921081543,1.4326715469360352,1.4430370330810547,1.602047085762024,1.5125747919082642,1.220007300376892,1.2253974676132202,1.2153962850570679,1.382895588874817,1.1614232063293457,1.1386241912841797,1.4015873670578003,1.604347586631775,1.6887553930282593,2.3239593505859375,2.139125108718872,1.8282865285873413,1.7378109693527222,1.7146234512329102,1.345127820968628,1.108641266822815,0.8747762441635132,0.5518838763237,0.5763838291168213,0.37559545040130615,0.0,0.36871466040611267,0.6070340275764465,0.8592566251754761,1.3800734281539917,1.5364799499511719,1.2882845401763916,1.5458256006240845,1.523011326789856,1.7217413187026978,1.5261858701705933,1.7687532901763916,1.8123480081558228,2.125530242919922,2.0523738861083984,1.9373968839645386,2.2537803649902344,2.328430652618408,2.4789061546325684,3.119150161743164,2.8315787315368652,2.5525755882263184,2.4520437717437744,2.1507294178009033,2.0001795291900635,1.847129225730896,1.8944417238235474,1.628549337387085,1.8062653541564941,1.9767359495162964,1.7126562595367432,1.7582144737243652,1.5432226657867432,1.8316411972045898,2.5930380821228027,2.213224411010742,2.0522589683532715,1.9964065551757812,1.6126112937927246,1.5262882709503174,1.5790331363677979,1.7248542308807373,1.6700764894485474,1.8717149496078491,2.1805386543273926,2.0623419284820557,2.2767221927642822,2.2118420600891113,2.549708366394043
B13,1.6976428031921387,1.8328266143798828,1.6047850847244263,1.6075507402420044,1.8303195238113403,1.740073323249817,1.4859055280685425,1.4410094022750854,1.471641182899475,1.5682657957077026,1.317542314529419,1.3715894222259521,1.6018781661987305,1.8488677740097046,1.9090421199798584,2.6914162635803223,2.507673978805542,2.194490671157837,2.1051881313323975,2.0694968700408936,1.6916766166687012,1.4714267253875732,1.2158102989196777,0.8873217701911926,0.8048233389854431,0.5314262509346008,0.36871466040611267,0.0,0.3775646984577179,0.5682000517845154,1.6201708316802979,1.8227925300598145,1.6107227802276611,1.890895128250122,1.8773716688156128,2.0881781578063965,1.8915305137634277,2.131094217300415,2.1568551063537598,2.4670472145080566,2.3687033653259277,2.240638494491577,2.537151575088501,2.5961413383483887,2.7102859020233154,3.447322368621826,3.169198751449585,2.889667510986328,2.8064780235290527,2.504371404647827,2.3654260635375977,2.2054498195648193,2.2532806396484375,1.9723666906356812,2.1378324031829834,2.282561779022217,2.001842498779297,2.002516984939575,1.7404078245162964,1.9860708713531494,2.828021764755249,2.4375293254852295,2.3152074813842773,2.236783504486084,1.8505805730819702,1.755342960357666,1.853182077407837,1.963158369064331,1.9296512603759766,2.0808935165405273,2.413329601287842,2.3293888568878174,2.528130054473877,2.477914333343506,2.8232815265655518
