,A1,A2,A3,A4,A5,A6,A7,A8,A9,A10,A11,A12,A13,A14,A15,B1,B2,B3,B4,B5,B6,B7,B8,B9,B10,B11,B12,B13,B14,B15,C1,C2,C3,C4,C5,C6,C7,C8,C9,C10,C11,C12,C13,C14,C15,D1,D2,D3,D4,D5,D6,D7,D8,D9,D10,D11,D12,D13,D14,D15,E1,E2,E3,E4,E5,E6,E7,E8,E9,E10,E11,E12,E13,E14,E15
A1,0.0,0.38668105006217957,0.5972672700881958,0.8235667943954468,1.0488425493240356,1.365378737449646,1.5527961254119873,1.8758994340896606,2.10886812210083,2.38340425491333,2.576139450073242,2.5364458560943604,2.8897225856781006,2.9311089515686035,3.232804298400879,3.184629201889038,2.917121410369873,2.6055259704589844,2.5275847911834717,2.2371397018432617,1.9622340202331543,1.6972311735153198,1.4910433292388916,1.1562576293945312,1.0376191139221191,1.0216189622879028,0.8935236930847168,0.6432514190673828,0.605217695236206,0.8496116995811462,2.9445109367370605,2.8228068351745605,2.4473721981048584,2.497021198272705,2.1189463138580322,2.0850822925567627,1.7243508100509644,1.6955958604812622,1.4592885971069336,1.6206681728363037,1.3272385597229004,1.1102325916290283,1.1700230836868286,1.2034518718719482,1.1135001182556152,1.9319202899932861,1.7593653202056885,1.6853548288345337,1.9233533143997192,1.6387861967086792,1.866136908531189,1.9356917142868042,2.2501938343048096,2.2716917991638184,2.572957992553711,2.823979139328003,2.6425228118896484,2.9029877185821533,2.7978804111480713,3.0739245414733887,2.917025327682495,2.7734458446502686,2.423603057861328,2.3995227813720703,2.0539934635162354,1.9091328382492065,1.6177154779434204,1.4390970468521118,1.1798120737075806,1.1893055438995361,0.8703372478485107,0.7185120582580566,0.5950155854225159,0.7544939517974854,0.6230534911155701
A2,0.38668105006217957,0.0,0.37932178378105164,0.5119970440864563,0.8021202087402344,1.0549768209457397,1.2859954833984375,1.5896776914596558,1.8316504955291748,2.0826194286346436,2.310680389404297,2.2876179218292236,2.632767677307129,2.6843905448913574,3.0072519779205322,2.881117343902588,2.6123390197753906,2.3067145347595215,2.1988375186920166,1.9071307182312012,1.6253080368041992,1.3738775253295898,1.1305736303329468,0.8210822939872742,0.6581807732582092,0.6536948680877686,0.5959345102310181,0.45967021584510803,0.6139827370643616,0.9296973943710327,2.848574638366699,2.7005436420440674,2.3254623413085938,2.394890785217285,2.0250580310821533,1.9650055170059204,1.5963990688323975,1.595037817955017,1.3087098598480225,1.5062389373779297,1.2728053331375122,0.9672766327857971,1.0105645656585693,0.9420961737632751,0.8726487755775452,1.6835453510284424,1.548425555229187,1.4254436492919922,1.7030820846557617,1.4208753108978271,1.6915568113327026,1.722151756286621,2.0656232833862305,2.085885763168335,2.4182772636413574,2.6315767765045166,2.4333138465881348,2.7055788040161133,2.600594997406006,2.8560574054718018,2.778022527694702,2.625507354736328,2.2642159461975098,2.2870032787323,1.9445277452468872,1.8428480625152588,1.510148525238037,1.4199707508087158,1.1626877784729004,1.2907171249389648,1.0116664171218872,0.7740378975868225,0.8049817681312561,0.8819258809089661,0.8055111765861511
A3,0.5972672700881958,0.37932178378105164,0.0,0.39741551876068115,0.5109269618988037,0.8026062250137329,0.9611672759056091,1.2948527336120605,1.5134164094924927,1.7946281433105469,1.9922634363174438,1.9476234912872314,2.2982170581817627,2.3481314182281494,2.659724712371826,2.5977723598480225,2.322413444519043,2.0167829990386963,1.940673828125,1.6609841585159302,1.3831626176834106,1.1238901615142822,0.9551712274551392,0.6110685467720032,0.6027287244796753,0.7327830195426941,0.5747295618057251,0.6212970614433289,0.6515825390815735,1.02268385887146,2.4695565700531006,2.3251593112945557,1.9490755796432495,2.0319085121154785,1.6635322570800781,1.6306462287902832,1.262656569480896,1.318007469177246,1.0690261125564575,1.3375186920166016,1.1618016958236694,0.8610193133354187,1.0366894006729126,1.004286527633667,1.0712237358093262,1.6973168849945068,1.5059635639190674,1.3179799318313599,1.5396037101745605,1.2064341306686401,1.4275027513504028,1.4193209409713745,1.745047688484192,1.7345141172409058,2.0641226768493652,2.2803337574005127,2.0765790939331055,2.341073513031006,2.238168239593506,2.5065009593963623,2.447688579559326,2.27272367477417,1.9161547422409058,1.9220855236053467,1.5882951021194458,1.4749497175216675,1.1351019144058228,1.0709000825881958,0.8153640627861023,1.0095510482788086,0.7939939498901367,0.5201699733734131,0.717684268951416,0.823663055896759,0.913213312625885
A4,0.8235667943954468,0.5119970440864563,0.39741551876068115,0.0,0.36948758363723755,0.5873311758041382,0.8761327862739563,1.127434253692627,1.416425347328186,1.6288642883300781,1.8568029403686523,1.885121464729309,2.2358453273773193,2.338665246963501,2.670100212097168,2.5295779705047607,2.224748134613037,1.957213044166565,1.8068010807037354,1.564292550086975,1.2314890623092651,1.0610252618789673,0.8011458516120911,0.5802100300788879,0.38179445266723633,0.6695757508277893,0.7225565910339355,0.8395631909370422,0.9976541996002197,1.3561567068099976,2.568255662918091,2.4364569187164307,2.0654804706573486,2.206223726272583,1.8583379983901978,1.8434786796569824,1.4866981506347656,1.597532033920288,1.3318495750427246,1.6235888004302979,1.493394136428833,1.1503828763961792,1.2696305513381958,1.1203173398971558,1.139905333518982,1.7977676391601562,1.677135705947876,1.4451305866241455,1.7098432779312134,1.3902082443237305,1.6375006437301636,1.5577142238616943,1.8956410884857178,1.842783808708191,2.2007269859313965,2.3616244792938232,2.1100854873657227,2.3528146743774414,2.207017183303833,2.428704261779785,2.3469648361206055,2.213747024536133,1.8458324670791626,1.929270625114441,1.5862964391708374,1.570155382156372,1.2297265529632568,1.2294985055923462,1.0688766241073608,1.293681025505066,1.0655829906463623,0.8757385611534119,1.0915358066558838,1.2149313688278198,1.256245732307434
A5,1.0488425493240356,0.8021202087402344,0.5109269618988037,0.36948758363723755,0.0,0.38376179337501526,0.5682724714279175,0.842768132686615,1.122420072555542,1.363382339477539,1.5467151403427124,1.5645287036895752,1.9262224435806274,2.0403647422790527,2.357271432876587,2.296283483505249,1.9770909547805786,1.7209233045578003,1.6012359857559204,1.3908538818359375,1.0577009916305542,0.9120736718177795,0.7657793760299683,0.574888288974762,0.5902172923088074,0.9203475713729858,0.8893232941627502,1.0739513635635376,1.1448980569839478,1.5161203145980835,2.2110683917999268,2.094287395477295,1.7249810695648193,1.8975869417190552,1.5621782541275024,1.5947973728179932,1.2577617168426514,1.4438341856002808,1.2405991554260254,1.5849460363388062,1.512585163116455,1.202385663986206,1.4108128547668457,1.3040239810943604,1.410320520401001,1.9164589643478394,1.750672698020935,1.471352458000183,1.6687108278274536,1.314134955406189,1.4912794828414917,1.3546137809753418,1.6572096347808838,1.5511597394943237,1.903243899345398,2.0580947399139404,1.7890231609344482,2.0110721588134766,1.8532220125198364,2.084418773651123,2.001810312271118,1.8515064716339111,1.4848672151565552,1.5614821910858154,1.2232493162155151,1.2211230993270874,0.8819854855537415,0.9344522356987,0.8385196328163147,1.1175652742385864,0.9736121296882629,0.8218954801559448,1.134844183921814,1.2796603441238403,1.4193315505981445
A6,1.365378737449646,1.0549768209457397,0.8026062250137329,0.5873311758041382,0.38376179337501526,0.0,0.3722931742668152,0.549540638923645,0.8484785556793213,1.0417587757110596,1.2840584516525269,1.3300859928131104,1.6718919277191162,1.803511381149292,2.144017457962036,1.9812418222427368,1.6562949419021606,1.4176921844482422,1.2501083612442017,1.056824803352356,0.6976997256278992,0.6339775919914246,0.48629721999168396,0.5038714408874512,0.5707029104232788,0.9201998710632324,0.9658488035202026,1.242814064025879,1.374880313873291,1.7313332557678223,2.184652805328369,2.036285638809204,1.6901081800460815,1.880460500717163,1.5851845741271973,1.5854008197784424,1.2823894023895264,1.4933804273605347,1.2760114669799805,1.6254831552505493,1.6288646459579468,1.2986849546432495,1.4818376302719116,1.3112406730651855,1.455976128578186,1.8218873739242554,1.7001181840896606,1.374098777770996,1.5753746032714844,1.2533878087997437,1.4431720972061157,1.2434149980545044,1.5526854991912842,1.4386905431747437,1.8137623071670532,1.9046154022216797,1.616757869720459,1.8461395502090454,1.6942179203033447,1.887958288192749,1.9428203105926514,1.7780989408493042,1.4166412353515625,1.5598622560501099,1.2666049003601074,1.328558087348938,0.9893887639045715,1.1666538715362549,1.0964761972427368,1.4271851778030396,1.3349547386169434,1.1492393016815186,1.4643969535827637,1.546327829360962,1.6864773035049438
A7,1.5527961254119873,1.2859954833984375,0.9611672759056091,0.8761327862739563,0.5682724714279175,0.3722931742668152,0.0,0.3763107657432556,0.5618209838867188,0.8529210090637207,1.0352318286895752,1.0116569995880127,1.3656651973724365,1.4784332513809204,1.8046437501907349,1.743229627609253,1.4220443964004517,1.171655297279358,1.0870494842529297,0.9130045771598816,0.6226969957351685,0.5513426065444946,0.6447597146034241,0.651401937007904,0.8762521147727966,1.1750446557998657,1.121712327003479,1.418407678604126,1.4744484424591064,1.8193660974502563,1.8242543935775757,1.6652803421020508,1.3233031034469604,1.524116039276123,1.2498794794082642,1.2768452167510986,1.0137556791305542,1.2875224351882935,1.1478863954544067,1.5220261812210083,1.5861985683441162,1.3120129108428955,1.563319206237793,1.4561046361923218,1.670656681060791,1.886918067932129,1.7124000787734985,1.3660513162612915,1.4763014316558838,1.1385444402694702,1.2365477085113525,0.9840257167816162,1.2449991703033447,1.0869625806808472,1.456169843673706,1.5478752851486206,1.2576134204864502,1.4899981021881104,1.3585184812545776,1.5865013599395752,1.7232111692428589,1.5018906593322754,1.153408408164978,1.2622997760772705,1.0093656778335571,1.0517507791519165,0.7222278714179993,0.9916397929191589,0.9612538814544678,1.3254477977752686,1.333195447921753,1.159292459487915,1.5092966556549072,1.5760865211486816,1.7888717651367188
A8,1.8758994340896606,1.5896776914596558,1.2948527336120605,1.127434253692627,0.842768132686615,0.549540638923645,0.3763107657432556,0.0,0.3758185803890228,0.5240841507911682,0.7348579168319702,0.8257496953010559,1.1621733903884888,1.3531347513198853,1.6846245527267456,1.5629572868347168,1.2020260095596313,1.0353699922561646,0.8718311786651611,0.8223100304603577,0.5197436809539795,0.6822132468223572,0.78277987241745,0.9358198642730713,1.0961498022079468,1.4139231443405151,1.4315060377120972,1.7424147129058838,1.8332825899124146,2.1789562702178955,1.835502028465271,1.696272373199463,1.3999769687652588,1.6570594310760498,1.4484877586364746,1.4998341798782349,1.2988611459732056,1.5968579053878784,1.4741216897964478,1.8394135236740112,1.9359725713729858,1.656227707862854,1.8819881677627563,1.731662392616272,1.9345945119857788,2.1014249324798584,1.9703847169876099,1.6048521995544434,1.7103608846664429,1.4127130508422852,1.494661808013916,1.1888951063156128,1.4008516073226929,1.1901640892028809,1.545196533203125,1.54777193069458,1.2091169357299805,1.3855410814285278,1.2054753303527832,1.3584668636322021,1.5462157726287842,1.3541806936264038,1.0240222215652466,1.235780954360962,1.0378891229629517,1.1974817514419556,0.9454587697982788,1.2529691457748413,1.2971763610839844,1.6487164497375488,1.659523606300354,1.5200626850128174,1.8731993436813354,1.9501805305480957,2.1508162021636963
A9,2.10886812210083,1.8316504955291748,1.5134164094924927,1.416425347328186,1.122420072555542,0.8484785556793213,0.5618209838867188,0.3758185803890228,0.0,0.38296565413475037,0.54597407579422,0.4964797794818878,0.8238078951835632,0.9811346530914307,1.320131540298462,1.2338452339172363,0.887976884841919,0.7039329409599304,0.6500246524810791,0.6431069374084473,0.5275603532791138,0.6891933083534241,0.9440860748291016,1.1024597883224487,1.347257375717163,1.6136139631271362,1.579875111579895,1.9133787155151367,1.9720743894577026,2.2919063568115234,1.6054658889770508,1.4198331832885742,1.163111925125122,1.4049792289733887,1.2586443424224854,1.2912704944610596,1.1712985038757324,1.4854360818862915,1.4219648838043213,1.77061927318573,1.9346119165420532,1.7028802633285522,1.9506369829177856,1.8345963954925537,2.092085123062134,2.093090295791626,1.9411814212799072,1.5694284439086914,1.5946407318115234,1.3316292762756348,1.3381434679031372,0.9902254939079285,1.131177544593811,0.8988263010978699,1.238308072090149,1.1947100162506104,0.8598101735115051,1.0633299350738525,0.9506262540817261,1.125175952911377,1.541509985923767,1.2746131420135498,1.0015157461166382,1.1730270385742188,1.0735220909118652,1.1946941614151,0.9863247275352478,1.3471726179122925,1.386857509613037,1.7509764432907104,1.8315829038619995,1.6720772981643677,2.024956703186035,2.0578086376190186,2.2962117195129395
A10,2.38340425491333,2.0826194286346436,1.7946281433105469,1.6288642883300781,1.363382339477539,1.0417587757110596,0.8529210090637207,0.5240841507911682,0.38296565413475037,0.0,0.37883955240249634,0.5590093731880188,0.7765967845916748,1.0310719013214111,1.3600280284881592,1.138139247894287,0.7510601282119751,0.7252750396728516,0.5226736068725586,0.7070844769477844,0.6176695227622986,0.9245507717132568,1.1151478290557861,1.3551788330078125,1.5359556674957275,1.8137710094451904,1.8465481996536255,2.1868398189544678,2.2870001792907715,2.6126062870025635,1.802449107170105,1.6445409059524536,1.4433404207229614,1.7113401889801025,1.6099976301193237,1.6476434469223022,1.5493611097335815,1.855043649673462,1.7742156982421875,2.1111409664154053,2.279932737350464,2.026477336883545,2.240097999572754,2.0777928829193115,2.310959815979004,2.3009910583496094,2.2010178565979004,1.8244211673736572,1.8730665445327759,1.6474756002426147,1.6765044927597046,1.3249167203903198,1.4461066722869873,1.2128067016601562,1.5158156156539917,1.3889769315719604,1.0433217287063599,1.163464903831482,1.0075880289077759,1.050779104232788,1.5232295989990234,1.3141021728515625,1.0862455368041992,1.3470879793167114,1.2856206893920898,1.486369013786316,1.3154217004776,1.6689494848251343,1.73810875415802,2.094697952270508,2.1508543491363525,2.0053470134735107,2.3585972785949707,2.4018099308013916,2.616234064102173
A11,2.576139450073242,2.310680389404297,1.9922634363174438,1.8568029403686523,1.5467151403427124,1.2840584516525269,1.0352318286895752,0.7348579168319702,0.54597407579422,0.37883955240249634,0.0,0.3836299180984497,0.5817248225212097,0.9112669825553894,1.1715679168701172,1.1796396970748901,0.8050063252449036,0.8626858592033386,0.7987678050994873,1.0134222507476807,0.9637671709060669,1.216559886932373,1.4357157945632935,1.6230350732803345,1.8216594457626343,2.1167383193969727,2.111079454421997,2.436825752258301,2.492262363433838,2.8209760189056396,1.5284889936447144,1.4235303401947021,1.2719172239303589,1.5890203714370728,1.5456379652023315,1.6559641361236572,1.6137539148330688,1.9559881687164307,1.9416983127593994,2.2866945266723633,2.4630839824676514,2.2441303730010986,2.496398687362671,2.3716635704040527,2.615485906600952,2.6061244010925293,2.4693410396575928,2.0963656902313232,2.097059488296509,1.8564542531967163,1.8165346384048462,1.4543668031692505,1.4917147159576416,1.1892552375793457,1.4254881143569946,1.27021062374115,0.8984704613685608,0.9033189415931702,0.6787572503089905,0.6832818984985352,1.2108901739120483,0.9838899374008179,0.826602041721344,1.098134160041809,1.1274386644363403,1.3664253950119019,1.2913380861282349,1.651147484779358,1.788352370262146,2.118391990661621,2.2201156616210938,2.1245152950286865,2.4904134273529053,2.559882164001465,2.807246446609497
A12,2.5364458560943604,2.2876179218292236,1.9476234912872314,1.885121464729309,1.5645287036895752,1.3300859928131104,1.0116569995880127,0.8257496953010559,0.4964797794818878,0.5590093731880188,0.3836299180984497,0.0,0.3727204501628876,0.5964892506599426,0.8804848790168762,1.0241563320159912,0.7061015367507935,0.6671285629272461,0.7830071449279785,0.9257706999778748,0.9697961211204529,1.1314295530319214,1.4282735586166382,1.5714613199234009,1.837708830833435,2.0944013595581055,2.028015613555908,2.3569211959838867,2.3737127780914307,2.6775946617126465,1.281450867652893,1.1061131954193115,0.963986873626709,1.2426477670669556,1.2326804399490356,1.322909951210022,1.3364548683166504,1.6747868061065674,1.7091361284255981,2.0347042083740234,2.245241641998291,2.0722570419311523,2.3469393253326416,2.26833176612854,2.551481008529663,2.4514033794403076,2.2778241634368896,1.916684627532959,1.8553903102874756,1.6296968460083008,1.529327630996704,1.167030692100525,1.1433265209197998,0.8327842354774475,1.0489436388015747,0.8919094800949097,0.5203490257263184,0.6090508103370667,0.5227516889572144,0.6847020387649536,1.358967661857605,1.0368996858596802,0.8975443243980408,1.0421546697616577,1.10832679271698,1.247373104095459,1.175641417503357,1.5521622896194458,1.655734896659851,1.9909391403198242,2.1415786743164062,2.0206007957458496,2.3772530555725098,2.409573554992676,2.686033010482788
A13,2.8897225856781006,2.632767677307129,2.2982170581817627,2.2358453273773193,1.9262224435806274,1.6718919277191162,1.3656651973724365,1.1621733903884888,0.8238078951835632,0.7765967845916748,0.5817248225212097,0.3727204501628876,0.0,0.3716578185558319,0.6060094237327576,0.7816803455352783,0.5396364331245422,0.6621101498603821,0.847283661365509,1.0713984966278076,1.2143611907958984,1.399625301361084,1.7132596969604492,1.8863613605499268,2.159011125564575,2.394606828689575,2.3333070278167725,2.6735873222351074,2.69454026222229,2.9823646545410156,1.3406708240509033,1.1507951021194458,1.1268672943115234,1.3631614446640015,1.4430853128433228,1.5072202682495117,1.5897470712661743,1.9044393301010132,1.962194561958313,2.2550344467163086,2.5031120777130127,2.351306676864624,2.6142935752868652,2.5345985889434814,2.832756280899048,2.630112648010254,2.4730217456817627,2.120090961456299,2.020864248275757,1.8507059812545776,1.7207046747207642,1.3662376403808594,1.271673321723938,0.996283769607544,1.1143637895584106,0.8377311825752258,0.5566451549530029,0.5382636189460754,0.5846467614173889,0.6080139875411987,1.5150505304336548,1.198510766029358,1.1595017910003662,1.2928398847579956,1.4280989170074463,1.5628629922866821,1.5253649950027466,1.8997126817703247,2.000237226486206,2.3311049938201904,2.49943470954895,2.370077133178711,2.7202675342559814,2.7296972274780273,3.0105323791503906
A14,2.9311089515686035,2.6843905448913574,2.3481314182281494,2.338665246963501,2.0403647422790527,1.803511381149292,1.4784332513809204,1.3531347513198853,0.9811346530914307,1.0310719013214111,0.9112669825553894,0.5964892506599426,0.3716578185558319,0.0,0.3736553490161896,0.6837399005889893,0.6117205023765564,0.6249473094940186,0.9525253176689148,1.0958244800567627,1.318307638168335,1.4274249076843262,1.781248688697815,1.9256407022476196,2.2393715381622314,2.42942214012146,2.327208995819092,2.66621994972229,2.663412094116211,2.918139696121216,1.304905891418457,1.0296798944473267,1.0514332056045532,1.1852699518203735,1.3156392574310303,1.3196754455566406,1.4685591459274292,1.7438199520111084,1.839542269706726,2.0891284942626953,2.373739719390869,2.268238067626953,2.5326802730560303,2.489068031311035,2.816237449645996,2.507765054702759,2.331526756286621,2.0032777786254883,1.842750906944275,1.718428134918213,1.5374377965927124,1.2120360136032104,1.0420773029327393,0.8293893337249756,0.8742883205413818,0.5424498915672302,0.4225231111049652,0.5314604640007019,0.7779065370559692,0.89103764295578,1.797510027885437,1.4421738386154175,1.4041774272918701,1.4539260864257812,1.594050645828247,1.644063949584961,1.5976258516311646,1.9635908603668213,2.01800537109375,2.346388578414917,2.5440666675567627,2.3850972652435303,2.7142438888549805,2.6798298358917236,2.9741621017456055
A15,3.232804298400879,3.0072519779205322,2.659724712371826,2.670100212097168,2.357271432876587,2.144017457962036,1.8046437501907349,1.6846245527267456,1.320131540298462,1.3600280284881592,1.1715679168701172,0.8804848790168762,0.6060094237327576,0.3736553490161896,0.0,0.8900704383850098,0.9140014052391052,0.9884246587753296,1.311475396156311,1.467668056488037,1.6887062788009644,1.7881735563278198,2.1453351974487305,2.2703559398651123,2.5912444591522217,2.7824316024780273,2.659863233566284,2.988518476486206,2.9578969478607178,3.201709270477295,1.2018342018127441,0.9551646709442139,1.1094861030578613,1.2150202989578247,1.4387009143829346,1.4795597791671753,1.691821575164795,1.9603570699691772,2.1079838275909424,2.337352752685547,2.6316611766815186,2.5625391006469727,2.8416271209716797,2.824155569076538,3.159061908721924,2.8232390880584717,2.6300394535064697,2.319380760192871,2.1215105056762695,2.0114877223968506,1.783427119255066,1.4876290559768677,1.2447869777679443,1.035925269126892,0.9387186765670776,0.5663092136383057,0.6027347445487976,0.5195806622505188,0.8452468514442444,0.9155891537666321,1.8560352325439453,1.498496174812317,1.5466455221176147,1.5497301816940308,1.7594705820083618,1.7983256578445435,1.8187865018844604,2.1682286262512207,2.2502822875976562,2.550104856491089,2.781651496887207,2.647995710372925,2.972935676574707,2.942161798477173,3.2553484439849854
B1,3.184629201889038,2.881117343902588,2.5977723598480225,2.5295779705047607,2.296283483505249,1.9812418222427368,1.743229627609253,1.5629572868347168,1.2338452339172363,1.138139247894287,1.1796396970748901,1.0241563320159912,0.7816803455352783,0.6837399005889893,0.8900704383850098,0.0,0.3917876183986664,0.5823362469673157,0.7886524796485901,1.0075674057006836,1.3313376903533936,1.511908769607544,1.8235853910446167,2.065093517303467,2.338282346725464,2.4830880165100098,2.456761121749878,2.821932315826416,2.8972702026367188,3.137478828430176,1.9873886108398438,1.706632137298584,1.7035491466522217,1.7987613677978516,1.8816828727722168,1.7862263917922974,1.8824423551559448,2.0917723178863525,2.0956757068634033,2.3014562129974365,2.605222463607788,2.4588615894317627,2.642383337020874,2.5292320251464844,2.8430161476135254,2.411325693130493,2.33647084236145,2.017204523086548,1.8999264240264893,1.8740769624710083,1.7883057594299316,1.488389253616333,1.4162414073944092,1.3350239992141724,1.4449094533920288,1.1325846910476685,1.06833815574646,1.194433569908142,1.3586297035217285,1.3445125818252563,2.2763237953186035,1.9772380590438843,1.90586519241333,2.0414676666259766,2.1253297328948975,2.210426092147827,2.0869269371032715,2.459512233734131,2.4608569145202637,2.8223438262939453,2.963102102279663,2.7487754821777344,3.063516616821289,2.988041639328003,3.23104190826416
B2,2.917121410369873,2.6123390197753906,2.322413444519043,2.224748134613037,1.9770909547805786,1.6562949419021606,1.4220443964004517,1.2020260095596313,0.887976884841919,0.7510601282119751,0.8050063252449036,0.7061015367507935,0.5396364331245422,0.6117205023765564,0.9140014052391052,0.3917876183986664,0.0,0.37755709886550903,0.4893195331096649,0.7813513278961182,1.0335679054260254,1.2642805576324463,1.558637022972107,1.8080904483795166,2.0606226921081543,2.2492427825927734,2.2406389713287354,2.6046078205108643,2.687396764755249,2.959073305130005,1.84100341796875,1.5959012508392334,1.532751441001892,1.6984004974365234,1.7296656370162964,1.6825209856033325,1.722989797592163,1.9767661094665527,1.957274317741394,2.2150566577911377,2.4815969467163086,2.298088312149048,2.497410774230957,2.3662688732147217,2.6600048542022705,2.360412359237671,2.2744603157043457,1.9245389699935913,1.8592089414596558,1.760911464691162,1.7063442468643188,1.3677645921707153,1.3531162738800049,1.1996952295303345,1.3831559419631958,1.1101258993148804,0.9163786172866821,1.0404832363128662,1.1085340976715088,1.0971843004226685,1.954254388809204,1.6745619773864746,1.5701744556427002,1.745275616645813,1.8016222715377808,1.925344705581665,1.7942432165145874,2.170337677001953,2.1976780891418457,2.561814308166504,2.6820907592773438,2.4896349906921387,2.8217289447784424,2.7847142219543457,3.023739814758301
B3,2.6055259704589844,2.3067145347595215,2.0167829990386963,1.957213044166565,1.7209233045578003,1.4176921844482422,1.171655297279358,1.0353699922561646,0.7039329409599304,0.7252750396728516,0.8626858592033386,0.6671285629272461,0.6621101498603821,0.6249473094940186,0.9884246587753296,0.5823362469673157,0.37755709886550903,0.0,0.3957168161869049,0.49954867362976074,0.7990924119949341,0.9483990669250488,1.2789535522460938,1.4965190887451172,1.7820016145706177,1.9442225694656372,1.9039934873580933,2.2665605545043945,2.3381705284118652,2.597602128982544,1.7756931781768799,1.489850640296936,1.3646422624588013,1.4860048294067383,1.466146469116211,1.3710029125213623,1.386230707168579,1.6182740926742554,1.5855869054794312,1.8385587930679321,2.1067283153533936,1.9302635192871094,2.133357048034668,2.0216445922851562,2.3312110900878906,2.022401809692383,1.9120702743530273,1.5618488788604736,1.4894055128097534,1.383925437927246,1.3367102146148682,1.0026201009750366,1.0301823616027832,0.925888180732727,1.1679579019546509,0.9742774963378906,0.7960556745529175,1.045806884765625,1.140907645225525,1.244924545288086,2.014361619949341,1.7039004564285278,1.5405352115631104,1.6694856882095337,1.676107406616211,1.7394248247146606,1.5618971586227417,1.9277013540267944,1.90715754032135,2.2774360179901123,2.3961122035980225,2.175893783569336,2.493894100189209,2.4337174892425537,2.673369884490967
B4,2.5275847911834717,2.1988375186920166,1.940673828125,1.8068010807037354,1.6012359857559204,1.2501083612442017,1.0870494842529297,0.8718311786651611,0.6500246524810791,0.5226736068725586,0.7987678050994873,0.7830071449279785,0.847283661365509,0.9525253176689148,1.311475396156311,0.7886524796485901,0.4893195331096649,0.3957168161869049,0.0,0.3717970848083496,0.5804682970046997,0.8605172038078308,1.104648232460022,1.393797755241394,1.6115167140960693,1.7987552881240845,1.8338019847869873,2.2004575729370117,2.3265624046325684,2.6095292568206787,2.0281224250793457,1.7843528985977173,1.6175494194030762,1.7883142232894897,1.7135767936706543,1.6380512714385986,1.5745443105697632,1.8094731569290161,1.7057621479034424,1.9811605215072632,2.2051846981048584,1.968012809753418,2.1346685886383057,1.9599883556365967,2.2264864444732666,2.016573905944824,1.960609793663025,1.5960174798965454,1.6193571090698242,1.492414951324463,1.5372390747070312,1.208810567855835,1.3317064046859741,1.214303731918335,1.5060983896255493,1.3392940759658813,1.0968822240829468,1.303315281867981,1.293237566947937,1.3422431945800781,2.0040993690490723,1.752822995185852,1.550838589668274,1.7538052797317505,1.7077118158340454,1.8295966386795044,1.6180058717727661,1.9745683670043945,1.9598274230957031,2.337416172027588,2.399428606033325,2.181992292404175,2.5046191215515137,2.4696543216705322,2.670135021209717
B5,2.2371397018432617,1.9071307182312012,1.6609841585159302,1.564292550086975,1.3908538818359375,1.056824803352356,0.9130045771598816,0.8223100304603577,0.6431069374084473,0.7070844769477844,1.0134222507476807,0.9257706999778748,1.0713984966278076,1.0958244800567627,1.467668056488037,1.0075674057006836,0.7813513278961182,0.49954867362976074,0.3717970848083496,0.0,0.3850013017654419,0.540937602519989,0.8188702464103699,1.0878288745880127,1.3380149602890015,1.4833319187164307,1.4949336051940918,1.864547848701477,1.9925614595413208,2.2603492736816406,2.0707833766937256,1.798293948173523,1.5813915729522705,1.6998331546783447,1.5680406093597412,1.436971664428711,1.326829195022583,1.5176798105239868,1.3734591007232666,1.6371644735336304,1.8545081615447998,1.6125099658966064,1.767789363861084,1.6000522375106812,1.882159948348999,1.661230444908142,1.5933208465576172,1.226176381111145,1.2708306312561035,1.1413719654083252,1.2329291105270386,0.9365729093551636,1.1396195888519287,1.0984362363815308,1.4316599369049072,1.3491034507751465,1.1441240310668945,1.4284926652908325,1.4448699951171875,1.5743924379348755,2.159269094467163,1.8878788948059082,1.6398581266403198,1.7941159009933472,1.6951041221618652,1.7518510818481445,1.4865062236785889,1.8174365758895874,1.7393816709518433,2.120908737182617,2.169018030166626,1.9133715629577637,2.213618516921997,2.1475822925567627,2.337562084197998
B6,1.9622340202331543,1.6253080368041992,1.3831626176834106,1.2314890623092651,1.0577009916305542,0.6976997256278992,0.6226969957351685,0.5197436809539795,0.5275603532791138,0.6176695227622986,0.9637671709060669,0.9697961211204529,1.2143611907958984,1.318307638168335,1.6887062788009644,1.3313376903533936,1.0335679054260254,0.7990924119949341,0.5804682970046997,0.3850013017654419,0.0,0.3734965920448303,0.5411822199821472,0.8356838226318359,1.034141182899475,1.2488607168197632,1.2997593879699707,1.6579296588897705,1.805267333984375,2.1102583408355713,2.101700782775879,1.8779720067977905,1.6077662706375122,1.7759838104248047,1.5826311111450195,1.5062658786773682,1.317155361175537,1.5339685678482056,1.3503730297088623,1.6610474586486816,1.8075802326202393,1.516492247581482,1.6768999099731445,1.482236385345459,1.7182347774505615,1.7090195417404175,1.6362584829330444,1.2628768682479858,1.3890122175216675,1.175843596458435,1.3212876319885254,1.0351372957229614,1.2972100973129272,1.2057218551635742,1.574939489364624,1.5460147857666016,1.2791028022766113,1.536338210105896,1.4652429819107056,1.6039124727249146,2.00805926322937,1.7799290418624878,1.483351230621338,1.6658076047897339,1.5016127824783325,1.5885465145111084,1.2947803735733032,1.600294589996338,1.5368024110794067,1.913065791130066,1.9146922826766968,1.6815662384033203,1.9938541650772095,1.9779319763183594,2.1480729579925537
B7,1.6972311735153198,1.3738775253295898,1.1238901615142822,1.0610252618789673,0.9120736718177795,0.6339775919914246,0.5513426065444946,0.6822132468223572,0.6891933083534241,0.9245507717132568,1.216559886932373,1.1314295530319214,1.399625301361084,1.4274249076843262,1.7881735563278198,1.511908769607544,1.2642805576324463,0.9483990669250488,0.8605172038078308,0.540937602519989,0.3734965920448303,0.0,0.37862884998321533,0.554140031337738,0.8502594232559204,1.0088379383087158,0.9819921851158142,1.3458786010742188,1.4688925743103027,1.75887131690979,2.0909299850463867,1.8433952331542969,1.5411676168441772,1.6457723379135132,1.403912901878357,1.277515172958374,1.0412359237670898,1.2081215381622314,0.9894628524780273,1.2982962131500244,1.4345005750656128,1.1469306945800781,1.3234782218933105,1.1669225692749023,1.4386498928070068,1.430226445198059,1.3081738948822021,0.9359956383705139,1.0717591047286987,0.8226568102836609,1.0091623067855835,0.7799817323684692,1.1095579862594604,1.0939115285873413,1.4732335805892944,1.526960015296936,1.313560962677002,1.6225287914276123,1.5943994522094727,1.8009244203567505,2.167177200317383,1.9098466634750366,1.5966206789016724,1.7039415836334229,1.5093597173690796,1.506141185760498,1.1722381114959717,1.4383500814437866,1.2988908290863037,1.6742956638336182,1.6783897876739502,1.4012359380722046,1.690243124961853,1.6365073919296265,1.813788890838623
B8,1.4910433292388916,1.1305736303329468,0.9551712274551392,0.8011458516120911,0.7657793760299683,0.48629721999168396,0.6447597146034241,0.78277987241745,0.9440860748291016,1.1151478290557861,1.4357157945632935,1.4282735586166382,1.7132596969604492,1.781248688697815,2.1453351974487305,1.8235853910446167,1.558637022972107,1.2789535522460938,1.104648232460022,0.8188702464103699,0.5411822199821472,0.37862884998321533,0.0,0.37342801690101624,0.5217425227165222,0.7086973190307617,0.8012937903404236,1.1492887735366821,1.3496694564819336,1.6548585891723633,2.3922741413116455,2.1734910011291504,1.8503623008728027,1.9706510305404663,1.694287896156311,1.5837162733078003,1.2967177629470825,1.4247053861618042,1.1414984464645386,1.431253433227539,1.4830516576766968,1.1350353956222534,1.2404943704605103,1.0072405338287354,1.1999855041503906,1.3976671695709229,1.3342077732086182,0.9975675940513611,1.2468582391738892,1.0036612749099731,1.2720636129379272,1.108510136604309,1.4612334966659546,1.4484400749206543,1.8304126262664795,1.898345708847046,1.6664232015609741,1.9543583393096924,1.8799339532852173,2.066481590270996,2.3132667541503906,2.1062369346618652,1.765949010848999,1.9013179540634155,1.65264093875885,1.6710965633392334,1.3149582147598267,1.517508625984192,1.3600809574127197,1.7093629837036133,1.6299116611480713,1.351464033126831,1.6118940114974976,1.5819016695022583,1.689475417137146
B9,1.1562576293945312,0.8210822939872742,0.6110685467720032,0.5802100300788879,0.574888288974762,0.5038714408874512,0.651401937007904,0.9358198642730713,1.1024597883224487,1.3551788330078125,1.6230350732803345,1.5714613199234009,1.8863613605499268,1.9256407022476196,2.2703559398651123,2.065093517303467,1.8080904483795166,1.4965190887451172,1.393797755241394,1.0878288745880127,0.8356838226318359,0.554140031337738,0.37342801690101624,0.0,0.38195595145225525,0.5483093857765198,0.49871471524238586,0.8336926698684692,0.9910839796066284,1.3136917352676392,2.352442979812622,2.1445765495300293,1.7943178415298462,1.8819738626480103,1.560366153717041,1.4539945125579834,1.1188156604766846,1.2080916166305542,0.9070252776145935,1.205909252166748,1.1900283098220825,0.833777666091919,0.9845433831214905,0.8220699429512024,1.0199649333953857,1.355852723121643,1.2176014184951782,0.9223393797874451,1.1706496477127075,0.8672283291816711,1.1444008350372314,1.0564907789230347,1.4224923849105835,1.4332891702651978,1.802648901939392,1.9436826705932617,1.7364658117294312,2.034536600112915,1.967073678970337,2.2030370235443115,2.362741708755493,2.1472692489624023,1.7963454723358154,1.8677637577056885,1.5874511003494263,1.5347334146499634,1.162171721458435,1.290795922279358,1.0729471445083618,1.398730993270874,1.3024736642837524,0.9976409077644348,1.241580605506897,1.2123829126358032,1.3300868272781372
B10,1.0376191139221191,0.6581807732582092,0.6027287244796753,0.38179445266723633,0.5902172923088074,0.5707029104232788,0.8762521147727966,1.0961498022079468,1.347257375717163,1.5359556674957275,1.8216594457626343,1.837708830833435,2.159011125564575,2.2393715381622314,2.5912444591522217,2.338282346725464,2.0606226921081543,1.7820016145706177,1.6115167140960693,1.3380149602890015,1.034141182899475,0.8502594232559204,0.5217425227165222,0.38195595145225525,0.0,0.3783605992794037,0.5592805743217468,0.7921746969223022,1.0433589220046997,1.3680123090744019,2.656615734100342,2.476857900619507,2.1204326152801514,2.2358832359313965,1.9066407680511475,1.8251405954360962,1.480898380279541,1.5595057010650635,1.2449469566345215,1.5090618133544922,1.4272682666778564,1.0510789155960083,1.1063892841339111,0.8713424205780029,0.9227204322814941,1.4898252487182617,1.4229522943496704,1.1768463850021362,1.4838569164276123,1.2141815423965454,1.515360951423645,1.4375419616699219,1.8027665615081787,1.7958333492279053,2.168804168701172,2.298290967941284,2.064828872680664,2.339604616165161,2.2302403450012207,2.437166452407837,2.500279188156128,2.3374295234680176,1.9738062620162964,2.081946849822998,1.7699060440063477,1.7592185735702515,1.3954933881759644,1.4720162153244019,1.2773804664611816,1.5533463954925537,1.3696914911270142,1.1054757833480835,1.3028278350830078,1.3223716020584106,1.3465797901153564
B11,1.0216189622879028,0.6536948680877686,0.7327830195426941,0.6695757508277893,0.9203475713729858,0.9201998710632324,1.1750446557998657,1.4139231443405151,1.6136139631271362,1.8137710094451904,2.1167383193969727,2.0944013595581055,2.394606828689575,2.42942214012146,2.7824316024780273,2.4830880165100098,2.2492427825927734,1.9442225694656372,1.7987552881240845,1.4833319187164307,1.2488607168197632,1.0088379383087158,0.7086973190307617,0.5483093857765198,0.3783605992794037,0.0,0.3793589472770691,0.5779160857200623,0.9089505076408386,1.1636476516723633,2.893172264099121,2.6813135147094727,2.3303630352020264,2.389753580093384,2.0578196048736572,1.9149035215377808,1.5731725692749023,1.5619587898254395,1.2063932418823242,1.3840607404708862,1.2730571031570435,0.8966239094734192,0.831832766532898,0.5425271987915039,0.5507250428199768,1.1967320442199707,1.1690295934677124,0.9991054534912109,1.3537741899490356,1.1525789499282837,1.503239631652832,1.5050283670425415,1.883732557296753,1.9492413997650146,2.3098816871643066,2.456059455871582,2.2682478427886963,2.5745837688446045,2.5076699256896973,2.7279200553894043,2.852311134338379,2.666609287261963,2.307694673538208,2.3903300762176514,2.087575912475586,2.031320333480835,1.6606173515319824,1.7161822319030762,1.4586719274520874,1.7105416059494019,1.5225602388381958,1.2077665328979492,1.3159502744674683,1.2450735569000244,1.2015353441238403
B12,0.8935236930847168,0.5959345102310181,0.5747295618057251,0.7225565910339355,0.8893232941627502,0.9658488035202026,1.121712327003479,1.4315060377120972,1.579875111579895,1.8465481996536255,2.111079454421997,2.028015613555908,2.3333070278167725,2.327208995819092,2.659863233566284,2.456761121749878,2.2406389713287354,1.9039934873580933,1.8338019847869873,1.4949336051940918,1.2997593879699707,0.9819921851158142,0.8012937903404236,0.49871471524238586,0.5592805743217468,0.3793589472770691,0.0,0.3706281781196594,0.5988727807998657,0.8697216510772705,2.6866915225982666,2.466991662979126,2.1140425205230713,2.130462408065796,1.7867945432662964,1.6296377182006836,1.2819501161575317,1.2276077270507812,0.8757926225662231,1.0471282005310059,0.908411979675293,0.5317215919494629,0.5587054491043091,0.4354175329208374,0.6004557609558105,1.1307581663131714,0.9832421541213989,0.8313783407211304,1.1322691440582275,0.8928084969520569,1.2224243879318237,1.2820943593978882,1.6496390104293823,1.7443804740905762,2.081176996231079,2.2734944820404053,2.1220555305480957,2.441926956176758,2.406511068344116,2.6669721603393555,2.8024497032165527,2.582732677459717,2.233107089996338,2.2566065788269043,1.9642510414123535,1.8423452377319336,1.4768513441085815,1.505903959274292,1.1997604370117188,1.4407490491867065,1.2949143648147583,0.938550591468811,1.0325433015823364,0.9080347418785095,0.9290153384208679
B13,0.6432514190673828,0.45967021584510803,0.6212970614433289,0.8395631909370422,1.0739513635635376,1.242814064025879,1.418407678604126,1.7424147129058838,1.9133787155151367,2.1868398189544678,2.436825752258301,2.3569211959838867,2.6735873222351074,2.66621994972229,2.988518476486206,2.821932315826416,2.6046078205108643,2.2665605545043945,2.2004575729370117,1.864547848701477,1.6579296588897705,1.3458786010742188,1.1492887735366821,0.8336926698684692,0.7921746969223022,0.5779160857200623,0.3706281781196594,0.0,0.3741312623023987,0.604427695274353,2.9193615913391113,2.719268321990967,2.359081745147705,2.359182119369507,1.9995007514953613,1.8569531440734863,1.5047582387924194,1.404991865158081,1.0805282592773438,1.181850552558899,0.9306768774986267,0.6312469840049744,0.5702072381973267,0.5648939609527588,0.5420340299606323,1.2897412776947021,1.1442010402679443,1.0991690158843994,1.383130669593811,1.1682732105255127,1.4725996255874634,1.58295738697052,1.9330708980560303,2.0353951454162598,2.3522279262542725,2.5766124725341797,2.4349637031555176,2.7480196952819824,2.704629898071289,2.977355480194092,3.033608913421631,2.8308022022247314,2.47869610786438,2.4770665168762207,2.1657936573028564,2.016584634780884,1.6693328619003296,1.6168112754821777,1.291689395904541,1.4433077573776245,1.2414929866790771,0.910494863986969,0.8707394003868103,0.7395331263542175,0.6291051506996155
