,A1,A2,A3,A4,A5,A6,A7,A8,A9,A10,A11,A12,A13,A14,A15,B1,B2,B3,B4,B5,B6,B7,B8,B9,B10,B11,B12,B13,B14,B15,C1,C2,C3,C4,C5,C6,C7,C8,C9,C10,C11,C12,C13,C14,C15,D1,D2,D3,D4,D5,D6,D7,D8,D9,D10,D11,D12,D13,D14,D15,E1,E2,E3,E4,E5,E6,E7,E8,E9,E10,E11,E12,E13,E14,E15
A1,0.0,0.38656508922576904,0.5800765156745911,0.7944406867027283,0.9729281663894653,1.287645936012268,1.5408530235290527,1.7091110944747925,2.0396652221679688,2.18849515914917,2.4239511489868164,2.5286312103271484,2.858924627304077,3.0870773792266846,3.3718371391296387,1.83664870262146,1.5933984518051147,1.6986582279205322,1.7810325622558594,1.9984086751937866,2.0008227825164795,2.176664113998413,2.460783004760742,2.54742693901062,2.813814640045166,3.090904712677002,2.976712942123413,3.231088399887085,3.2039124965667725,3.5050241947174072,3.302652597427368,3.1177754402160645,2.752394914627075,2.682121753692627,2.3162009716033936,2.159717559814453,1.8608726263046265,1.6551265716552734,1.4859098196029663,1.451461672782898,1.0885124206542969,1.116819977760315,1.1676278114318848,1.402554988861084,1.3949487209320068,3.5701777935028076,3.305844783782959,2.982056140899658,2.9343173503875732,2.6528379917144775,2.384368896484375,2.1099984645843506,1.984070897102356,1.6170810461044312,1.631407380104065,1.5495356321334839,1.2843893766403198,1.001407265663147,0.6941109299659729,0.7179560661315918,1.3593857288360596,1.4293131828308105,1.3330190181732178,1.6956167221069336,1.6222835779190063,1.9634490013122559,1.9835734367370605,2.3423893451690674,2.5144765377044678,2.848118543624878,2.9708683490753174,2.8968679904937744,3.2374494075775146,3.2928953170776367,3.5549614429473877
A2,0.38656508922576904,0.0,0.3720942735671997,0.498159795999527,0.7668723464012146,1.0194127559661865,1.28390371799469,1.4865379333496094,1.7906688451766968,1.959989070892334,2.2264351844787598,2.298415184020996,2.6248202323913574,2.825516939163208,3.1310040950775146,1.7579455375671387,1.5254939794540405,1.5528481006622314,1.6871216297149658,1.8409950733184814,1.8495699167251587,1.9690582752227783,2.275247097015381,2.329610824584961,2.6277523040771484,2.875441074371338,2.729560136795044,2.9804182052612305,2.9323313236236572,3.2166268825531006,3.089249849319458,2.9128522872924805,2.5381529331207275,2.5127463340759277,2.1409497261047363,2.0026683807373047,1.671837329864502,1.5303778648376465,1.330773115158081,1.394424319267273,1.05741286277771,0.9730432033538818,1.0650148391723633,1.2278413772583008,1.23218834400177,3.265486001968384,2.985407829284668,2.6727020740509033,2.5977375507354736,2.3304355144500732,2.041300058364868,1.7889198064804077,1.6444374322891235,1.283815860748291,1.2845087051391602,1.2594523429870605,1.014410138130188,0.7785585522651672,0.5533936619758606,0.7630912065505981,1.0272793769836426,1.0581446886062622,0.9479268193244934,1.3102473020553589,1.2527191638946533,1.5996320247650146,1.6385260820388794,1.9890891313552856,2.1867942810058594,2.504303455352783,2.6420271396636963,2.5933823585510254,2.9397780895233154,3.020665168762207,3.2986130714416504
A3,0.5800765156745911,0.3720942735671997,0.0,0.38109031319618225,0.4719269871711731,0.7902886867523193,0.9902143478393555,1.2170919179916382,1.5151574611663818,1.7187498807907104,1.9501512050628662,2.006463050842285,2.347930908203125,2.549152374267578,2.8391189575195312,1.5919269323349,1.305706262588501,1.2933450937271118,1.3801199197769165,1.523305058479309,1.4975850582122803,1.6299365758895874,1.9211913347244263,1.9859716892242432,2.271540880203247,2.531616449356079,2.4049699306488037,2.6636314392089844,2.6416139602661133,2.9418563842773438,2.7707602977752686,2.5762102603912354,2.206757068634033,2.158587694168091,1.7900453805923462,1.637155294418335,1.3137778043746948,1.1599100828170776,0.9817884564399719,1.0610644817352295,0.7541093826293945,0.6999318599700928,0.9002313613891602,1.1194839477539062,1.232919692993164,2.9936118125915527,2.731588840484619,2.4066951274871826,2.3739631175994873,2.094071626663208,1.8383159637451172,1.560498595237732,1.4827656745910645,1.1184810400009155,1.228723168373108,1.2036434412002563,0.88828045129776,0.7555794715881348,0.4684600532054901,0.7297855615615845,1.2184504270553589,1.1761999130249023,0.9533447027206421,1.2688398361206055,1.1507880687713623,1.4527150392532349,1.4313658475875854,1.797937273979187,1.9461122751235962,2.2907462120056152,2.413013219833374,2.3245744705200195,2.661344528198242,2.7147531509399414,2.982006072998047
A4,0.7944406867027283,0.498159795999527,0.38109031319618225,0.0,0.3668670058250427,0.5275200009346008,0.8301483988761902,1.0038621425628662,1.307558536529541,1.4654452800750732,1.7446750402450562,1.8196468353271484,2.1366090774536133,2.3436262607574463,2.6516623497009277,1.8889551162719727,1.6116572618484497,1.5298182964324951,1.6273505687713623,1.6979821920394897,1.6291831731796265,1.6894246339797974,1.9671971797943115,1.9608774185180664,2.2590599060058594,2.4983971118927,2.324193000793457,2.546948194503784,2.473586082458496,2.75675630569458,2.6284940242767334,2.4794130325317383,2.1007747650146484,2.1130001544952393,1.7375478744506836,1.6609300374984741,1.3320461511611938,1.276328682899475,1.1488380432128906,1.3201814889907837,1.0717931985855103,0.9781478643417358,1.2123515605926514,1.3621997833251953,1.4638757705688477,2.900059461593628,2.60520076751709,2.310889720916748,2.2553439140319824,2.020831823348999,1.7330107688903809,1.5123406648635864,1.4421616792678833,1.1063133478164673,1.2100932598114014,1.3005584478378296,1.0373430252075195,0.9738261103630066,0.7929689884185791,1.09243905544281,0.9734259843826294,0.9833003878593445,0.7175586223602295,1.0456621646881104,1.0382863283157349,1.3217321634292603,1.2752666473388672,1.608088731765747,1.7850748300552368,2.1067817211151123,2.2043776512145996,2.15877628326416,2.5125644207000732,2.6135594844818115,2.8798060417175293
A5,0.9729281663894653,0.7668723464012146,0.4719269871711731,0.3668670058250427,0.0,0.3793989419937134,0.5823577046394348,0.7513213157653809,1.070142149925232,1.2543082237243652,1.4809695482254028,1.5577032566070557,1.8926275968551636,2.11628794670105,2.3993418216705322,1.8367727994918823,1.513566255569458,1.4038208723068237,1.425210952758789,1.4845176935195923,1.3541028499603271,1.4329255819320679,1.6734302043914795,1.673443078994751,1.9440035820007324,2.20845890045166,2.060527801513672,2.285489797592163,2.242257595062256,2.549314022064209,2.340282440185547,2.1751298904418945,1.8026477098464966,1.7801798582077026,1.4047648906707764,1.3259357213974,1.0208991765975952,0.9558428525924683,0.9070027470588684,1.0856831073760986,0.907170295715332,0.8879876732826233,1.200658917427063,1.4029420614242554,1.5844303369522095,2.724146604537964,2.4524314403533936,2.1475586891174316,2.1510772705078125,1.9084458351135254,1.6691457033157349,1.4267873764038086,1.4464104175567627,1.1273287534713745,1.3368861675262451,1.4114594459533691,1.1011430025100708,1.1099997758865356,0.8886195421218872,1.1604305505752563,1.3076444864273071,1.273156762123108,0.9471532702445984,1.1968516111373901,1.1321896314620972,1.343227505683899,1.211236834526062,1.5488864183425903,1.6528469324111938,2.0062811374664307,2.0708744525909424,1.9728338718414307,2.314216136932373,2.3803300857543945,2.6254377365112305
A6,1.287645936012268,1.0194127559661865,0.7902886867523193,0.5275200009346008,0.3793989419937134,0.0,0.36765405535697937,0.4940672814846039,0.7820780873298645,0.9541435241699219,1.2353922128677368,1.2960994243621826,1.6097012758255005,1.8198676109313965,2.126288890838623,2.052140712738037,1.7499438524246216,1.569074273109436,1.613049030303955,1.5849710702896118,1.4281039237976074,1.4111919403076172,1.634636640548706,1.554510474205017,1.8434220552444458,2.069370985031128,1.8693861961364746,2.0600688457489014,1.9677531719207764,2.2549691200256348,2.115084648132324,1.990525722503662,1.6113638877868652,1.6672987937927246,1.2977092266082764,1.3033721446990967,1.001956820487976,1.0760157108306885,1.0614291429519653,1.3297635316848755,1.217031478881836,1.1338170766830444,1.4538651704788208,1.584707498550415,1.7680469751358032,2.4998831748962402,2.2004125118255615,1.927987813949585,1.9137604236602783,1.720397710800171,1.4641532897949219,1.288737177848816,1.3378973007202148,1.0801594257354736,1.3024919033050537,1.4731972217559814,1.2203880548477173,1.305352807044983,1.1721493005752563,1.4846718311309814,1.2316502332687378,1.1886851787567139,0.8240659832954407,0.9945918917655945,1.0125175714492798,1.1540272235870361,0.9728906154632568,1.2631199359893799,1.3799041509628296,1.7104853391647339,1.7515040636062622,1.6913964748382568,2.046137809753418,2.1587648391723633,2.4065439701080322
A7,1.5408530235290527,1.28390371799469,0.9902143478393555,0.8301483988761902,0.5823577046394348,0.36765405535697937,0.0,0.37554147839546204,0.5435097813606262,0.8383125066757202,1.0516620874404907,1.0343241691589355,1.3775737285614014,1.5593504905700684,1.8547892570495605,1.9615957736968994,1.6545164585113525,1.417975902557373,1.4257886409759521,1.3352309465408325,1.1382046937942505,1.0801610946655273,1.2803281545639038,1.1868996620178223,1.480832815170288,1.7034672498703003,1.5132956504821777,1.7217817306518555,1.664652705192566,1.9687083959579468,1.8135110139846802,1.6559752225875854,1.2755765914916992,1.3279763460159302,0.9620030522346497,0.9666551947593689,0.6697786450386047,0.8333258628845215,0.8737844228744507,1.1930750608444214,1.1859493255615234,1.1029404401779175,1.4511967897415161,1.5717650651931763,1.814385175704956,2.182661533355713,1.9059513807296753,1.6200815439224243,1.655578374862671,1.4538389444351196,1.2533410787582397,1.0686061382293701,1.2128856182098389,1.0112709999084473,1.3186157941818237,1.4812287092208862,1.2280728816986084,1.3976194858551025,1.294586420059204,1.597145438194275,1.5176167488098145,1.399951457977295,1.0201743841171265,1.0838360786437988,1.0204113721847534,1.0602715015411377,0.7989773154258728,1.0835061073303223,1.1173195838928223,1.4788161516189575,1.5110915899276733,1.3951842784881592,1.7364698648452759,1.8172752857208252,2.0632100105285645
A8,1.7091110944747925,1.4865379333496094,1.2170919179916382,1.0038621425628662,0.7513213157653809,0.4940672814846039,0.37554147839546204,0.0,0.3692292869091034,0.5161066651344299,0.7462785243988037,0.8379528522491455,1.1511304378509521,1.4038450717926025,1.6810894012451172,2.3121440410614014,1.9875162839889526,1.7649163007736206,1.7276334762573242,1.640880823135376,1.3890188932418823,1.3273274898529053,1.4427802562713623,1.2906759977340698,1.5212732553482056,1.7532192468643188,1.5515004396438599,1.6913799047470093,1.5928313732147217,1.8987295627593994,1.6596829891204834,1.5677505731582642,1.2001476287841797,1.2775754928588867,0.9299753308296204,1.0590629577636719,0.8681214451789856,1.0438323020935059,1.1803021430969238,1.4582483768463135,1.4560192823410034,1.433042049407959,1.7882298231124878,1.934588074684143,2.168241024017334,2.2963271141052246,2.0143868923187256,1.7726001739501953,1.8356094360351562,1.6909759044647217,1.5097110271453857,1.3810986280441284,1.5487005710601807,1.370809555053711,1.6596547365188599,1.8436174392700195,1.5912595987319946,1.731053113937378,1.5890076160430908,1.875575065612793,1.670870065689087,1.6234406232833862,1.2507799863815308,1.3184033632278442,1.3371387720108032,1.3516789674758911,1.057573676109314,1.2566938400268555,1.2544749975204468,1.5837349891662598,1.5288150310516357,1.4233994483947754,1.7584059238433838,1.8593891859054565,2.0595438480377197
A9,2.0396652221679688,1.7906688451766968,1.5151574611663818,1.307558536529541,1.070142149925232,0.7820780873298645,0.5435097813606262,0.3692292869091034,0.0,0.38785335421562195,0.5669585466384888,0.519379734992981,0.8405002355575562,1.050000786781311,1.344705581665039,2.4212310314178467,2.1181509494781494,1.8441047668457031,1.8087249994277954,1.6462653875350952,1.381407618522644,1.231741189956665,1.2977972030639648,1.0675231218338013,1.2984005212783813,1.4785740375518799,1.2380656003952026,1.3484710454940796,1.2275025844573975,1.5297436714172363,1.347499966621399,1.2721554040908813,0.9059836268424988,1.0731492042541504,0.7757303714752197,0.9867031574249268,0.8564199209213257,1.141304850578308,1.2944515943527222,1.6126444339752197,1.6753973960876465,1.6183862686157227,1.9704455137252808,2.0725371837615967,2.326413869857788,1.9718135595321655,1.6899936199188232,1.4783633947372437,1.5675979852676392,1.4718035459518433,1.3373326063156128,1.2730761766433716,1.5041077136993408,1.4121216535568237,1.7240023612976074,1.9385371208190918,1.7260749340057373,1.927433729171753,1.8380755186080933,2.1365888118743896,1.8653061389923096,1.7713263034820557,1.4019980430603027,1.3687891960144043,1.384346842765808,1.295444130897522,0.9518824219703674,1.057303547859192,0.9804642796516418,1.2896850109100342,1.1918694972991943,1.0729182958602905,1.401888370513916,1.520616054534912,1.7164900302886963
A10,2.18849515914917,1.959989070892334,1.7187498807907104,1.4654452800750732,1.2543082237243652,0.9541435241699219,0.8383125066757202,0.5161066651344299,0.38785335421562195,0.0,0.37746885418891907,0.5480353832244873,0.7382059693336487,1.0357133150100708,1.3036497831344604,2.7762808799743652,2.461264133453369,2.2074925899505615,2.159257411956787,2.0185489654541016,1.7374502420425415,1.605183482170105,1.63350248336792,1.3823145627975464,1.5506247282028198,1.7241029739379883,1.4787105321884155,1.5052783489227295,1.3234539031982422,1.5957406759262085,1.3601430654525757,1.3863877058029175,1.070297360420227,1.2585726976394653,1.0131399631500244,1.2866127490997314,1.2050983905792236,1.4546865224838257,1.63438081741333,1.9239087104797363,1.9590697288513184,1.9314004182815552,2.2859368324279785,2.4054982662200928,2.639376163482666,2.215996742248535,1.9267879724502563,1.7690730094909668,1.852116584777832,1.8064253330230713,1.6637073755264282,1.6359094381332397,1.8452540636062622,1.746016263961792,2.026414394378662,2.2601802349090576,2.046679735183716,2.2127912044525146,2.0953333377838135,2.3896329402923584,1.9712367057800293,1.9456658363342285,1.5938831567764282,1.5828003883361816,1.672147274017334,1.599581003189087,1.2715308666229248,1.3245295286178589,1.2656577825546265,1.5111452341079712,1.3421772718429565,1.2763404846191406,1.5823882818222046,1.7345291376113892,1.8806607723236084
A11,2.4239511489868164,2.2264351844787598,1.9501512050628662,1.7446750402450562,1.4809695482254028,1.2353922128677368,1.0516620874404907,0.7462785243988037,0.5669585466384888,0.37746885418891907,0.0,0.3721359968185425,0.5224322080612183,0.8836028575897217,1.0659914016723633,2.890082836151123,2.5632221698760986,2.306126356124878,2.2016842365264893,2.0488836765289307,1.7267414331436157,1.600110411643982,1.5403923988342285,1.2767579555511475,1.3541663885116577,1.538916826248169,1.3376508951187134,1.322120189666748,1.1829110383987427,1.4783146381378174,1.0637816190719604,1.1111571788787842,0.8464721441268921,1.011481761932373,0.8482828140258789,1.1869133710861206,1.2177194356918335,1.4717310667037964,1.719327688217163,1.9800305366516113,2.072537660598755,2.0873520374298096,2.4512884616851807,2.593471050262451,2.858354091644287,2.1715662479400635,1.9308611154556274,1.786787748336792,1.9420709609985352,1.9044471979141235,1.8310647010803223,1.7964377403259277,2.056917905807495,1.975095510482788,2.290570020675659,2.4973435401916504,2.266665458679199,2.4477200508117676,2.3121707439422607,2.5813064575195312,2.329834461212158,2.287734031677246,1.9249167442321777,1.906092882156372,1.9492510557174683,1.8480852842330933,1.4969817399978638,1.5327836275100708,1.3868680000305176,1.6278964281082153,1.4114636182785034,1.2733012437820435,1.5194461345672607,1.6153204441070557,1.7001303434371948
A12,2.5286312103271484,2.298415184020996,2.006463050842285,1.8196468353271484,1.5577032566070557,1.2960994243621826,1.0343241691589355,0.8379528522491455,0.519379734992981,0.5480353832244873,0.3721359968185425,0.0,0.36677029728889465,0.611896276473999,0.8467394113540649,2.7646141052246094,2.4642493724823,2.1692259311676025,2.082106113433838,1.873529314994812,1.5664459466934204,1.375255823135376,1.2990834712982178,0.9889886975288391,1.0915892124176025,1.2221215963363647,0.9844578504562378,0.9759970903396606,0.842147707939148,1.159052848815918,0.8434522747993469,0.8454647064208984,0.5492668151855469,0.8189294934272766,0.6993765830993652,1.0454018115997314,1.0902879238128662,1.4090417623519897,1.634004831314087,1.930234670639038,2.0642459392547607,2.036884307861328,2.390895128250122,2.4922752380371094,2.7724223136901855,1.7998871803283691,1.5671237707138062,1.4290064573287964,1.6076689958572388,1.5885988473892212,1.5605154037475586,1.5565208196640015,1.853223443031311,1.8289403915405273,2.1598005294799805,2.3723933696746826,2.172110080718994,2.4015326499938965,2.3144900798797607,2.5956382751464844,2.3629274368286133,2.2615387439727783,1.899625301361084,1.818373441696167,1.8262767791748047,1.6637388467788696,1.3020951747894287,1.2912707328796387,1.0842324495315552,1.3154699802398682,1.0960451364517212,0.915576159954071,1.1541001796722412,1.248124122619629,1.3556214570999146
A13,2.858924627304077,2.6248202323913574,2.347930908203125,2.1366090774536133,1.8926275968551636,1.6097012758255005,1.3775737285614014,1.1511304378509521,0.8405002355575562,0.7382059693336487,0.5224322080612183,0.36677029728889465,0.0,0.38479042053222656,0.5693280696868896,3.11855149269104,2.82481050491333,2.522122383117676,2.4356637001037598,2.2118353843688965,1.9055975675582886,1.69442617893219,1.5814297199249268,1.2455477714538574,1.2848265171051025,1.3453352451324463,1.0984420776367188,0.9614273905754089,0.7433114647865295,0.9944843053817749,0.6874280571937561,0.8566264510154724,0.7061001062393188,1.0204131603240967,1.0079952478408813,1.371487021446228,1.448717713356018,1.7694008350372314,1.9984620809555054,2.293667793273926,2.430290460586548,2.400542736053467,2.752833604812622,2.8426058292388916,3.117225170135498,1.8330967426300049,1.6120339632034302,1.557026982307434,1.7385181188583374,1.7906837463378906,1.7854008674621582,1.8373394012451172,2.135512113571167,2.143338918685913,2.4590024948120117,2.6947431564331055,2.5133416652679443,2.747070550918579,2.6676504611968994,2.954598903656006,2.6101694107055664,2.5246050357818604,2.1772642135620117,2.0695793628692627,2.115595817565918,1.9248539209365845,1.5706101655960083,1.485206127166748,1.2662783861160278,1.405480146408081,1.1078773736953735,0.9793425798416138,1.1439721584320068,1.2755411863327026,1.312138319015503
A14,3.0870773792266846,2.825516939163208,2.549152374267578,2.3436262607574463,2.11628794670105,1.8198676109313965,1.5593504905700684,1.4038450717926025,1.050000786781311,1.0357133150100708,0.8836028575897217,0.611896276473999,0.38479042053222656,0.0,0.37077614665031433,3.1734325885772705,2.9123122692108154,2.580533504486084,2.518916368484497,2.248427152633667,1.9730154275894165,1.7062804698944092,1.5813961029052734,1.2183887958526611,1.2616084814071655,1.2127656936645508,0.9258876442909241,0.7143387794494629,0.40532582998275757,0.6112194061279297,0.6091006398200989,0.7964133024215698,0.7308908700942993,1.1082535982131958,1.1604877710342407,1.4914524555206299,1.5717768669128418,1.9250115156173706,2.1217358112335205,2.4400084018707275,2.600774049758911,2.532132387161255,2.8672356605529785,2.912910223007202,3.19012188911438,1.5136827230453491,1.3060270547866821,1.3191231489181519,1.5107777118682861,1.6260673999786377,1.6736631393432617,1.7850046157836914,2.099165916442871,2.172750234603882,2.4815332889556885,2.729558229446411,2.5891714096069336,2.859248161315918,2.8263392448425293,3.123796224594116,2.742706060409546,2.6155202388763428,2.2850873470306396,2.1171350479125977,2.150691509246826,1.901552677154541,1.5639362335205078,1.4006011486053467,1.1366868019104004,1.1896060705184937,0.8552404642105103,0.7345103621482849,0.818507969379425,0.991863489151001,1.0198734998703003
A15,3.3718371391296387,3.1310040950775146,2.8391189575195312,2.6516623497009277,2.3993418216705322,2.126288890838623,1.8547892570495605,1.6810894012451172,1.344705581665039,1.3036497831344604,1.0659914016723633,0.8467394113540649,0.5693280696868896,0.37077614665031433,0.0,3.4107515811920166,3.143496036529541,2.8169758319854736,2.717273712158203,2.4465229511260986,2.151578187942505,1.900923490524292,1.7091546058654785,1.3608121871948242,1.2969578504562378,1.2234256267547607,1.0181125402450562,0.7175424695014954,0.5225286483764648,0.6504303812980652,0.37928643822669983,0.7103921175003052,0.8189226984977722,1.1398833990097046,1.2938891649246216,1.6355253458023071,1.7857197523117065,2.1220076084136963,2.355415105819702,2.6458258628845215,2.8356244564056396,2.7974014282226562,3.1362287998199463,3.199551820755005,3.49234676361084,1.6180990934371948,1.488215684890747,1.5338982343673706,1.7738745212554932,1.8954894542694092,1.9884637594223022,2.0889010429382324,2.4215071201324463,2.496189832687378,2.8193323612213135,3.0495188236236572,2.896397590637207,3.1671688556671143,3.1173276901245117,3.3981869220733643,3.0989325046539307,2.9754626750946045,2.6380186080932617,2.4797396659851074,2.496607780456543,2.2463417053222656,1.9059511423110962,1.7498915195465088,1.4599385261535645,1.498331904411316,1.162465214729309,1.0083576440811157,0.9754621982574463,1.057557463645935,0.956571102142334
B1,1.83664870262146,1.7579455375671387,1.5919269323349,1.8889551162719727,1.8367727994918823,2.052140712738037,1.9615957736968994,2.3121440410614014,2.4212310314178467,2.7762808799743652,2.890082836151123,2.7646141052246094,3.11855149269104,3.1734325885772705,3.4107515811920166,0.0,0.3874223828315735,0.5978109240531921,0.8160082697868347,1.0143762826919556,1.341990351676941,1.5351314544677734,1.8351727724075317,2.1074373722076416,2.356078624725342,2.5298194885253906,2.5516040325164795,2.910470485687256,3.054677724838257,3.3266162872314453,3.2490384578704834,2.915776252746582,2.6420674324035645,2.5026347637176514,2.272407293319702,1.9259378910064697,1.70899498462677,1.5050413608551025,1.185451865196228,1.0737920999526978,1.0882198810577393,0.949648916721344,0.6984225511550903,0.6616178750991821,0.874318540096283,2.8660500049591064,2.7661173343658447,2.401449680328369,2.4039177894592285,2.0331504344940186,1.9716060161590576,1.6374316215515137,1.554193139076233,1.3928897380828857,1.481368899345398,1.1430450677871704,1.0354796648025513,1.099104642868042,1.2053630352020264,1.1401073932647705,2.3769400119781494,2.1023647785186768,1.9821131229400635,2.0658774375915527,1.6926696300506592,1.8449300527572632,1.9431464672088623,2.266472816467285,2.314303159713745,2.618130922317505,2.8625643253326416,2.6852614879608154,2.893460273742676,2.7970714569091797,3.0784401893615723
B2,1.5933984518051147,1.5254939794540405,1.305706262588501,1.6116572618484497,1.513566255569458,1.7499438524246216,1.6545164585113525,1.9875162839889526,2.1181509494781494,2.461264133453369,2.5632221698760986,2.4642493724823,2.82481050491333,2.9123122692108154,3.143496036529541,0.3874223828315735,0.0,0.38145869970321655,0.5119122266769409,0.7947407960891724,1.0583820343017578,1.3001766204833984,1.5934468507766724,1.8617143630981445,2.1015775203704834,2.3158957958221436,2.3357341289520264,2.686936140060425,2.825324773788452,3.1195437908172607,2.972592353820801,2.6465961933135986,2.3611948490142822,2.2039806842803955,1.9555630683898926,1.6100153923034668,1.3920892477035522,1.1497118473052979,0.8441749215126038,0.6911320090293884,0.7180405259132385,0.6382013559341431,0.4884231388568878,0.6455976366996765,0.9420154094696045,2.7710721492767334,2.652162790298462,2.278923988342285,2.313291549682617,1.9429682493209839,1.8678562641143799,1.512480616569519,1.4808835983276367,1.2652305364608765,1.4269802570343018,1.1386314630508423,0.9157699346542358,0.9801180362701416,0.9830687046051025,0.9401381611824036,2.22696852684021,1.9826802015304565,1.8072229623794556,1.9218567609786987,1.5636574029922485,1.7248767614364624,1.7626440525054932,2.1082754135131836,2.138066530227661,2.4746711254119873,2.6818981170654297,2.4877982139587402,2.7145063877105713,2.619597911834717,2.8881783485412598
B3,1.6986582279205322,1.5528481006622314,1.2933450937271118,1.5298182964324951,1.4038208723068237,1.569074273109436,1.417975902557373,1.7649163007736206,1.8441047668457031,2.2074925899505615,2.306126356124878,2.1692259311676025,2.522122383117676,2.580533504486084,2.8169758319854736,0.5978109240531921,0.38145869970321655,0.0,0.3855676054954529,0.48674753308296204,0.785469651222229,0.9607723951339722,1.2837681770324707,1.5310108661651611,1.7991732358932495,1.9864459037780762,1.9858894348144531,2.3392691612243652,2.4738411903381348,2.7578482627868652,2.659674644470215,2.335402250289917,2.049880027770996,1.9263498783111572,1.6855106353759766,1.3509235382080078,1.1190277338027954,0.9586392045021057,0.6337001919746399,0.656732976436615,0.7780070900917053,0.5995756983757019,0.613438606262207,0.6616713404655457,1.0180294513702393,2.3938469886779785,2.270798683166504,1.8977631330490112,1.9361183643341064,1.5657907724380493,1.508172631263733,1.1535640954971313,1.1677201986312866,0.9968671202659607,1.224524736404419,1.002264142036438,0.7910398244857788,0.9933839440345764,1.0483877658843994,1.131149411201477,2.1238248348236084,1.847100019454956,1.637115240097046,1.6908633708953857,1.3190556764602661,1.4188441038131714,1.4366616010665894,1.7644964456558228,1.7749497890472412,2.1062636375427246,2.31762433052063,2.122175455093384,2.342846632003784,2.2542569637298584,2.5335428714752197
B4,1.7810325622558594,1.6871216297149658,1.3801199197769165,1.6273505687713623,1.425210952758789,1.613049030303955,1.4257886409759521,1.7276334762573242,1.8087249994277954,2.159257411956787,2.2016842365264893,2.082106113433838,2.4356637001037598,2.518916368484497,2.717273712158203,0.8160082697868347,0.5119122266769409,0.3855676054954529,0.0,0.3806416988372803,0.5770124197006226,0.8725821375846863,1.1144330501556396,1.4095908403396606,1.6133190393447876,1.8458402156829834,1.8995614051818848,2.248657464981079,2.419354200363159,2.7268950939178467,2.5165693759918213,2.1763012409210205,1.9147909879684448,1.7258718013763428,1.5111396312713623,1.1461181640625,0.9948044419288635,0.7612197995185852,0.5582977533340454,0.43829354643821716,0.7193888425827026,0.7254115343093872,0.8303384780883789,1.0027432441711426,1.3519302606582642,2.4309945106506348,2.3361942768096924,1.9621281623840332,2.0701732635498047,1.7105491161346436,1.6970250606536865,1.3460866212844849,1.4446791410446167,1.2708932161331177,1.5489217042922974,1.3611876964569092,1.1027191877365112,1.2668095827102661,1.2153887748718262,1.25704824924469,2.3518452644348145,2.1093482971191406,1.8559495210647583,1.9279077053070068,1.5803498029708862,1.6557202339172363,1.5950196981430054,1.9157181978225708,1.8651255369186401,2.2185256481170654,2.3802998065948486,2.1384568214416504,2.3409621715545654,2.2087109088897705,2.449749231338501
B5,1.9984086751937866,1.8409950733184814,1.523305058479309,1.6979821920394897,1.4845176935195923,1.5849710702896118,1.3352309465408325,1.640880823135376,1.6462653875350952,2.0185489654541016,2.0488836765289307,1.873529314994812,2.2118353843688965,2.248427152633667,2.4465229511260986,1.0143762826919556,0.7947407960891724,0.48674753308296204,0.3806416988372803,0.0,0.37431880831718445,0.55016028881073,0.8209524154663086,1.1090384721755981,1.3418043851852417,1.5285166501998901,1.5718533992767334,1.9298217296600342,2.1096878051757812,2.401142120361328,2.2567968368530273,1.910601019859314,1.6614688634872437,1.5115954875946045,1.3276840448379517,0.9768189191818237,0.8395808935165405,0.7541722059249878,0.5910841822624207,0.6946361064910889,0.9839382767677307,0.8998993039131165,1.0526669025421143,1.1231982707977295,1.483552098274231,2.052960157394409,1.9695591926574707,1.5968021154403687,1.7218616008758545,1.3667281866073608,1.40215265750885,1.0726035833358765,1.2393168210983276,1.1495254039764404,1.4687178134918213,1.3466781377792358,1.1391913890838623,1.39475679397583,1.4053093194961548,1.523511528968811,2.3595807552337646,2.0855534076690674,1.815231442451477,1.8139421939849854,1.4643818140029907,1.4552346467971802,1.3712773323059082,1.6495635509490967,1.5607597827911377,1.8979980945587158,2.065997838973999,1.8152146339416504,1.9956578016281128,1.8563555479049683,2.1089766025543213
B6,2.0008227825164795,1.8495699167251587,1.4975850582122803,1.6291831731796265,1.3541028499603271,1.4281039237976074,1.1382046937942505,1.3890188932418823,1.381407618522644,1.7374502420425415,1.7267414331436157,1.5664459466934204,1.9055975675582886,1.9730154275894165,2.151578187942505,1.341990351676941,1.0583820343017578,0.785469651222229,0.5770124197006226,0.37431880831718445,0.0,0.36723533272743225,0.558157205581665,0.8407073020935059,1.0463916063308716,1.2929195165634155,1.34214186668396,1.6833404302597046,1.865329384803772,2.182230234146118,1.9426907300949097,1.599968433380127,1.3454599380493164,1.1637414693832397,0.9733671545982361,0.6096985936164856,0.534598708152771,0.4813458025455475,0.5208817720413208,0.6736181378364563,0.9987922310829163,0.9936439990997314,1.2430862188339233,1.3765215873718262,1.7353864908218384,1.9860279560089111,1.8913193941116333,1.5289158821105957,1.7061890363693237,1.3860975503921509,1.4252252578735352,1.1212457418441772,1.3581358194351196,1.252852439880371,1.6150106191635132,1.558648943901062,1.3086458444595337,1.5510388612747192,1.4934890270233154,1.636824369430542,2.3726553916931152,2.135453701019287,1.8194104433059692,1.8264983892440796,1.5254504680633545,1.4942176342010498,1.3218371868133545,1.5867050886154175,1.4505267143249512,1.8108361959457397,1.9155656099319458,1.635791540145874,1.8230173587799072,1.6771761178970337,1.9003938436508179
B7,2.176664113998413,1.9690582752227783,1.6299365758895874,1.6894246339797974,1.4329255819320679,1.4111919403076172,1.0801610946655273,1.3273274898529053,1.231741189956665,1.605183482170105,1.600110411643982,1.375255823135376,1.69442617893219,1.7062804698944092,1.900923490524292,1.5351314544677734,1.3001766204833984,0.9607723951339722,0.8725821375846863,0.55016028881073,0.36723533272743225,0.0,0.37999027967453003,0.5728662610054016,0.8670127987861633,1.041899561882019,1.0366861820220947,1.389467477798462,1.5610668659210205,1.8595571517944336,1.7243131399154663,1.3891010284423828,1.1317490339279175,1.0399799346923828,0.8756966590881348,0.5989125967025757,0.5174967646598816,0.69600909948349,0.7226405739784241,0.9904012084007263,1.2657729387283325,1.1786073446273804,1.4345394372940063,1.4900896549224854,1.8384993076324463,1.6305631399154663,1.5244412422180176,1.1620666980743408,1.3510215282440186,1.0476542711257935,1.1266018152236938,0.8708714842796326,1.1754143238067627,1.1570384502410889,1.5335478782653809,1.548311471939087,1.3545684814453125,1.653153657913208,1.652914047241211,1.85269033908844,2.3331220149993896,2.072850465774536,1.7532137632369995,1.6876578330993652,1.4051929712295532,1.2888143062591553,1.0891486406326294,1.296242117881775,1.1209640502929688,1.4655232429504395,1.5771008729934692,1.2956844568252563,1.4749444723129272,1.343798041343689,1.5961581468582153
B8,2.460783004760742,2.275247097015381,1.9211913347244263,1.9671971797943115,1.6734302043914795,1.634636640548706,1.2803281545639038,1.4427802562713623,1.2977972030639648,1.63350248336792,1.5403923988342285,1.2990834712982178,1.5814297199249268,1.5813961029052734,1.7091546058654785,1.8351727724075317,1.5934468507766724,1.2837681770324707,1.1144330501556396,0.8209524154663086,0.558157205581665,0.37999027967453003,0.0,0.36710795760154724,0.5229876637458801,0.7359515428543091,0.8321462273597717,1.171979308128357,1.4114315509796143,1.7189857959747314,1.4778661727905273,1.1111185550689697,0.9267750382423401,0.7669166922569275,0.7328594326972961,0.4996972382068634,0.6589796543121338,0.8533926010131836,1.0096430778503418,1.214247465133667,1.527565598487854,1.503938913345337,1.7699636220932007,1.8535016775131226,2.2066872119903564,1.5577327013015747,1.5107100009918213,1.1881928443908691,1.464974045753479,1.225251317024231,1.3729326725006104,1.1814146041870117,1.518425464630127,1.52218496799469,1.902105689048767,1.9281878471374512,1.72858464717865,2.015075922012329,1.9827815294265747,2.165436029434204,2.649893045425415,2.4084644317626953,2.0725481510162354,1.9995092153549194,1.7485976219177246,1.6009150743484497,1.3565610647201538,1.4996376037597656,1.2474274635314941,1.5621005296707153,1.6025149822235107,1.26856529712677,1.3799495697021484,1.174317717552185,1.3621975183486938
B9,2.54742693901062,2.329610824584961,1.9859716892242432,1.9608774185180664,1.673443078994751,1.554510474205017,1.1868996620178223,1.2906759977340698,1.0675231218338013,1.3823145627975464,1.2767579555511475,0.9889886975288391,1.2455477714538574,1.2183887958526611,1.3608121871948242,2.1074373722076416,1.8617143630981445,1.5310108661651611,1.4095908403396606,1.1090384721755981,0.8407073020935059,0.5728662610054016,0.36710795760154724,0.0,0.38617849349975586,0.5463147163391113,0.5128218531608582,0.8428627848625183,1.050657868385315,1.3674654960632324,1.1633992195129395,0.8230125904083252,0.6041812896728516,0.5814855694770813,0.5723769664764404,0.5498594641685486,0.6987302303314209,1.0090041160583496,1.1842257976531982,1.4521085023880005,1.721089243888855,1.6712088584899902,1.9664409160614014,2.0308001041412354,2.368088722229004,1.3541685342788696,1.2640608549118042,0.9767529964447021,1.2737473249435425,1.1068089008331299,1.2510474920272827,1.1397035121917725,1.5058307647705078,1.5423170328140259,1.921520709991455,2.017960786819458,1.836239218711853,2.1341233253479004,2.1091341972351074,2.3353683948516846,2.5846354961395264,2.357692241668701,2.0113346576690674,1.9018962383270264,1.7099109888076782,1.5142886638641357,1.220768690109253,1.2931630611419678,0.9962774515151978,1.2933151721954346,1.2783342599868774,0.9324313998222351,1.0547133684158325,0.8880079984664917,1.086087942123413
B10,2.813814640045166,2.6277523040771484,2.271540880203247,2.2590599060058594,1.9440035820007324,1.8434220552444458,1.480832815170288,1.5212732553482056,1.2984005212783813,1.5506247282028198,1.3541663885116577,1.0915892124176025,1.2848265171051025,1.2616084814071655,1.2969578504562378,2.356078624725342,2.1015775203704834,1.7991732358932495,1.6133190393447876,1.3418043851852417,1.0463916063308716,0.8670127987861633,0.5229876637458801,0.38617849349975586,0.0,0.37295079231262207,0.5559730529785156,0.7932018637657166,1.0863227844238281,1.3973137140274048,1.0128824710845947,0.6272515058517456,0.5788856148719788,0.40929001569747925,0.6361010074615479,0.671928346157074,0.9587500095367432,1.2074288129806519,1.4473379850387573,1.6507678031921387,1.950844168663025,1.9565702676773071,2.252239227294922,2.348104476928711,2.6953835487365723,1.4684780836105347,1.454063057899475,1.2276263236999512,1.5698180198669434,1.4429785013198853,1.62140953540802,1.5221840143203735,1.8886357545852661,1.9183735847473145,2.3003575801849365,2.379786491394043,2.1815311908721924,2.4639673233032227,2.4078052043914795,2.606618642807007,2.9344985485076904,2.7244760990142822,2.369959592819214,2.274752378463745,2.090304374694824,1.8992310762405396,1.5983129739761353,1.6493078470230103,1.3293547630310059,1.5845212936401367,1.509160041809082,1.1442968845367432,1.1749933958053589,0.9254444241523743,0.9969383478164673
B11,3.090904712677002,2.875441074371338,2.531616449356079,2.4983971118927,2.20845890045166,2.069370985031128,1.7034672498703003,1.7532192468643188,1.4785740375518799,1.7241029739379883,1.538916826248169,1.2221215963363647,1.3453352451324463,1.2127656936645508,1.2234256267547607,2.5298194885253906,2.3158957958221436,1.9864459037780762,1.8458402156829834,1.5285166501998901,1.2929195165634155,1.041899561882019,0.7359515428543091,0.5463147163391113,0.37295079231262207,0.0,0.36496055126190186,0.5789914727210999,0.9327139854431152,1.1812888383865356,0.9794727563858032,0.6260145902633667,0.6967557072639465,0.7059311270713806,0.9431690573692322,1.0052270889282227,1.2338085174560547,1.5152432918548584,1.7058322429656982,1.9381589889526367,2.235830307006836,2.1966054439544678,2.473853349685669,2.5197389125823975,2.8598203659057617,1.147460699081421,1.1937342882156372,1.0283457040786743,1.403235673904419,1.342349886894226,1.5844528675079346,1.5561312437057495,1.9325695037841797,2.0303335189819336,2.396244525909424,2.498918056488037,2.3475985527038574,2.659555196762085,2.647975206375122,2.864159107208252,3.0868005752563477,2.853090763092041,2.515063762664795,2.3665196895599365,2.190479040145874,1.9449588060379028,1.660603404045105,1.6345527172088623,1.281945824623108,1.4569602012634277,1.3775994777679443,1.013746976852417,0.9378201365470886,0.6185912489891052,0.670965313911438
B12,2.976712942123413,2.729560136795044,2.4049699306488037,2.324193000793457,2.060527801513672,1.8693861961364746,1.5132956504821777,1.5515004396438599,1.2380656003952026,1.4787105321884155,1.3376508951187134,0.9844578504562378,1.0984420776367188,0.9258876442909241,1.0181125402450562,2.5516040325164795,2.3357341289520264,1.9858894348144531,1.8995614051818848,1.5718533992767334,1.34214186668396,1.0366861820220947,0.8321462273597717,0.5128218531608582,0.5559730529785156,0.36496055126190186,0.0,0.36418211460113525,0.6330620050430298,0.903518557548523,0.871723473072052,0.5953629612922668,0.5510030388832092,0.7482749819755554,0.8909541368484497,1.0238758325576782,1.1699260473251343,1.5076541900634766,1.671189546585083,1.9596208333969116,2.214400291442871,2.1360702514648438,2.426281213760376,2.448472499847412,2.7699410915374756,0.9929576516151428,0.9358089566230774,0.7829920649528503,1.1372262239456177,1.124372959136963,1.3338979482650757,1.3598883152008057,1.7351378202438354,1.8512232303619385,2.2042293548583984,2.356248617172241,2.2242958545684814,2.5428473949432373,2.549203395843506,2.8012964725494385,2.8368375301361084,2.6092355251312256,2.2763214111328125,2.100956916809082,1.9663350582122803,1.6963168382644653,1.3976079225540161,1.3233177661895752,0.961323082447052,1.119533658027649,1.0162657499313354,0.6510133743286133,0.6204515695571899,0.4045465290546417,0.5883511304855347
B13,3.231088399887085,2.9804182052612305,2.6636314392089844,2.546948194503784,2.285489797592163,2.0600688457489014,1.7217817306518555,1.6913799047470093,1.3484710454940796,1.5052783489227295,1.322120189666748,0.9759970903396606,0.9614273905754089,0.7143387794494629,0.7175424695014954,2.910470485687256,2.686936140060425,2.3392691612243652,2.248657464981079,1.9298217296600342,1.6833404302597046,1.389467477798462,1.171979308128357,0.8428627848625183,0.7932018637657166,0.5789914727210999,0.36418211460113525,0.0,0.3793261647224426,0.6184611916542053,0.6147599816322327,0.4817717671394348,0.5980469584465027,0.8764457106590271,1.0751023292541504,1.2936550378799438,1.4578183889389038,1.8019282817840576,1.9904899597167969,2.280503988265991,2.5236716270446777,2.4542951583862305,2.757434129714966,2.783552408218384,3.0973942279815674,1.038511037826538,0.991277813911438,0.9706844687461853,1.302004337310791,1.37691330909729,1.57267427444458,1.6505388021469116,2.0167479515075684,2.140380859375,2.481914758682251,2.664088726043701,2.5361156463623047,2.8485612869262695,2.845715045928955,3.1089091300964355,3.0259337425231934,2.8222970962524414,2.48960018157959,2.302199602127075,2.2172515392303467,1.933854103088379,1.622713327407837,1.4891465902328491,1.1289476156234741,1.2024316787719727,0.9961719512939453,0.6802362203598022,0.5406436920166016,0.3943222165107727,0.38147881627082825
