,A1,A2,A3,A4,A5,A6,A7,A8,A9,A10,A11,A12,A13,A14,A15,B1,B2,B3,B4,B5,B6,B7,B8,B9,B10,B11,B12,B13,B14,B15,C1,C2,C3,C4,C5,C6,C7,C8,C9,C10,C11,C12,C13,C14,C15,D1,D2,D3,D4,D5,D6,D7,D8,D9,D10,D11,D12,D13,D14,D15,E1,E2,E3,E4,E5,E6,E7,E8,E9,E10,E11,E12,E13,E14,E15
A1,0.0,0.40406474471092224,0.613394558429718,0.876228928565979,1.1702286005020142,1.4316531419754028,1.4928778409957886,1.5917528867721558,1.877488374710083,2.0312232971191406,1.9629690647125244,2.05106258392334,2.316226005554199,2.561962604522705,2.6556904315948486,3.3953609466552734,3.270948886871338,2.9210383892059326,2.7909932136535645,2.894366502761841,2.5964510440826416,2.2688820362091064,2.0937530994415283,1.7419148683547974,1.7169418334960938,1.5413166284561157,1.2983388900756836,0.9924426674842834,0.655290424823761,0.5046857595443726,2.1947598457336426,2.0114128589630127,1.9416868686676025,2.1444215774536133,1.8483784198760986,2.1132912635803223,2.196979522705078,2.5689454078674316,2.6665327548980713,3.0139408111572266,3.1982381343841553,3.051511287689209,3.3800785541534424,3.389075517654419,3.66556715965271,2.1054530143737793,1.7551616430282593,1.823240876197815,1.892738938331604,1.5819776058197021,1.8676211833953857,1.9977961778640747,2.363361358642578,2.581639051437378,2.875211238861084,3.1018335819244385,3.0700199604034424,3.4300341606140137,3.531768798828125,3.8380777835845947,3.705261468887329,3.3960390090942383,3.1372742652893066,2.8273813724517822,2.7092018127441406,2.3404014110565186,2.2088136672973633,1.9871786832809448,1.7441726922988892,1.568445086479187,1.7583893537521362,1.720139741897583,1.6438542604446411,1.5819283723831177,1.8455119132995605
A2,0.40406474471092224,0.0,0.38309338688850403,0.5651641488075256,0.811494767665863,1.1091574430465698,1.2350032329559326,1.38734769821167,1.7018274068832397,1.890030026435852,1.8908138275146484,1.9658257961273193,2.2762444019317627,2.5129482746124268,2.657893657684326,3.3060643672943115,3.139859676361084,2.784001350402832,2.643470048904419,2.6974282264709473,2.4012081623077393,2.0791165828704834,1.9465821981430054,1.5797585248947144,1.614080548286438,1.5099377632141113,1.217626929283142,1.005885362625122,0.626205563545227,0.6718591451644897,2.0094988346099854,1.843427300453186,1.7117630243301392,1.929922103881836,1.6472030878067017,1.9213299751281738,1.9534446001052856,2.333522319793701,2.419631004333496,2.784101724624634,2.933305501937866,2.775033473968506,3.1070713996887207,3.1200671195983887,3.3787403106689453,1.8341612815856934,1.4577478170394897,1.5211974382400513,1.5380700826644897,1.2061976194381714,1.49241042137146,1.6597957611083984,2.0103652477264404,2.2512147426605225,2.5223939418792725,2.766864061355591,2.761146068572998,3.120666027069092,3.244959831237793,3.5620765686035156,3.346200942993164,3.0518300533294678,2.793015241622925,2.4772393703460693,2.39054536819458,2.0119011402130127,1.8753331899642944,1.621374249458313,1.390403151512146,1.179476261138916,1.3768740892410278,1.3789740800857544,1.32735276222229,1.3382395505905151,1.6259229183197021
A3,0.613394558429718,0.38309338688850403,0.0,0.3915092349052429,0.6048780083656311,0.8687577843666077,0.9030115008354187,1.0752800703048706,1.3558523654937744,1.575714111328125,1.5684819221496582,1.6079678535461426,1.9259241819381714,2.1457481384277344,2.2998759746551514,2.928086519241333,2.759564161300659,2.40598201751709,2.2621092796325684,2.3261232376098633,2.032130002975464,1.7048496007919312,1.5719969272613525,1.2073402404785156,1.2672699689865112,1.1610188484191895,0.8469482064247131,0.6919106841087341,0.33394575119018555,0.5590752363204956,1.8557369709014893,1.6288938522338867,1.4759827852249146,1.6393896341323853,1.3233740329742432,1.5689799785614014,1.6076182126998901,1.982945203781128,2.0683412551879883,2.425328254699707,2.5935657024383545,2.4450912475585938,2.779024600982666,2.8036611080169678,3.0811641216278076,1.7744935750961304,1.381026029586792,1.3520448207855225,1.3811153173446655,1.059645652770996,1.3021903038024902,1.4002318382263184,1.7762850522994995,1.9750959873199463,2.2793338298797607,2.5053622722625732,2.462954044342041,2.8207054138183594,2.9216084480285645,3.232269287109375,3.122889995574951,2.8144118785858154,2.5417556762695312,2.2470614910125732,2.133159637451172,1.7690781354904175,1.6085755825042725,1.4109138250350952,1.1530059576034546,1.0415198802947998,1.2691415548324585,1.1995270252227783,1.2230138778686523,1.2009615898132324,1.5343906879425049
A4,0.876228928565979,0.5651641488075256,0.3915092349052429,0.0,0.3928684890270233,0.5642223358154297,0.7291654348373413,0.8637757301330566,1.2080554962158203,1.3964617252349854,1.4693756103515625,1.5559395551681519,1.8987332582473755,2.144307851791382,2.348726272583008,2.898484945297241,2.7132303714752197,2.347604990005493,2.2417044639587402,2.27018141746521,2.0152525901794434,1.677283763885498,1.6341949701309204,1.2815463542938232,1.4468516111373901,1.3694920539855957,1.013004183769226,0.9738136529922485,0.6570049524307251,0.820086658000946,2.0481512546539307,1.830082654953003,1.6059987545013428,1.74479079246521,1.429023265838623,1.628928303718567,1.5778781175613403,1.9447740316390991,1.9671199321746826,2.3423850536346436,2.4717020988464355,2.2766451835632324,2.5907158851623535,2.5775599479675293,2.8293392658233643,1.3878874778747559,0.9904289841651917,0.9801616668701172,1.0281145572662354,0.7446796298027039,1.0541863441467285,1.1592108011245728,1.5110458135604858,1.7535972595214844,2.033521890640259,2.246885061264038,2.245671272277832,2.611128568649292,2.7549915313720703,3.0606279373168945,2.842589855194092,2.526675224304199,2.2832248210906982,1.960942029953003,1.8431320190429688,1.4693539142608643,1.3690762519836426,1.1514557600021362,0.9816150069236755,0.8468356728553772,1.1597702503204346,1.1759452819824219,1.2833530902862549,1.3644404411315918,1.712034821510315
A5,1.1702286005020142,0.811494767665863,0.6048780083656311,0.3928684890270233,0.0,0.39007237553596497,0.5955369472503662,0.8737529516220093,1.1716597080230713,1.4347891807556152,1.561990737915039,1.5790388584136963,1.9475154876708984,2.1421408653259277,2.377389669418335,2.819328784942627,2.5863897800445557,2.2325527667999268,2.0882608890533447,2.0582940578460693,1.7920786142349243,1.486997365951538,1.4719183444976807,1.1285160779953003,1.3270550966262817,1.3540905714035034,1.0192524194717407,1.085396647453308,0.8588753342628479,1.1260175704956055,1.7937431335449219,1.5947610139846802,1.3199297189712524,1.4627689123153687,1.1874380111694336,1.3963825702667236,1.302197813987732,1.6714794635772705,1.7103790044784546,2.0929243564605713,2.1901490688323975,2.0109126567840576,2.3420655727386475,2.366065740585327,2.609311580657959,1.4345450401306152,1.021337628364563,0.9276378750801086,0.8336275815963745,0.4769968092441559,0.7018882036209106,0.8521150946617126,1.2028261423110962,1.4439276456832886,1.7117326259613037,1.9605947732925415,1.9651581048965454,2.3226563930511475,2.46807599067688,2.791482925415039,2.5447444915771484,2.254056453704834,1.9839272499084473,1.677950382232666,1.6135514974594116,1.2357378005981445,1.0687952041625977,0.8181858658790588,0.6034281253814697,0.4770117998123169,0.793954610824585,0.8103553056716919,0.978901743888855,1.118175745010376,1.4689514636993408
A6,1.4316531419754028,1.1091574430465698,0.8687577843666077,0.5642223358154297,0.39007237553596497,0.0,0.3844447135925293,0.5792131423950195,0.8913023471832275,1.1217397451400757,1.313822627067566,1.3591058254241943,1.732131004333496,1.9425157308578491,2.2151317596435547,2.5893354415893555,2.3577520847320557,1.9967275857925415,1.9054244756698608,1.8678141832351685,1.6589515209197998,1.3399502038955688,1.4169654846191406,1.121533989906311,1.4109505414962769,1.4228192567825317,1.079360842704773,1.2295054197311401,1.0559310913085938,1.289365530014038,2.0542030334472656,1.8218834400177002,1.5166820287704468,1.5741171836853027,1.2811675071716309,1.39066743850708,1.2234771251678467,1.5561730861663818,1.5131851434707642,1.8979474306106567,1.98185133934021,1.7560089826583862,2.0590109825134277,2.0403435230255127,2.2785804271698,1.1733289957046509,0.7844619154930115,0.586222767829895,0.5658434629440308,0.3856223225593567,0.610209584236145,0.619149386882782,0.9645518064498901,1.2069056034088135,1.487085223197937,1.6845194101333618,1.6936193704605103,2.060276746749878,2.2272870540618896,2.5308890342712402,2.2904207706451416,1.966941237449646,1.724480390548706,1.4050583839416504,1.2828103303909302,0.909246563911438,0.8196648955345154,0.6505599021911621,0.5905756950378418,0.6234332919120789,0.9892435669898987,1.018131971359253,1.276228904724121,1.4254685640335083,1.7807950973510742
A7,1.4928778409957886,1.2350032329559326,0.9030115008354187,0.7291654348373413,0.5955369472503662,0.3844447135925293,0.0,0.3836762011051178,0.5867274403572083,0.8983785510063171,1.0434948205947876,1.0194275379180908,1.3964935541152954,1.5808253288269043,1.848318338394165,2.2405030727386475,2.019331932067871,1.6571025848388672,1.5543711185455322,1.558161973953247,1.3392655849456787,0.9968871474266052,1.0604887008666992,0.7819448113441467,1.103367567062378,1.1045554876327515,0.7842050194740295,1.0213770866394043,0.9699961543083191,1.2360700368881226,1.9641469717025757,1.6733167171478271,1.390304446220398,1.3716166019439697,1.0390633344650269,1.0902352333068848,0.958545446395874,1.2868077754974365,1.2588298320770264,1.6298679113388062,1.7717924118041992,1.577305555343628,1.891958236694336,1.9012603759765625,2.1852493286132812,1.446992039680481,1.0940831899642944,0.8270850777626038,0.8631119728088379,0.7346396446228027,0.8111458420753479,0.6617102026939392,1.0410162210464478,1.1668275594711304,1.5133339166641235,1.6740856170654297,1.5981941223144531,1.9595073461532593,2.0682036876678467,2.3616607189178467,2.3402414321899414,2.000690460205078,1.7329277992248535,1.4685015678405762,1.2920771837234497,0.9738240838050842,0.8229820132255554,0.8118013739585876,0.671004056930542,0.8620387315750122,1.1655875444412231,1.0702853202819824,1.344541311264038,1.4060989618301392,1.7701420783996582
A8,1.5917528867721558,1.38734769821167,1.0752800703048706,0.8637757301330566,0.8737529516220093,0.5792131423950195,0.3836762011051178,0.0,0.38354119658470154,0.5614815950393677,0.7376575469970703,0.8236691355705261,1.1825793981552124,1.433498501777649,1.7100951671600342,2.1302719116210938,1.9570878744125366,1.5835784673690796,1.5712636709213257,1.6240460872650146,1.4754376411437988,1.1181024312973022,1.227494478225708,1.0083543062210083,1.3339495658874512,1.2493599653244019,0.9365711212158203,1.148637294769287,1.098259449005127,1.2713027000427246,2.330732822418213,2.022028923034668,1.7556984424591064,1.7046027183532715,1.3584156036376953,1.3461650609970093,1.2119978666305542,1.4832910299301147,1.3798868656158447,1.723611831665039,1.8775079250335693,1.6418466567993164,1.90516996383667,1.8456473350524902,2.1292884349823,1.3046963214874268,1.0187410116195679,0.7481942176818848,0.9494778513908386,0.9453873634338379,1.0820497274398804,0.8822835683822632,1.2003328800201416,1.3155078887939453,1.6544933319091797,1.7411201000213623,1.6646438837051392,2.0240797996520996,2.1430251598358154,2.3974709510803223,2.4100289344787598,2.0363729000091553,1.8205312490463257,1.548737645149231,1.2903691530227661,1.0160380601882935,0.998294472694397,1.0495061874389648,1.012321949005127,1.1760116815567017,1.5124207735061646,1.4489496946334839,1.719317078590393,1.7754513025283813,2.1421892642974854
A9,1.877488374710083,1.7018274068832397,1.3558523654937744,1.2080554962158203,1.1716597080230713,0.8913023471832275,0.5867274403572083,0.38354119658470154,0.0,0.3875748813152313,0.5548881888389587,0.5144368410110474,0.8789979219436646,1.0866976976394653,1.3932312726974487,1.747925043106079,1.5767590999603271,1.2028119564056396,1.2160112857818604,1.3006550073623657,1.196377158164978,0.8484386801719666,1.012752890586853,0.9034596681594849,1.2526283264160156,1.1823770999908447,0.9567484855651855,1.2481238842010498,1.3119208812713623,1.5015100240707397,2.3719191551208496,2.0319511890411377,1.7786632776260376,1.6451690196990967,1.3111066818237305,1.1967788934707642,1.0661762952804565,1.2647621631622314,1.1301554441452026,1.4326564073562622,1.6257480382919312,1.4109803438186646,1.6585241556167603,1.6149235963821411,1.9330660104751587,1.5917848348617554,1.3505851030349731,1.0353798866271973,1.2053239345550537,1.235945463180542,1.2723546028137207,0.981857419013977,1.2584447860717773,1.260320782661438,1.6256237030029297,1.657597541809082,1.5071619749069214,1.8437203168869019,1.91129732131958,2.1405420303344727,2.3552186489105225,1.9753236770629883,1.7538899183273315,1.5487257242202759,1.2516840696334839,1.0714019536972046,1.0322586297988892,1.2064391374588013,1.1679807901382446,1.4212197065353394,1.7150965929031372,1.593903660774231,1.8875888586044312,1.9050766229629517,2.260557174682617
A10,2.0312232971191406,1.890030026435852,1.575714111328125,1.3964617252349854,1.4347891807556152,1.1217397451400757,0.8983785510063171,0.5614815950393677,0.3875748813152313,0.0,0.36492791771888733,0.5469129085540771,0.803655743598938,1.0917603969573975,1.3915640115737915,1.7529983520507812,1.647080421447754,1.2857928276062012,1.4070637226104736,1.5256426334381104,1.4948972463607788,1.1730865240097046,1.3513795137405396,1.2693926095962524,1.5953991413116455,1.4685674905776978,1.2483601570129395,1.4864522218704224,1.5239752531051636,1.6353391408920288,2.7528529167175293,2.4105939865112305,2.163231611251831,2.0304903984069824,1.6938681602478027,1.5680806636810303,1.4358088970184326,1.5935958623886108,1.4059430360794067,1.6661508083343506,1.84755277633667,1.5981916189193726,1.7768923044204712,1.6539547443389893,1.9513604640960693,1.5248756408691406,1.3688020706176758,1.0895932912826538,1.356736183166504,1.4580575227737427,1.545686960220337,1.260103464126587,1.4850006103515625,1.5010271072387695,1.8326321840286255,1.8036316633224487,1.674496054649353,1.9950122833251953,2.0810320377349854,2.2644500732421875,2.4721546173095703,2.0720129013061523,1.912111759185791,1.700540542602539,1.3537107706069946,1.2230833768844604,1.2927556037902832,1.4692482948303223,1.491498589515686,1.7075037956237793,2.031635046005249,1.9468092918395996,2.237236261367798,2.2658324241638184,2.6266157627105713
A11,1.9629690647125244,1.8908138275146484,1.5684819221496582,1.4693756103515625,1.561990737915039,1.313822627067566,1.0434948205947876,0.7376575469970703,0.5548881888389587,0.36492791771888733,0.0,0.36668848991394043,0.5460360050201416,0.8961002230644226,1.1320043802261353,1.6755627393722534,1.6354527473449707,1.2861065864562988,1.404606580734253,1.6069635152816772,1.553035855293274,1.2283427715301514,1.320396900177002,1.2516838312149048,1.5138719081878662,1.3156903982162476,1.1449602842330933,1.3476828336715698,1.4427409172058105,1.5135053396224976,2.7722697257995605,2.4074556827545166,2.2084898948669434,2.068784236907959,1.714165449142456,1.5915398597717285,1.5426455736160278,1.7030972242355347,1.5684090852737427,1.7981845140457153,2.0340418815612793,1.831616997718811,2.0181849002838135,1.9244872331619263,2.242330312728882,1.8008226156234741,1.6227871179580688,1.378376841545105,1.6454367637634277,1.6828995943069458,1.7891875505447388,1.5230329036712646,1.7891175746917725,1.7889784574508667,2.142245054244995,2.124638080596924,1.9608420133590698,2.2703042030334473,2.3106164932250977,2.485067129135132,2.807067394256592,2.4110517501831055,2.233273983001709,2.036137580871582,1.6981120109558105,1.5571328401565552,1.5756417512893677,1.7336697578430176,1.6886096000671387,1.89566969871521,2.2087278366088867,2.0830631256103516,2.3387303352355957,2.311232566833496,2.6683733463287354
A12,2.05106258392334,1.9658257961273193,1.6079678535461426,1.5559395551681519,1.5790388584136963,1.3591058254241943,1.0194275379180908,0.8236691355705261,0.5144368410110474,0.5469129085540771,0.36668848991394043,0.0,0.37826550006866455,0.6211845278739929,0.8953899145126343,1.412217140197754,1.3417835235595703,0.9888074398040771,1.0608024597167969,1.291397213935852,1.2256125211715698,0.9195569157600403,1.0014363527297974,1.0057979822158813,1.2626540660858154,1.105406641960144,1.0094796419143677,1.2826433181762695,1.4587420225143433,1.596370816230774,2.556403160095215,2.1779959201812744,1.9942065477371216,1.8086658716201782,1.473565936088562,1.3013336658477783,1.2842059135437012,1.40937340259552,1.3066672086715698,1.5082404613494873,1.7807939052581787,1.6298569440841675,1.8382625579833984,1.8077120780944824,2.1536176204681396,2.026158571243286,1.8095601797103882,1.5215966701507568,1.7173736095428467,1.7234382629394531,1.7590845823287964,1.4663608074188232,1.734703540802002,1.671055793762207,2.0440027713775635,2.03373122215271,1.8179587125778198,2.1101577281951904,2.0994880199432373,2.279458522796631,2.7348928451538086,2.3553695678710938,2.1412627696990967,1.989923119544983,1.6729533672332764,1.554247498512268,1.5008058547973633,1.699404001235962,1.6142040491104126,1.8746782541275024,2.1442551612854004,1.967626929283142,2.228475332260132,2.16911244392395,2.510542869567871
A13,2.316226005554199,2.2762444019317627,1.9259241819381714,1.8987332582473755,1.9475154876708984,1.732131004333496,1.3964935541152954,1.1825793981552124,0.8789979219436646,0.803655743598938,0.5460360050201416,0.37826550006866455,0.0,0.37929773330688477,0.5991736054420471,1.2111318111419678,1.24932062625885,0.9541329145431519,1.109492301940918,1.4105666875839233,1.406534194946289,1.1642277240753174,1.2254743576049805,1.299120545387268,1.4986212253570557,1.3097879886627197,1.2892346382141113,1.5282342433929443,1.740242838859558,1.8345727920532227,2.8367388248443604,2.445915699005127,2.294992446899414,2.0819389820098877,1.7635682821273804,1.5595017671585083,1.5773372650146484,1.6429266929626465,1.534285068511963,1.659117341041565,1.9551361799240112,1.8306819200515747,1.9895621538162231,1.946762204170227,2.2931745052337646,2.319995641708374,2.137127161026001,1.8595843315124512,2.077587127685547,2.098332405090332,2.133551836013794,1.8303439617156982,2.076841354370117,1.982208251953125,2.346228837966919,2.296079635620117,2.0546326637268066,2.3115997314453125,2.2634117603302,2.3957653045654297,2.984130620956421,2.60394024848938,2.4116742610931396,2.291177749633789,1.956316351890564,1.88274085521698,1.8482924699783325,2.0682902336120605,1.9878716468811035,2.2522287368774414,2.5171236991882324,2.327572822570801,2.5796899795532227,2.494396924972534,2.825430393218994
A14,2.561962604522705,2.5129482746124268,2.1457481384277344,2.144307851791382,2.1421408653259277,1.9425157308578491,1.5808253288269043,1.433498501777649,1.0866976976394653,1.0917603969573975,0.8961002230644226,0.6211845278739929,0.37929773330688477,0.0,0.3684198558330536,0.8819705843925476,0.9382346272468567,0.6990458965301514,0.8497980237007141,1.2010570764541626,1.2350667715072632,1.0811494588851929,1.1369776725769043,1.3144398927688599,1.480642557144165,1.3492337465286255,1.4132335186004639,1.6875885725021362,1.9507412910461426,2.0853638648986816,2.8002524375915527,2.4047696590423584,2.2761313915252686,2.0131866931915283,1.7410497665405273,1.4805259704589844,1.5275410413742065,1.5161058902740479,1.4311895370483398,1.4758832454681396,1.8020111322402954,1.742173433303833,1.8878892660140991,1.8991787433624268,2.257631778717041,2.6097826957702637,2.414553165435791,2.1088201999664307,2.2794601917266846,2.2921335697174072,2.2688961029052734,1.9471962451934814,2.1700363159179688,2.0132155418395996,2.3737738132476807,2.311056613922119,2.0233659744262695,2.2387373447418213,2.129404306411743,2.239823341369629,2.991093158721924,2.633070468902588,2.4259305000305176,2.3612470626831055,2.046715259552002,2.0143980979919434,1.9393614530563354,2.196265935897827,2.1004910469055176,2.4033002853393555,2.627610445022583,2.4026098251342773,2.6572649478912354,2.5476832389831543,2.8540422916412354
A15,2.6556904315948486,2.657893657684326,2.2998759746551514,2.348726272583008,2.377389669418335,2.2151317596435547,1.848318338394165,1.7100951671600342,1.3932312726974487,1.3915640115737915,1.1320043802261353,0.8953899145126343,0.5991736054420471,0.3684198558330536,0.0,0.9731651544570923,1.1317830085754395,0.9835296273231506,1.09225332736969,1.4721863269805908,1.4824365377426147,1.3540745973587036,1.3233879804611206,1.5042353868484497,1.586853265762329,1.4122356176376343,1.5412156581878662,1.7644230127334595,2.063514471054077,2.1650617122650146,2.9219582080841064,2.5197556018829346,2.442136287689209,2.1819491386413574,1.9167786836624146,1.6757854223251343,1.787566065788269,1.77867591381073,1.742425560951233,1.7604902982711792,2.104485511779785,2.0791568756103516,2.2234981060028076,2.249056577682495,2.6064698696136475,2.9076056480407715,2.702883720397949,2.41587495803833,2.594187021255493,2.5762617588043213,2.569272756576538,2.2662086486816406,2.5103578567504883,2.3574845790863037,2.723541021347046,2.6709401607513428,2.375603199005127,2.5807909965515137,2.4465250968933105,2.5453760623931885,3.351099967956543,2.9975390434265137,2.7838351726531982,2.7206499576568604,2.4111921787261963,2.3646857738494873,2.2729647159576416,2.509911060333252,2.3808133602142334,2.668691873550415,2.8832366466522217,2.637122392654419,2.8596878051757812,2.709146738052368,3.0005714893341064
B1,3.3953609466552734,3.3060643672943115,2.928086519241333,2.898484945297241,2.819328784942627,2.5893354415893555,2.2405030727386475,2.1302719116210938,1.747925043106079,1.7529983520507812,1.6755627393722534,1.412217140197754,1.2111318111419678,0.8819705843925476,0.9731651544570923,0.0,0.4067257046699524,0.6278660893440247,0.8829658031463623,1.1449260711669922,1.3902451992034912,1.462196707725525,1.6121742725372314,1.9100985527038574,2.0742549896240234,2.0600051879882812,2.169320583343506,2.4862232208251953,2.7610881328582764,2.9364278316497803,3.2300639152526855,2.8580825328826904,2.7283952236175537,2.390253782272339,2.230734348297119,1.8837231397628784,1.8827723264694214,1.6840530633926392,1.5523886680603027,1.3730324506759644,1.6576025485992432,1.697550892829895,1.7002884149551392,1.7566380500793457,2.0761654376983643,3.1899375915527344,3.0398471355438232,2.695152521133423,2.8137781620025635,2.885474920272827,2.767512559890747,2.4057202339172363,2.5139665603637695,2.246648073196411,2.535745620727539,2.3826704025268555,2.040201187133789,2.114272117614746,1.8973329067230225,1.8762781620025635,2.96366024017334,2.662461042404175,2.4992778301239014,2.565721035003662,2.281022310256958,2.3869516849517822,2.3237550258636475,2.6612939834594727,2.619745969772339,2.9771933555603027,3.1515517234802246,2.918285846710205,3.2046186923980713,3.109464168548584,3.3750829696655273
B2,3.270948886871338,3.139859676361084,2.759564161300659,2.7132303714752197,2.5863897800445557,2.3577520847320557,2.019331932067871,1.9570878744125366,1.5767590999603271,1.647080421447754,1.6354527473449707,1.3417835235595703,1.24932062625885,0.9382346272468567,1.1317830085754395,0.4067257046699524,0.0,0.3741413354873657,0.5743389129638672,0.7587355375289917,1.0480451583862305,1.171244502067566,1.373824119567871,1.6852469444274902,1.8804651498794556,1.930095911026001,2.0193839073181152,2.366919755935669,2.625601291656494,2.8420825004577637,2.948641300201416,2.593463659286499,2.4370570182800293,2.0909953117370605,1.960972547531128,1.598799467086792,1.5575321912765503,1.3212878704071045,1.1776357889175415,0.9701078534126282,1.2534953355789185,1.3161662817001343,1.3416558504104614,1.4523078203201294,1.7847144603729248,3.004009485244751,2.8382022380828857,2.4784557819366455,2.5504586696624756,2.6226537227630615,2.4648921489715576,2.1026246547698975,2.1849474906921387,1.8929609060287476,2.1715800762176514,2.0298311710357666,1.6746526956558228,1.7425041198730469,1.5129506587982178,1.5234837532043457,2.61055850982666,2.324700355529785,2.140150547027588,2.2283313274383545,1.9747885465621948,2.0921413898468018,2.0041916370391846,2.3536264896392822,2.3208718299865723,2.6928064823150635,2.8429038524627686,2.6131486892700195,2.912203311920166,2.839282274246216,3.0961947441101074
B3,2.9210383892059326,2.784001350402832,2.40598201751709,2.347604990005493,2.2325527667999268,1.9967275857925415,1.6571025848388672,1.5835784673690796,1.2028119564056396,1.2857928276062012,1.2861065864562988,0.9888074398040771,0.9541329145431519,0.6990458965301514,0.9835296273231506,0.6278660893440247,0.3741413354873657,0.0,0.3915143609046936,0.6319066882133484,0.8567131757736206,0.8779715895652771,1.1094675064086914,1.3812241554260254,1.6162350177764893,1.6461162567138672,1.69349205493927,2.044034242630005,2.2814230918884277,2.4957544803619385,2.7427291870117188,2.379448175430298,2.1995058059692383,1.8798108100891113,1.701012134552002,1.357444167137146,1.2959693670272827,1.1282857656478882,0.9618896245956421,0.8773680925369263,1.1824840307235718,1.1691303253173828,1.2657454013824463,1.343098759651184,1.7027709484100342,2.655334234237671,2.477987766265869,2.1220786571502686,2.208010673522949,2.274629831314087,2.141972303390503,1.780078411102295,1.895437240600586,1.638780117034912,1.9513347148895264,1.838213324546814,1.5023889541625977,1.6451375484466553,1.481000304222107,1.5619187355041504,2.4725375175476074,2.1538383960723877,1.9519325494766235,1.9848123788833618,1.7096121311187744,1.784213900566101,1.6991522312164307,2.035048723220825,1.9993587732315063,2.3613016605377197,2.5360565185546875,2.3185479640960693,2.6222851276397705,2.56235408782959,2.8428218364715576
B4,2.7909932136535645,2.643470048904419,2.2621092796325684,2.2417044639587402,2.0882608890533447,1.9054244756698608,1.5543711185455322,1.5712636709213257,1.2160112857818604,1.4070637226104736,1.404606580734253,1.0608024597167969,1.109492301940918,0.8497980237007141,1.09225332736969,0.8829658031463623,0.5743389129638672,0.3915143609046936,0.0,0.3881653845310211,0.5119258165359497,0.6222481727600098,0.8099096417427063,1.1323151588439941,1.3317283391952515,1.4293766021728516,1.5171587467193604,1.8794668912887573,2.13869309425354,2.392277240753174,2.3873846530914307,2.028904914855957,1.8667399883270264,1.5276999473571777,1.3866856098175049,1.0252684354782104,1.0104811191558838,0.8170148134231567,0.7639923095703125,0.6820667386054993,1.0427500009536743,1.1105355024337769,1.2969481945037842,1.4660295248031616,1.8289790153503418,2.7114500999450684,2.4839510917663574,2.126330614089966,2.1550910472869873,2.165443181991577,1.9987598657608032,1.6624951362609863,1.8019458055496216,1.5338741540908813,1.8613793849945068,1.8139762878417969,1.4666539430618286,1.618995189666748,1.4273626804351807,1.5718992948532104,2.460235118865967,2.16800594329834,1.9106700420379639,1.9488636255264282,1.729270339012146,1.7608070373535156,1.5939178466796875,1.9082958698272705,1.8185380697250366,2.189345359802246,2.3180220127105713,2.0655405521392822,2.3506627082824707,2.2664220333099365,2.5230886936187744
B5,2.894366502761841,2.6974282264709473,2.3261232376098633,2.27018141746521,2.0582940578460693,1.8678141832351685,1.558161973953247,1.6240460872650146,1.3006550073623657,1.5256426334381104,1.6069635152816772,1.291397213935852,1.4105666875839233,1.2010570764541626,1.4721863269805908,1.1449260711669922,0.7587355375289917,0.6319066882133484,0.3881653845310211,0.0,0.38209861516952515,0.6270244717597961,0.9075263142585754,1.2020843029022217,1.439220666885376,1.6111884117126465,1.6570249795913696,2.0340254306793213,2.2536630630493164,2.5394537448883057,2.307081937789917,1.9858849048614502,1.780665636062622,1.4376492500305176,1.359924554824829,0.9958472847938538,0.8755221962928772,0.5800123810768127,0.4696504771709442,0.2943728566169739,0.6594223976135254,0.7763753533363342,0.9894454479217529,1.2281992435455322,1.5746216773986816,2.6576907634735107,2.435950994491577,2.06803822517395,2.037489175796509,2.069507598876953,1.844107985496521,1.508141040802002,1.5798704624176025,1.2656561136245728,1.5566071271896362,1.5091803073883057,1.1487512588500977,1.2727562189102173,1.0656684637069702,1.2471582889556885,2.127166986465454,1.865871787071228,1.5956270694732666,1.6814744472503662,1.5141416788101196,1.5857274532318115,1.4026823043823242,1.7401682138442993,1.687627911567688,2.074434280395508,2.1690924167633057,1.936082124710083,2.2440907955169678,2.2045798301696777,2.444293737411499
B6,2.5964510440826416,2.4012081623077393,2.032130002975464,2.0152525901794434,1.7920786142349243,1.6589515209197998,1.3392655849456787,1.4754376411437988,1.196377158164978,1.4948972463607788,1.553035855293274,1.2256125211715698,1.406534194946289,1.2350667715072632,1.4824365377426147,1.3902451992034912,1.0480451583862305,0.8567131757736206,0.5119258165359497,0.38209861516952515,0.0,0.3694913685321808,0.5741835832595825,0.8696677684783936,1.08379328250885,1.2993425130844116,1.3578253984451294,1.7302882671356201,1.9575116634368896,2.2644755840301514,1.9408435821533203,1.6094716787338257,1.4125169515609741,1.0689780712127686,0.9839152693748474,0.6161339282989502,0.5552371740341187,0.32030656933784485,0.45640379190444946,0.5235407948493958,0.8453665971755981,0.9496014714241028,1.2507420778274536,1.4882867336273193,1.8317313194274902,2.5802550315856934,2.3093597888946533,1.9563579559326172,1.8985899686813354,1.8618253469467163,1.6406879425048828,1.3444304466247559,1.4862581491470337,1.2192426919937134,1.5486277341842651,1.5918793678283691,1.2681061029434204,1.452364206314087,1.2917094230651855,1.5362162590026855,2.2383174896240234,1.9782841205596924,1.6625711917877197,1.6927392482757568,1.5562697649002075,1.537522315979004,1.2827595472335815,1.5649707317352295,1.4393926858901978,1.8175740242004395,1.8895972967147827,1.6228668689727783,1.907382845878601,1.840529203414917,2.0777034759521484
B7,2.2688820362091064,2.0791165828704834,1.7048496007919312,1.677283763885498,1.486997365951538,1.3399502038955688,0.9968871474266052,1.1181024312973022,0.8484386801719666,1.1730865240097046,1.2283427715301514,0.9195569157600403,1.1642277240753174,1.0811494588851929,1.3540745973587036,1.462196707725525,1.171244502067566,0.8779715895652771,0.6222481727600098,0.6270244717597961,0.3694913685321808,0.0,0.3882256746292114,0.591792643070221,0.8928622007369995,1.048661470413208,1.0427418947219849,1.4219353199005127,1.6286979913711548,1.9240154027938843,1.9162417650222778,1.563584327697754,1.3429787158966064,1.0598400831222534,0.8487213850021362,0.5338855981826782,0.45359864830970764,0.4998280107975006,0.544988214969635,0.7829773426055908,1.0672792196273804,1.0472397804260254,1.3661811351776123,1.5245176553726196,1.8766119480133057,2.2797069549560547,1.997072696685791,1.652829647064209,1.6337186098098755,1.5852688550949097,1.4214401245117188,1.1205252408981323,1.3354710340499878,1.143581509590149,1.5177702903747559,1.581902027130127,1.3025418519973755,1.560941457748413,1.4807624816894531,1.738410472869873,2.272670269012451,1.9698212146759033,1.660227656364441,1.6077005863189697,1.4275144338607788,1.341039776802063,1.1002862453460693,1.3546688556671143,1.2142945528030396,1.5780147314071655,1.7077434062957764,1.4569019079208374,1.7481027841567993,1.6906661987304688,1.9749754667282104
B8,2.0937530994415283,1.9465821981430054,1.5719969272613525,1.6341949701309204,1.4719183444976807,1.4169654846191406,1.0604887008666992,1.227494478225708,1.012752890586853,1.3513795137405396,1.320396900177002,1.0014363527297974,1.2254743576049805,1.1369776725769043,1.3233879804611206,1.6121742725372314,1.373824119567871,1.1094675064086914,0.8099096417427063,0.9075263142585754,0.5741835832595825,0.3882256746292114,0.0,0.3690617084503174,0.5384618639945984,0.7260392904281616,0.820706307888031,1.179306983947754,1.446704387664795,1.7487094402313232,1.6847282648086548,1.3019641637802124,1.1540014743804932,0.8765307068824768,0.6304905414581299,0.35504987835884094,0.5633103847503662,0.7017141580581665,0.8916849493980408,1.0863677263259888,1.386574387550354,1.414139747619629,1.7399457693099976,1.9119070768356323,2.2635931968688965,2.4624924659729004,2.140625,1.829166054725647,1.8082369565963745,1.678453803062439,1.549707055091858,1.3170113563537598,1.591121792793274,1.4459996223449707,1.820116639137268,1.9294347763061523,1.6646299362182617,1.9196027517318726,1.8217816352844238,2.083200693130493,2.613471031188965,2.322723865509033,1.996797800064087,1.9237924814224243,1.7657828330993652,1.6245707273483276,1.348397970199585,1.5231420993804932,1.292263388633728,1.6145172119140625,1.7148302793502808,1.4133999347686768,1.6388986110687256,1.5023701190948486,1.7729605436325073
B9,1.7419148683547974,1.5797585248947144,1.2073402404785156,1.2815463542938232,1.1285160779953003,1.121533989906311,0.7819448113441467,1.0083543062210083,0.9034596681594849,1.2693926095962524,1.2516838312149048,1.0057979822158813,1.299120545387268,1.3144398927688599,1.5042353868484497,1.9100985527038574,1.6852469444274902,1.3812241554260254,1.1323151588439941,1.2020843029022217,0.8696677684783936,0.591792643070221,0.3690617084503174,0.0,0.3896808922290802,0.5549343824386597,0.5184019804000854,0.878996729850769,1.1028770208358765,1.425235629081726,1.5521900653839111,1.1768908500671387,0.9971789121627808,0.8340681791305542,0.4745018780231476,0.4424227774143219,0.6007922291755676,0.8979362845420837,1.0642204284667969,1.3429585695266724,1.5948805809020996,1.5623748302459717,1.9085994958877563,2.04413104057312,2.3812921047210693,2.2254385948181152,1.8748552799224854,1.5961549282073975,1.5713303089141846,1.3896857500076294,1.3123654127120972,1.137863278388977,1.4710222482681274,1.414703607559204,1.7922848463058472,1.9487886428833008,1.7421966791152954,2.0402820110321045,2.005676746368408,2.2939631938934326,2.6352813243865967,2.335273265838623,2.007568120956421,1.8694324493408203,1.7234050035476685,1.5073963403701782,1.225222110748291,1.316336750984192,1.0405364036560059,1.317031741142273,1.442039132118225,1.1522811651229858,1.3623570203781128,1.236956238746643,1.5471527576446533
B10,1.7169418334960938,1.614080548286438,1.2672699689865112,1.4468516111373901,1.3270550966262817,1.4109505414962769,1.103367567062378,1.3339495658874512,1.2526283264160156,1.5953991413116455,1.5138719081878662,1.2626540660858154,1.4986212253570557,1.480642557144165,1.586853265762329,2.0742549896240234,1.8804651498794556,1.6162350177764893,1.3317283391952515,1.439220666885376,1.08379328250885,0.8928622007369995,0.5384618639945984,0.3896808922290802,0.0,0.3774804174900055,0.5563901662826538,0.8068339824676514,1.1063815355300903,1.4201793670654297,1.3671183586120605,0.9685893654823303,0.9168052673339844,0.7818429470062256,0.4800587296485901,0.5685024857521057,0.8746802806854248,1.129410743713379,1.3688403367996216,1.5957826375961304,1.8669666051864624,1.887836217880249,2.2351858615875244,2.3984882831573486,2.7395100593566895,2.5453507900238037,2.1762914657592773,1.9291930198669434,1.8952281475067139,1.661492943763733,1.5988826751708984,1.4806219339370728,1.8171144723892212,1.7628823518753052,2.127908706665039,2.3036770820617676,2.0886142253875732,2.367035150527954,2.299034595489502,2.584473133087158,2.9764041900634766,2.6947834491729736,2.354886293411255,2.2285070419311523,2.104222059249878,1.880750298500061,1.5803141593933105,1.6295652389526367,1.3070741891860962,1.5298322439193726,1.5980604887008667,1.2693592309951782,1.38318932056427,1.1563806533813477,1.420188546180725
B11,1.5413166284561157,1.5099377632141113,1.1610188484191895,1.3694920539855957,1.3540905714035034,1.4228192567825317,1.1045554876327515,1.2493599653244019,1.1823770999908447,1.4685674905776978,1.3156903982162476,1.105406641960144,1.3097879886627197,1.3492337465286255,1.4122356176376343,2.0600051879882812,1.930095911026001,1.6461162567138672,1.4293766021728516,1.6111884117126465,1.2993425130844116,1.048661470413208,0.7260392904281616,0.5549343824386597,0.3774804174900055,0.0,0.3668209910392761,0.5557742714881897,0.9214789271354675,1.1721677780151367,1.6680608987808228,1.2799317836761475,1.2473299503326416,1.1546218395233154,0.8257961869239807,0.8866204619407654,1.142983078956604,1.3983235359191895,1.5749146938323975,1.8054291009902954,2.0974042415618896,2.0788259506225586,2.405827760696411,2.521510362625122,2.8709664344787598,2.493468999862671,2.1359171867370605,1.9135956764221191,1.9521299600601196,1.7277336120605469,1.743595838546753,1.6176456212997437,1.9800060987472534,1.9565492868423462,2.3364975452423096,2.486598491668701,2.277426242828369,2.573779582977295,2.519913673400879,2.78625750541687,3.1801083087921143,2.8672895431518555,2.550360679626465,2.392655372619629,2.219722032546997,1.9827500581741333,1.733960747718811,1.77517831325531,1.472489356994629,1.6582685708999634,1.7908214330673218,1.499785304069519,1.6017504930496216,1.380476713180542,1.6657136678695679
B12,1.2983388900756836,1.217626929283142,0.8469482064247131,1.013004183769226,1.0192524194717407,1.079360842704773,0.7842050194740295,0.9365711212158203,0.9567484855651855,1.2483601570129395,1.1449602842330933,1.0094796419143677,1.2892346382141113,1.4132335186004639,1.5412156581878662,2.169320583343506,2.0193839073181152,1.69349205493927,1.5171587467193604,1.6570249795913696,1.3578253984451294,1.0427418947219849,0.820706307888031,0.5184019804000854,0.5563901662826538,0.3668209910392761,0.0,0.37966880202293396,0.6453940868377686,0.9302390813827515,1.7230669260025024,1.3623491525650024,1.246583342552185,1.2122122049331665,0.837551474571228,0.9443181753158569,1.0959643125534058,1.4099668264389038,1.5324079990386963,1.8224374055862427,2.076785087585449,1.998549222946167,2.3289780616760254,2.4059853553771973,2.7396302223205566,2.1399996280670166,1.7772157192230225,1.572605013847351,1.624933123588562,1.3979928493499756,1.4620232582092285,1.3572945594787598,1.7384839057922363,1.7724114656448364,2.1473333835601807,2.308549642562866,2.1430141925811768,2.4683310985565186,2.4688868522644043,2.748811721801758,2.9984898567199707,2.673513650894165,2.3705852031707764,2.169219493865967,1.9929920434951782,1.7202210426330566,1.4988441467285156,1.500754714012146,1.2138652801513672,1.3679797649383545,1.5533380508422852,1.311558485031128,1.4413607120513916,1.2902188301086426,1.622616171836853
B13,0.9924426674842834,1.005885362625122,0.6919106841087341,0.9738136529922485,1.085396647453308,1.2295054197311401,1.0213770866394043,1.148637294769287,1.2481238842010498,1.4864522218704224,1.3476828336715698,1.2826433181762695,1.5282342433929443,1.6875885725021362,1.7644230127334595,2.4862232208251953,2.366919755935669,2.044034242630005,1.8794668912887573,2.0340254306793213,1.7302882671356201,1.4219353199005127,1.179306983947754,0.878996729850769,0.8068339824676514,0.5557742714881897,0.37966880202293396,0.0,0.3921847939491272,0.6255621314048767,1.7895084619522095,1.462100863456726,1.4049218893051147,1.4506970643997192,1.1025176048278809,1.2785749435424805,1.4484918117523193,1.7750176191329956,1.9077157974243164,2.2009270191192627,2.451747179031372,2.3679275512695312,2.699023485183716,2.7625956535339355,3.0898876190185547,2.232239246368408,1.8619468212127686,1.7261528968811035,1.7951200008392334,1.5266001224517822,1.6585012674331665,1.6205538511276245,2.0125010013580322,2.092114210128784,2.454617977142334,2.634392261505127,2.493349075317383,2.826866388320923,2.840749502182007,3.124626636505127,3.313093900680542,2.9886393547058105,2.691227674484253,2.462702989578247,2.2950100898742676,1.9923481941223145,1.7874072790145874,1.7254045009613037,1.4255248308181763,1.4867883920669556,1.6680108308792114,1.453876256942749,1.5009928941726685,1.3225865364074707,1.6364567279815674
