,A1,A2,A3,A4,A5,A6,A7,A8,A9,A10,A11,A12,A13,A14,A15,B1,B2,B3,B4,B5,B6,B7,B8,B9,B10,B11,B12,B13,B14,B15,C1,C2,C3,C4,C5,C6,C7,C8,C9,C10,C11,C12,C13,C14,C15,D1,D2,D3,D4,D5,D6,D7,D8,D9,D10,D11,D12,D13,D14,D15,E1,E2,E3,E4,E5,E6,E7,E8,E9,E10,E11,E12,E13,E14,E15
A1,0.0,0.3971359431743622,0.5983084440231323,0.832183837890625,1.10410475730896,1.3343955278396606,1.4832990169525146,1.6547995805740356,1.9993007183074951,2.1519620418548584,2.213222026824951,2.375216245651245,2.6994616985321045,2.9839775562286377,3.2053749561309814,3.811464309692383,3.5891454219818115,3.2512993812561035,3.046825647354126,2.9317128658294678,2.750713348388672,2.4317009449005127,2.4253010749816895,2.062091588973999,2.2032828330993652,2.0811290740966797,1.7176246643066406,1.6306779384613037,1.2737016677856445,1.2434139251708984,3.0667970180511475,2.849668025970459,2.5619335174560547,2.6161203384399414,2.381291151046753,2.5350592136383057,2.3528897762298584,2.6698076725006104,2.587571144104004,2.966031789779663,2.9212589263916016,2.654496192932129,2.9110236167907715,2.8348042964935303,2.9506044387817383,2.222318649291992,1.934726357460022,2.0038256645202637,1.6360255479812622,1.8116356134414673,1.5264253616333008,1.7654926776885986,1.7769557237625122,1.827751636505127,1.85685396194458,2.242485523223877,2.2601773738861084,2.460843086242676,2.549067735671997,2.891118288040161,3.1749815940856934,2.9324731826782227,2.8191912174224854,2.4867451190948486,2.3508565425872803,2.0215673446655273,2.0736806392669678,1.902191162109375,1.8369288444519043,1.748986005783081,2.123029947280884,2.1938793659210205,2.33779239654541,2.428344964981079,2.793531894683838
A2,0.3971359431743622,0.0,0.38608378171920776,0.5745786428451538,0.7484515309333801,1.031651496887207,1.2229366302490234,1.4471995830535889,1.7813068628311157,1.972797155380249,2.083636999130249,2.2053823471069336,2.5509324073791504,2.8018267154693604,3.055006980895996,3.5516326427459717,3.309277296066284,2.9774255752563477,2.785038948059082,2.6366026401519775,2.4831318855285645,2.1806893348693848,2.2249093055725098,1.8789312839508057,2.0788397789001465,1.999712586402893,1.6202757358551025,1.6222552061080933,1.2932697534561157,1.3620800971984863,2.941500186920166,2.7222888469696045,2.405130624771118,2.416736364364624,2.2037525177001953,2.311718702316284,2.086350202560425,2.374937057495117,2.2662405967712402,2.634946823120117,2.5649213790893555,2.291771173477173,2.537088632583618,2.464459180831909,2.569746971130371,1.8757927417755127,1.5690499544143677,1.620668649673462,1.2527093887329102,1.4207911491394043,1.1527482271194458,1.4149558544158936,1.4611817598342896,1.5571062564849854,1.6232134103775024,1.9972069263458252,2.027966260910034,2.2680106163024902,2.3954579830169678,2.7319343090057373,2.9387645721435547,2.7128448486328125,2.5582284927368164,2.2068004608154297,2.1077237129211426,1.7587965726852417,1.764072060585022,1.5655128955841064,1.4707996845245361,1.3670434951782227,1.734164834022522,1.8037673234939575,1.9418277740478516,2.0430991649627686,2.4081249237060547
A3,0.5983084440231323,0.38608378171920776,0.0,0.3886254131793976,0.6088481545448303,0.8498125076293945,0.9345160722732544,1.1797730922698975,1.48552668094635,1.704045295715332,1.7753100395202637,1.873548984527588,2.223615884780884,2.4712588787078857,2.710266590118408,3.247361183166504,3.009873151779175,2.682732343673706,2.4660418033599854,2.339608669281006,2.156689405441284,1.8460097312927246,1.8596900701522827,1.5050201416015625,1.6937071084976196,1.6185095310211182,1.2391494512557983,1.2559019327163696,0.9442002773284912,1.0731617212295532,2.5999417304992676,2.3614120483398438,2.05617094039917,2.0645945072174072,1.8327704668045044,1.955836296081543,1.7580854892730713,2.071993589401245,1.9956202507019043,2.3766300678253174,2.3487560749053955,2.0949487686157227,2.3771657943725586,2.334986448287964,2.4921677112579346,2.0169670581817627,1.6996140480041504,1.6661300659179688,1.2879033088684082,1.3620530366897583,1.0374910831451416,1.2110487222671509,1.2553482055664062,1.2728791236877441,1.3729333877563477,1.7439155578613281,1.7228107452392578,1.9635330438613892,2.057837963104248,2.4066216945648193,2.8052191734313965,2.5422685146331787,2.385976791381836,2.0206003189086914,1.8726052045822144,1.549999475479126,1.549060583114624,1.425095796585083,1.3205405473709106,1.3207095861434937,1.6950078010559082,1.704604983329773,1.894326090812683,1.9714937210083008,2.341763496398926
A4,0.832183837890625,0.5745786428451538,0.3886254131793976,0.0,0.3946540057659149,0.5093584060668945,0.6794084310531616,0.8733561635017395,1.214101791381836,1.401176929473877,1.5332070589065552,1.6547572612762451,1.9979312419891357,2.2468862533569336,2.5127179622650146,3.0123250484466553,2.7922606468200684,2.445533514022827,2.272522211074829,2.157585382461548,2.021044969558716,1.6933462619781494,1.7612860202789307,1.446180820465088,1.6914960145950317,1.5850642919540405,1.2108948230743408,1.308118462562561,1.0865191221237183,1.2008870840072632,2.7312352657318115,2.4565389156341553,2.157238721847534,2.097731828689575,1.8402714729309082,1.9001057147979736,1.6818580627441406,1.966583490371704,1.830703854560852,2.208237886428833,2.1942548751831055,1.9019014835357666,2.1547374725341797,2.0644516944885254,2.2260634899139404,2.012565851211548,1.6552889347076416,1.6209070682525635,1.271767020225525,1.2834266424179077,1.0166584253311157,1.1605573892593384,1.3224725723266602,1.342020869255066,1.5369009971618652,1.8736774921417236,1.8110454082489014,2.0982589721679688,2.1833953857421875,2.537588596343994,2.4252445697784424,2.172746419906616,2.022092342376709,1.6695688962936401,1.5408302545547485,1.2031484842300415,1.2433264255523682,1.101276159286499,1.0772589445114136,1.0731221437454224,1.4641727209091187,1.5237277746200562,1.7616419792175293,1.9052746295928955,2.271378993988037
A5,1.10410475730896,0.7484515309333801,0.6088481545448303,0.3946540057659149,0.0,0.38018521666526794,0.6138299107551575,0.9124912023544312,1.187125325202942,1.4388542175292969,1.6247612237930298,1.669569730758667,2.0317838191986084,2.221385955810547,2.5195116996765137,2.8589670658111572,2.604130506515503,2.274984359741211,2.1113455295562744,1.9385215044021606,1.8379504680633545,1.550910472869873,1.6878395080566406,1.408348560333252,1.712258219718933,1.6839617490768433,1.32235848903656,1.5014508962631226,1.3127031326293945,1.5058060884475708,2.6623737812042236,2.406107187271118,2.075392484664917,1.9757667779922485,1.7699319124221802,1.77216374874115,1.4931994676589966,1.7298169136047363,1.5629048347473145,1.9238636493682861,1.8634958267211914,1.5673733949661255,1.8112808465957642,1.740026831626892,1.8861205577850342,1.695064902305603,1.3345143795013428,1.2574275732040405,0.9269284009933472,0.8957262635231018,0.662068784236908,0.8277326226234436,1.0449395179748535,1.136660099029541,1.363408088684082,1.6668124198913574,1.6361773014068604,1.9570465087890625,2.09729266166687,2.4285874366760254,2.3518364429473877,2.128671169281006,1.9132373332977295,1.5309910774230957,1.4669394493103027,1.1113935708999634,1.0394264459609985,0.8497056365013123,0.7335453629493713,0.7207885384559631,1.1002662181854248,1.1387298107147217,1.367648720741272,1.51607084274292,1.8803819417953491
A6,1.3343955278396606,1.031651496887207,0.8498125076293945,0.5093584060668945,0.38018521666526794,0.0,0.37817373871803284,0.5751879811286926,0.8645259141921997,1.0810596942901611,1.307507038116455,1.3735015392303467,1.7190431356430054,1.916505217552185,2.2259223461151123,2.5830163955688477,2.3600759506225586,2.00850510597229,1.8800503015518188,1.7507002353668213,1.6795521974563599,1.3658623695373535,1.52797269821167,1.2947628498077393,1.6204653978347778,1.5483404397964478,1.2174243927001953,1.4462480545043945,1.3458613157272339,1.516771674156189,2.707015037536621,2.410449743270874,2.110614776611328,1.9612970352172852,1.7147409915924072,1.674245834350586,1.4162911176681519,1.637453556060791,1.4331564903259277,1.793463945388794,1.7894657850265503,1.4685207605361938,1.6968367099761963,1.5822993516921997,1.7693578004837036,1.9579967260360718,1.5835130214691162,1.4879776239395142,1.2102199792861938,1.088073968887329,0.9169588685035706,0.9591121077537537,1.2497804164886475,1.270431637763977,1.5662219524383545,1.8309680223464966,1.7293291091918945,2.0663177967071533,2.160219669342041,2.4989001750946045,1.9971034526824951,1.757120132446289,1.5585910081863403,1.185889720916748,1.1027737855911255,0.7439438104629517,0.7452569007873535,0.6027108430862427,0.6478633880615234,0.7249341607093811,1.0922759771347046,1.1565423011779785,1.4607058763504028,1.6552491188049316,2.000178813934326
A7,1.4832990169525146,1.2229366302490234,0.9345160722732544,0.6794084310531616,0.6138299107551575,0.37817373871803284,0.0,0.39011552929878235,0.5914812684059143,0.8878291845321655,1.0417215824127197,1.0560239553451538,1.4210952520370483,1.6151632070541382,1.9067893028259277,2.335919141769409,2.1172046661376953,1.7707417011260986,1.5959528684616089,1.5028479099273682,1.378942608833313,1.0402554273605347,1.1618202924728394,0.9240694642066956,1.2516634464263916,1.1893229484558105,0.8792349696159363,1.1601698398590088,1.136509656906128,1.3540602922439575,2.387824535369873,2.0713651180267334,1.7943395376205444,1.6353538036346436,1.361815333366394,1.3318448066711426,1.116602897644043,1.37909996509552,1.2311694622039795,1.6116799116134644,1.6743892431259155,1.3976513147354126,1.6809484958648682,1.6261910200119019,1.8766143321990967,2.1934916973114014,1.8390144109725952,1.6813665628433228,1.4037063121795654,1.2219750881195068,1.0017714500427246,0.9127632975578308,1.1743524074554443,1.0865005254745483,1.4135451316833496,1.6510525941848755,1.484135627746582,1.8115495443344116,1.85964035987854,2.2041831016540527,2.0292351245880127,1.7373112440109253,1.5451463460922241,1.162513017654419,0.9796087741851807,0.6993259191513062,0.6817228198051453,0.7406831979751587,0.7466170787811279,0.9754988551139832,1.2911638021469116,1.2553778886795044,1.588685393333435,1.726032018661499,2.0622355937957764
A8,1.6547995805740356,1.4471995830535889,1.1797730922698975,0.8733561635017395,0.9124912023544312,0.5751879811286926,0.39011552929878235,0.0,0.3829316794872284,0.5379266142845154,0.7339368462562561,0.8493083119392395,1.170877456665039,1.415225625038147,1.7033947706222534,2.228756904602051,2.069660186767578,1.6969974040985107,1.5733377933502197,1.5619664192199707,1.469068169593811,1.109226942062378,1.2173243761062622,1.0433498620986938,1.3346985578536987,1.1788877248764038,0.9317391514778137,1.2012821435928345,1.2556103467941284,1.3944646120071411,2.5922515392303467,2.243184804916382,2.0148990154266357,1.8355906009674072,1.519567608833313,1.4716598987579346,1.3189607858657837,1.5576189756393433,1.389305830001831,1.7446650266647339,1.862878441810608,1.574804663658142,1.8181049823760986,1.708422064781189,1.974610447883606,2.505551815032959,2.136589527130127,2.0028417110443115,1.7429568767547607,1.5576876401901245,1.3742386102676392,1.280410885810852,1.5568742752075195,1.442461609840393,1.776297926902771,1.9976345300674438,1.7905019521713257,2.1054468154907227,2.101029634475708,2.4481041431427,1.758622169494629,1.4365969896316528,1.3115968704223633,0.9837830066680908,0.7298021912574768,0.5057789087295532,0.6952873468399048,0.8217335343360901,0.9853219985961914,1.1937295198440552,1.4923632144927979,1.5086700916290283,1.8660937547683716,2.043220281600952,2.3627665042877197
A9,1.9993007183074951,1.7813068628311157,1.48552668094635,1.214101791381836,1.187125325202942,0.8645259141921997,0.5914812684059143,0.3829316794872284,0.0,0.3867199122905731,0.5645153522491455,0.5280355215072632,0.8655300736427307,1.0564781427383423,1.3657827377319336,1.854628562927246,1.7035934925079346,1.3323572874069214,1.206201195716858,1.2391124963760376,1.1566834449768066,0.8044447898864746,0.9409534335136414,0.8784840106964111,1.1831848621368408,1.070441484451294,0.9290682077407837,1.2651712894439697,1.412569522857666,1.59166419506073,2.4348204135894775,2.0718979835510254,1.874795913696289,1.6429067850112915,1.3329691886901855,1.2216285467147827,1.1088382005691528,1.3086235523223877,1.1543654203414917,1.484095811843872,1.6669694185256958,1.4185184240341187,1.6694974899291992,1.5984019041061401,1.9127694368362427,2.673248052597046,2.320565938949585,2.1360344886779785,1.9138896465301514,1.6654415130615234,1.5103838443756104,1.323735237121582,1.60344660282135,1.440221905708313,1.803033471107483,1.9575408697128296,1.7024222612380981,2.0139546394348145,1.981412410736084,2.3062427043914795,1.6687626838684082,1.322413682937622,1.175084114074707,0.8565053939819336,0.5310449600219727,0.5000343322753906,0.620262861251831,0.9073768258094788,1.0552191734313965,1.346901535987854,1.5725306272506714,1.527077078819275,1.902948260307312,2.056413173675537,2.343881130218506
A10,2.1519620418548584,1.972797155380249,1.704045295715332,1.401176929473877,1.4388542175292969,1.0810596942901611,0.8878291845321655,0.5379266142845154,0.3867199122905731,0.0,0.3892355263233185,0.5544843077659607,0.7482939958572388,1.0083816051483154,1.2953280210494995,1.8865036964416504,1.8117026090621948,1.4300165176391602,1.3800840377807617,1.4861416816711426,1.4435960054397583,1.113829493522644,1.2166163921356201,1.1907068490982056,1.4329899549484253,1.2384638786315918,1.1474531888961792,1.4269815683364868,1.6016892194747925,1.7032476663589478,2.7367489337921143,2.35813045501709,2.198359966278076,1.970780611038208,1.6414045095443726,1.5369731187820435,1.4686176776885986,1.6435840129852295,1.4751687049865723,1.7659395933151245,1.9692479372024536,1.7100120782852173,1.9099047183990479,1.7810519933700562,2.0839385986328125,2.9534573554992676,2.5868985652923584,2.4349422454833984,2.215846300125122,1.984933853149414,1.8450543880462646,1.689622402191162,1.978798508644104,1.820642113685608,2.1764042377471924,2.3397738933563232,2.0765066146850586,2.375594139099121,2.313066244125366,2.638622522354126,1.4459538459777832,1.0687038898468018,1.0314151048660278,0.8292190432548523,0.45871496200561523,0.5690301656723022,0.8523083329200745,1.1033660173416138,1.3416240215301514,1.5823692083358765,1.80718195438385,1.8194849491119385,2.1990039348602295,2.3885059356689453,2.669027328491211
A11,2.213222026824951,2.083636999130249,1.7753100395202637,1.5332070589065552,1.6247612237930298,1.307507038116455,1.0417215824127197,0.7339368462562561,0.5645153522491455,0.3892355263233185,0.0,0.38488805294036865,0.5268484354019165,0.8815636038780212,1.081313967704773,1.9143965244293213,1.8681471347808838,1.5127732753753662,1.4015659093856812,1.5721193552017212,1.4537107944488525,1.1199252605438232,1.0956120491027832,1.073104977607727,1.2186213731765747,0.9644213914871216,0.9652420878410339,1.2062326669692993,1.456065058708191,1.537757158279419,2.554891586303711,2.162881374359131,2.0546324253082275,1.8595187664031982,1.4991772174835205,1.454506278038025,1.4788514375686646,1.6977438926696777,1.6139236688613892,1.908381700515747,2.151773691177368,1.938477635383606,2.1780920028686523,2.097710609436035,2.419269323348999,3.2073278427124023,2.847327947616577,2.680511713027954,2.4343321323394775,2.2103216648101807,2.020817995071411,1.8420084714889526,2.0759479999542236,1.8566819429397583,2.186450719833374,2.3442511558532715,2.046184539794922,2.3014485836029053,2.1782033443450928,2.504796266555786,1.7575055360794067,1.3625777959823608,1.3701322078704834,1.1939243078231812,0.8086588382720947,0.9313439130783081,1.1590256690979004,1.4311076402664185,1.6124517917633057,1.8789355754852295,2.121426582336426,2.091357469558716,2.467305898666382,2.614168643951416,2.9005751609802246
A12,2.375216245651245,2.2053823471069336,1.873548984527588,1.6547572612762451,1.669569730758667,1.3735015392303467,1.0560239553451538,0.8493083119392395,0.5280355215072632,0.5544843077659607,0.38488805294036865,0.0,0.37892916798591614,0.6106422543525696,0.8615251779556274,1.6033692359924316,1.527106761932373,1.1880484819412231,1.0329291820526123,1.2228044271469116,1.091336965560913,0.7847573757171631,0.7703043818473816,0.8541356921195984,1.025425910949707,0.881105363368988,0.9446285963058472,1.2580678462982178,1.5324535369873047,1.6931159496307373,2.2933452129364014,1.9036259651184082,1.8024133443832397,1.563184380531311,1.229790449142456,1.1272317171096802,1.1805953979492188,1.3671337366104126,1.318256139755249,1.588932752609253,1.8660293817520142,1.7002276182174683,1.9574964046478271,1.9346437454223633,2.282360553741455,3.153383731842041,2.813743829727173,2.601963520050049,2.3829987049102783,2.116945505142212,1.9444916248321533,1.7041945457458496,1.9278595447540283,1.6844137907028198,2.0271596908569336,2.128347396850586,1.8081408739089966,2.061042308807373,1.936108112335205,2.237473964691162,1.8254241943359375,1.4424670934677124,1.3732787370681763,1.1650264263153076,0.7947980165481567,0.9650042057037354,1.0748883485794067,1.4105405807495117,1.5355912446975708,1.8565412759780884,2.051654577255249,1.9601389169692993,2.33355975151062,2.445146322250366,2.706696033477783
A13,2.6994616985321045,2.5509324073791504,2.223615884780884,1.9979312419891357,2.0317838191986084,1.7190431356430054,1.4210952520370483,1.170877456665039,0.8655300736427307,0.7482939958572388,0.5268484354019165,0.37892916798591614,0.0,0.3909607231616974,0.561651885509491,1.4893487691879272,1.5081825256347656,1.1995922327041626,1.111075758934021,1.3910952806472778,1.2969958782196045,1.0618979930877686,1.017877459526062,1.1713049411773682,1.264185905456543,1.0956264734268188,1.243761420249939,1.5083833932876587,1.8211967945098877,1.9403783082962036,2.4799492359161377,2.085052251815796,2.0438215732574463,1.8008438348770142,1.4803006649017334,1.3700567483901978,1.4812414646148682,1.6217997074127197,1.584925889968872,1.7980289459228516,2.1113619804382324,1.9685041904449463,2.1921944618225098,2.157695770263672,2.5101912021636963,3.51139235496521,3.16976261138916,2.959151029586792,2.7511909008026123,2.477825880050659,2.3188161849975586,2.0725796222686768,2.2963502407073975,2.043213367462158,2.380120277404785,2.459645986557007,2.1228418350219727,2.3505191802978516,2.1881508827209473,2.4661457538604736,1.808936357498169,1.4212839603424072,1.4294906854629517,1.3252315521240234,0.9695395231246948,1.2273377180099487,1.3741892576217651,1.7166882753372192,1.8758671283721924,2.190603733062744,2.3662350177764893,2.2852602005004883,2.6617960929870605,2.7811081409454346,3.0243682861328125
A14,2.9839775562286377,2.8018267154693604,2.4712588787078857,2.2468862533569336,2.221385955810547,1.916505217552185,1.6151632070541382,1.415225625038147,1.0564781427383423,1.0083816051483154,0.8815636038780212,0.6106422543525696,0.3909607231616974,0.0,0.374565452337265,1.10921049118042,1.1522512435913086,0.8854321837425232,0.8307894468307495,1.1709010601043701,1.1294035911560059,1.0020047426223755,1.0068880319595337,1.2697361707687378,1.3747800588607788,1.3083744049072266,1.481899619102478,1.780186414718628,2.0941526889801025,2.2565057277679443,2.439985990524292,2.0607876777648926,2.037783145904541,1.7475335597991943,1.488897681236267,1.3017457723617554,1.432640552520752,1.4864037036895752,1.4654937982559204,1.602568507194519,1.9512416124343872,1.8614461421966553,2.0627896785736084,2.0664989948272705,2.4315309524536133,3.578641176223755,3.2561423778533936,3.0147852897644043,2.8460562229156494,2.5376651287078857,2.416184902191162,2.129798412322998,2.3543825149536133,2.1021924018859863,2.446303129196167,2.466360092163086,2.1225597858428955,2.34454083442688,2.1888327598571777,2.4237289428710938,1.8349499702453613,1.4821093082427979,1.4432625770568848,1.364608883857727,1.0730037689208984,1.3738230466842651,1.4419327974319458,1.8134472370147705,1.9474458694458008,2.287020444869995,2.4039294719696045,2.287238359451294,2.6539814472198486,2.7548933029174805,2.959043502807617
A15,3.2053749561309814,3.055006980895996,2.710266590118408,2.5127179622650146,2.5195116996765137,2.2259223461151123,1.9067893028259277,1.7033947706222534,1.3657827377319336,1.2953280210494995,1.081313967704773,0.8615251779556274,0.561651885509491,0.374565452337265,0.0,1.2285579442977905,1.3407459259033203,1.1562232971191406,1.0808213949203491,1.4497922658920288,1.3655236959457397,1.2698612213134766,1.1772123575210571,1.446226716041565,1.4533019065856934,1.3708802461624146,1.6202391386032104,1.867179274559021,2.2187798023223877,2.3571670055389404,2.4437460899353027,2.0662126541137695,2.112136125564575,1.8541945219039917,1.599294900894165,1.462862491607666,1.6676439046859741,1.7356804609298706,1.7734376192092896,1.893815517425537,2.2580270767211914,2.200000524520874,2.4105076789855957,2.4320144653320312,2.798966884613037,3.9153494834899902,3.5950584411621094,3.3495571613311768,3.1672708988189697,2.865638256072998,2.7205522060394287,2.428691864013672,2.619743824005127,2.3365063667297363,2.6546292304992676,2.6629812717437744,2.301100015640259,2.476741313934326,2.268915891647339,2.4831788539886475,2.123933792114258,1.7708109617233276,1.7796626091003418,1.728245496749878,1.4251160621643066,1.7194799184799194,1.801975965499878,2.1710004806518555,2.294729709625244,2.6377856731414795,2.7667593955993652,2.6385912895202637,3.001504421234131,3.0819687843322754,3.2846779823303223
B1,3.811464309692383,3.5516326427459717,3.247361183166504,3.0123250484466553,2.8589670658111572,2.5830163955688477,2.335919141769409,2.228756904602051,1.854628562927246,1.8865036964416504,1.9143965244293213,1.6033692359924316,1.4893487691879272,1.10921049118042,1.2285579442977905,0.0,0.3960219621658325,0.5902753472328186,0.8434007167816162,1.0988959074020386,1.3112521171569824,1.4814212322235107,1.6433765888214111,1.9979586601257324,2.1543304920196533,2.245781660079956,2.394092559814453,2.739471912384033,3.015918254852295,3.245781660079956,2.7954015731811523,2.5035815238952637,2.4841864109039307,2.1159541606903076,2.048449754714966,1.720815658569336,1.794495940208435,1.5892609357833862,1.551211953163147,1.401358723640442,1.7562493085861206,1.815712571144104,1.8720170259475708,1.9569412469863892,2.291717529296875,3.808532476425171,3.548685312271118,3.258472204208374,3.2138192653656006,2.846111536026001,2.8507657051086426,2.51910400390625,2.751380681991577,2.5630087852478027,2.903378963470459,2.7933552265167236,2.494206666946411,2.7078442573547363,2.6250247955322266,2.7393393516540527,2.056950807571411,1.872724175453186,1.7279117107391357,1.7407547235488892,1.6805094480514526,1.9874751567840576,1.9000126123428345,2.249612808227539,2.3326103687286377,2.669110059738159,2.618051052093506,2.450826644897461,2.750473737716675,2.8214361667633057,2.892634153366089
B2,3.5891454219818115,3.309277296066284,3.009873151779175,2.7922606468200684,2.604130506515503,2.3600759506225586,2.1172046661376953,2.069660186767578,1.7035934925079346,1.8117026090621948,1.8681471347808838,1.527106761932373,1.5081825256347656,1.1522512435913086,1.3407459259033203,0.3960219621658325,0.0,0.3878825902938843,0.587620198726654,0.7475020885467529,1.0019994974136353,1.2256028652191162,1.4352551698684692,1.7807241678237915,1.9729465246200562,2.113518476486206,2.22470760345459,2.586833953857422,2.8318448066711426,3.093367338180542,2.555476665496826,2.2809741497039795,2.219670534133911,1.8383527994155884,1.8081881999969482,1.4531149864196777,1.4827978610992432,1.2342838048934937,1.198445200920105,1.0156638622283936,1.3727871179580688,1.4632090330123901,1.5413774251937866,1.6789772510528564,2.0197503566741943,3.466425657272339,3.2228195667266846,2.9176199436187744,2.8862929344177246,2.513244152069092,2.530088186264038,2.1895084381103516,2.411076307296753,2.2400476932525635,2.574799060821533,2.447575092315674,2.168638229370117,2.39389705657959,2.3506948947906494,2.459517478942871,2.091792583465576,1.9036146402359009,1.6867952346801758,1.6170995235443115,1.5766375064849854,1.8309248685836792,1.6765648126602173,2.016024351119995,2.0485994815826416,2.392404317855835,2.32351016998291,2.1228859424591064,2.406179904937744,2.452845573425293,2.516251564025879
B3,3.2512993812561035,2.9774255752563477,2.682732343673706,2.445533514022827,2.274984359741211,2.00850510597229,1.7707417011260986,1.6969974040985107,1.3323572874069214,1.4300165176391602,1.5127732753753662,1.1880484819412231,1.1995922327041626,0.8854321837425232,1.1562232971191406,0.5902753472328186,0.3878825902938843,0.0,0.39093753695487976,0.5948196053504944,0.8454816937446594,0.9643384218215942,1.2109538316726685,1.5250760316848755,1.7540885210037231,1.8503504991531372,1.929509162902832,2.297577381134033,2.5328726768493652,2.7786624431610107,2.5245347023010254,2.21467661857605,2.1189627647399902,1.7437005043029785,1.6443061828613281,1.2999149560928345,1.2927147150039673,1.1097497940063477,1.0059459209442139,0.9374617338180542,1.2946326732635498,1.289209246635437,1.399754285812378,1.478485107421875,1.8392637968063354,3.2490172386169434,2.9773008823394775,2.692892551422119,2.63240647315979,2.268991708755493,2.2678639888763428,1.9450045824050903,2.198707342147827,2.0300984382629395,2.3889477252960205,2.31618070602417,2.0313379764556885,2.292145013809204,2.2518463134765625,2.4164233207702637,1.7933286428451538,1.570730447769165,1.3499675989151,1.2543647289276123,1.1902170181274414,1.451685905456543,1.3249680995941162,1.6772724390029907,1.7454559803009033,2.0887200832366943,2.0582275390625,1.8896327018737793,2.2081217765808105,2.293247699737549,2.4049134254455566
B4,3.046825647354126,2.785038948059082,2.4660418033599854,2.272522211074829,2.1113455295562744,1.8800503015518188,1.5959528684616089,1.5733377933502197,1.206201195716858,1.3800840377807617,1.4015659093856812,1.0329291820526123,1.111075758934021,0.8307894468307495,1.0808213949203491,0.8434007167816162,0.587620198726654,0.39093753695487976,0.0,0.3904498815536499,0.4894008934497833,0.6486174464225769,0.8566752672195435,1.1940913200378418,1.4032517671585083,1.5468330383300781,1.6420466899871826,2.006662607192993,2.2463600635528564,2.515197277069092,2.1378934383392334,1.8250495195388794,1.7306194305419922,1.3574118614196777,1.2629156112670898,0.9172627925872803,0.9575750827789307,0.8121770620346069,0.8182079195976257,0.8296783566474915,1.2109304666519165,1.2344801425933838,1.4444659948349,1.5801458358764648,1.950969934463501,3.1402370929718018,2.8732945919036865,2.5726358890533447,2.479768753051758,2.123560667037964,2.0740318298339844,1.728841781616211,1.936521291732788,1.7264903783798218,2.069488286972046,1.987547516822815,1.6810085773468018,1.9238550662994385,1.8657060861587524,2.033719062805176,2.0452191829681396,1.7772389650344849,1.5532962083816528,1.3680970668792725,1.2289061546325684,1.4342427253723145,1.2781766653060913,1.642130970954895,1.6480512619018555,2.019854784011841,2.030221462249756,1.8160330057144165,2.1335842609405518,2.1703436374664307,2.3093137741088867
B5,2.9317128658294678,2.6366026401519775,2.339608669281006,2.157585382461548,1.9385215044021606,1.7507002353668213,1.5028479099273682,1.5619664192199707,1.2391124963760376,1.4861416816711426,1.5721193552017212,1.2228044271469116,1.3910952806472778,1.1709010601043701,1.4497922658920288,1.0988959074020386,0.7475020885467529,0.5948196053504944,0.3904498815536499,0.0,0.3789502680301666,0.6179977059364319,0.9284002780914307,1.1986442804336548,1.469907522201538,1.66117525100708,1.6826766729354858,2.059702157974243,2.2407608032226562,2.5404129028320312,2.106003761291504,1.8299280405044556,1.6656855344772339,1.283262014389038,1.2519629001617432,0.8790276646614075,0.7807009220123291,0.5255937576293945,0.4710708558559418,0.44593778252601624,0.8233596086502075,0.8756034970283508,1.110048770904541,1.3053007125854492,1.6659002304077148,2.8051884174346924,2.56006121635437,2.243366003036499,2.182830810546875,1.815136432647705,1.8042192459106445,1.4522420167922974,1.6636592149734497,1.5032150745391846,1.846116542816162,1.7440274953842163,1.4840514659881592,1.7592153549194336,1.7793002128601074,1.9384852647781372,2.109175682067871,1.8766978979110718,1.5869715213775635,1.3406223058700562,1.2740870714187622,1.3949326276779175,1.1457006931304932,1.467649221420288,1.4076429605484009,1.7753897905349731,1.7436591386795044,1.4926936626434326,1.7847254276275635,1.8016393184661865,1.9247870445251465
B6,2.750713348388672,2.4831318855285645,2.156689405441284,2.021044969558716,1.8379504680633545,1.6795521974563599,1.378942608833313,1.469068169593811,1.1566834449768066,1.4435960054397583,1.4537107944488525,1.091336965560913,1.2969958782196045,1.1294035911560059,1.3655236959457397,1.3112521171569824,1.0019994974136353,0.8454816937446594,0.4894008934497833,0.3789502680301666,0.0,0.375371515750885,0.5946313142776489,0.8783362507820129,1.1163057088851929,1.3487403392791748,1.3941730260849,1.7571181058883667,1.9513691663742065,2.2638332843780518,1.7593834400177002,1.4648391008377075,1.3050271272659302,0.9265984892845154,0.8760457038879395,0.501936137676239,0.4898051619529724,0.3745427429676056,0.5466426610946655,0.6897017359733582,1.0145456790924072,1.0627400875091553,1.372685194015503,1.5716015100479126,1.9277194738388062,2.823730707168579,2.574826240539551,2.25590443611145,2.1431868076324463,1.7986475229263306,1.713322639465332,1.3480967283248901,1.4990415573120117,1.2694692611694336,1.5952138900756836,1.4992563724517822,1.1938422918319702,1.4472076892852783,1.4267082214355469,1.6075286865234375,2.318807601928711,2.0400869846343994,1.7816368341445923,1.4967432022094727,1.3446776866912842,1.429860234260559,1.2031196355819702,1.5286316871643066,1.4309486150741577,1.814751386642456,1.8500696420669556,1.5802077054977417,1.8739118576049805,1.8499687910079956,2.015486001968384
B7,2.4317009449005127,2.1806893348693848,1.8460097312927246,1.6933462619781494,1.550910472869873,1.3658623695373535,1.0402554273605347,1.109226942062378,0.8044447898864746,1.113829493522644,1.1199252605438232,0.7847573757171631,1.0618979930877686,1.0020047426223755,1.2698612213134766,1.4814212322235107,1.2256028652191162,0.9643384218215942,0.6486174464225769,0.6179977059364319,0.375371515750885,0.0,0.3878416419029236,0.5948760509490967,0.9008587598800659,1.0630844831466675,1.0650466680526733,1.4418829679489136,1.6344666481018066,1.9292385578155518,1.829692006111145,1.49447762966156,1.3096202611923218,0.981200635433197,0.7872559428215027,0.5045772194862366,0.4455983340740204,0.5854302048683167,0.6279945373535156,0.9169555306434631,1.187307357788086,1.1169730424880981,1.4451032876968384,1.5677847862243652,1.9236382246017456,2.7267425060272217,2.442845582962036,2.155822277069092,1.9925384521484375,1.6722725629806519,1.539316177368164,1.2034772634506226,1.3881200551986694,1.1439800262451172,1.4991662502288818,1.4965194463729858,1.1833794116973877,1.4683165550231934,1.4319283962249756,1.6863068342208862,2.1528677940368652,1.842747449874878,1.609944462776184,1.29477858543396,1.0825062990188599,1.1360156536102295,0.9591524004936218,1.2940075397491455,1.233420968055725,1.6162937879562378,1.722766399383545,1.5004863739013672,1.8313807249069214,1.8524352312088013,2.0758137702941895
B8,2.4253010749816895,2.2249093055725098,1.8596900701522827,1.7612860202789307,1.6878395080566406,1.52797269821167,1.1618202924728394,1.2173243761062622,0.9409534335136414,1.2166163921356201,1.0956120491027832,0.7703043818473816,1.017877459526062,1.0068880319595337,1.1772123575210571,1.6433765888214111,1.4352551698684692,1.2109538316726685,0.8566752672195435,0.9284002780914307,0.5946313142776489,0.3878416419029236,0.0,0.38320374488830566,0.5535826683044434,0.7578590512275696,0.8620779514312744,1.2028388977050781,1.4519027471542358,1.7429059743881226,1.5712000131607056,1.2020989656448364,1.0760085582733154,0.7978949546813965,0.5081928968429565,0.3707059323787689,0.5700616240501404,0.8184022307395935,0.9800152778625488,1.248318076133728,1.5216246843338013,1.4822864532470703,1.8236830234527588,1.9525002241134644,2.304842948913574,2.9620940685272217,2.6800973415374756,2.399684429168701,2.1961472034454346,1.9101519584655762,1.714129090309143,1.3925751447677612,1.4976627826690674,1.1824743747711182,1.4843626022338867,1.490496277809143,1.1327471733093262,1.3465725183486938,1.2156373262405396,1.488120198249817,2.414560079574585,2.071899890899658,1.8912521600723267,1.5933170318603516,1.3171449899673462,1.3741534948349,1.263718605041504,1.5843008756637573,1.5184847116470337,1.890007734298706,2.0421106815338135,1.8189810514450073,2.1377768516540527,2.1264970302581787,2.3641774654388428
B9,2.062091588973999,1.8789312839508057,1.5050201416015625,1.446180820465088,1.408348560333252,1.2947628498077393,0.9240694642066956,1.0433498620986938,0.8784840106964111,1.1907068490982056,1.073104977607727,0.8541356921195984,1.1713049411773682,1.2697361707687378,1.446226716041565,1.9979586601257324,1.7807241678237915,1.5250760316848755,1.1940913200378418,1.1986442804336548,0.8783362507820129,0.5948760509490967,0.38320374488830566,0.0,0.3901691138744354,0.571317195892334,0.5376522541046143,0.8850494623184204,1.0869580507278442,1.3991755247116089,1.565425157546997,1.2056713104248047,1.0108964443206787,0.8371837139129639,0.4819287955760956,0.5598337650299072,0.6227455139160156,0.9818428158760071,1.106890082359314,1.442201018333435,1.6431474685668945,1.5528275966644287,1.9143961668014526,2.0187809467315674,2.345712661743164,2.766876220703125,2.476891040802002,2.2215631008148193,1.9728361368179321,1.7326507568359375,1.480138897895813,1.2037123441696167,1.2777206897735596,0.9510794281959534,1.238033652305603,1.3315532207489014,1.0000962018966675,1.2296643257141113,1.1238534450531006,1.457667589187622,2.5010385513305664,2.153903007507324,1.9777376651763916,1.640413522720337,1.3561570644378662,1.3173835277557373,1.2250676155090332,1.4836459159851074,1.3907636404037476,1.7324830293655396,1.9427765607833862,1.7399992942810059,2.049320697784424,2.038248062133789,2.318251609802246
B10,2.2032828330993652,2.0788397789001465,1.6937071084976196,1.6914960145950317,1.712258219718933,1.6204653978347778,1.2516634464263916,1.3346985578536987,1.1831848621368408,1.4329899549484253,1.2186213731765747,1.025425910949707,1.264185905456543,1.3747800588607788,1.4533019065856934,2.1543304920196533,1.9729465246200562,1.7540885210037231,1.4032517671585083,1.469907522201538,1.1163057088851929,0.9008587598800659,0.5535826683044434,0.3901691138744354,0.0,0.39110997319221497,0.5642355680465698,0.7775054574012756,1.0554084777832031,1.3433783054351807,1.3577169179916382,0.9745475649833679,0.882301390171051,0.8154122233390808,0.43614864349365234,0.6982539296150208,0.9105563163757324,1.2512950897216797,1.4438462257385254,1.7447776794433594,1.9678466320037842,1.9155596494674683,2.2799232006073,2.398887872695923,2.730445623397827,3.085448741912842,2.806075096130371,2.554107666015625,2.289435863494873,2.0744664669036865,1.7950609922409058,1.534604549407959,1.53909432888031,1.1801912784576416,1.3796393871307373,1.4567530155181885,1.1087645292282104,1.2266093492507935,1.0063194036483765,1.3351083993911743,2.794621706008911,2.428617477416992,2.2907488346099854,1.9799892902374268,1.6649503707885742,1.656227946281433,1.6017000675201416,1.8612298965454102,1.7723156213760376,2.1033077239990234,2.325570583343506,2.1171765327453613,2.4127509593963623,2.3734538555145264,2.648024559020996
B11,2.0811290740966797,1.999712586402893,1.6185095310211182,1.5850642919540405,1.6839617490768433,1.5483404397964478,1.1893229484558105,1.1788877248764038,1.070441484451294,1.2384638786315918,0.9644213914871216,0.881105363368988,1.0956264734268188,1.3083744049072266,1.3708802461624146,2.245781660079956,2.113518476486206,1.8503504991531372,1.5468330383300781,1.66117525100708,1.3487403392791748,1.0630844831466675,0.7578590512275696,0.571317195892334,0.39110997319221497,0.0,0.38125288486480713,0.5432360768318176,0.9035095572471619,1.1082991361618042,1.7056689262390137,1.323427438735962,1.2568546533584595,1.2045743465423584,0.8194708228111267,1.0191650390625,1.1844286918640137,1.5248764753341675,1.6460477113723755,1.968054175376892,2.1977198123931885,2.090128183364868,2.435286521911621,2.495077610015869,2.824521541595459,3.2042019367218018,2.895263910293579,2.6808247566223145,2.3909599781036377,2.1987650394439697,1.9078954458236694,1.693495273590088,1.744989275932312,1.4157196283340454,1.630286693572998,1.7707539796829224,1.4459569454193115,1.5833334922790527,1.3705737590789795,1.7073867321014404,2.6594786643981934,2.2767653465270996,2.1944215297698975,1.9117047786712646,1.5600556135177612,1.5579439401626587,1.594559907913208,1.8452664613723755,1.825215220451355,2.130275249481201,2.392791509628296,2.2408580780029297,2.561274528503418,2.5722618103027344,2.869194984436035
B12,1.7176246643066406,1.6202757358551025,1.2391494512557983,1.2108948230743408,1.32235848903656,1.2174243927001953,0.8792349696159363,0.9317391514778137,0.9290682077407837,1.1474531888961792,0.9652420878410339,0.9446285963058472,1.243761420249939,1.481899619102478,1.6202391386032104,2.394092559814453,2.22470760345459,1.929509162902832,1.6420466899871826,1.6826766729354858,1.3941730260849,1.0650466680526733,0.8620779514312744,0.5376522541046143,0.5642355680465698,0.38125288486480713,0.0,0.38492339849472046,0.6274270415306091,0.8834823369979858,1.8374000787734985,1.4833154678344727,1.3202613592147827,1.2757364511489868,0.9056776762008667,1.0889872312545776,1.1318717002868652,1.4993531703948975,1.5658485889434814,1.9273968935012817,2.100416898727417,1.9479124546051025,2.293710231781006,2.3304622173309326,2.633807897567749,2.8754680156707764,2.5593984127044678,2.368222951889038,2.0592546463012695,1.897242546081543,1.5889184474945068,1.4214462041854858,1.4838879108428955,1.1936907768249512,1.4166585206985474,1.6236963272094727,1.347679853439331,1.5367733240127563,1.406817078590393,1.7721996307373047,2.5748016834259033,2.2086644172668457,2.1012001037597656,1.77998685836792,1.456103801727295,1.365960955619812,1.3966102600097656,1.5881587266921997,1.552160620689392,1.8244432210922241,2.1168594360351562,1.9895848035812378,2.300630569458008,2.327820062637329,2.648433208465576
B13,1.6306779384613037,1.6222552061080933,1.2559019327163696,1.308118462562561,1.5014508962631226,1.4462480545043945,1.1601698398590088,1.2012821435928345,1.2651712894439697,1.4269815683364868,1.2062326669692993,1.2580678462982178,1.5083833932876587,1.780186414718628,1.867179274559021,2.739471912384033,2.586833953857422,2.297577381134033,2.006662607192993,2.059702157974243,1.7571181058883667,1.4418829679489136,1.2028388977050781,0.8850494623184204,0.7775054574012756,0.5432360768318176,0.38492339849472046,0.0,0.393502801656723,0.5755767822265625,1.9078644514083862,1.5791391134262085,1.4545196294784546,1.5028952360153198,1.1521192789077759,1.4057602882385254,1.4762850999832153,1.8535407781600952,1.9394409656524658,2.301568031311035,2.4638333320617676,2.312575340270996,2.660874843597412,2.6913838386535645,2.9821226596832275,3.0640196800231934,2.7538082599639893,2.5916337966918945,2.2551190853118896,2.1456921100616455,1.8071013689041138,1.6915395259857178,1.699955940246582,1.418056845664978,1.560178518295288,1.800894856452942,1.5548464059829712,1.6810652017593384,1.5201455354690552,1.8832087516784668,2.8657009601593018,2.4945125579833984,2.4209465980529785,2.1128456592559814,1.7823735475540161,1.6774606704711914,1.7413561344146729,1.8952924013137817,1.858654499053955,2.091317653656006,2.411776542663574,2.3011531829833984,2.5930609703063965,2.6093943119049072,2.941694498062134
