,A1,A2,A3,A4,A5,A6,A7,A8,A9,A10,A11,A12,A13,A14,A15,B1,B2,B3,B4,B5,B6,B7,B8,B9,B10,B11,B12,B13,B14,B15,C1,C2,C3,C4,C5,C6,C7,C8,C9,C10,C11,C12,C13,C14,C15,D1,D2,D3,D4,D5,D6,D7,D8,D9,D10,D11,D12,D13,D14,D15,E1,E2,E3,E4,E5,E6,E7,E8,E9,E10,E11,E12,E13,E14,E15
A1,0.0,0.3947407007217407,0.6229459047317505,0.9425426721572876,1.1731162071228027,1.49640953540802,1.6849383115768433,1.596218466758728,1.6896803379058838,1.9937070608139038,2.0838465690612793,2.0841262340545654,2.274853229522705,2.4966633319854736,2.575300455093384,2.9180307388305664,2.6271796226501465,2.2958154678344727,2.0556282997131348,1.79994535446167,1.4847288131713867,1.3781099319458008,1.676535725593567,1.6148072481155396,1.2905213832855225,1.4671026468276978,1.747180700302124,1.5770933628082275,1.3528921604156494,1.636527419090271,3.274289131164551,3.049909830093384,2.7985501289367676,2.483107805252075,2.612348794937134,2.310159683227539,2.5820586681365967,2.607598066329956,2.2408828735351562,2.2851169109344482,2.6080410480499268,2.493330478668213,2.1976795196533203,2.3974878787994385,2.69163179397583,1.653494954109192,1.6829841136932373,1.7967437505722046,1.7109224796295166,2.072509288787842,2.1428279876708984,2.459660768508911,2.289708375930786,2.1065475940704346,2.4488563537597656,2.6487209796905518,2.462862730026245,2.4688124656677246,2.817763090133667,2.9455819129943848,2.2073707580566406,1.9866312742233276,1.655641794204712,1.617710828781128,1.317948579788208,1.2012462615966797,1.070549488067627,1.4311892986297607,1.5268205404281616,1.3417848348617554,1.4679346084594727,1.806141972541809,1.810660481452942,1.6808985471725464,1.8823511600494385
A2,0.3947407007217407,0.0,0.37884721159935,0.6175311803817749,0.8268650770187378,1.1626110076904297,1.3332860469818115,1.212253451347351,1.3131142854690552,1.6228519678115845,1.6978572607040405,1.6904906034469604,1.8908015489578247,2.1115775108337402,2.1818220615386963,2.7609059810638428,2.453453540802002,2.1436233520507812,1.8552443981170654,1.6248542070388794,1.2819056510925293,1.1978651285171509,1.4432812929153442,1.3234108686447144,0.9929282665252686,1.195817470550537,1.4278154373168945,1.215330958366394,1.012618899345398,1.3267244100570679,3.0140655040740967,2.765028238296509,2.5352182388305664,2.1976678371429443,2.3188836574554443,2.024595022201538,2.287501573562622,2.2783854007720947,1.9068254232406616,1.969890832901001,2.2757487297058105,2.1333868503570557,1.8463858366012573,2.0716922283172607,2.3476617336273193,1.7215509414672852,1.7107338905334473,1.741011381149292,1.6000858545303345,1.945625901222229,1.9501460790634155,2.2844603061676025,2.1456658840179443,1.9135991334915161,2.2287027835845947,2.465426445007324,2.287621259689331,2.2410314083099365,2.585449457168579,2.7475366592407227,1.9535295963287354,1.7593746185302734,1.4012318849563599,1.3717988729476929,1.1376562118530273,1.0111392736434937,1.0097780227661133,1.3592917919158936,1.3985342979431152,1.2861101627349854,1.4901787042617798,1.7809884548187256,1.767667293548584,1.7121118307113647,1.950024962425232
A3,0.6229459047317505,0.37884721159935,0.0,0.38335126638412476,0.5840479731559753,0.8834450244903564,1.0982029438018799,1.0694472789764404,1.1406192779541016,1.4129093885421753,1.5489089488983154,1.5968266725540161,1.74811851978302,1.9444328546524048,2.069387674331665,2.5766549110412598,2.2965924739837646,1.9697160720825195,1.6785081624984741,1.5079714059829712,1.1425895690917969,1.1746888160705566,1.4197134971618652,1.2368929386138916,0.9802227020263672,1.2774956226348877,1.4621694087982178,1.226709008216858,1.131475806236267,1.480947732925415,2.6713907718658447,2.442267894744873,2.2104365825653076,1.8901954889297485,2.048373222351074,1.779579758644104,2.0808074474334717,2.0735843181610107,1.7121922969818115,1.8233976364135742,2.145988702774048,2.016731023788452,1.771809697151184,2.0226428508758545,2.3005313873291016,1.6632041931152344,1.5695538520812988,1.5831516981124878,1.3758599758148193,1.6942569017410278,1.680959939956665,1.992862343788147,1.826312780380249,1.5839893817901611,1.9037503004074097,2.121882677078247,1.9243090152740479,1.8846138715744019,2.2358758449554443,2.38258695602417,1.6703906059265137,1.4347901344299316,1.0826704502105713,1.0135949850082397,0.7617024183273315,0.6489241719245911,0.6734833717346191,1.0012973546981812,1.049999713897705,0.9920132756233215,1.1968488693237305,1.4584406614303589,1.4782410860061646,1.4722213745117188,1.6949548721313477
A4,0.9425426721572876,0.6175311803817749,0.38335126638412476,0.0,0.37820062041282654,0.5922360420227051,0.8646873235702515,0.8052955865859985,0.7902321219444275,1.0887376070022583,1.26033616065979,1.2750693559646606,1.3917404413223267,1.613376259803772,1.756093978881836,2.310948371887207,2.0182995796203613,1.7200013399124146,1.3909941911697388,1.2540346384048462,0.8818184733390808,0.9622198343276978,1.1385612487792969,0.8975905179977417,0.6903001666069031,1.0307186841964722,1.1534287929534912,0.9122230410575867,0.9098860025405884,1.2648394107818604,2.416354179382324,2.1548027992248535,1.9258567094802856,1.5818212032318115,1.7080018520355225,1.4315681457519531,1.7179930210113525,1.698231816291809,1.333304762840271,1.4481875896453857,1.7653329372406006,1.636465311050415,1.4006205797195435,1.6610814332962036,1.9344159364700317,1.6497480869293213,1.5300627946853638,1.4512587785720825,1.206775188446045,1.496025800704956,1.418785810470581,1.7510595321655273,1.6387324333190918,1.360207438468933,1.6453675031661987,1.9096591472625732,1.7518501281738281,1.6656173467636108,1.997829794883728,2.190120220184326,1.6054003238677979,1.3826228380203247,1.0136750936508179,0.8812286257743835,0.7553912401199341,0.5537121891975403,0.7760673761367798,1.0400848388671875,0.9611629247665405,0.9723933339118958,1.267083764076233,1.453075647354126,1.4149013757705688,1.4798871278762817,1.7449616193771362
A5,1.1731162071228027,0.8268650770187378,0.5840479731559753,0.37820062041282654,0.0,0.3749934136867523,0.520717203617096,0.5218184590339661,0.6318722367286682,0.8503698110580444,0.9806134700775146,1.0850410461425781,1.2310751676559448,1.3823518753051758,1.5201035737991333,2.5118560791015625,2.2325854301452637,1.9557135105133057,1.6055564880371094,1.5324288606643677,1.1698110103607178,1.2898622751235962,1.4007240533828735,1.0968552827835083,0.941227376461029,1.262345552444458,1.2924436330795288,0.9763683676719666,1.025154709815979,1.3743535280227661,2.2774059772491455,2.0181031227111816,1.8470739126205444,1.500910997390747,1.6754637956619263,1.4644843339920044,1.7606010437011719,1.6679900884628296,1.3169223070144653,1.5130438804626465,1.7878336906433105,1.599664568901062,1.4226915836334229,1.7357176542282104,1.9560843706130981,2.008368730545044,1.8569414615631104,1.7593674659729004,1.4678943157196045,1.703625202178955,1.5601067543029785,1.8625677824020386,1.7431617975234985,1.4171549081802368,1.6568093299865723,1.9197005033493042,1.7243402004241943,1.576593041419983,1.9131897687911987,2.107887029647827,1.2651031017303467,1.0940428972244263,0.7177910804748535,0.6937001347541809,0.6887646317481995,0.6653954386711121,0.935627818107605,1.1147823333740234,1.0774098634719849,1.1977216005325317,1.4548267126083374,1.5973128080368042,1.6168067455291748,1.7341421842575073,1.964458703994751
A6,1.49640953540802,1.1626110076904297,0.8834450244903564,0.5922360420227051,0.3749934136867523,0.0,0.380410373210907,0.5204883813858032,0.454182505607605,0.5812186002731323,0.8342174887657166,0.9671195149421692,1.0072773694992065,1.1417263746261597,1.3528616428375244,2.2872655391693115,2.0316860675811768,1.7784136533737183,1.423039197921753,1.4344127178192139,1.1062290668487549,1.3152496814727783,1.3665034770965576,1.018584966659546,0.9961563348770142,1.3344783782958984,1.2919678688049316,1.0069330930709839,1.175048589706421,1.4968483448028564,1.9176322221755981,1.6470415592193604,1.4823312759399414,1.1322208642959595,1.3199357986450195,1.1467080116271973,1.457365870475769,1.3494535684585571,1.023095726966858,1.2748558521270752,1.5411032438278198,1.3712013959884644,1.2615126371383667,1.5836966037750244,1.7880345582962036,2.046372413635254,1.8458369970321655,1.6909620761871338,1.3560280799865723,1.520111083984375,1.3119534254074097,1.5897101163864136,1.498051404953003,1.1431645154953003,1.3332496881484985,1.6136410236358643,1.4395999908447266,1.2487317323684692,1.5682615041732788,1.7892708778381348,1.1782804727554321,0.9932713508605957,0.6643730401992798,0.5252029895782471,0.6950174570083618,0.6579822897911072,1.0159677267074585,1.0906928777694702,0.9676373600959778,1.176501989364624,1.4544892311096191,1.5091655254364014,1.5119737386703491,1.7011429071426392,1.9311574697494507
A7,1.6849383115768433,1.3332860469818115,1.0982029438018799,0.8646873235702515,0.520717203617096,0.380410373210907,0.0,0.36117613315582275,0.5129825472831726,0.47173336148262024,0.5813508033752441,0.8321740627288818,0.9392273426055908,0.9706639647483826,1.1386500597000122,2.6061933040618896,2.3514833450317383,2.1247644424438477,1.7602229118347168,1.7814092636108398,1.4608961343765259,1.6382718086242676,1.6547573804855347,1.2970110177993774,1.2557752132415771,1.5488274097442627,1.45399808883667,1.1211612224578857,1.2835701704025269,1.5807334184646606,1.971494197845459,1.702270746231079,1.6202729940414429,1.283212423324585,1.4893461465835571,1.38385808467865,1.66102933883667,1.4761699438095093,1.1831310987472534,1.4724724292755127,1.6715266704559326,1.4317668676376343,1.3696702718734741,1.7218773365020752,1.8627378940582275,2.4163553714752197,2.2236979007720947,2.0698983669281006,1.7341675758361816,1.8810851573944092,1.6446163654327393,1.8975425958633423,1.811763048171997,1.4440220594406128,1.5796246528625488,1.8499342203140259,1.6538094282150269,1.407968282699585,1.7081425189971924,1.9284034967422485,0.9496232271194458,0.8893176913261414,0.6017425656318665,0.6736928820610046,0.9095023274421692,0.9886423945426941,1.3116333484649658,1.3676871061325073,1.30120050907135,1.530495285987854,1.7763301134109497,1.8277651071548462,1.8668073415756226,2.0613694190979004,2.2708489894866943
A8,1.596218466758728,1.212253451347351,1.0694472789764404,0.8052955865859985,0.5218184590339661,0.5204883813858032,0.36117613315582275,0.0,0.37274137139320374,0.5119699239730835,0.48834341764450073,0.6016594171524048,0.8186190724372864,0.9355480670928955,1.015557885169983,2.6205689907073975,2.3279600143432617,2.121386766433716,1.7396910190582275,1.7092492580413818,1.3934736251831055,1.496688961982727,1.4816231727600098,1.1415350437164307,1.054038166999817,1.2913886308670044,1.1792460680007935,0.8217143416404724,0.9670215249061584,1.2440634965896606,2.2358033657073975,1.9324766397476196,1.8365392684936523,1.4702165126800537,1.6001497507095337,1.4397697448730469,1.6648008823394775,1.4762511253356934,1.15290367603302,1.3807963132858276,1.5629595518112183,1.2912988662719727,1.1690033674240112,1.519659161567688,1.657418131828308,2.38258695602417,2.2403876781463623,2.0748209953308105,1.7799116373062134,1.9637861251831055,1.7377300262451172,2.034289836883545,1.9887644052505493,1.6290180683135986,1.7728486061096191,2.079221248626709,1.922632098197937,1.6837376356124878,1.9700796604156494,2.2182724475860596,1.2693942785263062,1.2343157529830933,0.9192036986351013,0.9687268137931824,1.1262586116790771,1.1176449060440063,1.4367713928222656,1.5690757036209106,1.474951982498169,1.6408331394195557,1.9263980388641357,2.016855478286743,2.006460428237915,2.1672346591949463,2.4147086143493652
A9,1.6896803379058838,1.3131142854690552,1.1406192779541016,0.7902321219444275,0.6318722367286682,0.454182505607605,0.5129825472831726,0.37274137139320374,0.0,0.36818209290504456,0.5603376626968384,0.5494828224182129,0.6106313467025757,0.8301419019699097,0.9937437772750854,2.2644333839416504,1.9733012914657593,1.7880241870880127,1.403045654296875,1.4085941314697266,1.128641963005066,1.2750593423843384,1.2122079133987427,0.8497093915939331,0.8699019551277161,1.1242796182632446,0.9736834168434143,0.6789182424545288,0.936271607875824,1.1951497793197632,2.0340263843536377,1.7064321041107178,1.5752562284469604,1.193625569343567,1.2713291645050049,1.0835809707641602,1.2968133687973022,1.1284782886505127,0.7886563539505005,1.0149823427200317,1.2194887399673462,0.9871275424957275,0.8683125376701355,1.2155981063842773,1.3815189599990845,2.1882119178771973,2.032025098800659,1.8194422721862793,1.52384352684021,1.6751012802124023,1.4234399795532227,1.7266076803207397,1.728227972984314,1.3744577169418335,1.4935734272003174,1.8286592960357666,1.727225422859192,1.4885097742080688,1.748510718345642,2.0273799896240234,1.44795823097229,1.3538843393325806,1.0499104261398315,0.9625465273857117,1.1436152458190918,1.042288899421692,1.403420329093933,1.5132290124893188,1.3336457014083862,1.5035820007324219,1.827471375465393,1.87669038772583,1.812331199645996,1.9989933967590332,2.269463300704956
A10,1.9937070608139038,1.6228519678115845,1.4129093885421753,1.0887376070022583,0.8503698110580444,0.5812186002731323,0.47173336148262024,0.5119699239730835,0.36818209290504456,0.0,0.37976980209350586,0.5452041625976562,0.49995672702789307,0.5609922409057617,0.804381251335144,2.371997833251953,2.117321014404297,1.957253098487854,1.5848438739776611,1.6622581481933594,1.4096136093139648,1.6036568880081177,1.5194506645202637,1.1509873867034912,1.2267756462097168,1.473374366760254,1.2805734872817993,1.0066081285476685,1.2805720567703247,1.5106192827224731,1.7883782386779785,1.4620475769042969,1.403462290763855,1.0447992086410522,1.1659401655197144,1.0908740758895874,1.2993295192718506,1.0590174198150635,0.8030145168304443,1.1180814504623413,1.2545479536056519,0.9990570545196533,1.015181303024292,1.3679689168930054,1.4637222290039062,2.4728715419769287,2.2790417671203613,2.0532033443450928,1.7248958349227905,1.812854290008545,1.513026475906372,1.7588633298873901,1.7643272876739502,1.3939989805221558,1.4390469789505005,1.7589832544326782,1.6483495235443115,1.3510655164718628,1.5799964666366577,1.8653438091278076,1.2627795934677124,1.226157784461975,1.0041487216949463,0.957640528678894,1.2392964363098145,1.219394564628601,1.5895968675613403,1.624390721321106,1.454796552658081,1.6931111812591553,1.9878548383712769,1.9838643074035645,1.9536633491516113,2.1857447624206543,2.4265449047088623
A11,2.0838465690612793,1.6978572607040405,1.5489089488983154,1.26033616065979,0.9806134700775146,0.8342174887657166,0.5813508033752441,0.48834341764450073,0.5603376626968384,0.37976980209350586,0.0,0.37220683693885803,0.5332253575325012,0.49345043301582336,0.5635510087013245,2.704113483428955,2.4312825202941895,2.286205291748047,1.9048999547958374,1.9457390308380127,1.685051679611206,1.8185244798660278,1.719700574874878,1.3683736324310303,1.383440375328064,1.5719211101531982,1.3536207675933838,1.04460608959198,1.2765029668807983,1.4664076566696167,2.0758283138275146,1.7533625364303589,1.7443100214004517,1.400312900543213,1.5029504299163818,1.4374899864196777,1.5977610349655151,1.3213881254196167,1.0880324840545654,1.3622061014175415,1.4361107349395752,1.1127878427505493,1.1244773864746094,1.481436848640442,1.5175634622573853,2.747337818145752,2.583761215209961,2.369175910949707,2.058382272720337,2.1723885536193848,1.8809490203857422,2.135681390762329,2.141728639602661,1.770681381225586,1.8155094385147095,2.130866765975952,2.0072615146636963,1.7003871202468872,1.9214191436767578,2.200361967086792,1.3063420057296753,1.3671163320541382,1.1539840698242188,1.2165149450302124,1.4763343334197998,1.4910639524459839,1.8403915166854858,1.9090244770050049,1.7792683839797974,1.998100996017456,2.2872886657714844,2.315809965133667,2.29813551902771,2.5083343982696533,2.7513625621795654
A12,2.0841262340545654,1.6904906034469604,1.5968266725540161,1.2750693559646606,1.0850410461425781,0.9671195149421692,0.8321740627288818,0.6016594171524048,0.5494828224182129,0.5452041625976562,0.37220683693885803,0.0,0.36839720606803894,0.5407045483589172,0.5163177251815796,2.5764780044555664,2.276108503341675,2.164905548095703,1.780331015586853,1.7937101125717163,1.569081425666809,1.6509870290756226,1.4975961446762085,1.177809715270996,1.2077499628067017,1.3241251707077026,1.0567541122436523,0.788287341594696,1.0544358491897583,1.1798783540725708,2.250213623046875,1.8978451490402222,1.8549715280532837,1.4919676780700684,1.5055891275405884,1.3858654499053955,1.4789994955062866,1.2140816450119019,0.9690676331520081,1.1613812446594238,1.2035611867904663,0.8570078015327454,0.8216182589530945,1.1670421361923218,1.1919469833374023,2.6537206172943115,2.527764081954956,2.288938045501709,2.018787384033203,2.1450188159942627,1.860425353050232,2.1453588008880615,2.1995058059692383,1.8452560901641846,1.8905065059661865,2.237670421600342,2.1639046669006348,1.8729214668273926,2.0765044689178467,2.3826210498809814,1.662939429283142,1.6872682571411133,1.4330228567123413,1.4358348846435547,1.653334140777588,1.586990237236023,1.940934181213379,2.052175521850586,1.8781075477600098,2.050501585006714,2.3768372535705566,2.419278383255005,2.3464176654815674,2.5375704765319824,2.8149945735931396
A13,2.274853229522705,1.8908015489578247,1.74811851978302,1.3917404413223267,1.2310751676559448,1.0072773694992065,0.9392273426055908,0.8186190724372864,0.6106313467025757,0.49995672702789307,0.5332253575325012,0.36839720606803894,0.0,0.36685478687286377,0.5353043079376221,2.3254120349884033,2.0509769916534424,1.9746460914611816,1.6047589778900146,1.6874741315841675,1.5130960941314697,1.65358304977417,1.4628509283065796,1.1368098258972168,1.276212215423584,1.4117125272750854,1.116733193397522,0.9328398704528809,1.2634167671203613,1.380929708480835,1.96755850315094,1.5999633073806763,1.5649977922439575,1.21654212474823,1.1854865550994873,1.1101429462432861,1.1672865152359009,0.8696173429489136,0.6845040321350098,0.917284369468689,0.9199553728103638,0.5867771506309509,0.6848723888397217,1.0191774368286133,1.0253239870071411,2.6236772537231445,2.467371940612793,2.1918678283691406,1.910916805267334,1.976579189300537,1.6559028625488281,1.908325433731079,2.003843069076538,1.6602929830551147,1.6453365087509155,1.9990965127944946,1.9704688787460327,1.6644004583358765,1.8206121921539307,2.14833402633667,1.7247793674468994,1.7201216220855713,1.5019609928131104,1.4352598190307617,1.6933221817016602,1.6043508052825928,1.979804277420044,2.0423905849456787,1.8201608657836914,2.0202274322509766,2.3527588844299316,2.341555118560791,2.246750831604004,2.4743587970733643,2.749694347381592
A14,2.4966633319854736,2.1115775108337402,1.9444328546524048,1.613376259803772,1.3823518753051758,1.1417263746261597,0.9706639647483826,0.9355480670928955,0.8301419019699097,0.5609922409057617,0.49345043301582336,0.5407045483589172,0.36685478687286377,0.0,0.3601164221763611,2.5756919384002686,2.331758737564087,2.256608247756958,1.8964089155197144,2.009929656982422,1.8235434293746948,1.9904066324234009,1.8188273906707764,1.480995535850525,1.6065276861190796,1.762197494506836,1.4751371145248413,1.261271595954895,1.566247582435608,1.692860722541809,1.8640598058700562,1.515662431716919,1.56570565700531,1.2601349353790283,1.286756992340088,1.3094958066940308,1.3795454502105713,1.0416722297668457,0.9411852955818176,1.223976969718933,1.1866141557693481,0.8680481910705566,1.0393269062042236,1.3543349504470825,1.3044672012329102,2.9262118339538574,2.7440576553344727,2.4771649837493896,2.1680595874786377,2.2073493003845215,1.8674453496932983,2.07607102394104,2.151789903640747,1.7974605560302734,1.7432100772857666,2.0669729709625244,2.0122344493865967,1.6696187257766724,1.802790880203247,2.1176974773406982,1.578486680984497,1.6423488855361938,1.4921189546585083,1.4848730564117432,1.7920291423797607,1.7739697694778442,2.147796630859375,2.1688833236694336,1.9786185026168823,2.2226879596710205,2.526050567626953,2.4921767711639404,2.4398250579833984,2.6908445358276367,2.9383811950683594
A15,2.575300455093384,2.1818220615386963,2.069387674331665,1.756093978881836,1.5201035737991333,1.3528616428375244,1.1386500597000122,1.015557885169983,0.9937437772750854,0.804381251335144,0.5635510087013245,0.5163177251815796,0.5353043079376221,0.3601164221763611,0.0,2.8405981063842773,2.573049306869507,2.5090701580047607,2.140007257461548,2.211911916732788,2.020606517791748,2.1314196586608887,1.9452178478240967,1.6304789781570435,1.70882248878479,1.8069515228271484,1.5020248889923096,1.2828044891357422,1.5495167970657349,1.6229783296585083,2.2110140323638916,1.8662203550338745,1.924627423286438,1.6156694889068604,1.6217008829116821,1.6146223545074463,1.6510930061340332,1.3157238960266113,1.2043306827545166,1.4271206855773926,1.3502484560012817,0.990909993648529,1.123137354850769,1.4215333461761475,1.3196295499801636,3.123722791671753,2.974360942840576,2.7140471935272217,2.4259390830993652,2.4967398643493652,2.170659303665161,2.4025423526763916,2.4807076454162598,2.1245691776275635,2.090214490890503,2.420173406600952,2.359222888946533,2.020993709564209,2.162287712097168,2.4742159843444824,1.7512701749801636,1.861177682876587,1.6938567161560059,1.736859679222107,2.01753306388855,2.001491069793701,2.3651440143585205,2.424907922744751,2.2527894973754883,2.4715607166290283,2.7824058532714844,2.7814979553222656,2.7260382175445557,2.953726291656494,3.2134523391723633
B1,2.9180307388305664,2.7609059810638428,2.5766549110412598,2.310948371887207,2.5118560791015625,2.2872655391693115,2.6061933040618896,2.6205689907073975,2.2644333839416504,2.371997833251953,2.704113483428955,2.5764780044555664,2.3254120349884033,2.5756919384002686,2.8405981063842773,0.0,0.38151341676712036,0.6225312352180481,0.932601273059845,1.1771095991134644,1.4887012243270874,1.6883937120437622,1.5906410217285156,1.6750988960266113,1.9882146120071411,2.0902023315429688,2.07987117767334,2.2691140174865723,2.4932608604431152,2.5918805599212646,2.2664976119995117,2.07922101020813,1.753598928451538,1.71921968460083,1.4725544452667236,1.3141846656799316,1.221461534500122,1.5859819650650024,1.6477898359298706,1.4535373449325562,1.6212127208709717,1.9502737522125244,1.9249763488769531,1.7980084419250488,2.035855293273926,1.7269517183303833,1.5594075918197632,1.2323839664459229,1.2891360521316528,1.0364468097686768,1.0644903182983398,1.02739679813385,1.3425636291503906,1.4959393739700317,1.445239782333374,1.5826082229614258,1.883137822151184,1.9563908576965332,1.9209214448928833,2.1165239810943604,3.235494375228882,2.9603583812713623,2.7771639823913574,2.41314435005188,2.4543707370758057,2.1493098735809326,2.315678834915161,2.2842226028442383,1.924086093902588,1.9070844650268555,2.145927667617798,1.978654384613037,1.6413118839263916,1.8002517223358154,2.0337889194488525
B2,2.6271796226501465,2.453453540802002,2.2965924739837646,2.0182995796203613,2.2325854301452637,2.0316860675811768,2.3514833450317383,2.3279600143432617,1.9733012914657593,2.117321014404297,2.4312825202941895,2.276108503341675,2.0509769916534424,2.331758737564087,2.573049306869507,0.38151341676712036,0.0,0.38715872168540955,0.6307883262634277,0.8417671918869019,1.172921061515808,1.3423932790756226,1.2177274227142334,1.3238765001296997,1.636055588722229,1.716263771057129,1.7087899446487427,1.9145658016204834,2.1298232078552246,2.2166073322296143,2.297184705734253,2.0597987174987793,1.7324806451797485,1.6148097515106201,1.3616173267364502,1.1241207122802734,1.0311390161514282,1.3879894018173218,1.3924024105072021,1.1564940214157104,1.3547035455703735,1.6687953472137451,1.5977073907852173,1.4647246599197388,1.731892704963684,1.5426336526870728,1.4088788032531738,1.0474427938461304,1.1011656522750854,0.9387490749359131,0.9367676973342896,1.037320613861084,1.3351701498031616,1.4077517986297607,1.4089219570159912,1.622338056564331,1.8755038976669312,1.9071931838989258,1.929249882698059,2.1617507934570312,3.0551321506500244,2.7914488315582275,2.57171630859375,2.22141170501709,2.2547433376312256,1.9285403490066528,2.1159772872924805,2.1348891258239746,1.7688959836959839,1.7358685731887817,2.0222246646881104,1.908294439315796,1.56161630153656,1.7047673463821411,1.9876632690429688
B3,2.2958154678344727,2.1436233520507812,1.9697160720825195,1.7200013399124146,1.9557135105133057,1.7784136533737183,2.1247644424438477,2.121386766433716,1.7880241870880127,1.957253098487854,2.286205291748047,2.164905548095703,1.9746460914611816,2.256608247756958,2.5090701580047607,0.6225312352180481,0.38715872168540955,0.0,0.38883399963378906,0.5853015780448914,0.8819423317909241,1.096841812133789,1.0658739805221558,1.1461607217788696,1.419317603111267,1.5600074529647827,1.608184576034546,1.765958309173584,1.9535974264144897,2.092778444290161,2.2194254398345947,1.9926868677139282,1.6361290216445923,1.4895696640014648,1.3156352043151855,1.0309042930603027,1.073258876800537,1.4073857069015503,1.326563835144043,1.1496943235397339,1.4335732460021973,1.688798427581787,1.574326992034912,1.5153008699417114,1.8232816457748413,1.2293812036514282,1.0518699884414673,0.681679368019104,0.7177472710609436,0.5906738042831421,0.6727155447006226,0.8434884548187256,1.0658550262451172,1.1397879123687744,1.2300277948379517,1.438822627067566,1.6404235363006592,1.7055251598358154,1.7876207828521729,1.996652364730835,2.804295301437378,2.5161631107330322,2.2886970043182373,1.930512547492981,1.9238044023513794,1.589738130569458,1.7484767436981201,1.7733882665634155,1.416106939315796,1.3564822673797607,1.6401315927505493,1.5452964305877686,1.1925092935562134,1.3255198001861572,1.6208420991897583
B4,2.0556282997131348,1.8552443981170654,1.6785081624984741,1.3909941911697388,1.6055564880371094,1.423039197921753,1.7602229118347168,1.7396910190582275,1.403045654296875,1.5848438739776611,1.9048999547958374,1.780331015586853,1.6047589778900146,1.8964089155197144,2.140007257461548,0.932601273059845,0.6307883262634277,0.38883399963378906,0.0,0.3696291446685791,0.5819313526153564,0.8478483557701111,0.7823051810264587,0.7818753719329834,1.0796122550964355,1.2520747184753418,1.2701435089111328,1.395925760269165,1.6050950288772583,1.761452317237854,2.085845947265625,1.8172279596328735,1.4789096117019653,1.2548152208328247,1.0974822044372559,0.752795398235321,0.848156750202179,1.1312716007232666,0.9826236963272095,0.8264790177345276,1.1565828323364258,1.361039161682129,1.2257198095321655,1.221277117729187,1.5414959192276,1.2993627786636353,1.1207579374313354,0.7489490509033203,0.6362176537513733,0.6259735822677612,0.5475040078163147,0.8563375473022461,1.0453548431396484,0.9857311844825745,1.102234959602356,1.3875503540039062,1.5328807830810547,1.528969168663025,1.6584609746932983,1.9057062864303589,2.4904911518096924,2.2242228984832764,1.9750266075134277,1.6350103616714478,1.654361367225647,1.3202860355377197,1.5382399559020996,1.5914788246154785,1.2274057865142822,1.211607575416565,1.5490494966506958,1.489023208618164,1.1744062900543213,1.3377951383590698,1.659510612487793
B5,1.79994535446167,1.6248542070388794,1.5079714059829712,1.2540346384048462,1.5324288606643677,1.4344127178192139,1.7814092636108398,1.7092492580413818,1.4085941314697266,1.6622581481933594,1.9457390308380127,1.7937101125717163,1.6874741315841675,2.009929656982422,2.211911916732788,1.1771095991134644,0.8417671918869019,0.5853015780448914,0.3696291446685791,0.0,0.37329038977622986,0.5157001614570618,0.5237470269203186,0.6490246653556824,0.8606879115104675,0.9959542751312256,1.106133222579956,1.2602543830871582,1.3982652425765991,1.5471911430358887,2.402531385421753,2.127218723297119,1.794813871383667,1.534213900566101,1.4098422527313232,1.0402247905731201,1.141323447227478,1.3776696920394897,1.1586750745773315,0.9742540121078491,1.3139426708221436,1.4703909158706665,1.2467354536056519,1.2354686260223389,1.589013695716858,1.0592809915542603,0.9690561890602112,0.6367818117141724,0.634569525718689,0.8054226040840149,0.8354337811470032,1.1692068576812744,1.286213994026184,1.2141989469528198,1.402524709701538,1.6813863515853882,1.7754753828048706,1.7809598445892334,1.9578125476837158,2.192734956741333,2.565706968307495,2.2978196144104004,2.006779193878174,1.691016435623169,1.6453462839126587,1.2809908390045166,1.457732081413269,1.5926907062530518,1.2657639980316162,1.1604477167129517,1.5116972923278809,1.5395725965499878,1.2228975296020508,1.2946820259094238,1.6457616090774536
B6,1.4847288131713867,1.2819056510925293,1.1425895690917969,0.8818184733390808,1.1698110103607178,1.1062290668487549,1.4608961343765259,1.3934736251831055,1.128641963005066,1.4096136093139648,1.685051679611206,1.569081425666809,1.5130960941314697,1.8235434293746948,2.020606517791748,1.4887012243270874,1.172921061515808,0.8819423317909241,0.5819313526153564,0.37329038977622986,0.0,0.3785021901130676,0.5215751528739929,0.47678256034851074,0.5960439443588257,0.8487414717674255,0.9858950972557068,1.037153720855713,1.1549201011657715,1.3736579418182373,2.330393075942993,2.0528652667999268,1.7364763021469116,1.434747338294983,1.3909105062484741,1.0212972164154053,1.2157373428344727,1.3730727434158325,1.0791610479354858,0.9946119785308838,1.3607912063598633,1.4261761903762817,1.1802833080291748,1.2713731527328491,1.6196385622024536,1.112101674079895,0.9937659502029419,0.7445068359375,0.5997592210769653,0.8713634610176086,0.8587675094604492,1.2283076047897339,1.2594760656356812,1.1063975095748901,1.35205078125,1.6415401697158813,1.6577436923980713,1.6399116516113281,1.8745049238204956,2.10282826423645,2.2469210624694824,1.9810819625854492,1.6706502437591553,1.3751145601272583,1.3097325563430786,0.9449812173843384,1.143691062927246,1.3148229122161865,1.0167930126190186,0.9269229769706726,1.3030073642730713,1.3792695999145508,1.1244237422943115,1.2014826536178589,1.5512802600860596
B7,1.3781099319458008,1.1978651285171509,1.1746888160705566,0.9622198343276978,1.2898622751235962,1.3152496814727783,1.6382718086242676,1.496688961982727,1.2750593423843384,1.6036568880081177,1.8185244798660278,1.6509870290756226,1.65358304977417,1.9904066324234009,2.1314196586608887,1.6883937120437622,1.3423932790756226,1.096841812133789,0.8478483557701111,0.5157001614570618,0.3785021901130676,0.0,0.3664691746234894,0.5291851758956909,0.48722144961357117,0.6013963222503662,0.85207599401474,0.9714426398277283,0.9928538203239441,1.1617944240570068,2.692636251449585,2.401228666305542,2.0974338054656982,1.7814115285873413,1.7146999835968018,1.3378475904464722,1.473136067390442,1.6143957376480103,1.3105676174163818,1.1648708581924438,1.495747447013855,1.5413146018981934,1.2314965724945068,1.2773483991622925,1.6337465047836304,1.0766271352767944,1.0907697677612305,0.9029219746589661,0.8954982161521912,1.194673776626587,1.2219191789627075,1.5860183238983154,1.6245753765106201,1.4833979606628418,1.7280164957046509,2.01908278465271,2.0310702323913574,2.0081751346588135,2.247468948364258,2.479551076889038,2.4756886959075928,2.2305386066436768,1.8910179138183594,1.6404911279678345,1.538277506828308,1.1793150901794434,1.3295559883117676,1.5702875852584839,1.322076678276062,1.1692852973937988,1.5259034633636475,1.6655193567276,1.4126473665237427,1.4102411270141602,1.7660807371139526
B8,1.676535725593567,1.4432812929153442,1.4197134971618652,1.1385612487792969,1.4007240533828735,1.3665034770965576,1.6547573804855347,1.4816231727600098,1.2122079133987427,1.5194506645202637,1.719700574874878,1.4975961446762085,1.4628509283065796,1.8188273906707764,1.9452178478240967,1.5906410217285156,1.2177274227142334,1.0658739805221558,0.7823051810264587,0.5237470269203186,0.5215751528739929,0.3664691746234894,0.0,0.3712652325630188,0.5134108662605286,0.5024836659431458,0.6172182559967041,0.8418325781822205,0.9530630707740784,1.0430243015289307,2.6313421726226807,2.31119704246521,2.0308704376220703,1.7072160243988037,1.5755603313446045,1.2024646997451782,1.254489779472351,1.3847014904022217,1.1096771955490112,0.892864465713501,1.1858911514282227,1.2527878284454346,0.938328206539154,0.9282410740852356,1.287501335144043,1.3637498617172241,1.3649942874908447,1.1023601293563843,1.0745666027069092,1.2913196086883545,1.2364766597747803,1.596845269203186,1.7084546089172363,1.54634428024292,1.722156047821045,2.0484697818756104,2.101579189300537,2.030757427215576,2.232318639755249,2.502764940261841,2.5443167686462402,2.332839012145996,2.000765800476074,1.755543828010559,1.7276827096939087,1.3845926523208618,1.6019840240478516,1.8080699443817139,1.5228959321975708,1.4367982149124146,1.8100663423538208,1.9004387855529785,1.634023666381836,1.6869851350784302,2.0439229011535645
B9,1.6148072481155396,1.3234108686447144,1.2368929386138916,0.8975905179977417,1.0968552827835083,1.018584966659546,1.2970110177993774,1.1415350437164307,0.8497093915939331,1.1509873867034912,1.3683736324310303,1.177809715270996,1.1368098258972168,1.480995535850525,1.6304789781570435,1.6750988960266113,1.3238765001296997,1.1461607217788696,0.7818753719329834,0.6490246653556824,0.47678256034851074,0.5291851758956909,0.3712652325630188,0.0,0.37122777104377747,0.5610385537147522,0.5481777191162109,0.62266606092453,0.8310725688934326,1.0041851997375488,2.348970890045166,2.0214385986328125,1.764696478843689,1.4147436618804932,1.325769305229187,0.9664667248725891,1.0833462476730347,1.1448677778244019,0.8183860778808594,0.7060403227806091,1.0307670831680298,1.027087688446045,0.7327573895454407,0.8591216206550598,1.1956915855407715,1.5415257215499878,1.4644243717193604,1.199104905128479,1.0450668334960938,1.2448270320892334,1.1050792932510376,1.473780870437622,1.5605435371398926,1.3310288190841675,1.4984921216964722,1.8434187173843384,1.8615716695785522,1.7472002506256104,1.9662489891052246,2.246579170227051,2.1910860538482666,1.9951311349868774,1.6690311431884766,1.43515145778656,1.4567261934280396,1.145164966583252,1.425424337387085,1.6045691967010498,1.3212171792984009,1.3155269622802734,1.6977269649505615,1.7680482864379883,1.5494377613067627,1.6609723567962646,2.0022315979003906
B10,1.2905213832855225,0.9929282665252686,0.9802227020263672,0.6903001666069031,0.941227376461029,0.9961563348770142,1.2557752132415771,1.054038166999817,0.8699019551277161,1.2267756462097168,1.383440375328064,1.2077499628067017,1.276212215423584,1.6065276861190796,1.70882248878479,1.9882146120071411,1.636055588722229,1.419317603111267,1.0796122550964355,0.8606879115104675,0.5960439443588257,0.48722144961357117,0.5134108662605286,0.37122777104377747,0.0,0.375185489654541,0.540942907333374,0.5123506784439087,0.5591493248939514,0.8026118874549866,2.5953431129455566,2.278245449066162,2.0298078060150146,1.6684378385543823,1.6374614238739014,1.289932370185852,1.4430017471313477,1.4708260297775269,1.118518590927124,1.0560262203216553,1.3550386428833008,1.2837809324264526,0.9563331007957458,1.1133713722229004,1.428846001625061,1.5186923742294312,1.490200400352478,1.306069016456604,1.1749309301376343,1.4512286186218262,1.3656678199768066,1.7408745288848877,1.7649983167648315,1.5271193981170654,1.748667597770691,2.0744755268096924,2.037440299987793,1.935125470161438,2.1974382400512695,2.454216718673706,2.153914451599121,1.964321494102478,1.6064373254776,1.424654245376587,1.3799339532852173,1.0818493366241455,1.315340280532837,1.5648674964904785,1.3510023355484009,1.2973288297653198,1.6625146865844727,1.806965708732605,1.6266838312149048,1.6799222230911255,2.0160460472106934
B11,1.4671026468276978,1.195817470550537,1.2774956226348877,1.0307186841964722,1.262345552444458,1.3344783782958984,1.5488274097442627,1.2913886308670044,1.1242796182632446,1.473374366760254,1.5719211101531982,1.3241251707077026,1.4117125272750854,1.762197494506836,1.8069515228271484,2.0902023315429688,1.716263771057129,1.5600074529647827,1.2520747184753418,0.9959542751312256,0.8487414717674255,0.6013963222503662,0.5024836659431458,0.5610385537147522,0.375185489654541,0.0,0.3710692524909973,0.5437381267547607,0.502859890460968,0.5694517493247986,2.8875486850738525,2.5531911849975586,2.31455659866333,1.9536864757537842,1.8691234588623047,1.5190974473953247,1.5911363363265991,1.6207275390625,1.3005832433700562,1.1537355184555054,1.389836311340332,1.3265799283981323,0.961615264415741,1.0282930135726929,1.3325891494750977,1.643096923828125,1.6875172853469849,1.4977558851242065,1.4424622058868408,1.708825945854187,1.6349189281463623,2.0079431533813477,2.073535203933716,1.8554030656814575,2.0513486862182617,2.388115167617798,2.380864143371582,2.2709574699401855,2.511150360107422,2.7842519283294678,2.4735355377197266,2.3103442192077637,1.949159026145935,1.7890214920043945,1.7480030059814453,1.4531227350234985,1.6650789976119995,1.9299184083938599,1.714137315750122,1.6328229904174805,1.9946235418319702,2.147773504257202,1.9400866031646729,1.9661520719528198,2.3130269050598145
B12,1.747180700302124,1.4278154373168945,1.4621694087982178,1.1534287929534912,1.2924436330795288,1.2919678688049316,1.45399808883667,1.1792460680007935,0.9736834168434143,1.2805734872817993,1.3536207675933838,1.0567541122436523,1.116733193397522,1.4751371145248413,1.5020248889923096,2.07987117767334,1.7087899446487427,1.608184576034546,1.2701435089111328,1.106133222579956,0.9858950972557068,0.85207599401474,0.6172182559967041,0.5481777191162109,0.540942907333374,0.3710692524909973,0.0,0.3730631470680237,0.5445852875709534,0.5341211557388306,2.731018304824829,2.375701904296875,2.175352096557617,1.8088356256484985,1.6934435367584229,1.3766754865646362,1.3979588747024536,1.3703804016113281,1.0734864473342896,0.9265115261077881,1.0971237421035767,0.9918388724327087,0.6236215233802795,0.7144642472267151,0.986193060874939,1.9253290891647339,1.9247620105743408,1.683289647102356,1.5782893896102905,1.785745620727539,1.6357108354568481,1.995063304901123,2.100008964538574,1.8505892753601074,1.9869959354400635,2.347371816635132,2.3576571941375732,2.196763515472412,2.408252716064453,2.710049629211426,2.4022390842437744,2.2779929637908936,1.9353737831115723,1.7883471250534058,1.8253966569900513,1.5597987174987793,1.8338979482650757,2.055558204650879,1.814590573310852,1.8030962944030762,2.177870750427246,2.284954309463501,2.08251690864563,2.1660449504852295,2.509934902191162
B13,1.5770933628082275,1.215330958366394,1.226709008216858,0.9122230410575867,0.9763683676719666,1.0069330930709839,1.1211612224578857,0.8217143416404724,0.6789182424545288,1.0066081285476685,1.04460608959198,0.788287341594696,0.9328398704528809,1.261271595954895,1.2828044891357422,2.2691140174865723,1.9145658016204834,1.765958309173584,1.395925760269165,1.2602543830871582,1.037153720855713,0.9714426398277283,0.8418325781822205,0.62266606092453,0.5123506784439087,0.5437381267547607,0.3730631470680237,0.0,0.3625613749027252,0.5396569967269897,2.608295202255249,2.260483741760254,2.085742712020874,1.7032827138900757,1.6605421304702759,1.3733247518539429,1.4702229499816895,1.3799885511398315,1.0412975549697876,1.0265451669692993,1.213577151298523,1.0180974006652832,0.6966281533241272,0.9351724982261658,1.1556328535079956,2.028348684310913,1.9887973070144653,1.7769203186035156,1.6055653095245361,1.827256202697754,1.6528929471969604,2.0108301639556885,2.0649280548095703,1.7718604803085327,1.924413800239563,2.278834104537964,2.234682083129883,2.0500524044036865,2.2934632301330566,2.5839898586273193,2.0680124759674072,1.9666645526885986,1.6201589107513428,1.522011637687683,1.574488878250122,1.36232590675354,1.6535437107086182,1.8732126951217651,1.6747384071350098,1.7049920558929443,2.0648410320281982,2.1836349964141846,2.0371134281158447,2.1368396282196045,2.459977865219116
