,A1,A2,A3,A4,A5,A6,A7,A8,A9,A10,A11,A12,A13,A14,A15,B1,B2,B3,B4,B5,B6,B7,B8,B9,B10,B11,B12,B13,B14,B15,C1,C2,C3,C4,C5,C6,C7,C8,C9,C10,C11,C12,C13,C14,C15,D1,D2,D3,D4,D5,D6,D7,D8,D9,D10,D11,D12,D13,D14,D15,E1,E2,E3,E4,E5,E6,E7,E8,E9,E10,E11,E12,E13,E14,E15
A1,0.0,0.3827282190322876,0.583220899105072,0.9173272848129272,1.1347037553787231,1.4211829900741577,1.6450427770614624,1.5951694250106812,1.64883291721344,1.9519529342651367,2.0883429050445557,2.0922908782958984,2.2402987480163574,2.4656636714935303,2.6062519550323486,2.870168924331665,2.5934903621673584,2.333845853805542,2.0401134490966797,2.0077579021453857,1.6488569974899292,1.7794455289840698,1.977781891822815,1.6962705850601196,1.5208876132965088,1.8519296646118164,1.912194013595581,1.592637538909912,1.61264967918396,1.9864188432693481,2.4634721279144287,2.1452348232269287,2.125040292739868,1.893120288848877,2.153451919555664,1.9806212186813354,2.28824782371521,2.1961216926574707,1.8474009037017822,2.0247457027435303,2.286677122116089,2.056129217147827,1.8696240186691284,2.1982381343841553,2.4120922088623047,1.5698111057281494,1.4824799299240112,1.1322524547576904,1.1154344081878662,0.8045101761817932,0.8272119164466858,0.7215794920921326,1.0304179191589355,1.2011913061141968,1.158668041229248,1.2848992347717285,1.5760301351547241,1.6476823091506958,1.6183758974075317,1.821436882019043,2.7744626998901367,2.4039313793182373,2.2807912826538086,1.903816819190979,1.9892369508743286,1.706769585609436,1.8946809768676758,1.8115712404251099,1.450331687927246,1.5111650228500366,1.7225714921951294,1.4720919132232666,1.2257990837097168,1.5058085918426514,1.715376615524292
A2,0.3827282190322876,0.0,0.38017159700393677,0.6043469309806824,0.872593343257904,1.1475098133087158,1.385494351387024,1.2876205444335938,1.310028076171875,1.6378817558288574,1.7720131874084473,1.7408955097198486,1.88680100440979,2.1332592964172363,2.2665135860443115,2.5789849758148193,2.2851338386535645,2.0294699668884277,1.7138954401016235,1.6634291410446167,1.299780249595642,1.4203758239746094,1.6011028289794922,1.3184159994125366,1.1412911415100098,1.4767104387283325,1.5345550775527954,1.2249455451965332,1.2621128559112549,1.637131929397583,2.262892961502075,1.9619956016540527,1.8879001140594482,1.6661107540130615,1.911910891532898,1.7199147939682007,2.0448153018951416,2.0055394172668457,1.6579148769378662,1.8163195848464966,2.11867094039917,1.941668152809143,1.7435485124588013,2.0531699657440186,2.3075199127197266,1.469834566116333,1.3628251552581787,0.9883679151535034,0.9531181454658508,0.7327960133552551,0.6748354434967041,0.7508389949798584,1.0647294521331787,1.122298002243042,1.1147985458374023,1.3437483310699463,1.5824095010757446,1.593970775604248,1.6209962368011475,1.8797945976257324,2.4235050678253174,2.049328565597534,1.9534938335418701,1.58213210105896,1.7085068225860596,1.4660576581954956,1.6914302110671997,1.5808513164520264,1.221816897392273,1.3680506944656372,1.585484504699707,1.3300189971923828,1.1522141695022583,1.4839766025543213,1.682924747467041
A3,0.583220899105072,0.38017159700393677,0.0,0.3715510666370392,0.5745124220848083,0.838412880897522,1.0834062099456787,1.0700299739837646,1.102660894393921,1.3819516897201538,1.5491313934326172,1.5832422971725464,1.703731656074524,1.9086681604385376,2.079033136367798,2.3765153884887695,2.0768325328826904,1.858281135559082,1.5474724769592285,1.5809297561645508,1.244523286819458,1.4537516832351685,1.583580732345581,1.2569665908813477,1.1871942281723022,1.5439156293869019,1.531747579574585,1.23768150806427,1.3808979988098145,1.7365360260009766,2.2098402976989746,1.8785078525543213,1.7742462158203125,1.4953563213348389,1.693655252456665,1.4664324522018433,1.7594881057739258,1.7091505527496338,1.347387433052063,1.4794622659683228,1.7717329263687134,1.5893648862838745,1.3720142841339111,1.6791231632232666,1.933508276939392,1.121177077293396,0.9851527810096741,0.6117414832115173,0.5996960401535034,0.43895822763442993,0.5261637568473816,0.7069203853607178,0.9060808420181274,0.9635872840881348,1.0834461450576782,1.2972456216812134,1.4693396091461182,1.5279606580734253,1.6306668519973755,1.859794020652771,2.325495719909668,1.9716142416000366,1.83750581741333,1.4846501350402832,1.6406530141830444,1.383630633354187,1.660920262336731,1.623327612876892,1.2592155933380127,1.396907925605774,1.683143973350525,1.4989429712295532,1.3005847930908203,1.6047438383102417,1.8617874383926392
A4,0.9173272848129272,0.6043469309806824,0.3715510666370392,0.0,0.37215656042099,0.5552586317062378,0.8418632745742798,0.7897151112556458,0.7503875494003296,1.0528345108032227,1.2415494918823242,1.2449434995651245,1.3425116539001465,1.5678422451019287,1.7472386360168457,2.0684964656829834,1.7491801977157593,1.5452088117599487,1.2108054161071777,1.2514457702636719,0.929567813873291,1.1618341207504272,1.2466437816619873,0.9061664938926697,0.89969402551651,1.2574291229248047,1.2189453840255737,0.9662149548530579,1.1710165739059448,1.5006482601165771,2.0391108989715576,1.7304434776306152,1.560416579246521,1.2888820171356201,1.4499298334121704,1.1936999559402466,1.4991472959518433,1.5156304836273193,1.1661523580551147,1.2656502723693848,1.601865291595459,1.493647575378418,1.2751028537750244,1.5462144613265991,1.8404115438461304,1.1114822626113892,0.9426177740097046,0.5990590453147888,0.5438944697380066,0.6017107367515564,0.5835990309715271,0.908087432384491,1.062967300415039,0.9926568269729614,1.1539421081542969,1.4358601570129395,1.5392189025878906,1.540055513381958,1.7005729675292969,1.9644429683685303,1.9774326086044312,1.627868413925171,1.5133029222488403,1.1796479225158691,1.392844796180725,1.1925418376922607,1.5137170553207397,1.4695219993591309,1.1341402530670166,1.3478962182998657,1.6360137462615967,1.4784785509109497,1.353044033050537,1.6712486743927002,1.91507089138031
A5,1.1347037553787231,0.872593343257904,0.5745124220848083,0.37215656042099,0.0,0.3632487952709198,0.5154133439064026,0.5318366289138794,0.6282156705856323,0.8497987985610962,0.9945068955421448,1.0938384532928467,1.225202202796936,1.3753265142440796,1.546022891998291,2.111250162124634,1.7680819034576416,1.6392943859100342,1.2991055250167847,1.4123388528823853,1.1435381174087524,1.3888978958129883,1.3814603090286255,1.0158857107162476,1.0856622457504272,1.394757628440857,1.2543361186981201,1.0029644966125488,1.2804720401763916,1.5640063285827637,2.2938621044158936,1.9803884029388428,1.7742319107055664,1.4704651832580566,1.5495879650115967,1.2337875366210938,1.4727758169174194,1.5173656940460205,1.1642884016036987,1.156306505203247,1.491018533706665,1.4062187671661377,1.1203250885009766,1.3350096940994263,1.6580760478973389,0.794000506401062,0.6988211870193481,0.419132262468338,0.5765741467475891,0.7620264291763306,0.8807981610298157,1.1875463724136353,1.27391517162323,1.2352333068847656,1.460423231124878,1.7060632705688477,1.776453971862793,1.818142294883728,2.0095605850219727,2.244175672531128,2.0670642852783203,1.7473934888839722,1.6466782093048096,1.367099404335022,1.6288877725601196,1.4563014507293701,1.8038156032562256,1.789824366569519,1.4718425273895264,1.6832879781723022,1.9876717329025269,1.846922755241394,1.7174773216247559,2.0245931148529053,2.281479597091675
A6,1.4211829900741577,1.1475098133087158,0.838412880897522,0.5552586317062378,0.3632487952709198,0.0,0.38274234533309937,0.5292564034461975,0.4608709514141083,0.5859915614128113,0.847163200378418,0.9680548310279846,0.9993940591812134,1.1323797702789307,1.3718901872634888,1.7765840291976929,1.4336965084075928,1.3411316871643066,1.022475004196167,1.2120517492294312,1.0178292989730835,1.3198152780532837,1.2719659805297852,0.9246857762336731,1.1121381521224976,1.406442403793335,1.2484102249145508,1.091687798500061,1.412682294845581,1.6547070741653442,2.1065621376037598,1.802443265914917,1.5567655563354492,1.2426165342330933,1.2549195289611816,0.9133163690567017,1.1254290342330933,1.2087452411651611,0.8807481527328491,0.8295707106590271,1.1877237558364868,1.169155240058899,0.908669650554657,1.0897084474563599,1.4288913011550903,0.8550213575363159,0.658168613910675,0.529638409614563,0.5596507787704468,0.876228928565979,0.9549647569656372,1.3061854839324951,1.3186744451522827,1.2023959159851074,1.4775571823120117,1.7344557046890259,1.7288405895233154,1.7519642114639282,1.999268889427185,2.23008131980896,1.8100605010986328,1.5247268676757812,1.3930351734161377,1.162859320640564,1.4430654048919678,1.305478811264038,1.6734390258789062,1.7068970203399658,1.4310575723648071,1.6457874774932861,1.966085433959961,1.8874000310897827,1.7838534116744995,2.0643997192382812,2.334062337875366
A7,1.6450427770614624,1.385494351387024,1.0834062099456787,0.8418632745742798,0.5154133439064026,0.38274234533309937,0.0,0.37329089641571045,0.520537257194519,0.4829983115196228,0.6033341288566589,0.8474368453025818,0.9458478689193726,0.9724515676498413,1.1655216217041016,1.954042911529541,1.593550443649292,1.578769326210022,1.262937307357788,1.4655876159667969,1.3067525625228882,1.567671537399292,1.4447016716003418,1.1040600538253784,1.3025660514831543,1.5331557989120483,1.2914549112319946,1.1407016515731812,1.492160677909851,1.6808714866638184,2.4533796310424805,2.1613261699676514,1.8937010765075684,1.5854134559631348,1.5416122674942017,1.178260087966919,1.3092424869537354,1.4356273412704468,1.1414158344268799,0.9717090725898743,1.2998961210250854,1.3235394954681396,1.0090445280075073,1.078903079032898,1.4455269575119019,0.7223648428916931,0.6890329718589783,0.6862578392028809,0.8699934482574463,1.1752281188964844,1.3068794012069702,1.6373648643493652,1.648508071899414,1.567543625831604,1.8486762046813965,2.089808464050293,2.0866901874542236,2.12831711769104,2.3757901191711426,2.5964713096618652,1.9705160856246948,1.7165892124176025,1.635515570640564,1.4594266414642334,1.7726138830184937,1.670001745223999,2.0412652492523193,2.0646920204162598,1.7977310419082642,2.025820016860962,2.339308261871338,2.2445261478424072,2.1466147899627686,2.437276601791382,2.700679302215576
A8,1.5951694250106812,1.2876205444335938,1.0700299739837646,0.7897151112556458,0.5318366289138794,0.5292564034461975,0.37329089641571045,0.0,0.3658643066883087,0.5180266499519348,0.4978729486465454,0.6090714931488037,0.8207353353500366,0.9364547729492188,1.0396589040756226,2.035674571990967,1.656969666481018,1.609836220741272,1.2512317895889282,1.3644709587097168,1.178116798400879,1.363644003868103,1.2170912027359009,0.8787478804588318,1.03125,1.2208203077316284,0.9578970670700073,0.788643479347229,1.1440887451171875,1.315651774406433,2.4749057292938232,2.2122411727905273,1.9337040185928345,1.6708276271820068,1.6674737930297852,1.3195072412490845,1.509670615196228,1.6727145910263062,1.3791823387145996,1.2570301294326782,1.6136122941970825,1.6463872194290161,1.3518606424331665,1.4423046112060547,1.8097684383392334,1.0028516054153442,1.0034347772598267,0.8802849650382996,1.0364387035369873,1.280116081237793,1.343302845954895,1.6829553842544556,1.7711297273635864,1.6728181838989258,1.8966407775878906,2.1793065071105957,2.215686559677124,2.2115795612335205,2.4289066791534424,2.689242124557495,1.8814804553985596,1.598536491394043,1.5910428762435913,1.4027520418167114,1.7413511276245117,1.6764516830444336,2.0390748977661133,1.9954521656036377,1.7361931800842285,2.0128164291381836,2.2858798503875732,2.146970272064209,2.0914676189422607,2.413456678390503,2.635467767715454
A9,1.64883291721344,1.310028076171875,1.102660894393921,0.7503875494003296,0.6282156705856323,0.4608709514141083,0.520537257194519,0.3658643066883087,0.0,0.375581830739975,0.5607266426086426,0.538418710231781,0.6058915257453918,0.8258697986602783,1.0104657411575317,1.6994123458862305,1.3220285177230835,1.2527235746383667,0.8886117935180664,1.0078800916671753,0.8576540946960449,1.0770087242126465,0.9251804947853088,0.5934005975723267,0.8422185778617859,1.0500634908676147,0.8334317803382874,0.7603503465652466,1.1170679330825806,1.2873519659042358,2.1418397426605225,1.9006046056747437,1.6007391214370728,1.3638471364974976,1.35330331325531,1.021459937095642,1.2435808181762695,1.4382126331329346,1.1756643056869507,1.0912230014801025,1.4685262441635132,1.5387753248214722,1.3054167032241821,1.4135386943817139,1.7724837064743042,1.2064416408538818,1.0902701616287231,0.9576103091239929,0.9803009629249573,1.2491511106491089,1.2328678369522095,1.6048153638839722,1.67887282371521,1.5103914737701416,1.729236125946045,2.0400636196136475,2.0403637886047363,1.9925748109817505,2.231508731842041,2.5078916549682617,1.534126877784729,1.2467526197433472,1.2252322435379028,1.0504719018936157,1.4004093408584595,1.3728476762771606,1.7359375953674316,1.7008949518203735,1.4783921241760254,1.7699939012527466,2.0353450775146484,1.9341226816177368,1.9133394956588745,2.2206339836120605,2.4365010261535645
A10,1.9519529342651367,1.6378817558288574,1.3819516897201538,1.0528345108032227,0.8497987985610962,0.5859915614128113,0.4829983115196228,0.5180266499519348,0.375581830739975,0.0,0.3836826980113983,0.538890540599823,0.4914466142654419,0.546657919883728,0.813286304473877,1.5918160676956177,1.21324622631073,1.252480149269104,0.948936939239502,1.168333888053894,1.1178861856460571,1.359851598739624,1.156217336654663,0.8863601684570312,1.187669038772583,1.3470587730407715,1.0872620344161987,1.0796805620193481,1.4477556943893433,1.562445044517517,2.2701199054718018,2.033952474594116,1.710080862045288,1.4593279361724854,1.3521203994750977,0.9980864524841309,1.108686089515686,1.3492337465286255,1.1404958963394165,0.9445850849151611,1.2938004732131958,1.43459951877594,1.2016206979751587,1.2122478485107422,1.578718900680542,1.182202935218811,1.0802184343338013,1.07807195186615,1.1293745040893555,1.457671046257019,1.4890673160552979,1.8599885702133179,1.8709979057312012,1.6994574069976807,1.9664385318756104,2.2521145343780518,2.202941656112671,2.177335739135742,2.453425407409668,2.7030389308929443,1.5450000762939453,1.3341726064682007,1.2968113422393799,1.2141603231430054,1.5646750926971436,1.5610612630844116,1.929067850112915,1.945878505706787,1.7506768703460693,2.0191593170166016,2.303196668624878,2.243720531463623,2.215329647064209,2.4989054203033447,2.7348883152008057
A11,2.0883429050445557,1.7720131874084473,1.5491313934326172,1.2415494918823242,0.9945068955421448,0.847163200378418,0.6033341288566589,0.4978729486465454,0.5607266426086426,0.3836826980113983,0.0,0.37242963910102844,0.5330877304077148,0.4889327883720398,0.5715165734291077,1.8988780975341797,1.517155408859253,1.579141616821289,1.2668099403381348,1.4255579710006714,1.3626784086227417,1.5303653478622437,1.2787765264511108,1.0289597511291504,1.2791880369186401,1.3631017208099365,1.0332953929901123,1.02825927734375,1.394708275794983,1.4463351964950562,2.6102375984191895,2.3874971866607666,2.059957265853882,1.8259787559509277,1.7280179262161255,1.3789739608764648,1.4774242639541626,1.7256882190704346,1.5134526491165161,1.2977434396743774,1.6271542310714722,1.7643147706985474,1.4956647157669067,1.4696754217147827,1.8420310020446777,1.2709944248199463,1.2809942960739136,1.274116039276123,1.4045871496200562,1.7040462493896484,1.7538319826126099,2.1145613193511963,2.1623058319091797,2.0199573040008545,2.2683629989624023,2.55900502204895,2.541612386703491,2.5180485248565674,2.773735761642456,3.0335147380828857,1.7420321702957153,1.5417532920837402,1.5818811655044556,1.5114035606384277,1.8782471418380737,1.892137050628662,2.2560858726501465,2.2318882942199707,2.0317795276641846,2.3237664699554443,2.588704824447632,2.4892468452453613,2.4725100994110107,2.7803292274475098,2.9962222576141357
A12,2.0922908782958984,1.7408955097198486,1.5832422971725464,1.2449434995651245,1.0938384532928467,0.9680548310279846,0.8474368453025818,0.6090714931488037,0.538418710231781,0.538890540599823,0.37242963910102844,0.0,0.36218905448913574,0.5422838926315308,0.5429942607879639,1.835429310798645,1.4518678188323975,1.473960041999817,1.1443331241607666,1.2143888473510742,1.1670677661895752,1.260377287864685,0.9702800512313843,0.7781336903572083,1.022929310798645,1.037028431892395,0.6974434852600098,0.7860156297683716,1.1332229375839233,1.1387859582901,2.4789650440216064,2.29514479637146,1.9583745002746582,1.779910683631897,1.7140302658081055,1.3996883630752563,1.5537385940551758,1.8258782625198364,1.6243128776550293,1.468915581703186,1.8227366209030151,1.9645280838012695,1.7279199361801147,1.7447842359542847,2.1138031482696533,1.5526641607284546,1.5231765508651733,1.4406734704971313,1.5117615461349487,1.7779051065444946,1.7551571130752563,2.1239655017852783,2.2156221866607666,2.037799596786499,2.2390782833099365,2.5646612644195557,2.560884952545166,2.487010955810547,2.725141763687134,3.0173091888427734,1.5106233358383179,1.2914791107177734,1.4039109945297241,1.3448312282562256,1.7214696407318115,1.7857575416564941,2.129776954650879,2.0565197467803955,1.8895747661590576,2.2159392833709717,2.4386911392211914,2.3254072666168213,2.358877658843994,2.6764564514160156,2.8535208702087402
A13,2.2402987480163574,1.88680100440979,1.703731656074524,1.3425116539001465,1.225202202796936,0.9993940591812134,0.9458478689193726,0.8207353353500366,0.6058915257453918,0.4914466142654419,0.5330877304077148,0.36218905448913574,0.0,0.37216323614120483,0.5602920651435852,1.4910424947738647,1.1116915941238403,1.18016517162323,0.897667407989502,1.025221586227417,1.0781608819961548,1.2141087055206299,0.9092596769332886,0.7808719277381897,1.1123427152633667,1.1395596265792847,0.8668394684791565,1.0236769914627075,1.356952428817749,1.3667364120483398,2.2591617107391357,2.097808837890625,1.738971471786499,1.5824850797653198,1.463653802871704,1.172905445098877,1.2896050214767456,1.601118564605713,1.4603416919708252,1.298291802406311,1.6350433826446533,1.8279865980148315,1.6453157663345337,1.640052318572998,1.9910290241241455,1.6623690128326416,1.5635557174682617,1.5190941095352173,1.5229476690292358,1.8214421272277832,1.773348093032837,2.1548237800598145,2.2041101455688477,1.982319951057434,2.199838399887085,2.5256845951080322,2.4723894596099854,2.3803348541259766,2.6492936611175537,2.934419870376587,1.2188142538070679,1.0492479801177979,1.1412113904953003,1.159655213356018,1.5321205854415894,1.6380443572998047,1.9751652479171753,1.9412612915039062,1.8192353248596191,2.13352370262146,2.359445333480835,2.3012008666992188,2.3494935035705566,2.6376867294311523,2.822962999343872
A14,2.4656636714935303,2.1332592964172363,1.9086681604385376,1.5678422451019287,1.3753265142440796,1.1323797702789307,0.9724515676498413,0.9364547729492188,0.8258697986602783,0.546657919883728,0.4889327883720398,0.5422838926315308,0.37216323614120483,0.0,0.3751891255378723,1.5922765731811523,1.2312453985214233,1.390030026435852,1.1610183715820312,1.3545249700546265,1.4211907386779785,1.5830167531967163,1.2802650928497314,1.1402357816696167,1.4640284776687622,1.4914747476577759,1.187036156654358,1.314237356185913,1.6618934869766235,1.6529994010925293,2.5226354598999023,2.350250482559204,1.9889955520629883,1.8047146797180176,1.6293379068374634,1.3221797943115234,1.3437929153442383,1.664548635482788,1.55150306224823,1.3080588579177856,1.5992233753204346,1.8283683061599731,1.6324952840805054,1.5453448295593262,1.8911248445510864,1.6356710195541382,1.5798617601394653,1.6171120405197144,1.6705970764160156,2.0006673336029053,2.007523536682129,2.385162591934204,2.397368907928467,2.1971733570098877,2.4528868198394775,2.753586530685425,2.679521322250366,2.6215946674346924,2.910228729248047,3.17063570022583,1.4541383981704712,1.3533101081848145,1.416611671447754,1.4686888456344604,1.8298097848892212,1.9204084873199463,2.2658028602600098,2.268190860748291,2.1380367279052734,2.431152105331421,2.6807541847229004,2.635892152786255,2.6592228412628174,2.93975567817688,3.1473639011383057
A15,2.6062519550323486,2.2665135860443115,2.079033136367798,1.7472386360168457,1.546022891998291,1.3718901872634888,1.1655216217041016,1.0396589040756226,1.0104657411575317,0.813286304473877,0.5715165734291077,0.5429942607879639,0.5602920651435852,0.3751891255378723,0.0,1.9073837995529175,1.5517808198928833,1.696163535118103,1.4481134414672852,1.572311520576477,1.6194117069244385,1.7104417085647583,1.3762482404708862,1.266652226448059,1.5378835201263428,1.4894126653671265,1.146775484085083,1.2973958253860474,1.6167895793914795,1.5357658863067627,2.8091883659362793,2.6519954204559326,2.290059804916382,2.124077081680298,1.9745595455169678,1.670227289199829,1.7151987552642822,2.0334632396698,1.9013501405715942,1.6646548509597778,1.9610170125961304,2.174879550933838,1.9520597457885742,1.8645340204238892,2.2173831462860107,1.8175042867660522,1.82394278049469,1.8351346254348755,1.929025650024414,2.2348709106445312,2.2406728267669678,2.6143031120300293,2.6647872924804688,2.479365587234497,2.7124619483947754,3.025925397872925,2.982191562652588,2.9160633087158203,3.184067487716675,3.461028814315796,1.6342148780822754,1.53494131565094,1.6711297035217285,1.7182376384735107,2.089975118637085,2.1955370903015137,2.535287857055664,2.4937825202941895,2.362701654434204,2.6803393363952637,2.906973123550415,2.825791120529175,2.867340564727783,3.1698131561279297,3.3531436920166016
B1,2.870168924331665,2.5789849758148193,2.3765153884887695,2.0684964656829834,2.111250162124634,1.7765840291976929,1.954042911529541,2.035674571990967,1.6994123458862305,1.5918160676956177,1.8988780975341797,1.835429310798645,1.4910424947738647,1.5922765731811523,1.9073837995529175,0.0,0.386823832988739,0.5752840042114258,0.9185510873794556,1.141197919845581,1.4465357065200806,1.6658331155776978,1.5818616151809692,1.635864019393921,1.9558714628219604,2.065704107284546,2.0394701957702637,2.2095260620117188,2.4542086124420166,2.5352580547332764,1.3971267938613892,1.3818390369415283,1.0634998083114624,1.1131391525268555,0.8140722513198853,0.9558556079864502,0.855767548084259,1.1091171503067017,1.3283531665802002,1.3401086330413818,1.4312137365341187,1.7042213678359985,1.8303139209747314,1.8343333005905151,1.9789482355117798,2.4598500728607178,2.1601014137268066,2.1845481395721436,1.955605149269104,2.2276735305786133,2.088156223297119,2.397481918334961,2.29036283493042,1.956156849861145,2.1572134494781494,2.4077274799346924,2.165860414505005,2.0057034492492676,2.342949390411377,2.5477309226989746,0.9007797837257385,1.0477222204208374,0.8166976571083069,1.116622805595398,1.1626546382904053,1.3700528144836426,1.5239126682281494,1.7038494348526,1.7955734729766846,1.937650442123413,2.1268861293792725,2.3121860027313232,2.388808488845825,2.493405818939209,2.6892099380493164
B2,2.5934903621673584,2.2851338386535645,2.0768325328826904,1.7491801977157593,1.7680819034576416,1.4336965084075928,1.593550443649292,1.656969666481018,1.3220285177230835,1.21324622631073,1.517155408859253,1.4518678188323975,1.1116915941238403,1.2312453985214233,1.5517808198928833,0.386823832988739,0.0,0.3812338709831238,0.6038352847099304,0.881467878818512,1.164759635925293,1.402551531791687,1.2784404754638672,1.2938331365585327,1.6342693567276,1.7487893104553223,1.6878864765167236,1.8490592241287231,2.1138978004455566,2.1960363388061523,1.492042064666748,1.4086222648620605,1.0438816547393799,1.0076113939285278,0.722611129283905,0.7175033688545227,0.6826865673065186,1.0105390548706055,1.1358609199523926,1.1066322326660156,1.2848258018493652,1.5528223514556885,1.6080180406570435,1.618547797203064,1.8251070976257324,2.144160032272339,1.8671905994415283,1.8777713775634766,1.6805661916732788,1.9720417261123657,1.8480325937271118,2.1872446537017822,2.111011028289795,1.7900075912475586,2.009479284286499,2.2884819507598877,2.089113473892212,1.9456366300582886,2.278717517852783,2.5112478733062744,0.783708930015564,0.8308499455451965,0.6202676296234131,0.8857307434082031,1.0490378141403198,1.2373470067977905,1.4712082147598267,1.6049610376358032,1.6344833374023438,1.8293153047561646,2.045682668685913,2.1733956336975098,2.2385811805725098,2.394902229309082,2.5995752811431885
B3,2.333845853805542,2.0294699668884277,1.858281135559082,1.5452088117599487,1.6392943859100342,1.3411316871643066,1.578769326210022,1.609836220741272,1.2527235746383667,1.252480149269104,1.579141616821289,1.473960041999817,1.18016517162323,1.390030026435852,1.696163535118103,0.5752840042114258,0.3812338709831238,0.0,0.38262104988098145,0.6010288596153259,0.8765739798545837,1.124818205833435,1.089420199394226,1.1132878065109253,1.4097639322280884,1.5617974996566772,1.5708893537521362,1.7043851613998413,1.9306151866912842,2.053847312927246,1.1728256940841675,1.0757044553756714,0.6971884965896606,0.7016977071762085,0.5273245573043823,0.5963613986968994,0.74257493019104,0.9821533560752869,1.047067642211914,1.13286554813385,1.3519254922866821,1.5406548976898193,1.5982469320297241,1.6946946382522583,1.90518319606781,2.115044116973877,1.8129740953445435,1.7569156885147095,1.5109654664993286,1.753281831741333,1.5768251419067383,1.9016087055206299,1.8523731231689453,1.5111744403839111,1.6877070665359497,1.984527587890625,1.8048113584518433,1.6247869729995728,1.9402422904968262,2.1959338188171387,0.7567182183265686,0.6697839498519897,0.3293508291244507,0.5467957854270935,0.6680920124053955,0.873184323310852,1.0994887351989746,1.2240197658538818,1.2664705514907837,1.4625357389450073,1.6663880348205566,1.7987923622131348,1.8761637210845947,2.028186798095703,2.2219903469085693
B4,2.0401134490966797,1.7138954401016235,1.5474724769592285,1.2108054161071777,1.2991055250167847,1.022475004196167,1.262937307357788,1.2512317895889282,0.8886117935180664,0.948936939239502,1.2668099403381348,1.1443331241607666,0.897667407989502,1.1610183715820312,1.4481134414672852,0.9185510873794556,0.6038352847099304,0.38262104988098145,0.0,0.3809274435043335,0.5710244178771973,0.8599118590354919,0.798029363155365,0.7488143444061279,1.0625967979431152,1.2401667833328247,1.2244758605957031,1.3308639526367188,1.5735127925872803,1.7138422727584839,1.3684800863265991,1.2100094556808472,0.8431101441383362,0.742238461971283,0.6734390258789062,0.5412244200706482,0.8051901459693909,1.0475302934646606,0.9771994352340698,1.0400182008743286,1.3447057008743286,1.494364619255066,1.467400074005127,1.589536428451538,1.8557506799697876,1.8426488637924194,1.5694701671600342,1.4724016189575195,1.2603759765625,1.5074580907821655,1.3396092653274536,1.6953506469726562,1.6958129405975342,1.3797789812088013,1.5620924234390259,1.8890247344970703,1.7713630199432373,1.6131727695465088,1.9058839082717896,2.1886019706726074,0.8506600856781006,0.6083358526229858,0.3810224235057831,0.365975022315979,0.680201530456543,0.8193958401679993,1.1291718482971191,1.177167296409607,1.1290117502212524,1.38926100730896,1.6152722835540771,1.6684889793395996,1.7310930490493774,1.9439258575439453,2.141136646270752
B5,2.0077579021453857,1.6634291410446167,1.5809297561645508,1.2514457702636719,1.4123388528823853,1.2120517492294312,1.4655876159667969,1.3644709587097168,1.0078800916671753,1.168333888053894,1.4255579710006714,1.2143888473510742,1.025221586227417,1.3545249700546265,1.572311520576477,1.141197919845581,0.881467878818512,0.6010288596153259,0.3809274435043335,0.0,0.36861249804496765,0.5279328227043152,0.5311956405639648,0.6188727617263794,0.8536444902420044,0.9882770776748657,1.0727832317352295,1.2126716375350952,1.3786675930023193,1.5073974132537842,1.3075532913208008,1.208596110343933,0.8723157048225403,0.8865601420402527,0.9415227174758911,0.8811706304550171,1.1748578548431396,1.3824819326400757,1.2881803512573242,1.392594575881958,1.706845998764038,1.8214486837387085,1.7818259000778198,1.9356961250305176,2.2089741230010986,2.0646440982818604,1.8103601932525635,1.644863486289978,1.4278767108917236,1.606955885887146,1.3741092681884766,1.7111432552337646,1.782530665397644,1.461812138557434,1.5575507879257202,1.9172989130020142,1.847840666770935,1.6348974704742432,1.8748692274093628,2.197705030441284,0.7706717252731323,0.41411858797073364,0.34669411182403564,0.23503582179546356,0.5599861145019531,0.7849996089935303,1.0369336605072021,0.9701275825500488,0.9717774987220764,1.2865811586380005,1.4385604858398438,1.457071304321289,1.5883522033691406,1.8183296918869019,1.9569478034973145
B6,1.6488569974899292,1.299780249595642,1.244523286819458,0.929567813873291,1.1435381174087524,1.0178292989730835,1.3067525625228882,1.178116798400879,0.8576540946960449,1.1178861856460571,1.3626784086227417,1.1670677661895752,1.0781608819961548,1.4211907386779785,1.6194117069244385,1.4465357065200806,1.164759635925293,0.8765739798545837,0.5710244178771973,0.36861249804496765,0.0,0.379014253616333,0.522383987903595,0.44150495529174805,0.5828781723976135,0.8352348208427429,0.9459794759750366,0.9827556014060974,1.1335092782974243,1.339310884475708,1.4195408821105957,1.2497299909591675,0.975413978099823,0.9057754874229431,1.0559219121932983,0.9358694553375244,1.2840410470962524,1.430757761001587,1.2462745904922485,1.3805162906646729,1.7220057249069214,1.76786208152771,1.6846749782562256,1.8879517316818237,2.1742005348205566,1.8599209785461426,1.6197184324264526,1.3955501317977905,1.1861488819122314,1.3173927068710327,1.071699857711792,1.409069538116455,1.5305516719818115,1.2438608407974243,1.3190234899520874,1.692018747329712,1.6842483282089233,1.4955978393554688,1.7006925344467163,2.036207675933838,1.130286693572998,0.7565053701400757,0.6920138001441956,0.3675631284713745,0.6534777879714966,0.7148187756538391,1.0064820051193237,0.8896300196647644,0.7655255198478699,1.1137380599975586,1.2928622961044312,1.2360926866531372,1.3307716846466064,1.6072930097579956,1.7586829662322998
B7,1.7794455289840698,1.4203758239746094,1.4537516832351685,1.1618341207504272,1.3888978958129883,1.3198152780532837,1.567671537399292,1.363644003868103,1.0770087242126465,1.359851598739624,1.5303653478622437,1.260377287864685,1.2141087055206299,1.5830167531967163,1.7104417085647583,1.6658331155776978,1.402551531791687,1.124818205833435,0.8599118590354919,0.5279328227043152,0.379014253616333,0.0,0.37036389112472534,0.5057228803634644,0.47404932975769043,0.592072069644928,0.8304367661476135,0.9291345477104187,0.9693135023117065,1.1273605823516846,1.5551445484161377,1.4590259790420532,1.2124582529067993,1.2286181449890137,1.3887150287628174,1.2982076406478882,1.6326199769973755,1.7985260486602783,1.6251085996627808,1.748185396194458,2.0936439037323,2.146054983139038,2.0517404079437256,2.247737407684326,2.5445706844329834,2.147289752960205,1.942482829093933,1.6913025379180908,1.511770248413086,1.5995651483535767,1.3312402963638306,1.6330920457839966,1.8114145994186401,1.540170669555664,1.5443377494812012,1.9268369674682617,1.9573709964752197,1.7337448596954346,1.8850493431091309,2.244358539581299,1.1419899463653564,0.7636235356330872,0.855141282081604,0.6305986642837524,0.8380903601646423,0.9712063670158386,1.1718103885650635,0.9430387020111084,0.891797661781311,1.2635546922683716,1.3422988653182983,1.2312861680984497,1.4077712297439575,1.696448564529419,1.7699774503707886
B8,1.977781891822815,1.6011028289794922,1.583580732345581,1.2466437816619873,1.3814603090286255,1.2719659805297852,1.4447016716003418,1.2170912027359009,0.9251804947853088,1.156217336654663,1.2787765264511108,0.9702800512313843,0.9092596769332886,1.2802650928497314,1.3762482404708862,1.5818616151809692,1.2784404754638672,1.089420199394226,0.798029363155365,0.5311956405639648,0.522383987903595,0.37036389112472534,0.0,0.36657801270484924,0.5156787037849426,0.4881772994995117,0.5935817956924438,0.8109405040740967,0.9317119717597961,0.9947236776351929,1.7750686407089233,1.685033917427063,1.380711317062378,1.3680568933486938,1.4365358352661133,1.29137122631073,1.5794249773025513,1.8106653690338135,1.651862621307373,1.6969155073165894,2.052581310272217,2.156931161880493,2.0367045402526855,2.1772687435150146,2.497467279434204,2.0985982418060303,1.9265491962432861,1.7187366485595703,1.5919030904769897,1.7473838329315186,1.533865213394165,1.8728326559066772,2.0247340202331543,1.757271409034729,1.8228232860565186,2.2003607749938965,2.206033706665039,2.0078108310699463,2.195605516433716,2.5422840118408203,0.9831886291503906,0.6281933784484863,0.8283241391181946,0.7256940603256226,1.0302497148513794,1.202697992324829,1.4466227293014526,1.2686086893081665,1.2183878421783447,1.5849875211715698,1.6939303874969482,1.5970686674118042,1.7528496980667114,2.0451953411102295,2.136150598526001
B9,1.6962705850601196,1.3184159994125366,1.2569665908813477,0.9061664938926697,1.0158857107162476,0.9246857762336731,1.1040600538253784,0.8787478804588318,0.5934005975723267,0.8863601684570312,1.0289597511291504,0.7781336903572083,0.7808719277381897,1.1402357816696167,1.266652226448059,1.635864019393921,1.2938331365585327,1.1132878065109253,0.7488143444061279,0.6188727617263794,0.44150495529174805,0.5057228803634644,0.36657801270484924,0.0,0.37157922983169556,0.5566184520721436,0.5315488576889038,0.6000702977180481,0.8275160193443298,0.9871115684509277,1.8483787775039673,1.6815797090530396,1.3855681419372559,1.2752201557159424,1.3500702381134033,1.1333132982254028,1.4357309341430664,1.6390644311904907,1.4233347177505493,1.4549256563186646,1.8273025751113892,1.8988559246063232,1.7407715320587158,1.8959083557128906,2.2273478507995605,1.7394927740097046,1.5790643692016602,1.3629469871520996,1.2666069269180298,1.4357905387878418,1.2664998769760132,1.622913122177124,1.7694872617721558,1.5362550020217896,1.6440767049789429,2.009549379348755,2.0308444499969482,1.8841121196746826,2.081758499145508,2.412118673324585,1.2166744470596313,0.8593803644180298,0.9352766871452332,0.7336961030960083,1.0752722024917603,1.142045021057129,1.4472131729125977,1.3111448287963867,1.1602184772491455,1.5147868394851685,1.691307783126831,1.5725551843643188,1.654434323310852,1.9684314727783203,2.109856605529785
B10,1.5208876132965088,1.1412911415100098,1.1871942281723022,0.89969402551651,1.0856622457504272,1.1121381521224976,1.3025660514831543,1.03125,0.8422185778617859,1.187669038772583,1.2791880369186401,1.022929310798645,1.1123427152633667,1.4640284776687622,1.5378835201263428,1.9558714628219604,1.6342693567276,1.4097639322280884,1.0625967979431152,0.8536444902420044,0.5828781723976135,0.47404932975769043,0.5156787037849426,0.37157922983169556,0.0,0.37857186794281006,0.5320355296134949,0.4832554757595062,0.551516592502594,0.7948692440986633,1.950485348701477,1.78830087184906,1.5481173992156982,1.4609514474868774,1.6096725463867188,1.4206042289733887,1.7516214847564697,1.911230206489563,1.665143609046936,1.739050030708313,2.1114566326141357,2.1331677436828613,1.9632868766784668,2.1579952239990234,2.4853150844573975,1.8651949167251587,1.7298154830932617,1.4504938125610352,1.3636060953140259,1.4422307014465332,1.241269588470459,1.5510131120681763,1.7692166566848755,1.5711876153945923,1.6057015657424927,1.975812554359436,2.060913562774658,1.9038690328598022,2.03920841217041,2.3870508670806885,1.4790620803833008,1.105140209197998,1.198167324066162,0.9408740997314453,1.2093069553375244,1.2371667623519897,1.4961163997650146,1.2850545644760132,1.1087390184402466,1.4713863134384155,1.599662184715271,1.4058071374893188,1.5047011375427246,1.8454904556274414,1.9448964595794678
B11,1.8519296646118164,1.4767104387283325,1.5439156293869019,1.2574291229248047,1.394757628440857,1.406442403793335,1.5331557989120483,1.2208203077316284,1.0500634908676147,1.3470587730407715,1.3631017208099365,1.037028431892395,1.1395596265792847,1.4914747476577759,1.4894126653671265,2.065704107284546,1.7487893104553223,1.5617974996566772,1.2401667833328247,0.9882770776748657,0.8352348208427429,0.592072069644928,0.4881772994995117,0.5566184520721436,0.37857186794281006,0.0,0.37203460931777954,0.5306330323219299,0.48929649591445923,0.5403220057487488,2.1463661193847656,2.0391225814819336,1.778533697128296,1.7405303716659546,1.8549704551696777,1.675988793373108,1.9807249307632446,2.186131715774536,1.9697331190109253,2.009186029434204,2.383174180984497,2.4440860748291016,2.27107572555542,2.4296674728393555,2.7692933082580566,2.1462314128875732,2.041206121444702,1.7831838130950928,1.7217271327972412,1.8165929317474365,1.6193950176239014,1.9236537218093872,2.1463420391082764,1.9388078451156616,1.9620002508163452,2.3368964195251465,2.4159319400787354,2.2360949516296387,2.366178035736084,2.723576068878174,1.440748929977417,1.104236125946045,1.3082785606384277,1.1421291828155518,1.4152640104293823,1.5197522640228271,1.749423861503601,1.5076576471328735,1.4006352424621582,1.7726186513900757,1.8506067991256714,1.655812382698059,1.8075172901153564,2.1403560638427734,2.194211483001709
B12,1.912194013595581,1.5345550775527954,1.531747579574585,1.2189453840255737,1.2543361186981201,1.2484102249145508,1.2914549112319946,0.9578970670700073,0.8334317803382874,1.0872620344161987,1.0332953929901123,0.6974434852600098,0.8668394684791565,1.187036156654358,1.146775484085083,2.0394701957702637,1.6878864765167236,1.5708893537521362,1.2244758605957031,1.0727832317352295,0.9459794759750366,0.8304367661476135,0.5935817956924438,0.5315488576889038,0.5320355296134949,0.37203460931777954,0.0,0.36448559165000916,0.54215407371521,0.5241121649742126,2.330552339553833,2.193342924118042,1.8983808755874634,1.8059812784194946,1.861378788948059,1.6244269609451294,1.8891944885253906,2.1227564811706543,1.8994174003601074,1.872089147567749,2.249466896057129,2.333998680114746,2.127042055130005,2.2423083782196045,2.599245309829712,1.9400272369384766,1.8763169050216675,1.6605067253112793,1.6598204374313354,1.810465931892395,1.678004503250122,2.01147198677063,2.2023322582244873,2.0112078189849854,2.097630262374878,2.460963487625122,2.521728992462158,2.3810932636260986,2.5467782020568848,2.8862595558166504,1.473641037940979,1.1681544780731201,1.3669735193252563,1.2347966432571411,1.5663855075836182,1.6576879024505615,1.938749074935913,1.749855637550354,1.610206961631775,1.9760328531265259,2.1087169647216797,1.930227518081665,2.035919666290283,2.3747026920318604,2.471520185470581
B13,1.592637538909912,1.2249455451965332,1.23768150806427,0.9662149548530579,1.0029644966125488,1.091687798500061,1.1407016515731812,0.788643479347229,0.7603503465652466,1.0796805620193481,1.02825927734375,0.7860156297683716,1.0236769914627075,1.314237356185913,1.2973958253860474,2.2095260620117188,1.8490592241287231,1.7043851613998413,1.3308639526367188,1.2126716375350952,0.9827556014060974,0.9291345477104187,0.8109405040740967,0.6000702977180481,0.4832554757595062,0.5306330323219299,0.36448559165000916,0.0,0.3726104497909546,0.5673509240150452,2.3959081172943115,2.2101690769195557,1.9488208293914795,1.806972622871399,1.9009445905685425,1.640165090560913,1.9255356788635254,2.1091480255126953,1.83595609664917,1.825525164604187,2.2059502601623535,2.2357709407806396,1.999497652053833,2.148744821548462,2.5043904781341553,1.7093359231948853,1.6723575592041016,1.4189294576644897,1.4558568000793457,1.5660223960876465,1.4654159545898438,1.7766839265823364,1.9912070035934448,1.850243091583252,1.9335612058639526,2.2789833545684814,2.378763198852539,2.274698257446289,2.417569398880005,2.745781660079956,1.744020700454712,1.4071215391159058,1.5323127508163452,1.3196368217468262,1.6353334188461304,1.6458178758621216,1.9399545192718506,1.756149172782898,1.5478075742721558,1.8935117721557617,2.051640272140503,1.8357677459716797,1.8888388872146606,2.2445592880249023,2.361151933670044
