,A1,A2,A3,A4,A5,A6,A7,A8,A9,A10,A11,A12,A13,A14,A15,B1,B2,B3,B4,B5,B6,B7,B8,B9,B10,B11,B12,B13,B14,B15,C1,C2,C3,C4,C5,C6,C7,C8,C9,C10,C11,C12,C13,C14,C15,D1,D2,D3,D4,D5,D6,D7,D8,D9,D10,D11,D12,D13,D14,D15,E1,E2,E3,E4,E5,E6,E7,E8,E9,E10,E11,E12,E13,E14,E15
A1,0.0,0.38260743021965027,0.6416966319084167,0.8196414709091187,0.7124008536338806,0.8036386966705322,1.1202951669692993,1.2388710975646973,1.2496638298034668,1.4063626527786255,1.7025911808013916,1.7299246788024902,1.9841809272766113,2.0458574295043945,2.0922558307647705,1.0938559770584106,1.0307915210723877,0.8996741771697998,1.2736549377441406,1.421972632408142,1.2716004848480225,1.4315812587738037,1.762905478477478,1.8186386823654175,1.7351208925247192,2.0117313861846924,2.0172054767608643,2.103914260864258,2.2337610721588135,2.485825777053833,1.0301592350006104,1.1760094165802002,1.151403546333313,1.5195175409317017,1.5067774057388306,1.332871675491333,1.6136919260025024,1.8955405950546265,1.837661862373352,1.7790014743804932,2.127614736557007,2.232391119003296,2.37385892868042,2.523219347000122,2.6910762786865234,0.7464885115623474,1.0719131231307983,1.175410270690918,1.4639248847961426,1.3177895545959473,1.2132713794708252,1.5780891180038452,1.757917046546936,1.6290349960327148,1.6805888414382935,2.048698902130127,2.170156717300415,2.3921120166778564,2.563758134841919,2.652132034301758,0.743314266204834,0.5284703969955444,0.43628397583961487,0.7730273604393005,0.9724724888801575,0.933316707611084,1.0703617334365845,1.3514553308486938,1.4737848043441772,1.4725062847137451,1.7173235416412354,1.6862863302230835,1.811641812324524,1.861210584640503,2.0315635204315186
A2,0.38260743021965027,0.0,0.3805130422115326,0.5137084722518921,0.5806446671485901,0.7336379885673523,0.9368150234222412,1.075840711593628,1.1966140270233154,1.3413362503051758,1.5749794244766235,1.5249634981155396,1.7559376955032349,1.7663525342941284,1.8256641626358032,1.2861851453781128,1.3101757764816284,1.164334774017334,1.549282193183899,1.638320803642273,1.422970175743103,1.6113477945327759,1.9538649320602417,1.944955587387085,1.8170225620269775,2.1221532821655273,2.188199996948242,2.2593612670898438,2.437412977218628,2.6900031566619873,1.0041189193725586,1.2541249990463257,1.273026704788208,1.6020780801773071,1.4970206022262573,1.3264944553375244,1.6609171628952026,1.8932467699050903,1.771525263786316,1.7447943687438965,2.119570016860962,2.2720673084259033,2.450934648513794,2.627920627593994,2.759500026702881,0.47834837436676025,0.8556417226791382,1.0402660369873047,1.2508193254470825,1.0576746463775635,1.0477712154388428,1.4211128950119019,1.532468557357788,1.4216302633285522,1.5523923635482788,1.89934504032135,1.9918183088302612,2.254162549972534,2.394519805908203,2.4393272399902344,1.086167812347412,0.8988639712333679,0.6958104968070984,1.0249295234680176,1.2525198459625244,1.1253819465637207,1.196231484413147,1.5346026420593262,1.6527975797653198,1.5651514530181885,1.7888203859329224,1.7702100276947021,1.8195600509643555,1.8813303709030151,2.110731363296509
A3,0.6416966319084167,0.3805130422115326,0.0,0.3844698965549469,0.5503658056259155,0.5335330963134766,0.6591535210609436,0.9110215902328491,1.0463378429412842,1.095440149307251,1.3183798789978027,1.2777925729751587,1.4595506191253662,1.498281478881836,1.6164792776107788,1.2467762231826782,1.3190759420394897,1.13277006149292,1.5020304918289185,1.5238239765167236,1.2466228008270264,1.4541537761688232,1.7905763387680054,1.7207820415496826,1.5621715784072876,1.8890949487686157,2.0136826038360596,2.0924952030181885,2.3146564960479736,2.546642303466797,0.9197091460227966,1.173382043838501,1.1457751989364624,1.431605577468872,1.2665684223175049,1.0567115545272827,1.403701663017273,1.6111711263656616,1.4438986778259277,1.4145426750183105,1.7983155250549316,1.9861639738082886,2.1798486709594727,2.3830487728118896,2.4950151443481445,0.3516025245189667,0.6427622437477112,0.7578767538070679,0.9246187210083008,0.6995667219161987,0.6741188764572144,1.0488616228103638,1.1548913717269897,1.0535564422607422,1.190965175628662,1.526478886604309,1.6116753816604614,1.8794400691986084,2.022076368331909,2.064318895339966,1.1807172298431396,1.0674852132797241,0.78925621509552,1.1259156465530396,1.287500023841858,1.0528281927108765,1.125211477279663,1.4956985712051392,1.5493401288986206,1.386243224143982,1.6285855770111084,1.6794004440307617,1.7005141973495483,1.8296582698822021,2.080676794052124
A4,0.8196414709091187,0.5137084722518921,0.3844698965549469,0.0,0.3768954873085022,0.5549162030220032,0.5372933149337769,0.6513919830322266,0.8905259966850281,1.0242974758148193,1.1613963842391968,1.0407943725585938,1.2707644701004028,1.2593269348144531,1.3135172128677368,1.6113020181655884,1.6390964984893799,1.4070205688476562,1.763596773147583,1.824828028678894,1.5246459245681763,1.6645811796188354,2.0255651473999023,1.9682140350341797,1.7519097328186035,2.0427277088165283,2.162367343902588,2.177511692047119,2.41070818901062,2.6741349697113037,1.2944834232330322,1.5575768947601318,1.5145643949508667,1.8008641004562378,1.6230024099349976,1.3855613470077515,1.7162253856658936,1.922846794128418,1.7125062942504883,1.6441532373428345,2.029939651489258,2.2614471912384033,2.4336516857147217,2.6687917709350586,2.7894580364227295,0.6517258882522583,0.9483872652053833,1.089200735092163,1.1616137027740479,0.8448721766471863,0.8698209524154663,1.2315223217010498,1.2318607568740845,1.0557405948638916,1.260001540184021,1.5870981216430664,1.7108659744262695,2.017835855484009,2.1672513484954834,2.1524665355682373,1.442608118057251,1.2437794208526611,0.9188591837882996,1.1641333103179932,1.3991702795028687,1.1859211921691895,1.1299493312835693,1.5033665895462036,1.621645212173462,1.4333195686340332,1.590434193611145,1.5819909572601318,1.5333170890808105,1.6215150356292725,1.9112889766693115
A5,0.7124008536338806,0.5806446671485901,0.5503658056259155,0.3768954873085022,0.0,0.3779424726963043,0.5398944020271301,0.5356552004814148,0.6399768590927124,0.8650034070014954,1.0699899196624756,1.0494195222854614,1.3457194566726685,1.4061665534973145,1.4083251953125,1.5664883852005005,1.5065232515335083,1.2245922088623047,1.5560152530670166,1.6804980039596558,1.3948414325714111,1.461091160774231,1.8394153118133545,1.8429288864135742,1.6187857389450073,1.864038348197937,1.9285980463027954,1.9142364263534546,2.1200692653656006,2.406644582748413,1.420106053352356,1.6117947101593018,1.500562071800232,1.8239250183105469,1.7125569581985474,1.430801510810852,1.7107826471328735,1.977056622505188,1.8008629083633423,1.6638898849487305,2.033336639404297,2.250072479248047,2.3698198795318604,2.607192277908325,2.7734897136688232,0.8797316551208496,1.1914156675338745,1.2585738897323608,1.3991848230361938,1.101826548576355,0.9982683658599854,1.3676084280014038,1.4236490726470947,1.1817988157272339,1.2960660457611084,1.6604152917861938,1.8506760597229004,2.1278440952301025,2.3282387256622314,2.343540668487549,1.25758695602417,1.0095690488815308,0.653933584690094,0.8190162181854248,1.0778645277023315,0.9057750701904297,0.7958141565322876,1.1539512872695923,1.3172346353530884,1.176990270614624,1.3114689588546753,1.258665680885315,1.2567058801651,1.3225269317626953,1.5817694664001465
A6,0.8036386966705322,0.7336379885673523,0.5335330963134766,0.5549162030220032,0.3779424726963043,0.0,0.3857138156890869,0.5786360502243042,0.5557551980018616,0.6179001331329346,0.9113375544548035,0.9954657554626465,1.2385671138763428,1.3814946413040161,1.4565391540527344,1.3676726818084717,1.3211358785629272,1.0089203119277954,1.3129149675369263,1.3886922597885132,1.0672825574874878,1.1388448476791382,1.509836196899414,1.4823436737060547,1.248508334159851,1.511367917060852,1.6104011535644531,1.6271750926971436,1.8602229356765747,2.1193063259124756,1.2902973890304565,1.4280898571014404,1.253126621246338,1.5497608184814453,1.4410290718078613,1.1204988956451416,1.3688892126083374,1.6440253257751465,1.4699736833572388,1.3012917041778564,1.6634650230407715,1.8836380243301392,1.9960800409317017,2.242626667022705,2.4105918407440186,0.8755738139152527,1.093403697013855,1.0478744506835938,1.2031768560409546,0.9396079182624817,0.7232216596603394,1.072870135307312,1.189268708229065,0.9437844157218933,0.9765546917915344,1.3569064140319824,1.5633398294448853,1.8089748620986938,2.034785270690918,2.0868194103240967,1.1520254611968994,1.0027185678482056,0.6338998079299927,0.8321226835250854,0.9615623354911804,0.6769442558288574,0.638213574886322,1.019933819770813,1.0814545154571533,0.8904531598091125,1.0990464687347412,1.1538937091827393,1.1901752948760986,1.3529433012008667,1.5877972841262817
A7,1.1202951669692993,0.9368150234222412,0.6591535210609436,0.5372933149337769,0.5398944020271301,0.3857138156890869,0.0,0.3858966529369354,0.543623149394989,0.5236513018608093,0.6630831360816956,0.6523120403289795,0.8697738647460938,0.9979835748672485,1.1010375022888184,1.661731481552124,1.6646367311477661,1.361168384552002,1.6470130681991577,1.6750524044036865,1.3193713426589966,1.3905619382858276,1.7416465282440186,1.6516776084899902,1.367050051689148,1.6269360780715942,1.7895764112472534,1.7742948532104492,2.0523736476898193,2.3023245334625244,1.4708263874053955,1.654276728630066,1.5011759996414185,1.7442433834075928,1.5630789995193481,1.244374394416809,1.5027292966842651,1.7167222499847412,1.4688268899917603,1.3083821535110474,1.6736615896224976,1.954297423362732,2.085452079772949,2.36561918258667,2.4996232986450195,0.9757130146026611,1.1391628980636597,1.1068813800811768,1.1331923007965088,0.8001904487609863,0.6631803512573242,0.9630595445632935,0.9556236863136292,0.6610293984413147,0.802890419960022,1.1445488929748535,1.3537092208862305,1.646196722984314,1.8561468124389648,1.8491193056106567,1.5278652906417847,1.38318932056427,1.0122627019882202,1.181249737739563,1.3189858198165894,1.015588402748108,0.9032262563705444,1.2700053453445435,1.3170348405838013,1.037923812866211,1.1738985776901245,1.2501200437545776,1.1723507642745972,1.3624839782714844,1.653855800628662
A8,1.2388710975646973,1.075840711593628,0.9110215902328491,0.6513919830322266,0.5356552004814148,0.5786360502243042,0.3858966529369354,0.0,0.3721908628940582,0.57485431432724,0.6023663282394409,0.5400078892707825,0.8802893161773682,0.9772637486457825,0.9457131028175354,1.9448168277740479,1.8915525674819946,1.5632652044296265,1.8352656364440918,1.9255603551864624,1.5859724283218384,1.5851032733917236,1.9514169692993164,1.9118003845214844,1.6050527095794678,1.802699089050293,1.9173341989517212,1.8317493200302124,2.0909016132354736,2.378227472305298,1.7916648387908936,1.9768366813659668,1.8180994987487793,2.0894393920898438,1.933508038520813,1.608169436454773,1.8472776412963867,2.083207607269287,1.8409405946731567,1.6498011350631714,1.99746572971344,2.2829036712646484,2.376861810684204,2.667003870010376,2.8259949684143066,1.2431076765060425,1.4690605401992798,1.4769821166992188,1.5053627490997314,1.1557697057724,1.0490658283233643,1.3363659381866455,1.2871261835098267,0.9584099650382996,1.0981725454330444,1.4155935049057007,1.6633539199829102,1.959778070449829,2.1816415786743164,2.1440746784210205,1.688527226448059,1.469552755355835,1.0944223403930664,1.1548711061477661,1.3560985326766968,1.1236002445220947,0.8852729201316833,1.2118955850601196,1.3494235277175903,1.1008435487747192,1.1161975860595703,1.084286093711853,0.9376994967460632,1.059417963027954,1.3842129707336426
A9,1.2496638298034668,1.1966140270233154,1.0463378429412842,0.8905259966850281,0.6399768590927124,0.5557551980018616,0.543623149394989,0.3721908628940582,0.0,0.38131266832351685,0.5658652782440186,0.7309911847114563,1.0518463850021362,1.2440505027770996,1.2184444665908813,1.8560410737991333,1.74495267868042,1.3843376636505127,1.6009150743484497,1.721472144126892,1.3968076705932617,1.31926691532135,1.6830638647079468,1.6881219148635864,1.3756502866744995,1.5217865705490112,1.5944041013717651,1.483870506286621,1.730108380317688,2.028326988220215,1.8433716297149658,1.9605408906936646,1.7409353256225586,2.0193305015563965,1.9196479320526123,1.5652674436569214,1.741803765296936,2.0203897953033447,1.8171954154968262,1.5670956373214722,1.883847951889038,2.148322343826294,2.1902530193328857,2.479991912841797,2.6768505573272705,1.3967149257659912,1.6131703853607178,1.55284583568573,1.639338493347168,1.331937551498413,1.1209453344345093,1.391058087348938,1.4196256399154663,1.0735968351364136,1.0842667818069458,1.4247362613677979,1.722112774848938,1.9683250188827515,2.235872745513916,2.2453839778900146,1.5444601774215698,1.3420029878616333,0.9810976386070251,0.9548031687736511,1.0942418575286865,0.8700487017631531,0.5716614723205566,0.8637901544570923,0.9989447593688965,0.7668929696083069,0.7589597702026367,0.7318838238716125,0.6586019992828369,0.8360050320625305,1.111165165901184
A10,1.4063626527786255,1.3413362503051758,1.095440149307251,1.0242974758148193,0.8650034070014954,0.6179001331329346,0.5236513018608093,0.57485431432724,0.38131266832351685,0.0,0.38927823305130005,0.6864031553268433,0.8952802419662476,1.168731927871704,1.239538550376892,1.792894959449768,1.7225521802902222,1.365586757659912,1.5452673435211182,1.5911751985549927,1.2347369194030762,1.1659396886825562,1.4967344999313354,1.4368348121643066,1.092617154121399,1.2533085346221924,1.4031015634536743,1.3219177722930908,1.6211748123168945,1.875226378440857,1.7868213653564453,1.8762171268463135,1.626613974571228,1.8492681980133057,1.7289437055587769,1.36012864112854,1.4965267181396484,1.748360276222229,1.5255026817321777,1.2479572296142578,1.5455785989761353,1.836177110671997,1.8779057264328003,2.188168525695801,2.368603467941284,1.421189785003662,1.5508538484573364,1.4148861169815063,1.4663645029067993,1.1930713653564453,0.9311113953590393,1.1214357614517212,1.1627166271209717,0.812282919883728,0.7405045628547668,1.0705158710479736,1.3915010690689087,1.6134161949157715,1.8999797105789185,1.9267784357070923,1.6074447631835938,1.4898898601531982,1.137090802192688,1.1716678142547607,1.208600640296936,0.8970873355865479,0.7018893957138062,0.9766629934310913,0.9665127396583557,0.6258246898651123,0.6893522143363953,0.8492364287376404,0.7875826954841614,1.076297402381897,1.3187546730041504
A11,1.7025911808013916,1.5749794244766235,1.3183798789978027,1.1613963842391968,1.0699899196624756,0.9113375544548035,0.6630831360816956,0.6023663282394409,0.5658652782440186,0.38927823305130005,0.0,0.3931736350059509,0.5822601914405823,0.8795685172080994,0.9256176352500916,2.1494436264038086,2.101834297180176,1.750373363494873,1.9326859712600708,1.9641185998916626,1.599712610244751,1.5326662063598633,1.8414908647537231,1.750606894493103,1.3859162330627441,1.5153990983963013,1.6949518918991089,1.5684019327163696,1.883803367614746,2.1317150592803955,2.0663399696350098,2.1930620670318604,1.9668385982513428,2.165532350540161,2.0013389587402344,1.645056128501892,1.7899986505508423,1.9935390949249268,1.7228507995605469,1.4610179662704468,1.739837884902954,2.071502208709717,2.1183626651763916,2.450345277786255,2.6048269271850586,1.632789969444275,1.7498737573623657,1.6428897380828857,1.6101272106170654,1.3031394481658936,1.123595118522644,1.258440613746643,1.179344892501831,0.806071400642395,0.8269137144088745,1.056998372077942,1.3861758708953857,1.639437198638916,1.9085288047790527,1.8670450448989868,1.9816200733184814,1.840450644493103,1.4744552373886108,1.4968416690826416,1.572435736656189,1.2801711559295654,1.0428522825241089,1.2845251560211182,1.3005270957946777,0.9546611309051514,0.8922016620635986,1.0094895362854004,0.79762202501297,1.0782356262207031,1.369949460029602
A12,1.7299246788024902,1.5249634981155396,1.2777925729751587,1.0407943725585938,1.0494195222854614,0.9954657554626465,0.6523120403289795,0.5400078892707825,0.7309911847114563,0.6864031553268433,0.3931736350059509,0.0,0.3714398145675659,0.5351309776306152,0.5552677512168884,2.293006420135498,2.2821943759918213,1.952364444732666,2.188002109527588,2.2154293060302734,1.845149278640747,1.8361799716949463,2.1609795093536377,2.051788806915283,1.702795386314392,1.875492811203003,2.0648372173309326,1.9539058208465576,2.263096332550049,2.5167863368988037,2.091207981109619,2.28035831451416,2.1117796897888184,2.3152315616607666,2.105949878692627,1.780749797821045,1.9877156019210815,2.15753173828125,1.8559037446975708,1.6588414907455444,1.9679628610610962,2.309819221496582,2.4042165279388428,2.729825735092163,2.8529610633850098,1.5658462047576904,1.6950154304504395,1.6618115901947021,1.5729000568389893,1.2251712083816528,1.1623809337615967,1.3170000314712524,1.1437139511108398,0.7988284826278687,0.9828159213066101,1.176450490951538,1.4360404014587402,1.746031403541565,1.95759117603302,1.8545067310333252,2.1399917602539062,1.967008113861084,1.5890834331512451,1.65350341796875,1.7978538274765015,1.5159971714019775,1.2826976776123047,1.5676629543304443,1.6311780214309692,1.3022009134292603,1.2556718587875366,1.3057351112365723,1.0516413450241089,1.2446562051773071,1.5840805768966675
A13,1.9841809272766113,1.7559376955032349,1.4595506191253662,1.2707644701004028,1.3457194566726685,1.2385671138763428,0.8697738647460938,0.8802893161773682,1.0518463850021362,0.8952802419662476,0.5822601914405823,0.3714398145675659,0.0,0.36653926968574524,0.5797545313835144,2.4270389080047607,2.459580898284912,2.146695613861084,2.3681271076202393,2.341256618499756,1.9613847732543945,1.977533221244812,2.266192674636841,2.1008670330047607,1.7512863874435425,1.9306912422180176,2.1759040355682373,2.0852468013763428,2.4203195571899414,2.6366188526153564,2.1835432052612305,2.3730568885803223,2.2114477157592773,2.3605570793151855,2.1143741607666016,1.8097732067108154,1.999029278755188,2.1091151237487793,1.775592565536499,1.6028800010681152,1.8810428380966187,2.247884511947632,2.3601720333099365,2.6955108642578125,2.7800755500793457,1.702784776687622,1.7552266120910645,1.6934294700622559,1.5297491550445557,1.2162210941314697,1.1919341087341309,1.2408777475357056,0.9906966090202332,0.698215126991272,0.9081304669380188,0.9798043966293335,1.207781434059143,1.522189974784851,1.707866907119751,1.56214439868927,2.368314027786255,2.2377660274505615,1.8633662462234497,1.9627768993377686,2.071272611618042,1.754631757736206,1.5651235580444336,1.8472890853881836,1.8521497249603271,1.4910080432891846,1.4664385318756104,1.5843158960342407,1.3320074081420898,1.5629417896270752,1.8873093128204346
A14,2.0458574295043945,1.7663525342941284,1.498281478881836,1.2593269348144531,1.4061665534973145,1.3814946413040161,0.9979835748672485,0.9772637486457825,1.2440505027770996,1.168731927871704,0.8795685172080994,0.5351309776306152,0.36653926968574524,0.0,0.36527886986732483,2.581092357635498,2.636303424835205,2.3423168659210205,2.601986885070801,2.581320285797119,2.204169750213623,2.255849599838257,2.56095552444458,2.395230293273926,2.0612361431121826,2.2674107551574707,2.5061826705932617,2.4227864742279053,2.749366283416748,2.97765851020813,2.24943208694458,2.4871981143951416,2.3757550716400146,2.5333359241485596,2.2609434127807617,1.9887539148330688,2.224370002746582,2.31491756439209,1.9719280004501343,1.8539506196975708,2.153271198272705,2.5143911838531494,2.659442663192749,2.983412742614746,3.048525094985962,1.7046270370483398,1.769182562828064,1.779517412185669,1.5806056261062622,1.2499839067459106,1.3291510343551636,1.4040855169296265,1.1021318435668945,0.882477879524231,1.179573655128479,1.2428014278411865,1.3908138275146484,1.7350730895996094,1.860628366470337,1.6669421195983887,2.523324489593506,2.366875410079956,1.9931846857070923,2.1162431240081787,2.2738709449768066,1.973530650138855,1.7832372188568115,2.0897367000579834,2.133793354034424,1.78889799118042,1.7699004411697388,1.8393093347549438,1.570289134979248,1.7425096035003662,2.091248035430908
A15,2.0922558307647705,1.8256641626358032,1.6164792776107788,1.3135172128677368,1.4083251953125,1.4565391540527344,1.1010375022888184,0.9457131028175354,1.2184444665908813,1.239538550376892,0.9256176352500916,0.5552677512168884,0.5797545313835144,0.36527886986732483,0.0,2.7499213218688965,2.7649874687194824,2.452634811401367,2.7149670124053955,2.7415802478790283,2.37103533744812,2.385194778442383,2.711690902709961,2.588667392730713,2.243100881576538,2.4189345836639404,2.615995407104492,2.490664005279541,2.797563076019287,3.055335521697998,2.447258234024048,2.6889941692352295,2.5710787773132324,2.767090320587158,2.5194737911224365,2.229987144470215,2.4689323902130127,2.5977115631103516,2.2695906162261963,2.1236655712127686,2.4301505088806152,2.7854702472686768,2.9052469730377197,3.232517719268799,3.3258628845214844,1.853110671043396,1.9818531274795532,2.0211427211761475,1.8643769025802612,1.5097554922103882,1.5682066679000854,1.6990150213241577,1.4311113357543945,1.1701947450637817,1.4381657838821411,1.5458588600158691,1.732397437095642,2.0692195892333984,2.2150955200195312,2.028120994567871,2.603161573410034,2.3992624282836914,2.0250089168548584,2.095778465270996,2.2910377979278564,2.0328290462493896,1.7869964838027954,2.0683374404907227,2.168771505355835,1.8515070676803589,1.771064281463623,1.7673338651657104,1.4603105783462524,1.5666977167129517,1.9257240295410156
B1,1.0938559770584106,1.2861851453781128,1.2467762231826782,1.6113020181655884,1.5664883852005005,1.3676726818084717,1.661731481552124,1.9448168277740479,1.8560410737991333,1.792894959449768,2.1494436264038086,2.293006420135498,2.4270389080047607,2.581092357635498,2.7499213218688965,0.0,0.38326436281204224,0.6349459290504456,0.8116821646690369,0.7001471519470215,0.7850985527038574,1.1115604639053345,1.2273343801498413,1.2323498725891113,1.38323175907135,1.6856662034988403,1.71792471408844,1.9827531576156616,2.0820534229278564,2.1870481967926025,0.7144055962562561,0.4170755445957184,0.29915744066238403,0.5857987999916077,0.816660463809967,0.8268437385559082,0.9265521168708801,1.1770410537719727,1.3342857360839844,1.364784598350525,1.5800036191940308,1.5014052391052246,1.6636760234832764,1.681718349456787,1.8223083019256592,1.192627191543579,1.1686121225357056,1.0118706226348877,1.3918462991714478,1.5067230463027954,1.3030599355697632,1.4693163633346558,1.8175257444381714,1.8322981595993042,1.7176086902618408,2.002091407775879,2.037689208984375,2.1012914180755615,2.253927230834961,2.4788460731506348,0.694148063659668,1.0208743810653687,1.1199359893798828,1.4120515584945679,1.2716346979141235,1.161557912826538,1.5260580778121948,1.7110754251480103,1.5881474018096924,1.6210110187530518,1.9971680641174316,2.145076274871826,2.354661226272583,2.528472900390625,2.631411075592041
B2,1.0307915210723877,1.3101757764816284,1.3190759420394897,1.6390964984893799,1.5065232515335083,1.3211358785629272,1.6646367311477661,1.8915525674819946,1.74495267868042,1.7225521802902222,2.101834297180176,2.2821943759918213,2.459580898284912,2.636303424835205,2.7649874687194824,0.38326436281204224,0.0,0.38094207644462585,0.5119796395301819,0.5768383741378784,0.7256708741188049,0.9390559196472168,1.0765905380249023,1.1943202018737793,1.3329604864120483,1.5750490427017212,1.5266780853271484,1.7692359685897827,1.8218576908111572,1.9516888856887817,1.02518630027771,0.7896260619163513,0.5838924050331116,0.8921684622764587,1.1354758739471436,1.0438346862792969,1.094285011291504,1.4130358695983887,1.556670069694519,1.4970372915267944,1.7051541805267334,1.635778784751892,1.7210030555725098,1.7534188032150269,1.9585553407669067,1.3493478298187256,1.4141637086868286,1.2674778699874878,1.6459999084472656,1.6910951137542725,1.4396331310272217,1.6452702283859253,1.9861053228378296,1.9308836460113525,1.7897193431854248,2.1071503162384033,2.20727801322937,2.2756266593933105,2.4738166332244873,2.6927242279052734,0.40380382537841797,0.7786253690719604,0.9471567273139954,1.1598150730133057,0.9702996611595154,0.9484952092170715,1.3231536149978638,1.4442577362060547,1.3403645753860474,1.4525642395019531,1.8102209568023682,1.9247969388961792,2.1764907836914062,2.3253257274627686,2.385974407196045
B3,0.8996741771697998,1.164334774017334,1.13277006149292,1.4070205688476562,1.2245922088623047,1.0089203119277954,1.361168384552002,1.5632652044296265,1.3843376636505127,1.365586757659912,1.750373363494873,1.952364444732666,2.146695613861084,2.3423168659210205,2.452634811401367,0.6349459290504456,0.38094207644462585,0.0,0.38799136877059937,0.5526926517486572,0.5255264639854431,0.663728654384613,0.9143267273902893,1.0437710285186768,1.0857599973678589,1.3196104764938354,1.2745063304901123,1.4698373079299927,1.5568368434906006,1.7322677373886108,1.1168664693832397,0.969750702381134,0.6857362985610962,1.0231488943099976,1.185511827468872,0.9728364944458008,1.040872573852539,1.402592658996582,1.4729684591293335,1.3356010913848877,1.5766215324401855,1.5819754600524902,1.639151692390442,1.7458851337432861,1.9756312370300293,1.2582261562347412,1.3683103322982788,1.2053476572036743,1.5550330877304077,1.5284597873687744,1.2347614765167236,1.4683363437652588,1.7863305807113647,1.6718614101409912,1.5203155279159546,1.8620777130126953,2.015336751937866,2.1089067459106445,2.342723846435547,2.536327600479126,0.3871169686317444,0.630389928817749,0.67982417345047,0.8627467155456543,0.6523841619491577,0.5698200464248657,0.9487980008125305,1.084668755531311,0.985385537147522,1.0829582214355469,1.4347000122070312,1.548742651939392,1.7967971563339233,1.9551305770874023,2.0223774909973145
B4,1.2736549377441406,1.549282193183899,1.5020304918289185,1.763596773147583,1.5560152530670166,1.3129149675369263,1.6470130681991577,1.8352656364440918,1.6009150743484497,1.5452673435211182,1.9326859712600708,2.188002109527588,2.3681271076202393,2.601986885070801,2.7149670124053955,0.8116821646690369,0.5119796395301819,0.38799136877059937,0.0,0.37297362089157104,0.5475042462348938,0.539612889289856,0.6538314819335938,0.8908658027648926,1.0204217433929443,1.1672300100326538,1.0473660230636597,1.2904363870620728,1.315807580947876,1.4436544179916382,1.4201505184173584,1.1951868534088135,0.8684895038604736,1.1121219396591187,1.3489766120910645,1.1514333486557007,1.085010051727295,1.4523383378982544,1.5826700925827026,1.4080952405929565,1.5637435913085938,1.5077204704284668,1.4875500202178955,1.5576145648956299,1.8327349424362183,1.6325021982192993,1.7066502571105957,1.4945863485336304,1.8325982093811035,1.832779884338379,1.5062780380249023,1.678583025932312,2.017805576324463,1.901258111000061,1.6850333213806152,1.9967701435089111,2.167127847671509,2.2032322883605957,2.4604220390319824,2.6877570152282715,0.6450270414352417,0.9158487915992737,1.0073161125183105,1.0792516469955444,0.7598239183425903,0.7442196607589722,1.1078155040740967,1.1246055364608765,0.9407339692115784,1.1182459592819214,1.4621036052703857,1.6089918613433838,1.902592658996582,2.0767581462860107,2.0849111080169678
B5,1.421972632408142,1.638320803642273,1.5238239765167236,1.824828028678894,1.6804980039596558,1.3886922597885132,1.6750524044036865,1.9255603551864624,1.721472144126892,1.5911751985549927,1.9641185998916626,2.2154293060302734,2.341256618499756,2.581320285797119,2.7415802478790283,0.7001471519470215,0.5768383741378784,0.5526926517486572,0.37297362089157104,0.0,0.38076770305633545,0.5461569428443909,0.5394793748855591,0.6461789011955261,0.8690144419670105,1.0764676332473755,1.058645486831665,1.3648711442947388,1.4425688982009888,1.5040727853775024,1.298022747039795,1.0281497240066528,0.6680777072906494,0.8097906708717346,1.0693726539611816,0.9083649516105652,0.7635250687599182,1.1125131845474243,1.2895264625549316,1.1503689289093018,1.2660894393920898,1.1658326387405396,1.1802111864089966,1.2288533449172974,1.4800889492034912,1.61155104637146,1.60016930103302,1.3313790559768677,1.6541024446487427,1.718300461769104,1.3923969268798828,1.491598129272461,1.8589626550674438,1.8006800413131714,1.5602059364318848,1.8278485536575317,1.9533181190490723,1.948225498199463,2.187793254852295,2.444247245788574,0.8661676049232483,1.173796534538269,1.214005470275879,1.3606014251708984,1.0705889463424683,0.940527617931366,1.3068327903747559,1.3774828910827637,1.1344988346099854,1.2158534526824951,1.591194987297058,1.804168701171875,2.0631520748138428,2.282489061355591,2.3209877014160156
B6,1.2716004848480225,1.422970175743103,1.2466228008270264,1.5246459245681763,1.3948414325714111,1.0672825574874878,1.3193713426589966,1.5859724283218384,1.3968076705932617,1.2347369194030762,1.599712610244751,1.845149278640747,1.9613847732543945,2.204169750213623,2.37103533744812,0.7850985527038574,0.7256708741188049,0.5255264639854431,0.5475042462348938,0.38076770305633545,0.0,0.38828742504119873,0.579284131526947,0.5556316375732422,0.6154852509498596,0.9117929935455322,0.9889050722122192,1.2444978952407837,1.4095836877822876,1.5187156200408936,1.1924116611480713,1.0172640085220337,0.6395049691200256,0.823394775390625,0.9492477774620056,0.6728005409240723,0.6021092534065247,0.9830310344696045,1.055419683456421,0.8648332357406616,1.0626859664916992,1.0800260305404663,1.1342474222183228,1.2859351634979248,1.5107028484344482,1.3781579732894897,1.3711656332015991,1.0864019393920898,1.375240683555603,1.395333170890808,1.0463249683380127,1.156647801399231,1.5087867975234985,1.4261823892593384,1.1879491806030273,1.4758386611938477,1.624911904335022,1.6591876745224,1.9146323204040527,2.1410574913024902,0.9061616063117981,1.1233257055282593,1.0432558059692383,1.2173960208892822,0.9779233336448669,0.7248900532722473,1.059699296951294,1.2038863897323608,0.9629076719284058,0.9380750060081482,1.3275647163391113,1.5631095170974731,1.7778410911560059,2.0208206176757812,2.103400468826294
B7,1.4315812587738037,1.6113477945327759,1.4541537761688232,1.6645811796188354,1.461091160774231,1.1388448476791382,1.3905619382858276,1.5851032733917236,1.31926691532135,1.1659396886825562,1.5326662063598633,1.8361799716949463,1.977533221244812,2.255849599838257,2.385194778442383,1.1115604639053345,0.9390559196472168,0.663728654384613,0.539612889289856,0.5461569428443909,0.38828742504119873,0.0,0.38323724269866943,0.5393142104148865,0.5179761052131653,0.6621471047401428,0.63824462890625,0.8739289045333862,1.0245897769927979,1.1609896421432495,1.5547988414764404,1.3905760049819946,1.0151325464248657,1.1957365274429321,1.3272343873977661,1.0275441408157349,0.9134007692337036,1.281551480293274,1.3301136493682861,1.053202509880066,1.1969373226165771,1.2355479001998901,1.1751755475997925,1.357511043548584,1.6400632858276367,1.650415301322937,1.6934083700180054,1.423705816268921,1.6823993921279907,1.644924521446228,1.272897720336914,1.3859748840332031,1.7005541324615479,1.5471811294555664,1.27141535282135,1.5599924325942993,1.7813760042190552,1.8055096864700317,2.1046602725982666,2.3188509941101074,1.0317718982696533,1.1889622211456299,1.1006343364715576,1.1477779150009155,0.8460776209831238,0.6357959508895874,0.913256049156189,0.9484577178955078,0.6425798535346985,0.6947038769721985,1.0595695972442627,1.3059605360031128,1.5641145706176758,1.8099313974380493,1.840550422668457
B8,1.762905478477478,1.9538649320602417,1.7905763387680054,2.0255651473999023,1.8394153118133545,1.509836196899414,1.7416465282440186,1.9514169692993164,1.6830638647079468,1.4967344999313354,1.8414908647537231,2.1609795093536377,2.266192674636841,2.56095552444458,2.711690902709961,1.2273343801498413,1.0765905380249023,0.9143267273902893,0.6538314819335938,0.5394793748855591,0.579284131526947,0.38323724269866943,0.0,0.37463241815567017,0.5784749388694763,0.6072250604629517,0.5507332682609558,0.8991413712501526,0.9906181693077087,1.0043779611587524,1.7472003698349,1.5163888931274414,1.1365762948989868,1.2159191370010376,1.4073457717895508,1.169905662536621,0.9325075149536133,1.259650468826294,1.3881880044937134,1.1269890069961548,1.1470929384231567,1.085180401802063,0.9436699748039246,1.0694433450698853,1.390156865119934,1.9511901140213013,1.9439382553100586,1.638991355895996,1.89223051071167,1.9123412370681763,1.542665958404541,1.5829081535339355,1.919723391532898,1.8089268207550049,1.4949864149093628,1.7210534811019897,1.9151827096939087,1.8653701543807983,2.1619460582733154,2.4185428619384766,1.2659717798233032,1.4889676570892334,1.4548510313034058,1.4967031478881836,1.1636568307876587,1.0096596479415894,1.282236099243164,1.260290265083313,0.9210054278373718,1.0008835792541504,1.3289260864257812,1.6025817394256592,1.8710193634033203,2.1289961338043213,2.125056505203247
B9,1.8186386823654175,1.944955587387085,1.7207820415496826,1.9682140350341797,1.8429288864135742,1.4823436737060547,1.6516776084899902,1.9118003845214844,1.6881219148635864,1.4368348121643066,1.750606894493103,2.051788806915283,2.1008670330047607,2.395230293273926,2.588667392730713,1.2323498725891113,1.1943202018737793,1.0437710285186768,0.8908658027648926,0.6461789011955261,0.5556316375732422,0.5393142104148865,0.37463241815567017,0.0,0.38101956248283386,0.5603500008583069,0.7327480316162109,1.0598137378692627,1.2418659925460815,1.2313802242279053,1.6393316984176636,1.4286009073257446,1.0591448545455933,1.0560004711151123,1.1825720071792603,0.9470005631446838,0.6539061069488525,0.9385471940040588,1.053673505783081,0.791271448135376,0.7737607359886169,0.7320924401283264,0.6383391618728638,0.83443284034729,1.1119894981384277,1.8578410148620605,1.7875595092773438,1.4462618827819824,1.651616096496582,1.7073725461959839,1.3471370935440063,1.3105264902114868,1.652611255645752,1.5896764993667603,1.2588286399841309,1.4346492290496826,1.5928198099136353,1.51288902759552,1.8018944263458252,2.0730090141296387,1.4219520092010498,1.6463271379470825,1.5570812225341797,1.6653367280960083,1.379549503326416,1.1359131336212158,1.3940969705581665,1.4534612894058228,1.1140908002853394,1.0628165006637573,1.4051848649978638,1.7239538431167603,1.9337149858474731,2.2277462482452393,2.2741589546203613
B10,1.7351208925247192,1.8170225620269775,1.5621715784072876,1.7519097328186035,1.6187857389450073,1.248508334159851,1.367050051689148,1.6050527095794678,1.3756502866744995,1.092617154121399,1.3859162330627441,1.702795386314392,1.7512863874435425,2.0612361431121826,2.243100881576538,1.38323175907135,1.3329604864120483,1.0857599973678589,1.0204217433929443,0.8690144419670105,0.6154852509498596,0.5179761052131653,0.5784749388694763,0.38101956248283386,0.0,0.387918621301651,0.6741328835487366,0.8936994671821594,1.1652165651321411,1.2283556461334229,1.678857445716858,1.5477765798568726,1.1850889921188354,1.2459367513656616,1.2770814895629883,0.9588632583618164,0.7756364345550537,1.0571764707565308,1.0368727445602417,0.6862248778343201,0.764476478099823,0.9023094177246094,0.8374459147453308,1.1251918077468872,1.3647773265838623,1.7531131505966187,1.7146576642990112,1.389641523361206,1.546316146850586,1.5292627811431885,1.1551170349121094,1.1322598457336426,1.425851821899414,1.3015040159225464,0.9555395245552063,1.1547409296035767,1.3817427158355713,1.354122281074524,1.678171157836914,1.9008097648620605,1.4709718227386475,1.6136620044708252,1.4438955783843994,1.5301467180252075,1.289617657661438,0.9891642928123474,1.1628823280334473,1.2521333694458008,0.9230343699455261,0.7646476030349731,1.0890426635742188,1.4318000078201294,1.60091233253479,1.9153426885604858,1.9889882802963257
B11,2.0117313861846924,2.1221532821655273,1.8890949487686157,2.0427277088165283,1.864038348197937,1.511367917060852,1.6269360780715942,1.802699089050293,1.5217865705490112,1.2533085346221924,1.5153990983963013,1.875492811203003,1.9306912422180176,2.2674107551574707,2.4189345836639404,1.6856662034988403,1.5750490427017212,1.3196104764938354,1.1672300100326538,1.0764676332473755,0.9117929935455322,0.6621471047401428,0.6072250604629517,0.5603500008583069,0.387918621301651,0.0,0.38805803656578064,0.5916611552238464,0.8655673861503601,0.8849746584892273,2.047455310821533,1.8962578773498535,1.521507978439331,1.5799355506896973,1.6478880643844604,1.3426456451416016,1.126504898071289,1.3867968320846558,1.3869338035583496,1.0286929607391357,1.007916808128357,1.1078099012374878,0.9108332991600037,1.190036654472351,1.475401759147644,2.1067607402801514,2.0928337574005127,1.7751597166061401,1.9250988960266113,1.887203335762024,1.512450098991394,1.4865909814834595,1.74569571018219,1.585726261138916,1.2279517650604248,1.3863743543624878,1.6516612768173218,1.5902643203735352,1.934221863746643,2.1521432399749756,1.6925067901611328,1.820715069770813,1.6692789793014526,1.6725775003433228,1.3972570896148682,1.1607131958007812,1.2772759199142456,1.2568190097808838,0.8939831256866455,0.8042384386062622,1.0337189435958862,1.3900617361068726,1.5866494178771973,1.9028586149215698,1.9154492616653442
B12,2.0172054767608643,2.188199996948242,2.0136826038360596,2.162367343902588,1.9285980463027954,1.6104011535644531,1.7895764112472534,1.9173341989517212,1.5944041013717651,1.4031015634536743,1.6949518918991089,2.0648372173309326,2.1759040355682373,2.5061826705932617,2.615995407104492,1.71792471408844,1.5266780853271484,1.2745063304901123,1.0473660230636597,1.058645486831665,0.9889050722122192,0.63824462890625,0.5507332682609558,0.7327480316162109,0.6741328835487366,0.38805803656578064,0.0,0.3717591464519501,0.5188359022140503,0.5685737729072571,2.176271438598633,1.9987484216690063,1.6164417266845703,1.7218502759933472,1.8525949716567993,1.5560104846954346,1.3497921228408813,1.6537729501724243,1.6967862844467163,1.3561874628067017,1.3554307222366333,1.392364263534546,1.166987419128418,1.37202787399292,1.7000404596328735,2.2436938285827637,2.2775371074676514,1.9846824407577515,2.184560537338257,2.131234884262085,1.7500985860824585,1.7869011163711548,2.056702136993408,1.8695483207702637,1.535664677619934,1.738684058189392,2.013932704925537,1.9706084728240967,2.3109076023101807,2.5278406143188477,1.6102584600448608,1.7328596115112305,1.6373071670532227,1.569921851158142,1.2516907453536987,1.1160790920257568,1.2363508939743042,1.1096607446670532,0.7438638210296631,0.8279404640197754,1.0215986967086792,1.3172109127044678,1.58640456199646,1.857197642326355,1.8026447296142578
B13,2.103914260864258,2.2593612670898438,2.0924952030181885,2.177511692047119,1.9142364263534546,1.6271750926971436,1.7742948532104492,1.8317493200302124,1.483870506286621,1.3219177722930908,1.5684019327163696,1.9539058208465576,2.0852468013763428,2.4227864742279053,2.490664005279541,1.9827531576156616,1.7692359685897827,1.4698373079299927,1.2904363870620728,1.3648711442947388,1.2444978952407837,0.8739289045333862,0.8991413712501526,1.0598137378692627,0.8936994671821594,0.5916611552238464,0.3717591464519501,0.0,0.3625776171684265,0.5659595727920532,2.3942017555236816,2.258671522140503,1.8829149007797241,2.0245237350463867,2.1203055381774902,1.7918837070465088,1.6340738534927368,1.9383385181427002,1.926594853401184,1.5618537664413452,1.5922743082046509,1.6917493343353271,1.4722254276275635,1.7095857858657837,2.0252861976623535,2.3630309104919434,2.435880661010742,2.169318437576294,2.3434836864471436,2.2347302436828613,1.8615831136703491,1.921962857246399,2.139807939529419,1.8993239402770996,1.5860360860824585,1.7911549806594849,2.1120433807373047,2.102180004119873,2.4567883014678955,2.6326370239257812,1.7791697978973389,1.8279032707214355,1.6941276788711548,1.5602391958236694,1.2840193510055542,1.1713716983795166,1.1740106344223022,0.9876017570495605,0.6724861860275269,0.7501835823059082,0.795650064945221,1.0725717544555664,1.3351306915283203,1.5984188318252563,1.5117206573486328
