,A1,A2,A3,A4,A5,A6,A7,A8,A9,A10,A11,A12,A13,A14,A15,B1,B2,B3,B4,B5,B6,B7,B8,B9,B10,B11,B12,B13,B14,B15,C1,C2,C3,C4,C5,C6,C7,C8,C9,C10,C11,C12,C13,C14,C15,D1,D2,D3,D4,D5,D6,D7,D8,D9,D10,D11,D12,D13,D14,D15,E1,E2,E3,E4,E5,E6,E7,E8,E9,E10,E11,E12,E13,E14,E15
A1,0.0,0.3880685269832611,0.6125884652137756,0.8408170342445374,0.7438728213310242,0.8061686158180237,1.1127243041992188,1.2457362413406372,1.2588047981262207,1.407086968421936,1.6184356212615967,1.7412967681884766,2.0327916145324707,2.215836524963379,2.3107059001922607,0.9533751010894775,0.6564980745315552,0.47487181425094604,0.6472107172012329,0.9704039096832275,0.9734543561935425,0.9272359013557434,1.2083684206008911,1.4311268329620361,1.4232622385025024,1.4937061071395874,1.7533581256866455,2.0134010314941406,2.0628764629364014,2.23048734664917,1.301414966583252,1.2190872430801392,1.0300267934799194,1.362112045288086,1.5763264894485474,1.4233230352401733,1.4784331321716309,1.82905912399292,1.935294508934021,1.8478355407714844,1.9829065799713135,2.287834644317627,2.498166799545288,2.5438592433929443,2.764461040496826,1.1052381992340088,1.22432279586792,1.1618479490280151,1.5442830324172974,1.6179101467132568,1.4668611288070679,1.6674268245697021,1.9798204898834229,1.9942142963409424,1.9607535600662231,2.190849781036377,2.4371190071105957,2.6430296897888184,2.7659566402435303,2.943812608718872,0.7431987524032593,1.0646570920944214,1.1581025123596191,1.489568829536438,1.4457799196243286,1.3716603517532349,1.670485258102417,1.8922641277313232,1.8861411809921265,1.9502413272857666,2.1990625858306885,2.368631601333618,2.629579544067383,2.7766005992889404,2.8928229808807373
A2,0.3880685269832611,0.0,0.38288643956184387,0.5101703405380249,0.5558428764343262,0.7199727296829224,0.9092524647712708,1.031075119972229,1.1551462411880493,1.3112528324127197,1.4362430572509766,1.5655615329742432,1.8834056854248047,2.010558843612671,2.0920889377593994,1.207584261894226,0.9824607372283936,0.7085669040679932,0.9328790307044983,1.2307332754135132,1.118325114250183,1.0388115644454956,1.386740803718567,1.5678740739822388,1.468018651008606,1.5548529624938965,1.8676265478134155,2.0715603828430176,2.107042074203491,2.328150510787964,1.4301445484161377,1.438988208770752,1.2436527013778687,1.6055781841278076,1.7559772729873657,1.5399863719940186,1.6409859657287598,2.0039877891540527,2.044301748275757,1.926790475845337,2.1131815910339355,2.422286033630371,2.604578971862793,2.690115213394165,2.934476375579834,0.9706025123596191,1.2059327363967896,1.2101051807403564,1.5785964727401733,1.5600242614746094,1.4170806407928467,1.693194031715393,1.9618030786514282,1.9201281070709229,1.9315928220748901,2.2028143405914307,2.402954578399658,2.6128547191619873,2.7835519313812256,2.9463908672332764,0.4330505132675171,0.7847110629081726,0.9797832369804382,1.24737548828125,1.173060417175293,1.1891311407089233,1.4959533214569092,1.6579313278198242,1.6783943176269531,1.804310917854309,2.0262691974639893,2.1554229259490967,2.4485514163970947,2.590400218963623,2.663740396499634
A3,0.6125884652137756,0.38288643956184387,0.0,0.38923999667167664,0.5466538667678833,0.5223674178123474,0.6317280530929565,0.8763362169265747,1.0139350891113281,1.0692368745803833,1.1797760725021362,1.3859782218933105,1.6684082746505737,1.7768718004226685,1.9150192737579346,1.1143798828125,0.9894183278083801,0.6592838168144226,0.9547914862632751,1.1522687673568726,0.9314945340156555,0.9216188192367554,1.300775170326233,1.392235517501831,1.2578740119934082,1.423487901687622,1.733862042427063,1.900684118270874,1.9872187376022339,2.2351508140563965,1.2673380374908447,1.3188544511795044,1.0909603834152222,1.4541586637496948,1.5411733388900757,1.272352933883667,1.4064910411834717,1.7658699750900269,1.753076195716858,1.6224361658096313,1.848628044128418,2.1468100547790527,2.3156580924987793,2.438894033432007,2.6886539459228516,0.7795039415359497,1.0332846641540527,0.9888296723365784,1.341575264930725,1.2722680568695068,1.084154725074768,1.3844695091247559,1.6425213813781738,1.5645294189453125,1.5734623670578003,1.8645520210266113,2.0523486137390137,2.2509043216705322,2.440480947494507,2.6077158451080322,0.20780302584171295,0.5429722666740417,0.6515886187553406,0.9237115383148193,0.8347644805908203,0.8087669610977173,1.1195863485336304,1.2962383031845093,1.3143329620361328,1.424602746963501,1.6463788747787476,1.7881286144256592,2.0739078521728516,2.2140848636627197,2.3018860816955566
A4,0.8408170342445374,0.5101703405380249,0.38923999667167664,0.0,0.38392674922943115,0.5572165250778198,0.5146613717079163,0.6152934432029724,0.8640629053115845,0.9942688941955566,1.0089088678359985,1.1514840126037598,1.4751405715942383,1.5472397804260254,1.6319763660430908,1.4838995933532715,1.3204452991485596,0.9659179449081421,1.1711245775222778,1.4010032415390015,1.163902997970581,1.038331151008606,1.4208186864852905,1.5275278091430664,1.3146400451660156,1.4199988842010498,1.7745682001113892,1.892488956451416,1.922022819519043,2.204209804534912,1.650551676750183,1.702649712562561,1.4521809816360474,1.7982151508331299,1.8891022205352783,1.5891714096069336,1.6879578828811646,2.0588791370391846,2.028536319732666,1.8454618453979492,2.0659403800964355,2.3852643966674805,2.507246494293213,2.6269140243530273,2.908010244369507,1.0647947788238525,1.3754223585128784,1.3574175834655762,1.6905887126922607,1.566360592842102,1.366749882698059,1.6939029693603516,1.9258917570114136,1.7873642444610596,1.799430251121521,2.124603033065796,2.2853212356567383,2.4564390182495117,2.6832430362701416,2.858184576034546,0.360827773809433,0.6691069006919861,0.8818248510360718,1.0222406387329102,0.8127057552337646,0.8943114280700684,1.234468936920166,1.2976471185684204,1.2830356359481812,1.4828001260757446,1.70328950881958,1.7632043361663818,2.0720322132110596,2.242008924484253,2.279007911682129
A5,0.7438728213310242,0.5558428764343262,0.5466538667678833,0.38392674922943115,0.0,0.3879593014717102,0.5506296157836914,0.5228164792060852,0.6239120364189148,0.8554878830909729,0.9747217297554016,1.0359529256820679,1.3641570806503296,1.5211806297302246,1.5793280601501465,1.4311708211898804,1.2001246213912964,0.8408877849578857,0.9228924512863159,1.1841286420822144,1.000543475151062,0.7695383429527283,1.124080777168274,1.2936100959777832,1.099295973777771,1.1262134313583374,1.4832619428634644,1.6316053867340088,1.6257036924362183,1.8838281631469727,1.7357083559036255,1.701370120048523,1.4051995277404785,1.7131543159484863,1.8692859411239624,1.5828830003738403,1.5948121547698975,1.9807894229888916,2.0078680515289307,1.7974073886871338,1.9544895887374878,2.30275821685791,2.41290283203125,2.4800853729248047,2.7720746994018555,1.3234548568725586,1.5728846788406372,1.4828578233718872,1.844576120376587,1.779808521270752,1.5329588651657104,1.8066123723983765,2.0910849571228027,1.9686371088027954,1.9119611978530884,2.2275047302246094,2.43692684173584,2.5775322914123535,2.778449535369873,2.9905173778533936,0.6458455920219421,1.0050992965698242,1.1437264680862427,1.3387196063995361,1.108826994895935,1.083282232284546,1.4574230909347534,1.5472849607467651,1.4524377584457397,1.6181073188781738,1.8954168558120728,1.9577436447143555,2.2322137355804443,2.4430830478668213,2.5104832649230957
A6,0.8061686158180237,0.7199727296829224,0.5223674178123474,0.5572165250778198,0.3879593014717102,0.0,0.39021170139312744,0.5656502842903137,0.5371366739273071,0.6083375215530396,0.8265971541404724,0.9898806810379028,1.2475306987762451,1.436658501625061,1.5774585008621216,1.2026009559631348,1.041866660118103,0.6684919595718384,0.7795941829681396,0.9279530048370361,0.6621792316436768,0.49987488985061646,0.8841904997825623,0.971115231513977,0.7797287702560425,0.9099169373512268,1.2404060363769531,1.39065420627594,1.4652068614959717,1.7215369939804077,1.511391282081604,1.4631218910217285,1.1322648525238037,1.4123352766036987,1.5431517362594604,1.2334845066070557,1.2316720485687256,1.615493655204773,1.630415439605713,1.4100749492645264,1.5735127925872803,1.9186846017837524,2.029555082321167,2.1101150512695312,2.399379253387451,1.2351795434951782,1.4275946617126465,1.2585053443908691,1.6045514345169067,1.5514687299728394,1.253975510597229,1.4912818670272827,1.7945055961608887,1.6706445217132568,1.5696958303451538,1.880264163017273,2.110910177230835,2.2318191528320312,2.4203109741210938,2.6502809524536133,0.686950147151947,0.9855233430862427,0.9867651462554932,1.212625503540039,0.9939078092575073,0.8400987386703491,1.2147530317306519,1.3596371412277222,1.2288382053375244,1.32637357711792,1.6333855390548706,1.737335443496704,1.9767354726791382,2.19338059425354,2.30808162689209
A7,1.1127243041992188,0.9092524647712708,0.6317280530929565,0.5146613717079163,0.5506296157836914,0.39021170139312744,0.0,0.3845066428184509,0.5504850149154663,0.5199936032295227,0.5482166409492493,0.7898058891296387,1.0476359128952026,1.1512227058410645,1.3173329830169678,1.4818694591522217,1.3815165758132935,1.0096701383590698,1.1658471822738647,1.2731916904449463,0.9471887946128845,0.8320923447608948,1.190947413444519,1.1919628381729126,0.9112426042556763,1.0777151584625244,1.421040415763855,1.477813959121704,1.5559747219085693,1.8642261028289795,1.6723357439041138,1.6975258588790894,1.3858418464660645,1.668493628501892,1.7250055074691772,1.3722823858261108,1.4203495979309082,1.7818294763565063,1.7166976928710938,1.4717222452163696,1.6894816160202026,2.0154998302459717,2.085963726043701,2.216984272003174,2.5208160877227783,1.2476836442947388,1.499158501625061,1.3699101209640503,1.6694107055664062,1.5257844924926758,1.2280762195587158,1.5180295705795288,1.7599848508834839,1.5635886192321777,1.4994603395462036,1.8478797674179077,2.0213992595672607,2.1282923221588135,2.368285894393921,2.5848348140716553,0.6997541189193726,0.8944782018661499,0.9110350012779236,1.0138040781021118,0.7078016996383667,0.6222282648086548,1.0019599199295044,1.0527853965759277,0.9089685678482056,1.0874285697937012,1.3711092472076416,1.4172989130020142,1.6834211349487305,1.9067316055297852,1.9825557470321655
A8,1.2457362413406372,1.031075119972229,0.8763362169265747,0.6152934432029724,0.5228164792060852,0.5656502842903137,0.3845066428184509,0.0,0.37435731291770935,0.5555561184883118,0.5082148909568787,0.5428594350814819,0.8832851648330688,1.002069115638733,1.0697216987609863,1.764513373374939,1.5989362001419067,1.2243698835372925,1.2892343997955322,1.448066234588623,1.1743444204330444,0.9362313151359558,1.2530485391616821,1.3143963813781738,1.0017069578170776,1.0365029573440552,1.411199927330017,1.4377150535583496,1.4239104986190796,1.7481406927108765,2.0184452533721924,2.0120160579681396,1.685594916343689,1.9548263549804688,2.053814172744751,1.7097831964492798,1.7032670974731445,2.0727176666259766,2.035611152648926,1.7606749534606934,1.9314792156219482,2.2793185710906982,2.3146307468414307,2.4078280925750732,2.7334625720977783,1.5706599950790405,1.8430606126785278,1.727817177772522,2.0431835651397705,1.9051473140716553,1.612483263015747,1.896362543106079,2.142672538757324,1.9359610080718994,1.8593477010726929,2.2103445529937744,2.3844480514526367,2.4678685665130615,2.71370792388916,2.943392753601074,0.9294168949127197,1.1745983362197876,1.2663954496383667,1.3397549390792847,1.00126314163208,0.9860286116600037,1.3534446954727173,1.334822654724121,1.1538368463516235,1.3791002035140991,1.6629467010498047,1.6403648853302002,1.9021317958831787,2.1579723358154297,2.1981735229492188
A9,1.2588047981262207,1.1551462411880493,1.0139350891113281,0.8640629053115845,0.6239120364189148,0.5371366739273071,0.5504850149154663,0.37435731291770935,0.0,0.37241342663764954,0.5558341145515442,0.5314534902572632,0.7980286478996277,1.0475373268127441,1.1331740617752075,1.6751387119293213,1.4969464540481567,1.1471058130264282,1.114940881729126,1.2287867069244385,0.9875474572181702,0.6899646520614624,0.937648594379425,1.0070033073425293,0.6973573565483093,0.6671823263168335,1.044771432876587,1.089630365371704,1.0732884407043457,1.384122610092163,2.017609119415283,1.9454145431518555,1.5876654386520386,1.8013771772384644,1.937882900238037,1.6091691255569458,1.5216928720474243,1.8877614736557007,1.8954209089279175,1.5980161428451538,1.705118179321289,2.0714378356933594,2.09183669090271,2.1388509273529053,2.4719245433807373,1.7323983907699585,1.9457730054855347,1.764129400253296,2.0869414806365967,2.001229763031006,1.670660376548767,1.8929524421691895,2.18039608001709,1.9956849813461304,1.8516649007797241,2.1818671226501465,2.401502847671509,2.4534780979156494,2.666400671005249,2.9300923347473145,1.1310887336730957,1.4081835746765137,1.4297447204589844,1.5624202489852905,1.247720718383789,1.1203444004058838,1.4903779029846191,1.527849793434143,1.2909090518951416,1.439414143562317,1.7708592414855957,1.7786672115325928,1.9883196353912354,2.270904302597046,2.359757661819458
A10,1.407086968421936,1.3112528324127197,1.0692368745803833,0.9942688941955566,0.8554878830909729,0.6083375215530396,0.5199936032295227,0.5555561184883118,0.37241342663764954,0.0,0.3829304277896881,0.5657421350479126,0.6929868459701538,0.9337807297706604,1.1355797052383423,1.6204311847686768,1.5256669521331787,1.1879956722259521,1.208248496055603,1.2155287265777588,0.899383008480072,0.7273582816123962,0.9564945101737976,0.8799875378608704,0.5205157399177551,0.6684839725494385,0.9891519546508789,0.9781270623207092,1.0771064758300781,1.3993781805038452,1.9041733741760254,1.853477954864502,1.493808627128601,1.6763261556625366,1.7533613443374634,1.3986573219299316,1.3196073770523071,1.6596800088882446,1.6174743175506592,1.2990696430206299,1.4350911378860474,1.7851139307022095,1.7843384742736816,1.871834635734558,2.2077834606170654,1.6772432327270508,1.8607298135757446,1.6436327695846558,1.922855257987976,1.816988229751587,1.4590473175048828,1.656378149986267,1.9258697032928467,1.7154029607772827,1.5439523458480835,1.8773906230926514,2.089219093322754,2.1130764484405518,2.3338208198547363,2.60644268989563,1.1870800256729126,1.3876034021377563,1.319547176361084,1.4256850481033325,1.117471694946289,0.9117577075958252,1.2462122440338135,1.2925488948822021,1.0119832754135132,1.1119147539138794,1.4606415033340454,1.4833343029022217,1.6597445011138916,1.9508638381958008,2.071075201034546
A11,1.6184356212615967,1.4362430572509766,1.1797760725021362,1.0089088678359985,0.9747217297554016,0.8265971541404724,0.5482166409492493,0.5082148909568787,0.5558341145515442,0.3829304277896881,0.0,0.37922847270965576,0.5251320004463196,0.6243193745613098,0.8467970490455627,1.906882405281067,1.8243865966796875,1.4660844802856445,1.5361278057098389,1.574613332748413,1.239945888519287,1.0831823348999023,1.3357292413711548,1.2548686265945435,0.8903903961181641,1.0108832120895386,1.3268991708755493,1.243359088897705,1.3033615350723267,1.6571497917175293,2.1106245517730713,2.1178362369537354,1.7797054052352905,1.9911447763442993,2.0253517627716064,1.6514188051223755,1.6295148134231567,1.9543629884719849,1.8555305004119873,1.5395056009292603,1.7208466529846191,2.044102430343628,2.015859603881836,2.1439785957336426,2.4829649925231934,1.7421969175338745,1.9790326356887817,1.8139888048171997,2.068460702896118,1.8948453664779663,1.5612728595733643,1.8083223104476929,2.0203075408935547,1.7567925453186035,1.6381442546844482,1.996630072593689,2.147691011428833,2.166689157485962,2.434582233428955,2.6841418743133545,1.2373871803283691,1.3787455558776855,1.3549195528030396,1.358350396156311,0.9977385401725769,0.897980272769928,1.201067566871643,1.1305232048034668,0.8377180099487305,1.0467249155044556,1.3478446006774902,1.281755805015564,1.4902070760726929,1.7896262407302856,1.8500041961669922
A12,1.7412967681884766,1.5655615329742432,1.3859782218933105,1.1514840126037598,1.0359529256820679,0.9898806810379028,0.7898058891296387,0.5428594350814819,0.5314534902572632,0.5657421350479126,0.37922847270965576,0.0,0.36763644218444824,0.5436527729034424,0.6067163944244385,2.140180826187134,2.001193046569824,1.6425114870071411,1.64151132106781,1.7206815481185913,1.4387019872665405,1.1911327838897705,1.3957664966583252,1.3777765035629272,1.0149179697036743,0.9924378395080566,1.3179316520690918,1.2066235542297363,1.1573150157928467,1.5203526020050049,2.4088735580444336,2.382589340209961,2.0301167964935303,2.2336573600769043,2.3138580322265625,1.9535666704177856,1.8846032619476318,2.218842029571533,2.1593756675720215,1.8288007974624634,1.957241415977478,2.2992520332336426,2.2474262714385986,2.3274807929992676,2.6806533336639404,2.0321240425109863,2.2828328609466553,2.1231017112731934,2.403857469558716,2.247859477996826,1.9165817499160767,2.159520149230957,2.38903546333313,2.1338794231414795,2.0042946338653564,2.356961727142334,2.5199248790740967,2.52626371383667,2.7866718769073486,3.048161745071411,1.4465442895889282,1.6427398920059204,1.6732230186462402,1.688300371170044,1.3173918724060059,1.2575740814208984,1.5740288496017456,1.4844789505004883,1.1972945928573608,1.4166033267974854,1.7114884853363037,1.6086121797561646,1.8034722805023193,2.119443893432617,2.1543822288513184
A13,2.0327916145324707,1.8834056854248047,1.6684082746505737,1.4751405715942383,1.3641570806503296,1.2475306987762451,1.0476359128952026,0.8832851648330688,0.7980286478996277,0.6929868459701538,0.5251320004463196,0.36763644218444824,0.0,0.3759986460208893,0.548638105392456,2.3115174770355225,2.209923505783081,1.869085669517517,1.8525758981704712,1.864463448524475,1.5740145444869995,1.3654965162277222,1.5038976669311523,1.4091824293136597,1.0486623048782349,1.041980504989624,1.2893953323364258,1.0822845697402954,1.064864158630371,1.4319789409637451,2.571056604385376,2.537571907043457,2.1788721084594727,2.3348896503448486,2.3887250423431396,2.026323080062866,1.9279903173446655,2.2229561805725098,2.1415560245513916,1.7885136604309082,1.8922911882400513,2.2129969596862793,2.104766368865967,2.185884952545166,2.546863555908203,2.2635552883148193,2.4866442680358887,2.2940473556518555,2.542188882827759,2.381096363067627,2.03015398979187,2.233736276626587,2.447324275970459,2.1707680225372314,2.0045902729034424,2.3447799682617188,2.499659538269043,2.452779769897461,2.713825225830078,2.9935555458068848,1.7386817932128906,1.9010169506072998,1.8750616312026978,1.868298888206482,1.5045748949050903,1.3972641229629517,1.6637673377990723,1.5574628114700317,1.2187230587005615,1.39265775680542,1.6866137981414795,1.555954933166504,1.6834791898727417,2.029752254486084,2.0816688537597656
A14,2.215836524963379,2.010558843612671,1.7768718004226685,1.5472397804260254,1.5211806297302246,1.436658501625061,1.1512227058410645,1.002069115638733,1.0475373268127441,0.9337807297706604,0.6243193745613098,0.5436527729034424,0.3759986460208893,0.0,0.36770740151405334,2.5210087299346924,2.4398515224456787,2.083864450454712,2.1206276416778564,2.147146224975586,1.826176643371582,1.6472734212875366,1.8320543766021729,1.7260161638259888,1.3580509424209595,1.3975268602371216,1.653756022453308,1.4421652555465698,1.4355806112289429,1.8007453680038452,2.7088637351989746,2.7249443531036377,2.3852105140686035,2.5679259300231934,2.5824201107025146,2.205183982849121,2.160684108734131,2.4476945400238037,2.318636894226074,1.9784958362579346,2.131150007247925,2.4266064167022705,2.3133456707000732,2.439685821533203,2.79345440864563,2.306231737136841,2.5599541664123535,2.4066925048828125,2.629220724105835,2.4179575443267822,2.093567371368408,2.329498052597046,2.4933478832244873,2.1821746826171875,2.064190149307251,2.4164669513702393,2.51747989654541,2.4718286991119385,2.7686595916748047,3.0210344791412354,1.806152582168579,1.9101147651672363,1.9053033590316772,1.822402000427246,1.4503499269485474,1.4182348251342773,1.636533260345459,1.4461406469345093,1.1297276020050049,1.3656400442123413,1.5956071615219116,1.3907331228256226,1.534910798072815,1.8722046613693237,1.8647395372390747
A15,2.3107059001922607,2.0920889377593994,1.9150192737579346,1.6319763660430908,1.5793280601501465,1.5774585008621216,1.3173329830169678,1.0697216987609863,1.1331740617752075,1.1355797052383423,0.8467970490455627,0.6067163944244385,0.548638105392456,0.36770740151405334,0.0,2.729123592376709,2.602794647216797,2.239675521850586,2.246941328048706,2.3212807178497314,2.0307083129882812,1.7951412200927734,1.9742424488067627,1.9276639223098755,1.562852144241333,1.523019552230835,1.7957451343536377,1.5921753644943237,1.4986342191696167,1.8561725616455078,2.9520761966705322,2.956296920776367,2.6110546588897705,2.809617042541504,2.858020782470703,2.485747814178467,2.4285831451416016,2.7361035346984863,2.6347970962524414,2.2928574085235596,2.426060914993286,2.7398228645324707,2.629878044128418,2.726607084274292,3.0867111682891846,2.502229928970337,2.7809765338897705,2.648357391357422,2.89803409576416,2.6923534870147705,2.3776724338531494,2.632215738296509,2.809534788131714,2.50724196434021,2.400845766067505,2.7576518058776855,2.8649656772613525,2.8323609828948975,3.127696990966797,3.378545045852661,1.9351227283477783,2.0739340782165527,2.126673460006714,2.050163984298706,1.6672663688659668,1.6819517612457275,1.9296756982803345,1.730499267578125,1.4454017877578735,1.708164930343628,1.9319026470184326,1.7156695127487183,1.8790949583053589,2.2062015533447266,2.1657421588897705
B1,0.9533751010894775,1.207584261894226,1.1143798828125,1.4838995933532715,1.4311708211898804,1.2026009559631348,1.4818694591522217,1.764513373374939,1.6751387119293213,1.6204311847686768,1.906882405281067,2.140180826187134,2.3115174770355225,2.5210087299346924,2.729123592376709,0.0,0.38529226183891296,0.6079046726226807,0.8066632747650146,0.7055471539497375,0.7776339650154114,1.0776166915893555,1.202601432800293,1.2409179210662842,1.4074867963790894,1.6222399473190308,1.7208300828933716,2.0012576580047607,2.1989972591400146,2.302959442138672,0.6153681874275208,0.32661426067352295,0.20285174250602722,0.4752669334411621,0.6876346468925476,0.7216797471046448,0.8164532780647278,1.0432287454605103,1.205265998840332,1.274159550666809,1.3821637630462646,1.5832452774047852,1.882164716720581,1.9422111511230469,2.0682456493377686,1.1551122665405273,0.9776184558868408,0.6930927634239197,0.9725701808929443,1.2283003330230713,1.0849274396896362,1.0509861707687378,1.4055883884429932,1.5546298027038574,1.4518243074417114,1.5441226959228516,1.85414719581604,2.0575454235076904,2.0704424381256104,2.2492923736572266,1.2691296339035034,1.3953784704208374,1.206483006477356,1.5825810432434082,1.6605100631713867,1.4128062725067139,1.5676075220108032,1.9199897050857544,1.9176344871520996,1.7982282638549805,2.0283889770507812,2.3147664070129395,2.478710174560547,2.5781052112579346,2.799144744873047
B2,0.6564980745315552,0.9824607372283936,0.9894183278083801,1.3204452991485596,1.2001246213912964,1.041866660118103,1.3815165758132935,1.5989362001419067,1.4969464540481567,1.5256669521331787,1.8243865966796875,2.001193046569824,2.209923505783081,2.4398515224456787,2.602794647216797,0.38529226183891296,0.0,0.377455472946167,0.49622344970703125,0.5654749870300293,0.7243497967720032,0.8948205709457397,1.0297983884811401,1.1823405027389526,1.3312188386917114,1.4676830768585205,1.601478099822998,1.9075056314468384,2.0462334156036377,2.145498037338257,0.9418285489082336,0.6957287192344666,0.5071901679039001,0.7557570934295654,1.038194179534912,1.0030803680419922,1.0107945203781128,1.3015942573547363,1.4868930578231812,1.4783538579940796,1.5536810159683228,1.8132929801940918,2.0761704444885254,2.094878911972046,2.258532762527466,1.2417378425598145,1.163580060005188,0.9455375075340271,1.2853147983551025,1.4879961013793945,1.3197768926620483,1.3646467924118042,1.7235667705535889,1.8222382068634033,1.7175723314285278,1.8616782426834106,2.167715311050415,2.3576934337615967,2.400287389755249,2.595468282699585,1.1628010272979736,1.3846571445465088,1.2886667251586914,1.6689958572387695,1.685250997543335,1.473860263824463,1.7059231996536255,2.017909288406372,1.9880765676498413,1.929038166999817,2.190828800201416,2.434530258178711,2.6264255046844482,2.76078724861145,2.95361590385437
B3,0.47487181425094604,0.7085669040679932,0.6592838168144226,0.9659179449081421,0.8408877849578857,0.6684919595718384,1.0096701383590698,1.2243698835372925,1.1471058130264282,1.1879956722259521,1.4660844802856445,1.6425114870071411,1.869085669517517,2.083864450454712,2.239675521850586,0.6079046726226807,0.377455472946167,0.0,0.3860158324241638,0.5575939416885376,0.5301768779754639,0.6256684064865112,0.8834593892097473,1.0329118967056274,1.082922339439392,1.2276725769042969,1.4341156482696533,1.7022337913513184,1.8232537508010864,1.9772300720214844,1.054525375366211,0.9096387624740601,0.6234742403030396,0.9351089000701904,1.1541775465011597,0.9861769080162048,1.0051156282424927,1.3604851961135864,1.4794236421585083,1.3922430276870728,1.5129542350769043,1.8147414922714233,2.031296491622925,2.0780582427978516,2.2924389839172363,1.099615216255188,1.1326969861984253,0.926848828792572,1.3025667667388916,1.409021258354187,1.1873269081115723,1.3198347091674805,1.6719954013824463,1.6937081813812256,1.5953449010849,1.8078936338424683,2.0912084579467773,2.2671620845794678,2.366338014602661,2.5733494758605957,0.8536438941955566,1.1194218397140503,1.054241418838501,1.413475513458252,1.369798183441162,1.1734508275985718,1.4556840658187866,1.7290418148040771,1.6794567108154297,1.6671488285064697,1.944044828414917,2.150801420211792,2.3646161556243896,2.5220627784729004,2.6890225410461426
B4,0.6472107172012329,0.9328790307044983,0.9547914862632751,1.1711245775222778,0.9228924512863159,0.7795941829681396,1.1658471822738647,1.2892343997955322,1.114940881729126,1.208248496055603,1.5361278057098389,1.64151132106781,1.8525758981704712,2.1206276416778564,2.246941328048706,0.8066632747650146,0.49622344970703125,0.3860158324241638,0.0,0.38509178161621094,0.5561368465423584,0.503181517124176,0.6229084134101868,0.8851808309555054,0.9990968704223633,1.0408748388290405,1.2062418460845947,1.5192066431045532,1.6037957668304443,1.7072532176971436,1.3620634078979492,1.1330229043960571,0.8288956880569458,1.018488883972168,1.3158828020095825,1.1795053482055664,1.0680938959121704,1.4166828393936157,1.602856159210205,1.4812815189361572,1.5111581087112427,1.838952660560608,2.030306577682495,2.008037567138672,2.2323551177978516,1.4840419292449951,1.5097124576568604,1.280232548713684,1.6405315399169922,1.7672072649002075,1.5166658163070679,1.606516718864441,1.9779917001724243,1.9929174184799194,1.8411880731582642,2.044525623321533,2.3560173511505127,2.492283344268799,2.572432279586792,2.812267541885376,1.1557488441467285,1.464571237564087,1.414642095565796,1.7566368579864502,1.661022424697876,1.4459532499313354,1.7542445659637451,2.0063679218292236,1.897936463356018,1.884612798690796,2.19706392288208,2.3816616535186768,2.5727765560150146,2.767214775085449,2.9434053897857666
B5,0.9704039096832275,1.2307332754135132,1.1522687673568726,1.4010032415390015,1.1841286420822144,0.9279530048370361,1.2731916904449463,1.448066234588623,1.2287867069244385,1.2155287265777588,1.574613332748413,1.7206815481185913,1.864463448524475,2.147146224975586,2.3212807178497314,0.7055471539497375,0.5654749870300293,0.5575939416885376,0.38509178161621094,0.0,0.387494832277298,0.5395163297653198,0.5136386752128601,0.6472716331481934,0.8745973706245422,0.9912539720535278,1.0576324462890625,1.3770487308502197,1.5399903059005737,1.6141831874847412,1.2746233940124512,1.0008533000946045,0.6643020510673523,0.7314887642860413,1.0386950969696045,0.9265660643577576,0.7319048047065735,1.0594940185546875,1.281191110610962,1.1729068756103516,1.157555341720581,1.4746527671813965,1.6778955459594727,1.6446119546890259,1.8536936044692993,1.575156807899475,1.5354783535003662,1.2311698198318481,1.5428049564361572,1.6981335878372192,1.418952465057373,1.4259331226348877,1.8108506202697754,1.8422867059707642,1.6367298364639282,1.8023654222488403,2.1414520740509033,2.2473113536834717,2.2936301231384277,2.5544352531433105,1.3578294515609741,1.6085292100906372,1.4666283130645752,1.805483341217041,1.72756028175354,1.4414411783218384,1.7055442333221436,1.9892243146896362,1.857466459274292,1.7735909223556519,2.093111276626587,2.3077328205108643,2.4511191844940186,2.644601583480835,2.8615779876708984
B6,0.9734543561935425,1.118325114250183,0.9314945340156555,1.163902997970581,1.000543475151062,0.6621792316436768,0.9471887946128845,1.1743444204330444,0.9875474572181702,0.899383008480072,1.239945888519287,1.4387019872665405,1.5740145444869995,1.826176643371582,2.0307083129882812,0.7776339650154114,0.7243497967720032,0.5301768779754639,0.5561368465423584,0.387494832277298,0.0,0.38895314931869507,0.5621234774589539,0.5444047451019287,0.6333941221237183,0.8669795393943787,1.0122286081314087,1.2561094760894775,1.4499588012695312,1.6037896871566772,1.2112178802490234,1.03850519657135,0.6598698496818542,0.8153625130653381,0.998140811920166,0.7497944831848145,0.6224380731582642,1.0074305534362793,1.119134783744812,0.9476936459541321,1.031328797340393,1.3696534633636475,1.5414470434188843,1.582183599472046,1.8294357061386108,1.3722506761550903,1.383815050125122,1.0745471715927124,1.3835546970367432,1.461430549621582,1.1379120349884033,1.1992430686950684,1.570056438446045,1.5404462814331055,1.3386526107788086,1.5593738555908203,1.8737157583236694,1.9730726480484009,2.0702154636383057,2.3323163986206055,1.1302056312561035,1.3477329015731812,1.177511215209961,1.4828956127166748,1.3786331415176392,1.0723458528518677,1.344362497329712,1.613073468208313,1.470397710800171,1.3937492370605469,1.718915581703186,1.9225234985351562,2.074007511138916,2.2732038497924805,2.4809117317199707
B7,0.9272359013557434,1.0388115644454956,0.9216188192367554,1.038331151008606,0.7695383429527283,0.49987488985061646,0.8320923447608948,0.9362313151359558,0.6899646520614624,0.7273582816123962,1.0831823348999023,1.1911327838897705,1.3654965162277222,1.6472734212875366,1.7951412200927734,1.0776166915893555,0.8948205709457397,0.6256684064865112,0.503181517124176,0.5395163297653198,0.38895314931869507,0.0,0.3885907232761383,0.5540505051612854,0.5231038928031921,0.6024425625801086,0.8469964861869812,1.094699501991272,1.1992172002792358,1.376086711883545,1.5405910015106201,1.372657060623169,1.003489375114441,1.1723264455795288,1.3849979639053345,1.1325613260269165,0.9837733507156372,1.3602650165557861,1.4720418453216553,1.2467237710952759,1.2953460216522217,1.6619927883148193,1.776666522026062,1.77972412109375,2.0629007816314697,1.546125054359436,1.6335244178771973,1.3756731748580933,1.713763952255249,1.7528791427612305,1.4283121824264526,1.5491845607757568,1.904911994934082,1.8313361406326294,1.6426399946212769,1.8997091054916382,2.194444179534912,2.2770960330963135,2.404452085494995,2.6744253635406494,1.120056390762329,1.4129199981689453,1.3352071046829224,1.6092122793197632,1.4269471168518066,1.178938865661621,1.515019416809082,1.7135363817214966,1.5320838689804077,1.5354293584823608,1.8795515298843384,2.0184097290039062,2.1924774646759033,2.4295785427093506,2.599670648574829
B8,1.2083684206008911,1.386740803718567,1.300775170326233,1.4208186864852905,1.124080777168274,0.8841904997825623,1.190947413444519,1.2530485391616821,0.937648594379425,0.9564945101737976,1.3357292413711548,1.3957664966583252,1.5038976669311523,1.8320543766021729,1.9742424488067627,1.202601432800293,1.0297983884811401,0.8834593892097473,0.6229084134101868,0.5136386752128601,0.5621234774589539,0.3885907232761383,0.0,0.3793692886829376,0.5544688701629639,0.515048086643219,0.5864399075508118,0.9183927774429321,1.03490149974823,1.118385910987854,1.7303109169006348,1.492890477180481,1.1314529180526733,1.1791012287139893,1.4370355606079102,1.2461183071136475,0.9844805598258972,1.3092619180679321,1.4915268421173096,1.266144871711731,1.1987862586975098,1.566231369972229,1.662169337272644,1.5862935781478882,1.864007830619812,1.8832828998565674,1.920316457748413,1.6246412992477417,1.9381769895553589,2.0224549770355225,1.6901426315307617,1.7370398044586182,2.107311725616455,2.0569920539855957,1.8162378072738647,2.0308728218078613,2.3566222190856934,2.401230812072754,2.486487627029419,2.7836897373199463,1.5027114152908325,1.7907427549362183,1.6844249963760376,1.9642977714538574,1.7877403497695923,1.508110523223877,1.8179794549942017,2.026737689971924,1.8125731945037842,1.7713314294815063,2.128544330596924,2.27329158782959,2.4014017581939697,2.654552936553955,2.853091239929199
B9,1.4311268329620361,1.5678740739822388,1.392235517501831,1.5275278091430664,1.2936100959777832,0.971115231513977,1.1919628381729126,1.3143963813781738,1.0070033073425293,0.8799875378608704,1.2548686265945435,1.3777765035629272,1.4091824293136597,1.7260161638259888,1.9276639223098755,1.2409179210662842,1.1823405027389526,1.0329118967056274,0.8851808309555054,0.6472716331481934,0.5444047451019287,0.5540505051612854,0.3793692886829376,0.0,0.37182673811912537,0.5370270609855652,0.5125196576118469,0.7673027515411377,1.0110973119735718,1.1196712255477905,1.689829707145691,1.4799308776855469,1.1144285202026367,1.1076722145080566,1.2869616746902466,1.0633695125579834,0.7662991881370544,1.0621469020843506,1.2020275592803955,0.9359477758407593,0.8558868169784546,1.232866883277893,1.298995852470398,1.2516783475875854,1.5508134365081787,1.890098214149475,1.9056603908538818,1.5752490758895874,1.838165283203125,1.9017808437347412,1.5427443981170654,1.5489839315414429,1.9032014608383179,1.8314557075500488,1.5504403114318848,1.7560672760009766,2.0821337699890137,2.0877768993377686,2.1715617179870605,2.486595869064331,1.5854519605636597,1.8122614622116089,1.6387057304382324,1.8870861530303955,1.716036081314087,1.3875558376312256,1.650813102722168,1.863867163658142,1.6246767044067383,1.5273678302764893,1.8867449760437012,2.0431060791015625,2.127336263656616,2.383638858795166,2.609652519226074
B10,1.4232622385025024,1.468018651008606,1.2578740119934082,1.3146400451660156,1.099295973777771,0.7797287702560425,0.9112426042556763,1.0017069578170776,0.6973573565483093,0.5205157399177551,0.8903903961181641,1.0149179697036743,1.0486623048782349,1.3580509424209595,1.562852144241333,1.4074867963790894,1.3312188386917114,1.082922339439392,0.9990968704223633,0.8745973706245422,0.6333941221237183,0.5231038928031921,0.5544688701629639,0.37182673811912537,0.0,0.3779958486557007,0.5638613104820251,0.6757861375808716,0.8865216970443726,1.1116493940353394,1.791239857673645,1.648789644241333,1.2726309299468994,1.3518128395080566,1.4792157411575317,1.179796576499939,0.9725595116615295,1.2938333749771118,1.3398404121398926,1.021679162979126,1.0422621965408325,1.4177894592285156,1.4336262941360474,1.4490091800689697,1.7790168523788452,1.8174573183059692,1.90263032913208,1.6080420017242432,1.880325436592102,1.869657039642334,1.4953032732009888,1.579143762588501,1.9031234979629517,1.7640286684036255,1.5113240480422974,1.7789652347564697,2.062117576599121,2.0630557537078857,2.2087745666503906,2.515968084335327,1.4297699928283691,1.6513670682907104,1.5095120668411255,1.7035799026489258,1.474353551864624,1.1741520166397095,1.4676765203475952,1.6185531616210938,1.3476316928863525,1.310942530632019,1.6801872253417969,1.7836778163909912,1.891954779624939,2.1731247901916504,2.36413311958313
B11,1.4937061071395874,1.5548529624938965,1.423487901687622,1.4199988842010498,1.1262134313583374,0.9099169373512268,1.0777151584625244,1.0365029573440552,0.6671823263168335,0.6684839725494385,1.0108832120895386,0.9924378395080566,1.041980504989624,1.3975268602371216,1.523019552230835,1.6222399473190308,1.4676830768585205,1.2276725769042969,1.0408748388290405,0.9912539720535278,0.8669795393943787,0.6024425625801086,0.515048086643219,0.5370270609855652,0.3779958486557007,0.0,0.38028353452682495,0.535592257976532,0.599841296672821,0.819700300693512,2.0739638805389404,1.8976129293441772,1.520033359527588,1.5937587022781372,1.7794914245605469,1.5118701457977295,1.2731397151947021,1.5881216526031494,1.6820849180221558,1.3718336820602417,1.3302010297775269,1.7068285942077637,1.6993381977081299,1.6467548608779907,1.9808958768844604,2.07336688041687,2.1795802116394043,1.9025309085845947,2.2032792568206787,2.205092668533325,1.8405653238296509,1.9364696741104126,2.2696375846862793,2.1347789764404297,1.8889063596725464,2.1538784503936768,2.440096139907837,2.4359326362609863,2.5764882564544678,2.8890914916992188,1.5967049598693848,1.8721895217895508,1.7894519567489624,1.9872078895568848,1.7282465696334839,1.4750031232833862,1.7986981868743896,1.9172494411468506,1.6357711553573608,1.6472629308700562,2.0161306858062744,2.0810086727142334,2.1969289779663086,2.4974708557128906,2.6649837493896484
B12,1.7533581256866455,1.8676265478134155,1.733862042427063,1.7745682001113892,1.4832619428634644,1.2404060363769531,1.421040415763855,1.411199927330017,1.044771432876587,0.9891519546508789,1.3268991708755493,1.3179316520690918,1.2893953323364258,1.653756022453308,1.7957451343536377,1.7208300828933716,1.601478099822998,1.4341156482696533,1.2062418460845947,1.0576324462890625,1.0122286081314087,0.8469964861869812,0.5864399075508118,0.5125196576118469,0.5638613104820251,0.38028353452682495,0.0,0.3697710633277893,0.5436495542526245,0.6076304316520691,2.196068048477173,1.9773956537246704,1.61212956905365,1.5941197872161865,1.7876951694488525,1.5694197416305542,1.260017991065979,1.5074114799499512,1.6435632705688477,1.3437354564666748,1.200492024421692,1.5567036867141724,1.5201674699783325,1.3957639932632446,1.7234199047088623,2.3279995918273926,2.383772134780884,2.069880485534668,2.3421449661254883,2.381389617919922,2.0119991302490234,2.039074659347534,2.378432273864746,2.268296003341675,1.9781874418258667,2.196601390838623,2.506387710571289,2.4659605026245117,2.563279628753662,2.89748477935791,1.9181451797485352,2.179046630859375,2.0527915954589844,2.2643797397613525,2.030670166015625,1.7380013465881348,2.024742841720581,2.1692826747894287,1.8757002353668213,1.8261500597000122,2.195366859436035,2.281730890274048,2.3460237979888916,2.6482794284820557,2.8509652614593506
B13,2.0134010314941406,2.0715603828430176,1.900684118270874,1.892488956451416,1.6316053867340088,1.39065420627594,1.477813959121704,1.4377150535583496,1.089630365371704,0.9781270623207092,1.243359088897705,1.2066235542297363,1.0822845697402954,1.4421652555465698,1.5921753644943237,2.0012576580047607,1.9075056314468384,1.7022337913513184,1.5192066431045532,1.3770487308502197,1.2561094760894775,1.094699501991272,0.9183927774429321,0.7673027515411377,0.6757861375808716,0.535592257976532,0.3697710633277893,0.0,0.3721974492073059,0.5486351251602173,2.422351121902466,2.240689277648926,1.8717856407165527,1.8615866899490356,2.0022730827331543,1.7479952573776245,1.4620610475540161,1.685160517692566,1.7565118074417114,1.4189574718475342,1.2962292432785034,1.629827618598938,1.513759970664978,1.416777491569519,1.7705373764038086,2.4913973808288574,2.5734174251556396,2.2652153968811035,2.5155014991760254,2.508194923400879,2.1254050731658936,2.1660194396972656,2.4724385738372803,2.313723087310791,2.0181519985198975,2.2533295154571533,2.531890630722046,2.449448347091675,2.575762987136841,2.9181432723999023,2.065916061401367,2.2988808155059814,2.16910982131958,2.325986623764038,2.059265375137329,1.7778910398483276,2.044475555419922,2.1344878673553467,1.8030989170074463,1.7657601833343506,2.1274375915527344,2.1647276878356934,2.1980068683624268,2.526055335998535,2.716353178024292
