,A1,A2,A3,A4,A5,A6,A7,A8,A9,A10,A11,A12,A13,A14,A15,B1,B2,B3,B4,B5,B6,B7,B8,B9,B10,B11,B12,B13,B14,B15,C1,C2,C3,C4,C5,C6,C7,C8,C9,C10,C11,C12,C13,C14,C15,D1,D2,D3,D4,D5,D6,D7,D8,D9,D10,D11,D12,D13,D14,D15,E1,E2,E3,E4,E5,E6,E7,E8,E9,E10,E11,E12,E13,E14,E15
A1,0.0,0.3702858090400696,0.6142081618309021,0.6115999221801758,0.7284466028213501,1.0088582038879395,1.1525747776031494,1.1759454011917114,1.39956533908844,1.7260931730270386,1.7995680570602417,2.146400213241577,2.356309175491333,2.5163211822509766,2.8004281520843506,1.8250107765197754,1.734684944152832,1.3844804763793945,1.4030524492263794,1.7529743909835815,1.6759586334228516,1.4771497249603271,1.7707509994506836,2.039559841156006,2.1959216594696045,2.3524787425994873,2.5818135738372803,2.774466037750244,3.0774004459381104,3.33457350730896,1.9243944883346558,1.897519588470459,1.5528488159179688,1.614793062210083,1.9529752731323242,1.8471218347549438,1.669843316078186,2.008878707885742,2.216313123703003,2.281111478805542,2.3861327171325684,2.735997438430786,2.961092948913574,3.2848260402679443,3.494344711303711,0.6696921586990356,0.8713390231132507,0.78547203540802,0.6833028197288513,0.9902406930923462,1.2041155099868774,1.1709147691726685,1.3862059116363525,1.377023458480835,1.733845829963684,1.6921756267547607,1.7675787210464478,2.154110908508301,2.1625351905822754,2.4999513626098633,1.8538962602615356,1.8572880029678345,1.7195956707000732,1.3506383895874023,1.4639050960540771,1.562572717666626,1.270167589187622,1.2696977853775024,1.083314299583435,1.0979856252670288,0.8957452774047852,1.1395237445831299,1.441143274307251,1.6453471183776855,1.8424497842788696
A2,0.3702858090400696,0.0,0.37492361664772034,0.5476511716842651,0.5616491436958313,0.7487614154815674,0.9760441780090332,1.0811164379119873,1.2699443101882935,1.5762320756912231,1.7178632020950317,2.076280117034912,2.2416422367095947,2.4479761123657227,2.7046146392822266,1.5362540483474731,1.49593186378479,1.1639142036437988,1.1203012466430664,1.4892690181732178,1.4784107208251953,1.279776692390442,1.5932077169418335,1.8111255168914795,2.004086971282959,2.13706374168396,2.3328135013580322,2.510847568511963,2.8130784034729004,3.0871922969818115,1.7813435792922974,1.7931753396987915,1.4608436822891235,1.4393963813781738,1.7998484373092651,1.744059443473816,1.5250566005706787,1.8550233840942383,2.0074172019958496,2.0719640254974365,2.1284096240997314,2.471238613128662,2.7085580825805664,3.018869161605835,3.207782030105591,0.9817653298377991,1.1342358589172363,0.9611650109291077,0.7674614191055298,1.1232198476791382,1.3085469007492065,1.164949893951416,1.317327857017517,1.368823766708374,1.6860581636428833,1.6001942157745361,1.7066634893417358,2.087031602859497,2.1435296535491943,2.4607088565826416,1.9041424989700317,1.9246116876602173,1.7339873313903809,1.391882300376892,1.587755799293518,1.6620886325836182,1.3345069885253906,1.3944599628448486,1.3016084432601929,1.288362741470337,1.1701408624649048,1.4497874975204468,1.7157549858093262,1.9588148593902588,2.1390678882598877
A3,0.6142081618309021,0.37492361664772034,0.0,0.39170241355895996,0.5493043065071106,0.57417231798172,0.7111965417861938,0.9208794832229614,1.1689543724060059,1.4156728982925415,1.6102027893066406,1.9897308349609375,2.162367820739746,2.4049530029296875,2.677407741546631,1.2308136224746704,1.1437039375305176,0.798187255859375,0.793084442615509,1.1550158262252808,1.122302770614624,0.9690243601799011,1.3192825317382812,1.5383508205413818,1.7640084028244019,1.9407676458358765,2.112168073654175,2.331763982772827,2.6040844917297363,2.899686813354492,1.469959020614624,1.4556831121444702,1.1188726425170898,1.0727565288543701,1.4277465343475342,1.3775534629821777,1.1597594022750854,1.5011539459228516,1.655324101448059,1.7502217292785645,1.8172361850738525,2.1556780338287354,2.4071149826049805,2.7100460529327393,2.9243171215057373,1.0383740663528442,1.0877488851547241,0.8455154895782471,0.5932549834251404,0.956335186958313,1.0796300172805786,0.8579946756362915,0.983924388885498,1.1021896600723267,1.3865708112716675,1.3279954195022583,1.4974008798599243,1.8725383281707764,1.9836994409561157,2.318413734436035,1.8002984523773193,1.7716072797775269,1.5260848999023438,1.229560136795044,1.4469317197799683,1.4523727893829346,1.0963343381881714,1.179587483406067,1.187426209449768,1.1559040546417236,1.1547108888626099,1.488236665725708,1.7161378860473633,2.012967586517334,2.220460891723633
A4,0.6115999221801758,0.5476511716842651,0.39170241355895996,0.0,0.3869567811489105,0.5531052947044373,0.5594015121459961,0.6251806616783142,0.921196460723877,1.1919615268707275,1.3186932802200317,1.694933533668518,1.9118585586547852,2.1206817626953125,2.4241368770599365,1.4902138710021973,1.3334829807281494,0.967510998249054,0.9514920711517334,1.23788583278656,1.1137540340423584,0.885140061378479,1.16873300075531,1.4596385955810547,1.6126235723495483,1.808323860168457,2.0365493297576904,2.2701029777526855,2.5480568408966064,2.8109982013702393,1.6865042448043823,1.5885236263275146,1.2220470905303955,1.2097519636154175,1.5036267042160034,1.356570839881897,1.1210829019546509,1.4260013103485107,1.6459301710128784,1.686157464981079,1.8248847723007202,2.1809613704681396,2.38669490814209,2.72312331199646,2.950770139694214,0.9564523696899414,0.9183957576751709,0.603617787361145,0.549155592918396,0.9279559850692749,0.9595583081245422,0.8007702827453613,1.0634267330169678,1.2163387537002563,1.5148714780807495,1.5463160276412964,1.742435336112976,2.119713306427002,2.2269158363342285,2.5904996395111084,1.4271059036254883,1.4040623903274536,1.1928173303604126,0.8632059097290039,1.0799262523651123,1.141727089881897,0.8240534663200378,0.9791526794433594,0.9761547446250916,1.0685181617736816,1.0685094594955444,1.4158109426498413,1.6888999938964844,1.9602725505828857,2.222099781036377
A5,0.7284466028213501,0.5616491436958313,0.5493043065071106,0.3869567811489105,0.0,0.3766573965549469,0.5807453393936157,0.5670862793922424,0.709502100944519,1.03070867061615,1.1592578887939453,1.517691969871521,1.6845810413360596,1.8986380100250244,2.1647660732269287,1.5744251012802124,1.4849681854248047,1.1454180479049683,0.9954516291618347,1.2757397890090942,1.2322208881378174,0.9254535436630249,1.1471952199935913,1.3886312246322632,1.5153090953826904,1.6359108686447144,1.8771204948425293,2.057044267654419,2.3682594299316406,2.6118204593658447,1.9481316804885864,1.8828890323638916,1.5299344062805176,1.439150333404541,1.7375468015670776,1.6162937879562378,1.319126844406128,1.5667240619659424,1.7298108339309692,1.7050422430038452,1.8008637428283691,2.1613199710845947,2.3409676551818848,2.686671018600464,2.869168281555176,1.2466768026351929,1.257318139076233,0.957294762134552,0.9227454662322998,1.307891845703125,1.3427571058273315,1.160890817642212,1.3899739980697632,1.5665425062179565,1.8463084697723389,1.8408236503601074,2.035412311553955,2.409515142440796,2.5248022079467773,2.866137742996216,1.4232654571533203,1.4954866170883179,1.3085533380508423,0.9868281483650208,1.272745132446289,1.4064593315124512,1.133165717124939,1.3444066047668457,1.3307143449783325,1.4461424350738525,1.4022754430770874,1.724691390991211,2.021308660507202,2.26442551612854,2.5106992721557617
A6,1.0088582038879395,0.7487614154815674,0.57417231798172,0.5531052947044373,0.3766573965549469,0.0,0.3782693147659302,0.5693133473396301,0.6863495707511902,0.90227210521698,1.1485655307769775,1.5165212154388428,1.6387351751327515,1.916653037071228,2.16170072555542,1.2667526006698608,1.1964255571365356,0.8961426019668579,0.6638935804367065,0.9241610765457153,0.9419735074043274,0.6435087323188782,0.8985750079154968,1.0798054933547974,1.2696776390075684,1.395698070526123,1.5866856575012207,1.7832168340682983,2.0757696628570557,2.3513708114624023,1.7620192766189575,1.7105650901794434,1.3868988752365112,1.2101695537567139,1.497298002243042,1.4218934774398804,1.088819980621338,1.310073733329773,1.4140461683273315,1.3960145711898804,1.450463891029358,1.8058912754058838,2.0030150413513184,2.335632085800171,2.5151591300964355,1.4909439086914062,1.467560052871704,1.1378144025802612,1.034108281135559,1.4024101495742798,1.398503303527832,1.1280449628829956,1.281800389289856,1.5221493244171143,1.7402541637420654,1.721778154373169,1.956850528717041,2.308365821838379,2.4748735427856445,2.8022778034210205,1.5223259925842285,1.570115327835083,1.313581943511963,1.0735657215118408,1.4065238237380981,1.4710001945495605,1.1779160499572754,1.420859456062317,1.5002868175506592,1.5754963159561157,1.6083033084869385,1.95611572265625,2.214392900466919,2.49782657623291,2.7391672134399414
A7,1.1525747776031494,0.9760441780090332,0.7111965417861938,0.5594015121459961,0.5807453393936157,0.3782693147659302,0.0,0.38303136825561523,0.6371867656707764,0.7630423307418823,1.0131288766860962,1.3963820934295654,1.5696231126785278,1.8488245010375977,2.1355340480804443,1.2755687236785889,1.102513074874878,0.7984306216239929,0.6505375504493713,0.8004894852638245,0.6819813251495361,0.3554922342300415,0.6240069270133972,0.900610625743866,1.0732922554016113,1.289565920829773,1.4956575632095337,1.7582001686096191,2.012267589569092,2.286902666091919,1.6621074676513672,1.5357753038406372,1.207284688949585,1.04996919631958,1.2699259519577026,1.1269583702087402,0.7865744829177856,0.9903836846351624,1.1649746894836426,1.1490260362625122,1.2905471324920654,1.6525429487228394,1.8358741998672485,2.1829144954681396,2.408663749694824,1.481984257698059,1.3672220706939697,1.0055063962936401,0.9652785658836365,1.2857214212417603,1.1877471208572388,0.9107986688613892,1.1039230823516846,1.3952497243881226,1.585099697113037,1.6433513164520264,1.9205178022384644,2.2608742713928223,2.449634313583374,2.80207896232605,1.2958438396453857,1.280637502670288,0.9830474257469177,0.7986494898796082,1.1372140645980835,1.15380859375,0.8809373378753662,1.1752914190292358,1.3297375440597534,1.43853759765625,1.5456613302230835,1.9110139608383179,2.151841163635254,2.4512877464294434,2.7278103828430176
A8,1.1759454011917114,1.0811164379119873,0.9208794832229614,0.6251806616783142,0.5670862793922424,0.5693133473396301,0.38303136825561523,0.0,0.37192028760910034,0.591315507888794,0.7103416323661804,1.0950486660003662,1.3169924020767212,1.5462706089019775,1.8606743812561035,1.6575959920883179,1.4793452024459839,1.170203447341919,1.0287840366363525,1.145790934562683,0.9951900243759155,0.6429564952850342,0.7131365537643433,1.0373672246932983,1.0769680738449097,1.265554428100586,1.550093412399292,1.7877942323684692,2.0643279552459717,2.285092830657959,2.0067434310913086,1.850364089012146,1.5069615840911865,1.4000176191329956,1.5890347957611084,1.3849629163742065,1.0650502443313599,1.2067605257034302,1.4208016395568848,1.3277212381362915,1.5172362327575684,1.8793514966964722,2.001433849334717,2.3750998973846436,2.5884416103363037,1.4929322004318237,1.3599404096603394,0.9992243051528931,1.0914160013198853,1.4126347303390503,1.292829990386963,1.1072452068328857,1.3824011087417603,1.6456953287124634,1.8686679601669312,1.958673119544983,2.2210934162139893,2.5738091468811035,2.7357444763183594,3.102687358856201,0.9572527408599854,1.0101584196090698,0.7888240814208984,0.5525577068328857,0.9235599040985107,1.0573209524154663,0.8771352767944336,1.215123176574707,1.3153090476989746,1.514549970626831,1.5757793188095093,1.920992136001587,2.2027840614318848,2.459803581237793,2.7615866661071777
A9,1.39956533908844,1.2699443101882935,1.1689543724060059,0.921196460723877,0.709502100944519,0.6863495707511902,0.6371867656707764,0.37192028760910034,0.0,0.36827611923217773,0.4747258424758911,0.8354947566986084,0.9975490570068359,1.2458436489105225,1.5273689031600952,1.8272358179092407,1.6989943981170654,1.4235035181045532,1.1980276107788086,1.276578664779663,1.200344204902649,0.8224707841873169,0.7632258534431458,0.9992069005966187,0.9621233940124512,1.047993540763855,1.3664418458938599,1.5452364683151245,1.8533289432525635,2.0382766723632812,2.298326253890991,2.1628928184509277,1.8332165479660034,1.6769951581954956,1.8583126068115234,1.6784056425094604,1.3297090530395508,1.39901602268219,1.547744870185852,1.3755674362182617,1.525600790977478,1.8779135942459106,1.9516466856002808,2.334365129470825,2.4998714923858643,1.7991478443145752,1.695948600769043,1.3463292121887207,1.4341470003128052,1.7724730968475342,1.6645711660385132,1.4700032472610474,1.7211869955062866,1.9947346448898315,2.2069268226623535,2.2744836807250977,2.5378732681274414,2.888193368911743,3.058319568634033,3.4122133255004883,0.9757869243621826,1.1427762508392334,0.9801650047302246,0.8141488432884216,1.1860400438308716,1.3684477806091309,1.2349798679351807,1.5821529626846313,1.666508674621582,1.8757994174957275,1.9084315299987793,2.2415497303009033,2.540438413619995,2.77966570854187,3.0752062797546387
A10,1.7260931730270386,1.5762320756912231,1.4156728982925415,1.1919615268707275,1.03070867061615,0.90227210521698,0.7630423307418823,0.591315507888794,0.36827611923217773,0.0,0.38606682419776917,0.7016522288322449,0.8220882415771484,1.1369450092315674,1.4085500240325928,1.8396204710006714,1.697988748550415,1.480186939239502,1.2419242858886719,1.2039358615875244,1.126096248626709,0.7839258909225464,0.5544148683547974,0.7391482591629028,0.6134443283081055,0.7160933017730713,1.0525404214859009,1.2652639150619507,1.543399691581726,1.722586750984192,2.34626841545105,2.1892826557159424,1.8928847312927246,1.6975769996643066,1.81184720993042,1.6310548782348633,1.2768324613571167,1.240537405014038,1.3537009954452515,1.1145989894866943,1.2842519283294678,1.6172934770584106,1.6434975862503052,2.034738779067993,2.201176881790161,2.0839638710021973,1.9403554201126099,1.577661395072937,1.6614543199539185,1.9704653024673462,1.8102561235427856,1.5889899730682373,1.808014988899231,2.124201536178589,2.283989667892456,2.375037431716919,2.6709201335906982,2.997907876968384,3.203730344772339,3.555116891860962,0.9896460175514221,1.1357948780059814,0.9422639608383179,0.9255324006080627,1.297861933708191,1.4306187629699707,1.3408454656600952,1.71709144115448,1.868325114250183,2.075918436050415,2.162806272506714,2.5084481239318848,2.786008596420288,3.0444211959838867,3.3516483306884766
A11,1.7995680570602417,1.7178632020950317,1.6102027893066406,1.3186932802200317,1.1592578887939453,1.1485655307769775,1.0131288766860962,0.7103416323661804,0.4747258424758911,0.38606682419776917,0.0,0.38661617040634155,0.6428659558296204,0.8547438383102417,1.1890846490859985,2.191993236541748,2.029806137084961,1.7817920446395874,1.5772743225097656,1.5660980939865112,1.4427636861801147,1.1012340784072876,0.8782123327255249,1.0979702472686768,0.8919410109519958,0.9593775868415833,1.3306941986083984,1.5039869546890259,1.7796003818511963,1.8899420499801636,2.6313304901123047,2.449178457260132,2.1338493824005127,1.9892847537994385,2.0983309745788574,1.8713035583496094,1.546008586883545,1.5133247375488281,1.6779924631118774,1.4310286045074463,1.639772891998291,1.9604511260986328,1.9486080408096313,2.3447306156158447,2.5076982975006104,2.1157822608947754,1.9597541093826294,1.6201807260513306,1.7826581001281738,2.0794265270233154,1.9089534282684326,1.7546777725219727,2.0288562774658203,2.3195111751556396,2.509424924850464,2.626479387283325,2.9096992015838623,3.2498292922973633,3.430318593978882,3.7975411415100098,0.7037017345428467,0.9502803087234497,0.8870610594749451,0.8718031048774719,1.1935697793960571,1.409470796585083,1.3997893333435059,1.7761030197143555,1.8826056718826294,2.145756721496582,2.200807809829712,2.520683765411377,2.8211541175842285,3.041473388671875,3.366220712661743
A12,2.146400213241577,2.076280117034912,1.9897308349609375,1.694933533668518,1.517691969871521,1.5165212154388428,1.3963820934295654,1.0950486660003662,0.8354947566986084,0.7016522288322449,0.38661617040634155,0.0,0.3685274124145508,0.4905545115470886,0.8511109352111816,2.540668249130249,2.3850181102752686,2.1542809009552,1.937936782836914,1.8949449062347412,1.7816575765609741,1.4572232961654663,1.1825826168060303,1.339011549949646,1.0509305000305176,1.0312771797180176,1.405687928199768,1.5197595357894897,1.777227759361267,1.8057674169540405,3.000863790512085,2.8097591400146484,2.503113031387329,2.3535473346710205,2.437368392944336,2.203511953353882,1.8873158693313599,1.804306149482727,1.947756052017212,1.6563720703125,1.8611055612564087,2.1474037170410156,2.071117877960205,2.4623236656188965,2.593665838241577,2.456329584121704,2.2955374717712402,1.9699195623397827,2.156399965286255,2.4446330070495605,2.261702537536621,2.124729633331299,2.4021809101104736,2.696040630340576,2.878986358642578,3.0059549808502197,3.293328046798706,3.630544662475586,3.8138973712921143,4.182444095611572,0.8051556348800659,1.1082950830459595,1.1371184587478638,1.18477201461792,1.45195472240448,1.6890406608581543,1.7353894710540771,2.1113650798797607,2.210862159729004,2.495820999145508,2.543086290359497,2.8483047485351562,3.1563289165496826,3.356712579727173,3.6894776821136475
A13,2.356309175491333,2.2416422367095947,2.162367820739746,1.9118585586547852,1.6845810413360596,1.6387351751327515,1.5696231126785278,1.3169924020767212,0.9975490570068359,0.8220882415771484,0.6428659558296204,0.3685274124145508,0.0,0.3910946249961853,0.5980939269065857,2.6119601726531982,2.498408794403076,2.2982962131500244,2.035569429397583,1.9698121547698975,1.9186333417892456,1.5991090536117554,1.3052080869674683,1.3610199689865112,1.0591516494750977,0.9091469049453735,1.256892204284668,1.2850885391235352,1.5530369281768799,1.5368106365203857,3.1652159690856934,3.000354051589966,2.7075538635253906,2.513962745666504,2.6003615856170654,2.40415096282959,2.066754102706909,1.9565722942352295,2.032616138458252,1.7097519636154175,1.852720022201538,2.109746217727661,1.9995051622390747,2.3756604194641113,2.4525139331817627,2.7305707931518555,2.593568801879883,2.257263422012329,2.404834032058716,2.7145836353302,2.5468990802764893,2.373514413833618,2.6193161010742188,2.9275331497192383,3.095961332321167,3.1960866451263428,3.487773895263672,3.819002389907837,4.017628192901611,4.370676040649414,1.173220157623291,1.465657114982605,1.4583001136779785,1.5054453611373901,1.7999054193496704,2.0194668769836426,2.0343945026397705,2.4149839878082275,2.523186445236206,2.787184238433838,2.8312442302703857,3.144796133041382,3.4545395374298096,3.6636674404144287,3.9840190410614014
A14,2.5163211822509766,2.4479761123657227,2.4049530029296875,2.1206817626953125,1.8986380100250244,1.916653037071228,1.8488245010375977,1.5462706089019775,1.2458436489105225,1.1369450092315674,0.8547438383102417,0.4905545115470886,0.3910946249961853,0.0,0.39873966574668884,2.9617464542388916,2.8342576026916504,2.6105401515960693,2.3666810989379883,2.3236241340637207,2.2442846298217773,1.9163686037063599,1.6348531246185303,1.730987787246704,1.4201381206512451,1.2933363914489746,1.6357831954956055,1.6453287601470947,1.8967385292053223,1.8290727138519287,3.472017765045166,3.2921669483184814,2.985145330429077,2.8239083290100098,2.912513017654419,2.6883938312530518,2.366562604904175,2.2679991722106934,2.3789875507354736,2.0611770153045654,2.2291817665100098,2.4851877689361572,2.361842632293701,2.7362060546875,2.811997890472412,2.8590199947357178,2.7207674980163574,2.4101645946502686,2.6026837825775146,2.9020469188690186,2.7337300777435303,2.604459047317505,2.883194923400879,3.172196626663208,3.362654447555542,3.477858543395996,3.7590932846069336,4.1007914543151855,4.279456615447998,4.6434173583984375,1.1883093118667603,1.5218915939331055,1.6064257621765137,1.6473623514175415,1.8853222131729126,2.1494338512420654,2.211113452911377,2.579975128173828,2.6519992351531982,2.9477696418762207,2.9648983478546143,3.2523725032806396,3.5762572288513184,3.7510366439819336,4.07951545715332
A15,2.8004281520843506,2.7046146392822266,2.677407741546631,2.4241368770599365,2.1647660732269287,2.16170072555542,2.1355340480804443,1.8606743812561035,1.5273689031600952,1.4085500240325928,1.1890846490859985,0.8511109352111816,0.5980939269065857,0.39873966574668884,0.0,3.1733436584472656,3.0809054374694824,2.877405881881714,2.6009609699249268,2.5479109287261963,2.5138673782348633,2.1890056133270264,1.9021049737930298,1.932633399963379,1.6241421699523926,1.4137359857559204,1.7071411609649658,1.6260524988174438,1.8693872690200806,1.7376508712768555,3.7530574798583984,3.594179153442383,3.295039176940918,3.104539632797241,3.1980955600738525,3.000216007232666,2.664156198501587,2.550194025039673,2.614241600036621,2.2782201766967773,2.396822214126587,2.6234381198883057,2.47122859954834,2.8229150772094727,2.8435587882995605,3.1920957565307617,3.0753719806671143,2.7606089115142822,2.929161787033081,3.245443105697632,3.091216802597046,2.9403557777404785,3.2002055644989014,3.4962189197540283,3.6805217266082764,3.7742929458618164,4.055478572845459,4.394673824310303,4.581157684326172,4.932950019836426,1.5862956047058105,1.91761314868927,1.9846302270889282,2.021001100540161,2.2752139568328857,2.53456711769104,2.577260971069336,2.9487831592559814,3.0201025009155273,3.3043391704559326,3.311875581741333,3.6009466648101807,3.929875373840332,4.104629993438721,4.422597408294678
B1,1.8250107765197754,1.5362540483474731,1.2308136224746704,1.4902138710021973,1.5744251012802124,1.2667526006698608,1.2755687236785889,1.6575959920883179,1.8272358179092407,1.8396204710006714,2.191993236541748,2.540668249130249,2.6119601726531982,2.9617464542388916,3.1733436584472656,0.0,0.370951384305954,0.6088623404502869,0.6340638995170593,0.6991620063781738,0.9299476742744446,1.1325875520706177,1.4410823583602905,1.3977534770965576,1.7716354131698608,1.950065016746521,1.8946812152862549,2.136901378631592,2.272062301635742,2.652310371398926,0.9199687242507935,1.0666526556015015,1.023728847503662,0.6858091950416565,0.9111475348472595,1.17971932888031,1.0537397861480713,1.2586334943771362,1.1329762935638428,1.3885167837142944,1.2527217864990234,1.4381479024887085,1.7971817255020142,1.950546145439148,2.1642062664031982,2.1004269123077393,2.070033073425293,1.8285927772521973,1.5291154384613037,1.6918823719024658,1.7033582925796509,1.3432011604309082,1.1002477407455444,1.325992465019226,1.2714482545852661,1.1146180629730225,1.3768985271453857,1.5693604946136475,1.867739200592041,2.0914721488952637,2.5278403759002686,2.437152862548828,2.081634521484375,1.988796353340149,2.2458157539367676,2.0900661945343018,1.7585190534591675,1.85048508644104,2.0649898052215576,1.926210641860962,2.108494997024536,2.438474178314209,2.5248475074768066,2.896104574203491,3.059401273727417
B2,1.734684944152832,1.49593186378479,1.1437039375305176,1.3334829807281494,1.4849681854248047,1.1964255571365356,1.102513074874878,1.4793452024459839,1.6989943981170654,1.697988748550415,2.029806137084961,2.3850181102752686,2.498408794403076,2.8342576026916504,3.0809054374694824,0.370951384305954,0.0,0.3682266175746918,0.5579551458358765,0.5714653134346008,0.6593867540359497,0.9309430122375488,1.2481859922409058,1.2734593152999878,1.6286282539367676,1.8679478168487549,1.8515174388885498,2.143373489379883,2.2712578773498535,2.640526533126831,0.7630605101585388,0.786780059337616,0.7113142013549805,0.3366071283817291,0.5606635212898254,0.8096954822540283,0.7164955735206604,0.9566497802734375,0.9123557209968567,1.2057533264160156,1.1695917844772339,1.3865687847137451,1.730650544166565,1.9191073179244995,2.186304807662964,1.9233866930007935,1.8380460739135742,1.5899453163146973,1.3238201141357422,1.4515976905822754,1.4059193134307861,1.0434092283248901,0.7978084683418274,1.0815349817276,1.0134904384613037,0.956733763217926,1.2803585529327393,1.4954770803451538,1.799692988395691,2.076998710632324,2.2859201431274414,2.155811309814453,1.795690655708313,1.7300536632537842,1.958315372467041,1.767943263053894,1.4512826204299927,1.5407845973968506,1.7941454648971558,1.6711608171463013,1.8990131616592407,2.2397191524505615,2.3211278915405273,2.6996405124664307,2.895766496658325
B3,1.3844804763793945,1.1639142036437988,0.798187255859375,0.967510998249054,1.1454180479049683,0.8961426019668579,0.7984306216239929,1.170203447341919,1.4235035181045532,1.480186939239502,1.7817920446395874,2.1542809009552,2.2982962131500244,2.6105401515960693,2.877405881881714,0.6088623404502869,0.3682266175746918,0.0,0.38040727376937866,0.5800917148590088,0.5640226006507874,0.7197518348693848,1.0933513641357422,1.212899088859558,1.535506010055542,1.7815039157867432,1.8384894132614136,2.1278271675109863,2.3045382499694824,2.6519486904144287,0.8951672911643982,0.857835054397583,0.6169322729110718,0.33611154556274414,0.6877699494361877,0.7756250500679016,0.6009011268615723,0.9379091262817383,1.0112892389297485,1.2369471788406372,1.2714269161224365,1.5552877187728882,1.863100528717041,2.109175205230713,2.3718528747558594,1.5881842374801636,1.5060218572616577,1.24178946018219,0.9816073179244995,1.1612604856491089,1.128852128982544,0.7574908137321472,0.6132916808128357,0.9150392413139343,0.9764531254768372,0.9517808556556702,1.261969804763794,1.5530115365982056,1.8026877641677856,2.1218762397766113,2.005208730697632,1.8875311613082886,1.5432322025299072,1.4228079319000244,1.6517584323883057,1.495872974395752,1.1536474227905273,1.2556341886520386,1.4768531322479248,1.3827790021896362,1.5824205875396729,1.9348974227905273,2.0551769733428955,2.4209930896759033,2.635282039642334
B4,1.4030524492263794,1.1203012466430664,0.793084442615509,0.9514920711517334,0.9954516291618347,0.6638935804367065,0.6505375504493713,1.0287840366363525,1.1980276107788086,1.2419242858886719,1.5772743225097656,1.937936782836914,2.035569429397583,2.3666810989379883,2.6009609699249268,0.6340638995170593,0.5579551458358765,0.38040727376937866,0.0,0.39139634370803833,0.5496240854263306,0.5617724061012268,0.9120693206787109,0.9694730639457703,1.3041160106658936,1.4943571090698242,1.5465707778930664,1.802687644958496,2.0070667266845703,2.351759672164917,1.2353403568267822,1.224609375,0.9927224516868591,0.6832140684127808,0.9647239446640015,1.0306024551391602,0.7382535338401794,0.9770334362983704,0.9752066731452942,1.106990098953247,1.083174705505371,1.3947157859802246,1.682756781578064,1.9504003524780273,2.1686153411865234,1.7449597120285034,1.6862812042236328,1.3805131912231445,1.1588938236236572,1.4220054149627686,1.3908864259719849,1.0245188474655151,0.9726139307022095,1.2703174352645874,1.3565256595611572,1.3079427480697632,1.5952770709991455,1.887792944908142,2.1314711570739746,2.430713653564453,1.9245275259017944,1.8725755214691162,1.5335854291915894,1.4083949327468872,1.7057969570159912,1.6190531253814697,1.2944588661193848,1.4787322282791138,1.6738370656967163,1.6380878686904907,1.7868603467941284,2.1465206146240234,2.3135457038879395,2.659031629562378,2.8771274089813232
B5,1.7529743909835815,1.4892690181732178,1.1550158262252808,1.23788583278656,1.2757397890090942,0.9241610765457153,0.8004894852638245,1.145790934562683,1.276578664779663,1.2039358615875244,1.5660980939865112,1.8949449062347412,1.9698121547698975,2.3236241340637207,2.5479109287261963,0.6991620063781738,0.5714653134346008,0.5800917148590088,0.39139634370803833,0.0,0.3691086769104004,0.5281391739845276,0.7572399377822876,0.7144660353660583,1.0810636281967163,1.2984685897827148,1.2918263673782349,1.587997555732727,1.7367974519729614,2.094280242919922,1.3210328817367554,1.2614814043045044,1.0953049659729004,0.7350797057151794,0.8581583499908447,0.9345619678497314,0.6308517456054688,0.7158510684967041,0.6101471185684204,0.7528142333030701,0.7096543312072754,1.0158507823944092,1.309489130973816,1.574150562286377,1.8167393207550049,2.0486538410186768,1.93739914894104,1.614241123199463,1.4423948526382446,1.6659897565841675,1.5594696998596191,1.1894757747650146,1.1181939840316772,1.46524977684021,1.472373127937317,1.4775328636169434,1.803223967552185,2.0518250465393066,2.3370957374572754,2.6304054260253906,1.9333710670471191,1.864007830619812,1.5050805807113647,1.478947639465332,1.7832359075546265,1.6637697219848633,1.392894983291626,1.6176642179489136,1.8753292560577393,1.8647828102111816,2.062849760055542,2.429663896560669,2.583301544189453,2.9378697872161865,3.1758768558502197
B6,1.6759586334228516,1.4784107208251953,1.122302770614624,1.1137540340423584,1.2322208881378174,0.9419735074043274,0.6819813251495361,0.9951900243759155,1.200344204902649,1.126096248626709,1.4427636861801147,1.7816575765609741,1.9186333417892456,2.2442846298217773,2.5138673782348633,0.9299476742744446,0.6593867540359497,0.5640226006507874,0.5496240854263306,0.3691086769104004,0.0,0.379800945520401,0.6223852038383484,0.7417705655097961,1.040330410003662,1.3380076885223389,1.3992842435836792,1.7368272542953491,1.8794159889221191,2.2093400955200195,1.2876380681991577,1.1284198760986328,0.9197735786437988,0.640540361404419,0.7012957334518433,0.6402205228805542,0.2848617434501648,0.4298100173473358,0.5417574048042297,0.7028328776359558,0.8431198000907898,1.1577380895614624,1.4079267978668213,1.7016260623931885,1.9910080432891846,1.873335838317871,1.7072635889053345,1.3812181949615479,1.265771508216858,1.4521735906600952,1.2826036214828491,0.9327844977378845,0.922362208366394,1.2957223653793335,1.315157175064087,1.4081379175186157,1.752000093460083,2.0140798091888428,2.286384344100952,2.6168837547302246,1.6904345750808716,1.5697849988937378,1.2019354104995728,1.2080252170562744,1.477434515953064,1.3219386339187622,1.074293613433838,1.3119546175003052,1.6043040752410889,1.6239131689071655,1.8569668531417847,2.2257518768310547,2.3762922286987305,2.7285711765289307,2.995180606842041
B7,1.4771497249603271,1.279776692390442,0.9690243601799011,0.885140061378479,0.9254535436630249,0.6435087323188782,0.3554922342300415,0.6429564952850342,0.8224707841873169,0.7839258909225464,1.1012340784072876,1.4572232961654663,1.5991090536117554,1.9163686037063599,2.1890056133270264,1.1325875520706177,0.9309430122375488,0.7197518348693848,0.5617724061012268,0.5281391739845276,0.379800945520401,0.0,0.39270538091659546,0.6249986886978149,0.8654745221138,1.1314252614974976,1.2775020599365234,1.5847307443618774,1.7904880046844482,2.090130567550659,1.5664974451065063,1.422257900238037,1.1469192504882812,0.9157105684280396,1.0560355186462402,0.9354854822158813,0.5585001707077026,0.6774426698684692,0.81336510181427,0.8050975203514099,0.9569001793861389,1.3147435188293457,1.5076261758804321,1.8475309610366821,2.0946507453918457,1.7565147876739502,1.608096957206726,1.250665307044983,1.188647747039795,1.4524110555648804,1.3023724555969238,0.9820122718811035,1.0924122333526611,1.4392753839492798,1.5466076135635376,1.6240707635879517,1.9406708478927612,2.2444708347320557,2.4798038005828857,2.8216702938079834,1.4148170948028564,1.3606871366500854,1.0157427787780762,0.9632388949394226,1.2926298379898071,1.2340494394302368,0.9921491742134094,1.2947797775268555,1.528795838356018,1.6123336553573608,1.7835546731948853,2.1551506519317627,2.35986065864563,2.6835386753082275,2.961848020553589
B8,1.7707509994506836,1.5932077169418335,1.3192825317382812,1.16873300075531,1.1471952199935913,0.8985750079154968,0.6240069270133972,0.7131365537643433,0.7632258534431458,0.5544148683547974,0.8782123327255249,1.1825826168060303,1.3052080869674683,1.6348531246185303,1.9021049737930298,1.4410823583602905,1.2481859922409058,1.0933513641357422,0.9120693206787109,0.7572399377822876,0.6223852038383484,0.39270538091659546,0.0,0.38393253087997437,0.49534910917282104,0.8066895008087158,0.9942032098770142,1.324052333831787,1.5141757726669312,1.7801352739334106,1.9008023738861084,1.7260730266571045,1.47555410861969,1.246425747871399,1.2982076406478882,1.1386501789093018,0.7847714424133301,0.6974658370018005,0.8094164133071899,0.6267725229263306,0.8535889387130737,1.201619267463684,1.3014050722122192,1.6773625612258911,1.9157710075378418,2.045804977416992,1.8668090105056763,1.500787615776062,1.5139186382293701,1.7679630517959595,1.5704976320266724,1.2903237342834473,1.4297938346862793,1.7862696647644043,1.8735696077346802,1.9838356971740723,2.3118042945861816,2.6034257411956787,2.849022150039673,3.1934399604797363,1.2526837587356567,1.232881784439087,0.9087700247764587,0.973020076751709,1.3174560070037842,1.2955771684646606,1.1574320793151855,1.5120422840118408,1.757575511932373,1.8983161449432373,2.071697950363159,2.4384853839874268,2.6581177711486816,2.965925931930542,3.2668368816375732
B9,2.039559841156006,1.8111255168914795,1.5383508205413818,1.4596385955810547,1.3886312246322632,1.0798054933547974,0.900610625743866,1.0373672246932983,0.9992069005966187,0.7391482591629028,1.0979702472686768,1.339011549949646,1.3610199689865112,1.730987787246704,1.932633399963379,1.3977534770965576,1.2734593152999878,1.212899088859558,0.9694730639457703,0.7144660353660583,0.7417705655097961,0.6249986886978149,0.38393253087997437,0.0,0.3788047432899475,0.6125933527946472,0.6715640425682068,1.0174905061721802,1.1785527467727661,1.4839307069778442,1.9920846223831177,1.859047293663025,1.6599812507629395,1.3623907566070557,1.3884166479110718,1.3147019147872925,0.972239077091217,0.8058772683143616,0.7240039706230164,0.4554082155227661,0.5451869368553162,0.8842658996582031,0.97185879945755,1.3463994264602661,1.55324387550354,2.366910934448242,2.210805892944336,1.8463785648345947,1.8122121095657349,2.0712671279907227,1.8924739360809326,1.5792641639709473,1.6476441621780396,2.014129161834717,2.0567259788513184,2.1302337646484375,2.464000701904297,2.72877836227417,3.002812147140503,3.3187673091888428,1.5751272439956665,1.5828713178634644,1.271946907043457,1.35340416431427,1.7002735137939453,1.668066143989563,1.5209720134735107,1.8583800792694092,2.1131839752197266,2.2227680683135986,2.3997671604156494,2.7701661586761475,2.979309320449829,3.299325942993164,3.5844743251800537
B10,2.1959216594696045,2.004086971282959,1.7640084028244019,1.6126235723495483,1.5153090953826904,1.2696776390075684,1.0732922554016113,1.0769680738449097,0.9621233940124512,0.6134443283081055,0.8919410109519958,1.0509305000305176,1.0591516494750977,1.4201381206512451,1.6241421699523926,1.7716354131698608,1.6286282539367676,1.535506010055542,1.3041160106658936,1.0810636281967163,1.040330410003662,0.8654745221138,0.49534910917282104,0.3788047432899475,0.0,0.376156747341156,0.5857847929000854,0.9212649464607239,1.0844149589538574,1.3096336126327515,2.322180986404419,2.1557211875915527,1.9390262365341187,1.679524540901184,1.6832290887832642,1.5482492446899414,1.2212660312652588,1.0113857984542847,0.9980736374855042,0.6549349427223206,0.8243494629859924,1.0978639125823975,1.0568197965621948,1.453284502029419,1.6365846395492554,2.5100317001342773,2.3316943645477295,1.964158296585083,1.9992438554763794,2.259855270385742,2.0522773265838623,1.7822662591934204,1.9094301462173462,2.27274751663208,2.335602283477783,2.441606044769287,2.7760515213012695,3.051699638366699,3.314492702484131,3.646314859390259,1.3820167779922485,1.433468222618103,1.1811670064926147,1.3209480047225952,1.6588385105133057,1.6763981580734253,1.6052604913711548,1.9751096963882446,2.2173728942871094,2.3823156356811523,2.5467441082000732,2.9093945026397705,3.1407055854797363,3.4380557537078857,3.7456796169281006
B11,2.3524787425994873,2.13706374168396,1.9407676458358765,1.808323860168457,1.6359108686447144,1.395698070526123,1.289565920829773,1.265554428100586,1.047993540763855,0.7160933017730713,0.9593775868415833,1.0312771797180176,0.9091469049453735,1.2933363914489746,1.4137359857559204,1.950065016746521,1.8679478168487549,1.7815039157867432,1.4943571090698242,1.2984685897827148,1.3380076885223389,1.1314252614974976,0.8066895008087158,0.6125933527946472,0.376156747341156,0.0,0.37823018431663513,0.5977601408958435,0.8332215547561646,1.0223572254180908,2.596619129180908,2.4642229080200195,2.2447187900543213,1.961898684501648,1.9969029426574707,1.8932620286941528,1.5508071184158325,1.3625690937042236,1.2923216819763184,0.946353018283844,0.9908820390701294,1.2166593074798584,1.1221956014633179,1.497071623802185,1.5891282558441162,2.737844228744507,2.591495990753174,2.2221062183380127,2.2490010261535645,2.5416746139526367,2.3632547855377197,2.0871670246124268,2.212280511856079,2.5684549808502197,2.6447339057922363,2.717501163482666,3.040911912918091,3.3217570781707764,3.5819854736328125,3.9005134105682373,1.5612754821777344,1.6855493783950806,1.4771922826766968,1.5784623622894287,1.9322824478149414,1.9965660572052002,1.9177052974700928,2.290828227996826,2.5025904178619385,2.671910524368286,2.802544116973877,3.161905288696289,3.412733316421509,3.6991991996765137,3.997708559036255
B12,2.5818135738372803,2.3328135013580322,2.112168073654175,2.0365493297576904,1.8771204948425293,1.5866856575012207,1.4956575632095337,1.550093412399292,1.3664418458938599,1.0525404214859009,1.3306941986083984,1.405687928199768,1.256892204284668,1.6357831954956055,1.7071411609649658,1.8946812152862549,1.8515174388885498,1.8384894132614136,1.5465707778930664,1.2918263673782349,1.3992842435836792,1.2775020599365234,0.9942032098770142,0.6715640425682068,0.5857847929000854,0.37823018431663513,0.0,0.3878127932548523,0.5237352252006531,0.8188625574111938,2.595141887664795,2.4890735149383545,2.3163557052612305,1.9950886964797974,1.9999773502349854,1.9557149410247803,1.6331703662872314,1.4090994596481323,1.2351824045181274,0.9012356400489807,0.8213959336280823,0.9582718014717102,0.8289920091629028,1.1722134351730347,1.2238987684249878,2.9749932289123535,2.834355354309082,2.4652771949768066,2.44716215133667,2.7280173301696777,2.554018974304199,2.2473902702331543,2.312617301940918,2.677652359008789,2.7089943885803223,2.7613327503204346,3.0905370712280273,3.3411173820495605,3.627021312713623,3.920945882797241,1.9149489402770996,2.005730152130127,1.7655330896377563,1.8801753520965576,2.2324917316436768,2.251826047897339,2.149617910385132,2.5056939125061035,2.744370937347412,2.876948595046997,3.0305213928222656,3.397350788116455,3.6262247562408447,3.9335391521453857,4.2191853523254395
B13,2.774466037750244,2.510847568511963,2.331763982772827,2.2701029777526855,2.057044267654419,1.7832168340682983,1.7582001686096191,1.7877942323684692,1.5452364683151245,1.2652639150619507,1.5039869546890259,1.5197595357894897,1.2850885391235352,1.6453287601470947,1.6260524988174438,2.136901378631592,2.143373489379883,2.1278271675109863,1.802687644958496,1.587997555732727,1.7368272542953491,1.5847307443618774,1.324052333831787,1.0174905061721802,0.9212649464607239,0.5977601408958435,0.3878127932548523,0.0,0.3753046989440918,0.596595823764801,2.9007771015167236,2.822702646255493,2.6440865993499756,2.312690019607544,2.346911907196045,2.319187641143799,1.9848705530166626,1.7856541872024536,1.599866271018982,1.2817418575286865,1.151517391204834,1.242488980293274,1.0909265279769897,1.3642271757125854,1.3010996580123901,3.2226407527923584,3.10927152633667,2.740830183029175,2.7184815406799316,3.0238780975341797,2.873943567276001,2.5661659240722656,2.6350603103637695,2.990640640258789,3.037128448486328,3.0621278285980225,3.3780300617218018,3.633404493331909,3.9131646156311035,4.194243431091309,2.141446828842163,2.282042980194092,2.0719010829925537,2.15787672996521,2.5204553604125977,2.5761773586273193,2.468724250793457,2.828000783920288,3.0404410362243652,3.177624464035034,3.3015100955963135,3.663682460784912,3.909123659133911,4.205613136291504,4.482306957244873
