,A1,A2,A3,A4,A5,A6,A7,A8,A9,A10,A11,A12,A13,A14,A15,B1,B2,B3,B4,B5,B6,B7,B8,B9,B10,B11,B12,B13,B14,B15,C1,C2,C3,C4,C5,C6,C7,C8,C9,C10,C11,C12,C13,C14,C15,D1,D2,D3,D4,D5,D6,D7,D8,D9,D10,D11,D12,D13,D14,D15,E1,E2,E3,E4,E5,E6,E7,E8,E9,E10,E11,E12,E13,E14,E15
A1,0.0,0.3682386577129364,0.6479538679122925,0.9049328565597534,1.0292119979858398,1.382070779800415,1.5149885416030884,1.8533588647842407,2.0306334495544434,2.3315351009368896,2.6534810066223145,2.689120054244995,3.0366427898406982,3.3850677013397217,3.7077319622039795,1.4275511503219604,1.469376802444458,1.3748310804367065,1.7571181058883667,1.7633639574050903,1.8305073976516724,2.018672227859497,2.390066146850586,2.4497592449188232,2.7767341136932373,3.0221567153930664,3.174821615219116,3.277271032333374,3.601414203643799,3.9404873847961426,2.581148386001587,2.767245292663574,2.4404702186584473,2.5075790882110596,2.7441000938415527,2.78991436958313,2.471021890640259,2.513392210006714,2.8767032623291016,2.9691314697265625,3.0954761505126953,3.443748950958252,3.5764405727386475,3.9474501609802246,4.221290588378906,2.676893472671509,2.315230369567871,2.223865270614624,2.247102737426758,2.1458005905151367,1.8699179887771606,1.7834761142730713,1.906297206878662,1.9971929788589478,1.9400501251220703,2.2133948802948,2.3900110721588135,2.563697576522827,2.4274966716766357,2.815960645675659,2.6318776607513428,2.29955792427063,2.117543935775757,2.023536205291748,1.8692411184310913,1.5627459287643433,1.4121716022491455,1.4447541236877441,1.37684965133667,1.0377994775772095,1.1634894609451294,1.4927107095718384,1.4387975931167603,1.700766682624817,2.0325615406036377
A2,0.3682386577129364,0.0,0.3480497896671295,0.6161941289901733,0.6927008628845215,1.0513442754745483,1.2221100330352783,1.546808123588562,1.7178183794021606,2.0059642791748047,2.343092203140259,2.3809280395507812,2.7153232097625732,3.067293167114258,3.3974337577819824,1.5252801179885864,1.47200608253479,1.3412079811096191,1.6982289552688599,1.6513559818267822,1.6625317335128784,1.7954963445663452,2.1660377979278564,2.214702844619751,2.5249195098876953,2.749330997467041,2.923792600631714,2.9983086585998535,3.3199973106384277,3.6645350456237793,2.41542387008667,2.6074066162109375,2.2703499794006348,2.3250012397766113,2.5231640338897705,2.5951039791107178,2.257370710372925,2.276625156402588,2.6254231929779053,2.6874074935913086,2.8125200271606445,3.1586415767669678,3.2709646224975586,3.6440937519073486,3.919400453567505,2.575941801071167,2.216134786605835,2.0929782390594482,2.1640307903289795,2.119419574737549,1.8971058130264282,1.793391466140747,1.9780935049057007,2.1174280643463135,2.108085870742798,2.4144866466522217,2.629894495010376,2.8334615230560303,2.7231345176696777,3.1186461448669434,2.527414083480835,2.187668800354004,1.9771134853363037,1.9450178146362305,1.8263658285140991,1.4813480377197266,1.3474191427230835,1.4766366481781006,1.4442780017852783,1.1610946655273438,1.3655643463134766,1.7084392309188843,1.7071573734283447,1.9714540243148804,2.3170979022979736
A3,0.6479538679122925,0.3480497896671295,0.0,0.38587719202041626,0.5890035629272461,0.8676378726959229,1.1275966167449951,1.3999218940734863,1.6221686601638794,1.8632827997207642,2.219210386276245,2.301429510116577,2.617126941680908,2.986778736114502,3.3135998249053955,1.6127758026123047,1.504629373550415,1.2960951328277588,1.6258752346038818,1.593530535697937,1.5253111124038696,1.6475374698638916,2.006273031234741,2.0952112674713135,2.3736815452575684,2.608964443206787,2.8187148571014404,2.8865439891815186,3.2219269275665283,3.5586111545562744,2.087505578994751,2.289818048477173,1.9597949981689453,2.0340733528137207,2.2221529483795166,2.3230583667755127,1.9943718910217285,2.040067434310913,2.375277280807495,2.448986530303955,2.6079792976379395,2.9376649856567383,3.061108350753784,3.435594320297241,3.7332189083099365,2.2978475093841553,1.9399398565292358,1.8197044134140015,1.9366135597229004,1.9171514511108398,1.748244047164917,1.671606183052063,1.918662190437317,2.0676379203796387,2.1236093044281006,2.440958023071289,2.677269697189331,2.895653009414673,2.804457426071167,3.2025203704833984,2.2245254516601562,1.882361650466919,1.6636621952056885,1.671921730041504,1.5703706741333008,1.2074393033981323,1.1039245128631592,1.303491234779358,1.2906404733657837,1.0800448656082153,1.3524614572525024,1.6875971555709839,1.7480590343475342,2.019458770751953,2.3694887161254883
A4,0.9049328565597534,0.6161941289901733,0.38587719202041626,0.0,0.3892088830471039,0.5587058663368225,0.8084412217140198,1.06072998046875,1.3309701681137085,1.5572739839553833,1.9005637168884277,2.0195882320404053,2.3425984382629395,2.7267343997955322,3.0334267616271973,1.4601069688796997,1.271973967552185,1.0431818962097168,1.3254082202911377,1.259521484375,1.1567529439926147,1.2630822658538818,1.6204900741577148,1.7186914682388306,1.9942843914031982,2.2435686588287354,2.455277681350708,2.5397534370422363,2.886772632598877,3.213454008102417,1.9570136070251465,2.108427047729492,1.7458832263946533,1.7562059164047241,1.9267877340316772,2.0025179386138916,1.6546522378921509,1.6719156503677368,2.0143673419952393,2.088097333908081,2.239668130874634,2.573880672454834,2.71028208732605,3.083367109298706,3.3809571266174316,2.108548879623413,1.7671222686767578,1.5847456455230713,1.6935940980911255,1.7342959642410278,1.5996288061141968,1.4692933559417725,1.741709589958191,1.9480572938919067,2.0283706188201904,2.375375986099243,2.656585216522217,2.9180173873901367,2.87650728225708,3.2804501056671143,2.1444644927978516,1.8345457315444946,1.554368019104004,1.569838285446167,1.5612800121307373,1.211910605430603,1.0373319387435913,1.289042592048645,1.3845112323760986,1.2238582372665405,1.4707638025283813,1.825650691986084,1.9542319774627686,2.268624782562256,2.5977509021759033
A5,1.0292119979858398,0.6927008628845215,0.5890035629272461,0.3892088830471039,0.0,0.38404202461242676,0.5682370066642761,0.8668048977851868,1.0432050228118896,1.3147815465927124,1.658247709274292,1.72026789188385,2.048130989074707,2.4159865379333496,2.7378714084625244,1.598740816116333,1.3808681964874268,1.235764980316162,1.4832695722579956,1.3169282674789429,1.2422480583190918,1.2463712692260742,1.6004796028137207,1.6125534772872925,1.89793062210083,2.0896034240722656,2.2856576442718506,2.3318843841552734,2.6544954776763916,2.999561309814453,2.2492754459381104,2.393406391143799,2.0242936611175537,1.9917323589324951,2.106562614440918,2.1821014881134033,1.8065416812896729,1.742910623550415,2.0666956901550293,2.0668208599090576,2.1628551483154297,2.5132834911346436,2.5977866649627686,2.9702367782592773,3.237226963043213,2.4271035194396973,2.100545644760132,1.8842060565948486,1.9957748651504517,2.074253797531128,1.944961667060852,1.7724250555038452,2.0205745697021484,2.2566211223602295,2.3024401664733887,2.6587300300598145,2.946146249771118,3.213909387588501,3.172095775604248,3.577141284942627,2.4802258014678955,2.1725594997406006,1.882826566696167,1.9320772886276245,1.9385411739349365,1.58371901512146,1.4219722747802734,1.6757252216339111,1.7652442455291748,1.580824375152588,1.811928153038025,2.1745810508728027,2.268831968307495,2.5708060264587402,2.9073193073272705
A6,1.382070779800415,1.0513442754745483,0.8676378726959229,0.5587058663368225,0.38404202461242676,0.0,0.3862333297729492,0.5455400347709656,0.8016284704208374,1.0039589405059814,1.3595387935638428,1.4828625917434692,1.7914496660232544,2.179734706878662,2.4861702919006348,1.7306500673294067,1.446450114250183,1.2678842544555664,1.4277225732803345,1.2315599918365479,1.0627846717834473,0.9830112457275391,1.306577205657959,1.334717035293579,1.5792629718780518,1.7689110040664673,1.9994399547576904,2.035626173019409,2.371149778366089,2.7060225009918213,2.075131893157959,2.188368797302246,1.8153626918792725,1.741051197052002,1.8052250146865845,1.890757441520691,1.5071508884429932,1.4124329090118408,1.7136214971542358,1.6929919719696045,1.7978771924972534,2.141003370285034,2.2268221378326416,2.600674867630005,2.880382537841797,2.262542963027954,1.9658037424087524,1.7111414670944214,1.854426622390747,1.998506784439087,1.937677264213562,1.7560532093048096,2.043907403945923,2.3114213943481445,2.404165267944336,2.772460699081421,3.0882296562194824,3.380758285522461,3.3719964027404785,3.7770936489105225,2.3634424209594727,2.08565616607666,1.765158772468567,1.8602230548858643,1.9340782165527344,1.5977842807769775,1.4404665231704712,1.7449367046356201,1.886205792427063,1.7667268514633179,2.010694742202759,2.3658206462860107,2.5109941959381104,2.8264284133911133,3.1555609703063965
A7,1.5149885416030884,1.2221100330352783,1.1275966167449951,0.8084412217140198,0.5682370066642761,0.3862333297729492,0.0,0.36960217356681824,0.5658206939697266,0.8509447574615479,1.1467682123184204,1.2440871000289917,1.5949641466140747,1.9760282039642334,2.263580083847046,1.6188725233078003,1.3043993711471558,1.2160632610321045,1.3234515190124512,1.042834758758545,0.9487760066986084,0.8090139031410217,1.131300926208496,1.0724101066589355,1.3648988008499146,1.5390413999557495,1.719430923461914,1.777361512184143,2.107236623764038,2.446122646331787,2.3565988540649414,2.4224112033843994,2.0332133769989014,1.8900253772735596,1.9414974451065063,1.9648066759109497,1.5702985525131226,1.3975743055343628,1.703190565109253,1.6502593755722046,1.6796036958694458,2.04736065864563,2.120936632156372,2.485776901245117,2.728348731994629,2.450207471847534,2.172398567199707,1.8809164762496948,1.9645167589187622,2.1273691654205322,2.04585337638855,1.803368091583252,2.042212963104248,2.3443682193756104,2.39794659614563,2.774923324584961,3.106381893157959,3.4188079833984375,3.4345059394836426,3.8386240005493164,2.6455905437469482,2.3914449214935303,2.0515246391296387,2.109504461288452,2.214634656906128,1.8972885608673096,1.6867903470993042,1.9569830894470215,2.1345059871673584,1.9885025024414062,2.181767225265503,2.5525619983673096,2.6976478099823,3.0345730781555176,3.3490939140319824
A8,1.8533588647842407,1.546808123588562,1.3999218940734863,1.06072998046875,0.8668048977851868,0.5455400347709656,0.36960217356681824,0.0,0.3986084759235382,0.5407999753952026,0.8468552231788635,1.0271978378295898,1.344382882118225,1.7446483373641968,2.013781785964966,1.8735992908477783,1.5254578590393066,1.4118629693984985,1.434818983078003,1.144020676612854,0.9569690227508545,0.6870845556259155,0.9246889352798462,0.8582662343978882,1.0815141201019287,1.2321088314056396,1.4602077007293701,1.4915653467178345,1.833349585533142,2.163353204727173,2.2839620113372803,2.3210153579711914,1.9433685541152954,1.760806679725647,1.7440783977508545,1.778374195098877,1.3878464698791504,1.161143183708191,1.4181898832321167,1.3142966032028198,1.3344221115112305,1.6970525979995728,1.7578705549240112,2.125150203704834,2.377673387527466,2.3957839012145996,2.1553308963775635,1.8393855094909668,1.9545482397079468,2.174358367919922,2.157968282699585,1.920879602432251,2.1888670921325684,2.507277488708496,2.60097336769104,2.9806790351867676,3.329192876815796,3.6561427116394043,3.693838596343994,4.095933437347412,2.622044324874878,2.398397922515869,2.0456931591033936,2.1484174728393555,2.301727056503296,2.0046463012695312,1.8152300119400024,2.118701934814453,2.3215219974517822,2.224431276321411,2.4337799549102783,2.7933566570281982,2.9699556827545166,3.309418201446533,3.621818780899048
A9,2.0306334495544434,1.7178183794021606,1.6221686601638794,1.3309701681137085,1.0432050228118896,0.8016284704208374,0.5658206939697266,0.3986084759235382,0.0,0.37154749035835266,0.6409371495246887,0.6889789700508118,1.0307965278625488,1.4120739698410034,1.7077525854110718,2.1081533432006836,1.7716176509857178,1.7205307483673096,1.7471705675125122,1.4153953790664673,1.2951375246047974,0.9956009387969971,1.1719474792480469,0.9786919355392456,1.1785831451416016,1.2026714086532593,1.3878493309020996,1.343254566192627,1.6341266632080078,1.9921479225158691,2.649819850921631,2.6956894397735596,2.3262178897857666,2.140153408050537,2.0917890071868896,2.1287975311279297,1.7461785078048706,1.47896146774292,1.6854599714279175,1.5002368688583374,1.4336307048797607,1.790401577949524,1.7666009664535522,2.116309881210327,2.314253568649292,2.7897303104400635,2.5517630577087402,2.2363595962524414,2.3490638732910156,2.567643165588379,2.5360398292541504,2.2855000495910645,2.5276565551757812,2.850754737854004,2.9120500087738037,3.2920711040496826,3.6360325813293457,3.960142135620117,3.9889838695526123,4.3918538093566895,2.9997613430023193,2.767057418823242,2.42226243019104,2.5369012355804443,2.673633098602295,2.3612759113311768,2.1824440956115723,2.4803833961486816,2.6620261669158936,2.5359771251678467,2.743016481399536,3.110778570175171,3.2561302185058594,3.584635019302368,3.9059908390045166
A10,2.3315351009368896,2.0059642791748047,1.8632827997207642,1.5572739839553833,1.3147815465927124,1.0039589405059814,0.8509447574615479,0.5407999753952026,0.37154749035835266,0.0,0.38626062870025635,0.5828062295913696,0.8293500542640686,1.2358903884887695,1.5093868970870972,2.3729124069213867,2.01625394821167,1.9317727088928223,1.9087029695510864,1.5918482542037964,1.4033541679382324,1.0493711233139038,1.1228113174438477,0.9446396827697754,1.0219628810882568,0.9840955138206482,1.233593463897705,1.1325013637542725,1.4277681112289429,1.7718051671981812,2.5904202461242676,2.6151697635650635,2.2690541744232178,2.0624306201934814,1.9493274688720703,2.0056381225585938,1.647605061531067,1.352340817451477,1.4823722839355469,1.2334043979644775,1.1522806882858276,1.4845298528671265,1.4270106554031372,1.7780078649520874,1.9892562627792358,2.7572598457336426,2.5547988414764404,2.2312965393066406,2.375129222869873,2.633798122406006,2.6573290824890137,2.4217679500579834,2.6909677982330322,3.0199673175811768,3.119067430496216,3.499452590942383,3.8549318313598633,4.188269138336182,4.232351303100586,4.633867263793945,2.9782533645629883,2.7737982273101807,2.427936553955078,2.582338571548462,2.7530012130737305,2.4603657722473145,2.3060615062713623,2.6290721893310547,2.825678825378418,2.7419686317443848,2.9661922454833984,3.322587728500366,3.494610071182251,3.8232924938201904,4.144100189208984
A11,2.6534810066223145,2.343092203140259,2.219210386276245,1.9005637168884277,1.658247709274292,1.3595387935638428,1.1467682123184204,0.8468552231788635,0.6409371495246887,0.38626062870025635,0.0,0.385755330324173,0.5844101905822754,0.9781838655471802,1.1909536123275757,2.5482423305511475,2.181898832321167,2.139446258544922,2.0602636337280273,1.7217215299606323,1.563218116760254,1.1787992715835571,1.1482136249542236,0.8861179947853088,0.8817766904830933,0.7072938084602356,0.916849672794342,0.7600070834159851,1.041967511177063,1.390103816986084,2.8620049953460693,2.847017765045166,2.5073182582855225,2.254870891571045,2.110952854156494,2.125373601913452,1.794397234916687,1.4492547512054443,1.5201613903045654,1.2164294719696045,1.0195664167404175,1.3331260681152344,1.2214016914367676,1.5395982265472412,1.6946115493774414,2.9735939502716064,2.8012025356292725,2.45961594581604,2.57474946975708,2.855931043624878,2.889932155609131,2.6305325031280518,2.874445676803589,3.2207493782043457,3.3106062412261963,3.689980983734131,4.056725025177002,4.404546737670898,4.472114086151123,4.869433403015137,3.2579081058502197,3.079986095428467,2.725423812866211,2.869018077850342,3.0678837299346924,2.792684555053711,2.6187970638275146,2.930708885192871,3.1515536308288574,3.0691754817962646,3.2722361087799072,3.6315414905548096,3.8141064643859863,4.155490875244141,4.466771602630615
A12,2.689120054244995,2.3809280395507812,2.301429510116577,2.0195882320404053,1.72026789188385,1.4828625917434692,1.2440871000289917,1.0271978378295898,0.6889789700508118,0.5828062295913696,0.385755330324173,0.0,0.3897494971752167,0.7441492676734924,1.0240864753723145,2.6664535999298096,2.320741653442383,2.3184828758239746,2.276214599609375,1.9159579277038574,1.8137847185134888,1.4512699842453003,1.4693697690963745,1.165675401687622,1.2165418863296509,1.0063189268112183,1.1141308546066284,0.9057521224021912,1.0766550302505493,1.4514367580413818,3.169327974319458,3.1802430152893066,2.833514451980591,2.600555419921875,2.473527669906616,2.49434232711792,2.150806427001953,1.814091444015503,1.9038499593734741,1.6009674072265625,1.3908156156539917,1.6867648363113403,1.527001976966858,1.8101698160171509,1.9020054340362549,3.305119752883911,3.1104252338409424,2.775672674179077,2.8853025436401367,3.1443498134613037,3.1434097290039062,2.8744146823883057,3.0980942249298096,3.4414896965026855,3.4964613914489746,3.8760812282562256,4.2324090003967285,4.571251392364502,4.621132850646973,5.02034854888916,3.5572195053100586,3.3539576530456543,3.005729913711548,3.1448967456817627,3.3129963874816895,3.0140254497528076,2.8411529064178467,3.144758462905884,3.340932846069336,3.223033905029297,3.4234626293182373,3.7923665046691895,3.9406511783599854,4.270933628082275,4.590975761413574
A13,3.0366427898406982,2.7153232097625732,2.617126941680908,2.3425984382629395,2.048130989074707,1.7914496660232544,1.5949641466140747,1.344382882118225,1.0307965278625488,0.8293500542640686,0.5844101905822754,0.3897494971752167,0.0,0.4082735776901245,0.7051949501037598,3.046024799346924,2.694365978240967,2.677039861679077,2.6196489334106445,2.2673826217651367,2.135993003845215,1.757251262664795,1.7235668897628784,1.436264157295227,1.3944894075393677,1.0982611179351807,1.2099757194519043,0.8945658206939697,0.9552839994430542,1.3063219785690308,3.3447604179382324,3.351614236831665,3.0298192501068115,2.7957208156585693,2.6218109130859375,2.6637842655181885,2.3479273319244385,2.005793809890747,2.0265302658081055,1.6736836433410645,1.437898874282837,1.6650941371917725,1.4205546379089355,1.6564481258392334,1.7034871578216553,3.5199246406555176,3.347166061401367,3.0150184631347656,3.1493282318115234,3.4282078742980957,3.457242250442505,3.2001330852508545,3.439100503921509,3.7835559844970703,3.856060743331909,4.236066818237305,4.596452713012695,4.937798976898193,4.990236282348633,5.389959812164307,3.7576987743377686,3.567810297012329,3.2276530265808105,3.3988587856292725,3.576974630355835,3.283661127090454,3.1352462768554688,3.4554800987243652,3.64880633354187,3.549393653869629,3.7660632133483887,4.1296844482421875,4.283145904541016,4.606534004211426,4.932160377502441
A14,3.3850677013397217,3.067293167114258,2.986778736114502,2.7267343997955322,2.4159865379333496,2.179734706878662,1.9760282039642334,1.7446483373641968,1.4120739698410034,1.2358903884887695,0.9781838655471802,0.7441492676734924,0.4082735776901245,0.0,0.3877626955509186,3.3975226879119873,3.052562713623047,3.057908296585083,2.9956541061401367,2.634956121444702,2.5240347385406494,2.1452066898345947,2.0928170680999756,1.7869172096252441,1.7231746912002563,1.3797760009765625,1.4213610887527466,1.0659682750701904,0.9673198461532593,1.2685458660125732,3.7352426052093506,3.7401463985443115,3.426190137863159,3.1877293586730957,2.9989702701568604,3.0380821228027344,2.7350807189941406,2.3856403827667236,2.3794167041778564,2.0093166828155518,1.743057131767273,1.9206923246383667,1.6230108737945557,1.7863292694091797,1.7443592548370361,3.917128086090088,3.751115083694458,3.417922019958496,3.549539089202881,3.831705331802368,3.858896255493164,3.5951967239379883,3.8228557109832764,4.170788764953613,4.231005668640137,4.609961986541748,4.969857692718506,5.312035083770752,5.364711761474609,5.763545513153076,4.154633045196533,3.966428279876709,3.629502534866333,3.805938720703125,3.982436418533325,3.686157464981079,3.540536880493164,3.8594412803649902,4.048292636871338,3.9403913021087646,4.154846668243408,4.521276473999023,4.664164066314697,4.983410358428955,5.31166934967041
A15,3.7077319622039795,3.3974337577819824,3.3135998249053955,3.0334267616271973,2.7378714084625244,2.4861702919006348,2.263580083847046,2.013781785964966,1.7077525854110718,1.5093868970870972,1.1909536123275757,1.0240864753723145,0.7051949501037598,0.3877626955509186,0.0,3.608682870864868,3.2572405338287354,3.2764360904693604,3.174670457839966,2.815078020095825,2.7096211910247803,2.3245584964752197,2.2165963649749756,1.904725193977356,1.788076400756836,1.4015960693359375,1.3810935020446777,1.0104715824127197,0.7789976000785828,0.9984961152076721,3.9522552490234375,3.9253933429718018,3.6203324794769287,3.352966547012329,3.1441922187805176,3.156825304031372,2.88179349899292,2.516601085662842,2.469576358795166,2.0891458988189697,1.7799201011657715,1.9036370515823364,1.5793308019638062,1.666891098022461,1.5405288934707642,4.092479228973389,3.952605724334717,3.609436273574829,3.7245166301727295,4.023813247680664,4.066647529602051,3.7928714752197266,4.008122444152832,4.365177154541016,4.428046226501465,4.803862571716309,5.1725287437438965,5.5260844230651855,5.600146293640137,5.99461555480957,4.377368450164795,4.2133469581604,3.869865894317627,4.040548324584961,4.242431640625,3.9628617763519287,3.8049445152282715,4.119627952575684,4.330361366271973,4.232953071594238,4.435211658477783,4.801153182983398,4.960859775543213,5.29238748550415,5.612049579620361
B1,1.4275511503219604,1.5252801179885864,1.6127758026123047,1.4601069688796997,1.598740816116333,1.7306500673294067,1.6188725233078003,1.8735992908477783,2.1081533432006836,2.3729124069213867,2.5482423305511475,2.6664535999298096,3.046024799346924,3.3975226879119873,3.608682870864868,0.0,0.3843052089214325,0.6202111840248108,0.8050102591514587,0.937057375907898,1.238769769668579,1.5597695112228394,1.8322023153305054,1.9216212034225464,2.2644011974334717,2.5916175842285156,2.633145332336426,2.88845157623291,3.2268731594085693,3.4875404834747314,2.7344648838043213,2.724289655685425,2.36155104637146,2.242917537689209,2.5139083862304688,2.3619606494903564,2.0994200706481934,2.1021690368652344,2.478912591934204,2.6526601314544678,2.718208074569702,3.0533552169799805,3.277507781982422,3.6014885902404785,3.8397505283355713,2.423520803451538,2.157628059387207,1.9707131385803223,1.7591760158538818,1.6903272867202759,1.3680291175842285,1.0741050243377686,0.9408155083656311,1.1645054817199707,0.9868159890174866,1.326322317123413,1.6395102739334106,1.9674692153930664,2.0452566146850586,2.423834800720215,2.77518892288208,2.584831714630127,2.310899257659912,2.0772640705108643,2.1371548175811768,1.9801325798034668,1.6228855848312378,1.5570865869522095,1.783869981765747,1.5727734565734863,1.4499212503433228,1.767554759979248,1.926965355873108,2.3262014389038086,2.50179123878479
B2,1.469376802444458,1.47200608253479,1.504629373550415,1.271973967552185,1.3808681964874268,1.446450114250183,1.3043993711471558,1.5254578590393066,1.7716176509857178,2.01625394821167,2.181898832321167,2.320741653442383,2.694365978240967,3.052562713623047,3.2572405338287354,0.3843052089214325,0.0,0.3783016502857208,0.5062854886054993,0.5570695400238037,0.8719221949577332,1.1784226894378662,1.4523295164108276,1.5407373905181885,1.8829504251480103,2.211838722229004,2.2663393020629883,2.5182101726531982,2.864088773727417,3.1252493858337402,2.549604892730713,2.525132179260254,2.143645763397217,1.9846787452697754,2.2211110591888428,2.069328784942627,1.7819126844406128,1.7481697797775269,2.1236255168914795,2.2794625759124756,2.3363115787506104,2.6749870777130127,2.893963575363159,3.219052314758301,3.4587132930755615,2.2672839164733887,2.008176565170288,1.7699977159500122,1.5890463590621948,1.6001403331756592,1.345528244972229,1.007514476776123,0.9906712174415588,1.2959998846054077,1.2221786975860596,1.590101718902588,1.9359054565429688,2.2813613414764404,2.370845079421997,2.754438638687134,2.6501283645629883,2.4633305072784424,2.1536264419555664,1.9671850204467773,2.0765256881713867,1.895045280456543,1.5341005325317383,1.555370807647705,1.8192702531814575,1.6422239542007446,1.5992577075958252,1.941198706626892,2.1324870586395264,2.5357449054718018,2.741986036300659
B3,1.3748310804367065,1.3412079811096191,1.2960951328277588,1.0431818962097168,1.235764980316162,1.2678842544555664,1.2160632610321045,1.4118629693984985,1.7205307483673096,1.9317727088928223,2.139446258544922,2.3184828758239746,2.677039861679077,3.057908296585083,3.2764360904693604,0.6202111840248108,0.3783016502857208,0.0,0.38822677731513977,0.5607776641845703,0.7044670581817627,1.0620039701461792,1.3552491664886475,1.5188624858856201,1.830895185470581,2.182793140411377,2.295785665512085,2.529515266418457,2.895979166030884,3.159817695617676,2.1750502586364746,2.162611246109009,1.782745361328125,1.654160499572754,1.911687970161438,1.7898801565170288,1.5061190128326416,1.5317049026489258,1.9149529933929443,2.1034860610961914,2.217503070831299,2.5438382625579834,2.780712366104126,3.1170501708984375,3.392639636993408,1.9205291271209717,1.6455762386322021,1.4149755239486694,1.2645224332809448,1.278092861175537,1.048187494277954,0.7298699021339417,0.8507394194602966,1.1577091217041016,1.1926705837249756,1.5730139017105103,1.9249858856201172,2.265554666519165,2.3428847789764404,2.7354743480682373,2.275851011276245,2.0864765644073486,1.7753630876541138,1.5948747396469116,1.7141516208648682,1.534846544265747,1.1721911430358887,1.2261489629745483,1.5129995346069336,1.3816207647323608,1.3901848793029785,1.7330374717712402,1.9650804996490479,2.3694279193878174,2.5919299125671387
B4,1.7571181058883667,1.6982289552688599,1.6258752346038818,1.3254082202911377,1.4832695722579956,1.4277225732803345,1.3234515190124512,1.434818983078003,1.7471705675125122,1.9087029695510864,2.0602636337280273,2.276214599609375,2.6196489334106445,2.9956541061401367,3.174670457839966,0.8050102591514587,0.5062854886054993,0.38822677731513977,0.0,0.38527268171310425,0.5417395830154419,0.9161829352378845,1.1264811754226685,1.322417140007019,1.6058111190795898,1.9815014600753784,2.07431960105896,2.3470065593719482,2.7158806324005127,2.9472622871398926,2.2040953636169434,2.1254563331604004,1.748582124710083,1.5411137342453003,1.775221586227417,1.5889331102371216,1.3321313858032227,1.330344319343567,1.69721257686615,1.9075475931167603,2.0049681663513184,2.3131914138793945,2.5778236389160156,2.8931689262390137,3.161449670791626,1.8580446243286133,1.6408945322036743,1.3658175468444824,1.164808988571167,1.2548880577087402,1.1034759283065796,0.740886390209198,0.8405179381370544,1.2037101984024048,1.2758616209030151,1.6475504636764526,2.0289056301116943,2.3983428478240967,2.529587745666504,2.905515670776367,2.3299593925476074,2.1930978298187256,1.8616911172866821,1.6870784759521484,1.881360411643982,1.744913935661316,1.3840267658233643,1.4529895782470703,1.784209132194519,1.7067896127700806,1.7061511278152466,2.0218605995178223,2.2886464595794678,2.6980440616607666,2.8988449573516846
B5,1.7633639574050903,1.6513559818267822,1.593530535697937,1.259521484375,1.3169282674789429,1.2315599918365479,1.042834758758545,1.144020676612854,1.4153953790664673,1.5918482542037964,1.7217215299606323,1.9159579277038574,2.2673826217651367,2.634956121444702,2.815078020095825,0.937057375907898,0.5570695400238037,0.5607776641845703,0.38527268171310425,0.0,0.3900962769985199,0.6530832648277283,0.8969578742980957,1.00732421875,1.3334853649139404,1.6792285442352295,1.7571361064910889,2.015535354614258,2.3768186569213867,2.625882625579834,2.357483148574829,2.293912887573242,1.8998125791549683,1.6634215116500854,1.8295862674713135,1.6646286249160767,1.3521910905838013,1.2450977563858032,1.6080857515335083,1.7419880628585815,1.7837791442871094,2.120741844177246,2.343837022781372,2.664752960205078,2.9088568687438965,2.1000020503997803,1.8783096075057983,1.5679177045822144,1.4353779554367065,1.57709538936615,1.4530287981033325,1.1037737131118774,1.2192548513412476,1.5781810283660889,1.6158027648925781,1.9900137186050415,2.364225387573242,2.7283551692962646,2.8420448303222656,3.2240021228790283,2.5439376831054688,2.3839972019195557,2.0319221019744873,1.920337438583374,2.1105518341064453,1.9217336177825928,1.5808078050613403,1.7109158039093018,2.0154378414154053,1.9062319993972778,1.9460697174072266,2.289660930633545,2.522275447845459,2.9237210750579834,3.152071714401245
B6,1.8305073976516724,1.6625317335128784,1.5253111124038696,1.1567529439926147,1.2422480583190918,1.0627846717834473,0.9487760066986084,0.9569690227508545,1.2951375246047974,1.4033541679382324,1.563218116760254,1.8137847185134888,2.135993003845215,2.5240347385406494,2.7096211910247803,1.238769769668579,0.8719221949577332,0.7044670581817627,0.5417395830154419,0.3900962769985199,0.0,0.39424973726272583,0.6585652828216553,0.8796762228012085,1.148881435394287,1.517994999885559,1.6707342863082886,1.9006829261779785,2.281670093536377,2.52901029586792,2.0312345027923584,1.9636645317077637,1.5666391849517822,1.31623375415802,1.456236720085144,1.3203893899917603,0.9819839596748352,0.8847062587738037,1.2617099285125732,1.4156585931777954,1.5142626762390137,1.8411158323287964,2.0804853439331055,2.4135453701019287,2.6946730613708496,1.827638030052185,1.6147232055664062,1.278026819229126,1.2160965204238892,1.4238615036010742,1.388000249862671,1.0862033367156982,1.3158166408538818,1.6652449369430542,1.7867933511734009,2.1605329513549805,2.5371110439300537,2.8966355323791504,3.003692865371704,3.388868808746338,2.2617456912994385,2.1112639904022217,1.74451744556427,1.686546802520752,1.912580132484436,1.7238266468048096,1.4150128364562988,1.613848090171814,1.9274927377700806,1.8742765188217163,1.9747682809829712,2.30856990814209,2.568162679672241,2.9599413871765137,3.2045857906341553
B7,2.018672227859497,1.7954963445663452,1.6475374698638916,1.2630822658538818,1.2463712692260742,0.9830112457275391,0.8090139031410217,0.6870845556259155,0.9956009387969971,1.0493711233139038,1.1787992715835571,1.4512699842453003,1.757251262664795,2.1452066898345947,2.3245584964752197,1.5597695112228394,1.1784226894378662,1.0620039701461792,0.9161829352378845,0.6530832648277283,0.39424973726272583,0.0,0.3730725944042206,0.5339955687522888,0.8031172752380371,1.1467050313949585,1.3278729915618896,1.5259488821029663,1.9091612100601196,2.1678102016448975,2.148280143737793,2.0836544036865234,1.6937750577926636,1.4149056673049927,1.4522809982299805,1.3498049974441528,0.9827139973640442,0.7456924915313721,1.0809837579727173,1.1329442262649536,1.1800662279129028,1.5322182178497314,1.7313770055770874,2.072305202484131,2.3423118591308594,2.0339839458465576,1.8418630361557007,1.4868847131729126,1.4940589666366577,1.747560739517212,1.7540720701217651,1.4705146551132202,1.7085157632827759,2.058758020401001,2.1769914627075195,2.551546812057495,2.92816424369812,3.2872474193573,3.3882124423980713,3.776043176651001,2.4435958862304688,2.2909598350524902,1.9155099391937256,1.930197834968567,2.163647413253784,1.9486242532730103,1.6816306114196777,1.929538369178772,2.221752166748047,2.1675496101379395,2.305046558380127,2.647226572036743,2.891079902648926,3.271615982055664,3.5360028743743896
B8,2.390066146850586,2.1660377979278564,2.006273031234741,1.6204900741577148,1.6004796028137207,1.306577205657959,1.131300926208496,0.9246889352798462,1.1719474792480469,1.1228113174438477,1.1482136249542236,1.4693697690963745,1.7235668897628784,2.0928170680999756,2.2165963649749756,1.8322023153305054,1.4523295164108276,1.3552491664886475,1.1264811754226685,0.8969578742980957,0.6585652828216553,0.3730725944042206,0.0,0.3842564523220062,0.5078845024108887,0.9037018418312073,1.0880202054977417,1.3242250680923462,1.7106651067733765,1.924393653869629,2.2392661571502686,2.120565176010132,1.7575451135635376,1.4187817573547363,1.3872615098953247,1.237553596496582,0.9227148294448853,0.5943915247917175,0.8471488356590271,0.8854060769081116,0.8910101056098938,1.2244503498077393,1.458192229270935,1.7754300832748413,2.0431506633758545,2.0801687240600586,1.9484513998031616,1.5797606706619263,1.5785667896270752,1.8794338703155518,1.9423083066940308,1.6641215085983276,1.8904824256896973,2.2469840049743652,2.3864312171936035,2.749570369720459,3.1365177631378174,3.5081095695495605,3.6383862495422363,4.01613712310791,2.557692050933838,2.4516289234161377,2.0754432678222656,2.105126142501831,2.3820090293884277,2.2021241188049316,1.9467867612838745,2.194098711013794,2.5071487426757812,2.485049247741699,2.6153476238250732,2.9429030418395996,3.209413766860962,3.5941596031188965,3.8467650413513184
B9,2.4497592449188232,2.214702844619751,2.0952112674713135,1.7186914682388306,1.6125534772872925,1.334717035293579,1.0724101066589355,0.8582662343978882,0.9786919355392456,0.9446396827697754,0.8861179947853088,1.165675401687622,1.436264157295227,1.7869172096252441,1.904725193977356,1.9216212034225464,1.5407373905181885,1.5188624858856201,1.322417140007019,1.00732421875,0.8796762228012085,0.5339955687522888,0.3842564523220062,0.0,0.37970733642578125,0.6725028157234192,0.7980669140815735,1.028867244720459,1.4069535732269287,1.6520500183105469,2.5723671913146973,2.477428674697876,2.1104910373687744,1.7868062257766724,1.7347187995910645,1.6082314252853394,1.2891898155212402,0.9387746453285217,1.129262924194336,1.0380010604858398,0.9072688221931458,1.268553614616394,1.4106354713439941,1.7208796739578247,1.9289158582687378,2.4549355506896973,2.3064780235290527,1.9405097961425781,1.940708041191101,2.2227656841278076,2.2468271255493164,1.946069598197937,2.1397218704223633,2.5040383338928223,2.5961873531341553,2.964810609817505,3.3483307361602783,3.719069242477417,3.839630365371704,4.221469879150391,2.9016478061676025,2.770873785018921,2.394218683242798,2.4331183433532715,2.6835169792175293,2.470630168914795,2.213580369949341,2.462017297744751,2.755188465118408,2.691551446914673,2.8206300735473633,3.1677207946777344,3.4028215408325195,3.785121440887451,4.0490546226501465
B10,2.7767341136932373,2.5249195098876953,2.3736815452575684,1.9942843914031982,1.89793062210083,1.5792629718780518,1.3648988008499146,1.0815141201019287,1.1785831451416016,1.0219628810882568,0.8817766904830933,1.2165418863296509,1.3944894075393677,1.7231746912002563,1.788076400756836,2.2644011974334717,1.8829504251480103,1.830895185470581,1.6058111190795898,1.3334853649139404,1.148881435394287,0.8031172752380371,0.5078845024108887,0.37970733642578125,0.0,0.4092685282230377,0.6243009567260742,0.8447060585021973,1.2268543243408203,1.4232760667800903,2.592284917831421,2.4672086238861084,2.132981061935425,1.7838395833969116,1.656996488571167,1.5334272384643555,1.2681552171707153,0.8840449452400208,0.9395309686660767,0.7732216715812683,0.5626480579376221,0.90509432554245,1.0592460632324219,1.355129599571228,1.5759440660476685,2.487698793411255,2.3854780197143555,2.0178685188293457,2.046013832092285,2.365736484527588,2.4471583366394043,2.170491933822632,2.384636163711548,2.745056390762329,2.871650457382202,3.233163595199585,3.621917963027954,3.9972355365753174,4.131224155426025,4.508449077606201,2.9526965618133545,2.8556807041168213,2.4834110736846924,2.5574862957000732,2.8379604816436768,2.646663188934326,2.416555404663086,2.683805227279663,2.98479962348938,2.9570236206054688,3.1018731594085693,3.4362213611602783,3.6909303665161133,4.070427417755127,4.333672523498535
B11,3.0221567153930664,2.749330997467041,2.608964443206787,2.2435686588287354,2.0896034240722656,1.7689110040664673,1.5390413999557495,1.2321088314056396,1.2026714086532593,0.9840955138206482,0.7072938084602356,1.0063189268112183,1.0982611179351807,1.3797760009765625,1.4015960693359375,2.5916175842285156,2.211838722229004,2.182793140411377,1.9815014600753784,1.6792285442352295,1.517994999885559,1.1467050313949585,0.9037018418312073,0.6725028157234192,0.4092685282230377,0.0,0.36786237359046936,0.4499644935131073,0.8306377530097961,1.0457191467285156,2.8922278881073,2.782727003097534,2.4621663093566895,2.126164197921753,1.9558422565460205,1.8701356649398804,1.6167477369308472,1.2302123308181763,1.209973692893982,0.9239436984062195,0.5865933299064636,0.8702508807182312,0.8641128540039062,1.132421851158142,1.2843352556228638,2.8494744300842285,2.748709201812744,2.385172128677368,2.4393041133880615,2.761312961578369,2.8417813777923584,2.5655176639556885,2.7788374423980713,3.1408088207244873,3.2538015842437744,3.6185452938079834,4.005451202392578,4.3791022300720215,4.504631519317627,4.885453224182129,3.2784430980682373,3.1725096702575684,2.804999828338623,2.910487413406372,3.1796658039093018,2.9687857627868652,2.7577784061431885,3.0415256023406982,3.3251171112060547,3.2845466136932373,3.4449944496154785,3.7881462574005127,4.025289535522461,4.39695930480957,4.673653602600098
B12,3.174821615219116,2.923792600631714,2.8187148571014404,2.455277681350708,2.2856576442718506,1.9994399547576904,1.719430923461914,1.4602077007293701,1.3878493309020996,1.233593463897705,0.916849672794342,1.1141308546066284,1.2099757194519043,1.4213610887527466,1.3810935020446777,2.633145332336426,2.2663393020629883,2.295785665512085,2.07431960105896,1.7571361064910889,1.6707342863082886,1.3278729915618896,1.0880202054977417,0.7980669140815735,0.6243009567260742,0.36786237359046936,0.0,0.38917550444602966,0.6945126056671143,0.8733205199241638,3.2064051628112793,3.0835886001586914,2.7550721168518066,2.4045538902282715,2.2584125995635986,2.131923198699951,1.8886991739273071,1.5040476322174072,1.5024138689041138,1.2553280591964722,0.9082010388374329,1.1355775594711304,1.115431308746338,1.3024312257766724,1.354245901107788,3.107012987136841,3.0078001022338867,2.639464855194092,2.6497597694396973,2.960082769393921,3.013990640640259,2.71159291267395,2.8795816898345947,3.2486441135406494,3.3278515338897705,3.6858909130096436,4.072752475738525,4.451919078826904,4.591209411621094,4.965458869934082,3.574625253677368,3.470536708831787,3.098193645477295,3.1726748943328857,3.441549777984619,3.2324132919311523,2.995042324066162,3.2541539669036865,3.5467312335968018,3.4844303131103516,3.6162359714508057,3.9651551246643066,4.195260047912598,4.575985908508301,4.8426032066345215
B13,3.277271032333374,2.9983086585998535,2.8865439891815186,2.5397534370422363,2.3318843841552734,2.035626173019409,1.777361512184143,1.4915653467178345,1.343254566192627,1.1325013637542725,0.7600070834159851,0.9057521224021912,0.8945658206939697,1.0659682750701904,1.0104715824127197,2.88845157623291,2.5182101726531982,2.529515266418457,2.3470065593719482,2.015535354614258,1.9006829261779785,1.5259488821029663,1.3242250680923462,1.028867244720459,0.8447060585021973,0.4499644935131073,0.38917550444602966,0.0,0.38951778411865234,0.6737841963768005,3.306777238845825,3.2122864723205566,2.893615245819092,2.5675129890441895,2.3864195346832275,2.3148252964019775,2.0613694190979004,1.6757179498672485,1.6404682397842407,1.3183398246765137,0.9587169885635376,1.1529051065444946,0.9987251162528992,1.1774976253509521,1.189924716949463,3.2948296070098877,3.1864709854125977,2.8241961002349854,2.8805315494537354,3.195159435272217,3.2567811012268066,2.9689345359802246,3.1649341583251953,3.530634641647339,3.6156864166259766,3.98195743560791,4.36555290222168,4.737834453582764,4.856729507446289,5.239319801330566,3.7023961544036865,3.5825979709625244,3.217247247695923,3.332298994064331,3.5858941078186035,3.355172872543335,3.147772789001465,3.4337425231933594,3.702939987182617,3.6377968788146973,3.7996957302093506,4.15389347076416,4.368464946746826,4.735191345214844,5.020749568939209
