,A1,A2,A3,A4,A5,A6,A7,A8,A9,A10,A11,A12,A13,A14,A15,B1,B2,B3,B4,B5,B6,B7,B8,B9,B10,B11,B12,B13,B14,B15,C1,C2,C3,C4,C5,C6,C7,C8,C9,C10,C11,C12,C13,C14,C15,D1,D2,D3,D4,D5,D6,D7,D8,D9,D10,D11,D12,D13,D14,D15,E1,E2,E3,E4,E5,E6,E7,E8,E9,E10,E11,E12,E13,E14,E15
A1,0.0,0.3746418356895447,0.5818611979484558,0.8165340423583984,1.0942753553390503,1.3656607866287231,1.5833696126937866,1.9088090658187866,2.068652629852295,2.3909432888031006,2.6234092712402344,2.726606845855713,3.004270315170288,3.248760223388672,3.5706140995025635,2.0104384422302246,1.980672001838684,1.7796703577041626,1.886236548423767,1.9473837614059448,2.261350631713867,2.4879040718078613,2.495450496673584,2.863069772720337,3.008620500564575,3.1143741607666016,3.464524745941162,3.5399975776672363,3.943096399307251,4.095889091491699,2.8446991443634033,2.7758567333221436,2.389509677886963,2.5135366916656494,2.5575809478759766,2.5991787910461426,2.375455856323242,2.502310276031494,2.863901138305664,2.829780101776123,3.1792359352111816,3.436333656311035,3.487008810043335,3.869086503982544,4.0247111320495605,2.508460521697998,2.12772798538208,2.136565685272217,1.7433717250823975,1.5540554523468018,1.298048973083496,1.2949485778808594,1.268895149230957,0.9308120608329773,1.1775504350662231,0.9520003795623779,0.8112786412239075,1.150528907775879,1.1159145832061768,1.384871482849121,2.3433985710144043,1.9610209465026855,1.9486356973648071,1.6257461309432983,1.366804838180542,1.0296319723129272,1.1735976934432983,0.918231725692749,0.6501206755638123,0.9034862518310547,0.833428144454956,0.7254821062088013,1.1176894903182983,1.192770004272461,1.4762099981307983
A2,0.3746418356895447,0.0,0.3799869120121002,0.5307044982910156,0.7447888851165771,0.9966707825660706,1.241267442703247,1.5617094039916992,1.7014532089233398,2.0296242237091064,2.2653043270111084,2.361603260040283,2.6337332725524902,2.880535364151001,3.2016079425811768,2.0416147708892822,1.9416228532791138,1.7254066467285156,1.756348729133606,1.7902473211288452,2.061746835708618,2.2468414306640625,2.227911949157715,2.579874038696289,2.7177250385284424,2.7994120121002197,3.14402174949646,3.2048587799072266,3.607114553451538,3.7465991973876953,2.8539063930511475,2.734273910522461,2.346740245819092,2.4193856716156006,2.422358751296997,2.4107022285461426,2.1509854793548584,2.24422550201416,2.5882863998413086,2.5205984115600586,2.8676631450653076,3.130845069885254,3.163276433944702,3.549407720565796,3.688721179962158,2.5879809856414795,2.209932327270508,2.1527259349823,1.7713040113449097,1.5193402767181396,1.2454333305358887,1.1379400491714478,1.0538289546966553,0.6712270975112915,0.8563835620880127,0.6126182675361633,0.5899163484573364,0.9342759847640991,1.0211411714553833,1.2733776569366455,2.4653120040893555,2.089001417160034,2.006568670272827,1.6964658498764038,1.4251799583435059,1.047582983970642,1.0618128776550293,0.7413401007652283,0.45428892970085144,0.5854946374893188,0.545403242111206,0.6101170182228088,0.9793378114700317,1.1727819442749023,1.4169790744781494
A3,0.5818611979484558,0.3799869120121002,0.0,0.394990473985672,0.6917442679405212,0.9272950887680054,1.0608593225479126,1.4174197912216187,1.6266775131225586,1.9055410623550415,2.173001289367676,2.3231098651885986,2.5712709426879883,2.857297420501709,3.151435375213623,1.71176016330719,1.5945566892623901,1.3574168682098389,1.3908289670944214,1.4158744812011719,1.702730417251587,1.911606788635254,1.916084885597229,2.2819480895996094,2.436004161834717,2.556459426879883,2.9016096591949463,2.9980111122131348,3.3984107971191406,3.5614473819732666,2.4920902252197266,2.360762357711792,1.9742960929870605,2.046128034591675,2.0460805892944336,2.047964096069336,1.8069254159927368,1.9219578504562378,2.2820937633514404,2.254534959793091,2.605436325073242,2.8589704036712646,2.921830892562866,3.3006179332733154,3.4691662788391113,2.2621147632598877,1.8873786926269531,1.798158049583435,1.4247685670852661,1.1516696214675903,0.8824120759963989,0.7616150975227356,0.7330427765846252,0.4227037727832794,0.7508081197738647,0.6941726803779602,0.726620078086853,1.1013855934143066,1.2490850687026978,1.5455752611160278,2.1622190475463867,1.7953180074691772,1.6709469556808472,1.3736568689346313,1.1052860021591187,0.717736542224884,0.6830785870552063,0.3695518970489502,0.16725988686084747,0.48961198329925537,0.6950045824050903,0.7936317920684814,1.1321943998336792,1.3689186573028564,1.6510499715805054
A4,0.8165340423583984,0.5307044982910156,0.394990473985672,0.0,0.36875197291374207,0.6922832131385803,0.8180361986160278,1.1185252666473389,1.3369137048721313,1.6277912855148315,1.8548755645751953,2.0077452659606934,2.2828528881073,2.5538740158081055,2.8504676818847656,1.9699177742004395,1.8207074403762817,1.5373919010162354,1.5261222124099731,1.4562873840332031,1.6972529888153076,1.8520787954330444,1.7814029455184937,2.143568754196167,2.244746446609497,2.3221850395202637,2.682494878768921,2.7421743869781494,3.147296905517578,3.3139328956604004,2.6493706703186035,2.4893290996551514,2.1150479316711426,2.166767120361328,2.097869634628296,2.0462112426757812,1.7880010604858398,1.820314884185791,2.170682668685913,2.099414110183716,2.465101718902588,2.6983084678649902,2.716432571411133,3.0992956161499023,3.2486050128936768,2.494297504425049,2.1211962699890137,1.987229824066162,1.6287745237350464,1.2986847162246704,1.102837085723877,0.8678411841392517,0.8753595948219299,0.6036731600761414,0.8026253581047058,0.7294281125068665,0.9221619367599487,1.2391940355300903,1.4463722705841064,1.678609013557434,2.397094964981079,2.039254903793335,1.8786108493804932,1.5692204236984253,1.3655484914779663,0.9753387570381165,0.8424178957939148,0.47453752160072327,0.5180187225341797,0.5976014137268066,0.8158537745475769,1.0391498804092407,1.346503734588623,1.6238906383514404,1.8493008613586426
A5,1.0942753553390503,0.7447888851165771,0.6917442679405212,0.36875197291374207,0.0,0.36370599269866943,0.5762293934822083,0.8310799598693848,0.9911292195320129,1.3117443323135376,1.5299875736236572,1.6562222242355347,1.9342138767242432,2.1960275173187256,2.500792980194092,2.211390972137451,2.010988473892212,1.7416311502456665,1.6498101949691772,1.558465838432312,1.723097324371338,1.8055033683776855,1.6894993782043457,2.0136797428131104,2.094520092010498,2.120577335357666,2.4704537391662598,2.49537992477417,2.899078130722046,3.0393459796905518,2.8660390377044678,2.664947271347046,2.302386522293091,2.297675848007202,2.189020872116089,2.0709166526794434,1.770634412765503,1.7454752922058105,2.0545899868011475,1.9210834503173828,2.277487277984619,2.5190677642822266,2.4997870922088623,2.8886685371398926,3.0047571659088135,2.762843132019043,2.4031872749328613,2.229653835296631,1.8979549407958984,1.5471978187561035,1.3474401235580444,1.04453444480896,0.9642503261566162,0.7110635042190552,0.7148047089576721,0.6514196991920471,0.9633644819259644,1.1879645586013794,1.4650251865386963,1.6401718854904175,2.6980321407318115,2.3523788452148438,2.1570425033569336,1.8738343715667725,1.6644994020462036,1.2868809700012207,1.0767223834991455,0.7398885488510132,0.7593104839324951,0.6174886226654053,0.8119761347770691,1.1324071884155273,1.3597712516784668,1.6868475675582886,1.8506683111190796
A6,1.3656607866287231,0.9966707825660706,0.9272950887680054,0.6922832131385803,0.36370599269866943,0.0,0.39071691036224365,0.6388149857521057,0.7212992310523987,1.0426514148712158,1.3054916858673096,1.4164468050003052,1.6555893421173096,1.9370148181915283,2.2355902194976807,2.2901105880737305,2.03885555267334,1.805345058441162,1.6338520050048828,1.5558233261108398,1.6459236145019531,1.6681057214736938,1.5475050210952759,1.8241561651229858,1.9208390712738037,1.9233421087265015,2.2460052967071533,2.265773057937622,2.6623992919921875,2.773078203201294,2.937354326248169,2.697139263153076,2.348393440246582,2.2816545963287354,2.1558268070220947,1.9846667051315308,1.6467700004577637,1.6006934642791748,1.8626389503479004,1.686684489250183,2.0207717418670654,2.285409688949585,2.2587103843688965,2.650117874145508,2.746284246444702,2.8762869834899902,2.538179397583008,2.3289008140563965,2.032013177871704,1.6799839735031128,1.4626355171203613,1.1259068250656128,0.9514875411987305,0.7695615291595459,0.5946609973907471,0.6490616798400879,1.0102068185806274,1.1439599990844727,1.4859423637390137,1.636668086051941,2.8565008640289307,2.5288305282592773,2.2983908653259277,2.058213472366333,1.828097939491272,1.4781776666641235,1.2060552835464478,0.932162880897522,0.9357870817184448,0.6520151495933533,0.8562086224555969,1.2180474996566772,1.347163200378418,1.7185895442962646,1.844133973121643
A7,1.5833696126937866,1.241267442703247,1.0608593225479126,0.8180361986160278,0.5762293934822083,0.39071691036224365,0.0,0.39361152052879333,0.659150242805481,0.8573317527770996,1.1567176580429077,1.361849308013916,1.5667203664779663,1.8947885036468506,2.147690773010254,2.1571571826934814,1.8819129467010498,1.6276808977127075,1.4240342378616333,1.2795031070709229,1.3235782384872437,1.3177968263626099,1.168121576309204,1.4581434726715088,1.5470627546310425,1.5769240856170654,1.913830041885376,1.965450644493103,2.366541862487793,2.512845277786255,2.6984219551086426,2.433603525161743,2.107573986053467,2.0195021629333496,1.849114179611206,1.6503461599349976,1.3201850652694702,1.2328490018844604,1.5044265985488892,1.3469973802566528,1.702069878578186,1.9456326961517334,1.9350595474243164,2.324176073074341,2.4512991905212402,2.712616205215454,2.3948278427124023,2.141340970993042,1.8847702741622925,1.5162098407745361,1.3644200563430786,0.9889947772026062,0.8912147283554077,0.873737633228302,0.7851596474647522,0.9701882004737854,1.3007926940917969,1.4695229530334473,1.813841700553894,1.9969855546951294,2.719162940979004,2.4194443225860596,2.145782709121704,1.93534255027771,1.752082347869873,1.4428671598434448,1.10970139503479,0.9199122786521912,1.0678777694702148,0.8658197522163391,1.1696313619613647,1.5048201084136963,1.6454802751541138,2.0211150646209717,2.178194046020508
A8,1.9088090658187866,1.5617094039916992,1.4174197912216187,1.1185252666473389,0.8310799598693848,0.6388149857521057,0.39361152052879333,0.0,0.3911508321762085,0.5305827856063843,0.7786921858787537,1.0168564319610596,1.2365599870681763,1.5595777034759521,1.8009026050567627,2.4917263984680176,2.2072222232818604,1.9432172775268555,1.7226738929748535,1.5238300561904907,1.496564507484436,1.4057033061981201,1.1647998094558716,1.3915022611618042,1.3943567276000977,1.3378254175186157,1.678273320198059,1.670181393623352,2.072915554046631,2.215271234512329,2.945051431655884,2.661559820175171,2.363651990890503,2.2554614543914795,2.0331034660339355,1.784292459487915,1.4643208980560303,1.2703136205673218,1.474535346031189,1.2442052364349365,1.5887229442596436,1.7957992553710938,1.7141711711883545,2.1014490127563477,2.1931498050689697,3.017526149749756,2.7107484340667725,2.435767412185669,2.202103614807129,1.82559335231781,1.7194420099258423,1.3387209177017212,1.273369312286377,1.2633062601089478,1.1391549110412598,1.2840133905410767,1.6381222009658813,1.7647223472595215,2.1195812225341797,2.2565484046936035,3.0296473503112793,2.7428464889526367,2.4546871185302734,2.247877836227417,2.101276159286499,1.7991337776184082,1.464033842086792,1.2786333560943604,1.4427262544631958,1.2321876287460327,1.4911909103393555,1.8458423614501953,1.9682925939559937,2.348452091217041,2.468179225921631
A9,2.068652629852295,1.7014532089233398,1.6266775131225586,1.3369137048721313,0.9911292195320129,0.7212992310523987,0.659150242805481,0.3911508321762085,0.0,0.3904026448726654,0.6007097959518433,0.7161321043968201,0.9477182626724243,1.245725393295288,1.5250285863876343,2.795422077178955,2.4978833198547363,2.262777805328369,2.018203020095825,1.8584275245666504,1.8051539659500122,1.6773154735565186,1.4426329135894775,1.5944489240646362,1.5899009704589844,1.459511160850525,1.7482250928878784,1.6779977083206177,2.0611681938171387,2.1386375427246094,3.293142795562744,3.000056505203247,2.701894998550415,2.568523645401001,2.3548316955566406,2.0827150344848633,1.7401890754699707,1.5419635772705078,1.6774513721466064,1.381039023399353,1.6713252067565918,1.8965706825256348,1.7662687301635742,2.148101329803467,2.1760549545288086,3.3524796962738037,3.0452260971069336,2.775719165802002,2.5372166633605957,2.167109727859497,2.0209975242614746,1.6455833911895752,1.507198691368103,1.4474977254867554,1.2241549491882324,1.3251277208328247,1.6911311149597168,1.7337336540222168,2.1019082069396973,2.17824387550354,3.371295690536499,3.076841354370117,2.7958779335021973,2.589388847351074,2.4107508659362793,2.094080686569214,1.7683024406433105,1.5556117296218872,1.6407990455627441,1.3561248779296875,1.5348823070526123,1.9065793752670288,1.9678086042404175,2.3524763584136963,2.412285327911377
A10,2.3909432888031006,2.0296242237091064,1.9055410623550415,1.6277912855148315,1.3117443323135376,1.0426514148712158,0.8573317527770996,0.5305827856063843,0.3904026448726654,0.0,0.3892034888267517,0.6361258625984192,0.7437061071395874,1.1094045639038086,1.3111783266067505,2.872924327850342,2.5524942874908447,2.3277106285095215,2.0473153591156006,1.8559571504592896,1.7244194746017456,1.5243364572525024,1.2534756660461426,1.3242685794830322,1.280529499053955,1.1043223142623901,1.3699665069580078,1.2911417484283447,1.6730595827102661,1.757096290588379,3.273922920227051,2.9535975456237793,2.692351818084717,2.520554780960083,2.268474578857422,1.953027606010437,1.6268819570541382,1.3652242422103882,1.423694133758545,1.0867061614990234,1.3477506637573242,1.5469045639038086,1.3874568939208984,1.7646936178207397,1.7866052389144897,3.405283212661743,3.1267294883728027,2.823019027709961,2.631317377090454,2.266212224960327,2.1611275672912598,1.7813605070114136,1.6679333448410034,1.6935595273971558,1.4850878715515137,1.6521183252334595,2.0089972019195557,2.054826021194458,2.433516263961792,2.5238938331604004,3.4567105770111084,3.192362070083618,2.879896640777588,2.7105278968811035,2.560135841369629,2.2813212871551514,1.9264934062957764,1.7738503217697144,1.9101603031158447,1.6423197984695435,1.8639230728149414,2.228612184524536,2.277130126953125,2.6707427501678467,2.7393107414245605
A11,2.6234092712402344,2.2653043270111084,2.173001289367676,1.8548755645751953,1.5299875736236572,1.3054916858673096,1.1567176580429077,0.7786921858787537,0.6007097959518433,0.3892034888267517,0.0,0.3692961633205414,0.5498443245887756,0.8466123938560486,1.0482304096221924,3.212584972381592,2.9033963680267334,2.6577835083007812,2.3963558673858643,2.175774574279785,2.045560836791992,1.8340553045272827,1.525506615638733,1.5661215782165527,1.4371337890625,1.1775931119918823,1.4214491844177246,1.2422760725021362,1.6002110242843628,1.670888066291809,3.574733018875122,3.2589364051818848,3.0065629482269287,2.848637342453003,2.575737953186035,2.2571985721588135,1.9559845924377441,1.6566760540008545,1.6875979900360107,1.3398582935333252,1.5651525259017944,1.7003129720687866,1.4628255367279053,1.8066457509994507,1.773330569267273,3.7218985557556152,3.4380664825439453,3.135939598083496,2.9387922286987305,2.565208673477173,2.4814915657043457,2.0995237827301025,2.014974355697632,2.0092828273773193,1.8095695972442627,1.9243215322494507,2.2909977436065674,2.3282470703125,2.696871757507324,2.7532553672790527,3.757455825805664,3.490243911743164,3.1830480098724365,2.9957895278930664,2.867921829223633,2.576080083847046,2.234459400177002,2.0566020011901855,2.1986613273620605,1.942097544670105,2.13379168510437,2.5055065155029297,2.5654680728912354,2.9505577087402344,2.996537446975708
A12,2.726606845855713,2.361603260040283,2.3231098651885986,2.0077452659606934,1.6562222242355347,1.4164468050003052,1.361849308013916,1.0168564319610596,0.7161321043968201,0.6361258625984192,0.3692961633205414,0.0,0.3809795677661896,0.5597137808799744,0.8568548560142517,3.4751954078674316,3.164921283721924,2.931305170059204,2.6670713424682617,2.476288318634033,2.357684850692749,2.150759220123291,1.861956000328064,1.888793706893921,1.776914119720459,1.5006275177001953,1.696092128753662,1.4767111539840698,1.7913790941238403,1.7907387018203735,3.8947041034698486,3.580814838409424,3.315735101699829,3.154750108718872,2.8986597061157227,2.5805282592773438,2.2609918117523193,1.9832463264465332,2.001232624053955,1.6359732151031494,1.8250266313552856,1.9766472578048706,1.7205798625946045,2.0442912578582764,1.9548442363739014,4.011854648590088,3.7177202701568604,3.428520679473877,3.2128055095672607,2.839069128036499,2.7210962772369385,2.3414762020111084,2.2148776054382324,2.1605982780456543,1.9141877889633179,1.981442928314209,2.345101833343506,2.328305959701538,2.6901192665100098,2.695380687713623,4.04095983505249,3.758725881576538,3.4647369384765625,3.2647032737731934,3.109945058822632,2.7974278926849365,2.468775987625122,2.258655309677124,2.3466482162475586,2.0537993907928467,2.1835081577301025,2.556959867477417,2.581937313079834,2.957449197769165,2.9564383029937744
A13,3.004270315170288,2.6337332725524902,2.5712709426879883,2.2828528881073,1.9342138767242432,1.6555893421173096,1.5667203664779663,1.2365599870681763,0.9477182626724243,0.7437061071395874,0.5498443245887756,0.3809795677661896,0.0,0.4005773663520813,0.5899369120597839,3.5958831310272217,3.2630443572998047,3.0583434104919434,2.7585740089416504,2.5785481929779053,2.406747341156006,2.1544857025146484,1.8781194686889648,1.824504017829895,1.7148683071136475,1.4095064401626587,1.5220259428024292,1.281731367111206,1.5508190393447876,1.4908711910247803,3.981548547744751,3.6455748081207275,3.404886484146118,3.2041494846343994,2.9396421909332275,2.5933074951171875,2.2783377170562744,1.989111065864563,1.9317628145217896,1.5440534353256226,1.6574046611785889,1.8003075122833252,1.5225738286972046,1.8162977695465088,1.6815886497497559,4.135865688323975,3.8648459911346436,3.5557143688201904,3.372145652770996,3.009070873260498,2.8930563926696777,2.515171766281128,2.3684332370758057,2.360106945037842,2.090801239013672,2.205381393432617,2.559915542602539,2.5190212726593018,2.8936214447021484,2.9003050327301025,4.197417736053467,3.9345715045928955,3.620800733566284,3.4535651206970215,3.2950878143310547,3.0068912506103516,2.658277988433838,2.4847500324249268,2.5760128498077393,2.2656610012054443,2.4090805053710938,2.778334379196167,2.766216516494751,3.1501309871673584,3.1407110691070557
A14,3.248760223388672,2.880535364151001,2.857297420501709,2.5538740158081055,2.1960275173187256,1.9370148181915283,1.8947885036468506,1.5595777034759521,1.245725393295288,1.1094045639038086,0.8466123938560486,0.5597137808799744,0.4005773663520813,0.0,0.3758372366428375,3.9714345932006836,3.6445186138153076,3.433039426803589,3.1428966522216797,2.9615750312805176,2.800873041152954,2.5519168376922607,2.267887592315674,2.2108333110809326,2.077169179916382,1.747624397277832,1.8325241804122925,1.5423425436019897,1.752487063407898,1.6437307596206665,4.369058609008789,4.037398815155029,3.7925145626068115,3.59983491897583,3.3342373371124268,2.989745616912842,2.676708698272705,2.3834757804870605,2.322303295135498,1.934170126914978,2.0273642539978027,2.1456432342529297,1.8385246992111206,2.0918145179748535,1.9047210216522217,4.514078140258789,4.233736515045166,3.9323267936706543,3.7350308895111084,3.366680145263672,3.244704008102417,2.866194486618042,2.7162327766418457,2.6717162132263184,2.3917009830474854,2.459991455078125,2.8125393390655518,2.744565725326538,3.1042749881744385,3.0676746368408203,4.562963962554932,4.290067672729492,3.98587965965271,3.802088975906372,3.641655921936035,3.336681842803955,3.000746726989746,2.8007102012634277,2.8713572025299072,2.554466485977173,2.6559224128723145,3.0242912769317627,3.0029377937316895,3.3727147579193115,3.3281970024108887
A15,3.5706140995025635,3.2016079425811768,3.151435375213623,2.8504676818847656,2.500792980194092,2.2355902194976807,2.147690773010254,1.8009026050567627,1.5250285863876343,1.3111783266067505,1.0482304096221924,0.8568548560142517,0.5899369120597839,0.3758372366428375,0.0,4.158744812011719,3.8210625648498535,3.6178085803985596,3.3117403984069824,3.116903305053711,2.916788101196289,2.6340324878692627,2.3451173305511475,2.2275192737579346,2.064077138900757,1.706466794013977,1.7173962593078613,1.3910253047943115,1.524539828300476,1.368046522140503,4.491195201873779,4.145629405975342,3.9286656379699707,3.7145981788635254,3.430096387863159,3.0674147605895996,2.777489423751831,2.4605958461761475,2.342716693878174,1.956025242805481,1.9880434274673462,2.057802438735962,1.7196979522705078,1.91435706615448,1.6772443056106567,4.682330131530762,4.421627044677734,4.101794242858887,3.933400869369507,3.570261240005493,3.4708001613616943,3.0919134616851807,2.954737424850464,2.9492735862731934,2.6764180660247803,2.777764320373535,3.130707263946533,3.068735361099243,3.436641216278076,3.4116976261138916,4.751303672790527,4.4979987144470215,4.176690101623535,4.015015602111816,3.871253490447998,3.586637496948242,3.2365524768829346,3.0648229122161865,3.1612019538879395,2.850719690322876,2.9780430793762207,3.346738338470459,3.3213050365448,3.6982946395874023,3.6611249446868896
B1,2.0104384422302246,2.0416147708892822,1.71176016330719,1.9699177742004395,2.211390972137451,2.2901105880737305,2.1571571826934814,2.4917263984680176,2.795422077178955,2.872924327850342,3.212584972381592,3.4751954078674316,3.5958831310272217,3.9714345932006836,4.158744812011719,0.0,0.3851848840713501,0.5684819221496582,0.8647288084030151,1.1182327270507812,1.4086692333221436,1.769270420074463,2.035400152206421,2.3364880084991455,2.608832836151123,2.9272005558013916,3.1817283630371094,3.4555141925811768,3.784069061279297,4.009650230407715,0.9978408813476562,0.9929682016372681,0.7036369442939758,0.911817193031311,1.2133201360702515,1.5164473056793213,1.5765631198883057,1.9286400079727173,2.2461512088775635,2.4866456985473633,2.7305595874786377,2.922934055328369,3.1798582077026367,3.458003520965576,3.754101037979126,0.676983118057251,0.4846862256526947,0.44337669014930725,0.5155220627784729,0.814338743686676,0.8699735403060913,1.1956119537353516,1.364148736000061,1.636452317237854,1.942518949508667,2.174562454223633,2.0956661701202393,2.396754503250122,2.492413282394409,2.8688042163848877,0.8144264221191406,0.7064512968063354,0.5087977051734924,0.7675820589065552,0.7084188461303711,1.06117582321167,1.1457899808883667,1.498338222503662,1.6341592073440552,1.880797266960144,2.1663315296173096,2.1096856594085693,2.290813446044922,2.431335687637329,2.790313243865967
B2,1.980672001838684,1.9416228532791138,1.5945566892623901,1.8207074403762817,2.010988473892212,2.03885555267334,1.8819129467010498,2.2072222232818604,2.4978833198547363,2.5524942874908447,2.9033963680267334,3.164921283721924,3.2630443572998047,3.6445186138153076,3.8210625648498535,0.3851848840713501,0.0,0.38038986921310425,0.5177432894706726,0.8327220678329468,1.0820727348327637,1.4279731512069702,1.7102378606796265,1.9951701164245605,2.2862918376922607,2.6002180576324463,2.8422176837921143,3.117774486541748,3.4431064128875732,3.65533185005188,1.122959852218628,0.973601758480072,0.6465360522270203,0.6924089193344116,0.9630339741706848,1.2085250616073608,1.227483868598938,1.5943747758865356,1.8987624645233154,2.1304306983947754,2.3656811714172363,2.5730881690979004,2.831592321395874,3.1135289669036865,3.4016566276550293,0.9962329864501953,0.8187130093574524,0.5966781973838806,0.6288185715675354,0.7509047985076904,0.7488990426063538,0.986372709274292,1.1067866086959839,1.4372526407241821,1.6965397596359253,1.9763586521148682,1.9399019479751587,2.2165865898132324,2.3640267848968506,2.729311943054199,1.1675153970718384,1.0357327461242676,0.7448090314865112,0.9229717254638672,0.7907332181930542,1.037601351737976,0.9915761351585388,1.3503278493881226,1.5014348030090332,1.680842399597168,1.9959207773208618,1.9904985427856445,2.138882875442505,2.331723213195801,2.6687777042388916
B3,1.7796703577041626,1.7254066467285156,1.3574168682098389,1.5373919010162354,1.7416311502456665,1.805345058441162,1.6276808977127075,1.9432172775268555,2.262777805328369,2.3277106285095215,2.6577835083007812,2.931305170059204,3.0583434104919434,3.433039426803589,3.6178085803985596,0.5684819221496582,0.38038986921310425,0.0,0.4013447165489197,0.5767120122909546,0.921398937702179,1.2883459329605103,1.5115103721618652,1.8454933166503906,2.096306562423706,2.3964269161224365,2.6743574142456055,2.9278242588043213,3.271167278289795,3.5012457370758057,1.181999921798706,1.0219570398330688,0.6355976462364197,0.7517918348312378,0.8944185972213745,1.1127495765686035,1.1082862615585327,1.422611117362976,1.7748196125030518,1.9853801727294922,2.2645671367645264,2.457317352294922,2.6822402477264404,2.9810807704925537,3.2652199268341064,1.0991710424423218,0.8283219933509827,0.552498996257782,0.42268607020378113,0.38953059911727905,0.48475182056427,0.6974202394485474,0.931101381778717,1.2506300210952759,1.5477060079574585,1.8089780807495117,1.8171741962432861,2.127612829208374,2.295217514038086,2.652766466140747,1.1819056272506714,0.9783632755279541,0.6353277564048767,0.6878628134727478,0.5950747132301331,0.7826548218727112,0.697684109210968,1.067826509475708,1.294095516204834,1.5031377077102661,1.8469561338424683,1.8819414377212524,2.0820655822753906,2.3008999824523926,2.6367688179016113
B4,1.886236548423767,1.756348729133606,1.3908289670944214,1.5261222124099731,1.6498101949691772,1.6338520050048828,1.4240342378616333,1.7226738929748535,2.018203020095825,2.0473153591156006,2.3963558673858643,2.6670713424682617,2.7585740089416504,3.1428966522216797,3.3117403984069824,0.8647288084030151,0.5177432894706726,0.4013447165489197,0.0,0.3862173855304718,0.622130274772644,0.96006840467453,1.2154912948608398,1.5197418928146362,1.8038084506988525,2.1001460552215576,2.355452537536621,2.615631341934204,2.951970338821411,3.162410020828247,1.3924534320831299,1.1316381692886353,0.7943298816680908,0.6943849325180054,0.7522570490837097,0.8493659496307373,0.7643218040466309,1.108677864074707,1.4371001720428467,1.6374733448028564,1.900384545326233,2.116288900375366,2.3486595153808594,2.6501879692077637,2.9250967502593994,1.4204542636871338,1.2018057107925415,0.8891714811325073,0.8229570984840393,0.678356409072876,0.6533605456352234,0.6677612066268921,0.7828745245933533,1.172065258026123,1.3815442323684692,1.7033063173294067,1.7590018510818481,2.0233376026153564,2.244800329208374,2.582771062850952,1.5569958686828613,1.3759186267852783,1.0282585620880127,1.0723336935043335,0.9298250675201416,0.9962426424026489,0.7626016139984131,1.089738130569458,1.3069418668746948,1.4083380699157715,1.7735035419464111,1.8630945682525635,2.0080196857452393,2.2756295204162598,2.5789408683776855
B5,1.9473837614059448,1.7902473211288452,1.4158744812011719,1.4562873840332031,1.558465838432312,1.5558233261108398,1.2795031070709229,1.5238300561904907,1.8584275245666504,1.8559571504592896,2.175774574279785,2.476288318634033,2.5785481929779053,2.9615750312805176,3.116903305053711,1.1182327270507812,0.8327220678329468,0.5767120122909546,0.3862173855304718,0.0,0.3948099911212921,0.7494162321090698,0.9381548762321472,1.2861180305480957,1.5216554403305054,1.821839451789856,2.103748321533203,2.3566806316375732,2.699366331100464,2.93894100189209,1.4383701086044312,1.15446138381958,0.844128429889679,0.7670443654060364,0.6426448822021484,0.6726778745651245,0.6027048230171204,0.8591010570526123,1.2316328287124634,1.4368163347244263,1.7334612607955933,1.9094865322113037,2.118537187576294,2.4213480949401855,2.7042737007141113,1.5671237707138062,1.338826298713684,0.9909844994544983,0.9180607795715332,0.6705968379974365,0.7707616090774536,0.6576358079910278,0.8782357573509216,1.2420234680175781,1.4488064050674438,1.75801420211792,1.8791078329086304,2.1570639610290527,2.4066579341888428,2.725713014602661,1.672114372253418,1.49101722240448,1.1201622486114502,1.1101616621017456,1.0606045722961426,1.0680620670318604,0.7795440554618835,1.0642629861831665,1.3708151578903198,1.467968225479126,1.859346628189087,2.003411054611206,2.181734800338745,2.475795269012451,2.7663700580596924
B6,2.261350631713867,2.061746835708618,1.702730417251587,1.6972529888153076,1.723097324371338,1.6459236145019531,1.3235782384872437,1.496564507484436,1.8051539659500122,1.7244194746017456,2.045560836791992,2.357684850692749,2.406747341156006,2.800873041152954,2.916788101196289,1.4086692333221436,1.0820727348327637,0.921398937702179,0.622130274772644,0.3948099911212921,0.0,0.3726785182952881,0.6432124376296997,0.931753396987915,1.2050938606262207,1.531022310256958,1.7735732793807983,2.056377410888672,2.3765408992767334,2.61361026763916,1.5916422605514526,1.2435120344161987,1.0275335311889648,0.8067214488983154,0.5546764731407166,0.3536337912082672,0.2289954274892807,0.5231773853302002,0.8577554225921631,1.1081149578094482,1.3716777563095093,1.5389540195465088,1.776922345161438,2.0623316764831543,2.356010913848877,1.829190731048584,1.6568347215652466,1.2845791578292847,1.2851576805114746,1.0644928216934204,1.140148639678955,0.9728222489356995,1.0932389497756958,1.4689605236053467,1.5864551067352295,1.931315541267395,2.0912556648254395,2.3232486248016357,2.6102395057678223,2.9069926738739014,1.9847214221954346,1.8448365926742554,1.462694525718689,1.4937056303024292,1.4463297128677368,1.4446396827697754,1.1243442296981812,1.360537052154541,1.6502708196640015,1.6660873889923096,2.058332920074463,2.240551471710205,2.372314691543579,2.695113182067871,2.956134080886841
B7,2.4879040718078613,2.2468414306640625,1.911606788635254,1.8520787954330444,1.8055033683776855,1.6681057214736938,1.3177968263626099,1.4057033061981201,1.6773154735565186,1.5243364572525024,1.8340553045272827,2.150759220123291,2.1544857025146484,2.5519168376922607,2.6340324878692627,1.769270420074463,1.4279731512069702,1.2883459329605103,0.96006840467453,0.7494162321090698,0.3726785182952881,0.0,0.36765533685684204,0.5678844451904297,0.8756012916564941,1.2040148973464966,1.417029857635498,1.712611436843872,2.020432472229004,2.251070022583008,1.9010885953903198,1.5317893028259277,1.3675869703292847,1.1021087169647217,0.8070663809776306,0.4408837854862213,0.20836925506591797,0.2055542767047882,0.4867456257343292,0.7529239654541016,1.0024980306625366,1.1690233945846558,1.4115440845489502,1.6962405443191528,1.9871982336044312,2.1851158142089844,2.026970148086548,1.6513991355895996,1.6557645797729492,1.4163628816604614,1.4658921957015991,1.2405451536178589,1.2955310344696045,1.646043062210083,1.6835026741027832,2.0380399227142334,2.2417025566101074,2.4317333698272705,2.75242280960083,3.0183980464935303,2.3519082069396973,2.2169551849365234,1.8343424797058105,1.8556153774261475,1.799342393875122,1.7585456371307373,1.4090758562088013,1.5852817296981812,1.8614927530288696,1.8066104650497437,2.1898159980773926,2.4140090942382812,2.5124309062957764,2.862067699432373,3.088547945022583
B8,2.495450496673584,2.227911949157715,1.916084885597229,1.7814029455184937,1.6894993782043457,1.5475050210952759,1.168121576309204,1.1647998094558716,1.4426329135894775,1.2534756660461426,1.525506615638733,1.861956000328064,1.8781194686889648,2.267887592315674,2.3451173305511475,2.035400152206421,1.7102378606796265,1.5115103721618652,1.2154912948608398,0.9381548762321472,0.6432124376296997,0.36765533685684204,0.0,0.4061533510684967,0.598035454750061,0.8922296762466431,1.167463779449463,1.4242477416992188,1.7612439393997192,2.00949764251709,2.1636335849761963,1.8097354173660278,1.6347397565841675,1.4183712005615234,1.0973149538040161,0.7502316832542419,0.5473921895027161,0.16514569520950317,0.44312381744384766,0.5675773620605469,0.8986234068870544,1.0317455530166626,1.1907508373260498,1.5082602500915527,1.7786177396774292,2.4445879459381104,2.256072521209717,1.8878679275512695,1.8461071252822876,1.556099534034729,1.6093223094940186,1.3236637115478516,1.3890926837921143,1.681288480758667,1.692467212677002,2.0154836177825928,2.2672109603881836,2.4518768787384033,2.7907192707061768,3.0290894508361816,2.573533773422241,2.4123992919921875,2.037602424621582,2.0025417804718018,1.9584970474243164,1.858351230621338,1.4931741952896118,1.5973010063171387,1.891192078590393,1.811488151550293,2.1882710456848145,2.453352928161621,2.5669779777526855,2.933546543121338,3.1387035846710205
B9,2.863069772720337,2.579874038696289,2.2819480895996094,2.143568754196167,2.0136797428131104,1.8241561651229858,1.4581434726715088,1.3915022611618042,1.5944489240646362,1.3242685794830322,1.5661215782165527,1.888793706893921,1.824504017829895,2.2108333110809326,2.2275192737579346,2.3364880084991455,1.9951701164245605,1.8454933166503906,1.5197418928146362,1.2861180305480957,0.931753396987915,0.5678844451904297,0.4061533510684967,0.0,0.3720818758010864,0.6898531913757324,0.8516276478767395,1.1666427850723267,1.4554983377456665,1.6954137086868286,2.396641969680786,2.0207104682922363,1.901651382446289,1.63077712059021,1.304080605506897,0.9159056544303894,0.7688742280006409,0.42887648940086365,0.16090695559978485,0.3202310800552368,0.5344279408454895,0.6328628063201904,0.8476426601409912,1.1375662088394165,1.4256166219711304,2.7309303283691406,2.57843017578125,2.1997971534729004,2.198995590209961,1.9328100681304932,1.9781705141067505,1.7006785869598389,1.7207902669906616,2.015010118484497,1.9725083112716675,2.3071401119232178,2.567199945449829,2.711102247238159,3.0658252239227295,3.2845540046691895,2.8943867683410645,2.7603371143341064,2.3778796195983887,2.375918388366699,2.328650712966919,2.2431039810180664,1.8749829530715942,1.9779285192489624,2.2472541332244873,2.1266071796417236,2.486973762512207,2.7625255584716797,2.835597515106201,3.2118306159973145,3.392465591430664
B10,3.008620500564575,2.7177250385284424,2.436004161834717,2.244746446609497,2.094520092010498,1.9208390712738037,1.5470627546310425,1.3943567276000977,1.5899009704589844,1.280529499053955,1.4371337890625,1.776914119720459,1.7148683071136475,2.077169179916382,2.064077138900757,2.608832836151123,2.2862918376922607,2.096306562423706,1.8038084506988525,1.5216554403305054,1.2050938606262207,0.8756012916564941,0.598035454750061,0.3720818758010864,0.0,0.387055367231369,0.611619770526886,0.9003766179084778,1.2003928422927856,1.490005612373352,2.6172993183135986,2.2550265789031982,2.1445181369781494,1.910666584968567,1.559252381324768,1.1935522556304932,1.082786202430725,0.6989466547966003,0.5252748131752014,0.48682859539985657,0.6604106426239014,0.5997207760810852,0.6734127402305603,0.961031436920166,1.241626501083374,2.9711060523986816,2.808042287826538,2.4321279525756836,2.416780710220337,2.1296448707580566,2.2004947662353516,1.9023162126541138,1.9530893564224243,2.2092318534851074,2.166173219680786,2.467465400695801,2.7562649250030518,2.9036946296691895,3.264380931854248,3.464120864868164,3.109877824783325,2.970489263534546,2.592862129211426,2.5622754096984863,2.5441904067993164,2.434467315673828,2.0694003105163574,2.134763240814209,2.423921585083008,2.304711103439331,2.6579813957214355,2.9561357498168945,3.0493507385253906,3.431722640991211,3.6012630462646484
B11,3.1143741607666016,2.7994120121002197,2.556459426879883,2.3221850395202637,2.120577335357666,1.9233421087265015,1.5769240856170654,1.3378254175186157,1.459511160850525,1.1043223142623901,1.1775931119918823,1.5006275177001953,1.4095064401626587,1.747624397277832,1.706466794013977,2.9272005558013916,2.6002180576324463,2.3964269161224365,2.1001460552215576,1.821839451789856,1.531022310256958,1.2040148973464966,0.8922296762466431,0.6898531913757324,0.387055367231369,0.0,0.3930501341819763,0.549348771572113,0.9044961929321289,1.1848578453063965,2.986825704574585,2.6289379596710205,2.4989173412323,2.272949695587158,1.928163766860962,1.5608396530151367,1.4035658836364746,1.0143043994903564,0.8427307605743408,0.6197590231895447,0.7393285036087036,0.6637324094772339,0.49746954441070557,0.8282303214073181,1.013622522354126,3.316983699798584,3.1318352222442627,2.763986349105835,2.714054822921753,2.4010539054870605,2.4432084560394287,2.1136035919189453,2.131821632385254,2.336043119430542,2.245098114013672,2.514557123184204,2.832427501678467,2.948073387145996,3.3214075565338135,3.4835331439971924,3.4378926753997803,3.274524688720703,2.9052541255950928,2.840898275375366,2.8044567108154297,2.6511552333831787,2.279878854751587,2.288167953491211,2.554037570953369,2.3935201168060303,2.716698169708252,3.0422611236572266,3.1214776039123535,3.5136728286743164,3.6489646434783936
B12,3.464524745941162,3.14402174949646,2.9016096591949463,2.682494878768921,2.4704537391662598,2.2460052967071533,1.913830041885376,1.678273320198059,1.7482250928878784,1.3699665069580078,1.4214491844177246,1.696092128753662,1.5220259428024292,1.8325241804122925,1.7173962593078613,3.1817283630371094,2.8422176837921143,2.6743574142456055,2.355452537536621,2.103748321533203,1.7735732793807983,1.417029857635498,1.167463779449463,0.8516276478767395,0.611619770526886,0.3930501341819763,0.0,0.38500702381134033,0.6049864292144775,0.8854123950004578,3.1967833042144775,2.8247275352478027,2.7312309741973877,2.4688527584075928,2.127718448638916,1.7473177909851074,1.6174341440200806,1.2546861171722412,0.9701546430587769,0.7691465616226196,0.6749834418296814,0.4712948203086853,0.16036203503608704,0.43990281224250793,0.6408790946006775,3.562873125076294,3.4058637619018555,3.0286030769348145,3.0111429691314697,2.7175209522247314,2.7561984062194824,2.4378480911254883,2.431553840637207,2.6527278423309326,2.535832643508911,2.820427894592285,3.1330060958862305,3.2216782569885254,3.601719856262207,3.754377841949463,3.7131242752075195,3.5716841220855713,3.19370698928833,3.1596908569335938,3.119245767593384,2.985355854034424,2.6098883152008057,2.635528564453125,2.887248992919922,2.7070565223693848,3.0223946571350098,3.34627628326416,3.3942854404449463,3.7894680500030518,3.9103622436523438
B13,3.5399975776672363,3.2048587799072266,2.9980111122131348,2.7421743869781494,2.49537992477417,2.265773057937622,1.965450644493103,1.670181393623352,1.6779977083206177,1.2911417484283447,1.2422760725021362,1.4767111539840698,1.281731367111206,1.5423425436019897,1.3910253047943115,3.4555141925811768,3.117774486541748,2.9278242588043213,2.615631341934204,2.3566806316375732,2.056377410888672,1.712611436843872,1.4242477416992188,1.1666427850723267,0.9003766179084778,0.549348771572113,0.38500702381134033,0.0,0.4061145782470703,0.6607493162155151,3.5173473358154297,3.1525983810424805,3.03480863571167,2.790383815765381,2.44988751411438,2.0722155570983887,1.9088033437728882,1.533803939819336,1.29776930809021,1.0261454582214355,0.9752237200737,0.837577760219574,0.4580627679824829,0.6322211623191833,0.6066814064979553,3.857436180114746,3.6754255294799805,3.306734561920166,3.2546226978302,2.9370229244232178,2.9577596187591553,2.6159446239471436,2.59497332572937,2.7674832344055176,2.621821165084839,2.868898391723633,3.2030961513519287,3.270112991333008,3.6546123027801514,3.773409605026245,3.984635829925537,3.8188881874084473,3.450073003768921,3.3814876079559326,3.330672264099121,3.158877372741699,2.7835566997528076,2.7607266902923584,2.9957070350646973,2.7909765243530273,3.0774455070495605,3.421128034591675,3.4654407501220703,3.8641271591186523,3.9567148685455322
