,A1,A2,A3,A4,A5,A6,A7,A8,A9,A10,A11,A12,A13,A14,A15,B1,B2,B3,B4,B5,B6,B7,B8,B9,B10,B11,B12,B13,B14,B15,C1,C2,C3,C4,C5,C6,C7,C8,C9,C10,C11,C12,C13,C14,C15,D1,D2,D3,D4,D5,D6,D7,D8,D9,D10,D11,D12,D13,D14,D15,E1,E2,E3,E4,E5,E6,E7,E8,E9,E10,E11,E12,E13,E14,E15
A1,0.0,0.3782960772514343,0.5709965229034424,0.624154806137085,0.741146981716156,0.9921410083770752,1.1479523181915283,1.2200372219085693,1.3345904350280762,1.701977014541626,1.6988478899002075,2.0783028602600098,2.201901912689209,2.480715751647949,2.7855074405670166,2.395043134689331,2.1311159133911133,1.8341498374938965,1.8802095651626587,1.9771322011947632,1.6672533750534058,1.418320894241333,1.6730953454971313,1.9126646518707275,1.8873214721679688,2.2415597438812256,2.4279065132141113,2.546924352645874,2.8856358528137207,3.188450336456299,2.2542221546173096,2.269888162612915,2.011327028274536,1.7477073669433594,1.9690425395965576,1.9682332277297974,1.6066502332687378,1.5637691020965576,1.9078972339630127,1.9141029119491577,2.0594584941864014,2.405376434326172,2.629140615463257,2.9168570041656494,3.1695303916931152,1.0929278135299683,1.001296043395996,0.6743314862251282,0.8785762190818787,1.1825512647628784,1.1158369779586792,1.0935313701629639,1.385966181755066,1.6042203903198242,1.8596110343933105,1.957412600517273,2.34436297416687,2.416388750076294,2.712730884552002,2.8305745124816895,1.6786116361618042,1.429771900177002,1.3063440322875977,1.239345669746399,1.0839377641677856,0.760502815246582,0.7084241509437561,0.8893665075302124,0.9062351584434509,0.9115031957626343,1.1995158195495605,1.4419933557510376,1.4087709188461304,1.7751680612564087,2.041891574859619
A2,0.3782960772514343,0.0,0.3626159429550171,0.5174608826637268,0.5025995373725891,0.6681353449821472,0.9033629894256592,1.0176327228546143,1.064112663269043,1.4123408794403076,1.3713016510009766,1.7481749057769775,1.8433139324188232,2.1289846897125244,2.421452522277832,2.1122047901153564,1.8207954168319702,1.539151668548584,1.639114499092102,1.7197461128234863,1.3894379138946533,1.1969813108444214,1.505298376083374,1.7228995561599731,1.7601546049118042,2.1185951232910156,2.2641007900238037,2.4262161254882812,2.7404391765594482,3.0661864280700684,2.278496503829956,2.2578816413879395,1.9587359428405762,1.757561445236206,1.9999802112579346,1.941927433013916,1.5770796537399292,1.617651343345642,1.959126591682434,1.9395010471343994,2.1428887844085693,2.490227699279785,2.675111770629883,2.9959230422973633,3.2429959774017334,1.236303448677063,1.2399688959121704,0.9183068871498108,0.9934194684028625,1.356805443763733,1.340213418006897,1.2320246696472168,1.4781193733215332,1.7612942457199097,2.016688346862793,2.1712324619293213,2.5565996170043945,2.6665852069854736,2.9667606353759766,3.113370895385742,1.7704380750656128,1.5923233032226562,1.4737029075622559,1.3063067197799683,1.1501370668411255,0.9252318143844604,0.7863258123397827,0.8017103672027588,0.8191510438919067,0.6855553984642029,1.0213878154754639,1.2321947813034058,1.2281638383865356,1.5908640623092651,1.879353642463684
A3,0.5709965229034424,0.3626159429550171,0.0,0.37952297925949097,0.5553248524665833,0.5793415307998657,0.7005716562271118,0.9185870289802551,1.0495405197143555,1.3543282747268677,1.3790775537490845,1.7673134803771973,1.838132619857788,2.1655964851379395,2.424816608428955,1.8519269227981567,1.5835658311843872,1.305908203125,1.3459134101867676,1.4116803407669067,1.0962857007980347,0.8626866340637207,1.1539676189422607,1.3739855289459229,1.4011480808258057,1.7578096389770508,1.9142999649047852,2.0771825313568115,2.3998444080352783,2.7178690433502197,2.0629632472991943,1.995418906211853,1.6926651000976562,1.5045751333236694,1.7158268690109253,1.619167447090149,1.2498931884765625,1.3128944635391235,1.6407256126403809,1.604283332824707,1.8333213329315186,2.176894187927246,2.34346866607666,2.6771600246429443,2.925736665725708,1.025824785232544,1.093717336654663,0.8057363629341125,0.7546752095222473,1.1420745849609375,1.2076457738876343,1.0821292400360107,1.2531912326812744,1.5587637424468994,1.8411246538162231,2.013934850692749,2.389698028564453,2.546825885772705,2.8278656005859375,3.0154361724853516,1.824231505393982,1.664369821548462,1.4740350246429443,1.2879887819290161,1.2403615713119507,1.024668574333191,0.7572266459465027,0.7717946171760559,0.9426661729812622,0.832575798034668,1.2075532674789429,1.4584887027740479,1.5196036100387573,1.8630675077438354,2.180386781692505
A4,0.624154806137085,0.5174608826637268,0.37952297925949097,0.0,0.38575664162635803,0.5642419457435608,0.5620938539505005,0.6537149548530579,0.8726031184196472,1.2033334970474243,1.3040976524353027,1.6969103813171387,1.840171456336975,2.159764289855957,2.447478771209717,1.834201693534851,1.6118336915969849,1.284630537033081,1.3084732294082642,1.476184606552124,1.2255934476852417,0.9381306767463684,1.1781078577041626,1.4729609489440918,1.516915202140808,1.844818115234375,2.0458877086639404,2.22774076461792,2.5692245960235596,2.86232328414917,1.7639962434768677,1.7456254959106445,1.449595332145691,1.2496153116226196,1.5172570943832397,1.4840326309204102,1.1397137641906738,1.2173655033111572,1.5746097564697266,1.6250556707382202,1.8536953926086426,2.1680479049682617,2.3734207153320312,2.695032835006714,2.985881805419922,1.1693309545516968,1.135804295539856,0.8025400638580322,0.7023186087608337,1.0443803071975708,1.0159679651260376,0.8057018518447876,1.0149562358856201,1.3392611742019653,1.571812629699707,1.7818268537521362,2.1575164794921875,2.3048579692840576,2.6105127334594727,2.7919561862945557,1.458158254623413,1.3233338594436646,1.1300886869430542,0.9132649302482605,0.8980076313018799,0.7323547005653381,0.41620779037475586,0.4125306308269501,0.6587859988212585,0.6716378331184387,1.0213305950164795,1.3442862033843994,1.471820592880249,1.78877592086792,2.144235610961914
A5,0.741146981716156,0.5025995373725891,0.5553248524665833,0.38575664162635803,0.0,0.38017889857292175,0.5600104928016663,0.5438297390937805,0.5936610698699951,0.9634799957275391,0.9939239025115967,1.3807063102722168,1.5464059114456177,1.8368531465530396,2.1504480838775635,1.8285130262374878,1.570587158203125,1.246554970741272,1.3793742656707764,1.5582330226898193,1.2903648614883423,1.0919759273529053,1.3871595859527588,1.659332036972046,1.7690448760986328,2.094529867172241,2.2540276050567627,2.4736011028289795,2.788300037384033,3.1018898487091064,1.972602367401123,1.97299063205719,1.6551587581634521,1.5140020847320557,1.8200328350067139,1.7772791385650635,1.453299641609192,1.5785924196243286,1.931305170059204,1.9775493144989014,2.2252421379089355,2.536858558654785,2.727492094039917,3.059863328933716,3.3473000526428223,1.5150102376937866,1.4891504049301147,1.142137050628662,1.0865943431854248,1.4255179166793823,1.358577847480774,1.122143030166626,1.345978856086731,1.6788158416748047,1.8702418804168701,2.102506160736084,2.4754743576049805,2.6037161350250244,2.927687168121338,3.090078353881836,1.4551910161972046,1.3766618967056274,1.2745953798294067,0.9983376264572144,0.8674909472465515,0.8121629953384399,0.6251165270805359,0.4072922468185425,0.446896493434906,0.29968172311782837,0.6719698905944824,0.9695555567741394,1.1183559894561768,1.420728087425232,1.7872369289398193
A6,0.9921410083770752,0.6681353449821472,0.5793415307998657,0.5642419457435608,0.38017889857292175,0.0,0.36997395753860474,0.540934145450592,0.5219810605049133,0.7922880053520203,0.8058708310127258,1.1956865787506104,1.2913799285888672,1.6222848892211914,1.8935444355010986,1.5042710304260254,1.2169092893600464,0.916638970375061,1.094383955001831,1.23323392868042,0.9527429342269897,0.8297402262687683,1.1639630794525146,1.3915095329284668,1.5559688806533813,1.8728514909744263,1.9871320724487305,2.2375926971435547,2.523560047149658,2.851646661758423,2.031752586364746,1.9658600091934204,1.6203173398971558,1.5476895570755005,1.828432321548462,1.7093406915664673,1.3939554691314697,1.5847364664077759,1.9062654972076416,1.9077783823013306,2.197211742401123,2.5053555965423584,2.6475141048431396,3.004528045654297,3.2737762928009033,1.5674798488616943,1.6278889179229736,1.319535255432129,1.1884115934371948,1.5496360063552856,1.5659273862838745,1.3175915479660034,1.4571774005889893,1.8193693161010742,2.032013416290283,2.287876844406128,2.6495423316955566,2.8219738006591797,3.1280677318573,3.3255879878997803,1.7514052391052246,1.7107315063476562,1.5764728784561157,1.269781231880188,1.205687165260315,1.1704555749893188,0.9162473678588867,0.6652761101722717,0.7837835550308228,0.5467671155929565,0.8861151337623596,1.1080962419509888,1.2788021564483643,1.55373215675354,1.918703317642212
A7,1.1479523181915283,0.9033629894256592,0.7005716562271118,0.5620938539505005,0.5600104928016663,0.36997395753860474,0.0,0.3667682111263275,0.5674604177474976,0.7602563500404358,0.9326597452163696,1.3054667711257935,1.4245505332946777,1.7755203247070312,2.024167060852051,1.2997475862503052,1.0844870805740356,0.7403242588043213,0.823790967464447,1.045115351676941,0.8531927466392517,0.6451424360275269,0.9067420363426208,1.1920433044433594,1.362336277961731,1.6472238302230835,1.801342248916626,2.0619091987609863,2.3651440143585205,2.6653201580047607,1.6912075281143188,1.6053756475448608,1.2554212808609009,1.2121089696884155,1.4960123300552368,1.3740147352218628,1.088183045387268,1.323887825012207,1.6337621212005615,1.6741644144058228,1.98028564453125,2.2586677074432373,2.404419422149658,2.7601819038391113,3.052717447280884,1.526486873626709,1.5785727500915527,1.2954246997833252,1.0698574781417847,1.3873614072799683,1.4203053712844849,1.1294432878494263,1.1964823007583618,1.574417233467102,1.7694392204284668,2.057431936264038,2.3997535705566406,2.6035637855529785,2.9009358882904053,3.125649929046631,1.646116852760315,1.6359795331954956,1.450417399406433,1.1268296241760254,1.1790553331375122,1.1770254373550415,0.8564854860305786,0.5998226404190063,0.8624651432037354,0.7598013877868652,1.0682679414749146,1.3510582447052002,1.5748026371002197,1.8251217603683472,2.214639902114868
A8,1.2200372219085693,1.0176327228546143,0.9185870289802551,0.6537149548530579,0.5438297390937805,0.540934145450592,0.3667682111263275,0.0,0.37921538949012756,0.6251835823059082,0.8571615219116211,1.2136791944503784,1.4255565404891968,1.7359439134597778,2.0269367694854736,1.4731242656707764,1.297429084777832,0.9429107904434204,1.053499698638916,1.3418008089065552,1.1950639486312866,0.9961605072021484,1.2089000940322876,1.5188320875167847,1.6879950761795044,1.9519189596176147,2.1259758472442627,2.3906795978546143,2.699105978012085,2.9843525886535645,1.5991792678833008,1.588657259941101,1.2546626329421997,1.2164448499679565,1.5589079856872559,1.5125210285186768,1.2669098377227783,1.4876208305358887,1.8130792379379272,1.9153989553451538,2.202625274658203,2.461890459060669,2.6408579349517822,2.979457139968872,3.298058271408081,1.7548943758010864,1.7350742816925049,1.4199011325836182,1.229191780090332,1.5051538944244385,1.445318579673767,1.1125293970108032,1.2271486520767212,1.5928839445114136,1.7203583717346191,2.030545949935913,2.367649793624878,2.5404059886932373,2.863464832305908,3.0631821155548096,1.3457412719726562,1.3922083377838135,1.2597465515136719,0.8930050134658813,0.9275981187820435,1.0357725620269775,0.785969614982605,0.431650310754776,0.6404471397399902,0.6278522610664368,0.8406744003295898,1.162190318107605,1.439363718032837,1.6496291160583496,2.06099534034729
A9,1.3345904350280762,1.064112663269043,1.0495405197143555,0.8726031184196472,0.5936610698699951,0.5219810605049133,0.5674604177474976,0.37921538949012756,0.0,0.3845832049846649,0.5029624700546265,0.8676742911338806,1.0988603830337524,1.3851163387298584,1.700301170349121,1.5078383684158325,1.280532717704773,0.9653835892677307,1.1988550424575806,1.4458240270614624,1.26832914352417,1.1714519262313843,1.4401832818984985,1.6994175910949707,1.9102463722229004,2.181081533432007,2.304746627807617,2.5916800498962402,2.8696415424346924,3.1787471771240234,1.9460558891296387,1.9348429441452026,1.5950556993484497,1.5896276235580444,1.9289867877960205,1.8577289581298828,1.609143853187561,1.8395313024520874,2.161555528640747,2.23211407661438,2.5298728942871094,2.8017098903656006,2.960758924484253,3.3110902309417725,3.6137661933898926,2.003187417984009,2.0047874450683594,1.6739556789398193,1.528367280960083,1.837481141090393,1.775166630744934,1.4599229097366333,1.6002496480941772,1.963977336883545,2.090757369995117,2.3951117992401123,2.736598491668701,2.894340753555298,3.224905014038086,3.409756660461426,1.5298030376434326,1.600125789642334,1.5356618165969849,1.1678519248962402,1.094527244567871,1.230057954788208,1.0504449605941772,0.6808501482009888,0.6957273483276367,0.5264678597450256,0.6544753909111023,0.884373664855957,1.1867454051971436,1.3584940433502197,1.7695305347442627
A10,1.701977014541626,1.4123408794403076,1.3543282747268677,1.2033334970474243,0.9634799957275391,0.7922880053520203,0.7602563500404358,0.6251835823059082,0.3845832049846649,0.0,0.37716159224510193,0.6327724456787109,0.8685892820358276,1.1621575355529785,1.441325068473816,1.2755255699157715,1.0832605361938477,0.8175657391548157,1.1061880588531494,1.3665142059326172,1.2660821676254272,1.250783085823059,1.482243537902832,1.7056102752685547,1.9710878133773804,2.197955846786499,2.287609100341797,2.6096065044403076,2.8543028831481934,3.156804084777832,2.0057806968688965,1.962920904159546,1.6204426288604736,1.7049237489700317,2.032870054244995,1.9268178939819336,1.7304428815841675,2.0136301517486572,2.301706552505493,2.369396448135376,2.6937198638916016,2.9402387142181396,3.067455530166626,3.4277539253234863,3.728996992111206,2.2790331840515137,2.3111727237701416,1.9990428686141968,1.807700753211975,2.1037230491638184,2.068805694580078,1.7337303161621094,1.8130837678909302,2.184540033340454,2.2902183532714844,2.624194860458374,2.942868232727051,3.1275017261505127,3.44983172416687,3.6562983989715576,1.763602375984192,1.8919792175292969,1.8241299390792847,1.4394582509994507,1.4169403314590454,1.588849663734436,1.39052152633667,1.0182552337646484,1.0626780986785889,0.9023720026016235,0.9619722366333008,1.1074665784835815,1.437018871307373,1.5367326736450195,1.9414029121398926
A11,1.6988478899002075,1.3713016510009766,1.3790775537490845,1.3040976524353027,0.9939239025115967,0.8058708310127258,0.9326597452163696,0.8571615219116211,0.5029624700546265,0.37716159224510193,0.0,0.3939257264137268,0.6046473383903503,0.8845840096473694,1.2014765739440918,1.459643006324768,1.196085810661316,0.9895604252815247,1.3329458236694336,1.5131521224975586,1.3463631868362427,1.3904800415039062,1.6790165901184082,1.8600971698760986,2.1276144981384277,2.3803226947784424,2.4321467876434326,2.7504758834838867,2.9754459857940674,3.303940534591675,2.358731508255005,2.3141603469848633,1.965343952178955,2.020158529281616,2.341620683670044,2.219918966293335,1.9871653318405151,2.250894069671631,2.5493991374969482,2.579164505004883,2.9005181789398193,3.1733548641204834,3.2905240058898926,3.658608913421631,3.9382190704345703,2.370661497116089,2.420952081680298,2.0989766120910645,1.9570475816726685,2.2892003059387207,2.2584447860717773,1.951102614402771,2.0703392028808594,2.442457914352417,2.57548189163208,2.887096881866455,3.2242465019226074,3.3926689624786377,3.7197153568267822,3.9109349250793457,1.9694191217422485,2.067176580429077,2.030521869659424,1.6612557172775269,1.5586516857147217,1.6982494592666626,1.535105586051941,1.175492286682129,1.133236050605774,0.8763734102249146,0.9037193655967712,0.9238569140434265,1.2129873037338257,1.2967915534973145,1.6726630926132202
A12,2.0783028602600098,1.7481749057769775,1.7673134803771973,1.6969103813171387,1.3807063102722168,1.1956865787506104,1.3054667711257935,1.2136791944503784,0.8676742911338806,0.6327724456787109,0.3939257264137268,0.0,0.38034898042678833,0.5474697947502136,0.8803228139877319,1.5635398626327515,1.3329871892929077,1.208333969116211,1.5732769966125488,1.7400461435317993,1.6183925867080688,1.7167659997940063,1.985093355178833,2.1354939937591553,2.4315216541290283,2.6574714183807373,2.677868366241455,3.0155997276306152,3.2086915969848633,3.535240888595581,2.6237399578094482,2.5792527198791504,2.2383759021759033,2.3366875648498535,2.6584033966064453,2.529050588607788,2.3251922130584717,2.608743667602539,2.893622636795044,2.9237277507781982,3.255606174468994,3.5164194107055664,3.617656707763672,3.9899680614471436,4.26722526550293,2.757807970046997,2.814453601837158,2.4927752017974854,2.346564769744873,2.673687696456909,2.6389756202697754,2.32153582572937,2.4287214279174805,2.8006911277770996,2.912639617919922,3.2384397983551025,3.5647199153900146,3.734503746032715,4.064422607421875,4.255615711212158,2.2309038639068604,2.3701725006103516,2.3615562915802,1.9862055778503418,1.8789632320404053,2.0546319484710693,1.912203073501587,1.5455764532089233,1.476057529449463,1.233621597290039,1.1795308589935303,1.1034696102142334,1.3882614374160767,1.370766520500183,1.7085307836532593
A13,2.201901912689209,1.8433139324188232,1.838132619857788,1.840171456336975,1.5464059114456177,1.2913799285888672,1.4245505332946777,1.4255565404891968,1.0988603830337524,0.8685892820358276,0.6046473383903503,0.38034898042678833,0.0,0.3839576244354248,0.6103621125221252,1.484242558479309,1.2195682525634766,1.1877397298812866,1.5728771686553955,1.6570831537246704,1.5318515300750732,1.7095184326171875,1.9850682020187378,2.0712711811065674,2.3838131427764893,2.6002988815307617,2.569147825241089,2.91084623336792,3.0653789043426514,3.404230833053589,2.8402819633483887,2.750770092010498,2.4004323482513428,2.510021686553955,2.8012571334838867,2.625037431716919,2.4158709049224854,2.708876371383667,2.9728822708129883,2.957869052886963,3.300074577331543,3.566314697265625,3.631361722946167,4.0144243240356445,4.263321399688721,2.806485176086426,2.9111762046813965,2.610412359237671,2.457186698913574,2.8024208545684814,2.814422607421875,2.514068603515625,2.5999014377593994,2.979257822036743,3.1246531009674072,3.4435577392578125,3.7735366821289062,3.963737726211548,4.280426502227783,4.488525390625,2.5579826831817627,2.669811487197876,2.6325371265411377,2.260416269302368,2.1618900299072266,2.29095196723938,2.1156389713287354,1.7650842666625977,1.7279859781265259,1.4422147274017334,1.4523108005523682,1.3553707599639893,1.5781595706939697,1.5844159126281738,1.8758803606033325
A14,2.480715751647949,2.1289846897125244,2.1655964851379395,2.159764289855957,1.8368531465530396,1.6222848892211914,1.7755203247070312,1.7359439134597778,1.3851163387298584,1.1621575355529785,0.8845840096473694,0.5474697947502136,0.3839576244354248,0.0,0.39557716250419617,1.8180631399154663,1.5785093307495117,1.562995195388794,1.9460779428482056,2.0331077575683594,1.9126296043395996,2.091343641281128,2.367992877960205,2.452788829803467,2.7668542861938477,2.9807040691375732,2.9405298233032227,3.284179210662842,3.4258615970611572,3.7653586864471436,3.147162914276123,3.079021453857422,2.735132932662964,2.849013328552246,3.153355836868286,2.9909307956695557,2.7857730388641357,3.0757522583007812,3.3464791774749756,3.338484764099121,3.678593158721924,3.9458441734313965,4.014581203460693,4.397047996520996,4.6472625732421875,3.155219793319702,3.2468438148498535,2.934387683868408,2.8025059700012207,3.1485719680786133,3.1373660564422607,2.834376096725464,2.9392669200897217,3.3154304027557373,3.444544792175293,3.765637159347534,4.095841884613037,4.2704644203186035,4.597169399261475,4.790760517120361,2.757700204849243,2.8902156352996826,2.891932487487793,2.5222322940826416,2.3913936614990234,2.5461924076080322,2.41007661819458,2.055511474609375,1.9666191339492798,1.6875234842300415,1.6245464086532593,1.4492008686065674,1.6487656831741333,1.5706915855407715,1.8067227602005005
A15,2.7855074405670166,2.421452522277832,2.424816608428955,2.447478771209717,2.1504480838775635,1.8935444355010986,2.024167060852051,2.0269367694854736,1.700301170349121,1.441325068473816,1.2014765739440918,0.8803228139877319,0.6103621125221252,0.39557716250419617,0.0,1.8229902982711792,1.6101914644241333,1.6807507276535034,2.055295944213867,2.0929603576660156,2.0118765830993652,2.245715856552124,2.498924493789673,2.5324554443359375,2.86458683013916,3.047065496444702,2.962904214859009,3.3143513202667236,3.4120259284973145,3.746835708618164,3.3729119300842285,3.2706472873687744,2.9291415214538574,3.0749692916870117,3.354944944381714,3.1591806411743164,2.9741291999816895,3.281977415084839,3.525913953781128,3.494264602661133,3.845519542694092,4.101598739624023,4.136290550231934,4.524374961853027,4.755640029907227,3.3784260749816895,3.5031299591064453,3.2090797424316406,3.0551469326019287,3.4018709659576416,3.423248052597046,3.120945453643799,3.1944315433502197,3.5748114585876465,3.7132251262664795,4.040719032287598,4.363071441650391,4.559895038604736,4.8751726150512695,5.087841987609863,3.1106631755828857,3.2462821006774902,3.226469039916992,2.8510849475860596,2.7459394931793213,2.889468193054199,2.724841594696045,2.3722920417785645,2.317948818206787,2.0315299034118652,2.0008926391601562,1.837039589881897,2.0221059322357178,1.949761152267456,2.158482074737549
B1,2.395043134689331,2.1122047901153564,1.8519269227981567,1.834201693534851,1.8285130262374878,1.5042710304260254,1.2997475862503052,1.4731242656707764,1.5078383684158325,1.2755255699157715,1.459643006324768,1.5635398626327515,1.484242558479309,1.8180631399154663,1.8229902982711792,0.0,0.3809948265552521,0.588365912437439,0.5830111503601074,0.623889148235321,0.9087246656417847,1.0948846340179443,1.0687810182571411,1.051833152770996,1.404145359992981,1.436188817024231,1.4000798463821411,1.7763190269470215,1.907612681388855,2.161932945251465,2.089956045150757,1.8304888010025024,1.5342822074890137,1.7797560691833496,1.9099633693695068,1.6174699068069458,1.5739439725875854,1.9371460676193237,2.0434679985046387,2.0140926837921143,2.383455753326416,2.54293155670166,2.5176949501037598,2.893541097640991,3.1340255737304688,2.4084832668304443,2.5842175483703613,2.412111759185791,2.086925983428955,2.317445755004883,2.4707963466644287,2.184778928756714,2.0468173027038574,2.3891501426696777,2.5417847633361816,2.874917984008789,3.121264934539795,3.4244720935821533,3.65574049949646,3.9632842540740967,2.6852383613586426,2.7810075283050537,2.5715248584747314,2.234128713607788,2.3814542293548584,2.446742296218872,2.109797239303589,1.854201316833496,2.09755277633667,1.9507813453674316,2.1602442264556885,2.327599048614502,2.5982584953308105,2.7450785636901855,3.1192657947540283
B2,2.1311159133911133,1.8207954168319702,1.5835658311843872,1.6118336915969849,1.570587158203125,1.2169092893600464,1.0844870805740356,1.297429084777832,1.280532717704773,1.0832605361938477,1.196085810661316,1.3329871892929077,1.2195682525634766,1.5785093307495117,1.6101914644241333,0.3809948265552521,0.0,0.3588031530380249,0.548568069934845,0.519280731678009,0.6495833396911621,0.9023633599281311,1.0018502473831177,0.9901695847511292,1.3483500480651855,1.468624472618103,1.4217841625213623,1.789567232131958,1.938037633895874,2.2414870262145996,2.2016661167144775,1.9703956842422485,1.6394728422164917,1.8164671659469604,1.9801597595214844,1.694556474685669,1.564836025238037,1.9074158668518066,2.0617613792419434,2.0035688877105713,2.371892213821411,2.581234931945801,2.573852300643921,2.9610249996185303,3.191164255142212,2.2297651767730713,2.4157490730285645,2.2222037315368652,1.9326488971710205,2.212252616882324,2.3605539798736572,2.084691047668457,2.0017857551574707,2.3635873794555664,2.549715518951416,2.8668978214263916,3.1487884521484375,3.429706573486328,3.677849054336548,3.9658043384552,2.5970349311828613,2.6631805896759033,2.469097137451172,2.1268978118896484,2.2206223011016846,2.2604422569274902,1.932135820388794,1.66822350025177,1.8818269968032837,1.6881836652755737,1.9135411977767944,2.0546345710754395,2.2961010932922363,2.458221197128296,2.8168411254882812
B3,1.8341498374938965,1.539151668548584,1.305908203125,1.284630537033081,1.246554970741272,0.916638970375061,0.7403242588043213,0.9429107904434204,0.9653835892677307,0.8175657391548157,0.9895604252815247,1.208333969116211,1.1877397298812866,1.562995195388794,1.6807507276535034,0.588365912437439,0.3588031530380249,0.0,0.3862123191356659,0.5619571208953857,0.5849683284759521,0.6985780596733093,0.8500261902809143,0.9672122597694397,1.2910841703414917,1.4673036336898804,1.5043587684631348,1.8498328924179077,2.0623888969421387,2.3631479740142822,1.9371885061264038,1.7429898977279663,1.393071174621582,1.5343756675720215,1.7415361404418945,1.49732506275177,1.3314523696899414,1.668415904045105,1.8688058853149414,1.852126121520996,2.213118314743042,2.439321994781494,2.4831454753875732,2.8649141788482666,3.1253609657287598,2.0059335231781006,2.1514599323272705,1.9321540594100952,1.646602749824524,1.930281162261963,2.044940233230591,1.7540408372879028,1.6968892812728882,2.0685670375823975,2.2472217082977295,2.56801438331604,2.86342453956604,3.126504421234131,3.3910114765167236,3.663726806640625,2.2434027194976807,2.304464340209961,2.1137521266937256,1.7692339420318604,1.8640846014022827,1.910443902015686,1.5854604244232178,1.3146003484725952,1.5393106937408447,1.3721836805343628,1.606670618057251,1.788999080657959,2.0434021949768066,2.2227110862731934,2.601022720336914
B4,1.8802095651626587,1.639114499092102,1.3459134101867676,1.3084732294082642,1.3793742656707764,1.094383955001831,0.823790967464447,1.053499698638916,1.1988550424575806,1.1061880588531494,1.3329458236694336,1.5732769966125488,1.5728771686553955,1.9460779428482056,2.055295944213867,0.5830111503601074,0.548568069934845,0.3862123191356659,0.0,0.3934737741947174,0.5778272747993469,0.5767219066619873,0.5524351596832275,0.6992654204368591,1.0081243515014648,1.1419719457626343,1.2306262254714966,1.5673428773880005,1.8079960346221924,2.0776636600494385,1.699479341506958,1.4551160335540771,1.1233428716659546,1.2837305068969727,1.4321012496948242,1.152005672454834,1.0313113927841187,1.3871455192565918,1.5420011281967163,1.5318934917449951,1.8980010747909546,2.0959300994873047,2.1300301551818848,2.508293867111206,2.7769997119903564,1.8571876287460327,2.010593891143799,1.8394612073898315,1.5065346956253052,1.7369608879089355,1.8931348323822021,1.6202008724212646,1.4887409210205078,1.8387527465820312,2.0225915908813477,2.338308811187744,2.6090662479400635,2.9006223678588867,3.1388089656829834,3.435894727706909,2.255307912826538,2.299060583114624,2.059739589691162,1.7492759227752686,1.9150493144989014,1.932738184928894,1.5766265392303467,1.3703006505966187,1.6638449430465698,1.5593572854995728,1.8254350423812866,2.060636520385742,2.3119091987609863,2.5174293518066406,2.905012369155884
B5,1.9771322011947632,1.7197461128234863,1.4116803407669067,1.476184606552124,1.5582330226898193,1.23323392868042,1.045115351676941,1.3418008089065552,1.4458240270614624,1.3665142059326172,1.5131521224975586,1.7400461435317993,1.6570831537246704,2.0331077575683594,2.0929603576660156,0.623889148235321,0.519280731678009,0.5619571208953857,0.3934737741947174,0.0,0.3816000819206238,0.5760007500648499,0.557164192199707,0.47181573510169983,0.8324253559112549,0.9596379995346069,0.9472636580467224,1.3013252019882202,1.5005613565444946,1.8049784898757935,2.023391008377075,1.7481993436813354,1.4386107921600342,1.56667959690094,1.653862476348877,1.3244925737380981,1.1863667964935303,1.5075209140777588,1.6197842359542847,1.5176547765731812,1.8850650787353516,2.094856023788452,2.0706560611724854,2.4609317779541016,2.679673910140991,1.8420796394348145,2.0623481273651123,1.9301902055740356,1.6134397983551025,1.8604936599731445,2.073739528656006,1.8486829996109009,1.7155596017837524,2.0491485595703125,2.2773447036743164,2.558967113494873,2.8313183784484863,3.132317066192627,3.3487138748168945,3.65443754196167,2.5882349014282227,2.596952199935913,2.347346305847168,2.055886745452881,2.195871591567993,2.163236379623413,1.799645185470581,1.6244075298309326,1.9070476293563843,1.7559255361557007,2.0510568618774414,2.2532432079315186,2.463108777999878,2.686427116394043,3.048072576522827
B6,1.6672533750534058,1.3894379138946533,1.0962857007980347,1.2255934476852417,1.2903648614883423,0.9527429342269897,0.8531927466392517,1.1950639486312866,1.26832914352417,1.2660821676254272,1.3463631868362427,1.6183925867080688,1.5318515300750732,1.9126296043395996,2.0118765830993652,0.9087246656417847,0.6495833396911621,0.5849683284759521,0.5778272747993469,0.3816000819206238,0.0,0.3804203271865845,0.5969514846801758,0.5755543112754822,0.8626761436462402,1.1098675727844238,1.1111607551574707,1.4157402515411377,1.6398147344589233,1.979729413986206,2.1284329891204834,1.8959686756134033,1.5655958652496338,1.6124866008758545,1.7368252277374268,1.44154953956604,1.208229660987854,1.4828095436096191,1.6554964780807495,1.5324652194976807,1.883305549621582,2.1478681564331055,2.1564950942993164,2.54740571975708,2.7582788467407227,1.6224305629730225,1.8499506711959839,1.6936450004577637,1.4243113994598389,1.7266026735305786,1.9293465614318848,1.723846673965454,1.659030795097351,2.0043482780456543,2.2636983394622803,2.5218846797943115,2.829312801361084,3.100306987762451,3.3338239192962646,3.613994598388672,2.4776411056518555,2.4492931365966797,2.215752363204956,1.9312857389450073,2.015685558319092,1.9458105564117432,1.5950822830200195,1.4307175874710083,1.6841001510620117,1.497076392173767,1.8168282508850098,2.003552198410034,2.173522472381592,2.4225258827209473,2.766143321990967
B7,1.418320894241333,1.1969813108444214,0.8626866340637207,0.9381306767463684,1.0919759273529053,0.8297402262687683,0.6451424360275269,0.9961605072021484,1.1714519262313843,1.250783085823059,1.3904800415039062,1.7167659997940063,1.7095184326171875,2.091343641281128,2.245715856552124,1.0948846340179443,0.9023633599281311,0.6985780596733093,0.5767219066619873,0.5760007500648499,0.3804203271865845,0.0,0.37145015597343445,0.5687958598136902,0.7488192915916443,1.04642915725708,1.170264482498169,1.4271563291549683,1.7237964868545532,2.0341036319732666,1.8258533477783203,1.6152606010437012,1.2893202304840088,1.2759028673171997,1.4085302352905273,1.1470812559127808,0.8666912317276001,1.1271156072616577,1.3391073942184448,1.2590162754058838,1.6025439500808716,1.879567265510559,1.943131923675537,2.324366569519043,2.570321798324585,1.3313007354736328,1.5214617252349854,1.3621373176574707,1.064797282218933,1.356137752532959,1.5546162128448486,1.3522961139678955,1.2829389572143555,1.6273088455200195,1.893593668937683,2.1447536945343018,2.4583816528320312,2.7230324745178223,2.9602279663085938,3.235610246658325,2.184813976287842,2.132982015609741,1.8761929273605347,1.6178703308105469,1.734842300415039,1.64262855052948,1.2762832641601562,1.161854863166809,1.4619786739349365,1.3411941528320312,1.682832956314087,1.9303008317947388,2.104975461959839,2.3785011768341064,2.7391200065612793
B8,1.6730953454971313,1.505298376083374,1.1539676189422607,1.1781078577041626,1.3871595859527588,1.1639630794525146,0.9067420363426208,1.2089000940322876,1.4401832818984985,1.482243537902832,1.6790165901184082,1.985093355178833,1.9850682020187378,2.367992877960205,2.498924493789673,1.0687810182571411,1.0018502473831177,0.8500261902809143,0.5524351596832275,0.557164192199707,0.5969514846801758,0.37145015597343445,0.0,0.36880144476890564,0.5186697244644165,0.7451629638671875,0.9381469488143921,1.1917176246643066,1.5106768608093262,1.7783600091934204,1.653976559638977,1.3877047300338745,1.0981796979904175,1.1241298913955688,1.1744961738586426,0.8560850024223328,0.6523929834365845,0.9526223540306091,1.0851647853851318,1.0104116201400757,1.3756908178329468,1.606907606124878,1.6473066806793213,2.0308139324188232,2.2889583110809326,1.381615161895752,1.5741991996765137,1.4775378704071045,1.1273950338363647,1.3274688720703125,1.5678516626358032,1.3793491125106812,1.2105281352996826,1.5210613012313843,1.7771097421646118,2.030697822570801,2.305713176727295,2.6068849563598633,2.813279867172241,3.1194827556610107,2.2866463661193848,2.2449586391448975,1.9528286457061768,1.7208610773086548,1.9088048934936523,1.8234541416168213,1.4454054832458496,1.3696763515472412,1.7090567350387573,1.6419634819030762,1.97220778465271,2.2461354732513428,2.441037654876709,2.708165407180786,3.0808980464935303
B9,1.9126646518707275,1.7228995561599731,1.3739855289459229,1.4729609489440918,1.659332036972046,1.3915095329284668,1.1920433044433594,1.5188320875167847,1.6994175910949707,1.7056102752685547,1.8600971698760986,2.1354939937591553,2.0712711811065674,2.452788829803467,2.5324554443359375,1.051833152770996,0.9901695847511292,0.9672122597694397,0.6992654204368591,0.47181573510169983,0.5755543112754822,0.5687958598136902,0.36880144476890564,0.0,0.3630572259426117,0.5366572141647339,0.6097010374069214,0.90435391664505,1.182124376296997,1.4801119565963745,1.9726661443710327,1.673864722251892,1.4102076292037964,1.463734745979309,1.4596351385116577,1.1043933629989624,0.9558666348457336,1.2128552198410034,1.2675992250442505,1.0983827114105225,1.457187294960022,1.6731802225112915,1.6309236288070679,2.0239386558532715,2.2270705699920654,1.5264067649841309,1.7819299697875977,1.725868821144104,1.3999351263046265,1.5981414318084717,1.877425193786621,1.7224071025848389,1.5483810901641846,1.832952618598938,2.1029059886932373,2.334078788757324,2.5936100482940674,2.9070727825164795,3.0882368087768555,3.4059371948242188,2.6505370140075684,2.6034858226776123,2.3121936321258545,2.082740306854248,2.2528164386749268,2.151834487915039,1.7762457132339478,1.6980947256088257,2.018724203109741,1.909197449684143,2.245351552963257,2.485367774963379,2.6614058017730713,2.9281883239746094,3.2836499214172363
B10,1.8873214721679688,1.7601546049118042,1.4011480808258057,1.516915202140808,1.7690448760986328,1.5559688806533813,1.362336277961731,1.6879950761795044,1.9102463722229004,1.9710878133773804,2.1276144981384277,2.4315216541290283,2.3838131427764893,2.7668542861938477,2.86458683013916,1.404145359992981,1.3483500480651855,1.2910841703414917,1.0081243515014648,0.8324253559112549,0.8626761436462402,0.7488192915916443,0.5186697244644165,0.3630572259426117,0.0,0.36813074350357056,0.5753331184387207,0.7194368243217468,1.0748058557510376,1.346137285232544,1.978824496269226,1.6811139583587646,1.4645167589187622,1.4466737508773804,1.3715933561325073,1.0283513069152832,0.8730630874633789,1.0322598218917847,1.0324763059616089,0.7916944026947021,1.1310418844223022,1.3611067533493042,1.3132140636444092,1.7054933309555054,1.8974977731704712,1.2994121313095093,1.5766527652740479,1.59049654006958,1.2742538452148438,1.4180757999420166,1.7446714639663696,1.6567820310592651,1.4619723558425903,1.6918134689331055,1.9916069507598877,2.1721184253692627,2.4198076725006104,2.735584259033203,2.8876171112060547,3.2092278003692627,2.703185796737671,2.6131691932678223,2.297715425491333,2.1230621337890625,2.3081939220428467,2.157634973526001,1.7877085208892822,1.7862032651901245,2.1208887100219727,2.0451905727386475,2.400136709213257,2.6626760959625244,2.812737464904785,3.1065425872802734,3.4545531272888184
B11,2.2415597438812256,2.1185951232910156,1.7578096389770508,1.844818115234375,2.094529867172241,1.8728514909744263,1.6472238302230835,1.9519189596176147,2.181081533432007,2.197955846786499,2.3803226947784424,2.6574714183807373,2.6002988815307617,2.9807040691375732,3.047065496444702,1.436188817024231,1.468624472618103,1.4673036336898804,1.1419719457626343,0.9596379995346069,1.1098675727844238,1.04642915725708,0.7451629638671875,0.5366572141647339,0.36813074350357056,0.0,0.3694281578063965,0.5008466839790344,0.8456622362136841,1.0549551248550415,2.026075839996338,1.6877301931381226,1.521943211555481,1.563322901725769,1.4224858283996582,1.055238962173462,1.030518889427185,1.195461392402649,1.0896477699279785,0.8571901321411133,1.1722222566604614,1.3080154657363892,1.1789124011993408,1.5654802322387695,1.7414244413375854,1.5994309186935425,1.8654381036758423,1.9075343608856201,1.57597017288208,1.6612091064453125,1.9926961660385132,1.9037296772003174,1.6565576791763306,1.8514654636383057,2.120594024658203,2.302805185317993,2.503746747970581,2.8467705249786377,2.9663302898406982,3.3123667240142822,2.936558723449707,2.8688395023345947,2.542681932449341,2.3711795806884766,2.5908446311950684,2.4624061584472656,2.089653968811035,2.0799641609191895,2.426992177963257,2.363603115081787,2.706547498703003,2.9732861518859863,3.1440653800964355,3.4245669841766357,3.78190016746521
B12,2.4279065132141113,2.2641007900238037,1.9142999649047852,2.0458877086639404,2.2540276050567627,1.9871320724487305,1.801342248916626,2.1259758472442627,2.304746627807617,2.287609100341797,2.4321467876434326,2.677868366241455,2.569147825241089,2.9405298233032227,2.962904214859009,1.4000798463821411,1.4217841625213623,1.5043587684631348,1.2306262254714966,0.9472636580467224,1.1111607551574707,1.170264482498169,0.9381469488143921,0.6097010374069214,0.5753331184387207,0.3694281578063965,0.0,0.37910211086273193,0.5849663615226746,0.8766956925392151,2.3483083248138428,2.0043082237243652,1.817552089691162,1.8895241022109985,1.775451898574829,1.4009205102920532,1.3608226776123047,1.54398512840271,1.455777645111084,1.2010408639907837,1.4962166547775269,1.6305122375488281,1.4514013528823853,1.8234875202178955,1.9368964433670044,1.8306344747543335,2.1306347846984863,2.1613516807556152,1.8495620489120483,1.9774349927902222,2.308480978012085,2.210110664367676,1.9877735376358032,2.203547239303589,2.476524829864502,2.6644210815429688,2.872044324874878,3.2124898433685303,3.3338065147399902,3.6778171062469482,3.21056866645813,3.151465892791748,2.838886260986328,2.6419363021850586,2.833523750305176,2.7095868587493896,2.33538556098938,2.292208433151245,2.618838310241699,2.509945869445801,2.851285934448242,3.082627058029175,3.2439403533935547,3.5150585174560547,3.8578455448150635
B13,2.546924352645874,2.4262161254882812,2.0771825313568115,2.22774076461792,2.4736011028289795,2.2375926971435547,2.0619091987609863,2.3906795978546143,2.5916800498962402,2.6096065044403076,2.7504758834838867,3.0155997276306152,2.91084623336792,3.284179210662842,3.3143513202667236,1.7763190269470215,1.789567232131958,1.8498328924179077,1.5673428773880005,1.3013252019882202,1.4157402515411377,1.4271563291549683,1.1917176246643066,0.90435391664505,0.7194368243217468,0.5008466839790344,0.37910211086273193,0.0,0.3970726728439331,0.6424406170845032,2.5049288272857666,2.163506269454956,2.0177667140960693,2.0430710315704346,1.8738892078399658,1.5226596593856812,1.4924951791763306,1.5929073095321655,1.4449262619018555,1.137345552444458,1.358191967010498,1.4665882587432861,1.2310259342193604,1.578163504600525,1.631960391998291,1.8015681505203247,2.1168088912963867,2.2100815773010254,1.9237780570983887,2.0041685104370117,2.364732027053833,2.323549509048462,2.0917251110076904,2.2544243335723877,2.5436604022979736,2.681215763092041,2.8672993183135986,3.2070562839508057,3.291867256164551,3.638078212738037,3.401277780532837,3.3090991973876953,2.981332302093506,2.8261988162994385,3.0241434574127197,2.8627536296844482,2.497378349304199,2.5055558681488037,2.8376734256744385,2.745983362197876,3.1015613079071045,3.3440394401550293,3.4822587966918945,3.7739667892456055,4.107410430908203
