,A1,A2,A3,A4,A5,A6,A7,A8,A9,A10,A11,A12,A13,A14,A15,B1,B2,B3,B4,B5,B6,B7,B8,B9,B10,B11,B12,B13,B14,B15,C1,C2,C3,C4,C5,C6,C7,C8,C9,C10,C11,C12,C13,C14,C15,D1,D2,D3,D4,D5,D6,D7,D8,D9,D10,D11,D12,D13,D14,D15,E1,E2,E3,E4,E5,E6,E7,E8,E9,E10,E11,E12,E13,E14,E15
A1,0.0,0.3787534534931183,0.6240547299385071,0.8977369070053101,1.2011547088623047,1.1340595483779907,1.449023723602295,1.2657870054244995,1.0372706651687622,1.35381281375885,1.3843048810958862,1.0669149160385132,1.2797762155532837,1.1108386516571045,1.1776862144470215,1.5602470636367798,1.5384178161621094,1.1990602016448975,1.1146529912948608,1.25813627243042,1.5300781726837158,1.8586615324020386,1.9874882698059082,1.702390193939209,1.691011905670166,1.9030557870864868,1.6773966550827026,1.7054823637008667,1.4822202920913696,1.7801623344421387,2.392639636993408,2.3722360134124756,2.211305618286133,1.9412999153137207,2.150263786315918,2.4902610778808594,2.692095994949341,2.698605537414551,2.34767746925354,2.2194437980651855,2.213895797729492,2.025606632232666,1.8560760021209717,1.6783877611160278,1.950882077217102,3.4751076698303223,3.1621735095977783,2.9294497966766357,2.590397834777832,2.3360204696655273,2.535196542739868,2.347158193588257,2.566635847091675,2.5396769046783447,2.167527914047241,2.295081615447998,2.538147449493408,2.518352746963501,2.7550876140594482,3.0524561405181885,2.9064786434173584,2.6515612602233887,2.7717714309692383,2.601285457611084,2.5161333084106445,2.4533984661102295,2.1929993629455566,2.018101692199707,2.0968217849731445,1.9390807151794434,1.6893391609191895,1.9910918474197388,1.9306423664093018,2.2880356311798096,2.295504093170166
A2,0.3787534534931183,0.0,0.38625356554985046,0.6480722427368164,0.8825545907020569,0.7730640172958374,1.0719157457351685,0.8942565321922302,0.6763045787811279,1.0084000825881958,1.0747400522232056,0.8147642612457275,1.1052013635635376,1.0398133993148804,1.1726911067962646,1.580932855606079,1.5215052366256714,1.199426293373108,1.0121285915374756,1.1709574460983276,1.4936517477035522,1.790362000465393,1.8935680389404297,1.5756640434265137,1.5160045623779297,1.6832908391952515,1.4609171152114868,1.4240343570709229,1.2083358764648438,1.5166088342666626,2.1834394931793213,2.143359661102295,2.025212526321411,1.7512421607971191,1.9766008853912354,2.2931759357452393,2.476930618286133,2.442797899246216,2.0890369415283203,1.9655550718307495,1.913209080696106,1.7215133905410767,1.516374945640564,1.3436665534973145,1.6037737131118774,3.1794919967651367,2.8520383834838867,2.6339304447174072,2.306206464767456,2.031937837600708,2.2030701637268066,1.9918947219848633,2.2104878425598145,2.208115577697754,1.8396943807601929,1.977051854133606,2.2419354915618896,2.2545530796051025,2.512773036956787,2.807169198989868,2.7429559230804443,2.499357223510742,2.59596586227417,2.3932950496673584,2.332051992416382,2.3191699981689453,2.0924692153930664,1.9277077913284302,1.9425987005233765,1.7539671659469604,1.4881149530410767,1.7727222442626953,1.6656607389450073,2.017286539077759,2.0477488040924072
A3,0.6240547299385071,0.38625356554985046,0.0,0.36933082342147827,0.6071656942367554,0.605710506439209,0.9768778085708618,0.9361789226531982,0.6899096965789795,0.9225524663925171,1.106284499168396,0.8910720944404602,1.1745365858078003,1.1087416410446167,1.3409353494644165,1.297451376914978,1.2692880630493164,1.0103416442871094,0.8332054018974304,1.1041656732559204,1.3990427255630493,1.7127940654754639,1.7404255867004395,1.389744758605957,1.3919522762298584,1.4977308511734009,1.2134581804275513,1.1689757108688354,0.8934103846549988,1.1706793308258057,1.8045942783355713,1.7791768312454224,1.66313898563385,1.4141498804092407,1.677565574645996,1.9823819398880005,2.2013633251190186,2.1596930027008057,1.7950551509857178,1.7196322679519653,1.6876401901245117,1.4491949081420898,1.2935744524002075,1.0758424997329712,1.3584246635437012,3.159018039703369,2.827486991882324,2.6546740531921387,2.3248367309570312,2.0742764472961426,2.2193100452423096,1.9792511463165283,2.1408398151397705,2.1477816104888916,1.778550148010254,1.8480620384216309,2.141890525817871,2.1243667602539062,2.4150021076202393,2.6743557453155518,2.8698782920837402,2.60237979888916,2.643289804458618,2.4026846885681152,2.2991349697113037,2.321847438812256,2.0760512351989746,1.9779642820358276,1.9904778003692627,1.7401888370513916,1.5351953506469727,1.8487284183502197,1.7532435655593872,2.1085073947906494,2.201378345489502
A4,0.8977369070053101,0.6480722427368164,0.36933082342147827,0.0,0.38885167241096497,0.5910091996192932,0.9102182984352112,0.9211776256561279,0.6072872877120972,0.6936652064323425,0.9084294438362122,0.728472888469696,0.9683259129524231,0.9418772459030151,1.247241735458374,1.1638773679733276,1.0542079210281372,0.8253724575042725,0.5638145804405212,0.8484601974487305,1.1419099569320679,1.4243289232254028,1.4190911054611206,1.055958867073059,1.05155611038208,1.1310255527496338,0.8471028208732605,0.8210859298706055,0.5910210609436035,0.9197849631309509,1.627435326576233,1.5339831113815308,1.39769446849823,1.1084837913513184,1.3411662578582764,1.6476359367370605,1.8451637029647827,1.8139208555221558,1.4566586017608643,1.3574649095535278,1.3473265171051025,1.1359214782714844,1.0198348760604858,0.8702754974365234,1.212246298789978,2.8716278076171875,2.5502519607543945,2.4002087116241455,2.0631771087646484,1.8517922163009644,2.005051851272583,1.7847440242767334,1.9014811515808105,1.8741645812988281,1.504319429397583,1.5310360193252563,1.816969633102417,1.7737661600112915,2.069410800933838,2.317094087600708,2.653935194015503,2.369699239730835,2.3691728115081787,2.1081337928771973,1.9810411930084229,2.0289971828460693,1.7874387502670288,1.7321436405181885,1.7292728424072266,1.4427565336227417,1.2866050004959106,1.6151295900344849,1.5501474142074585,1.9059823751449585,2.05146861076355
A5,1.2011547088623047,0.8825545907020569,0.6071656942367554,0.38885167241096497,0.0,0.3672351837158203,0.6177794933319092,0.7697777152061462,0.5756707191467285,0.5379184484481812,0.8746359944343567,0.8622150421142578,1.1377649307250977,1.2198776006698608,1.5296299457550049,1.3931957483291626,1.2920647859573364,1.1419225931167603,0.859801709651947,1.1155118942260742,1.4041635990142822,1.627496361732483,1.5749831199645996,1.2023426294326782,1.1542483568191528,1.1197261810302734,0.840507447719574,0.6461685299873352,0.38640958070755005,0.681606113910675,1.4339627027511597,1.3352452516555786,1.2941232919692993,1.0469480752944946,1.320583701133728,1.560441017150879,1.7444969415664673,1.6358648538589478,1.2724732160568237,1.2242927551269531,1.125679612159729,0.864875078201294,0.6921402215957642,0.49096664786338806,0.8248608708381653,2.714500665664673,2.3738393783569336,2.2612357139587402,1.954897165298462,1.7240880727767944,1.8117762804031372,1.5428134202957153,1.6335163116455078,1.6640630960464478,1.316088318824768,1.328490138053894,1.6620206832885742,1.6666781902313232,1.9982638359069824,2.2219698429107666,2.7013895511627197,2.4412338733673096,2.408566474914551,2.111393451690674,2.0151987075805664,2.129422903060913,1.9378653764724731,1.9041409492492676,1.8296594619750977,1.517177939414978,1.368090271949768,1.6444153785705566,1.518094778060913,1.838606595993042,2.0130791664123535
A6,1.1340595483779907,0.7730640172958374,0.605710506439209,0.5910091996192932,0.3672351837158203,0.0,0.38682234287261963,0.5094926953315735,0.4670592248439789,0.5941733717918396,0.8900497555732727,0.9051477909088135,1.2475484609603882,1.358163833618164,1.6085741519927979,1.6853530406951904,1.610574722290039,1.414696455001831,1.1330115795135498,1.3516199588775635,1.6766520738601685,1.9016224145889282,1.8941642045974731,1.5296300649642944,1.43550705909729,1.42912757396698,1.1889699697494507,0.9656066298484802,0.739002525806427,0.9756820201873779,1.6742503643035889,1.6200356483459473,1.625888466835022,1.4048316478729248,1.6849045753479004,1.9113596677780151,2.08099102973938,1.9420641660690308,1.5867729187011719,1.5388984680175781,1.379616379737854,1.1300065517425537,0.8642665147781372,0.6343162059783936,0.838211715221405,2.8008673191070557,2.4433364868164062,2.304635763168335,2.019531011581421,1.729673147201538,1.7906379699707031,1.4913369417190552,1.6490291357040405,1.7341256141662598,1.3970673084259033,1.4901877641677856,1.8294305801391602,1.8961875438690186,2.2190239429473877,2.4637537002563477,2.765319347381592,2.5398805141448975,2.5483298301696777,2.265324115753174,2.2240829467773438,2.3331847190856934,2.167954444885254,2.08060622215271,1.9815056324005127,1.7079628705978394,1.489658236503601,1.722512125968933,1.5316081047058105,1.8360099792480469,1.9573909044265747
A7,1.449023723602295,1.0719157457351685,0.9768778085708618,0.9102182984352112,0.6177794933319092,0.38682234287261963,0.0,0.3706100583076477,0.5555514097213745,0.5544304251670837,0.8272125124931335,0.9950501322746277,1.3258949518203735,1.5275022983551025,1.7591629028320312,2.008668899536133,1.8964769840240479,1.71189546585083,1.3925374746322632,1.5458282232284546,1.8778218030929565,2.040592670440674,2.0366451740264893,1.691705584526062,1.528253197669983,1.4779702425003052,1.3123440742492676,1.0185213088989258,0.9065818786621094,1.1032634973526,1.8049792051315308,1.7151027917861938,1.7800421714782715,1.5680283308029175,1.816591501235962,1.9949289560317993,2.1075515747070312,1.9196580648422241,1.596604824066162,1.5392951965332031,1.296133279800415,1.0971397161483765,0.7516303062438965,0.6250507831573486,0.708263635635376,2.5432674884796143,2.173705577850342,2.046935796737671,1.8007445335388184,1.4839762449264526,1.4866515398025513,1.1562650203704834,1.3309211730957031,1.469529151916504,1.1709455251693726,1.3090218305587769,1.653568148612976,1.789942741394043,2.1105804443359375,2.352795362472534,2.642238140106201,2.4548563957214355,2.4540982246398926,2.1601767539978027,2.174438238143921,2.3264408111572266,2.222663640975952,2.128925323486328,1.9627436399459839,1.702886700630188,1.4746272563934326,1.6302744150161743,1.3786780834197998,1.6293103694915771,1.7567296028137207
A8,1.2657870054244995,0.8942565321922302,0.9361789226531982,0.9211776256561279,0.7697777152061462,0.5094926953315735,0.3706100583076477,0.0,0.37237706780433655,0.5498393177986145,0.6598368883132935,0.7892624139785767,1.137757420539856,1.347367525100708,1.517220377922058,2.0822176933288574,1.9458550214767456,1.697906732559204,1.3697588443756104,1.4577959775924683,1.8153445720672607,1.9771023988723755,2.0408196449279785,1.7169368267059326,1.5138866901397705,1.5473822355270386,1.4210692644119263,1.1924216747283936,1.1069971323013306,1.3757426738739014,2.116042137145996,2.0134780406951904,2.027264356613159,1.7701761722564697,1.9836411476135254,2.203413963317871,2.296868085861206,2.1497154235839844,1.8317402601242065,1.7100833654403687,1.4943556785583496,1.3534120321273804,1.0126980543136597,0.9437609910964966,1.0763674974441528,2.538893222808838,2.178191661834717,1.9899897575378418,1.7278765439987183,1.3854793310165405,1.4485269784927368,1.1727542877197266,1.425687551498413,1.5171891450881958,1.2003746032714844,1.4149937629699707,1.71219003200531,1.856203556060791,2.137526035308838,2.422335386276245,2.443474531173706,2.2692618370056152,2.3230762481689453,2.0673131942749023,2.1113712787628174,2.2196285724639893,2.1216158866882324,1.9698266983032227,1.8120253086090088,1.605450987815857,1.3152697086334229,1.45723295211792,1.1952792406082153,1.464730143547058,1.5296401977539062
A9,1.0372706651687622,0.6763045787811279,0.6899096965789795,0.6072872877120972,0.5756707191467285,0.4670592248439789,0.5555514097213745,0.37237706780433655,0.0,0.37332090735435486,0.48652446269989014,0.4745129942893982,0.835679292678833,1.0017958879470825,1.2113921642303467,1.7604585886001587,1.6024705171585083,1.3375937938690186,1.0067830085754395,1.0932966470718384,1.4519351720809937,1.6367723941802979,1.7084859609603882,1.3837796449661255,1.202712059020996,1.2846930027008057,1.1420576572418213,0.9892553687095642,0.9018537402153015,1.230247139930725,2.0034725666046143,1.8791965246200562,1.8260670900344849,1.5326101779937744,1.7234503030776978,1.9841541051864624,2.091869354248047,1.9990425109863281,1.6706647872924805,1.517449975013733,1.3753448724746704,1.2417913675308228,0.9636628031730652,0.9074437022209167,1.1577719449996948,2.549037456512451,2.2070038318634033,2.012955904006958,1.7033603191375732,1.4134594202041626,1.5501214265823364,1.3248114585876465,1.5343079566955566,1.5449235439300537,1.1843228340148926,1.3509541749954224,1.6311367750167847,1.706346035003662,1.9821522235870361,2.2744863033294678,2.336679458618164,2.11537766456604,2.1616828441619873,1.9104561805725098,1.8990892171859741,1.9744099378585815,1.8299856185913086,1.6905442476272583,1.5835309028625488,1.3566803932189941,1.083655595779419,1.3085813522338867,1.1294158697128296,1.4601285457611084,1.5556929111480713
A10,1.35381281375885,1.0084000825881958,0.9225524663925171,0.6936652064323425,0.5379184484481812,0.5941733717918396,0.5544304251670837,0.5498393177986145,0.37332090735435486,0.0,0.3731430768966675,0.5568283796310425,0.8207520842552185,1.0557687282562256,1.3204675912857056,1.7526391744613647,1.5526281595230103,1.349621295928955,0.991610586643219,1.0556901693344116,1.3837937116622925,1.5062251091003418,1.5297231674194336,1.2120829820632935,0.9967103600502014,0.9983878135681152,0.9025990962982178,0.6962028741836548,0.7294234037399292,1.0432405471801758,1.8396004438400269,1.6587166786193848,1.6231703758239746,1.3254973888397217,1.4803566932678223,1.7050693035125732,1.7742750644683838,1.6625646352767944,1.3540539741516113,1.1854361295700073,1.014405608177185,0.9252654910087585,0.647639274597168,0.7159056663513184,0.9876928925514221,2.2558300495147705,1.9135082960128784,1.7602709531784058,1.451258659362793,1.1985260248184204,1.3176579475402832,1.093929409980774,1.2376285791397095,1.227884292602539,0.8616596460342407,0.9860453605651855,1.284012794494629,1.3610738515853882,1.6585721969604492,1.9323222637176514,2.208979845046997,1.9788745641708374,1.9642423391342163,1.6739306449890137,1.6521837711334229,1.783821702003479,1.6683348417282104,1.5855705738067627,1.4327011108398438,1.157204031944275,0.949826180934906,1.1595500707626343,0.9904062151908875,1.3028137683868408,1.4810081720352173
A11,1.3843048810958862,1.0747400522232056,1.106284499168396,0.9084294438362122,0.8746359944343567,0.8900497555732727,0.8272125124931335,0.6598368883132935,0.48652446269989014,0.3731430768966675,0.0,0.38166964054107666,0.5803909301757812,0.8979282975196838,1.0911883115768433,1.9335373640060425,1.6908472776412964,1.4409427642822266,1.0793747901916504,1.0088862180709839,1.3459553718566895,1.4170215129852295,1.5235278606414795,1.2654500007629395,0.9721190929412842,1.0675053596496582,1.0784635543823242,0.9595409035682678,1.0569233894348145,1.387905478477478,2.1883327960968018,1.9838671684265137,1.9157439470291138,1.5884262323379517,1.6758214235305786,1.916412353515625,1.9342652559280396,1.8611490726470947,1.59054696559906,1.351479172706604,1.2036844491958618,1.2132512331008911,0.9577004313468933,1.0845705270767212,1.3365116119384766,2.1050591468811035,1.780592679977417,1.5652750730514526,1.2372184991836548,0.9784793853759766,1.179990530014038,1.0492618083953857,1.2497583627700806,1.1711267232894897,0.8093407154083252,1.026760220527649,1.235872745513916,1.3331596851348877,1.5660183429718018,1.885739803314209,1.8753389120101929,1.6571696996688843,1.6893336772918701,1.4365217685699463,1.4641085863113403,1.5602525472640991,1.4809764623641968,1.3340920209884644,1.1570628881454468,0.9508979320526123,0.6619256734848022,0.8368846774101257,0.6634856462478638,1.008088231086731,1.154299020767212
A12,1.0669149160385132,0.8147642612457275,0.8910720944404602,0.728472888469696,0.8622150421142578,0.9051477909088135,0.9950501322746277,0.7892624139785767,0.4745129942893982,0.5568283796310425,0.38166964054107666,0.0,0.3680562376976013,0.5729357600212097,0.776050865650177,1.703927993774414,1.470226526260376,1.1669422388076782,0.831069827079773,0.7494925260543823,1.1108877658843994,1.2558351755142212,1.404504656791687,1.142548680305481,0.9093247056007385,1.1079950332641602,1.0615612268447876,1.0459990501403809,1.0672447681427002,1.4317890405654907,2.2196154594421387,2.040921688079834,1.9122880697250366,1.5670502185821533,1.6596475839614868,1.955392599105835,2.018808603286743,2.0018398761749268,1.7084224224090576,1.4692530632019043,1.4068479537963867,1.3741672039031982,1.170881748199463,1.21901273727417,1.5221132040023804,2.4113850593566895,2.108313798904419,1.877914309501648,1.5297268629074097,1.3080309629440308,1.5453521013259888,1.4302518367767334,1.6249299049377441,1.524383544921875,1.1576805114746094,1.3230814933776855,1.5139483213424683,1.536643147468567,1.7514305114746094,2.0752878189086914,1.9808226823806763,1.7267979383468628,1.794342279434204,1.5814167261123657,1.5498082637786865,1.5658838748931885,1.4072688817977905,1.2345846891403198,1.1661738157272339,0.9780075550079346,0.6845327019691467,0.9693335294723511,0.9046798944473267,1.2756822109222412,1.373481273651123
A13,1.2797762155532837,1.1052013635635376,1.1745365858078003,0.9683259129524231,1.1377649307250977,1.2475484609603882,1.3258949518203735,1.137757420539856,0.835679292678833,0.8207520842552185,0.5803909301757812,0.3680562376976013,0.0,0.3735271990299225,0.568153977394104,1.7298945188522339,1.439685583114624,1.1454600095748901,0.8414319157600403,0.5898256897926331,0.90183424949646,0.9702474474906921,1.1837341785430908,1.0054757595062256,0.7293875813484192,1.0113977193832397,1.0654726028442383,1.1474695205688477,1.2500660419464111,1.6077266931533813,2.380436897277832,2.161266565322876,1.9888252019882202,1.622273564338684,1.6282926797866821,1.9313169717788696,1.9501005411148071,1.9904781579971313,1.7396694421768188,1.446001410484314,1.4469060897827148,1.4930229187011719,1.3534862995147705,1.4667232036590576,1.7880913019180298,2.2965736389160156,2.033858299255371,1.7923604249954224,1.4259374141693115,1.2888597249984741,1.5844656229019165,1.5525799989700317,1.7125194072723389,1.5325757265090942,1.1898303031921387,1.3275524377822876,1.4336761236190796,1.405256986618042,1.558955430984497,1.8966649770736694,1.7251746654510498,1.4361473321914673,1.5035864114761353,1.32249116897583,1.2624273300170898,1.2284198999404907,1.060207724571228,0.8683624267578125,0.8377562165260315,0.6862868666648865,0.41611480712890625,0.7615570425987244,0.8413564562797546,1.2061107158660889,1.3231157064437866
A14,1.1108386516571045,1.0398133993148804,1.1087416410446167,0.9418772459030151,1.2198776006698608,1.358163833618164,1.5275022983551025,1.347367525100708,1.0017958879470825,1.0557687282562256,0.8979282975196838,0.5729357600212097,0.3735271990299225,0.0,0.37103551626205444,1.5066859722137451,1.229485034942627,0.8962104320526123,0.6787521839141846,0.3972344994544983,0.6852616667747498,0.8607364296913147,1.102493166923523,0.9398955702781677,0.7920961380004883,1.1270843744277954,1.115821123123169,1.2802467346191406,1.318011999130249,1.6728242635726929,2.3995838165283203,2.2068066596984863,1.9827227592468262,1.6173746585845947,1.6242570877075195,1.9658584594726562,2.0314571857452393,2.1201329231262207,1.8564558029174805,1.583694338798523,1.6534172296524048,1.6574418544769287,1.564017415046692,1.6186206340789795,1.9674146175384521,2.6302340030670166,2.38185453414917,2.1474430561065674,1.7777645587921143,1.660678505897522,1.9562761783599854,1.9106932878494263,2.0602245330810547,1.8814854621887207,1.5334590673446655,1.6257078647613525,1.73585844039917,1.6487500667572021,1.7950249910354614,2.1128504276275635,1.9600589275360107,1.647159218788147,1.7245020866394043,1.5773544311523438,1.4512184858322144,1.3486088514328003,1.0890330076217651,0.9156168699264526,1.0305192470550537,0.8990122079849243,0.7330824136734009,1.0877636671066284,1.2081310749053955,1.5671719312667847,1.6619250774383545
A15,1.1776862144470215,1.1726911067962646,1.3409353494644165,1.247241735458374,1.5296299457550049,1.6085741519927979,1.7591629028320312,1.517220377922058,1.2113921642303467,1.3204675912857056,1.0911883115768433,0.776050865650177,0.568153977394104,0.37103551626205444,0.0,1.8026634454727173,1.5417773723602295,1.1940374374389648,1.028884768486023,0.7445045709609985,0.9533414840698242,1.0748568773269653,1.3798398971557617,1.278528094291687,1.113770604133606,1.4608582258224487,1.4823020696640015,1.633725881576538,1.6694526672363281,2.0298891067504883,2.762470245361328,2.5760324001312256,2.3525235652923584,1.987770676612854,1.9845314025878906,2.3245975971221924,2.371015787124634,2.4663422107696533,2.214263916015625,1.9270745515823364,1.981715440750122,2.0039174556732178,1.881451964378357,1.93752121925354,2.2701148986816406,2.7406044006347656,2.511385202407837,2.235373020172119,1.877846121788025,1.7589197158813477,2.0798959732055664,2.073547124862671,2.2623887062072754,2.074183225631714,1.7455556392669678,1.8876135349273682,1.9604277610778809,1.8980807065963745,1.995255470275879,2.3329551219940186,1.8612664937973022,1.5739848613739014,1.7295267581939697,1.6543967723846436,1.576982021331787,1.4107398986816406,1.1876270771026611,0.9189774990081787,1.0685986280441284,1.0655243396759033,0.8579986691474915,1.1336395740509033,1.2709040641784668,1.6023898124694824,1.6224603652954102
B1,1.5602470636367798,1.580932855606079,1.297451376914978,1.1638773679733276,1.3931957483291626,1.6853530406951904,2.008668899536133,2.0822176933288574,1.7604585886001587,1.7526391744613647,1.9335373640060425,1.703927993774414,1.7298945188522339,1.5066859722137451,1.8026634454727173,0.0,0.3765975832939148,0.6130820512771606,0.893973171710968,1.1958680152893066,1.126747965812683,1.4517123699188232,1.2931495904922485,1.0802940130233765,1.408237099647522,1.468617558479309,1.1693055629730225,1.4087849855422974,1.2353852987289429,1.3150877952575684,1.5534650087356567,1.51004159450531,1.1711822748184204,1.0167019367218018,1.1414949893951416,1.4570775032043457,1.7684009075164795,1.9112216234207153,1.634716272354126,1.6270219087600708,1.8552271127700806,1.6646956205368042,1.8078944683074951,1.6797654628753662,2.009031057357788,3.5585672855377197,3.299665689468384,3.2077744007110596,2.856832504272461,2.7686026096343994,2.951146364212036,2.7777347564697266,2.7890045642852783,2.6902408599853516,2.357245922088623,2.2291359901428223,2.441427230834961,2.2282984256744385,2.476060628890991,2.6209564208984375,3.3031387329101562,2.950831651687622,2.881648063659668,2.649393320083618,2.366595506668091,2.3505899906158447,2.000520944595337,2.1005985736846924,2.2561116218566895,1.966516375541687,2.004856824874878,2.3810858726501465,2.4619340896606445,2.812826633453369,3.0068507194519043
B2,1.5384178161621094,1.5215052366256714,1.2692880630493164,1.0542079210281372,1.2920647859573364,1.610574722290039,1.8964769840240479,1.9458550214767456,1.6024705171585083,1.5526281595230103,1.6908472776412964,1.470226526260376,1.439685583114624,1.229485034942627,1.5417773723602295,0.3765975832939148,0.0,0.38317203521728516,0.6403724551200867,0.8788967728614807,0.7724836468696594,1.0799981355667114,0.9218246936798096,0.7172749638557434,1.0570999383926392,1.1471827030181885,0.8992595672607422,1.1994662284851074,1.1138700246810913,1.2555500268936157,1.6333303451538086,1.5016388893127441,1.1491864919662476,0.8985476493835449,0.9312638640403748,1.2864913940429688,1.541115403175354,1.711651086807251,1.4500675201416016,1.3706637620925903,1.6209772825241089,1.4942528009414673,1.6392756700515747,1.583570122718811,1.939928650856018,3.230623483657837,2.9865000247955322,2.8888819217681885,2.5345215797424316,2.474334716796875,2.6777286529541016,2.5400543212890625,2.5452725887298584,2.409714698791504,2.0822360515594482,1.9531811475753784,2.1318564414978027,1.9037387371063232,2.1302428245544434,2.2882580757141113,2.948259115219116,2.5916292667388916,2.5130844116210938,2.2865662574768066,1.9959968328475952,1.9757486581802368,1.6268982887268066,1.741682767868042,1.8979214429855347,1.6107535362243652,1.679377555847168,2.052549362182617,2.1640491485595703,2.5072314739227295,2.712777614593506
B3,1.1990602016448975,1.199426293373108,1.0103416442871094,0.8253724575042725,1.1419225931167603,1.414696455001831,1.71189546585083,1.697906732559204,1.3375937938690186,1.349621295928955,1.4409427642822266,1.1669422388076782,1.1454600095748901,0.8962104320526123,1.1940374374389648,0.6130820512771606,0.38317203521728516,0.0,0.36619508266448975,0.6066315770149231,0.6116742491722107,0.9870797991752625,0.9589659571647644,0.7148164510726929,0.9505982995033264,1.1355276107788086,0.9051364660263062,1.1737691164016724,1.0730507373809814,1.3112159967422485,1.8290411233901978,1.7008228302001953,1.3922735452651978,1.0907297134399414,1.156192421913147,1.528627872467041,1.7427988052368164,1.8793127536773682,1.5892223119735718,1.4530329704284668,1.6441558599472046,1.5235387086868286,1.583201289176941,1.5227086544036865,1.8922518491744995,3.1437582969665527,2.8869917392730713,2.7448768615722656,2.379809617996216,2.285261392593384,2.5114405155181885,2.3795342445373535,2.4380078315734863,2.303450584411621,1.9521678686141968,1.8910472393035889,2.0735409259796143,1.8879276514053345,2.1077516078948975,2.321437120437622,2.737294912338257,2.3909482955932617,2.3640353679656982,2.1564667224884033,1.9068530797958374,1.8566311597824097,1.5089575052261353,1.5438694953918457,1.7043261528015137,1.4463099241256714,1.4443787336349487,1.8268481492996216,1.9266483783721924,2.2861716747283936,2.4536538124084473
B4,1.1146529912948608,1.0121285915374756,0.8332054018974304,0.5638145804405212,0.859801709651947,1.1330115795135498,1.3925374746322632,1.3697588443756104,1.0067830085754395,0.991610586643219,1.0793747901916504,0.831069827079773,0.8414319157600403,0.6787521839141846,1.028884768486023,0.893973171710968,0.6403724551200867,0.36619508266448975,0.0,0.3945520222187042,0.59552001953125,0.9191583395004272,0.9209100604057312,0.5986415147781372,0.7045666575431824,0.8932157158851624,0.6720659136772156,0.8922373652458191,0.8276139497756958,1.1311395168304443,1.7762550115585327,1.6140069961547852,1.3594882488250732,1.0151695013046265,1.0996074676513672,1.4622336626052856,1.634975790977478,1.7202764749526978,1.4132237434387207,1.2402461767196655,1.3726279735565186,1.2669888734817505,1.275476336479187,1.2480196952819824,1.6229588985443115,2.8335249423980713,2.5608737468719482,2.411548376083374,2.04878830909729,1.9327356815338135,2.1521379947662354,2.0163557529449463,2.0876352787017822,1.960800051689148,1.601822018623352,1.5689109563827515,1.7674342393875122,1.622819185256958,1.8623309135437012,2.1025173664093018,2.4811179637908936,2.1502208709716797,2.125581979751587,1.89512300491333,1.6860133409500122,1.6750919818878174,1.3692193031311035,1.3713395595550537,1.4636657238006592,1.182356834411621,1.139103651046753,1.5170304775238037,1.5844125747680664,1.9450045824050903,2.118698835372925
B5,1.25813627243042,1.1709574460983276,1.1041656732559204,0.8484601974487305,1.1155118942260742,1.3516199588775635,1.5458282232284546,1.4577959775924683,1.0932966470718384,1.0556901693344116,1.0088862180709839,0.7494925260543823,0.5898256897926331,0.3972344994544983,0.7445045709609985,1.1958680152893066,0.8788967728614807,0.6066315770149231,0.3945520222187042,0.0,0.36659979820251465,0.6211590766906738,0.7638127207756042,0.5583325624465942,0.5239996314048767,0.8464624285697937,0.8003159165382385,1.0470012426376343,1.1012091636657715,1.4230576753616333,2.1012630462646484,1.8926106691360474,1.636064887046814,1.270504355430603,1.249634027481079,1.6017740964889526,1.6905243396759033,1.8097419738769531,1.5508153438568115,1.2943867444992065,1.4330788850784302,1.4286593198776245,1.4190342426300049,1.4780992269515991,1.8482279777526855,2.6324381828308105,2.388267755508423,2.208958148956299,1.8372762203216553,1.7617933750152588,2.03073787689209,1.9640439748764038,2.046701192855835,1.8614674806594849,1.5163538455963135,1.5153485536575317,1.6393113136291504,1.4860806465148926,1.6623494625091553,1.9365805387496948,2.1337509155273438,1.7930359840393066,1.7869038581848145,1.593671202659607,1.3862006664276123,1.3251112699508667,1.0141247510910034,0.9838770031929016,1.1108088493347168,0.8758631348609924,0.8524599671363831,1.2341746091842651,1.3727498054504395,1.725138545036316,1.88974928855896
B6,1.5300781726837158,1.4936517477035522,1.3990427255630493,1.1419099569320679,1.4041635990142822,1.6766520738601685,1.8778218030929565,1.8153445720672607,1.4519351720809937,1.3837937116622925,1.3459553718566895,1.1108877658843994,0.90183424949646,0.6852616667747498,0.9533414840698242,1.126747965812683,0.7724836468696594,0.6116742491722107,0.59552001953125,0.36659979820251465,0.0,0.38852137327194214,0.5192297697067261,0.47596171498298645,0.6043214201927185,0.9092794060707092,0.9054563641548157,1.231553554534912,1.3123630285263062,1.5835456848144531,2.1750688552856445,1.9509546756744385,1.64443039894104,1.2959234714508057,1.187873125076294,1.5397764444351196,1.6200469732284546,1.8123594522476196,1.5990805625915527,1.3441295623779297,1.5652674436569214,1.591153621673584,1.655437707901001,1.730338215827942,2.104121685028076,2.7489871978759766,2.540609121322632,2.384843111038208,2.0176644325256348,2.004124879837036,2.280829906463623,2.2421329021453857,2.2839512825012207,2.0657854080200195,1.7485504150390625,1.6910933256149292,1.7675706148147583,1.5459896326065063,1.6795673370361328,1.915791392326355,2.2282588481903076,1.8645715713500977,1.8225221633911133,1.6542301177978516,1.3769937753677368,1.2759889364242554,0.9106000661849976,0.9815878868103027,1.1901956796646118,0.9787347912788391,1.0751293897628784,1.4356170892715454,1.6354655027389526,1.963361144065857,2.146841526031494
B7,1.8586615324020386,1.790362000465393,1.7127940654754639,1.4243289232254028,1.627496361732483,1.9016224145889282,2.040592670440674,1.9771023988723755,1.6367723941802979,1.5062251091003418,1.4170215129852295,1.2558351755142212,0.9702474474906921,0.8607364296913147,1.0748568773269653,1.4517123699188232,1.0799981355667114,0.9870797991752625,0.9191583395004272,0.6211590766906738,0.38852137327194214,0.0,0.37292414903640747,0.5627901554107666,0.5653522610664368,0.8579765558242798,1.0089844465255737,1.329879641532898,1.5054428577423096,1.760964274406433,2.354015350341797,2.0809082984924316,1.788395643234253,1.4424506425857544,1.2429313659667969,1.5446847677230835,1.5308079719543457,1.7522488832473755,1.6070092916488647,1.3013592958450317,1.5371264219284058,1.654515027999878,1.7369729280471802,1.8873505592346191,2.2465403079986572,2.495120048522949,2.327133893966675,2.182908058166504,1.8281925916671753,1.886823296546936,2.178083896636963,2.199446439743042,2.20957088470459,1.941623330116272,1.6702085733413696,1.594387173652649,1.5889157056808472,1.3359391689300537,1.3983559608459473,1.6305158138275146,1.970088005065918,1.5966837406158447,1.5114433765411377,1.3619316816329956,1.0482299327850342,0.928627073764801,0.555921196937561,0.7325907349586487,0.9498358964920044,0.772783637046814,0.9875268936157227,1.2912405729293823,1.5539027452468872,1.8358570337295532,2.0447895526885986
B8,1.9874882698059082,1.8935680389404297,1.7404255867004395,1.4190911054611206,1.5749831199645996,1.8941642045974731,2.0366451740264893,2.0408196449279785,1.7084859609603882,1.5297231674194336,1.5235278606414795,1.404504656791687,1.1837341785430908,1.102493166923523,1.3798398971557617,1.2931495904922485,0.9218246936798096,0.9589659571647644,0.9209100604057312,0.7638127207756042,0.5192297697067261,0.37292414903640747,0.0,0.3788173496723175,0.5590876936912537,0.7009119391441345,0.828823983669281,1.1820461750030518,1.3703999519348145,1.5630451440811157,2.0774664878845215,1.7904417514801025,1.4839704036712646,1.1632546186447144,0.9103085398674011,1.1985056400299072,1.2009590864181519,1.4540151357650757,1.3288744688034058,1.0592999458312988,1.3575570583343506,1.465570092201233,1.621850848197937,1.7713305950164795,2.123152494430542,2.524229049682617,2.3514902591705322,2.2635514736175537,1.9221701622009277,1.9910508394241333,2.2396724224090576,2.2289257049560547,2.1860344409942627,1.9355040788650513,1.6776751279830933,1.523672342300415,1.54367196559906,1.2455192804336548,1.3544162511825562,1.5197482109069824,2.2188639640808105,1.8506375551223755,1.7025971412658691,1.4998252391815186,1.1524770259857178,1.1302021741867065,0.8074811100959778,1.0570176839828491,1.2015578746795654,0.9459090828895569,1.1944341659545898,1.4958741664886475,1.7224050760269165,1.9968703985214233,2.2481210231781006
B9,1.702390193939209,1.5756640434265137,1.389744758605957,1.055958867073059,1.2023426294326782,1.5296300649642944,1.691705584526062,1.7169368267059326,1.3837796449661255,1.2120829820632935,1.2654500007629395,1.142548680305481,1.0054757595062256,0.9398955702781677,1.278528094291687,1.0802940130233765,0.7172749638557434,0.7148164510726929,0.5986415147781372,0.5583325624465942,0.47596171498298645,0.5627901554107666,0.3788173496723175,0.0,0.3824060559272766,0.506809413433075,0.491598516702652,0.8538926243782043,1.0016955137252808,1.2181682586669922,1.7921942472457886,1.5275267362594604,1.2388454675674438,0.8840783834457397,0.7404804825782776,1.082594394683838,1.1648930311203003,1.3394578695297241,1.1270767450332642,0.8837363719940186,1.140830636024475,1.1744333505630493,1.307675838470459,1.417673110961914,1.779119849205017,2.534083127975464,2.311177968978882,2.2167885303497314,1.8661142587661743,1.8646284341812134,2.0882728099823,2.019139289855957,1.9976770877838135,1.7973395586013794,1.497964859008789,1.3593827486038208,1.4693642854690552,1.2242248058319092,1.4248759746551514,1.6148022413253784,2.3028769493103027,1.948975682258606,1.8287889957427979,1.5824828147888184,1.2904245853424072,1.3176703453063965,1.0161106586456299,1.1740750074386597,1.2602168321609497,0.9423161149024963,1.0962514877319336,1.4360315799713135,1.5906647443771362,1.8985763788223267,2.1451337337493896
B10,1.691011905670166,1.5160045623779297,1.3919522762298584,1.05155611038208,1.1542483568191528,1.43550705909729,1.528253197669983,1.5138866901397705,1.202712059020996,0.9967103600502014,0.9721190929412842,0.9093247056007385,0.7293875813484192,0.7920961380004883,1.113770604133606,1.408237099647522,1.0570999383926392,0.9505982995033264,0.7045666575431824,0.5239996314048767,0.6043214201927185,0.5653522610664368,0.5590876936912537,0.3824060559272766,0.0,0.36980655789375305,0.5428107976913452,0.7957808971405029,1.0221607685089111,1.290892243385315,1.9651484489440918,1.6809494495391846,1.4589687585830688,1.0932210683822632,0.9738438725471497,1.2640432119369507,1.2613515853881836,1.3754832744598389,1.1728286743164062,0.8541164398193359,1.0164783000946045,1.122916340827942,1.176190972328186,1.353478193283081,1.7007468938827515,2.20908784866333,1.978251576423645,1.8560338020324707,1.4980796575546265,1.4949159622192383,1.7383780479431152,1.7016301155090332,1.7023319005966187,1.4777381420135498,1.174822449684143,1.0891631841659546,1.1743085384368896,0.9767599105834961,1.1704661846160889,1.4244900941848755,1.9580938816070557,1.6173654794692993,1.508558750152588,1.2478567361831665,1.0061149597167969,1.0640389919281006,0.8262509107589722,0.9270783066749573,0.9301598072052002,0.5851691961288452,0.7335308194160461,1.0592166185379028,1.217020869255066,1.5180554389953613,1.7692688703536987
B11,1.9030557870864868,1.6832908391952515,1.4977308511734009,1.1310255527496338,1.1197261810302734,1.42912757396698,1.4779702425003052,1.5473822355270386,1.2846930027008057,0.9983878135681152,1.0675053596496582,1.1079950332641602,1.0113977193832397,1.1270843744277954,1.4608582258224487,1.468617558479309,1.1471827030181885,1.1355276107788086,0.8932157158851624,0.8464624285697937,0.9092794060707092,0.8579765558242798,0.7009119391441345,0.506809413433075,0.36980655789375305,0.0,0.3825390338897705,0.5816451907157898,0.8947598338127136,1.0851439237594604,1.7203772068023682,1.4010286331176758,1.2205028533935547,0.8815878033638,0.7414976358413696,0.9668198823928833,0.9389840364456177,1.012405276298523,0.8199900388717651,0.4856093227863312,0.6813614964485168,0.8281586170196533,0.9602516293525696,1.1844860315322876,1.5032585859298706,2.094841718673706,1.854396939277649,1.7996503114700317,1.4720458984375,1.4846822023391724,1.6636444330215454,1.59780752658844,1.5268776416778564,1.3239929676055908,1.0551358461380005,0.8649612665176392,0.9886946082115173,0.7676580548286438,1.0411145687103271,1.2338076829910278,2.1159424781799316,1.7964825630187988,1.6260751485824585,1.3130780458450317,1.0761775970458984,1.2391993999481201,1.0704251527786255,1.225839376449585,1.1557286977767944,0.7856441736221313,0.9580263495445251,1.2181073427200317,1.3208045959472656,1.5813153982162476,1.8786797523498535
B12,1.6773966550827026,1.4609171152114868,1.2134581804275513,0.8471028208732605,0.840507447719574,1.1889699697494507,1.3123440742492676,1.4210692644119263,1.1420576572418213,0.9025990962982178,1.0784635543823242,1.0615612268447876,1.0654726028442383,1.115821123123169,1.4823020696640015,1.1693055629730225,0.8992595672607422,0.9051364660263062,0.6720659136772156,0.8003159165382385,0.9054563641548157,1.0089844465255737,0.828823983669281,0.491598516702652,0.5428107976913452,0.3825390338897705,0.0,0.3728846311569214,0.5675583481788635,0.7674062252044678,1.4240703582763672,1.1507925987243652,0.950266420841217,0.5851401686668396,0.6044769287109375,0.8988021016120911,1.0231207609176636,1.0588253736495972,0.759739875793457,0.5732253193855286,0.7433447241783142,0.6944034099578857,0.8397428393363953,0.9500611424446106,1.29999577999115,2.4127838611602783,2.142510175704956,2.0826926231384277,1.754023551940918,1.6951671838760376,1.847481608390808,1.7067569494247437,1.6644632816314697,1.5358920097351074,1.22908616065979,1.0630799531936646,1.2814302444458008,1.1091299057006836,1.4122875928878784,1.5858511924743652,2.423999547958374,2.1056199073791504,1.9724150896072388,1.6654572486877441,1.443066120147705,1.5715314149856567,1.35177743434906,1.468469500541687,1.4385621547698975,1.0717111825942993,1.1492763757705688,1.4561352729797363,1.5025148391723633,1.8013213872909546,2.069746971130371
B13,1.7054823637008667,1.4240343570709229,1.1689757108688354,0.8210859298706055,0.6461685299873352,0.9656066298484802,1.0185213088989258,1.1924216747283936,0.9892553687095642,0.6962028741836548,0.9595409035682678,1.0459990501403809,1.1474695205688477,1.2802467346191406,1.633725881576538,1.4087849855422974,1.1994662284851074,1.1737691164016724,0.8922373652458191,1.0470012426376343,1.231553554534912,1.329879641532898,1.1820461750030518,0.8538926243782043,0.7957808971405029,0.5816451907157898,0.3728846311569214,0.0,0.37632423639297485,0.5662980675697327,1.3131400346755981,1.0518202781677246,0.9803138971328735,0.682437002658844,0.8218554854393005,1.0140557289123535,1.1252022981643677,1.0277974605560303,0.6886186599731445,0.5787813663482666,0.5401332974433899,0.3858628571033478,0.4692431688308716,0.6111302971839905,0.943638026714325,2.3100757598876953,2.0044214725494385,1.9608707427978516,1.6588943004608154,1.5465993881225586,1.6375317573547363,1.4394744634628296,1.3942219018936157,1.3364909887313843,1.0313464403152466,0.8789178729057312,1.1831982135772705,1.1088956594467163,1.4587624073028564,1.6309703588485718,2.473724842071533,2.191396713256836,2.063493490219116,1.730545997619629,1.5789403915405273,1.7583221197128296,1.5972611904144287,1.672414779663086,1.5687223672866821,1.2036707401275635,1.2117249965667725,1.4676803350448608,1.4245460033416748,1.7020978927612305,1.9731355905532837
