,A1,A2,A3,A4,A5,A6,A7,A8,A9,A10,A11,A12,A13,A14,A15,B1,B2,B3,B4,B5,B6,B7,B8,B9,B10,B11,B12,B13,B14,B15,C1,C2,C3,C4,C5,C6,C7,C8,C9,C10,C11,C12,C13,C14,C15,D1,D2,D3,D4,D5,D6,D7,D8,D9,D10,D11,D12,D13,D14,D15,E1,E2,E3,E4,E5,E6,E7,E8,E9,E10,E11,E12,E13,E14,E15
A1,0.0,0.3772241175174713,0.6502372026443481,0.9453905820846558,1.183890700340271,1.5569742918014526,1.9092581272125244,2.0379481315612793,2.248258352279663,2.029311418533325,2.2515971660614014,2.034165382385254,2.31781005859375,2.1721248626708984,2.3345863819122314,1.8464568853378296,1.5455405712127686,1.8160672187805176,1.7277781963348389,1.823078989982605,2.151440382003784,2.0021960735321045,2.013082504272461,2.308337926864624,2.1392362117767334,2.4373717308044434,2.2522032260894775,2.565467596054077,2.4646432399749756,2.5379016399383545,1.455001711845398,1.7296442985534668,1.7552446126937866,1.9855982065200806,2.059182643890381,2.372419595718384,2.6335201263427734,2.7343268394470215,2.465951919555664,2.456890344619751,2.4194936752319336,2.2788279056549072,2.1785831451416016,2.172635555267334,1.942905306816101,4.932559490203857,4.644668102264404,4.389284610748291,4.025259494781494,3.8322885036468506,3.6043174266815186,3.2063632011413574,2.909271001815796,3.1756184101104736,3.0668320655822754,3.1336405277252197,3.4674322605133057,3.531822919845581,3.891491174697876,4.235168933868408,4.884505271911621,4.574537754058838,4.409586429595947,4.037865161895752,3.8889873027801514,3.602959394454956,3.233398914337158,2.9186558723449707,3.1112778186798096,2.8987724781036377,2.9955930709838867,3.3514857292175293,3.5090737342834473,3.8915345668792725,4.270562648773193
A2,0.3772241175174713,0.0,0.40175801515579224,0.7182565927505493,0.885312020778656,1.230484962463379,1.5938856601715088,1.696847915649414,1.922438144683838,1.7233710289001465,1.9821606874465942,1.8043447732925415,2.1226677894592285,2.0330708026885986,2.2160797119140625,2.0286614894866943,1.6983616352081299,1.9131572246551514,1.7482514381408691,1.8312156200408936,2.1154367923736572,1.9385950565338135,1.8772025108337402,2.1301422119140625,1.911123275756836,2.183932065963745,1.966372013092041,2.2556214332580566,2.144400119781494,2.190068244934082,1.4999821186065674,1.701628565788269,1.6909570693969727,1.8629904985427856,1.87790846824646,2.148381471633911,2.374924898147583,2.4467077255249023,2.169332265853882,2.200108289718628,2.1532070636749268,2.0594136714935303,1.9524787664413452,2.0067427158355713,1.8300285339355469,4.630548477172852,4.33543586730957,4.092075347900391,3.7354214191436768,3.54409122467041,3.3004283905029297,2.9054043292999268,2.5935404300689697,2.8506572246551514,2.740551233291626,2.831606864929199,3.156526565551758,3.242548942565918,3.5962133407592773,3.9538967609405518,4.583234786987305,4.2657270431518555,4.114546775817871,3.751018524169922,3.599741220474243,3.3316762447357178,2.965198278427124,2.6319615840911865,2.8118817806243896,2.6190245151519775,2.7107062339782715,3.079559803009033,3.223689556121826,3.616295576095581,3.9896206855773926
A3,0.6502372026443481,0.40175801515579224,0.0,0.4012475907802582,0.5456241369247437,0.9351902008056641,1.3065003156661987,1.4837545156478882,1.7554622888565063,1.6141360998153687,1.8674789667129517,1.746790885925293,2.0728628635406494,2.0165140628814697,2.261121988296509,2.3032608032226562,1.9574769735336304,2.135209798812866,1.9562718868255615,1.9673386812210083,2.2098300457000732,1.9716403484344482,1.852472186088562,2.1036195755004883,1.8658241033554077,2.156841516494751,1.9559223651885986,2.2333085536956787,2.1646804809570312,2.179255485534668,1.4824998378753662,1.6283549070358276,1.5323677062988281,1.6479088068008423,1.621866226196289,1.8872319459915161,2.132697343826294,2.246943235397339,2.01407790184021,2.077232599258423,2.0945799350738525,2.0461907386779785,2.0036606788635254,2.1118903160095215,1.9923269748687744,4.454934597015381,4.178273677825928,3.9572196006774902,3.5918374061584473,3.4339542388916016,3.204096555709839,2.822284460067749,2.4812541007995605,2.6979475021362305,2.539116144180298,2.5984177589416504,2.909621000289917,2.9647886753082275,3.312319278717041,3.66263484954834,4.399820804595947,4.098367691040039,3.972663402557373,3.6024866104125977,3.4870645999908447,3.242675542831421,2.8928143978118896,2.5439703464508057,2.672840118408203,2.455512523651123,2.4921700954437256,2.846933126449585,2.9634571075439453,3.3517091274261475,3.7311036586761475
A4,0.9453905820846558,0.7182565927505493,0.4012475907802582,0.0,0.36770161986351013,0.714363694190979,1.0131646394729614,1.228488802909851,1.4762533903121948,1.3460679054260254,1.5559685230255127,1.4568065404891968,1.7693021297454834,1.7302073240280151,2.0179972648620605,2.3387789726257324,1.9770137071609497,2.08929705619812,1.8852792978286743,1.8246406316757202,2.0134942531585693,1.7289377450942993,1.564178466796875,1.813254952430725,1.5822491645812988,1.897693157196045,1.7426464557647705,2.0318284034729004,2.0270371437072754,2.0647776126861572,1.272716760635376,1.339267611503601,1.1917710304260254,1.2635058164596558,1.221161961555481,1.4930107593536377,1.7568070888519287,1.9028288125991821,1.6996448040008545,1.7491953372955322,1.8189716339111328,1.7819461822509766,1.8047869205474854,1.9392902851104736,1.8711243867874146,4.126882076263428,3.8657965660095215,3.644350528717041,3.268630266189575,3.128934621810913,2.9245166778564453,2.5513722896575928,2.2094836235046387,2.4128592014312744,2.238499164581299,2.259847640991211,2.580157518386841,2.6137466430664062,2.968979597091675,3.307042121887207,4.068310737609863,3.781132221221924,3.6540353298187256,3.2742347717285156,3.18119215965271,2.9386370182037354,2.600151777267456,2.257544994354248,2.364654779434204,2.1183598041534424,2.139486789703369,2.480750322341919,2.6064374446868896,2.986234426498413,3.3697586059570312
A5,1.183890700340271,0.885312020778656,0.5456241369247437,0.36770161986351013,0.0,0.403413861989975,0.7766657471656799,1.0023630857467651,1.3208770751953125,1.2685624361038208,1.5326905250549316,1.5178632736206055,1.8601137399673462,1.892926573753357,2.1900219917297363,2.6533093452453613,2.2887470722198486,2.389355421066284,2.1510651111602783,2.100651741027832,2.2564361095428467,1.965276837348938,1.739615559577942,1.9259766340255737,1.6398680210113525,1.9046099185943604,1.7070302963256836,1.939353346824646,1.9168230295181274,1.888999342918396,1.6064711809158325,1.6211133003234863,1.4388468265533447,1.4241832494735718,1.2874503135681152,1.4731460809707642,1.6824755668640137,1.7982476949691772,1.6052402257919312,1.7352253198623657,1.803967833518982,1.8449023962020874,1.8609458208084106,2.0607659816741943,2.0431249141693115,3.987647771835327,3.7214999198913574,3.5278196334838867,3.1646676063537598,3.0376951694488525,2.8123250007629395,2.452533721923828,2.0825068950653076,2.250823497772217,2.0519979000091553,2.103768825531006,2.395991086959839,2.448826313018799,2.7870686054229736,3.1437342166900635,3.9277749061584473,3.6346797943115234,3.5391061305999756,3.1735775470733643,3.0870981216430664,2.880991220474243,2.556260824203491,2.1882636547088623,2.2567148208618164,2.0401628017425537,2.0254838466644287,2.37679123878479,2.461273670196533,2.8532989025115967,3.229363203048706
A6,1.5569742918014526,1.230484962463379,0.9351902008056641,0.714363694190979,0.403413861989975,0.0,0.4110037386417389,0.6338139176368713,0.9950295686721802,1.0337083339691162,1.3150299787521362,1.3971734046936035,1.7447004318237305,1.85682213306427,2.1671547889709473,2.9019644260406494,2.532323122024536,2.583364963531494,2.3036699295043945,2.231846570968628,2.324397325515747,2.0196778774261475,1.7242568731307983,1.83474862575531,1.510222315788269,1.721872091293335,1.5171726942062378,1.6926666498184204,1.6960891485214233,1.6293950080871582,1.8074467182159424,1.7386837005615234,1.5308997631072998,1.4225791692733765,1.1972112655639648,1.2716983556747437,1.4065018892288208,1.4846341609954834,1.312057614326477,1.5110087394714355,1.5962252616882324,1.717899203300476,1.7593950033187866,2.0260396003723145,2.0839345455169678,3.6290276050567627,3.3621864318847656,3.1881699562072754,2.834481954574585,2.722865343093872,2.4915575981140137,2.1511027812957764,1.763129711151123,1.8952938318252563,1.6778450012207031,1.7489944696426392,2.024240016937256,2.099848985671997,2.4287402629852295,2.799720287322998,3.5685651302337646,3.2737085819244385,3.1993961334228516,2.844971179962158,2.7692933082580566,2.5961687564849854,2.292454719543457,1.911476731300354,1.9368247985839844,1.7433034181594849,1.700852632522583,2.0581820011138916,2.1185832023620605,2.5188212394714355,2.8853812217712402
A7,1.9092581272125244,1.5938856601715088,1.3065003156661987,1.0131646394729614,0.7766657471656799,0.4110037386417389,0.0,0.3927535116672516,0.7221616506576538,0.8685142397880554,1.0854365825653076,1.2641773223876953,1.5758503675460815,1.748996615409851,2.0822150707244873,3.0831668376922607,2.713144302368164,2.708677053451538,2.409872055053711,2.289778470993042,2.31315016746521,1.9872692823410034,1.638181209564209,1.6886612176895142,1.3662776947021484,1.548261284828186,1.3970681428909302,1.535123586654663,1.6172016859054565,1.5574003458023071,1.8885823488235474,1.7336571216583252,1.49569833278656,1.2942389249801636,0.9961302876472473,0.9539753794670105,1.0297974348068237,1.113614797592163,1.0060418844223022,1.2447351217269897,1.3955168724060059,1.5779762268066406,1.6887550354003906,1.9954359531402588,2.122911214828491,3.2441322803497314,2.9918339252471924,2.829254627227783,2.4718120098114014,2.3889899253845215,2.1817076206207275,1.8680170774459839,1.4743669033050537,1.5606037378311157,1.3085942268371582,1.3469212055206299,1.6223196983337402,1.6906415224075317,2.0244810581207275,2.3946752548217773,3.179929733276367,2.8976552486419678,2.8347649574279785,2.478182077407837,2.432372808456421,2.2837860584259033,2.0098185539245605,1.6346529722213745,1.602360486984253,1.3956727981567383,1.3079736232757568,1.6560989618301392,1.7077077627182007,2.1079938411712646,2.4745426177978516
A8,2.0379481315612793,1.696847915649414,1.4837545156478882,1.228488802909851,1.0023630857467651,0.6338139176368713,0.3927535116672516,0.0,0.4025326371192932,0.6051396131515503,0.8869045376777649,1.1142702102661133,1.43864107131958,1.6679307222366333,1.9597740173339844,3.083223342895508,2.718433380126953,2.685131549835205,2.350951671600342,2.2569620609283447,2.2487282752990723,1.956141471862793,1.5840424299240112,1.5547847747802734,1.193556308746338,1.28850519657135,1.091416358947754,1.1741456985473633,1.2472116947174072,1.1749109029769897,2.0162243843078613,1.8451396226882935,1.6643320322036743,1.4730552434921265,1.1866614818572998,1.0761957168579102,1.027780532836914,0.9595751166343689,0.7677674889564514,1.064496397972107,1.1366721391677856,1.3769053220748901,1.448407769203186,1.7967636585235596,1.9686726331710815,3.031139850616455,2.747978448867798,2.573293685913086,2.2325329780578613,2.115647792816162,1.8715770244598389,1.5467435121536255,1.1479438543319702,1.2664093971252441,1.0766501426696777,1.2162210941314697,1.4995638132095337,1.6557581424713135,1.9833954572677612,2.375446081161499,2.9768295288085938,2.6653811931610107,2.589120626449585,2.248662233352661,2.1604511737823486,2.0139319896698,1.7315120697021484,1.34119713306427,1.3356901407241821,1.198933720588684,1.1856176853179932,1.5714139938354492,1.6461328268051147,2.058687448501587,2.4013447761535645
A9,2.248258352279663,1.922438144683838,1.7554622888565063,1.4762533903121948,1.3208770751953125,0.9950295686721802,0.7221616506576538,0.4025326371192932,0.0,0.36850506067276,0.5641375780105591,0.8725038170814514,1.1505837440490723,1.4393961429595947,1.7078138589859009,3.0497522354125977,2.6962811946868896,2.6064319610595703,2.2531237602233887,2.1380953788757324,2.065246343612671,1.7901688814163208,1.3920884132385254,1.2761141061782837,0.9196405410766602,0.9418895840644836,0.7983047366142273,0.8564607501029968,1.0282888412475586,1.038751244544983,2.019712209701538,1.7969915866851807,1.6568118333816528,1.4503059387207031,1.182880163192749,1.0049680471420288,0.8541745543479919,0.6612181663513184,0.3900849521160126,0.7184741497039795,0.7771854400634766,1.075954556465149,1.1860167980194092,1.5607330799102783,1.7971305847167969,2.7236149311065674,2.429938316345215,2.223731756210327,1.8772317171096802,1.7369143962860107,1.4980989694595337,1.1597390174865723,0.7709247469902039,0.9428181648254395,0.832994282245636,0.9963903427124023,1.3185774087905884,1.517582654953003,1.8544337749481201,2.2373616695404053,2.675855875015259,2.3547310829162598,2.242480516433716,1.8954988718032837,1.7845516204833984,1.6175936460494995,1.32908034324646,0.9392992854118347,0.9591301679611206,0.8394238948822021,0.9207262992858887,1.3236684799194336,1.460883617401123,1.8650214672088623,2.1926515102386475
A10,2.029311418533325,1.7233710289001465,1.6141360998153687,1.3460679054260254,1.2685624361038208,1.0337083339691162,0.8685142397880554,0.6051396131515503,0.36850506067276,0.0,0.3870280086994171,0.5598188042640686,0.8916820287704468,1.1442227363586426,1.3910162448883057,2.695173978805542,2.3463425636291504,2.2479248046875,1.8893338441848755,1.7873176336288452,1.7264189720153809,1.4709786176681519,1.0914983749389648,0.9968313574790955,0.6165300607681274,0.7031174898147583,0.5375397801399231,0.7529728412628174,0.9102168679237366,1.036699652671814,1.7510361671447754,1.5489734411239624,1.471505880355835,1.3366206884384155,1.1475569009780884,1.0730273723602295,1.007360816001892,0.8507888913154602,0.4889320135116577,0.618010401725769,0.5726575255393982,0.7797027230262756,0.8561130166053772,1.2133874893188477,1.4315959215164185,2.9215705394744873,2.6193649768829346,2.368741035461426,2.0163745880126953,1.8285406827926636,1.5936821699142456,1.2104114294052124,0.8871335387229919,1.1647239923477173,1.1390405893325806,1.277636170387268,1.6261950731277466,1.8105497360229492,2.1610095500946045,2.5260136127471924,2.8809797763824463,2.5547308921813965,2.392078161239624,2.035705804824829,1.8826278448104858,1.645490050315857,1.3041088581085205,0.9355003833770752,1.091084361076355,0.9499585628509521,1.1381218433380127,1.533043384552002,1.7296587228775024,2.118732213973999,2.4485132694244385
A11,2.2515971660614014,1.9821606874465942,1.8674789667129517,1.5559685230255127,1.5326905250549316,1.3150299787521362,1.0854365825653076,0.8869045376777649,0.5641375780105591,0.3870280086994171,0.0,0.38896670937538147,0.5901315212249756,0.9063453078269958,1.1742753982543945,2.709620714187622,2.37445068359375,2.220669984817505,1.8722009658813477,1.7066893577575684,1.5692296028137207,1.301241159439087,0.8915585279464722,0.7217320203781128,0.4058237075805664,0.5161349773406982,0.5981040000915527,0.8238223791122437,1.0976245403289795,1.290722131729126,1.700739860534668,1.4295650720596313,1.3647518157958984,1.1965144872665405,1.0367051362991333,0.9187312722206116,0.8194941282272339,0.6644861698150635,0.35439953207969666,0.23978964984416962,0.35781073570251465,0.5691857933998108,0.8106096982955933,1.1398414373397827,1.4099416732788086,2.711170196533203,2.4301116466522217,2.153177499771118,1.780352234840393,1.6005966663360596,1.428780198097229,1.0607494115829468,0.8090279698371887,1.0876740217208862,1.0941106081008911,1.1483162641525269,1.519792079925537,1.6748533248901367,2.033398151397705,2.3633036613464355,2.669929265975952,2.3644676208496094,2.169008731842041,1.7912505865097046,1.6561447381973267,1.3852887153625488,1.0481340885162354,0.7292094826698303,0.8985760807991028,0.6848832964897156,0.941693127155304,1.3010551929473877,1.5591075420379639,1.9163222312927246,2.242422580718994
A12,2.034165382385254,1.8043447732925415,1.746790885925293,1.4568065404891968,1.5178632736206055,1.3971734046936035,1.2641773223876953,1.1142702102661133,0.8725038170814514,0.5598188042640686,0.38896670937538147,0.0,0.3792162537574768,0.5859106779098511,0.8482343554496765,2.3268210887908936,1.9972037076950073,1.8327902555465698,1.4860756397247314,1.3197730779647827,1.1986606121063232,0.9414526224136353,0.5527362823486328,0.4585696756839752,0.12838025391101837,0.5084298253059387,0.6169012784957886,0.9679631590843201,1.18119478225708,1.4407813549041748,1.4009239673614502,1.1584552526474,1.180647850036621,1.1195391416549683,1.0740269422531128,1.0954692363739014,1.1116247177124023,1.034113883972168,0.7425824999809265,0.5126461386680603,0.4739105701446533,0.3516414761543274,0.5866539478302002,0.8282592296600342,1.054178237915039,3.0229952335357666,2.742199659347534,2.437283515930176,2.069366455078125,1.8602900505065918,1.7006443738937378,1.3209428787231445,1.133714199066162,1.4501914978027344,1.4822328090667725,1.5251363515853882,1.9002821445465088,2.0330846309661865,2.3976857662200928,2.7120563983917236,2.9868199825286865,2.6847236156463623,2.4556450843811035,2.079763650894165,1.9187666177749634,1.5979560613632202,1.2362979650497437,0.9847033619880676,1.234285831451416,1.026639461517334,1.3004915714263916,1.6333954334259033,1.913084626197815,2.254305124282837,2.5822787284851074
A13,2.31781005859375,2.1226677894592285,2.0728628635406494,1.7693021297454834,1.8601137399673462,1.7447004318237305,1.5758503675460815,1.43864107131958,1.1505837440490723,0.8916820287704468,0.5901315212249756,0.3792162537574768,0.0,0.3788718581199646,0.6201708912849426,2.3599092960357666,2.060410737991333,1.832550287246704,1.5086309909820557,1.2845650911331177,1.0573008060455322,0.8246454000473022,0.45793023705482483,0.14540749788284302,0.3067416548728943,0.5384440422058105,0.8317294120788574,1.1332758665084839,1.4018335342407227,1.6988332271575928,1.4614710807800293,1.1667002439498901,1.2352677583694458,1.1727161407470703,1.186366081237793,1.185133695602417,1.179429531097412,1.1097559928894043,0.9057856798171997,0.5469755530357361,0.561072826385498,0.3148319125175476,0.6832649111747742,0.8181179761886597,1.0867998600006104,2.9051356315612793,2.645219087600708,2.313786268234253,1.9464186429977417,1.7378849983215332,1.6449497938156128,1.3045059442520142,1.2188851833343506,1.5217127799987793,1.5952719449996948,1.5862525701522827,1.9542433023452759,2.0656492710113525,2.4207675457000732,2.694492816925049,2.8727221488952637,2.5932536125183105,2.3273167610168457,1.9501527547836304,1.7959893941879272,1.4415454864501953,1.1039953231811523,0.9681200981140137,1.2310439348220825,1.015013575553894,1.3287270069122314,1.5941059589385986,1.9176595211029053,2.2107760906219482,2.5179548263549805
A14,2.1721248626708984,2.0330708026885986,2.0165140628814697,1.7302073240280151,1.892926573753357,1.85682213306427,1.748996615409851,1.6679307222366333,1.4393961429595947,1.1442227363586426,0.9063453078269958,0.5859106779098511,0.3788718581199646,0.0,0.3917175531387329,2.0351998805999756,1.7475316524505615,1.5033754110336304,1.2141228914260864,0.9423547387123108,0.7113481163978577,0.44957029819488525,0.1750054508447647,0.2788762152194977,0.5659151673316956,0.8588079214096069,1.0978672504425049,1.4422839879989624,1.6609808206558228,1.971308708190918,1.1697278022766113,0.8973326683044434,1.0627968311309814,1.1119160652160645,1.2364872694015503,1.347470760345459,1.436956524848938,1.440742015838623,1.242740511894226,0.8994409441947937,0.9094185829162598,0.570868968963623,0.8210026621818542,0.7795778512954712,0.9286224842071533,3.2464241981506348,2.9988529682159424,2.659886360168457,2.294419527053833,2.088239908218384,2.010925054550171,1.6739778518676758,1.5918606519699097,1.897371530532837,1.9517467021942139,1.9206748008728027,2.2932865619659424,2.371364116668701,2.733595848083496,2.9923439025878906,3.2136380672454834,2.9475672245025635,2.6709983348846436,2.294400215148926,2.1458237171173096,1.7792295217514038,1.452242374420166,1.342926025390625,1.6079936027526855,1.373968482017517,1.6563265323638916,1.904922366142273,2.229430913925171,2.5116634368896484,2.8276526927948
A15,2.3345863819122314,2.2160797119140625,2.261121988296509,2.0179972648620605,2.1900219917297363,2.1671547889709473,2.0822150707244873,1.9597740173339844,1.7078138589859009,1.3910162448883057,1.1742753982543945,0.8482343554496765,0.6201708912849426,0.3917175531387329,0.0,1.9057366847991943,1.6632163524627686,1.3618963956832886,1.0712196826934814,0.8416352272033691,0.5169486403465271,0.5052768588066101,0.5234529972076416,0.4747825264930725,0.7883576154708862,0.9495795369148254,1.195177674293518,1.5172688961029053,1.709106683731079,2.0616354942321777,1.3710240125656128,1.1661195755004883,1.3992027044296265,1.4909178018569946,1.6280109882354736,1.7270264625549316,1.78035569190979,1.7289438247680664,1.507201075553894,1.1622010469436646,1.0636705160140991,0.6780412197113037,0.8036593794822693,0.5973079204559326,0.7407283186912537,3.358046531677246,3.099397659301758,2.736110210418701,2.400228500366211,2.156604290008545,2.08211350440979,1.7582131624221802,1.7489069700241089,2.081587314605713,2.1973562240600586,2.200687885284424,2.56356143951416,2.6714019775390625,3.0217738151550293,3.2751049995422363,3.337315797805786,3.0644772052764893,2.755260705947876,2.4058706760406494,2.2146236896514893,1.8248984813690186,1.504104733467102,1.4638534784317017,1.7824947834014893,1.6105469465255737,1.9402085542678833,2.17795467376709,2.5157105922698975,2.7824456691741943,3.07230281829834
B1,1.8464568853378296,2.0286614894866943,2.3032608032226562,2.3387789726257324,2.6533093452453613,2.9019644260406494,3.0831668376922607,3.083223342895508,3.0497522354125977,2.695173978805542,2.709620714187622,2.3268210887908936,2.3599092960357666,2.0351998805999756,1.9057366847991943,0.0,0.37071529030799866,0.545061469078064,0.8802101016044617,1.0986039638519287,1.4379065036773682,1.6332324743270874,1.9735296964645386,2.247340440750122,2.3547871112823486,2.6006860733032227,2.6017980575561523,2.960533857345581,2.9309773445129395,3.2135417461395264,1.5546103715896606,1.8357868194580078,2.1605420112609863,2.5100865364074707,2.7617955207824707,3.073450803756714,3.2953715324401855,3.3398451805114746,3.054123640060425,2.821859121322632,2.6969196796417236,2.3432867527008057,2.2164852619171143,1.8963134288787842,1.517813801765442,5.2387847900390625,4.959835529327393,4.6061015129089355,4.269768238067627,4.011058330535889,3.8675079345703125,3.4950642585754395,3.3896842002868652,3.7460668087005615,3.7928245067596436,3.8307721614837646,4.21027946472168,4.2921223640441895,4.669063568115234,4.955241680145264,5.215211868286133,4.922651767730713,4.631574630737305,4.280191898345947,4.071039199829102,3.688598155975342,3.336454153060913,3.2048981189727783,3.528804302215576,3.337078094482422,3.5965676307678223,3.892955780029297,4.183517932891846,4.49956750869751,4.838248252868652
B2,1.5455405712127686,1.6983616352081299,1.9574769735336304,1.9770137071609497,2.2887470722198486,2.532323122024536,2.713144302368164,2.718433380126953,2.6962811946868896,2.3463425636291504,2.37445068359375,1.9972037076950073,2.060410737991333,1.7475316524505615,1.6632163524627686,0.37071529030799866,0.0,0.3926127851009369,0.628818929195404,0.8452727198600769,1.2250436544418335,1.361944556236267,1.668542742729187,1.958058476448059,2.0350069999694824,2.29955792427063,2.2863965034484863,2.6530842781066895,2.628126621246338,2.898977279663086,1.2471383810043335,1.529639482498169,1.8398743867874146,2.1817843914031982,2.4177615642547607,2.728794813156128,2.9528214931488037,3.0013210773468018,2.714228868484497,2.4975476264953613,2.3832244873046875,2.0434651374816895,1.9249043464660645,1.638246774673462,1.2644734382629395,4.953554630279541,4.672886848449707,4.329245090484619,3.9843525886535645,3.733362913131714,3.5800914764404297,3.199655532836914,3.07002592086792,3.420198678970337,3.451099157333374,3.4899251461029053,3.8688414096832275,3.9503843784332275,4.328208923339844,4.62210750579834,4.926270961761475,4.630529403686523,4.35358190536499,3.9947192668914795,3.7936041355133057,3.419074773788452,3.0591626167297363,2.9018442630767822,3.213837146759033,3.0147531032562256,3.2615911960601807,3.567427635192871,3.8481507301330566,4.173625946044922,4.518500328063965
B3,1.8160672187805176,1.9131572246551514,2.135209798812866,2.08929705619812,2.389355421066284,2.583364963531494,2.708677053451538,2.685131549835205,2.6064319610595703,2.2479248046875,2.220669984817505,1.8327902555465698,1.832550287246704,1.5033754110336304,1.3618963956832886,0.545061469078064,0.3926127851009369,0.0,0.3919290006160736,0.5649812817573547,0.895429790019989,1.106943964958191,1.4556515216827393,1.7146626710891724,1.8507310152053833,2.0952682495117188,2.1365389823913574,2.5011146068573,2.5153963565826416,2.8218984603881836,1.2244329452514648,1.4241023063659668,1.768219232559204,2.090730667114258,2.335697650909424,2.6185669898986816,2.816382884979248,2.8478286266326904,2.5714597702026367,2.314687728881836,2.1953442096710205,1.8281655311584473,1.732310175895691,1.4025934934616089,1.0472302436828613,4.703203201293945,4.430063247680664,4.073855400085449,3.7365260124206543,3.4818055629730225,3.35306453704834,2.9880270957946777,2.898796558380127,3.2533278465270996,3.312202215194702,3.340435743331909,3.7198565006256104,3.8046650886535645,4.178585052490234,4.457178115844727,4.679902076721191,4.392940521240234,4.097536563873291,3.74550461769104,3.54144549369812,3.156689167022705,2.8099589347839355,2.6936519145965576,3.0177431106567383,2.8253326416015625,3.098001718521118,3.3835575580596924,3.685695171356201,3.991860866546631,4.321987152099609
B4,1.7277781963348389,1.7482514381408691,1.9562718868255615,1.8852792978286743,2.1510651111602783,2.3036699295043945,2.409872055053711,2.350951671600342,2.2531237602233887,1.8893338441848755,1.8722009658813477,1.4860756397247314,1.5086309909820557,1.2141228914260864,1.0712196826934814,0.8802101016044617,0.628818929195404,0.3919290006160736,0.0,0.3814500570297241,0.695228099822998,0.8834081292152405,1.170050859451294,1.39453125,1.4986746311187744,1.72458016872406,1.7507730722427368,2.111823797225952,2.1246583461761475,2.4358246326446533,1.1669607162475586,1.2977516651153564,1.621173620223999,1.9018075466156006,2.1049692630767822,2.353217124938965,2.517658233642578,2.5150694847106934,2.220902442932129,1.9757030010223389,1.8281712532043457,1.468880295753479,1.3472721576690674,1.0270851850509644,0.6644216179847717,4.367710113525391,4.082773208618164,3.7303597927093506,3.3964571952819824,3.1336512565612793,2.987490653991699,2.616743326187134,2.525099277496338,2.885409116744995,2.95698618888855,3.0078623294830322,3.3849706649780273,3.4931914806365967,3.864333391189575,4.156496524810791,4.345898151397705,4.047116279602051,3.757378339767456,3.4091358184814453,3.1938042640686035,2.813901662826538,2.4581139087677,2.328354597091675,2.6601150035858154,2.48640775680542,2.7726540565490723,3.0732476711273193,3.3725943565368652,3.6894118785858154,4.015258312225342
B5,1.823078989982605,1.8312156200408936,1.9673386812210083,1.8246406316757202,2.100651741027832,2.231846570968628,2.289778470993042,2.2569620609283447,2.1380953788757324,1.7873176336288452,1.7066893577575684,1.3197730779647827,1.2845650911331177,0.9423547387123108,0.8416352272033691,1.0986039638519287,0.8452727198600769,0.5649812817573547,0.3814500570297241,0.0,0.3977460563182831,0.5448641777038574,0.8982394933700562,1.1674233675003052,1.3340988159179688,1.6039643287658691,1.6979304552078247,2.07320499420166,2.1507413387298584,2.4675281047821045,0.9264200329780579,0.9888456463813782,1.333658218383789,1.6126997470855713,1.8463680744171143,2.0999486446380615,2.2810072898864746,2.3148419857025146,2.060232639312744,1.778969168663025,1.6939035654067993,1.3193715810775757,1.299937129020691,1.0036226511001587,0.7416524887084961,4.165012836456299,3.902611255645752,3.5510852336883545,3.2030742168426514,2.964625120162964,2.853766441345215,2.494595527648926,2.4049346446990967,2.7467997074127197,2.8002097606658936,2.80594539642334,3.1849958896636963,3.2619359493255615,3.6337101459503174,3.903512716293335,4.137984752655029,3.860189199447632,3.569995641708374,3.208461046218872,3.0237717628479004,2.641939163208008,2.299778461456299,2.185358762741089,2.4933958053588867,2.284087657928467,2.5553512573242188,2.8281586170196533,3.1368980407714844,3.4342260360717773,3.7616946697235107
B6,2.151440382003784,2.1154367923736572,2.2098300457000732,2.0134942531585693,2.2564361095428467,2.324397325515747,2.31315016746521,2.2487282752990723,2.065246343612671,1.7264189720153809,1.5692296028137207,1.1986606121063232,1.0573008060455322,0.7113481163978577,0.5169486403465271,1.4379065036773682,1.2250436544418335,0.895429790019989,0.695228099822998,0.3977460563182831,0.0,0.38025420904159546,0.7383160591125488,0.9224289655685425,1.181396722793579,1.4117920398712158,1.5867676734924316,1.9414926767349243,2.07550311088562,2.4180922508239746,1.1201226711273193,1.0398029088974,1.3676587343215942,1.5811598300933838,1.801965594291687,1.999505639076233,2.1360626220703125,2.146904468536377,1.9190959930419922,1.5934067964553833,1.5155240297317505,1.1242531538009644,1.1694384813308716,0.864295482635498,0.742883026599884,3.862427234649658,3.6112356185913086,3.249112844467163,2.9091758728027344,2.672293186187744,2.5952906608581543,2.261554002761841,2.221472978591919,2.557016611099243,2.6399898529052734,2.6297621726989746,3.002187490463257,3.0812411308288574,3.4431045055389404,3.6927692890167236,3.8389883041381836,3.573511838912964,3.266143560409546,2.9121830463409424,2.730128288269043,2.3406481742858887,2.0201778411865234,1.959686517715454,2.2708592414855957,2.0708961486816406,2.366992473602295,2.608593225479126,2.938190460205078,3.208986520767212,3.5163464546203613
B7,2.0021960735321045,1.9385950565338135,1.9716403484344482,1.7289377450942993,1.965276837348938,2.0196778774261475,1.9872692823410034,1.956141471862793,1.7901688814163208,1.4709786176681519,1.301241159439087,0.9414526224136353,0.8246454000473022,0.44957029819488525,0.5052768588066101,1.6332324743270874,1.361944556236267,1.106943964958191,0.8834081292152405,0.5448641777038574,0.38025420904159546,0.0,0.4162651300430298,0.7166028022766113,0.9508880972862244,1.2575879096984863,1.4359444379806519,1.8059990406036377,1.968502163887024,2.2815659046173096,0.8790684938430786,0.7098343372344971,1.0079751014709473,1.2025331258773804,1.423638939857483,1.6351145505905151,1.7999712228775024,1.8524051904678345,1.6467337608337402,1.3279422521591187,1.3216131925582886,0.9589925408363342,1.0912197828292847,0.9051947593688965,0.8608969449996948,3.685418128967285,3.443281650543213,3.0998568534851074,2.73728609085083,2.5287394523620605,2.451517343521118,2.1096205711364746,2.020476818084717,2.333595037460327,2.3718552589416504,2.3346855640411377,2.710862636566162,2.7664449214935303,3.134601354598999,3.386395215988159,3.652557611465454,3.3928451538085938,3.1105730533599854,2.73593807220459,2.5862832069396973,2.212768077850342,1.8874988555908203,1.7823574542999268,2.0541839599609375,1.812652349472046,2.071382522583008,2.316556930541992,2.6341938972473145,2.9137845039367676,3.238835334777832
B8,2.013082504272461,1.8772025108337402,1.852472186088562,1.564178466796875,1.739615559577942,1.7242568731307983,1.638181209564209,1.5840424299240112,1.3920884132385254,1.0914983749389648,0.8915585279464722,0.5527362823486328,0.45793023705482483,0.1750054508447647,0.5234529972076416,1.9735296964645386,1.668542742729187,1.4556515216827393,1.170050859451294,0.8982394933700562,0.7383160591125488,0.4162651300430298,0.0,0.3966091275215149,0.5715271830558777,0.9197301268577576,1.1101101636886597,1.4724737405776978,1.6712734699249268,1.962963342666626,1.0222262144088745,0.7562646865844727,0.9160083532333374,0.9886128902435303,1.1245821714401245,1.2764122486114502,1.4050788879394531,1.439030647277832,1.2329459190368652,0.9185516238212585,0.9494354724884033,0.6341655254364014,0.859483003616333,0.8355374932289124,0.9359655976295471,3.3396077156066895,3.0913379192352295,2.763148069381714,2.3904366493225098,2.192780017852783,2.1009230613708496,1.7519818544387817,1.6309031248092651,1.932234287261963,1.9571409225463867,1.924306035041809,2.301866054534912,2.3701088428497314,2.7393999099731445,3.0070247650146484,3.302861452102661,3.0348403453826904,2.773225784301758,2.390119791030884,2.250397205352783,1.8944276571273804,1.5603961944580078,1.412920594215393,1.6625860929489136,1.4108657836914062,1.6654927730560303,1.9302140474319458,2.2403619289398193,2.53695011138916,2.8671839237213135
B9,2.308337926864624,2.1301422119140625,2.1036195755004883,1.813254952430725,1.9259766340255737,1.83474862575531,1.6886612176895142,1.5547847747802734,1.2761141061782837,0.9968313574790955,0.7217320203781128,0.4585696756839752,0.14540749788284302,0.2788762152194977,0.4747825264930725,2.247340440750122,1.958058476448059,1.7146626710891724,1.39453125,1.1674233675003052,0.9224289655685425,0.7166028022766113,0.3966091275215149,0.0,0.3857095539569855,0.602303683757782,0.8911159634590149,1.2046793699264526,1.45517897605896,1.770382046699524,1.4185895919799805,1.1386306285858154,1.2502763271331787,1.2285951375961304,1.2781978845596313,1.3069908618927002,1.319182276725769,1.2547112703323364,1.0446324348449707,0.6901705265045166,0.6602849960327148,0.3375464975833893,0.6623287200927734,0.7253555655479431,0.981825053691864,3.0046966075897217,2.744516372680664,2.4036478996276855,2.0436439514160156,1.8242515325546265,1.7359262704849243,1.397973656654358,1.3351681232452393,1.648189663887024,1.734803318977356,1.7296888828277588,2.096177101135254,2.2068686485290527,2.560659885406494,2.8289148807525635,2.9753518104553223,2.697045087814331,2.4187653064727783,2.0479564666748047,1.8826557397842407,1.5157872438430786,1.1791795492172241,1.071455478668213,1.3539786338806152,1.15171217918396,1.4712343215942383,1.728454828262329,2.0565080642700195,2.3423194885253906,2.644838333129883
B10,2.1392362117767334,1.911123275756836,1.8658241033554077,1.5822491645812988,1.6398680210113525,1.510222315788269,1.3662776947021484,1.193556308746338,0.9196405410766602,0.6165300607681274,0.4058237075805664,0.12838025391101837,0.3067416548728943,0.5659151673316956,0.7883576154708862,2.3547871112823486,2.0350069999694824,1.8507310152053833,1.4986746311187744,1.3340988159179688,1.181396722793579,0.9508880972862244,0.5715271830558777,0.3857095539569855,0.0,0.4002741873264313,0.5725771188735962,0.9137526154518127,1.1469998359680176,1.4286365509033203,1.484083890914917,1.2353323698043823,1.2758266925811768,1.2131969928741455,1.1719977855682373,1.1689099073410034,1.152786135673523,1.0424894094467163,0.7527318000793457,0.48965004086494446,0.3940982222557068,0.22875739634037018,0.5129432678222656,0.7640342116355896,1.0288134813308716,2.955315113067627,2.671133518218994,2.356351137161255,1.9941076040267944,1.772667646408081,1.6172034740447998,1.2395846843719482,1.0863242149353027,1.414818286895752,1.4787768125534058,1.5294584035873413,1.9004204273223877,2.0455198287963867,2.4041035175323486,2.7135324478149414,2.9228062629699707,2.6184558868408203,2.376786231994629,2.0060150623321533,1.8318309783935547,1.4999467134475708,1.1345089673995972,0.9055639505386353,1.1815129518508911,0.9957252144813538,1.301249384880066,1.6241716146469116,1.9154479503631592,2.2470762729644775,2.5633811950683594
B11,2.4373717308044434,2.183932065963745,2.156841516494751,1.897693157196045,1.9046099185943604,1.721872091293335,1.548261284828186,1.28850519657135,0.9418895840644836,0.7031174898147583,0.5161349773406982,0.5084298253059387,0.5384440422058105,0.8588079214096069,0.9495795369148254,2.6006860733032227,2.29955792427063,2.0952682495117188,1.72458016872406,1.6039643287658691,1.4117920398712158,1.2575879096984863,0.9197301268577576,0.602303683757782,0.4002741873264313,0.0,0.38545623421669006,0.6117812395095825,0.9037635922431946,1.219266653060913,1.8723125457763672,1.6271620988845825,1.6704306602478027,1.5788612365722656,1.4950250387191772,1.4042047262191772,1.2756298780441284,1.0377405881881714,0.7367504835128784,0.5398500561714172,0.18227717280387878,0.29867541790008545,0.45166805386543274,0.7929376363754272,1.1468180418014526,2.7083470821380615,2.398268222808838,2.072483777999878,1.7397935390472412,1.4759516716003418,1.2877326011657715,0.9034131765365601,0.8280264735221863,1.1930941343307495,1.3556044101715088,1.475480318069458,1.8162063360214233,2.0245070457458496,2.354706048965454,2.6695973873138428,2.6873388290405273,2.360344886779785,2.10437273979187,1.7630704641342163,1.5363211631774902,1.2025411128997803,0.8209289908409119,0.6078007221221924,0.9620348811149597,0.9029905796051025,1.2755411863327026,1.589906930923462,1.8796281814575195,2.199458599090576,2.4760935306549072
B12,2.2522032260894775,1.966372013092041,1.9559223651885986,1.7426464557647705,1.7070302963256836,1.5171726942062378,1.3970681428909302,1.091416358947754,0.7983047366142273,0.5375397801399231,0.5981040000915527,0.6169012784957886,0.8317294120788574,1.0978672504425049,1.195177674293518,2.6017980575561523,2.2863965034484863,2.1365389823913574,1.7507730722427368,1.6979304552078247,1.5867676734924316,1.4359444379806519,1.1101101636886597,0.8911159634590149,0.5725771188735962,0.38545623421669006,0.0,0.39136672019958496,0.5750740766525269,0.8818848133087158,1.9363806247711182,1.7469395399093628,1.7723116874694824,1.6961601972579956,1.5772993564605713,1.5036368370056152,1.385771632194519,1.1316300630569458,0.7625020742416382,0.7421212196350098,0.3940877616405487,0.5611298680305481,0.4652426242828369,0.8677564859390259,1.163090705871582,2.8789618015289307,2.5459232330322266,2.2497990131378174,1.9355937242507935,1.669499397277832,1.4096753597259521,1.0066643953323364,0.8347740769386292,1.2092714309692383,1.3501195907592773,1.546242594718933,1.8745770454406738,2.1145451068878174,2.441352367401123,2.7924458980560303,2.858049154281616,2.5080807209014893,2.289116859436035,1.9672762155532837,1.7277636528015137,1.4426910877227783,1.0700424909591675,0.7732469439506531,1.089109182357788,1.0747342109680176,1.395565390586853,1.7574039697647095,1.9976122379302979,2.35349178314209,2.6375017166137695
B13,2.565467596054077,2.2556214332580566,2.2333085536956787,2.0318284034729004,1.939353346824646,1.6926666498184204,1.535123586654663,1.1741456985473633,0.8564607501029968,0.7529728412628174,0.8238223791122437,0.9679631590843201,1.1332758665084839,1.4422839879989624,1.5172688961029053,2.960533857345581,2.6530842781066895,2.5011146068573,2.111823797225952,2.07320499420166,1.9414926767349243,1.8059990406036377,1.4724737405776978,1.2046793699264526,0.9137526154518127,0.6117812395095825,0.39136672019958496,0.0,0.3762974143028259,0.6464725732803345,2.321298122406006,2.1190996170043945,2.1199228763580322,2.002260446548462,1.8375763893127441,1.6906729936599731,1.489403247833252,1.152842402458191,0.8283333778381348,0.916343629360199,0.5961642861366272,0.8784080147743225,0.7915754914283752,1.177175760269165,1.4943618774414062,2.645137310028076,2.2900609970092773,2.0135390758514404,1.739253044128418,1.461303949356079,1.148207664489746,0.7664039134979248,0.6235843300819397,0.9858633279800415,1.2008068561553955,1.4722203016281128,1.7484439611434937,2.044302225112915,2.3335251808166504,2.6927828788757324,2.631714105606079,2.26188325881958,2.062673568725586,1.7821400165557861,1.5154765844345093,1.2885631322860718,0.958592414855957,0.6632486581802368,0.9457072019577026,1.064078450202942,1.3771716356277466,1.7228069305419922,1.9293280839920044,2.2751083374023438,2.521069049835205
