,A1,A2,A3,A4,A5,A6,A7,A8,A9,A10,A11,A12,A13,A14,A15,B1,B2,B3,B4,B5,B6,B7,B8,B9,B10,B11,B12,B13,B14,B15,C1,C2,C3,C4,C5,C6,C7,C8,C9,C10,C11,C12,C13,C14,C15,D1,D2,D3,D4,D5,D6,D7,D8,D9,D10,D11,D12,D13,D14,D15,E1,E2,E3,E4,E5,E6,E7,E8,E9,E10,E11,E12,E13,E14,E15
A1,0.0,0.3706569969654083,0.6291144490242004,0.9284598231315613,1.1889727115631104,1.0823478698730469,1.316698670387268,1.0576671361923218,0.9120166897773743,1.268752932548523,1.2699998617172241,0.9291823506355286,1.074389100074768,0.8721822500228882,0.8953202962875366,0.7999528050422668,0.8892229199409485,0.7735733389854431,0.8504889011383057,1.231993556022644,1.3628742694854736,1.6804375648498535,1.5314534902572632,1.2283337116241455,1.4768657684326172,1.5961644649505615,1.3004121780395508,1.4271317720413208,1.1786988973617554,1.3946559429168701,2.318681478500366,2.188474416732788,1.8856736421585083,1.5963664054870605,1.7331507205963135,2.0998761653900146,2.324533224105835,2.4286091327667236,2.0956199169158936,2.001020908355713,2.284254312515259,2.2302181720733643,2.3147783279418945,2.2338943481445312,2.5925958156585693,3.4221713542938232,3.134207010269165,2.863431453704834,2.504934787750244,2.3302102088928223,2.6187427043914795,2.603188991546631,2.8604440689086914,2.6989986896514893,2.402836322784424,2.674051284790039,2.8770267963409424,3.0202250480651855,3.169762134552002,3.521522045135498,3.1579535007476807,2.8303353786468506,2.8237905502319336,2.5876529216766357,2.3076088428497314,2.272324323654175,1.9295486211776733,2.095416307449341,2.240689277648926,1.9429306983947754,1.967687726020813,2.3337502479553223,2.486628770828247,2.8352890014648438,3.000805377960205
A2,0.3706569969654083,0.0,0.38716262578964233,0.6613492369651794,0.8511929512023926,0.7153100967407227,0.9523212313652039,0.7257747054100037,0.5773604512214661,0.9446309804916382,1.0003480911254883,0.7173795700073242,0.9760050773620605,0.8912316560745239,0.9929786920547485,0.9652688503265381,0.9302818775177002,0.7795855402946472,0.6888929009437561,1.062644362449646,1.2621102333068848,1.5417183637619019,1.4192805290222168,1.0676027536392212,1.2401267290115356,1.382333517074585,1.1337841749191284,1.2590360641479492,1.0671712160110474,1.3591854572296143,2.261474847793579,2.092273712158203,1.8151679039001465,1.4819366931915283,1.5810664892196655,1.9479089975357056,2.122101306915283,2.231614351272583,1.9083757400512695,1.7597060203552246,2.034393310546875,2.0251498222351074,2.1021313667297363,2.07191801071167,2.439980983734131,3.0730068683624268,2.7850162982940674,2.504188060760498,2.1497223377227783,1.9754328727722168,2.272261619567871,2.2817656993865967,2.5401508808135986,2.3679890632629395,2.0888142585754395,2.3806378841400146,2.564857006072998,2.7262866497039795,2.861638069152832,3.2161715030670166,2.8353004455566406,2.5186972618103027,2.5242695808410645,2.284459114074707,2.03233003616333,2.0056796073913574,1.6688936948776245,1.8027883768081665,1.9256337881088257,1.6193485260009766,1.621540904045105,1.989410638809204,2.126284599304199,2.476444959640503,2.645392417907715
A3,0.6291144490242004,0.38716262578964233,0.0,0.37398776412010193,0.6153051853179932,0.6220797300338745,0.965192437171936,0.8769746422767639,0.6417939066886902,0.9421277642250061,1.1324677467346191,0.9138641953468323,1.1982097625732422,1.1099873781204224,1.2965575456619263,0.9123640060424805,0.8550967574119568,0.8466600775718689,0.7547357082366943,1.0992250442504883,1.2426000833511353,1.4404240846633911,1.254827618598938,0.9059532284736633,1.0604139566421509,1.1102607250213623,0.835740327835083,0.8941286206245422,0.7012426853179932,1.0232346057891846,2.034986972808838,1.8898184299468994,1.6641179323196411,1.3400038480758667,1.4983365535736084,1.8437209129333496,2.0080907344818115,2.0588505268096924,1.7166111469268799,1.576984167098999,1.80087149143219,1.7641716003417969,1.7921490669250488,1.7498953342437744,2.114306688308716,2.9732444286346436,2.658233880996704,2.3883559703826904,2.0486044883728027,1.815291166305542,2.0727531909942627,2.046462059020996,2.3365230560302734,2.211320400238037,1.9301210641860962,2.235006809234619,2.4454944133758545,2.6459591388702393,2.8079910278320312,3.1480958461761475,2.861152410507202,2.5576107501983643,2.5347492694854736,2.255185842514038,2.0337448120117188,2.072763204574585,1.7792922258377075,1.906995415687561,1.9580742120742798,1.617462396621704,1.6326521635055542,1.9942673444747925,2.095271348953247,2.4329285621643066,2.635776996612549
A4,0.9284598231315613,0.6613492369651794,0.37398776412010193,0.0,0.3852473199367523,0.5958312153816223,0.9009722471237183,0.8934717178344727,0.5746645927429199,0.7382988929748535,1.0124893188476562,0.8760212063789368,1.160714030265808,1.1273198127746582,1.3946081399917603,1.002940058708191,0.8150232434272766,0.8230511546134949,0.6521558165550232,0.8987142443656921,1.0251892805099487,1.146521806716919,0.9736165404319763,0.6172786355018616,0.7039707899093628,0.753929078578949,0.5438661575317383,0.6728643774986267,0.6458860039710999,0.9903520345687866,1.7698827981948853,1.5915619134902954,1.3965595960617065,1.0559085607528687,1.2016613483428955,1.526949405670166,1.6653474569320679,1.7013310194015503,1.363844394683838,1.2098758220672607,1.4272842407226562,1.4046180248260498,1.4489340782165527,1.4423861503601074,1.8119765520095825,2.6824076175689697,2.3565454483032227,2.1153128147125244,1.7761180400848389,1.5248178243637085,1.7607686519622803,1.7027899026870728,1.9867405891418457,1.877983570098877,1.5828638076782227,1.8796073198318481,2.107940673828125,2.3158857822418213,2.4999356269836426,2.8283326625823975,2.6339497566223145,2.3311734199523926,2.2696568965911865,1.9641807079315186,1.7543489933013916,1.8448134660720825,1.5990655422210693,1.742893934249878,1.7348862886428833,1.377000331878662,1.4460351467132568,1.7908140420913696,1.9036200046539307,2.21510648727417,2.456145763397217
A5,1.1889727115631104,0.8511929512023926,0.6153051853179932,0.3852473199367523,0.0,0.3678126037120819,0.6361096501350403,0.7804304957389832,0.5712848901748657,0.6204721331596375,0.9690871834754944,0.9652656316757202,1.3033246994018555,1.3680932521820068,1.6175544261932373,1.3861262798309326,1.188531756401062,1.1441538333892822,0.8788793683052063,1.0457583665847778,1.2452101707458496,1.312071681022644,1.2059024572372437,0.8613703846931458,0.7723270654678345,0.845499575138092,0.7832334041595459,0.8371361494064331,0.8880487680435181,1.2483593225479126,1.9867476224899292,1.7760263681411743,1.6257766485214233,1.2710514068603516,1.3387329578399658,1.6341650485992432,1.6845754384994507,1.731089472770691,1.4343186616897583,1.1918282508850098,1.3707621097564697,1.4347996711730957,1.4504106044769287,1.5294564962387085,1.8882955312728882,2.382783889770508,2.0595335960388184,1.7893059253692627,1.4627258777618408,1.205888271331787,1.4622328281402588,1.4674347639083862,1.7594897747039795,1.6287082433700562,1.379907250404358,1.7182766199111938,1.9006239175796509,2.1396803855895996,2.2878010272979736,2.61995005607605,2.3684980869293213,2.09342885017395,2.0669522285461426,1.7702956199645996,1.6217480897903442,1.7110819816589355,1.484598994255066,1.554693579673767,1.513785481452942,1.160693645477295,1.1641442775726318,1.498069167137146,1.5640883445739746,1.8798850774765015,2.114575147628784
A6,1.0823478698730469,0.7153100967407227,0.6220797300338745,0.5958312153816223,0.3678126037120819,0.0,0.3844050467014313,0.5092677474021912,0.4720667004585266,0.6333423852920532,0.8894611597061157,0.8818249106407166,1.2513693571090698,1.3467564582824707,1.5248041152954102,1.4920439720153809,1.3393772840499878,1.2192622423171997,0.9356169104576111,1.1516005992889404,1.4190857410430908,1.5589005947113037,1.4853938817977905,1.1161301136016846,1.0633033514022827,1.196958303451538,1.1021044254302979,1.1568238735198975,1.1197788715362549,1.4846049547195435,2.3160111904144287,2.0982160568237305,1.9103212356567383,1.5415213108062744,1.5717060565948486,1.89109468460083,1.938555359840393,2.0320546627044678,1.7494820356369019,1.489654302597046,1.6967153549194336,1.7865499258041382,1.8151034116744995,1.8957680463790894,2.2555489540100098,2.468745708465576,2.175001382827759,1.8646436929702759,1.5359814167022705,1.3417986631393433,1.6459763050079346,1.7230520248413086,1.9943588972091675,1.8135316371917725,1.597372055053711,1.942328929901123,2.076237201690674,2.2960705757141113,2.3962695598602295,2.74654221534729,2.3434619903564453,2.0721583366394043,2.108675479888916,1.8594666719436646,1.7088236808776855,1.7216870784759521,1.4412953853607178,1.4648120403289795,1.4972867965698242,1.1794871091842651,1.0935028791427612,1.447290062904358,1.5050150156021118,1.8556402921676636,2.0350258350372314
A7,1.316698670387268,0.9523212313652039,0.965192437171936,0.9009722471237183,0.6361096501350403,0.3844050467014313,0.0,0.36984872817993164,0.5389399528503418,0.543826162815094,0.7257635593414307,0.8601257801055908,1.2180999517440796,1.4125547409057617,1.5664225816726685,1.774703025817871,1.583376169204712,1.3896746635437012,1.0492537021636963,1.1741456985473633,1.500811219215393,1.637162685394287,1.6480531692504883,1.2930269241333008,1.1721296310424805,1.3843491077423096,1.368842601776123,1.4711912870407104,1.4802724123001099,1.8451980352401733,2.510866403579712,2.2500269412994385,2.05743670463562,1.6781387329101562,1.6184967756271362,1.9201925992965698,1.9130290746688843,2.059687852859497,1.8279067277908325,1.5224906206130981,1.7477118968963623,1.9064586162567139,1.9742501974105835,2.108677625656128,2.4610280990600586,2.2232139110565186,1.963664174079895,1.63792085647583,1.3051975965499878,1.1976724863052368,1.5445746183395386,1.6893428564071655,1.9093568325042725,1.6695759296417236,1.4922215938568115,1.8297699689865112,1.9045233726501465,2.0998384952545166,2.1519482135772705,2.512517213821411,2.0056328773498535,1.7401130199432373,1.8203258514404297,1.615065097808838,1.4875710010528564,1.449417233467102,1.1659702062606812,1.1264017820358276,1.1851705312728882,0.912712812423706,0.7578566074371338,1.1125071048736572,1.1895883083343506,1.5509178638458252,1.70421302318573
A8,1.0576671361923218,0.7257747054100037,0.8769746422767639,0.8934717178344727,0.7804304957389832,0.5092677474021912,0.36984872817993164,0.0,0.37227770686149597,0.5426486730575562,0.5475335717201233,0.5749111175537109,0.9244556427001953,1.1121189594268799,1.2206627130508423,1.5898090600967407,1.4185515642166138,1.165470838546753,0.8465875387191772,1.0212050676345825,1.3643193244934082,1.5829097032546997,1.6014599800109863,1.2398481369018555,1.209311604499817,1.4633525609970093,1.39058518409729,1.5467791557312012,1.501657247543335,1.8530585765838623,2.5081090927124023,2.2509865760803223,2.004263401031494,1.6259682178497314,1.5660314559936523,1.9008678197860718,1.9510650634765625,2.129349946975708,1.882651448249817,1.6186285018920898,1.8993275165557861,2.0227720737457275,2.131300926208496,2.2237703800201416,2.5880115032196045,2.4844701290130615,2.2382922172546387,1.932740330696106,1.5825626850128174,1.5027419328689575,1.8518290519714355,1.9635015726089478,2.1673924922943115,1.9188337326049805,1.7026441097259521,2.007089614868164,2.1023128032684326,2.251384973526001,2.31443190574646,2.682260274887085,2.159696578979492,1.861153244972229,1.931378722190857,1.744459629058838,1.5447797775268555,1.4576809406280518,1.1132744550704956,1.1464163064956665,1.2939863204956055,1.0383853912353516,0.9547126889228821,1.3148093223571777,1.4614102840423584,1.8168450593948364,1.9538568258285522
A9,0.9120166897773743,0.5773604512214661,0.6417939066886902,0.5746645927429199,0.5712848901748657,0.4720667004585266,0.5389399528503418,0.37227770686149597,0.0,0.3715207576751709,0.5038216710090637,0.41707754135131836,0.7825081944465637,0.9048956632614136,1.1085885763168335,1.2838516235351562,1.0750523805618286,0.8519170880317688,0.5193705558776855,0.7303509712219238,1.0373224020004272,1.2513856887817383,1.2378240823745728,0.871558427810669,0.8815051317214966,1.1302329301834106,1.038881540298462,1.2344568967819214,1.2092899084091187,1.5494983196258545,2.142693519592285,1.8960535526275635,1.6462674140930176,1.2698314189910889,1.2519185543060303,1.599716067314148,1.692529559135437,1.8430336713790894,1.5672980546951294,1.340904712677002,1.6336328983306885,1.7129017114639282,1.8328100442886353,1.8957570791244507,2.2631678581237793,2.5135247707366943,2.2355141639709473,1.966343879699707,1.6022353172302246,1.4642874002456665,1.7815066576004028,1.8195114135742188,2.0396029949188232,1.8319600820541382,1.5634446144104004,1.8548020124435425,2.0108706951141357,2.1662380695343018,2.2875993251800537,2.644784688949585,2.2746009826660156,1.9563417434692383,1.9526883363723755,1.7110700607299805,1.4758681058883667,1.461381196975708,1.147533893585205,1.2728300094604492,1.3579217195510864,1.0428249835968018,1.074906826019287,1.4394476413726807,1.6082251071929932,1.9422850608825684,2.136131525039673
A10,1.268752932548523,0.9446309804916382,0.9421277642250061,0.7382988929748535,0.6204721331596375,0.6333423852920532,0.543826162815094,0.5426486730575562,0.3715207576751709,0.0,0.38519206643104553,0.5580318570137024,0.8602388501167297,1.071929693222046,1.3169941902160645,1.5253945589065552,1.2503376007080078,1.0338642597198486,0.6612592935562134,0.6621193885803223,0.9899311065673828,1.1165002584457397,1.184819221496582,0.8629162907600403,0.7284632325172424,1.0363155603408813,1.0745575428009033,1.2976744174957275,1.373704195022583,1.7108705043792725,2.0747342109680176,1.7850052118301392,1.5702518224716187,1.1917282342910767,1.0866010189056396,1.3944108486175537,1.4170351028442383,1.5917304754257202,1.3633921146392822,1.0847008228302002,1.3814088106155396,1.5255440473556519,1.6764450073242188,1.8019694089889526,2.154836416244507,2.165811538696289,1.891060471534729,1.6435863971710205,1.2725858688354492,1.1620750427246094,1.482950210571289,1.5301395654678345,1.7140307426452637,1.4850772619247437,1.219581961631775,1.5036532878875732,1.644875407218933,1.7966012954711914,1.9176441431045532,2.27366042137146,1.9493248462677002,1.6289230585098267,1.599623203277588,1.34377121925354,1.123328685760498,1.1433236598968506,0.8787574768066406,1.0057429075241089,1.0263712406158447,0.6904602646827698,0.7910786271095276,1.1377983093261719,1.3385297060012817,1.6448240280151367,1.8709605932235718
A11,1.2699998617172241,1.0003480911254883,1.1324677467346191,1.0124893188476562,0.9690871834754944,0.8894611597061157,0.7257635593414307,0.5475335717201233,0.5038216710090637,0.38519206643104553,0.0,0.3737521469593048,0.5938381552696228,0.8998265266418457,1.0845441818237305,1.6005866527557373,1.3367213010787964,1.02786123752594,0.6743360161781311,0.6327931880950928,1.0072932243347168,1.2189068794250488,1.3487895727157593,1.0556002855300903,0.9929991960525513,1.3409360647201538,1.35475754737854,1.615842580795288,1.6524465084075928,1.9760617017745972,2.2634899616241455,1.961366057395935,1.6970847845077515,1.3328067064285278,1.1684205532073975,1.4820420742034912,1.5255681276321411,1.7643630504608154,1.5670115947723389,1.319880723953247,1.6568386554718018,1.80155348777771,1.9972273111343384,2.1095330715179443,2.459740400314331,2.3020148277282715,2.0704751014709473,1.833924651145935,1.464065432548523,1.4393669366836548,1.7735397815704346,1.8399860858917236,1.9747824668884277,1.7087403535842896,1.4542770385742188,1.6862987279891968,1.7961536645889282,1.8779116868972778,1.969218134880066,2.3326528072357178,1.9204645156860352,1.5766369104385376,1.569946527481079,1.3792407512664795,1.1024518013000488,1.013796329498291,0.669082760810852,0.8541306853294373,0.9992567896842957,0.7552664875984192,0.867616593837738,1.1895837783813477,1.453822374343872,1.752379298210144,1.9371856451034546
A12,0.9291823506355286,0.7173795700073242,0.9138641953468323,0.8760212063789368,0.9652656316757202,0.8818249106407166,0.8601257801055908,0.5749111175537109,0.41707754135131836,0.5580318570137024,0.3737521469593048,0.0,0.37193596363067627,0.5748169422149658,0.7644498348236084,1.2766954898834229,1.0520427227020264,0.7144342660903931,0.41058269143104553,0.5531854629516602,0.8880404233932495,1.1891179084777832,1.2486696243286133,0.9376381039619446,1.0106277465820312,1.3223105669021606,1.2385550737380981,1.5066689252853394,1.4760326147079468,1.7774678468704224,2.173572063446045,1.9102513790130615,1.6058990955352783,1.2503870725631714,1.1715575456619263,1.5265558958053589,1.6578394174575806,1.8662450313568115,1.6178131103515625,1.4352319240570068,1.7814403772354126,1.8535802364349365,2.0395429134368896,2.087198257446289,2.4478557109832764,2.6519062519073486,2.402397632598877,2.1647167205810547,1.7920855283737183,1.7158353328704834,2.035825252532959,2.0602941513061523,2.2302424907684326,1.9995067119598389,1.7137582302093506,1.9457473754882812,2.1002309322357178,2.1875534057617188,2.3094723224639893,2.6665291786193848,2.2934858798980713,1.9473258256912231,1.9255809783935547,1.719499945640564,1.4183913469314575,1.3490526676177979,1.0067178010940552,1.2167043685913086,1.3711930513381958,1.1105480194091797,1.2135810852050781,1.5516693592071533,1.7927191257476807,2.105461359024048,2.2880585193634033
A13,1.074389100074768,0.9760050773620605,1.1982097625732422,1.160714030265808,1.3033246994018555,1.2513693571090698,1.2180999517440796,0.9244556427001953,0.7825081944465637,0.8602388501167297,0.5938381552696228,0.37193596363067627,0.0,0.37260058522224426,0.5503666996955872,1.3140976428985596,1.0857131481170654,0.7047399878501892,0.5438262820243835,0.5528601408004761,0.8169671893119812,1.1683192253112793,1.2813634872436523,1.0521231889724731,1.1723881959915161,1.499916434288025,1.424286127090454,1.7349308729171753,1.7079302072525024,1.9683682918548584,2.1739094257354736,1.907544732093811,1.5670933723449707,1.257323145866394,1.1400928497314453,1.4771883487701416,1.6492197513580322,1.8911992311477661,1.6708303689956665,1.5449649095535278,1.9170058965682983,1.9702272415161133,2.2031896114349365,2.2314445972442627,2.5782134532928467,2.823439121246338,2.5931873321533203,2.391329526901245,2.020338773727417,1.9759291410446167,2.282761573791504,2.281888008117676,2.4148635864257812,2.1827316284179688,1.8833893537521362,2.057596206665039,2.219938039779663,2.2510385513305664,2.3842012882232666,2.7294530868530273,2.4004244804382324,2.0389537811279297,1.9852756261825562,1.804466962814331,1.4578981399536133,1.3651643991470337,1.0437606573104858,1.3236278295516968,1.504526972770691,1.2931950092315674,1.4554321765899658,1.757731556892395,2.042173385620117,2.32771635055542,2.5099456310272217
A14,0.8721822500228882,0.8912316560745239,1.1099873781204224,1.1273198127746582,1.3680932521820068,1.3467564582824707,1.4125547409057617,1.1121189594268799,0.9048956632614136,1.071929693222046,0.8998265266418457,0.5748169422149658,0.37260058522224426,0.0,0.3657768964767456,1.0026931762695312,0.8266253471374512,0.4507567882537842,0.5162651538848877,0.6610437035560608,0.7814118266105652,1.1736236810684204,1.2015316486358643,0.9976925849914551,1.2275422811508179,1.4927785396575928,1.340415596961975,1.644607663154602,1.567711591720581,1.7811144590377808,2.048337459564209,1.8326092958450317,1.4694045782089233,1.1968835592269897,1.1838144063949585,1.5314459800720215,1.774507999420166,1.9694291353225708,1.7092257738113403,1.6485769748687744,2.0089683532714844,1.9934076070785522,2.210313558578491,2.1768412590026855,2.521170139312744,3.1223645210266113,2.8696224689483643,2.6697592735290527,2.296468734741211,2.203843116760254,2.49178147315979,2.4500865936279297,2.6130526065826416,2.4183974266052246,2.0956480503082275,2.271320343017578,2.4742205142974854,2.5213851928710938,2.686647891998291,3.0234642028808594,2.7544095516204834,2.392840623855591,2.3194501399993896,2.1112639904022217,1.761230707168579,1.7088912725448608,1.4039095640182495,1.6853936910629272,1.8444123268127441,1.6006436347961426,1.762546420097351,2.082946300506592,2.3470282554626465,2.642467498779297,2.8369054794311523
A15,0.8953202962875366,0.9929786920547485,1.2965575456619263,1.3946081399917603,1.6175544261932373,1.5248041152954102,1.5664225816726685,1.2206627130508423,1.1085885763168335,1.3169941902160645,1.0845441818237305,0.7644498348236084,0.5503666996955872,0.3657768964767456,0.0,1.1886451244354248,1.1072603464126587,0.7614561915397644,0.836364209651947,1.0009618997573853,1.1408547163009644,1.5340641736984253,1.5628732442855835,1.3521127700805664,1.576934576034546,1.8414164781570435,1.6669414043426514,1.9450844526290894,1.822308897972107,2.031991958618164,2.3901777267456055,2.187229871749878,1.8180227279663086,1.559713363647461,1.5384342670440674,1.8776870965957642,2.113196611404419,2.3249192237854004,2.072904109954834,2.0018367767333984,2.364403486251831,2.357266426086426,2.5673136711120605,2.5295732021331787,2.8761842250823975,3.364318609237671,3.130051851272583,2.9117019176483154,2.539306879043579,2.472256660461426,2.780902624130249,2.7691476345062256,2.929751396179199,2.713029384613037,2.405803680419922,2.587012767791748,2.764540672302246,2.7969553470611572,2.932711601257324,3.2765052318573,2.9154775142669678,2.557807445526123,2.523486614227295,2.35396146774292,2.005131244659424,1.8953665494918823,1.5625189542770386,1.8166453838348389,2.032487392425537,1.8235619068145752,1.9422229528427124,2.259706974029541,2.5231409072875977,2.829815149307251,2.987161636352539
B1,0.7999528050422668,0.9652688503265381,0.9123640060424805,1.002940058708191,1.3861262798309326,1.4920439720153809,1.774703025817871,1.5898090600967407,1.2838516235351562,1.5253945589065552,1.6005866527557373,1.2766954898834229,1.3140976428985596,1.0026931762695312,1.1886451244354248,0.0,0.3707159459590912,0.6325579881668091,0.9398294687271118,1.2175816297531128,1.1112498044967651,1.352361798286438,1.0964040756225586,0.9666222929954529,1.324708104133606,1.32662832736969,0.9925140738487244,1.1529462337493896,0.9492915272712708,0.9855952262878418,1.6694239377975464,1.6287224292755127,1.3414368629455566,1.179332971572876,1.4518722295761108,1.761574387550354,2.0699973106384277,2.0906143188476562,1.740868330001831,1.7903178930282593,2.0368010997772217,1.8640390634536743,1.9563958644866943,1.7739931344985962,2.091951370239258,3.5713064670562744,3.2526581287384033,3.0526397228240967,2.700313091278076,2.472170114517212,2.684234619140625,2.551586389541626,2.805499792098999,2.7262558937072754,2.384650230407715,2.5934436321258545,2.8753397464752197,3.012392282485962,3.2428205013275146,3.55647873878479,3.4385273456573486,3.0971341133117676,2.9899754524230957,2.6973886489868164,2.3974132537841797,2.462692975997925,2.197629451751709,2.4439053535461426,2.505788803100586,2.176485061645508,2.314180850982666,2.6619622707366943,2.8384170532226562,3.1459226608276367,3.3830599784851074
B2,0.8892229199409485,0.9302818775177002,0.8550967574119568,0.8150232434272766,1.188531756401062,1.3393772840499878,1.583376169204712,1.4185515642166138,1.0750523805618286,1.2503376007080078,1.3367213010787964,1.0520427227020264,1.0857131481170654,0.8266253471374512,1.1072603464126587,0.3707159459590912,0.0,0.3861648738384247,0.6639568209648132,0.8817366361618042,0.7516492009162903,0.9868227243423462,0.7531659007072449,0.6180499792098999,0.9853398203849792,1.0329444408416748,0.7520155310630798,1.0115604400634766,0.9181640148162842,1.0267633199691772,1.451393723487854,1.3450813293457031,1.037435531616211,0.8278734683990479,1.0834972858428955,1.4019778966903687,1.7032480239868164,1.7404272556304932,1.397072672843933,1.4394193887710571,1.7082335948944092,1.5586585998535156,1.6946412324905396,1.553515076637268,1.8857868909835815,3.243483304977417,2.929002285003662,2.748527765274048,2.395179033279419,2.1796507835388184,2.3880155086517334,2.2480671405792236,2.480142116546631,2.3948347568511963,2.0461461544036865,2.238783836364746,2.523174285888672,2.6498641967773438,2.887113571166992,3.195909261703491,3.1186256408691406,2.7755367755889893,2.6472063064575195,2.3488986492156982,2.046602487564087,2.132054090499878,1.892809271812439,2.15480899810791,2.1923580169677734,1.8647669553756714,2.0387885570526123,2.372408390045166,2.567671537399292,2.857135057449341,3.1105377674102783
B3,0.7735733389854431,0.7795855402946472,0.8466600775718689,0.8230511546134949,1.1441538333892822,1.2192622423171997,1.3896746635437012,1.165470838546753,0.8519170880317688,1.0338642597198486,1.02786123752594,0.7144342660903931,0.7047399878501892,0.4507567882537842,0.7614561915397644,0.6325579881668091,0.3861648738384247,0.0,0.3755495548248291,0.6243771910667419,0.6189625859260559,0.9649551510810852,0.8677260875701904,0.6552872657775879,0.9682081341743469,1.1480382680892944,0.9381799101829529,1.235607624053955,1.1583174467086792,1.3457140922546387,1.6959229707717896,1.518700122833252,1.1755828857421875,0.9011021852493286,1.0211210250854492,1.377049446105957,1.6505295038223267,1.76753830909729,1.456021785736084,1.434243083000183,1.757972240447998,1.683118224143982,1.8628367185592651,1.7873603105545044,2.132822036743164,3.101583480834961,2.8114984035491943,2.618022918701172,2.250905752182007,2.087648391723633,2.3385491371154785,2.2475059032440186,2.450887680053711,2.3107311725616455,1.9696682691574097,2.1631152629852295,2.411745309829712,2.508378744125366,2.7140421867370605,3.0397493839263916,2.8734354972839355,2.520789861679077,2.416668653488159,2.1513991355895996,1.8267205953598022,1.8581937551498413,1.5877130031585693,1.8579057455062866,1.9421075582504272,1.6400331258773804,1.8110765218734741,2.145771026611328,2.3714866638183594,2.6674067974090576,2.8980872631073
B4,0.8504889011383057,0.6888929009437561,0.7547357082366943,0.6521558165550232,0.8788793683052063,0.9356169104576111,1.0492537021636963,0.8465875387191772,0.5193705558776855,0.6612592935562134,0.6743360161781311,0.41058269143104553,0.5438262820243835,0.5162651538848877,0.836364209651947,0.9398294687271118,0.6639568209648132,0.3755495548248291,0.0,0.3876860439777374,0.5933294892311096,0.9029156565666199,0.8827221989631653,0.573419988155365,0.7605615854263306,1.022619366645813,0.8923022150993347,1.1936508417129517,1.173067331314087,1.4383946657180786,1.7962666749954224,1.5616766214370728,1.2514444589614868,0.9034396409988403,0.9250516891479492,1.2966028451919556,1.4944260120391846,1.64472496509552,1.3511813879013062,1.2377866506576538,1.5749841928482056,1.5750136375427246,1.757166862487793,1.7543085813522339,2.1133973598480225,2.7577013969421387,2.4742469787597656,2.265641450881958,1.895450234413147,1.7511345148086548,2.0252811908721924,1.9747040271759033,2.170957565307617,1.9994546175003052,1.6742711067199707,1.8939197063446045,2.112494707107544,2.2208614349365234,2.4013683795928955,2.739590644836426,2.519068479537964,2.1718528270721436,2.0888991355895996,1.8275870084762573,1.5200047492980957,1.5420938730239868,1.2607746124267578,1.5067628622055054,1.5840767621994019,1.276289701461792,1.4356813430786133,1.7726401090621948,1.997469425201416,2.2959091663360596,2.5227811336517334
B5,1.231993556022644,1.062644362449646,1.0992250442504883,0.8987142443656921,1.0457583665847778,1.1516005992889404,1.1741456985473633,1.0212050676345825,0.7303509712219238,0.6621193885803223,0.6327931880950928,0.5531854629516602,0.5528601408004761,0.6610437035560608,1.0009618997573853,1.2175816297531128,0.8817366361618042,0.6243771910667419,0.3876860439777374,0.0,0.3746425211429596,0.6476598978042603,0.7831306457519531,0.5818654894828796,0.6539748311042786,0.9951322078704834,0.9993773102760315,1.3446820974349976,1.4172807931900024,1.6666982173919678,1.6896122694015503,1.398686170578003,1.0936253070831299,0.7506617307662964,0.6239126324653625,0.9818603992462158,1.1594010591506958,1.3615423440933228,1.1215099096298218,1.0075838565826416,1.379226565361023,1.4194684028625488,1.6669068336486816,1.7091721296310425,2.047506809234619,2.5375514030456543,2.268979549407959,2.106451988220215,1.740606665611267,1.6365575790405273,1.8930869102478027,1.8255118131637573,1.9663861989974976,1.785449504852295,1.4506218433380127,1.6148875951766968,1.8363032341003418,1.9039610624313354,2.1005754470825195,2.427337646484375,2.290719509124756,1.9347316026687622,1.802664041519165,1.539440631866455,1.2048003673553467,1.2570146322250366,1.0356212854385376,1.335444688796997,1.37626314163208,1.0949621200561523,1.342221736907959,1.6340135335922241,1.9025911092758179,2.1586034297943115,2.4083149433135986
B6,1.3628742694854736,1.2621102333068848,1.2426000833511353,1.0251892805099487,1.2452101707458496,1.4190857410430908,1.500811219215393,1.3643193244934082,1.0373224020004272,0.9899311065673828,1.0072932243347168,0.8880404233932495,0.8169671893119812,0.7814118266105652,1.1408547163009644,1.1112498044967651,0.7516492009162903,0.6189625859260559,0.5933294892311096,0.3746425211429596,0.0,0.3950841724872589,0.517750084400177,0.500364363193512,0.6782726645469666,0.9330312013626099,0.9325227737426758,1.3019993305206299,1.3969510793685913,1.575260043144226,1.367775321006775,1.0934786796569824,0.7527069449424744,0.462665319442749,0.42282000184059143,0.771783709526062,1.0560977458953857,1.2067382335662842,0.9498388767242432,0.968014121055603,1.3214566707611084,1.277580738067627,1.550229787826538,1.5370479822158813,1.8525373935699463,2.7268271446228027,2.4460489749908447,2.324704647064209,1.9734835624694824,1.8378238677978516,2.0431735515594482,1.905727744102478,2.0429704189300537,1.9182289838790894,1.5615869760513306,1.6749324798583984,1.9472920894622803,2.0048234462738037,2.2502403259277344,2.5467171669006348,2.552125930786133,2.1994125843048096,2.015443801879883,1.7303588390350342,1.3955930471420288,1.5065981149673462,1.3463523387908936,1.6654406785964966,1.667828917503357,1.3892459869384766,1.667696237564087,1.9404494762420654,2.2041139602661133,2.437009572982788,2.7114861011505127
B7,1.6804375648498535,1.5417183637619019,1.4404240846633911,1.146521806716919,1.312071681022644,1.5589005947113037,1.637162685394287,1.5829097032546997,1.2513856887817383,1.1165002584457397,1.2189068794250488,1.1891179084777832,1.1683192253112793,1.1736236810684204,1.5340641736984253,1.352361798286438,0.9868227243423462,0.9649551510810852,0.9029156565666199,0.6476598978042603,0.3950841724872589,0.0,0.3683057427406311,0.5506672859191895,0.5749515295028687,0.7642949223518372,0.900740385055542,1.254244327545166,1.4448715448379517,1.596985101699829,1.1023404598236084,0.7745687961578369,0.513633668422699,0.25404635071754456,0.1325259953737259,0.4260563850402832,0.7255891561508179,0.820605993270874,0.5660187005996704,0.6607057452201843,0.9869229197502136,0.929286539554596,1.2413203716278076,1.2581521272659302,1.5444159507751465,2.54603910446167,2.253976821899414,2.1812312602996826,1.8583509922027588,1.7018756866455078,1.8455681800842285,1.6517877578735352,1.768729567527771,1.6954938173294067,1.333223581314087,1.400766372680664,1.7116583585739136,1.7814692258834839,2.06858491897583,2.3335156440734863,2.4927308559417725,2.1600148677825928,1.9254664182662964,1.6062875986099243,1.3135191202163696,1.5149197578430176,1.4450925588607788,1.747348427772522,1.6654679775238037,1.3892714977264404,1.7022804021835327,1.9326510429382324,2.1794025897979736,2.369999885559082,2.678598165512085
B8,1.5314534902572632,1.4192805290222168,1.254827618598938,0.9736165404319763,1.2059024572372437,1.4853938817977905,1.6480531692504883,1.6014599800109863,1.2378240823745728,1.184819221496582,1.3487895727157593,1.2486696243286133,1.2813634872436523,1.2015316486358643,1.5628732442855835,1.0964040756225586,0.7531659007072449,0.8677260875701904,0.8827221989631653,0.7831306457519531,0.517750084400177,0.3683057427406311,0.0,0.3777127265930176,0.5547062754631042,0.578790545463562,0.6121774911880493,0.9560862183570862,1.1341702938079834,1.2465169429779053,0.9267474412918091,0.6843226552009583,0.42659372091293335,0.1257067173719406,0.49695536494255066,0.7228296995162964,1.0136953592300415,0.9948707222938538,0.653245210647583,0.7852632999420166,1.0370515584945679,0.8748398423194885,1.109319806098938,1.0383858680725098,1.350630760192871,2.746638298034668,2.4284474849700928,2.329406499862671,2.0077264308929443,1.7907410860061646,1.9225425720214844,1.707031488418579,1.8874739408493042,1.8540782928466797,1.492556095123291,1.6109001636505127,1.937269926071167,2.0578269958496094,2.3465356826782227,2.612718105316162,2.7534093856811523,2.4277212619781494,2.2167389392852783,1.8809007406234741,1.612809658050537,1.8106974363327026,1.6998188495635986,1.9767886400222778,1.899495244026184,1.5843371152877808,1.850806474685669,2.114757537841797,2.3211915493011475,2.5380008220672607,2.8467369079589844
B9,1.2283337116241455,1.0676027536392212,0.9059532284736633,0.6172786355018616,0.8613703846931458,1.1161301136016846,1.2930269241333008,1.2398481369018555,0.871558427810669,0.8629162907600403,1.0556002855300903,0.9376381039619446,1.0521231889724731,0.9976925849914551,1.3521127700805664,0.9666222929954529,0.6180499792098999,0.6552872657775879,0.573419988155365,0.5818654894828796,0.500364363193512,0.5506672859191895,0.3777127265930176,0.0,0.3714495599269867,0.5077754259109497,0.44073599576950073,0.8075263500213623,0.9329007267951965,1.1422291994094849,1.273829698562622,1.044925332069397,0.8016381859779358,0.4435177743434906,0.6321625709533691,0.9551953673362732,1.1744070053100586,1.2131015062332153,0.8687276244163513,0.8343122005462646,1.1196625232696533,1.0406827926635742,1.2184847593307495,1.190644383430481,1.5442537069320679,2.6506099700927734,2.330770969390869,2.1758034229278564,1.8332902193069458,1.6137230396270752,1.80129075050354,1.6503996849060059,1.86598539352417,1.7840039730072021,1.4320820569992065,1.6269009113311768,1.9154717922210693,2.062981367111206,2.309749126434326,2.610398769378662,2.6058175563812256,2.277681350708008,2.121159315109253,1.7949504852294922,1.5288364887237549,1.6802936792373657,1.5074236392974854,1.753774642944336,1.709374189376831,1.3703434467315674,1.5873552560806274,1.887401819229126,2.079712152481079,2.334362030029297,2.6202707290649414
B10,1.4768657684326172,1.2401267290115356,1.0604139566421509,0.7039707899093628,0.7723270654678345,1.0633033514022827,1.1721296310424805,1.209311604499817,0.8815051317214966,0.7284632325172424,0.9929991960525513,1.0106277465820312,1.1723881959915161,1.2275422811508179,1.576934576034546,1.324708104133606,0.9853398203849792,0.9682081341743469,0.7605615854263306,0.6539748311042786,0.6782726645469666,0.5749515295028687,0.5547062754631042,0.3714495599269867,0.0,0.38067933917045593,0.5691964030265808,0.8721582889556885,1.09062922000885,1.336028814315796,1.3635108470916748,1.0801478624343872,0.9284233450889587,0.5763299465179443,0.603024423122406,0.8678213953971863,0.965278685092926,1.010470986366272,0.6997279524803162,0.5278005003929138,0.8222552537918091,0.848097562789917,1.0384944677352905,1.1225333213806152,1.469357967376709,2.2873799800872803,1.9631093740463257,1.8189167976379395,1.4858101606369019,1.2630329132080078,1.4398716688156128,1.2943686246871948,1.501268982887268,1.4132848978042603,1.063349723815918,1.2782299518585205,1.5601879358291626,1.733585000038147,1.9775643348693848,2.2760088443756104,2.301312208175659,1.9902539253234863,1.8248060941696167,1.4809707403182983,1.2596895694732666,1.4558298587799072,1.3358914852142334,1.5470596551895142,1.4396382570266724,1.0976413488388062,1.3312424421310425,1.5995023250579834,1.7797584533691406,2.009420871734619,2.3138508796691895
B11,1.5961644649505615,1.382333517074585,1.1102607250213623,0.753929078578949,0.845499575138092,1.196958303451538,1.3843491077423096,1.4633525609970093,1.1302329301834106,1.0363155603408813,1.3409360647201538,1.3223105669021606,1.499916434288025,1.4927785396575928,1.8414164781570435,1.32662832736969,1.0329444408416748,1.1480382680892944,1.022619366645813,0.9951322078704834,0.9330312013626099,0.7642949223518372,0.578790545463562,0.5077754259109497,0.38067933917045593,0.0,0.37600478529930115,0.5922806262969971,0.8948548436164856,1.0855510234832764,1.173376441001892,0.9606810808181763,0.9103187322616577,0.6521120667457581,0.8356287479400635,1.0188026428222656,1.1252689361572266,1.0395087003707886,0.6924033164978027,0.624802827835083,0.7527552843093872,0.653946042060852,0.7428045272827148,0.7754790782928467,1.1379708051681519,2.431385040283203,2.083503246307373,1.9529271125793457,1.6559488773345947,1.3667787313461304,1.4715269804000854,1.2604446411132812,1.518283486366272,1.5170480012893677,1.1867961883544922,1.4012055397033691,1.7114782333374023,1.9272730350494385,2.1931564807891846,2.4636223316192627,2.5715761184692383,2.2845489978790283,2.1107242107391357,1.7495495080947876,1.575636863708496,1.803910732269287,1.7032195329666138,1.889505386352539,1.7518666982650757,1.4062607288360596,1.604846715927124,1.8623266220092773,1.9888521432876587,2.2072577476501465,2.5241756439208984
B12,1.3004121780395508,1.1337841749191284,0.835740327835083,0.5438661575317383,0.7832334041595459,1.1021044254302979,1.368842601776123,1.39058518409729,1.038881540298462,1.0745575428009033,1.35475754737854,1.2385550737380981,1.424286127090454,1.340415596961975,1.6669414043426514,0.9925140738487244,0.7520155310630798,0.9381799101829529,0.8923022150993347,0.9993773102760315,0.9325227737426758,0.900740385055542,0.6121774911880493,0.44073599576950073,0.5691964030265808,0.37600478529930115,0.0,0.3702419102191925,0.5656306743621826,0.7682669162750244,1.2502788305282593,1.1115347146987915,0.9853196144104004,0.725310742855072,0.9964803457260132,1.247892141342163,1.4278724193572998,1.3652375936508179,0.9994112253189087,0.9726680517196655,1.1275068521499634,0.9851277470588684,1.0243332386016846,0.9423586130142212,1.309158205986023,2.744696855545044,2.3985393047332764,2.2299489974975586,1.9158991575241089,1.6257907152175903,1.7685418128967285,1.5924564599990845,1.8715635538101196,1.8505229949951172,1.5247527360916138,1.7590196132659912,2.0560719966888428,2.2645206451416016,2.5145630836486816,2.8024966716766357,2.821166753768921,2.5204899311065674,2.378877639770508,2.0327064990997314,1.8258144855499268,2.0037841796875,1.8377110958099365,2.031071901321411,1.9526193141937256,1.5937495231628418,1.7522848844528198,2.0536935329437256,2.1769697666168213,2.435854196548462,2.7269952297210693
B13,1.4271317720413208,1.2590360641479492,0.8941286206245422,0.6728643774986267,0.8371361494064331,1.1568238735198975,1.4711912870407104,1.5467791557312012,1.2344568967819214,1.2976744174957275,1.615842580795288,1.5066689252853394,1.7349308729171753,1.644607663154602,1.9450844526290894,1.1529462337493896,1.0115604400634766,1.235607624053955,1.1936508417129517,1.3446820974349976,1.3019993305206299,1.254244327545166,0.9560862183570862,0.8075263500213623,0.8721582889556885,0.5922806262969971,0.3702419102191925,0.0,0.3671538829803467,0.5545020699501038,1.4065163135528564,1.3358097076416016,1.2827529907226562,1.072214961051941,1.348620891571045,1.5690141916275024,1.7141739130020142,1.6031731367111206,1.2510325908660889,1.2116817235946655,1.2717082500457764,1.1150286197662354,1.0239990949630737,0.9138060808181763,1.258212924003601,2.8478310108184814,2.4890899658203125,2.3053646087646484,2.0208170413970947,1.689530849456787,1.7982566356658936,1.6231675148010254,1.9449795484542847,1.9631880521774292,1.6744141578674316,1.9364184141159058,2.222852945327759,2.472456455230713,2.7132647037506104,2.9924867153167725,3.005443811416626,2.7290995121002197,2.6082446575164795,2.25750470161438,2.094434976577759,2.2790989875793457,2.1131606101989746,2.263690710067749,2.1686666011810303,1.80595064163208,1.9108660221099854,2.2075390815734863,2.2732274532318115,2.534121036529541,2.819253921508789
