,A1,A2,A3,A4,A5,A6,A7,A8,A9,A10,A11,A12,A13,A14,A15,B1,B2,B3,B4,B5,B6,B7,B8,B9,B10,B11,B12,B13,B14,B15,C1,C2,C3,C4,C5,C6,C7,C8,C9,C10,C11,C12,C13,C14,C15,D1,D2,D3,D4,D5,D6,D7,D8,D9,D10,D11,D12,D13,D14,D15,E1,E2,E3,E4,E5,E6,E7,E8,E9,E10,E11,E12,E13,E14,E15
A1,0.0,0.3886057436466217,0.5759866237640381,0.8522319197654724,1.204276442527771,1.3038601875305176,1.4968644380569458,1.833988904953003,2.1329119205474854,2.069844961166382,2.4059364795684814,2.4144248962402344,2.79076886177063,2.862623691558838,3.0713648796081543,1.9537533521652222,1.7250585556030273,1.955064296722412,1.7143051624298096,1.9387972354888916,2.221531629562378,2.2094333171844482,2.5112719535827637,2.5472660064697266,2.269547939300537,2.5206973552703857,2.356180191040039,2.5469248294830322,2.5904459953308105,2.4864227771759033,4.410357475280762,4.1573100090026855,3.8391079902648926,3.680870294570923,3.289384365081787,3.1308915615081787,3.0484678745269775,2.6727325916290283,2.365877389907837,2.4817912578582764,2.1539225578308105,2.339827537536621,2.085509777069092,2.287564277648926,2.410217761993408,4.4444708824157715,4.1705427169799805,3.879321813583374,3.736610174179077,3.3587305545806885,3.2002205848693848,3.070368766784668,2.6968846321105957,2.5450146198272705,2.597942590713501,2.2902283668518066,2.3489022254943848,2.281449317932129,2.259411573410034,2.5577962398529053,3.670267105102539,3.317368268966675,3.3786847591400146,3.283768892288208,3.068901777267456,3.3442039489746094,3.505600690841675,3.337414264678955,3.0277156829833984,2.9919867515563965,3.016240119934082,3.123356342315674,2.9747865200042725,3.259514331817627,3.144063711166382
A2,0.3886057436466217,0.0,0.38043665885925293,0.5578380227088928,0.935964047908783,1.1295418739318848,1.367632269859314,1.68049955368042,1.9308456182479858,1.8381388187408447,2.190713405609131,2.188739538192749,2.5534451007843018,2.6395812034606934,2.818755865097046,1.808549165725708,1.5704425573349,1.740212082862854,1.4577016830444336,1.6671948432922363,1.9135665893554688,1.863059163093567,2.1750948429107666,2.2355761528015137,1.9586429595947266,2.225268602371216,2.070267677307129,2.299488067626953,2.3481392860412598,2.2924394607543945,4.175743103027344,3.9190194606781006,3.6006357669830322,3.4164235591888428,3.026944398880005,2.854797124862671,2.7382652759552,2.3685269355773926,2.0665414333343506,2.164146900177002,1.81809663772583,1.9912742376327515,1.7404273748397827,1.9325127601623535,2.0831618309020996,4.144171714782715,3.8566505908966064,3.5809593200683594,3.4365766048431396,3.054938554763794,2.9254343509674072,2.813507080078125,2.4427709579467773,2.253957986831665,2.300952672958374,1.972440242767334,2.0381486415863037,1.9433599710464478,1.94553542137146,2.237823724746704,3.47179913520813,3.1135823726654053,3.137608766555786,3.0368053913116455,2.79295015335083,3.0434420108795166,3.19096040725708,3.00117826461792,2.6806423664093018,2.6572556495666504,2.662867307662964,2.78477144241333,2.6314995288848877,2.9270288944244385,2.834756851196289
A3,0.5759866237640381,0.38043665885925293,0.0,0.3912469148635864,0.6719539761543274,0.7909328937530518,1.075462818145752,1.357675313949585,1.625521183013916,1.5863385200500488,1.9488352537155151,2.0039074420928955,2.3727548122406006,2.499999523162842,2.7077512741088867,2.01670241355896,1.7263178825378418,1.8547455072402954,1.5324718952178955,1.6609200239181519,1.91241455078125,1.8359521627426147,2.098538875579834,2.1035783290863037,1.7906010150909424,2.0074164867401123,1.8097290992736816,2.002504825592041,2.0278029441833496,1.9423714876174927,3.8539092540740967,3.6074228286743164,3.2819783687591553,3.121398448944092,2.7310593128204346,2.5593910217285156,2.4798123836517334,2.100637912750244,1.7993135452270508,1.9392808675765991,1.6298271417617798,1.8604602813720703,1.6608668565750122,1.9135472774505615,2.0828967094421387,4.056894779205322,3.7623019218444824,3.484950542449951,3.3053314685821533,2.9274470806121826,2.794677734375,2.6376888751983643,2.2858591079711914,2.115422248840332,2.1125359535217285,1.79046630859375,1.804351568222046,1.7330849170684814,1.6907693147659302,1.9962538480758667,3.1224942207336426,2.764775276184082,2.8101022243499756,2.7142601013183594,2.4947915077209473,2.771066904067993,2.94307541847229,2.782820224761963,2.486668586730957,2.4612083435058594,2.5174803733825684,2.6479053497314453,2.5415539741516113,2.848984479904175,2.7752058506011963
A4,0.8522319197654724,0.5578380227088928,0.3912469148635864,0.0,0.3926226794719696,0.6590783596038818,0.8978409767150879,1.1798851490020752,1.392147421836853,1.2850414514541626,1.6448619365692139,1.6625417470932007,2.024371862411499,2.1431992053985596,2.3324215412139893,1.7728933095932007,1.4608107805252075,1.532890796661377,1.1857726573944092,1.281630277633667,1.526078701019287,1.456238031387329,1.7149155139923096,1.7258574962615967,1.427940011024475,1.6764408349990845,1.5247193574905396,1.7539613246917725,1.83077073097229,1.8006376028060913,3.6483592987060547,3.379683494567871,3.0718843936920166,2.8790359497070312,2.489048957824707,2.3405520915985107,2.2356553077697754,1.8779301643371582,1.5517019033432007,1.6356333494186401,1.306623935699463,1.504130244255066,1.2825069427490234,1.540860891342163,1.6984219551086426,3.6699562072753906,3.3774619102478027,3.0991692543029785,2.928417205810547,2.5490407943725586,2.4185383319854736,2.281322479248047,1.922430396080017,1.7385801076889038,1.7595851421356201,1.4404370784759521,1.504946231842041,1.459188461303711,1.4852663278579712,1.8161720037460327,3.0444397926330566,2.6740670204162598,2.67557954788208,2.5383222103118896,2.290444850921631,2.5457887649536133,2.675967216491699,2.510319948196411,2.1973118782043457,2.14277982711792,2.1771767139434814,2.285287380218506,2.164872407913208,2.4649720191955566,2.384582281112671
A5,1.204276442527771,0.935964047908783,0.6719539761543274,0.3926226794719696,0.0,0.3778107166290283,0.6535226106643677,0.844925582408905,1.0185974836349487,0.9411558508872986,1.318260908126831,1.393454670906067,1.7459973096847534,1.9159735441207886,2.1187400817871094,1.9749542474746704,1.63451087474823,1.633865237236023,1.2632614374160767,1.2385618686676025,1.4537770748138428,1.346176028251648,1.5294311046600342,1.4776208400726318,1.143369197845459,1.337302565574646,1.151965618133545,1.3647923469543457,1.4408982992172241,1.4200413227081299,3.256382703781128,2.9887242317199707,2.6800570487976074,2.4926440715789795,2.1017677783966064,1.9608668088912964,1.8797533512115479,1.5244542360305786,1.187389612197876,1.2934157848358154,1.0067989826202393,1.2612956762313843,1.1148788928985596,1.4355171918869019,1.611059308052063,3.448582172393799,3.1475753784179688,2.8741164207458496,2.6677896976470947,2.294790029525757,2.172229290008545,1.9954934120178223,1.6640642881393433,1.4891550540924072,1.449955701828003,1.1384587287902832,1.1550034284591675,1.1516048908233643,1.1625698804855347,1.5176680088043213,2.6882286071777344,2.3133108615875244,2.308013677597046,2.1551897525787354,1.9147422313690186,2.18387508392334,2.3199591636657715,2.181868314743042,1.8901807069778442,1.8233765363693237,1.9060254096984863,2.018265962600708,1.9502381086349487,2.259267807006836,2.2066099643707275
A6,1.3038601875305176,1.1295418739318848,0.7909328937530518,0.6590783596038818,0.3778107166290283,0.0,0.4108467698097229,0.5752870440483093,0.8528037667274475,0.8971231579780579,1.2506251335144043,1.4054588079452515,1.7621657848358154,1.9569495916366577,2.210913896560669,2.2328927516937256,1.8705183267593384,1.8907904624938965,1.5409449338912964,1.4813528060913086,1.7221306562423706,1.6401184797286987,1.7628867626190186,1.6379544734954834,1.2933075428009033,1.3987942934036255,1.1664183139801025,1.2735141515731812,1.3233693838119507,1.2100306749343872,3.1189000606536865,2.8620433807373047,2.5500292778015137,2.4117562770843506,2.0215892791748047,1.904698133468628,1.9031081199645996,1.5477668046951294,1.2184967994689941,1.3826602697372437,1.1862777471542358,1.4826675653457642,1.389087438583374,1.7374610900878906,1.8898259401321411,3.5803613662719727,3.289870262145996,3.0055320262908936,2.7725348472595215,2.4158833026885986,2.264972448348999,2.0298407077789307,1.7264058589935303,1.6191903352737427,1.5378466844558716,1.2836650609970093,1.2360398769378662,1.3001813888549805,1.2403889894485474,1.598184585571289,2.514127016067505,2.1415629386901855,2.1907520294189453,2.0405454635620117,1.8594151735305786,2.1766226291656494,2.3437771797180176,2.2625114917755127,2.015446901321411,1.9322028160095215,2.078568696975708,2.176561117172241,2.1577303409576416,2.454514741897583,2.397242307662964
A7,1.4968644380569458,1.367632269859314,1.075462818145752,0.8978409767150879,0.6535226106643677,0.4108467698097229,0.0,0.3938291370868683,0.7192718982696533,0.7322207093238831,1.0093337297439575,1.1519646644592285,1.518709421157837,1.6849726438522339,1.982178807258606,2.1597886085510254,1.7764865159988403,1.793432354927063,1.4862927198410034,1.3828858137130737,1.6636154651641846,1.6639715433120728,1.7363591194152832,1.5558819770812988,1.2558834552764893,1.3447834253311157,1.1864436864852905,1.232202172279358,1.3672934770584106,1.2401700019836426,3.0650675296783447,2.781447172164917,2.5063576698303223,2.374563455581665,1.992982029914856,1.9573394060134888,1.9949175119400024,1.6877871751785278,1.3389664888381958,1.4382573366165161,1.2905285358428955,1.5369120836257935,1.4277863502502441,1.7803192138671875,1.8578429222106934,3.412539005279541,3.152303457260132,2.8415565490722656,2.617663860321045,2.2770421504974365,2.071253776550293,1.8152270317077637,1.5114643573760986,1.4870996475219727,1.446705937385559,1.2826919555664062,1.2972750663757324,1.4671939611434937,1.4634294509887695,1.8354438543319702,2.6229143142700195,2.2496836185455322,2.3000264167785645,2.094329357147217,1.9401708841323853,2.2632558345794678,2.385334014892578,2.3495359420776367,2.115172863006592,1.962713360786438,2.115899085998535,2.1438612937927246,2.126957416534424,2.381133556365967,2.276616334915161
A8,1.833988904953003,1.68049955368042,1.357675313949585,1.1798851490020752,0.844925582408905,0.5752870440483093,0.3938291370868683,0.0,0.38410502672195435,0.5753771662712097,0.8212721943855286,1.0810189247131348,1.3986306190490723,1.6352229118347168,1.9334527254104614,2.467390298843384,2.085076093673706,2.047764301300049,1.7310174703598022,1.5554128885269165,1.775661587715149,1.7286343574523926,1.7244701385498047,1.4874857664108276,1.176362156867981,1.1498582363128662,0.942658007144928,0.8967211246490479,1.0149375200271606,0.8658496141433716,2.680058002471924,2.405113935470581,2.1244351863861084,2.013719081878662,1.6369298696517944,1.6153640747070312,1.704432487487793,1.4199258089065552,1.098934531211853,1.2354940176010132,1.1917206048965454,1.4746826887130737,1.4645951986312866,1.8354671001434326,1.9358195066452026,3.3012568950653076,3.031827688217163,2.738673448562622,2.4736313819885254,2.153106212615967,1.9711097478866577,1.6670377254486084,1.428563117980957,1.423768401145935,1.2932978868484497,1.1742600202560425,1.1009567975997925,1.319434404373169,1.2773995399475098,1.6319196224212646,2.2611801624298096,1.889829158782959,1.9429113864898682,1.7255696058273315,1.603237271308899,1.944798469543457,2.082681655883789,2.0903782844543457,1.9024128913879395,1.7487733364105225,1.9622009992599487,2.000732898712158,2.051697015762329,2.307884693145752,2.24721622467041
A9,2.1329119205474854,1.9308456182479858,1.625521183013916,1.392147421836853,1.0185974836349487,0.8528037667274475,0.7192718982696533,0.38410502672195435,0.0,0.3676212728023529,0.5586745738983154,0.8842242956161499,1.1387784481048584,1.4305272102355957,1.7002887725830078,2.559142827987671,2.1870169639587402,2.082242727279663,1.7675539255142212,1.522136926651001,1.6712923049926758,1.5934630632400513,1.512184977531433,1.233188271522522,0.9399518966674805,0.8184024095535278,0.6245575547218323,0.532272219657898,0.7313523292541504,0.6960501074790955,2.3625340461730957,2.0711450576782227,1.8003376722335815,1.6574814319610596,1.27967369556427,1.288927674293518,1.3801835775375366,1.1463969945907593,0.838407039642334,0.9326291680335999,0.986865758895874,1.2531110048294067,1.3245424032211304,1.6904549598693848,1.7942376136779785,2.9917397499084473,2.7132673263549805,2.437411069869995,2.1482954025268555,1.8408957719802856,1.6887696981430054,1.3675343990325928,1.1819897890090942,1.1772773265838623,0.9805140495300293,0.9218385219573975,0.8163846135139465,1.1065753698349,1.1037226915359497,1.4396899938583374,2.0796661376953125,1.707865834236145,1.7021187543869019,1.4387314319610596,1.2970341444015503,1.619206190109253,1.7242469787597656,1.7541944980621338,1.5883026123046875,1.4085196256637573,1.6503888368606567,1.6793913841247559,1.7764606475830078,2.025364398956299,2.000154972076416
A10,2.069844961166382,1.8381388187408447,1.5863385200500488,1.2850414514541626,0.9411558508872986,0.8971231579780579,0.7322207093238831,0.5753771662712097,0.3676212728023529,0.0,0.3866945505142212,0.5864556431770325,0.8916534185409546,1.150403380393982,1.4015012979507446,2.2424325942993164,1.8790310621261597,1.7432347536087036,1.439880609512329,1.168497920036316,1.313482403755188,1.2699295282363892,1.1918997764587402,0.921522855758667,0.6457986831665039,0.6402163505554199,0.5982986092567444,0.6816288232803345,0.96201491355896,1.0276944637298584,2.548099994659424,2.2295024394989014,1.9876152276992798,1.7841049432754517,1.4121499061584473,1.4346686601638794,1.4385707378387451,1.2250734567642212,0.8791828155517578,0.8396099209785461,0.8156678080558777,1.0030630826950073,1.0197644233703613,1.3768093585968018,1.4457285404205322,2.7423410415649414,2.4664721488952637,2.1751437187194824,1.9189895391464233,1.5860543251037598,1.4172927141189575,1.1433663368225098,0.885704517364502,0.8518359661102295,0.7356377840042114,0.6741008162498474,0.7284976840019226,1.035589575767517,1.147835612297058,1.5001782178878784,2.3729541301727295,2.0008692741394043,1.9429388046264648,1.659334421157837,1.4553942680358887,1.719312071800232,1.7558929920196533,1.7392076253890991,1.5179009437561035,1.297904372215271,1.4681702852249146,1.4562042951583862,1.4961477518081665,1.7365871667861938,1.6777656078338623
A11,2.4059364795684814,2.190713405609131,1.9488352537155151,1.6448619365692139,1.318260908126831,1.2506251335144043,1.0093337297439575,0.8212721943855286,0.5586745738983154,0.3866945505142212,0.0,0.3801080286502838,0.5916544795036316,0.8814988136291504,1.1688220500946045,2.3847146034240723,2.0287201404571533,1.8634179830551147,1.6167585849761963,1.2970430850982666,1.4140467643737793,1.4284456968307495,1.2582409381866455,0.9182055592536926,0.7786625027656555,0.6693305373191833,0.7692784070968628,0.730010449886322,1.0721694231033325,1.1534264087677002,2.3921144008636475,2.047651529312134,1.8616970777511597,1.6609190702438354,1.3286880254745483,1.45720374584198,1.506419062614441,1.3862160444259644,1.093293309211731,0.984268844127655,1.0667527914047241,1.1686975955963135,1.2193173170089722,1.5347316265106201,1.5338618755340576,2.5067617893218994,2.2605655193328857,1.955513834953308,1.6903527975082397,1.398141860961914,1.1829582452774048,0.8524475693702698,0.6686386466026306,0.7904948592185974,0.690704345703125,0.8318276405334473,0.9186140894889832,1.283567190170288,1.4197601079940796,1.7368288040161133,2.4316627979278564,2.078526496887207,2.006727695465088,1.6756486892700195,1.5131126642227173,1.7521421909332275,1.726702094078064,1.7744122743606567,1.600197196006775,1.3158955574035645,1.499974012374878,1.4038158655166626,1.4816983938217163,1.6544268131256104,1.5725462436676025
A12,2.4144248962402344,2.188739538192749,2.0039074420928955,1.6625417470932007,1.393454670906067,1.4054588079452515,1.1519646644592285,1.0810189247131348,0.8842242956161499,0.5864556431770325,0.3801080286502838,0.0,0.383583664894104,0.5671424269676208,0.8554448485374451,2.101315975189209,1.7646100521087646,1.5659748315811157,1.3673518896102905,1.0219975709915161,1.1320821046829224,1.2298310995101929,1.056077241897583,0.7400575280189514,0.7222666144371033,0.7607269883155823,0.9817340970039368,1.0491492748260498,1.3987023830413818,1.5134412050247192,2.6643025875091553,2.3043642044067383,2.1499898433685303,1.910362720489502,1.5997694730758667,1.7300677299499512,1.7123143672943115,1.609472632408142,1.3065886497497559,1.1127411127090454,1.1208305358886719,1.1088039875030518,1.0818462371826172,1.3445385694503784,1.2652274370193481,2.285078287124634,2.056485652923584,1.7248817682266235,1.5162585973739624,1.2068887948989868,0.9402422308921814,0.6950960159301758,0.38143303990364075,0.5612459182739258,0.6595138907432556,0.8334382772445679,1.0636440515518188,1.399546504020691,1.6091463565826416,1.9277434349060059,2.7804596424102783,2.427518606185913,2.326719045639038,1.9910718202590942,1.7907944917678833,1.98062264919281,1.898091435432434,1.9047080278396606,1.6896395683288574,1.3789407014846802,1.4696147441864014,1.3084564208984375,1.3063719272613525,1.4366259574890137,1.285799503326416
A13,2.79076886177063,2.5534451007843018,2.3727548122406006,2.024371862411499,1.7459973096847534,1.7621657848358154,1.518709421157837,1.3986306190490723,1.1387784481048584,0.8916534185409546,0.5916544795036316,0.383583664894104,0.0,0.3661328852176666,0.601101815700531,2.3295578956604004,2.023588180541992,1.7801696062088013,1.6256059408187866,1.254089593887329,1.269870638847351,1.3650883436203003,1.0931845903396606,0.7503510117530823,0.8750138282775879,0.8184208273887634,1.122717022895813,1.1507480144500732,1.5105090141296387,1.6742475032806396,2.507453203201294,2.132838726043701,2.035080671310425,1.7753955125808716,1.5227901935577393,1.7172908782958984,1.7020294666290283,1.6889126300811768,1.446204662322998,1.1976431608200073,1.293869137763977,1.2140394449234009,1.2585160732269287,1.4592633247375488,1.3457459211349487,1.9501276016235352,1.736925721168518,1.4057673215866089,1.1804907321929932,0.9181612133979797,0.6260129809379578,0.32608985900878906,0.22076201438903809,0.5677057504653931,0.6556578874588013,0.9728158712387085,1.1936901807785034,1.5451632738113403,1.7774518728256226,2.0507404804229736,2.8205814361572266,2.4909961223602295,2.352553606033325,1.9907331466674805,1.803547978401184,1.938042402267456,1.7856404781341553,1.830344319343567,1.659447431564331,1.3097325563430786,1.3931615352630615,1.1564478874206543,1.2037043571472168,1.2553956508636475,1.1158748865127563
A14,2.862623691558838,2.6395812034606934,2.499999523162842,2.1431992053985596,1.9159735441207886,1.9569495916366577,1.6849726438522339,1.6352229118347168,1.4305272102355957,1.150403380393982,0.8814988136291504,0.5671424269676208,0.3661328852176666,0.0,0.3849749267101288,2.162497043609619,1.8836673498153687,1.6324635744094849,1.5560647249221802,1.2000652551651,1.226061463356018,1.4201916456222534,1.176365613937378,0.9079578518867493,1.098608136177063,1.1354398727416992,1.44960618019104,1.5052779912948608,1.8653669357299805,2.013380527496338,2.827474355697632,2.4479010105133057,2.377166509628296,2.116851806640625,1.8814576864242554,2.0788168907165527,2.043806791305542,2.02681303024292,1.7701975107192993,1.5064431428909302,1.544366478919983,1.4106742143630981,1.377508521080017,1.5187946557998657,1.318809151649475,1.8492408990859985,1.688075304031372,1.322959303855896,1.1925339698791504,0.9634928107261658,0.5930209159851074,0.5028383731842041,0.37501561641693115,0.7134743332862854,0.9410207271575928,1.2221430540084839,1.4998623132705688,1.8257919549942017,2.0819149017333984,2.3642754554748535,3.1852567195892334,2.8547134399414062,2.718393564224243,2.356480360031128,2.164679765701294,2.285861015319824,2.111124277114868,2.137214422225952,1.9472872018814087,1.5966739654541016,1.6126147508621216,1.3319056034088135,1.2982710599899292,1.2760717868804932,1.0363736152648926
A15,3.0713648796081543,2.818755865097046,2.7077512741088867,2.3324215412139893,2.1187400817871094,2.210913896560669,1.982178807258606,1.9334527254104614,1.7002887725830078,1.4015012979507446,1.1688220500946045,0.8554448485374451,0.601101815700531,0.3849749267101288,0.0,2.1914584636688232,1.9622299671173096,1.657157301902771,1.615494966506958,1.256221055984497,1.1687003374099731,1.3568814992904663,1.0679430961608887,0.872341513633728,1.1689594984054565,1.2274529933929443,1.5888690948486328,1.6927028894424438,2.0443477630615234,2.245999574661255,2.907015323638916,2.5283799171447754,2.4805498123168945,2.1810390949249268,1.979662537574768,2.1683056354522705,2.077829360961914,2.1058123111724854,1.8842508792877197,1.5698429346084595,1.6096364259719849,1.3926994800567627,1.378238558769226,1.429898738861084,1.194020390510559,1.5005789995193481,1.3358553647994995,0.9658281207084656,0.8942919373512268,0.6825752258300781,0.32377368211746216,0.5287804007530212,0.5217030644416809,0.7271333336830139,0.9935250282287598,1.2874257564544678,1.5934085845947266,1.882703423500061,2.1792378425598145,2.42536997795105,3.3414344787597656,3.02125883102417,2.840858221054077,2.480733633041382,2.2591335773468018,2.3172812461853027,2.0887796878814697,2.085866928100586,1.8937268257141113,1.544202446937561,1.4843356609344482,1.153954267501831,1.083722710609436,0.9742780327796936,0.7073860168457031
B1,1.9537533521652222,1.808549165725708,2.01670241355896,1.7728933095932007,1.9749542474746704,2.2328927516937256,2.1597886085510254,2.467390298843384,2.559142827987671,2.2424325942993164,2.3847146034240723,2.101315975189209,2.3295578956604004,2.162497043609619,2.1914584636688232,0.0,0.3889469802379608,0.5678809881210327,0.8510629534721375,1.1721017360687256,1.3470408916473389,1.628498911857605,1.9089858531951904,2.075472593307495,2.0924689769744873,2.464101552963257,2.599332571029663,2.8726227283477783,3.118906021118164,3.1962480545043945,4.690909385681152,4.345334529876709,4.147946834564209,3.8651058673858643,3.525395393371582,3.5017335414886475,3.317270517349243,3.0955893993377686,2.7645061016082764,2.601315975189209,2.276667833328247,2.1412763595581055,1.7635778188705444,1.6980246305465698,1.5188121795654297,3.314168930053711,3.14728045463562,2.8542280197143555,2.9094321727752686,2.5967721939086914,2.418086290359497,2.525144577026367,2.160755157470703,2.0422799587249756,2.3501172065734863,2.2062721252441406,2.5330398082733154,2.5703446865081787,2.813107490539551,3.1207268238067627,4.5185089111328125,4.140995025634766,4.048952102661133,3.8056626319885254,3.507859230041504,3.6550846099853516,3.595057487487793,3.404172658920288,3.0473344326019287,2.8788561820983887,2.709439277648926,2.6226980686187744,2.3081891536712646,2.403421401977539,2.1371023654937744
B2,1.7250585556030273,1.5704425573349,1.7263178825378418,1.4608107805252075,1.63451087474823,1.8705183267593384,1.7764865159988403,2.085076093673706,2.1870169639587402,1.8790310621261597,2.0287201404571533,1.7646100521087646,2.023588180541992,1.8836673498153687,1.9622299671173096,0.3889469802379608,0.0,0.3821839690208435,0.5672867894172668,0.8841040730476379,1.14308500289917,1.4257193803787231,1.692103385925293,1.8098022937774658,1.79095458984375,2.1513357162475586,2.2687437534332275,2.5240931510925293,2.770634412765503,2.830716371536255,4.3612871170043945,4.0181355476379395,3.8137969970703125,3.5464022159576416,3.1984732151031494,3.1805005073547363,3.022092342376709,2.7893619537353516,2.445542812347412,2.2998008728027344,1.9836740493774414,1.8854390382766724,1.5105215311050415,1.5179920196533203,1.357617974281311,3.2040913105010986,3.019458770751953,2.707737684249878,2.718630313873291,2.3891990184783936,2.1879732608795166,2.246141195297241,1.8667125701904297,1.7620007991790771,2.052102565765381,1.9063090085983276,2.2210490703582764,2.2844183444976807,2.511854887008667,2.838291883468628,4.171730041503906,3.7927253246307373,3.7159318923950195,3.4697964191436768,3.1865854263305664,3.357402801513672,3.3148674964904785,3.1453003883361816,2.796522378921509,2.6168177127838135,2.48779559135437,2.405763626098633,2.122730255126953,2.246396541595459,1.984616994857788
B3,1.955064296722412,1.740212082862854,1.8547455072402954,1.532890796661377,1.633865237236023,1.8907904624938965,1.793432354927063,2.047764301300049,2.082242727279663,1.7432347536087036,1.8634179830551147,1.5659748315811157,1.7801696062088013,1.6324635744094849,1.657157301902771,0.5678809881210327,0.3821839690208435,0.0,0.3875647783279419,0.6211779117584229,0.8057854771614075,1.1272962093353271,1.368360996246338,1.5127716064453125,1.550060510635376,1.916693925857544,2.082179546356201,2.354712963104248,2.61976957321167,2.7261133193969727,4.138216972351074,3.7898197174072266,3.6017508506774902,3.3116538524627686,2.9804232120513916,2.9740469455718994,2.7932987213134766,2.596736192703247,2.269023895263672,2.076934337615967,1.778974175453186,1.6224201917648315,1.2554283142089844,1.215065836906433,1.0066598653793335,2.8415300846099854,2.650852918624878,2.3486716747283936,2.3714394569396973,2.0463955402374268,1.8682575225830078,1.9675666093826294,1.6028385162353516,1.4752672910690308,1.7902004718780518,1.6718963384628296,2.0170953273773193,2.0897157192230225,2.35636043548584,2.6665432453155518,4.033804416656494,3.659414529800415,3.5484213829040527,3.287489414215088,2.989652395248413,3.1272318363189697,3.049969434738159,2.875460624694824,2.528184175491333,2.336036205291748,2.1782755851745605,2.0745296478271484,1.7750706672668457,1.8796322345733643,1.6160938739776611
B4,1.7143051624298096,1.4577016830444336,1.5324718952178955,1.1857726573944092,1.2632614374160767,1.5409449338912964,1.4862927198410034,1.7310174703598022,1.7675539255142212,1.439880609512329,1.6167585849761963,1.3673518896102905,1.6256059408187866,1.5560647249221802,1.615494966506958,0.8510629534721375,0.5672867894172668,0.3875647783279419,0.0,0.3836706578731537,0.640762448310852,0.874861478805542,1.1553398370742798,1.288072109222412,1.2527717351913452,1.6280969381332397,1.7513539791107178,2.038616180419922,2.280855894088745,2.3856375217437744,3.866994857788086,3.5311100482940674,3.3171281814575195,3.0338168144226074,2.68766188621521,2.6516456604003906,2.470984935760498,2.248737096786499,1.9168907403945923,1.7526224851608276,1.4321703910827637,1.3196099996566772,0.9433831572532654,0.9768334627151489,0.8667798638343811,2.86338210105896,2.6308884620666504,2.334515333175659,2.297455072402954,1.9420241117477417,1.784463882446289,1.8299734592437744,1.4475010633468628,1.2712597846984863,1.536306381225586,1.361110806465149,1.682078242301941,1.735249400138855,1.9857697486877441,2.301450252532959,3.682342290878296,3.307074785232544,3.2022552490234375,2.958033561706543,2.656895160675049,2.8083901405334473,2.763416051864624,2.582070827484131,2.230559825897217,2.0606799125671387,1.932552456855774,1.877753734588623,1.608151912689209,1.780895471572876,1.571977138519287
B5,1.9387972354888916,1.6671948432922363,1.6609200239181519,1.281630277633667,1.2385618686676025,1.4813528060913086,1.3828858137130737,1.5554128885269165,1.522136926651001,1.168497920036316,1.2970430850982666,1.0219975709915161,1.254089593887329,1.2000652551651,1.256221055984497,1.1721017360687256,0.8841040730476379,0.6211779117584229,0.3836706578731537,0.0,0.3852013647556305,0.6671319007873535,0.8466659188270569,0.9269673228263855,0.9317204356193542,1.2960184812545776,1.4697297811508179,1.745805025100708,2.0177996158599854,2.1513924598693848,3.524610996246338,3.1811468601226807,2.984815835952759,2.6942269802093506,2.3602778911590576,2.355659008026123,2.185227870941162,1.9992947578430176,1.6722447872161865,1.4668490886688232,1.1957138776779175,1.051630973815918,0.7092307209968567,0.7933294773101807,0.6429973244667053,2.5434975624084473,2.3031716346740723,1.9979851245880127,1.935631275177002,1.576665997505188,1.4108860492706299,1.44816255569458,1.068731665611267,0.893248438835144,1.179221272468567,1.0576833486557007,1.4086107015609741,1.5205553770065308,1.7976633310317993,2.113630533218384,3.4348976612091064,3.0638608932495117,2.940915107727051,2.671625852584839,2.3752236366271973,2.5161595344543457,2.4443717002868652,2.2885708808898926,1.9526607990264893,1.744608998298645,1.6317787170410156,1.5416985750198364,1.2954213619232178,1.4630354642868042,1.2527008056640625
B6,2.221531629562378,1.9135665893554688,1.91241455078125,1.526078701019287,1.4537770748138428,1.7221306562423706,1.6636154651641846,1.775661587715149,1.6712923049926758,1.313482403755188,1.4140467643737793,1.1320821046829224,1.269870638847351,1.226061463356018,1.1687003374099731,1.3470408916473389,1.14308500289917,0.8057854771614075,0.640762448310852,0.3852013647556305,0.0,0.40146300196647644,0.5647546052932739,0.7717126607894897,0.881475567817688,1.246675729751587,1.4736981391906738,1.7827215194702148,2.052201509475708,2.2471165657043457,3.4616024494171143,3.1201798915863037,2.9382619857788086,2.6145265102386475,2.3069546222686768,2.295377731323242,2.074596881866455,1.937010645866394,1.6540614366531372,1.3912413120269775,1.1408426761627197,0.8869131207466125,0.578230619430542,0.5003955364227295,0.2590068280696869,2.2835638523101807,2.0227625370025635,1.75079345703125,1.7085691690444946,1.3518027067184448,1.265527606010437,1.3824286460876465,1.0555343627929688,0.8005279302597046,1.0980021953582764,0.9958509802818298,1.3691853284835815,1.4489160776138306,1.7727077007293701,2.042226791381836,3.4416117668151855,3.0824601650238037,2.9136667251586914,2.643589735031128,2.3207173347473145,2.4027669429779053,2.2880945205688477,2.1021595001220703,1.7600982189178467,1.5605195760726929,1.377166509628296,1.2780342102050781,0.981033444404602,1.1426763534545898,0.9652673602104187
B7,2.2094333171844482,1.863059163093567,1.8359521627426147,1.456238031387329,1.346176028251648,1.6401184797286987,1.6639715433120728,1.7286343574523926,1.5934630632400513,1.2699295282363892,1.4284456968307495,1.2298310995101929,1.3650883436203003,1.4201916456222534,1.3568814992904663,1.628498911857605,1.4257193803787231,1.1272962093353271,0.874861478805542,0.6671319007873535,0.40146300196647644,0.0,0.39576172828674316,0.693103015422821,0.7278681993484497,1.0900275707244873,1.2742290496826172,1.6266554594039917,1.850624680519104,2.0799458026885986,3.28814959526062,2.9683079719543457,2.7595043182373047,2.4260475635528564,2.116635322570801,2.0496785640716553,1.7862943410873413,1.6409679651260376,1.3906447887420654,1.1334654092788696,0.8549155592918396,0.5729779005050659,0.29031145572662354,0.13711723685264587,0.3385045826435089,2.359344720840454,2.050536870956421,1.825377345085144,1.730077862739563,1.360130786895752,1.3636794090270996,1.4468629360198975,1.1572321653366089,0.8134680986404419,0.9899321794509888,0.791619062423706,1.1243780851364136,1.1254087686538696,1.4617373943328857,1.6973243951797485,3.1897966861724854,2.8382375240325928,2.6491382122039795,2.408332109451294,2.06086802482605,2.1191155910491943,2.025865077972412,1.797192096710205,1.4366514682769775,1.2956346273422241,1.096744418144226,1.0984166860580444,0.8262766003608704,1.0939249992370605,1.0548394918441772
B8,2.5112719535827637,2.1750948429107666,2.098538875579834,1.7149155139923096,1.5294311046600342,1.7628867626190186,1.7363591194152832,1.7244701385498047,1.512184977531433,1.1918997764587402,1.2582409381866455,1.056077241897583,1.0931845903396606,1.176365613937378,1.0679430961608887,1.9089858531951904,1.692103385925293,1.368360996246338,1.1553398370742798,0.8466659188270569,0.5647546052932739,0.39576172828674316,0.0,0.37409844994544983,0.5777244567871094,0.8602317571640015,1.1368175745010376,1.4549287557601929,1.711355447769165,1.977500319480896,2.9867889881134033,2.6564135551452637,2.4799816608428955,2.1319358348846436,1.8519529104232788,1.8359942436218262,1.5836820602416992,1.5147345066070557,1.296549677848816,0.9708073735237122,0.8266787528991699,0.4745151102542877,0.449986070394516,0.4215797781944275,0.44992730021476746,2.022165060043335,1.7022686004638672,1.4761394262313843,1.3475147485733032,0.974431037902832,1.0126526355743408,1.111141562461853,0.888505220413208,0.5314527750015259,0.7052702903747559,0.6479645371437073,0.9994426965713501,1.0906246900558472,1.4474834203720093,1.6622240543365479,3.036426544189453,2.696988344192505,2.4820120334625244,2.2079074382781982,1.8709373474121094,1.89927339553833,1.7504736185073853,1.559496283531189,1.2303293943405151,1.0180879831314087,0.8162732124328613,0.7317013144493103,0.47731202840805054,0.7540987730026245,0.7555420398712158
B9,2.5472660064697266,2.2355761528015137,2.1035783290863037,1.7258574962615967,1.4776208400726318,1.6379544734954834,1.5558819770812988,1.4874857664108276,1.233188271522522,0.921522855758667,0.9182055592536926,0.7400575280189514,0.7503510117530823,0.9079578518867493,0.872341513633728,2.075472593307495,1.8098022937774658,1.5127716064453125,1.288072109222412,0.9269673228263855,0.7717126607894897,0.693103015422821,0.37409844994544983,0.0,0.37175223231315613,0.5627195239067078,0.8993082046508789,1.1607517004013062,1.45647394657135,1.7133547067642212,2.696772575378418,2.3537306785583496,2.186089038848877,1.8541486263275146,1.5668902397155762,1.6044517755508423,1.4177812337875366,1.3652909994125366,1.129561185836792,0.795221209526062,0.7631714940071106,0.5229602456092834,0.6043542623519897,0.7574989795684814,0.7541413307189941,1.9794036149978638,1.6700947284698486,1.4094972610473633,1.210677981376648,0.8292260766029358,0.7961288690567017,0.7859804630279541,0.5675399303436279,0.2034716010093689,0.3598373234272003,0.468590646982193,0.8195722699165344,1.0378562211990356,1.3647453784942627,1.6071937084197998,2.805492401123047,2.464472532272339,2.265913486480713,1.9604209661483765,1.6557878255844116,1.7217612266540527,1.5743992328643799,1.45846426486969,1.1738314628601074,0.8854762315750122,0.817994236946106,0.6755567789077759,0.5968777537345886,0.8286215662956238,0.8098275661468506
B10,2.269547939300537,1.9586429595947266,1.7906010150909424,1.427940011024475,1.143369197845459,1.2933075428009033,1.2558834552764893,1.176362156867981,0.9399518966674805,0.6457986831665039,0.7786625027656555,0.7222666144371033,0.8750138282775879,1.098608136177063,1.1689594984054565,2.0924689769744873,1.79095458984375,1.550060510635376,1.2527717351913452,0.9317204356193542,0.881475567817688,0.7278681993484497,0.5777244567871094,0.37175223231315613,0.0,0.389554888010025,0.6030137538909912,0.9154443740844727,1.1830426454544067,1.4154521226882935,2.638524055480957,2.3135976791381836,2.0931429862976074,1.790624976158142,1.4535776376724243,1.4325226545333862,1.264981985092163,1.1206638813018799,0.8275961875915527,0.5566909909248352,0.45060208439826965,0.398494154214859,0.498713880777359,0.8073930144309998,0.9199403524398804,2.3364734649658203,2.020538806915283,1.7677854299545288,1.5392067432403564,1.1671019792556763,1.1156973838806152,0.9967624545097351,0.7400281429290771,0.44403010606765747,0.36309874057769775,0.1499304473400116,0.5250001549720764,0.7561137080192566,1.052358865737915,1.3417998552322388,2.5703530311584473,2.213545799255371,2.0477843284606934,1.7674592733383179,1.459637999534607,1.589645504951477,1.5305562019348145,1.4074980020523071,1.107439398765564,0.8765978813171387,0.9093826413154602,0.9066483378410339,0.884121835231781,1.1727453470230103,1.1767030954360962
B11,2.5206973552703857,2.225268602371216,2.0074164867401123,1.6764408349990845,1.337302565574646,1.3987942934036255,1.3447834253311157,1.1498582363128662,0.8184024095535278,0.6402163505554199,0.6693305373191833,0.7607269883155823,0.8184208273887634,1.1354398727416992,1.2274529933929443,2.464101552963257,2.1513357162475586,1.916693925857544,1.6280969381332397,1.2960184812545776,1.246675729751587,1.0900275707244873,0.8602317571640015,0.5627195239067078,0.389554888010025,0.0,0.3836146593093872,0.6080487370491028,0.8992045521736145,1.1743545532226562,2.2501144409179688,1.925040364265442,1.7058180570602417,1.4065653085708618,1.0699983835220337,1.0896855592727661,0.9790202379226685,0.8991380929946899,0.6599169373512268,0.37981685996055603,0.5760710835456848,0.6334084868431091,0.8684529662132263,1.1498026847839355,1.262115478515625,2.30464243888855,1.9853005409240723,1.7534099817276,1.458397388458252,1.1292332410812378,1.1037696599960327,0.8880070447921753,0.7690834403038025,0.599904477596283,0.2464296668767929,0.33629459142684937,0.39159950613975525,0.749290943145752,0.9818350076675415,1.2346748113632202,2.2552075386047363,1.909856915473938,1.7314006090164185,1.4220906496047974,1.137610912322998,1.2772127389907837,1.2156654596328735,1.1688416004180908,0.9459653496742249,0.6721786260604858,0.8589193224906921,0.8625509738922119,0.9957885146141052,1.2559216022491455,1.3183422088623047
B12,2.356180191040039,2.070267677307129,1.8097290992736816,1.5247193574905396,1.151965618133545,1.1664183139801025,1.1864436864852905,0.942658007144928,0.6245575547218323,0.5982986092567444,0.7692784070968628,0.9817340970039368,1.122717022895813,1.44960618019104,1.5888690948486328,2.599332571029663,2.2687437534332275,2.082179546356201,1.7513539791107178,1.4697297811508179,1.4736981391906738,1.2742290496826172,1.1368175745010376,0.8993082046508789,0.6030137538909912,0.3836146593093872,0.0,0.38438963890075684,0.5831083655357361,0.8498100638389587,2.196807384490967,1.9078922271728516,1.6264774799346924,1.377192497253418,0.9975247383117676,0.9173824191093445,0.8518139123916626,0.6425284743309021,0.331859290599823,0.3142884075641632,0.5161837935447693,0.779782235622406,1.0052087306976318,1.3319177627563477,1.5099859237670898,2.6761269569396973,2.3502612113952637,2.13138747215271,1.8255513906478882,1.5067449808120728,1.4817147254943848,1.2337753772735596,1.099625587463379,0.9426963925361633,0.6256783604621887,0.4972618818283081,0.22056639194488525,0.5723657608032227,0.6789868474006653,0.9704726934432983,1.9769279956817627,1.614888310432434,1.4747916460037231,1.2071572542190552,0.9253330230712891,1.1525291204452515,1.2172596454620361,1.1700767278671265,0.9679169058799744,0.8155512809753418,1.066980004310608,1.1752119064331055,1.3143949508666992,1.607817530632019,1.6850271224975586
B13,2.5469248294830322,2.299488067626953,2.002504825592041,1.7539613246917725,1.3647923469543457,1.2735141515731812,1.232202172279358,0.8967211246490479,0.532272219657898,0.6816288232803345,0.730010449886322,1.0491492748260498,1.1507480144500732,1.5052779912948608,1.6927028894424438,2.8726227283477783,2.5240931510925293,2.354712963104248,2.038616180419922,1.745805025100708,1.7827215194702148,1.6266554594039917,1.4549287557601929,1.1607517004013062,0.9154443740844727,0.6080487370491028,0.38438963890075684,0.0,0.3604018986225128,0.5927386283874512,1.9169318675994873,1.6283806562423706,1.3436793088912964,1.1557337045669556,0.7680279016494751,0.7762985229492188,0.8890363574028015,0.7495079040527344,0.5615084171295166,0.6418567895889282,0.9001753330230713,1.145591378211975,1.363582730293274,1.691990613937378,1.834012746810913,2.770094871520996,2.4661009311676025,2.2442071437835693,1.90956449508667,1.6366000175476074,1.5804057121276855,1.2600153684616089,1.2006969451904297,1.1561741828918457,0.8263334035873413,0.8395825624465942,0.5926893353462219,0.9127211570739746,0.910309910774231,1.1542166471481323,1.7450307607650757,1.3871467113494873,1.2894268035888672,0.9821432828903198,0.8072782158851624,1.1055611371994019,1.2012765407562256,1.271996259689331,1.175371527671814,1.0077228546142578,1.3257837295532227,1.3924129009246826,1.5868340730667114,1.8372224569320679,1.904699683189392
