,A1,A2,A3,A4,A5,A6,A7,A8,A9,A10,A11,A12,A13,A14,A15,B1,B2,B3,B4,B5,B6,B7,B8,B9,B10,B11,B12,B13,B14,B15,C1,C2,C3,C4,C5,C6,C7,C8,C9,C10,C11,C12,C13,C14,C15,D1,D2,D3,D4,D5,D6,D7,D8,D9,D10,D11,D12,D13,D14,D15,E1,E2,E3,E4,E5,E6,E7,E8,E9,E10,E11,E12,E13,E14,E15
A1,0.0,0.3757496178150177,0.5873453617095947,0.8865976333618164,1.171734094619751,1.4924278259277344,1.7485679388046265,1.8190691471099854,1.5438991785049438,1.4718599319458008,1.7429629564285278,1.4996299743652344,1.8134489059448242,1.672884225845337,1.8692481517791748,0.4656547009944916,0.551533043384552,0.8224161863327026,0.904246985912323,1.2283350229263306,1.5186741352081299,1.7715526819229126,1.6802648305892944,1.3469971418380737,1.1864399909973145,1.4727901220321655,1.2130917310714722,1.5156091451644897,1.4013671875,1.5384684801101685,3.9555413722991943,3.6239333152770996,3.6047909259796143,3.3313474655151367,3.247619390487671,3.183267831802368,2.9771552085876465,2.6522154808044434,2.579148054122925,2.338414192199707,2.066791296005249,1.7944968938827515,1.5668220520019531,1.205833911895752,1.2721015214920044,3.8468596935272217,3.510545492172241,3.378134250640869,3.0310468673706055,2.776834487915039,2.5316336154937744,2.174637794494629,1.9887033700942993,2.193145751953125,2.411278486251831,2.3535103797912598,2.6994545459747314,2.7554080486297607,3.1278064250946045,3.197805404663086,2.3495683670043945,2.132094144821167,1.7909951210021973,1.6952348947525024,1.6267070770263672,1.9080605506896973,1.9066721200942993,1.8260087966918945,1.9813235998153687,2.3590729236602783,2.36537504196167,2.742025375366211,2.824138641357422,3.121453285217285,3.4054298400878906
A2,0.3757496178150177,0.0,0.38448649644851685,0.5975630283355713,0.9037284255027771,1.1751694679260254,1.4330700635910034,1.4896520376205444,1.2091370820999146,1.1037561893463135,1.3803962469100952,1.1549205780029297,1.4850449562072754,1.3817472457885742,1.628143310546875,0.7523779273033142,0.6890007257461548,0.830073893070221,0.7375078797340393,1.086212396621704,1.330148458480835,1.5190969705581665,1.417639136314392,1.0618066787719727,0.8578517436981201,1.1299494504928589,0.8812440633773804,1.1991647481918335,1.1177303791046143,1.3224165439605713,3.732788562774658,3.407724380493164,3.36332106590271,3.068779945373535,2.990626335144043,2.9004242420196533,2.670172929763794,2.361833095550537,2.271792411804199,2.0429606437683105,1.7641339302062988,1.5265283584594727,1.2966445684432983,0.9487425684928894,1.1097331047058105,3.5749425888061523,3.2501702308654785,3.1024839878082275,2.765972137451172,2.4971566200256348,2.2238166332244873,1.8755757808685303,1.6953129768371582,1.8983514308929443,2.100816249847412,2.019333600997925,2.374980926513672,2.4220998287200928,2.795275926589966,2.8860955238342285,2.136650323867798,1.9065459966659546,1.5567244291305542,1.417290449142456,1.3045200109481812,1.5587812662124634,1.5366804599761963,1.453197956085205,1.610700249671936,1.9887890815734863,2.0112335681915283,2.3854596614837646,2.4866256713867188,2.7809436321258545,3.07920241355896
A3,0.5873453617095947,0.38448649644851685,0.0,0.39210036396980286,0.5980421304702759,0.949958860874176,1.1774019002914429,1.2721251249313354,1.0485345125198364,1.0319117307662964,1.3559225797653198,1.2208967208862305,1.5879396200180054,1.5709148645401,1.8367773294448853,0.7375495433807373,0.5248582363128662,0.5166491866111755,0.37025731801986694,0.7039300203323364,0.9610206484794617,1.1925883293151855,1.1405092477798462,0.8045721054077148,0.7302956581115723,1.0808101892471313,0.9550074338912964,1.3180748224258423,1.3380297422409058,1.5654222965240479,3.3819451332092285,3.0533530712127686,3.0267860889434814,2.747077703475952,2.6733148097991943,2.617431163787842,2.4205048084259033,2.0958876609802246,2.054630994796753,1.853546142578125,1.6317267417907715,1.367579698562622,1.2279268503189087,0.8844624757766724,1.0876057147979736,3.339714288711548,3.0151937007904053,2.905748128890991,2.5682408809661865,2.339944362640381,2.0978498458862305,1.749241590499878,1.5042471885681152,1.6575937271118164,1.851970911026001,1.7955423593521118,2.129471778869629,2.1938440799713135,2.564570903778076,2.626436710357666,2.3694934844970703,2.0996663570404053,1.7760223150253296,1.5647379159927368,1.4523494243621826,1.6656187772750854,1.5830042362213135,1.4179513454437256,1.513924241065979,1.8810888528823853,1.8376561403274536,2.215480089187622,2.2665343284606934,2.574411630630493,2.844977378845215
A4,0.8865976333618164,0.5975630283355713,0.39210036396980286,0.0,0.3571333885192871,0.6131462454795837,0.9088574051856995,1.077223300933838,0.9219803214073181,0.8312499523162842,1.1957308053970337,1.1403334140777588,1.5098903179168701,1.541209101676941,1.8667056560516357,1.0430809259414673,0.8790165185928345,0.7250402569770813,0.38424190878868103,0.6951943039894104,0.9198024868965149,1.070929765701294,1.0925511121749878,0.7497586011886597,0.6886625289916992,1.0011740922927856,0.9460377097129822,1.2894268035888672,1.3306399583816528,1.6330195665359497,3.2087433338165283,2.8961308002471924,2.8653645515441895,2.560124635696411,2.52658748626709,2.465975761413574,2.250725030899048,1.9561717510223389,1.9273712635040283,1.781413197517395,1.5830790996551514,1.3873108625411987,1.2849946022033691,1.000699758529663,1.2997723817825317,3.259463310241699,2.9595160484313965,2.8485188484191895,2.5341639518737793,2.304340124130249,2.0264275074005127,1.7061026096343994,1.4475406408309937,1.54743230342865,1.676545262336731,1.5517916679382324,1.884463906288147,1.896931767463684,2.2657835483551025,2.3245151042938232,2.400982141494751,2.146695852279663,1.8146404027938843,1.5798643827438354,1.3839964866638184,1.5098187923431396,1.3489221334457397,1.1944137811660767,1.216733455657959,1.5818328857421875,1.5282328128814697,1.9059503078460693,1.96743905544281,2.251328945159912,2.527498245239258
A5,1.171734094619751,0.9037284255027771,0.5980421304702759,0.3571333885192871,0.0,0.40825560688972473,0.6222201585769653,0.8356260061264038,0.7811607718467712,0.8041340708732605,1.16940438747406,1.2132409811019897,1.583396315574646,1.691278338432312,2.0166802406311035,1.2531530857086182,1.0136911869049072,0.7652993202209473,0.376382976770401,0.4762668013572693,0.6039851903915405,0.7315975427627563,0.8272666931152344,0.5497685670852661,0.6650115847587585,0.9803110957145691,1.0558429956436157,1.394972801208496,1.5209870338439941,1.8223836421966553,2.8552634716033936,2.5404903888702393,2.5116002559661865,2.2124927043914795,2.1809165477752686,2.1414482593536377,1.951670527458191,1.649326205253601,1.6652624607086182,1.5582383871078491,1.4275426864624023,1.236424207687378,1.2352561950683594,1.0085296630859375,1.3281583786010742,2.9734044075012207,2.6797664165496826,2.599888801574707,2.293241024017334,2.1021523475646973,1.8543034791946411,1.550960898399353,1.2410881519317627,1.275922179222107,1.3842337131500244,1.2836307287216187,1.5922895669937134,1.628987193107605,1.9943435192108154,2.0353200435638428,2.5577850341796875,2.273442029953003,1.9761502742767334,1.6892775297164917,1.5093200206756592,1.5933723449707031,1.3926752805709839,1.158186674118042,1.1141241788864136,1.4448760747909546,1.3224292993545532,1.6952916383743286,1.7064709663391113,2.008235216140747,2.260471820831299
A6,1.4924278259277344,1.1751694679260254,0.949958860874176,0.6131462454795837,0.40825560688972473,0.0,0.36201104521751404,0.6551265716552734,0.7204433679580688,0.6660904884338379,1.0079516172409058,1.1562591791152954,1.4880826473236084,1.6526241302490234,2.0114572048187256,1.6260850429534912,1.4106473922729492,1.1658802032470703,0.776883602142334,0.8268007636070251,0.8243734836578369,0.753376305103302,0.8870174288749695,0.679933488368988,0.7639235258102417,0.9449276328086853,1.1008167266845703,1.3726134300231934,1.5282461643218994,1.8710315227508545,2.7244598865509033,2.433311939239502,2.375370979309082,2.041508674621582,2.045490264892578,1.9746651649475098,1.7489302158355713,1.5000470876693726,1.5079233646392822,1.4658089876174927,1.3620333671569824,1.2755874395370483,1.3041374683380127,1.1673275232315063,1.5337163209915161,2.845472574234009,2.584285259246826,2.489614486694336,2.217500686645508,2.0191171169281006,1.7335206270217896,1.4814214706420898,1.1943737268447876,1.1732134819030762,1.193284273147583,0.9985376596450806,1.3111183643341064,1.2888293266296387,1.6553317308425903,1.7190405130386353,2.5338926315307617,2.2675657272338867,1.9836293458938599,1.6819771528244019,1.4438385963439941,1.425289511680603,1.1508150100708008,0.9209888577461243,0.7700648903846741,1.0789240598678589,0.9480276703834534,1.3205909729003906,1.359922170639038,1.6405467987060547,1.9152971506118774
A7,1.7485679388046265,1.4330700635910034,1.1774019002914429,0.9088574051856995,0.6222201585769653,0.36201104521751404,0.0,0.386702299118042,0.626079261302948,0.7179583311080933,0.977834939956665,1.2120567560195923,1.513417363166809,1.7443450689315796,2.081089496612549,1.869009017944336,1.6032824516296387,1.354274034500122,0.985831081867218,0.9199439883232117,0.7517268657684326,0.5126283764839172,0.67778080701828,0.6285514831542969,0.8204212188720703,0.9356414079666138,1.1980366706848145,1.4366745948791504,1.6659125089645386,1.985331654548645,2.4314091205596924,2.138655185699463,2.050161123275757,1.7115308046340942,1.6969724893569946,1.6134161949157715,1.3917831182479858,1.1410056352615356,1.1736576557159424,1.1767390966415405,1.1504056453704834,1.1034700870513916,1.230960726737976,1.1819708347320557,1.5399398803710938,2.4926083087921143,2.2386481761932373,2.1604299545288086,1.9010552167892456,1.73453688621521,1.4789191484451294,1.2617971897125244,0.9489531517028809,0.8507590889930725,0.8381022214889526,0.6720264554023743,0.9788007736206055,1.0192700624465942,1.3885219097137451,1.4690495729446411,2.594799518585205,2.302582025527954,2.0659708976745605,1.7257994413375854,1.527207374572754,1.4816749095916748,1.2101316452026367,0.9033153057098389,0.7174296379089355,0.9446859955787659,0.7444190979003906,1.1021608114242554,1.0951917171478271,1.4173989295959473,1.6813040971755981
A8,1.8190691471099854,1.4896520376205444,1.2721251249313354,1.077223300933838,0.8356260061264038,0.6551265716552734,0.386702299118042,0.0,0.37562984228134155,0.5947090983390808,0.7336664795875549,1.0073868036270142,1.2694438695907593,1.5451034307479858,1.8467251062393188,1.9931321144104004,1.698404312133789,1.5183945894241333,1.1650503873825073,1.1168872117996216,0.8822361826896667,0.56468266248703,0.5035198926925659,0.5454232096672058,0.7021389603614807,0.6970452070236206,1.0368183851242065,1.2219724655151367,1.5129989385604858,1.7948912382125854,2.501614809036255,2.2061750888824463,2.057607889175415,1.7188804149627686,1.6347975730895996,1.4717506170272827,1.2010546922683716,0.9413061738014221,0.8720972537994385,0.8164271116256714,0.7679019570350647,0.7727264761924744,0.9353868365287781,0.9865877628326416,1.330812931060791,2.2317540645599365,1.9631497859954834,1.8421289920806885,1.571429967880249,1.369288682937622,1.0982915163040161,0.8771603107452393,0.5867469310760498,0.5513303875923157,0.6321479082107544,0.556977391242981,0.9140681028366089,1.0572139024734497,1.4166079759597778,1.572660207748413,2.34552264213562,2.0333409309387207,1.8429862260818481,1.4783772230148315,1.3328218460083008,1.296238660812378,1.0861380100250244,0.7226057052612305,0.6582302451133728,0.8571236729621887,0.7473847270011902,1.075636863708496,1.1173025369644165,1.470483422279358,1.7603745460510254
A9,1.5438991785049438,1.2091370820999146,1.0485345125198364,0.9219803214073181,0.7811607718467712,0.7204433679580688,0.626079261302948,0.37562984228134155,0.0,0.3657178580760956,0.5279502272605896,0.6908286213874817,0.9959760308265686,1.2306625843048096,1.520330548286438,1.7740811109542847,1.4869800806045532,1.3855055570602417,1.048215627670288,1.0938527584075928,0.9372643232345581,0.7467098236083984,0.5262271165847778,0.38341355323791504,0.36536240577697754,0.34774479269981384,0.6751433610916138,0.8900898694992065,1.177785038948059,1.4414219856262207,2.8472788333892822,2.5410916805267334,2.395097017288208,2.0696589946746826,1.9556199312210083,1.7769910097122192,1.49769926071167,1.2248655557632446,1.0818523168563843,0.8944642543792725,0.679619312286377,0.5992504954338074,0.6215103268623352,0.6340572237968445,0.996619701385498,2.42712140083313,2.132145881652832,1.9698872566223145,1.6672959327697754,1.4048728942871094,1.1060792207717896,0.8025305867195129,0.5787665247917175,0.7540675401687622,0.9488406181335449,0.9096080660820007,1.2738237380981445,1.4122803211212158,1.7716798782348633,1.9414294958114624,2.0380096435546875,1.7182542085647583,1.5087220668792725,1.1488571166992188,1.0320922136306763,1.0861155986785889,0.9613051414489746,0.6186934113502502,0.7481992244720459,1.032790184020996,1.0339159965515137,1.370287537574768,1.4658823013305664,1.8072669506072998,2.116851806640625
A10,1.4718599319458008,1.1037561893463135,1.0319117307662964,0.8312499523162842,0.8041340708732605,0.6660904884338379,0.7179583311080933,0.5947090983390808,0.3657178580760956,0.0,0.3751371502876282,0.5054865479469299,0.8273827433586121,1.0275812149047852,1.375128984451294,1.7593923807144165,1.532225489616394,1.445475697517395,1.082970380783081,1.2230710983276367,1.16276216506958,1.0147572755813599,0.8717507123947144,0.6361827850341797,0.4358372986316681,0.34443774819374084,0.546480119228363,0.7335096597671509,0.9588077068328857,1.2865509986877441,3.0805890560150146,2.7877237796783447,2.647951126098633,2.3020503520965576,2.226611614227295,2.0398473739624023,1.732985258102417,1.5038694143295288,1.346408724784851,1.188126564025879,0.9359213709831238,0.9157575368881226,0.8147363066673279,0.769508421421051,1.1454312801361084,2.7068490982055664,2.431347608566284,2.2438440322875977,1.9621210098266602,1.6698639392852783,1.3195050954818726,1.048166036605835,0.908016562461853,1.068238377571106,1.1935372352600098,1.0468785762786865,1.4242208003997803,1.4775551557540894,1.8394397497177124,2.019895553588867,1.8901121616363525,1.6159065961837769,1.3582693338394165,1.0361852645874023,0.8114969730377197,0.8238773941993713,0.6579903364181519,0.3923075199127197,0.5758658647537231,0.9287439584732056,1.012863278388977,1.3598946332931519,1.522426962852478,1.8222134113311768,2.1618762016296387
A11,1.7429629564285278,1.3803962469100952,1.3559225797653198,1.1957308053970337,1.16940438747406,1.0079516172409058,0.977834939956665,0.7336664795875549,0.5279502272605896,0.3751371502876282,0.0,0.3820283114910126,0.5522039532661438,0.8548828363418579,1.172533392906189,2.0675740242004395,1.8360646963119507,1.786328673362732,1.4391672611236572,1.563063383102417,1.4525774717330933,1.2437875270843506,1.0348864793777466,0.8920938968658447,0.6842129230499268,0.3553551435470581,0.6048653721809387,0.587828516960144,0.8928852081298828,1.178442120552063,3.184734344482422,2.904426336288452,2.718186616897583,2.3679683208465576,2.265690565109253,2.017453908920288,1.6729772090911865,1.4924007654190063,1.2529160976409912,1.0732454061508179,0.7775161862373352,0.8824807405471802,0.7620173692703247,0.8650032877922058,1.1910011768341064,2.5649094581604004,2.3031129837036133,2.066110372543335,1.8065131902694702,1.4730544090270996,1.0850791931152344,0.8629569411277771,0.8647987842559814,1.0725215673446655,1.201729416847229,1.077472448348999,1.4399700164794922,1.5195807218551636,1.8524072170257568,2.089656114578247,1.6485486030578613,1.3734384775161743,1.1783537864685059,0.8356673717498779,0.6383647322654724,0.5803332328796387,0.5089998245239258,0.24131295084953308,0.6080301403999329,0.8593960404396057,1.0481622219085693,1.330175757408142,1.5456281900405884,1.8347609043121338,2.1937038898468018
A12,1.4996299743652344,1.1549205780029297,1.2208967208862305,1.1403334140777588,1.2132409811019897,1.1562591791152954,1.2120567560195923,1.0073868036270142,0.6908286213874817,0.5054865479469299,0.3820283114910126,0.0,0.37789657711982727,0.5429883599281311,0.870765745639801,1.8741261959075928,1.675029993057251,1.702492356300354,1.3992772102355957,1.5913784503936768,1.550452709197998,1.429276943206787,1.1834694147109985,0.9615060687065125,0.6399684548377991,0.3603275716304779,0.30538663268089294,0.23257459700107574,0.5290499329566956,0.8142611384391785,3.5008673667907715,3.2065393924713135,3.0361881256103516,2.696953773498535,2.579807758331299,2.3440842628479004,2.013422966003418,1.8027218580245972,1.5606322288513184,1.319310188293457,0.962932288646698,0.9679480195045471,0.6974902153015137,0.7125943899154663,0.9915205836296082,2.8452014923095703,2.561650514602661,2.31404709815979,2.0305263996124268,1.6786723136901855,1.3127949237823486,1.044772982597351,1.069034218788147,1.3428630828857422,1.527562141418457,1.432116150856018,1.8014600276947021,1.8835294246673584,2.2248847484588623,2.447923183441162,1.3897087574005127,1.113416314125061,0.8572262525558472,0.534837007522583,0.3432612717151642,0.531541109085083,0.6412767767906189,0.5596610307693481,0.9278529286384583,1.2165967226028442,1.4051063060760498,1.7022771835327148,1.914439082145691,2.2030818462371826,2.5614755153656006
A13,1.8134489059448242,1.4850449562072754,1.5879396200180054,1.5098903179168701,1.583396315574646,1.4880826473236084,1.513417363166809,1.2694438695907593,0.9959760308265686,0.8273827433586121,0.5522039532661438,0.37789657711982727,0.0,0.3753056526184082,0.6455702781677246,2.2129743099212646,2.0269479751586914,2.0753672122955322,1.7770439386367798,1.9643076658248901,1.9005929231643677,1.7419830560684204,1.4777013063430786,1.306064248085022,1.0054798126220703,0.677371084690094,0.6439969539642334,0.31068548560142517,0.5591791272163391,0.7437227368354797,3.7093913555145264,3.4287991523742676,3.2255148887634277,2.8821935653686523,2.7537424564361572,2.4741761684417725,2.118922710418701,1.9575223922729492,1.6646233797073364,1.4246395826339722,1.0625078678131104,1.161078691482544,0.8938183784484863,1.0074100494384766,1.2096699476242065,2.86651611328125,2.6038193702697754,2.3123345375061035,2.06080961227417,1.6801140308380127,1.2999403476715088,1.1076679229736328,1.2486320734024048,1.5315306186676025,1.7001967430114746,1.6063079833984375,1.9534045457839966,2.034799814224243,2.3462963104248047,2.608523368835449,1.0977784395217896,0.8467375040054321,0.6671010851860046,0.3809080123901367,0.24740169942378998,0.36072567105293274,0.6630682349205017,0.7061291337013245,1.0926164388656616,1.2973121404647827,1.5564391613006592,1.7951428890228271,2.049978733062744,2.313170909881592,2.6845734119415283
A14,1.672884225845337,1.3817472457885742,1.5709148645401,1.541209101676941,1.691278338432312,1.6526241302490234,1.7443450689315796,1.5451034307479858,1.2306625843048096,1.0275812149047852,0.8548828363418579,0.5429883599281311,0.3753056526184082,0.0,0.3949393332004547,2.10886287689209,1.9742968082427979,2.080268621444702,1.8223907947540283,2.0628092288970947,2.0624403953552246,1.9673349857330322,1.7043952941894531,1.4769785404205322,1.1314175128936768,0.8892608880996704,0.6792615056037903,0.35386744141578674,0.2815819978713989,0.41686931252479553,4.026998996734619,3.737265110015869,3.552342653274536,3.2114312648773193,3.08510422706604,2.821881055831909,2.475260019302368,2.2926383018493652,2.0123236179351807,1.7515151500701904,1.3729177713394165,1.4012478590011597,1.0693161487579346,1.0884782075881958,1.2303907871246338,3.2150228023529053,2.9403600692749023,2.6497366428375244,2.3846189975738525,2.002601146697998,1.6418523788452148,1.4227477312088013,1.5421251058578491,1.8432387113571167,2.0310781002044678,1.932075023651123,2.2910454273223877,2.356919288635254,2.679607629776001,2.9264914989471436,0.8880319595336914,0.6906715035438538,0.3787899911403656,0.3066323697566986,0.2262701392173767,0.5465983152389526,0.8757150769233704,0.9918187856674194,1.3650585412979126,1.6084855794906616,1.8621418476104736,2.1214113235473633,2.3766367435455322,2.634732484817505,3.0083184242248535
A15,1.8692481517791748,1.628143310546875,1.8367773294448853,1.8667056560516357,2.0166802406311035,2.0114572048187256,2.081089496612549,1.8467251062393188,1.520330548286438,1.375128984451294,1.172533392906189,0.870765745639801,0.6455702781677246,0.3949393332004547,0.0,2.3098344802856445,2.1791839599609375,2.3343474864959717,2.1145849227905273,2.348773241043091,2.337601900100708,2.2495508193969727,1.9479060173034668,1.749566912651062,1.414708137512207,1.1735937595367432,0.9651716351509094,0.6468435525894165,0.5743576884269714,0.35056132078170776,4.296825885772705,4.003931045532227,3.8030571937561035,3.475113868713379,3.318408727645874,3.0371015071868896,2.6946048736572266,2.5161542892456055,2.209723472595215,1.916725754737854,1.5313968658447266,1.557588815689087,1.2100764513015747,1.2677905559539795,1.2981353998184204,3.3142802715301514,3.036505699157715,2.723710536956787,2.4642083644866943,2.074397325515747,1.7520326375961304,1.5567805767059326,1.7371517419815063,2.069044351577759,2.2869997024536133,2.231372117996216,2.579537868499756,2.6771347522735596,2.9896905422210693,3.250847101211548,0.5447890758514404,0.3193160891532898,0.08928681164979935,0.3781794309616089,0.6026524901390076,0.8785945177078247,1.2392042875289917,1.3377010822296143,1.7222689390182495,1.9389652013778687,2.199144124984741,2.4396023750305176,2.6938388347625732,2.958177328109741,3.329920530319214
B1,0.4656547009944916,0.7523779273033142,0.7375495433807373,1.0430809259414673,1.2531530857086182,1.6260850429534912,1.869009017944336,1.9931321144104004,1.7740811109542847,1.7593923807144165,2.0675740242004395,1.8741261959075928,2.2129743099212646,2.10886287689209,2.3098344802856445,0.0,0.37242990732192993,0.6291363835334778,0.8988421559333801,1.1425410509109497,1.4828218221664429,1.8127429485321045,1.787591814994812,1.4965797662734985,1.442784309387207,1.7804450988769531,1.5840864181518555,1.9171687364578247,1.8439160585403442,1.9853477478027344,3.879239559173584,3.545836925506592,3.5736875534057617,3.332970380783081,3.2616405487060547,3.2549848556518555,3.098142623901367,2.7554099559783936,2.7410404682159424,2.525169849395752,2.306309223175049,2.001241683959961,1.8421789407730103,1.4796125888824463,1.5294405221939087,3.964552640914917,3.62506103515625,3.5401713848114014,3.189197540283203,2.9812631607055664,2.7758572101593018,2.416938304901123,2.1778483390808105,2.3336265087127686,2.5413007736206055,2.5068044662475586,2.8217387199401855,2.8817858695983887,3.246062994003296,3.2675042152404785,2.798496723175049,2.5629794597625732,2.234203338623047,2.1098134517669678,2.0440380573272705,2.3061132431030273,2.261892557144165,2.138113021850586,2.237802267074585,2.6077041625976562,2.552582025527954,2.9304208755493164,2.9593873023986816,3.257718563079834,3.5033864974975586
B2,0.551533043384552,0.6890007257461548,0.5248582363128662,0.8790165185928345,1.0136911869049072,1.4106473922729492,1.6032824516296387,1.698404312133789,1.4869800806045532,1.532225489616394,1.8360646963119507,1.675029993057251,2.0269479751586914,1.9742968082427979,2.1791839599609375,0.37242990732192993,0.0,0.39175108075141907,0.6588425040245056,0.8576834201812744,1.1572610139846802,1.4871917963027954,1.4440720081329346,1.1793467998504639,1.1726787090301514,1.5264405012130737,1.383612871170044,1.735360026359558,1.7311948537826538,1.8799041509628296,3.5756006240844727,3.2367913722991943,3.2492501735687256,3.013667583465576,2.922856569290161,2.9123735427856445,2.764669418334961,2.4145143032073975,2.4048802852630615,2.1868391036987305,1.9882245063781738,1.668908715248108,1.5467473268508911,1.194675087928772,1.2520335912704468,3.6026883125305176,3.2609200477600098,3.184760093688965,2.832742691040039,2.6395177841186523,2.4553043842315674,2.097416639328003,1.8441128730773926,1.9955542087554932,2.2179861068725586,2.216731548309326,2.5248520374298096,2.617621898651123,2.980632781982422,3.009911298751831,2.6908602714538574,2.4174582958221436,2.1116247177124023,1.9350104331970215,1.8894742727279663,2.1470017433166504,2.0961456298828125,1.9216660261154175,2.0221645832061768,2.381243944168091,2.3094589710235596,2.6838724613189697,2.6965174674987793,3.0136122703552246,3.2545199394226074
B3,0.8224161863327026,0.830073893070221,0.5166491866111755,0.7250402569770813,0.7652993202209473,1.1658802032470703,1.354274034500122,1.5183945894241333,1.3855055570602417,1.445475697517395,1.786328673362732,1.702492356300354,2.0753672122955322,2.080268621444702,2.3343474864959717,0.6291363835334778,0.39175108075141907,0.0,0.3941846787929535,0.5236684679985046,0.8812837600708008,1.238864541053772,1.290152907371521,1.0488340854644775,1.1320397853851318,1.5055934190750122,1.4428564310073853,1.811388611793518,1.8517072200775146,2.0611376762390137,3.2505359649658203,2.918236017227173,2.9528632164001465,2.71795654296875,2.659750461578369,2.681900978088379,2.554309606552124,2.2101893424987793,2.249211072921753,2.084512948989868,1.9379024505615234,1.639540195465088,1.5887925624847412,1.2641210556030273,1.4094704389572144,3.456064224243164,3.1299049854278564,3.082632541656494,2.7441959381103516,2.579223871231079,2.3950977325439453,2.0536746978759766,1.7512400150299072,1.8341504335403442,2.0105416774749756,1.9912750720977783,2.2738428115844727,2.3454878330230713,2.699192762374878,2.696178913116455,2.866680145263672,2.583501100540161,2.2741658687591553,2.052596092224121,1.9569275379180908,2.1544268131256104,2.036500930786133,1.833850622177124,1.8605784177780151,2.2028472423553467,2.0814037322998047,2.450167655944824,2.428837537765503,2.7344791889190674,2.95096492767334
B4,0.904246985912323,0.7375078797340393,0.37025731801986694,0.38424190878868103,0.376382976770401,0.776883602142334,0.985831081867218,1.1650503873825073,1.048215627670288,1.082970380783081,1.4391672611236572,1.3992772102355957,1.7770439386367798,1.8223907947540283,2.1145849227905273,0.8988421559333801,0.6588425040245056,0.3941846787929535,0.0,0.36674603819847107,0.6861410140991211,0.9654136300086975,1.027138352394104,0.745410144329071,0.8268370032310486,1.1914823055267334,1.1748356819152832,1.5403763055801392,1.6136170625686646,1.8722500801086426,3.069169044494629,2.7437143325805664,2.7455673217773438,2.4760096073150635,2.429593801498413,2.4180970191955566,2.2558507919311523,1.9294875860214233,1.9514130353927612,1.8062955141067505,1.6558598279953003,1.4010348320007324,1.3595210313796997,1.0620219707489014,1.302567958831787,3.219189405441284,2.906550168991089,2.8381567001342773,2.511932611465454,2.327200174331665,2.1066315174102783,1.7769492864608765,1.472619652748108,1.5441710948944092,1.695290446281433,1.6369191408157349,1.9365615844726562,1.9903191328048706,2.3514294624328613,2.371983766555786,2.6559829711914062,2.3729217052459717,2.06207537651062,1.8108214139938354,1.6720973253250122,1.8246545791625977,1.6735821962356567,1.4637792110443115,1.4693561792373657,1.8118882179260254,1.6982537508010864,2.0705630779266357,2.070430278778076,2.3735029697418213,2.610818862915039
B5,1.2283350229263306,1.086212396621704,0.7039300203323364,0.6951943039894104,0.4762668013572693,0.8268007636070251,0.9199439883232117,1.1168872117996216,1.0938527584075928,1.2230710983276367,1.563063383102417,1.5913784503936768,1.9643076658248901,2.0628092288970947,2.348773241043091,1.1425410509109497,0.8576834201812744,0.5236684679985046,0.36674603819847107,0.0,0.39176708459854126,0.7504489421844482,0.9008880853652954,0.7428480386734009,0.968907356262207,1.3197582960128784,1.3922635316848755,1.7503737211227417,1.881952166557312,2.133974075317383,2.7493038177490234,2.4188265800476074,2.441204071044922,2.197248935699463,2.1507813930511475,2.183567523956299,2.07068133354187,1.73353111743927,1.816267728805542,1.7097406387329102,1.6363459825515747,1.3761740922927856,1.4328058958053589,1.1896055936813354,1.417841911315918,3.014862060546875,2.7067041397094727,2.6834537982940674,2.3646109104156494,2.2333006858825684,2.0619046688079834,1.7525935173034668,1.4044358730316162,1.406446099281311,1.5408031940460205,1.5302501916885376,1.782307505607605,1.8658325672149658,2.2094926834106445,2.196671962738037,2.8934128284454346,2.5854499340057373,2.3045566082000732,2.0170576572418213,1.8978607654571533,2.0237767696380615,1.8480355739593506,1.5839248895645142,1.539903163909912,1.8394848108291626,1.662023663520813,2.0141913890838623,1.952527403831482,2.2653026580810547,2.462406873703003
B6,1.5186741352081299,1.330148458480835,0.9610206484794617,0.9198024868965149,0.6039851903915405,0.8243734836578369,0.7517268657684326,0.8822361826896667,0.9372643232345581,1.16276216506958,1.4525774717330933,1.550452709197998,1.9005929231643677,2.0624403953552246,2.337601900100708,1.4828218221664429,1.1572610139846802,0.8812837600708008,0.6861410140991211,0.39176708459854126,0.0,0.40135228633880615,0.596666693687439,0.5991683006286621,0.9321903586387634,1.225581407546997,1.3962703943252563,1.7236219644546509,1.9266024827957153,2.1707491874694824,2.447110414505005,2.1102805137634277,2.099977970123291,1.8565340042114258,1.7811836004257202,1.8059860467910767,1.7078152894973755,1.3614075183868408,1.4674681425094604,1.3850317001342773,1.3768547773361206,1.1364631652832031,1.2891546487808228,1.1356878280639648,1.3724613189697266,2.6280324459075928,2.3225111961364746,2.315239429473877,2.004171371459961,1.9041639566421509,1.7677136659622192,1.4851295948028564,1.1130561828613281,1.063052773475647,1.2007261514663696,1.2519261837005615,1.4773313999176025,1.6172711849212646,1.9498467445373535,1.9516929388046265,2.876096248626709,2.544790267944336,2.306450128555298,1.9788938760757446,1.8838547468185425,1.979553461074829,1.79936945438385,1.4821516275405884,1.4238322973251343,1.6744285821914673,1.4690858125686646,1.7962054014205933,1.7040984630584717,2.0402324199676514,2.2258460521698
B7,1.7715526819229126,1.5190969705581665,1.1925883293151855,1.070929765701294,0.7315975427627563,0.753376305103302,0.5126283764839172,0.56468266248703,0.7467098236083984,1.0147572755813599,1.2437875270843506,1.429276943206787,1.7419830560684204,1.9673349857330322,2.2495508193969727,1.8127429485321045,1.4871917963027954,1.238864541053772,0.9654136300086975,0.7504489421844482,0.40135228633880615,0.0,0.38387608528137207,0.5488154292106628,0.8986314535140991,1.0847936868667603,1.35037362575531,1.6234771013259888,1.8812031745910645,2.1388919353485107,2.244537353515625,1.9173816442489624,1.8472334146499634,1.565936803817749,1.4815033674240112,1.4543733596801758,1.3213354349136353,0.9849969744682312,1.0901224613189697,1.0576280355453491,1.1065411567687988,0.9527716636657715,1.1779170036315918,1.1319935321807861,1.4115469455718994,2.2966225147247314,2.0074830055236816,1.986080527305603,1.6954623460769653,1.596323847770691,1.4484705924987793,1.209190011024475,0.8284149169921875,0.6992865800857544,0.8009979724884033,0.866322934627533,1.0909252166748047,1.2640585899353027,1.596248745918274,1.6380269527435303,2.7722299098968506,2.438359022140503,2.2326748371124268,1.8763399124145508,1.7709530591964722,1.8053622245788574,1.6042739152908325,1.2561448812484741,1.1641539335250854,1.3577704429626465,1.1376413106918335,1.4415557384490967,1.3470754623413086,1.6999205350875854,1.8992910385131836
B8,1.6802648305892944,1.417639136314392,1.1405092477798462,1.0925511121749878,0.8272666931152344,0.8870174288749695,0.67778080701828,0.5035198926925659,0.5262271165847778,0.8717507123947144,1.0348864793777466,1.1834694147109985,1.4777013063430786,1.7043952941894531,1.9479060173034668,1.787591814994812,1.4440720081329346,1.290152907371521,1.027138352394104,0.9008880853652954,0.596666693687439,0.38387608528137207,0.0,0.36764460802078247,0.6841679215431213,0.8236674070358276,1.101865530014038,1.3517917394638062,1.6377639770507812,1.852875828742981,2.4962639808654785,2.1683032512664795,2.0496907234191895,1.7713197469711304,1.6223411560058594,1.5163390636444092,1.3345636129379272,0.9861718416213989,0.968465268611908,0.8115236759185791,0.7840282320976257,0.5754201412200928,0.8142088651657104,0.818291425704956,1.0767639875411987,2.2056233882904053,1.8881075382232666,1.8118091821670532,1.4888108968734741,1.3343238830566406,1.1766210794448853,0.8894457221031189,0.517598569393158,0.5547985434532166,0.8107021450996399,0.9363003969192505,1.2120108604431152,1.4332101345062256,1.769534707069397,1.8767188787460327,2.4621379375457764,2.1127829551696777,1.9347764253616333,1.5719630718231201,1.5247142314910889,1.6043782234191895,1.4750316143035889,1.1158812046051025,1.1429455280303955,1.356435775756836,1.2267495393753052,1.5317240953445435,1.5031118392944336,1.8714549541473389,2.1094164848327637
B9,1.3469971418380737,1.0618066787719727,0.8045721054077148,0.7497586011886597,0.5497685670852661,0.679933488368988,0.6285514831542969,0.5454232096672058,0.38341355323791504,0.6361827850341797,0.8920938968658447,0.9615060687065125,1.306064248085022,1.4769785404205322,1.749566912651062,1.4965797662734985,1.1793467998504639,1.0488340854644775,0.745410144329071,0.7428480386734009,0.5991683006286621,0.5488154292106628,0.36764460802078247,0.0,0.36453503370285034,0.6298148036003113,0.8256924748420715,1.1320667266845703,1.3657296895980835,1.608453631401062,2.7816100120544434,2.4562478065490723,2.3596651554107666,2.064908504486084,1.951011061668396,1.8445947170257568,1.631919503211975,1.3064448833465576,1.2519428730010986,1.0689806938171387,0.9167384505271912,0.6893825531005859,0.7447470426559448,0.6116828322410583,0.9362159371376038,2.544516086578369,2.2296621799468994,2.1214582920074463,1.7964026927947998,1.588108777999878,1.3627773523330688,1.0375670194625854,0.7296255230903625,0.8535378575325012,1.0726046562194824,1.086148738861084,1.4153037071228027,1.5642495155334473,1.9265514612197876,2.03467059135437,2.2848286628723145,1.955286979675293,1.7235604524612427,1.3855841159820557,1.2988752126693726,1.4145653247833252,1.2898240089416504,0.9723855257034302,1.0408796072006226,1.337499976158142,1.2572722434997559,1.60813570022583,1.6337110996246338,1.9836831092834473,2.2533111572265625
B10,1.1864399909973145,0.8578517436981201,0.7302956581115723,0.6886625289916992,0.6650115847587585,0.7639235258102417,0.8204212188720703,0.7021389603614807,0.36536240577697754,0.4358372986316681,0.6842129230499268,0.6399684548377991,1.0054798126220703,1.1314175128936768,1.414708137512207,1.442784309387207,1.1726787090301514,1.1320397853851318,0.8268370032310486,0.968907356262207,0.9321903586387634,0.8986314535140991,0.6841679215431213,0.36453503370285034,0.0,0.37454333901405334,0.4666542708873749,0.7964567542076111,1.0036702156066895,1.2576619386672974,3.1112687587738037,2.7930898666381836,2.678722858428955,2.367278814315796,2.2538702487945557,2.104633092880249,1.8463294506072998,1.5518666505813599,1.422601580619812,1.1953425407409668,0.9313251972198486,0.7412879467010498,0.6074891090393066,0.4110490083694458,0.7885988354682922,2.739569664001465,2.4267823696136475,2.2659263610839844,1.9427642822265625,1.6720870733261108,1.3890748023986816,1.05001699924469,0.853622555732727,1.070801854133606,1.291792392730713,1.2530262470245361,1.6160334348678589,1.7321642637252808,2.0997631549835205,2.24481463432312,1.9560768604278564,1.6431549787521362,1.3828413486480713,1.0638563632965088,0.9621582627296448,1.1256111860275269,1.0577774047851562,0.8014269471168518,0.9819832444190979,1.3197208642959595,1.3363505601882935,1.6920710802078247,1.7905482053756714,2.1223320960998535,2.4301650524139404
B11,1.4727901220321655,1.1299494504928589,1.0808101892471313,1.0011740922927856,0.9803110957145691,0.9449276328086853,0.9356414079666138,0.6970452070236206,0.34774479269981384,0.34443774819374084,0.3553551435470581,0.3603275716304779,0.677371084690094,0.8892608880996704,1.1735937595367432,1.7804450988769531,1.5264405012130737,1.5055934190750122,1.1914823055267334,1.3197582960128784,1.225581407546997,1.0847936868667603,0.8236674070358276,0.6298148036003113,0.37454333901405334,0.0,0.38014113903045654,0.543915331363678,0.8491491675376892,1.1006592512130737,3.1797804832458496,2.8767478466033936,2.715424060821533,2.3874263763427734,2.2605373859405518,2.0479702949523926,1.742175817489624,1.4959630966186523,1.2869459390640259,1.043885350227356,0.7179178595542908,0.6663103699684143,0.4858112931251526,0.5142568349838257,0.8611786961555481,2.5983073711395264,2.301640033721924,2.090604066848755,1.7886236906051636,1.4707787036895752,1.1353800296783447,0.8242703080177307,0.751929521560669,1.0182816982269287,1.2294256687164307,1.1780251264572144,1.5471481084823608,1.6698262691497803,2.021327018737793,2.2219009399414062,1.6954996585845947,1.3809525966644287,1.1611424684524536,0.8043539524078369,0.701353132724762,0.8238405585289001,0.8072554469108582,0.5459540486335754,0.837224543094635,1.1338781118392944,1.237440824508667,1.556201696395874,1.7118500471115112,2.0334434509277344,2.3686094284057617
B12,1.2130917310714722,0.8812440633773804,0.9550074338912964,0.9460377097129822,1.0558429956436157,1.1008167266845703,1.1980366706848145,1.0368183851242065,0.6751433610916138,0.546480119228363,0.6048653721809387,0.30538663268089294,0.6439969539642334,0.6792615056037903,0.9651716351509094,1.5840864181518555,1.383612871170044,1.4428564310073853,1.1748356819152832,1.3922635316848755,1.3962703943252563,1.35037362575531,1.101865530014038,0.8256924748420715,0.4666542708873749,0.38014113903045654,0.0,0.3696994185447693,0.5433200597763062,0.8014976382255554,3.520251750946045,3.2106845378875732,3.068491220474243,2.7441556453704834,2.6215977668762207,2.42207407951355,2.1216652393341064,1.8675906658172607,1.6619892120361328,1.3981096744537354,1.0465143918991089,0.9380356669425964,0.6310823559761047,0.49632012844085693,0.7786886692047119,2.9528329372406006,2.647249937057495,2.4267337322235107,2.116133213043213,1.7851885557174683,1.4580193758010864,1.1413073539733887,1.0981569290161133,1.3821877241134644,1.6022989749908447,1.5354013442993164,1.9096025228500366,2.0046379566192627,2.362051486968994,2.551856756210327,1.5088977813720703,1.2193628549575806,0.9275954961776733,0.6412345767021179,0.5413228869438171,0.8120123744010925,0.8879401683807373,0.7713918089866638,1.0865192413330078,1.4155011177062988,1.5456405878067017,1.8750334978103638,2.047635316848755,2.35408091545105,2.6962664127349854
B13,1.5156091451644897,1.1991647481918335,1.3180748224258423,1.2894268035888672,1.394972801208496,1.3726134300231934,1.4366745948791504,1.2219724655151367,0.8900898694992065,0.7335096597671509,0.587828516960144,0.23257459700107574,0.31068548560142517,0.35386744141578674,0.6468435525894165,1.9171687364578247,1.735360026359558,1.811388611793518,1.5403763055801392,1.7503737211227417,1.7236219644546509,1.6234771013259888,1.3517917394638062,1.1320667266845703,0.7964567542076111,0.543915331363678,0.3696994185447693,0.0,0.37180477380752563,0.5933236479759216,3.706692934036255,3.409648895263672,3.233103036880493,2.899623155593872,2.766946315765381,2.520684003829956,2.189208984375,1.9800487756729126,1.718152642250061,1.4490100145339966,1.070676326751709,1.0661876201629639,0.7416543364524841,0.7621029019355774,0.9608646631240845,2.9573235511779785,2.6690804958343506,2.4035794734954834,2.1187455654144287,1.7521953582763672,1.3985159397125244,1.1367719173431396,1.2112232446670532,1.515269160270691,1.7214469909667969,1.6468496322631836,2.0117807388305664,2.104259967803955,2.440121650695801,2.671508312225342,1.1772615909576416,0.8968217372894287,0.6296432614326477,0.3153650164604187,0.22928714752197266,0.5660541653633118,0.7890946269035339,0.7709689140319824,1.1490793228149414,1.4208515882492065,1.6273210048675537,1.9120745658874512,2.132523775100708,2.4187686443328857,2.779900312423706
