,A1,A2,A3,A4,A5,A6,A7,A8,A9,A10,A11,A12,A13,A14,A15,B1,B2,B3,B4,B5,B6,B7,B8,B9,B10,B11,B12,B13,B14,B15,C1,C2,C3,C4,C5,C6,C7,C8,C9,C10,C11,C12,C13,C14,C15,D1,D2,D3,D4,D5,D6,D7,D8,D9,D10,D11,D12,D13,D14,D15,E1,E2,E3,E4,E5,E6,E7,E8,E9,E10,E11,E12,E13,E14,E15
A1,0.0,0.3979578912258148,0.6834813356399536,0.9000770449638367,1.1554031372070312,1.503114104270935,1.61152982711792,1.9771429300308228,2.1634955406188965,2.451277017593384,2.7370100021362305,2.8935937881469727,3.17649507522583,3.4626128673553467,3.524461269378662,0.29442688822746277,0.2143920361995697,0.4143482744693756,0.6908293962478638,0.9319711327552795,1.2607890367507935,1.4962902069091797,1.7929620742797852,2.083127498626709,2.346219301223755,2.6718156337738037,2.9014334678649902,3.1157572269439697,3.452965497970581,3.525869846343994,0.6428002715110779,0.7667160630226135,0.6801912188529968,0.8058353662490845,1.120959758758545,1.3111963272094727,1.6119061708450317,1.8886098861694336,2.1511101722717285,2.4590632915496826,2.740426778793335,3.029656410217285,3.2438130378723145,3.593879461288452,3.708225965499878,1.0053855180740356,1.1250468492507935,1.2885624170303345,1.1442084312438965,1.5178178548812866,1.64951753616333,1.827121376991272,2.161123752593994,2.3066182136535645,2.674238443374634,2.8874001502990723,3.157421588897705,3.4412996768951416,3.7531204223632812,3.9245197772979736,1.0612889528274536,0.9990845322608948,1.2904304265975952,1.1835294961929321,1.434814214706421,1.699684739112854,1.7526683807373047,2.1400814056396484,2.2739593982696533,2.613874673843384,2.848992109298706,3.046339273452759,3.346827507019043,3.640244722366333,3.7581608295440674
A2,0.3979578912258148,0.0,0.3916715979576111,0.6330089569091797,0.8046628832817078,1.1678913831710815,1.243510365486145,1.6068713665008545,1.7961093187332153,2.0683233737945557,2.362977981567383,2.509854793548584,2.7876906394958496,3.073758125305176,3.1291937828063965,0.612467348575592,0.4185791611671448,0.17322266101837158,0.3514496386051178,0.6075814962387085,0.8860207796096802,1.163823127746582,1.4374231100082397,1.7384140491485596,2.001868724822998,2.3223016262054443,2.5747313499450684,2.7744596004486084,3.1226091384887695,3.2085041999816895,0.91588294506073,0.927922785282135,0.7424997091293335,0.6787175536155701,0.9920302629470825,1.0750081539154053,1.374918818473816,1.6280696392059326,1.8644368648529053,2.1845998764038086,2.43825626373291,2.7521965503692627,2.9608986377716064,3.315110683441162,3.4555697441101074,1.2207881212234497,1.2135001420974731,1.3332501649856567,1.0988023281097412,1.4281749725341797,1.4958034753799438,1.6150833368301392,1.943162441253662,2.0347211360931396,2.4142041206359863,2.5914909839630127,2.866140127182007,3.1582791805267334,3.459505319595337,3.6545820236206055,1.2580945491790771,1.0761247873306274,1.2786798477172852,1.0931166410446167,1.2645087242126465,1.5000407695770264,1.476684808731079,1.8690617084503174,1.9605170488357544,2.3020873069763184,2.5181283950805664,2.6984167098999023,3.013373374938965,3.292717456817627,3.421457052230835
A3,0.6834813356399536,0.3916715979576111,0.0,0.383618026971817,0.5120949745178223,0.8814889788627625,1.0520544052124023,1.3743010759353638,1.6281218528747559,1.8834012746810913,2.2055628299713135,2.38431978225708,2.6267735958099365,2.9398882389068604,2.986717939376831,0.7630841135978699,0.6887433528900146,0.5458347201347351,0.3807346820831299,0.7368213534355164,0.8636845350265503,1.15996253490448,1.431214690208435,1.6944053173065186,1.9940805435180664,2.274273633956909,2.568828821182251,2.7688705921173096,3.1257405281066895,3.251668930053711,1.0273717641830444,1.0588046312332153,0.9639369249343872,0.771994411945343,1.1187191009521484,1.1684190034866333,1.3857899904251099,1.666527271270752,1.828811526298523,2.1832528114318848,2.3912222385406494,2.7093470096588135,2.9453485012054443,3.2852091789245605,3.460557699203491,1.2524083852767944,1.1612589359283447,1.3270683288574219,1.11478853225708,1.3858201503753662,1.482289433479309,1.5113630294799805,1.8653815984725952,1.9102301597595215,2.2905945777893066,2.4541268348693848,2.6904170513153076,3.0086143016815186,3.2838799953460693,3.476956367492676,1.24396550655365,0.9540837407112122,1.1057045459747314,0.9510174989700317,1.0178838968276978,1.2960710525512695,1.2424286603927612,1.6279748678207397,1.7438640594482422,2.0544233322143555,2.2997887134552,2.4486165046691895,2.758845329284668,3.030581474304199,3.1294052600860596
A4,0.9000770449638367,0.6330089569091797,0.383618026971817,0.0,0.3861119747161865,0.6322839856147766,0.8379884958267212,1.1637673377990723,1.3982586860656738,1.695308804512024,1.990576982498169,2.2177093029022217,2.4602010250091553,2.7887613773345947,2.876277208328247,0.9720604419708252,0.8120384812355042,0.724041759967804,0.3872537612915039,0.703770637512207,0.7813848853111267,0.9724349975585938,1.2948631048202515,1.4874749183654785,1.8262624740600586,2.0736594200134277,2.364997625350952,2.599883556365967,2.9428367614746094,3.0986976623535156,1.0562514066696167,0.9747515916824341,0.8985179662704468,0.5926232933998108,0.9100433588027954,0.9645664095878601,1.0969618558883667,1.4170039892196655,1.5412545204162598,1.9094141721725464,2.112118721008301,2.4069254398345947,2.668513774871826,2.9932098388671875,3.1710195541381836,1.1854321956634521,0.9800413846969604,1.0782967805862427,0.8416602611541748,1.0487736463546753,1.1467880010604858,1.142335057258606,1.5072147846221924,1.5625178813934326,1.936247706413269,2.12259840965271,2.3478586673736572,2.6644060611724854,2.9442226886749268,3.121326208114624,1.1757346391677856,0.8483384847640991,0.8640369772911072,0.6331398487091064,0.6655746102333069,0.9147418737411499,0.8853607773780823,1.2733272314071655,1.4192575216293335,1.7355433702468872,1.9966374635696411,2.179111957550049,2.468397378921509,2.7648892402648926,2.86714243888855
A5,1.1554031372070312,0.8046628832817078,0.5120949745178223,0.3861119747161865,0.0,0.3905943036079407,0.57350093126297,0.8658068776130676,1.14482581615448,1.3915987014770508,1.720258116722107,1.9234923124313354,2.147088050842285,2.47619891166687,2.53667950630188,1.2564682960510254,1.1081311702728271,0.8982581496238708,0.5538913011550903,0.7399404048919678,0.62244713306427,0.8771685361862183,1.1086695194244385,1.3120243549346924,1.6343104839324951,1.8665878772735596,2.1938257217407227,2.39119553565979,2.749323606491089,2.914264678955078,1.4225983619689941,1.3491064310073853,1.21853768825531,0.891137957572937,1.132853627204895,1.0497472286224365,1.1615321636199951,1.4082050323486328,1.4803742170333862,1.8500008583068848,1.999603033065796,2.329331636428833,2.5732243061065674,2.9005730152130127,3.1116905212402344,1.56753671169281,1.3538498878479004,1.4332275390625,1.1666877269744873,1.3089584112167358,1.3228222131729126,1.2328131198883057,1.560142993927002,1.51924729347229,1.8980945348739624,2.016901969909668,2.239832878112793,2.5695135593414307,2.8250174522399902,3.037212610244751,1.5501099824905396,1.2018450498580933,1.1847485303878784,0.9538922309875488,0.84991455078125,1.0277652740478516,0.8444236516952515,1.2110614776611328,1.2756917476654053,1.576385259628296,1.8078067302703857,1.9408905506134033,2.258723020553589,2.523056745529175,2.631924629211426
A6,1.503114104270935,1.1678913831710815,0.8814889788627625,0.6322839856147766,0.3905943036079407,0.0,0.38542884588241577,0.5686524510383606,0.873469889163971,1.1299643516540527,1.4444514513015747,1.7026292085647583,1.8991113901138306,2.2502870559692383,2.3399314880371094,1.5905840396881104,1.424591064453125,1.2428557872772217,0.869620680809021,0.977595865726471,0.7624873518943787,0.8720084428787231,1.0748893022537231,1.164999008178711,1.5150480270385742,1.6784895658493042,2.022364616394043,2.2349932193756104,2.5800492763519287,2.787343740463257,1.67550528049469,1.5508538484573364,1.4418234825134277,1.0722758769989014,1.2340449094772339,1.1077826023101807,1.0873013734817505,1.3192880153656006,1.2905566692352295,1.6689199209213257,1.7649989128112793,2.079423427581787,2.34653639793396,2.649508237838745,2.8856148719787598,1.7500656843185425,1.4631211757659912,1.4882804155349731,1.2300115823745728,1.2535417079925537,1.2319084405899048,1.0323420763015747,1.332383394241333,1.2280285358428955,1.590427279472351,1.6905481815338135,1.8820300102233887,2.224198818206787,2.4622066020965576,2.672776699066162,1.723159909248352,1.3576680421829224,1.2238689661026,0.9813330769538879,0.7482322454452515,0.812432587146759,0.528102695941925,0.8523643016815186,0.908191442489624,1.1898900270462036,1.4368482828140259,1.5715734958648682,1.8778202533721924,2.1527535915374756,2.2585175037384033
A7,1.61152982711792,1.243510365486145,1.0520544052124023,0.8379884958267212,0.57350093126297,0.38542884588241577,0.0,0.3893551826477051,0.576655387878418,0.862834095954895,1.160607099533081,1.3840539455413818,1.6243492364883423,1.9537814855575562,2.0589866638183594,1.7590196132659912,1.5262140035629272,1.275031566619873,0.925047755241394,0.8712584376335144,0.5466178059577942,0.5822796821594238,0.7053813338279724,0.7982612252235413,1.134985327720642,1.3177504539489746,1.6616183519363403,1.8630131483078003,2.2143945693969727,2.4099109172821045,1.8582526445388794,1.6836650371551514,1.4909862279891968,1.1222245693206787,1.1828213930130005,0.9409458637237549,0.9209690690040588,1.0521010160446167,1.0214482545852661,1.3791812658309937,1.470488429069519,1.8177348375320435,2.049647331237793,2.3715128898620605,2.6072373390197754,1.9670614004135132,1.6923490762710571,1.6491490602493286,1.3295122385025024,1.338432788848877,1.2017830610275269,1.0157257318496704,1.236570119857788,1.089652180671692,1.4587247371673584,1.5114420652389526,1.7605721950531006,2.077460765838623,2.331580877304077,2.576503276824951,1.966562032699585,1.6342791318893433,1.508242130279541,1.2037957906723022,1.0332404375076294,0.987343966960907,0.6579867601394653,0.9318963885307312,0.83648681640625,1.1620062589645386,1.3157086372375488,1.4720309972763062,1.804769515991211,2.0685508251190186,2.233633279800415
A8,1.9771429300308228,1.6068713665008545,1.3743010759353638,1.1637673377990723,0.8658068776130676,0.5686524510383606,0.3893551826477051,0.0,0.3872087299823761,0.5647812485694885,0.896015465259552,1.1544817686080933,1.3317254781723022,1.6877551078796387,1.7890262603759766,2.106238842010498,1.8992406129837036,1.6512830257415771,1.2997446060180664,1.2553348541259766,0.9046377539634705,0.8973732590675354,0.8951398730278015,0.8665856122970581,1.1634103059768677,1.2409127950668335,1.6193547248840332,1.7902494668960571,2.1329102516174316,2.3692989349365234,2.204646348953247,2.0380778312683105,1.8687416315078735,1.4935989379882812,1.5400660037994385,1.2852755784988403,1.1904081106185913,1.2622859477996826,1.1154842376708984,1.4419318437576294,1.4294559955596924,1.7709017992019653,2.0028045177459717,2.2929253578186035,2.570977210998535,2.285609006881714,1.9839845895767212,1.9429335594177246,1.6493985652923584,1.5961874723434448,1.4498623609542847,1.1798160076141357,1.3364895582199097,1.0837332010269165,1.4006439447402954,1.3714193105697632,1.5681242942810059,1.901581048965454,2.1078619956970215,2.3728864192962646,2.2697224617004395,1.915204405784607,1.7474573850631714,1.4763989448547363,1.2257481813430786,1.1307697296142578,0.7461853623390198,0.8668583035469055,0.6759663224220276,0.912254810333252,1.0353367328643799,1.122818112373352,1.4716341495513916,1.7080309391021729,1.8691084384918213
A9,2.1634955406188965,1.7961093187332153,1.6281218528747559,1.3982586860656738,1.14482581615448,0.873469889163971,0.576655387878418,0.3872087299823761,0.0,0.38125941157341003,0.59344482421875,0.8729151487350464,1.1076996326446533,1.442275047302246,1.6053802967071533,2.324195146560669,2.06537127494812,1.805896282196045,1.4728479385375977,1.335148811340332,0.9818233847618103,0.8354131579399109,0.7381795644760132,0.566194474697113,0.8383323550224304,0.866628110408783,1.2410248517990112,1.4283835887908936,1.760138750076294,2.0083775520324707,2.389986991882324,2.171037197113037,1.9624109268188477,1.5974738597869873,1.548531413078308,1.2373805046081543,1.088411808013916,1.0479384660720825,0.8392757177352905,1.1141918897628784,1.0633612871170044,1.4195504188537598,1.6286838054656982,1.924229621887207,2.2044007778167725,2.468905448913574,2.1608493328094482,2.0521628856658936,1.7333582639694214,1.6378002166748047,1.4061388969421387,1.1425007581710815,1.1896971464157104,0.8921208381652832,1.176527738571167,1.0938462018966675,1.3472682237625122,1.6430575847625732,1.870528221130371,2.1589274406433105,2.4723715782165527,2.14792537689209,1.9598946571350098,1.648889422416687,1.4383878707885742,1.2532715797424316,0.8929511308670044,0.9379642009735107,0.6235838532447815,0.8760740160942078,0.8714680671691895,1.0267491340637207,1.3686673641204834,1.6108875274658203,1.8393235206604004
A10,2.451277017593384,2.0683233737945557,1.8834012746810913,1.695308804512024,1.3915987014770508,1.1299643516540527,0.862834095954895,0.5647812485694885,0.38125941157341003,0.0,0.384591281414032,0.6058154702186584,0.7715573310852051,1.125110149383545,1.254873514175415,2.611668586730957,2.373699188232422,2.087850570678711,1.767543077468872,1.6298372745513916,1.2481762170791626,1.1577143669128418,0.9657034277915955,0.8090671896934509,0.9422297477722168,0.8803954124450684,1.2722220420837402,1.3689136505126953,1.6976912021636963,1.9590257406234741,2.7184417247772217,2.5221874713897705,2.3090221881866455,1.9462181329727173,1.913196325302124,1.5881526470184326,1.460768222808838,1.3778458833694458,1.1529251337051392,1.3578274250030518,1.2191317081451416,1.5685402154922485,1.7290828227996826,1.9965956211090088,2.3087592124938965,2.8096401691436768,2.505892038345337,2.419081449508667,2.104107141494751,2.0132617950439453,1.785996913909912,1.5107543468475342,1.532151699066162,1.1961019039154053,1.4137383699417114,1.2356470823287964,1.4359076023101807,1.7182011604309082,1.882982850074768,2.2042407989501953,2.8052890300750732,2.4640402793884277,2.2846434116363525,1.9930129051208496,1.754634141921997,1.589030385017395,1.213545799255371,1.2066223621368408,0.8673456907272339,0.9854551553726196,0.8874923586845398,0.9006189107894897,1.2660088539123535,1.4267091751098633,1.6681313514709473
A11,2.7370100021362305,2.362977981567383,2.2055628299713135,1.990576982498169,1.720258116722107,1.4444514513015747,1.160607099533081,0.896015465259552,0.59344482421875,0.384591281414032,0.0,0.3984593451023102,0.5726402997970581,0.8977331519126892,1.1275078058242798,2.9087510108947754,2.6421608924865723,2.364150285720825,2.0492188930511475,1.8728582859039307,1.5101902484893799,1.337227702140808,1.1155037879943848,0.847449779510498,0.8835809826850891,0.6696218848228455,1.0221664905548096,1.11385178565979,1.3997048139572144,1.6992965936660767,2.978642463684082,2.7462873458862305,2.5228757858276367,2.168015956878662,2.073880910873413,1.7345731258392334,1.555299997329712,1.398167610168457,1.1138145923614502,1.2180336713790894,0.986957848072052,1.3040317296981812,1.429912805557251,1.667657494544983,1.9970461130142212,3.0526797771453857,2.7353570461273193,2.6017403602600098,2.2863597869873047,2.150026321411133,1.8781009912490845,1.6011061668395996,1.5266214609146118,1.164214015007019,1.2894078493118286,1.0288642644882202,1.2327399253845215,1.459396243095398,1.6123571395874023,1.9560823440551758,3.057391405105591,2.734009265899658,2.526190996170044,2.2203116416931152,1.9936071634292603,1.7659587860107422,1.419737696647644,1.3387563228607178,0.9574353694915771,1.0167053937911987,0.7808776497840881,0.8248562812805176,1.1382116079330444,1.2833640575408936,1.587024211883545
A12,2.8935937881469727,2.509854793548584,2.38431978225708,2.2177093029022217,1.9234923124313354,1.7026292085647583,1.3840539455413818,1.1544817686080933,0.8729151487350464,0.6058154702186584,0.3984593451023102,0.0,0.3697334825992584,0.5928980112075806,0.805168867111206,3.087679147720337,2.8157145977020264,2.5012569427490234,2.222687005996704,2.006380081176758,1.636782169342041,1.4943782091140747,1.1867417097091675,0.9801366925239563,0.8645961284637451,0.6473350524902344,0.9575545191764832,0.9114087224006653,1.209485411643982,1.4743022918701172,3.2015600204467773,2.9772555828094482,2.7184503078460693,2.382063865661621,2.280369520187378,1.9117107391357422,1.7881274223327637,1.5758755207061768,1.3473657369613647,1.38998281955719,1.1623761653900146,1.4850232601165771,1.5171749591827393,1.7583645582199097,2.0760231018066406,3.312319040298462,3.019688129425049,2.8911750316619873,2.553687572479248,2.4527270793914795,2.1625189781188965,1.925365686416626,1.8479176759719849,1.5093140602111816,1.6319924592971802,1.3564656972885132,1.5727936029434204,1.749037265777588,1.8817962408065796,2.242203712463379,3.324836254119873,3.0059170722961426,2.83188796043396,2.5140273571014404,2.310718059539795,2.108443021774292,1.7554823160171509,1.7172924280166626,1.3408104181289673,1.4119102954864502,1.1639169454574585,1.1505389213562012,1.445848822593689,1.5118077993392944,1.8277404308319092
A13,3.17649507522583,2.7876906394958496,2.6267735958099365,2.4602010250091553,2.147088050842285,1.8991113901138306,1.6243492364883423,1.3317254781723022,1.1076996326446533,0.7715573310852051,0.5726402997970581,0.3697334825992584,0.0,0.38117915391921997,0.5790608525276184,3.354402542114258,3.104921340942383,2.794461965560913,2.5013468265533447,2.316791534423828,1.9352911710739136,1.81768000125885,1.5290757417678833,1.3235870599746704,1.2329938411712646,0.9864949584007263,1.2567349672317505,1.171213150024414,1.4048402309417725,1.6874910593032837,3.4746201038360596,3.2649459838867188,3.0266427993774414,2.677375078201294,2.598259210586548,2.2415645122528076,2.100555181503296,1.912618637084961,1.6531493663787842,1.6969901323318481,1.4248594045639038,1.6997257471084595,1.731371283531189,1.9143091440200806,2.2565693855285645,3.5719072818756104,3.265928268432617,3.154125690460205,2.8330745697021484,2.7152371406555176,2.44486927986145,2.1723201274871826,2.0937395095825195,1.7272361516952515,1.808309555053711,1.4933205842971802,1.6257489919662476,1.7963356971740723,1.85433030128479,2.221074104309082,3.5721654891967773,3.2348263263702393,3.0462310314178467,2.751295566558838,2.5104522705078125,2.310528039932251,1.9489834308624268,1.8621363639831543,1.489917516708374,1.4697824716567993,1.1937782764434814,1.064329981803894,1.323675274848938,1.299372911453247,1.6079474687576294
A14,3.4626128673553467,3.073758125305176,2.9398882389068604,2.7887613773345947,2.47619891166687,2.2502870559692383,1.9537814855575562,1.6877551078796387,1.442275047302246,1.125110149383545,0.8977331519126892,0.5928980112075806,0.38117915391921997,0.0,0.37028995156288147,3.6562740802764893,3.3942692279815674,3.068920612335205,2.798109769821167,2.5825202465057373,2.209080934524536,2.0828561782836914,1.7584242820739746,1.5598056316375732,1.3840347528457642,1.1181083917617798,1.2923531532287598,1.1045846939086914,1.2709007263183594,1.525515079498291,3.786932945251465,3.5689821243286133,3.308781623840332,2.97359299659729,2.8706483840942383,2.498579740524292,2.3704588413238525,2.137296438217163,1.8946374654769897,1.874368667602539,1.5876119136810303,1.830722451210022,1.7859159708023071,1.9391871690750122,2.2675621509552,3.8982691764831543,3.601226329803467,3.4756052494049072,3.14312744140625,3.029146432876587,2.735973834991455,2.485461950302124,2.37705659866333,2.021696090698242,2.0729386806488037,1.7375097274780273,1.8729791641235352,1.984040379524231,2.0198490619659424,2.3920793533325195,3.9062767028808594,3.5780444145202637,3.397874593734741,3.09102463722229,2.8671348094940186,2.6601834297180176,2.3044753074645996,2.220890998840332,1.842105746269226,1.8236016035079956,1.5198378562927246,1.3965842723846436,1.6077231168746948,1.5333479642868042,1.852916955947876
A15,3.524461269378662,3.1291937828063965,2.986717939376831,2.876277208328247,2.53667950630188,2.3399314880371094,2.0589866638183594,1.7890262603759766,1.6053802967071533,1.254873514175415,1.1275078058242798,0.805168867111206,0.5790608525276184,0.37028995156288147,0.0,3.715099334716797,3.477649450302124,3.134866714477539,2.878912925720215,2.6775715351104736,2.2956273555755615,2.228499412536621,1.891879677772522,1.7577128410339355,1.5872567892074585,1.384518027305603,1.585258960723877,1.368699312210083,1.5549594163894653,1.7585664987564087,3.8902032375335693,3.7026476860046387,3.439948558807373,3.1070780754089355,3.0392847061157227,2.6665737628936768,2.5781502723693848,2.364832639694214,2.151487112045288,2.166152000427246,1.9080342054367065,2.1771512031555176,2.1373684406280518,2.304255962371826,2.626999855041504,4.0233378410339355,3.741905450820923,3.6494786739349365,3.3136980533599854,3.23136568069458,2.957502841949463,2.7090868949890137,2.641711711883545,2.2873847484588623,2.3748106956481934,2.054309368133545,2.1833620071411133,2.3216285705566406,2.346144676208496,2.716249942779541,4.02550745010376,3.685124397277832,3.5316100120544434,3.236541271209717,3.005772590637207,2.8391568660736084,2.4668853282928467,2.4133827686309814,2.0484848022460938,2.0327179431915283,1.7654401063919067,1.5915963649749756,1.823298692703247,1.7117748260498047,1.9893865585327148
B1,0.29442688822746277,0.612467348575592,0.7630841135978699,0.9720604419708252,1.2564682960510254,1.5905840396881104,1.7590196132659912,2.106238842010498,2.324195146560669,2.611668586730957,2.9087510108947754,3.087679147720337,3.354402542114258,3.6562740802764893,3.715099334716797,0.0,0.3986453711986542,0.6793603301048279,0.8723817467689514,1.1734915971755981,1.4753704071044922,1.7109013795852661,2.022920608520508,2.294860363006592,2.5793802738189697,2.8897335529327393,3.1324729919433594,3.3555939197540283,3.6943447589874268,3.782984495162964,0.5027794241905212,0.7683007717132568,0.8283537030220032,0.9546974897384644,1.3004947900772095,1.5265400409698486,1.7905620336532593,2.0989346504211426,2.3381190299987793,2.6612398624420166,2.9342825412750244,3.2131776809692383,3.4476158618927,3.78818416595459,3.9083199501037598,0.8513129949569702,1.0255353450775146,1.2680176496505737,1.2058302164077759,1.5739943981170654,1.7667127847671509,1.929197907447815,2.283517599105835,2.4362637996673584,2.7978763580322266,3.025947332382202,3.2704153060913086,3.565027952194214,3.8678059577941895,4.022241115570068,0.8799470067024231,0.8450571298599243,1.193061351776123,1.175571084022522,1.4270719289779663,1.7359813451766968,1.8249773979187012,2.2029964923858643,2.3777992725372314,2.6980700492858887,2.9618630409240723,3.1507654190063477,3.438736915588379,3.735553741455078,3.8272063732147217
B2,0.2143920361995697,0.4185791611671448,0.6887433528900146,0.8120384812355042,1.1081311702728271,1.424591064453125,1.5262140035629272,1.8992406129837036,2.06537127494812,2.373699188232422,2.6421608924865723,2.8157145977020264,3.104921340942383,3.3942692279815674,3.477649450302124,0.3986453711986542,0.0,0.3973633050918579,0.6107689738273621,0.8430304527282715,1.1900441646575928,1.3800805807113647,1.7033132314682007,1.969390630722046,2.244347095489502,2.562445878982544,2.7815825939178467,3.0145654678344727,3.343060255050659,3.4243180751800537,0.5504966974258423,0.5790592432022095,0.47183239459991455,0.6142818927764893,0.9266319274902344,1.1517856121063232,1.437982201576233,1.7298247814178467,1.9942970275878906,2.2996652126312256,2.590047836303711,2.8646790981292725,3.0862667560577393,3.430938959121704,3.537961483001709,0.8883955478668213,0.9723025560379028,1.0950870513916016,0.9381558299064636,1.3155971765518188,1.4495834112167358,1.6456657648086548,1.975318193435669,2.1414318084716797,2.5020432472229004,2.7303361892700195,3.0015110969543457,3.277265787124634,3.595957040786743,3.757911205291748,0.9600939154624939,0.9027220010757446,1.1577510833740234,1.0208871364593506,1.3009390830993652,1.5418661832809448,1.6194936037063599,2.001377582550049,2.1433265209198,2.4885659217834473,2.723947286605835,2.941962480545044,3.231940984725952,3.53770112991333,3.6617581844329834
B3,0.4143482744693756,0.17322266101837158,0.5458347201347351,0.724041759967804,0.8982581496238708,1.2428557872772217,1.275031566619873,1.6512830257415771,1.805896282196045,2.087850570678711,2.364150285720825,2.5012569427490234,2.794461965560913,3.068920612335205,3.134866714477539,0.6793603301048279,0.3973633050918579,0.0,0.3814994692802429,0.5325830578804016,0.8651680946350098,1.1131160259246826,1.3874385356903076,1.6936031579971313,1.9421327114105225,2.274600028991699,2.5061585903167725,2.709087610244751,3.0502634048461914,3.1223127841949463,0.9373754262924194,0.9011198282241821,0.6536572575569153,0.6304245591163635,0.8982613682746887,0.9828118681907654,1.3098788261413574,1.5453838109970093,1.8091295957565308,2.1115200519561768,2.3825933933258057,2.691910982131958,2.8887228965759277,3.246898889541626,3.3725619316101074,1.2502223253250122,1.2513967752456665,1.3274779319763184,1.0718107223510742,1.407232642173767,1.447738766670227,1.5994384288787842,1.9087525606155396,2.016848087310791,2.392589807510376,2.5737385749816895,2.864788055419922,3.143118143081665,3.4552524089813232,3.6512959003448486,1.307530164718628,1.160715103149414,1.350906252861023,1.137374997138977,1.335487961769104,1.537595272064209,1.520146369934082,1.9099488258361816,1.9862895011901855,2.340364694595337,2.540318727493286,2.73734450340271,3.051943063735962,3.335864543914795,3.480570077896118
B4,0.6908293962478638,0.3514496386051178,0.3807346820831299,0.3872537612915039,0.5538913011550903,0.869620680809021,0.925047755241394,1.2997446060180664,1.4728479385375977,1.767543077468872,2.0492188930511475,2.222687005996704,2.5013468265533447,2.798109769821167,2.878912925720215,0.8723817467689514,0.6107689738273621,0.3814994692802429,0.0,0.38631415367126465,0.6165505051612854,0.856768786907196,1.1649632453918457,1.4304437637329102,1.723239541053772,2.023447036743164,2.284724473953247,2.5031588077545166,2.848220109939575,2.9606664180755615,1.0353403091430664,0.9337625503540039,0.7212820053100586,0.48142972588539124,0.7727996110916138,0.8011220693588257,1.059687852859497,1.3271894454956055,1.5341143608093262,1.8692879676818848,2.1105730533599854,2.422241449356079,2.6443536281585693,2.992185354232788,3.1450068950653076,1.2615164518356323,1.1433727741241455,1.195793628692627,0.9023274183273315,1.1759008169174194,1.2033231258392334,1.2852129936218262,1.6104844808578491,1.6857354640960693,2.066695213317871,2.241307020187378,2.5148465633392334,2.8073461055755615,3.108152151107788,3.3042876720428467,1.2936426401138306,1.0537097454071045,1.1457287073135376,0.8839228749275208,1.010123372077942,1.193935751914978,1.144709587097168,1.5354995727539062,1.6158162355422974,1.9641462564468384,2.1759541034698486,2.3712503910064697,2.6804862022399902,2.9688496589660645,3.1069509983062744
B5,0.9319711327552795,0.6075814962387085,0.7368213534355164,0.703770637512207,0.7399404048919678,0.977595865726471,0.8712584376335144,1.2553348541259766,1.335148811340332,1.6298372745513916,1.8728582859039307,2.006380081176758,2.316791534423828,2.5825202465057373,2.6775715351104736,1.1734915971755981,0.8430304527282715,0.5325830578804016,0.38631415367126465,0.0,0.3954019546508789,0.5876509547233582,0.8653593063354492,1.1644299030303955,1.4142485857009888,1.7444605827331543,1.9756041765213013,2.185353994369507,2.5254647731781006,2.6133289337158203,1.3147536516189575,1.1372214555740356,0.8173377513885498,0.5931904315948486,0.681780993938446,0.5536762475967407,0.880972683429718,1.0570464134216309,1.310501217842102,1.6072620153427124,1.8653018474578857,2.18974232673645,2.3744959831237793,2.736522912979126,2.8760182857513428,1.5443003177642822,1.418343186378479,1.3762407302856445,1.022381067276001,1.2488594055175781,1.1549264192581177,1.2594339847564697,1.5159724950790405,1.5784335136413574,1.9538307189941406,2.1009020805358887,2.4159648418426514,2.6802902221679688,2.9949846267700195,3.2126615047454834,1.600749135017395,1.3952211141586304,1.4424357414245605,1.1230053901672363,1.2377314567565918,1.3136577606201172,1.2139971256256104,1.5793869495391846,1.5786281824111938,1.9483652114868164,2.0991530418395996,2.312723398208618,2.6316707134246826,2.9130139350891113,3.0938405990600586
B6,1.2607890367507935,0.8860207796096802,0.8636845350265503,0.7813848853111267,0.62244713306427,0.7624873518943787,0.5466178059577942,0.9046377539634705,0.9818233847618103,1.2481762170791626,1.5101902484893799,1.636782169342041,1.9352911710739136,2.209080934524536,2.2956273555755615,1.4753704071044922,1.1900441646575928,0.8651680946350098,0.6165505051612854,0.3954019546508789,0.0,0.38764408230781555,0.5712946057319641,0.8796517252922058,1.140129804611206,1.4476637840270996,1.7275160551071167,1.9138848781585693,2.271233558654785,2.388442277908325,1.6338163614273071,1.461319088935852,1.176963448524475,0.8796600699424744,0.9316734075546265,0.6695132851600647,0.8746795058250427,0.9811477661132812,1.1421071290969849,1.4540396928787231,1.6465927362442017,2.0033600330352783,2.1842970848083496,2.543194055557251,2.7244479656219482,1.8296221494674683,1.6438963413238525,1.5988171100616455,1.238167405128479,1.3737175464630127,1.2263381481170654,1.2136929035186768,1.439266324043274,1.4024924039840698,1.7798964977264404,1.8660145998001099,2.173903465270996,2.451528310775757,2.742506742477417,2.9877283573150635,1.8635139465332031,1.5959014892578125,1.5792644023895264,1.250625491142273,1.2442785501480103,1.2678766250610352,1.056924819946289,1.390413522720337,1.3189091682434082,1.674361228942871,1.7954846620559692,1.9763115644454956,2.312305450439453,2.5710253715515137,2.760009288787842
B7,1.4962902069091797,1.163823127746582,1.15996253490448,0.9724349975585938,0.8771685361862183,0.8720084428787231,0.5822796821594238,0.8973732590675354,0.8354131579399109,1.1577143669128418,1.337227702140808,1.4943782091140747,1.81768000125885,2.0828561782836914,2.228499412536621,1.7109013795852661,1.3800805807113647,1.1131160259246826,0.856768786907196,0.5876509547233582,0.38764408230781555,0.0,0.3929523825645447,0.5894986987113953,0.8886244893074036,1.1836562156677246,1.4296103715896606,1.6662521362304688,2.0014922618865967,2.135708808898926,1.7711727619171143,1.5212626457214355,1.2298038005828857,0.9210321307182312,0.8208038210868835,0.46114861965179443,0.5563191175460815,0.5992500185966492,0.7666144967079163,1.072926640510559,1.2915358543395996,1.6345255374908447,1.8207345008850098,2.1794233322143555,2.3488504886627197,1.916786789894104,1.6889686584472656,1.55476713180542,1.1771726608276367,1.2242252826690674,0.9825820326805115,0.9677583575248718,1.1199074983596802,1.0930359363555908,1.4561727046966553,1.553114414215088,1.8890058994293213,2.1379189491271973,2.4504752159118652,2.6897799968719482,1.9629658460617065,1.718531608581543,1.6309123039245605,1.2650268077850342,1.2595425844192505,1.1658982038497925,0.9676269292831421,1.2447121143341064,1.1340453624725342,1.5069117546081543,1.5908995866775513,1.8295992612838745,2.1416027545928955,2.4225170612335205,2.6415200233459473
B8,1.7929620742797852,1.4374231100082397,1.431214690208435,1.2948631048202515,1.1086695194244385,1.0748893022537231,0.7053813338279724,0.8951398730278015,0.7381795644760132,0.9657034277915955,1.1155037879943848,1.1867417097091675,1.5290757417678833,1.7584242820739746,1.891879677772522,2.022920608520508,1.7033132314682007,1.3874385356903076,1.1649632453918457,0.8653593063354492,0.5712946057319641,0.3929523825645447,0.0,0.3868867754936218,0.5703465938568115,0.8998170495033264,1.1656553745269775,1.343854308128357,1.7001692056655884,1.8235920667648315,2.133406400680542,1.899161696434021,1.588725209236145,1.2996187210083008,1.1895955801010132,0.8054648637771606,0.8659628033638,0.7298911213874817,0.8189177513122559,1.0409358739852905,1.1870955228805542,1.5692381858825684,1.694136142730713,2.0602264404296875,2.251282215118408,2.298593521118164,2.0762064456939697,1.946852684020996,1.569419503211975,1.5967613458633423,1.3220713138580322,1.262620210647583,1.334957242012024,1.2171515226364136,1.5412768125534058,1.5429646968841553,1.8913568258285522,2.120609998703003,2.410980463027954,2.68996000289917,2.3426270484924316,2.08579683303833,2.000734806060791,1.6416583061218262,1.593794822692871,1.4796851873397827,1.216417908668518,1.4303985834121704,1.2193888425827026,1.5547640323638916,1.5541555881500244,1.7501981258392334,2.0809106826782227,2.3177616596221924,2.568540096282959
B9,2.083127498626709,1.7384140491485596,1.6944053173065186,1.4874749183654785,1.3120243549346924,1.164999008178711,0.7982612252235413,0.8665856122970581,0.566194474697113,0.8090671896934509,0.847449779510498,0.9801366925239563,1.3235870599746704,1.5598056316375732,1.7577128410339355,2.294860363006592,1.969390630722046,1.6936031579971313,1.4304437637329102,1.1644299030303955,0.8796517252922058,0.5894986987113953,0.3868867754936218,0.0,0.38237470388412476,0.5992335677146912,0.8840847611427307,1.1219431161880493,1.4569995403289795,1.641109824180603,2.3438165187835693,2.0749824047088623,1.7945168018341064,1.4836549758911133,1.3227219581604004,0.9471127986907959,0.8416543006896973,0.6264963746070862,0.5377424359321594,0.7333676218986511,0.8152923583984375,1.204451560974121,1.3473198413848877,1.7020457983016968,1.9176113605499268,2.4575750827789307,2.1896157264709473,2.0164902210235596,1.655274748802185,1.5902762413024902,1.2717150449752808,1.144429326057434,1.1194084882736206,0.9360119104385376,1.214520812034607,1.176576018333435,1.5354465246200562,1.7458852529525757,2.0375311374664307,2.321065902709961,2.4969611167907715,2.234985589981079,2.0840792655944824,1.7226488590240479,1.6321265697479248,1.4302089214324951,1.1589802503585815,1.2719509601593018,0.9995319247245789,1.3082101345062256,1.2505974769592285,1.4831382036209106,1.786766529083252,2.034200429916382,2.3083434104919434
B10,2.346219301223755,2.001868724822998,1.9940805435180664,1.8262624740600586,1.6343104839324951,1.5150480270385742,1.134985327720642,1.1634103059768677,0.8383323550224304,0.9422297477722168,0.8835809826850891,0.8645961284637451,1.2329938411712646,1.3840347528457642,1.5872567892074585,2.5793802738189697,2.244347095489502,1.9421327114105225,1.723239541053772,1.4142485857009888,1.140129804611206,0.8886244893074036,0.5703465938568115,0.38237470388412476,0.0,0.38242456316947937,0.6071323156356812,0.7807309031486511,1.1319952011108398,1.2831083536148071,2.653553009033203,2.3832640647888184,2.072779417037964,1.793688416481018,1.6061841249465942,1.2164753675460815,1.1521328687667847,0.8466581106185913,0.7862229943275452,0.8020570874214172,0.8241748809814453,1.2074490785598755,1.2419044971466064,1.6023725271224976,1.8085857629776,2.7903144359588623,2.541531562805176,2.358757972717285,1.9901000261306763,1.9353621006011963,1.5951178073883057,1.497606635093689,1.4189472198486328,1.2305166721343994,1.439819574356079,1.3326139450073242,1.6974143981933594,1.8518368005752563,2.126307964324951,2.4341628551483154,2.8385791778564453,2.5888984203338623,2.45497727394104,2.0893635749816895,2.012235164642334,1.810088038444519,1.5380018949508667,1.626648187637329,1.3204820156097412,1.5827972888946533,1.446646809577942,1.6431852579116821,1.9376031160354614,2.1379826068878174,2.445725679397583
B11,2.6718156337738037,2.3223016262054443,2.274273633956909,2.0736594200134277,1.8665878772735596,1.6784895658493042,1.3177504539489746,1.2409127950668335,0.866628110408783,0.8803954124450684,0.6696218848228455,0.6473350524902344,0.9864949584007263,1.1181083917617798,1.384518027305603,2.8897335529327393,2.562445878982544,2.274600028991699,2.023447036743164,1.7444605827331543,1.4476637840270996,1.1836562156677246,0.8998170495033264,0.5992335677146912,0.38242456316947937,0.0,0.3958680331707001,0.5778385400772095,0.9028350710868835,1.1483862400054932,2.940373420715332,2.661179304122925,2.3762454986572266,2.0762064456939697,1.884480357170105,1.5098470449447632,1.3651483058929443,1.0624046325683594,0.8664265871047974,0.8041493892669678,0.6442631483078003,1.0051923990249634,1.0167862176895142,1.3399467468261719,1.5972654819488525,3.045008897781372,2.764324903488159,2.5688672065734863,2.218766450881958,2.1063709259033203,1.7599180936813354,1.6008868217468262,1.4571077823638916,1.1995736360549927,1.3211586475372314,1.1222809553146362,1.459707498550415,1.5815563201904297,1.8236935138702393,2.1508729457855225,3.084077835083008,2.8192882537841797,2.6430163383483887,2.2880501747131348,2.165210008621216,1.9182785749435425,1.6337140798568726,1.631412386894226,1.280030369758606,1.4640305042266846,1.2463477849960327,1.4259299039840698,1.6856248378753662,1.860230803489685,2.192265748977661
B12,2.9014334678649902,2.5747313499450684,2.568828821182251,2.364997625350952,2.1938257217407227,2.022364616394043,1.6616183519363403,1.6193547248840332,1.2410248517990112,1.2722220420837402,1.0221664905548096,0.9575545191764832,1.2567349672317505,1.2923531532287598,1.585258960723877,3.1324729919433594,2.7815825939178467,2.5061585903167725,2.284724473953247,1.9756041765213013,1.7275160551071167,1.4296103715896606,1.1656553745269775,0.8840847611427307,0.6071323156356812,0.3958680331707001,0.0,0.37607690691947937,0.5985336303710938,0.832210898399353,3.1557586193084717,2.850193500518799,2.5513663291931152,2.2854952812194824,2.040715456008911,1.6771483421325684,1.5278116464614868,1.168079137802124,1.0107066631317139,0.790213406085968,0.6364953517913818,0.8920118808746338,0.7695954442024231,1.096252679824829,1.3055721521377563,3.257174015045166,2.986546754837036,2.753129005432129,2.4061625003814697,2.281043529510498,1.9069970846176147,1.7966744899749756,1.5904392004013062,1.3865830898284912,1.4374570846557617,1.2446876764297485,1.588535189628601,1.6226205825805664,1.8744632005691528,2.1865952014923096,3.310370922088623,3.077209711074829,2.8990590572357178,2.5345358848571777,2.4478471279144287,2.1775949001312256,1.934343695640564,1.9196947813034058,1.5839959383010864,1.7589917182922363,1.516613483428955,1.7218315601348877,1.9318557977676392,2.098942756652832,2.4494118690490723
B13,3.1157572269439697,2.7744596004486084,2.7688705921173096,2.599883556365967,2.39119553565979,2.2349932193756104,1.8630131483078003,1.7902494668960571,1.4283835887908936,1.3689136505126953,1.11385178565979,0.9114087224006653,1.171213150024414,1.1045846939086914,1.368699312210083,3.3555939197540283,3.0145654678344727,2.709087610244751,2.5031588077545166,2.185353994369507,1.9138848781585693,1.6662521362304688,1.343854308128357,1.1219431161880493,0.7807309031486511,0.5778385400772095,0.37607690691947937,0.0,0.38046032190322876,0.5918359756469727,3.4223740100860596,3.1358203887939453,2.8215863704681396,2.557253837585449,2.334144353866577,1.954952359199524,1.847110629081726,1.4909456968307495,1.3549742698669434,1.1631009578704834,0.9921572804450989,1.223770022392273,1.045715570449829,1.3105323314666748,1.5196661949157715,3.5481884479522705,3.288116455078125,3.075611114501953,2.718447685241699,2.616715669631958,2.249742269515991,2.132779359817505,1.9486830234527588,1.7208428382873535,1.7746031284332275,1.540478229522705,1.8497577905654907,1.8766098022460938,2.0792667865753174,2.412745952606201,3.599280834197998,3.3534345626831055,3.1935582160949707,2.8302879333496094,2.7310593128204346,2.4829018115997314,2.209144353866577,2.200338840484619,1.8443739414215088,1.9923064708709717,1.7225618362426758,1.857521653175354,2.0746853351593018,2.180778741836548,2.53903865814209
