,A1,A2,A3,A4,A5,A6,A7,A8,A9,A10,A11,A12,A13,A14,A15,B1,B2,B3,B4,B5,B6,B7,B8,B9,B10,B11,B12,B13,B14,B15,C1,C2,C3,C4,C5,C6,C7,C8,C9,C10,C11,C12,C13,C14,C15,D1,D2,D3,D4,D5,D6,D7,D8,D9,D10,D11,D12,D13,D14,D15,E1,E2,E3,E4,E5,E6,E7,E8,E9,E10,E11,E12,E13,E14,E15
A1,0.0,0.39071547985076904,0.675064206123352,0.8485496044158936,1.149012804031372,1.4140233993530273,1.6842436790466309,1.9548574686050415,2.2572765350341797,2.523458957672119,2.8344128131866455,3.0881576538085938,3.3088932037353516,3.645932674407959,3.7289845943450928,0.40322667360305786,0.4789535701274872,0.5481076836585999,0.8437231183052063,1.0990726947784424,1.3162821531295776,1.6419587135314941,1.8410922288894653,2.1883671283721924,2.4110124111175537,2.7398386001586914,2.9877307415008545,3.18213152885437,3.531362771987915,3.5940632820129395,0.9049275517463684,0.7186024785041809,1.0556046962738037,1.209389328956604,1.3287427425384521,1.6807399988174438,1.7202670574188232,2.1166844367980957,2.2801826000213623,2.5870509147644043,2.8520400524139404,2.998948574066162,3.3312294483184814,3.577791929244995,3.723536729812622,1.237373948097229,1.242436170578003,1.506258487701416,1.3639146089553833,1.6513105630874634,1.8324085474014282,1.922773838043213,2.305156707763672,2.4343252182006836,2.808218479156494,3.003594160079956,3.2661898136138916,3.553746223449707,3.8553333282470703,4.048460483551025,1.5401841402053833,1.687545895576477,1.7624273300170898,1.5424797534942627,1.8757247924804688,1.9144219160079956,2.0654659271240234,2.37253475189209,2.4998505115509033,2.8602681159973145,3.032597780227661,3.3411598205566406,3.5755255222320557,3.8948140144348145,4.090604782104492
A2,0.39071547985076904,0.0,0.38885417580604553,0.6277834177017212,0.8362855911254883,1.160720705986023,1.392856240272522,1.6754026412963867,1.9796738624572754,2.235826253890991,2.5586867332458496,2.7849109172821045,3.025357484817505,3.3499462604522705,3.4322988986968994,0.6736913323402405,0.4735247492790222,0.3076513707637787,0.686752200126648,0.8187515139579773,1.070395827293396,1.3642185926437378,1.5598382949829102,1.9130407571792603,2.119257926940918,2.4634170532226562,2.6823041439056396,2.8951566219329834,3.2341160774230957,3.2944905757904053,1.0404016971588135,0.8339747190475464,1.1298578977584839,1.1560869216918945,1.2884013652801514,1.585843801498413,1.582318902015686,1.985846996307373,2.098940372467041,2.434813976287842,2.6622390747070312,2.8258416652679443,3.165297269821167,3.401848793029785,3.5791842937469482,1.2836426496505737,1.2911242246627808,1.4688347578048706,1.247471809387207,1.5519893169403076,1.6556708812713623,1.7596672773361206,2.118274688720703,2.230952024459839,2.6125781536102295,2.788106918334961,3.0809147357940674,3.3458993434906006,3.6578900814056396,3.8617937564849854,1.4908969402313232,1.5880709886550903,1.5776537656784058,1.3127493858337402,1.6430083513259888,1.6298221349716187,1.8124475479125977,2.0821142196655273,2.2245736122131348,2.572113037109375,2.7510032653808594,3.074463129043579,3.2867326736450195,3.618596315383911,3.80427885055542
A3,0.675064206123352,0.38885417580604553,0.0,0.38920679688453674,0.5365204215049744,0.8318687081336975,1.1055383682250977,1.3363070487976074,1.666814923286438,1.8951983451843262,2.230059862136841,2.457186460494995,2.678429365158081,3.008958339691162,3.0766055583953857,0.9478176236152649,0.7577665448188782,0.3920637369155884,0.6052395701408386,0.6609217524528503,0.7938919067382812,1.1156243085861206,1.237571358680725,1.6083762645721436,1.782537579536438,2.132331609725952,2.353879451751709,2.54390549659729,2.8879926204681396,2.935814142227173,1.2949782609939575,1.0037368535995483,1.1911723613739014,1.1575106382369995,1.1906640529632568,1.4546319246292114,1.364347219467163,1.7644984722137451,1.8285572528839111,2.1546151638031006,2.3623554706573486,2.500610589981079,2.851684331893921,3.068356513977051,3.2512223720550537,1.5352448225021362,1.4617376327514648,1.5675843954086304,1.2770158052444458,1.5168606042861938,1.5618042945861816,1.5964819192886353,1.948248028755188,2.001835346221924,2.3926918506622314,2.528684377670288,2.8223469257354736,3.0906982421875,3.389049768447876,3.6160171031951904,1.719925045967102,1.7373648881912231,1.6723575592041016,1.3429852724075317,1.6152056455612183,1.5218894481658936,1.6575909852981567,1.8990622758865356,1.989641785621643,2.3423216342926025,2.4810805320739746,2.8192648887634277,3.0173630714416504,3.3423705101013184,3.54799222946167
A4,0.8485496044158936,0.6277834177017212,0.38920679688453674,0.0,0.3824285864830017,0.5746198296546936,0.8491429686546326,1.1195272207260132,1.4102388620376587,1.6884536743164062,1.9882243871688843,2.2523458003997803,2.4740641117095947,2.8117117881774902,2.914482593536377,0.9710174798965454,0.7631204724311829,0.3999306559562683,0.2910156846046448,0.38717588782310486,0.47060108184814453,0.8196014761924744,0.9991738200187683,1.3413262367248535,1.5763360261917114,1.894752025604248,2.1544010639190674,2.3541343212127686,2.703432559967041,2.7912306785583496,1.1942099332809448,0.8614314198493958,0.9310466051101685,0.8320425748825073,0.8259043097496033,1.0675618648529053,0.9834460616111755,1.3863036632537842,1.4787169694900513,1.8095229864120483,2.037961721420288,2.2014031410217285,2.538083076477051,2.7798688411712646,2.957280158996582,1.4084630012512207,1.2522248029708862,1.2937489748001099,0.975949227809906,1.1620867252349854,1.2063480615615845,1.2159234285354614,1.5794178247451782,1.644620418548584,2.032339572906494,2.1897711753845215,2.4714784622192383,2.74819016456604,3.048741102218628,3.262622356414795,1.5848422050476074,1.5303802490234375,1.4673000574111938,1.1195852756500244,1.3432496786117554,1.2598872184753418,1.3384811878204346,1.617658257484436,1.6895016431808472,2.056959629058838,2.1990416049957275,2.516929864883423,2.7435781955718994,3.058173418045044,3.2668662071228027
A5,1.149012804031372,0.8362855911254883,0.5365204215049744,0.3824285864830017,0.0,0.3881204128265381,0.5756290555000305,0.8466219305992126,1.1510357856750488,1.4024244546890259,1.7254383563995361,1.9500634670257568,2.1933934688568115,2.5165882110595703,2.6127216815948486,1.3115211725234985,1.0407902002334595,0.6610830426216125,0.5890224575996399,0.3544372022151947,0.35804426670074463,0.6023620367050171,0.7293374538421631,1.089704155921936,1.2846585512161255,1.6300079822540283,1.8481816053390503,2.0667614936828613,2.404327392578125,2.4839179515838623,1.4974064826965332,1.2009162902832031,1.2518370151519775,1.0607815980911255,1.053389072418213,1.1804821491241455,1.0208053588867188,1.3919792175292969,1.3897345066070557,1.7441436052322388,1.908431053161621,2.081646680831909,2.4255216121673584,2.6444387435913086,2.859194755554199,1.6436471939086914,1.5112967491149902,1.4775526523590088,1.1134397983551025,1.27921724319458,1.203346848487854,1.2088550329208374,1.5115453004837036,1.5309374332427979,1.9210455417633057,2.0360007286071777,2.353315591812134,2.5985465049743652,2.905137062072754,3.1365814208984375,1.7331202030181885,1.6345980167388916,1.4790008068084717,1.0982046127319336,1.2729837894439697,1.0883790254592896,1.1901516914367676,1.3914566040039062,1.4646116495132446,1.8120448589324951,1.9489315748214722,2.2914929389953613,2.4829659461975098,2.8118927478790283,3.0131418704986572
A6,1.4140233993530273,1.160720705986023,0.8318687081336975,0.5746198296546936,0.3881204128265381,0.0,0.3783155381679535,0.5499838590621948,0.8592601418495178,1.118326187133789,1.4225966930389404,1.690853476524353,1.9006211757659912,2.241568088531494,2.3459575176239014,1.5356996059417725,1.3141758441925049,0.9530320763587952,0.741418182849884,0.5673989653587341,0.21709077060222626,0.44861945509910583,0.44307249784469604,0.8011672496795654,1.0096464157104492,1.327296257019043,1.5939854383468628,1.7814245223999023,2.13324236869812,2.2281179428100586,1.6929197311401367,1.3616081476211548,1.3040621280670166,1.093173623085022,0.9618119597434998,1.0143910646438599,0.7532856464385986,1.0892263650894165,1.0460275411605835,1.3797520399093628,1.5454254150390625,1.700029730796814,2.0479013919830322,2.265618085861206,2.4734487533569336,1.8464343547821045,1.6411312818527222,1.5572086572647095,1.189225673675537,1.2362861633300781,1.1248103380203247,1.0131951570510864,1.3011785745620728,1.250240445137024,1.641198754310608,1.7262980937957764,2.0240795612335205,2.2874510288238525,2.5754001140594482,2.820474147796631,1.946232557296753,1.7899094820022583,1.637002944946289,1.2532237768173218,1.3311947584152222,1.1104120016098022,1.0855324268341064,1.2768806219100952,1.2522382736206055,1.6145057678222656,1.6961112022399902,2.0333855152130127,2.235963821411133,2.5428831577301025,2.772273540496826
A7,1.6842436790466309,1.392856240272522,1.1055383682250977,0.8491429686546326,0.5756290555000305,0.3783155381679535,0.0,0.40295520424842834,0.5976649522781372,0.9077602624893188,1.1868159770965576,1.4308894872665405,1.6900473833084106,2.008086919784546,2.148623466491699,1.775842308998108,1.5010454654693604,1.1685773134231567,0.9462176561355591,0.6548909544944763,0.4093005657196045,0.1897706240415573,0.24370327591896057,0.5268775224685669,0.7892725467681885,1.0974949598312378,1.3354889154434204,1.5820584297180176,1.9121462106704712,2.0437700748443604,1.847084641456604,1.5604851245880127,1.4800082445144653,1.1884962320327759,1.107404351234436,1.035524606704712,0.786774218082428,1.0419986248016357,0.928417444229126,1.2998491525650024,1.4012690782546997,1.6170002222061157,1.941680669784546,2.1642439365386963,2.4093058109283447,1.9221550226211548,1.729090929031372,1.566194772720337,1.1866868734359741,1.2029584646224976,0.9792537689208984,0.8946502208709717,1.0895214080810547,1.0297213792800903,1.4091488122940063,1.486453652381897,1.824150800704956,2.0459001064300537,2.3557541370391846,2.593716621398926,1.939259648323059,1.7287914752960205,1.5096027851104736,1.1323999166488647,1.1251438856124878,0.831285834312439,0.7951915860176086,0.9187650680541992,0.9119685292243958,1.261720061302185,1.3756022453308105,1.7192715406417847,1.9129759073257446,2.237722158432007,2.444584846496582
A8,1.9548574686050415,1.6754026412963867,1.3363070487976074,1.1195272207260132,0.8466219305992126,0.5499838590621948,0.40295520424842834,0.0,0.3804500699043274,0.5695149302482605,0.8953593969345093,1.1451884508132935,1.3566149473190308,1.6931843757629395,1.80225670337677,2.08092999458313,1.8386266231536865,1.4800059795379639,1.2660470008850098,1.0202133655548096,0.6992856860160828,0.5676982402801514,0.1620696783065796,0.36812689900398254,0.4605652689933777,0.7967161536216736,1.047789216041565,1.2362432479858398,1.5843794345855713,1.6904746294021606,2.1993722915649414,1.884238839149475,1.7829300165176392,1.5206735134124756,1.3630235195159912,1.270530343055725,0.940363883972168,1.1031274795532227,0.8721055388450623,1.1714448928833008,1.2054108381271362,1.3529013395309448,1.6984951496124268,1.8733727931976318,2.129899263381958,2.3039517402648926,2.090346574783325,1.9305784702301025,1.558704137802124,1.5241122245788574,1.2919933795928955,1.114723801612854,1.2474757432937622,1.061875581741333,1.4104136228561401,1.3867496252059937,1.7082644701004028,1.9287524223327637,2.201075315475464,2.4786438941955566,2.338505506515503,2.122255325317383,1.9021786451339722,1.5303460359573364,1.4884278774261475,1.168684482574463,1.0613731145858765,1.0856213569641113,0.943665623664856,1.253385066986084,1.252448320388794,1.6152499914169312,1.7680647373199463,2.0702922344207764,2.3140478134155273
A9,2.2572765350341797,1.9796738624572754,1.666814923286438,1.4102388620376587,1.1510357856750488,0.8592601418495178,0.5976649522781372,0.3804500699043274,0.0,0.39051786065101624,0.5924260020256042,0.8771946430206299,1.1177034378051758,1.4396703243255615,1.6107347011566162,2.339432716369629,2.0847322940826416,1.7563979625701904,1.5018731355667114,1.243697166442871,0.9495585560798645,0.6898988485336304,0.4309295117855072,0.09249977767467499,0.30730271339416504,0.5071568489074707,0.7933895587921143,1.0300599336624146,1.3565657138824463,1.5323140621185303,2.386314868927002,2.0944736003875732,1.9454286098480225,1.6434814929962158,1.4881123304367065,1.2951265573501587,0.9853379130363464,1.015748381614685,0.7054230570793152,0.9872714281082153,0.9395743012428284,1.152131199836731,1.4573677778244019,1.6450492143630981,1.928636908531189,2.4429426193237305,2.213129758834839,1.9923417568206787,1.6393803358078003,1.5381064414978027,1.2447309494018555,1.0439066886901855,1.0511645078659058,0.8037367463111877,1.1030460596084595,1.0404895544052124,1.384122371673584,1.5728166103363037,1.8553721904754639,2.1292223930358887,2.4332118034362793,2.167283296585083,1.925592303276062,1.5874710083007812,1.4533876180648804,1.1216492652893066,0.9305613040924072,0.8644578456878662,0.6261770129203796,0.9058708548545837,0.8753950595855713,1.2350033521652222,1.397639513015747,1.699151635169983,1.9415225982666016
A10,2.523458957672119,2.235826253890991,1.8951983451843262,1.6884536743164062,1.4024244546890259,1.118326187133789,0.9077602624893188,0.5695149302482605,0.39051786065101624,0.0,0.3842166066169739,0.5899837613105774,0.7916592359542847,1.1236757040023804,1.2488677501678467,2.646212577819824,2.3966054916381836,2.043574094772339,1.821934461593628,1.5600641965866089,1.2554867267608643,1.0394166707992554,0.6978445053100586,0.4817352592945099,0.12305750697851181,0.2881791591644287,0.49723055958747864,0.6753173470497131,1.0175504684448242,1.1553620100021362,2.7364087104797363,2.4313743114471436,2.297898054122925,2.0130903720855713,1.8401234149932861,1.6648406982421875,1.332665205001831,1.335105061531067,0.9837104678153992,1.1583086252212524,1.0080331563949585,1.1197904348373413,1.4221282005310059,1.5248222351074219,1.833561658859253,2.808964490890503,2.5867514610290527,2.3781425952911377,2.020050525665283,1.926692247390747,1.634409785270691,1.4247632026672363,1.4038190841674805,1.1104365587234497,1.3388962745666504,1.1693071126937866,1.4824905395507812,1.6309007406234741,1.864015817642212,2.174137592315674,2.8006911277770996,2.543478012084961,2.2874398231506348,1.9459902048110962,1.8176385164260864,1.4656717777252197,1.2978413105010986,1.1579655408859253,0.8931515216827393,1.0544482469558716,0.9030382037162781,1.2670950889587402,1.3356025218963623,1.6130783557891846,1.877315640449524
A11,2.8344128131866455,2.5586867332458496,2.230059862136841,1.9882243871688843,1.7254383563995361,1.4225966930389404,1.1868159770965576,0.8953593969345093,0.5924260020256042,0.3842166066169739,0.0,0.389801025390625,0.5539751052856445,0.8733866214752197,1.0827536582946777,2.9221251010894775,2.67604923248291,2.3438589572906494,2.0868396759033203,1.8360008001327515,1.532676100730896,1.2790831327438354,0.9990695118904114,0.6745883822441101,0.4810175895690918,0.10095393657684326,0.3601967990398407,0.5155609250068665,0.810862123966217,1.0479868650436401,2.965047836303711,2.6709179878234863,2.4949820041656494,2.1959450244903564,2.0108237266540527,1.7741239070892334,1.4645066261291504,1.3586255311965942,0.9791257977485657,1.0589364767074585,0.7994022965431213,0.9299999475479126,1.1612013578414917,1.2533671855926514,1.586864709854126,3.0122601985931396,2.7692177295684814,2.5226399898529053,2.189352512359619,2.039123058319092,1.7271851301193237,1.4932684898376465,1.376404047012329,1.0384130477905273,1.1573326587677002,0.9038805365562439,1.1913825273513794,1.2952549457550049,1.5081031322479248,1.825753927230835,2.9841408729553223,2.6927239894866943,2.436978816986084,2.1271607875823975,1.9380595684051514,1.6050968170166016,1.3753302097320557,1.187880277633667,0.8506613373756409,0.9060932397842407,0.6369243264198303,0.9538896679878235,1.0100682973861694,1.253428339958191,1.5403554439544678
A12,3.0881576538085938,2.7849109172821045,2.457186460494995,2.2523458003997803,1.9500634670257568,1.690853476524353,1.4308894872665405,1.1451884508132935,0.8771946430206299,0.5899837613105774,0.389801025390625,0.0,0.3766495883464813,0.5911844372749329,0.8039951920509338,3.2007863521575928,2.931055784225464,2.590338706970215,2.3671820163726807,2.0810317993164062,1.8086156845092773,1.536788821220398,1.2542989253997803,0.9608403444290161,0.6863844394683838,0.4415736496448517,0.10773293673992157,0.3485749661922455,0.5219825506210327,0.7727818489074707,3.2506632804870605,2.967932939529419,2.8192079067230225,2.5077311992645264,2.351905107498169,2.1204628944396973,1.8200589418411255,1.732884168624878,1.358109474182129,1.4396723508834839,1.1499823331832886,1.2483198642730713,1.428594708442688,1.4483059644699097,1.7995805740356445,3.2795426845550537,3.0641534328460693,2.812166690826416,2.4714009761810303,2.349085807800293,2.0138230323791504,1.8217638731002808,1.6800057888031006,1.366431713104248,1.4465268850326538,1.170665979385376,1.4486538171768188,1.464176893234253,1.6505695581436157,1.9649995565414429,3.218683958053589,2.929548740386963,2.64031982421875,2.3397812843322754,2.146634578704834,1.7908076047897339,1.6103020906448364,1.3459773063659668,1.0611612796783447,1.002193808555603,0.7226291298866272,1.0109362602233887,0.9225462079048157,1.166553020477295,1.4209330081939697
A13,3.3088932037353516,3.025357484817505,2.678429365158081,2.4740641117095947,2.1933934688568115,1.9006211757659912,1.6900473833084106,1.3566149473190308,1.1177034378051758,0.7916592359542847,0.5539751052856445,0.3766495883464813,0.0,0.36837470531463623,0.5417542457580566,3.427483320236206,3.1841180324554443,2.83428692817688,2.600633144378662,2.3447179794311523,2.0367777347564697,1.8037714958190918,1.4855948686599731,1.2063745260238647,0.9109739661216736,0.6188127398490906,0.446608304977417,0.168827086687088,0.2870135009288788,0.5495254397392273,3.50068998336792,3.197343111038208,3.030487060546875,2.7415711879730225,2.544463634490967,2.3173258304595947,1.9966351985931396,1.8736997842788696,1.490828275680542,1.478922963142395,1.15470290184021,1.1387660503387451,1.2823691368103027,1.2140289545059204,1.5606917142868042,3.5563783645629883,3.318392038345337,3.0760507583618164,2.739682674407959,2.5926740169525146,2.2788925170898438,2.0431106090545654,1.906311273574829,1.5584516525268555,1.602306604385376,1.2760440111160278,1.4689520597457886,1.4850274324417114,1.590833067893982,1.9313668012619019,3.5238373279571533,3.234823226928711,2.9646503925323486,2.6563456058502197,2.4664924144744873,2.12093186378479,1.9110149145126343,1.6778053045272827,1.3569577932357788,1.3037117719650269,0.9660111665725708,1.172642469406128,1.0600556135177612,1.1965855360031128,1.4927141666412354
A14,3.645932674407959,3.3499462604522705,3.008958339691162,2.8117117881774902,2.5165882110595703,2.241568088531494,2.008086919784546,1.6931843757629395,1.4396703243255615,1.1236757040023804,0.8733866214752197,0.5911844372749329,0.36837470531463623,0.0,0.3577122986316681,3.7656235694885254,3.508462429046631,3.1615841388702393,2.934565305709839,2.661750316619873,2.371868133544922,2.1167352199554443,1.816318392753601,1.525695562362671,1.2364273071289062,0.9484967589378357,0.6859923601150513,0.49269184470176697,0.16396906971931458,0.47787365317344666,3.8245012760162354,3.532569408416748,3.367412567138672,3.065509080886841,2.883502721786499,2.6401383876800537,2.334104061126709,2.1942715644836426,1.813833236694336,1.7884334325790405,1.4386582374572754,1.4256854057312012,1.496766209602356,1.380739688873291,1.7223846912384033,3.8592746257781982,3.6310386657714844,3.3724958896636963,3.04111647605896,2.8926291465759277,2.56132435798645,2.3445847034454346,2.168760299682617,1.8317586183547974,1.8226568698883057,1.4787297248840332,1.6422351598739624,1.5773804187774658,1.641305923461914,1.9640872478485107,3.799734115600586,3.5009148120880127,3.2130212783813477,2.922799587249756,2.712658166885376,2.3656904697418213,2.1664469242095947,1.8887070417404175,1.5882716178894043,1.453872799873352,1.1125915050506592,1.239941120147705,1.0220426321029663,1.0913517475128174,1.350562334060669
A15,3.7289845943450928,3.4322988986968994,3.0766055583953857,2.914482593536377,2.6127216815948486,2.3459575176239014,2.148623466491699,1.80225670337677,1.6107347011566162,1.2488677501678467,1.0827536582946777,0.8039951920509338,0.5417542457580566,0.3577122986316681,0.0,3.881286382675171,3.632843255996704,3.2682714462280273,3.0666770935058594,2.7979583740234375,2.499290704727173,2.2794501781463623,1.941428303718567,1.701682209968567,1.3618348836898804,1.1364831924438477,0.8705509305000305,0.5886006355285645,0.29967254400253296,0.19631662964820862,3.985105514526367,3.6780550479888916,3.5336880683898926,3.249476671218872,3.0566904544830322,2.846615791320801,2.517824411392212,2.410334348678589,2.0275650024414062,2.0008528232574463,1.670682430267334,1.5954554080963135,1.6942428350448608,1.5290462970733643,1.8474851846694946,4.0457539558410645,3.823723316192627,3.5899314880371094,3.244189500808716,3.117583990097046,2.798640489578247,2.5759384632110596,2.4397308826446533,2.0971691608428955,2.1251111030578613,1.7855899333953857,1.9434295892715454,1.906371831893921,1.948928713798523,2.281209945678711,4.004965305328369,3.725740909576416,3.4376471042633057,3.1273064613342285,2.9482665061950684,2.587749481201172,2.411010503768921,2.1474289894104004,1.8567496538162231,1.7590389251708984,1.4318002462387085,1.5902398824691772,1.376332402229309,1.438984990119934,1.6872245073318481
B1,0.40322667360305786,0.6736913323402405,0.9478176236152649,0.9710174798965454,1.3115211725234985,1.5356996059417725,1.775842308998108,2.08092999458313,2.339432716369629,2.646212577819824,2.9221251010894775,3.2007863521575928,3.427483320236206,3.7656235694885254,3.881286382675171,0.0,0.3901941776275635,0.6712183356285095,0.8405320048332214,1.1572935581207275,1.3941015005111694,1.6934077739715576,1.9514447450637817,2.2615749835968018,2.534296989440918,2.8332746028900146,3.1055970191955566,3.314469814300537,3.663680076599121,3.7611188888549805,0.5359220504760742,0.4147055447101593,0.7845864295959473,1.010678768157959,1.182508945465088,1.5409115552902222,1.665193796157837,2.0381276607513428,2.259793281555176,2.5579872131347656,2.850986957550049,3.02435302734375,3.331570625305176,3.6071863174438477,3.737213611602783,0.9157406687736511,0.9073438048362732,1.2263109683990479,1.1740844249725342,1.453292965888977,1.701914668083191,1.8199776411056519,2.2024521827697754,2.380585193634033,2.731502056121826,2.968303680419922,3.208953619003296,3.5001933574676514,3.8054027557373047,3.9679298400878906,1.282933235168457,1.4479725360870361,1.601698398590088,1.4430252313613892,1.7681986093521118,1.8825700283050537,2.0139036178588867,2.3607356548309326,2.501595973968506,2.8619751930236816,3.0566351413726807,3.3333256244659424,3.597964286804199,3.907569646835327,4.0930280685424805
B2,0.4789535701274872,0.4735247492790222,0.7577665448188782,0.7631204724311829,1.0407902002334595,1.3141758441925049,1.5010454654693604,1.8386266231536865,2.0847322940826416,2.3966054916381836,2.67604923248291,2.931055784225464,3.1841180324554443,3.508462429046631,3.632843255996704,0.3901941776275635,0.0,0.397763192653656,0.6210015416145325,0.8522043228149414,1.1572784185409546,1.4134347438812256,1.6996442079544067,2.0052130222320557,2.2794768810272217,2.58785343170166,2.8346786499023438,3.070899248123169,3.4085984230041504,3.5131216049194336,0.574415385723114,0.44562068581581116,0.7966527342796326,0.8659407496452332,1.0983963012695312,1.4038596153259277,1.512314796447754,1.8956758975982666,2.0814452171325684,2.4159533977508545,2.676780939102173,2.8794472217559814,3.1897435188293457,3.4637398719787598,3.6261954307556152,0.8199567198753357,0.8404631018638611,1.071822166442871,0.9419580698013306,1.2734867334365845,1.4586763381958008,1.6181507110595703,1.9796510934829712,2.162928342819214,2.5196733474731445,2.7511959075927734,3.023784637451172,3.2905280590057373,3.612332582473755,3.778071880340576,1.0818560123443604,1.2101181745529175,1.2919838428497314,1.1038720607757568,1.4487475156784058,1.544832468032837,1.7189193964004517,2.0437798500061035,2.216454029083252,2.5639448165893555,2.779724359512329,3.0647614002227783,3.3147621154785156,3.6387393474578857,3.807559013366699
B3,0.5481076836585999,0.3076513707637787,0.3920637369155884,0.3999306559562683,0.6610830426216125,0.9530320763587952,1.1685773134231567,1.4800059795379639,1.7563979625701904,2.043574094772339,2.3438589572906494,2.590338706970215,2.83428692817688,3.1615841388702393,3.2682714462280273,0.6712183356285095,0.397763192653656,0.0,0.38636118173599243,0.5554771423339844,0.8247548937797546,1.1135843992233276,1.350669026374817,1.6832339763641357,1.92676842212677,2.2517149448394775,2.4911201000213623,2.713693857192993,3.0544581413269043,3.142102003097534,0.9227569103240967,0.6628168821334839,0.8919220566749573,0.8646144270896912,1.000844955444336,1.2830543518066406,1.2953072786331177,1.6961936950683594,1.8256771564483643,2.166426181793213,2.4024477005004883,2.585742712020874,2.9140615463256836,3.166452407836914,3.3431527614593506,1.1437413692474365,1.0835793018341064,1.2126152515411377,0.9616576433181763,1.2504576444625854,1.354213833808899,1.4562116861343384,1.8182965517044067,1.9434410333633423,2.320856809616089,2.5110414028167725,2.7984020709991455,3.0649349689483643,3.3797340393066406,3.5739519596099854,1.3407256603240967,1.3771051168441772,1.3611688613891602,1.0728750228881836,1.3822840452194214,1.3785698413848877,1.5343997478485107,1.8277689218521118,1.964992642402649,2.319523334503174,2.504227638244629,2.8141331672668457,3.0436618328094482,3.3698112964630127,3.555194139480591
B4,0.8437231183052063,0.686752200126648,0.6052395701408386,0.2910156846046448,0.5890224575996399,0.741418182849884,0.9462176561355591,1.2660470008850098,1.5018731355667114,1.821934461593628,2.0868396759033203,2.3671820163726807,2.600633144378662,2.934565305709839,3.0666770935058594,0.8405320048332214,0.6210015416145325,0.38636118173599243,0.0,0.3818361461162567,0.5674088597297668,0.858015239238739,1.127138376235962,1.4224483966827393,1.7098346948623657,1.9994488954544067,2.27408766746521,2.493422746658325,2.8381245136260986,2.956120252609253,0.9539811611175537,0.6309135556221008,0.6729388236999512,0.5563559532165527,0.6335234045982361,0.900241494178772,0.919483482837677,1.3173813819885254,1.4736415147781372,1.808580756187439,2.062964916229248,2.2595152854919434,2.573695182800293,2.84352970123291,3.0115058422088623,1.1485326290130615,0.9668390154838562,1.008309006690979,0.711440920829773,0.9226434826850891,1.0301785469055176,1.0897672176361084,1.4673922061920166,1.5941321849822998,1.967057466506958,2.170367956161499,2.4405465126037598,2.7180607318878174,3.028608560562134,3.2150583267211914,1.3366031646728516,1.2757117748260498,1.257420539855957,0.941061794757843,1.1782346963882446,1.1743735074996948,1.2520653009414673,1.5800049304962158,1.682154893875122,2.050093650817871,2.2245471477508545,2.5148074626922607,2.7685351371765137,3.07954478263855,3.274120807647705
B5,1.0990726947784424,0.8187515139579773,0.6609217524528503,0.38717588782310486,0.3544372022151947,0.5673989653587341,0.6548909544944763,1.0202133655548096,1.243697166442871,1.5600641965866089,1.8360008001327515,2.0810317993164062,2.3447179794311523,2.661750316619873,2.7979583740234375,1.1572935581207275,0.8522043228149414,0.5554771423339844,0.3818361461162567,0.0,0.3890388607978821,0.5717385411262512,0.8707193732261658,1.1648764610290527,1.4412405490875244,1.7485026121139526,1.9853512048721313,2.2349932193756104,2.5654053688049316,2.6858880519866943,1.229945421218872,0.967963457107544,0.9982431530952454,0.7578619122505188,0.8415878415107727,0.9641247987747192,0.9125508666038513,1.2899731397628784,1.3623977899551392,1.7345279455184937,1.9302892684936523,2.1519320011138916,2.4696693420410156,2.7256686687469482,2.932501792907715,1.3296949863433838,1.1894409656524658,1.1306394338607788,0.7655871510505676,0.9691745042800903,0.9287638664245605,1.0130397081375122,1.3344944715499878,1.4374102354049683,1.816588282585144,1.993057131767273,2.304417371749878,2.5482404232025146,2.8728244304656982,3.0704188346862793,1.402181625366211,1.285862922668457,1.1510940790176392,0.777452290058136,0.9812256097793579,0.8819037675857544,1.0080595016479492,1.2820347547531128,1.4118342399597168,1.7644556760787964,1.954045057296753,2.264192819595337,2.4912161827087402,2.820404052734375,3.0005617141723633
B6,1.3162821531295776,1.070395827293396,0.7938919067382812,0.47060108184814453,0.35804426670074463,0.21709077060222626,0.4093005657196045,0.6992856860160828,0.9495585560798645,1.2554867267608643,1.532676100730896,1.8086156845092773,2.0367777347564697,2.371868133544922,2.499290704727173,1.3941015005111694,1.1572784185409546,0.8247548937797546,0.5674088597297668,0.3890388607978821,0.0,0.3817560076713562,0.561394453048706,0.8765396475791931,1.1438838243484497,1.4421789646148682,1.714484453201294,1.9268708229064941,2.272521495819092,2.389672040939331,1.504602313041687,1.1870062351226807,1.1226766109466553,0.8883688449859619,0.7977085113525391,0.8613540530204773,0.6653863787651062,1.0344597101211548,1.0542962551116943,1.4090656042099,1.6015398502349854,1.7912801504135132,2.1228652000427246,2.36600923538208,2.5682592391967773,1.6404075622558594,1.432599425315857,1.3417032957077026,0.9727349877357483,1.0380810499191284,0.9492872953414917,0.8831403255462646,1.201058030128479,1.2122153043746948,1.6045751571655273,1.7359731197357178,2.0337741374969482,2.2975921630859375,2.6004140377044678,2.823564052581787,1.7363569736480713,1.5767744779586792,1.4380011558532715,1.0590124130249023,1.1536551713943481,0.9763951301574707,0.9704703092575073,1.2157868146896362,1.2376855611801147,1.6086899042129517,1.7321025133132935,2.052077293395996,2.2775015830993652,2.5887155532836914,2.8027970790863037
B7,1.6419587135314941,1.3642185926437378,1.1156243085861206,0.8196014761924744,0.6023620367050171,0.44861945509910583,0.1897706240415573,0.5676982402801514,0.6898988485336304,1.0394166707992554,1.2790831327438354,1.536788821220398,1.8037714958190918,2.1167352199554443,2.2794501781463623,1.6934077739715576,1.4134347438812256,1.1135843992233276,0.858015239238739,0.5717385411262512,0.3817560076713562,0.0,0.4067325294017792,0.605400025844574,0.9249207377433777,1.1966813802719116,1.4468356370925903,1.7074425220489502,2.0310685634613037,2.184786081314087,1.7174993753433228,1.4469797611236572,1.3483679294586182,1.0337246656417847,0.9790456295013428,0.8866801261901855,0.6872820258140564,0.9553578495979309,0.8980454802513123,1.2864707708358765,1.4166754484176636,1.6629750728607178,1.9710183143615723,2.2183587551116943,2.4547948837280273,1.77131986618042,1.570465326309204,1.3881337642669678,1.011230230331421,1.0205426216125488,0.7932664155960083,0.7399677038192749,0.9560418128967285,0.9545380473136902,1.336795449256897,1.4608895778656006,1.7947293519973755,2.0198705196380615,2.34200382232666,2.5590105056762695,1.7795672416687012,1.554612159729004,1.3434863090515137,0.9717716574668884,0.9542402029037476,0.6898512244224548,0.6481753587722778,0.8406701683998108,0.8761852979660034,1.2392021417617798,1.3921172618865967,1.7129223346710205,1.9336942434310913,2.257819890975952,2.452493667602539
B8,1.8410922288894653,1.5598382949829102,1.237571358680725,0.9991738200187683,0.7293374538421631,0.44307249784469604,0.24370327591896057,0.1620696783065796,0.4309295117855072,0.6978445053100586,0.9990695118904114,1.2542989253997803,1.4855948686599731,1.816318392753601,1.941428303718567,1.9514447450637817,1.6996442079544067,1.350669026374817,1.127138376235962,0.8707193732261658,0.561394453048706,0.4067325294017792,0.0,0.3837929964065552,0.5835753083229065,0.9042352437973022,1.158039927482605,1.3719745874404907,1.713930606842041,1.8340104818344116,2.0510082244873047,1.7443338632583618,1.64554762840271,1.372559666633606,1.2361716032028198,1.1476510763168335,0.8391669988632202,1.0385613441467285,0.8514722585678101,1.1871145963668823,1.2547129392623901,1.4341228008270264,1.7720999717712402,1.9706510305404663,2.220979690551758,2.146109104156494,1.936034917831421,1.7740081548690796,1.4001834392547607,1.3777821063995361,1.1489686965942383,0.996222198009491,1.1548354625701904,1.013405203819275,1.3801580667495728,1.3995543718338013,1.7281088829040527,1.9531598091125488,2.241732358932495,2.5032382011413574,2.1767072677612305,1.960888385772705,1.7440294027328491,1.3709179162979126,1.338267207145691,1.0292301177978516,0.9371230602264404,1.0020850896835327,0.9042569994926453,1.2384229898452759,1.2838013172149658,1.6394262313842773,1.8139374256134033,2.1251063346862793,2.355799436569214
B9,2.1883671283721924,1.9130407571792603,1.6083762645721436,1.3413262367248535,1.089704155921936,0.8011672496795654,0.5268775224685669,0.36812689900398254,0.09249977767467499,0.4817352592945099,0.6745883822441101,0.9608403444290161,1.2063745260238647,1.525695562362671,1.701682209968567,2.2615749835968018,2.0052130222320557,1.6832339763641357,1.4224483966827393,1.1648764610290527,0.8765396475791931,0.605400025844574,0.3837929964065552,0.0,0.3927893042564392,0.5928913950920105,0.8780269622802734,1.1213538646697998,1.4453465938568115,1.6241050958633423,2.299102783203125,2.0108237266540527,1.8603894710540771,1.5543413162231445,1.4059455394744873,1.2118663787841797,0.909912645816803,0.9565712213516235,0.6682847738265991,0.9787461161613464,0.9615468382835388,1.1908361911773682,1.4946197271347046,1.6979801654815674,1.974162220954895,2.352358818054199,2.122105121612549,1.8999741077423096,1.547146201133728,1.4474842548370361,1.1549609899520874,0.9601737260818481,0.9823763966560364,0.7570350170135498,1.0767440795898438,1.0465967655181885,1.3931223154067993,1.5899226665496826,1.882023572921753,2.145953416824341,2.342823028564453,2.0764966011047363,1.8385939598083496,1.5001277923583984,1.3681831359863281,1.0424084663391113,0.8496316075325012,0.8114437460899353,0.5946429371833801,0.903346598148346,0.9070965051651001,1.2598485946655273,1.4399913549423218,1.7452117204666138,1.9805644750595093
B10,2.4110124111175537,2.119257926940918,1.782537579536438,1.5763360261917114,1.2846585512161255,1.0096464157104492,0.7892725467681885,0.4605652689933777,0.30730271339416504,0.12305750697851181,0.4810175895690918,0.6863844394683838,0.9109739661216736,1.2364273071289062,1.3618348836898804,2.534296989440918,2.2794768810272217,1.92676842212677,1.7098346948623657,1.4412405490875244,1.1438838243484497,0.9249207377433777,0.5835753083229065,0.3927893042564392,0.0,0.3833951950073242,0.5890542268753052,0.7939550876617432,1.1307085752487183,1.2633178234100342,2.624490976333618,2.322291374206543,2.1979241371154785,1.9110110998153687,1.7495557069778442,1.5844151973724365,1.2563892602920532,1.288649082183838,0.9544244408607483,1.1676019430160522,1.0521235466003418,1.185916543006897,1.4966732263565063,1.6186684370040894,1.9205937385559082,2.695998191833496,2.480165481567383,2.2762644290924072,1.9141308069229126,1.8349398374557495,1.5447055101394653,1.349136233329773,1.3492779731750488,1.0782196521759033,1.334747314453125,1.1986509561538696,1.5254722833633423,1.6836812496185303,1.9326092004776,2.2336058616638184,2.687476873397827,2.435945749282837,2.179539918899536,1.8336858749389648,1.7169026136398315,1.363309621810913,1.2111340761184692,1.087492823600769,0.8494564294815063,1.0433404445648193,0.936598539352417,1.3097845315933228,1.3958383798599243,1.6877590417861938,1.9413541555404663
B11,2.7398386001586914,2.4634170532226562,2.132331609725952,1.894752025604248,1.6300079822540283,1.327296257019043,1.0974949598312378,0.7967161536216736,0.5071568489074707,0.2881791591644287,0.10095393657684326,0.4415736496448517,0.6188127398490906,0.9484967589378357,1.1364831924438477,2.8332746028900146,2.58785343170166,2.2517149448394775,1.9994488954544067,1.7485026121139526,1.4421789646148682,1.1966813802719116,0.9042352437973022,0.5928913950920105,0.3833951950073242,0.0,0.38896122574806213,0.555984377861023,0.8735814094543457,1.0859969854354858,2.8859920501708984,2.588468551635742,2.41984486579895,2.124255895614624,1.9394797086715698,1.7155182361602783,1.3987271785736084,1.3162366151809692,0.9394916296005249,1.045693039894104,0.8173786997795105,0.9479804039001465,1.2046903371810913,1.3063565492630005,1.6319550275802612,2.9401252269744873,2.699639081954956,2.461731433868408,2.122757911682129,1.9831680059432983,1.6765037775039673,1.4441157579421997,1.351821780204773,1.0207667350769043,1.173617959022522,0.945514976978302,1.2424743175506592,1.36577308177948,1.5866326093673706,1.9016753435134888,2.9187417030334473,2.634673595428467,2.3809452056884766,2.062849998474121,1.8874245882034302,1.5509775876998901,1.3306142091751099,1.1593716144561768,0.8328258991241455,0.9262808561325073,0.6915836930274963,1.025355577468872,1.0946317911148071,1.3481130599975586,1.6298543214797974
B12,2.9877307415008545,2.6823041439056396,2.353879451751709,2.1544010639190674,1.8481816053390503,1.5939854383468628,1.3354889154434204,1.047789216041565,0.7933895587921143,0.49723055958747864,0.3601967990398407,0.10773293673992157,0.446608304977417,0.6859923601150513,0.8705509305000305,3.1055970191955566,2.8346786499023438,2.4911201000213623,2.27408766746521,1.9853512048721313,1.714484453201294,1.4468356370925903,1.158039927482605,0.8780269622802734,0.5890542268753052,0.38896122574806213,0.0,0.3807118535041809,0.601733386516571,0.8178062438964844,3.1629481315612793,2.878890037536621,2.7382731437683105,2.428605794906616,2.276355504989624,2.0556094646453857,1.751603603363037,1.6849724054336548,1.3131916522979736,1.418439507484436,1.1502983570098877,1.2557814121246338,1.4605079889297485,1.4944732189178467,1.8416004180908203,3.1961309909820557,2.9848430156707764,2.739915132522583,2.3940160274505615,2.2827911376953125,1.9503391981124878,1.763018250465393,1.639971137046814,1.3330134153366089,1.4417102336883545,1.1857237815856934,1.4795631170272827,1.5153896808624268,1.7155765295028687,2.02860689163208,3.1391994953155518,2.856642007827759,2.5674827098846436,2.260042190551758,2.0785112380981445,1.717969298362732,1.5481677055358887,1.2929929494857788,1.017909288406372,0.9905921816825867,0.7401854395866394,1.056939721107483,0.9933859705924988,1.254119634628296,1.5036710500717163
B13,3.18213152885437,2.8951566219329834,2.54390549659729,2.3541343212127686,2.0667614936828613,1.7814245223999023,1.5820584297180176,1.2362432479858398,1.0300599336624146,0.6753173470497131,0.5155609250068665,0.3485749661922455,0.168827086687088,0.49269184470176697,0.5886006355285645,3.314469814300537,3.070899248123169,2.713693857192993,2.493422746658325,2.2349932193756104,1.9268708229064941,1.7074425220489502,1.3719745874404907,1.1213538646697998,0.7939550876617432,0.555984377861023,0.3807118535041809,0.0,0.36780810356140137,0.5372582674026489,3.4061694145202637,3.0983903408050537,2.9464378356933594,2.6630067825317383,2.468499183654785,2.261343240737915,1.9308663606643677,1.8400272130966187,1.4581815004348755,1.4764254093170166,1.180364966392517,1.1643458604812622,1.3521229028701782,1.2991739511489868,1.6389914751052856,3.471817970275879,3.240952253341675,3.0121357440948486,2.6665472984313965,2.538099765777588,2.2296338081359863,1.9989789724349976,1.8916207551956177,1.549851417541504,1.6348037719726562,1.3309694528579712,1.5489078760147095,1.5929996967315674,1.7190077304840088,2.0598325729370117,3.446929454803467,3.1700456142425537,2.8992583751678467,2.5793092250823975,2.4095277786254883,2.055856943130493,1.863908290863037,1.642154574394226,1.3345457315444946,1.3174545764923096,1.0078599452972412,1.2588495016098022,1.1667338609695435,1.3358917236328125,1.6242164373397827
