,A1,A2,A3,A4,A5,A6,A7,A8,A9,A10,A11,A12,A13,A14,A15,B1,B2,B3,B4,B5,B6,B7,B8,B9,B10,B11,B12,B13,B14,B15,C1,C2,C3,C4,C5,C6,C7,C8,C9,C10,C11,C12,C13,C14,C15,D1,D2,D3,D4,D5,D6,D7,D8,D9,D10,D11,D12,D13,D14,D15,E1,E2,E3,E4,E5,E6,E7,E8,E9,E10,E11,E12,E13,E14,E15
A1,0.0,0.397813081741333,0.684257447719574,0.7291654348373413,1.0697883367538452,1.2885241508483887,1.595253348350525,1.8285317420959473,2.1567611694335938,2.406322717666626,2.7182977199554443,3.0222480297088623,3.2306902408599854,3.57315993309021,3.759049415588379,2.912451982498169,2.86641001701355,2.481792688369751,2.612488031387329,2.290665626525879,2.483976125717163,2.219226360321045,2.529470205307007,2.4253716468811035,2.742060661315918,2.865570306777954,2.9640698432922363,3.343156337738037,3.461535930633545,3.7783398628234863,1.9590449333190918,1.8698441982269287,1.6142369508743286,1.9658790826797485,1.855199933052063,2.1589159965515137,2.105454444885254,2.505504846572876,2.5546579360961914,2.931868076324463,3.1017329692840576,3.335442304611206,3.672382116317749,3.875687599182129,4.188967227935791,3.620457410812378,3.25115704536438,3.0382680892944336,2.7660634517669678,2.479121208190918,2.2228329181671143,1.9463448524475098,1.6939314603805542,1.403956413269043,1.1710973978042603,1.0023155212402344,0.639213502407074,0.8113319277763367,0.6625131964683533,0.8908341526985168,3.218693971633911,2.8648719787597656,2.682827949523926,2.446040630340576,2.3115594387054443,1.9368045330047607,1.8545690774917603,1.532390832901001,1.3554505109786987,1.1478300094604492,0.880717396736145,1.0374560356140137,0.8065508604049683,0.9977987408638,1.1448086500167847
A2,0.397813081741333,0.0,0.405306339263916,0.552262008190155,0.882064700126648,1.0501196384429932,1.3621419668197632,1.614091396331787,1.9091593027114868,2.1890857219696045,2.468907594680786,2.796217203140259,3.006526470184326,3.342258930206299,3.555065393447876,2.6464459896087646,2.589755058288574,2.199218511581421,2.312777280807495,1.9743705987930298,2.171315908432007,1.9004921913146973,2.2084639072418213,2.134042739868164,2.444056987762451,2.604614734649658,2.7061452865600586,3.085265636444092,3.2298038005828857,3.5303308963775635,1.7515416145324707,1.6410117149353027,1.3381643295288086,1.6605042219161987,1.5152697563171387,1.8351821899414062,1.7743383646011353,2.1748998165130615,2.2504148483276367,2.6184847354888916,2.8184456825256348,3.0462443828582764,3.385134696960449,3.605562448501587,3.902482032775879,3.393165111541748,3.0325870513916016,2.8059959411621094,2.5496766567230225,2.2696189880371094,2.0008816719055176,1.7197071313858032,1.4989464282989502,1.1584659814834595,1.0040507316589355,0.7794901132583618,0.5299820303916931,0.7877992391586304,0.7141236662864685,1.0527838468551636,2.969944715499878,2.61677622795105,2.4080381393432617,2.162026882171631,1.9929144382476807,1.6278456449508667,1.517683506011963,1.1729698181152344,1.0016717910766602,0.7584271430969238,0.5424997806549072,0.7531166672706604,0.6123062372207642,0.9203321933746338,1.0927730798721313
A3,0.684257447719574,0.405306339263916,0.0,0.38761210441589355,0.5660362839698792,0.8057352304458618,1.0470223426818848,1.3593820333480835,1.6198573112487793,1.9308269023895264,2.208104133605957,2.5192461013793945,2.764031410217285,3.082008123397827,3.3127362728118896,2.311476230621338,2.2275867462158203,1.8383409976959229,1.9398465156555176,1.6089959144592285,1.8040395975112915,1.5515199899673462,1.8831125497817993,1.8254690170288086,2.163283586502075,2.327594757080078,2.4759159088134766,2.8436877727508545,3.0144102573394775,3.322965621948242,1.546138882637024,1.3613642454147339,1.04826819896698,1.3478306531906128,1.1945865154266357,1.4806303977966309,1.423581838607788,1.8248302936553955,1.8940949440002441,2.272160053253174,2.4603209495544434,2.7109475135803223,3.0361602306365967,3.2635717391967773,3.564159870147705,2.9899144172668457,2.6281049251556396,2.4055120944976807,2.1447999477386475,1.8666574954986572,1.5963385105133057,1.3173589706420898,1.096783995628357,0.756222128868103,0.6359961032867432,0.49220821261405945,0.40592360496520996,0.7731460928916931,0.8838922381401062,1.2070993185043335,2.752145290374756,2.4244799613952637,2.1768558025360107,1.980229139328003,1.7763975858688354,1.4312900304794312,1.2609187364578247,0.9768257737159729,0.7084676623344421,0.5775091648101807,0.2955003082752228,0.6419958472251892,0.7127138376235962,0.9883825778961182,1.2624943256378174
A4,0.7291654348373413,0.552262008190155,0.38761210441589355,0.0,0.3772182762622833,0.5664549469947815,0.8695068359375,1.1083054542541504,1.4285776615142822,1.6886255741119385,1.9984883069992065,2.2994697093963623,2.5219829082489014,2.8564653396606445,3.056464910507202,2.5639257431030273,2.4308931827545166,2.0476858615875244,2.08636736869812,1.7421586513519287,1.860962986946106,1.5632184743881226,1.844832181930542,1.7089444398880005,2.029289960861206,2.141615152359009,2.260134220123291,2.633775234222412,2.7680294513702393,3.090395212173462,1.910049319267273,1.6903862953186035,1.3729203939437866,1.6249675750732422,1.4158501625061035,1.6445478200912476,1.5055922269821167,1.8863232135772705,1.8784629106521606,2.2511532306671143,2.4015839099884033,2.620640277862549,2.9638843536376953,3.1550862789154053,3.4720304012298584,3.028330087661743,2.6725142002105713,2.4166173934936523,2.1963374614715576,1.876773715019226,1.674625277519226,1.346119999885559,1.2042862176895142,0.9043706655502319,0.8555153012275696,0.8467933535575867,0.721502959728241,1.097800374031067,1.1637345552444458,1.458497405052185,2.522392749786377,2.18515682220459,1.9808952808380127,1.7810900211334229,1.6421990394592285,1.2753615379333496,1.1955479383468628,0.9507363438606262,0.7872844934463501,0.7859771847724915,0.6510653495788574,1.024081826210022,1.0596790313720703,1.3407832384109497,1.5906460285186768
A5,1.0697883367538452,0.882064700126648,0.5660362839698792,0.3772182762622833,0.0,0.38729047775268555,0.5484368205070496,0.8564229011535645,1.1391342878341675,1.4247380495071411,1.7359719276428223,2.01363468170166,2.2710821628570557,2.5867865085601807,2.8012921810150146,2.3398687839508057,2.1666436195373535,1.7971529960632324,1.7982890605926514,1.4672380685806274,1.5512199401855469,1.2654752731323242,1.5524832010269165,1.4144057035446167,1.7605977058410645,1.8636500835418701,2.030352830886841,2.3888118267059326,2.5453989505767822,2.8764495849609375,1.865595817565918,1.5833383798599243,1.2793428897857666,1.468333125114441,1.2443534135818481,1.398137092590332,1.2364434003829956,1.5975559949874878,1.5555270910263062,1.9343749284744263,2.059769630432129,2.2956035137176514,2.6273601055145264,2.8178107738494873,3.1416308879852295,2.665961503982544,2.312687635421753,2.050445556640625,1.841665267944336,1.511426329612732,1.3379098176956177,0.9946222305297852,0.9075755476951599,0.6608402729034424,0.7265099883079529,0.8632798194885254,0.8791697025299072,1.2574971914291382,1.4130579233169556,1.6933640241622925,2.301753044128418,1.9962939023971558,1.7578319311141968,1.621309757232666,1.46027410030365,1.1299443244934082,1.006199836730957,0.8799756765365601,0.6708955764770508,0.8425292372703552,0.75518798828125,1.1319218873977661,1.2750107049942017,1.52759850025177,1.8238195180892944
A6,1.2885241508483887,1.0501196384429932,0.8057352304458618,0.5664549469947815,0.38729047775268555,0.0,0.3779931962490082,0.5662559866905212,0.8722431063652039,1.1414484977722168,1.435165286064148,1.748223900794983,1.970847249031067,2.3010921478271484,2.5167441368103027,2.4672539234161377,2.258934497833252,1.8974069356918335,1.828559398651123,1.4708278179168701,1.483629584312439,1.1401915550231934,1.3515679836273193,1.1664230823516846,1.4719762802124023,1.5772945880889893,1.6994359493255615,2.0707883834838867,2.21939754486084,2.539073944091797,2.0949273109436035,1.806715965270996,1.4692262411117554,1.5891060829162598,1.2914273738861084,1.4184744358062744,1.170654058456421,1.4986780881881714,1.4204925298690796,1.7702391147613525,1.9075199365615845,2.0911760330200195,2.448604106903076,2.6250882148742676,2.939462423324585,2.6939079761505127,2.3657326698303223,2.0609896183013916,1.9194931983947754,1.578798532485962,1.4579285383224487,1.0942959785461426,1.134174108505249,0.8806284070014954,1.0565125942230225,1.143701434135437,1.1856331825256348,1.5647618770599365,1.6792322397232056,1.992024302482605,1.9674482345581055,1.642018437385559,1.419281005859375,1.2487232685089111,1.1147404909133911,0.7665287852287292,0.7280066013336182,0.6399953365325928,0.615757942199707,0.8607977628707886,0.9386218190193176,1.3282147645950317,1.4828479290008545,1.7845313549041748,2.0443177223205566
A7,1.595253348350525,1.3621419668197632,1.0470223426818848,0.8695068359375,0.5484368205070496,0.3779931962490082,0.0,0.3993227481842041,0.5962896347045898,0.9148701429367065,1.2028521299362183,1.4819304943084717,1.7537988424301147,2.0561561584472656,2.292125701904297,2.283064126968384,2.0321433544158936,1.6988409757614136,1.578942060470581,1.249236822128296,1.2003552913665771,0.8751415014266968,1.0775291919708252,0.882464587688446,1.2273117303848267,1.3196786642074585,1.5130081176757812,1.8592180013656616,2.038799285888672,2.366600275039673,2.105729341506958,1.772194266319275,1.4686832427978516,1.5143611431121826,1.218528389930725,1.240386962890625,0.9632930755615234,1.241865873336792,1.1059150695800781,1.460511326789856,1.5627026557922363,1.7676286697387695,2.112057685852051,2.288457155227661,2.612185478210449,2.33709454536438,2.016803741455078,1.7011888027191162,1.5866224765777588,1.237259864807129,1.1730903387069702,0.8080313801765442,0.9594710469245911,0.8149181604385376,1.0802528858184814,1.261152982711792,1.3831430673599243,1.7495111227035522,1.9245330095291138,2.220911979675293,1.7912728786468506,1.5166196823120117,1.2466797828674316,1.1788302659988403,1.017073631286621,0.7637194991111755,0.6630635261535645,0.7741170525550842,0.7122876048088074,1.0596697330474854,1.140367031097412,1.5009578466415405,1.7190767526626587,1.9882831573486328,2.2819197177886963
A8,1.8285317420959473,1.614091396331787,1.3593820333480835,1.1083054542541504,0.8564229011535645,0.5662559866905212,0.3993227481842041,0.0,0.3895720839500427,0.5805051922798157,0.9077082872390747,1.1940284967422485,1.4203161001205444,1.7493858337402344,1.9568548202514648,2.6090645790100098,2.3295884132385254,2.019843101501465,1.8438692092895508,1.5249041318893433,1.3898926973342896,1.047202706336975,1.1063159704208374,0.7958846688270569,1.0527631044387817,1.0647225379943848,1.1952670812606812,1.5526759624481201,1.690581202507019,2.02860951423645,2.493758201599121,2.1618759632110596,1.8508081436157227,1.8718842267990112,1.5501171350479126,1.540938138961792,1.2128745317459106,1.4127436876296997,1.1968461275100708,1.4859663248062134,1.5448696613311768,1.669190526008606,2.0354225635528564,2.1604011058807373,2.4880032539367676,2.4753286838531494,2.189016819000244,1.8425363302230835,1.8068166971206665,1.4540268182754517,1.4751991033554077,1.12761390209198,1.3372825384140015,1.2136929035186768,1.4704022407531738,1.6360790729522705,1.7204831838607788,2.0974769592285156,2.236666679382324,2.5378315448760986,1.4560744762420654,1.1667792797088623,0.9577960968017578,0.898114025592804,0.8589624166488647,0.6469578146934509,0.7448907494544983,0.9247089624404907,1.0126620531082153,1.3456547260284424,1.4722645282745361,1.8470423221588135,2.0375185012817383,2.3303608894348145,2.6016948223114014
A9,2.1567611694335938,1.9091593027114868,1.6198573112487793,1.4285776615142822,1.1391342878341675,0.8722431063652039,0.5962896347045898,0.3895720839500427,0.0,0.38950231671333313,0.6110847592353821,0.9047145247459412,1.1770883798599243,1.4690853357315063,1.726285696029663,2.4744982719421387,2.1596405506134033,1.891391634941101,1.6499357223510742,1.3656997680664062,1.1458790302276611,0.8317829370498657,0.7836164236068726,0.4311700761318207,0.6931594610214233,0.7249457240104675,0.9383201599121094,1.2681580781936646,1.467347264289856,1.7901097536087036,2.5485503673553467,2.1976356506347656,1.9080588817596436,1.846292495727539,1.5194283723831177,1.4224187135696411,1.0671751499176025,1.1632522344589233,0.8867793083190918,1.1285923719406128,1.1730867624282837,1.2805880308151245,1.649993896484375,1.7830233573913574,2.104109287261963,2.1985743045806885,1.9456346035003662,1.5798711776733398,1.612958312034607,1.2888418436050415,1.3720483779907227,1.0758991241455078,1.3808073997497559,1.3161884546279907,1.636505365371704,1.8183228969573975,1.9701706171035767,2.332293748855591,2.502803087234497,2.810472011566162,1.2189905643463135,0.9952862858772278,0.7001339793205261,0.7754465341567993,0.6899364590644836,0.6629541516304016,0.7135031223297119,1.0349019765853882,1.137441873550415,1.5107312202453613,1.6797221899032593,2.022895574569702,2.2644524574279785,2.5484824180603027,2.828803777694702
A10,2.406322717666626,2.1890857219696045,1.9308269023895264,1.6886255741119385,1.4247380495071411,1.1414484977722168,0.9148701429367065,0.5805051922798157,0.38950231671333313,0.0,0.38560932874679565,0.6229252815246582,0.847625195980072,1.1709232330322266,1.3828483819961548,2.828561544418335,2.497559070587158,2.251944065093994,1.9868254661560059,1.7285810708999634,1.4696706533432007,1.186745047569275,1.0475959777832031,0.6614165902137756,0.7289823293685913,0.562360405921936,0.6941466927528381,1.0113904476165771,1.1455260515213013,1.4965187311172485,2.934286117553711,2.581665515899658,2.293724775314331,2.23468279838562,1.9075762033462524,1.79857337474823,1.4410349130630493,1.4857563972473145,1.1643619537353516,1.3179287910461426,1.2806496620178223,1.2913641929626465,1.6556297540664673,1.7089970111846924,2.0367801189422607,2.3646774291992188,2.1474087238311768,1.775839924812317,1.8675228357315063,1.5503095388412476,1.6959627866744995,1.4159756898880005,1.7270236015319824,1.681321620941162,1.9797183275222778,2.1704704761505127,2.2877840995788574,2.659846067428589,2.811950206756592,3.1134488582611084,0.9346378445625305,0.7383039593696594,0.5716705322265625,0.7390460968017578,0.8381441235542297,0.8782360553741455,1.0461359024047852,1.350221037864685,1.496219277381897,1.8535130023956299,2.019988775253296,2.3786816596984863,2.5957322120666504,2.887928009033203,3.1611804962158203
A11,2.7182977199554443,2.468907594680786,2.208104133605957,1.9984883069992065,1.7359719276428223,1.435165286064148,1.2028521299362183,0.9077082872390747,0.6110847592353821,0.38560932874679565,0.0,0.39769694209098816,0.5930353999137878,0.8836520314216614,1.1600842475891113,2.8669440746307373,2.519078254699707,2.3107616901397705,1.9998600482940674,1.7717005014419556,1.4613014459609985,1.2202421426773071,0.9595186114311218,0.6176990270614624,0.4684959948062897,0.208177849650383,0.3630409240722656,0.6602615714073181,0.8718502521514893,1.1873788833618164,3.0945301055908203,2.7426416873931885,2.4607536792755127,2.3453190326690674,2.011282205581665,1.8614002466201782,1.4979931116104126,1.4496502876281738,1.1189286708831787,1.1584129333496094,1.1157199144363403,1.026221513748169,1.3953144550323486,1.4340704679489136,1.7316081523895264,2.320194959640503,2.152564287185669,1.7754637002944946,1.9348492622375488,1.6650904417037964,1.835923433303833,1.6020091772079468,1.9499256610870361,1.9113242626190186,2.243911027908325,2.4177112579345703,2.571269989013672,2.9347269535064697,3.091304302215576,3.4074337482452393,0.6281589269638062,0.5331041216850281,0.31815794110298157,0.6643843650817871,0.7819931507110596,0.9821629524230957,1.1484049558639526,1.5004676580429077,1.6863001585006714,2.046329975128174,2.258960008621216,2.5955724716186523,2.8377795219421387,3.1360254287719727,3.4004921913146973
A12,3.0222480297088623,2.796217203140259,2.5192461013793945,2.2994697093963623,2.01363468170166,1.748223900794983,1.4819304943084717,1.1940284967422485,0.9047145247459412,0.6229252815246582,0.39769694209098816,0.0,0.38477277755737305,0.5868375897407532,0.8540481328964233,3.037835121154785,2.6695847511291504,2.501791000366211,2.170126438140869,1.9959079027175903,1.653671383857727,1.4782625436782837,1.2022669315338135,0.9007810950279236,0.7375066876411438,0.35859301686286926,0.5162315368652344,0.572429358959198,0.7423343658447266,1.0711872577667236,3.364412784576416,2.9977400302886963,2.7435221672058105,2.614136219024658,2.3040177822113037,2.110102891921997,1.7671030759811401,1.667883276939392,1.298471212387085,1.2729634046554565,1.1098408699035645,0.9627259969711304,1.269890308380127,1.2155684232711792,1.5331213474273682,2.2476694583892822,2.1235311031341553,1.7601741552352905,1.9769383668899536,1.7335591316223145,1.9749053716659546,1.7823225259780884,2.1503405570983887,2.171138286590576,2.497084140777588,2.7098662853240967,2.86472749710083,3.2271294593811035,3.401982307434082,3.7017719745635986,0.624596357345581,0.740043044090271,0.6761012673377991,1.0413392782211304,1.1732521057128906,1.3729804754257202,1.5154948234558105,1.874624490737915,2.026201009750366,2.398371934890747,2.583954095840454,2.920933961868286,3.168768882751465,3.4513981342315674,3.7329845428466797
A13,3.2306902408599854,3.006526470184326,2.764031410217285,2.5219829082489014,2.2710821628570557,1.970847249031067,1.7537988424301147,1.4203161001205444,1.1770883798599243,0.847625195980072,0.5930353999137878,0.38477277755737305,0.0,0.3737725615501404,0.5761591196060181,3.3796091079711914,3.0141522884368896,2.8430910110473633,2.507568120956421,2.319814682006836,1.9796775579452515,1.7847721576690674,1.4831111431121826,1.1853325366973877,0.939673900604248,0.5889884233474731,0.4453575611114502,0.35610055923461914,0.36655983328819275,0.7219017744064331,3.6797523498535156,3.3224034309387207,3.049203634262085,2.9251232147216797,2.5970208644866943,2.425175666809082,2.0698816776275635,1.9715781211853027,1.6226850748062134,1.5643123388290405,1.4256587028503418,1.2042498588562012,1.4860234260559082,1.3771722316741943,1.6401617527008057,2.5943174362182617,2.4907944202423096,2.129807949066162,2.3564341068267822,2.115044593811035,2.3447229862213135,2.137486219406128,2.495676040649414,2.484250068664551,2.8056962490081787,2.9943225383758545,3.128474235534668,3.4984099864959717,3.646056890487671,3.955557346343994,0.35028308629989624,0.6040275692939758,0.7437112927436829,1.0707876682281494,1.2991690635681152,1.5209770202636719,1.730217456817627,2.068387985229492,2.271977186203003,2.625047445297241,2.8341751098632812,3.1798651218414307,3.40895676612854,3.7108941078186035,3.9726786613464355
A14,3.57315993309021,3.342258930206299,3.082008123397827,2.8564653396606445,2.5867865085601807,2.3010921478271484,2.0561561584472656,1.7493858337402344,1.4690853357315063,1.1709232330322266,0.8836520314216614,0.5868375897407532,0.3737725615501404,0.0,0.3803612291812897,3.4884235858917236,3.110107898712158,2.982069969177246,2.622631549835205,2.481785297393799,2.1159932613372803,1.9783854484558105,1.644073247909546,1.403933048248291,1.1249876022338867,0.8011009693145752,0.7292420864105225,0.4268513023853302,0.44901543855667114,0.6410605907440186,3.9027609825134277,3.5392885208129883,3.2875783443450928,3.1300315856933594,2.81734299659729,2.606029510498047,2.2683117389678955,2.1105329990386963,1.7581686973571777,1.6243250370025635,1.4343253374099731,1.1477824449539185,1.3463634252548218,1.1606048345565796,1.385489821434021,2.5503809452056885,2.5012078285217285,2.1608810424804688,2.4388046264648438,2.2417168617248535,2.5066111087799072,2.3437399864196777,2.72202467918396,2.744138717651367,3.077993869781494,3.280191421508789,3.437375545501709,3.800840377807617,3.965877056121826,4.273356914520264,0.5731993317604065,0.9279004335403442,1.0330365896224976,1.385982871055603,1.57772696018219,1.837754726409912,2.0135061740875244,2.3734214305877686,2.5640361309051514,2.9267005920410156,3.1388134956359863,3.4715163707733154,3.7199673652648926,4.012928485870361,4.28294563293457
A15,3.759049415588379,3.555065393447876,3.3127362728118896,3.056464910507202,2.8012921810150146,2.5167441368103027,2.292125701904297,1.9568548202514648,1.726285696029663,1.3828483819961548,1.1600842475891113,0.8540481328964233,0.5761591196060181,0.3803612291812897,0.0,3.837169885635376,3.4581408500671387,3.3235843181610107,2.971975803375244,2.824660301208496,2.465200662612915,2.312709093093872,1.996914029121399,1.7273244857788086,1.4698361158370972,1.1237155199050903,0.9939526915550232,0.726847767829895,0.5290555953979492,0.6747728586196899,4.216693878173828,3.851053237915039,3.5940346717834473,3.4589290618896484,3.143488645553589,2.9451801776885986,2.602597713470459,2.467416286468506,2.10672664642334,1.993512511253357,1.7869197130203247,1.512510895729065,1.6830092668533325,1.4531220197677612,1.6604334115982056,2.841676950454712,2.796358823776245,2.4641008377075195,2.7377679347991943,2.5282082557678223,2.803755521774292,2.6272213459014893,2.993945360183716,3.016774892807007,3.3312718868255615,3.541323661804199,3.6694836616516113,4.040717601776123,4.192939758300781,4.49210786819458,0.7824599742889404,1.113993763923645,1.3110042810440063,1.6253294944763184,1.8676296472549438,2.095012903213501,2.304389715194702,2.643848180770874,2.8402414321899414,3.196763515472412,3.3946521282196045,3.7433600425720215,3.9707155227661133,4.267271518707275,4.535521507263184
B1,2.912451982498169,2.6464459896087646,2.311476230621338,2.5639257431030273,2.3398687839508057,2.4672539234161377,2.283064126968384,2.6090645790100098,2.4744982719421387,2.828561544418335,2.8669440746307373,3.037835121154785,3.3796091079711914,3.4884235858917236,3.837169885635376,0.0,0.3944503962993622,0.5895035862922668,0.8728145360946655,1.1335567235946655,1.4110126495361328,1.6923822164535522,1.9599307775497437,2.265509605407715,2.536179304122925,2.8053696155548096,3.136847972869873,3.32222318649292,3.6576695442199707,3.867133378982544,1.2852096557617188,1.1140623092651367,1.324949026107788,1.0203795433044434,1.2954870462417603,1.127289056777954,1.4816526174545288,1.4629641771316528,1.7615463733673096,1.9037543535232544,2.0998451709747314,2.4463648796081543,2.503417730331421,2.848400592803955,2.9968273639678955,1.7395612001419067,1.5341167449951172,1.623123288154602,1.3695775270462036,1.5662486553192139,1.3136130571365356,1.590267300605774,1.5459704399108887,1.6862454414367676,1.836321234703064,1.9104002714157104,2.288895845413208,2.3109230995178223,2.630992889404297,2.8045828342437744,3.4047746658325195,3.2936761379241943,2.8960869312286377,2.946058511734009,2.5824074745178223,2.568469762802124,2.195783853530884,2.274726629257202,2.005657196044922,2.111218214035034,2.114423990249634,2.00386905670166,2.362771511077881,2.3502721786499023,2.623047351837158
B2,2.86641001701355,2.589755058288574,2.2275867462158203,2.4308931827545166,2.1666436195373535,2.258934497833252,2.0321433544158936,2.3295884132385254,2.1596405506134033,2.497559070587158,2.519078254699707,2.6695847511291504,3.0141522884368896,3.110107898712158,3.4581408500671387,0.3944503962993622,0.0,0.3921594023704529,0.5268852710723877,0.856998860836029,1.0699143409729004,1.3867847919464111,1.6250745058059692,1.930789828300476,2.1919000148773193,2.446974039077759,2.789673089981079,2.9592466354370117,3.2957329750061035,3.505229949951172,1.4794014692306519,1.2180930376052856,1.3406250476837158,1.0007470846176147,1.1786588430404663,0.9081516265869141,1.21790611743927,1.1397837400436401,1.4070245027542114,1.534112572669983,1.711348533630371,2.0621490478515625,2.1173603534698486,2.4588050842285156,2.617798328399658,1.4075459241867065,1.1914130449295044,1.2462115287780762,1.0268127918243408,1.2340995073318481,1.033538818359375,1.325173258781433,1.3699452877044678,1.5402262210845947,1.7558708190917969,1.8817802667617798,2.2634384632110596,2.3495776653289795,2.673051118850708,2.8751065731048584,3.051551580429077,2.9618659019470215,2.5651540756225586,2.648394823074341,2.296053886413574,2.3121235370635986,1.951608657836914,2.0896077156066895,1.846677541732788,2.0203781127929688,2.055455207824707,2.0189926624298096,2.3941872119903564,2.4324164390563965,2.7284018993377686
B3,2.481792688369751,2.199218511581421,1.8383409976959229,2.0476858615875244,1.7971529960632324,1.8974069356918335,1.6988409757614136,2.019843101501465,1.891391634941101,2.251944065093994,2.3107616901397705,2.501791000366211,2.8430910110473633,2.982069969177246,3.3235843181610107,0.5895035862922668,0.3921594023704529,0.0,0.40050822496414185,0.5674071311950684,0.8805452585220337,1.1237531900405884,1.4279751777648926,1.70578932762146,2.003232717514038,2.266326427459717,2.5924770832061768,2.8042826652526855,3.1270358562469482,3.3572428226470947,1.2278594970703125,0.9165223240852356,0.9751093983650208,0.6380268335342407,0.8038263916969299,0.5680837631225586,0.9117022156715393,0.9487509727478027,1.2333030700683594,1.445900321006775,1.6564048528671265,2.0111052989959717,2.1371867656707764,2.472905397415161,2.668484687805176,1.593622088432312,1.3123246431350708,1.2725478410720825,1.0050779581069946,1.0946897268295288,0.8060523271560669,1.0325229167938232,1.0407469272613525,1.1650348901748657,1.3900134563446045,1.5027986764907837,1.8866599798202515,1.9919204711914062,2.308150291442871,2.528552293777466,2.868729591369629,2.736083507537842,2.34165096282959,2.3839423656463623,2.0278701782226562,1.9983465671539307,1.6286829710006714,1.7310799360275269,1.467350721359253,1.6333078145980835,1.6645681858062744,1.6430948972702026,2.0211985111236572,2.082414388656616,2.3845815658569336
B4,2.612488031387329,2.312777280807495,1.9398465156555176,2.08636736869812,1.7982890605926514,1.828559398651123,1.578942060470581,1.8438692092895508,1.6499357223510742,1.9868254661560059,1.9998600482940674,2.170126438140869,2.507568120956421,2.622631549835205,2.971975803375244,0.8728145360946655,0.5268852710723877,0.40050822496414185,0.0,0.38584065437316895,0.544164776802063,0.8671326041221619,1.1014325618743896,1.4059432744979858,1.6711376905441284,1.9329736232757568,2.268644332885742,2.4525320529937744,2.785451650619507,3.0017738342285156,1.592140793800354,1.2618460655212402,1.2310718297958374,0.885645866394043,0.8847522735595703,0.5136889815330505,0.7321432828903198,0.6222787499427795,0.8892049789428711,1.057875394821167,1.2697457075119019,1.6185234785079956,1.7400791645050049,2.0797035694122314,2.271343469619751,1.358150839805603,1.1005933284759521,0.9895315170288086,0.8272432088851929,0.913174033164978,0.7415379881858826,0.9496482610702515,1.1105751991271973,1.2402199506759644,1.5431686639785767,1.688793659210205,2.061899185180664,2.2272040843963623,2.529404401779175,2.778615713119507,2.534742832183838,2.4358718395233154,2.038957118988037,2.1251144409179688,1.7781150341033936,1.810986876487732,1.4631456136703491,1.6523045301437378,1.4558687210083008,1.696996808052063,1.7900398969650269,1.8429619073867798,2.2251570224761963,2.3393630981445312,2.642796516418457
B5,2.290665626525879,1.9743705987930298,1.6089959144592285,1.7421586513519287,1.4672380685806274,1.4708278179168701,1.249236822128296,1.5249041318893433,1.3656997680664062,1.7285810708999634,1.7717005014419556,1.9959079027175903,2.319814682006836,2.481785297393799,2.824660301208496,1.1335567235946655,0.856998860836029,0.5674071311950684,0.38584065437316895,0.0,0.3909734785556793,0.5637462139129639,0.8826653957366943,1.157579779624939,1.456268072128296,1.735854983329773,2.043182134628296,2.2734227180480957,2.5915119647979736,2.8232805728912354,1.5132339000701904,1.1679661273956299,1.0250080823898315,0.7221905589103699,0.5775336623191833,0.1889989674091339,0.3610057830810547,0.4352051913738251,0.7297609448432922,1.0006057024002075,1.258459448814392,1.5847527980804443,1.7873159646987915,2.112258195877075,2.332062244415283,1.6364411115646362,1.350096583366394,1.1516767740249634,0.9870349168777466,0.9202578067779541,0.6988044381141663,0.7490476965904236,0.918232262134552,0.9513171911239624,1.2933968305587769,1.4142780303955078,1.7763006687164307,1.9784177541732788,2.255829334259033,2.5337166786193848,2.3235528469085693,2.1765570640563965,1.7819299697875977,1.8182271718978882,1.4626238346099854,1.4554548263549805,1.0954780578613281,1.266904592514038,1.0782802104949951,1.336067795753479,1.4614670276641846,1.556725025177002,1.9344580173492432,2.093033790588379,2.3904004096984863
B6,2.483976125717163,2.171315908432007,1.8040395975112915,1.860962986946106,1.5512199401855469,1.483629584312439,1.2003552913665771,1.3898926973342896,1.1458790302276611,1.4696706533432007,1.4613014459609985,1.653671383857727,1.9796775579452515,2.1159932613372803,2.465200662612915,1.4110126495361328,1.0699143409729004,0.8805452585220337,0.544164776802063,0.3909734785556793,0.0,0.380454421043396,0.563965916633606,0.8649731278419495,1.1313117742538452,1.398406982421875,1.7264597415924072,1.9247692823410034,2.252488851547241,2.4768805503845215,1.9006088972091675,1.5471341609954834,1.386098861694336,1.108708143234253,0.9070640802383423,0.5585992336273193,0.423237681388855,0.18323826789855957,0.35905033349990845,0.6190875768661499,0.8718476891517639,1.1946009397506714,1.4086811542510986,1.7272030115127563,1.9559881687164307,1.4678294658660889,1.216944694519043,0.9415821433067322,0.9120991826057434,0.8191282749176025,0.7732963562011719,0.7888136506080627,1.095564365386963,1.157549262046814,1.530777096748352,1.6915888786315918,2.0239059925079346,2.2692325115203857,2.5350332260131836,2.8233397006988525,1.996048092842102,1.8919848203659058,1.4953519105911255,1.598771333694458,1.2679845094680786,1.340937852859497,1.0340417623519897,1.3154627084732056,1.2146191596984863,1.5378327369689941,1.6980663537979126,1.8566954135894775,2.22052001953125,2.410158634185791,2.70944881439209
B7,2.219226360321045,1.9004921913146973,1.5515199899673462,1.5632184743881226,1.2654752731323242,1.1401915550231934,0.8751415014266968,1.047202706336975,0.8317829370498657,1.186745047569275,1.2202421426773071,1.4782625436782837,1.7847721576690674,1.9783854484558105,2.312709093093872,1.6923822164535522,1.3867847919464111,1.1237531900405884,0.8671326041221619,0.5637462139129639,0.380454421043396,0.0,0.4027472138404846,0.6041468977928162,0.9266722202301025,1.2024142742156982,1.4923049211502075,1.7485326528549194,2.0515966415405273,2.297861337661743,1.940314531326294,1.5903834104537964,1.3486034870147705,1.1527310609817505,0.8523952960968018,0.6419486403465271,0.2915705442428589,0.37177249789237976,0.36948972940444946,0.7262163758277893,0.9768114686012268,1.2388404607772827,1.5339843034744263,1.8137730360031128,2.069751739501953,1.782212495803833,1.5142853260040283,1.1996785402297974,1.159227728843689,0.9503114819526672,0.8886265158653259,0.7320892810821533,1.039305567741394,1.0023773908615112,1.3913627862930298,1.532577395439148,1.8260750770568848,2.1118805408477783,2.3436806201934814,2.653846025466919,1.7782446146011353,1.6156542301177979,1.2236653566360474,1.2721844911575317,0.937630832195282,0.9667943716049194,0.6620861291885376,0.9699822068214417,0.9212654232978821,1.2778007984161377,1.4715970754623413,1.6898669004440308,2.027953863143921,2.2615137100219727,2.5498855113983154
B8,2.529470205307007,2.2084639072418213,1.8831125497817993,1.844832181930542,1.5524832010269165,1.3515679836273193,1.0775291919708252,1.1063159704208374,0.7836164236068726,1.0475959777832031,0.9595186114311218,1.2022669315338135,1.4831111431121826,1.644073247909546,1.996914029121399,1.9599307775497437,1.6250745058059692,1.4279751777648926,1.1014325618743896,0.8826653957366943,0.563965916633606,0.4027472138404846,0.0,0.3866468369960785,0.5802890062332153,0.8949952721595764,1.1850166320800781,1.399355173110962,1.726137638092041,1.9426699876785278,2.3225605487823486,1.979540467262268,1.7396824359893799,1.5208954811096191,1.2170943021774292,0.9894062280654907,0.6631375551223755,0.5027230381965637,0.2938990294933319,0.45541277527809143,0.7239819765090942,0.896033763885498,1.2232556343078613,1.490250587463379,1.7316023111343384,1.79173743724823,1.5893418788909912,1.243105411529541,1.329939842224121,1.1471076011657715,1.1982226371765137,1.0649718046188354,1.413610816001892,1.3880046606063843,1.7755686044692993,1.9146751165390015,2.1885921955108643,2.4897515773773193,2.7029080390930176,3.0235352516174316,1.4555696249008179,1.347521424293518,0.9493454694747925,1.0783040523529053,0.777392566204071,0.9613297581672668,0.7791314125061035,1.1606900691986084,1.2266963720321655,1.5844368934631348,1.8181571960449219,2.053838014602661,2.3799140453338623,2.6342787742614746,2.908217191696167
B9,2.4253716468811035,2.134042739868164,1.8254690170288086,1.7089444398880005,1.4144057035446167,1.1664230823516846,0.882464587688446,0.7958846688270569,0.4311700761318207,0.6614165902137756,0.6176990270614624,0.9007810950279236,1.1853325366973877,1.403933048248291,1.7273244857788086,2.265509605407715,1.930789828300476,1.70578932762146,1.4059432744979858,1.157579779624939,0.8649731278419495,0.6041468977928162,0.3866468369960785,0.0,0.3897196650505066,0.6093196868896484,0.8975081443786621,1.166664481163025,1.4530386924743652,1.7184312343597412,2.511993408203125,2.1605091094970703,1.8923381567001343,1.7426260709762573,1.4172714948654175,1.2460275888442993,0.8851038217544556,0.8486449122428894,0.5534699559211731,0.7259922623634338,0.8372146487236023,0.9411426186561584,1.3148130178451538,1.5024230480194092,1.789553165435791,1.9705435037612915,1.7555493116378784,1.384729027748108,1.4756888151168823,1.2188024520874023,1.3143460750579834,1.0992852449417114,1.4528406858444214,1.4129801988601685,1.7808301448822021,1.9433377981185913,2.161912441253662,2.4979088306427,2.689802885055542,3.009006977081299,1.1840384006500244,1.03990638256073,0.652854323387146,0.8130452632904053,0.6059749722480774,0.7685324549674988,0.7164140343666077,1.1135605573654175,1.2241179943084717,1.6016663312911987,1.8189548254013062,2.112661838531494,2.4013776779174805,2.676724433898926,2.953308343887329
B10,2.742060661315918,2.444056987762451,2.163283586502075,2.029289960861206,1.7605977058410645,1.4719762802124023,1.2273117303848267,1.0527631044387817,0.6931594610214233,0.7289823293685913,0.4684959948062897,0.7375066876411438,0.939673900604248,1.1249876022338867,1.4698361158370972,2.536179304122925,2.1919000148773193,2.003232717514038,1.6711376905441284,1.456268072128296,1.1313117742538452,0.9266722202301025,0.5802890062332153,0.3897196650505066,0.0,0.3820491433143616,0.6123270988464355,0.833134114742279,1.1522358655929565,1.3729655742645264,2.8503596782684326,2.508554697036743,2.2377164363861084,2.063626289367676,1.7319163084030151,1.5527235269546509,1.1997355222702026,1.080872654914856,0.7985472679138184,0.7795247435569763,0.857768177986145,0.7895702719688416,1.1770203113555908,1.3213303089141846,1.5736709833145142,2.1216559410095215,1.9650729894638062,1.59419584274292,1.757869005203247,1.5382038354873657,1.6688905954360962,1.480800747871399,1.8402551412582397,1.7932064533233643,2.161613702774048,2.3046302795410156,2.516242504119873,2.855053663253784,3.028430938720703,3.3584916591644287,0.8763282895088196,0.8048431873321533,0.4297294020652771,0.7056922912597656,0.60821133852005,0.9155095219612122,0.9699849486351013,1.360721468925476,1.5426982641220093,1.8998396396636963,2.1523725986480713,2.4439480304718018,2.7257630825042725,3.016780138015747,3.2748966217041016
B11,2.865570306777954,2.604614734649658,2.327594757080078,2.141615152359009,1.8636500835418701,1.5772945880889893,1.3196786642074585,1.0647225379943848,0.7249457240104675,0.562360405921936,0.208177849650383,0.35859301686286926,0.5889884233474731,0.8011009693145752,1.1237155199050903,2.8053696155548096,2.446974039077759,2.266326427459717,1.9329736232757568,1.735854983329773,1.398406982421875,1.2024142742156982,0.8949952721595764,0.6093196868896484,0.3820491433143616,0.0,0.3947066068649292,0.5865319967269897,0.8658793568611145,1.1471340656280518,3.118861198425293,2.7631113529205322,2.497027635574341,2.3498358726501465,2.0258970260620117,1.8415422439575195,1.4887079000473022,1.3846296072006226,1.0441644191741943,1.0211966037750244,0.9556856155395508,0.8278788924217224,1.194224238395691,1.2353236675262451,1.5268105268478394,2.1897263526916504,2.0479366779327393,1.673796534538269,1.8681949377059937,1.6288056373596191,1.820793867111206,1.622423529624939,1.9906362295150757,1.9757553339004517,2.3235533237457275,2.5033023357391357,2.682053327560425,3.037125825881958,3.2087345123291016,3.5252037048339844,0.6323170065879822,0.6448545455932617,0.4071352481842041,0.7902390956878662,0.8547582030296326,1.1038762331008911,1.2255558967590332,1.6005979776382446,1.7735888957977295,2.1408145427703857,2.3599469661712646,2.680601119995117,2.942342519760132,3.232609748840332,3.50223445892334
B12,2.9640698432922363,2.7061452865600586,2.4759159088134766,2.260134220123291,2.030352830886841,1.6994359493255615,1.5130081176757812,1.1952670812606812,0.9383201599121094,0.6941466927528381,0.3630409240722656,0.5162315368652344,0.4453575611114502,0.7292420864105225,0.9939526915550232,3.136847972869873,2.789673089981079,2.5924770832061768,2.268644332885742,2.043182134628296,1.7264597415924072,1.4923049211502075,1.1850166320800781,0.8975081443786621,0.6123270988464355,0.3947066068649292,0.0,0.3862142264842987,0.5846575498580933,0.860869288444519,3.377075433731079,3.036696195602417,2.7431812286376953,2.616241931915283,2.2697062492370605,2.1294727325439453,1.7633147239685059,1.687610149383545,1.3839466571807861,1.3519022464752197,1.3223735094070435,1.1342835426330566,1.4805315732955933,1.4756712913513184,1.721321702003479,2.5764529705047607,2.441412925720215,2.067403554916382,2.2550363540649414,2.0048224925994873,2.1727964878082275,1.9447585344314575,2.2897274494171143,2.226853847503662,2.561720371246338,2.7076847553253174,2.854140520095825,3.2185709476470947,3.3527746200561523,3.680955410003662,0.2943679690361023,0.2930852770805359,0.3283666968345642,0.657464861869812,0.8796392679214478,1.139890193939209,1.3615715503692627,1.695816993713379,1.9359238147735596,2.2734224796295166,2.5184850692749023,2.851895570755005,3.0844314098358154,3.399226665496826,3.642256498336792
B13,3.343156337738037,3.085265636444092,2.8436877727508545,2.633775234222412,2.3888118267059326,2.0707883834838867,1.8592180013656616,1.5526759624481201,1.2681580781936646,1.0113904476165771,0.6602615714073181,0.572429358959198,0.35610055923461914,0.4268513023853302,0.726847767829895,3.32222318649292,2.9592466354370117,2.8042826652526855,2.4525320529937744,2.2734227180480957,1.9247692823410034,1.7485326528549194,1.399355173110962,1.166664481163025,0.833134114742279,0.5865319967269897,0.3862142264842987,0.0,0.3676508069038391,0.5658947229385376,3.6731646060943604,3.3259897232055664,3.0512351989746094,2.893319606781006,2.5599184036254883,2.3799917697906494,2.028406858444214,1.888456106185913,1.572706937789917,1.4522004127502441,1.3607410192489624,1.0809485912322998,1.359095811843872,1.276413083076477,1.4820393323898315,2.594348430633545,2.5132768154144287,2.1535799503326416,2.3980607986450195,2.186089277267456,2.3968594074249268,2.2086331844329834,2.57627272605896,2.5474846363067627,2.8920793533325195,3.0533556938171387,3.2151906490325928,3.5763444900512695,3.722917318344116,4.048601150512695,0.2430286556482315,0.5971777439117432,0.6912258267402649,1.0221208333969116,1.2199105024337769,1.5120011568069458,1.7074766159057617,2.0581822395324707,2.2882614135742188,2.6331989765167236,2.8795862197875977,3.204293727874756,3.4503867626190186,3.7588937282562256,4.007797718048096
