,A1,A2,A3,A4,A5,A6,A7,A8,A9,A10,A11,A12,A13,A14,A15,B1,B2,B3,B4,B5,B6,B7,B8,B9,B10,B11,B12,B13,B14,B15,C1,C2,C3,C4,C5,C6,C7,C8,C9,C10,C11,C12,C13,C14,C15,D1,D2,D3,D4,D5,D6,D7,D8,D9,D10,D11,D12,D13,D14,D15,E1,E2,E3,E4,E5,E6,E7,E8,E9,E10,E11,E12,E13,E14,E15
A1,0.0,0.381740927696228,0.5776468515396118,0.8841691613197327,1.1489707231521606,1.4492406845092773,1.7521501779556274,2.0668911933898926,2.327531337738037,2.2135422229766846,1.9414095878601074,1.7168264389038086,1.3805981874465942,1.1678980588912964,0.9219107627868652,1.0223743915557861,0.7685043811798096,1.0794306993484497,1.0599368810653687,1.3209434747695923,1.538776159286499,1.7687771320343018,2.1118600368499756,2.2001943588256836,1.9472535848617554,1.5914918184280396,1.2444604635238647,1.091531753540039,0.7085099220275879,0.6639867424964905,1.7002347707748413,1.484955906867981,1.6946556568145752,1.5293951034545898,1.8458820581436157,1.8700240850448608,2.1620659828186035,2.386643171310425,2.433741331100464,2.10915207862854,1.867547869682312,1.5209147930145264,1.4126012325286865,1.2433290481567383,1.0686635971069336,1.7026560306549072,1.672838568687439,1.7789043188095093,1.6959093809127808,2.0523791313171387,2.041588306427002,2.4166643619537354,2.5621767044067383,2.7149202823638916,2.4957008361816406,2.335247755050659,2.0540711879730225,1.7881746292114258,1.7179114818572998,1.3886560201644897,0.9931052923202515,1.188348412513733,1.2211627960205078,1.3525302410125732,1.6757428646087646,1.7998024225234985,2.1763904094696045,2.364647388458252,2.650136947631836,2.534811019897461,2.382498264312744,2.165745735168457,1.7947793006896973,1.7085168361663818,1.341719627380371
A2,0.381740927696228,0.0,0.38097506761550903,0.5895242691040039,0.8696049451828003,1.1676807403564453,1.4602923393249512,1.794102668762207,2.0165696144104004,1.8749500513076782,1.5819623470306396,1.3434066772460938,1.023321270942688,0.7912325263023376,0.5939659476280212,1.1872063875198364,0.8896439671516418,1.119557499885559,0.9808540940284729,1.2573496103286743,1.3865660429000854,1.6311813592910767,1.939623475074768,1.9961199760437012,1.708036184310913,1.3782669305801392,1.0088260173797607,0.8769966959953308,0.5403006672859192,0.5059153437614441,1.6612029075622559,1.4599237442016602,1.601325273513794,1.410061001777649,1.7320724725723267,1.7069517374038696,2.024549722671509,2.2085177898406982,2.280503988265991,1.9804869890213013,1.7909680604934692,1.4817914962768555,1.3241828680038452,1.2402212619781494,1.0230317115783691,1.4927468299865723,1.4742681980133057,1.5156577825546265,1.4429473876953125,1.7864797115325928,1.7741483449935913,2.155822992324829,2.290926456451416,2.4840378761291504,2.3067803382873535,2.162363290786743,1.9146802425384521,1.6059832572937012,1.5765501260757446,1.2356840372085571,0.716005802154541,0.8671783804893494,0.8468398451805115,0.9983295798301697,1.3079785108566284,1.4613232612609863,1.8293713331222534,2.040374279022217,2.333977460861206,2.23266339302063,2.068913698196411,1.8678375482559204,1.4863660335540771,1.4095640182495117,1.0642527341842651
A3,0.5776468515396118,0.38097506761550903,0.0,0.3690303564071655,0.5765717625617981,0.8823348879814148,1.1777178049087524,1.4908808469772339,1.7594640254974365,1.6747010946273804,1.4311292171478271,1.2720407247543335,0.9251808524131775,0.8351923227310181,0.7084047794342041,1.2185903787612915,0.8536067605018616,0.9711250066757202,0.7617297172546387,0.9548344016075134,1.0749164819717407,1.2764383554458618,1.5962163209915161,1.6460238695144653,1.374752163887024,1.026249885559082,0.6716344356536865,0.5511801242828369,0.2025800347328186,0.44842904806137085,1.7771532535552979,1.5119154453277588,1.5924124717712402,1.3277307748794556,1.590613603591919,1.507218599319458,1.7847031354904175,1.9454244375228882,1.9705437421798706,1.6519813537597656,1.4847800731658936,1.1977118253707886,1.1054091453552246,1.100371241569519,0.9888181686401367,1.7133255004882812,1.6277481317520142,1.6100807189941406,1.4558424949645996,1.7570209503173828,1.6650614738464355,2.026920795440674,2.110748291015625,2.275672197341919,2.0952184200286865,2.0027928352355957,1.7902847528457642,1.5145195722579956,1.5670760869979858,1.2834138870239258,1.0205016136169434,1.0835480690002441,0.9393473863601685,0.9965154528617859,1.2501806020736694,1.31992769241333,1.6832854747772217,1.8330283164978027,2.1432785987854004,2.074462652206421,1.9740233421325684,1.826616644859314,1.4470305442810059,1.4700734615325928,1.163851261138916
A4,0.8841691613197327,0.5895242691040039,0.3690303564071655,0.0,0.3833070695400238,0.5899134278297424,0.9232852458953857,1.2275328636169434,1.4592703580856323,1.337722659111023,1.1031925678253174,0.9438642263412476,0.5769051909446716,0.5894790291786194,0.5331013798713684,1.3276766538619995,0.977170467376709,0.9941056966781616,0.6858757138252258,0.885530948638916,0.8826983571052551,1.126352310180664,1.3918317556381226,1.4422733783721924,1.1552457809448242,0.8730313181877136,0.5380184650421143,0.3492059111595154,0.31027424335479736,0.4444291293621063,1.681143045425415,1.4267263412475586,1.4251246452331543,1.1381027698516846,1.384498119354248,1.2545450925827026,1.5545653104782104,1.680552363395691,1.747422218322754,1.4710166454315186,1.3539804220199585,1.1234322786331177,0.9627193808555603,1.0542547702789307,0.9244247078895569,1.550634741783142,1.4351502656936646,1.3467369079589844,1.1674972772598267,1.4351165294647217,1.3248262405395508,1.685509204864502,1.7631123065948486,1.9554173946380615,1.8084142208099365,1.7279925346374512,1.5526268482208252,1.2511423826217651,1.3574540615081787,1.1028552055358887,1.0057326555252075,0.9386419653892517,0.7213726043701172,0.6786324977874756,0.9093570709228516,0.9526775479316711,1.321374535560608,1.4832350015640259,1.7841836214065552,1.7118932008743286,1.6104035377502441,1.4820390939712524,1.10427725315094,1.1763126850128174,0.9246622323989868
A5,1.1489707231521606,0.8696049451828003,0.5765717625617981,0.3833070695400238,0.0,0.37649473547935486,0.6042267084121704,0.9410099387168884,1.1964308023452759,1.1490141153335571,0.9412901401519775,0.9054213166236877,0.6292098760604858,0.7567053437232971,0.8617189526557922,1.6552643775939941,1.2860816717147827,1.2489733695983887,0.9113444089889526,0.9635489583015442,0.8757781982421875,0.9938951134681702,1.2267698049545288,1.1820592880249023,0.8561298847198486,0.5548563003540039,0.2034383863210678,0.3702906370162964,0.5295767784118652,0.8087521195411682,2.038710832595825,1.772385835647583,1.7278207540512085,1.4067617654800415,1.5840423107147217,1.3731271028518677,1.6150336265563965,1.6654818058013916,1.6690223217010498,1.390367031097412,1.3622533082962036,1.2063273191452026,1.1360019445419312,1.3117201328277588,1.2576944828033447,1.8654664754867554,1.7570971250534058,1.6107231378555298,1.4169962406158447,1.6181750297546387,1.4420390129089355,1.763899564743042,1.7602382898330688,1.9561017751693726,1.852768898010254,1.8515396118164062,1.7431409358978271,1.4692615270614624,1.6468698978424072,1.4364471435546875,1.2532048225402832,1.195588231086731,0.8867985010147095,0.8523362278938293,0.9292393922805786,0.92840975522995,1.2345837354660034,1.3343764543533325,1.6846840381622314,1.6940433979034424,1.6581522226333618,1.6141796112060547,1.2582662105560303,1.4042209386825562,1.2235040664672852
A6,1.4492406845092773,1.1676807403564453,0.8823348879814148,0.5899134278297424,0.37649473547935486,0.0,0.38693898916244507,0.6395965218544006,0.895633339881897,0.8550461530685425,0.7497938275337219,0.8074417114257812,0.5769808888435364,0.8718939423561096,0.9952803254127502,1.7654812335968018,1.4190871715545654,1.2877358198165894,0.9192354679107666,0.9079971313476562,0.6792709827423096,0.7932971119880676,0.939970076084137,0.9091978669166565,0.5973451137542725,0.45469433069229126,0.3848990201950073,0.428856760263443,0.7705392837524414,0.96798175573349,2.0269782543182373,1.7575651407241821,1.6329313516616821,1.2928975820541382,1.3984073400497437,1.1251521110534668,1.3405650854110718,1.3372207880020142,1.3585052490234375,1.1298683881759644,1.1738824844360352,1.109510064125061,1.0250751972198486,1.2938494682312012,1.2814451456069946,1.8950165510177612,1.7358458042144775,1.5327284336090088,1.2894500494003296,1.4118367433547974,1.173873782157898,1.455298900604248,1.4097247123718262,1.602209448814392,1.5288254022598267,1.5721626281738281,1.5260847806930542,1.2796531915664673,1.5300298929214478,1.3971927165985107,1.4789671897888184,1.328342318534851,1.005439281463623,0.8350164890289307,0.8178645968437195,0.6743851900100708,0.9516147971153259,0.9946990013122559,1.3332419395446777,1.3548463582992554,1.371972680091858,1.385847806930542,1.076242446899414,1.3143656253814697,1.2196401357650757
A7,1.7521501779556274,1.4602923393249512,1.1777178049087524,0.9232852458953857,0.6042267084121704,0.38693898916244507,0.0,0.38360121846199036,0.6129271388053894,0.6825547814369202,0.6425222754478455,0.8586111068725586,0.7943558692932129,1.09409499168396,1.307045817375183,2.1453614234924316,1.79137122631073,1.6576658487319946,1.292748212814331,1.223751425743103,0.9601089358329773,0.9350622296333313,0.9761640429496765,0.785946786403656,0.413782000541687,0.44309431314468384,0.5577579736709595,0.7842399477958679,1.098291277885437,1.3354487419128418,2.394580364227295,2.1356537342071533,1.9903991222381592,1.6521666049957275,1.7200959920883179,1.406912088394165,1.5656511783599854,1.4741860628128052,1.4459739923477173,1.2601174116134644,1.4028370380401611,1.4086556434631348,1.3743280172348022,1.6663976907730103,1.6680845022201538,2.1794817447662354,2.0460166931152344,1.8024547100067139,1.5820749998092651,1.647611379623413,1.3875023126602173,1.611691951751709,1.4863539934158325,1.695743441581726,1.694932222366333,1.8064616918563843,1.8231607675552368,1.5949279069900513,1.8731006383895874,1.7563223838806152,1.7122644186019897,1.570993423461914,1.2075930833816528,1.0784375667572021,0.9298643469810486,0.786690354347229,0.9169052243232727,0.8830963969230652,1.2687928676605225,1.3962738513946533,1.4697167873382568,1.5664259195327759,1.3010683059692383,1.5635744333267212,1.5239379405975342
A8,2.0668911933898926,1.794102668762207,1.4908808469772339,1.2275328636169434,0.9410099387168884,0.6395965218544006,0.38360121846199036,0.0,0.4008697271347046,0.6396944522857666,0.809946596622467,1.0996876955032349,1.0718393325805664,1.4168148040771484,1.6054785251617432,2.3344709873199463,1.9976950883865356,1.7989739179611206,1.4450550079345703,1.3005989789962769,0.9758451581001282,0.8604780435562134,0.7527897357940674,0.5009655356407166,0.2504935562610626,0.588833749294281,0.8568848371505737,1.018119215965271,1.378266453742981,1.596720576286316,2.5470759868621826,2.277428150177002,2.0815272331237793,1.7366673946380615,1.72012460231781,1.3656097650527954,1.4385985136032104,1.2663540840148926,1.1976535320281982,1.0827949047088623,1.322316288948059,1.430200457572937,1.4361902475357056,1.7789369821548462,1.838204026222229,2.410987615585327,2.236661911010742,1.9695188999176025,1.7119479179382324,1.7023676633834839,1.3866472244262695,1.5253894329071045,1.3202571868896484,1.4828118085861206,1.5211273431777954,1.7088838815689087,1.7980024814605713,1.635694146156311,1.9637831449508667,1.918686032295227,2.0595312118530273,1.8830597400665283,1.5308146476745605,1.3394029140472412,1.1546193361282349,0.9054214954376221,0.9278409481048584,0.7357068657875061,1.0825190544128418,1.265936255455017,1.439196228981018,1.6087101697921753,1.4175328016281128,1.7383922338485718,1.7501806020736694
A9,2.327531337738037,2.0165696144104004,1.7594640254974365,1.4592703580856323,1.1964308023452759,0.895633339881897,0.6129271388053894,0.4008697271347046,0.0,0.3803418278694153,0.6784372925758362,1.0374740362167358,1.1461601257324219,1.4970499277114868,1.7432178258895874,2.6107852458953857,2.286689281463623,2.099712371826172,1.7380151748657227,1.6409614086151123,1.2958946228027344,1.2307161092758179,1.0666900873184204,0.8260518908500671,0.649448812007904,0.9600443840026855,1.1623307466506958,1.315412163734436,1.6642860174179077,1.8405779600143433,2.688194990158081,2.460097312927246,2.2340216636657715,1.9200462102890015,1.90293550491333,1.546464443206787,1.6324609518051147,1.4103243350982666,1.4085865020751953,1.3816897869110107,1.6418498754501343,1.7635411024093628,1.713209629058838,2.0573997497558594,2.072227954864502,2.4351706504821777,2.2839601039886475,1.970791220664978,1.7534499168395996,1.6820173263549805,1.3871530294418335,1.475178837776184,1.2364501953125,1.465003490447998,1.5984019041061401,1.7969905138015747,1.931815505027771,1.7533403635025024,2.0857298374176025,2.0540308952331543,2.1562912464141846,1.9421379566192627,1.5865342617034912,1.3911851644515991,1.1105237007141113,0.8747851252555847,0.7297881841659546,0.4916670024394989,0.8458373546600342,1.1122772693634033,1.2964509725570679,1.531065821647644,1.4030617475509644,1.7306724786758423,1.819419026374817
A10,2.2135422229766846,1.8749500513076782,1.6747010946273804,1.337722659111023,1.1490141153335571,0.8550461530685425,0.6825547814369202,0.6396944522857666,0.3803418278694153,0.0,0.39084577560424805,0.7273445129394531,0.9046066403388977,1.2516493797302246,1.5144760608673096,2.488387107849121,2.1840147972106934,2.025806188583374,1.6631606817245483,1.6484224796295166,1.3114670515060425,1.358373999595642,1.244661569595337,1.0973275899887085,0.870116114616394,1.088442325592041,1.1792443990707397,1.2679988145828247,1.590973138809204,1.701077938079834,2.4478566646575928,2.2598929405212402,2.0310218334198,1.7513773441314697,1.7772353887557983,1.4516663551330566,1.6119099855422974,1.4319088459014893,1.5291950702667236,1.5055257081985474,1.7070950269699097,1.7816659212112427,1.6489789485931396,1.9672151803970337,1.9195488691329956,2.1072723865509033,1.9741731882095337,1.6422533988952637,1.4621262550354004,1.3833789825439453,1.1366249322891235,1.2579877376556396,1.086389422416687,1.3952869176864624,1.536989688873291,1.6697657108306885,1.7820639610290527,1.554851770401001,1.8611019849777222,1.8159180879592896,1.9122326374053955,1.6598010063171387,1.3237509727478027,1.1097707748413086,0.7883520126342773,0.5727249979972839,0.36406809091567993,0.30762365460395813,0.6941437721252441,0.8966338038444519,0.9908545613288879,1.2087206840515137,1.0867754220962524,1.3992419242858887,1.528870940208435
A11,1.9414095878601074,1.5819623470306396,1.4311292171478271,1.1031925678253174,0.9412901401519775,0.7497938275337219,0.6425222754478455,0.809946596622467,0.6784372925758362,0.39084577560424805,0.0,0.37657153606414795,0.6198446750640869,0.9133968949317932,1.2248008251190186,2.3278207778930664,2.016179323196411,1.922956109046936,1.5600422620773315,1.6165715456008911,1.335179090499878,1.4412349462509155,1.4276485443115234,1.294242262840271,0.9822890162467957,1.0624771118164062,1.0276943445205688,1.1283036470413208,1.3854105472564697,1.485167145729065,2.304248094558716,2.134636878967285,1.9580512046813965,1.692474603652954,1.8019955158233643,1.5212889909744263,1.7543474435806274,1.6498939990997314,1.760847806930542,1.6685503721237183,1.797486424446106,1.7902519702911377,1.6228196620941162,1.8882735967636108,1.7796058654785156,1.856027603149414,1.775475263595581,1.4637999534606934,1.3380789756774902,1.347151517868042,1.1763299703598022,1.3953686952590942,1.3211253881454468,1.6511096954345703,1.7381993532180786,1.7960186004638672,1.8320395946502686,1.54010808467865,1.787856101989746,1.6667042970657349,1.5539166927337646,1.3222041130065918,0.9713693857192993,0.8251656889915466,0.48697489500045776,0.46498867869377136,0.45291638374328613,0.6570389270782471,1.0101953744888306,1.1171848773956299,1.0779095888137817,1.188633918762207,0.973910391330719,1.207814335823059,1.2932426929473877
A12,1.7168264389038086,1.3434066772460938,1.2720407247543335,0.9438642263412476,0.9054213166236877,0.8074417114257812,0.8586111068725586,1.0996876955032349,1.0374740362167358,0.7273445129394531,0.37657153606414795,0.0,0.3865707814693451,0.5936427712440491,0.9200320839881897,2.1176884174346924,1.8284518718719482,1.788901925086975,1.4485719203948975,1.5930336713790894,1.368894100189209,1.560245156288147,1.614462971687317,1.5476723909378052,1.224677562713623,1.2054831981658936,1.0539699792861938,1.0743739604949951,1.251457691192627,1.276435136795044,2.0337722301483154,1.899210810661316,1.7596133947372437,1.5340278148651123,1.7134910821914673,1.496901035308838,1.7943954467773438,1.7622861862182617,1.9198575019836426,1.8001501560211182,1.8532525300979614,1.7789630889892578,1.5521172285079956,1.7560901641845703,1.578981876373291,1.5008820295333862,1.455480933189392,1.1631375551223755,1.095808744430542,1.1777456998825073,1.100354790687561,1.389241337776184,1.417654275894165,1.7592145204544067,1.801243543624878,1.7771410942077637,1.7474889755249023,1.4064807891845703,1.586312174797058,1.4127944707870483,1.2147650718688965,0.9570378065109253,0.6272472739219666,0.501414954662323,0.16101868450641632,0.43994757533073425,0.609103262424469,0.9270629286766052,1.2177928686141968,1.2161200046539307,1.0574694871902466,1.0483026504516602,0.7690860033035278,0.9076216220855713,0.9699086546897888
A13,1.3805981874465942,1.023321270942688,0.9251808524131775,0.5769051909446716,0.6292098760604858,0.5769808888435364,0.7943558692932129,1.0718393325805664,1.1461601257324219,0.9046066403388977,0.6198446750640869,0.3865707814693451,0.0,0.3836125433444977,0.613877534866333,1.743871808052063,1.4450651407241821,1.4096524715423584,1.0731663703918457,1.2466347217559814,1.0734293460845947,1.3125003576278687,1.4404135942459106,1.43878173828125,1.1240829229354858,1.0138996839523315,0.7978339195251465,0.7273293733596802,0.8848188519477844,0.8965747952461243,1.7678656578063965,1.5900636911392212,1.4835312366485596,1.230728268623352,1.4416311979293823,1.2527782917022705,1.5726609230041504,1.608047604560852,1.752200961112976,1.5788532495498657,1.5676888227462769,1.443510890007019,1.2117078304290771,1.3902701139450073,1.2174843549728394,1.3911778926849365,1.2970942258834839,1.0697829723358154,0.933718204498291,1.1080753803253174,1.0129656791687012,1.3587956428527832,1.4257041215896606,1.7113862037658691,1.6701215505599976,1.6114856004714966,1.5209041833877563,1.175067663192749,1.3377816677093506,1.1335066556930542,1.0521153211593628,0.8175805807113647,0.4934346675872803,0.2855246663093567,0.3341292142868042,0.4614909589290619,0.8093068599700928,1.0627875328063965,1.3534274101257324,1.2943965196609497,1.1485835313796997,1.0644383430480957,0.7024800181388855,0.8327540159225464,0.7618908882141113
A14,1.1678980588912964,0.7912325263023376,0.8351923227310181,0.5894790291786194,0.7567053437232971,0.8718939423561096,1.09409499168396,1.4168148040771484,1.4970499277114868,1.2516493797302246,0.9133968949317932,0.5936427712440491,0.3836125433444977,0.0,0.3846927583217621,1.6672638654708862,1.3862873315811157,1.4530892372131348,1.1690324544906616,1.4166316986083984,1.332143783569336,1.5919015407562256,1.771897315979004,1.773830771446228,1.4443080425262451,1.2616018056869507,0.9583337306976318,0.8832281827926636,0.8715952038764954,0.822999119758606,1.7024766206741333,1.5658059120178223,1.542646884918213,1.3444899320602417,1.628379464149475,1.5113352537155151,1.85878586769104,1.9421318769454956,2.0899178981781006,1.8872848749160767,1.8202800750732422,1.629701852798462,1.3821239471435547,1.4647853374481201,1.2172985076904297,1.2006967067718506,1.194764494895935,1.0453965663909912,1.0146416425704956,1.2739557027816772,1.2753406763076782,1.644236445426941,1.762973427772522,2.050069808959961,1.9840370416641235,1.8725917339324951,1.7220189571380615,1.3515453338623047,1.4137710332870483,1.1241556406021118,0.6713349223136902,0.47837480902671814,0.14155396819114685,0.3104255497455597,0.5520984530448914,0.817652702331543,1.139667272567749,1.4289523363113403,1.708753228187561,1.6258130073547363,1.4200925827026367,1.2613098621368408,0.888053297996521,0.8459221720695496,0.6678338646888733
A15,0.9219107627868652,0.5939659476280212,0.7084047794342041,0.5331013798713684,0.8617189526557922,0.9952803254127502,1.307045817375183,1.6054785251617432,1.7432178258895874,1.5144760608673096,1.2248008251190186,0.9200320839881897,0.613877534866333,0.3846927583217621,0.0,1.3025256395339966,1.0532622337341309,1.1627130508422852,0.9434129595756531,1.262129545211792,1.2628428936004639,1.577060341835022,1.8044105768203735,1.8823763132095337,1.5925648212432861,1.369709849357605,1.0475075244903564,0.842852771282196,0.7308974862098694,0.5302330255508423,1.372084140777588,1.2241472005844116,1.2616147994995117,1.0940555334091187,1.42632257938385,1.3892561197280884,1.7541521787643433,1.9103872776031494,2.0718162059783936,1.8486932516098022,1.7049684524536133,1.4592307806015015,1.1817363500595093,1.1786324977874756,0.8850785493850708,1.036173939704895,0.9846315383911133,0.9456064701080322,0.8926352262496948,1.2291840314865112,1.265438437461853,1.6528881788253784,1.8260236978530884,2.0650722980499268,1.9331750869750977,1.7645177841186523,1.5459465980529785,1.1833075284957886,1.1685349941253662,0.8326059579849243,0.6181457042694092,0.4565194547176361,0.43922752141952515,0.4642651379108429,0.8339334726333618,1.009783387184143,1.3762623071670532,1.6428261995315552,1.8852325677871704,1.7409735918045044,1.5249496698379517,1.297114372253418,0.921321451663971,0.8179068565368652,0.49459725618362427
B1,1.0223743915557861,1.1872063875198364,1.2185903787612915,1.3276766538619995,1.6552643775939941,1.7654812335968018,2.1453614234924316,2.3344709873199463,2.6107852458953857,2.488387107849121,2.3278207778930664,2.1176884174346924,1.743871808052063,1.6672638654708862,1.3025256395339966,0.0,0.3828641474246979,0.5927866101264954,0.895720362663269,1.166575312614441,1.4612427949905396,1.7665784358978271,2.0803849697113037,2.336538791656494,2.2120258808135986,1.943329930305481,1.712546944618225,1.3701196908950806,1.154771327972412,0.8960370421409607,1.0671634674072266,0.7806993722915649,1.0719465017318726,1.0315978527069092,1.2867190837860107,1.4954956769943237,1.733961820602417,2.071204900741577,2.1757946014404297,1.9096285104751587,1.5545235872268677,1.2008469104766846,1.05033278465271,0.6756543517112732,0.6108106970787048,1.7093738317489624,1.5069632530212402,1.7070339918136597,1.5406607389450073,1.85749351978302,1.8654979467391968,2.171928644180298,2.3849689960479736,2.4170825481414795,2.1013760566711426,1.8557921648025513,1.502320408821106,1.390053629875183,1.2174140214920044,1.049103021621704,1.644981026649475,1.6429033279418945,1.7402540445327759,1.6613173484802246,2.0128116607666016,1.9990150928497314,2.377112627029419,2.5168323516845703,2.6813266277313232,2.4619429111480713,2.3307242393493652,2.0697591304779053,1.8026362657546997,1.7408860921859741,1.4186114072799683
B2,0.7685043811798096,0.8896439671516418,0.8536067605018616,0.977170467376709,1.2860816717147827,1.4190871715545654,1.79137122631073,1.9976950883865356,2.286689281463623,2.1840147972106934,2.016179323196411,1.8284518718719482,1.4450651407241821,1.3862873315811157,1.0532622337341309,0.3828641474246979,0.0,0.3824326694011688,0.5912522673606873,0.8761403560638428,1.1706459522247314,1.46270751953125,1.7949379682540894,2.015106678009033,1.867061734199524,1.5782856941223145,1.3369063138961792,1.0091197490692139,0.778474748134613,0.5708552598953247,1.2401432991027832,0.9187389016151428,1.1218210458755493,0.9613310098648071,1.226538896560669,1.3424386978149414,1.5946390628814697,1.8941996097564697,1.9674451351165771,1.6706740856170654,1.344730257987976,0.975462019443512,0.8440719842910767,0.5446875095367432,0.4894801080226898,1.683712363243103,1.4927337169647217,1.6210801601409912,1.4275915622711182,1.7471048831939697,1.7064177989959717,2.0346245765686035,2.206125259399414,2.265226364135742,1.9741512537002563,1.7785300016403198,1.460636019706726,1.2985416650772095,1.2148221731185913,1.0039169788360596,1.4425033330917358,1.446282148361206,1.4755959510803223,1.4058432579040527,1.7402431964874268,1.725508213043213,2.108401298522949,2.2381107807159424,2.4422826766967773,2.262836217880249,2.152261257171631,1.9259250164031982,1.618290901184082,1.5987945795059204,1.2666598558425903
B3,1.0794306993484497,1.119557499885559,0.9711250066757202,0.9941056966781616,1.2489733695983887,1.2877358198165894,1.6576658487319946,1.7989739179611206,2.099712371826172,2.025806188583374,1.922956109046936,1.788901925086975,1.4096524715423584,1.4530892372131348,1.1627130508422852,0.5927866101264954,0.3824326694011688,0.0,0.3704482316970825,0.5793498754501343,0.8821212649345398,1.1781975030899048,1.4900622367858887,1.756567358970642,1.6641725301742554,1.425270676612854,1.2639387845993042,0.9055286645889282,0.8229091763496399,0.6808151006698608,1.2809618711471558,0.9073893427848816,0.9926154613494873,0.7565662264823914,0.9306889772415161,1.027529001235962,1.2368838787078857,1.5466638803482056,1.6101253032684326,1.324599027633667,0.9810572266578674,0.6197850108146667,0.5048597455024719,0.2193581610918045,0.4460873007774353,1.8049217462539673,1.550371766090393,1.6193108558654785,1.3532402515411377,1.6130081415176392,1.5098516941070557,1.7995805740356445,1.9431793689727783,1.956261396408081,1.645315408706665,1.4776668548583984,1.1843671798706055,1.0869203805923462,1.0871250629425049,0.9825089573860168,1.662967562675476,1.5947134494781494,1.562568187713623,1.408656120300293,1.6967350244522095,1.5999562740325928,1.9623157978057861,2.039210796356201,2.21614670753479,2.0374739170074463,1.9794235229492188,1.7925572395324707,1.5190726518630981,1.5817798376083374,1.3088966608047485
B4,1.0599368810653687,0.9808540940284729,0.7617297172546387,0.6858757138252258,0.9113444089889526,0.9192354679107666,1.292748212814331,1.4450550079345703,1.7380151748657227,1.6631606817245483,1.5600422620773315,1.4485719203948975,1.0731663703918457,1.1690324544906616,0.9434129595756531,0.895720362663269,0.5912522673606873,0.3704482316970825,0.0,0.3831593096256256,0.5888752341270447,0.9197816252708435,1.2253018617630005,1.4535096883773804,1.3237358331680298,1.0932475328445435,0.9311604499816895,0.5551585555076599,0.5768750309944153,0.5098269581794739,1.3925658464431763,1.0405552387237549,1.0323203802108765,0.709244966506958,0.8882810473442078,0.8569182753562927,1.107812523841858,1.3554764986038208,1.42091703414917,1.1296623945236206,0.8615007400512695,0.5413976311683655,0.36002635955810547,0.40393176674842834,0.5018733739852905,1.7137610912322998,1.470320224761963,1.4578827619552612,1.1725367307662964,1.4153258800506592,1.2692593336105347,1.5784207582473755,1.687086820602417,1.746302604675293,1.4817649126052856,1.3612052202224731,1.123756766319275,0.9548678398132324,1.0525641441345215,0.9251337051391602,1.4993205070495605,1.3960355520248413,1.2924028635025024,1.1146299839019775,1.366793155670166,1.2559882402420044,1.6176204681396484,1.6930042505264282,1.8991272449493408,1.7520393133163452,1.7057143449783325,1.5546152591705322,1.2549448013305664,1.3680168390274048,1.1220479011535645
B5,1.3209434747695923,1.2573496103286743,0.9548344016075134,0.885530948638916,0.9635489583015442,0.9079971313476562,1.223751425743103,1.3005989789962769,1.6409614086151123,1.6484224796295166,1.6165715456008911,1.5930336713790894,1.2466347217559814,1.4166316986083984,1.262129545211792,1.166575312614441,0.8761403560638428,0.5793498754501343,0.3831593096256256,0.0,0.3763567805290222,0.6016111969947815,0.9350872039794922,1.190708875656128,1.1380574703216553,0.9361709952354431,0.9017466306686401,0.608666718006134,0.7568685412406921,0.8477268218994141,1.7174720764160156,1.3505783081054688,1.290228009223938,0.9415682554244995,0.9750546813011169,0.8531085848808289,0.9780992269515991,1.1886141300201416,1.155809760093689,0.818545937538147,0.5488049387931824,0.2539702355861664,0.40129202604293823,0.6107080578804016,0.8544288277626038,2.069561243057251,1.8125510215759277,1.7585405111312866,1.4400756359100342,1.6145987510681152,1.3898972272872925,1.6407837867736816,1.6720304489135742,1.6739119291305542,1.4040826559066772,1.3747583627700806,1.2119661569595337,1.1313399076461792,1.3123233318328857,1.2592450380325317,1.8167771100997925,1.7155815362930298,1.5518903732299805,1.3575550317764282,1.53378427028656,1.353104591369629,1.6702282428741455,1.65950345993042,1.869017481803894,1.770242691040039,1.807767629623413,1.7283908128738403,1.4598262310028076,1.6459507942199707,1.4474104642868042
B6,1.538776159286499,1.3865660429000854,1.0749164819717407,0.8826983571052551,0.8757781982421875,0.6792709827423096,0.9601089358329773,0.9758451581001282,1.2958946228027344,1.3114670515060425,1.335179090499878,1.368894100189209,1.0734293460845947,1.332143783569336,1.2628428936004639,1.4612427949905396,1.1706459522247314,0.8821212649345398,0.5888752341270447,0.3763567805290222,0.0,0.3900763690471649,0.6397539973258972,0.8960736989974976,0.8476119041442871,0.752065896987915,0.8094221949577332,0.5686963796615601,0.8778795003890991,0.9848649501800537,1.8175759315490723,1.479364275932312,1.330422282218933,0.9595516324043274,0.9363577961921692,0.6796557307243347,0.7996429204940796,0.9138625264167786,0.9001170992851257,0.6006520986557007,0.5073655843734741,0.4739960730075836,0.4964406192302704,0.8464813232421875,1.0222235918045044,2.0525312423706055,1.7903755903244019,1.6590626239776611,1.3228981494903564,1.4270669221878052,1.1450837850570679,1.367315411567688,1.3458161354064941,1.3707724809646606,1.1548131704330444,1.1928578615188599,1.120051622390747,1.0240674018859863,1.2966711521148682,1.282624363899231,1.8470885753631592,1.6880714893341064,1.470266342163086,1.2240873575210571,1.3169283866882324,1.0731391906738281,1.3484470844268799,1.2992355823516846,1.5060398578643799,1.435714840888977,1.51548171043396,1.4973000288009644,1.2569915056228638,1.5134400129318237,1.3922436237335205
B7,1.7687771320343018,1.6311813592910767,1.2764383554458618,1.126352310180664,0.9938951134681702,0.7932971119880676,0.9350622296333313,0.8604780435562134,1.2307161092758179,1.358373999595642,1.4412349462509155,1.560245156288147,1.3125003576278687,1.5919015407562256,1.577060341835022,1.7665784358978271,1.46270751953125,1.1781975030899048,0.9197816252708435,0.6016111969947815,0.3900763690471649,0.0,0.37812817096710205,0.6084114909172058,0.6719209551811218,0.6366319060325623,0.8549768328666687,0.7794392704963684,1.0957832336425781,1.2960009574890137,2.2022781372070312,1.8565877676010132,1.7074674367904663,1.3391724824905396,1.2653697729110718,0.9791404008865356,0.966662585735321,0.9753475785255432,0.7991821765899658,0.45052194595336914,0.5388624668121338,0.6570218205451965,0.8461464643478394,1.1747636795043945,1.3891359567642212,2.4203851222991943,2.1698882579803467,2.017916679382324,1.6850882768630981,1.754300594329834,1.4367960691452026,1.603951096534729,1.4959179162979126,1.4832229614257812,1.3064136505126953,1.4405231475830078,1.4343781471252441,1.3837696313858032,1.6768637895584106,1.6721789836883545,2.126771926879883,1.9928827285766602,1.7324507236480713,1.5135700702667236,1.5422725677490234,1.279938817024231,1.4881150722503662,1.3527780771255493,1.5797756910324097,1.5914283990859985,1.743037223815918,1.7907912731170654,1.569325566291809,1.8532509803771973,1.7483729124069214
B8,2.1118600368499756,1.939623475074768,1.5962163209915161,1.3918317556381226,1.2267698049545288,0.939970076084137,0.9761640429496765,0.7527897357940674,1.0666900873184204,1.244661569595337,1.4276485443115234,1.614462971687317,1.4404135942459106,1.771897315979004,1.8044105768203735,2.0803849697113037,1.7949379682540894,1.4900622367858887,1.2253018617630005,0.9350872039794922,0.6397539973258972,0.37812817096710205,0.0,0.39984992146492004,0.6316528916358948,0.8057238459587097,1.0974080562591553,1.064277172088623,1.4194185733795166,1.5965639352798462,2.3919811248779297,2.066488265991211,1.8572354316711426,1.50142240524292,1.3586838245391846,1.0196120738983154,0.9202626943588257,0.7842414379119873,0.549433171749115,0.3591189980506897,0.6869706511497498,0.9386631846427917,1.0809903144836426,1.4469738006591797,1.6523892879486084,2.578219413757324,2.315534830093384,2.1161093711853027,1.7762906551361084,1.7643240690231323,1.4082036018371582,1.4912610054016113,1.3039371967315674,1.2596168518066406,1.151111364364624,1.3779916763305664,1.4707658290863037,1.4601906538009644,1.8020145893096924,1.8519314527511597,2.3645715713500977,2.188009738922119,1.9067033529281616,1.6513479948043823,1.6032949686050415,1.2857246398925781,1.4001729488372803,1.1789790391921997,1.3579689264297485,1.4168550968170166,1.6436561346054077,1.7651475667953491,1.610658049583435,1.942923665046692,1.9093741178512573
B9,2.2001943588256836,1.9961199760437012,1.6460238695144653,1.4422733783721924,1.1820592880249023,0.9091978669166565,0.785946786403656,0.5009655356407166,0.8260518908500671,1.0973275899887085,1.294242262840271,1.5476723909378052,1.43878173828125,1.773830771446228,1.8823763132095337,2.336538791656494,2.015106678009033,1.756567358970642,1.4535096883773804,1.190708875656128,0.8960736989974976,0.6084114909172058,0.39984992146492004,0.0,0.3773379921913147,0.674957811832428,1.0355817079544067,1.1415350437164307,1.5001941919326782,1.7368395328521729,2.6618127822875977,2.3487656116485596,2.151376724243164,1.7901564836502075,1.6954329013824463,1.3419091701507568,1.2916470766067505,1.1098518371582031,0.891640841960907,0.7556123733520508,1.0609050989151,1.2561383247375488,1.3838047981262207,1.7400892972946167,1.900483250617981,2.7123312950134277,2.4906609058380127,2.260334014892578,1.9524133205413818,1.9399199485778809,1.588503122329712,1.6809028387069702,1.4516417980194092,1.4792003631591797,1.4539481401443481,1.694187879562378,1.7983630895614624,1.7313672304153442,2.073572874069214,2.078131675720215,2.3865644931793213,2.2286341190338135,1.9027286767959595,1.6907230615615845,1.5764784812927246,1.2887234687805176,1.3447743654251099,1.094895362854004,1.3434947729110718,1.4966858625411987,1.7306427955627441,1.89313542842865,1.722150444984436,2.0557470321655273,2.034341335296631
B10,1.9472535848617554,1.708036184310913,1.374752163887024,1.1552457809448242,0.8561298847198486,0.5973451137542725,0.413782000541687,0.2504935562610626,0.649448812007904,0.870116114616394,0.9822890162467957,1.224677562713623,1.1240829229354858,1.4443080425262451,1.5925648212432861,2.2120258808135986,1.867061734199524,1.6641725301742554,1.3237358331680298,1.1380574703216553,0.8476119041442871,0.6719209551811218,0.6316528916358948,0.3773379921913147,0.0,0.3922428488731384,0.7269764542579651,0.9013624787330627,1.2540080547332764,1.507241129875183,2.5249240398406982,2.229888677597046,2.059727430343628,1.6998512744903564,1.6845417022705078,1.3423157930374146,1.3995777368545532,1.2671098709106445,1.1443623304367065,0.9611767530441284,1.1781039237976074,1.2725471258163452,1.332119107246399,1.6650216579437256,1.7578701972961426,2.460733413696289,2.2775330543518066,2.043226480484009,1.7691577672958374,1.7977417707443237,1.480385422706604,1.642020583152771,1.4586740732192993,1.5778919458389282,1.5594897270202637,1.7377266883850098,1.795326828956604,1.648465633392334,1.9651447534561157,1.9096639156341553,2.0565719604492188,1.9123526811599731,1.5691661834716797,1.3939151763916016,1.2709263563156128,1.0361015796661377,1.1292815208435059,0.9612849950790405,1.2925573587417603,1.4398467540740967,1.6041624546051025,1.7371251583099365,1.5158003568649292,1.82143235206604,1.784482479095459
B11,1.5914918184280396,1.3782669305801392,1.026249885559082,0.8730313181877136,0.5548563003540039,0.45469433069229126,0.44309431314468384,0.588833749294281,0.9600443840026855,1.088442325592041,1.0624771118164062,1.2054831981658936,1.0138996839523315,1.2616018056869507,1.369709849357605,1.943329930305481,1.5782856941223145,1.425270676612854,1.0932475328445435,0.9361709952354431,0.752065896987915,0.6366319060325623,0.8057238459587097,0.674957811832428,0.3922428488731384,0.0,0.37841758131980896,0.6182867884635925,0.9188708662986755,1.2238913774490356,2.3743884563446045,2.0670547485351562,1.9603662490844727,1.5983028411865234,1.6505212783813477,1.3604018688201904,1.4753332138061523,1.4412953853607178,1.330051064491272,1.051998496055603,1.1446021795272827,1.1255409717559814,1.1959420442581177,1.4702520370483398,1.548309087753296,2.3254435062408447,2.1625759601593018,1.979060173034668,1.7195814847946167,1.8309738636016846,1.5563558340072632,1.7907789945602417,1.6807265281677246,1.8062599897384644,1.7214140892028809,1.8294750452041626,1.8055458068847656,1.6244544982910156,1.8881949186325073,1.772562861442566,1.8063708543777466,1.719643473625183,1.3932467699050903,1.2763091325759888,1.245652437210083,1.090846300125122,1.2926287651062012,1.2266227006912231,1.5743032693862915,1.660972237586975,1.7527445554733276,1.8077075481414795,1.519636869430542,1.7665013074874878,1.6505279541015625
B12,1.2444604635238647,1.0088260173797607,0.6716344356536865,0.5380184650421143,0.2034383863210678,0.3848990201950073,0.5577579736709595,0.8568848371505737,1.1623307466506958,1.1792443990707397,1.0276943445205688,1.0539699792861938,0.7978339195251465,0.9583337306976318,1.0475075244903564,1.712546944618225,1.3369063138961792,1.2639387845993042,0.9311604499816895,0.9017466306686401,0.8094221949577332,0.8549768328666687,1.0974080562591553,1.0355817079544067,0.7269764542579651,0.37841758131980896,0.0,0.38823798298835754,0.5983562469482422,0.9207955598831177,2.1576812267303467,1.8685137033462524,1.8144934177398682,1.4744431972503662,1.6129144430160522,1.3808306455612183,1.5798554420471191,1.615218997001648,1.5720609426498413,1.2765275239944458,1.2689143419265747,1.138965129852295,1.1330921649932861,1.3339992761611938,1.3370736837387085,2.049691915512085,1.921844482421875,1.773830533027649,1.5537290573120117,1.7340420484542847,1.5230411291122437,1.8209823369979858,1.78464937210083,1.9502114057540894,1.8407059907913208,1.8723152875900269,1.7818259000778198,1.5425620079040527,1.744757056236267,1.5619840621948242,1.44707190990448,1.3968737125396729,1.089171051979065,1.0341027975082397,1.0842920541763306,1.0297961235046387,1.3096719980239868,1.3527631759643555,1.7065892219543457,1.739444375038147,1.7468760013580322,1.730709433555603,1.3915495872497559,1.5685863494873047,1.3964357376098633
B13,1.091531753540039,0.8769966959953308,0.5511801242828369,0.3492059111595154,0.3702906370162964,0.428856760263443,0.7842399477958679,1.018119215965271,1.315412163734436,1.2679988145828247,1.1283036470413208,1.0743739604949951,0.7273293733596802,0.8832281827926636,0.842852771282196,1.3701196908950806,1.0091197490692139,0.9055286645889282,0.5551585555076599,0.608666718006134,0.5686963796615601,0.7794392704963684,1.064277172088623,1.1415350437164307,0.9013624787330627,0.6182867884635925,0.38823798298835754,0.0,0.3853529095649719,0.6129313111305237,1.791557788848877,1.488897681236267,1.4383537769317627,1.0984013080596924,1.258551001548767,1.073856234550476,1.3144917488098145,1.424420952796936,1.440062403678894,1.1415443420410156,1.0428295135498047,0.8506944179534912,0.7723202705383301,0.9567294120788574,0.9571819305419922,1.8049662113189697,1.6321161985397339,1.5202345848083496,1.269095778465271,1.478910207748413,1.287157654762268,1.6072086095809937,1.6329623460769653,1.7732301950454712,1.608909249305725,1.5820388793945312,1.4432573318481445,1.2056688070297241,1.3846243619918823,1.2111215591430664,1.354414463043213,1.2630844116210938,1.0234010219573975,0.893128514289856,1.0460107326507568,0.9612748622894287,1.3048293590545654,1.3774685859680176,1.6745096445083618,1.6249312162399292,1.6012669801712036,1.5269790887832642,1.1845985651016235,1.3471027612686157,1.143640398979187
