,A1,A2,A3,A4,A5,A6,A7,A8,A9,A10,A11,A12,A13,A14,A15,B1,B2,B3,B4,B5,B6,B7,B8,B9,B10,B11,B12,B13,B14,B15,C1,C2,C3,C4,C5,C6,C7,C8,C9,C10,C11,C12,C13,C14,C15,D1,D2,D3,D4,D5,D6,D7,D8,D9,D10,D11,D12,D13,D14,D15,E1,E2,E3,E4,E5,E6,E7,E8,E9,E10,E11,E12,E13,E14,E15
A1,0.0,0.3970763683319092,0.5618810653686523,0.6064382791519165,0.936957061290741,1.1577792167663574,1.4922784566879272,1.8135470151901245,1.979997158050537,1.6933295726776123,1.4110239744186401,1.0581330060958862,1.0759608745574951,0.7930409908294678,0.9579397439956665,3.7010552883148193,3.636253595352173,3.3445518016815186,3.0977582931518555,2.8940484523773193,2.706008195877075,2.346740484237671,2.210263967514038,1.9859904050827026,2.1812758445739746,2.304258346557617,2.6114161014556885,2.609935760498047,2.9649531841278076,3.0570180416107178,2.523303508758545,2.2084858417510986,1.992081880569458,2.0435240268707275,1.7464481592178345,1.8829585313796997,1.7199867963790894,1.7831765413284302,2.131293773651123,2.273127317428589,2.213557004928589,2.1158063411712646,1.9016242027282715,2.033165454864502,1.745396614074707,1.8045920133590698,2.087414264678955,2.0296597480773926,1.7072175741195679,1.8528512716293335,1.6799310445785522,1.7856171131134033,1.9113198518753052,1.6942648887634277,1.355921983718872,1.249061942100525,1.3579145669937134,1.636738896369934,1.7414559125900269,2.114072561264038,3.4637343883514404,3.2835636138916016,2.96901798248291,2.846137523651123,2.5789477825164795,2.529989719390869,2.1650021076202393,2.1033334732055664,2.1526761054992676,2.389883279800415,2.4115235805511475,2.5586423873901367,2.4022176265716553,2.6999270915985107,2.6083998680114746
A2,0.3970763683319092,0.0,0.38125208020210266,0.5702847838401794,0.7878627777099609,1.0765918493270874,1.4010072946548462,1.7160892486572266,1.9537676572799683,1.7238141298294067,1.4696228504180908,1.1037278175354004,1.0640079975128174,0.7997671365737915,0.8094848990440369,3.6250252723693848,3.52963924407959,3.22210693359375,3.0085859298706055,2.7900078296661377,2.641709089279175,2.2698354721069336,2.158700704574585,1.9976316690444946,2.20715594291687,2.2937514781951904,2.5650062561035156,2.5117239952087402,2.856016159057617,2.9022693634033203,2.1951065063476562,1.8592661619186401,1.6690210103988647,1.7604625225067139,1.486979365348816,1.674480676651001,1.5854138135910034,1.704947829246521,2.079939365386963,2.1662631034851074,2.071000337600708,1.9158731698989868,1.6999287605285645,1.7765103578567505,1.466638207435608,2.108095407485962,2.3694348335266113,2.2610669136047363,1.9319545030593872,2.0420234203338623,1.8513294458389282,1.878692626953125,1.97372567653656,1.7017263174057007,1.4052814245224,1.3306565284729004,1.512810230255127,1.759974479675293,1.9160701036453247,2.2796969413757324,3.5459847450256348,3.3992528915405273,3.087294578552246,2.921581506729126,2.6616649627685547,2.5654385089874268,2.1880602836608887,2.0923211574554443,2.068761110305786,2.313366413116455,2.36904239654541,2.5673766136169434,2.454613208770752,2.780426025390625,2.7419638633728027
A3,0.5618810653686523,0.38125208020210266,0.0,0.37419643998146057,0.6072198748588562,0.9570919871330261,1.2113382816314697,1.5638991594314575,1.7983508110046387,1.5802751779556274,1.2843780517578125,0.9120460152626038,0.761807382106781,0.46560588479042053,0.43353649973869324,3.3223483562469482,3.2135329246520996,2.922029733657837,2.6980438232421875,2.4596357345581055,2.2952880859375,1.9193432331085205,1.7880618572235107,1.6370505094528198,1.868737816810608,1.976871132850647,2.2513020038604736,2.2176713943481445,2.5750954151153564,2.6206791400909424,2.019162654876709,1.711775302886963,1.522454857826233,1.539550542831421,1.2205054759979248,1.3502274751663208,1.2364951372146606,1.3294371366500854,1.708933711051941,1.8089486360549927,1.746254563331604,1.6238244771957397,1.4540789127349854,1.5906010866165161,1.3379037380218506,2.033442735671997,2.2408554553985596,2.1150424480438232,1.7632017135620117,1.8093900680541992,1.578670620918274,1.5632083415985107,1.6228986978530884,1.3308478593826294,1.055634617805481,1.0364885330200195,1.283049464225769,1.5499218702316284,1.7682069540023804,2.111603260040283,3.2656755447387695,3.145308494567871,2.818286418914795,2.6497061252593994,2.4210915565490723,2.3392088413238525,1.970194935798645,1.9231618642807007,1.885507583618164,2.084818124771118,2.098151445388794,2.289952039718628,2.1621310710906982,2.481785297393799,2.464376211166382
A4,0.6064382791519165,0.5702847838401794,0.37419643998146057,0.0,0.3754100501537323,0.6438323259353638,0.9213463664054871,1.271928310394287,1.4653229713439941,1.2212376594543457,0.9266064763069153,0.552405059337616,0.512157678604126,0.36595290899276733,0.5601086616516113,3.107030153274536,3.0373761653900146,2.7401349544525146,2.5004756450653076,2.3019790649414062,2.135228157043457,1.7774251699447632,1.6880143880844116,1.4934762716293335,1.6645433902740479,1.742877721786499,2.029271364212036,2.007882595062256,2.3617005348205566,2.450978994369507,2.047762870788574,1.7844760417938232,1.5259560346603394,1.5161477327346802,1.2147471904754639,1.3400633335113525,1.1551693677902222,1.2765705585479736,1.611005425453186,1.7119394540786743,1.6207683086395264,1.529343605041504,1.3131552934646606,1.4880679845809937,1.2510305643081665,1.7273659706115723,1.9316089153289795,1.7775211334228516,1.439073920249939,1.5141148567199707,1.3349956274032593,1.3369309902191162,1.473698616027832,1.249550461769104,0.9291951656341553,0.7828440070152283,0.9749765992164612,1.2084834575653076,1.4097328186035156,1.7566643953323364,2.975717544555664,2.833244800567627,2.521089792251587,2.3515005111694336,2.097045421600342,2.0127100944519043,1.6404895782470703,1.5873245000839233,1.5939842462539673,1.8087751865386963,1.8300235271453857,2.006793260574341,1.8859584331512451,2.213582992553711,2.1829535961151123
A5,0.936957061290741,0.7878627777099609,0.6072198748588562,0.3754100501537323,0.0,0.3789803683757782,0.6229017376899719,0.959845244884491,1.2189524173736572,1.0504051446914673,0.8317432403564453,0.5271692872047424,0.5055869221687317,0.591485857963562,0.6436804533004761,2.8629047870635986,2.788358449935913,2.468999147415161,2.258920669555664,2.0769412517547607,1.9620639085769653,1.6116381883621216,1.5961623191833496,1.4601093530654907,1.5901318788528442,1.5897538661956787,1.8292523622512817,1.7493212223052979,2.083526849746704,2.151779890060425,1.7326985597610474,1.4967358112335205,1.2000824213027954,1.1961308717727661,0.9405071139335632,1.126198172569275,0.9861887693405151,1.210728645324707,1.5245683193206787,1.546919822692871,1.3820136785507202,1.2414228916168213,0.9785579442977905,1.1266212463378906,0.8894591331481934,1.8876949548721313,2.061695098876953,1.8435299396514893,1.5317338705062866,1.5835840702056885,1.4381685256958008,1.357178807258606,1.503416895866394,1.2796082496643066,1.0196518898010254,0.8473941087722778,1.0557639598846436,1.1874618530273438,1.4204437732696533,1.7355438470840454,2.8647799491882324,2.7479283809661865,2.4574482440948486,2.239344835281372,1.9814547300338745,1.8366974592208862,1.457643985748291,1.3553948402404785,1.294457197189331,1.5271003246307373,1.6006218194961548,1.8301184177398682,1.7771656513214111,2.135417938232422,2.1605167388916016
A6,1.1577792167663574,1.0765918493270874,0.9570919871330261,0.6438323259353638,0.3789803683757782,0.0,0.3821512758731842,0.657214879989624,0.8824437856674194,0.713556706905365,0.595955491065979,0.4404197335243225,0.6377565264701843,0.8621768951416016,0.9938884973526001,2.7119593620300293,2.684553623199463,2.354290723800659,2.143484354019165,2.023087978363037,1.9295459985733032,1.6203495264053345,1.672615647315979,1.5161802768707275,1.5566242933273315,1.4892992973327637,1.7139641046524048,1.6256722211837769,1.9332314729690552,2.0452258586883545,1.8281514644622803,1.6487679481506348,1.299860954284668,1.2892943620681763,1.108603835105896,1.2917311191558838,1.1193203926086426,1.3693801164627075,1.6094077825546265,1.6087911128997803,1.3971881866455078,1.2803986072540283,0.9602100849151611,1.1104735136032104,0.906653642654419,1.7348347902297974,1.9006609916687012,1.6391708850860596,1.377737045288086,1.4686214923858643,1.4127721786499023,1.342013955116272,1.5639667510986328,1.424232840538025,1.1655611991882324,0.8884485363960266,0.9836632609367371,0.9980682730674744,1.1851105690002441,1.482326865196228,2.665034294128418,2.5257976055145264,2.2690978050231934,2.0384411811828613,1.7437361478805542,1.5683332681655884,1.186933994293213,1.0291121006011963,1.0108059644699097,1.2899590730667114,1.41085946559906,1.636195182800293,1.6249289512634277,1.9921371936798096,2.0142836570739746
A7,1.4922784566879272,1.4010072946548462,1.2113382816314697,0.9213463664054871,0.6229017376899719,0.3821512758731842,0.0,0.3772076666355133,0.6305546760559082,0.5867636203765869,0.5468333959579468,0.5808759331703186,0.6874135136604309,1.021965503692627,1.1138519048690796,2.332385540008545,2.307094097137451,1.975256323814392,1.7674331665039062,1.6646192073822021,1.5965029001235962,1.3146827220916748,1.4320203065872192,1.318158745765686,1.3038259744644165,1.1702316999435425,1.3572317361831665,1.2485328912734985,1.5513020753860474,1.6736364364624023,1.6780940294265747,1.5764878988265991,1.2177839279174805,1.120923399925232,0.980675458908081,1.1111589670181274,0.9277960062026978,1.2107560634613037,1.379557728767395,1.330018162727356,1.0833079814910889,0.9996790289878845,0.6867721080780029,0.9096347093582153,0.8394967317581177,1.836331844329834,1.927067518234253,1.6201826333999634,1.3825733661651611,1.3967785835266113,1.3562068939208984,1.1995514631271362,1.4148792028427124,1.313078761100769,1.1348787546157837,0.8790391087532043,0.9882861375808716,0.9100624918937683,1.1619189977645874,1.382977843284607,2.3701131343841553,2.2682721614837646,2.0217795372009277,1.7542729377746582,1.4844740629196167,1.273850679397583,0.9012283682823181,0.7624132037162781,0.6764109134674072,0.92082279920578,1.0458378791809082,1.3032901287078857,1.341977596282959,1.7223390340805054,1.8023018836975098
A8,1.8135470151901245,1.7160892486572266,1.5638991594314575,1.271928310394287,0.959845244884491,0.657214879989624,0.3772076666355133,0.0,0.39465126395225525,0.564411997795105,0.7480370998382568,0.9037269353866577,1.05845046043396,1.3975423574447632,1.4808217287063599,2.1929194927215576,2.204627513885498,1.8549158573150635,1.6841949224472046,1.6572295427322388,1.6552057266235352,1.4396077394485474,1.6365824937820435,1.5555059909820557,1.4640722274780273,1.2377443313598633,1.3448686599731445,1.1791410446166992,1.4092530012130737,1.5471422672271729,1.702763557434082,1.665351390838623,1.2892825603485107,1.2100675106048584,1.1824959516525269,1.3298983573913574,1.192238450050354,1.4951426982879639,1.5976276397705078,1.4903535842895508,1.187876582145691,1.0959843397140503,0.7651993036270142,0.9059244394302368,0.9003872275352478,1.9803351163864136,2.051201105117798,1.7074079513549805,1.5419466495513916,1.5708744525909424,1.6020686626434326,1.4368356466293335,1.6732943058013916,1.6193269491195679,1.4746752977371216,1.205817461013794,1.2480647563934326,1.0633131265640259,1.25149405002594,1.4029817581176758,2.299136161804199,2.202094793319702,2.0110385417938232,1.711243987083435,1.426270842552185,1.1417902708053589,0.8089883327484131,0.5431373715400696,0.37704434990882874,0.713855504989624,0.9610602259635925,1.2438530921936035,1.380326271057129,1.7563481330871582,1.8667165040969849
A9,1.979997158050537,1.9537676572799683,1.7983508110046387,1.4653229713439941,1.2189524173736572,0.8824437856674194,0.6305546760559082,0.39465126395225525,0.0,0.3689088821411133,0.6922173500061035,0.9870584607124329,1.201020359992981,1.5624804496765137,1.71674644947052,2.085721015930176,2.1650707721710205,1.8435218334197998,1.6374669075012207,1.6752452850341797,1.645584225654602,1.4906233549118042,1.6973727941513062,1.565718173980713,1.3949787616729736,1.15018892288208,1.2682691812515259,1.179572343826294,1.3829513788223267,1.6083288192749023,2.057903528213501,2.045278787612915,1.674420714378357,1.5621641874313354,1.5147396326065063,1.5968432426452637,1.3933721780776978,1.6347811222076416,1.6667752265930176,1.6008564233779907,1.3443790674209595,1.3504635095596313,1.0787583589553833,1.2679197788238525,1.2940573692321777,1.770203948020935,1.797122597694397,1.429918885231018,1.3347649574279785,1.3748170137405396,1.4922270774841309,1.3638921976089478,1.6539192199707031,1.692502498626709,1.5465824604034424,1.2370573282241821,1.1715636253356934,0.8852731585502625,1.00529944896698,1.0817954540252686,2.0042030811309814,1.870376706123352,1.7097012996673584,1.4242011308670044,1.1033437252044678,0.8171201944351196,0.5064812898635864,0.16837608814239502,0.36036595702171326,0.6311450004577637,0.8382529020309448,1.0309028625488281,1.1747957468032837,1.5242019891738892,1.6065199375152588
A10,1.6933295726776123,1.7238141298294067,1.5802751779556274,1.2212376594543457,1.0504051446914673,0.713556706905365,0.5867636203765869,0.564411997795105,0.3689088821411133,0.0,0.3834408223628998,0.7059382200241089,0.9899200797080994,1.3248863220214844,1.5435949563980103,2.339418649673462,2.4117496013641357,2.108747720718384,1.863089680671692,1.8556855916976929,1.755859613418579,1.5569859743118286,1.6860904693603516,1.481499433517456,1.351963996887207,1.2034542560577393,1.4152504205703735,1.3984825611114502,1.6562732458114624,1.886732816696167,2.2200334072113037,2.1479480266571045,1.779137372970581,1.680171251296997,1.5547417402267456,1.6293120384216309,1.3735085725784302,1.567850112915039,1.6439414024353027,1.6552162170410156,1.4563887119293213,1.4776674509048462,1.2040833234786987,1.4279594421386719,1.3801236152648926,1.434315800666809,1.500643253326416,1.1564366817474365,1.0224862098693848,1.1208488941192627,1.241089940071106,1.190529227256775,1.51485276222229,1.5557786226272583,1.3451735973358154,0.9909920692443848,0.8681393265724182,0.606597900390625,0.6993221044540405,0.8782496452331543,2.082152843475342,1.9009630680084229,1.6984302997589111,1.4719808101654053,1.126173734664917,0.946099579334259,0.5941343903541565,0.44425222277641296,0.6946511268615723,0.9299811124801636,1.029389500617981,1.1553841829299927,1.1802548170089722,1.5208346843719482,1.5234490633010864
A11,1.4110239744186401,1.4696228504180908,1.2843780517578125,0.9266064763069153,0.8317432403564453,0.595955491065979,0.5468333959579468,0.7480370998382568,0.6922173500061035,0.3834408223628998,0.0,0.375656396150589,0.6499294638633728,0.9748761057853699,1.2305095195770264,2.4469006061553955,2.4788429737091064,2.1932339668273926,1.9181864261627197,1.840206265449524,1.6795947551727295,1.4274873733520508,1.4743655920028687,1.2263027429580688,1.172345519065857,1.1302704811096191,1.4148539304733276,1.4477506875991821,1.7653402090072632,1.9752486944198608,2.2018439769744873,2.08788800239563,1.7439943552017212,1.6248207092285156,1.418863296508789,1.4563738107681274,1.1573766469955444,1.2982033491134644,1.421104073524475,1.4978232383728027,1.3644660711288452,1.4067100286483765,1.171984314918518,1.4470239877700806,1.3726128339767456,1.3005273342132568,1.3813968896865845,1.0874696969985962,0.8394815325737,0.9074022173881531,0.9383881688117981,0.9102215766906738,1.2253049612045288,1.2380608320236206,0.9870641231536865,0.6183242201805115,0.5243963003158569,0.406678169965744,0.636741578578949,0.9109945893287659,2.150494337081909,1.9772127866744995,1.7115992307662964,1.521841287612915,1.2154902219772339,1.1224943399429321,0.7593840956687927,0.7587156891822815,0.9324793815612793,1.1123456954956055,1.1137256622314453,1.2206780910491943,1.1387243270874023,1.4770737886428833,1.4489244222640991
A12,1.0581330060958862,1.1037278175354004,0.9120460152626038,0.552405059337616,0.5271692872047424,0.4404197335243225,0.5808759331703186,0.9037269353866577,0.9870584607124329,0.7059382200241089,0.375656396150589,0.0,0.3802354633808136,0.632544219493866,0.9038068652153015,2.6980347633361816,2.6835858821868896,2.3921046257019043,2.1274685859680176,1.9899144172668457,1.8184847831726074,1.5086874961853027,1.4888722896575928,1.248538613319397,1.305363655090332,1.3309526443481445,1.6278554201126099,1.6400973796844482,1.983249545097351,2.1412744522094727,2.1086628437042236,1.9341614246368408,1.6142863035202026,1.5303566455841064,1.2721138000488281,1.3406018018722534,1.0640027523040771,1.1994582414627075,1.4221997261047363,1.5194275379180908,1.4059501886367798,1.394628882408142,1.158969521522522,1.4103481769561768,1.2656164169311523,1.4007773399353027,1.5442304611206055,1.3182867765426636,1.0071443319320679,1.080909013748169,0.9964052438735962,0.9868667125701904,1.234104037284851,1.1419485807418823,0.8322129845619202,0.4975922107696533,0.5619994401931763,0.6827386617660522,0.9058746099472046,1.2305344343185425,2.468555212020874,2.3088741302490234,2.016655445098877,1.8397058248519897,1.560895323753357,1.4783381223678589,1.1099326610565186,1.0857635736465454,1.1724724769592285,1.371993064880371,1.3774372339248657,1.5184520483016968,1.4080846309661865,1.7431693077087402,1.709817886352539
A13,1.0759608745574951,1.0640079975128174,0.761807382106781,0.512157678604126,0.5055869221687317,0.6377565264701843,0.6874135136604309,1.05845046043396,1.201020359992981,0.9899200797080994,0.6499294638633728,0.3802354633808136,0.0,0.38697943091392517,0.5959055423736572,2.6353282928466797,2.570366859436035,2.2941553592681885,2.030137538909912,1.8304693698883057,1.639310359954834,1.2916287183761597,1.2125133275985718,1.004242181777954,1.155013918876648,1.2399952411651611,1.539178490638733,1.5588204860687256,1.9275801181793213,2.0442025661468506,1.940687894821167,1.759790062904358,1.4868879318237305,1.3565723896026611,1.0399144887924194,1.0477584600448608,0.7599859237670898,0.8585202693939209,1.1386513710021973,1.2562623023986816,1.1967287063598633,1.1964529752731323,1.0413060188293457,1.327673077583313,1.21788489818573,1.6461317539215088,1.7482761144638062,1.5458201169967651,1.201154351234436,1.167022466659546,0.9648705720901489,0.8699676990509033,1.011098027229309,0.8253579139709473,0.5359280109405518,0.3613169491291046,0.6607607007026672,0.8682712912559509,1.1751705408096313,1.4626069068908691,2.505608081817627,2.395007371902466,2.0710840225219727,1.8893656730651855,1.6726405620574951,1.606354832649231,1.2539077997207642,1.2882381677627563,1.2956573963165283,1.4301050901412964,1.3811581134796143,1.5379453897476196,1.4018343687057495,1.7300827503204346,1.735694408416748
A14,0.7930409908294678,0.7997671365737915,0.46560588479042053,0.36595290899276733,0.591485857963562,0.8621768951416016,1.021965503692627,1.3975423574447632,1.5624804496765137,1.3248863220214844,0.9748761057853699,0.632544219493866,0.38697943091392517,0.0,0.37976840138435364,2.98565673828125,2.897958755493164,2.6308724880218506,2.370771646499634,2.139251708984375,1.9321367740631104,1.5687006711959839,1.4174120426177979,1.2116410732269287,1.435388445854187,1.5800538063049316,1.8857214450836182,1.9117926359176636,2.28489089012146,2.375488519668579,2.0778064727783203,1.8377981185913086,1.6135083436965942,1.5281577110290527,1.1787972450256348,1.2003055810928345,0.9692597985267639,0.9963064193725586,1.3383625745773315,1.493224024772644,1.4796264171600342,1.4506629705429077,1.3188296556472778,1.559155821800232,1.3928968906402588,1.7381161451339722,1.885453462600708,1.7504440546035767,1.3849282264709473,1.377187728881836,1.1240490674972534,1.1018857955932617,1.1740295886993408,0.9224345684051514,0.6065932512283325,0.5878859758377075,0.8701539635658264,1.1657195091247559,1.4261337518692017,1.7441794872283936,2.835536241531372,2.717419385910034,2.3784782886505127,2.2283143997192383,2.021071672439575,1.9808741807937622,1.6314620971679688,1.6586071252822876,1.6653629541397095,1.812105655670166,1.7601969242095947,1.9062752723693848,1.7382997274398804,2.039638042449951,2.012777328491211
A15,0.9579397439956665,0.8094848990440369,0.43353649973869324,0.5601086616516113,0.6436804533004761,0.9938884973526001,1.1138519048690796,1.4808217287063599,1.71674644947052,1.5435949563980103,1.2305095195770264,0.9038068652153015,0.5959055423736572,0.37976840138435364,0.0,2.9949355125427246,2.8596608638763428,2.587465286254883,2.362185478210449,2.09348201751709,1.921014666557312,1.5394439697265625,1.3869352340698242,1.2808040380477905,1.5464814901351929,1.6714515686035156,1.9319267272949219,1.9100149869918823,2.275665760040283,2.304903030395508,1.8068846464157104,1.5449342727661133,1.377134084701538,1.2994651794433594,0.9363433718681335,0.9750009179115295,0.8516439199447632,0.9154725074768066,1.3084115982055664,1.408014178276062,1.3865138292312622,1.2989823818206787,1.2111825942993164,1.4084488153457642,1.2471978664398193,2.114818572998047,2.2504425048828125,2.0974068641662598,1.7349900007247925,1.6902782917022705,1.4149028062820435,1.3124014139175415,1.3026981353759766,0.965581476688385,0.7697353959083557,0.8652993440628052,1.198486566543579,1.4579030275344849,1.7515769004821777,2.051497459411621,3.014849901199341,2.9389710426330566,2.5992469787597656,2.417732000350952,2.237346887588501,2.1625583171844482,1.8142586946487427,1.822052001953125,1.7466660737991333,1.879597783088684,1.8449769020080566,2.0385940074920654,1.9072377681732178,2.219315528869629,2.246316432952881
B1,3.7010552883148193,3.6250252723693848,3.3223483562469482,3.107030153274536,2.8629047870635986,2.7119593620300293,2.332385540008545,2.1929194927215576,2.085721015930176,2.339418649673462,2.4469006061553955,2.6980347633361816,2.6353282928466797,2.98565673828125,2.9949355125427246,0.0,0.40162986516952515,0.568876326084137,0.6378616690635681,0.9758475422859192,1.1999601125717163,1.533698320388794,1.85932457447052,2.0333011150360107,1.7587422132492065,1.4693697690963745,1.1142886877059937,1.1190885305404663,0.8299269676208496,0.9717561602592468,2.5880420207977295,2.844590425491333,2.671309232711792,2.3566036224365234,2.431591510772705,2.240889310836792,2.1699697971343994,2.2406833171844482,1.9184634685516357,1.7134572267532349,1.6620333194732666,1.9019346237182617,2.0689141750335693,2.264784574508667,2.6004397869110107,3.3116707801818848,3.099411725997925,2.7778995037078857,2.746720314025879,2.493482828140259,2.5377135276794434,2.221099376678467,2.2316436767578125,2.389652729034424,2.5885558128356934,2.559026002883911,2.606541156768799,2.370668649673462,2.5981147289276123,2.4147751331329346,1.4406031370162964,1.7503782510757446,1.7527751922607422,1.4759151935577393,1.6895854473114014,1.5783780813217163,1.794782042503357,1.9725871086120605,1.8517711162567139,1.4890837669372559,1.3367503881454468,1.3023306131362915,1.5702275037765503,1.5684734582901,1.938493013381958
B2,3.636253595352173,3.52963924407959,3.2135329246520996,3.0373761653900146,2.788358449935913,2.684553623199463,2.307094097137451,2.204627513885498,2.1650707721710205,2.4117496013641357,2.4788429737091064,2.6835858821868896,2.570366859436035,2.897958755493164,2.8596608638763428,0.40162986516952515,0.0,0.3835812211036682,0.5610958933830261,0.7761292457580566,1.0609540939331055,1.3846884965896606,1.7021896839141846,1.943006157875061,1.7283179759979248,1.4662705659866333,1.1041607856750488,1.0602449178695679,0.8052442669868469,0.800905704498291,2.345266819000244,2.6170363426208496,2.4888312816619873,2.158953905105591,2.24387526512146,2.031754970550537,2.012354612350464,2.0794942378997803,1.7648656368255615,1.5200740098953247,1.487189769744873,1.7153210639953613,1.9407508373260498,2.123551607131958,2.477599859237671,3.432023048400879,3.2410504817962646,2.9246137142181396,2.8431403636932373,2.5737857818603516,2.5600407123565674,2.211961507797241,2.1673331260681152,2.272813320159912,2.5060653686523438,2.5251495838165283,2.6291491985321045,2.4382989406585693,2.7108943462371826,2.5743846893310547,1.7265262603759766,2.0316321849823,1.9699156284332275,1.684383511543274,1.8841546773910522,1.7609930038452148,1.908186435699463,2.075577974319458,1.8974758386611938,1.5436757802963257,1.3902058601379395,1.42507803440094,1.6635992527008057,1.7018078565597534,2.083449363708496
B3,3.3445518016815186,3.22210693359375,2.922029733657837,2.7401349544525146,2.468999147415161,2.354290723800659,1.975256323814392,1.8549158573150635,1.8435218334197998,2.108747720718384,2.1932339668273926,2.3921046257019043,2.2941553592681885,2.6308724880218506,2.587465286254883,0.568876326084137,0.3835812211036682,0.0,0.3676970303058624,0.6047500967979431,0.9486717581748962,1.2008144855499268,1.5581473112106323,1.788810133934021,1.5818166732788086,1.2735615968704224,0.906895101070404,0.7526260018348694,0.4611242413520813,0.4281670153141022,2.0245211124420166,2.2906947135925293,2.1402623653411865,1.8236616849899292,1.9299815893173218,1.7577636241912842,1.7512180805206299,1.8755667209625244,1.6089891195297241,1.3273019790649414,1.211311936378479,1.3997540473937988,1.5948853492736816,1.7600932121276855,2.114865303039551,3.226911783218384,3.0718271732330322,2.737290620803833,2.6398792266845703,2.401052236557007,2.387770414352417,2.036651134490967,2.025644540786743,2.095731496810913,2.2942097187042236,2.284186601638794,2.396989583969116,2.199585199356079,2.4767837524414062,2.3724205493927,1.7717983722686768,2.0180678367614746,1.93180513381958,1.6028488874435425,1.7295708656311035,1.5462440252304077,1.6452481746673584,1.7683080434799194,1.5527446269989014,1.213804841041565,1.1172699928283691,1.2356404066085815,1.5142256021499634,1.6354475021362305,2.0092337131500244
B4,3.0977582931518555,3.0085859298706055,2.6980438232421875,2.5004756450653076,2.258920669555664,2.143484354019165,1.7674331665039062,1.6841949224472046,1.6374669075012207,1.863089680671692,1.9181864261627197,2.1274685859680176,2.030137538909912,2.370771646499634,2.362185478210449,0.6378616690635681,0.5610958933830261,0.3676970303058624,0.0,0.38575291633605957,0.6435349583625793,0.922397792339325,1.2757843732833862,1.467076063156128,1.2322635650634766,0.9287047386169434,0.5590012669563293,0.5226768255233765,0.3791305124759674,0.5658388137817383,2.076094388961792,2.288924217224121,2.1060564517974854,1.7743476629257202,1.8120217323303223,1.6105409860610962,1.5328655242919922,1.6204055547714233,1.3272055387496948,1.0960733890533447,1.0264015197753906,1.2867594957351685,1.4714123010635376,1.7076008319854736,2.0323562622070312,2.8978421688079834,2.7301206588745117,2.406383991241455,2.30574893951416,2.0510478019714355,2.0393946170806885,1.693120002746582,1.6907751560211182,1.7979037761688232,1.9934849739074707,1.9810600280761719,2.0774145126342773,1.8845279216766357,2.1667394638061523,2.057021379470825,1.5011478662490845,1.7264139652252197,1.6005827188491821,1.2754297256469727,1.4132134914398193,1.2703144550323486,1.3704993724822998,1.551579236984253,1.3899611234664917,1.0327476263046265,0.8393321633338928,0.9098928570747375,1.158072590827942,1.2770754098892212,1.6504907608032227
B5,2.8940484523773193,2.7900078296661377,2.4596357345581055,2.3019790649414062,2.0769412517547607,2.023087978363037,1.6646192073822021,1.6572295427322388,1.6752452850341797,1.8556855916976929,1.840206265449524,1.9899144172668457,1.8304693698883057,2.139251708984375,2.09348201751709,0.9758475422859192,0.7761292457580566,0.6047500967979431,0.38575291633605957,0.0,0.37627363204956055,0.6178761720657349,0.9577837586402893,1.2158890962600708,1.062844157218933,0.8333398103713989,0.537794828414917,0.5141386389732361,0.6002280712127686,0.6378401517868042,1.8750191926956177,2.0631299018859863,1.912358283996582,1.5555768013000488,1.5541843175888062,1.3039876222610474,1.246151328086853,1.3056025505065918,1.012369990348816,0.7508208155632019,0.7467049956321716,1.042871356010437,1.2986866235733032,1.5612977743148804,1.879832148551941,2.863924503326416,2.7172305583953857,2.4141297340393066,2.2574374675750732,1.9841339588165283,1.9028104543685913,1.5310180187225342,1.4627201557159424,1.5166685581207275,1.750479817390442,1.799163579940796,1.9551705121994019,1.8286844491958618,2.1560354232788086,2.1011953353881836,1.7130093574523926,1.9165384769439697,1.720046043395996,1.4163322448730469,1.5353875160217285,1.4172277450561523,1.4298940896987915,1.6172364950180054,1.4310343265533447,1.114371657371521,0.8933835029602051,1.0119662284851074,1.1659640073776245,1.3200716972351074,1.6763734817504883
B6,2.706008195877075,2.641709089279175,2.2952880859375,2.135228157043457,1.9620639085769653,1.9295459985733032,1.5965029001235962,1.6552057266235352,1.645584225654602,1.755859613418579,1.6795947551727295,1.8184847831726074,1.639310359954834,1.9321367740631104,1.921014666557312,1.1999601125717163,1.0609540939331055,0.9486717581748962,0.6435349583625793,0.37627363204956055,0.0,0.3837927281856537,0.6604288220405579,0.8863565921783447,0.7315360903739929,0.6033933162689209,0.44915783405303955,0.6453168988227844,0.864799976348877,0.9857260584831238,2.038878917694092,2.165149688720703,1.9992908239364624,1.639615535736084,1.5492311716079712,1.2566403150558472,1.1079089641571045,1.075364112854004,0.7230657339096069,0.583538293838501,0.7325267791748047,1.0962334871292114,1.3373591899871826,1.66197669506073,1.9308371543884277,2.609914541244507,2.448359966278076,2.174172878265381,2.00104022026062,1.6971408128738403,1.5900037288665771,1.2188447713851929,1.1192190647125244,1.2195510864257812,1.4746274948120117,1.5527236461639404,1.70380699634552,1.613802194595337,1.952258586883545,1.9034284353256226,1.5868333578109741,1.7604790925979614,1.5071614980697632,1.2472271919250488,1.3805323839187622,1.3412641286849976,1.3354021310806274,1.5845879316329956,1.469147801399231,1.1758257150650024,0.8669854998588562,0.9030663967132568,0.9326302409172058,1.0660972595214844,1.3985430002212524
B7,2.346740484237671,2.2698354721069336,1.9193432331085205,1.7774251699447632,1.6116381883621216,1.6203495264053345,1.3146827220916748,1.4396077394485474,1.4906233549118042,1.5569859743118286,1.4274873733520508,1.5086874961853027,1.2916287183761597,1.5687006711959839,1.5394439697265625,1.533698320388794,1.3846884965896606,1.2008144855499268,0.922397792339325,0.6178761720657349,0.3837927281856537,0.0,0.38163042068481445,0.6287831664085388,0.5977980494499207,0.5428032875061035,0.5807985067367554,0.6883831024169922,1.0187222957611084,1.1025336980819702,1.8155419826507568,1.8855341672897339,1.7121111154556274,1.3589863777160645,1.2122421264648438,0.9104116559028625,0.7276384234428406,0.7086213231086731,0.41704127192497253,0.2520962357521057,0.45324915647506714,0.8228887915611267,1.0571281909942627,1.4080500602722168,1.6368017196655273,2.431614875793457,2.3195316791534424,2.0527079105377197,1.826503038406372,1.5466394424438477,1.3856133222579956,1.002675175666809,0.8922874331474304,0.9000924825668335,1.1435660123825073,1.242724061012268,1.449663519859314,1.416104793548584,1.7848069667816162,1.809018611907959,1.8275346755981445,1.93303382396698,1.6390905380249023,1.3819786310195923,1.4241279363632202,1.3637030124664307,1.2496390342712402,1.4641481637954712,1.3337805271148682,1.117836833000183,0.85139000415802,0.972865879535675,0.9477437138557434,1.1756386756896973,1.444397211074829
B8,2.210263967514038,2.158700704574585,1.7880618572235107,1.6880143880844116,1.5961623191833496,1.672615647315979,1.4320203065872192,1.6365824937820435,1.6973727941513062,1.6860904693603516,1.4743655920028687,1.4888722896575928,1.2125133275985718,1.4174120426177979,1.3869352340698242,1.85932457447052,1.7021896839141846,1.5581473112106323,1.2757843732833862,0.9577837586402893,0.6604288220405579,0.38163042068481445,0.0,0.38963866233825684,0.5731773972511292,0.7483873963356018,0.9063154458999634,1.0635473728179932,1.3987606763839722,1.4734728336334229,1.973304271697998,1.9842041730880737,1.837323784828186,1.4986180067062378,1.2691824436187744,0.927845299243927,0.6967140436172485,0.4799773097038269,0.07983696460723877,0.3564825654029846,0.7043683528900146,1.017478585243225,1.2432420253753662,1.6025865077972412,1.7731373310089111,2.3665149211883545,2.260239362716675,2.044588804244995,1.7793235778808594,1.4790717363357544,1.2402018308639526,0.8747289180755615,0.6396045088768005,0.6045325398445129,0.9246665835380554,1.1286952495574951,1.3734159469604492,1.434837818145752,1.8119670152664185,1.8727154731750488,1.9916331768035889,2.07271671295166,1.736769437789917,1.5453664064407349,1.589403510093689,1.5946860313415527,1.4511526823043823,1.68379545211792,1.597084403038025,1.4296103715896606,1.1543594598770142,1.2222304344177246,1.080299973487854,1.2671388387680054,1.466674566268921
B9,1.9859904050827026,1.9976316690444946,1.6370505094528198,1.4934762716293335,1.4601093530654907,1.5161802768707275,1.318158745765686,1.5555059909820557,1.565718173980713,1.481499433517456,1.2263027429580688,1.248538613319397,1.004242181777954,1.2116410732269287,1.2808040380477905,2.0333011150360107,1.943006157875061,1.788810133934021,1.467076063156128,1.2158890962600708,0.8863565921783447,0.6287831664085388,0.38963866233825684,0.0,0.37332630157470703,0.6936305165290833,0.9861869812011719,1.2004789113998413,1.5589967966079712,1.7049192190170288,2.190167188644409,2.1534149646759033,1.9589736461639404,1.6570335626602173,1.3842947483062744,1.1021531820297241,0.7671565413475037,0.5228413343429565,0.3519313931465149,0.679490327835083,0.9205958843231201,1.204795002937317,1.3277864456176758,1.7091835737228394,1.8176295757293701,1.9941627979278564,1.886946201324463,1.6939256191253662,1.4167423248291016,1.1107113361358643,0.8529950380325317,0.4984874725341797,0.2685830295085907,0.39137306809425354,0.6468527913093567,0.8261157870292664,1.0307568311691284,1.1258211135864258,1.4918015003204346,1.567896842956543,1.8963170051574707,1.9075623750686646,1.5446757078170776,1.3987805843353271,1.3974086046218872,1.4568969011306763,1.2899192571640015,1.5495554208755493,1.5494484901428223,1.4262100458145142,1.1392091512680054,1.1466920375823975,0.9078623652458191,1.1006816625595093,1.211609125137329
B10,2.1812758445739746,2.20715594291687,1.868737816810608,1.6645433902740479,1.5901318788528442,1.5566242933273315,1.3038259744644165,1.4640722274780273,1.3949787616729736,1.351963996887207,1.172345519065857,1.305363655090332,1.155013918876648,1.435388445854187,1.5464814901351929,1.7587422132492065,1.7283179759979248,1.5818166732788086,1.2322635650634766,1.062844157218933,0.7315360903739929,0.5977980494499207,0.5731773972511292,0.37332630157470703,0.0,0.39031779766082764,0.7110837697982788,0.9980273246765137,1.3304468393325806,1.544867753982544,2.289785385131836,2.2965004444122314,2.066955089569092,1.7591373920440674,1.5416717529296875,1.2885489463806152,0.959223210811615,0.8297504186630249,0.575431227684021,0.7718477249145508,0.9391911625862122,1.2622865438461304,1.3586034774780273,1.7440462112426758,1.8866162300109863,1.923325777053833,1.768419861793518,1.533492922782898,1.3209747076034546,0.9958115220069885,0.8608624935150146,0.5003917813301086,0.4937478005886078,0.7460429072380066,0.9075357913970947,0.9458261728286743,1.0398414134979248,1.0081579685211182,1.3508901596069336,1.3467388153076172,1.536718726158142,1.5515204668045044,1.2012406587600708,1.0300215482711792,1.0534144639968872,1.1317734718322754,1.0322070121765137,1.342577338218689,1.3809709548950195,1.2050647735595703,0.8688732385635376,0.8003644347190857,0.546159565448761,0.7467026114463806,0.911637544631958
B11,2.304258346557617,2.2937514781951904,1.976871132850647,1.742877721786499,1.5897538661956787,1.4892992973327637,1.1702316999435425,1.2377443313598633,1.15018892288208,1.2034542560577393,1.1302704811096191,1.3309526443481445,1.2399952411651611,1.5800538063049316,1.6714515686035156,1.4693697690963745,1.4662705659866333,1.2735615968704224,0.9287047386169434,0.8333398103713989,0.6033933162689209,0.5428032875061035,0.7483873963356018,0.6936305165290833,0.39031779766082764,0.0,0.37154436111450195,0.6453790664672852,0.969165027141571,1.2199087142944336,2.1254220008850098,2.1786389350891113,1.9255566596984863,1.6174662113189697,1.4743481874465942,1.2662017345428467,0.9864634871482849,0.9991410374641418,0.7604596614837646,0.7690207362174988,0.7892594337463379,1.1055247783660889,1.1782515048980713,1.5444399118423462,1.7317005395889282,2.0335006713867188,1.8880863189697266,1.5917198657989502,1.4263479709625244,1.1553047895431519,1.1144819259643555,0.774654746055603,0.861234188079834,1.0330709218978882,1.151452660560608,1.101339340209961,1.1703801155090332,1.0249409675598145,1.3516387939453125,1.3106045722961426,1.41554856300354,1.4526537656784058,1.1621373891830444,0.8849337100982666,0.8830109238624573,0.8540694117546082,0.7836580872535706,1.0800390243530273,1.077560544013977,0.845996618270874,0.4895331561565399,0.4788430333137512,0.42418819665908813,0.7285298705101013,0.9878158569335938
B12,2.6114161014556885,2.5650062561035156,2.2513020038604736,2.029271364212036,1.8292523622512817,1.7139641046524048,1.3572317361831665,1.3448686599731445,1.2682691812515259,1.4152504205703735,1.4148539304733276,1.6278554201126099,1.539178490638733,1.8857214450836182,1.9319267272949219,1.1142886877059937,1.1041607856750488,0.906895101070404,0.5590012669563293,0.537794828414917,0.44915783405303955,0.5807985067367554,0.9063154458999634,0.9861869812011719,0.7110837697982788,0.37154436111450195,0.0,0.38454288244247437,0.6341581344604492,0.9024549722671509,2.0631191730499268,2.183429002761841,1.9505751132965088,1.625335454940796,1.5609850883483887,1.352857232093811,1.1599856615066528,1.21819007396698,0.9407868385314941,0.8158398270606995,0.7809693217277527,1.099185824394226,1.2223591804504395,1.5455726385116577,1.7995587587356567,2.362020969390869,2.2051374912261963,1.8910917043685913,1.7620213031768799,1.502146601676941,1.4839117527008057,1.1435283422470093,1.1876379251480103,1.3286499977111816,1.4844040870666504,1.4470728635787964,1.5256129503250122,1.3469605445861816,1.6488369703292847,1.5685089826583862,1.3636103868484497,1.4835997819900513,1.2626796960830688,0.9383563995361328,1.0077697038650513,0.9096449017524719,0.9332799911499023,1.1845834255218506,1.1048318147659302,0.7843919992446899,0.4440672695636749,0.48700663447380066,0.6499536037445068,0.8662397861480713,1.2034912109375
B13,2.609935760498047,2.5117239952087402,2.2176713943481445,2.007882595062256,1.7493212223052979,1.6256722211837769,1.2485328912734985,1.1791410446166992,1.179572343826294,1.3984825611114502,1.4477506875991821,1.6400973796844482,1.5588204860687256,1.9117926359176636,1.9100149869918823,1.1190885305404663,1.0602449178695679,0.7526260018348694,0.5226768255233765,0.5141386389732361,0.6453168988227844,0.6883831024169922,1.0635473728179932,1.2004789113998413,0.9980273246765137,0.6453790664672852,0.38454288244247437,0.0,0.38299819827079773,0.5910739302635193,1.7492257356643677,1.9046181440353394,1.672390103340149,1.3573483228683472,1.3712046146392822,1.2216708660125732,1.1178892850875854,1.2834700345993042,1.0870625972747803,0.8454939126968384,0.6439791321754456,0.8703235387802124,0.9831563234329224,1.251007080078125,1.5456809997558594,2.5412709712982178,2.4309492111206055,2.093717575073242,1.9527796506881714,1.7428172826766968,1.7181572914123535,1.375388264656067,1.4287139177322388,1.4797441959381104,1.610217809677124,1.5537853240966797,1.667716383934021,1.4829310178756714,1.784946322441101,1.7444472312927246,1.6586999893188477,1.7734110355377197,1.5894012451171875,1.237175703048706,1.2358959913253784,1.0250436067581177,0.9905903935432434,1.1236969232559204,0.9225112795829773,0.6015073657035828,0.450612336397171,0.7103552222251892,0.9603784084320068,1.2248715162277222,1.5449445247650146
