,A1,A2,A3,A4,A5,A6,A7,A8,A9,A10,A11,A12,A13,A14,A15,B1,B2,B3,B4,B5,B6,B7,B8,B9,B10,B11,B12,B13,B14,B15,C1,C2,C3,C4,C5,C6,C7,C8,C9,C10,C11,C12,C13,C14,C15,D1,D2,D3,D4,D5,D6,D7,D8,D9,D10,D11,D12,D13,D14,D15,E1,E2,E3,E4,E5,E6,E7,E8,E9,E10,E11,E12,E13,E14,E15
A1,0.0,0.38051721453666687,0.5687268376350403,0.8804906606674194,1.1322157382965088,1.4519182443618774,1.7334513664245605,2.0130910873413086,2.3388497829437256,2.2291343212127686,2.1195130348205566,1.8548473119735718,1.5024808645248413,1.3354568481445312,1.0301907062530518,1.9475557804107666,1.9237191677093506,1.885683298110962,1.7322502136230469,2.044466972351074,1.9820319414138794,2.331148624420166,2.3737337589263916,2.579590082168579,2.4676966667175293,2.4225988388061523,2.2514302730560303,1.9603806734085083,2.131255626678467,1.8818320035934448,1.120962381362915,1.068778395652771,1.4041215181350708,1.4501186609268188,1.8134987354278564,2.022660732269287,2.3350636959075928,2.6224093437194824,2.844572067260742,2.5830588340759277,2.3679113388061523,2.0719857215881348,1.7697755098342896,1.6121399402618408,1.2394734621047974,1.3714545965194702,1.4392611980438232,1.1747841835021973,1.1846421957015991,1.2871664762496948,1.3166817426681519,1.6134430170059204,1.6340488195419312,1.9819676876068115,2.04268741607666,1.9863978624343872,1.9359428882598877,1.5993192195892334,1.7354620695114136,1.6181632280349731,1.0240585803985596,1.0656788349151611,0.7465062737464905,0.8504852056503296,0.9107352495193481,1.0641663074493408,1.3285549879074097,1.4327939748764038,1.8191630840301514,1.9194968938827515,1.7627334594726562,1.7409765720367432,1.4170818328857422,1.5078006982803345,1.4121612310409546
A2,0.38051721453666687,0.0,0.37647318840026855,0.6042482256889343,0.8664453625679016,1.1834102869033813,1.4540507793426514,1.7616753578186035,2.057050943374634,1.9084473848342896,1.7886849641799927,1.5028703212738037,1.1638894081115723,0.966134786605835,0.6583698391914368,1.8520183563232422,1.7628390789031982,1.7516841888427734,1.5583668947219849,1.877321720123291,1.8095719814300537,2.1510260105133057,2.225625991821289,2.40376877784729,2.245680570602417,2.17474102973938,1.9684146642684937,1.6946200132369995,1.8471341133117676,1.6003485918045044,1.1858174800872803,1.0133097171783447,1.3036171197891235,1.2599691152572632,1.609586477279663,1.7785351276397705,2.074721097946167,2.3605949878692627,2.548779010772705,2.2642054557800293,2.0406274795532227,1.7369678020477295,1.4636789560317993,1.3121466636657715,0.9608214497566223,1.4234548807144165,1.4040430784225464,1.1435514688491821,1.0356335639953613,1.1570407152175903,1.1043498516082764,1.424980878829956,1.4283915758132935,1.740814208984375,1.7793570756912231,1.6755704879760742,1.647369146347046,1.3250316381454468,1.5187575817108154,1.4266600608825684,1.0986406803131104,1.0014846324920654,0.6391751766204834,0.580539882183075,0.5956150889396667,0.6890935897827148,0.9766492247581482,1.0939340591430664,1.4695920944213867,1.5455857515335083,1.3877135515213013,1.3726341724395752,1.0599883794784546,1.1949541568756104,1.154217004776001
A3,0.5687268376350403,0.37647318840026855,0.0,0.37311211228370667,0.5649641752243042,0.8929762244224548,1.1657582521438599,1.448041319847107,1.7739911079406738,1.6807297468185425,1.6100687980651855,1.362586498260498,1.0205665826797485,0.8873419165611267,0.6959619522094727,1.5416553020477295,1.4840279817581177,1.5292912721633911,1.3987308740615845,1.7539573907852173,1.7632356882095337,2.119459867477417,2.2500972747802734,2.466219663619995,2.317692279815674,2.188518762588501,1.9525161981582642,1.6419597864151,1.7302148342132568,1.4297330379486084,0.9633793830871582,0.727817714214325,1.0412501096725464,1.0447841882705688,1.3619292974472046,1.5870411396026611,1.8574740886688232,2.1768534183502197,2.3867132663726807,2.1107375621795654,1.9438315629959106,1.6160144805908203,1.3351991176605225,1.1062687635421753,0.7538636326789856,1.3086096048355103,1.3237063884735107,1.1562386751174927,1.0687803030014038,1.2988181114196777,1.2934950590133667,1.6508569717407227,1.7035839557647705,1.9960031509399414,1.9759303331375122,1.8163268566131592,1.746353268623352,1.399735689163208,1.565158724784851,1.3906352519989014,1.342798113822937,1.254874587059021,0.9338417053222656,0.7885833382606506,0.8658367991447449,0.8084539771080017,1.1170170307159424,1.1340467929840088,1.4750699996948242,1.5328580141067505,1.4545003175735474,1.4530609846115112,1.149304986000061,1.3670166730880737,1.3145482540130615
A4,0.8804906606674194,0.6042482256889343,0.37311211228370667,0.0,0.3781644105911255,0.5993446707725525,0.919118344783783,1.1889187097549438,1.483977198600769,1.3622950315475464,1.2541561126708984,1.0246264934539795,0.6664425134658813,0.6224534511566162,0.4997052848339081,1.341638445854187,1.2074592113494873,1.2623828649520874,1.1006795167922974,1.456648588180542,1.4809856414794922,1.8275071382522583,1.9970277547836304,2.2066636085510254,2.0406153202056885,1.8738116025924683,1.6149775981903076,1.301883578300476,1.3637703657150269,1.0599437952041626,0.9817601442337036,0.6528945565223694,0.8451735973358154,0.7417020201683044,1.0427180528640747,1.232764482498169,1.500011920928955,1.813687801361084,2.014867067337036,1.7397962808609009,1.5761674642562866,1.250063419342041,0.9641841053962708,0.7405012845993042,0.3847992718219757,1.250927448272705,1.1786054372787476,1.0591803789138794,0.8885853886604309,1.1671143770217896,1.1460093259811401,1.517360806465149,1.6096662282943726,1.8644791841506958,1.7809250354766846,1.5760871171951294,1.4759976863861084,1.1317474842071533,1.300646185874939,1.1131423711776733,1.4101333618164062,1.24467134475708,0.9792508482933044,0.7146426439285278,0.8534066081047058,0.7151017189025879,1.0559183359146118,1.091964840888977,1.3699506521224976,1.3381575345993042,1.265818476676941,1.2152591943740845,0.9137005805969238,1.1762381792068481,1.1226143836975098
A5,1.1322157382965088,0.8664453625679016,0.5649641752243042,0.3781644105911255,0.0,0.3788442611694336,0.6012928485870361,0.9064623117446899,1.2201875448226929,1.142878532409668,1.1434558629989624,0.930145800113678,0.6601800322532654,0.6115750670433044,0.701290488243103,1.3172225952148438,1.200493574142456,1.3635704517364502,1.2686551809310913,1.635360836982727,1.7201980352401733,2.052752733230591,2.268112897872925,2.474708318710327,2.28818941116333,2.076139211654663,1.7752090692520142,1.4744004011154175,1.4423532485961914,1.0939148664474487,1.1588528156280518,0.7943438291549683,0.9603962898254395,0.8771646022796631,1.0609009265899658,1.2749288082122803,1.4596797227859497,1.810840129852295,1.9863687753677368,1.6904151439666748,1.5952036380767822,1.2371816635131836,1.0290250778198242,0.6996827125549316,0.4964803159236908,1.5127298831939697,1.4653677940368652,1.4046555757522583,1.2353686094284058,1.5275472402572632,1.4793225526809692,1.8426321744918823,1.9090365171432495,2.1247670650482178,2.0337905883789062,1.778510570526123,1.7033594846725464,1.3943434953689575,1.5816638469696045,1.3792937994003296,1.7830922603607178,1.6153756380081177,1.3339741230010986,1.053652048110962,1.1066142320632935,0.8555606603622437,1.117542028427124,1.023091197013855,1.2440015077590942,1.235560417175293,1.275771141052246,1.3075450658798218,1.0883809328079224,1.413149118423462,1.4244210720062256
A6,1.4519182443618774,1.1834102869033813,0.8929762244224548,0.5993446707725525,0.3788442611694336,0.0,0.37138479948043823,0.5933257341384888,0.8911833167076111,0.8344799876213074,0.8381044268608093,0.7233222126960754,0.5192498564720154,0.6771015524864197,0.8691710829734802,1.0967549085617065,0.9170305728912354,1.134002447128296,1.0691008567810059,1.4193381071090698,1.5593737363815308,1.8669556379318237,2.131481647491455,2.343520402908325,2.159677028656006,1.8978352546691895,1.5804169178009033,1.2803255319595337,1.170162558555603,0.8000892996788025,1.229007601737976,0.8464881181716919,0.8532068729400635,0.7050742506980896,0.7642832398414612,0.964128851890564,1.1011041402816772,1.4643646478652954,1.6436059474945068,1.3652702569961548,1.326155185699463,0.9770358204841614,0.7925636768341064,0.4159751534461975,0.41999712586402893,1.521207332611084,1.4285911321640015,1.448318600654602,1.2600816488265991,1.5847609043121338,1.5547009706497192,1.9106571674346924,2.0221455097198486,2.202854633331299,2.0479423999786377,1.757638692855835,1.6396695375442505,1.3530337810516357,1.50225031375885,1.2698209285736084,1.962632656097412,1.768829584121704,1.5454422235488892,1.2308555841445923,1.336180329322815,1.0695878267288208,1.3231092691421509,1.2395517826080322,1.3692500591278076,1.2642395496368408,1.3381990194320679,1.3212738037109375,1.1390680074691772,1.4760793447494507,1.4711543321609497
A7,1.7334513664245605,1.4540507793426514,1.1657582521438599,0.919118344783783,0.6012928485870361,0.37138479948043823,0.0,0.3803565800189972,0.6416441798210144,0.6302249431610107,0.8039646744728088,0.7293350696563721,0.7086141705513,0.8155749440193176,1.1076892614364624,1.2906383275985718,1.1239110231399536,1.4051917791366577,1.373697280883789,1.6981593370437622,1.8579124212265015,2.1369991302490234,2.4252147674560547,2.6150386333465576,2.4050536155700684,2.118323564529419,1.7733135223388672,1.5173100233078003,1.3377925157546997,0.987099826335907,1.554885745048523,1.1794836521148682,1.1793063879013062,1.0420457124710083,0.9996814131736755,1.1552331447601318,1.1770533323287964,1.5428924560546875,1.6603729724884033,1.3607357740402222,1.3921442031860352,1.0437930822372437,0.9912973046302795,0.6326903700828552,0.770703911781311,1.8769521713256836,1.7896840572357178,1.8184778690338135,1.6162619590759277,1.926533579826355,1.8581829071044922,2.1989171504974365,2.277456283569336,2.418675422668457,2.266321897506714,1.9416546821594238,1.8627206087112427,1.624416708946228,1.8012317419052124,1.5929043292999268,2.3097586631774902,2.101541042327881,1.8601634502410889,1.532334804534912,1.5726468563079834,1.2494374513626099,1.4217112064361572,1.2508504390716553,1.2905088663101196,1.1946797370910645,1.372605562210083,1.4291985034942627,1.3341937065124512,1.6967556476593018,1.7524373531341553
A8,2.0130910873413086,1.7616753578186035,1.448041319847107,1.1889187097549438,0.9064623117446899,0.5933257341384888,0.3803565800189972,0.0,0.38920778036117554,0.5954234004020691,0.8305844664573669,0.9163493514060974,0.9458722472190857,1.1467297077178955,1.4255342483520508,1.117652416229248,0.9680880308151245,1.3085737228393555,1.3618595600128174,1.6540489196777344,1.8803578615188599,2.134535074234009,2.457422971725464,2.6692283153533936,2.487651824951172,2.1664743423461914,1.8327516317367554,1.5763005018234253,1.3330252170562744,0.9948732256889343,1.6256396770477295,1.2778942584991455,1.1871564388275146,1.0857278108596802,0.9122555255889893,1.0786298513412476,1.0089620351791382,1.3793346881866455,1.518581748008728,1.2813849449157715,1.4096531867980957,1.1138192415237427,1.0827891826629639,0.7622957229614258,0.9723407626152039,1.9259729385375977,1.8466403484344482,1.949474573135376,1.7782881259918213,2.115382432937622,2.09070086479187,2.429542064666748,2.549546718597412,2.685297727584839,2.492727041244507,2.162649154663086,2.039625406265259,1.8082988262176514,1.926178216934204,1.6780095100402832,2.5380406379699707,2.3429479598999023,2.135878801345825,1.8132859468460083,1.9019941091537476,1.5976359844207764,1.7856611013412476,1.6267683506011963,1.6385895013809204,1.5058188438415527,1.6913821697235107,1.7095155715942383,1.618039608001709,1.9666303396224976,1.9847869873046875
A9,2.3388497829437256,2.057050943374634,1.7739911079406738,1.483977198600769,1.2201875448226929,0.8911833167076111,0.6416441798210144,0.38920778036117554,0.0,0.3910037577152252,0.7201611995697021,0.912414014339447,1.0809099674224854,1.3040088415145874,1.6285563707351685,1.3690836429595947,1.162813425064087,1.491170048713684,1.5245850086212158,1.756195306777954,1.9803582429885864,2.18180775642395,2.5265417098999023,2.7015600204467773,2.497150182723999,2.150702476501465,1.8053425550460815,1.613399624824524,1.309263825416565,1.0457924604415894,1.9713228940963745,1.6225007772445679,1.4840681552886963,1.322091817855835,1.0842663049697876,1.1284348964691162,0.9399560689926147,1.2566624879837036,1.3077547550201416,1.0747876167297363,1.2817212343215942,1.0449637174606323,1.1412653923034668,0.9139808416366577,1.2195154428482056,2.216277599334717,2.0909557342529297,2.201880931854248,1.9942679405212402,2.309203624725342,2.2535314559936523,2.5630006790161133,2.6776463985443115,2.761864185333252,2.5424652099609375,2.186582326889038,2.0769388675689697,1.9088839292526245,2.0322060585021973,1.823387622833252,2.7984020709991455,2.567906141281128,2.382615566253662,2.0368659496307373,2.1086642742156982,1.7854059934616089,1.9286205768585205,1.7708168029785156,1.698540449142456,1.5089185237884521,1.7294334173202515,1.74578058719635,1.7272547483444214,2.070002317428589,2.12079119682312
A10,2.2291343212127686,1.9084473848342896,1.6807297468185425,1.3622950315475464,1.142878532409668,0.8344799876213074,0.6302249431610107,0.5954234004020691,0.3910037577152252,0.0,0.39687103033065796,0.5693333745002747,0.8302594423294067,1.0445352792739868,1.3918644189834595,1.529834270477295,1.2524876594543457,1.515814185142517,1.451277494430542,1.670174479484558,1.8286035060882568,2.017803430557251,2.344731569290161,2.4761433601379395,2.2327206134796143,1.8996294736862183,1.535050630569458,1.3840694427490234,1.0974349975585938,0.8719053864479065,2.0027055740356445,1.6337593793869019,1.5086058378219604,1.2634434700012207,1.0864806175231934,1.038997769355774,0.8972447514533997,1.1823571920394897,1.171667218208313,0.8525862693786621,0.9866611361503601,0.726543664932251,0.9014256000518799,0.7383524775505066,1.0821226835250854,2.2016663551330566,2.0253372192382812,2.0858490467071533,1.8257125616073608,2.100477933883667,1.994624376296997,2.279409170150757,2.3703222274780273,2.422442674636841,2.204927682876587,1.8372572660446167,1.7597748041152954,1.6321253776550293,1.799015998840332,1.6523524522781372,2.6228628158569336,2.354357957839966,2.1778225898742676,1.8146096467971802,1.859381914138794,1.5304151773452759,1.644463300704956,1.5224244594573975,1.4202656745910645,1.1773076057434082,1.3824752569198608,1.3887207508087158,1.415010929107666,1.751855492591858,1.8421382904052734
A11,2.1195130348205566,1.7886849641799927,1.6100687980651855,1.2541561126708984,1.1434558629989624,0.8381044268608093,0.8039646744728088,0.8305844664573669,0.7201611995697021,0.39687103033065796,0.0,0.36097949743270874,0.6282913088798523,0.9161680340766907,1.2151610851287842,1.4997648000717163,1.159737467765808,1.3361138105392456,1.1934407949447632,1.3741997480392456,1.4864747524261475,1.6579610109329224,1.9751555919647217,2.087644577026367,1.836794137954712,1.5065231323242188,1.1394484043121338,1.0053194761276245,0.7291519045829773,0.5621883869171143,1.9047155380249023,1.548149585723877,1.3884562253952026,1.0737723112106323,0.9304131865501404,0.7764557003974915,0.7068444490432739,0.9491338133811951,0.9459844827651978,0.590381920337677,0.617041826248169,0.33221670985221863,0.558047890663147,0.5514808297157288,0.9232235550880432,2.014068841934204,1.7843496799468994,1.831287145614624,1.5432746410369873,1.7902119159698486,1.6806646585464478,1.9431596994400024,2.059506893157959,2.1014773845672607,1.854009985923767,1.49221932888031,1.385242223739624,1.278574824333191,1.4348173141479492,1.3247958421707153,2.3684535026550293,2.0783748626708984,1.9485270977020264,1.5840750932693481,1.6665221452713013,1.381670594215393,1.5263975858688354,1.4996798038482666,1.4331705570220947,1.1320818662643433,1.2321124076843262,1.139212727546692,1.1513702869415283,1.4518160820007324,1.5191110372543335
A12,1.8548473119735718,1.5028703212738037,1.362586498260498,1.0246264934539795,0.930145800113678,0.7233222126960754,0.7293350696563721,0.9163493514060974,0.912414014339447,0.5693333745002747,0.36097949743270874,0.0,0.37697896361351013,0.5767073035240173,0.9013093113899231,1.608979344367981,1.2932488918304443,1.4412262439727783,1.2453449964523315,1.474375605583191,1.5228829383850098,1.7344285249710083,2.0057225227355957,2.1052308082580566,1.8305394649505615,1.5508008003234863,1.1805269718170166,1.030738115310669,0.8717974424362183,0.6706015467643738,1.8205077648162842,1.451798677444458,1.3745818138122559,1.0556663274765015,1.0415480136871338,0.9493899345397949,0.9993416666984558,1.2512668371200562,1.262879729270935,0.8949275016784668,0.779524564743042,0.42389142513275146,0.5443946719169617,0.4811933636665344,0.7604267001152039,1.9605869054794312,1.7395113706588745,1.714504599571228,1.4017096757888794,1.6217998266220093,1.463611125946045,1.7353774309158325,1.8048192262649536,1.8597471714019775,1.660959243774414,1.2997163534164429,1.2498266696929932,1.121651530265808,1.3551068305969238,1.2828662395477295,2.1509666442871094,1.8502683639526367,1.683337688446045,1.3115943670272827,1.3430041074752808,1.037392258644104,1.166094183921814,1.1483049392700195,1.1079416275024414,0.8207995295524597,0.8978461027145386,0.8395678400993347,0.8493441343307495,1.1841068267822266,1.3008577823638916
A13,1.5024808645248413,1.1638894081115723,1.0205665826797485,0.6664425134658813,0.6601800322532654,0.5192498564720154,0.7086141705513,0.9458722472190857,1.0809099674224854,0.8302594423294067,0.6282913088798523,0.37697896361351013,0.0,0.3730635941028595,0.6017248034477234,1.4218344688415527,1.1348644495010376,1.2375208139419556,1.0193015336990356,1.303399682044983,1.3357762098312378,1.6065629720687866,1.847758412361145,1.9905941486358643,1.7516597509384155,1.5080127716064453,1.1712321043014526,0.9307579398155212,0.8766700029373169,0.6039626598358154,1.477075219154358,1.1154041290283203,1.0796061754226685,0.7705761790275574,0.8786913156509399,0.8769999146461487,1.056082010269165,1.338996171951294,1.4475531578063965,1.1249163150787354,0.959635317325592,0.6080783605575562,0.4482997953891754,0.2931371331214905,0.4041665196418762,1.6224263906478882,1.4196281433105469,1.3690792322158813,1.0710538625717163,1.3184771537780762,1.1987793445587158,1.5163248777389526,1.6113989353179932,1.740560531616211,1.564862847328186,1.251602292060852,1.160027265548706,0.9270185828208923,1.1504992246627808,1.0342320203781128,1.8065730333328247,1.5305038690567017,1.3504987955093384,0.9860718846321106,1.0726817846298218,0.8070130944252014,1.0403953790664673,1.0725293159484863,1.1648677587509155,0.9577624797821045,0.9368174076080322,0.836050271987915,0.6809350252151489,1.0210102796554565,1.0682177543640137
A14,1.3354568481445312,0.966134786605835,0.8873419165611267,0.6224534511566162,0.6115750670433044,0.6771015524864197,0.8155749440193176,1.1467297077178955,1.3040088415145874,1.0445352792739868,0.9161680340766907,0.5767073035240173,0.3730635941028595,0.0,0.38335680961608887,1.6960042715072632,1.4535503387451172,1.5520687103271484,1.3257310390472412,1.6207720041275024,1.604848027229309,1.8840850591659546,2.0794267654418945,2.1956357955932617,1.9353713989257812,1.7436636686325073,1.4195061922073364,1.2132556438446045,1.216110348701477,0.9736077785491943,1.5802574157714844,1.2264480590820312,1.2985130548477173,1.041951298713684,1.2155941724777222,1.2458515167236328,1.4251787662506104,1.7040596008300781,1.7829687595367432,1.436504602432251,1.2427868843078613,0.9018636345863342,0.7952423095703125,0.6445527672767639,0.5881211161613464,1.7764796018600464,1.6055022478103638,1.4765413999557495,1.1765823364257812,1.3661547899246216,1.1800076961517334,1.4886738061904907,1.4998608827590942,1.6350194215774536,1.5392967462539673,1.2442632913589478,1.2469037771224976,1.0295220613479614,1.3228135108947754,1.2637858390808105,1.7489312887191772,1.4697707891464233,1.2239692211151123,0.8652608394622803,0.8250126838684082,0.487930029630661,0.6869242787361145,0.7074381709098816,0.8567506670951843,0.7332227230072021,0.6906592845916748,0.702496349811554,0.5586833357810974,0.9252569675445557,1.05946683883667
A15,1.0301907062530518,0.6583698391914368,0.6959619522094727,0.4997052848339081,0.701290488243103,0.8691710829734802,1.1076892614364624,1.4255342483520508,1.6285563707351685,1.3918644189834595,1.2151610851287842,0.9013093113899231,0.6017248034477234,0.38335680961608887,0.0,1.74727463722229,1.5323528051376343,1.55161714553833,1.2906579971313477,1.5822105407714844,1.5070133209228516,1.8084288835525513,1.9433414936065674,2.0679802894592285,1.8354109525680542,1.7077555656433105,1.4396086931228638,1.2130703926086426,1.3240429162979126,1.1120229959487915,1.4231210947036743,1.1224440336227417,1.2490894794464111,1.025067687034607,1.3017524480819702,1.3549305200576782,1.6117438077926636,1.8707901239395142,1.9922202825546265,1.6772990226745605,1.431856393814087,1.129770278930664,0.9242262244224548,0.8379996418952942,0.6135120391845703,1.5754907131195068,1.4117228984832764,1.2102608680725098,0.9210327863693237,1.0652910470962524,0.8825688362121582,1.210135817527771,1.2234746217727661,1.4300545454025269,1.377427339553833,1.1616383790969849,1.1515854597091675,0.8786444664001465,1.166796326637268,1.1320289373397827,1.3772364854812622,1.1053624153137207,0.8417609930038452,0.4903371036052704,0.4836987257003784,0.2808409631252289,0.6329106688499451,0.800215482711792,1.066369652748108,1.0033930540084839,0.8282131552696228,0.7609588503837585,0.46042683720588684,0.7372958064079285,0.8087592124938965
B1,1.9475557804107666,1.8520183563232422,1.5416553020477295,1.341638445854187,1.3172225952148438,1.0967549085617065,1.2906383275985718,1.117652416229248,1.3690836429595947,1.529834270477295,1.4997648000717163,1.608979344367981,1.4218344688415527,1.6960042715072632,1.74727463722229,0.0,0.38780826330184937,0.5842359662055969,0.9084761738777161,1.1480519771575928,1.4726148843765259,1.7449415922164917,2.029026985168457,2.363921880722046,2.3477275371551514,2.0725979804992676,1.8853073120117188,1.5416938066482544,1.4259275197982788,1.1570168733596802,0.9929753541946411,0.8795339465141296,0.5960973501205444,0.8040936589241028,0.6529597640037537,0.9975515007972717,1.1169196367263794,1.3998087644577026,1.7572015523910522,1.710776925086975,1.783246397972107,1.5940146446228027,1.3326627016067505,1.1586790084838867,1.1471481323242188,1.1514880657196045,1.183616042137146,1.4619660377502441,1.5001044273376465,1.875547170639038,2.055142641067505,2.3939878940582275,2.6429545879364014,2.873091459274292,2.648144006729126,2.428351879119873,2.167205810546875,1.8508120775222778,1.7606528997421265,1.3837040662765503,2.229752779006958,2.1622695922851562,2.0708680152893066,1.871266484260559,2.1395089626312256,2.0080225467681885,2.330838918685913,2.3081040382385254,2.4637556076049805,2.325916051864624,2.352951765060425,2.2256650924682617,1.978971004486084,2.2132351398468018,2.033853530883789
B2,1.9237191677093506,1.7628390789031982,1.4840279817581177,1.2074592113494873,1.200493574142456,0.9170305728912354,1.1239110231399536,0.9680880308151245,1.162813425064087,1.2524876594543457,1.159737467765808,1.2932488918304443,1.1348644495010376,1.4535503387451172,1.5323528051376343,0.38780826330184937,0.0,0.3789474368095398,0.6267961859703064,0.8721904158592224,1.1952484846115112,1.456181287765503,1.7695592641830444,2.07395076751709,2.0228567123413086,1.7257007360458374,1.516812801361084,1.1848549842834473,1.0413055419921875,0.7827197313308716,1.1159676313400269,0.9105894565582275,0.5647619962692261,0.5648706555366516,0.28643298149108887,0.6110180616378784,0.7539830803871155,1.0477981567382812,1.3988701105117798,1.3389755487442017,1.3978757858276367,1.2260621786117554,0.9757373929023743,0.8567211031913757,0.924029529094696,1.1939318180084229,1.1018238067626953,1.3548433780670166,1.30728018283844,1.6737600564956665,1.8142513036727905,2.1396961212158203,2.3886444568634033,2.5845017433166504,2.3356857299804688,2.0970075130462646,1.8335950374603271,1.545397162437439,1.4668309688568115,1.1105461120605469,2.1304101943969727,2.0017099380493164,1.9261770248413086,1.6832926273345947,1.9480210542678833,1.80047607421875,2.111833333969116,2.1148762702941895,2.2390007972717285,2.0559465885162354,2.070423126220703,1.9164345264434814,1.6950159072875977,1.9276202917099,1.7651121616363525
B3,1.885683298110962,1.7516841888427734,1.5292912721633911,1.2623828649520874,1.3635704517364502,1.134002447128296,1.4051917791366577,1.3085737228393555,1.491170048713684,1.515814185142517,1.3361138105392456,1.4412262439727783,1.2375208139419556,1.5520687103271484,1.55161714553833,0.5842359662055969,0.3789474368095398,0.0,0.37784823775291443,0.5661397576332092,0.894198477268219,1.162459373474121,1.4471606016159058,1.7807443141937256,1.7805677652359009,1.5200177431106567,1.3808565139770508,1.041334629058838,1.0004241466522217,0.8364666700363159,1.0466645956039429,0.9254664182662964,0.5444320440292358,0.534197986125946,0.43457841873168945,0.6290488243103027,0.8876319527626038,1.0832194089889526,1.4608733654022217,1.4400537014007568,1.4275661706924438,1.3085100650787354,1.0042599439620972,0.9981850981712341,0.9949098229408264,0.9480220675468445,0.8009950518608093,1.1018970012664795,1.0989844799041748,1.4441897869110107,1.6420084238052368,1.9421437978744507,2.231905698776245,2.442671537399292,2.183415412902832,1.9950183629989624,1.692724585533142,1.3987809419631958,1.240390658378601,0.8668131232261658,1.9156259298324585,1.805020809173584,1.7952853441238403,1.5950541496276855,1.909799575805664,1.8316481113433838,2.1654207706451416,2.2327628135681152,2.3869760036468506,2.191638946533203,2.1404271125793457,1.93120276927948,1.6762967109680176,1.843178629875183,1.618225336074829
B4,1.7322502136230469,1.5583668947219849,1.3987308740615845,1.1006795167922974,1.2686551809310913,1.0691008567810059,1.373697280883789,1.3618595600128174,1.5245850086212158,1.451277494430542,1.1934407949447632,1.2453449964523315,1.0193015336990356,1.3257310390472412,1.2906579971313477,0.9084761738777161,0.6267961859703064,0.37784823775291443,0.0,0.3796663284301758,0.5957023501396179,0.9129023551940918,1.1850231885910034,1.4889854192733765,1.4495359659194946,1.2052029371261597,1.058970332145691,0.7013990879058838,0.7550044655799866,0.6382506489753723,1.1051584482192993,0.9379450082778931,0.6230300068855286,0.40341636538505554,0.47717714309692383,0.5126533508300781,0.8741858601570129,1.0422579050064087,1.374494194984436,1.3048003911972046,1.1976478099822998,1.0851093530654907,0.7440887093544006,0.8380244970321655,0.8146975040435791,0.9480496644973755,0.6752980351448059,0.8879837989807129,0.7920495867729187,1.1173113584518433,1.288763165473938,1.5781797170639038,1.8696937561035156,2.0695338249206543,1.8060561418533325,1.6268514394760132,1.31979238986969,1.0248162746429443,0.8680346608161926,0.4995977282524109,1.6661046743392944,1.5047614574432373,1.5176774263381958,1.3018529415130615,1.6227916479110718,1.5694928169250488,1.8989474773406982,2.015470504760742,2.1720502376556396,1.9591145515441895,1.8593367338180542,1.6150851249694824,1.354305386543274,1.488488793373108,1.254931926727295
B5,2.044466972351074,1.877321720123291,1.7539573907852173,1.456648588180542,1.635360836982727,1.4193381071090698,1.6981593370437622,1.6540489196777344,1.756195306777954,1.670174479484558,1.3741997480392456,1.474375605583191,1.303399682044983,1.6207720041275024,1.5822105407714844,1.1480519771575928,0.8721904158592224,0.5661397576332092,0.3796663284301758,0.0,0.380454421043396,0.5968968272209167,0.9051860570907593,1.2252038717269897,1.247211217880249,1.0019365549087524,0.9557326436042786,0.6789473295211792,0.7643442749977112,0.8263723254203796,1.408333659172058,1.2958450317382812,0.9704482555389404,0.7819308638572693,0.7635980248451233,0.6399970054626465,0.9405374526977539,0.9624115228652954,1.2979545593261719,1.3218365907669067,1.2138657569885254,1.2165411710739136,0.9392657279968262,1.1347013711929321,1.164049506187439,1.1279908418655396,0.8140934705734253,1.0521585941314697,0.9754244685173035,1.215814471244812,1.407126784324646,1.6272568702697754,1.9560432434082031,2.122070789337158,1.8178399801254272,1.6719932556152344,1.326873540878296,1.1081503629684448,0.850730299949646,0.564780592918396,1.8131563663482666,1.6487880945205688,1.7372347116470337,1.5465457439422607,1.8771519660949707,1.852308988571167,2.166156053543091,2.3144168853759766,2.4473307132720947,2.1988821029663086,2.076223134994507,1.7889652252197266,1.5589016675949097,1.631044864654541,1.3727604150772095
B6,1.9820319414138794,1.8095719814300537,1.7632356882095337,1.4809856414794922,1.7201980352401733,1.5593737363815308,1.8579124212265015,1.8803578615188599,1.9803582429885864,1.8286035060882568,1.4864747524261475,1.5228829383850098,1.3357762098312378,1.604848027229309,1.5070133209228516,1.4726148843765259,1.1952484846115112,0.894198477268219,0.5957023501396179,0.380454421043396,0.0,0.3679584264755249,0.593944251537323,0.89871746301651,0.9183526635169983,0.7503982782363892,0.7867499589920044,0.5659420490264893,0.8228484988212585,0.9585019946098328,1.5288093090057373,1.4260005950927734,1.1707475185394287,0.9420996308326721,1.035108208656311,0.8727309703826904,1.1931394338607788,1.182094931602478,1.4461673498153687,1.4353266954421997,1.2286747694015503,1.2578452825546265,0.9831728935241699,1.245221734046936,1.2292752265930176,1.189631462097168,0.8184077143669128,0.9392929673194885,0.8151096105575562,0.9503726363182068,1.1373721361160278,1.3024650812149048,1.650362491607666,1.8090739250183105,1.5027103424072266,1.4129830598831177,1.0536290407180786,0.8653801083564758,0.5370168685913086,0.3874707818031311,1.5939338207244873,1.4013047218322754,1.5495256185531616,1.3893427848815918,1.7227717638015747,1.7562217712402344,2.0570740699768066,2.262956142425537,2.4080395698547363,2.1572492122650146,1.973222255706787,1.648477554321289,1.4143670797348022,1.40459406375885,1.114290714263916
B7,2.331148624420166,2.1510260105133057,2.119459867477417,1.8275071382522583,2.052752733230591,1.8669556379318237,2.1369991302490234,2.134535074234009,2.18180775642395,2.017803430557251,1.6579610109329224,1.7344285249710083,1.6065629720687866,1.8840850591659546,1.8084288835525513,1.7449415922164917,1.456181287765503,1.162459373474121,0.9129023551940918,0.5968968272209167,0.3679584264755249,0.0,0.3829529881477356,0.6473020911216736,0.7373009324073792,0.5803644061088562,0.7655829787254333,0.7144550085067749,0.935840368270874,1.1780314445495605,1.8834677934646606,1.787960171699524,1.5136858224868774,1.2800928354263306,1.3070755004882812,1.0718655586242676,1.3186858892440796,1.1960453987121582,1.4134092330932617,1.4762158393859863,1.277840495109558,1.4058350324630737,1.2103215456008911,1.5188877582550049,1.5569616556167603,1.5125930309295654,1.1500563621520996,1.2718086242675781,1.1504992246627808,1.2109394073486328,1.3653804063796997,1.4478323459625244,1.7993483543395996,1.8993550539016724,1.5585256814956665,1.4950799942016602,1.132978081703186,1.065163493156433,0.7314023375511169,0.7312089800834656,1.8607534170150757,1.65896475315094,1.8466145992279053,1.693213701248169,2.0076522827148438,2.0428693294525146,2.31610369682312,2.535618782043457,2.646822452545166,2.3648247718811035,2.1747424602508545,1.828363299369812,1.6462993621826172,1.596780776977539,1.3283283710479736
B8,2.3737337589263916,2.225625991821289,2.2500972747802734,1.9970277547836304,2.268112897872925,2.131481647491455,2.4252147674560547,2.457422971725464,2.5265417098999023,2.344731569290161,1.9751555919647217,2.0057225227355957,1.847758412361145,2.0794267654418945,1.9433414936065674,2.029026985168457,1.7695592641830444,1.4471606016159058,1.1850231885910034,0.9051860570907593,0.593944251537323,0.3829529881477356,0.0,0.3954683244228363,0.6461422443389893,0.7086718082427979,0.9887440204620361,0.981477677822113,1.268089771270752,1.4972087144851685,2.015265941619873,1.966070532798767,1.736001968383789,1.5286427736282349,1.6227822303771973,1.420732855796814,1.6910176277160645,1.5759632587432861,1.772223949432373,1.819869875907898,1.5802080631256104,1.7015175819396973,1.4922029972076416,1.798933744430542,1.7799128293991089,1.5828784704208374,1.2280795574188232,1.284640908241272,1.2035220861434937,1.1535700559616089,1.3339051008224487,1.3350797891616821,1.7029210329055786,1.8099077939987183,1.494442105293274,1.5286067724227905,1.182066559791565,1.145369291305542,0.7879639863967896,0.8913406729698181,1.7437812089920044,1.5682041645050049,1.822926640510559,1.7376326322555542,2.0557804107666016,2.1572372913360596,2.4251081943511963,2.6862435340881348,2.8239712715148926,2.5592222213745117,2.322688341140747,1.961413025856018,1.7654753923416138,1.6385711431503296,1.3372783660888672
B9,2.579590082168579,2.40376877784729,2.466219663619995,2.2066636085510254,2.474708318710327,2.343520402908325,2.6150386333465576,2.6692283153533936,2.7015600204467773,2.4761433601379395,2.087644577026367,2.1052308082580566,1.9905941486358643,2.1956357955932617,2.0679802894592285,2.363921880722046,2.07395076751709,1.7807443141937256,1.4889854192733765,1.2252038717269897,0.89871746301651,0.6473020911216736,0.3954683244228363,0.0,0.38898080587387085,0.6262893676757812,0.9828352928161621,1.1094201803207397,1.3982510566711426,1.6792396306991577,2.347367525100708,2.268324136734009,2.0558154582977295,1.8067643642425537,1.8963818550109863,1.6456291675567627,1.883256196975708,1.7295341491699219,1.8454371690750122,1.8867807388305664,1.6122523546218872,1.7834361791610718,1.6393275260925293,1.9825224876403809,1.9904950857162476,1.9376637935638428,1.5741825103759766,1.5718498229980469,1.432931900024414,1.3094290494918823,1.3993666172027588,1.3058595657348633,1.638782024383545,1.666957139968872,1.3380820751190186,1.4167400598526,1.112532615661621,1.2038220167160034,0.9143437743186951,1.1412522792816162,1.904941439628601,1.6871330738067627,1.9568159580230713,1.8676732778549194,2.140753984451294,2.2490811347961426,2.4716796875,2.7579185962677,2.8646328449249268,2.5822653770446777,2.3224987983703613,1.9479680061340332,1.8100733757019043,1.6304974555969238,1.3796405792236328
B10,2.4676966667175293,2.245680570602417,2.317692279815674,2.0406153202056885,2.28818941116333,2.159677028656006,2.4050536155700684,2.487651824951172,2.497150182723999,2.2327206134796143,1.836794137954712,1.8305394649505615,1.7516597509384155,1.9353713989257812,1.8354109525680542,2.3477275371551514,2.0228567123413086,1.7805677652359009,1.4495359659194946,1.247211217880249,0.9183526635169983,0.7373009324073792,0.6461422443389893,0.38898080587387085,0.0,0.3863776922225952,0.7073917984962463,0.9150974154472351,1.2042826414108276,1.4989110231399536,2.3431384563446045,2.2061500549316406,2.014139175415039,1.7149227857589722,1.8055280447006226,1.5253963470458984,1.7474836111068726,1.6121443510055542,1.6700743436813354,1.6540484428405762,1.3385024070739746,1.5151572227478027,1.4202064275741577,1.7814760208129883,1.8178972005844116,2.0055766105651855,1.6279957294464111,1.5819305181503296,1.3578721284866333,1.2335916757583618,1.219985842704773,1.1217936277389526,1.411873459815979,1.3867801427841187,1.0260053873062134,1.0630124807357788,0.7788863778114319,0.9585962295532227,0.76576828956604,1.0678921937942505,1.8813649415969849,1.5999345779418945,1.8255577087402344,1.6878230571746826,1.9154348373413086,1.9942355155944824,2.181697368621826,2.468442440032959,2.5450150966644287,2.2504897117614746,1.9878723621368408,1.612041711807251,1.5211193561553955,1.339539647102356,1.1526336669921875
B11,2.4225988388061523,2.17474102973938,2.188518762588501,1.8738116025924683,2.076139211654663,1.8978352546691895,2.118323564529419,2.1664743423461914,2.150702476501465,1.8996294736862183,1.5065231323242188,1.5508008003234863,1.5080127716064453,1.7436636686325073,1.7077555656433105,2.0725979804992676,1.7257007360458374,1.5200177431106567,1.2052029371261597,1.0019365549087524,0.7503982782363892,0.5803644061088562,0.7086718082427979,0.6262893676757812,0.3863776922225952,0.0,0.3765016794204712,0.6214702725410461,0.8491526246070862,1.17703115940094,2.200634002685547,2.026630163192749,1.797607421875,1.4770071506500244,1.5054059028625488,1.1897119283676147,1.3781222105026245,1.229981541633606,1.2876077890396118,1.282475233078003,0.9924217462539673,1.1960254907608032,1.1277979612350464,1.50057053565979,1.5977935791015625,1.9117244482040405,1.5323905944824219,1.5450576543807983,1.2968109846115112,1.2810205221176147,1.2678712606430054,1.275900959968567,1.5590168237686157,1.5479741096496582,1.1686596870422363,1.0715950727462769,0.7529678344726562,0.8827056884765625,0.7050317525863647,0.9163114428520203,1.981120228767395,1.689226508140564,1.8532512187957764,1.6511534452438354,1.8834081888198853,1.8924940824508667,2.0918118953704834,2.3328723907470703,2.3830087184906006,2.066253900527954,1.8555961847305298,1.4920635223388672,1.4125456809997559,1.3247158527374268,1.1637965440750122
B12,2.2514302730560303,1.9684146642684937,1.9525161981582642,1.6149775981903076,1.7752090692520142,1.5804169178009033,1.7733135223388672,1.8327516317367554,1.8053425550460815,1.535050630569458,1.1394484043121338,1.1805269718170166,1.1712321043014526,1.4195061922073364,1.4396086931228638,1.8853073120117188,1.516812801361084,1.3808565139770508,1.058970332145691,0.9557326436042786,0.7867499589920044,0.7655829787254333,0.9887440204620361,0.9828352928161621,0.7073917984962463,0.3765016794204712,0.0,0.3732260763645172,0.5413830280303955,0.8646600842475891,2.058439016342163,1.830298900604248,1.613120436668396,1.2584396600723267,1.2677043676376343,0.9387974739074707,1.1112602949142456,1.0247678756713867,1.060622215270996,0.9689281582832336,0.6422672867774963,0.822702169418335,0.79229736328125,1.1723594665527344,1.3154168128967285,1.8595472574234009,1.494030475616455,1.5009071826934814,1.2024332284927368,1.2575088739395142,1.1891160011291504,1.2776691913604736,1.5165293216705322,1.5110094547271729,1.1437369585037231,0.9289806485176086,0.6325194835662842,0.7224773168563843,0.674985408782959,0.8271027207374573,1.9688527584075928,1.652054786682129,1.7403703927993774,1.4779183864593506,1.6795979738235474,1.6254488229751587,1.8154606819152832,2.022094249725342,2.049802780151367,1.7234820127487183,1.5472060441970825,1.2025495767593384,1.1455590724945068,1.1409361362457275,1.04429030418396
B13,1.9603806734085083,1.6946200132369995,1.6419597864151,1.301883578300476,1.4744004011154175,1.2803255319595337,1.5173100233078003,1.5763005018234253,1.613399624824524,1.3840694427490234,1.0053194761276245,1.030738115310669,0.9307579398155212,1.2132556438446045,1.2130703926086426,1.5416938066482544,1.1848549842834473,1.041334629058838,0.7013990879058838,0.6789473295211792,0.5659420490264893,0.7144550085067749,0.981477677822113,1.1094201803207397,0.9150974154472351,0.6214702725410461,0.3732260763645172,0.0,0.374117374420166,0.5869013667106628,1.6901109218597412,1.4623879194259644,1.2407256364822388,0.8891040086746216,0.9322659969329834,0.6545855402946472,0.9240090847015381,0.9457948207855225,1.1007153987884521,0.9786149263381958,0.7010208368301392,0.7276325821876526,0.5337967872619629,0.8900617957115173,0.9921725392341614,1.516123652458191,1.1641954183578491,1.1957982778549194,0.9092719554901123,1.056628942489624,1.0521605014801025,1.2404810190200806,1.503869891166687,1.587943434715271,1.2611275911331177,1.0428496599197388,0.7244647741317749,0.5995137095451355,0.5204963684082031,0.5113779306411743,1.7545582056045532,1.4668604135513306,1.5223008394241333,1.2523423433303833,1.499773383140564,1.4402154684066772,1.6879286766052246,1.871815800666809,1.9501935243606567,1.6590752601623535,1.5006476640701294,1.1799733638763428,1.0263265371322632,1.0875307321548462,0.9313156604766846
