,A1,A2,A3,A4,A5,A6,A7,A8,A9,A10,A11,A12,A13,A14,A15,B1,B2,B3,B4,B5,B6,B7,B8,B9,B10,B11,B12,B13,B14,B15,C1,C2,C3,C4,C5,C6,C7,C8,C9,C10,C11,C12,C13,C14,C15,D1,D2,D3,D4,D5,D6,D7,D8,D9,D10,D11,D12,D13,D14,D15,E1,E2,E3,E4,E5,E6,E7,E8,E9,E10,E11,E12,E13,E14,E15
A1,0.0,0.36803269386291504,0.6135249733924866,0.8772374987602234,1.1897602081298828,1.4553391933441162,1.3524097204208374,1.1746965646743774,0.9515923261642456,0.5673847794532776,0.4868558645248413,0.34747806191444397,0.5022225975990295,0.7386687994003296,0.9303979873657227,1.5361202955245972,1.8544992208480835,1.9976599216461182,2.108358860015869,2.471120595932007,2.578076124191284,2.239675998687744,2.0135838985443115,1.7001556158065796,1.548587441444397,1.4466429948806763,1.213772177696228,1.447837471961975,1.3141167163848877,1.6798384189605713,1.446735143661499,1.6556087732315063,1.8075942993164062,1.7795647382736206,2.145219087600708,2.2395336627960205,1.9612842798233032,1.8728046417236328,1.5143194198608398,1.4279577732086182,1.2225223779678345,1.1184619665145874,1.2623127698898315,1.234992265701294,1.5833405256271362,0.729454517364502,0.9157779216766357,0.7991739511489868,1.0950047969818115,1.3109837770462036,1.4154634475708008,1.2326477766036987,0.8847607970237732,0.8256105184555054,0.587687611579895,0.9002499580383301,0.8986349105834961,1.2314293384552002,1.438368797302246,1.6781325340270996,1.4464972019195557,1.5462194681167603,1.6240801811218262,1.4981671571731567,1.8278545141220093,1.9044767618179321,1.6026510000228882,1.602995753288269,1.2532522678375244,1.2734657526016235,1.0673565864562988,1.1216459274291992,1.240237832069397,1.321580410003662,1.632117509841919
A2,0.36803269386291504,0.0,0.3743920624256134,0.5997748970985413,0.8757723569869995,1.1887708902359009,1.1670304536819458,1.0807236433029175,0.8945633769035339,0.5873380303382874,0.4928937554359436,0.5960775017738342,0.6003428101539612,0.9393394589424133,1.0327421426773071,1.704117774963379,2.045125722885132,2.1655876636505127,2.3183228969573975,2.668332576751709,2.758908271789551,2.4132397174835205,2.138965606689453,1.8666353225708008,1.7106781005859375,1.6764181852340698,1.4313735961914062,1.6987048387527466,1.5599437952041626,1.916413426399231,1.729896068572998,1.9752057790756226,2.132456064224243,2.130030393600464,2.4973154067993164,2.5854859352111816,2.2914586067199707,2.1749579906463623,1.8297072649002075,1.734458565711975,1.555700659751892,1.405965805053711,1.5550884008407593,1.458215594291687,1.8041328191757202,0.954353928565979,1.179913878440857,1.0994704961776733,1.4315738677978516,1.6181479692459106,1.7303129434585571,1.5714432001113892,1.2088488340377808,1.1888902187347412,0.9485512375831604,1.2255902290344238,1.1431474685668945,1.4567885398864746,1.5945770740509033,1.8140226602554321,1.5236682891845703,1.53813636302948,1.6045228242874146,1.4036647081375122,1.702240228652954,1.7798881530761719,1.5279768705368042,1.620898962020874,1.2809313535690308,1.3368144035339355,1.0953900814056396,1.2357521057128906,1.2778453826904297,1.4216208457946777,1.6737186908721924
A3,0.6135249733924866,0.3743920624256134,0.0,0.38298648595809937,0.6052160859107971,0.8681955337524414,0.8504745364189148,0.7536057233810425,0.6643442511558533,0.4681459069252014,0.5993646383285522,0.8270399570465088,0.9382314682006836,1.2848048210144043,1.4060677289962769,1.8364923000335693,2.154552936553955,2.2125203609466553,2.348867177963257,2.677229404449463,2.7150776386260986,2.3469977378845215,2.0578534603118896,1.8251540660858154,1.7366254329681396,1.7692142724990845,1.5904301404953003,1.9043160676956177,1.829545021057129,2.1995532512664795,1.873836636543274,2.1309151649475098,2.235631227493286,2.2409610748291016,2.5979461669921875,2.6414711475372314,2.3115243911743164,2.1650278568267822,1.852736234664917,1.8001376390457153,1.6973670721054077,1.5762320756912231,1.793366551399231,1.73210608959198,2.0964155197143555,0.8910822868347168,1.1679805517196655,1.1999485492706299,1.5602885484695435,1.7727819681167603,1.948529601097107,1.8182759284973145,1.4897310733795166,1.409016728401184,1.0929865837097168,1.2704238891601562,1.090046763420105,1.3446125984191895,1.4092364311218262,1.5918854475021362,1.4519727230072021,1.4446789026260376,1.5837417840957642,1.3959736824035645,1.7008622884750366,1.8513014316558838,1.6536484956741333,1.7615914344787598,1.4071577787399292,1.3807395696640015,1.0568311214447021,1.1628551483154297,1.089260458946228,1.2202448844909668,1.406400442123413
A4,0.8772374987602234,0.5997748970985413,0.38298648595809937,0.0,0.3776364326477051,0.6279558539390564,0.6261396408081055,0.7144410610198975,0.5948582291603088,0.5977600812911987,0.633336067199707,0.9768656492233276,1.047135353088379,1.4333361387252808,1.5549075603485107,1.7802187204360962,2.1031205654144287,2.1328046321868896,2.3168091773986816,2.6230688095092773,2.655062437057495,2.2994918823242188,1.9644585847854614,1.7830398082733154,1.6770573854446411,1.7806808948516846,1.604238510131836,1.9479609727859497,1.9030373096466064,2.2612810134887695,1.9457610845565796,2.247513771057129,2.3650882244110107,2.427527666091919,2.7876832485198975,2.8508996963500977,2.5208427906036377,2.323427438735962,2.028099536895752,1.9264723062515259,1.8523262739181519,1.6700657606124878,1.9031758308410645,1.7906612157821655,2.153017282485962,1.1771124601364136,1.4967461824417114,1.5473881959915161,1.8888260126113892,2.123260498046875,2.2772655487060547,2.106825590133667,1.7557646036148071,1.6578048467636108,1.3596168756484985,1.5170100927352905,1.2849489450454712,1.554625153541565,1.5402384996414185,1.7517173290252686,1.3363492488861084,1.236445426940918,1.349679708480835,1.1145298480987549,1.3854087591171265,1.5583387613296509,1.4211901426315308,1.5869178771972656,1.260615587234497,1.2470840215682983,0.9298640489578247,1.1325771808624268,1.0303122997283936,1.2676358222961426,1.4109092950820923
A5,1.1897602081298828,0.8757723569869995,0.6052160859107971,0.3776364326477051,0.0,0.38120245933532715,0.6149860620498657,0.8059304356575012,0.8454839587211609,0.9203225374221802,1.0088242292404175,1.3380435705184937,1.3820054531097412,1.7664477825164795,1.8414913415908813,2.1405675411224365,2.457367420196533,2.4634101390838623,2.6468734741210938,2.9365265369415283,2.9389631748199463,2.5771238803863525,2.2320339679718018,2.0873255729675293,2.0122649669647217,2.142012357711792,1.9785822629928589,2.3250815868377686,2.2751882076263428,2.6303629875183105,2.316854238510132,2.6159260272979736,2.7182207107543945,2.7699825763702393,3.124498128890991,3.163038730621338,2.818117618560791,2.622523546218872,2.343221664428711,2.270848035812378,2.2123849391937256,2.044234275817871,2.278045177459717,2.1606619358062744,2.518364667892456,1.4276877641677856,1.7267869710922241,1.7965713739395142,2.1608493328094482,2.3699727058410645,2.548069477081299,2.4147655963897705,2.0704524517059326,1.992789387702942,1.680489182472229,1.8228648900985718,1.57486093044281,1.7907299995422363,1.7390867471694946,1.8901058435440063,1.6268037557601929,1.4864912033081055,1.615472435951233,1.3586610555648804,1.5738112926483154,1.7586051225662231,1.6868594884872437,1.900543212890625,1.5978572368621826,1.5826234817504883,1.2571594715118408,1.4454162120819092,1.265984296798706,1.4786616563796997,1.5348503589630127
A6,1.4553391933441162,1.1887708902359009,0.8681955337524414,0.6279558539390564,0.38120245933532715,0.0,0.3932313323020935,0.693053662776947,0.8438541293144226,1.0589675903320312,1.2184652090072632,1.5711479187011719,1.6746726036071777,2.059208869934082,2.1750001907348633,2.238264322280884,2.5210704803466797,2.469388008117676,2.6391491889953613,2.8951635360717773,2.8504226207733154,2.486372232437134,2.1344716548919678,2.0467369556427,2.0297465324401855,2.216708183288574,2.112818956375122,2.4833219051361084,2.489258050918579,2.8483455181121826,2.4324147701263428,2.739219903945923,2.802459239959717,2.8751986026763916,3.2146847248077393,3.2269301414489746,2.8658080101013184,2.6367955207824707,2.398557424545288,2.3442773818969727,2.3482072353363037,2.1941657066345215,2.4714746475219727,2.3802177906036377,2.74647855758667,1.5432311296463013,1.8630660772323608,1.9994386434555054,2.354785919189453,2.5923192501068115,2.798729658126831,2.663431406021118,2.338087797164917,2.212754726409912,1.8739372491836548,1.9458562135696411,1.643143653869629,1.8059183359146118,1.6721818447113037,1.7961578369140625,1.5834565162658691,1.4173692464828491,1.6021627187728882,1.3913676738739014,1.5901514291763306,1.8420050144195557,1.8214094638824463,2.0210988521575928,1.7280967235565186,1.6435552835464478,1.2968097925186157,1.4476275444030762,1.184219479560852,1.3932156562805176,1.3571465015411377
A7,1.3524097204208374,1.1670304536819458,0.8504745364189148,0.6261396408081055,0.6149860620498657,0.3932313323020935,0.0,0.4015902280807495,0.5339285731315613,0.8516533374786377,1.0535764694213867,1.407348394393921,1.583223581314087,1.952221155166626,2.1337904930114746,1.9508639574050903,2.2045514583587646,2.124562978744507,2.274597406387329,2.5211594104766846,2.463728427886963,2.096842050552368,1.7500861883163452,1.6706969738006592,1.6856685876846313,1.8953659534454346,1.839902400970459,2.222168445587158,2.280165910720825,2.6417055130004883,2.132585287094116,2.440822124481201,2.4797370433807373,2.574659585952759,2.904081106185913,2.914402723312378,2.55362868309021,2.297556161880493,2.0802974700927734,2.021655321121216,2.0684237480163574,1.9252210855484009,2.236846685409546,2.1817586421966553,2.5540356636047363,1.338977336883545,1.6883295774459839,1.8635424375534058,2.187744140625,2.466460943222046,2.67509126663208,2.5120785236358643,2.2053449153900146,2.025705099105835,1.680393099784851,1.6975035667419434,1.3621563911437988,1.521571159362793,1.3505734205245972,1.5169007778167725,1.2211036682128906,1.08363676071167,1.3244858980178833,1.1905171871185303,1.4396798610687256,1.7348082065582275,1.6865891218185425,1.8192321062088013,1.5128339529037476,1.35662043094635,0.9910893440246582,1.0967721939086914,0.804627537727356,1.0367597341537476,1.0112299919128418
A8,1.1746965646743774,1.0807236433029175,0.7536057233810425,0.7144410610198975,0.8059304356575012,0.693053662776947,0.4015902280807495,0.0,0.367443323135376,0.6424741148948669,0.9639037847518921,1.2514251470565796,1.501563310623169,1.8330416679382324,2.04988694190979,1.8763598203659058,2.1106114387512207,2.0374221801757812,2.127495288848877,2.390739917755127,2.3258116245269775,1.937864899635315,1.6414599418640137,1.5117183923721313,1.5718053579330444,1.7343347072601318,1.7118096351623535,2.082176923751831,2.1512482166290283,2.5254573822021484,1.9372284412384033,2.209177255630493,2.2124953269958496,2.270648241043091,2.5894501209259033,2.570646286010742,2.2000510692596436,1.9659990072250366,1.752991795539856,1.7475221157073975,1.811631441116333,1.7324669361114502,2.060549020767212,2.070775032043457,2.4501800537109375,0.9874380826950073,1.329481840133667,1.5480085611343384,1.8598512411117554,2.14860463142395,2.3847224712371826,2.243689775466919,1.9766708612442017,1.7685905694961548,1.3996508121490479,1.3645604848861694,1.0195039510726929,1.1363351345062256,0.9801302552223206,1.1380630731582642,1.14393949508667,1.1329431533813477,1.4216060638427734,1.3575154542922974,1.6660112142562866,1.9506090879440308,1.8318982124328613,1.8903136253356934,1.5460084676742554,1.3419277667999268,0.9473151564598083,0.9211964011192322,0.6084913611412048,0.7148988842964172,0.7332714200019836
A9,0.9515923261642456,0.8945633769035339,0.6643442511558533,0.5948582291603088,0.8454839587211609,0.8438541293144226,0.5339285731315613,0.367443323135376,0.0,0.39089348912239075,0.6445644497871399,0.9495408535003662,1.2055132389068604,1.5341280698776245,1.776834487915039,1.5245646238327026,1.7798340320587158,1.7395856380462646,1.8615453243255615,2.148991107940674,2.1348230838775635,1.7597835063934326,1.4478391408920288,1.2746421098709106,1.2663229703903198,1.4147893190383911,1.3612476587295532,1.7358156442642212,1.8047484159469604,2.174717426300049,1.6221554279327393,1.9172810316085815,1.9612529277801514,2.0486745834350586,2.385690212249756,2.416656494140625,2.069040536880493,1.8243446350097656,1.5764942169189453,1.502646803855896,1.535347819328308,1.4087153673171997,1.7310900688171387,1.720235824584961,2.098172664642334,0.9001372456550598,1.2702604532241821,1.4353662729263306,1.723321795463562,2.0300981998443604,2.2199597358703613,2.0288727283477783,1.738466501235962,1.5228337049484253,1.1840168237686157,1.1908361911773682,0.8646565675735474,1.0965304374694824,1.0040991306304932,1.2640438079833984,0.8740878105163574,0.878653883934021,1.1277514696121216,1.0671594142913818,1.406643271446228,1.6661405563354492,1.5069924592971802,1.5389258861541748,1.1865159273147583,0.992748498916626,0.5985862612724304,0.6323239803314209,0.4452289640903473,0.6867913007736206,0.8638853430747986
A10,0.5673847794532776,0.5873380303382874,0.4681459069252014,0.5977600812911987,0.9203225374221802,1.0589675903320312,0.8516533374786377,0.6424741148948669,0.39089348912239075,0.0,0.3896791934967041,0.6116178631782532,0.8886041045188904,1.1958791017532349,1.436144232749939,1.4623852968215942,1.7484084367752075,1.7849795818328857,1.8943910598754883,2.22240948677063,2.2590322494506836,1.8912822008132935,1.6218007802963257,1.3684707880020142,1.301088571548462,1.3382008075714111,1.216812014579773,1.5543408393859863,1.5584967136383057,1.9379891157150269,1.4659428596496582,1.7323005199432373,1.8111728429794312,1.850316047668457,2.2042832374572754,2.2545318603515625,1.9237204790115356,1.7387008666992188,1.4356236457824707,1.3634036779403687,1.310505986213684,1.199308156967163,1.479304552078247,1.4771325588226318,1.8559339046478271,0.6402155756950378,0.9914016127586365,1.0881667137145996,1.387406587600708,1.6770597696304321,1.8498643636703491,1.6634461879730225,1.362693428993225,1.1754887104034424,0.837128758430481,0.9304120540618896,0.6926820278167725,0.9995180368423462,1.055440902709961,1.3189231157302856,1.0399391651153564,1.1151056289672852,1.2932184934616089,1.2089656591415405,1.562778353691101,1.7491786479949951,1.5168098211288452,1.5253485441207886,1.1507607698440552,1.030169129371643,0.6920297145843506,0.7138152122497559,0.7074825763702393,0.8396643996238708,1.1112993955612183
A11,0.4868558645248413,0.4928937554359436,0.5993646383285522,0.633336067199707,1.0088242292404175,1.2184652090072632,1.0535764694213867,0.9639037847518921,0.6445644497871399,0.3896791934967041,0.0,0.38262608647346497,0.5656028985977173,0.9087989926338196,1.145933985710144,1.2481935024261475,1.581695795059204,1.6805999279022217,1.8497644662857056,2.1931874752044678,2.2911646366119385,1.9583438634872437,1.67336905002594,1.4042366743087769,1.2268409729003906,1.2296286821365356,1.0094965696334839,1.331631064414978,1.2848925590515137,1.653430700302124,1.343732476234436,1.6385537385940552,1.7941460609436035,1.8653557300567627,2.235016345977783,2.3492183685302734,2.0595338344573975,1.878379225730896,1.54829740524292,1.386824369430542,1.256757378578186,1.049256443977356,1.2700942754745483,1.1823146343231201,1.5551773309707642,0.9104154706001282,1.215406894683838,1.2046856880187988,1.4688345193862915,1.7395143508911133,1.835397720336914,1.5941311120986938,1.2416279315948486,1.102178931236267,0.8628883957862854,1.0647047758102417,0.9212952256202698,1.2883144617080688,1.37711763381958,1.6752642393112183,1.0543415546417236,1.090662956237793,1.1517589092254639,1.0166375637054443,1.3559777736663818,1.4718382358551025,1.1977934837341309,1.2179900407791138,0.8513232469558716,0.8500486612319946,0.6239714026451111,0.7967716455459595,0.9268052577972412,1.1399130821228027,1.435939908027649
A12,0.34747806191444397,0.5960775017738342,0.8270399570465088,0.9768656492233276,1.3380435705184937,1.5711479187011719,1.407348394393921,1.2514251470565796,0.9495408535003662,0.6116178631782532,0.38262608647346497,0.0,0.38377466797828674,0.5996283888816833,0.9002081751823425,1.193373680114746,1.517659068107605,1.6812626123428345,1.812239408493042,2.178906202316284,2.3166842460632324,2.001969814300537,1.77796471118927,1.4540129899978638,1.253252387046814,1.13308584690094,0.8727274537086487,1.117505431175232,1.0122538805007935,1.3870353698730469,1.14322829246521,1.387345314025879,1.5726243257522583,1.6014065742492676,1.9750730991363525,2.1139283180236816,1.8584511280059814,1.7339814901351929,1.3738892078399658,1.2085132598876953,0.9914289712905884,0.8132380843162537,0.9719696044921875,0.9279745221138,1.294442892074585,0.8471000790596008,1.0643020868301392,0.9669331908226013,1.1745893955230713,1.4350078105926514,1.4884268045425415,1.22291100025177,0.8684952855110168,0.738106906414032,0.5743813514709473,0.8634992837905884,0.8644886016845703,1.2470663785934448,1.4355026483535767,1.7346993684768677,1.2232129573822021,1.3434925079345703,1.3794653415679932,1.2946476936340332,1.628188133239746,1.6913912296295166,1.3603551387786865,1.301574468612671,0.9578798413276672,0.9870364665985107,0.8613166213035583,0.9364020824432373,1.15302574634552,1.2812024354934692,1.62774658203125
A13,0.5022225975990295,0.6003428101539612,0.9382314682006836,1.047135353088379,1.3820054531097412,1.6746726036071777,1.583223581314087,1.501563310623169,1.2055132389068604,0.8886041045188904,0.5656028985977173,0.38377466797828674,0.0,0.3935548663139343,0.5841690897941589,1.3271020650863647,1.6820411682128906,1.8906229734420776,2.0687317848205566,2.434239625930786,2.605015277862549,2.312784433364868,2.0701615810394287,1.7601100206375122,1.5046464204788208,1.3771710395812988,1.0437707901000977,1.2252084016799927,1.0112720727920532,1.3435722589492798,1.36531400680542,1.6041948795318604,1.845177173614502,1.8748414516448975,2.2462563514709473,2.417921304702759,2.191791534423828,2.0875587463378906,1.7222015857696533,1.5297125577926636,1.2615909576416016,1.0345889329910278,1.0717073678970337,0.9004796147346497,1.2219080924987793,1.1816322803497314,1.360895037651062,1.186522126197815,1.3909318447113037,1.5806386470794678,1.568859338760376,1.3032755851745605,0.9047998189926147,0.921547532081604,0.8702276945114136,1.2130216360092163,1.2446469068527222,1.621320128440857,1.8099138736724854,2.098820924758911,1.4932233095169067,1.5488507747650146,1.5060476064682007,1.3455485105514526,1.6262924671173096,1.607864499092102,1.268941044807434,1.2756516933441162,0.9875887036323547,1.1524993181228638,1.0906723737716675,1.2578710317611694,1.466207504272461,1.6375221014022827,1.965320348739624
A14,0.7386687994003296,0.9393394589424133,1.2848048210144043,1.4333361387252808,1.7664477825164795,2.059208869934082,1.952221155166626,1.8330416679382324,1.5341280698776245,1.1958791017532349,0.9087989926338196,0.5996283888816833,0.3935548663139343,0.0,0.38517260551452637,1.3516079187393188,1.676407814025879,1.9417937994003296,2.0906665325164795,2.4631924629211426,2.673795461654663,2.4117658138275146,2.2215311527252197,1.8827433586120605,1.609309196472168,1.3900753259658813,1.0412036180496216,1.0943334102630615,0.7887166738510132,1.0811203718185425,1.2790225744247437,1.447774052619934,1.7263139486312866,1.7238093614578247,2.0807902812957764,2.2881672382354736,2.116276264190674,2.0656089782714844,1.695510745048523,1.4938936233520508,1.1558359861373901,0.9619841575622559,0.8624696731567383,0.706955075263977,0.9637323617935181,1.332242727279663,1.4260733127593994,1.1805505752563477,1.2849692106246948,1.4330016374588013,1.3354811668395996,1.0330654382705688,0.64817214012146,0.7544947862625122,0.8756235241889954,1.237606406211853,1.3774442672729492,1.7402994632720947,1.9856791496276855,2.275108814239502,1.709216594696045,1.8165613412857056,1.7522923946380615,1.6389882564544678,1.9081735610961914,1.848745584487915,1.4790962934494019,1.411234974861145,1.1776901483535767,1.3542147874832153,1.363834023475647,1.4765546321868896,1.738265037536621,1.8650338649749756,2.2222745418548584
A15,0.9303979873657227,1.0327421426773071,1.4060677289962769,1.5549075603485107,1.8414913415908813,2.1750001907348633,2.1337904930114746,2.04988694190979,1.776834487915039,1.436144232749939,1.145933985710144,0.9002081751823425,0.5841690897941589,0.38517260551452637,0.0,1.6875883340835571,2.021804094314575,2.2962892055511475,2.4640533924102783,2.833925724029541,3.0494601726531982,2.7874510288238525,2.5812718868255615,2.2520081996917725,1.9707996845245361,1.766026258468628,1.4048690795898438,1.4364336729049683,1.089176058769226,1.308339238166809,1.6542435884475708,1.8069286346435547,2.093660593032837,2.068580150604248,2.4158129692077637,2.6211864948272705,2.457427501678467,2.4306156635284424,2.0577938556671143,1.8736701011657715,1.5280286073684692,1.3440181016921997,1.2061456441879272,1.006077527999878,1.1790268421173096,1.5921753644943237,1.6588802337646484,1.3716447353363037,1.4971719980239868,1.5639069080352783,1.4334707260131836,1.1956013441085815,0.8309772610664368,1.0545682907104492,1.1748642921447754,1.5587718486785889,1.699084997177124,2.0501043796539307,2.2998149394989014,2.56550931930542,2.041196346282959,2.107664108276367,2.021360158920288,1.8510329723358154,2.0825929641723633,1.9768459796905518,1.6299434900283813,1.633536458015442,1.434872031211853,1.6625961065292358,1.6603150367736816,1.8111122846603394,2.038922071456909,2.1769826412200928,2.5154478549957275
B1,1.5361202955245972,1.704117774963379,1.8364923000335693,1.7802187204360962,2.1405675411224365,2.238264322280884,1.9508639574050903,1.8763598203659058,1.5245646238327026,1.4623852968215942,1.2481935024261475,1.193373680114746,1.3271020650863647,1.3516079187393188,1.6875883340835571,0.0,0.37595701217651367,0.6347513198852539,0.9018368721008301,1.2251386642456055,1.4905920028686523,1.340208888053894,1.1687233448028564,0.9237273335456848,0.5374326109886169,0.4510664641857147,0.3797891438007355,0.5456540584564209,0.843364953994751,1.0305527448654175,0.6506612300872803,0.9956918954849243,1.219693660736084,1.510325312614441,1.806231141090393,2.058417320251465,1.914065957069397,1.66019868850708,1.43976891040802,1.0624083280563354,1.0207678079605103,0.6976779699325562,0.859629213809967,0.8163083791732788,1.0214813947677612,1.7141499519348145,1.9458829164505005,1.9398387670516968,1.967865228652954,2.2827327251434326,2.2538747787475586,1.881831407546997,1.6592183113098145,1.4252887964248657,1.4439114332199097,1.4816317558288574,1.4417684078216553,1.7623814344406128,1.8155627250671387,2.19901180267334,0.9321266412734985,1.0913779735565186,0.9469462037086487,1.1444907188415527,1.3685708045959473,1.4079378843307495,1.104063630104065,0.7252285480499268,0.6751737594604492,0.6190313696861267,0.9605344533920288,1.0199323892593384,1.395540475845337,1.6004530191421509,1.9277667999267578
B2,1.8544992208480835,2.045125722885132,2.154552936553955,2.1031205654144287,2.457367420196533,2.5210704803466797,2.2045514583587646,2.1106114387512207,1.7798340320587158,1.7484084367752075,1.581695795059204,1.517659068107605,1.6820411682128906,1.676407814025879,2.021804094314575,0.37595701217651367,0.0,0.3776342272758484,0.6121708750724792,0.9017735719680786,1.2170798778533936,1.149792194366455,1.0726960897445679,0.8781653046607971,0.5762041211128235,0.5026911497116089,0.6619192361831665,0.694057285785675,1.0692384243011475,1.1748261451721191,0.6862939596176147,0.9527319073677063,1.117538571357727,1.464211106300354,1.7012982368469238,1.9625979661941528,1.8614305257797241,1.5896215438842773,1.4447227716445923,1.0690609216690063,1.1172622442245483,0.8875755071640015,1.037503957748413,1.0840073823928833,1.2104543447494507,1.9313700199127197,2.142489433288574,2.164900302886963,2.146040439605713,2.469913959503174,2.440028190612793,2.069422483444214,1.9045661687850952,1.6425048112869263,1.678839087486267,1.6468141078948975,1.6151096820831299,1.8822963237762451,1.913881540298462,2.291757583618164,1.0616713762283325,1.2605607509613037,1.1464641094207764,1.4178943634033203,1.6127253770828247,1.6718698740005493,1.411376714706421,1.0152544975280762,1.0247853994369507,0.9002352952957153,1.2260112762451172,1.2050055265426636,1.5701375007629395,1.7312945127487183,2.040417432785034
B3,1.9976599216461182,2.1655876636505127,2.2125203609466553,2.1328046321868896,2.4634101390838623,2.469388008117676,2.124562978744507,2.0374221801757812,1.7395856380462646,1.7849795818328857,1.6805999279022217,1.6812626123428345,1.8906229734420776,1.9417937994003296,2.2962892055511475,0.6347513198852539,0.3776342272758484,0.0,0.3892327547073364,0.6217358708381653,0.8863285779953003,0.828068196773529,0.7486456036567688,0.659716784954071,0.4871528744697571,0.6356097459793091,0.9049538969993591,1.031810998916626,1.41005277633667,1.5470397472381592,0.9148707985877991,1.171866774559021,1.2304658889770508,1.5916074514389038,1.80272376537323,2.010462760925293,1.8787298202514648,1.5505847930908203,1.4693812131881714,1.1381913423538208,1.2972438335418701,1.1169687509536743,1.3471449613571167,1.4148443937301636,1.5778130292892456,1.97781240940094,2.215712547302246,2.299057960510254,2.301640748977661,2.648996353149414,2.6651980876922607,2.3145556449890137,2.15209698677063,1.856171727180481,1.826625108718872,1.7321072816848755,1.6315571069717407,1.8510684967041016,1.808300495147705,2.177299976348877,0.9142091870307922,1.1169655323028564,1.064334750175476,1.4037573337554932,1.5908410549163818,1.7245961427688599,1.5271832942962646,1.16578209400177,1.1566174030303955,0.9259538054466248,1.2078593969345093,1.1417760848999023,1.45529043674469,1.6113728284835815,1.8708794116973877
B4,2.108358860015869,2.3183228969573975,2.348867177963257,2.3168091773986816,2.6468734741210938,2.6391491889953613,2.274597406387329,2.127495288848877,1.8615453243255615,1.8943910598754883,1.8497644662857056,1.812239408493042,2.0687317848205566,2.0906665325164795,2.4640533924102783,0.9018368721008301,0.6121708750724792,0.3892327547073364,0.0,0.3769921362400055,0.6449304819107056,0.6156677007675171,0.7348126173019409,0.6318884491920471,0.6526772975921631,0.7032185792922974,1.0653607845306396,1.1468217372894287,1.5454742908477783,1.6796917915344238,0.9052428007125854,1.062114953994751,1.0097452402114868,1.3774813413619995,1.5332589149475098,1.7137404680252075,1.6054332256317139,1.2723335027694702,1.2697168588638306,0.9894130825996399,1.2344152927398682,1.1700482368469238,1.4135842323303223,1.578365683555603,1.7331315279006958,1.9666844606399536,2.163339376449585,2.275805711746216,2.232529878616333,2.5840141773223877,2.616988182067871,2.2882869243621826,2.187182664871216,1.861275315284729,1.8367756605148315,1.6707366704940796,1.5962634086608887,1.7470808029174805,1.7114131450653076,2.0567829608917236,1.0667206048965454,1.343784213066101,1.3767824172973633,1.7190070152282715,1.9380687475204468,2.0941081047058105,1.8829131126403809,1.5235216617584229,1.4648711681365967,1.1966564655303955,1.4040248394012451,1.2323766946792603,1.5283149480819702,1.5901471376419067,1.8450628519058228
B5,2.471120595932007,2.668332576751709,2.677229404449463,2.6230688095092773,2.9365265369415283,2.8951635360717773,2.5211594104766846,2.390739917755127,2.148991107940674,2.22240948677063,2.1931874752044678,2.178906202316284,2.434239625930786,2.4631924629211426,2.833925724029541,1.2251386642456055,0.9017735719680786,0.6217358708381653,0.3769921362400055,0.0,0.39230164885520935,0.6050413846969604,0.8279024958610535,0.8840665221214294,0.9738504886627197,1.0779277086257935,1.4308253526687622,1.4951115846633911,1.896586537361145,1.9967668056488037,1.2707899808883667,1.3872777223587036,1.2940393686294556,1.6578696966171265,1.751154899597168,1.907384991645813,1.8285603523254395,1.489458680152893,1.5608395338058472,1.3254636526107788,1.5950926542282104,1.5458565950393677,1.7747713327407837,1.9317184686660767,2.059037208557129,2.297828435897827,2.495356798171997,2.629315137863159,2.57961106300354,2.9320778846740723,2.9704599380493164,2.647690773010254,2.5602638721466064,2.2317392826080322,2.201735734939575,2.013218402862549,1.9205032587051392,2.031080484390259,1.9512386322021484,2.272271156311035,1.317179560661316,1.555862307548523,1.589181661605835,1.9567499160766602,2.134967803955078,2.303732395172119,2.137432813644409,1.7831482887268066,1.767297387123108,1.4947168827056885,1.7022366523742676,1.532605767250061,1.7825841903686523,1.8363070487976074,2.038541555404663
B6,2.578076124191284,2.758908271789551,2.7150776386260986,2.655062437057495,2.9389631748199463,2.8504226207733154,2.463728427886963,2.3258116245269775,2.1348230838775635,2.2590322494506836,2.2911646366119385,2.3166842460632324,2.605015277862549,2.673795461654663,3.0494601726531982,1.4905920028686523,1.2170798778533936,0.8863285779953003,0.6449304819107056,0.39230164885520935,0.0,0.3996771574020386,0.7194886207580566,0.8942914605140686,1.118743658065796,1.2934948205947876,1.663673996925354,1.7874916791915894,2.1826417446136475,2.324239492416382,1.5169758796691895,1.6376173496246338,1.4812126159667969,1.8107463121414185,1.888466715812683,1.9703772068023682,1.8511465787887573,1.4828026294708252,1.61114501953125,1.45064115524292,1.775688886642456,1.7608550786972046,2.039278507232666,2.2087740898132324,2.3769214153289795,2.316159963607788,2.522735834121704,2.707881450653076,2.6793975830078125,3.042924642562866,3.126476287841797,2.8310790061950684,2.7456393241882324,2.397662401199341,2.3129184246063232,2.0787389278411865,1.9360647201538086,1.9851645231246948,1.8407588005065918,2.12557315826416,1.3304022550582886,1.5635313987731934,1.6725002527236938,2.0485525131225586,2.233501672744751,2.4566028118133545,2.322874069213867,2.0061092376708984,1.951525092124939,1.6288985013961792,1.7640727758407593,1.5527441501617432,1.7255293130874634,1.7410184144973755,1.8771675825119019
B7,2.239675998687744,2.4132397174835205,2.3469977378845215,2.2994918823242188,2.5771238803863525,2.486372232437134,2.096842050552368,1.937864899635315,1.7597835063934326,1.8912822008132935,1.9583438634872437,2.001969814300537,2.312784433364868,2.4117658138275146,2.7874510288238525,1.340208888053894,1.149792194366455,0.828068196773529,0.6156677007675171,0.6050413846969604,0.3996771574020386,0.0,0.40934327244758606,0.5584851503372192,0.8745346665382385,1.0846729278564453,1.4512571096420288,1.6406148672103882,2.0140221118927,2.213958501815796,1.3391399383544922,1.5004924535751343,1.3411710262298584,1.641073226928711,1.7741355895996094,1.8276067972183228,1.6385191679000854,1.2450281381607056,1.33536958694458,1.197696328163147,1.5376529693603516,1.5296354293823242,1.8548296689987183,2.0273916721343994,2.2485921382904053,1.9442399740219116,2.165944814682007,2.370824098587036,2.374163866043091,2.744896650314331,2.857862710952759,2.578146457672119,2.474107265472412,2.119110345840454,1.9900803565979004,1.7457295656204224,1.5680654048919678,1.6128623485565186,1.4509550333023071,1.746193528175354,1.0038361549377441,1.272508978843689,1.4456608295440674,1.8030537366867065,2.032294988632202,2.283327579498291,2.134338855743408,1.8476147651672363,1.7268633842468262,1.3706395626068115,1.4399396181106567,1.191845178604126,1.3418710231781006,1.341599464416504,1.4854683876037598
B8,2.0135838985443115,2.138965606689453,2.0578534603118896,1.9644585847854614,2.2320339679718018,2.1344716548919678,1.7500861883163452,1.6414599418640137,1.4478391408920288,1.6218007802963257,1.67336905002594,1.77796471118927,2.0701615810394287,2.2215311527252197,2.5812718868255615,1.1687233448028564,1.0726960897445679,0.7486456036567688,0.7348126173019409,0.8279024958610535,0.7194886207580566,0.40934327244758606,0.0,0.37863847613334656,0.6631510853767395,0.9906394481658936,1.2946745157241821,1.5588674545288086,1.9017270803451538,2.1359364986419678,1.315451979637146,1.5643739700317383,1.4823098182678223,1.776430368423462,1.9789570569992065,2.051213264465332,1.8167359828948975,1.4223659038543701,1.4154917001724243,1.2358614206314087,1.5213321447372437,1.433470368385315,1.780739188194275,1.886631727218628,2.144547939300537,1.7940219640731812,2.069383382797241,2.266246795654297,2.330695390701294,2.7043161392211914,2.822444200515747,2.533719539642334,2.3691394329071045,2.031329870223999,1.8647767305374146,1.6719187498092651,1.4387524127960205,1.5466787815093994,1.3565367460250854,1.6822843551635742,0.647230863571167,0.8730174899101257,1.0640066862106323,1.4185158014297485,1.6457606554031372,1.920454502105713,1.7971277236938477,1.5542205572128296,1.420290231704712,1.0499341487884521,1.1029537916183472,0.9128737449645996,1.0436875820159912,1.1450406312942505,1.2864820957183838
B9,1.7001556158065796,1.8666353225708008,1.8251540660858154,1.7830398082733154,2.0873255729675293,2.0467369556427,1.6706969738006592,1.5117183923721313,1.2746421098709106,1.3684707880020142,1.4042366743087769,1.4540129899978638,1.7601100206375122,1.8827433586120605,2.2520081996917725,0.9237273335456848,0.8781653046607971,0.659716784954071,0.6318884491920471,0.8840665221214294,0.8942914605140686,0.5584851503372192,0.37863847613334656,0.0,0.3944679796695709,0.6558921933174133,0.9697438478469849,1.2391642332077026,1.5705232620239258,1.8262805938720703,0.9680483341217041,1.2264103889465332,1.166181206703186,1.4452153444290161,1.685089349746704,1.7797026634216309,1.5383076667785645,1.1637942790985107,1.0899122953414917,0.8766506314277649,1.1457778215408325,1.0685226917266846,1.427162766456604,1.5616744756698608,1.8337236642837524,1.4932267665863037,1.751849889755249,1.9223883152008057,1.971250057220459,2.3428142070770264,2.4487156867980957,2.1557719707489014,1.997369647026062,1.6566548347473145,1.5071126222610474,1.3230112791061401,1.1278176307678223,1.280511736869812,1.17238450050354,1.53317129611969,0.5168719291687012,0.8541757464408875,1.0322678089141846,1.3478624820709229,1.6303932666778564,1.867433786392212,1.6735354661941528,1.4077928066253662,1.2220499515533447,0.8561475872993469,0.9062775373458862,0.6646102070808411,0.9062588810920715,0.984825074672699,1.2320560216903687
B10,1.548587441444397,1.7106781005859375,1.7366254329681396,1.6770573854446411,2.0122649669647217,2.0297465324401855,1.6856685876846313,1.5718053579330444,1.2663229703903198,1.301088571548462,1.2268409729003906,1.253252387046814,1.5046464204788208,1.609309196472168,1.9707996845245361,0.5374326109886169,0.5762041211128235,0.4871528744697571,0.6526772975921631,0.9738504886627197,1.118743658065796,0.8745346665382385,0.6631510853767395,0.3944679796695709,0.0,0.3957095444202423,0.6374682188034058,0.9233866930007935,1.2470347881317139,1.493706226348877,0.7580664753913879,1.0889108180999756,1.1526274681091309,1.4493167400360107,1.729516863822937,1.8960974216461182,1.6868312358856201,1.358638882637024,1.1985125541687012,0.8849014639854431,1.0283949375152588,0.8321548104286194,1.1558891534805298,1.2258696556091309,1.4907809495925903,1.51486074924469,1.7798320055007935,1.8778841495513916,1.9311774969100952,2.2872414588928223,2.3425395488739014,2.012796401977539,1.8148066997528076,1.5082573890686035,1.41136634349823,1.32538640499115,1.1818110942840576,1.4344422817230225,1.3998725414276123,1.7809334993362427,0.507771909236908,0.7869299650192261,0.8278586268424988,1.123067855834961,1.3991574048995972,1.576033115386963,1.3429325819015503,1.0416574478149414,0.8799277544021606,0.5624347925186157,0.7592663764953613,0.6626214981079102,1.0050913095474243,1.176190733909607,1.4702953100204468
B11,1.4466429948806763,1.6764181852340698,1.7692142724990845,1.7806808948516846,2.142012357711792,2.216708183288574,1.8953659534454346,1.7343347072601318,1.4147893190383911,1.3382008075714111,1.2296286821365356,1.13308584690094,1.3771710395812988,1.3900753259658813,1.766026258468628,0.4510664641857147,0.5026911497116089,0.6356097459793091,0.7032185792922974,1.0779277086257935,1.2934948205947876,1.0846729278564453,0.9906394481658936,0.6558921933174133,0.3957095444202423,0.0,0.39005735516548157,0.5851961970329285,0.9329537749290466,1.174172282218933,0.36285242438316345,0.707918643951416,0.8386369347572327,1.1276086568832397,1.4262772798538208,1.6412677764892578,1.4743913412094116,1.2096251249313354,1.00009286403656,0.626505970954895,0.6874271035194397,0.49563345313072205,0.7965567111968994,0.9447472095489502,1.1889294385910034,1.4412500858306885,1.6436856985092163,1.6864476203918457,1.6793434619903564,2.020240545272827,2.0348291397094727,1.6882760524749756,1.5262354612350464,1.2211854457855225,1.2098124027252197,1.1473908424377441,1.1213116645812988,1.3940660953521729,1.466172456741333,1.842114806175232,0.8357347846031189,1.1251955032348633,1.1320613622665405,1.360962986946106,1.6487380266189575,1.758890986442566,1.4593238830566406,1.124644160270691,0.9566851258277893,0.7529789209365845,0.9471821784973145,0.8307511210441589,1.2158663272857666,1.319321870803833,1.6669940948486328
B12,1.213772177696228,1.4313735961914062,1.5904301404953003,1.604238510131836,1.9785822629928589,2.112818956375122,1.839902400970459,1.7118096351623535,1.3612476587295532,1.216812014579773,1.0094965696334839,0.8727274537086487,1.0437707901000977,1.0412036180496216,1.4048690795898438,0.3797891438007355,0.6619192361831665,0.9049538969993591,1.0653607845306396,1.4308253526687622,1.663673996925354,1.4512571096420288,1.2946745157241821,0.9697438478469849,0.6374682188034058,0.39005735516548157,0.0,0.39057013392448425,0.6202688217163086,0.9173082709312439,0.45769429206848145,0.8139559030532837,1.0605363845825195,1.2788516283035278,1.6145200729370117,1.8532910346984863,1.6878085136413574,1.479960560798645,1.1988749504089355,0.839285135269165,0.706143319606781,0.3441146910190582,0.5677640438079834,0.5938231348991394,0.8923831582069397,1.3971329927444458,1.6015909910202026,1.5701217651367188,1.5955232381820679,1.9058338403701782,1.8825675249099731,1.5168386697769165,1.2899295091629028,1.0469595193862915,1.0749225616455078,1.143917441368103,1.155099630355835,1.4974193572998047,1.616272211074829,1.989647626876831,0.9602600932121277,1.1688908338546753,1.1025620698928833,1.2304259538650513,1.5160431861877441,1.5620009899139404,1.2156978845596313,0.9061881303787231,0.7148511409759521,0.6659140586853027,0.8833524584770203,0.8973738551139832,1.2859655618667603,1.4424883127212524,1.8064643144607544
B13,1.447837471961975,1.6987048387527466,1.9043160676956177,1.9479609727859497,2.3250815868377686,2.4833219051361084,2.222168445587158,2.082176923751831,1.7358156442642212,1.5543408393859863,1.331631064414978,1.117505431175232,1.2252084016799927,1.0943334102630615,1.4364336729049683,0.5456540584564209,0.694057285785675,1.031810998916626,1.1468217372894287,1.4951115846633911,1.7874916791915894,1.6406148672103882,1.5588674545288086,1.2391642332077026,0.9233866930007935,0.5851961970329285,0.39057013392448425,0.0,0.4024531841278076,0.5893239378929138,0.41286981105804443,0.6381372809410095,0.9748101830482483,1.1883620023727417,1.4918118715286255,1.7920739650726318,1.7070354223251343,1.5588300228118896,1.2944345474243164,0.9272779226303101,0.7188266515731812,0.43727025389671326,0.36283397674560547,0.46210435032844543,0.6139699816703796,1.6500134468078613,1.7883244752883911,1.703906536102295,1.6508378982543945,1.9244658946990967,1.8322994709014893,1.443992018699646,1.2789815664291382,1.0796838998794556,1.2342101335525513,1.3180488348007202,1.4222921133041382,1.7409456968307495,1.906616449356079,2.26849102973938,1.3248322010040283,1.5396357774734497,1.4386014938354492,1.566667079925537,1.8155107498168945,1.8018217086791992,1.4419397115707397,1.100297212600708,1.0078669786453247,1.0304025411605835,1.273123860359192,1.2701098918914795,1.6611946821212769,1.7810689210891724,2.154218912124634
