,A1,A2,A3,A4,A5,A6,A7,A8,A9,A10,A11,A12,A13,A14,A15,B1,B2,B3,B4,B5,B6,B7,B8,B9,B10,B11,B12,B13,B14,B15,C1,C2,C3,C4,C5,C6,C7,C8,C9,C10,C11,C12,C13,C14,C15,D1,D2,D3,D4,D5,D6,D7,D8,D9,D10,D11,D12,D13,D14,D15,E1,E2,E3,E4,E5,E6,E7,E8,E9,E10,E11,E12,E13,E14,E15
A1,0.0,0.3669929504394531,0.5864903330802917,0.8680083155632019,1.1757184267044067,1.4246618747711182,1.3679813146591187,1.1859629154205322,0.9833201766014099,0.6209450364112854,0.5309141278266907,0.4093923568725586,0.5929637551307678,0.820284366607666,0.9917501211166382,1.494547963142395,1.53596031665802,1.4885627031326294,1.3849256038665771,1.6525988578796387,1.5397506952285767,1.2075389623641968,1.156240463256836,0.8727526664733887,1.0221259593963623,1.0172384977340698,1.1647391319274902,1.353916883468628,1.5566227436065674,1.8480337858200073,0.9308042526245117,1.2746829986572266,1.5003693103790283,1.7485291957855225,2.0866458415985107,2.2850265502929688,2.1072745323181152,1.8519306182861328,1.6035822629928589,1.2567322254180908,1.1270103454589844,0.7500439286231995,0.7785796523094177,0.5150709748268127,0.8074861764907837,1.832985281944275,2.0244107246398926,2.051330804824829,2.0498046875,2.3508992195129395,2.2863168716430664,1.925301432609558,1.7500499486923218,1.4916859865188599,1.4999929666519165,1.4921619892120361,1.4488747119903564,1.6729438304901123,1.7003833055496216,2.0549237728118896,1.1266558170318604,1.37307608127594,1.2691470384597778,1.4947141408920288,1.6904751062393188,1.6981042623519897,1.4421234130859375,1.0560612678527832,1.016373872756958,0.8639549016952515,1.1371766328811646,1.0761806964874268,1.4578090906143188,1.5678880214691162,1.8936277627944946
A2,0.3669929504394531,0.0,0.3710262179374695,0.5804994702339172,0.8818457126617432,1.1841175556182861,1.2088115215301514,1.1252236366271973,0.9407024383544922,0.6678562164306641,0.5302773714065552,0.6267091035842896,0.6948579549789429,1.0137056112289429,1.0969290733337402,1.5588310956954956,1.5156041383743286,1.465022087097168,1.2716493606567383,1.5183656215667725,1.3955568075180054,1.1063753366470337,1.1779133081436157,0.8896220922470093,1.0962344408035278,1.0300759077072144,1.2594643831253052,1.38250732421875,1.639153003692627,1.8748315572738647,1.247302770614624,1.605432152748108,1.803349494934082,2.0741512775421143,2.3967199325561523,2.5794901847839355,2.3871583938598633,2.096782684326172,1.877554178237915,1.5373753309249878,1.459523320198059,1.087097406387329,1.1446388959884644,0.8572031259536743,1.1089376211166382,2.0637128353118896,2.2941243648529053,2.3342299461364746,2.368736982345581,2.6715242862701416,2.6141791343688965,2.2514452934265137,2.043062210083008,1.8053569793701172,1.7791163921356201,1.7835484743118286,1.6842505931854248,1.905401349067688,1.8705484867095947,2.229274034500122,1.3055269718170166,1.5918148756027222,1.5183720588684082,1.7911860942840576,1.976918339729309,2.010347604751587,1.7824606895446777,1.3882149457931519,1.3697236776351929,1.1752111911773682,1.422108769416809,1.2865043878555298,1.6440457105636597,1.6857457160949707,2.000831127166748
A3,0.5864903330802917,0.3710262179374695,0.0,0.38341450691223145,0.6020686030387878,0.868846595287323,0.9042506217956543,0.8115997910499573,0.7219495177268982,0.5356833934783936,0.6026108264923096,0.8160408735275269,0.9955924153327942,1.3252416849136353,1.452845811843872,1.5980074405670166,1.5560646057128906,1.5897040367126465,1.3956948518753052,1.6858444213867188,1.6295289993286133,1.392899990081787,1.471206545829773,1.1425538063049316,1.2623506784439087,1.085149884223938,1.2615101337432861,1.2842458486557007,1.506821870803833,1.7056963443756104,1.50813627243042,1.85077702999115,2.060478925704956,2.291012763977051,2.634557008743286,2.7973005771636963,2.5756633281707764,2.30086612701416,2.049954891204834,1.7417571544647217,1.6270430088043213,1.2640964984893799,1.274492621421814,0.9524292349815369,1.1969133615493774,2.0871825218200684,2.3326547145843506,2.3315627574920654,2.3992228507995605,2.6730239391326904,2.5965042114257812,2.227757692337036,1.9764196872711182,1.7956618070602417,1.7717311382293701,1.8518425226211548,1.7536828517913818,2.0285661220550537,2.0064282417297363,2.3756861686706543,1.137272834777832,1.4326364994049072,1.3932315111160278,1.7191401720046997,1.900448203086853,1.9998061656951904,1.8325774669647217,1.449709177017212,1.431127667427063,1.1632107496261597,1.3867251873016357,1.2144098281860352,1.538464069366455,1.5706740617752075,1.8412437438964844
A4,0.8680083155632019,0.5804994702339172,0.38341450691223145,0.0,0.38581639528274536,0.6358233690261841,0.716600775718689,0.8020085096359253,0.6798481941223145,0.6736385226249695,0.6502953767776489,0.9738476276397705,1.0862220525741577,1.4565757513046265,1.559896469116211,1.5017091035842896,1.3808928728103638,1.4303979873657227,1.1827983856201172,1.4634889364242554,1.454856514930725,1.3022593259811401,1.4459302425384521,1.1219477653503418,1.2297823429107666,0.9960612058639526,1.229203462600708,1.188787579536438,1.4685137271881104,1.5986528396606445,1.7349392175674438,2.0902302265167236,2.2501842975616455,2.4900190830230713,2.815560817718506,2.940244436264038,2.690875291824341,2.3827757835388184,2.165106773376465,1.8814117908477783,1.8322627544403076,1.487102746963501,1.5715458393096924,1.2892482280731201,1.564685583114624,2.1519346237182617,2.4386532306671143,2.471513271331787,2.5865213871002197,2.8737924098968506,2.836361885070801,2.484520673751831,2.2004847526550293,2.0195701122283936,1.930335521697998,1.9981707334518433,1.8317890167236328,2.0899319648742676,2.0027077198028564,2.3650898933410645,1.3238084316253662,1.6582231521606445,1.6877028942108154,2.019623279571533,2.2309648990631104,2.3534677028656006,2.1798808574676514,1.8041971921920776,1.7425354719161987,1.4476712942123413,1.6025059223175049,1.3527989387512207,1.626832365989685,1.5656344890594482,1.8265633583068848
A5,1.1757184267044067,0.8818457126617432,0.6020686030387878,0.38581639528274536,0.0,0.3976632058620453,0.6755470633506775,0.8388828635215759,0.8779728412628174,0.9518044590950012,1.0205525159835815,1.3362387418746948,1.4626408815383911,1.8287804126739502,1.9155492782592773,1.8194422721862793,1.6843293905258179,1.7669495344161987,1.5012637376785278,1.7615480422973633,1.7604435682296753,1.6414647102355957,1.819050908088684,1.5042316913604736,1.6062055826187134,1.3443626165390015,1.5455230474472046,1.4333009719848633,1.6743264198303223,1.7482768297195435,2.081965684890747,2.432258129119873,2.6136951446533203,2.845519781112671,3.1804628372192383,3.310123920440674,3.0576517581939697,2.7580604553222656,2.5287153720855713,2.2499444484710693,2.174673080444336,1.8263627290725708,1.862766981124878,1.5457841157913208,1.7739635705947876,2.453249216079712,2.740952253341675,2.742387533187866,2.8668105602264404,3.1281259059906006,3.0638108253479004,2.705571174621582,2.40766978263855,2.2723023891448975,2.2043797969818115,2.316030502319336,2.162360906600952,2.4420223236083984,2.360962152481079,2.723036289215088,1.4929817914962769,1.8018572330474854,1.8287400007247925,2.190034866333008,2.36550235748291,2.5160746574401855,2.3921265602111816,2.0206680297851562,1.9980708360671997,1.690561294555664,1.853028655052185,1.6079285144805908,1.8497638702392578,1.7847750186920166,1.9914523363113403
A6,1.4246618747711182,1.1841175556182861,0.868846595287323,0.6358233690261841,0.3976632058620453,0.0,0.3904309570789337,0.6814684271812439,0.8104883432388306,1.030153751373291,1.168761134147644,1.5133812427520752,1.6881103515625,2.054246664047241,2.1873180866241455,1.7777864933013916,1.6473283767700195,1.8073217868804932,1.5794867277145386,1.8698843717575073,1.9482165575027466,1.8728166818618774,2.0209903717041016,1.6872444152832031,1.705664038658142,1.3813726902008057,1.5192891359329224,1.312530279159546,1.511290192604065,1.512497067451477,2.291851043701172,2.6290454864501953,2.7921855449676514,2.98822283744812,3.3279926776885986,3.420577049255371,3.136218786239624,2.84741473197937,2.6087112426757812,2.3742051124572754,2.30027174949646,1.982497215270996,2.0288429260253906,1.7412117719650269,1.9914315938949585,2.4001541137695312,2.7035837173461914,2.689943552017212,2.858590841293335,3.0993504524230957,3.0495243072509766,2.710982322692871,2.3761470317840576,2.283146619796753,2.184190273284912,2.3374946117401123,2.166360378265381,2.4680778980255127,2.3847365379333496,2.7391433715820312,1.4496477842330933,1.7580796480178833,1.8573578596115112,2.2264277935028076,2.4243175983428955,2.6283700466156006,2.533024787902832,2.190558671951294,2.1265907287597656,1.7784531116485596,1.870581030845642,1.5848850011825562,1.7510005235671997,1.6399497985839844,1.7862117290496826
A7,1.3679813146591187,1.2088115215301514,0.9042506217956543,0.716600775718689,0.6755470633506775,0.3904309570789337,0.0,0.4009835422039032,0.5220180153846741,0.8417737483978271,1.0314359664916992,1.3710185289382935,1.5980513095855713,1.9447107315063477,2.1361382007598877,1.4863841533660889,1.4045945405960083,1.6207720041275024,1.4669573307037354,1.8045672178268433,1.9349372386932373,1.8530348539352417,1.9309433698654175,1.5783816576004028,1.5128133296966553,1.156212568283081,1.2183949947357178,0.966699481010437,1.1308399438858032,1.1294127702713013,2.1508758068084717,2.4676096439361572,2.609278678894043,2.7687325477600098,3.109227418899536,3.171731948852539,2.867084503173828,2.596066951751709,2.3464341163635254,2.151360511779785,2.0785722732543945,1.7979934215545654,1.865530252456665,1.6295506954193115,1.915813684463501,2.0538012981414795,2.361661911010742,2.3446638584136963,2.539000988006592,2.7744686603546143,2.7486746311187744,2.4303715229034424,2.0759871006011963,1.993807315826416,1.8633602857589722,2.0349676609039307,1.8567904233932495,2.1732945442199707,2.105742931365967,2.454639434814453,1.1694717407226562,1.4914546012878418,1.653892993927002,2.005899429321289,2.245425224304199,2.474447727203369,2.3746941089630127,2.0618064403533936,1.9407835006713867,1.5696502923965454,1.5933419466018677,1.2772226333618164,1.3958853483200073,1.2626813650131226,1.3967583179473877
A8,1.1859629154205322,1.1252236366271973,0.8115997910499573,0.8020085096359253,0.8388828635215759,0.6814684271812439,0.4009835422039032,0.0,0.3692035973072052,0.6188181042671204,0.9319612383842468,1.2031350135803223,1.503972053527832,1.8126939535140991,2.0476746559143066,1.456498622894287,1.470160722732544,1.683209776878357,1.5887541770935059,1.9537267684936523,2.0564560890197754,1.9068375825881958,1.9169259071350098,1.5487741231918335,1.4588204622268677,1.1301406621932983,1.109826683998108,0.9089139699935913,0.9856780767440796,1.08644437789917,1.92793607711792,2.2186083793640137,2.38918137550354,2.5180869102478027,2.8759377002716064,2.955610990524292,2.6631076335906982,2.4301891326904297,2.142400026321411,1.9483044147491455,1.8173710107803345,1.548171877861023,1.5633264780044556,1.33729887008667,1.609291434288025,1.8394845724105835,2.1128089427948,2.053363084793091,2.2211594581604004,2.438170909881592,2.3828413486480713,2.0548977851867676,1.7062309980392456,1.6431732177734375,1.5573773384094238,1.7669576406478882,1.6493960618972778,1.9976783990859985,1.9987308979034424,2.3552095890045166,0.7879990935325623,1.0974879264831543,1.2565245628356934,1.61034095287323,1.8486779928207397,2.0896148681640625,2.0084164142608643,1.7178432941436768,1.595986247062683,1.2181105613708496,1.2465697526931763,0.9703105688095093,1.1124348640441895,1.079653024673462,1.222463846206665
A9,0.9833201766014099,0.9407024383544922,0.7219495177268982,0.6798481941223145,0.8779728412628174,0.8104883432388306,0.5220180153846741,0.3692035973072052,0.0,0.3802567720413208,0.6144021153450012,0.9070172905921936,1.1893686056137085,1.4999487400054932,1.7430707216262817,1.1219474077224731,1.1332100629806519,1.324989676475525,1.249398946762085,1.6231720447540283,1.7324432134628296,1.581592082977295,1.5675867795944214,1.2005994319915771,1.091981053352356,0.7617695927619934,0.7752411365509033,0.6351682543754578,0.8204468488693237,0.9858909845352173,1.6636381149291992,1.966099500656128,2.101418972015381,2.248732328414917,2.5918121337890625,2.6596293449401855,2.362975835800171,2.1043601036071777,1.8385751247406006,1.640282392501831,1.5586459636688232,1.2917147874832153,1.3844122886657715,1.201244592666626,1.5283489227294922,1.604027271270752,1.8980070352554321,1.8960545063018799,2.064502477645874,2.326586961746216,2.3154923915863037,1.9946616888046265,1.6594107151031494,1.5236998796463013,1.3864073753356934,1.5302560329437256,1.3672388792037964,1.6905310153961182,1.6612051725387573,2.022146463394165,0.7818037271499634,1.1436306238174438,1.3018683195114136,1.617000699043274,1.8972281217575073,2.0942420959472656,1.9467406272888184,1.642094373703003,1.4731571674346924,1.1066107749938965,1.1162347793579102,0.793133020401001,0.985978364944458,0.9142395853996277,1.1543967723846436
A10,0.6209450364112854,0.6678562164306641,0.5356833934783936,0.6736385226249695,0.9518044590950012,1.030153751373291,0.8417737483978271,0.6188181042671204,0.3802567720413208,0.0,0.3847835659980774,0.5873217582702637,0.9123735427856445,1.2002983093261719,1.4497848749160767,1.1802605390548706,1.23371160030365,1.33816659450531,1.2686119079589844,1.624557614326477,1.6576495170593262,1.429496169090271,1.380226731300354,1.0158132314682007,0.9692638516426086,0.7470294833183289,0.7932559251785278,0.8342778086662292,1.0114402770996094,1.2672145366668701,1.3224886655807495,1.6327311992645264,1.8027675151824951,1.9714986085891724,2.3240113258361816,2.436922550201416,2.176215648651123,1.9248018264770508,1.6452616453170776,1.3941885232925415,1.2756019830703735,0.9673441648483276,1.0355738401412964,0.8319816589355469,1.1696466207504272,1.566713571548462,1.8207844495773315,1.8196319341659546,1.9227575063705444,2.2016823291778564,2.1657474040985107,1.8207937479019165,1.5350916385650635,1.3477736711502075,1.2688708305358887,1.3721072673797607,1.2632516622543335,1.5744547843933105,1.5859066247940063,1.956352949142456,0.7082775831222534,1.0513354539871216,1.1143451929092407,1.4109631776809692,1.6772937774658203,1.8198776245117188,1.6364647150039673,1.3058810234069824,1.1577253341674805,0.8219398856163025,0.9301939606666565,0.693954586982727,1.0120257139205933,1.054338812828064,1.3463656902313232
A11,0.5309141278266907,0.5302773714065552,0.6026108264923096,0.6502953767776489,1.0205525159835815,1.168761134147644,1.0314359664916992,0.9319612383842468,0.6144021153450012,0.3847835659980774,0.0,0.37043923139572144,0.5787273645401001,0.9134580492973328,1.130242943763733,1.039488673210144,1.037097692489624,1.049432635307312,0.950970470905304,1.2822734117507935,1.2852060794830322,1.0465638637542725,1.0070501565933228,0.6416879296302795,0.6682297587394714,0.5239488482475281,0.7306791543960571,0.881290078163147,1.1572513580322266,1.4079138040542603,1.1679860353469849,1.5109033584594727,1.6356358528137207,1.8586777448654175,2.181138038635254,2.292513608932495,2.041811466217041,1.7419207096099854,1.5158652067184448,1.234412431716919,1.2080895900726318,0.8885270953178406,1.0681041479110718,0.9090802073478699,1.2652024030685425,1.5889972448349,1.8563381433486938,1.927566647529602,2.0205984115600586,2.340752363204956,2.3458168506622314,2.015733242034912,1.7631536722183228,1.5129508972167969,1.3930230140686035,1.3911092281341553,1.225592851638794,1.463896632194519,1.4095438718795776,1.777268409729004,1.0418977737426758,1.3767064809799194,1.4185787439346313,1.6694276332855225,1.9413708448410034,2.02620267868042,1.7822338342666626,1.4360716342926025,1.2782213687896729,1.0151337385177612,1.1244107484817505,0.8946589827537537,1.2160193920135498,1.2030527591705322,1.5412226915359497
A12,0.4093923568725586,0.6267091035842896,0.8160408735275269,0.9738476276397705,1.3362387418746948,1.5133812427520752,1.3710185289382935,1.2031350135803223,0.9070172905921936,0.5873217582702637,0.37043923139572144,0.0,0.38673725724220276,0.614524245262146,0.8942230343818665,1.1173620223999023,1.1956957578659058,1.1460444927215576,1.1236491203308105,1.415486454963684,1.3644063472747803,1.0552858114242554,0.9058938026428223,0.5938900709152222,0.6412484645843506,0.68846195936203,0.8175215125083923,1.0813497304916382,1.3000060319900513,1.608532428741455,0.7983952164649963,1.1418012380599976,1.2837077379226685,1.5171165466308594,1.8445361852645874,1.9895368814468384,1.7732659578323364,1.4939807653427124,1.2557966709136963,0.9319467544555664,0.8811236023902893,0.5415955185890198,0.7591880559921265,0.6820642352104187,1.040371060371399,1.4848055839538574,1.6996408700942993,1.7787127494812012,1.8119081258773804,2.144956111907959,2.146474599838257,1.8193395137786865,1.62606680393219,1.328932285308838,1.2494957447052002,1.1860603094100952,1.0830976963043213,1.2877609729766846,1.2930257320404053,1.6502968072891235,1.0724358558654785,1.3490793704986572,1.333970308303833,1.516997218132019,1.784482717514038,1.8112562894821167,1.5215634107589722,1.1879117488861084,1.0161566734313965,0.8423770666122437,0.9888213276863098,0.8711443543434143,1.229880690574646,1.3003578186035156,1.656015157699585
A13,0.5929637551307678,0.6948579549789429,0.9955924153327942,1.0862220525741577,1.4626408815383911,1.6881103515625,1.5980513095855713,1.503972053527832,1.1893686056137085,0.9123735427856445,0.5787273645401001,0.38673725724220276,0.0,0.3785400688648224,0.5555662512779236,1.2079923152923584,1.2158128023147583,1.0499401092529297,0.9868031740188599,1.1925324201583862,1.0624850988388062,0.713079035282135,0.568435549736023,0.33827248215675354,0.5984060764312744,0.7866311073303223,1.0221259593963623,1.3107460737228394,1.5833075046539307,1.865522027015686,0.7963818311691284,1.1543841361999512,1.2401437759399414,1.5435622930526733,1.8192368745803833,1.972731113433838,1.7885082960128784,1.4647082090377808,1.3115626573562622,0.9662801623344421,1.030758023262024,0.7380038499832153,1.0025099515914917,0.9511160850524902,1.2572182416915894,1.6969695091247559,1.9103059768676758,2.0441231727600098,2.0636839866638184,2.417252779006958,2.4441370964050293,2.133579730987549,1.9710371494293213,1.649341106414795,1.552597999572754,1.4124606847763062,1.2736304998397827,1.3796576261520386,1.312847375869751,1.6410850286483765,1.4575738906860352,1.7340898513793945,1.7026472091674805,1.865579605102539,2.1162569522857666,2.096494197845459,1.775697946548462,1.4411925077438354,1.3022159337997437,1.1982942819595337,1.3463122844696045,1.2320690155029297,1.5689055919647217,1.5938197374343872,1.9611274003982544
A14,0.820284366607666,1.0137056112289429,1.3252416849136353,1.4565757513046265,1.8287804126739502,2.054246664047241,1.9447107315063477,1.8126939535140991,1.4999487400054932,1.2002983093261719,0.9134580492973328,0.614524245262146,0.3785400688648224,0.0,0.3746173083782196,1.3490201234817505,1.4178080558776855,1.215203881263733,1.2365083694458008,1.3901782035827637,1.234774112701416,0.8766716718673706,0.598410964012146,0.5717518925666809,0.7534300088882446,1.0430693626403809,1.2045708894729614,1.5471885204315186,1.7768937349319458,2.088573932647705,0.5211554765701294,0.8451296091079712,0.8954525589942932,1.2313854694366455,1.4807683229446411,1.6642413139343262,1.5307303667068481,1.227352499961853,1.1065442562103271,0.7411701679229736,0.8478987812995911,0.6487837433815002,0.9398946166038513,1.0120590925216675,1.2661731243133545,1.6703835725784302,1.825386881828308,1.9816560745239258,1.9472922086715698,2.3083462715148926,2.3489861488342285,2.064824342727661,1.966439127922058,1.6148761510849,1.5419121980667114,1.3287038803100586,1.2435319423675537,1.2705392837524414,1.2488503456115723,1.532749891281128,1.6256741285324097,1.8508400917053223,1.7909026145935059,1.8797763586044312,2.1218268871307373,2.0456886291503906,1.6869611740112305,1.4013612270355225,1.2530122995376587,1.2557346820831299,1.3934357166290283,1.3622281551361084,1.6876816749572754,1.7564506530761719,2.126110553741455
A15,0.9917501211166382,1.0969290733337402,1.452845811843872,1.559896469116211,1.9155492782592773,2.1873180866241455,2.1361382007598877,2.0476746559143066,1.7430707216262817,1.4497848749160767,1.130242943763733,0.8942230343818665,0.5555662512779236,0.3746173083782196,0.0,1.6212928295135498,1.6242048740386963,1.3647960424423218,1.3161898851394653,1.3779683113098145,1.1258513927459717,0.7534763216972351,0.5817980170249939,0.7017918825149536,0.9981668591499329,1.2866827249526978,1.5123916864395142,1.8343604803085327,2.098783254623413,2.388911724090576,0.7799500226974487,1.0636987686157227,1.1016597747802734,1.4741779565811157,1.6683610677719116,1.874328374862671,1.7882543802261353,1.4764580726623535,1.4206509590148926,1.0718176364898682,1.1958190202713013,0.998127281665802,1.2340989112854004,1.2517086267471313,1.452477216720581,2.0295093059539795,2.1847805976867676,2.3516845703125,2.306264877319336,2.6656858921051025,2.6981847286224365,2.4106333255767822,2.325648307800293,1.9767218828201294,1.9160555601119995,1.6979900598526,1.6037596464157104,1.5973678827285767,1.5314081907272339,1.7843883037567139,1.946488857269287,2.1794545650482178,2.0925328731536865,2.194211721420288,2.404876470565796,2.2986562252044678,1.9395620822906494,1.639168620109558,1.5535271167755127,1.574743390083313,1.7492516040802002,1.7112237215042114,2.0447285175323486,2.093329906463623,2.4649505615234375
B1,1.494547963142395,1.5588310956954956,1.5980074405670166,1.5017091035842896,1.8194422721862793,1.7777864933013916,1.4863841533660889,1.456498622894287,1.1219474077224731,1.1802605390548706,1.039488673210144,1.1173620223999023,1.2079923152923584,1.3490201234817505,1.6212928295135498,0.0,0.3660675287246704,0.5866823792457581,0.872563898563385,1.1843675374984741,1.4330651760101318,1.3904446363449097,1.1998603343963623,0.9992154240608215,0.6310534477233887,0.5381865501403809,0.4158134162425995,0.5973782539367676,0.8215877413749695,0.9917498230934143,1.589087963104248,1.8077788352966309,1.7301446199417114,1.8333771228790283,2.0661895275115967,1.9869660139083862,1.6329656839370728,1.3281692266464233,1.2071688175201416,1.1887518167495728,1.3588712215423584,1.3074703216552734,1.6246728897094727,1.6892414093017578,2.0597941875457764,1.003621220588684,1.3525840044021606,1.5637998580932617,1.7924729585647583,2.1293387413024902,2.3039824962615967,2.106299638748169,1.8296269178390503,1.5888862609863281,1.2571048736572266,1.1651242971420288,0.7992373704910278,0.9135190844535828,0.69764643907547,1.0001227855682373,1.422245979309082,1.716470718383789,1.9299657344818115,2.071573257446289,2.4352052211761475,2.5623207092285156,2.3052854537963867,2.0851175785064697,1.7745022773742676,1.5352692604064941,1.355492353439331,1.055505394935608,1.0819276571273804,0.8457691669464111,1.1576884984970093
B2,1.53596031665802,1.5156041383743286,1.5560646057128906,1.3808928728103638,1.6843293905258179,1.6473283767700195,1.4045945405960083,1.470160722732544,1.1332100629806519,1.23371160030365,1.037097692489624,1.1956957578659058,1.2158128023147583,1.4178080558776855,1.6242048740386963,0.3660675287246704,0.0,0.3708856999874115,0.5841918587684631,0.8905830979347229,1.190372109413147,1.226608157157898,1.1325405836105347,0.9461172223091125,0.6672223806381226,0.5250729918479919,0.6268882155418396,0.6992160677909851,1.0185524225234985,1.1028870344161987,1.7534008026123047,2.0134875774383545,1.9424926042556763,2.0974342823028564,2.3198394775390625,2.2561893463134766,1.9194972515106201,1.578773021697998,1.4976897239685059,1.4289075136184692,1.6154131889343262,1.5036070346832275,1.8228775262832642,1.828338861465454,2.203077793121338,1.3694263696670532,1.7181850671768188,1.9258160591125488,2.149644374847412,2.487711191177368,2.646885395050049,2.4281678199768066,2.14101505279541,1.9017012119293213,1.5903823375701904,1.505816102027893,1.1470979452133179,1.237851619720459,0.9656328558921814,1.2389734983444214,1.6142271757125854,1.943096399307251,2.1420042514801025,2.3265268802642822,2.6759629249572754,2.8013756275177,2.54241681098938,2.280985116958618,2.004337787628174,1.748133659362793,1.6233329772949219,1.2973276376724243,1.3602819442749023,1.0910907983779907,1.3812892436981201
B3,1.4885627031326294,1.465022087097168,1.5897040367126465,1.4303979873657227,1.7669495344161987,1.8073217868804932,1.6207720041275024,1.683209776878357,1.324989676475525,1.33816659450531,1.049432635307312,1.1460444927215576,1.0499401092529297,1.215203881263733,1.3647960424423218,0.5866823792457581,0.3708856999874115,0.0,0.3855246603488922,0.6104568243026733,0.8782299757003784,0.9264706373214722,0.8223311901092529,0.7312943935394287,0.5389409065246582,0.6015973687171936,0.8185908794403076,1.0020787715911865,1.3310141563415527,1.4595839977264404,1.6169625520706177,1.881636142730713,1.7833542823791504,1.986147403717041,2.1777992248535156,2.1343488693237305,1.8335394859313965,1.4562673568725586,1.4331519603729248,1.3262723684310913,1.5674716234207153,1.452203631401062,1.8014047145843506,1.8189677000045776,2.18235182762146,1.5207703113555908,1.8381143808364868,2.077465057373047,2.2528698444366455,2.6142966747283936,2.7729077339172363,2.5472612380981445,2.3003716468811035,2.0179736614227295,1.7315428256988525,1.577255129814148,1.2323931455612183,1.2439008951187134,0.9319465160369873,1.1876142024993896,1.8002666234970093,2.1265203952789307,2.274322032928467,2.4428939819335938,2.7789647579193115,2.85554838180542,2.560936689376831,2.285829544067383,2.0282113552093506,1.8221869468688965,1.7482284307479858,1.4672538042068481,1.596082091331482,1.3843649625778198,1.7049709558486938
B4,1.3849256038665771,1.2716493606567383,1.3956948518753052,1.1827983856201172,1.5012637376785278,1.5794867277145386,1.4669573307037354,1.5887541770935059,1.249398946762085,1.2686119079589844,0.950970470905304,1.1236491203308105,0.9868031740188599,1.2365083694458008,1.3161898851394653,0.872563898563385,0.5841918587684631,0.3855246603488922,0.0,0.387472927570343,0.634440541267395,0.7259330749511719,0.7968567609786987,0.6728278398513794,0.6653693318367004,0.6462231874465942,0.9780170917510986,1.0981934070587158,1.4710880517959595,1.5771414041519165,1.6926876306533813,2.0028724670410156,1.9563566446304321,2.2037689685821533,2.4156899452209473,2.420657157897949,2.1433486938476562,1.7598512172698975,1.712953805923462,1.5358002185821533,1.7338247299194336,1.5407323837280273,1.8563716411590576,1.797894835472107,2.15090012550354,1.8232847452163696,2.144092559814453,2.349149465560913,2.51066517829895,2.8681554794311523,2.9860334396362305,2.723660945892334,2.4656691551208496,2.1903796195983887,1.9418175220489502,1.8237284421920776,1.5055910348892212,1.5656791925430298,1.2863614559173584,1.5604444742202759,1.844313383102417,2.1934237480163574,2.311763286590576,2.5256636142730713,2.836313009262085,2.9115705490112305,2.627098798751831,2.309544324874878,2.1010987758636475,1.8768596649169922,1.8692330121994019,1.5768011808395386,1.7551922798156738,1.5514856576919556,1.870025873184204
B5,1.6525988578796387,1.5183656215667725,1.6858444213867188,1.4634889364242554,1.7615480422973633,1.8698843717575073,1.8045672178268433,1.9537267684936523,1.6231720447540283,1.624557614326477,1.2822734117507935,1.415486454963684,1.1925324201583862,1.3901782035827637,1.3779683113098145,1.1843675374984741,0.8905830979347229,0.6104568243026733,0.387472927570343,0.0,0.39709705114364624,0.6825845837593079,0.8362933993339539,0.8734682202339172,0.9509789943695068,1.0201987028121948,1.3439689874649048,1.476954460144043,1.8453322649002075,1.9349517822265625,1.8862731456756592,2.1845762729644775,2.103286027908325,2.376438617706299,2.543090343475342,2.543076276779175,2.2947893142700195,1.8972269296646118,1.9170873165130615,1.7451084852218628,1.9862233400344849,1.808624267578125,2.136054515838623,2.0857105255126953,2.421011209487915,2.120922327041626,2.4277544021606445,2.6622908115386963,2.810121536254883,3.1778244972229004,3.309659957885742,3.055053472518921,2.817089319229126,2.5249102115631104,2.2776472568511963,2.120187282562256,1.801792860031128,1.7974276542663574,1.4831466674804688,1.6988333463668823,2.2204926013946533,2.566098928451538,2.6664748191833496,2.870377540588379,3.1734023094177246,3.221618890762329,2.917989730834961,2.5968902111053467,2.4031388759613037,2.210937976837158,2.2194626331329346,1.9458072185516357,2.1279473304748535,1.922631025314331,2.2374889850616455
B6,1.5397506952285767,1.3955568075180054,1.6295289993286133,1.454856514930725,1.7604435682296753,1.9482165575027466,1.9349372386932373,2.0564560890197754,1.7324432134628296,1.6576495170593262,1.2852060794830322,1.3644063472747803,1.0624850988388062,1.234774112701416,1.1258513927459717,1.4330651760101318,1.190372109413147,0.8782299757003784,0.634440541267395,0.39709705114364624,0.0,0.3900968134403229,0.6763510704040527,0.8018242716789246,1.027836561203003,1.1666676998138428,1.5180891752243042,1.6978610754013062,2.0669169425964355,2.2025349140167236,1.7546169757843018,2.0607662200927734,2.002781629562378,2.319324493408203,2.480177164077759,2.5346150398254395,2.334538221359253,1.9375941753387451,1.9592561721801758,1.7302417755126953,1.9572283029556274,1.7521556615829468,2.0589842796325684,1.9919449090957642,2.292867422103882,2.2929747104644775,2.571810007095337,2.796013832092285,2.8958382606506348,3.2691876888275146,3.3720810413360596,3.0977783203125,2.8920047283172607,2.5801422595977783,2.3791635036468506,2.2034287452697754,1.9280775785446167,1.9172899723052979,1.641041874885559,1.8660600185394287,2.2969226837158203,2.631693124771118,2.6762475967407227,2.875016689300537,3.1484322547912598,3.1549127101898193,2.837165117263794,2.5010907649993896,2.351600408554077,2.2016408443450928,2.272357702255249,2.0430686473846436,2.2823312282562256,2.133009195327759,2.471581220626831
B7,1.2075389623641968,1.1063753366470337,1.392899990081787,1.3022593259811401,1.6414647102355957,1.8728166818618774,1.8530348539352417,1.9068375825881958,1.581592082977295,1.429496169090271,1.0465638637542725,1.0552858114242554,0.713079035282135,0.8766716718673706,0.7534763216972351,1.3904446363449097,1.226608157157898,0.9264706373214722,0.7259330749511719,0.6825845837593079,0.3900968134403229,0.0,0.4014301002025604,0.523786187171936,0.852014422416687,1.043699026107788,1.3877677917480469,1.618308663368225,1.968085765838623,2.161423921585083,1.3964632749557495,1.7143423557281494,1.6950514316558838,2.0290749073028564,2.2150800228118896,2.317052125930786,2.139147996902466,1.7566897869110107,1.7382335662841797,1.4591724872589111,1.6505674123764038,1.422808289527893,1.7115048170089722,1.645123839378357,1.92920982837677,2.141136407852173,2.393507719039917,2.593676805496216,2.6546716690063477,3.0255095958709717,3.0997588634490967,2.81127667427063,2.630775213241577,2.308739423751831,2.149233818054199,1.9714653491973877,1.7426663637161255,1.753684163093567,1.5392638444900513,1.7997368574142456,2.0630927085876465,2.378432512283325,2.3834378719329834,2.568171501159668,2.8238203525543213,2.8055694103240967,2.4812211990356445,2.143050193786621,2.0141918659210205,1.895392894744873,2.0052716732025146,1.8204516172409058,2.102832317352295,2.015673875808716,2.3736133575439453
B8,1.156240463256836,1.1779133081436157,1.471206545829773,1.4459302425384521,1.819050908088684,2.0209903717041016,1.9309433698654175,1.9169259071350098,1.5675867795944214,1.380226731300354,1.0070501565933228,0.9058938026428223,0.568435549736023,0.598410964012146,0.5817980170249939,1.1998603343963623,1.1325405836105347,0.8223311901092529,0.7968567609786987,0.8362933993339539,0.6763510704040527,0.4014301002025604,0.0,0.3690173923969269,0.6246039867401123,0.9356721043586731,1.2105005979537964,1.5129526853561401,1.8235933780670166,2.0599658489227295,1.105963945388794,1.3923720121383667,1.3285714387893677,1.6498013734817505,1.8275078535079956,1.9171983003616333,1.7391246557235718,1.3587621450424194,1.3514422178268433,1.0847219228744507,1.3184010982513428,1.15186607837677,1.483272910118103,1.5023045539855957,1.796718955039978,1.8287662267684937,2.053825855255127,2.272786855697632,2.3165738582611084,2.693962812423706,2.790395975112915,2.526160955429077,2.372131824493408,2.0311343669891357,1.8636754751205444,1.6414636373519897,1.425365924835205,1.3943876028060913,1.2019518613815308,1.4549524784088135,1.923476219177246,2.2125027179718018,2.223975419998169,2.3594672679901123,2.6331472396850586,2.6014244556427,2.256641149520874,1.9565141201019287,1.7841269969940186,1.7019745111465454,1.775133728981018,1.6263834238052368,1.8977015018463135,1.8414865732192993,2.210160255432129
B9,0.8727526664733887,0.8896220922470093,1.1425538063049316,1.1219477653503418,1.5042316913604736,1.6872444152832031,1.5783816576004028,1.5487741231918335,1.2005994319915771,1.0158132314682007,0.6416879296302795,0.5938900709152222,0.33827248215675354,0.5717518925666809,0.7017918825149536,0.9992154240608215,0.9461172223091125,0.7312943935394287,0.6728278398513794,0.8734682202339172,0.8018242716789246,0.523786187171936,0.3690173923969269,0.0,0.38555046916007996,0.6196574568748474,0.916803240776062,1.198747992515564,1.5136401653289795,1.756375789642334,1.0418927669525146,1.3710887432098389,1.375787377357483,1.665523648262024,1.9074898958206177,2.000465154647827,1.780907154083252,1.4173718690872192,1.3179166316986084,1.0321940183639526,1.189643383026123,0.959355354309082,1.274733543395996,1.2473288774490356,1.575871229171753,1.6543396711349487,1.9063308238983154,2.08413028717041,2.1519317626953125,2.51782488822937,2.590376615524292,2.3037967681884766,2.1124520301818848,1.7930580377578735,1.6270400285720825,1.467029333114624,1.2472559213638306,1.314247727394104,1.15781569480896,1.475791573524475,1.582401990890503,1.8886020183563232,1.916481852531433,2.0864498615264893,2.3676648139953613,2.3761746883392334,2.058241128921509,1.739062786102295,1.5585391521453857,1.4167722463607788,1.4916059970855713,1.3095649480819702,1.5945260524749756,1.5408611297607422,1.9086248874664307
B10,1.0221259593963623,1.0962344408035278,1.2623506784439087,1.2297823429107666,1.6062055826187134,1.705664038658142,1.5128133296966553,1.4588204622268677,1.091981053352356,0.9692638516426086,0.6682297587394714,0.6412484645843506,0.5984060764312744,0.7534300088882446,0.9981668591499329,0.6310534477233887,0.6672223806381226,0.5389409065246582,0.6653693318367004,0.9509789943695068,1.027836561203003,0.852014422416687,0.6246039867401123,0.38555046916007996,0.0,0.38043108582496643,0.5881629586219788,0.9128217101097107,1.2037891149520874,1.4534797668457031,1.1048228740692139,1.389417052268982,1.3535562753677368,1.571435809135437,1.8207135200500488,1.8512346744537354,1.5749777555465698,1.218216061592102,1.095477819442749,0.8901838660240173,1.0722193717956543,0.9172012209892273,1.2654733657836914,1.3001410961151123,1.6589490175247192,1.3029085397720337,1.5813729763031006,1.7762383222579956,1.8892146348953247,2.2556064128875732,2.366300106048584,2.108576774597168,1.891642689704895,1.5821163654327393,1.3543657064437866,1.195173740386963,0.9193772077560425,1.0021790266036987,0.830703854560852,1.1746989488601685,1.419672966003418,1.7242494821548462,1.817839503288269,1.9682800769805908,2.2894673347473145,2.3380227088928223,2.032496690750122,1.7547252178192139,1.5046703815460205,1.3280565738677979,1.3028215169906616,1.0824713706970215,1.306061029434204,1.2193325757980347,1.586651086807251
B11,1.0172384977340698,1.0300759077072144,1.085149884223938,0.9960612058639526,1.3443626165390015,1.3813726902008057,1.156212568283081,1.1301406621932983,0.7617695927619934,0.7470294833183289,0.5239488482475281,0.68846195936203,0.7866311073303223,1.0430693626403809,1.2866827249526978,0.5381865501403809,0.5250729918479919,0.6015973687171936,0.6462231874465942,1.0201987028121948,1.1666676998138428,1.043699026107788,0.9356721043586731,0.6196574568748474,0.38043108582496643,0.0,0.3770922124385834,0.5841837525367737,0.9246313571929932,1.1389484405517578,1.3472720384597778,1.6457501649856567,1.6586542129516602,1.8437387943267822,2.1238205432891846,2.1447744369506836,1.8406027555465698,1.5123573541641235,1.3408985137939453,1.1621344089508057,1.2601938247680664,1.0640332698822021,1.3504235744476318,1.3146010637283325,1.6886991262435913,1.3156344890594482,1.6351163387298584,1.7808070182800293,1.943942904472351,2.284052610397339,2.3752782344818115,2.1028945446014404,1.8275654315948486,1.5698609352111816,1.3297725915908813,1.2755907773971558,0.9894013404846191,1.1776087284088135,1.02731454372406,1.3821214437484741,1.2188656330108643,1.5589845180511475,1.7000863552093506,1.9053319692611694,2.232206344604492,2.3399624824523926,2.0812172889709473,1.7903168201446533,1.544987678527832,1.283014178276062,1.2359554767608643,0.9309080243110657,1.1257930994033813,0.9798298478126526,1.331178903579712
B12,1.1647391319274902,1.2594643831253052,1.2615101337432861,1.229203462600708,1.5455230474472046,1.5192891359329224,1.2183949947357178,1.109826683998108,0.7752411365509033,0.7932559251785278,0.7306791543960571,0.8175215125083923,1.0221259593963623,1.2045708894729614,1.5123916864395142,0.4158134162425995,0.6268882155418396,0.8185908794403076,0.9780170917510986,1.3439689874649048,1.5180891752243042,1.3877677917480469,1.2105005979537964,0.916803240776062,0.5881629586219788,0.3770922124385834,0.0,0.3864993453025818,0.6169477105140686,0.8964517116546631,1.381328821182251,1.6255794763565063,1.6323519945144653,1.7411710023880005,2.0339651107788086,2.021085739135742,1.6875306367874146,1.4121782779693604,1.1924219131469727,1.092331051826477,1.150146722793579,1.0315701961517334,1.2968558073043823,1.3234513998031616,1.694224238395691,0.9774436354637146,1.309390902519226,1.436547875404358,1.6351542472839355,1.9609858989715576,2.0715949535369873,1.825244665145874,1.5306782722473145,1.2967966794967651,1.0131382942199707,1.0021321773529053,0.7086281180381775,0.969070315361023,0.896297812461853,1.250179648399353,1.0222771167755127,1.3329216241836548,1.531296968460083,1.702147364616394,2.056487560272217,2.196951150894165,1.9600417613983154,1.7230212688446045,1.4276742935180664,1.1509860754013062,0.9991020560264587,0.6733171343803406,0.7862001657485962,0.635438859462738,1.0005124807357788
B13,1.353916883468628,1.38250732421875,1.2842458486557007,1.188787579536438,1.4333009719848633,1.312530279159546,0.966699481010437,0.9089139699935913,0.6351682543754578,0.8342778086662292,0.881290078163147,1.0813497304916382,1.3107460737228394,1.5471885204315186,1.8343604803085327,0.5973782539367676,0.6992160677909851,1.0020787715911865,1.0981934070587158,1.476954460144043,1.6978610754013062,1.618308663368225,1.5129526853561401,1.198747992515564,0.9128217101097107,0.5841837525367737,0.3864993453025818,0.0,0.38373488187789917,0.5599074363708496,1.7277231216430664,1.9801561832427979,2.009269952774048,2.103386163711548,2.4030892848968506,2.3772573471069336,2.030696392059326,1.7728192806243896,1.5508497953414917,1.4706897735595703,1.492063045501709,1.352034330368042,1.560229778289795,1.5265774726867676,1.88859224319458,1.1629371643066406,1.5091185569763184,1.585911512374878,1.8333396911621094,2.1173715591430664,2.213405132293701,1.969176173210144,1.624511957168579,1.467388391494751,1.18849778175354,1.2768609523773193,1.006712794303894,1.2916339635849,1.2117090225219727,1.5360127687454224,1.0047513246536255,1.330548882484436,1.5849751234054565,1.8039212226867676,2.1515281200408936,2.3486056327819824,2.16318416595459,1.9240959882736206,1.649317979812622,1.3171824216842651,1.1498264074325562,0.7718307971954346,0.7777332067489624,0.49786698818206787,0.7898257970809937
