,A1,A2,A3,A4,A5,A6,A7,A8,A9,A10,A11,A12,A13,A14,A15,B1,B2,B3,B4,B5,B6,B7,B8,B9,B10,B11,B12,B13,B14,B15,C1,C2,C3,C4,C5,C6,C7,C8,C9,C10,C11,C12,C13,C14,C15,D1,D2,D3,D4,D5,D6,D7,D8,D9,D10,D11,D12,D13,D14,D15,E1,E2,E3,E4,E5,E6,E7,E8,E9,E10,E11,E12,E13,E14,E15
A1,0.0,0.3710089921951294,0.5813804864883423,0.8564674258232117,1.1186456680297852,1.3849419355392456,1.3889353275299072,1.4396055936813354,1.5387357473373413,1.4655747413635254,1.8046282529830933,1.8015990257263184,2.1681385040283203,2.3005993366241455,2.620452642440796,1.4646625518798828,1.4623408317565918,1.6526721715927124,1.4851173162460327,1.84432852268219,1.843855857849121,1.7942702770233154,1.601434350013733,1.6845048666000366,1.4591782093048096,1.7364580631256104,1.6444512605667114,1.9651097059249878,2.0498220920562744,2.330045700073242,1.4098323583602905,1.25298011302948,1.4192478656768799,1.1903417110443115,1.5046025514602661,1.5390928983688354,1.6036285161972046,1.2949162721633911,1.3481589555740356,1.0788365602493286,1.2892740964889526,1.2505615949630737,1.4861747026443481,1.6582847833633423,1.8489151000976562,2.017137289047241,1.9204152822494507,1.7206529378890991,1.40702486038208,1.4933903217315674,1.1389951705932617,0.9101525545120239,0.6073696613311768,0.4758065938949585,0.6549160480499268,0.7149890661239624,1.0811283588409424,1.2607972621917725,1.6278854608535767,1.831637978553772,1.651541829109192,1.523560881614685,1.3649312257766724,1.1834741830825806,1.274295687675476,0.9673850536346436,0.5465497970581055,0.6813974976539612,0.6092085838317871,0.9514082074165344,1.146351933479309,1.4304921627044678,1.7186105251312256,2.005763292312622,2.311681032180786
A2,0.3710089921951294,0.0,0.3848143517971039,0.6063624024391174,0.8806123733520508,1.1792688369750977,1.2822132110595703,1.3179782629013062,1.497285008430481,1.4518463611602783,1.812880516052246,1.8550466299057007,2.210911273956299,2.386042833328247,2.6829020977020264,1.505812406539917,1.4167371988296509,1.5589183568954468,1.324923038482666,1.6571440696716309,1.6262186765670776,1.6354777812957764,1.4209078550338745,1.565769910812378,1.3847620487213135,1.6910974979400635,1.6699187755584717,1.988979697227478,2.1334376335144043,2.398979663848877,1.3826360702514648,1.1788818836212158,1.248009443283081,0.9490892887115479,1.2170501947402954,1.2183715105056763,1.333182454109192,1.0368013381958008,1.1788030862808228,1.0077546834945679,1.2776607275009155,1.345444917678833,1.6056240797042847,1.8398030996322632,2.0432755947113037,1.7965919971466064,1.6682013273239136,1.4255949258804321,1.110422134399414,1.1453077793121338,0.7775396108627319,0.5759552121162415,0.32294797897338867,0.43833398818969727,0.7540343403816223,0.9573493003845215,1.3043880462646484,1.5491570234298706,1.8983259201049805,2.137972354888916,1.527438998222351,1.3971290588378906,1.1710656881332397,1.0521609783172607,1.077264428138733,0.8254475593566895,0.46281448006629944,0.7337430715560913,0.799875020980835,1.0935869216918945,1.367931604385376,1.6103911399841309,1.9407730102539062,2.20772647857666,2.530689239501953
A3,0.5813804864883423,0.3848143517971039,0.0,0.37698227167129517,0.5450077652931213,0.8662000894546509,0.9736287593841553,1.0958890914916992,1.3197027444839478,1.3758478164672852,1.752287745475769,1.8660972118377686,2.2302658557891846,2.447490930557251,2.754944086074829,1.1786495447158813,1.047325849533081,1.203026294708252,0.9933701753616333,1.338085412979126,1.375458002090454,1.4215964078903198,1.2861716747283936,1.4919281005859375,1.3973546028137207,1.749584436416626,1.7821627855300903,2.13515305519104,2.3057589530944824,2.601184606552124,1.1801633834838867,0.9057542085647583,0.9885871410369873,0.7459406852722168,1.0017648935317993,1.1273009777069092,1.2988975048065186,1.09266996383667,1.2906323671340942,1.166022777557373,1.4932143688201904,1.550127387046814,1.858673334121704,2.0690550804138184,2.311227560043335,1.8173258304595947,1.6231420040130615,1.4163655042648315,1.0527693033218384,1.1056387424468994,0.7465916275978088,0.7394198775291443,0.44493919610977173,0.7015727758407593,0.8882233500480652,1.13198983669281,1.4394643306732178,1.686814785003662,2.032224655151367,2.2548465728759766,1.41892671585083,1.2009344100952148,0.9507730603218079,0.7508607506752014,0.7256511449813843,0.4408886134624481,0.16250985860824585,0.5064293146133423,0.7556278705596924,1.047088861465454,1.3656905889511108,1.6308176517486572,1.959168791770935,2.2531492710113525,2.552011251449585
A4,0.8564674258232117,0.6063624024391174,0.37698227167129517,0.0,0.37767577171325684,0.5826149582862854,0.7524771094322205,0.7993455529212952,1.079110860824585,1.156601905822754,1.5321747064590454,1.6919527053833008,2.034925699234009,2.292492389678955,2.5767197608947754,1.1863086223602295,1.0169131755828857,1.0467137098312378,0.7504534721374512,1.0586942434310913,1.0283045768737793,1.0842185020446777,0.9326637387275696,1.1804709434509277,1.1488274335861206,1.5190538167953491,1.6236246824264526,1.9762462377548218,2.1982688903808594,2.4915809631347656,0.9719966650009155,0.7030977010726929,0.6689493060112,0.37223559617996216,0.6540058851242065,0.7885711789131165,0.9504196643829346,0.808144211769104,1.0509662628173828,1.0216965675354004,1.389849066734314,1.5065948963165283,1.8473690748214722,2.084411859512329,2.359750986099243,1.4854317903518677,1.2638674974441528,1.0830143690109253,0.7083423733711243,0.8237447142601013,0.5545551776885986,0.6406163573265076,0.41965141892433167,0.762683093547821,0.9015832543373108,1.2335065603256226,1.4828821420669556,1.787002682685852,2.096686601638794,2.355973482131958,1.1004842519760132,0.8893615007400513,0.6008844375610352,0.5179398059844971,0.5331354737281799,0.5069665908813477,0.4752331078052521,0.6214114427566528,0.8690691590309143,1.0332773923873901,1.3980560302734375,1.5947446823120117,1.9523004293441772,2.213907241821289,2.5211308002471924
A5,1.1186456680297852,0.8806123733520508,0.5450077652931213,0.37767577171325684,0.0,0.4081921875476837,0.6857991814613342,0.8714258670806885,1.2040801048278809,1.3847956657409668,1.7501975297927856,1.961785912513733,2.298609972000122,2.5803136825561523,2.8650500774383545,1.0779262781143188,0.8097976446151733,0.8459067940711975,0.5728630423545837,0.8579667210578918,0.9431227445602417,1.1078441143035889,1.0705113410949707,1.384291410446167,1.43757164478302,1.8180867433547974,1.9550039768218994,2.3141212463378906,2.546118974685669,2.847327709197998,1.0814543962478638,0.7367058396339417,0.6619091629981995,0.4921465218067169,0.5861311554908752,0.8695281744003296,1.1306401491165161,1.0917378664016724,1.3780595064163208,1.3876237869262695,1.7609167098999023,1.8720781803131104,2.2189321517944336,2.4434502124786377,2.723344326019287,1.6969372034072876,1.4137163162231445,1.2466223239898682,0.8793708682060242,0.9189789891242981,0.6913544535636902,0.9316164255142212,0.7726951241493225,1.1230047941207886,1.249403476715088,1.5601117610931396,1.8045095205307007,2.0872714519500732,2.40071702003479,2.6359241008758545,1.2756569385528564,0.9827147722244263,0.6631351113319397,0.5055849552154541,0.2436862736940384,0.33844083547592163,0.6123476028442383,0.764416515827179,1.108612060546875,1.2837297916412354,1.6460119485855103,1.8638510704040527,2.2031428813934326,2.4835705757141113,2.766176223754883
A6,1.3849419355392456,1.1792688369750977,0.8662000894546509,0.5826149582862854,0.4081921875476837,0.0,0.40180033445358276,0.5656029582023621,0.9313467144966125,1.1849664449691772,1.5166330337524414,1.7864410877227783,2.094789743423462,2.4115281105041504,2.680011510848999,1.0044970512390137,0.7479375600814819,0.5955853462219238,0.22669851779937744,0.48019200563430786,0.5650078058242798,0.7350238561630249,0.7957994341850281,1.135314702987671,1.287376880645752,1.664434790611267,1.8583396673202515,2.2173774242401123,2.477604389190674,2.788130044937134,0.8394724130630493,0.5258923172950745,0.31905680894851685,0.4022611081600189,0.44695767760276794,0.8253050446510315,1.0116567611694336,1.0854159593582153,1.3420603275299072,1.4021188020706177,1.7811915874481201,1.8959163427352905,2.267507791519165,2.4798495769500732,2.7941477298736572,1.5275646448135376,1.2201588153839111,1.16147780418396,0.8309148550033569,0.9809092879295349,0.9051109552383423,1.144156813621521,0.9917701482772827,1.3051284551620483,1.3351271152496338,1.6715171337127686,1.8432868719100952,2.147254705429077,2.4191575050354004,2.6652884483337402,1.0048165321350098,0.6702373027801514,0.3863213360309601,0.33098965883255005,0.23983462154865265,0.6298714876174927,0.9028767347335815,0.8965714573860168,1.2087525129318237,1.26356840133667,1.6307883262634277,1.790518045425415,2.1266188621520996,2.3826587200164795,2.648362636566162
A7,1.3889353275299072,1.2822132110595703,0.9736287593841553,0.7524771094322205,0.6857991814613342,0.40180033445358276,0.0,0.3831758201122284,0.6398893594741821,0.95746248960495,1.2672462463378906,1.5513721704483032,1.8663955926895142,2.17740535736084,2.46618390083313,0.7187069058418274,0.5901705622673035,0.403156042098999,0.2594069838523865,0.5595803260803223,0.6915976405143738,0.6570906043052673,0.7999681234359741,1.0403939485549927,1.1890268325805664,1.5531266927719116,1.7204370498657227,2.094884157180786,2.3277015686035156,2.664280414581299,0.5104848146438599,0.20555268228054047,0.3215590715408325,0.6149687170982361,0.7987667322158813,1.1292375326156616,1.1985982656478882,1.2432599067687988,1.3997478485107422,1.3878847360610962,1.7459256649017334,1.790237545967102,2.1721062660217285,2.332742691040039,2.6667885780334473,1.6258900165557861,1.3669019937515259,1.3882012367248535,1.0717772245407104,1.3053566217422485,1.2091304063796997,1.3521312475204468,1.1109223365783691,1.3297886848449707,1.2442243099212646,1.5428634881973267,1.6545886993408203,1.9341564178466797,2.1804187297821045,2.404261350631714,0.9006016850471497,0.5187848806381226,0.46680527925491333,0.2361486852169037,0.4962264895439148,0.736973226070404,0.9477692246437073,0.7757410407066345,1.0419913530349731,1.0205260515213013,1.3586747646331787,1.5123202800750732,1.8178441524505615,2.083681106567383,2.3201842308044434
A8,1.4396055936813354,1.3179782629013062,1.0958890914916992,0.7993455529212952,0.8714258670806885,0.5656029582023621,0.3831758201122284,0.0,0.38281118869781494,0.6569596529006958,0.9592403769493103,1.256272315979004,1.5486729145050049,1.8778624534606934,2.142976999282837,1.0397487878799438,0.9695248007774353,0.7505093812942505,0.5312369465827942,0.6935604214668274,0.5947357416152954,0.38413941860198975,0.44972506165504456,0.6583954095840454,0.8472675085067749,1.2015548944473267,1.411630630493164,1.7707427740097046,2.0328257083892822,2.3573029041290283,0.36154231429100037,0.34002238512039185,0.25731778144836426,0.5493838787078857,0.767118513584137,0.9922131299972534,0.9375223517417908,1.0097345113754272,1.1101092100143433,1.144423246383667,1.4892781972885132,1.5671653747558594,1.9514329433441162,2.1297874450683594,2.4761464595794678,1.2836111783981323,1.0609694719314575,1.1470565795898438,0.8874900341033936,1.2009354829788208,1.183314561843872,1.2728058099746704,1.075882911682129,1.2542493343353271,1.132781982421875,1.4635969400405884,1.5267754793167114,1.847848892211914,2.0567786693573,2.320805549621582,0.51749187707901,0.14128819108009338,0.3064257800579071,0.4256266951560974,0.7452899217605591,0.99528968334198,1.0977442264556885,0.9223111867904663,1.0786954164505005,0.9538545608520508,1.2945104837417603,1.3595770597457886,1.6921857595443726,1.9057443141937256,2.165910482406616
A9,1.5387357473373413,1.497285008430481,1.3197027444839478,1.079110860824585,1.2040801048278809,0.9313467144966125,0.6398893594741821,0.38281118869781494,0.0,0.39569079875946045,0.6345348358154297,0.9509375691413879,1.2399327754974365,1.5645911693572998,1.8436659574508667,1.0915865898132324,1.1464827060699463,0.953812301158905,0.8560845255851746,1.0015453100204468,0.9127752780914307,0.5731085538864136,0.6350523829460144,0.6037095189094543,0.7530465722084045,1.043989896774292,1.2218633890151978,1.5791869163513184,1.8131369352340698,2.1554319858551025,0.19277705252170563,0.5243065357208252,0.6375595927238464,0.8895726203918457,1.141168236732483,1.3164697885513306,1.1715587377548218,1.2054736614227295,1.183127999305725,1.149996280670166,1.4351222515106201,1.443671703338623,1.8224842548370361,1.9476498365402222,2.3112568855285645,1.3788354396820068,1.242593765258789,1.3903028964996338,1.1758280992507935,1.5213927030563354,1.495187520980835,1.505805492401123,1.2722094058990479,1.3439652919769287,1.1131088733673096,1.3877202272415161,1.3583261966705322,1.6594330072402954,1.8159395456314087,2.0713980197906494,0.49881020188331604,0.35689619183540344,0.6738904714584351,0.7165355086326599,1.0815187692642212,1.2596534490585327,1.289910912513733,1.024856448173523,1.0632209777832031,0.8123348355293274,1.082079291343689,1.0782557725906372,1.3814796209335327,1.5738948583602905,1.8138234615325928
A10,1.4655747413635254,1.4518463611602783,1.3758478164672852,1.156601905822754,1.3847956657409668,1.1849664449691772,0.95746248960495,0.6569596529006958,0.39569079875946045,0.0,0.3782905042171478,0.6035030484199524,0.9269349575042725,1.2304936647415161,1.5168310403823853,1.3772004842758179,1.4556161165237427,1.3140159845352173,1.166975498199463,1.3392869234085083,1.1770071983337402,0.8306770324707031,0.7077831029891968,0.48489007353782654,0.439642995595932,0.6863375306129456,0.8273363709449768,1.1886261701583862,1.419459342956543,1.761033058166504,0.5003840327262878,0.7978413701057434,0.894477128982544,1.010711431503296,1.3055986166000366,1.3701980113983154,1.1379035711288452,1.0932892560958862,0.9503327012062073,0.8682361245155334,1.0931445360183716,1.088986873626709,1.4585742950439453,1.5871093273162842,1.9539909362792969,1.23900306224823,1.2066349983215332,1.3502131700515747,1.1832622289657593,1.5475003719329834,1.5210444927215576,1.4324655532836914,1.2175471782684326,1.190808653831482,0.9114505648612976,1.1664866209030151,1.0822277069091797,1.4109296798706055,1.5354716777801514,1.8294422626495361,0.4809597134590149,0.5995085835456848,0.861523449420929,0.9532636404037476,1.3227702379226685,1.4389764070510864,1.3557721376419067,1.1060954332351685,1.0167168378829956,0.6993957161903381,0.9222078323364258,0.8249661922454834,1.1630436182022095,1.3064616918563843,1.5930149555206299
A11,1.8046282529830933,1.812880516052246,1.752287745475769,1.5321747064590454,1.7501975297927856,1.5166330337524414,1.2672462463378906,0.9592403769493103,0.6345348358154297,0.3782905042171478,0.0,0.3781333267688751,0.6065334677696228,0.9464229345321655,1.2108038663864136,1.6425644159317017,1.756568193435669,1.5851246118545532,1.4764772653579712,1.5935049057006836,1.412505030632019,1.0258740186691284,0.9486661553382874,0.6218046545982361,0.6161499619483948,0.6488229036331177,0.7935590744018555,1.0825303792953491,1.3038712739944458,1.6373751163482666,0.7821366190910339,1.1265337467193604,1.2092680931091309,1.3615343570709229,1.6224368810653687,1.6671321392059326,1.3831676244735718,1.3756779432296753,1.1707106828689575,1.1104590892791748,1.2396085262298584,1.204603910446167,1.5295062065124512,1.6081902980804443,1.9816681146621704,1.3342655897140503,1.369420051574707,1.583890676498413,1.4831650257110596,1.8568387031555176,1.8708817958831787,1.7722722291946411,1.5790936946868896,1.516984224319458,1.2087749242782593,1.4032377004623413,1.2255957126617432,1.5177284479141235,1.550882339477539,1.8379980325698853,0.6661579608917236,0.8750127553939819,1.186442255973816,1.3016304969787598,1.6711795330047607,1.8065252304077148,1.727665662765503,1.4594647884368896,1.3328090906143188,0.9705390334129333,1.0784626007080078,0.8549535870552063,1.1133675575256348,1.1602051258087158,1.4129462242126465
A12,1.8015990257263184,1.8550466299057007,1.8660972118377686,1.6919527053833008,1.961785912513733,1.7864410877227783,1.5513721704483032,1.256272315979004,0.9509375691413879,0.6035030484199524,0.3781333267688751,0.0,0.38024917244911194,0.6287067532539368,0.9379655122756958,1.8705556392669678,2.010971784591675,1.8883419036865234,1.7687219381332397,1.925376296043396,1.7371025085449219,1.3663089275360107,1.2209415435791016,0.8706499338150024,0.6918225288391113,0.5681357979774475,0.5338836312294006,0.7863853573799133,0.9490976333618164,1.2947670221328735,1.0622940063476562,1.384316325187683,1.4951661825180054,1.5789408683776855,1.8715672492980957,1.8643693923950195,1.5571011304855347,1.474146842956543,1.189407467842102,1.0544843673706055,1.0682355165481567,0.9663487672805786,1.2395384311676025,1.2785085439682007,1.6485157012939453,1.453557014465332,1.5629061460494995,1.7422151565551758,1.658776044845581,2.0213499069213867,2.009185314178467,1.836238980293274,1.6472176313400269,1.4968230724334717,1.161329984664917,1.2766672372817993,1.028387188911438,1.2975491285324097,1.271161675453186,1.5779635906219482,0.9509658217430115,1.1839922666549683,1.451066493988037,1.5471580028533936,1.918074131011963,1.993601679801941,1.8385145664215088,1.5791178941726685,1.3646149635314941,0.9959547519683838,1.0029163360595703,0.6882169246673584,0.9171634912490845,0.8854592442512512,1.1801155805587769
A13,2.1681385040283203,2.210911273956299,2.2302658557891846,2.034925699234009,2.298609972000122,2.094789743423462,1.8663955926895142,1.5486729145050049,1.2399327754974365,0.9269349575042725,0.6065334677696228,0.38024917244911194,0.0,0.3817741274833679,0.6044368147850037,2.205479860305786,2.3455872535705566,2.1903722286224365,2.073215961456299,2.1850907802581787,1.96712327003479,1.5854485034942627,1.4536179304122925,1.0722359418869019,0.9528219699859619,0.7019078731536865,0.6997401118278503,0.7677170038223267,0.919701337814331,1.205379605293274,1.3785114288330078,1.71537446975708,1.7897204160690308,1.888096570968628,2.147773027420044,2.114126682281494,1.769444227218628,1.726047396659851,1.4174377918243408,1.3403112888336182,1.292129635810852,1.2149531841278076,1.4156813621520996,1.4274682998657227,1.7735952138900757,1.5446101427078247,1.70903742313385,1.9371914863586426,1.9149173498153687,2.2796294689178467,2.3130455017089844,2.1433207988739014,1.9895057678222656,1.8401601314544678,1.5197639465332031,1.6202548742294312,1.3450779914855957,1.5787712335586548,1.4774737358093262,1.769155740737915,1.172892451286316,1.4562944173812866,1.743790864944458,1.879813551902771,2.2464139461517334,2.3522298336029053,2.2098844051361084,1.9553502798080444,1.7443279027938843,1.3744441270828247,1.3517985343933105,1.0037562847137451,1.1376192569732666,0.9837112426757812,1.2168102264404297
A14,2.3005993366241455,2.386042833328247,2.447490930557251,2.292492389678955,2.5803136825561523,2.4115281105041504,2.17740535736084,1.8778624534606934,1.5645911693572998,1.2304936647415161,0.9464229345321655,0.6287067532539368,0.3817741274833679,0.0,0.3688168227672577,2.455751895904541,2.6240298748016357,2.503899335861206,2.394864082336426,2.53440523147583,2.3260982036590576,1.9485152959823608,1.7975196838378906,1.419403076171875,1.234031081199646,0.9494335651397705,0.802367091178894,0.7412176728248596,0.7320760488510132,0.9870696663856506,1.6817641258239746,2.0111019611358643,2.1169373989105225,2.187537908554077,2.4695539474487305,2.417670726776123,2.07181453704834,1.9811891317367554,1.6394951343536377,1.5082910060882568,1.372069239616394,1.2280970811843872,1.332306146621704,1.264245629310608,1.575724482536316,1.8330050706863403,2.030165910720825,2.2301204204559326,2.2084062099456787,2.561673164367676,2.568936347961426,2.353548288345337,2.1952614784240723,1.9870405197143555,1.6560604572296143,1.6759307384490967,1.3530710935592651,1.517085313796997,1.3336107730865479,1.605005145072937,1.5236976146697998,1.7964586019515991,2.0667428970336914,2.175361156463623,2.545062780380249,2.6073787212371826,2.4193742275238037,2.1645946502685547,1.9004119634628296,1.5413146018981934,1.4350675344467163,1.058942437171936,1.0956239700317383,0.8345096111297607,1.0441627502441406
A15,2.620452642440796,2.6829020977020264,2.754944086074829,2.5767197608947754,2.8650500774383545,2.680011510848999,2.46618390083313,2.142976999282837,1.8436659574508667,1.5168310403823853,1.2108038663864136,0.9379655122756958,0.6044368147850037,0.3688168227672577,0.0,2.7886087894439697,2.9412341117858887,2.7944729328155518,2.670208215713501,2.777982234954834,2.5381059646606445,2.1639585494995117,2.006810426712036,1.6187222003936768,1.465215802192688,1.1293069124221802,1.033913254737854,0.8501973748207092,0.8471444845199585,0.9719231128692627,1.9794695377349854,2.310837984085083,2.3777120113372803,2.4447250366210938,2.698664426803589,2.6149349212646484,2.24276065826416,2.180001735687256,1.8277482986450195,1.750954508781433,1.5842398405075073,1.4910705089569092,1.5464268922805786,1.4918609857559204,1.760991096496582,1.915199875831604,2.154952049255371,2.3810203075408936,2.4120213985443115,2.760178565979004,2.8077685832977295,2.5951828956604004,2.4751105308532715,2.2765328884124756,1.9701712131500244,2.0038838386535645,1.6906216144561768,1.8537367582321167,1.6499087810516357,1.9124023914337158,1.7368065118789673,2.046855926513672,2.3193254470825195,2.4678046703338623,2.8299999237060547,2.9186549186706543,2.7387843132019043,2.499337673187256,2.2461202144622803,1.8908463716506958,1.8008748292922974,1.4263666868209839,1.4538414478302002,1.1637252569198608,1.3204487562179565
B1,1.4646625518798828,1.505812406539917,1.1786495447158813,1.1863086223602295,1.0779262781143188,1.0044970512390137,0.7187069058418274,1.0397487878799438,1.0915865898132324,1.3772004842758179,1.6425644159317017,1.8705556392669678,2.205479860305786,2.455751895904541,2.7886087894439697,0.0,0.3687058091163635,0.5951031446456909,0.8453629612922668,1.1091043949127197,1.3752038478851318,1.324604868888855,1.4858847856521606,1.6413153409957886,1.7076596021652222,2.041773557662964,2.1088318824768066,2.4941093921661377,2.6434669494628906,3.006073474884033,0.9126296043395996,0.7284902334213257,1.0368887186050415,1.24104642868042,1.4463706016540527,1.786860466003418,1.88267982006073,1.8503392934799194,1.9637908935546875,1.83110773563385,2.1472184658050537,2.0760529041290283,2.430501699447632,2.5048768520355225,2.817434310913086,2.3053853511810303,2.0734243392944336,2.0711982250213623,1.7261794805526733,1.9169187545776367,1.7131680250167847,1.8070768117904663,1.4789295196533203,1.6106904745101929,1.4791712760925293,1.6363807916641235,1.7431464195251465,1.8992704153060913,2.1574769020080566,2.278181791305542,1.5157535076141357,1.167166829109192,1.1659889221191406,0.8069160580635071,0.9241788387298584,0.8778777122497559,1.0631874799728394,0.807425856590271,1.0550025701522827,1.116102933883667,1.3261762857437134,1.5847270488739014,1.7817407846450806,2.115715503692627,2.277979850769043
B2,1.4623408317565918,1.4167371988296509,1.047325849533081,1.0169131755828857,0.8097976446151733,0.7479375600814819,0.5901705622673035,0.9695248007774353,1.1464827060699463,1.4556161165237427,1.756568193435669,2.010971784591675,2.3455872535705566,2.6240298748016357,2.9412341117858887,0.3687058091163635,0.0,0.3835517466068268,0.6027770042419434,0.8613960146903992,1.1675231456756592,1.2209910154342651,1.3851710557937622,1.6202417612075806,1.7232881784439087,2.086019515991211,2.1964499950408936,2.5821890830993652,2.7693560123443604,3.1190195083618164,0.9771807193756104,0.6828334927558899,0.8772785067558289,1.054849624633789,1.1881895065307617,1.5580906867980957,1.7192484140396118,1.719879388809204,1.9014853239059448,1.8270450830459595,2.1763250827789307,2.166717529296875,2.5305566787719727,2.654329538345337,2.9638657569885254,2.1955745220184326,1.9221651554107666,1.8873018026351929,1.5375597476959229,1.679192066192627,1.4888112545013428,1.6544408798217773,1.373278260231018,1.5890189409255981,1.5365816354751587,1.7535645961761475,1.9093117713928223,2.1093666553497314,2.3900907039642334,2.5442233085632324,1.4840302467346191,1.1057904958724976,1.009703516960144,0.658783495426178,0.6344941854476929,0.6569432616233826,0.9689605236053467,0.8282296657562256,1.167259693145752,1.274040937423706,1.5514750480651855,1.8018661737442017,2.0475480556488037,2.3692867755889893,2.5636141300201416
B3,1.6526721715927124,1.5589183568954468,1.203026294708252,1.0467137098312378,0.8459067940711975,0.5955853462219238,0.403156042098999,0.7505093812942505,0.953812301158905,1.3140159845352173,1.5851246118545532,1.8883419036865234,2.1903722286224365,2.503899335861206,2.7944729328155518,0.5951031446456909,0.3835517466068268,0.0,0.3791731894016266,0.5270199775695801,0.8520355820655823,0.9103564620018005,1.1467256546020508,1.399765968322754,1.5810142755508423,1.935827612876892,2.1045026779174805,2.479414463043213,2.703803777694702,3.0475289821624756,0.8271679282188416,0.5752899646759033,0.6590419411659241,0.9453917741775513,1.0214128494262695,1.4077686071395874,1.5362944602966309,1.6137166023254395,1.7965503931045532,1.786797046661377,2.1442830562591553,2.1715378761291504,2.55112624168396,2.6919991970062256,3.024158477783203,1.9734090566635132,1.6848931312561035,1.7088210582733154,1.3977570533752441,1.5760554075241089,1.4758409261703491,1.6740543842315674,1.4360073804855347,1.6739152669906616,1.6003910303115845,1.86709463596344,1.9824362993240356,2.225066661834717,2.473503828048706,2.6601030826568604,1.2532622814178467,0.8678243160247803,0.8184666037559509,0.5800216197967529,0.6100601553916931,0.8418427109718323,1.1597169637680054,1.0059270858764648,1.315722942352295,1.329077124595642,1.6305829286575317,1.8111497163772583,2.075103521347046,2.35916805267334,2.5563039779663086
B4,1.4851173162460327,1.324923038482666,0.9933701753616333,0.7504534721374512,0.5728630423545837,0.22669851779937744,0.2594069838523865,0.5312369465827942,0.8560845255851746,1.166975498199463,1.4764772653579712,1.7687219381332397,2.073215961456299,2.394864082336426,2.670208215713501,0.8453629612922668,0.6027770042419434,0.3791731894016266,0.0,0.3748193085193634,0.5788626074790955,0.6991767883300781,0.8548588752746582,1.164193868637085,1.3421865701675415,1.712454080581665,1.9047085046768188,2.271113634109497,2.5223004817962646,2.8469786643981934,0.7528783082962036,0.4467450976371765,0.33922871947288513,0.585114598274231,0.6479693651199341,1.0289305448532104,1.1739022731781006,1.2600327730178833,1.4789488315582275,1.515485167503357,1.8874952793121338,1.969232439994812,2.3481690883636475,2.533287525177002,2.8593952655792236,1.6471123695373535,1.346486210823059,1.3384345769882202,1.0233591794967651,1.2002403736114502,1.1270900964736938,1.343960165977478,1.153696894645691,1.4326757192611694,1.4099512100219727,1.7261443138122559,1.8686362504959106,2.155855417251587,2.41489577293396,2.6435680389404297,1.0219978094100952,0.6478784680366516,0.4792918562889099,0.33378538489341736,0.34540313482284546,0.7008246779441833,0.9960274696350098,0.9150189161300659,1.2265080213546753,1.249928593635559,1.5992485284805298,1.758621096611023,2.072286605834961,2.335256576538086,2.577103614807129
B5,1.84432852268219,1.6571440696716309,1.338085412979126,1.0586942434310913,0.8579667210578918,0.48019200563430786,0.5595803260803223,0.6935604214668274,1.0015453100204468,1.3392869234085083,1.5935049057006836,1.925376296043396,2.1850907802581787,2.53440523147583,2.777982234954834,1.1091043949127197,0.8613960146903992,0.5270199775695801,0.3748193085193634,0.0,0.3993838131427765,0.6438180804252625,0.9027034044265747,1.2335577011108398,1.4983779191970825,1.8432990312576294,2.0895774364471436,2.4349679946899414,2.7158584594726562,3.0293054580688477,0.9572685956954956,0.7505785226821899,0.5249305963516235,0.8054652810096741,0.7062576413154602,1.086024522781372,1.2265605926513672,1.41385817527771,1.6457364559173584,1.752133846282959,2.119300365447998,2.2319343090057373,2.613173484802246,2.8073625564575195,3.1440134048461914,1.6498428583145142,1.3186991214752197,1.369930624961853,1.127966046333313,1.28961181640625,1.3207563161849976,1.5864866971969604,1.4575833082199097,1.7515671253204346,1.7279636859893799,2.0596201419830322,2.175466299057007,2.4757869243621826,2.71048903465271,2.9479105472564697,1.0883052349090576,0.7548041939735413,0.6487044095993042,0.6845898628234863,0.6441841125488281,1.0413955450057983,1.3575681447982788,1.287395715713501,1.5832252502441406,1.5618215799331665,1.9033138751983643,2.0176825523376465,2.3252248764038086,2.5594983100891113,2.788043737411499
B6,1.843855857849121,1.6262186765670776,1.375458002090454,1.0283045768737793,0.9431227445602417,0.5650078058242798,0.6915976405143738,0.5947357416152954,0.9127752780914307,1.1770071983337402,1.412505030632019,1.7371025085449219,1.96712327003479,2.3260982036590576,2.5381059646606445,1.3752038478851318,1.1675231456756592,0.8520355820655823,0.5788626074790955,0.3993838131427765,0.0,0.3987739384174347,0.5905869603157043,0.9447802305221558,1.2434759140014648,1.5654569864273071,1.8516925573349,2.1689982414245605,2.479196548461914,2.7684781551361084,0.9324989318847656,0.8130018711090088,0.46174171566963196,0.681873619556427,0.5505345463752747,0.82750004529953,0.8882044553756714,1.13838529586792,1.3596762418746948,1.5339429378509521,1.8872965574264526,2.047936201095581,2.4209823608398438,2.643000602722168,2.979876756668091,1.2653591632843018,0.9311330914497375,1.0303913354873657,0.8564913868904114,1.0686959028244019,1.1952505111694336,1.4352015256881714,1.3685457706451416,1.650408148765564,1.6314250230789185,1.991807222366333,2.0883452892303467,2.4237563610076904,2.6369078159332275,2.91117262840271,0.8152080178260803,0.5875040888786316,0.49569693207740784,0.7527301907539368,0.7978455424308777,1.1939951181411743,1.4241544008255005,1.3681602478027344,1.6048994064331055,1.5367828607559204,1.8868792057037354,1.9428825378417969,2.276270627975464,2.4670889377593994,2.7223145961761475
B7,1.7942702770233154,1.6354777812957764,1.4215964078903198,1.0842185020446777,1.1078441143035889,0.7350238561630249,0.6570906043052673,0.38413941860198975,0.5731085538864136,0.8306770324707031,1.0258740186691284,1.3663089275360107,1.5854485034942627,1.9485152959823608,2.1639585494995117,1.324604868888855,1.2209910154342651,0.9103564620018005,0.6991767883300781,0.6438180804252625,0.3987739384174347,0.0,0.38351795077323914,0.6246441602706909,0.9557143449783325,1.2544716596603394,1.5412771701812744,1.8592485189437866,2.160813570022583,2.4622273445129395,0.6539220213890076,0.6972832083702087,0.45835334062576294,0.7491649985313416,0.8023501038551331,0.9982598423957825,0.9023406505584717,1.1072940826416016,1.2162320613861084,1.3516348600387573,1.6763345003128052,1.8000465631484985,2.175724983215332,2.367621898651123,2.7203075885772705,1.1562103033065796,0.9050125479698181,1.091943383216858,0.9355826377868652,1.2462230920791626,1.3444116115570068,1.482851505279541,1.364052414894104,1.5635981559753418,1.4571824073791504,1.7990293502807617,1.832254409790039,2.165947198867798,2.3407375812530518,2.6176857948303223,0.48405471444129944,0.3001713454723358,0.4859483242034912,0.7472358345985413,0.9644241333007812,1.2971222400665283,1.445034384727478,1.3013848066329956,1.4565796852111816,1.3000457286834717,1.6190184354782104,1.6219218969345093,1.9427207708358765,2.1083502769470215,2.355461359024048
B8,1.601434350013733,1.4209078550338745,1.2861716747283936,0.9326637387275696,1.0705113410949707,0.7957994341850281,0.7999681234359741,0.44972506165504456,0.6350523829460144,0.7077831029891968,0.9486661553382874,1.2209415435791016,1.4536179304122925,1.7975196838378906,2.006810426712036,1.4858847856521606,1.3851710557937622,1.1467256546020508,0.8548588752746582,0.9027034044265747,0.5905869603157043,0.38351795077323914,0.0,0.3888232409954071,0.6628357172012329,0.9805123805999756,1.271968960762024,1.5809175968170166,1.8970720767974854,2.1792354583740234,0.7214680314064026,0.7679016590118408,0.5233787298202515,0.6028755307197571,0.7252791523933411,0.7729048132896423,0.5741738677024841,0.7470123171806335,0.8378047347068787,1.014390468597412,1.33757483959198,1.5093377828598022,1.873931884765625,2.1028292179107666,2.4416444301605225,0.841589093208313,0.6243968605995178,0.7839280366897583,0.6472837328910828,1.0052490234375,1.1184395551681519,1.1918405294418335,1.1185486316680908,1.2954200506210327,1.219731330871582,1.5822263956069946,1.631892204284668,1.9929200410842896,2.1736247539520264,2.4814984798431396,0.28879398107528687,0.3450537621974945,0.4243900179862976,0.7767481803894043,1.0078836679458618,1.2823712825775146,1.335010051727295,1.2367862462997437,1.3380590677261353,1.190492868423462,1.5205693244934082,1.506103277206421,1.8616963624954224,2.0079684257507324,2.29805326461792
B9,1.6845048666000366,1.565769910812378,1.4919281005859375,1.1804709434509277,1.384291410446167,1.135314702987671,1.0403939485549927,0.6583954095840454,0.6037095189094543,0.48489007353782654,0.6218046545982361,0.8706499338150024,1.0722359418869019,1.419403076171875,1.6187222003936768,1.6413153409957886,1.6202417612075806,1.399765968322754,1.164193868637085,1.2335577011108398,0.9447802305221558,0.6246441602706909,0.3888232409954071,0.0,0.39280951023101807,0.6342519521713257,0.951442539691925,1.2432219982147217,1.562770962715149,1.8473429679870605,0.7523670792579651,0.9500972032546997,0.8353095650672913,0.917044460773468,1.1022164821624756,1.0887693166732788,0.7836195826530457,0.8716182708740234,0.7767874598503113,0.9098321199417114,1.156326413154602,1.297989010810852,1.6493009328842163,1.8515294790267944,2.202500820159912,0.8008258938789368,0.757555365562439,0.982630729675293,0.9205765724182129,1.294824481010437,1.3920217752456665,1.3642773628234863,1.2695084810256958,1.3348073959350586,1.171409249305725,1.4934512376785278,1.4592459201812744,1.8191468715667725,1.9429463148117065,2.2632594108581543,0.1500573754310608,0.5329756140708923,0.7547022104263306,1.0298898220062256,1.329025387763977,1.545860767364502,1.5213589668273926,1.3650946617126465,1.3589147329330444,1.1179572343826294,1.3837131261825562,1.2788692712783813,1.6191247701644897,1.7102161645889282,2.0019047260284424
B10,1.4591782093048096,1.3847620487213135,1.3973546028137207,1.1488274335861206,1.43757164478302,1.287376880645752,1.1890268325805664,0.8472675085067749,0.7530465722084045,0.439642995595932,0.6161499619483948,0.6918225288391113,0.9528219699859619,1.234031081199646,1.465215802192688,1.7076596021652222,1.7232881784439087,1.5810142755508423,1.3421865701675415,1.4983779191970825,1.2434759140014648,0.9557143449783325,0.6628357172012329,0.39280951023101807,0.0,0.38312262296676636,0.61117023229599,0.9417282342910767,1.2389988899230957,1.5338108539581299,0.8525092005729675,1.0447980165481567,1.0194867849349976,0.993760883808136,1.2601269483566284,1.189151406288147,0.8765383362770081,0.7903919816017151,0.5549722909927368,0.5681968331336975,0.7769479751586914,0.9070709347724915,1.2577199935913086,1.4715216159820557,1.8163549900054932,0.8867073059082031,0.9405770301818848,1.0612534284591675,0.9781640768051147,1.3373152017593384,1.3634581565856934,1.222448468208313,1.1100224256515503,1.0707826614379883,0.8763108849525452,1.1716703176498413,1.1258759498596191,1.4970468282699585,1.6223335266113281,1.9620145559310913,0.4895716905593872,0.76627117395401,0.9171828627586365,1.11923348903656,1.4343518018722534,1.5534770488739014,1.4220895767211914,1.272254228591919,1.1703174114227295,0.9262691736221313,1.1571393013000488,1.0367999076843262,1.3971725702285767,1.4814273118972778,1.8115864992141724
B11,1.7364580631256104,1.6910974979400635,1.749584436416626,1.5190538167953491,1.8180867433547974,1.664434790611267,1.5531266927719116,1.2015548944473267,1.043989896774292,0.6863375306129456,0.6488229036331177,0.5681357979774475,0.7019078731536865,0.9494335651397705,1.1293069124221802,2.041773557662964,2.086019515991211,1.935827612876892,1.712454080581665,1.8432990312576294,1.5654569864273071,1.2544716596603394,0.9805123805999756,0.6342519521713257,0.38312262296676636,0.0,0.37895363569259644,0.6098204255104065,0.9453473091125488,1.21375572681427,1.1686979532241821,1.4071846008300781,1.3874789476394653,1.3687680959701538,1.6126595735549927,1.4956532716751099,1.1342644691467285,1.0545854568481445,0.7263971567153931,0.7402504682540894,0.7595233917236328,0.8761595487594604,1.1532036066055298,1.3457716703414917,1.6843558549880981,0.9386774301528931,1.1189830303192139,1.283720850944519,1.2872532606124878,1.6321752071380615,1.6890655755996704,1.5083929300308228,1.4305325746536255,1.3262048959732056,1.1097512245178223,1.328950047492981,1.1979522705078125,1.544041633605957,1.5866994857788086,1.9395211935043335,0.7707223892211914,1.105718970298767,1.2880820035934448,1.4977110624313354,1.8168632984161377,1.9301798343658447,1.7722325325012207,1.6142905950546265,1.4544951915740967,1.1728805303573608,1.3095273971557617,1.0871374607086182,1.3959628343582153,1.3807469606399536,1.7088578939437866
B12,1.6444512605667114,1.6699187755584717,1.7821627855300903,1.6236246824264526,1.9550039768218994,1.8583396673202515,1.7204370498657227,1.411630630493164,1.2218633890151978,0.8273363709449768,0.7935590744018555,0.5338836312294006,0.6997401118278503,0.802367091178894,1.033913254737854,2.1088318824768066,2.1964499950408936,2.1045026779174805,1.9047085046768188,2.0895774364471436,1.8516925573349,1.5412771701812744,1.271968960762024,0.951442539691925,0.61117023229599,0.37895363569259644,0.0,0.3877720832824707,0.6296530365943909,0.9467492699623108,1.3097596168518066,1.5461167097091675,1.6011631488800049,1.5544332265853882,1.846726655960083,1.734416127204895,1.405655860900879,1.2357478141784668,0.8747907280921936,0.7208046317100525,0.5947045087814331,0.5766444206237793,0.8160390257835388,0.9719892740249634,1.316094994544983,1.2641332149505615,1.4483083486557007,1.5507490634918213,1.5133873224258423,1.8372995853424072,1.8257092237472534,1.5763731002807617,1.4619084596633911,1.2582364082336426,0.9985166788101196,1.1164220571517944,0.926493763923645,1.2430247068405151,1.2529627084732056,1.614427924156189,1.0668638944625854,1.3423763513565063,1.5071971416473389,1.645126461982727,1.9750981330871582,2.013610601425171,1.7870573997497559,1.6177537441253662,1.3759645223617554,1.0968900918960571,1.1414684057235718,0.8896922469139099,1.168751835823059,1.1290273666381836,1.4811716079711914
B13,1.9651097059249878,1.988979697227478,2.13515305519104,1.9762462377548218,2.3141212463378906,2.2173774242401123,2.094884157180786,1.7707427740097046,1.5791869163513184,1.1886261701583862,1.0825303792953491,0.7863853573799133,0.7677170038223267,0.7412176728248596,0.8501973748207092,2.4941093921661377,2.5821890830993652,2.479414463043213,2.271113634109497,2.4349679946899414,2.1689982414245605,1.8592485189437866,1.5809175968170166,1.2432219982147217,0.9417282342910767,0.6098204255104065,0.3877720832824707,0.0,0.3760741353034973,0.6042769551277161,1.6821008920669556,1.9261199235916138,1.9573453664779663,1.8986917734146118,2.1665046215057373,2.008986473083496,1.6516691446304321,1.4932892322540283,1.1089977025985718,1.0112593173980713,0.7706390619277954,0.77634596824646,0.8436889052391052,0.974291205406189,1.261375904083252,1.3914272785186768,1.6485698223114014,1.7652151584625244,1.7931106090545654,2.099026918411255,2.1200103759765625,1.8515827655792236,1.7854431867599487,1.564544439315796,1.3386681079864502,1.4110924005508423,1.1978833675384521,1.460260033607483,1.3942281007766724,1.7482891082763672,1.3761268854141235,1.6894845962524414,1.8554878234863281,2.020627021789551,2.342033863067627,2.386314630508423,2.1485538482666016,1.9965367317199707,1.741929531097412,1.4711540937423706,1.472494125366211,1.1861056089401245,1.3918145895004272,1.2549489736557007,1.5807876586914062
