,A1,A2,A3,A4,A5,A6,A7,A8,A9,A10,A11,A12,A13,A14,A15,B1,B2,B3,B4,B5,B6,B7,B8,B9,B10,B11,B12,B13,B14,B15,C1,C2,C3,C4,C5,C6,C7,C8,C9,C10,C11,C12,C13,C14,C15,D1,D2,D3,D4,D5,D6,D7,D8,D9,D10,D11,D12,D13,D14,D15,E1,E2,E3,E4,E5,E6,E7,E8,E9,E10,E11,E12,E13,E14,E15
A1,0.0,0.3904670178890228,0.5694091320037842,0.8393255472183228,1.1166372299194336,1.3861916065216064,1.6899269819259644,1.9812864065170288,2.247657299041748,2.583753824234009,2.8189544677734375,3.200504779815674,3.4343152046203613,3.6826374530792236,4.0475616455078125,3.570784330368042,3.4485104084014893,3.0834834575653076,2.9172580242156982,2.639435052871704,2.3290319442749023,2.1821212768554688,1.8044981956481934,1.8136305809020996,1.4810519218444824,1.6072858572006226,1.4784773588180542,1.7056190967559814,1.9366350173950195,2.0367207527160645,3.1985816955566406,2.8292171955108643,2.840061664581299,2.7528839111328125,2.4427077770233154,2.4707565307617188,2.112543821334839,2.1590733528137207,2.0235283374786377,1.9894815683364868,2.0824501514434814,2.040825128555298,2.2681877613067627,2.08823299407959,2.3723297119140625,3.761082410812378,3.401414394378662,3.430203676223755,3.1408851146698,3.051147699356079,2.9476494789123535,2.65732741355896,2.789459228515625,2.478095293045044,2.644105911254883,2.4881582260131836,2.6133601665496826,2.612610101699829,2.4616241455078125,2.764596700668335,4.100432395935059,3.865401268005371,3.816878318786621,3.423485517501831,3.4533498287200928,3.168302297592163,3.0572168827056885,2.9987592697143555,2.6831536293029785,2.7417328357696533,2.3936429023742676,2.4861679077148438,2.206726312637329,2.238356828689575,2.3365206718444824
A2,0.3904670178890228,0.0,0.38739243149757385,0.5785998702049255,0.8453884720802307,1.1538594961166382,1.4081472158432007,1.7364643812179565,1.971009612083435,2.324873208999634,2.5486538410186768,2.9335291385650635,3.1699771881103516,3.3936240673065186,3.7683041095733643,3.4401333332061768,3.289854049682617,2.9428794384002686,2.735456943511963,2.4752564430236816,2.14169979095459,1.9814797639846802,1.5990678071975708,1.549592137336731,1.2064058780670166,1.2733200788497925,1.1329119205474854,1.333816409111023,1.5906472206115723,1.6997359991073608,2.819216012954712,2.4477553367614746,2.456968307495117,2.3647725582122803,2.06062388420105,2.0995583534240723,1.7480589151382446,1.828024983406067,1.7138258218765259,1.732006549835205,1.8554797172546387,1.878204584121704,2.12838077545166,2.003856658935547,2.3322818279266357,3.4038217067718506,3.0371720790863037,3.058220386505127,2.777618408203125,2.6759276390075684,2.585522413253784,2.29028582572937,2.43880295753479,2.1457531452178955,2.3304152488708496,2.212775230407715,2.3630943298339844,2.4077749252319336,2.288407802581787,2.6236822605133057,3.86114501953125,3.622861385345459,3.5433483123779297,3.147263288497925,3.1642820835113525,2.859997272491455,2.7581655979156494,2.67496657371521,2.370526075363159,2.415649652481079,2.0714309215545654,2.1717543601989746,1.8954076766967773,1.9760760068893433,2.0848233699798584
A3,0.5694091320037842,0.38739243149757385,0.0,0.3851701617240906,0.5576174259185791,0.8568971157073975,1.1404023170471191,1.4341381788253784,1.7138073444366455,2.0430848598480225,2.299901008605957,2.6744544506073,2.9324629306793213,3.1742920875549316,3.5412445068359375,3.082303285598755,2.9511260986328125,2.600051164627075,2.4065544605255127,2.157285213470459,1.8222639560699463,1.7061649560928345,1.3247445821762085,1.3474944829940796,1.061126708984375,1.2079253196716309,1.191189169883728,1.4239685535430908,1.731940507888794,1.9002776145935059,2.890164613723755,2.5275332927703857,2.5367143154144287,2.3892416954040527,2.1125621795654297,2.11083722114563,1.7373058795928955,1.8130582571029663,1.6252015829086304,1.6510908603668213,1.6968591213226318,1.7128716707229614,1.9088764190673828,1.756484866142273,2.083514451980591,3.259830951690674,2.9098610877990723,2.933452606201172,2.62483811378479,2.5628151893615723,2.4452621936798096,2.185289144515991,2.3323051929473877,2.033504009246826,2.2468626499176025,2.106527328491211,2.295560121536255,2.3142359256744385,2.242922782897949,2.582124710083008,3.8130693435668945,3.5437610149383545,3.467794418334961,3.0743391513824463,3.0533363819122314,2.7555794715881348,2.6042401790618896,2.517538070678711,2.181412935256958,2.2113475799560547,1.850709319114685,1.9262787103652954,1.6501740217208862,1.6771354675292969,1.8037906885147095
A4,0.8393255472183228,0.5785998702049255,0.3851701617240906,0.0,0.38051557540893555,0.5936747789382935,0.8783389329910278,1.186880111694336,1.417670726776123,1.767630696296692,1.9869264364242554,2.371769666671753,2.605590343475342,2.8451788425445557,3.213073492050171,2.903873920440674,2.7320687770843506,2.391731023788452,2.1726603507995605,1.9080713987350464,1.5751090049743652,1.4037213325500488,1.02153742313385,0.9894158244132996,0.6794911623001099,0.8485360145568848,0.8813369870185852,1.1669535636901855,1.4702332019805908,1.700977087020874,2.735074281692505,2.359661340713501,2.3170273303985596,2.1398043632507324,1.8498698472976685,1.799820065498352,1.4130374193191528,1.4519692659378052,1.2480432987213135,1.2668120861053467,1.3248615264892578,1.3678827285766602,1.5927573442459106,1.4940669536590576,1.8514429330825806,3.1067264080047607,2.7487690448760986,2.7253565788269043,2.4057633876800537,2.3115406036376953,2.1610560417175293,1.8825618028640747,1.9938901662826538,1.6757615804672241,1.8713140487670898,1.722922682762146,1.9116291999816895,1.9400619268417358,1.8838355541229248,2.2359485626220703,3.430000066757202,3.159907102584839,3.0830423831939697,2.689619541168213,2.6737735271453857,2.3806862831115723,2.239194393157959,2.171393871307373,1.8463410139083862,1.9145076274871826,1.5785496234893799,1.7157472372055054,1.4944125413894653,1.5774480104446411,1.776476263999939
A5,1.1166372299194336,0.8453884720802307,0.5576174259185791,0.38051557540893555,0.0,0.3808481991291046,0.5873767733573914,0.9048179388046265,1.1717678308486938,1.5045348405838013,1.7676445245742798,2.137901782989502,2.4110617637634277,2.6399006843566895,3.009873151779175,2.6608121395111084,2.499351978302002,2.17455792427063,1.93515944480896,1.7185134887695312,1.3576008081436157,1.2566778659820557,0.8883532285690308,0.8918557167053223,0.7016971111297607,0.8511494398117065,0.9965959191322327,1.215918779373169,1.5702159404754639,1.8102251291275024,2.6149587631225586,2.263166666030884,2.248791217803955,2.03361177444458,1.7969883680343628,1.7459877729415894,1.3700374364852905,1.464955449104309,1.2254213094711304,1.3267531394958496,1.3249239921569824,1.4263041019439697,1.5910601615905762,1.5083990097045898,1.8759709596633911,2.798038959503174,2.4554834365844727,2.4512875080108643,2.1200668811798096,2.072629451751709,1.9277211427688599,1.6967382431030273,1.845837950706482,1.5629527568817139,1.8197318315505981,1.7045692205429077,1.956463098526001,2.0044586658477783,2.021820068359375,2.386960506439209,3.467498540878296,3.1708619594573975,3.065857410430908,2.6784160137176514,2.6085433959960938,2.3015334606170654,2.115826368331909,2.0028882026672363,1.6529313325881958,1.6623393297195435,1.2975789308547974,1.3821430206298828,1.1384021043777466,1.1987285614013672,1.4004790782928467
A6,1.3861916065216064,1.1538594961166382,0.8568971157073975,0.5936747789382935,0.3808481991291046,0.0,0.377850204706192,0.6031152606010437,0.8801465630531311,1.1986510753631592,1.4538278579711914,1.8246312141418457,2.085862398147583,2.34247088432312,2.700216293334961,2.334369659423828,2.154143810272217,1.8265659809112549,1.5888731479644775,1.3501659631729126,0.9978538155555725,0.8797472715377808,0.5111683011054993,0.5970904231071472,0.5418728590011597,0.807781457901001,1.0742624998092651,1.3367985486984253,1.6654947996139526,1.9651001691818237,2.7526915073394775,2.4041333198547363,2.3420627117156982,2.079409122467041,1.8533238172531128,1.725664496421814,1.3457697629928589,1.370077133178711,1.0549982786178589,1.119725227355957,1.0263371467590332,1.119751214981079,1.2383487224578857,1.1711863279342651,1.5456657409667969,2.7989354133605957,2.4714598655700684,2.4222800731658936,2.0636463165283203,2.0176689624786377,1.8104708194732666,1.599899411201477,1.6879973411560059,1.378400444984436,1.6173125505447388,1.4549351930618286,1.7190616130828857,1.730443000793457,1.7905877828598022,2.1448073387145996,3.2106575965881348,2.895040512084961,2.8091185092926025,2.4306912422180176,2.3441104888916016,2.064042568206787,1.8444758653640747,1.7686227560043335,1.4028664827346802,1.4562724828720093,1.1196014881134033,1.254945993423462,1.1032013893127441,1.1456255912780762,1.4350876808166504
A7,1.6899269819259644,1.4081472158432007,1.1404023170471191,0.8783389329910278,0.5873767733573914,0.377850204706192,0.0,0.37944090366363525,0.5914494395256042,0.9293638467788696,1.1928813457489014,1.5574373006820679,1.8435369729995728,2.063863515853882,2.433230400085449,2.235243082046509,2.029235363006592,1.7468881607055664,1.450965404510498,1.2808949947357178,0.908043622970581,0.8290536999702454,0.5623661279678345,0.5398768782615662,0.6386089324951172,0.765679121017456,1.0948368310928345,1.2738903760910034,1.6142001152038574,1.919410228729248,2.505436420440674,2.1798219680786133,2.120539426803589,1.824598789215088,1.6505483388900757,1.5144354104995728,1.1696738004684448,1.2484729290008545,0.942217230796814,1.1195251941680908,1.0264109373092651,1.2264739274978638,1.3225646018981934,1.343008041381836,1.7208551168441772,2.437891960144043,2.1160225868225098,2.0562074184417725,1.6918853521347046,1.6610320806503296,1.4533873796463013,1.2769122123718262,1.3951187133789062,1.1351591348648071,1.4318188428878784,1.3404555320739746,1.6597546339035034,1.7287306785583496,1.8568782806396484,2.2247726917266846,3.108666181564331,2.7817070484161377,2.6525135040283203,2.282747745513916,2.151327610015869,1.8488918542861938,1.6106324195861816,1.4781147241592407,1.1062952280044556,1.1046216487884521,0.7495740056037903,0.8857573866844177,0.7703866362571716,0.883275032043457,1.2111707925796509
A8,1.9812864065170288,1.7364643812179565,1.4341381788253784,1.186880111694336,0.9048179388046265,0.6031152606010437,0.37944090366363525,0.0,0.38703009486198425,0.6188744306564331,0.9358507990837097,1.2729696035385132,1.5799480676651,1.8320820331573486,2.179713010787964,1.8585971593856812,1.6511845588684082,1.3746767044067383,1.0744746923446655,0.9306800365447998,0.5553491115570068,0.5898904204368591,0.4853820204734802,0.6236788630485535,0.8797275424003601,1.0568703413009644,1.4218275547027588,1.6080892086029053,1.925675868988037,2.2519373893737793,2.7467355728149414,2.4442760944366455,2.3698503971099854,2.0401618480682373,1.9041993618011475,1.7213948965072632,1.408532738685608,1.4390361309051514,1.0919913053512573,1.2315202951431274,1.0224534273147583,1.1996716260910034,1.183825135231018,1.2119137048721313,1.5544664859771729,2.454047679901123,2.1714718341827393,2.0910284519195557,1.7066473960876465,1.7206313610076904,1.4644465446472168,1.3650084733963013,1.4307129383087158,1.1907166242599487,1.4712468385696411,1.348565936088562,1.6818854808807373,1.7065128087997437,1.89268958568573,2.2313413619995117,3.0539934635162354,2.700913190841675,2.5870440006256104,2.2414498329162598,2.0673465728759766,1.8034770488739014,1.5032711029052734,1.3939744234085083,1.0034384727478027,1.003095269203186,0.7015575766563416,0.8185523152351379,0.8243259787559509,0.8391082286834717,1.2212954759597778
A9,2.247657299041748,1.971009612083435,1.7138073444366455,1.417670726776123,1.1717678308486938,0.8801465630531311,0.5914494395256042,0.38703009486198425,0.0,0.38543206453323364,0.6021446585655212,0.9691658020019531,1.2551521062850952,1.4810532331466675,1.8444932699203491,1.8755929470062256,1.6038532257080078,1.3914841413497925,1.0363882780075073,0.9329966902732849,0.6341673135757446,0.5794438123703003,0.6366808414459229,0.6019974946975708,0.9431936144828796,1.0315319299697876,1.4196864366531372,1.5661741495132446,1.840273380279541,2.1860413551330566,2.6021666526794434,2.312873601913452,2.194309949874878,1.8377139568328857,1.7310166358947754,1.4993836879730225,1.2388492822647095,1.2456918954849243,0.9175229668617249,1.104048728942871,0.9030508995056152,1.1668696403503418,1.1603460311889648,1.3061150312423706,1.6437312364578247,2.295243978500366,2.015622854232788,1.872755765914917,1.4898229837417603,1.4658710956573486,1.1625118255615234,1.0796791315078735,1.089906930923462,0.8771787285804749,1.1586092710494995,1.0820059776306152,1.4418407678604126,1.5122243165969849,1.7555969953536987,2.0924620628356934,2.741482973098755,2.3850526809692383,2.244096517562866,1.9094600677490234,1.7090363502502441,1.4412511587142944,1.130354881286621,1.0095958709716797,0.6193283796310425,0.6629223823547363,0.4628094732761383,0.7189735174179077,0.8796749114990234,1.0080249309539795,1.3987716436386108
A10,2.583753824234009,2.324873208999634,2.0430848598480225,1.767630696296692,1.5045348405838013,1.1986510753631592,0.9293638467788696,0.6188744306564331,0.38543206453323364,0.0,0.3877235949039459,0.6617323160171509,1.0015841722488403,1.2454957962036133,1.578786849975586,1.5539189577102661,1.2689999341964722,1.114607334136963,0.7333733439445496,0.7557111382484436,0.5716176629066467,0.6837928891181946,0.8930846452713013,0.9478164315223694,1.309632658958435,1.4120618104934692,1.8011653423309326,1.9357057809829712,2.1983206272125244,2.5442864894866943,2.828463554382324,2.5729711055755615,2.4563651084899902,2.081590414047241,2.024763584136963,1.779007077217102,1.5671360492706299,1.5611858367919922,1.2454456090927124,1.4031963348388672,1.1450432538986206,1.3707667589187622,1.2619047164916992,1.4152703285217285,1.6899758577346802,2.2798333168029785,2.0541744232177734,1.899457335472107,1.5175209045410156,1.5550470352172852,1.233463168144226,1.2619560956954956,1.2366912364959717,1.1031932830810547,1.3489919900894165,1.2777706384658813,1.627442717552185,1.6664129495620728,1.959128737449646,2.257364511489868,2.7752304077148438,2.3977792263031006,2.2612853050231934,1.970659613609314,1.7143529653549194,1.4994971752166748,1.13209068775177,1.0229867696762085,0.6816961765289307,0.6747349500656128,0.6302915811538696,0.7768372893333435,1.0336146354675293,1.0804167985916138,1.4672960042953491
A11,2.8189544677734375,2.5486538410186768,2.299901008605957,1.9869264364242554,1.7676445245742798,1.4538278579711914,1.1928813457489014,0.9358507990837097,0.6021446585655212,0.3877235949039459,0.0,0.3942277431488037,0.6548853516578674,0.9034730792045593,1.2504432201385498,1.6571528911590576,1.3118306398391724,1.2286967039108276,0.8616385459899902,0.8823159337043762,0.8215170502662659,0.8108126521110535,1.0844528675079346,1.0552270412445068,1.4315083026885986,1.4936126470565796,1.8756749629974365,1.9972784519195557,2.2031943798065186,2.563786029815674,2.8417587280273438,2.5947296619415283,2.426351547241211,2.0430796146392822,1.9987069368362427,1.7051764726638794,1.5495017766952515,1.4876564741134644,1.2105575799942017,1.3507421016693115,1.1038625240325928,1.355999231338501,1.2505568265914917,1.494116187095642,1.7449790239334106,2.33773136138916,2.1205363273620605,1.8991552591323853,1.542199730873108,1.521872639656067,1.1588246822357178,1.1975443363189697,1.0649948120117188,0.9681078791618347,1.1365618705749512,1.087706208229065,1.418161392211914,1.4746639728546143,1.8135281801223755,2.0850038528442383,2.428593635559082,2.047567367553711,1.9023823738098145,1.636881709098816,1.355231761932373,1.1761664152145386,0.7895284295082092,0.7395966649055481,0.49448394775390625,0.6259271502494812,0.7796486020088196,1.0103282928466797,1.317874789237976,1.4296008348464966,1.8082267045974731
A12,3.200504779815674,2.9335291385650635,2.6744544506073,2.371769666671753,2.137901782989502,1.8246312141418457,1.5574373006820679,1.2729696035385132,0.9691658020019531,0.6617323160171509,0.3942277431488037,0.0,0.39340823888778687,0.6227042078971863,0.9217305183410645,1.5240261554718018,1.1647820472717285,1.204089879989624,0.8746260404586792,1.0266755819320679,1.0761480331420898,1.1417043209075928,1.4494125843048096,1.4478639364242554,1.825458288192749,1.8803461790084839,2.258193254470825,2.3588674068450928,2.552276372909546,2.9060094356536865,3.0459887981414795,2.8363802433013916,2.6691372394561768,2.279240608215332,2.2840752601623535,1.9899907112121582,1.8849321603775024,1.8275630474090576,1.580151915550232,1.713724970817566,1.4607815742492676,1.6866676807403564,1.5308406352996826,1.7754160165786743,1.9693552255630493,2.3444631099700928,2.1864757537841797,1.9484474658966064,1.621523380279541,1.6460548639297485,1.296423316001892,1.4296343326568604,1.2814027070999146,1.27480947971344,1.4049848318099976,1.3889214992523193,1.6862982511520386,1.73163902759552,2.0977494716644287,2.3284859657287598,2.47196102142334,2.0845556259155273,1.9342375993728638,1.7379045486450195,1.4048912525177002,1.3001549243927002,0.9156304597854614,0.879034161567688,0.7821895480155945,0.832033097743988,1.0692548751831055,1.2195889949798584,1.5673688650131226,1.6449832916259766,1.9983086585998535
A13,3.4343152046203613,3.1699771881103516,2.9324629306793213,2.605590343475342,2.4110617637634277,2.085862398147583,1.8435369729995728,1.5799480676651,1.2551521062850952,1.0015841722488403,0.6548853516578674,0.39340823888778687,0.0,0.38668450713157654,0.6357575058937073,1.6888864040374756,1.3046773672103882,1.3882200717926025,1.1205880641937256,1.226884126663208,1.3416725397109985,1.3356126546859741,1.6678465604782104,1.63535737991333,2.006880283355713,2.052867889404297,2.4154555797576904,2.521083354949951,2.664456605911255,3.027534246444702,3.2097344398498535,3.0026190280914307,2.791309356689453,2.408327579498291,2.408845901489258,2.0822203159332275,2.014127731323242,1.8995256423950195,1.6867008209228516,1.773572564125061,1.532540202140808,1.7397123575210571,1.58053719997406,1.8743476867675781,2.0287137031555176,2.5875933170318604,2.4366254806518555,2.1554737091064453,1.8619993925094604,1.8332637548446655,1.475022554397583,1.58809494972229,1.3561362028121948,1.3630669116973877,1.38869047164917,1.3686074018478394,1.6005524396896362,1.6328788995742798,2.020974636077881,2.200821876525879,2.159987211227417,1.7723616361618042,1.6391608715057373,1.500037670135498,1.1548559665679932,1.1515461206436157,0.8070494532585144,0.9008646607398987,0.9418935775756836,1.087193250656128,1.371942162513733,1.570608377456665,1.9194481372833252,2.0237042903900146,2.3816866874694824
A14,3.6826374530792236,3.3936240673065186,3.1742920875549316,2.8451788425445557,2.6399006843566895,2.34247088432312,2.063863515853882,1.8320820331573486,1.4810532331466675,1.2454957962036133,0.9034730792045593,0.6227042078971863,0.38668450713157654,0.0,0.3942478895187378,1.9699203968048096,1.6023361682891846,1.7276676893234253,1.4513453245162964,1.5901038646697998,1.669485092163086,1.661675214767456,1.9642078876495361,1.8827061653137207,2.239133834838867,2.226200819015503,2.5692317485809326,2.6216983795166016,2.7422122955322266,3.0835952758789062,3.0994653701782227,2.932757616043091,2.7178473472595215,2.339677572250366,2.395582914352417,2.0815112590789795,2.084850788116455,2.0023906230926514,1.8520920276641846,1.9859832525253296,1.8007322549819946,2.0465385913848877,1.927643895149231,2.2343246936798096,2.404829263687134,2.417525291442871,2.299452304840088,1.9881223440170288,1.7469196319580078,1.7142798900604248,1.3882720470428467,1.5627235174179077,1.330478310585022,1.4437729120254517,1.4649875164031982,1.539815902709961,1.7648369073867798,1.8596699237823486,2.2494869232177734,2.4307146072387695,2.157151222229004,1.7942091226577759,1.595829963684082,1.5097358226776123,1.129646897315979,1.1353093385696411,0.8633781671524048,0.8859682083129883,1.0519983768463135,1.1347191333770752,1.4851229190826416,1.6605149507522583,2.0322341918945312,2.173766851425171,2.5038516521453857
A15,4.0475616455078125,3.7683041095733643,3.5412445068359375,3.213073492050171,3.009873151779175,2.700216293334961,2.433230400085449,2.179713010787964,1.8444932699203491,1.578786849975586,1.2504432201385498,0.9217305183410645,0.6357575058937073,0.3942478895187378,0.0,2.016371011734009,1.664628505706787,1.8612771034240723,1.6470474004745483,1.8173251152038574,1.956705093383789,1.9711872339248657,2.298863172531128,2.2429046630859375,2.6046829223632812,2.607051372528076,2.9500417709350586,3.0083930492401123,3.116673231124878,3.458566427230835,3.4395408630371094,3.291661500930786,3.071204662322998,2.6991333961486816,2.767493724822998,2.450678825378418,2.4676880836486816,2.3688368797302246,2.2216663360595703,2.3273165225982666,2.126159191131592,2.338944673538208,2.1849095821380615,2.4887869358062744,2.610694408416748,2.6715269088745117,2.5960466861724854,2.282701253890991,2.0722124576568604,2.0580294132232666,1.752870798110962,1.9446979761123657,1.704863429069519,1.823439359664917,1.809479832649231,1.8669682741165161,2.0503604412078857,2.112858533859253,2.5067522525787354,2.64107346534729,2.206650733947754,1.8590131998062134,1.6930447816848755,1.6925110816955566,1.323830008506775,1.4210518598556519,1.1972204446792603,1.2647087574005127,1.4428294897079468,1.5213702917099,1.8674510717391968,2.020017147064209,2.3954973220825195,2.51058292388916,2.8324975967407227
B1,3.570784330368042,3.4401333332061768,3.082303285598755,2.903873920440674,2.6608121395111084,2.334369659423828,2.235243082046509,1.8585971593856812,1.8755929470062256,1.5539189577102661,1.6571528911590576,1.5240261554718018,1.6888864040374756,1.9699203968048096,2.016371011734009,0.0,0.393465131521225,0.5677691698074341,0.8546822667121887,1.115793228149414,1.3883445262908936,1.7025247812271118,1.9898048639297485,2.2645914554595947,2.598665952682495,2.834871292114258,3.218862771987915,3.4240992069244385,3.6944899559020996,4.052064895629883,4.325398921966553,4.098593235015869,4.002060413360596,3.622546672821045,3.5784599781036377,3.3207390308380127,3.098243474960327,3.0315539836883545,2.677471876144409,2.6883771419525146,2.3155264854431152,2.3137259483337402,1.9734361171722412,1.9581964015960693,1.9201641082763672,3.363638401031494,3.2725424766540527,3.165408134460449,2.821563720703125,2.969999074935913,2.6700665950775146,2.786698818206787,2.71576189994812,2.5949504375457764,2.7381784915924072,2.5611085891723633,2.8055570125579834,2.666200637817383,2.9545114040374756,3.105271339416504,3.6007120609283447,3.207646369934082,3.2003417015075684,3.029545545578003,2.7566819190979004,2.723482608795166,2.338937520980835,2.366928815841675,2.1437740325927734,2.1445488929748535,2.148981809616089,2.1248722076416016,2.316742181777954,2.109133005142212,2.3794708251953125
B2,3.4485104084014893,3.289854049682617,2.9511260986328125,2.7320687770843506,2.499351978302002,2.154143810272217,2.029235363006592,1.6511845588684082,1.6038532257080078,1.2689999341964722,1.3118306398391724,1.1647820472717285,1.3046773672103882,1.6023361682891846,1.664628505706787,0.393465131521225,0.0,0.39118853211402893,0.5809160470962524,0.8624700307846069,1.1646174192428589,1.4373835325241089,1.7633730173110962,1.998428225517273,2.353034496307373,2.5685391426086426,2.957326889038086,3.1557159423828125,3.4041171073913574,3.7699501514434814,4.058494567871094,3.8275420665740967,3.704681158065796,3.3216733932495117,3.2767021656036377,3.0003750324249268,2.7947463989257812,2.7099449634552,2.3675289154052734,2.37983775138855,2.011298656463623,2.036391258239746,1.7047094106674194,1.7546619176864624,1.7508450746536255,3.174386739730835,3.0635292530059814,2.9195306301116943,2.5735654830932617,2.687711238861084,2.3675408363342285,2.475975275039673,2.3740696907043457,2.258071184158325,2.3797218799591064,2.2098498344421387,2.450413465499878,2.3241546154022217,2.6330325603485107,2.7860381603240967,3.2181689739227295,2.823720693588257,2.80843448638916,2.640418529510498,2.3645172119140625,2.340054750442505,1.958763599395752,2.0061750411987305,1.805273413658142,1.8389729261398315,1.8838211297988892,1.9103145599365234,2.1410090923309326,1.9935016632080078,2.305403709411621
B3,3.0834834575653076,2.9428794384002686,2.600051164627075,2.391731023788452,2.17455792427063,1.8265659809112549,1.7468881607055664,1.3746767044067383,1.3914841413497925,1.114607334136963,1.2286967039108276,1.204089879989624,1.3882200717926025,1.7276676893234253,1.8612771034240723,0.5677691698074341,0.39118853211402893,0.0,0.3864127993583679,0.5525417327880859,0.8572784662246704,1.1450347900390625,1.443876028060913,1.720453143119812,2.0530269145965576,2.302485942840576,2.6835758686065674,2.9090046882629395,3.1692183017730713,3.534372329711914,3.938253164291382,3.680220127105713,3.5630691051483154,3.1908628940582275,3.1084516048431396,2.84149169921875,2.5955991744995117,2.5064215660095215,2.1424834728240967,2.131995677947998,1.7554433345794678,1.7484114170074463,1.415946125984192,1.4139899015426636,1.4256720542907715,3.187189817428589,3.035064220428467,2.9074695110321045,2.5396242141723633,2.633443593978882,2.3108973503112793,2.3660800457000732,2.281022071838379,2.110348701477051,2.2441370487213135,2.0373096466064453,2.2794597148895264,2.135282516479492,2.4094598293304443,2.581099033355713,3.200119972229004,2.807692289352417,2.8030030727386475,2.589923143386841,2.3483974933624268,2.2882487773895264,1.909468412399292,1.9588128328323364,1.7009004354476929,1.7566113471984863,1.7313494682312012,1.7759212255477905,1.9567447900772095,1.796983003616333,2.1236965656280518
B4,2.9172580242156982,2.735456943511963,2.4065544605255127,2.1726603507995605,1.93515944480896,1.5888731479644775,1.450965404510498,1.0744746923446655,1.0363882780075073,0.7333733439445496,0.8616385459899902,0.8746260404586792,1.1205880641937256,1.4513453245162964,1.6470474004745483,0.8546822667121887,0.5809160470962524,0.3864127993583679,0.0,0.38224855065345764,0.6007909178733826,0.8946568369865417,1.2053383588790894,1.4332020282745361,1.786668300628662,1.997053623199463,2.385566234588623,2.583775758743286,2.843890905380249,3.2050962448120117,3.557896137237549,3.304602861404419,3.1866209506988525,2.811708688735962,2.741910219192505,2.478339433670044,2.246764898300171,2.178616523742676,1.826050877571106,1.8622294664382935,1.5065284967422485,1.5724209547042847,1.2911171913146973,1.354018211364746,1.4668112993240356,2.841155529022217,2.6737210750579834,2.5354747772216797,2.1649653911590576,2.2486491203308105,1.9252077341079712,1.9834473133087158,1.9087718725204468,1.7543723583221436,1.914427638053894,1.7441133260726929,2.0216195583343506,1.9304721355438232,2.2238571643829346,2.437379837036133,3.006863594055176,2.6123015880584717,2.5638225078582764,2.3295693397521973,2.072929620742798,1.9733279943466187,1.587084174156189,1.599378228187561,1.3292207717895508,1.3705081939697266,1.3547309637069702,1.4148759841918945,1.6239535808563232,1.5114272832870483,1.8624087572097778
B5,2.639435052871704,2.4752564430236816,2.157285213470459,1.9080713987350464,1.7185134887695312,1.3501659631729126,1.2808949947357178,0.9306800365447998,0.9329966902732849,0.7557111382484436,0.8823159337043762,1.0266755819320679,1.226884126663208,1.5901038646697998,1.8173251152038574,1.115793228149414,0.8624700307846069,0.5525417327880859,0.38224855065345764,0.0,0.3790823817253113,0.5950769782066345,0.9171584844589233,1.1794415712356567,1.5149556398391724,1.768858551979065,2.1471705436706543,2.3871822357177734,2.636259078979492,3.0069057941436768,3.5305979251861572,3.2441492080688477,3.1078388690948486,2.747138023376465,2.626638174057007,2.3545403480529785,2.0860402584075928,1.978601336479187,1.6065566539764404,1.5842381715774536,1.2098102569580078,1.2230753898620605,0.9281013607978821,0.9718819260597229,1.105177402496338,3.008800745010376,2.797898530960083,2.652862787246704,2.2716145515441895,2.3031411170959473,1.9678068161010742,1.9504750967025757,1.8571957349777222,1.6320043802261353,1.7628509998321533,1.5318771600723267,1.7827458381652832,1.6533613204956055,1.9121882915496826,2.1257855892181396,2.8645782470703125,2.479408025741577,2.4624128341674805,2.198003053665161,1.9939491748809814,1.8882948160171509,1.527217984199524,1.586445689201355,1.2889740467071533,1.4066863059997559,1.342909812927246,1.4730360507965088,1.6349343061447144,1.5520840883255005,1.924655556678772
B6,2.3290319442749023,2.14169979095459,1.8222639560699463,1.5751090049743652,1.3576008081436157,0.9978538155555725,0.908043622970581,0.5553491115570068,0.6341673135757446,0.5716176629066467,0.8215170502662659,1.0761480331420898,1.3416725397109985,1.669485092163086,1.956705093383789,1.3883445262908936,1.1646174192428589,0.8572784662246704,0.6007909178733826,0.3790823817253113,0.0,0.38544633984565735,0.6140710711479187,0.888323187828064,1.211927890777588,1.4583152532577515,1.8359973430633545,2.0657880306243896,2.34162974357605,2.6985723972320557,3.22525954246521,2.930617094039917,2.817530870437622,2.4673192501068115,2.337224006652832,2.095146417617798,1.803468942642212,1.7396708726882935,1.3627691268920898,1.3900049924850464,1.0532774925231934,1.124826192855835,0.9315187335014343,0.9557115435600281,1.2038230895996094,2.7856924533843994,2.5467629432678223,2.4273345470428467,2.039365768432617,2.066927194595337,1.7548471689224243,1.706213116645813,1.6683738231658936,1.4259918928146362,1.615977168083191,1.4119454622268677,1.7032681703567505,1.6280453205108643,1.8586206436157227,2.1295325756073,2.9355599880218506,2.5597870349884033,2.5045573711395264,2.199624538421631,2.0070033073425293,1.8326539993286133,1.48458731174469,1.4791979789733887,1.1265286207199097,1.2082018852233887,1.0577093362808228,1.1843218803405762,1.297354817390442,1.2300631999969482,1.6109092235565186
B7,2.1821212768554688,1.9814797639846802,1.7061649560928345,1.4037213325500488,1.2566778659820557,0.8797472715377808,0.8290536999702454,0.5898904204368591,0.5794438123703003,0.6837928891181946,0.8108126521110535,1.1417043209075928,1.3356126546859741,1.661675214767456,1.9711872339248657,1.7025247812271118,1.4373835325241089,1.1450347900390625,0.8946568369865417,0.5950769782066345,0.38544633984565735,0.0,0.38333848118782043,0.5930306315422058,0.9303329586982727,1.1876407861709595,1.5601004362106323,1.8176237344741821,2.0580384731292725,2.431124448776245,3.1006152629852295,2.781391143798828,2.62981915473938,2.2922725677490234,2.1205172538757324,1.8547191619873047,1.5497421026229858,1.429514765739441,1.0453696250915527,1.0203741788864136,0.670468807220459,0.7571232914924622,0.6296967267990112,0.7447829842567444,1.0653712749481201,2.8686234951019287,2.5948240756988525,2.4429614543914795,2.062237024307251,2.017399311065674,1.6910860538482666,1.5687499046325684,1.4860448837280273,1.1842029094696045,1.3249800205230713,1.0746322870254517,1.3451006412506104,1.2656610012054443,1.4803253412246704,1.7671087980270386,2.647881031036377,2.287189245223999,2.2438902854919434,1.9155622720718384,1.7721694707870483,1.5918819904327393,1.2874685525894165,1.333166480064392,0.9945743083953857,1.1770011186599731,1.0410205125808716,1.2736482620239258,1.3795830011367798,1.4075719118118286,1.796852707862854
B8,1.8044981956481934,1.5990678071975708,1.3247445821762085,1.02153742313385,0.8883532285690308,0.5111683011054993,0.5623661279678345,0.4853820204734802,0.6366808414459229,0.8930846452713013,1.0844528675079346,1.4494125843048096,1.6678465604782104,1.9642078876495361,2.298863172531128,1.9898048639297485,1.7633730173110962,1.443876028060913,1.2053383588790894,0.9171584844589233,0.6140710711479187,0.38333848118782043,0.0,0.3852560222148895,0.6203480362892151,0.9295059442520142,1.2780718803405762,1.559772253036499,1.829762578010559,2.1845531463623047,2.9515018463134766,2.6116185188293457,2.486301898956299,2.1787962913513184,1.9698723554611206,1.7499436140060425,1.3978393077850342,1.3154668807983398,0.9338259100914001,0.9218226075172424,0.6680709719657898,0.7501922845840454,0.7769339084625244,0.7876846194267273,1.1674175262451172,2.869722366333008,2.5655477046966553,2.450349807739258,2.0739822387695312,2.0160539150238037,1.7317670583724976,1.5521405935287476,1.5338013172149658,1.2010395526885986,1.379677653312683,1.1458543539047241,1.410683274269104,1.3642457723617554,1.4956260919570923,1.821592092514038,2.8355703353881836,2.498159885406494,2.442744731903076,2.083970308303833,1.9803444147109985,1.7520115375518799,1.4947197437286377,1.4944339990615845,1.134870171546936,1.2790756225585938,1.0420101881027222,1.2592817544937134,1.2606347799301147,1.3023712635040283,1.6656635999679565
B9,1.8136305809020996,1.549592137336731,1.3474944829940796,0.9894158244132996,0.8918557167053223,0.5970904231071472,0.5398768782615662,0.6236788630485535,0.6019974946975708,0.9478164315223694,1.0552270412445068,1.4478639364242554,1.63535737991333,1.8827061653137207,2.2429046630859375,2.2645914554595947,1.998428225517273,1.720453143119812,1.4332020282745361,1.1794415712356567,0.888323187828064,0.5930306315422058,0.3852560222148895,0.0,0.3841753900051117,0.5950217843055725,0.96905517578125,1.229707956314087,1.4763550758361816,1.8437190055847168,2.6379148960113525,2.2892982959747314,2.1354289054870605,1.833794116973877,1.6082743406295776,1.3756647109985352,1.0231177806854248,0.9317877888679504,0.5536763072013855,0.6167622804641724,0.4906511604785919,0.7353290915489197,0.9041268229484558,1.0298938751220703,1.4211699962615967,2.7146832942962646,2.3861443996429443,2.2436587810516357,1.8862195014953613,1.7675834894180298,1.4907864332199097,1.2529926300048828,1.2260867357254028,0.8696004152297974,1.0524178743362427,0.8627133965492249,1.1486097574234009,1.1921724081039429,1.3225759267807007,1.6889257431030273,2.621699094772339,2.303555488586426,2.2121119499206543,1.8347283601760864,1.7540398836135864,1.4858033657073975,1.284353256225586,1.2660279273986816,0.937336802482605,1.117177128791809,0.9038751721382141,1.1967737674713135,1.2147718667984009,1.3708090782165527,1.7269530296325684
B10,1.4810519218444824,1.2064058780670166,1.061126708984375,0.6794911623001099,0.7016971111297607,0.5418728590011597,0.6386089324951172,0.8797275424003601,0.9431936144828796,1.309632658958435,1.4315083026885986,1.825458288192749,2.006880283355713,2.239133834838867,2.6046829223632812,2.598665952682495,2.353034496307373,2.0530269145965576,1.786668300628662,1.5149556398391724,1.211927890777588,0.9303329586982727,0.6203480362892151,0.3841753900051117,0.0,0.38377344608306885,0.6703015565872192,0.9947826266288757,1.2488021850585938,1.5954415798187256,2.57507586479187,2.20084547996521,2.061393976211548,1.8135299682617188,1.5313334465026855,1.356587529182434,0.9660654067993164,0.8962199091911316,0.6050741672515869,0.626179039478302,0.685680627822876,0.8472837805747986,1.1125009059906006,1.170902132987976,1.565479040145874,2.8675971031188965,2.5136101245880127,2.3992860317230225,2.0638864040374756,1.9189752340316772,1.6935189962387085,1.4002883434295654,1.4169331789016724,1.057673454284668,1.2170379161834717,1.046337604522705,1.2626605033874512,1.3200610876083374,1.3419976234436035,1.7211010456085205,2.780290365219116,2.4965360164642334,2.4113717079162598,2.0200717449188232,1.9963310956954956,1.7138826847076416,1.5779985189437866,1.55198073387146,1.25299870967865,1.4092882871627808,1.1574079990386963,1.4195924997329712,1.3471860885620117,1.5172393321990967,1.824844241142273
B11,1.6072858572006226,1.2733200788497925,1.2079253196716309,0.8485360145568848,0.8511494398117065,0.807781457901001,0.765679121017456,1.0568703413009644,1.0315319299697876,1.4120618104934692,1.4936126470565796,1.8803461790084839,2.052867889404297,2.226200819015503,2.607051372528076,2.834871292114258,2.5685391426086426,2.302485942840576,1.997053623199463,1.768858551979065,1.4583152532577515,1.1876407861709595,0.9295059442520142,0.5950217843055725,0.38377344608306885,0.0,0.39240702986717224,0.641284167766571,0.9044759273529053,1.2562572956085205,2.211965322494507,1.832802653312683,1.681596040725708,1.4478328227996826,1.151421070098877,1.000728726387024,0.6050399541854858,0.6188173294067383,0.46579551696777344,0.6620056629180908,0.8667088150978088,1.1177223920822144,1.4063689708709717,1.5231250524520874,1.9164152145385742,2.6550099849700928,2.2837910652160645,2.1604228019714355,1.8577543497085571,1.666701316833496,1.4833368062973022,1.1462491750717163,1.2006937265396118,0.8815703392028809,1.0660736560821533,1.0157442092895508,1.2418032884597778,1.4040014743804932,1.4344207048416138,1.829667091369629,2.727017879486084,2.465363025665283,2.3296103477478027,1.9352385997772217,1.9178669452667236,1.5944732427597046,1.5173193216323853,1.439653992652893,1.1932860612869263,1.322505235671997,1.0955891609191895,1.370803713798523,1.3011738061904907,1.557746171951294,1.8368850946426392
B12,1.4784773588180542,1.1329119205474854,1.191189169883728,0.8813369870185852,0.9965959191322327,1.0742624998092651,1.0948368310928345,1.4218275547027588,1.4196864366531372,1.8011653423309326,1.8756749629974365,2.258193254470825,2.4154555797576904,2.5692317485809326,2.9500417709350586,3.218862771987915,2.957326889038086,2.6835758686065674,2.385566234588623,2.1471705436706543,1.8359973430633545,1.5601004362106323,1.2780718803405762,0.96905517578125,0.6703015565872192,0.39240702986717224,0.0,0.3877406418323517,0.6162910461425781,0.9324468374252319,2.1241073608398438,1.7256898880004883,1.5805743932724,1.4329438209533691,1.081543207168579,1.0233049392700195,0.674711287021637,0.7235525846481323,0.7564607858657837,0.8846032619476318,1.1733909845352173,1.3762147426605225,1.7073408365249634,1.802197813987732,2.185896396636963,2.8294765949249268,2.4424991607666016,2.337714195251465,2.076228141784668,1.854406476020813,1.7292715311050415,1.3643959760665894,1.4409246444702148,1.1610075235366821,1.292527198791504,1.2751924991607666,1.424471139907837,1.6057887077331543,1.5542995929718018,1.9382319450378418,2.866828203201294,2.647449493408203,2.5116641521453857,2.1189560890197754,2.1542255878448486,1.8308148384094238,1.8194100856781006,1.7436929941177368,1.5419796705245972,1.6602129936218262,1.4389568567276,1.687814712524414,1.5726313591003418,1.840693712234497,2.070613145828247
B13,1.7056190967559814,1.333816409111023,1.4239685535430908,1.1669535636901855,1.215918779373169,1.3367985486984253,1.2738903760910034,1.6080892086029053,1.5661741495132446,1.9357057809829712,1.9972784519195557,2.3588674068450928,2.521083354949951,2.6216983795166016,3.0083930492401123,3.4240992069244385,3.1557159423828125,2.9090046882629395,2.583775758743286,2.3871822357177734,2.0657880306243896,1.8176237344741821,1.559772253036499,1.229707956314087,0.9947826266288757,0.641284167766571,0.3877406418323517,0.0,0.3881538510322571,0.6459420919418335,1.7481062412261963,1.3470213413238525,1.2156283855438232,1.111135721206665,0.7563784122467041,0.8122423887252808,0.5641325116157532,0.7759358882904053,0.9353885054588318,1.157881498336792,1.4577971696853638,1.7090498208999634,2.0274240970611572,2.1482203006744385,2.5372543334960938,2.6094231605529785,2.215113401412964,2.12052845954895,1.9074397087097168,1.6612868309020996,1.607752799987793,1.240685224533081,1.3791791200637817,1.1931700706481934,1.352888584136963,1.4431025981903076,1.6081576347351074,1.8517937660217285,1.830212950706482,2.2122535705566406,2.962186813354492,2.7593042850494385,2.574423313140869,2.19472599029541,2.216209650039673,1.8664559125900269,1.8900980949401855,1.7566652297973633,1.6021164655685425,1.6651794910430908,1.467903733253479,1.686771273612976,1.5679254531860352,1.8854550123214722,2.072482109069824
