,A1,A2,A3,A4,A5,A6,A7,A8,A9,A10,A11,A12,A13,A14,A15,B1,B2,B3,B4,B5,B6,B7,B8,B9,B10,B11,B12,B13,B14,B15,C1,C2,C3,C4,C5,C6,C7,C8,C9,C10,C11,C12,C13,C14,C15,D1,D2,D3,D4,D5,D6,D7,D8,D9,D10,D11,D12,D13,D14,D15,E1,E2,E3,E4,E5,E6,E7,E8,E9,E10,E11,E12,E13,E14,E15
A1,0.0,0.388295441865921,0.5600547790527344,0.877842366695404,1.1221851110458374,1.4395074844360352,1.6856944561004639,2.0161092281341553,2.2281837463378906,2.5845015048980713,2.800752878189087,3.1576712131500244,3.405539035797119,3.596132755279541,3.9568798542022705,3.1390204429626465,2.758814573287964,2.826974630355835,2.628892183303833,2.608504056930542,2.707287311553955,2.4787278175354004,2.7468507289886475,2.631234645843506,2.862874984741211,2.8548989295959473,3.0739283561706543,3.1843626499176025,3.132781982421875,3.5000102519989014,3.541282892227173,3.357940912246704,3.2516419887542725,2.8756918907165527,2.915327548980713,2.6009583473205566,2.6260828971862793,2.469573974609375,2.3255510330200195,2.3444976806640625,2.190420389175415,2.3471505641937256,2.215510606765747,2.513807773590088,2.658599853515625,4.052362442016602,3.8159048557281494,3.538935899734497,3.213747978210449,3.0007336139678955,2.6400110721588135,2.4803640842437744,2.1240673065185547,1.9763331413269043,1.689738154411316,1.5851086378097534,1.4082063436508179,1.3515112400054932,1.6299521923065186,1.5201632976531982,2.31154203414917,1.970358967781067,2.0470428466796875,2.080418348312378,1.8852167129516602,2.064176321029663,1.8462461233139038,2.0502383708953857,2.087127208709717,2.2181222438812256,2.385434627532959,2.5179173946380615,2.7876899242401123,2.705613374710083,3.0088515281677246
A2,0.388295441865921,0.0,0.3885546028614044,0.6150349974632263,0.8654441237449646,1.1913928985595703,1.3876442909240723,1.7416056394577026,1.9154266119003296,2.2794814109802246,2.4754154682159424,2.831465005874634,3.074118137359619,3.2463722229003906,3.612461566925049,2.9809818267822266,2.5921077728271484,2.6151299476623535,2.3918821811676025,2.3363780975341797,2.404076337814331,2.1490235328674316,2.395561933517456,2.2685835361480713,2.486233711242676,2.4794909954071045,2.693415880203247,2.8138086795806885,2.7654173374176025,3.1336987018585205,3.301132917404175,3.0982043743133545,2.9698822498321533,2.587867498397827,2.5956521034240723,2.2676568031311035,2.2715511322021484,2.096762180328369,1.9498276710510254,1.95913565158844,1.8154687881469727,1.981871485710144,1.8776596784591675,2.1946558952331543,2.356170892715454,3.794611692428589,3.539536714553833,3.2848949432373047,2.9447827339172363,2.7459428310394287,2.3899965286254883,2.2090072631835938,1.8714110851287842,1.6782366037368774,1.4051152467727661,1.249153971672058,1.087031364440918,1.003385305404663,1.3100080490112305,1.2565665245056152,2.0073840618133545,1.6493167877197266,1.7116116285324097,1.7115355730056763,1.5191444158554077,1.6913316249847412,1.4774353504180908,1.7071908712387085,1.749942421913147,1.9185943603515625,2.0946156978607178,2.268057107925415,2.545853614807129,2.5037546157836914,2.8301053047180176
A3,0.5600547790527344,0.3885546028614044,0.0,0.39573362469673157,0.5647499561309814,0.8955449461936951,1.1373302936553955,1.4621511697769165,1.691719889640808,2.039313793182373,2.276127576828003,2.6264476776123047,2.8915698528289795,3.0914978981018066,3.443415403366089,2.6192948818206787,2.2340431213378906,2.285783052444458,2.0732626914978027,2.056138753890991,2.1549525260925293,1.9421510696411133,2.2307233810424805,2.1413142681121826,2.4060962200164795,2.4326202869415283,2.6901986598968506,2.8336782455444336,2.836956024169922,3.2170326709747314,3.278130292892456,3.047914981842041,2.9569671154022217,2.567685604095459,2.5904691219329834,2.280930280685425,2.248462200164795,2.105466365814209,1.9047698974609375,1.9314353466033936,1.73395574092865,1.8994135856628418,1.754542350769043,2.0315375328063965,2.2170658111572266,3.5153770446777344,3.2839527130126953,3.014399528503418,2.679936647415161,2.4880332946777344,2.121699571609497,1.9863413572311401,1.6430145502090454,1.5047330856323242,1.2742159366607666,1.199745535850525,1.1449179649353027,1.1596101522445679,1.5112186670303345,1.5374804735183716,2.2220208644866943,1.855968952178955,1.932205080986023,1.8623147010803223,1.6847844123840332,1.7972724437713623,1.5341720581054688,1.739485502243042,1.6993104219436646,1.84798264503479,1.9584312438964844,2.1101183891296387,2.347764730453491,2.2673933506011963,2.5980169773101807
A4,0.877842366695404,0.6150349974632263,0.39573362469673157,0.0,0.3677726686000824,0.599338948726654,0.850444495677948,1.1727553606033325,1.3645724058151245,1.723727822303772,1.9332275390625,2.2933812141418457,2.5379040241241455,2.7475411891937256,3.1009302139282227,2.4951388835906982,2.1115548610687256,2.1400563716888428,1.8747442960739136,1.8594872951507568,1.9034225940704346,1.6750054359436035,1.9432454109191895,1.8202641010284424,2.093611478805542,2.096416473388672,2.368180990219116,2.4980711936950684,2.5257937908172607,2.911391496658325,2.9069576263427734,2.6646087169647217,2.5789973735809326,2.188326120376587,2.2155680656433105,1.9179202318191528,1.8847949504852295,1.7750171422958374,1.576493263244629,1.6552501916885376,1.482210397720337,1.706295371055603,1.6162734031677246,1.8975783586502075,2.1401596069335938,3.1920862197875977,2.9439148902893066,2.677415370941162,2.345325231552124,2.1383190155029297,1.7798514366149902,1.6140730381011963,1.2709710597991943,1.1161556243896484,0.8791268467903137,0.8307981491088867,0.8343446254730225,0.9423494338989258,1.3057023286819458,1.416553258895874,2.206399917602539,1.8287783861160278,1.8441964387893677,1.7090708017349243,1.4983054399490356,1.5377140045166016,1.2325893640518188,1.395846962928772,1.3222718238830566,1.4580748081207275,1.5630303621292114,1.7219164371490479,1.9680536985397339,1.9125596284866333,2.251913070678711
A5,1.1221851110458374,0.8654441237449646,0.5647499561309814,0.3677726686000824,0.0,0.37367939949035645,0.5800904631614685,0.9007266163825989,1.143654227256775,1.4806939363479614,1.7368745803833008,2.0786521434783936,2.3599565029144287,2.568683624267578,2.910003900527954,2.1595940589904785,1.771281361579895,1.7861273288726807,1.5379972457885742,1.5182284116744995,1.5990278720855713,1.4009819030761719,1.7088552713394165,1.6482045650482178,1.950764536857605,2.015657663345337,2.3139374256134033,2.4902501106262207,2.557281970977783,2.9417617321014404,3.03031849861145,2.7527689933776855,2.6775660514831543,2.2853896617889404,2.2844817638397217,1.9923508167266846,1.8905445337295532,1.7725200653076172,1.5092912912368774,1.552484154701233,1.3109025955200195,1.4947810173034668,1.3539009094238281,1.5962865352630615,1.8439158201217651,2.9736618995666504,2.7420601844787598,2.487010955810547,2.1396913528442383,1.9763249158859253,1.6086740493774414,1.499834418296814,1.1910074949264526,1.0615769624710083,0.9442911744117737,0.9210249781608582,1.0504164695739746,1.1499061584472656,1.5215919017791748,1.6802414655685425,2.230130910873413,1.862923502922058,1.9207615852355957,1.7398289442062378,1.59172523021698,1.6094881296157837,1.312988519668579,1.4973127841949463,1.3589560985565186,1.525036096572876,1.5567985773086548,1.7357046604156494,1.9283115863800049,1.8643841743469238,2.2243025302886963
A6,1.4395074844360352,1.1913928985595703,0.8955449461936951,0.599338948726654,0.37367939949035645,0.0,0.36964544653892517,0.5954015851020813,0.8573874235153198,1.1820759773254395,1.4430458545684814,1.7869377136230469,2.0603349208831787,2.301302194595337,2.6299889087677,1.9581701755523682,1.5835942029953003,1.6021690368652344,1.3059594631195068,1.331823468208313,1.3734489679336548,1.2070298194885254,1.5177338123321533,1.4533990621566772,1.7905151844024658,1.8501354455947876,2.1799275875091553,2.3483972549438477,2.463744878768921,2.8485920429229736,2.7919576168060303,2.4954946041107178,2.453927755355835,2.0693588256835938,2.08719539642334,1.833531379699707,1.7155065536499023,1.661638617515564,1.3830697536468506,1.4906911849975586,1.25760018825531,1.4850090742111206,1.382976770401001,1.581055998802185,1.8840709924697876,2.6204819679260254,2.3907485008239746,2.1236026287078857,1.7855037450790405,1.6084152460098267,1.2393332719802856,1.1448699235916138,0.8396876454353333,0.7720759510993958,0.7404055595397949,0.8420913815498352,1.0748636722564697,1.2682477235794067,1.6171438694000244,1.834610104560852,2.441746234893799,2.078296184539795,2.093963861465454,1.8572769165039062,1.6957470178604126,1.6294540166854858,1.3012586832046509,1.4077101945877075,1.1883366107940674,1.3057680130004883,1.2667986154556274,1.4229322671890259,1.580989122390747,1.5086696147918701,1.8746308088302612
A7,1.6856944561004639,1.3876442909240723,1.1373302936553955,0.850444495677948,0.5800904631614685,0.36964544653892517,0.0,0.37899765372276306,0.5725097060203552,0.9069477915763855,1.1677871942520142,1.5014126300811768,1.7946215867996216,2.0036685466766357,2.337294578552246,1.86591637134552,1.4944480657577515,1.4251251220703125,1.1081523895263672,1.0531578063964844,1.0551449060440063,0.8498731851577759,1.1611343622207642,1.1248196363449097,1.4654827117919922,1.5718928575515747,1.9074604511260986,2.115657329559326,2.2521800994873047,2.628291130065918,2.789327621459961,2.4667820930480957,2.3985977172851562,2.019413471221924,1.9779454469680786,1.7173075675964355,1.5317682027816772,1.448525309562683,1.12525475025177,1.1942970752716064,0.92781001329422,1.1443498134613037,1.0609071254730225,1.2481862306594849,1.5762083530426025,2.454610586166382,2.2069034576416016,1.9864765405654907,1.6172702312469482,1.4995754957199097,1.1494107246398926,1.05698823928833,0.8512187600135803,0.7109434604644775,0.812606155872345,0.8357954621315002,1.1391260623931885,1.289055347442627,1.6161999702453613,1.880441665649414,2.283541440963745,1.9402893781661987,1.9614677429199219,1.6797032356262207,1.572962999343872,1.479701042175293,1.188303828239441,1.3236968517303467,1.0836570262908936,1.2708163261413574,1.205467939376831,1.4321848154067993,1.5664770603179932,1.559215784072876,1.9433879852294922
A8,2.0161092281341553,1.7416056394577026,1.4621511697769165,1.1727553606033325,0.9007266163825989,0.5954015851020813,0.37899765372276306,0.0,0.3803552985191345,0.6137067675590515,0.9346550107002258,1.2414839267730713,1.551702618598938,1.7997006177902222,2.102276563644409,1.5866411924362183,1.2428367137908936,1.1720792055130005,0.812865138053894,0.8304483890533447,0.810322105884552,0.7162414789199829,1.0472747087478638,1.0684051513671875,1.4457937479019165,1.5784990787506104,1.9423773288726807,2.154982566833496,2.3484926223754883,2.71221661567688,2.749669313430786,2.405243396759033,2.381223201751709,2.0245869159698486,1.9965550899505615,1.7916250228881836,1.5759079456329346,1.5608614683151245,1.2257250547409058,1.3318207263946533,1.0714614391326904,1.271246314048767,1.198283076286316,1.2849926948547363,1.6421185731887817,2.092440128326416,1.8639112710952759,1.635467529296875,1.2688897848129272,1.1770265102386475,0.8309535384178162,0.8350256681442261,0.7224965691566467,0.7214171886444092,0.9531679153442383,1.078577995300293,1.4203275442123413,1.6146012544631958,1.9184285402297974,2.207213878631592,2.596066474914551,2.2674152851104736,2.2773470878601074,1.965092420578003,1.8695908784866333,1.7228766679763794,1.4341697692871094,1.4996070861816406,1.1933130025863647,1.3171476125717163,1.1430962085723877,1.3274143934249878,1.3725224733352661,1.3460553884506226,1.7249780893325806
A9,2.2281837463378906,1.9154266119003296,1.691719889640808,1.3645724058151245,1.143654227256775,0.8573874235153198,0.5725097060203552,0.3803552985191345,0.0,0.3752140998840332,0.5972896218299866,0.9370777010917664,1.2243703603744507,1.4525259733200073,1.7766916751861572,1.7967212200164795,1.4893741607666016,1.3434772491455078,0.9639557600021362,0.8931725025177002,0.7070109844207764,0.5221256613731384,0.7494329214096069,0.7114944458007812,1.0920814275741577,1.2168939113616943,1.5871738195419312,1.8024320602416992,2.0209193229675293,2.3736162185668945,2.523991584777832,2.16560959815979,2.1163077354431152,1.7741312980651855,1.7026094198226929,1.5122401714324951,1.2553800344467163,1.2598141431808472,0.9256161451339722,1.0675337314605713,0.8702586889266968,1.115785002708435,1.153552532196045,1.2466967105865479,1.6294169425964355,1.956240177154541,1.6778504848480225,1.5012578964233398,1.116969347000122,1.0484020709991455,0.766196072101593,0.6832789182662964,0.704602062702179,0.6124361753463745,0.9322015047073364,1.0165810585021973,1.387834906578064,1.5775365829467773,1.828752875328064,2.158524513244629,2.506424903869629,2.1978774070739746,2.1643099784851074,1.816087245941162,1.7318013906478882,1.5273804664611816,1.270889163017273,1.299473524093628,0.9763922691345215,1.1251212358474731,0.9359826445579529,1.1860111951828003,1.2350382804870605,1.3118902444839478,1.690325140953064
A10,2.5845015048980713,2.2794814109802246,2.039313793182373,1.723727822303772,1.4806939363479614,1.1820759773254395,0.9069477915763855,0.6137067675590515,0.3752140998840332,0.0,0.3810296058654785,0.6313256621360779,0.9631159901618958,1.2130783796310425,1.4951916933059692,1.631209135055542,1.3840014934539795,1.1963798999786377,0.8222135901451111,0.7703450322151184,0.495494544506073,0.49660590291023254,0.6567580699920654,0.7369630336761475,1.1015957593917847,1.2765191793441772,1.6466203927993774,1.876462459564209,2.145416736602783,2.468154191970825,2.6071419715881348,2.2313477993011475,2.212224006652832,1.9100892543792725,1.8286128044128418,1.696414828300476,1.4060126543045044,1.453050136566162,1.132178783416748,1.2575469017028809,1.0756877660751343,1.2545483112335205,1.297165870666504,1.286700963973999,1.6692123413085938,1.6206369400024414,1.3521995544433594,1.2142338752746582,0.819452702999115,0.8608542084693909,0.673791229724884,0.7277036309242249,0.9011986255645752,0.9099665880203247,1.2628694772720337,1.3733694553375244,1.7473913431167603,1.9386876821517944,2.1709187030792236,2.5123753547668457,2.7706480026245117,2.485952138900757,2.456577777862549,2.0907721519470215,2.0390477180480957,1.811570167541504,1.5877538919448853,1.5855787992477417,1.2508026361465454,1.3575996160507202,1.0972387790679932,1.3022098541259766,1.2463489770889282,1.3316717147827148,1.6785635948181152
A11,2.800752878189087,2.4754154682159424,2.276127576828003,1.9332275390625,1.7368745803833008,1.4430458545684814,1.1677871942520142,0.9346550107002258,0.5972896218299866,0.3810296058654785,0.0,0.3721899390220642,0.6277949213981628,0.8766782879829407,1.1882075071334839,1.9557589292526245,1.7403700351715088,1.5329176187515259,1.1766091585159302,1.0901437997817993,0.7464908957481384,0.681040346622467,0.6079341173171997,0.5759955048561096,0.8761858940124512,1.0074893236160278,1.3681522607803345,1.5768680572509766,1.8794283866882324,2.17868709564209,2.367736339569092,1.9854798316955566,1.9505692720413208,1.6834622621536255,1.5674468278884888,1.4808926582336426,1.1694042682647705,1.270003318786621,1.007328987121582,1.179614543914795,1.1084541082382202,1.3169009685516357,1.4576165676116943,1.4648908376693726,1.8433749675750732,1.5457431077957153,1.2179298400878906,1.1508222818374634,0.785602867603302,0.8398287296295166,0.7829840183258057,0.7382341027259827,1.0075958967208862,0.9718129634857178,1.3358163833618164,1.424436092376709,1.7911728620529175,1.982833743095398,2.157280206680298,2.522096872329712,2.7890684604644775,2.5253353118896484,2.4477875232696533,2.0646164417266846,2.011512041091919,1.7337175607681274,1.5494263172149658,1.4899312257766724,1.1666759252548218,1.2559471130371094,0.9924991726875305,1.221161127090454,1.1611480712890625,1.346941590309143,1.6647213697433472
A12,3.1576712131500244,2.831465005874634,2.6264476776123047,2.2933812141418457,2.0786521434783936,1.7869377136230469,1.5014126300811768,1.2414839267730713,0.9370777010917664,0.6313256621360779,0.3721899390220642,0.0,0.38006946444511414,0.6145930886268616,0.8647055625915527,1.9713234901428223,1.819399118423462,1.5761038064956665,1.2711368799209595,1.1792123317718506,0.8195993900299072,0.8696161508560181,0.7058631181716919,0.7821307182312012,0.9774887561798096,1.150186538696289,1.46576988697052,1.6840728521347046,2.019252300262451,2.272554636001587,2.5275676250457764,2.142291307449341,2.1221237182617188,1.9059314727783203,1.7700756788253784,1.7319960594177246,1.406282663345337,1.516718864440918,1.2829474210739136,1.4114069938659668,1.355047583580017,1.4959636926651,1.641869306564331,1.57570481300354,1.929970145225525,1.3203591108322144,0.9951154589653015,1.0425615310668945,0.7310044169425964,0.9280552864074707,0.9937601685523987,1.0319101810455322,1.3426369428634644,1.3396782875061035,1.7051632404327393,1.790399432182312,2.1539883613586426,2.332895278930664,2.491530656814575,2.861600399017334,3.0206050872802734,2.784857749938965,2.7134647369384766,2.3224377632141113,2.3050386905670166,2.0214545726776123,1.8751740455627441,1.811662197113037,1.5051028728485107,1.5810582637786865,1.3052847385406494,1.496130347251892,1.370050072669983,1.5616241693496704,1.832015037536621
A13,3.405539035797119,3.074118137359619,2.8915698528289795,2.5379040241241455,2.3599565029144287,2.0603349208831787,1.7946215867996216,1.551702618598938,1.2243703603744507,0.9631159901618958,0.6277949213981628,0.38006946444511414,0.0,0.38118505477905273,0.6089518666267395,2.2988383769989014,2.1688103675842285,1.9397811889648438,1.6363210678100586,1.55919349193573,1.1987563371658325,1.214630126953125,0.9904015064239502,0.9674026370048523,1.0565109252929688,1.136826515197754,1.4004772901535034,1.5581315755844116,1.9212888479232788,2.1343753337860107,2.3208651542663574,1.9415401220321655,1.9302630424499512,1.7757391929626465,1.6331971883773804,1.6696650981903076,1.367759346961975,1.5445210933685303,1.3941125869750977,1.5647103786468506,1.5903562307357788,1.7565834522247314,1.9514201879501343,1.9071900844573975,2.2536065578460693,1.2775025367736816,0.9124966263771057,1.0391346216201782,0.837975025177002,1.006195306777954,1.1695284843444824,1.1586910486221313,1.506461262702942,1.504241943359375,1.8576716184616089,1.948384404182434,2.294046401977539,2.4845690727233887,2.5968103408813477,2.975755214691162,3.1919641494750977,2.9697864055633545,2.8560712337493896,2.4632551670074463,2.4304535388946533,2.1123054027557373,1.990580677986145,1.8676902055740356,1.5824964046478271,1.6097431182861328,1.3391222953796387,1.4995142221450806,1.3544120788574219,1.606107234954834,1.8227190971374512
A14,3.596132755279541,3.2463722229003906,3.0914978981018066,2.7475411891937256,2.568683624267578,2.301302194595337,2.0036685466766357,1.7997006177902222,1.4525259733200073,1.2130783796310425,0.8766782879829407,0.6145930886268616,0.38118505477905273,0.0,0.38371461629867554,2.534428119659424,2.4079034328460693,2.1354100704193115,1.8598673343658447,1.7187390327453613,1.3501636981964111,1.3350367546081543,1.0226014852523804,1.0137931108474731,0.9689012765884399,1.0755937099456787,1.259662389755249,1.4416955709457397,1.8068143129348755,1.96967613697052,2.480210065841675,2.1142849922180176,2.0516107082366943,1.9242419004440308,1.7183072566986084,1.7498610019683838,1.4250757694244385,1.5555435419082642,1.4399415254592896,1.5501806735992432,1.620071530342102,1.7378216981887817,1.9730502367019653,1.9155688285827637,2.2281439304351807,1.529478907585144,1.1904960870742798,1.384801983833313,1.200186014175415,1.3861843347549438,1.5279302597045898,1.490134596824646,1.815503716468811,1.7552928924560547,2.093418598175049,2.1247262954711914,2.454983949661255,2.6007397174835205,2.681649923324585,3.0626487731933594,3.1247336864471436,2.9421756267547607,2.825770854949951,2.4326398372650146,2.445873737335205,2.131965398788452,2.0744802951812744,1.977224349975586,1.741384506225586,1.8174844980239868,1.6004575490951538,1.802178144454956,1.6963807344436646,1.969070315361023,2.186753749847412
A15,3.9568798542022705,3.612461566925049,3.443415403366089,3.1009302139282227,2.910003900527954,2.6299889087677,2.337294578552246,2.102276563644409,1.7766916751861572,1.4951916933059692,1.1882075071334839,0.8647055625915527,0.6089518666267395,0.38371461629867554,0.0,2.637909412384033,2.5653891563415527,2.2925288677215576,2.055233955383301,1.939753770828247,1.5904791355133057,1.6415969133377075,1.3468732833862305,1.385924220085144,1.3362919092178345,1.4438283443450928,1.589188575744629,1.7456600666046143,2.1142585277557373,2.2326040267944336,2.6712088584899902,2.315692901611328,2.286975145339966,2.2055695056915283,2.0166144371032715,2.0892832279205322,1.782598614692688,1.9293829202651978,1.8235965967178345,1.9247255325317383,1.9833486080169678,2.072502374649048,2.2896368503570557,2.189162492752075,2.481440305709839,1.40569007396698,1.116386890411377,1.4036003351211548,1.311608910560608,1.5496724843978882,1.7527530193328857,1.7668859958648682,2.1148159503936768,2.0948495864868164,2.44143009185791,2.4946401119232178,2.8284170627593994,2.9823110103607178,3.06199049949646,3.4434621334075928,3.4767017364501953,3.30686616897583,3.195350170135498,2.803156852722168,2.825669765472412,2.5111443996429443,2.456787109375,2.348773241043091,2.108125686645508,2.1567540168762207,1.9169362783432007,2.0752322673797607,1.9183416366577148,2.1766016483306885,2.349248170852661
B1,3.1390204429626465,2.9809818267822266,2.6192948818206787,2.4951388835906982,2.1595940589904785,1.9581701755523682,1.86591637134552,1.5866411924362183,1.7967212200164795,1.631209135055542,1.9557589292526245,1.9713234901428223,2.2988383769989014,2.534428119659424,2.637909412384033,0.0,0.39252135157585144,0.5969865322113037,0.8636540770530701,1.1510714292526245,1.417938232421875,1.732574462890625,2.024508237838745,2.28539776802063,2.6206917762756348,2.874837875366211,3.2292122840881348,3.4935243129730225,3.753913402557373,4.073100566864014,4.014290809631348,3.654412031173706,3.7251906394958496,3.4275124073028564,3.416837453842163,3.285385847091675,3.023766040802002,3.0336084365844727,2.678166389465332,2.6965434551239014,2.3790392875671387,2.36617112159729,2.146123170852661,1.93865168094635,2.1302530765533447,1.9991885423660278,2.053959608078003,1.8829467296600342,1.7104954719543457,1.8513997793197632,1.7132714986801147,2.028177261352539,2.064054012298584,2.2459378242492676,2.4879300594329834,2.658240795135498,2.9800167083740234,3.153130292892456,3.480719804763794,3.7414021492004395,3.848175287246704,3.568166971206665,3.679718255996704,3.3778860569000244,3.369213581085205,3.252454996109009,3.0007052421569824,3.0736353397369385,2.747563362121582,2.814647912979126,2.5366485118865967,2.586592197418213,2.4207708835601807,2.2552928924560547,2.4861276149749756
B2,2.758814573287964,2.5921077728271484,2.2340431213378906,2.1115548610687256,1.771281361579895,1.5835942029953003,1.4944480657577515,1.2428367137908936,1.4893741607666016,1.3840014934539795,1.7403700351715088,1.819399118423462,2.1688103675842285,2.4079034328460693,2.5653891563415527,0.39252135157585144,0.0,0.3911896347999573,0.5880433320999146,0.8838112354278564,1.1845237016677856,1.4504895210266113,1.781417727470398,2.019676446914673,2.3685667514801025,2.6129562854766846,2.9702727794647217,3.234097480773926,3.4720566272735596,3.805213212966919,3.7947914600372314,3.438169479370117,3.484929323196411,3.1658926010131836,3.1510982513427734,2.9919958114624023,2.739114761352539,2.7270913124084473,2.367462635040283,2.38140606880188,2.053218126296997,2.0548384189605713,1.8232784271240234,1.6577119827270508,1.8710745573043823,2.074209690093994,2.058126211166382,1.8591586351394653,1.620809555053711,1.7143489122390747,1.509503722190857,1.784365177154541,1.7749875783920288,1.927553653717041,2.1486337184906006,2.3013875484466553,2.6136038303375244,2.776289701461792,3.110117197036743,3.361799716949463,3.4923760890960693,3.202291488647461,3.3145134449005127,3.0227503776550293,3.0059361457824707,2.9048099517822266,2.648411512374878,2.739910364151001,2.42680025100708,2.5139570236206055,2.2639620304107666,2.3404860496520996,2.2217233180999756,2.0658488273620605,2.33862566947937
B3,2.826974630355835,2.6151299476623535,2.285783052444458,2.1400563716888428,1.7861273288726807,1.6021690368652344,1.4251251220703125,1.1720792055130005,1.3434772491455078,1.1963798999786377,1.5329176187515259,1.5761038064956665,1.9397811889648438,2.1354100704193115,2.2925288677215576,0.5969865322113037,0.3911896347999573,0.0,0.3916907012462616,0.5729544758796692,0.8872045874595642,1.18355393409729,1.485710859298706,1.7667030096054077,2.0899689197540283,2.367676019668579,2.7104151248931885,2.997488021850586,3.240607500076294,3.5576202869415283,3.7381434440612793,3.3690848350524902,3.385258674621582,3.071223735809326,3.0129973888397217,2.848268747329712,2.561922550201416,2.527723789215088,2.1622884273529053,2.140758991241455,1.814363956451416,1.77621591091156,1.5597388744354248,1.3462375402450562,1.5617706775665283,1.9837305545806885,1.9334580898284912,1.7951310873031616,1.5191439390182495,1.6686711311340332,1.4834182262420654,1.733147144317627,1.7700316905975342,1.8676706552505493,2.122464418411255,2.230433464050293,2.560020923614502,2.695561170578003,3.011240005493164,3.2834644317626953,3.282518148422241,3.0156261920928955,3.128810167312622,2.82053542137146,2.840552568435669,2.7314889430999756,2.5102860927581787,2.6175827980041504,2.3124659061431885,2.438661575317383,2.193790912628174,2.3211941719055176,2.2111423015594482,2.119450092315674,2.4163784980773926
B4,2.628892183303833,2.3918821811676025,2.0732626914978027,1.8747442960739136,1.5379972457885742,1.3059594631195068,1.1081523895263672,0.812865138053894,0.9639557600021362,0.8222135901451111,1.1766091585159302,1.2711368799209595,1.6363210678100586,1.8598673343658447,2.055233955383301,0.8636540770530701,0.5880433320999146,0.3916907012462616,0.0,0.3723713159561157,0.6062212586402893,0.8788756132125854,1.1987251043319702,1.4369937181472778,1.7834060192108154,2.031576633453369,2.386845588684082,2.6553382873535156,2.900773763656616,3.2264277935028076,3.3516554832458496,2.9835915565490723,2.9964423179626465,2.680250644683838,2.627965211868286,2.467862367630005,2.190244674682617,2.17634654045105,1.8173277378082275,1.8364323377609253,1.5298293828964233,1.557315468788147,1.3932499885559082,1.2460967302322388,1.5398259162902832,1.816983938217163,1.7059029340744019,1.5402940511703491,1.2218000888824463,1.3332453966140747,1.1199575662612915,1.3478779792785645,1.3921256065368652,1.4867067337036133,1.7585089206695557,1.8799107074737549,2.222407817840576,2.3810360431671143,2.685648202896118,2.973578691482544,3.083427667617798,2.7996275424957275,2.874079465866089,2.5509984493255615,2.541343927383423,2.4050233364105225,2.169461250305176,2.250983238220215,1.9352549314498901,2.0507802963256836,1.8024128675460815,1.9373364448547363,1.8412688970565796,1.7719570398330688,2.0891120433807373
B5,2.608504056930542,2.3363780975341797,2.056138753890991,1.8594872951507568,1.5182284116744995,1.331823468208313,1.0531578063964844,0.8304483890533447,0.8931725025177002,0.7703450322151184,1.0901437997817993,1.1792123317718506,1.55919349193573,1.7187390327453613,1.939753770828247,1.1510714292526245,0.8838112354278564,0.5729544758796692,0.3723713159561157,0.0,0.37508752942085266,0.6207355260848999,0.9334639310836792,1.2174205780029297,1.5330311059951782,1.8202515840530396,2.1547446250915527,2.4530744552612305,2.6847312450408936,2.9999582767486572,3.3670458793640137,2.995145082473755,2.9623782634735107,2.6422173976898193,2.5408966541290283,2.3548173904418945,2.048398494720459,1.9848403930664062,1.6172235012054443,1.5759652853012085,1.257920742034912,1.2301932573318481,1.0688045024871826,0.8887333869934082,1.1942684650421143,1.9635720252990723,1.8070166110992432,1.699569582939148,1.3459690809249878,1.4795470237731934,1.2701555490493774,1.4227335453033447,1.4761269092559814,1.4794994592666626,1.7533303499221802,1.8020137548446655,2.1428802013397217,2.2540626525878906,2.5426321029663086,2.837313652038574,2.7941718101501465,2.5335824489593506,2.6197235584259033,2.291456699371338,2.325129985809326,2.200939416885376,2.008749485015869,2.129354953765869,1.8431843519210815,2.018258810043335,1.8075205087661743,2.007232904434204,1.9530967473983765,1.9470834732055664,2.2877941131591797
B6,2.707287311553955,2.404076337814331,2.1549525260925293,1.9034225940704346,1.5990278720855713,1.3734489679336548,1.0551449060440063,0.810322105884552,0.7070109844207764,0.495494544506073,0.7464908957481384,0.8195993900299072,1.1987563371658325,1.3501636981964111,1.5904791355133057,1.417938232421875,1.1845237016677856,0.8872045874595642,0.6062212586402893,0.37508752942085266,0.0,0.37552720308303833,0.6067831516265869,0.8972618579864502,1.208540439605713,1.493196964263916,1.8300371170043945,2.122835874557495,2.3779282569885254,2.6815643310546875,3.0811073780059814,2.7035977840423584,2.661036252975464,2.3594307899475098,2.2370283603668213,2.0743465423583984,1.749740481376648,1.7130398750305176,1.3603652715682983,1.3509589433670044,1.089379906654358,1.1133527755737305,1.0714085102081299,0.9323261976242065,1.2862780094146729,1.7712042331695557,1.5607264041900635,1.4901599884033203,1.1172317266464233,1.2684091329574585,1.1048121452331543,1.215965747833252,1.3411940336227417,1.3179519176483154,1.6336637735366821,1.6776000261306763,2.0370137691497803,2.1618831157684326,2.413175344467163,2.7380802631378174,2.731201171875,2.4776744842529297,2.5152134895324707,2.1580002307891846,2.184687852859497,2.011378526687622,1.835740566253662,1.91732919216156,1.6230112314224243,1.794352650642395,1.571723461151123,1.7937308549880981,1.7353794574737549,1.7929489612579346,2.132328987121582
B7,2.4787278175354004,2.1490235328674316,1.9421510696411133,1.6750054359436035,1.4009819030761719,1.2070298194885254,0.8498731851577759,0.7162414789199829,0.5221256613731384,0.49660590291023254,0.681040346622467,0.8696161508560181,1.214630126953125,1.3350367546081543,1.6415969133377075,1.732574462890625,1.4504895210266113,1.18355393409729,0.8788756132125854,0.6207355260848999,0.37552720308303833,0.0,0.3894563615322113,0.608417809009552,0.9357468485832214,1.2085496187210083,1.5438251495361328,1.84065580368042,2.0642731189727783,2.383221387863159,2.905463218688965,2.5376999378204346,2.451869487762451,2.1318533420562744,1.9848593473434448,1.782423973083496,1.4572300910949707,1.3748770952224731,1.0116641521453857,0.9845364093780518,0.7185155153274536,0.7964028716087341,0.8217559456825256,0.8048260807991028,1.1904819011688232,2.013589382171631,1.751818299293518,1.6722921133041382,1.28076171875,1.3562119007110596,1.1520006656646729,1.145395040512085,1.2251429557800293,1.102925419807434,1.3932627439498901,1.3745802640914917,1.7243436574935913,1.8226746320724487,2.059830904006958,2.3882241249084473,2.3874123096466064,2.128093957901001,2.147752285003662,1.786758303642273,1.8113336563110352,1.6407417058944702,1.4793145656585693,1.5877768993377686,1.3239717483520508,1.5467089414596558,1.38557767868042,1.6641243696212769,1.6819484233856201,1.781884789466858,2.1451733112335205
B8,2.7468507289886475,2.395561933517456,2.2307233810424805,1.9432454109191895,1.7088552713394165,1.5177338123321533,1.1611343622207642,1.0472747087478638,0.7494329214096069,0.6567580699920654,0.6079341173171997,0.7058631181716919,0.9904015064239502,1.0226014852523804,1.3468732833862305,2.024508237838745,1.781417727470398,1.485710859298706,1.1987251043319702,0.9334639310836792,0.6067831516265869,0.3894563615322113,0.0,0.37519600987434387,0.6098787188529968,0.931600034236908,1.2413848638534546,1.5577707290649414,1.8077274560928345,2.09466552734375,2.7986271381378174,2.428882360458374,2.315100908279419,2.0300095081329346,1.831234335899353,1.6561492681503296,1.2952860593795776,1.2182722091674805,0.8991406559944153,0.8602251410484314,0.7231076955795288,0.7948172688484192,0.9660382866859436,0.9453456401824951,1.3011131286621094,1.9827756881713867,1.6857738494873047,1.6818437576293945,1.3113882541656494,1.421886920928955,1.300690770149231,1.248776912689209,1.401758074760437,1.244807481765747,1.5485516786575317,1.4968585968017578,1.8380763530731201,1.919538974761963,2.096364974975586,2.4474916458129883,2.3702030181884766,2.1480109691619873,2.1273460388183594,1.743764042854309,1.7960480451583862,1.58237886428833,1.4861674308776855,1.5631123781204224,1.3269051313400269,1.5577685832977295,1.4088799953460693,1.7126903533935547,1.7275276184082031,1.8993980884552002,2.2425286769866943
B9,2.631234645843506,2.2685835361480713,2.1413142681121826,1.8202641010284424,1.6482045650482178,1.4533990621566772,1.1248196363449097,1.0684051513671875,0.7114944458007812,0.7369630336761475,0.5759955048561096,0.7821307182312012,0.9674026370048523,1.0137931108474731,1.385924220085144,2.28539776802063,2.019676446914673,1.7667030096054077,1.4369937181472778,1.2174205780029297,0.8972618579864502,0.608417809009552,0.37519600987434387,0.0,0.38348108530044556,0.6030709743499756,0.9506828784942627,1.2356877326965332,1.4811018705368042,1.7922602891921997,2.471586227416992,2.111708641052246,1.971248984336853,1.6799802780151367,1.4684282541275024,1.282439947128296,0.9210253953933716,0.8589890599250793,0.5598121881484985,0.6297287344932556,0.6297759413719177,0.8512640595436096,1.1005617380142212,1.1944526433944702,1.5482475757598877,2.085793972015381,1.7498282194137573,1.721615195274353,1.3609904050827026,1.3890554904937744,1.2648125886917114,1.1086993217468262,1.2498197555541992,1.0327707529067993,1.3165388107299805,1.2430301904678345,1.5727388858795166,1.6677803993225098,1.8065359592437744,2.172884225845337,2.250380277633667,2.0137555599212646,1.932314157485962,1.540656566619873,1.5431721210479736,1.2825798988342285,1.185349702835083,1.219208002090454,0.9971485733985901,1.237488031387329,1.1347296237945557,1.470465898513794,1.5424814224243164,1.7605900764465332,2.102464437484741
B10,2.862874984741211,2.486233711242676,2.4060962200164795,2.093611478805542,1.950764536857605,1.7905151844024658,1.4654827117919922,1.4457937479019165,1.0920814275741577,1.1015957593917847,0.8761858940124512,0.9774887561798096,1.0565109252929688,0.9689012765884399,1.3362919092178345,2.6206917762756348,2.3685667514801025,2.0899689197540283,1.7834060192108154,1.5330311059951782,1.208540439605713,0.9357468485832214,0.6098787188529968,0.38348108530044556,0.0,0.37908750772476196,0.6342281699180603,0.9692730903625488,1.216152548789978,1.4867539405822754,2.494220018386841,2.1504197120666504,1.9602247476577759,1.7113643884658813,1.432746171951294,1.2607691287994385,0.8870813250541687,0.7790252566337585,0.6130591034889221,0.6024976372718811,0.7677027583122253,0.9254430532455444,1.2532545328140259,1.3511983156204224,1.6545578241348267,2.2822155952453613,1.9327894449234009,1.9646387100219727,1.634851336479187,1.6829240322113037,1.606066107749939,1.4273737668991089,1.582189917564392,1.3373465538024902,1.5835485458374023,1.4548419713974,1.738291621208191,1.7833757400512695,1.8533121347427368,2.2207491397857666,2.1613993644714355,1.9756581783294678,1.8625274896621704,1.4691331386566162,1.519191861152649,1.2458473443984985,1.2555491924285889,1.287210464477539,1.1533396244049072,1.407126545906067,1.3614577054977417,1.7058531045913696,1.7936335802078247,2.0552663803100586,2.3756661415100098
B11,2.8548989295959473,2.4794909954071045,2.4326202869415283,2.096416473388672,2.015657663345337,1.8501354455947876,1.5718928575515747,1.5784990787506104,1.2168939113616943,1.2765191793441772,1.0074893236160278,1.150186538696289,1.136826515197754,1.0755937099456787,1.4438283443450928,2.874837875366211,2.6129562854766846,2.367676019668579,2.031576633453369,1.8202515840530396,1.493196964263916,1.2085496187210083,0.931600034236908,0.6030709743499756,0.37908750772476196,0.0,0.37662452459335327,0.6331642270088196,0.899841845035553,1.1985657215118408,2.1655259132385254,1.8397082090377808,1.617060899734497,1.382691502571106,1.0776641368865967,0.9189988374710083,0.5564191937446594,0.5135135054588318,0.531436562538147,0.6783484220504761,0.9524794816970825,1.1911263465881348,1.5271060466766357,1.679134726524353,1.9859906435012817,2.388559579849243,2.017580986022949,2.030921697616577,1.7296063899993896,1.7128492593765259,1.651906967163086,1.4048857688903809,1.5503510236740112,1.2847908735275269,1.4897112846374512,1.3577537536621094,1.604231357574463,1.66859769821167,1.6790385246276855,2.0545642375946045,2.189112424850464,1.995740532875061,1.8133727312088013,1.4319040775299072,1.4141640663146973,1.085233211517334,1.1089434623718262,1.0544592142105103,0.9688162803649902,1.191009521484375,1.204324722290039,1.5470143556594849,1.6796551942825317,1.9796545505523682,2.2779502868652344
B12,3.0739283561706543,2.693415880203247,2.6901986598968506,2.368180990219116,2.3139374256134033,2.1799275875091553,1.9074604511260986,1.9423773288726807,1.5871738195419312,1.6466203927993774,1.3681522607803345,1.46576988697052,1.4004772901535034,1.259662389755249,1.589188575744629,3.2292122840881348,2.9702727794647217,2.7104151248931885,2.386845588684082,2.1547446250915527,1.8300371170043945,1.5438251495361328,1.2413848638534546,0.9506828784942627,0.6342281699180603,0.37662452459335327,0.0,0.3727290630340576,0.6120867729187012,0.8550270795822144,2.2293686866760254,1.9402731657028198,1.6669203042984009,1.4906821250915527,1.137770414352417,1.0063133239746094,0.726787269115448,0.6391840577125549,0.8058598041534424,0.8668569922447205,1.199767827987671,1.3885018825531006,1.7523003816604614,1.912742018699646,2.177790641784668,2.6735332012176514,2.2997591495513916,2.3476414680480957,2.06842041015625,2.0595970153808594,2.019024610519409,1.7627415657043457,1.9019137620925903,1.6220461130142212,1.7859853506088257,1.6133458614349365,1.802520751953125,1.8166065216064453,1.7559653520584106,2.113361358642578,2.142083168029785,2.002488851547241,1.7845183610916138,1.430442452430725,1.4480115175247192,1.1335806846618652,1.2633459568023682,1.2133861780166626,1.226771593093872,1.4426157474517822,1.5099221467971802,1.8412152528762817,1.9894185066223145,2.3087472915649414,2.5874991416931152
B13,3.1843626499176025,2.8138086795806885,2.8336782455444336,2.4980711936950684,2.4902501106262207,2.3483972549438477,2.115657329559326,2.154982566833496,1.8024320602416992,1.876462459564209,1.5768680572509766,1.6840728521347046,1.5581315755844116,1.4416955709457397,1.7456600666046143,3.4935243129730225,3.234097480773926,2.997488021850586,2.6553382873535156,2.4530744552612305,2.122835874557495,1.84065580368042,1.5577707290649414,1.2356877326965332,0.9692730903625488,0.6331642270088196,0.3727290630340576,0.0,0.3777696192264557,0.6097539067268372,1.9587769508361816,1.706432819366455,1.3992316722869873,1.2811466455459595,0.9109485149383545,0.8543292880058289,0.6995908617973328,0.7293092012405396,1.0097737312316895,1.149832010269165,1.496037244796753,1.7226999998092651,2.080393075942993,2.261120557785034,2.5345470905303955,2.801025152206421,2.419487714767456,2.4591116905212402,2.2152678966522217,2.1649036407470703,2.1483817100524902,1.8592015504837036,1.994930624961853,1.724747657775879,1.851670265197754,1.696271300315857,1.8416850566864014,1.87636137008667,1.7573063373565674,2.1038875579833984,2.314277410507202,2.1751890182495117,1.9055694341659546,1.5866780281066895,1.5420987606048584,1.206998586654663,1.3396461009979248,1.203374981880188,1.26668119430542,1.4138373136520386,1.5227570533752441,1.8184973001480103,1.9883850812911987,2.3306994438171387,2.5739519596099854
