,A1,A2,A3,A4,A5,A6,A7,A8,A9,A10,A11,A12,A13,A14,A15,B1,B2,B3,B4,B5,B6,B7,B8,B9,B10,B11,B12,B13,B14,B15,C1,C2,C3,C4,C5,C6,C7,C8,C9,C10,C11,C12,C13,C14,C15,D1,D2,D3,D4,D5,D6,D7,D8,D9,D10,D11,D12,D13,D14,D15,E1,E2,E3,E4,E5,E6,E7,E8,E9,E10,E11,E12,E13,E14,E15
A1,0.0,0.3797554671764374,0.5742464065551758,0.8821619153022766,1.0817222595214844,1.4219893217086792,1.6101067066192627,1.9533110857009888,2.184922218322754,2.4966084957122803,2.7947216033935547,3.058854341506958,3.381760835647583,3.476717710494995,3.8145554065704346,4.331892490386963,4.012674331665039,3.9217989444732666,3.615304708480835,3.491690158843994,3.2175180912017822,2.9400365352630615,2.727294445037842,2.3670613765716553,2.235877513885498,1.8609120845794678,1.8010612726211548,1.4688043594360352,1.5464296340942383,1.5788456201553345,4.389590263366699,4.112358093261719,3.9551167488098145,3.658966302871704,3.4451606273651123,3.1699728965759277,2.87740421295166,2.6350934505462646,2.2607357501983643,2.106015920639038,1.7432422637939453,1.6606929302215576,1.3464125394821167,1.2340291738510132,1.2914878129959106,0.4033410847187042,0.6167593002319336,0.975712239742279,1.1969157457351685,1.3799006938934326,1.6972548961639404,1.7431925535202026,2.116377353668213,2.2385640144348145,2.574496030807495,2.802269458770752,3.0584936141967773,3.3377633094787598,3.419984817504883,3.7753517627716064,3.954180955886841,3.6977145671844482,3.430300712585449,3.0884859561920166,2.975261926651001,2.6075174808502197,2.539937973022461,2.232203483581543,2.0538883209228516,1.9020371437072754,1.6426812410354614,1.727571964263916,1.5640801191329956,1.8833158016204834,1.9215792417526245
A2,0.3797554671764374,0.0,0.3863053619861603,0.6046375632286072,0.8123164772987366,1.1373599767684937,1.28497314453125,1.6419211626052856,1.8419170379638672,2.166001558303833,2.44810152053833,2.716611623764038,3.0291624069213867,3.1218483448028564,3.4662277698516846,3.9653196334838867,3.6445703506469727,3.550016164779663,3.2397539615631104,3.121678113937378,2.8455963134765625,2.574644088745117,2.3681139945983887,2.0067214965820312,1.8989002704620361,1.5279918909072876,1.5163267850875854,1.2215431928634644,1.344439148902893,1.4520313739776611,4.010348796844482,3.73264217376709,3.576798677444458,3.2805726528167725,3.0685136318206787,2.7965750694274902,2.502938747406006,2.2708845138549805,1.8917531967163086,1.7568910121917725,1.3975729942321777,1.3577616214752197,1.0770841836929321,1.0126698017120361,1.1575069427490234,0.45111340284347534,0.36437028646469116,0.738170325756073,0.8868895769119263,1.0595072507858276,1.3518753051757812,1.3791202306747437,1.753786325454712,1.8663898706436157,2.2094879150390625,2.4330813884735107,2.6997153759002686,2.977905511856079,3.0760998725891113,3.4323487281799316,3.645857572555542,3.375594139099121,3.123568534851074,2.776008129119873,2.6609442234039307,2.295579195022583,2.206155300140381,1.9093286991119385,1.7043743133544922,1.5725464820861816,1.2999072074890137,1.4207639694213867,1.2788081169128418,1.6052695512771606,1.7009189128875732
A3,0.5742464065551758,0.3863053619861603,0.0,0.3802674412727356,0.5131588578224182,0.8539493083953857,1.0689842700958252,1.395604133605957,1.653720736503601,1.9554696083068848,2.2648723125457764,2.5352580547332764,2.8677005767822266,2.990619421005249,3.3193867206573486,3.836594581604004,3.5243709087371826,3.4406003952026367,3.1543614864349365,3.011479139328003,2.7596275806427,2.455516815185547,2.2618613243103027,1.893397331237793,1.7657383680343628,1.398213505744934,1.3239741325378418,1.0040836334228516,1.0376372337341309,1.155829906463623,3.9605395793914795,3.710012435913086,3.54866361618042,3.230940580368042,3.0480687618255615,2.7537481784820557,2.4986655712127686,2.258528709411621,1.8925033807754517,1.8068747520446777,1.4347894191741943,1.4643076658248901,1.1794791221618652,1.227414608001709,1.351352572441101,0.8083938360214233,0.7222380638122559,1.0766676664352417,1.1347098350524902,1.297916054725647,1.5311758518218994,1.4842660427093506,1.847011923789978,1.8825644254684448,2.2298030853271484,2.4011411666870117,2.663468837738037,2.9053776264190674,2.9771807193756104,3.344597578048706,3.3956100940704346,3.145272970199585,2.8778512477874756,2.5324935913085938,2.4402503967285156,2.07450532913208,2.0425686836242676,1.7619811296463013,1.6173814535140991,1.541385531425476,1.342312216758728,1.5422827005386353,1.490251064300537,1.8394339084625244,1.9730768203735352
A4,0.8821619153022766,0.6046375632286072,0.3802674412727356,0.0,0.36887678503990173,0.5933312177658081,0.8373777270317078,1.1567063331604004,1.3858805894851685,1.7133122682571411,1.9944696426391602,2.295823335647583,2.6124625205993652,2.763047695159912,3.0984272956848145,3.513195753097534,3.200350284576416,3.140796422958374,2.854886531829834,2.7325000762939453,2.4997100830078125,2.19417405128479,2.0444188117980957,1.6669492721557617,1.6039613485336304,1.2610852718353271,1.2551164627075195,1.0124711990356445,1.032594084739685,1.2592016458511353,3.6620185375213623,3.422849178314209,3.238485813140869,2.923158645629883,2.7330167293548584,2.4243762493133545,2.1843888759613037,1.921413779258728,1.571994662284851,1.4908757209777832,1.1172178983688354,1.1861352920532227,0.9266763925552368,1.0781185626983643,1.2226077318191528,1.053215503692627,0.8510320782661438,1.1222537755966187,1.124733805656433,1.1954312324523926,1.3769805431365967,1.2449347972869873,1.58407461643219,1.577345848083496,1.908647894859314,2.0655713081359863,2.310896158218384,2.5485293865203857,2.606175184249878,2.9727656841278076,3.078251361846924,2.823742389678955,2.550555467605591,2.2136549949645996,2.0937771797180176,1.7259782552719116,1.678046703338623,1.3857603073120117,1.2549885511398315,1.1828712224960327,1.0297586917877197,1.2717598676681519,1.3026639223098755,1.662844181060791,1.8326719999313354
A5,1.0817222595214844,0.8123164772987366,0.5131588578224182,0.36887678503990173,0.0,0.3622327148914337,0.5800023674964905,0.8853533267974854,1.1665626764297485,1.4539918899536133,1.772900104522705,2.04414701461792,2.3832716941833496,2.527395486831665,2.84667706489563,3.376563549041748,3.0720367431640625,2.987671136856079,2.7222723960876465,2.558380603790283,2.3273723125457764,2.001629114151001,1.8261035680770874,1.457834005355835,1.3374491930007935,0.9959710836410522,0.9224334359169006,0.6729234457015991,0.669090211391449,0.9284325838088989,3.5510804653167725,3.32551646232605,3.168466567993164,2.832369327545166,2.686434268951416,2.383117437362671,2.1696529388427734,1.951474666595459,1.6052870750427246,1.61278235912323,1.2699881792068481,1.4274429082870483,1.2286969423294067,1.3988735675811768,1.5773100852966309,1.248111605644226,1.040664792060852,1.3086130619049072,1.220538854598999,1.3487504720687866,1.467790126800537,1.3414850234985352,1.661843180656433,1.6044658422470093,1.9539685249328613,2.059196710586548,2.331381320953369,2.5299577713012695,2.602914333343506,2.9784514904022217,2.9062492847442627,2.654837131500244,2.3993608951568604,2.0444746017456055,1.9833542108535767,1.6253485679626465,1.6276050806045532,1.4002829790115356,1.2853776216506958,1.3220386505126953,1.2000700235366821,1.5024316310882568,1.54945707321167,1.8843928575515747,2.096348524093628
A6,1.4219893217086792,1.1373599767684937,0.8539493083953857,0.5933312177658081,0.3622327148914337,0.0,0.3700968623161316,0.5912070274353027,0.8836889266967773,1.1697797775268555,1.476825475692749,1.7713537216186523,2.1050078868865967,2.2864177227020264,2.5992186069488525,3.063244581222534,2.7648065090179443,2.7013309001922607,2.453120470046997,2.289978504180908,2.0912556648254395,1.7501710653305054,1.6239922046661377,1.259217381477356,1.193312168121338,0.91595458984375,0.8852608799934387,0.7685999870300293,0.7022409439086914,1.0429738759994507,3.294440269470215,3.0940356254577637,2.9225914478302,2.579054832458496,2.4514312744140625,2.132997512817383,1.9619146585464478,1.740563154220581,1.4332219362258911,1.4942842721939087,1.188661813735962,1.4141403436660767,1.2751413583755493,1.5223298072814941,1.7032321691513062,1.5786919593811035,1.3332737684249878,1.5486563444137573,1.4145052433013916,1.4795684814453125,1.5261147022247314,1.3237844705581665,1.5876303911209106,1.451220989227295,1.7755279541015625,1.8261852264404297,2.082582950592041,2.247154712677002,2.3012173175811768,2.67893648147583,2.5469961166381836,2.298841714859009,2.0377986431121826,1.685484766960144,1.6260461807250977,1.2709743976593018,1.3032429218292236,1.1093780994415283,1.0528329610824585,1.1658536195755005,1.1407185792922974,1.4887690544128418,1.6192628145217896,1.9406629800796509,2.185694456100464
A7,1.6101067066192627,1.28497314453125,1.0689842700958252,0.8373777270317078,0.5800023674964905,0.3700968623161316,0.0,0.3683101534843445,0.5921966433525085,0.8901316523551941,1.1987106800079346,1.4710701704025269,1.8045363426208496,1.9540646076202393,2.275862455368042,2.8232674598693848,2.5222442150115967,2.4210541248321533,2.166975498199463,1.985674500465393,1.763676643371582,1.4277831315994263,1.268588900566101,0.9032883048057556,0.8283876776695251,0.5646269917488098,0.6217889189720154,0.6526148319244385,0.7179396152496338,1.0809712409973145,3.005542039871216,2.7959682941436768,2.6546072959899902,2.3047940731048584,2.1995491981506348,1.9049434661865234,1.7314269542694092,1.5730124711990356,1.261171817779541,1.400686502456665,1.1536463499069214,1.4435523748397827,1.3867191076278687,1.623223900794983,1.8620060682296753,1.6907416582107544,1.3983203172683716,1.548762559890747,1.3296289443969727,1.4026994705200195,1.3723597526550293,1.1870428323745728,1.4160232543945312,1.260042428970337,1.6003122329711914,1.629655361175537,1.9258160591125488,2.0791690349578857,2.185490369796753,2.561523199081421,2.437894344329834,2.1613991260528564,1.952085018157959,1.5777077674865723,1.5557821989059448,1.225435495376587,1.222150206565857,1.103381633758545,0.9774937033653259,1.173708200454712,1.12673819065094,1.495342493057251,1.6174890995025635,1.8912243843078613,2.1776926517486572
A8,1.9533110857009888,1.6419211626052856,1.395604133605957,1.1567063331604004,0.8853533267974854,0.5912070274353027,0.3683101534843445,0.0,0.3811694383621216,0.5847809910774231,0.920935332775116,1.1902483701705933,1.5367344617843628,1.7270787954330444,2.023179054260254,2.5791780948638916,2.2946271896362305,2.20160174369812,1.9877703189849854,1.7779715061187744,1.6028639078140259,1.2400518655776978,1.1299039125442505,0.8117511868476868,0.7632400393486023,0.6612846255302429,0.6882658004760742,0.8414797782897949,0.8133821487426758,1.1751874685287476,2.8424088954925537,2.6718554496765137,2.5343997478485107,2.170543670654297,2.1167402267456055,1.819212555885315,1.7169723510742188,1.5894328355789185,1.3466160297393799,1.5549007654190063,1.36692476272583,1.6917262077331543,1.6692229509353638,1.9397218227386475,2.166982650756836,2.054117441177368,1.7665504217147827,1.9099056720733643,1.6739650964736938,1.7277617454528809,1.6502196788787842,1.4327774047851562,1.5930083990097046,1.36112380027771,1.6554312705993652,1.598609209060669,1.875927448272705,1.9628243446350098,2.051409959793091,2.424359083175659,2.1068551540374756,1.841294765472412,1.6417218446731567,1.2628912925720215,1.3002208471298218,1.0073175430297852,1.0864262580871582,1.0727320909500122,1.0399223566055298,1.3193455934524536,1.3608609437942505,1.7408193349838257,1.9112731218338013,2.1664726734161377,2.469231367111206
A9,2.184922218322754,1.8419170379638672,1.653720736503601,1.3858805894851685,1.1665626764297485,0.8836889266967773,0.5921966433525085,0.3811694383621216,0.0,0.37514907121658325,0.6121084690093994,0.9184908866882324,1.2302488088607788,1.417680025100708,1.738901138305664,2.2434394359588623,1.949512243270874,1.8439542055130005,1.614219069480896,1.4164882898330688,1.2345993518829346,0.877516508102417,0.8097642660140991,0.5017171502113342,0.6205200552940369,0.6660820245742798,0.8569477796554565,1.0984888076782227,1.1554487943649292,1.5089086294174194,2.4662539958953857,2.2909274101257324,2.1568045616149902,1.7923269271850586,1.747353434562683,1.4630322456359863,1.3773308992385864,1.3020145893096924,1.1013574600219727,1.381230115890503,1.2828948497772217,1.6465085744857788,1.7078959941864014,1.9852125644683838,2.240534782409668,2.2301876544952393,1.9030556678771973,1.9747891426086426,1.6977028846740723,1.7009174823760986,1.5468238592147827,1.3113012313842773,1.3887169361114502,1.1123955249786377,1.374895691871643,1.2768431901931763,1.5701627731323242,1.6426554918289185,1.7741422653198242,2.1389899253845215,1.9477877616882324,1.6444216966629028,1.4987785816192627,1.11896812915802,1.1491845846176147,0.9023159146308899,0.900116503238678,0.9735314249992371,0.8978304862976074,1.2390323877334595,1.304366946220398,1.675129771232605,1.8689005374908447,2.0707075595855713,2.4009740352630615
A10,2.4966084957122803,2.166001558303833,1.9554696083068848,1.7133122682571411,1.4539918899536133,1.1697797775268555,0.8901316523551941,0.5847809910774231,0.37514907121658325,0.0,0.38195928931236267,0.6068721413612366,0.9590457677841187,1.1671451330184937,1.4480512142181396,2.0830178260803223,1.8172924518585205,1.687514305114746,1.5187257528305054,1.2590357065200806,1.1274670362472534,0.7563649415969849,0.7170495986938477,0.573232114315033,0.6427441835403442,0.8393996357917786,0.9581215977668762,1.2618519067764282,1.2834759950637817,1.601179599761963,2.3672192096710205,2.2334678173065186,2.1363372802734375,1.762450098991394,1.798567295074463,1.5475373268127441,1.5370347499847412,1.5302565097808838,1.393354892730713,1.7096595764160156,1.6457887887954712,2.0143651962280273,2.0820701122283936,2.3598222732543945,2.6143031120300293,2.5517776012420654,2.2356269359588623,2.3139145374298096,2.0200517177581787,2.0449817180633545,1.87093186378479,1.655335545539856,1.6979058980941772,1.4032166004180908,1.6209193468093872,1.4527345895767212,1.7262035608291626,1.7208548784255981,1.851917028427124,2.196403980255127,1.7441107034683228,1.4529354572296143,1.3637170791625977,0.9920881986618042,1.1402051448822021,0.9917248487472534,1.0734611749649048,1.2427552938461304,1.2252870798110962,1.5863171815872192,1.67290461063385,2.0395612716674805,2.2349157333374023,2.420424222946167,2.7581796646118164
A11,2.7947216033935547,2.44810152053833,2.2648723125457764,1.9944696426391602,1.772900104522705,1.476825475692749,1.1987106800079346,0.920935332775116,0.6121084690093994,0.38195928931236267,0.0,0.3797355592250824,0.6405454277992249,0.9045449495315552,1.1935994625091553,1.7036932706832886,1.4370464086532593,1.3096295595169067,1.1550124883651733,0.900189995765686,0.8276588916778564,0.47451546788215637,0.6248553991317749,0.6386653184890747,0.8583908081054688,1.1182752847671509,1.3027780055999756,1.618114948272705,1.6606991291046143,1.9817519187927246,2.002203941345215,1.8920207023620605,1.7916982173919678,1.4184836149215698,1.4958627223968506,1.2687716484069824,1.331586241722107,1.3871341943740845,1.3445196151733398,1.7014938592910767,1.721467137336731,2.099867343902588,2.225982904434204,2.5142436027526855,2.7734527587890625,2.8245391845703125,2.4866559505462646,2.5199172496795654,2.2133185863494873,2.189556360244751,1.966644048690796,1.7326288223266602,1.6909239292144775,1.3611578941345215,1.4977216720581055,1.2581982612609863,1.5025527477264404,1.4389774799346924,1.5923339128494263,1.911393642425537,1.525715947151184,1.2034709453582764,1.1912158727645874,0.8601682186126709,1.014681100845337,0.9713144898414612,1.0047749280929565,1.2648379802703857,1.260743260383606,1.6420406103134155,1.7695101499557495,2.1112735271453857,2.335357427597046,2.4764597415924072,2.8256454467773438
A12,3.058854341506958,2.716611623764038,2.5352580547332764,2.295823335647583,2.04414701461792,1.7713537216186523,1.4710701704025269,1.1902483701705933,0.9184908866882324,0.6068721413612366,0.3797355592250824,0.0,0.37913480401039124,0.6020310521125793,0.8494868278503418,1.645676851272583,1.4205294847488403,1.2210441827774048,1.1369709968566895,0.8031603097915649,0.7665681838989258,0.5033437013626099,0.6142938137054443,0.8036556839942932,0.9423331618309021,1.2751845121383667,1.4274109601974487,1.7794976234436035,1.8351577520370483,2.1168015003204346,1.9250757694244385,1.8425203561782837,1.8162091970443726,1.454432487487793,1.6137512922286987,1.4595967531204224,1.5516870021820068,1.6805548667907715,1.6523703336715698,2.023613452911377,2.0579006671905518,2.4373157024383545,2.5678768157958984,2.8388257026672363,3.112344741821289,3.07609224319458,2.7434885501861572,2.770540475845337,2.4414005279541016,2.4466896057128906,2.2067270278930664,2.0146212577819824,1.9611222743988037,1.6529929637908936,1.7780554294586182,1.5262291431427002,1.7677242755889893,1.664301872253418,1.842777132987976,2.1249611377716064,1.5758174657821655,1.2782739400863647,1.3606328964233398,1.0831364393234253,1.3089498281478882,1.3212913274765015,1.3730920553207397,1.6439175605773926,1.6252374649047852,2.0036280155181885,2.105741024017334,2.4422264099121094,2.6419837474823,2.7622029781341553,3.1182804107666016
A13,3.381760835647583,3.0291624069213867,2.8677005767822266,2.6124625205993652,2.3832716941833496,2.1050078868865967,1.8045363426208496,1.5367344617843628,1.2302488088607788,0.9590457677841187,0.6405454277992249,0.37913480401039124,0.0,0.38060784339904785,0.5895989537239075,1.3116854429244995,1.1116924285888672,0.8769200444221497,0.8623942732810974,0.5118570923805237,0.6194465756416321,0.5475853681564331,0.7864501476287842,1.058241605758667,1.2548085451126099,1.5986965894699097,1.784464955329895,2.1397063732147217,2.2091257572174072,2.493835210800171,1.5888407230377197,1.5485942363739014,1.5508302450180054,1.2127468585968018,1.4456229209899902,1.3588346242904663,1.5221898555755615,1.7157808542251587,1.7648921012878418,2.149812698364258,2.2450685501098633,2.622138500213623,2.7930259704589844,3.0653584003448486,3.342010736465454,3.378769874572754,3.032527446746826,3.02595591545105,2.689229726791382,2.6624066829681396,2.389805316925049,2.1959176063537598,2.080864429473877,1.7670743465423584,1.8190773725509644,1.5240741968154907,1.7210209369659424,1.5586806535720825,1.7577780485153198,1.9881960153579712,1.5045286417007446,1.206798791885376,1.3871943950653076,1.1918666362762451,1.4056388139724731,1.495696783065796,1.5110533237457275,1.8219867944717407,1.8079019784927368,2.1835622787475586,2.3059022426605225,2.615780830383301,2.8286612033843994,2.9094059467315674,3.2695815563201904
A14,3.476717710494995,3.1218483448028564,2.990619421005249,2.763047695159912,2.527395486831665,2.2864177227020264,1.9540646076202393,1.7270787954330444,1.417680025100708,1.1671451330184937,0.9045449495315552,0.6020310521125793,0.38060784339904785,0.0,0.37655457854270935,1.4515894651412964,1.2727621793746948,0.9467794895172119,0.9207954406738281,0.5686987638473511,0.5741218328475952,0.6487835049629211,0.7647188901901245,1.1193561553955078,1.275638461112976,1.6437643766403198,1.8423854112625122,2.2133524417877197,2.33231782913208,2.5927116870880127,1.5350369215011597,1.461079716682434,1.553977131843567,1.2462950944900513,1.4999216794967651,1.486072063446045,1.608777642250061,1.8617384433746338,1.8897615671157837,2.2771105766296387,2.3847951889038086,2.7565722465515137,2.9395833015441895,3.1802399158477783,3.4796764850616455,3.4377660751342773,3.0910446643829346,3.057631731033325,2.7002763748168945,2.6929376125335693,2.401477098464966,2.261306047439575,2.137727975845337,1.868391752243042,1.9310494661331177,1.6714752912521362,1.898802399635315,1.766908884048462,2.0170257091522217,2.229283571243286,1.8621485233306885,1.5739860534667969,1.7672464847564697,1.5650997161865234,1.7641959190368652,1.823872685432434,1.8010706901550293,2.0840985774993896,2.0106492042541504,2.3723373413085938,2.444833755493164,2.739361047744751,2.912264347076416,2.961500406265259,3.325202465057373
A15,3.8145554065704346,3.4662277698516846,3.3193867206573486,3.0984272956848145,2.84667706489563,2.5992186069488525,2.275862455368042,2.023179054260254,1.738901138305664,1.4480512142181396,1.1935994625091553,0.8494868278503418,0.5895989537239075,0.37655457854270935,0.0,1.4414223432540894,1.3436572551727295,1.0209287405014038,1.1208375692367554,0.8040176033973694,0.9153479933738708,1.0102914571762085,1.1265634298324585,1.4754198789596558,1.5941352844238281,1.967429280281067,2.1277408599853516,2.502319812774658,2.5981578826904297,2.8366949558258057,1.5798075199127197,1.5833308696746826,1.721083402633667,1.4574928283691406,1.7629115581512451,1.7807306051254272,1.9436514377593994,2.2037901878356934,2.254181146621704,2.642585515975952,2.7522456645965576,3.125643014907837,3.3049089908599854,3.551149368286133,3.8471627235412598,3.786060333251953,3.445990800857544,3.4221227169036865,3.0631463527679443,3.065720319747925,2.775609016418457,2.637491464614868,2.511124610900879,2.237215042114258,2.282144546508789,2.0025475025177,2.1970932483673096,2.0204460620880127,2.2474257946014404,2.424740791320801,1.8730707168579102,1.6347668170928955,1.8840360641479492,1.736343264579773,1.9769535064697266,2.082228422164917,2.097064733505249,2.401732921600342,2.3581840991973877,2.725985050201416,2.8123586177825928,3.1100430488586426,3.2879650592803955,3.3366405963897705,3.70035457611084
B1,4.331892490386963,3.9653196334838867,3.836594581604004,3.513195753097534,3.376563549041748,3.063244581222534,2.8232674598693848,2.5791780948638916,2.2434394359588623,2.0830178260803223,1.7036932706832886,1.645676851272583,1.3116854429244995,1.4515894651412964,1.4414223432540894,0.0,0.3293154239654541,0.5733919143676758,0.8699638843536377,1.0351033210754395,1.3766154050827026,1.5525765419006348,1.9112322330474854,2.134176254272461,2.444194793701172,2.738584280014038,2.983696222305298,3.3048481941223145,3.3583884239196777,3.684103488922119,0.8859966397285461,1.1416689157485962,1.047943115234375,0.9945977330207825,1.3072293996810913,1.3895530700683594,1.7543565034866333,1.979583501815796,2.2600674629211426,2.5908706188201904,2.8267977237701416,3.1512324810028076,3.407944440841675,3.701970100402832,3.935739755630493,4.313685417175293,3.942880392074585,3.8730602264404297,3.5698647499084473,3.4235424995422363,3.1161563396453857,2.8685076236724854,2.615267276763916,2.2969539165496826,2.114577054977417,1.7493696212768555,1.6757065057754517,1.3275045156478882,1.439150333404541,1.3956769704818726,1.4605792760849,1.2785775661468506,1.6007044315338135,1.6955569982528687,1.7578519582748413,2.026855707168579,1.9645248651504517,2.319563865661621,2.383443832397461,2.693362236022949,2.9162447452545166,3.1267404556274414,3.410196542739868,3.4086313247680664,3.740391731262207
B2,4.012674331665039,3.6445703506469727,3.5243709087371826,3.200350284576416,3.0720367431640625,2.7648065090179443,2.5222442150115967,2.2946271896362305,1.949512243270874,1.8172924518585205,1.4370464086532593,1.4205294847488403,1.1116924285888672,1.2727621793746948,1.3436572551727295,0.3293154239654541,0.0,0.3869084119796753,0.5878781080245972,0.7849605083465576,1.1063618659973145,1.2696315050125122,1.6359080076217651,1.8374882936477661,2.163057327270508,2.4436631202697754,2.70271897315979,3.0163793563842773,3.081210136413574,3.4142627716064453,0.8708118200302124,1.0185117721557617,0.8684840202331543,0.7281550765037537,1.0245578289031982,1.0739846229553223,1.435639500617981,1.6592005491256714,1.9321048259735107,2.2668795585632324,2.500844955444336,2.8276407718658447,3.0849568843841553,3.375936508178711,3.6139283180236816,3.9893391132354736,3.6174819469451904,3.5451674461364746,3.244513988494873,3.095278024673462,2.7899866104125977,2.539463520050049,2.2892119884490967,1.968369483947754,1.7940773963928223,1.4274770021438599,1.3785345554351807,1.0463042259216309,1.2022415399551392,1.2226849794387817,1.4262871742248535,1.1774784326553345,1.45286226272583,1.4905879497528076,1.5266225337982178,1.7636758089065552,1.6722112894058228,2.019775152206421,2.064638376235962,2.375136137008667,2.590256690979004,2.802816867828369,3.0833382606506348,3.086292266845703,3.4204986095428467
B3,3.9217989444732666,3.550016164779663,3.4406003952026367,3.140796422958374,2.987671136856079,2.7013309001922607,2.4210541248321533,2.20160174369812,1.8439542055130005,1.687514305114746,1.3096295595169067,1.2210441827774048,0.8769200444221497,0.9467794895172119,1.0209287405014038,0.5733919143676758,0.3869084119796753,0.0,0.370173841714859,0.49298548698425293,0.8229668140411377,1.0537431240081787,1.3880499601364136,1.6471184492111206,1.9507312774658203,2.260455846786499,2.522966146469116,2.857975959777832,2.953681468963623,3.2709460258483887,0.7703611850738525,0.8531045317649841,0.8349162340164185,0.6328670978546143,0.9962682723999023,1.0878398418426514,1.3942760229110718,1.6758869886398315,1.8960704803466797,2.257350206375122,2.4795753955841064,2.821388006210327,3.075958251953125,3.3463613986968994,3.6115825176239014,3.877923011779785,3.5052921772003174,3.4250471591949463,3.100661277770996,2.9811277389526367,2.662156105041504,2.45082688331604,2.2109227180480957,1.9098446369171143,1.78323233127594,1.4400436878204346,1.4839600324630737,1.218059778213501,1.4495384693145752,1.5245393514633179,1.6168086528778076,1.3420051336288452,1.6153825521469116,1.576120376586914,1.658277153968811,1.844139814376831,1.7475318908691406,2.0827083587646484,2.072063684463501,2.398862838745117,2.56537127494812,2.7917699813842773,3.036699056625366,3.031421661376953,3.3787453174591064
B4,3.615304708480835,3.2397539615631104,3.1543614864349365,2.854886531829834,2.7222723960876465,2.453120470046997,2.166975498199463,1.9877703189849854,1.614219069480896,1.5187257528305054,1.1550124883651733,1.1369709968566895,0.8623942732810974,0.9207954406738281,1.1208375692367554,0.8699638843536377,0.5878781080245972,0.370173841714859,0.0,0.36598336696624756,0.5759361386299133,0.8299314975738525,1.1583255529403687,1.3865094184875488,1.7189184427261353,2.0036234855651855,2.297389507293701,2.619018077850342,2.741655111312866,3.0684292316436768,0.8578119277954102,0.7727096080780029,0.6912113428115845,0.3642825782299042,0.6853635907173157,0.7653272747993469,1.0382405519485474,1.3424841165542603,1.55194890499115,1.9132099151611328,2.145648717880249,2.482682228088379,2.7476491928100586,3.005110740661621,3.2778635025024414,3.553617477416992,3.17702579498291,3.080034017562866,2.758340358734131,2.6268179416656494,2.30303955078125,2.0969362258911133,1.8475890159606934,1.5582777261734009,1.4343229532241821,1.1092685461044312,1.2003194093704224,1.0022828578948975,1.2985830307006836,1.4275730848312378,1.7560064792633057,1.4379905462265015,1.6363811492919922,1.5298652648925781,1.5601259469985962,1.683868169784546,1.5293664932250977,1.832829236984253,1.7751877307891846,2.0887646675109863,2.2328743934631348,2.4478585720062256,2.6815133094787598,2.6667938232421875,3.0149779319763184
B5,3.491690158843994,3.121678113937378,3.011479139328003,2.7325000762939453,2.558380603790283,2.289978504180908,1.985674500465393,1.7779715061187744,1.4164882898330688,1.2590357065200806,0.900189995765686,0.8031603097915649,0.5118570923805237,0.5686987638473511,0.8040176033973694,1.0351033210754395,0.7849605083465576,0.49298548698425293,0.36598336696624756,0.0,0.35983118414878845,0.5755507349967957,0.8958293795585632,1.1714954376220703,1.4630658626556396,1.7812825441360474,2.0447299480438232,2.3860909938812256,2.5008246898651123,2.8107264041900635,1.127854347229004,1.0510185956954956,1.0437476634979248,0.7119990587234497,0.9825707077980042,0.9829489588737488,1.1901564598083496,1.463858962059021,1.5943074226379395,1.9773828983306885,2.1545960903167725,2.514108657836914,2.743928909301758,3.0033531188964844,3.2858238220214844,3.445655107498169,3.0779666900634766,3.0117855072021484,2.675607681274414,2.5907204151153564,2.279799222946167,2.086906909942627,1.891173005104065,1.5927448272705078,1.5548577308654785,1.2444202899932861,1.4070602655410767,1.2360854148864746,1.503995418548584,1.6866775751113892,1.6765153408050537,1.3547439575195312,1.552587628364563,1.398922085762024,1.502869963645935,1.6055434942245483,1.50897216796875,1.817361831665039,1.7612186670303345,2.1069998741149902,2.231510877609253,2.4889633655548096,2.706953763961792,2.7277517318725586,3.085886240005493
B6,3.2175180912017822,2.8455963134765625,2.7596275806427,2.4997100830078125,2.3273723125457764,2.0912556648254395,1.763676643371582,1.6028639078140259,1.2345993518829346,1.1274670362472534,0.8276588916778564,0.7665681838989258,0.6194465756416321,0.5741218328475952,0.9153479933738708,1.3766154050827026,1.1063618659973145,0.8229668140411377,0.5759361386299133,0.35983118414878845,0.0,0.3727560341358185,0.6079311966896057,0.8971922397613525,1.1911048889160156,1.5023205280303955,1.7925390005111694,2.131678581237793,2.2872912883758545,2.5922133922576904,1.3251286745071411,1.1469144821166992,1.1541889905929565,0.8105343580245972,0.9758541584014893,0.9544059038162231,1.0437426567077637,1.3288955688476562,1.3882617950439453,1.7733384370803833,1.9345179796218872,2.2932474613189697,2.5193471908569336,2.753911256790161,3.05417537689209,3.1483469009399414,2.7802889347076416,2.7012760639190674,2.354645252227783,2.285076379776001,1.9693623781204224,1.8092771768569946,1.6306020021438599,1.3643207550048828,1.3843259811401367,1.1367149353027344,1.3820133209228516,1.308682918548584,1.6123789548873901,1.8370360136032104,1.930468201637268,1.5922355651855469,1.7256839275360107,1.502307653427124,1.581752061843872,1.601884365081787,1.4688042402267456,1.7244656085968018,1.60049307346344,1.9350738525390625,2.0064423084259033,2.2637956142425537,2.4467902183532715,2.463170051574707,2.825259208679199
B7,2.9400365352630615,2.574644088745117,2.455516815185547,2.19417405128479,2.001629114151001,1.7501710653305054,1.4277831315994263,1.2400518655776978,0.877516508102417,0.7563649415969849,0.47451546788215637,0.5033437013626099,0.5475853681564331,0.6487835049629211,1.0102914571762085,1.5525765419006348,1.2696315050125122,1.0537431240081787,0.8299314975738525,0.5755507349967957,0.3727560341358185,0.0,0.37869560718536377,0.6003708839416504,0.9017803072929382,1.208067774772644,1.4769574403762817,1.8128412961959839,1.940572738647461,2.2531566619873047,1.6527389287948608,1.4923888444900513,1.4422669410705566,1.074311375617981,1.1728402376174927,1.0326616764068604,1.0816242694854736,1.2656751871109009,1.2583519220352173,1.6442651748657227,1.74259352684021,2.116450786590576,2.3022079467773438,2.555321216583252,2.846006155014038,2.9050393104553223,2.54580020904541,2.5103774070739746,2.1733181476593018,2.1270954608917236,1.8459206819534302,1.6573213338851929,1.5423723459243774,1.2455514669418335,1.3397523164749146,1.1034168004989624,1.380051851272583,1.3328720331192017,1.5860027074813843,1.8673572540283203,1.7922788858413696,1.450196623802185,1.5180467367172241,1.2392631769180298,1.3353466987609863,1.3105300664901733,1.2198995351791382,1.466834306716919,1.3649320602416992,1.723770260810852,1.8044376373291016,2.1030380725860596,2.2970449924468994,2.3685221672058105,2.730001211166382
B8,2.727294445037842,2.3681139945983887,2.2618613243103027,2.0444188117980957,1.8261035680770874,1.6239922046661377,1.268588900566101,1.1299039125442505,0.8097642660140991,0.7170495986938477,0.6248553991317749,0.6142938137054443,0.7864501476287842,0.7647188901901245,1.1265634298324585,1.9112322330474854,1.6359080076217651,1.3880499601364136,1.1583255529403687,0.8958293795585632,0.6079311966896057,0.37869560718536377,0.0,0.37848713994026184,0.5888658165931702,0.9247502088546753,1.1966407299041748,1.5466208457946777,1.7207220792770386,2.007314682006836,1.9318678379058838,1.7317020893096924,1.7237216234207153,1.3711823225021362,1.4327185153961182,1.301798701286316,1.2509207725524902,1.4161511659622192,1.3061497211456299,1.6700924634933472,1.714837670326233,2.0818088054656982,2.2372255325317383,2.4561519622802734,2.765333890914917,2.6756057739257812,2.326802968978882,2.297534227371216,1.943472981452942,1.951516032218933,1.6837931871414185,1.5552043914794922,1.50216805934906,1.2659823894500732,1.4488449096679688,1.2997740507125854,1.626421332359314,1.644386649131775,1.9049423933029175,2.203281879425049,2.095762014389038,1.764163851737976,1.7978376150131226,1.4781239032745361,1.5831990242004395,1.4861230850219727,1.4031983613967896,1.5790818929672241,1.4179348945617676,1.7549291849136353,1.7613505125045776,2.0692477226257324,2.208123207092285,2.2900004386901855,2.650322437286377
B9,2.3670613765716553,2.0067214965820312,1.893397331237793,1.6669492721557617,1.457834005355835,1.259217381477356,0.9032883048057556,0.8117511868476868,0.5017171502113342,0.573232114315033,0.6386653184890747,0.8036556839942932,1.058241605758667,1.1193561553955078,1.4754198789596558,2.134176254272461,1.8374882936477661,1.6471184492111206,1.3865094184875488,1.1714954376220703,0.8971922397613525,0.6003708839416504,0.37848713994026184,0.0,0.38195088505744934,0.6174452304840088,0.9279834032058716,1.2434192895889282,1.4193772077560425,1.7316323518753052,2.196377754211426,1.9802569150924683,1.9130191802978516,1.556657075881958,1.536143183708191,1.3325117826461792,1.2141481637954712,1.276188850402832,1.084041953086853,1.4164180755615234,1.4002691507339478,1.7665443420410156,1.8907525539398193,2.115492105484009,2.4176156520843506,2.33197021484375,1.9836719036102295,1.9792563915252686,1.64214026927948,1.6536355018615723,1.4222849607467651,1.2674919366836548,1.2804666757583618,1.0480477809906006,1.303633213043213,1.2155518531799316,1.5609674453735352,1.64113450050354,1.8681870698928833,2.2025485038757324,2.153374671936035,1.822601318359375,1.7742969989776611,1.4185055494308472,1.4719574451446533,1.293731451034546,1.2012710571289062,1.306476354598999,1.1217917203903198,1.4462525844573975,1.4355286359786987,1.7653028964996338,1.9045851230621338,2.0297446250915527,2.3825876712799072
B10,2.235877513885498,1.8989002704620361,1.7657383680343628,1.6039613485336304,1.3374491930007935,1.193312168121338,0.8283876776695251,0.7632400393486023,0.6205200552940369,0.6427441835403442,0.8583908081054688,0.9423331618309021,1.2548085451126099,1.275638461112976,1.5941352844238281,2.444194793701172,2.163057327270508,1.9507312774658203,1.7189184427261353,1.4630658626556396,1.1911048889160156,0.9017803072929382,0.5888658165931702,0.38195088505744934,0.0,0.3758459687232971,0.6117978096008301,0.9657834768295288,1.166616678237915,1.436030626296997,2.513599157333374,2.300328493118286,2.2660295963287354,1.9112962484359741,1.907806634902954,1.7140183448791504,1.581468939781189,1.624829888343811,1.3840672969818115,1.6723756790161133,1.5856754779815674,1.9293198585510254,1.993725061416626,2.1891818046569824,2.491391897201538,2.2136030197143555,1.8963834047317505,1.9364429712295532,1.5986754894256592,1.694717526435852,1.5148868560791016,1.4220035076141357,1.515641212463379,1.3396838903427124,1.6381551027297974,1.5849404335021973,1.9328910112380981,2.0175106525421143,2.2292604446411133,2.5703160762786865,2.3593077659606934,2.051626682281494,1.9892679452896118,1.6188626289367676,1.7149815559387207,1.510932207107544,1.4792152643203735,1.5432759523391724,1.3649277687072754,1.6593462228775024,1.5984909534454346,1.9379770755767822,2.0273993015289307,2.1822152137756348,2.520263195037842
B11,1.8609120845794678,1.5279918909072876,1.398213505744934,1.2610852718353271,0.9959710836410522,0.91595458984375,0.5646269917488098,0.6612846255302429,0.6660820245742798,0.8393996357917786,1.1182752847671509,1.2751845121383667,1.5986965894699097,1.6437643766403198,1.967429280281067,2.738584280014038,2.4436631202697754,2.260455846786499,2.0036234855651855,1.7812825441360474,1.5023205280303955,1.208067774772644,0.9247502088546753,0.6174452304840088,0.3758459687232971,0.0,0.37792566418647766,0.6496660709381104,0.9032633900642395,1.1832860708236694,2.8061695098876953,2.5730557441711426,2.5074856281280518,2.1593120098114014,2.0986344814300537,1.873659372329712,1.686835765838623,1.6554232835769653,1.3475850820541382,1.5632386207580566,1.4009124040603638,1.7111520767211914,1.723504662513733,1.8973875045776367,2.192775011062622,1.8469114303588867,1.5397517681121826,1.6137163639068604,1.2991524934768677,1.4308879375457764,1.3171688318252563,1.2419533729553223,1.4230281114578247,1.3021998405456543,1.6501164436340332,1.668779969215393,2.0178136825561523,2.1564414501190186,2.3451032638549805,2.7029035091400146,2.5714986324310303,2.2699902057647705,2.1501731872558594,1.768302083015442,1.8143563270568848,1.5469706058502197,1.5050276517868042,1.4765574932098389,1.2713936567306519,1.5048739910125732,1.3916665315628052,1.7308192253112793,1.7869147062301636,1.9821202754974365,2.2983603477478027
B12,1.8010612726211548,1.5163267850875854,1.3239741325378418,1.2551164627075195,0.9224334359169006,0.8852608799934387,0.6217889189720154,0.6882658004760742,0.8569477796554565,0.9581215977668762,1.3027780055999756,1.4274109601974487,1.784464955329895,1.8423854112625122,2.1277408599853516,2.983696222305298,2.70271897315979,2.522966146469116,2.297389507293701,2.0447299480438232,1.7925390005111694,1.4769574403762817,1.1966407299041748,0.9279834032058716,0.6117978096008301,0.37792566418647766,0.0,0.37765786051750183,0.5977091193199158,0.8340950012207031,3.112025737762451,2.8996548652648926,2.840430736541748,2.4832839965820312,2.4445509910583496,2.2088210582733154,2.0435678958892822,1.9906134605407715,1.6825236082077026,1.8735679388046265,1.663983941078186,1.9492639303207397,1.8981343507766724,2.0643703937530518,2.3314383029937744,1.8444364070892334,1.594186782836914,1.743950605392456,1.4720648527145386,1.6604410409927368,1.6098363399505615,1.547412633895874,1.766782283782959,1.6478095054626465,1.99787437915802,2.0052428245544434,2.340433359146118,2.460113048553467,2.6178579330444336,2.9826161861419678,2.665681838989258,2.3948233127593994,2.254047155380249,1.8726304769515991,1.9559237957000732,1.6832579374313354,1.714329481124878,1.6754194498062134,1.5256990194320679,1.7451093196868896,1.639143943786621,1.9842250347137451,2.027634620666504,2.259420394897461,2.55244517326355
B13,1.4688043594360352,1.2215431928634644,1.0040836334228516,1.0124711990356445,0.6729234457015991,0.7685999870300293,0.6526148319244385,0.8414797782897949,1.0984888076782227,1.2618519067764282,1.618114948272705,1.7794976234436035,2.1397063732147217,2.2133524417877197,2.502319812774658,3.3048481941223145,3.0163793563842773,2.857975959777832,2.619018077850342,2.3860909938812256,2.131678581237793,1.8128412961959839,1.5466208457946777,1.2434192895889282,0.9657834768295288,0.6496660709381104,0.37765786051750183,0.0,0.3740652799606323,0.5745128989219666,3.4396307468414307,3.2166121006011963,3.135444164276123,2.7831480503082275,2.709073543548584,2.453721046447754,2.259742259979248,2.153648853302002,1.813685417175293,1.9341448545455933,1.663482904434204,1.8931609392166138,1.7738748788833618,1.9089628458023071,2.147718667984009,1.5517371892929077,1.3501282930374146,1.5656112432479858,1.3582441806793213,1.5845813751220703,1.6183562278747559,1.575974464416504,1.8565585613250732,1.7830778360366821,2.1504340171813965,2.2044217586517334,2.528993844985962,2.6816251277923584,2.815025568008423,3.1878931522369385,2.9130282402038574,2.6543478965759277,2.4710853099823,2.0928311347961426,2.139843702316284,1.8308165073394775,1.8640856742858887,1.753999948501587,1.6070773601531982,1.756967544555664,1.6166188716888428,1.9411965608596802,1.9500622749328613,2.219813108444214,2.4756107330322266
