,A1,A2,A3,A4,A5,A6,A7,A8,A9,A10,A11,A12,A13,A14,A15,B1,B2,B3,B4,B5,B6,B7,B8,B9,B10,B11,B12,B13,B14,B15,C1,C2,C3,C4,C5,C6,C7,C8,C9,C10,C11,C12,C13,C14,C15,D1,D2,D3,D4,D5,D6,D7,D8,D9,D10,D11,D12,D13,D14,D15,E1,E2,E3,E4,E5,E6,E7,E8,E9,E10,E11,E12,E13,E14,E15
A1,0.0,0.39458099007606506,0.6012405753135681,0.9430084228515625,1.1179147958755493,1.4334778785705566,1.6780587434768677,1.9827022552490234,2.2548394203186035,2.5816829204559326,2.851898670196533,3.196084976196289,3.4643399715423584,3.6517953872680664,3.9848506450653076,2.2539947032928467,2.408942461013794,2.3765530586242676,2.066225290298462,2.3497157096862793,2.3433468341827393,2.427518606185913,2.700449228286743,2.657139301300049,3.0362744331359863,3.052663803100586,3.4037485122680664,3.486173629760742,3.6219961643218994,3.9822885990142822,3.605546474456787,3.2350594997406006,3.2108237743377686,2.8504977226257324,3.0067498683929443,2.7822985649108887,2.836862564086914,2.8470003604888916,2.650818347930908,2.8384947776794434,2.6344220638275146,2.8711931705474854,2.718731641769409,2.9213078022003174,3.118652820587158,3.5416693687438965,3.606616258621216,3.346137285232544,3.1747450828552246,2.896150588989258,2.8632187843322754,2.4939162731170654,2.4900431632995605,2.269280195236206,2.208897113800049,2.1685519218444824,2.066389799118042,2.1872167587280273,1.9003475904464722,2.076044797897339,3.5905795097351074,3.3716251850128174,2.998352289199829,2.8118081092834473,2.5276570320129395,2.2183730602264404,2.134782075881958,1.7762818336486816,1.8636741638183594,1.5975823402404785,1.7693235874176025,1.7360247373580933,1.954729437828064,2.2374465465545654,2.2676010131835938
A2,0.39458099007606506,0.0,0.3861045241355896,0.6249727606773376,0.9012736082077026,1.179794192314148,1.4552053213119507,1.7635314464569092,2.008373975753784,2.3538756370544434,2.5939390659332275,2.9535040855407715,3.196364641189575,3.396650791168213,3.7323153018951416,2.3332602977752686,2.4484176635742188,2.377686023712158,2.03458309173584,2.266101837158203,2.2150866985321045,2.249448299407959,2.494981050491333,2.4047107696533203,2.768254280090332,2.749087333679199,3.089867115020752,3.148158550262451,3.275487184524536,3.631777763366699,3.2109663486480713,2.8407938480377197,2.8192951679229736,2.4619760513305664,2.6298108100891113,2.416558027267456,2.4907729625701904,2.5236520767211914,2.353686809539795,2.573641538619995,2.4076807498931885,2.680180072784424,2.5750198364257812,2.7935945987701416,3.0253326892852783,3.3435888290405273,3.3696694374084473,3.0845484733581543,2.9050700664520264,2.610966205596924,2.5480215549468994,2.1741862297058105,2.137418508529663,1.919191837310791,1.8334325551986694,1.8088313341140747,1.7015262842178345,1.8541017770767212,1.594957947731018,1.787554383277893,3.391737699508667,3.151939630508423,2.77671217918396,2.584993839263916,2.281947374343872,1.98322594165802,1.8474533557891846,1.484573245048523,1.5447365045547485,1.252159595489502,1.4402772188186646,1.3973805904388428,1.6544442176818848,1.9150527715682983,1.9739937782287598
A3,0.6012405753135681,0.3861045241355896,0.0,0.3840284049510956,0.5547602772712708,0.8374577164649963,1.112860083580017,1.405218243598938,1.6769315004348755,2.005542516708374,2.2691683769226074,2.6186740398406982,2.880030632019043,3.0847856998443604,3.412038564682007,2.1486263275146484,2.2114880084991455,2.093357563018799,1.7350916862487793,1.9618123769760132,1.882121205329895,1.9436862468719482,2.1755247116088867,2.1104001998901367,2.480642080307007,2.4841995239257812,2.8414015769958496,2.920755624771118,3.0820553302764893,3.437333583831787,3.1621947288513184,2.783787250518799,2.7338969707489014,2.3599677085876465,2.493631601333618,2.2833001613616943,2.3045482635498047,2.3421740531921387,2.1309597492218018,2.347907781600952,2.1575276851654053,2.4197347164154053,2.306734800338745,2.4928154945373535,2.7380874156951904,3.228360652923584,3.2478413581848145,2.972989559173584,2.7552413940429688,2.4919986724853516,2.410844087600708,2.038910150527954,2.011955976486206,1.7449852228164673,1.688374400138855,1.6039131879806519,1.5262250900268555,1.6341506242752075,1.3711436986923218,1.605832815170288,3.0398759841918945,2.8005850315093994,2.429567575454712,2.230545997619629,1.9427450895309448,1.6312947273254395,1.534133791923523,1.1752806901931763,1.2850836515426636,1.0617796182632446,1.2980290651321411,1.3590971231460571,1.6355222463607788,1.9283088445663452,2.051933526992798
A4,0.9430084228515625,0.6249727606773376,0.3840284049510956,0.0,0.38677531480789185,0.5887228846549988,0.8716527223587036,1.1769882440567017,1.3964595794677734,1.749953269958496,1.9742646217346191,2.3384816646575928,2.5733723640441895,2.7811532020568848,3.114151954650879,2.1876392364501953,2.2093632221221924,2.0599193572998047,1.6830662488937378,1.839076042175293,1.7176212072372437,1.7154974937438965,1.9190123081207275,1.8050522804260254,2.1602587699890137,2.1357710361480713,2.483990430831909,2.5509755611419678,2.7037692070007324,3.0588016510009766,2.8129982948303223,2.437887668609619,2.3671441078186035,1.989078164100647,2.1117007732391357,1.9001243114471436,1.9248974323272705,1.9743379354476929,1.7808376550674438,2.023899555206299,1.8706711530685425,2.165503740310669,2.1035749912261963,2.3069422245025635,2.5822572708129883,2.968393325805664,2.952404260635376,2.6603870391845703,2.431114673614502,2.1620893478393555,2.0541422367095947,1.6811096668243408,1.6347970962524414,1.3630831241607666,1.3087464570999146,1.241963505744934,1.2021888494491577,1.3573147058486938,1.1604586839675903,1.446272611618042,2.8683016300201416,2.5970442295074463,2.2338316440582275,2.0114428997039795,1.7183618545532227,1.409103512763977,1.2468408346176147,0.8768374919891357,0.9265791773796082,0.6791093349456787,0.9376871585845947,1.0317000150680542,1.3392515182495117,1.6191116571426392,1.7894794940948486
A5,1.1179147958755493,0.9012736082077026,0.5547602772712708,0.38677531480789185,0.0,0.3713192641735077,0.5625650882720947,0.8849958777427673,1.136996865272522,1.4705941677093506,1.7348204851150513,2.078927516937256,2.3486504554748535,2.5401453971862793,2.8686530590057373,1.9163670539855957,1.8935655355453491,1.7097095251083374,1.3273932933807373,1.4891314506530762,1.3609967231750488,1.4068065881729126,1.6226226091384888,1.5686049461364746,1.944881558418274,1.9787538051605225,2.346874237060547,2.461904287338257,2.646073818206787,3.002171277999878,2.9725117683410645,2.6016578674316406,2.4885334968566895,2.1010682582855225,2.16312575340271,1.9386682510375977,1.8876091241836548,1.9082671403884888,1.651054859161377,1.8551323413848877,1.6477526426315308,1.907217264175415,1.8109543323516846,1.979329228401184,2.252268075942993,2.8528318405151367,2.8551080226898193,2.5941507816314697,2.335498332977295,2.115079879760742,2.019313335418701,1.6639976501464844,1.6705456972122192,1.365683674812317,1.3931704759597778,1.2732064723968506,1.3080334663391113,1.4036502838134766,1.2256994247436523,1.5479767322540283,2.6510860919952393,2.3770625591278076,2.028932809829712,1.7778422832489014,1.5308525562286377,1.1847251653671265,1.1026170253753662,0.7493497133255005,0.8415274024009705,0.7370516061782837,0.9737122058868408,1.1786413192749023,1.441453218460083,1.761362910270691,1.9653310775756836
A6,1.4334778785705566,1.179794192314148,0.8374577164649963,0.5887228846549988,0.3713192641735077,0.0,0.37649601697921753,0.5973416566848755,0.8637123703956604,1.1857264041900635,1.4439115524291992,1.7945975065231323,2.0536909103393555,2.279761552810669,2.594594717025757,2.1392698287963867,2.054962158203125,1.8117600679397583,1.425469994544983,1.5139355659484863,1.2976293563842773,1.317651629447937,1.4509309530258179,1.3634052276611328,1.7131437063217163,1.7166988849639893,2.0885019302368164,2.1846179962158203,2.400932788848877,2.743534564971924,2.753124952316284,2.3811514377593994,2.2647545337677,1.8803187608718872,1.9325580596923828,1.748659372329712,1.6683849096298218,1.7415366172790527,1.4838749170303345,1.729727864265442,1.5573796033859253,1.8376916646957397,1.7940486669540405,1.9271759986877441,2.2401182651519775,2.8797285556793213,2.8360579013824463,2.563591241836548,2.2702672481536865,2.0682337284088135,1.91513192653656,1.575036883354187,1.5327353477478027,1.1820639371871948,1.1874237060546875,0.9894459843635559,1.0376471281051636,1.085608959197998,0.9491414427757263,1.299070119857788,2.317336320877075,2.0339624881744385,1.683297872543335,1.4367228746414185,1.1722145080566406,0.8368470668792725,0.7342902421951294,0.3890872001647949,0.587812066078186,0.6351705193519592,0.944038450717926,1.2204471826553345,1.5134085416793823,1.7933748960494995,2.051485300064087
A7,1.6780587434768677,1.4552053213119507,1.112860083580017,0.8716527223587036,0.5625650882720947,0.37649601697921753,0.0,0.38058286905288696,0.5837196111679077,0.9169953465461731,1.1832900047302246,1.5194519758224487,1.7990622520446777,1.9863295555114746,2.310269355773926,1.9203141927719116,1.788167119026184,1.518709659576416,1.1403706073760986,1.1694749593734741,0.9328190684318542,0.9439098834991455,1.0909221172332764,1.0462777614593506,1.4192622900009155,1.487576961517334,1.8675693273544312,2.0202558040618896,2.242413282394409,2.588233709335327,2.8323400020599365,2.480719804763794,2.30891489982605,1.9271374940872192,1.904371738433838,1.690734624862671,1.541638970375061,1.5594367980957031,1.2481235265731812,1.4417465925216675,1.2280911207199097,1.4824312925338745,1.4314584732055664,1.5524600744247437,1.8715883493423462,2.612370014190674,2.580085515975952,2.337735891342163,2.026662826538086,1.8726561069488525,1.7429790496826172,1.435388445854187,1.464318871498108,1.1241521835327148,1.245255470275879,1.070309042930603,1.2333617210388184,1.2832093238830566,1.2295416593551636,1.5921051502227783,2.2512290477752686,1.9408255815505981,1.6316955089569092,1.3233963251113892,1.1450523138046265,0.7818247675895691,0.7398148775100708,0.5077857971191406,0.5709298849105835,0.7417153120040894,0.9278945326805115,1.2663524150848389,1.4892915487289429,1.79021155834198,2.0688374042510986
A8,1.9827022552490234,1.7635314464569092,1.405218243598938,1.1769882440567017,0.8849958777427673,0.5973416566848755,0.38058286905288696,0.0,0.38359519839286804,0.6100031137466431,0.9265213012695312,1.2404230833053589,1.5386534929275513,1.7631325721740723,2.0572216510772705,2.137861967086792,1.9472965002059937,1.6225600242614746,1.2739109992980957,1.2454848289489746,0.9233360290527344,0.9622170925140381,0.980650782585144,0.9595108032226562,1.2839760780334473,1.3551939725875854,1.7377111911773682,1.8894877433776855,2.1636407375335693,2.4831464290618896,2.8310508728027344,2.4867942333221436,2.3126180171966553,1.9484597444534302,1.9011454582214355,1.7421824932098389,1.5402488708496094,1.6043622493743896,1.28457772731781,1.4845075607299805,1.2924808263778687,1.5197198390960693,1.5001939535140991,1.5386265516281128,1.8815441131591797,2.7729153633117676,2.7106552124023438,2.4788498878479004,2.1361076831817627,2.026381254196167,1.8547700643539429,1.5895016193389893,1.5854040384292603,1.2232636213302612,1.3289679288864136,1.071540355682373,1.2401636838912964,1.1926515102386475,1.1818407773971558,1.5268466472625732,1.8760241270065308,1.5637826919555664,1.2643887996673584,0.9474458694458008,0.8047054409980774,0.4443695843219757,0.5373601913452148,0.5175697207450867,0.6895939707756042,0.987497091293335,1.194437861442566,1.5551904439926147,1.783831238746643,2.0504274368286133,2.3585152626037598
A9,2.2548394203186035,2.008373975753784,1.6769315004348755,1.3964595794677734,1.136996865272522,0.8637123703956604,0.5837196111679077,0.38359519839286804,0.0,0.38842374086380005,0.5996838808059692,0.9460626244544983,1.2158647775650024,1.420661449432373,1.7366396188735962,2.20638370513916,1.989377737045288,1.6648420095443726,1.3485444784164429,1.2089626789093018,0.8632383942604065,0.7640663981437683,0.6884015202522278,0.5906184315681458,0.9031703472137451,0.9840169548988342,1.367232322692871,1.5471975803375244,1.8177965879440308,2.137352466583252,2.659371852874756,2.34303617477417,2.120854139328003,1.7731738090515137,1.659771203994751,1.493262767791748,1.2385629415512085,1.281941294670105,0.9512944221496582,1.1451141834259033,0.9964801073074341,1.240910291671753,1.3020423650741577,1.3518650531768799,1.7197304964065552,2.4979805946350098,2.4043936729431152,2.178158760070801,1.8193484544754028,1.7447463274002075,1.5587270259857178,1.342679500579834,1.361799716949463,1.0299173593521118,1.2156047821044922,1.0078399181365967,1.2766739130020142,1.2774128913879395,1.3732805252075195,1.7231305837631226,1.9022945165634155,1.5457347631454468,1.3082512617111206,0.9442353248596191,0.8823606967926025,0.6184446811676025,0.6030700206756592,0.6875450015068054,0.6657540202140808,1.021846890449524,1.1292072534561157,1.5090218782424927,1.6880947351455688,1.923274278640747,2.2568349838256836
A10,2.5816829204559326,2.3538756370544434,2.005542516708374,1.749953269958496,1.4705941677093506,1.1857264041900635,0.9169953465461731,0.6100031137466431,0.38842374086380005,0.0,0.3830859065055847,0.6347493529319763,0.9590147137641907,1.1818324327468872,1.455478549003601,2.3690876960754395,2.1007609367370605,1.7393836975097656,1.4759676456451416,1.2913836240768433,0.9143879413604736,0.8694190382957458,0.6442498564720154,0.6563238501548767,0.8431511521339417,0.977219820022583,1.329866886138916,1.5338244438171387,1.8511974811553955,2.1289443969726562,2.825141668319702,2.5293850898742676,2.299605131149292,1.9839025735855103,1.8349322080612183,1.7170534133911133,1.4140454530715942,1.4693642854690552,1.1469212770462036,1.2838215827941895,1.1458723545074463,1.3060370683670044,1.3772175312042236,1.3217639923095703,1.6883068084716797,2.6575253009796143,2.55338191986084,2.3614115715026855,1.986350178718567,1.9748411178588867,1.7814971208572388,1.6259815692901611,1.644627332687378,1.3339461088180542,1.5119493007659912,1.2721703052520752,1.5278255939483643,1.4537655115127563,1.572257161140442,1.887812852859497,1.610493540763855,1.2494198083877563,1.08103609085083,0.6971182227134705,0.7950662970542908,0.6538466811180115,0.7846886515617371,0.9888948202133179,1.0287909507751465,1.3994845151901245,1.5071367025375366,1.8865671157836914,2.051727771759033,2.271088123321533,2.6135692596435547
A11,2.851898670196533,2.5939390659332275,2.2691683769226074,1.9742646217346191,1.7348204851150513,1.4439115524291992,1.1832900047302246,0.9265213012695312,0.5996838808059692,0.3830859065055847,0.0,0.3817318379878998,0.6176580190658569,0.8600385785102844,1.1534831523895264,2.5955169200897217,2.3223304748535156,1.9773871898651123,1.7388787269592285,1.4939391613006592,1.1398138999938965,0.9787872433662415,0.6567069888114929,0.5365964770317078,0.5405378341674805,0.6404873728752136,0.9648059010505676,1.1818091869354248,1.508095383644104,1.7678031921386719,2.6246120929718018,2.3646974563598633,2.1014182567596436,1.8228260278701782,1.6170614957809448,1.526668906211853,1.1853960752487183,1.2495310306549072,0.9758849143981934,1.1093636751174927,1.0780078172683716,1.2453430891036987,1.4177069664001465,1.3783279657363892,1.7482885122299194,2.5163519382476807,2.36324143409729,2.171998977661133,1.7897976636886597,1.8136096000671387,1.5914177894592285,1.5055240392684937,1.515304446220398,1.259945273399353,1.465802550315857,1.2746230363845825,1.5783896446228027,1.5376375913619995,1.7362332344055176,2.0416524410247803,1.6863510608673096,1.2996180057525635,1.2053992748260498,0.8495423793792725,0.9762808680534363,0.9294352531433105,0.9491431713104248,1.1909059286117554,1.1356899738311768,1.5106216669082642,1.558322787284851,1.9244846105575562,2.0564260482788086,2.224287509918213,2.5829017162323
A12,3.196084976196289,2.9535040855407715,2.6186740398406982,2.3384816646575928,2.078927516937256,1.7945975065231323,1.5194519758224487,1.2404230833053589,0.9460626244544983,0.6347493529319763,0.3817318379878998,0.0,0.37618011236190796,0.5887559056282043,0.8232234120368958,2.755049228668213,2.445209503173828,2.0885579586029053,1.9073739051818848,1.6261074542999268,1.2890995740890503,1.1607805490493774,0.7845747470855713,0.7849311828613281,0.6391202807426453,0.80657559633255,1.0174371004104614,1.265506625175476,1.6016026735305786,1.8026241064071655,2.8597159385681152,2.6300840377807617,2.3556342124938965,2.1137406826019287,1.8751652240753174,1.8125087022781372,1.450631022453308,1.49171781539917,1.2421870231628418,1.2908018827438354,1.2666285037994385,1.3366224765777588,1.514943242073059,1.3917367458343506,1.7324602603912354,2.624664545059204,2.4690189361572266,2.324516773223877,1.9440633058547974,2.0331814289093018,1.829316258430481,1.8017687797546387,1.8327140808105469,1.6119723320007324,1.824307918548584,1.6362309455871582,1.931252360343933,1.8598287105560303,2.0635671615600586,2.3471951484680176,1.605499029159546,1.2367866039276123,1.2580523490905762,0.9456768035888672,1.1870709657669067,1.2067569494247437,1.2905805110931396,1.5530800819396973,1.516728401184082,1.890697717666626,1.924203872680664,2.287851333618164,2.395343065261841,2.5557703971862793,2.9136927127838135
A13,3.4643399715423584,3.196364641189575,2.880030632019043,2.5733723640441895,2.3486504554748535,2.0536909103393555,1.7990622520446777,1.5386534929275513,1.2158647775650024,0.9590147137641907,0.6176580190658569,0.37618011236190796,0.0,0.3851441740989685,0.5835701823234558,3.05863094329834,2.754544496536255,2.4136593341827393,2.2379069328308105,1.9371768236160278,1.6173186302185059,1.432372808456421,1.0536214113235474,0.9615914225578308,0.6672077775001526,0.7195877432823181,0.7897506356239319,1.0122475624084473,1.3498849868774414,1.4976356029510498,2.6994028091430664,2.512450933456421,2.221850633621216,2.0326857566833496,1.757459044456482,1.7435364723205566,1.3792487382888794,1.4431169033050537,1.2806364297866821,1.3308898210525513,1.4089328050613403,1.4877192974090576,1.7329792976379395,1.637101173400879,1.9636162519454956,2.6271276473999023,2.420761823654175,2.276427745819092,1.905629277229309,2.019620180130005,1.789556622505188,1.8255971670150757,1.8311418294906616,1.6664797067642212,1.8708053827285767,1.7201460599899292,2.0261929035186768,1.972480297088623,2.2291624546051025,2.493809938430786,1.7293004989624023,1.3658818006515503,1.438619613647461,1.1799689531326294,1.4020224809646606,1.473126769065857,1.4923605918884277,1.7739225625991821,1.6943556070327759,2.0592758655548096,2.0635476112365723,2.4043524265289307,2.4938230514526367,2.6024677753448486,2.967107057571411
A14,3.6517953872680664,3.396650791168213,3.0847856998443604,2.7811532020568848,2.5401453971862793,2.279761552810669,1.9863295555114746,1.7631325721740723,1.420661449432373,1.1818324327468872,0.8600385785102844,0.5887559056282043,0.3851441740989685,0.0,0.37144964933395386,3.0127928256988525,2.6958911418914795,2.3768348693847656,2.2533092498779297,1.9117833375930786,1.6423929929733276,1.4349454641342163,1.0632209777832031,1.031235694885254,0.688753604888916,0.8537460565567017,0.8382465243339539,1.1379358768463135,1.4027751684188843,1.530938982963562,2.915839433670044,2.7532687187194824,2.4327516555786133,2.255441427230835,1.9436615705490112,1.8912807703018188,1.5164530277252197,1.49247145652771,1.3343662023544312,1.2735873460769653,1.3567777872085571,1.3498982191085815,1.6159999370574951,1.499414086341858,1.7844158411026,2.425596237182617,2.230013847351074,2.142119884490967,1.787146806716919,1.9691849946975708,1.7933639287948608,1.885995864868164,1.956856608390808,1.8428783416748047,2.0994865894317627,1.996508240699768,2.328442096710205,2.3087122440338135,2.556772470474243,2.839921236038208,2.037569761276245,1.691515326499939,1.7840360403060913,1.5093848705291748,1.743537187576294,1.7701034545898438,1.7935690879821777,2.036609411239624,1.9165927171707153,2.2616560459136963,2.210408926010132,2.541515588760376,2.5770835876464844,2.6876895427703857,3.0390164852142334
A15,3.9848506450653076,3.7323153018951416,3.412038564682007,3.114151954650879,2.8686530590057373,2.594594717025757,2.310269355773926,2.0572216510772705,1.7366396188735962,1.455478549003601,1.1534831523895264,0.8232234120368958,0.5835701823234558,0.37144964933395386,0.0,3.3145599365234375,2.980625629425049,2.6533782482147217,2.552985191345215,2.2122244834899902,1.944435715675354,1.7724672555923462,1.3966745138168335,1.3936513662338257,1.0570056438446045,1.1786717176437378,1.1007990837097168,1.3396764993667603,1.601810097694397,1.65196692943573,3.109882354736328,2.9717931747436523,2.661221742630005,2.517251968383789,2.204677104949951,2.1942055225372314,1.8277186155319214,1.8285976648330688,1.6966010332107544,1.6357347965240479,1.7211416959762573,1.684918761253357,1.9347341060638428,1.7748950719833374,2.0273845195770264,2.716038465499878,2.5123708248138428,2.44858980178833,2.1083133220672607,2.3092665672302246,2.1298129558563232,2.23995041847229,2.292515993118286,2.1809353828430176,2.413849115371704,2.292184352874756,2.6055519580841064,2.5525617599487305,2.8086915016174316,3.0672435760498047,2.012734889984131,1.707728385925293,1.8766887187957764,1.6588590145111084,1.9347522258758545,2.0136678218841553,2.066246509552002,2.3386662006378174,2.2475686073303223,2.6029348373413086,2.568586587905884,2.9002017974853516,2.9419984817504883,3.041215181350708,3.3946502208709717
B1,2.2539947032928467,2.3332602977752686,2.1486263275146484,2.1876392364501953,1.9163670539855957,2.1392698287963867,1.9203141927719116,2.137861967086792,2.20638370513916,2.3690876960754395,2.5955169200897217,2.755049228668213,3.05863094329834,3.0127928256988525,3.3145599365234375,0.0,0.3954436182975769,0.7538959980010986,0.9141848087310791,1.1307759284973145,1.4810841083526611,1.6509313583374023,2.0097179412841797,2.2323992252349854,2.566288471221924,2.841768264770508,3.1423120498657227,3.436955451965332,3.5616307258605957,3.905900001525879,4.4727067947387695,4.163147449493408,3.928976058959961,3.5657875537872314,3.4638519287109375,3.136991024017334,2.9736180305480957,2.7528421878814697,2.4329779148101807,2.2931790351867676,1.9325027465820312,1.83273184299469,1.4714632034301758,1.5761840343475342,1.4809890985488892,2.499309778213501,2.756676435470581,2.7397046089172363,2.591623544692993,2.5648818016052246,2.7262394428253174,2.5349929332733154,2.8093695640563965,2.658594846725464,2.9179205894470215,2.898293972015381,3.092289686203003,3.1944375038146973,3.0844485759735107,3.4209108352661133,3.724581718444824,3.46044659614563,3.250720262527466,2.9219675064086914,2.90644907951355,2.5581512451171875,2.6369566917419434,2.421297788619995,2.3638808727264404,2.346055507659912,2.25820255279541,2.41495943069458,2.3523125648498535,2.723238945007324,2.8105506896972656
B2,2.408942461013794,2.4484176635742188,2.2114880084991455,2.2093632221221924,1.8935655355453491,2.054962158203125,1.788167119026184,1.9472965002059937,1.989377737045288,2.1007609367370605,2.3223304748535156,2.445209503173828,2.754544496536255,2.6958911418914795,2.980625629425049,0.3954436182975769,0.0,0.39943596720695496,0.6772133708000183,0.8291405439376831,1.1917351484298706,1.3940192461013794,1.7234082221984863,1.9898250102996826,2.3037331104278564,2.6068148612976074,2.9033334255218506,3.2152626514434814,3.3634397983551025,3.6945624351501465,4.376971244812012,4.072055339813232,3.822638511657715,3.463541030883789,3.334141731262207,3.0232410430908203,2.8189139366149902,2.6037886142730713,2.261441946029663,2.1036388874053955,1.7280229330062866,1.5868748426437378,1.2080634832382202,1.2417333126068115,1.1387248039245605,2.4338314533233643,2.663393259048462,2.6559560298919678,2.4688611030578613,2.4822018146514893,2.6183207035064697,2.448540210723877,2.7213423252105713,2.5519604682922363,2.828742027282715,2.7798755168914795,2.9967892169952393,3.0704102516174316,2.9861958026885986,3.3286068439483643,3.4297361373901367,3.167794942855835,2.987591505050659,2.655561685562134,2.6821320056915283,2.3525047302246094,2.464056968688965,2.295872449874878,2.2493672370910645,2.296034336090088,2.2205934524536133,2.431425094604492,2.3855605125427246,2.751624584197998,2.8870432376861572
B3,2.3765530586242676,2.377686023712158,2.093357563018799,2.0599193572998047,1.7097095251083374,1.8117600679397583,1.518709659576416,1.6225600242614746,1.6648420095443726,1.7393836975097656,1.9773871898651123,2.0885579586029053,2.4136593341827393,2.3768348693847656,2.6533782482147217,0.7538959980010986,0.39943596720695496,0.0,0.38742032647132874,0.5123789310455322,0.8407413363456726,1.1043037176132202,1.4034008979797363,1.6975537538528442,2.0106942653656006,2.3196828365325928,2.629072666168213,2.9398486614227295,3.1214663982391357,3.4454402923583984,4.159069538116455,3.850027561187744,3.602017402648926,3.2425146102905273,3.107269287109375,2.820369243621826,2.5890984535217285,2.405301570892334,2.040975570678711,1.907677173614502,1.5229812860488892,1.3942557573318481,1.0241917371749878,0.9883907437324524,0.9704703092575073,2.4639368057250977,2.638908863067627,2.604640245437622,2.3680882453918457,2.388392925262451,2.4736790657043457,2.2994675636291504,2.544769525527954,2.3399360179901123,2.610511302947998,2.5221476554870605,2.7427053451538086,2.783541202545166,2.7121598720550537,3.0530569553375244,3.0337064266204834,2.7745871543884277,2.6040120124816895,2.2750537395477295,2.3224925994873047,2.007200241088867,2.1493377685546875,2.0189709663391113,2.0017900466918945,2.10402512550354,2.06645131111145,2.3266348838806152,2.324303388595581,2.686007499694824,2.8681764602661133
B4,2.066225290298462,2.03458309173584,1.7350916862487793,1.6830662488937378,1.3273932933807373,1.425469994544983,1.1403706073760986,1.2739109992980957,1.3485444784164429,1.4759676456451416,1.7388787269592285,1.9073739051818848,2.2379069328308105,2.2533092498779297,2.552985191345215,0.9141848087310791,0.6772133708000183,0.38742032647132874,0.0,0.3916759788990021,0.6211524605751038,0.8920794725418091,1.2174509763717651,1.463525414466858,1.8159899711608887,2.08616304397583,2.421623945236206,2.704568386077881,2.8949179649353027,3.23146653175354,3.831500291824341,3.5105879306793213,3.279831886291504,2.911769390106201,2.8023147583007812,2.5216925144195557,2.308671236038208,2.1569032669067383,1.7903224229812622,1.7201508283615112,1.341059923171997,1.3080804347991943,0.9839456081390381,1.0172537565231323,1.1320096254348755,2.4401588439941406,2.571772575378418,2.4815659523010254,2.223900318145752,2.196307420730591,2.2432875633239746,2.0298829078674316,2.24328875541687,2.012942314147949,2.26010799407959,2.1620190143585205,2.3678290843963623,2.4129979610443115,2.3340113162994385,2.6770076751708984,2.8207499980926514,2.54833722114563,2.3400983810424805,2.0088958740234375,2.0114355087280273,1.6768513917922974,1.7973333597183228,1.6437486410140991,1.6368751525878906,1.7327717542648315,1.724549412727356,1.9957275390625,2.0336427688598633,2.398979902267456,2.5967581272125244
B5,2.3497157096862793,2.266101837158203,1.9618123769760132,1.839076042175293,1.4891314506530762,1.5139355659484863,1.1694749593734741,1.2454848289489746,1.2089626789093018,1.2913836240768433,1.4939391613006592,1.6261074542999268,1.9371768236160278,1.9117833375930786,2.2122244834899902,1.1307759284973145,0.8291405439376831,0.5123789310455322,0.3916759788990021,0.0,0.379233181476593,0.5922803282737732,0.9029825925827026,1.186020016670227,1.5031676292419434,1.8077929019927979,2.1188974380493164,2.427497386932373,2.6125617027282715,2.93619704246521,3.6869635581970215,3.3886160850524902,3.126861572265625,2.776366949081421,2.6208419799804688,2.3436789512634277,2.0934174060821533,1.917034387588501,1.545582890510559,1.4236078262329102,1.0401360988616943,0.9502207636833191,0.6260412335395813,0.6312302947044373,0.8005905151367188,2.1833131313323975,2.2921807765960693,2.2223150730133057,1.9464044570922852,1.9702166318893433,2.0167076587677,1.8541300296783447,2.0901544094085693,1.8843759298324585,2.1743276119232178,2.090369701385498,2.346439838409424,2.3982856273651123,2.3813579082489014,2.7367708683013916,2.716352701187134,2.4181737899780273,2.250659942626953,1.894435167312622,1.9442431926727295,1.6374133825302124,1.744296908378601,1.6496504545211792,1.5895715951919556,1.7404705286026,1.6873506307601929,1.985314965248108,1.9929579496383667,2.3316774368286133,2.55905818939209
B6,2.3433468341827393,2.2150866985321045,1.882121205329895,1.7176212072372437,1.3609967231750488,1.2976293563842773,0.9328190684318542,0.9233360290527344,0.8632383942604065,0.9143879413604736,1.1398138999938965,1.2890995740890503,1.6173186302185059,1.6423929929733276,1.944435715675354,1.4810841083526611,1.1917351484298706,0.8407413363456726,0.6211524605751038,0.379233181476593,0.0,0.38539543747901917,0.6152122616767883,0.9048504829406738,1.2315412759780884,1.5207098722457886,1.8532745838165283,2.1462671756744385,2.3678884506225586,2.6855220794677734,3.4271328449249268,3.1250362396240234,2.870340347290039,2.522024631500244,2.367729902267456,2.123431444168091,1.8528079986572266,1.728331446647644,1.3442673683166504,1.2860605716705322,0.9308242797851562,0.9227043390274048,0.7263405323028564,0.6860582232475281,0.9819647073745728,2.2899584770202637,2.331953287124634,2.220914840698242,1.9023776054382324,1.915535569190979,1.8920396566390991,1.720731496810913,1.9066345691680908,1.6611902713775635,1.9327269792556763,1.8061931133270264,2.0649607181549072,2.08607816696167,2.093003749847412,2.4448490142822266,2.3591504096984863,2.0502893924713135,1.8807555437088013,1.5194168090820312,1.5782285928726196,1.287462830543518,1.4108830690383911,1.367974877357483,1.3352638483047485,1.5523889064788818,1.547433853149414,1.8870925903320312,1.9472265243530273,2.264413833618164,2.532902956008911
B7,2.427518606185913,2.249448299407959,1.9436862468719482,1.7154974937438965,1.4068065881729126,1.317651629447937,0.9439098834991455,0.9622170925140381,0.7640663981437683,0.8694190382957458,0.9787872433662415,1.1607805490493774,1.432372808456421,1.4349454641342163,1.7724672555923462,1.6509313583374023,1.3940192461013794,1.1043037176132202,0.8920794725418091,0.5922803282737732,0.38539543747901917,0.0,0.3858676552772522,0.5971847772598267,0.9321467280387878,1.218597412109375,1.535979151725769,1.8366913795471191,2.026353120803833,2.3516435623168945,3.143251895904541,2.861445426940918,2.5815861225128174,2.2469093799591064,2.0620548725128174,1.802687644958496,1.5239229202270508,1.3652126789093018,0.9847559332847595,0.9010409712791443,0.5486853122711182,0.6060818433761597,0.5455437302589417,0.6433715224266052,0.9934929013252258,1.9769012928009033,1.9818187952041626,1.8545621633529663,1.5251988172531128,1.5471453666687012,1.5210853815078735,1.3800554275512695,1.590261697769165,1.3875542879104614,1.7025396823883057,1.6308234930038452,1.9365824460983276,2.0073533058166504,2.0729622840881348,2.436605930328369,2.4409682750701904,2.0954182147979736,1.9347004890441895,1.553741216659546,1.597330927848816,1.3235489130020142,1.3544256687164307,1.3242417573928833,1.189139723777771,1.4109869003295898,1.335266351699829,1.6737359762191772,1.698078989982605,1.984916090965271,2.269573926925659
B8,2.700449228286743,2.494981050491333,2.1755247116088867,1.9190123081207275,1.6226226091384888,1.4509309530258179,1.0909221172332764,0.980650782585144,0.6884015202522278,0.6442498564720154,0.6567069888114929,0.7845747470855713,1.0536214113235474,1.0632209777832031,1.3966745138168335,2.0097179412841797,1.7234082221984863,1.4034008979797363,1.2174509763717651,0.9029825925827026,0.6152122616767883,0.3858676552772522,0.0,0.3851009011268616,0.6258285045623779,0.9513999223709106,1.2576062679290771,1.5718975067138672,1.8024299144744873,2.0996432304382324,3.022432565689087,2.75850772857666,2.467724561691284,2.1587893962860107,1.9402439594268799,1.7320494651794434,1.4034961462020874,1.28952157497406,0.9227663278579712,0.8594951033592224,0.6258218884468079,0.6770503520965576,0.7707180976867676,0.7423408031463623,1.1190084218978882,2.0933704376220703,2.0354599952697754,1.9070295095443726,1.5448617935180664,1.6098518371582031,1.5200042724609375,1.4318023920059204,1.5946322679519653,1.3864574432373047,1.6919236183166504,1.5859016180038452,1.9094297885894775,1.9413822889328003,2.060981512069702,2.409513473510742,2.175884485244751,1.8179608583450317,1.7070534229278564,1.3258367776870728,1.432640790939331,1.2330535650253296,1.2805026769638062,1.356811761856079,1.2384380102157593,1.5347734689712524,1.4867712259292603,1.8450281620025635,1.8916106224060059,2.130586624145508,2.4485456943511963
B9,2.657139301300049,2.4047107696533203,2.1104001998901367,1.8050522804260254,1.5686049461364746,1.3634052276611328,1.0462777614593506,0.9595108032226562,0.5906184315681458,0.6563238501548767,0.5365964770317078,0.7849311828613281,0.9615914225578308,1.031235694885254,1.3936513662338257,2.2323992252349854,1.9898250102996826,1.6975537538528442,1.463525414466858,1.186020016670227,0.9048504829406738,0.5971847772598267,0.3851009011268616,0.0,0.3987483084201813,0.6245535612106323,0.9642887115478516,1.2466565370559692,1.4658656120300293,1.7850295305252075,2.641918420791626,2.383920669555664,2.086097478866577,1.7823271751403809,1.556032657623291,1.3509128093719482,1.0192385911941528,0.9320286512374878,0.5743511915206909,0.6289857029914856,0.5463687181472778,0.7769593000411987,0.9834372401237488,1.0643532276153564,1.4332656860351562,2.0177814960479736,1.897923231124878,1.7100943326950073,1.33430016040802,1.3551877737045288,1.2017878293991089,1.1124285459518433,1.237371563911438,1.040963888168335,1.3556478023529053,1.2846083641052246,1.636108160018921,1.70889413356781,1.8782988786697388,2.226168394088745,2.2018802165985107,1.8203378915786743,1.6855535507202148,1.310916543006897,1.3540107011795044,1.1751195192337036,1.1121176481246948,1.2008010149002075,1.0082004070281982,1.311651587486267,1.2419042587280273,1.5947822332382202,1.6524150371551514,1.846876621246338,2.186751127243042
B10,3.0362744331359863,2.768254280090332,2.480642080307007,2.1602587699890137,1.944881558418274,1.7131437063217163,1.4192622900009155,1.2839760780334473,0.9031703472137451,0.8431511521339417,0.5405378341674805,0.6391202807426453,0.6672077775001526,0.688753604888916,1.0570056438446045,2.566288471221924,2.3037331104278564,2.0106942653656006,1.8159899711608887,1.5031676292419434,1.2315412759780884,0.9321467280387878,0.6258285045623779,0.3987483084201813,0.0,0.38501033186912537,0.6340712308883667,0.9669775366783142,1.2007458209991455,1.4791080951690674,2.5690109729766846,2.3557608127593994,2.0320048332214355,1.7842295169830322,1.4984625577926636,1.3517189025878906,0.9782915115356445,0.9091060161590576,0.6674700975418091,0.6728326082229614,0.7621698975563049,0.9119505286216736,1.2024939060211182,1.2333319187164307,1.5798205137252808,2.03554368019104,1.8565382957458496,1.6897573471069336,1.3082945346832275,1.4016814231872559,1.2158616781234741,1.2370390892028809,1.3345091342926025,1.2050201892852783,1.5074063539505005,1.4517450332641602,1.8138312101364136,1.872054934501648,2.098832845687866,2.4226858615875244,2.183474063873291,1.7968031167984009,1.7359795570373535,1.388777732849121,1.4904662370681763,1.4020882844924927,1.334753155708313,1.4956377744674683,1.3015754222869873,1.615315318107605,1.5303363800048828,1.859615445137024,1.895035982131958,2.0281474590301514,2.378504991531372
B11,3.052663803100586,2.749087333679199,2.4841995239257812,2.1357710361480713,1.9787538051605225,1.7166988849639893,1.487576961517334,1.3551939725875854,0.9840169548988342,0.977219820022583,0.6404873728752136,0.80657559633255,0.7195877432823181,0.8537460565567017,1.1786717176437378,2.841768264770508,2.6068148612976074,2.3196828365325928,2.08616304397583,1.8077929019927979,1.5207098722457886,1.218597412109375,0.9513999223709106,0.6245535612106323,0.38501033186912537,0.0,0.38412317633628845,0.6257773637771606,0.8911477327346802,1.1870976686477661,2.195103406906128,1.9915002584457397,1.6670663356781006,1.4413630962371826,1.144967794418335,1.0545705556869507,0.6785349249839783,0.7332227826118469,0.6255488395690918,0.7951083779335022,0.9940413236618042,1.225102424621582,1.5277142524719238,1.60028076171875,1.9501150846481323,2.165633201599121,1.930397868156433,1.706032633781433,1.3358098268508911,1.3689982891082764,1.096744418144226,1.1240710020065308,1.1223756074905396,1.0132029056549072,1.2685611248016357,1.2331562042236328,1.5949832201004028,1.6714037656784058,1.9487264156341553,2.2503182888031006,2.178170919418335,1.7865010499954224,1.7093040943145752,1.399316668510437,1.4421234130859375,1.4020053148269653,1.252292275428772,1.4394198656082153,1.2231063842773438,1.5290288925170898,1.4577363729476929,1.7612347602844238,1.8259501457214355,1.8989615440368652,2.264723062515259
B12,3.4037485122680664,3.089867115020752,2.8414015769958496,2.483990430831909,2.346874237060547,2.0885019302368164,1.8675693273544312,1.7377111911773682,1.367232322692871,1.329866886138916,0.9648059010505676,1.0174371004104614,0.7897506356239319,0.8382465243339539,1.1007990837097168,3.1423120498657227,2.9033334255218506,2.629072666168213,2.421623945236206,2.1188974380493164,1.8532745838165283,1.535979151725769,1.2576062679290771,0.9642887115478516,0.6340712308883667,0.38412317633628845,0.0,0.37816178798675537,0.6037172675132751,0.8479661345481873,2.1345527172088623,1.9956048727035522,1.6461867094039917,1.5023401975631714,1.1535040140151978,1.1242303848266602,0.779545783996582,0.821789026260376,0.8638398051261902,0.9573237299919128,1.2361676692962646,1.4191498756408691,1.7630202770233154,1.8298231363296509,2.151644468307495,2.1626083850860596,1.8747838735580444,1.6710193157196045,1.3298734426498413,1.41884183883667,1.1455365419387817,1.2822229862213135,1.273284673690796,1.2617254257202148,1.4988839626312256,1.5114223957061768,1.8637396097183228,1.9494082927703857,2.25814151763916,2.53725004196167,2.3692660331726074,1.9880492687225342,1.9651482105255127,1.689167857170105,1.756832242012024,1.7592058181762695,1.6031298637390137,1.8013345003128052,1.5711027383804321,1.8511816263198853,1.746427297592163,2.0101897716522217,2.03670334815979,2.0513858795166016,2.408867120742798
B13,3.486173629760742,3.148158550262451,2.920755624771118,2.5509755611419678,2.461904287338257,2.1846179962158203,2.0202558040618896,1.8894877433776855,1.5471975803375244,1.5338244438171387,1.1818091869354248,1.265506625175476,1.0122475624084473,1.1379358768463135,1.3396764993667603,3.436955451965332,3.2152626514434814,2.9398486614227295,2.704568386077881,2.427497386932373,2.1462671756744385,1.8366913795471191,1.5718975067138672,1.2466565370559692,0.9669775366783142,0.6257773637771606,0.37816178798675537,0.0,0.3866361379623413,0.6037856936454773,1.8040400743484497,1.6929703950881958,1.3519349098205566,1.2693467140197754,0.9224173426628113,1.009258508682251,0.7451596260070801,0.9208752512931824,1.0643444061279297,1.241934061050415,1.5395803451538086,1.7636204957962036,2.1020095348358154,2.1854844093322754,2.5160346031188965,2.40374755859375,2.083306074142456,1.8409448862075806,1.5323246717453003,1.5624433755874634,1.2383196353912354,1.3665690422058105,1.2575215101242065,1.2719923257827759,1.4253079891204834,1.4526265859603882,1.770493745803833,1.8602473735809326,2.2045462131500244,2.446885108947754,2.4062600135803223,2.0373265743255615,2.0073461532592773,1.7806183099746704,1.8036153316497803,1.851261854171753,1.648812174797058,1.8619154691696167,1.6390565633773804,1.8978873491287231,1.8182567358016968,2.0471115112304688,2.102898359298706,2.061713933944702,2.4201624393463135
