,A1,A2,A3,A4,A5,A6,A7,A8,A9,A10,A11,A12,A13,A14,A15,B1,B2,B3,B4,B5,B6,B7,B8,B9,B10,B11,B12,B13,B14,B15,C1,C2,C3,C4,C5,C6,C7,C8,C9,C10,C11,C12,C13,C14,C15,D1,D2,D3,D4,D5,D6,D7,D8,D9,D10,D11,D12,D13,D14,D15,E1,E2,E3,E4,E5,E6,E7,E8,E9,E10,E11,E12,E13,E14,E15
A1,0.0,0.38905757665634155,0.6062638759613037,0.8753035664558411,1.1881078481674194,1.4535481929779053,1.7856485843658447,2.056872606277466,2.3877222537994385,2.679457664489746,2.8680918216705322,3.2296528816223145,3.3466508388519287,3.6898531913757324,3.7594892978668213,4.147017478942871,3.9585797786712646,3.596461296081543,3.4455373287200928,3.151301860809326,2.92049241065979,2.695542097091675,2.374225616455078,2.255474805831909,1.9028953313827515,1.9743720293045044,1.7863121032714844,1.7509413957595825,1.6606608629226685,2.019132614135742,4.0085129737854,3.850447177886963,3.485870122909546,3.351288080215454,3.0752413272857666,2.8414745330810547,2.7212841510772705,2.4252960681915283,2.4567136764526367,2.1630871295928955,2.3138747215270996,2.2565464973449707,2.1895363330841064,2.225501775741577,2.5962352752685547,2.924144744873047,2.8312525749206543,2.728222131729126,2.4159436225891113,2.4989547729492188,2.1711630821228027,2.31394624710083,2.123232841491699,2.251974582672119,2.2594854831695557,2.065472364425659,2.2941956520080566,2.063291072845459,2.370431423187256,2.3772618770599365,3.0509819984436035,2.705075263977051,2.5113911628723145,2.4122588634490967,2.0529847145080566,2.0926694869995117,1.753961205482483,1.8434559106826782,1.6447621583938599,1.7476040124893188,1.965787649154663,2.0135841369628906,2.3797833919525146,2.4397635459899902,2.439554452896118
A2,0.38905757665634155,0.0,0.3746154308319092,0.5809491872787476,0.8776065111160278,1.1681357622146606,1.4741435050964355,1.7756621837615967,2.0820698738098145,2.3951258659362793,2.5786142349243164,2.938594102859497,3.0770645141601562,3.4128313064575195,3.4654555320739746,3.982966661453247,3.7792696952819824,3.427245616912842,3.2420244216918945,2.954615354537964,2.69333815574646,2.465101718902588,2.123891830444336,1.9859389066696167,1.6211097240447998,1.64409339427948,1.4452680349349976,1.3763108253479004,1.2915098667144775,1.6526004076004028,3.8506357669830322,3.698134422302246,3.3425917625427246,3.182495594024658,2.9300968647003174,2.666208028793335,2.569493532180786,2.2538461685180664,2.29539155960083,2.000037908554077,2.1130738258361816,2.081743001937866,1.9691270589828491,2.044074296951294,2.4086155891418457,2.9806010723114014,2.874474287033081,2.7224154472351074,2.416642665863037,2.450289487838745,2.103111982345581,2.211348056793213,1.9732590913772583,2.0918519496917725,2.045640468597412,1.862477421760559,2.0684471130371094,1.8175568580627441,2.1220765113830566,2.179905652999878,2.6883907318115234,2.352738380432129,2.1535017490386963,2.083937406539917,1.7270386219024658,1.8076565265655518,1.5016525983810425,1.6391867399215698,1.5110626220703125,1.668330430984497,1.9255242347717285,2.0399880409240723,2.394174814224243,2.5098092555999756,2.5253641605377197
A3,0.6062638759613037,0.3746154308319092,0.0,0.38492119312286377,0.5989450216293335,0.9023727774620056,1.2041820287704468,1.4883153438568115,1.811738133430481,2.1050586700439453,2.3181979656219482,2.6711647510528564,2.8161349296569824,3.1460323333740234,3.228252410888672,3.6328439712524414,3.442214012145996,3.0883474349975586,2.9103853702545166,2.635890007019043,2.376354455947876,2.1751534938812256,1.835247278213501,1.746103048324585,1.398585319519043,1.4627232551574707,1.3431119918823242,1.2838802337646484,1.3029916286468506,1.6639052629470825,3.4785070419311523,3.3276052474975586,2.970762014389038,2.8182828426361084,2.5690786838531494,2.314316511154175,2.234663963317871,1.9337882995605469,2.012770652770996,1.7496840953826904,1.9009560346603394,1.9242422580718994,1.8481405973434448,1.9756965637207031,2.328814744949341,2.7553162574768066,2.6139230728149414,2.444650173187256,2.1244099140167236,2.12599515914917,1.7676887512207031,1.8507121801376343,1.6065952777862549,1.7186237573623657,1.6852916479110718,1.5099036693572998,1.7420082092285156,1.5252323150634766,1.8544601202011108,1.908811092376709,2.5124287605285645,2.1672310829162598,1.9491065740585327,1.8298758268356323,1.4619768857955933,1.4897407293319702,1.1577342748641968,1.2750804424285889,1.137601375579834,1.3124223947525024,1.56907320022583,1.7126259803771973,2.0577759742736816,2.2019195556640625,2.2181661128997803
A4,0.8753035664558411,0.5809491872787476,0.38492119312286377,0.0,0.38465365767478943,0.5933623909950256,0.9286876320838928,1.206308126449585,1.5234724283218384,1.8284038305282593,2.0042285919189453,2.366211414337158,2.497584581375122,2.834980010986328,2.8951189517974854,3.452780246734619,3.2309110164642334,2.885901927947998,2.6850345134735107,2.3925347328186035,2.1254067420959473,1.88791823387146,1.5454165935516357,1.4082930088043213,1.0476857423782349,1.1090401411056519,0.9773194193840027,0.9758403301239014,1.0127002000808716,1.3628321886062622,3.400106191635132,3.2247724533081055,2.8811025619506836,2.6838698387145996,2.4344778060913086,2.1432433128356934,2.041945695877075,1.7098548412322998,1.7509208917617798,1.463836431503296,1.567285418510437,1.5855375528335571,1.4796379804611206,1.623417615890503,1.969526767730713,2.645334482192993,2.5244359970092773,2.3169431686401367,2.0327162742614746,2.0180516242980957,1.6692242622375488,1.767665147781372,1.5089311599731445,1.6696654558181763,1.6149603128433228,1.5139652490615845,1.7558693885803223,1.5649102926254272,1.9033783674240112,2.0214827060699463,2.368922233581543,2.055208206176758,1.7909266948699951,1.7120964527130127,1.3333367109298706,1.370009183883667,1.0738744735717773,1.1752326488494873,1.1246743202209473,1.2786232233047485,1.5949556827545166,1.763314127922058,2.085566759109497,2.2569937705993652,2.3276686668395996
A5,1.1881078481674194,0.8776065111160278,0.5989450216293335,0.38465365767478943,0.0,0.3791070282459259,0.6108722686767578,0.9257382154464722,1.2236825227737427,1.5336251258850098,1.749050259590149,2.0962679386138916,2.2669880390167236,2.584472179412842,2.660722494125366,3.2000675201416016,2.9874801635742188,2.6523258686065674,2.4289298057556152,2.1680908203125,1.8700031042099,1.67447829246521,1.3124767541885376,1.2260210514068604,0.8891879320144653,0.9182316064834595,0.8934433460235596,0.8289406895637512,0.9982625246047974,1.3143577575683594,3.0929574966430664,2.937288999557495,2.601835250854492,2.402500867843628,2.18898344039917,1.8894606828689575,1.8460848331451416,1.526833415031433,1.6322916746139526,1.4014590978622437,1.505789041519165,1.610675573348999,1.5033257007598877,1.7229623794555664,2.0339839458465576,2.7033438682556152,2.5407278537750244,2.29758620262146,2.008291482925415,1.9220587015151978,1.5594717264175415,1.5797555446624756,1.2720938920974731,1.3864617347717285,1.2768816947937012,1.1844922304153442,1.4070534706115723,1.2281132936477661,1.5675443410873413,1.7187901735305786,2.0335206985473633,1.716046690940857,1.4430090188980103,1.3374496698379517,0.9558797478675842,0.988906979560852,0.718011200428009,0.878542423248291,0.9206732511520386,1.1531789302825928,1.461844563484192,1.7015639543533325,1.989729642868042,2.2159533500671387,2.2753958702087402
A6,1.4535481929779053,1.1681357622146606,0.9023727774620056,0.5933623909950256,0.3791070282459259,0.0,0.3841472566127777,0.6139629483222961,0.9414938688278198,1.2361323833465576,1.4195380210876465,1.778113603591919,1.9194064140319824,2.2500228881835938,2.3261325359344482,2.926020383834839,2.6878063678741455,2.3573005199432373,2.12675142288208,1.8434075117111206,1.5531110763549805,1.3222347497940063,0.9655945897102356,0.8564087152481079,0.5235864520072937,0.6459695100784302,0.71756911277771,0.7909389734268188,1.0201107263565063,1.279018521308899,2.9387245178222656,2.7488205432891846,2.426923990249634,2.1874961853027344,1.9622315168380737,1.6362004280090332,1.5582804679870605,1.215216040611267,1.2870081663131714,1.0526870489120483,1.1348474025726318,1.2690082788467407,1.1775012016296387,1.4350202083587646,1.7194581031799316,2.4812633991241455,2.3316965103149414,2.057021141052246,1.8078255653381348,1.7055577039718628,1.3687858581542969,1.411912202835083,1.1192667484283447,1.3053456544876099,1.2182176113128662,1.2390730381011963,1.4906208515167236,1.3904643058776855,1.7301639318466187,1.9111214876174927,2.056870460510254,1.7828209400177002,1.4586410522460938,1.3655411005020142,0.9985373020172119,0.9655700922012329,0.7460867166519165,0.7939794659614563,0.9129873514175415,1.0697216987609863,1.4153985977172852,1.6562057733535767,1.908089518547058,2.1493396759033203,2.263962984085083
A7,1.7856485843658447,1.4741435050964355,1.2041820287704468,0.9286876320838928,0.6108722686767578,0.3841472566127777,0.0,0.3686770498752594,0.6138159036636353,0.9385455250740051,1.1544917821884155,1.492874264717102,1.6879440546035767,1.9902955293655396,2.0679190158843994,2.744946241378784,2.5060782432556152,2.199479818344116,1.9278061389923096,1.6860711574554443,1.350345253944397,1.1671762466430664,0.7943733334541321,0.73629230260849,0.5058237314224243,0.5080639719963074,0.7355194091796875,0.7413411736488342,1.0720528364181519,1.2527832984924316,2.728011131286621,2.5583906173706055,2.2594356536865234,2.002565622329712,1.8343565464019775,1.4901949167251587,1.4868336915969849,1.1685175895690918,1.2976938486099243,1.146288275718689,1.181585669517517,1.3954583406448364,1.283037543296814,1.5964528322219849,1.8246041536331177,2.6688342094421387,2.49364972114563,2.1866495609283447,1.9555827379226685,1.783285140991211,1.4611855745315552,1.4154269695281982,1.084460973739624,1.2075787782669067,1.0329926013946533,1.107001543045044,1.300796389579773,1.2321789264678955,1.5370948314666748,1.7709224224090576,1.7270212173461914,1.4784475564956665,1.13343346118927,1.0466634035110474,0.7156670093536377,0.692760705947876,0.6300851702690125,0.7345045804977417,0.995284914970398,1.200553059577942,1.5117285251617432,1.8066396713256836,2.008664608001709,2.2950375080108643,2.4018375873565674
A8,2.056872606277466,1.7756621837615967,1.4883153438568115,1.206308126449585,0.9257382154464722,0.6139629483222961,0.3686770498752594,0.0,0.37571972608566284,0.6236889362335205,0.8461397290229797,1.1870458126068115,1.3564789295196533,1.6666063070297241,1.775801658630371,2.406266450881958,2.1524555683135986,1.8497650623321533,1.5741413831710815,1.3222182989120483,0.9891166090965271,0.8011733889579773,0.429862380027771,0.4742698073387146,0.4459522068500519,0.5908847451210022,0.9196985960006714,1.0222984552383423,1.3536096811294556,1.482872486114502,2.490130662918091,2.2894933223724365,2.007058620452881,1.7170989513397217,1.545397162437439,1.1829006671905518,1.1678807735443115,0.8546741604804993,0.9931513667106628,0.9154372811317444,0.9506691694259644,1.2366671562194824,1.1877245903015137,1.5322213172912598,1.7061762809753418,2.4710991382598877,2.291555404663086,1.9586983919143677,1.768697738647461,1.561664342880249,1.2848865985870361,1.230437994003296,0.9377238750457764,1.1103705167770386,0.9829089641571045,1.1735799312591553,1.3893077373504639,1.4157993793487549,1.708060383796692,1.9374330043792725,1.8550891876220703,1.6524673700332642,1.2937140464782715,1.1853755712509155,0.9241730570793152,0.785373330116272,0.7807357311248779,0.7314711809158325,1.031410574913025,1.1543418169021606,1.4534822702407837,1.7441483736038208,1.8913555145263672,2.192064046859741,2.337744951248169
A9,2.3877222537994385,2.0820698738098145,1.811738133430481,1.5234724283218384,1.2236825227737427,0.9414938688278198,0.6138159036636353,0.37571972608566284,0.0,0.3636220693588257,0.575435996055603,0.8866968750953674,1.1211787462234497,1.3943860530853271,1.4829074144363403,2.3228976726531982,2.054654836654663,1.797914981842041,1.4705674648284912,1.2715078592300415,0.9034379124641418,0.771331250667572,0.4870598614215851,0.5454123020172119,0.6716996431350708,0.6631777882575989,1.0327414274215698,1.1049144268035889,1.4579259157180786,1.5019264221191406,2.4335618019104004,2.248256206512451,2.0102665424346924,1.692956805229187,1.5950108766555786,1.2271236181259155,1.2773542404174805,1.0212807655334473,1.157423496246338,1.1477165222167969,1.0952342748641968,1.4045982360839844,1.319654941558838,1.6823099851608276,1.7935079336166382,2.7258317470550537,2.546595335006714,2.1949949264526367,2.042464256286621,1.7999186515808105,1.5636588335037231,1.460172414779663,1.1794686317443848,1.290169358253479,1.10005521774292,1.3299777507781982,1.466809630393982,1.5168691873550415,1.7498952150344849,2.023714303970337,1.6477662324905396,1.5137134790420532,1.1512144804000854,1.1002204418182373,0.9486871361732483,0.8577648401260376,1.0063062906265259,1.003381609916687,1.3463387489318848,1.4825317859649658,1.7486326694488525,2.0556182861328125,2.1633007526397705,2.4830775260925293,2.628490924835205
A10,2.679457664489746,2.3951258659362793,2.1050586700439453,1.8284038305282593,1.5336251258850098,1.2361323833465576,0.9385455250740051,0.6236889362335205,0.3636220693588257,0.0,0.36957868933677673,0.6066324710845947,0.8441857099533081,1.0945463180541992,1.2480442523956299,1.9811102151870728,1.7059582471847534,1.4702285528182983,1.1255500316619873,0.9613488912582397,0.5883148312568665,0.5626569390296936,0.4594019055366516,0.6761807203292847,0.9305594563484192,0.9926551580429077,1.3651758432388306,1.464699387550354,1.81236732006073,1.8389571905136108,2.1725149154663086,1.9680824279785156,1.7636393308639526,1.4191462993621826,1.3550618886947632,0.9954087734222412,1.0815385580062866,0.9082579016685486,1.0679922103881836,1.1723451614379883,1.1321641206741333,1.4832608699798584,1.465484619140625,1.8284326791763306,1.8849897384643555,2.652263641357422,2.460645914077759,2.0958099365234375,1.985105037689209,1.7049455642700195,1.531170129776001,1.396515965461731,1.1776835918426514,1.2850247621536255,1.140011191368103,1.4415829181671143,1.5756800174713135,1.7020901441574097,1.9120882749557495,2.1704089641571045,1.8164745569229126,1.7223855257034302,1.3827083110809326,1.2980618476867676,1.2104471921920776,1.0453720092773438,1.21646249294281,1.1330788135528564,1.4742189645767212,1.5566997528076172,1.7791746854782104,2.0779263973236084,2.124417781829834,2.454202651977539,2.6187005043029785
A11,2.8680918216705322,2.5786142349243164,2.3181979656219482,2.0042285919189453,1.749050259590149,1.4195380210876465,1.1544917821884155,0.8461397290229797,0.575435996055603,0.36957868933677673,0.0,0.37146642804145813,0.550915002822876,0.8420205116271973,0.9318633079528809,2.0374088287353516,1.716274619102478,1.522668480873108,1.1694165468215942,0.983473002910614,0.6848644018173218,0.562148928642273,0.5955615043640137,0.6717826128005981,1.0005223751068115,1.0418726205825806,1.3939876556396484,1.5494452714920044,1.8660006523132324,1.8365325927734375,2.3986175060272217,2.1696417331695557,2.0021307468414307,1.6325435638427734,1.5680581331253052,1.2172503471374512,1.2329884767532349,1.0586621761322021,1.1006486415863037,1.1968902349472046,1.050968050956726,1.3802272081375122,1.3446613550186157,1.6970574855804443,1.6873878240585327,2.701521158218384,2.553406238555908,2.1817429065704346,2.12727952003479,1.8742605447769165,1.743167519569397,1.6632792949676514,1.4825855493545532,1.6310988664627075,1.5066198110580444,1.8036025762557983,1.9376777410507202,2.044593095779419,2.2507030963897705,2.523190975189209,1.9804131984710693,1.9371137619018555,1.5937868356704712,1.580437421798706,1.4997038841247559,1.3840694427490234,1.5409765243530273,1.4574050903320312,1.779555320739746,1.8258886337280273,2.068941116333008,2.3390660285949707,2.3815760612487793,2.6925480365753174,2.8889763355255127
A12,3.2296528816223145,2.938594102859497,2.6711647510528564,2.366211414337158,2.0962679386138916,1.778113603591919,1.492874264717102,1.1870458126068115,0.8866968750953674,0.6066324710845947,0.37146642804145813,0.0,0.36646386981010437,0.517096221446991,0.6548323035240173,1.8710849285125732,1.5479077100753784,1.4289462566375732,1.0570250749588013,0.9798960089683533,0.7516511082649231,0.7812536358833313,0.920505940914154,1.0392041206359863,1.371817708015442,1.3934904336929321,1.7415090799331665,1.8759939670562744,2.1953115463256836,2.1348555088043213,2.2932827472686768,2.0744612216949463,1.968374252319336,1.5934327840805054,1.6042722463607788,1.300074577331543,1.3701090812683105,1.2863391637802124,1.3431570529937744,1.5025975704193115,1.359488606452942,1.6852856874465942,1.6671743392944336,2.0058939456939697,1.9483840465545654,2.8956034183502197,2.7402076721191406,2.3659651279449463,2.3444671630859375,2.0653672218322754,1.9786020517349243,1.8627628087997437,1.713854193687439,1.8231538534164429,1.6958667039871216,2.0158848762512207,2.111661672592163,2.2555477619171143,2.4210524559020996,2.697941541671753,2.0552384853363037,2.0682153701782227,1.7569674253463745,1.7495168447494507,1.7387927770614624,1.6160262823104858,1.8198264837265015,1.7318720817565918,2.0629286766052246,2.103959321975708,2.3100974559783936,2.5823569297790527,2.5816333293914795,2.901221513748169,3.097740650177002
A13,3.3466508388519287,3.0770645141601562,2.8161349296569824,2.497584581375122,2.2669880390167236,1.9194064140319824,1.6879440546035767,1.3564789295196533,1.1211787462234497,0.8441857099533081,0.550915002822876,0.36646386981010437,0.0,0.37023934721946716,0.5307512283325195,1.7917214632034302,1.4309930801391602,1.3314224481582642,1.003252625465393,0.8814311623573303,0.7836291790008545,0.7589655518531799,1.0086205005645752,1.1025069952011108,1.4685590267181396,1.547513723373413,1.8758659362792969,2.0678350925445557,2.3611836433410645,2.301748037338257,2.3998031616210938,2.1368658542633057,2.0467755794525146,1.6609325408935547,1.6331393718719482,1.3507623672485352,1.3383852243423462,1.2785041332244873,1.2503376007080078,1.4364092350006104,1.2673087120056152,1.5700180530548096,1.6014734506607056,1.9089335203170776,1.7980718612670898,2.7241909503936768,2.6028053760528564,2.231804609298706,2.267847776412964,2.01535701751709,1.9843385219573975,1.9212400913238525,1.829774260520935,1.9922263622283936,1.9233125448226929,2.255345106124878,2.3910512924194336,2.541471004486084,2.7321720123291016,2.992842197418213,2.4115445613861084,2.4169530868530273,2.093822479248047,2.0809731483459473,2.0326521396636963,1.888930320739746,2.0429773330688477,1.9081727266311646,2.205557346343994,2.1876049041748047,2.3960988521575928,2.6283085346221924,2.610349178314209,2.9044909477233887,3.1364681720733643
A14,3.6898531913757324,3.4128313064575195,3.1460323333740234,2.834980010986328,2.584472179412842,2.2500228881835938,1.9902955293655396,1.6666063070297241,1.3943860530853271,1.0945463180541992,0.8420205116271973,0.517096221446991,0.37023934721946716,0.0,0.3674255311489105,1.7172927856445312,1.3717138767242432,1.3673052787780762,1.0473909378051758,1.0559580326080322,1.0089055299758911,1.0865442752838135,1.3382413387298584,1.4553077220916748,1.814490556716919,1.8633826971054077,2.195023775100708,2.35973858833313,2.6605498790740967,2.5766384601593018,2.359962224960327,2.1196258068084717,2.0920166969299316,1.7182981967926025,1.7658311128616333,1.5331846475601196,1.5786433219909668,1.5791065692901611,1.582038402557373,1.7950383424758911,1.6358778476715088,1.9334325790405273,1.960028886795044,2.260645627975464,2.126779794692993,2.9980337619781494,2.867023229598999,2.499959707260132,2.5518782138824463,2.278409004211426,2.270327091217041,2.1706597805023193,2.090416431427002,2.211120367050171,2.1280007362365723,2.469097852706909,2.566679000854492,2.7403464317321777,2.893766164779663,3.1599674224853516,2.486786365509033,2.538942575454712,2.246309280395508,2.2420051097869873,2.2498741149902344,2.109764814376831,2.30562162399292,2.1812124252319336,2.49155592918396,2.4841859340667725,2.6641221046447754,2.904353380203247,2.8560123443603516,3.1588478088378906,3.382359504699707
A15,3.7594892978668213,3.4654555320739746,3.228252410888672,2.8951189517974854,2.660722494125366,2.3261325359344482,2.0679190158843994,1.775801658630371,1.4829074144363403,1.2480442523956299,0.9318633079528809,0.6548323035240173,0.5307512283325195,0.3674255311489105,0.0,2.0764453411102295,1.7270644903182983,1.7232986688613892,1.4053369760513306,1.3699290752410889,1.2876795530319214,1.2798643112182617,1.484590768814087,1.514891505241394,1.8584316968917847,1.8560333251953125,2.1546640396118164,2.3247265815734863,2.5975289344787598,2.4675188064575195,2.7115519046783447,2.481192111968994,2.4457175731658936,2.069946050643921,2.1025707721710205,1.842839241027832,1.8614145517349243,1.8068245649337769,1.7654621601104736,1.920552372932434,1.6973968744277954,1.9526305198669434,1.924871563911438,2.2066359519958496,2.0415987968444824,3.207069158554077,3.106212854385376,2.738936185836792,2.7926363945007324,2.543398857116699,2.5137624740600586,2.4394595623016357,2.330117702484131,2.4622864723205566,2.349644899368286,2.670443058013916,2.7577240467071533,2.892853260040283,3.0433151721954346,3.333667516708374,2.4822912216186523,2.5671818256378174,2.2763559818267822,2.332416534423828,2.3423643112182617,2.2557458877563477,2.457526683807373,2.368988275527954,2.6875715255737305,2.6974449157714844,2.909989595413208,3.1532206535339355,3.13486909866333,3.432990312576294,3.6605701446533203
B1,4.147017478942871,3.982966661453247,3.6328439712524414,3.452780246734619,3.2000675201416016,2.926020383834839,2.744946241378784,2.406266450881958,2.3228976726531982,1.9811102151870728,2.0374088287353516,1.8710849285125732,1.7917214632034302,1.7172927856445312,2.0764453411102295,0.0,0.3864218294620514,0.6143622994422913,0.877963662147522,1.1904411315917969,1.4597615003585815,1.7860714197158813,2.072340965270996,2.400777816772461,2.6984119415283203,2.9080910682678223,3.264543056488037,3.4047250747680664,3.742722272872925,3.8033926486968994,1.1951898336410522,0.8749572038650513,1.0630170106887817,0.9417275190353394,1.1123136281967163,1.3202729225158691,1.460471749305725,1.7959728240966797,1.9529157876968384,2.3227438926696777,2.4411044120788574,2.7627363204956055,2.9764065742492676,3.2531988620758057,3.2011024951934814,2.6243531703948975,2.374621629714966,2.1167314052581787,2.2092723846435547,1.8934016227722168,2.080684185028076,1.8964084386825562,2.0628647804260254,2.0958385467529297,2.230029582977295,2.576296091079712,2.708041191101074,3.0332846641540527,3.1703124046325684,3.270198345184326,3.4235143661499023,3.366914987564087,3.1258604526519775,2.9093704223632812,2.9070026874542236,2.5867700576782227,2.6898422241210938,2.4204399585723877,2.584204912185669,2.4553463459014893,2.397930383682251,2.5324654579162598,2.276871681213379,2.526468276977539,2.7162559032440186
B2,3.9585797786712646,3.7792696952819824,3.442214012145996,3.2309110164642334,2.9874801635742188,2.6878063678741455,2.5060782432556152,2.1524555683135986,2.054654836654663,1.7059582471847534,1.716274619102478,1.5479077100753784,1.4309930801391602,1.3717138767242432,1.7270644903182983,0.3864218294620514,0.0,0.3733177185058594,0.5851842761039734,0.8781980276107788,1.173213243484497,1.472935438156128,1.7880711555480957,2.0935285091400146,2.411984920501709,2.618812084197998,2.972407341003418,3.134319543838501,3.4636800289154053,3.5072927474975586,1.4410508871078491,1.1037758588790894,1.1978808641433716,0.9538677930831909,1.0561965703964233,1.1614360809326172,1.252755880355835,1.5542415380477905,1.6697980165481567,2.0370798110961914,2.1180357933044434,2.436459541320801,2.64189076423645,2.916498899459839,2.8458187580108643,2.486217498779297,2.267353057861328,1.9735431671142578,2.0808868408203125,1.7714881896972656,1.9424142837524414,1.793393850326538,1.9308761358261108,2.012364149093628,2.124734878540039,2.486189365386963,2.6358444690704346,2.934288263320923,3.094491481781006,3.227783679962158,3.2501261234283447,3.2011728286743164,2.9348158836364746,2.749457359313965,2.728384256362915,2.4262888431549072,2.5303268432617188,2.264988422393799,2.4526207447052,2.323869228363037,2.3232946395874023,2.470841646194458,2.2562825679779053,2.515493631362915,2.735097646713257
B3,3.596461296081543,3.427245616912842,3.0883474349975586,2.885901927947998,2.6523258686065674,2.3573005199432373,2.199479818344116,1.8497650623321533,1.797914981842041,1.4702285528182983,1.522668480873108,1.4289462566375732,1.3314224481582642,1.3673052787780762,1.7232986688613892,0.6143622994422913,0.3733177185058594,0.0,0.3833879828453064,0.5938164591789246,0.902691125869751,1.1956959962844849,1.492567539215088,1.8127973079681396,2.109821319580078,2.341306209564209,2.688060998916626,2.852574586868286,3.1776208877563477,3.2481255531311035,1.4187357425689697,1.0532976388931274,1.0270050764083862,0.7330716252326965,0.7296898365020752,0.8159763216972351,0.8843961954116821,1.2014857530593872,1.341008186340332,1.7102657556533813,1.8295162916183472,2.152965545654297,2.3691017627716064,2.6460344791412354,2.610624074935913,2.20229434967041,1.9655218124389648,1.6555516719818115,1.7317918539047241,1.4111366271972656,1.569867491722107,1.4281128644943237,1.575099229812622,1.683397650718689,1.8222072124481201,2.1800761222839355,2.362030029296875,2.6501853466033936,2.8381454944610596,2.961927652359009,3.084824562072754,2.998413324356079,2.717304229736328,2.514249801635742,2.4557971954345703,2.13983416557312,2.2088019847869873,1.9254602193832397,2.0959525108337402,1.9545979499816895,1.9613730907440186,2.109184980392456,1.910505771636963,2.177804708480835,2.4034409523010254
B4,3.4455373287200928,3.2420244216918945,2.9103853702545166,2.6850345134735107,2.4289298057556152,2.12675142288208,1.9278061389923096,1.5741413831710815,1.4705674648284912,1.1255500316619873,1.1694165468215942,1.0570250749588013,1.003252625465393,1.0473909378051758,1.4053369760513306,0.877963662147522,0.5851842761039734,0.3833879828453064,0.0,0.3843775987625122,0.5952445864677429,0.9282585382461548,1.2194324731826782,1.5367169380187988,1.849220871925354,2.042823553085327,2.400848388671875,2.5517446994781494,2.885119676589966,2.9326274394989014,1.5030429363250732,1.1845779418945312,1.12257719039917,0.753820538520813,0.7841230630874634,0.7059608697891235,0.8312250971794128,1.0644503831863403,1.2218409776687622,1.5680052042007446,1.639253854751587,1.9861844778060913,2.153237819671631,2.457205295562744,2.423748731613159,2.364278554916382,2.1380252838134766,1.7953791618347168,1.8276572227478027,1.4941747188568115,1.5685919523239136,1.4054591655731201,1.4627089500427246,1.562640905380249,1.6305145025253296,1.9989782571792603,2.158228874206543,2.426835536956787,2.6075093746185303,2.770235061645508,2.736845016479492,2.6687564849853516,2.3831405639648438,2.2077431678771973,2.1664035320281982,1.8770744800567627,1.9885765314102173,1.743092656135559,1.9698578119277954,1.8829777240753174,1.9422897100448608,2.1438724994659424,1.999922752380371,2.300199508666992,2.5123536586761475
B5,3.151301860809326,2.954615354537964,2.635890007019043,2.3925347328186035,2.1680908203125,1.8434075117111206,1.6860711574554443,1.3222182989120483,1.2715078592300415,0.9613488912582397,0.983473002910614,0.9798960089683533,0.8814311623573303,1.0559580326080322,1.3699290752410889,1.1904411315917969,0.8781980276107788,0.5938164591789246,0.3843775987625122,0.0,0.38068267703056335,0.6060971021652222,0.929864764213562,1.227709174156189,1.5416003465652466,1.7718201875686646,2.1137938499450684,2.299704074859619,2.6139416694641113,2.675037145614624,1.7914438247680664,1.46256422996521,1.3202284574508667,0.9490843415260315,0.8184446692466736,0.6151787638664246,0.5727965235710144,0.7415031790733337,0.8456296324729919,1.1933927536010742,1.2672224044799805,1.6089211702346802,1.7940009832382202,2.088473081588745,2.06564998626709,2.092684030532837,1.8930342197418213,1.5312405824661255,1.5638798475265503,1.2598576545715332,1.3176454305648804,1.2286027669906616,1.2787452936172485,1.46129310131073,1.5474075078964233,1.9055255651474,2.1133484840393066,2.342688798904419,2.567674160003662,2.7356622219085693,2.7143428325653076,2.6176397800445557,2.300448179244995,2.138652801513672,2.0363752841949463,1.7552704811096191,1.8143718242645264,1.5517101287841797,1.7626092433929443,1.6482566595077515,1.7607194185256958,1.947068452835083,1.848246455192566,2.1345510482788086,2.3750641345977783
B6,2.92049241065979,2.69333815574646,2.376354455947876,2.1254067420959473,1.8700031042099,1.5531110763549805,1.350345253944397,0.9891166090965271,0.9034379124641418,0.5883148312568665,0.6848644018173218,0.7516511082649231,0.7836291790008545,1.0089055299758911,1.2876795530319214,1.4597615003585815,1.173213243484497,0.902691125869751,0.5952445864677429,0.38068267703056335,0.0,0.38610029220581055,0.6273499131202698,0.9542523622512817,1.2582404613494873,1.4504698514938354,1.8073142766952515,1.9623472690582275,2.291767120361328,2.3495142459869385,1.8460195064544678,1.5678681135177612,1.3836652040481567,1.007764458656311,0.902005136013031,0.5765423774719238,0.6291677355766296,0.6414371728897095,0.8202699422836304,1.0976240634918213,1.1483622789382935,1.5163170099258423,1.6353867053985596,1.9649602174758911,1.9801055192947388,2.273892641067505,2.0661818981170654,1.697391152381897,1.6539350748062134,1.3426215648651123,1.2904220819473267,1.162353515625,1.1014024019241333,1.260347604751587,1.2720651626586914,1.6271775960922241,1.816449522972107,2.0221056938171387,2.244532585144043,2.4398233890533447,2.3452937602996826,2.243079662322998,1.921539068222046,1.7699530124664307,1.6713858842849731,1.4095447063446045,1.5024324655532837,1.282994031906128,1.5479676723480225,1.5054056644439697,1.6592600345611572,1.9019520282745361,1.8595106601715088,2.1752538681030273,2.3828375339508057
B7,2.695542097091675,2.465101718902588,2.1751534938812256,1.88791823387146,1.67447829246521,1.3222347497940063,1.1671762466430664,0.8011733889579773,0.771331250667572,0.5626569390296936,0.562148928642273,0.7812536358833313,0.7589655518531799,1.0865442752838135,1.2798643112182617,1.7860714197158813,1.472935438156128,1.1956959962844849,0.9282585382461548,0.6060971021652222,0.38610029220581055,0.0,0.37306180596351624,0.6229193806648254,0.9539340734481812,1.179184079170227,1.5141221284866333,1.7203043699264526,2.0215847492218018,2.0790393352508545,2.214735984802246,1.9300110340118408,1.7199466228485107,1.3572956323623657,1.1807178258895874,0.830636739730835,0.7179451584815979,0.5386642217636108,0.5713266730308533,0.7768796682357788,0.7697217464447021,1.1385060548782349,1.2508111000061035,1.579312801361084,1.6004319190979004,2.153228282928467,1.993953824043274,1.6214619874954224,1.5810211896896362,1.3338192701339722,1.2475166320800781,1.221484899520874,1.1305981874465942,1.3670330047607422,1.3739557266235352,1.691662311553955,1.9147909879684448,2.0593674182891846,2.318525552749634,2.526855230331421,2.369783401489258,2.253166675567627,1.902738094329834,1.7941341400146484,1.6339550018310547,1.4162909984588623,1.4548084735870361,1.248201847076416,1.4965192079544067,1.4406852722167969,1.6669812202453613,1.8884553909301758,1.9064000844955444,2.1951727867126465,2.4250974655151367
B8,2.374225616455078,2.123891830444336,1.835247278213501,1.5454165935516357,1.3124767541885376,0.9655945897102356,0.7943733334541321,0.429862380027771,0.4870598614215851,0.4594019055366516,0.5955615043640137,0.920505940914154,1.0086205005645752,1.3382413387298584,1.484590768814087,2.072340965270996,1.7880711555480957,1.492567539215088,1.2194324731826782,0.929864764213562,0.6273499131202698,0.37306180596351624,0.0,0.3717862069606781,0.6315224170684814,0.8555970191955566,1.1967097520828247,1.3761188983917236,1.6876142024993896,1.77406907081604,2.332965135574341,2.084838390350342,1.832871437072754,1.4998583793640137,1.3152633905410767,0.9408804178237915,0.8691019415855408,0.5746330618858337,0.671855628490448,0.719631016254425,0.7342336177825928,1.0896152257919312,1.1302381753921509,1.4802926778793335,1.5772954225540161,2.256174325942993,2.0876848697662354,1.7292156219482422,1.6119602918624878,1.3823521137237549,1.1949459314346313,1.1619771718978882,0.971906840801239,1.2011871337890625,1.156320571899414,1.4315921068191528,1.659492015838623,1.757197380065918,2.033998489379883,2.2513427734375,2.1250832080841064,1.9716689586639404,1.6131651401519775,1.505336046218872,1.3027890920639038,1.110217809677124,1.1282151937484741,0.9666413068771362,1.239119291305542,1.2497373819351196,1.5200016498565674,1.775132656097412,1.8563003540039062,2.1535403728485107,2.3500564098358154
B9,2.255474805831909,1.9859389066696167,1.746103048324585,1.4082930088043213,1.2260210514068604,0.8564087152481079,0.73629230260849,0.4742698073387146,0.5454123020172119,0.6761807203292847,0.6717826128005981,1.0392041206359863,1.1025069952011108,1.4553077220916748,1.514891505241394,2.400777816772461,2.0935285091400146,1.8127973079681396,1.5367169380187988,1.227709174156189,0.9542523622512817,0.6229193806648254,0.3717862069606781,0.0,0.3730080723762512,0.5877688527107239,0.8972541689872742,1.1392736434936523,1.4135326147079468,1.4774776697158813,2.702070951461792,2.4546260833740234,2.204343318939209,1.87012779712677,1.6777055263519287,1.3063786029815674,1.187613606452942,0.8551509976387024,0.811385989189148,0.6978147029876709,0.5633742809295654,0.8598718643188477,0.8065364956855774,1.1686824560165405,1.2796767950057983,2.3544044494628906,2.2369847297668457,1.8906821012496948,1.783503532409668,1.617050051689148,1.4150880575180054,1.449852466583252,1.2444677352905273,1.4881211519241333,1.415854573249817,1.6362602710723877,1.857703447341919,1.887316346168518,2.1731770038604736,2.410940408706665,2.136000633239746,1.990507960319519,1.6197384595870972,1.5858806371688843,1.3522403240203857,1.2515673637390137,1.244030475616455,1.1505835056304932,1.3971812725067139,1.4216104745864868,1.738677978515625,1.972091555595398,2.1012110710144043,2.370666742324829,2.5738186836242676
B10,1.9028953313827515,1.6211097240447998,1.398585319519043,1.0476857423782349,0.8891879320144653,0.5235864520072937,0.5058237314224243,0.4459522068500519,0.6716996431350708,0.9305594563484192,1.0005223751068115,1.371817708015442,1.4685590267181396,1.814490556716919,1.8584316968917847,2.6984119415283203,2.411984920501709,2.109821319580078,1.849220871925354,1.5416003465652466,1.2582404613494873,0.9539340734481812,0.6315224170684814,0.3730080723762512,0.0,0.3710131347179413,0.6081722974777222,0.8510576486587524,1.1056203842163086,1.236494779586792,2.895259380340576,2.6682074069976807,2.386037588119507,2.0841500759124756,1.8717451095581055,1.5090190172195435,1.3928111791610718,1.0315989255905151,1.0106850862503052,0.7860168814659119,0.7202410697937012,0.9061741828918457,0.7853597402572632,1.1156046390533447,1.3242181539535522,2.4160571098327637,2.301285743713379,1.9834262132644653,1.8210171461105347,1.695648193359375,1.4323097467422485,1.4908325672149658,1.2426625490188599,1.4783400297164917,1.3913897275924683,1.533105731010437,1.7650394439697266,1.7293611764907837,2.0376670360565186,2.264524221420288,2.086564779281616,1.8933411836624146,1.529568076133728,1.500037431716919,1.2041019201278687,1.155921220779419,1.074786901473999,1.0431104898452759,1.2481766939163208,1.3175479173660278,1.6646249294281006,1.896124005317688,2.08540940284729,2.3384969234466553,2.5138461589813232
B11,1.9743720293045044,1.64409339427948,1.4627232551574707,1.1090401411056519,0.9182316064834595,0.6459695100784302,0.5080639719963074,0.5908847451210022,0.6631777882575989,0.9926551580429077,1.0418726205825806,1.3934904336929321,1.547513723373413,1.8633826971054077,1.8560333251953125,2.9080910682678223,2.618812084197998,2.341306209564209,2.042823553085327,1.7718201875686646,1.4504698514938354,1.179184079170227,0.8555970191955566,0.5877688527107239,0.3710131347179413,0.0,0.37263813614845276,0.5561565160751343,0.8496620655059814,0.921562671661377,3.053138017654419,2.8563082218170166,2.5881497859954834,2.2839481830596924,2.1187455654144287,1.7486069202423096,1.6892226934432983,1.3455653190612793,1.3499408960342407,1.1471658945083618,1.020973563194275,1.1741607189178467,0.951809287071228,1.2675108909606934,1.4595730304718018,2.7862157821655273,2.671154499053955,2.351348876953125,2.1835784912109375,2.0427093505859375,1.7665512561798096,1.7809317111968994,1.4924111366271973,1.6640640497207642,1.4980146884918213,1.6063905954360962,1.7724577188491821,1.6887619495391846,1.9610657691955566,2.2286033630371094,1.8137657642364502,1.6445223093032837,1.2853102684020996,1.3388937711715698,1.0751841068267822,1.1392241716384888,1.1370879411697388,1.2138656377792358,1.457774043083191,1.5979169607162476,1.9355651140213013,2.195159912109375,2.3924479484558105,2.659169912338257,2.8085055351257324
B12,1.7863121032714844,1.4452680349349976,1.3431119918823242,0.9773194193840027,0.8934433460235596,0.71756911277771,0.7355194091796875,0.9196985960006714,1.0327414274215698,1.3651758432388306,1.3939876556396484,1.7415090799331665,1.8758659362792969,2.195023775100708,2.1546640396118164,3.264543056488037,2.972407341003418,2.688060998916626,2.400848388671875,2.1137938499450684,1.8073142766952515,1.5141221284866333,1.1967097520828247,0.8972541689872742,0.6081722974777222,0.37263813614845276,0.0,0.3692515194416046,0.524310290813446,0.6410382986068726,3.4020657539367676,3.206942319869995,2.9264519214630127,2.632887125015259,2.4484782218933105,2.0838541984558105,1.996985912322998,1.6380343437194824,1.6041816473007202,1.337704062461853,1.2016807794570923,1.2478821277618408,0.9639768600463867,1.1995164155960083,1.4401276111602783,2.9186794757843018,2.833767890930176,2.538989782333374,2.361659526824951,2.269449234008789,1.9799124002456665,2.0357162952423096,1.7493640184402466,1.9270923137664795,1.7682445049285889,1.817522644996643,1.9822828769683838,1.8377801179885864,2.113288640975952,2.3698620796203613,1.95590078830719,1.7738800048828125,1.4448702335357666,1.5388553142547607,1.2533683776855469,1.379648208618164,1.3228800296783447,1.4376537799835205,1.6217595338821411,1.7661190032958984,2.1178297996520996,2.35040283203125,2.5873944759368896,2.8246910572052,2.9658634662628174
B13,1.7509413957595825,1.3763108253479004,1.2838802337646484,0.9758403301239014,0.8289406895637512,0.7909389734268188,0.7413411736488342,1.0222984552383423,1.1049144268035889,1.464699387550354,1.5494452714920044,1.8759939670562744,2.0678350925445557,2.35973858833313,2.3247265815734863,3.4047250747680664,3.134319543838501,2.852574586868286,2.5517446994781494,2.299704074859619,1.9623472690582275,1.7203043699264526,1.3761188983917236,1.1392736434936523,0.8510576486587524,0.5561565160751343,0.3692515194416046,0.0,0.37159794569015503,0.5326750874519348,3.4235408306121826,3.2663321495056152,2.982865810394287,2.7122116088867188,2.558945894241333,2.202274799346924,2.1720759868621826,1.8287382125854492,1.8586835861206055,1.6196813583374023,1.5231475830078125,1.602108120918274,1.33148193359375,1.5647400617599487,1.8068537712097168,3.1856095790863037,3.0708279609680176,2.778984785079956,2.5670394897460938,2.451450824737549,2.132873773574829,2.138364553451538,1.8149704933166504,1.9267902374267578,1.715078592300415,1.708639144897461,1.8184102773666382,1.6244052648544312,1.8689066171646118,2.1385388374328613,1.6855660676956177,1.4816862344741821,1.1857582330703735,1.3114819526672363,1.0430879592895508,1.2559034824371338,1.234252691268921,1.4368890523910522,1.6329264640808105,1.8465207815170288,2.1758787631988525,2.43816876411438,2.684666156768799,2.9372611045837402,3.0371387004852295
