,A1,A2,A3,A4,A5,A6,A7,A8,A9,A10,A11,A12,A13,A14,A15,B1,B2,B3,B4,B5,B6,B7,B8,B9,B10,B11,B12,B13,B14,B15,C1,C2,C3,C4,C5,C6,C7,C8,C9,C10,C11,C12,C13,C14,C15,D1,D2,D3,D4,D5,D6,D7,D8,D9,D10,D11,D12,D13,D14,D15,E1,E2,E3,E4,E5,E6,E7,E8,E9,E10,E11,E12,E13,E14,E15
A1,0.0,0.38674527406692505,0.630064845085144,0.8486354351043701,1.190529465675354,1.4130382537841797,1.742181658744812,2.019582986831665,2.354369878768921,2.6383402347564697,2.823929786682129,3.1804776191711426,3.2945499420166016,3.6382293701171875,3.681203842163086,2.8658695220947266,2.628122091293335,2.3161234855651855,2.4171972274780273,2.107063055038452,2.2507874965667725,2.0852210521698,2.1665587425231934,2.2457621097564697,2.3029890060424805,2.682478904724121,2.788311004638672,3.085129976272583,3.2117388248443604,3.402866840362549,3.5165724754333496,3.1617369651794434,2.8959200382232666,2.6884407997131348,2.3217315673828125,2.233532190322876,1.8489913940429688,1.747050166130066,1.4716150760650635,1.4295576810836792,1.583048701286316,1.488053798675537,1.8576686382293701,1.8128795623779297,1.820334792137146,4.1189799308776855,3.9282188415527344,3.5953118801116943,3.3747613430023193,3.098883628845215,2.80726957321167,2.6111176013946533,2.2552602291107178,2.143132209777832,1.7651450634002686,1.813707947731018,1.6057145595550537,1.540845513343811,1.4428013563156128,1.802656650543213,2.966000556945801,3.057326555252075,2.890854835510254,2.6958930492401123,2.774402141571045,2.49542498588562,2.723114252090454,2.5491693019866943,2.7690951824188232,2.691166400909424,2.6692991256713867,2.864339590072632,2.6391096115112305,2.9195382595062256,3.084778070449829
A2,0.38674527406692505,0.0,0.3808635175228119,0.5726180076599121,0.8894765377044678,1.1595934629440308,1.4493563175201416,1.7621827125549316,2.0729494094848633,2.3831353187561035,2.574359655380249,2.9259026050567627,3.0710253715515137,3.4020180702209473,3.4293107986450195,2.613717555999756,2.4112167358398438,2.0886025428771973,2.216681480407715,1.9349989891052246,2.0847315788269043,1.9781657457351685,2.064380168914795,2.2048580646514893,2.266590118408203,2.6550133228302,2.7932865619659424,3.0602924823760986,3.2203004360198975,3.426377773284912,3.180047035217285,2.8220560550689697,2.5557470321655273,2.3737306594848633,2.002997398376465,1.9565173387527466,1.5804121494293213,1.5389949083328247,1.3206284046173096,1.360318660736084,1.5761446952819824,1.5716220140457153,1.9459333419799805,1.9732248783111572,1.987095594406128,3.9446310997009277,3.753965377807617,3.4400949478149414,3.189307689666748,2.932039976119995,2.616382360458374,2.4308648109436035,2.060868501663208,1.9344706535339355,1.5509697198867798,1.5365920066833496,1.3318357467651367,1.2064749002456665,1.1287935972213745,1.4893696308135986,2.9441983699798584,3.0178513526916504,2.8112738132476807,2.637789249420166,2.678718328475952,2.401836395263672,2.6127302646636963,2.4258830547332764,2.655409812927246,2.5552704334259033,2.5787246227264404,2.760892152786255,2.560075044631958,2.828315258026123,3.0317959785461426
A3,0.630064845085144,0.3808635175228119,0.0,0.38589197397232056,0.6026713252067566,0.8949194550514221,1.1769505739212036,1.4827083349227905,1.8116552829742432,2.0991127490997314,2.326108694076538,2.666116714477539,2.8225555419921875,3.145934820175171,3.2025790214538574,2.2900044918060303,2.0707316398620605,1.737582802772522,1.8441575765609741,1.5553984642028809,1.7063037157058716,1.61044442653656,1.7178759574890137,1.8858944177627563,1.9828110933303833,2.369354248046875,2.5430195331573486,2.8042664527893066,2.9947381019592285,3.1840286254882812,2.891620635986328,2.5401101112365723,2.2744147777557373,2.058662176132202,1.6937874555587769,1.6129393577575684,1.2294005155563354,1.1762632131576538,0.9474721550941467,1.0306861400604248,1.252273440361023,1.3106728792190552,1.6787527799606323,1.763956904411316,1.7726761102676392,3.6188864707946777,3.447739362716675,3.133676528930664,2.8885393142700195,2.651210069656372,2.328627586364746,2.1818840503692627,1.8116743564605713,1.7430105209350586,1.374143362045288,1.392871618270874,1.277064323425293,1.1414650678634644,1.1861131191253662,1.5394901037216187,2.8582897186279297,2.8837180137634277,2.652162790298462,2.4505155086517334,2.448239803314209,2.1456308364868164,2.319797992706299,2.102825403213501,2.3106768131256104,2.1897621154785156,2.212463855743408,2.3857572078704834,2.190521001815796,2.45808744430542,2.669771909713745
A4,0.8486354351043701,0.5726180076599121,0.38589197397232056,0.0,0.3876205384731293,0.5891044735908508,0.9005966186523438,1.194076657295227,1.5123283863067627,1.8151482343673706,2.004758834838867,2.356379508972168,2.500720500946045,2.830796718597412,2.8666839599609375,2.3612678050994873,2.1671555042266846,1.8070898056030273,1.8748655319213867,1.5841083526611328,1.6610088348388672,1.5774141550064087,1.6097952127456665,1.787365436553955,1.8230394124984741,2.211107015609741,2.3711113929748535,2.601245403289795,2.7910163402557373,3.011929988861084,2.7645957469940186,2.4332268238067627,2.1287765502929688,1.946713924407959,1.564539909362793,1.4842791557312012,1.1251271963119507,1.058367133140564,0.9322082996368408,0.9877387285232544,1.3036136627197266,1.3933721780776978,1.7343289852142334,1.8511792421340942,1.9278560876846313,3.39369797706604,3.194549322128296,2.889261245727539,2.626418113708496,2.3729865550994873,2.0510315895080566,1.8698219060897827,1.4963688850402832,1.3851532936096191,1.008115530014038,1.0188860893249512,0.9019807577133179,0.8144358992576599,0.8983669877052307,1.2410624027252197,2.548466920852661,2.577981948852539,2.3327255249023438,2.1640946865081787,2.1650478839874268,1.8914152383804321,2.091707229614258,1.9132318496704102,2.1686649322509766,2.0891525745391846,2.1719298362731934,2.381110668182373,2.2417757511138916,2.5299222469329834,2.746964693069458
A5,1.190529465675354,0.8894765377044678,0.6026713252067566,0.3876205384731293,0.0,0.3776952922344208,0.5786457061767578,0.9116461873054504,1.2183793783187866,1.522916316986084,1.755853533744812,2.087315559387207,2.2712016105651855,2.579596519470215,2.629713535308838,2.0259244441986084,1.853577971458435,1.4857054948806763,1.553347110748291,1.2966867685317993,1.3718518018722534,1.363492727279663,1.4177223443984985,1.665977120399475,1.7371171712875366,2.112823247909546,2.3219547271728516,2.520516872406006,2.754171848297119,2.9640519618988037,2.3830087184906006,2.0550155639648438,1.7504197359085083,1.5595718622207642,1.1778782606124878,1.1055816411972046,0.7546400427818298,0.7599163055419922,0.7386724948883057,0.9185834527015686,1.24820876121521,1.4380899667739868,1.746154546737671,1.9343205690383911,1.9981210231781006,3.1238412857055664,2.945146322250366,2.6578824520111084,2.377596855163574,2.163764238357544,1.8180450201034546,1.6916757822036743,1.3167697191238403,1.2603553533554077,0.9264041185379028,0.8998584151268005,0.9121214747428894,0.7584670186042786,0.9846277832984924,1.2687970399856567,2.6158483028411865,2.5944981575012207,2.3084259033203125,2.1364104747772217,2.069432497024536,1.783097505569458,1.9257712364196777,1.7111564874649048,1.9458130598068237,1.827516794204712,1.946689248085022,2.129608392715454,2.0185160636901855,2.2858898639678955,2.5333547592163086
A6,1.4130382537841797,1.1595934629440308,0.8949194550514221,0.5891044735908508,0.3776952922344208,0.0,0.3802524209022522,0.6081480383872986,0.9469218254089355,1.2288740873336792,1.4327069520950317,1.7783019542694092,1.9301763772964478,2.2539706230163574,2.3102197647094727,2.160062074661255,1.9862643480300903,1.6090015172958374,1.5935014486312866,1.320410966873169,1.288062572479248,1.2575387954711914,1.21525239944458,1.4506943225860596,1.461196780204773,1.828396201133728,2.024799108505249,2.19673752784729,2.430680274963379,2.6587464809417725,2.3618640899658203,2.074653387069702,1.7343664169311523,1.5523393154144287,1.1808587312698364,1.0451698303222656,0.7593216300010681,0.6601550579071045,0.7505417466163635,0.8390690684318542,1.218172311782837,1.4185889959335327,1.6768449544906616,1.8895851373672485,2.014301300048828,2.8243725299835205,2.6218602657318115,2.330657482147217,2.050694465637207,1.8137571811676025,1.4774870872497559,1.3231480121612549,0.9466651082038879,0.8965761065483093,0.579582929611206,0.6506399512290955,0.7715274095535278,0.7598341703414917,1.0422420501708984,1.2751327753067017,2.278747320175171,2.238028049468994,1.9406522512435913,1.7767952680587769,1.7026814222335815,1.4329047203063965,1.5943312644958496,1.4193987846374512,1.6980817317962646,1.6396349668502808,1.8038052320480347,2.0328640937805176,1.9782695770263672,2.2725284099578857,2.501234531402588
A7,1.742181658744812,1.4493563175201416,1.1769505739212036,0.9005966186523438,0.5786457061767578,0.3802524209022522,0.0,0.37798410654067993,0.6413010358810425,0.9606636166572571,1.1979689598083496,1.5176153182983398,1.7268184423446655,2.018388509750366,2.067927598953247,1.962097406387329,1.8419958353042603,1.474442958831787,1.4636629819869995,1.2662713527679443,1.214300513267517,1.2938718795776367,1.258349895477295,1.55832839012146,1.58431077003479,1.9162746667861938,2.1476449966430664,2.2678844928741455,2.5370543003082275,2.7614901065826416,2.0001628398895264,1.7262858152389526,1.373228669166565,1.2226231098175049,0.8587029576301575,0.7731095552444458,0.5941091775894165,0.6462578773498535,0.8961249589920044,1.076798439025879,1.4289711713790894,1.6893714666366577,1.913203239440918,2.168579339981079,2.279792308807373,2.636575698852539,2.446539878845215,2.191835880279541,1.8769856691360474,1.692183494567871,1.3295193910598755,1.2353637218475342,0.8817459940910339,0.868237316608429,0.6729303598403931,0.6176632642745972,0.8592656850814819,0.7830023169517517,1.1400020122528076,1.2884916067123413,2.4174275398254395,2.3406670093536377,2.006596565246582,1.8727686405181885,1.7319415807724,1.4843631982803345,1.5802202224731445,1.3910475969314575,1.6504082679748535,1.5595179796218872,1.7852641344070435,1.9792426824569702,1.9718046188354492,2.2310802936553955,2.4917140007019043
A8,2.019582986831665,1.7621827125549316,1.4827083349227905,1.194076657295227,0.9116461873054504,0.6081480383872986,0.37798410654067993,0.0,0.3797464966773987,0.6214543581008911,0.8623567819595337,1.1861774921417236,1.371256709098816,1.672384262084961,1.7509777545928955,2.0777177810668945,1.9549458026885986,1.599732756614685,1.5017716884613037,1.310377597808838,1.1487183570861816,1.2239670753479004,1.0971078872680664,1.386825680732727,1.3667855262756348,1.6593611240386963,1.8921797275543213,1.9677778482437134,2.2509469985961914,2.4790360927581787,1.9818171262741089,1.7680374383926392,1.4015488624572754,1.2532273530960083,0.9562907814979553,0.7876207828521729,0.7467804551124573,0.69819176197052,1.0174388885498047,1.127236008644104,1.4661872386932373,1.7372345924377441,1.895971417427063,2.177274703979492,2.327230215072632,2.2821409702301025,2.0774343013763428,1.8228881359100342,1.5053837299346924,1.3158824443817139,0.9529313445091248,0.8753373026847839,0.5480805039405823,0.643470287322998,0.6194676160812378,0.6860624551773071,1.020171046257019,1.054789662361145,1.4097386598587036,1.512393832206726,2.1981165409088135,2.0759212970733643,1.72402822971344,1.593739628791809,1.4081588983535767,1.18191397190094,1.2512927055358887,1.097213625907898,1.3828482627868652,1.3498437404632568,1.6274142265319824,1.852081298828125,1.9101762771606445,2.1804258823394775,2.419217109680176
A9,2.354369878768921,2.0729494094848633,1.8116552829742432,1.5123283863067627,1.2183793783187866,0.9469218254089355,0.6413010358810425,0.3797464966773987,0.0,0.38528159260749817,0.5912871956825256,0.8850046396255493,1.1320213079452515,1.3945997953414917,1.4407379627227783,2.13995099067688,2.078500509262085,1.7516186237335205,1.6572281122207642,1.5410016775131226,1.3606380224227905,1.5017385482788086,1.3632673025131226,1.6583971977233887,1.616324543952942,1.8559908866882324,2.0857839584350586,2.097670078277588,2.390123128890991,2.625711679458618,1.7727233171463013,1.6093013286590576,1.2321749925613403,1.1752614974975586,0.9513458609580994,0.8738704919815063,0.9740887880325317,1.0173912048339844,1.3680667877197266,1.4984840154647827,1.8226697444915771,2.1055212020874023,2.2435615062713623,2.5364325046539307,2.6894164085388184,2.1436047554016113,1.9307211637496948,1.7340532541275024,1.374714732170105,1.2416250705718994,0.88597571849823,0.8559152483940125,0.6489092111587524,0.7185453772544861,0.8367693424224854,0.7950419187545776,1.1597877740859985,1.1877343654632568,1.5497589111328125,1.566547155380249,2.284633159637451,2.144552707672119,1.7720000743865967,1.7063783407211304,1.4819608926773071,1.3307243585586548,1.3546379804611206,1.247331142425537,1.5143812894821167,1.489867091178894,1.820041298866272,2.017575740814209,2.127002477645874,2.3641223907470703,2.615631103515625
A10,2.6383402347564697,2.3831353187561035,2.0991127490997314,1.8151482343673706,1.522916316986084,1.2288740873336792,0.9606636166572571,0.6214543581008911,0.38528159260749817,0.0,0.3863617181777954,0.6014623045921326,0.8436886668205261,1.0905606746673584,1.2137951850891113,2.207432746887207,2.140608072280884,1.841452717781067,1.6742980480194092,1.5813251733779907,1.3268285989761353,1.4741681814193726,1.2881618738174438,1.563015103340149,1.5084333419799805,1.6775211095809937,1.9186762571334839,1.877186894416809,2.19124698638916,2.406766653060913,1.7751117944717407,1.6815857887268066,1.3317886590957642,1.2554978132247925,1.1260137557983398,0.9782539010047913,1.1607115268707275,1.148522973060608,1.5133038759231567,1.609427571296692,1.8894308805465698,2.182617664337158,2.2576770782470703,2.573157787322998,2.740668773651123,1.75873863697052,1.5495966672897339,1.3644083738327026,0.9992918372154236,0.9145719408988953,0.5708794593811035,0.6816890835762024,0.6420164108276367,0.8566260933876038,1.0774787664413452,1.127732276916504,1.4987146854400635,1.5622708797454834,1.9193683862686157,1.9347337484359741,2.2456297874450684,2.0456125736236572,1.668178677558899,1.5936506986618042,1.3040151596069336,1.1833902597427368,1.1207350492477417,1.044024109840393,1.282110333442688,1.300873041152954,1.6678863763809204,1.8681515455245972,2.0401856899261475,2.2678167819976807,2.4957220554351807
A11,2.823929786682129,2.574359655380249,2.326108694076538,2.004758834838867,1.755853533744812,1.4327069520950317,1.1979689598083496,0.8623567819595337,0.5912871956825256,0.3863617181777954,0.0,0.37117883563041687,0.5464050769805908,0.8336443305015564,0.8919547200202942,2.5786328315734863,2.523860454559326,2.223355531692505,2.0601446628570557,1.9555261135101318,1.6908692121505737,1.7995331287384033,1.5659388303756714,1.7843860387802124,1.65157151222229,1.7878652811050415,1.9693031311035156,1.8786052465438843,2.15777325630188,2.4075050354003906,2.0057647228240967,1.9481866359710693,1.597678780555725,1.5871272087097168,1.4610724449157715,1.3516714572906494,1.507712721824646,1.4765585660934448,1.820713996887207,1.869581937789917,2.1691582202911377,2.4295520782470703,2.4978065490722656,2.7923879623413086,2.993771553039551,1.7520577907562256,1.4802969694137573,1.3336471319198608,0.959636390209198,0.8388069868087769,0.5959604978561401,0.591016411781311,0.6869509220123291,0.8057955503463745,1.1246542930603027,1.16684091091156,1.5270887613296509,1.6550374031066895,1.9828535318374634,1.9455775022506714,2.044388771057129,1.8497780561447144,1.470569372177124,1.4831459522247314,1.2143601179122925,1.206323504447937,1.1947401762008667,1.2369296550750732,1.5098857879638672,1.6031793355941772,1.971614956855774,2.196554660797119,2.3842647075653076,2.622340679168701,2.830935001373291
A12,3.1804776191711426,2.9259026050567627,2.666116714477539,2.356379508972168,2.087315559387207,1.7783019542694092,1.5176153182983398,1.1861774921417236,0.8850046396255493,0.6014623045921326,0.37117883563041687,0.0,0.37727048993110657,0.5164276957511902,0.6260207295417786,2.6635468006134033,2.640263795852661,2.3751556873321533,2.1928553581237793,2.1397182941436768,1.8582606315612793,2.0032896995544434,1.7749550342559814,1.9908063411712646,1.870030403137207,1.9444494247436523,2.131652593612671,1.9863084554672241,2.275207996368408,2.500609874725342,1.934815526008606,1.950727939605713,1.638228178024292,1.6642465591430664,1.621726155281067,1.5303529500961304,1.7529408931732178,1.7460609674453735,2.105781316757202,2.1692116260528564,2.4402859210968018,2.7163000106811523,2.7539641857147217,3.064713954925537,3.2611703872680664,1.5156376361846924,1.2562282085418701,1.1992340087890625,0.821106493473053,0.8434840440750122,0.7143188118934631,0.842962920665741,1.0245378017425537,1.1713762283325195,1.4956618547439575,1.5231605768203735,1.8820291757583618,1.9913448095321655,2.322859525680542,2.2620561122894287,2.2542669773101807,2.023826837539673,1.656457543373108,1.6908085346221924,1.3858284950256348,1.4225730895996094,1.3324682712554932,1.3923637866973877,1.6008437871932983,1.695786476135254,2.082300901412964,2.2747066020965576,2.5071351528167725,2.7112996578216553,2.9153711795806885
A13,3.2945499420166016,3.0710253715515137,2.8225555419921875,2.500720500946045,2.2712016105651855,1.9301763772964478,1.7268184423446655,1.371256709098816,1.1320213079452515,0.8436886668205261,0.5464050769805908,0.37727048993110657,0.0,0.37246406078338623,0.5372572541236877,2.9741172790527344,2.9203543663024902,2.646409511566162,2.4340925216674805,2.3436646461486816,2.031715154647827,2.1175696849823,1.837510347366333,1.9854323863983154,1.8029184341430664,1.8273918628692627,1.9602450132369995,1.7700412273406982,2.02698016166687,2.2658567428588867,2.301851749420166,2.32126522064209,2.0069162845611572,2.007775068283081,1.9431480169296265,1.8088579177856445,1.994962215423584,1.9247989654541016,2.2574589252471924,2.258824110031128,2.521371841430664,2.764249324798584,2.7705492973327637,3.064113140106201,3.2934234142303467,1.4112991094589233,1.0857597589492798,1.0247690677642822,0.6975687742233276,0.6582503318786621,0.6898710131645203,0.7618340849876404,1.0555572509765625,1.202775001525879,1.5692468881607056,1.6608220338821411,2.004063129425049,2.1726698875427246,2.481550693511963,2.425687313079834,1.9915474653244019,1.7361364364624023,1.3879011869430542,1.4617834091186523,1.1657942533493042,1.2937911748886108,1.223397135734558,1.3836625814437866,1.6105376482009888,1.787028193473816,2.1580264568328857,2.387831211090088,2.6330113410949707,2.8601865768432617,3.0264766216278076
A14,3.6382293701171875,3.4020180702209473,3.145934820175171,2.830796718597412,2.579596519470215,2.2539706230163574,2.018388509750366,1.672384262084961,1.3945997953414917,1.0905606746673584,0.8336443305015564,0.5164276957511902,0.37246406078338623,0.0,0.36691731214523315,3.0842833518981934,3.064568042755127,2.8217058181762695,2.606309652328491,2.5627424716949463,2.250556468963623,2.3738038539886475,2.112358808517456,2.2699928283691406,2.1100246906280518,2.096975564956665,2.2371888160705566,2.0121445655822754,2.270676374435425,2.481818199157715,2.2709436416625977,2.352412462234497,2.0761682987213135,2.1157913208007812,2.1136863231658936,2.0082974433898926,2.2423410415649414,2.2057533264160156,2.5542237758636475,2.580073118209839,2.826615571975708,3.0857675075531006,3.0777907371520996,3.384110927581787,3.6032819747924805,1.2847269773483276,0.9888753294944763,1.0628156661987305,0.7809908390045166,0.9003113508224487,0.982977569103241,1.124112606048584,1.410787582397461,1.5597654581069946,1.9197636842727661,1.9789767265319824,2.3249123096466064,2.4694321155548096,2.784166097640991,2.704272508621216,2.2933499813079834,2.0248730182647705,1.6994010210037231,1.78914475440979,1.484305500984192,1.623700737953186,1.5011388063430786,1.648745059967041,1.8166357278823853,1.9744333028793335,2.353464126586914,2.5460128784179688,2.8212058544158936,3.0136544704437256,3.181173086166382
A15,3.681203842163086,3.4293107986450195,3.2025790214538574,2.8666839599609375,2.629713535308838,2.3102197647094727,2.067927598953247,1.7509777545928955,1.4407379627227783,1.2137951850891113,0.8919547200202942,0.6260207295417786,0.5372572541236877,0.36691731214523315,0.0,3.2437169551849365,3.2456445693969727,2.9906208515167236,2.8120901584625244,2.7649753093719482,2.4765117168426514,2.60373592376709,2.347158670425415,2.516045570373535,2.338331937789917,2.3605587482452393,2.4796855449676514,2.2675023078918457,2.4999730587005615,2.7417752742767334,2.33469820022583,2.411628007888794,2.126725196838379,2.2207601070404053,2.1997501850128174,2.144822597503662,2.362396240234375,2.353660821914673,2.7037384510040283,2.7382452487945557,3.0180604457855225,3.269381284713745,3.29404616355896,3.5872058868408203,3.8115148544311523,1.6395407915115356,1.3418166637420654,1.415250539779663,1.1268936395645142,1.1774604320526123,1.2129372358322144,1.2617130279541016,1.511179804801941,1.5733963251113892,1.9334769248962402,1.9390207529067993,2.2617242336273193,2.4120802879333496,2.7035768032073975,2.5788729190826416,2.307483673095703,2.0857112407684326,1.7646633386611938,1.9162558317184448,1.6596503257751465,1.8190805912017822,1.759163737297058,1.9103244543075562,2.1168718338012695,2.262617349624634,2.6451663970947266,2.843289852142334,3.098132848739624,3.297605276107788,3.482987880706787
B1,2.8658695220947266,2.613717555999756,2.2900044918060303,2.3612678050994873,2.0259244441986084,2.160062074661255,1.962097406387329,2.0777177810668945,2.13995099067688,2.207432746887207,2.5786328315734863,2.6635468006134033,2.9741172790527344,3.0842833518981934,3.2437169551849365,0.0,0.38711124658584595,0.6396138072013855,0.8731020092964172,1.2128866910934448,1.4566478729248047,1.7873252630233765,2.0779995918273926,2.426820993423462,2.722822666168213,2.9303553104400635,3.2907872200012207,3.406644105911255,3.756810426712036,3.81613826751709,1.474370002746582,1.2311729192733765,1.3500313758850098,1.0817275047302246,1.2395058870315552,1.2992223501205444,1.4205049276351929,1.683611273765564,1.7935312986373901,2.152223825454712,2.1571176052093506,2.496497869491577,2.6204867362976074,2.9261527061462402,2.8051083087921143,3.111121892929077,3.168720245361328,3.0106589794158936,2.7902920246124268,2.85685133934021,2.551168441772461,2.7478060722351074,2.5372095108032227,2.7211060523986816,2.6123790740966797,2.5549724102020264,2.747791290283203,2.50075364112854,2.792320966720581,2.9410245418548584,4.198740005493164,4.02217960357666,3.6832997798919678,3.460810661315918,3.196725606918335,2.8878002166748047,2.730767250061035,2.375133991241455,2.280386209487915,1.9038503170013428,1.953680396080017,1.7533529996871948,1.6769886016845703,1.5677379369735718,1.9229066371917725
B2,2.628122091293335,2.4112167358398438,2.0707316398620605,2.1671555042266846,1.853577971458435,1.9862643480300903,1.8419958353042603,1.9549458026885986,2.078500509262085,2.140608072280884,2.523860454559326,2.640263795852661,2.9203543663024902,3.064568042755127,3.2456445693969727,0.38711124658584595,0.0,0.3775341212749481,0.5920490026473999,0.9035033583641052,1.1891121864318848,1.4805524349212646,1.8021045923233032,2.1291778087615967,2.447739839553833,2.6598317623138428,3.0170462131500244,3.161004066467285,3.5011281967163086,3.54736065864563,1.7376091480255127,1.481943130493164,1.5150991678237915,1.1784478425979614,1.2480586767196655,1.2054100036621094,1.2600352764129639,1.459023118019104,1.5149667263031006,1.8557274341583252,1.8180567026138306,2.148991107940674,2.2621889114379883,2.5623645782470703,2.4297850131988525,3.035926103591919,3.084895133972168,2.8885257244110107,2.6917130947113037,2.7266011238098145,2.425964117050171,2.610421895980835,2.38931941986084,2.590639352798462,2.462834358215332,2.454758405685425,2.6407675743103027,2.419132709503174,2.706451654434204,2.894171714782715,3.99996280670166,3.8248090744018555,3.502866744995117,3.251675844192505,3.0040688514709473,2.673586845397949,2.5249195098876953,2.15596604347229,2.0502469539642334,1.6697447299957275,1.6647729873657227,1.4706753492355347,1.3412083387374878,1.2552651166915894,1.6078145503997803
B3,2.3161234855651855,2.0886025428771973,1.737582802772522,1.8070898056030273,1.4857054948806763,1.6090015172958374,1.474442958831787,1.599732756614685,1.7516186237335205,1.841452717781067,2.223355531692505,2.3751556873321533,2.646409511566162,2.8217058181762695,2.9906208515167236,0.6396138072013855,0.3775341212749481,0.0,0.3887059986591339,0.6108115911483765,0.9150044918060303,1.2023272514343262,1.5094972848892212,1.8521368503570557,2.148693323135376,2.3909220695495605,2.738232374191284,2.890756607055664,3.223625659942627,3.2967495918273926,1.710262656211853,1.4197345972061157,1.3587383031845093,0.9946507215499878,0.9653366208076477,0.8831858038902283,0.8886094093322754,1.091978669166565,1.1607643365859985,1.515621542930603,1.5250588655471802,1.8666460514068604,2.0080466270446777,2.31198787689209,2.214134454727173,2.888787031173706,2.8950414657592773,2.6748273372650146,2.457918167114258,2.453491687774658,2.1356046199798584,2.287540912628174,2.0442514419555664,2.2315027713775635,2.090264320373535,2.0889289379119873,2.273115873336792,2.0641582012176514,2.3566057682037354,2.55230450630188,3.6484150886535645,3.487517833709717,3.165811061859131,2.920182943344116,2.6881306171417236,2.3550074100494385,2.238525629043579,1.8747124671936035,1.820603847503662,1.461427927017212,1.4909359216690063,1.3776322603225708,1.2496672868728638,1.2723747491836548,1.623159646987915
B4,2.4171972274780273,2.216681480407715,1.8441575765609741,1.8748655319213867,1.553347110748291,1.5935014486312866,1.4636629819869995,1.5017716884613037,1.6572281122207642,1.6742980480194092,2.0601446628570557,2.1928553581237793,2.4340925216674805,2.606309652328491,2.8120901584625244,0.8731020092964172,0.5920490026473999,0.3887059986591339,0.0,0.3864743709564209,0.6005545258522034,0.920509934425354,1.2207716703414917,1.5572314262390137,1.8677873611450195,2.0728349685668945,2.4316999912261963,2.5696306228637695,2.910946846008301,2.9635372161865234,1.7629882097244263,1.5298832654953003,1.4330452680587769,1.0413774251937866,1.0311554670333862,0.8186743855476379,0.8830560445785522,0.9804071187973022,1.0850120782852173,1.388729453086853,1.3676966428756714,1.728585958480835,1.807005524635315,2.141523599624634,2.0731117725372314,2.5591423511505127,2.579880714416504,2.3509442806243896,2.1666038036346436,2.1755220890045166,1.8857362270355225,2.073803186416626,1.8715850114822388,2.1131703853607178,2.0178301334381104,2.0766382217407227,2.3012678623199463,2.148996114730835,2.4644851684570312,2.659003257751465,3.4498820304870605,3.2586891651153564,2.9433939456939697,2.679973602294922,2.4278745651245117,2.0944886207580566,1.9382184743881226,1.5667446851730347,1.467373013496399,1.0948021411895752,1.1198302507400513,1.0001447200775146,0.9197089076042175,0.9700548052787781,1.3192195892333984
B5,2.107063055038452,1.9349989891052246,1.5553984642028809,1.5841083526611328,1.2966867685317993,1.320410966873169,1.2662713527679443,1.310377597808838,1.5410016775131226,1.5813251733779907,1.9555261135101318,2.1397182941436768,2.3436646461486816,2.5627424716949463,2.7649753093719482,1.2128866910934448,0.9035033583641052,0.6108115911483765,0.3864743709564209,0.0,0.3773364722728729,0.5931456089019775,0.9209873080253601,1.2460315227508545,1.5579450130462646,1.800766944885254,2.14379620552063,2.3183343410491943,2.6406607627868652,2.706847667694092,2.0226497650146484,1.769926905632019,1.6011629104614258,1.2161550521850586,1.0858007669448853,0.7961028814315796,0.7186978459358215,0.6872831583023071,0.7254543900489807,1.0078296661376953,0.9864246845245361,1.351198673248291,1.4479507207870483,1.7798383235931396,1.7340104579925537,2.5627827644348145,2.540755033493042,2.268042802810669,2.0895917415618896,2.034249782562256,1.741085410118103,1.878006100654602,1.6480779647827148,1.8828102350234985,1.7570308446884155,1.8631603717803955,2.0688600540161133,1.951393723487854,2.25229549407959,2.477440595626831,3.1526434421539307,2.979090929031372,2.680799722671509,2.399446725845337,2.181702136993408,1.8283751010894775,1.7181416749954224,1.3470268249511719,1.2972575426101685,0.9684734344482422,0.9621521830558777,0.9610082507133484,0.8265900611877441,1.0162222385406494,1.3136024475097656
B6,2.2507874965667725,2.0847315788269043,1.7063037157058716,1.6610088348388672,1.3718518018722534,1.288062572479248,1.214300513267517,1.1487183570861816,1.3606380224227905,1.3268285989761353,1.6908692121505737,1.8582606315612793,2.031715154647827,2.250556468963623,2.4765117168426514,1.4566478729248047,1.1891121864318848,0.9150044918060303,0.6005545258522034,0.3773364722728729,0.0,0.3900151252746582,0.6249691247940063,0.9780473113059998,1.2709180116653442,1.4819496870040894,1.837138056755066,1.9798381328582764,2.3162577152252197,2.384279489517212,2.0187249183654785,1.8150451183319092,1.6074317693710327,1.2388614416122437,1.1219043731689453,0.7604060173034668,0.770591676235199,0.6327234506607056,0.7825343608856201,0.9706830978393555,0.9847515821456909,1.3556127548217773,1.3896902799606323,1.7508236169815063,1.7729052305221558,2.2084708213806152,2.177117347717285,1.8955702781677246,1.7310981750488281,1.6788121461868286,1.407131552696228,1.5748728513717651,1.3931102752685547,1.6781777143478394,1.618270754814148,1.7711199522018433,2.022357940673828,1.9643027782440186,2.287374973297119,2.488797426223755,2.8869540691375732,2.6840693950653076,2.382981777191162,2.099712371826172,1.8548638820648193,1.5109502077102661,1.3630847930908203,0.988172173500061,0.9284923672676086,0.6090719699859619,0.6904353499412537,0.7830051779747009,0.7828645706176758,1.0334563255310059,1.2894352674484253
B7,2.0852210521698,1.9781657457351685,1.61044442653656,1.5774141550064087,1.363492727279663,1.2575387954711914,1.2938718795776367,1.2239670753479004,1.5017385482788086,1.4741681814193726,1.7995331287384033,2.0032896995544434,2.1175696849823,2.3738038539886475,2.60373592376709,1.7873252630233765,1.4805524349212646,1.2023272514343262,0.920509934425354,0.5931456089019775,0.3900151252746582,0.0,0.3754638135433197,0.6543532609939575,0.9867010712623596,1.2249560356140137,1.5610196590423584,1.7596018314361572,2.067892074584961,2.128401279449463,2.394771099090576,2.183215856552124,1.9520113468170166,1.5951249599456787,1.4240689277648926,1.0575157403945923,0.9555284976959229,0.6704295873641968,0.6714492440223694,0.7092329859733582,0.6535791158676147,1.0067191123962402,1.0080348253250122,1.3735597133636475,1.42495858669281,2.3049027919769287,2.2472310066223145,1.9230377674102783,1.8003989458084106,1.68345308303833,1.4450716972351074,1.5546324253082275,1.3685603141784668,1.6494677066802979,1.5651695728302002,1.787224292755127,2.006901502609253,1.99724280834198,2.2891573905944824,2.522825241088867,2.687464714050293,2.4962806701660156,2.2306039333343506,1.9105722904205322,1.7128275632858276,1.3448609113693237,1.24482262134552,0.8868569135665894,0.8568474650382996,0.6534612774848938,0.6029648184776306,0.8271881341934204,0.760297954082489,1.1033058166503906,1.271606683731079
B8,2.1665587425231934,2.064380168914795,1.7178759574890137,1.6097952127456665,1.4177223443984985,1.21525239944458,1.258349895477295,1.0971078872680664,1.3632673025131226,1.2881618738174438,1.5659388303756714,1.7749550342559814,1.837510347366333,2.112358808517456,2.347158670425415,2.0779995918273926,1.8021045923233032,1.5094972848892212,1.2207716703414917,0.9209873080253601,0.6249691247940063,0.3754638135433197,0.0,0.3879424035549164,0.6470350027084351,0.8940930962562561,1.2298685312271118,1.408947229385376,1.7224434614181519,1.8117023706436157,2.482522487640381,2.2997963428497314,2.0299606323242188,1.7106332778930664,1.5271023511886597,1.1524152755737305,1.0816428661346436,0.7477760314941406,0.8264327645301819,0.7417519092559814,0.7868490815162659,1.0785313844680786,1.0388131141662598,1.3957366943359375,1.5369025468826294,2.0771594047546387,1.9774351119995117,1.631826400756836,1.5192790031433105,1.3593103885650635,1.1501152515411377,1.2401084899902344,1.098240613937378,1.4083906412124634,1.384082317352295,1.6573957204818726,1.9014389514923096,1.9580345153808594,2.2533974647521973,2.463552236557007,2.343129873275757,2.134495973587036,1.8703973293304443,1.5466469526290894,1.3414714336395264,0.9747208952903748,0.8804190754890442,0.5429884791374207,0.6126433610916138,0.5883544087409973,0.6584411263465881,0.9889503121376038,1.0297276973724365,1.3781620264053345,1.501468300819397
B9,2.2457621097564697,2.2048580646514893,1.8858944177627563,1.787365436553955,1.665977120399475,1.4506943225860596,1.55832839012146,1.386825680732727,1.6583971977233887,1.563015103340149,1.7843860387802124,1.9908063411712646,1.9854323863983154,2.2699928283691406,2.516045570373535,2.426820993423462,2.1291778087615967,1.8521368503570557,1.5572314262390137,1.2460315227508545,0.9780473113059998,0.6543532609939575,0.3879424035549164,0.0,0.38853058218955994,0.6054814457893372,0.916154682636261,1.1562421321868896,1.4347989559173584,1.4962031841278076,2.857583522796631,2.6847426891326904,2.412123918533325,2.0974600315093994,1.9099102020263672,1.5378048419952393,1.4429852962493896,1.0844471454620361,1.0758037567138672,0.8590379357337952,0.8206174373626709,0.9943307638168335,0.8460118174552917,1.178478717803955,1.3783944845199585,2.142204523086548,2.0339908599853516,1.6644458770751953,1.6263209581375122,1.429915189743042,1.304687738418579,1.3538068532943726,1.2643532752990723,1.5616317987442017,1.5486010313034058,1.8733417987823486,2.0902881622314453,2.1948466300964355,2.4589521884918213,2.6815531253814697,2.2015860080718994,1.9872021675109863,1.7788314819335938,1.4146127700805664,1.2624651193618774,0.907709538936615,0.8493565917015076,0.6290394067764282,0.6798135638237,0.8073333501815796,0.762449324131012,1.130289912223816,1.160839557647705,1.5246678590774536,1.5600242614746094
B10,2.3029890060424805,2.266590118408203,1.9828110933303833,1.8230394124984741,1.7371171712875366,1.461196780204773,1.58431077003479,1.3667855262756348,1.616324543952942,1.5084333419799805,1.65157151222229,1.870030403137207,1.8029184341430664,2.1100246906280518,2.338331937789917,2.722822666168213,2.447739839553833,2.148693323135376,1.8677873611450195,1.5579450130462646,1.2709180116653442,0.9867010712623596,0.6470350027084351,0.38853058218955994,0.0,0.38957303762435913,0.6215165257453918,0.8630604147911072,1.1202491521835327,1.2527998685836792,3.001027822494507,2.84177565574646,2.5378997325897217,2.2633328437805176,2.05562424659729,1.7012611627578735,1.6105947494506836,1.2493845224380493,1.278117060661316,1.015311360359192,1.078118085861206,1.1837354898452759,1.0593125820159912,1.3230271339416504,1.5920263528823853,2.0835139751434326,1.9154952764511108,1.5354379415512085,1.5033059120178223,1.2392427921295166,1.165097951889038,1.1377102136611938,1.1000299453735352,1.3759623765945435,1.4133957624435425,1.773602843284607,1.9887418746948242,2.1560449600219727,2.4046993255615234,2.602879285812378,1.8208359479904175,1.6010258197784424,1.4079290628433228,1.0347074270248413,0.9195968508720398,0.5856714248657227,0.6379615068435669,0.6006966829299927,0.7999299764633179,1.0491729974746704,1.0958373546600342,1.4718564748764038,1.5405175685882568,1.8984931707382202,1.9287395477294922
B11,2.682478904724121,2.6550133228302,2.369354248046875,2.211107015609741,2.112823247909546,1.828396201133728,1.9162746667861938,1.6593611240386963,1.8559908866882324,1.6775211095809937,1.7878652811050415,1.9444494247436523,1.8273918628692627,2.096975564956665,2.3605587482452393,2.9303553104400635,2.6598317623138428,2.3909220695495605,2.0728349685668945,1.800766944885254,1.4819496870040894,1.2249560356140137,0.8940930962562561,0.6054814457893372,0.38957303762435913,0.0,0.37427008152008057,0.5563478469848633,0.8519081473350525,0.9190415143966675,3.1591603755950928,3.0401217937469482,2.7509660720825195,2.4804699420928955,2.3172945976257324,1.9557700157165527,1.919623851776123,1.5753930807113647,1.628288984298706,1.3838438987731934,1.3925092220306396,1.4842673540115356,1.2814056873321533,1.530039668083191,1.799725890159607,1.8816899061203003,1.73477303981781,1.356610894203186,1.4220036268234253,1.1971683502197266,1.2341749668121338,1.2682709693908691,1.3364384174346924,1.637528657913208,1.7374893426895142,2.09490704536438,2.3306403160095215,2.509989023208618,2.7670376300811768,2.9462268352508545,1.8649872541427612,1.5884569883346558,1.4349228143692017,1.0642876625061035,0.917001485824585,0.6926617622375488,0.6131080985069275,0.6900132298469543,0.770784318447113,1.105603575706482,1.1376235485076904,1.5022447109222412,1.6327308416366577,1.9644900560379028,1.9424184560775757
B12,2.788311004638672,2.7932865619659424,2.5430195331573486,2.3711113929748535,2.3219547271728516,2.024799108505249,2.1476449966430664,1.8921797275543213,2.0857839584350586,1.9186762571334839,1.9693031311035156,2.131652593612671,1.9602450132369995,2.2371888160705566,2.4796855449676514,3.2907872200012207,3.0170462131500244,2.738232374191284,2.4316999912261963,2.14379620552063,1.837138056755066,1.5610196590423584,1.2298685312271118,0.916154682636261,0.6215165257453918,0.37427008152008057,0.0,0.3755105435848236,0.5280093550682068,0.645219087600708,3.4875476360321045,3.368992567062378,3.0651116371154785,2.811047077178955,2.628852367401123,2.277667284011841,2.2193872928619385,1.8658331632614136,1.8945075273513794,1.606029748916626,1.6256074905395508,1.644576907157898,1.4359335899353027,1.6096750497817993,1.9205983877182007,2.0622589588165283,1.8817129135131836,1.5157333612442017,1.6126818656921387,1.3505380153656006,1.44320809841156,1.4056934118270874,1.5027095079421997,1.7522298097610474,1.8620346784591675,2.2378337383270264,2.4445881843566895,2.6659023761749268,2.8915436267852783,3.065441608428955,1.636662244796753,1.3659417629241943,1.296278953552246,0.9273849129676819,0.8987830281257629,0.7914515137672424,0.8334510326385498,1.0155246257781982,1.1348302364349365,1.479026436805725,1.5013033151626587,1.8631365299224854,1.9783470630645752,2.3130743503570557,2.266511917114258
B13,3.085129976272583,3.0602924823760986,2.8042664527893066,2.601245403289795,2.520516872406006,2.19673752784729,2.2678844928741455,1.9677778482437134,2.097670078277588,1.877186894416809,1.8786052465438843,1.9863084554672241,1.7700412273406982,2.0121445655822754,2.2675023078918457,3.406644105911255,3.161004066467285,2.890756607055664,2.5696306228637695,2.3183343410491943,1.9798381328582764,1.7596018314361572,1.408947229385376,1.1562421321868896,0.8630604147911072,0.5563478469848633,0.3755105435848236,0.0,0.3762519061565399,0.5325274467468262,3.4629454612731934,3.383589267730713,3.0817267894744873,2.8561038970947266,2.7058238983154297,2.3661937713623047,2.3628289699554443,2.036813974380493,2.126152992248535,1.8749176263809204,1.9238758087158203,1.9832592010498047,1.7819640636444092,1.9771268367767334,2.278844118118286,1.7876875400543213,1.5904293060302734,1.246366024017334,1.3958722352981567,1.1597357988357544,1.342840313911438,1.339987874031067,1.5275570154190063,1.79011869430542,1.971057653427124,2.32928204536438,2.567965507507324,2.800651788711548,3.0441343784332275,3.180696964263916,1.5991590023040771,1.2671867609024048,1.1928744316101074,0.8844723105430603,0.7862182855606079,0.8129459619522095,0.7782232761383057,1.0563030242919922,1.163658857345581,1.545634388923645,1.6306604146957397,1.975829839706421,2.1515557765960693,2.462221622467041,2.421860456466675
