,A1,A2,A3,A4,A5,A6,A7,A8,A9,A10,A11,A12,A13,A14,A15,B1,B2,B3,B4,B5,B6,B7,B8,B9,B10,B11,B12,B13,B14,B15,C1,C2,C3,C4,C5,C6,C7,C8,C9,C10,C11,C12,C13,C14,C15,D1,D2,D3,D4,D5,D6,D7,D8,D9,D10,D11,D12,D13,D14,D15,E1,E2,E3,E4,E5,E6,E7,E8,E9,E10,E11,E12,E13,E14,E15
A1,0.0,0.3882608711719513,0.672130823135376,0.8997501134872437,1.2363790273666382,1.4633376598358154,1.785774827003479,2.0773489475250244,2.387084722518921,2.689141035079956,2.8989338874816895,3.2453436851501465,3.3760955333709717,3.7137351036071777,3.713064670562744,3.8935253620147705,3.807844400405884,3.5769591331481934,3.3030295372009277,3.2109482288360596,2.844028949737549,2.851546049118042,2.515467405319214,2.53977632522583,2.2907347679138184,2.150416374206543,2.2384655475616455,1.9201102256774902,2.1391043663024902,2.353827714920044,3.3853609561920166,3.0242655277252197,2.7537648677825928,2.541104793548584,2.192028760910034,2.06101393699646,1.671736240386963,1.560126543045044,1.2575268745422363,1.2988344430923462,1.4324284791946411,1.4131966829299927,1.7981970310211182,1.8628556728363037,1.8559014797210693,3.2019057273864746,2.9266700744628906,2.5726938247680664,2.4849255084991455,2.111945629119873,2.0636911392211914,1.7534528970718384,1.6757714748382568,1.6341110467910767,1.6169538497924805,1.9500298500061035,1.9317891597747803,2.2518913745880127,2.308159351348877,2.3818178176879883,2.815397262573242,2.809138298034668,2.802863597869873,2.5182764530181885,2.6593472957611084,2.38094425201416,2.578807830810547,2.4640464782714844,2.582758903503418,2.5761914253234863,2.440840482711792,2.700962543487549,2.501612424850464,2.8213655948638916,2.8515443801879883
A2,0.3882608711719513,0.0,0.386586457490921,0.5688846707344055,0.8943085670471191,1.1482120752334595,1.4435783624649048,1.7606685161590576,2.0514886379241943,2.373321533203125,2.5843608379364014,2.926098346710205,3.0803561210632324,3.4075839519500732,3.393907308578491,3.6094448566436768,3.513582468032837,3.301630973815918,3.0089645385742188,2.930253744125366,2.5584802627563477,2.5739283561706543,2.249873399734497,2.27184796333313,2.057299852371216,1.8963215351104736,2.0245258808135986,1.7209504842758179,1.9782297611236572,2.1499364376068115,3.015974998474121,2.6500003337860107,2.3861403465270996,2.1854491233825684,1.839111089706421,1.7415642738342285,1.3562512397766113,1.3147121667861938,1.069230079650879,1.2227363586425781,1.4231396913528442,1.5032578706741333,1.8845734596252441,2.0221004486083984,2.025916814804077,2.8986642360687256,2.6468141078948975,2.2830772399902344,2.2275896072387695,1.8678748607635498,1.8447552919387817,1.5816001892089844,1.5347198247909546,1.5835551023483276,1.600678563117981,1.970278263092041,2.013604164123535,2.3160815238952637,2.4278438091278076,2.5211546421051025,2.7754688262939453,2.7750015258789062,2.7276713848114014,2.4568495750427246,2.572235584259033,2.2776148319244385,2.4791436195373535,2.3355257511138916,2.479548931121826,2.441028594970703,2.3409972190856934,2.5929460525512695,2.3912854194641113,2.715251922607422,2.7923574447631836
A3,0.672130823135376,0.386586457490921,0.0,0.3718186020851135,0.5925579071044922,0.8746125102043152,1.1584888696670532,1.4639484882354736,1.7753989696502686,2.0780162811279297,2.3239357471466064,2.653005599975586,2.817164897918701,3.1394474506378174,3.153205394744873,3.243215322494507,3.1615312099456787,2.9504079818725586,2.6696221828460693,2.6099913120269775,2.244980573654175,2.298156261444092,1.9946656227111816,2.070068836212158,1.8935836553573608,1.7844793796539307,1.9705662727355957,1.717207908630371,2.0233278274536133,2.1827781200408936,2.748478651046753,2.391934394836426,2.1354386806488037,1.8943275213241577,1.565394639968872,1.421895146369934,1.040448784828186,0.9867184162139893,0.7319211363792419,0.963800311088562,1.1615190505981445,1.3249167203903198,1.6841907501220703,1.8831279277801514,1.8781952857971191,2.538309097290039,2.2766754627227783,1.9150876998901367,1.8450630903244019,1.4826319217681885,1.4653600454330444,1.210042953491211,1.2031679153442383,1.2986607551574707,1.3817042112350464,1.7629189491271973,1.8696736097335815,2.172306537628174,2.3342912197113037,2.407433271408081,2.7406108379364014,2.6981232166290283,2.6028692722320557,2.313131809234619,2.3752713203430176,2.0512518882751465,2.214735507965088,2.0316598415374756,2.1589457988739014,2.0896968841552734,1.9912012815475464,2.231428384780884,2.0277392864227295,2.352787971496582,2.4495227336883545
A4,0.8997501134872437,0.5688846707344055,0.3718186020851135,0.0,0.38863906264305115,0.5806522965431213,0.8933623433113098,1.1959642171859741,1.4904897212982178,1.8070077896118164,2.01755952835083,2.3589494228363037,2.513791561126709,2.8398170471191406,2.8334767818450928,3.0987136363983154,2.978567600250244,2.7633912563323975,2.4601874351501465,2.3708887100219727,1.9967892169952393,2.0102250576019287,1.6944345235824585,1.7334439754486084,1.5568830966949463,1.4230681657791138,1.6179635524749756,1.376688838005066,1.6994829177856445,1.8372702598571777,2.5042178630828857,2.1543960571289062,1.8644994497299194,1.658087134361267,1.2968093156814575,1.1908481121063232,0.8051272630691528,0.8052799701690674,0.683989405632019,0.9505791068077087,1.249522089958191,1.4471821784973145,1.78858482837677,2.0190932750701904,2.0702197551727295,2.4608466625213623,2.2396676540374756,1.8657585382461548,1.7989023923873901,1.4664928913116455,1.408963680267334,1.2159295082092285,1.155913233757019,1.3201411962509155,1.3541713953018188,1.7445489168167114,1.867795467376709,2.125580072402954,2.313789129257202,2.4340298175811768,2.493528127670288,2.473052978515625,2.3633792400360107,2.1051974296569824,2.1754310131073,1.8672035932540894,2.0689480304718018,1.9058091640472412,2.091603994369507,2.041247844696045,2.0117132663726807,2.273528575897217,2.1118032932281494,2.4516170024871826,2.5713024139404297
A5,1.2363790273666382,0.8943085670471191,0.5925579071044922,0.38863906264305115,0.0,0.3685007393360138,0.5703009963035583,0.9027794003486633,1.1929938793182373,1.5120043754577637,1.7640001773834229,2.083076238632202,2.2739109992980957,2.5815038681030273,2.5890634059906006,2.744122266769409,2.6344242095947266,2.4417355060577393,2.1343655586242676,2.0842413902282715,1.7158446311950684,1.7823337316513062,1.510542392730713,1.6030579805374146,1.5087064504623413,1.412786602973938,1.678429365158081,1.5073354244232178,1.862304449081421,1.9514596462249756,2.163877487182617,1.8148324489593506,1.5471324920654297,1.3068608045578003,0.9730240702629089,0.8584017157554626,0.4901680052280426,0.6231417059898376,0.6313328146934509,1.0116623640060425,1.289393663406372,1.5683192014694214,1.8658475875854492,2.148949384689331,2.1823055744171143,2.077369213104248,1.8681901693344116,1.4921528100967407,1.4526835680007935,1.1437619924545288,1.133643388748169,1.0230882167816162,1.0515906810760498,1.3102525472640991,1.4230403900146484,1.8058968782424927,1.9959925413131714,2.2381222248077393,2.4738283157348633,2.5764105319976807,2.635241985321045,2.588038921356201,2.424161911010742,2.1684021949768066,2.175015687942505,1.8438608646392822,2.0003607273101807,1.783227801322937,1.9580204486846924,1.8507336378097534,1.8439595699310303,2.0715386867523193,1.9047445058822632,2.2304160594940186,2.395418882369995
A6,1.4633376598358154,1.1482120752334595,0.8746125102043152,0.5806522965431213,0.3685007393360138,0.0,0.3784578740596771,0.6187214255332947,0.929929792881012,1.2285534143447876,1.4511218070983887,1.787245750427246,1.9465677738189697,2.268981456756592,2.2809128761291504,2.574061393737793,2.4266769886016846,2.2085037231445312,1.8946257829666138,1.7961252927780151,1.4205340147018433,1.4441944360733032,1.1526058912277222,1.2405802011489868,1.150472640991211,1.0908360481262207,1.3814023733139038,1.2664673328399658,1.6363829374313354,1.71917724609375,2.0116007328033447,1.6942510604858398,1.375493049621582,1.151236653327942,0.7808907628059387,0.6382476091384888,0.27620553970336914,0.4233107566833496,0.6295790672302246,0.9587259292602539,1.291540503501892,1.5842374563217163,1.844059944152832,2.1505014896392822,2.23602032661438,2.0424327850341797,1.8668187856674194,1.4982097148895264,1.4154695272445679,1.1521227359771729,1.0487329959869385,0.9992358684539795,0.943271815776825,1.2435804605484009,1.3072651624679565,1.671654224395752,1.87997567653656,2.0720574855804443,2.334480047225952,2.46856427192688,2.348771572113037,2.296872854232788,2.108673095703125,1.8744208812713623,1.8701988458633423,1.5535924434661865,1.7325912714004517,1.5399593114852905,1.7673189640045166,1.6951611042022705,1.7589762210845947,2.0137903690338135,1.9083958864212036,2.2467520236968994,2.4121885299682617
A7,1.785774827003479,1.4435783624649048,1.1584888696670532,0.8933623433113098,0.5703009963035583,0.3784578740596771,0.0,0.37991562485694885,0.6242559552192688,0.9595996141433716,1.2129102945327759,1.520501732826233,1.7344272136688232,2.026738405227661,2.032226800918579,2.297644853591919,2.1447701454162598,1.9661978483200073,1.629588007926941,1.5763651132583618,1.209192156791687,1.2824546098709106,1.065553903579712,1.1830962896347046,1.211318850517273,1.1622600555419922,1.4993669986724854,1.4507936239242554,1.8206257820129395,1.8366559743881226,1.6413549184799194,1.3202897310256958,1.0164259672164917,0.7783709764480591,0.4176208972930908,0.36117038130760193,0.23580901324748993,0.6228917241096497,0.9108384251594543,1.2660731077194214,1.5622453689575195,1.8896790742874146,2.117588758468628,2.4488296508789062,2.5187625885009766,1.7434039115905762,1.615734338760376,1.2545068264007568,1.2361032962799072,1.051199197769165,1.0180457830429077,1.0993397235870361,1.131239652633667,1.4840980768203735,1.594157338142395,1.9351873397827148,2.179818630218506,2.350440740585327,2.638784170150757,2.765493392944336,2.566643238067627,2.51237416267395,2.2851402759552,2.0790517330169678,2.026805877685547,1.7151100635528564,1.8554142713546753,1.626389741897583,1.8474514484405518,1.720847487449646,1.8219830989837646,2.0297906398773193,1.926819086074829,2.2361979484558105,2.4498629570007324
A8,2.0773489475250244,1.7606685161590576,1.4639484882354736,1.1959642171859741,0.9027794003486633,0.6187214255332947,0.37991562485694885,0.0,0.3653751015663147,0.6148176193237305,0.8877503275871277,1.1949524879455566,1.3855066299438477,1.6872726678848267,1.7279179096221924,2.022517442703247,1.839667558670044,1.6339290142059326,1.297965168952942,1.2077488899230957,0.8354187607765198,0.912760317325592,0.7295571565628052,0.9206117391586304,1.0281647443771362,1.0848174095153809,1.442622184753418,1.4841325283050537,1.8467187881469727,1.8535898923873901,1.4981045722961426,1.2446706295013428,0.9134059548377991,0.665181577205658,0.3793283700942993,0.19144947826862335,0.4311545789241791,0.6716963052749634,1.045045256614685,1.332461953163147,1.618107795715332,1.957819938659668,2.1281769275665283,2.4815144538879395,2.5805516242980957,1.6377314329147339,1.5465672016143799,1.2231485843658447,1.1496456861495972,1.0495145320892334,0.9372537732124329,1.1095800399780273,1.1065353155136108,1.479323387145996,1.577182412147522,1.869490623474121,2.1432857513427734,2.263082504272461,2.581103563308716,2.714477777481079,2.437617301940918,2.3553707599639893,2.086911916732788,1.9015659093856812,1.7993522882461548,1.503831386566162,1.6186084747314453,1.3927761316299438,1.6393297910690308,1.5245319604873657,1.6981228590011597,1.9058222770690918,1.8664278984069824,2.16886043548584,2.386967182159424
A9,2.387084722518921,2.0514886379241943,1.7753989696502686,1.4904897212982178,1.1929938793182373,0.929929792881012,0.6242559552192688,0.3653751015663147,0.0,0.38802334666252136,0.6173581480979919,0.9010401964187622,1.146984338760376,1.4145309925079346,1.4205800294876099,1.8971201181411743,1.6738717555999756,1.514393925666809,1.1442900896072388,1.0682034492492676,0.7311460375785828,0.7943241596221924,0.728641927242279,0.8713463544845581,1.0934488773345947,1.132059097290039,1.4930707216262817,1.5925965309143066,1.9320265054702759,1.8731642961502075,1.170078992843628,0.9466907978057861,0.5908945798873901,0.4418131411075592,0.30823296308517456,0.4539318382740021,0.7626900672912598,1.0367846488952637,1.4083646535873413,1.6940417289733887,1.9798915386199951,2.3198134899139404,2.479825735092163,2.8364298343658447,2.9402549266815186,1.5819965600967407,1.5776684284210205,1.2967638969421387,1.2912253141403198,1.28236722946167,1.215914249420166,1.4427355527877808,1.45696222782135,1.83143150806427,1.9203649759292603,2.1943585872650146,2.470013380050659,2.561486005783081,2.8857455253601074,3.0330021381378174,2.5743062496185303,2.51343035697937,2.2279646396636963,2.094780683517456,1.9805434942245483,1.7256873846054077,1.8361144065856934,1.626556396484375,1.8819271326065063,1.7575554847717285,1.9690406322479248,2.145541191101074,2.123535633087158,2.397920846939087,2.641631603240967
A10,2.689141035079956,2.373321533203125,2.0780162811279297,1.8070077896118164,1.5120043754577637,1.2285534143447876,0.9595996141433716,0.6148176193237305,0.38802334666252136,0.0,0.38827019929885864,0.6028232574462891,0.8341925740242004,1.0968079566955566,1.176245927810669,1.6035242080688477,1.34725821018219,1.1628862619400024,0.7964898347854614,0.6837249994277954,0.3744751811027527,0.5072882771492004,0.6221400499343872,0.8561544418334961,1.155035138130188,1.2988004684448242,1.643452763557434,1.806766152381897,2.127084255218506,2.070499897003174,1.1319941282272339,1.0328614711761475,0.7447658181190491,0.6216673851013184,0.6749246716499329,0.6844579577445984,1.0400015115737915,1.224672794342041,1.608317255973816,1.8427215814590454,2.0957882404327393,2.4397482872009277,2.544138193130493,2.9137470722198486,3.031370162963867,1.5094879865646362,1.5463286638259888,1.3332856893539429,1.2813841104507446,1.3590611219406128,1.251285195350647,1.535513162612915,1.5414707660675049,1.9082918167114258,1.9991190433502197,2.217581033706665,2.5155997276306152,2.564042329788208,2.909332036972046,3.049222230911255,2.583916664123535,2.487848997116089,2.1657633781433105,2.0535831451416016,1.8804082870483398,1.65396249294281,1.7107599973678589,1.5063776969909668,1.7552675008773804,1.6346365213394165,1.9026899337768555,2.0571768283843994,2.093153238296509,2.343132257461548,2.588834524154663
A11,2.8989338874816895,2.5843608379364014,2.3239357471466064,2.01755952835083,1.7640001773834229,1.4511218070983887,1.2129102945327759,0.8877503275871277,0.6173581480979919,0.38827019929885864,0.0,0.36789318919181824,0.5403269529342651,0.8277277946472168,0.8452461361885071,1.782600998878479,1.4699946641921997,1.2971184253692627,0.9532933235168457,0.7445228099822998,0.5551822185516357,0.4171276390552521,0.6060044169425964,0.6966626048088074,1.0633741617202759,1.2056061029434204,1.5129673480987549,1.7401937246322632,2.0169754028320312,1.9177659749984741,1.1675405502319336,1.1387420892715454,0.8392409086227417,0.885715901851654,0.9171493649482727,1.0069334506988525,1.315242886543274,1.4904119968414307,1.8783135414123535,2.080237865447998,2.362640857696533,2.6835601329803467,2.7873804569244385,3.1451101303100586,3.2943191528320312,1.8322486877441406,1.9086610078811646,1.71221125125885,1.6666373014450073,1.7409045696258545,1.6080511808395386,1.867997407913208,1.8208870887756348,2.1681740283966064,2.2030084133148193,2.4035985469818115,2.6776232719421387,2.68503999710083,3.02209734916687,3.196909189224243,2.4659080505371094,2.402512311935425,2.080662965774536,2.037301540374756,1.8858624696731567,1.726785659790039,1.8248977661132812,1.691249966621399,1.9799295663833618,1.9133508205413818,2.2098004817962646,2.3823161125183105,2.4456846714019775,2.698798656463623,2.9315478801727295
A12,3.2453436851501465,2.926098346710205,2.653005599975586,2.3589494228363037,2.083076238632202,1.787245750427246,1.520501732826233,1.1949524879455566,0.9010401964187622,0.6028232574462891,0.36789318919181824,0.0,0.37544071674346924,0.5220890641212463,0.5923514366149902,1.5768728256225586,1.2328200340270996,1.1179252862930298,0.8058784604072571,0.6484713554382324,0.656653106212616,0.6135963797569275,0.9195185303688049,1.0233430862426758,1.4005844593048096,1.5550272464752197,1.843894124031067,2.090886116027832,2.3508431911468506,2.2308526039123535,1.041755199432373,1.1379587650299072,0.9476243257522583,1.0361627340316772,1.1833635568618774,1.280674934387207,1.6255007982254028,1.804664969444275,2.191922426223755,2.395322561264038,2.652479410171509,2.9829037189483643,3.0607588291168213,3.427109956741333,3.569462299346924,1.7878211736679077,1.9287805557250977,1.7980937957763672,1.7761949300765991,1.9198899269104004,1.8139746189117432,2.1142139434814453,2.0979621410369873,2.446713447570801,2.502328634262085,2.677818536758423,2.9666056632995605,2.9571635723114014,3.3041791915893555,3.467367649078369,2.7361395359039307,2.6604714393615723,2.3223111629486084,2.3007895946502686,2.113807201385498,1.977664589881897,2.027843713760376,1.8884608745574951,2.146099805831909,2.0578036308288574,2.373284101486206,2.503695249557495,2.5875532627105713,2.804093599319458,3.053683042526245
A13,3.3760955333709717,3.0803561210632324,2.817164897918701,2.513791561126709,2.2739109992980957,1.9465677738189697,1.7344272136688232,1.3855066299438477,1.146984338760376,0.8341925740242004,0.5403269529342651,0.37544071674346924,0.0,0.3661254644393921,0.523051917552948,1.72452712059021,1.3648805618286133,1.191267728805542,0.9603917002677917,0.6795046329498291,0.7599624991416931,0.5729184746742249,0.9022120237350464,0.9719504714012146,1.3398832082748413,1.5530470609664917,1.7950918674468994,2.085310697555542,2.3107080459594727,2.2043676376342773,1.4044902324676514,1.5093637704849243,1.2936170101165771,1.365752100944519,1.4497926235198975,1.4968022108078003,1.8107101917266846,1.9270905256271362,2.3103747367858887,2.45615553855896,2.7130026817321777,3.0192275047302246,3.0692126750946045,3.424833059310913,3.5982871055603027,2.082043409347534,2.202573776245117,2.075044870376587,1.9983704090118408,2.1279921531677246,1.9635276794433594,2.2425341606140137,2.1722512245178223,2.4896295070648193,2.501983880996704,2.6345815658569336,2.9084596633911133,2.8527565002441406,3.1958515644073486,3.3750619888305664,2.529167890548706,2.4451069831848145,2.0990607738494873,2.1222143173217773,1.9268163442611694,1.8520482778549194,1.9054698944091797,1.8295090198516846,2.1074841022491455,2.078711748123169,2.4231951236724854,2.5755856037139893,2.7030975818634033,2.9263768196105957,3.1463541984558105
A14,3.7137351036071777,3.4075839519500732,3.1394474506378174,2.8398170471191406,2.5815038681030273,2.268981456756592,2.026738405227661,1.6872726678848267,1.4145309925079346,1.0968079566955566,0.8277277946472168,0.5220890641212463,0.3661254644393921,0.0,0.35477083921432495,1.6621065139770508,1.2869588136672974,1.1984407901763916,1.027058720588684,0.8415894508361816,1.026188611984253,0.9216769337654114,1.2637921571731567,1.3246619701385498,1.695505142211914,1.8881397247314453,2.1204869747161865,2.4177093505859375,2.6296658515930176,2.4963326454162598,1.374038577079773,1.568839430809021,1.4346979856491089,1.5501834154129028,1.7029626369476318,1.7800047397613525,2.1176846027374268,2.2569000720977783,2.6417696475982666,2.801351308822632,3.0464582443237305,3.3610212802886963,3.400911331176758,3.761686086654663,3.927105665206909,2.140256404876709,2.3156487941741943,2.23698091506958,2.193159580230713,2.367997884750366,2.2355904579162598,2.540158748626709,2.497821569442749,2.820852041244507,2.849917411804199,2.9739596843719482,3.255357503890991,3.192842721939087,3.539215564727783,3.7114624977111816,2.8458797931671143,2.764892339706421,2.4174411296844482,2.4597349166870117,2.2512385845184326,2.191093683242798,2.2167859077453613,2.1339495182037354,2.3848876953125,2.334535837173462,2.6834232807159424,2.8007097244262695,2.934664487838745,3.1276583671569824,3.3633804321289062
A15,3.713064670562744,3.393907308578491,3.153205394744873,2.8334767818450928,2.5890634059906006,2.2809128761291504,2.032226800918579,1.7279179096221924,1.4205800294876099,1.176245927810669,0.8452461361885071,0.5923514366149902,0.523051917552948,0.35477083921432495,0.0,1.9334522485733032,1.5623387098312378,1.5052350759506226,1.2833367586135864,1.1127243041992188,1.2097328901290894,1.0543603897094727,1.338374376296997,1.3089869022369385,1.6791502237319946,1.8079770803451538,2.0209314823150635,2.32131290435791,2.5103516578674316,2.335026502609253,1.3073431253433228,1.4964921474456787,1.3579072952270508,1.5542240142822266,1.6902613639831543,1.8358237743377686,2.1543161869049072,2.332624912261963,2.720219135284424,2.9004316329956055,3.1773343086242676,3.4878931045532227,3.561659574508667,3.916001796722412,4.085270881652832,2.2945892810821533,2.478672504425049,2.3715057373046875,2.363676071166992,2.5118119716644287,2.396083116531372,2.683889865875244,2.634561061859131,2.966705799102783,2.978473663330078,3.1322381496429443,3.396486282348633,3.3437206745147705,3.67775559425354,3.871955394744873,2.858210802078247,2.8239173889160156,2.499295711517334,2.564383029937744,2.401747226715088,2.3458433151245117,2.4216763973236084,2.3486404418945312,2.6257002353668213,2.57914137840271,2.915210008621216,3.050574779510498,3.158377170562744,3.3685922622680664,3.610574722290039
B1,3.8935253620147705,3.6094448566436768,3.243215322494507,3.0987136363983154,2.744122266769409,2.574061393737793,2.297644853591919,2.022517442703247,1.8971201181411743,1.6035242080688477,1.782600998878479,1.5768728256225586,1.72452712059021,1.6621065139770508,1.9334522485733032,0.0,0.3756987750530243,0.6182923913002014,0.8484385013580322,1.186996340751648,1.4251402616500854,1.75296151638031,2.0433948040008545,2.355097532272339,2.6553213596343994,2.877345561981201,3.2070605754852295,3.3827624320983887,3.703002691268921,3.66146183013916,1.6555275917053223,1.8220720291137695,1.9053163528442383,1.7470722198486328,2.0457048416137695,1.9523075819015503,2.3097379207611084,2.406550407409668,2.6939878463745117,2.8898298740386963,2.9501707553863525,3.3088788986206055,3.2679245471954346,3.6511313915252686,3.6866605281829834,1.101808786392212,1.3190473318099976,1.5248467922210693,1.5045570135116577,1.867217779159546,1.8972615003585815,2.274644136428833,2.442373275756836,2.7445554733276367,2.9676904678344727,3.0588784217834473,3.418344497680664,3.4456493854522705,3.8174831867218018,3.8373987674713135,3.8637094497680664,3.6616177558898926,3.293346405029297,3.1583669185638428,2.840709686279297,2.635504961013794,2.44655442237854,2.1728174686431885,2.1647744178771973,1.905375361442566,2.144763469696045,2.027585506439209,2.1372768878936768,2.1394143104553223,2.4355952739715576
B2,3.807844400405884,3.513582468032837,3.1615312099456787,2.978567600250244,2.6344242095947266,2.4266769886016846,2.1447701454162598,1.839667558670044,1.6738717555999756,1.34725821018219,1.4699946641921997,1.2328200340270996,1.3648805618286133,1.2869588136672974,1.5623387098312378,0.3756987750530243,0.0,0.38169872760772705,0.5730059146881104,0.8870233297348022,1.1656357049942017,1.456020712852478,1.7763298749923706,2.0624582767486572,2.3839967250823975,2.6069865226745605,2.9264657497406006,3.1269099712371826,3.4319820404052734,3.373270273208618,1.4421796798706055,1.6345162391662598,1.681755781173706,1.5701371431350708,1.8617498874664307,1.8005205392837524,2.175374746322632,2.28670072555542,2.608208656311035,2.801924467086792,2.9071834087371826,3.2643728256225586,3.241022825241089,3.626652240753174,3.6940810680389404,1.2333705425262451,1.4550060033798218,1.5805623531341553,1.5522161722183228,1.8838695287704468,1.8705205917358398,2.2493319511413574,2.3719441890716553,2.6902236938476562,2.8747737407684326,2.9751830101013184,3.325693368911743,3.3327839374542236,3.706209421157837,3.760241746902466,3.6029717922210693,3.420328378677368,3.0494511127471924,2.9459002017974854,2.6404221057891846,2.458679437637329,2.306988477706909,2.0641961097717285,2.119326114654541,1.9019875526428223,2.1850149631500244,2.1298139095306396,2.2518327236175537,2.310431718826294,2.5961554050445557
B3,3.5769591331481934,3.301630973815918,2.9504079818725586,2.7633912563323975,2.4417355060577393,2.2085037231445312,1.9661978483200073,1.6339290142059326,1.514393925666809,1.1628862619400024,1.2971184253692627,1.1179252862930298,1.191267728805542,1.1984407901763916,1.5052350759506226,0.6182923913002014,0.38169872760772705,0.0,0.3827957808971405,0.6061806082725525,0.9009974002838135,1.1889386177062988,1.4968960285186768,1.8081884384155273,2.106265068054199,2.36271333694458,2.672633647918701,2.8749446868896484,3.177716016769409,3.1475517749786377,1.5627774000167847,1.6940792798995972,1.6528501510620117,1.5018651485443115,1.7274830341339111,1.6106232404708862,1.9685609340667725,2.0299360752105713,2.350658416748047,2.5071589946746826,2.611743688583374,2.957223415374756,2.919621467590332,3.3021740913391113,3.389813184738159,1.3330515623092651,1.466225504875183,1.5287419557571411,1.4175035953521729,1.7123255729675293,1.630982756614685,1.996004343032837,2.0787665843963623,2.3816440105438232,2.5458438396453857,2.626455783843994,2.9737069606781006,2.965944766998291,3.3395986557006836,3.397798776626587,3.2640161514282227,3.0658249855041504,2.694284200668335,2.582832098007202,2.268670082092285,2.0917768478393555,1.93107008934021,1.7006274461746216,1.7684659957885742,1.5824768543243408,1.8947981595993042,1.8788588047027588,2.0334529876708984,2.1289525032043457,2.387139081954956
B4,3.3030295372009277,3.0089645385742188,2.6696221828460693,2.4601874351501465,2.1343655586242676,1.8946257829666138,1.629588007926941,1.297965168952942,1.1442900896072388,0.7964898347854614,0.9532933235168457,0.8058784604072571,0.9603917002677917,1.027058720588684,1.2833367586135864,0.8484385013580322,0.5730059146881104,0.3827957808971405,0.0,0.3846242427825928,0.5948562622070312,0.9106667637825012,1.2103341817855835,1.5081862211227417,1.8194208145141602,2.0421013832092285,2.365222930908203,2.5578103065490723,2.867025136947632,2.821451187133789,1.2570503950119019,1.3503434658050537,1.2770414352416992,1.1353809833526611,1.3625789880752563,1.2840369939804077,1.6578654050827026,1.7658714056015015,2.1101975440979004,2.303098678588867,2.452655792236328,2.8077402114868164,2.8176984786987305,3.2031655311584473,3.2954189777374268,1.2307507991790771,1.360846757888794,1.3451241254806519,1.2690435647964478,1.5287140607833862,1.456146240234375,1.8214308023452759,1.8984110355377197,2.23396372795105,2.3871653079986572,2.5171310901641846,2.856821298599243,2.8711941242218018,3.241316795349121,3.324646472930908,3.0826416015625,2.9168412685394287,2.5544774532318115,2.442554473876953,2.165536642074585,1.9661779403686523,1.868593692779541,1.6303566694259644,1.7583177089691162,1.5740444660186768,1.8790264129638672,1.9127135276794434,2.020909070968628,2.16690993309021,2.43662691116333
B5,3.2109482288360596,2.930253744125366,2.6099913120269775,2.3708887100219727,2.0842413902282715,1.7961252927780151,1.5763651132583618,1.2077488899230957,1.0682034492492676,0.6837249994277954,0.7445228099822998,0.6484713554382324,0.6795046329498291,0.8415894508361816,1.1127243041992188,1.186996340751648,0.8870233297348022,0.6061806082725525,0.3846242427825928,0.0,0.3777068555355072,0.5866207480430603,0.9195322394371033,1.2086284160614014,1.5202938318252563,1.7796716690063477,2.0788183212280273,2.300405979156494,2.5894081592559814,2.5529909133911133,1.4178613424301147,1.4841309785842896,1.316064476966858,1.2042992115020752,1.3385220766067505,1.2466676235198975,1.5943515300750732,1.6623369455337524,2.022258996963501,2.171428918838501,2.351797342300415,2.6855034828186035,2.693253993988037,3.06970477104187,3.2008678913116455,1.5684257745742798,1.6495952606201172,1.5688722133636475,1.439253330230713,1.627242088317871,1.4720863103866577,1.7995178699493408,1.7981793880462646,2.1184096336364746,2.2147583961486816,2.32830810546875,2.650519609451294,2.6309964656829834,2.9979138374328613,3.1109619140625,2.726804494857788,2.5644822120666504,2.1988742351531982,2.1146130561828613,1.8433572053909302,1.6800330877304077,1.6155534982681274,1.4349358081817627,1.6270419359207153,1.5214687585830688,1.8624471426010132,1.9613531827926636,2.0998101234436035,2.289588212966919,2.5218923091888428
B6,2.844028949737549,2.5584802627563477,2.244980573654175,1.9967892169952393,1.7158446311950684,1.4205340147018433,1.209192156791687,0.8354187607765198,0.7311460375785828,0.3744751811027527,0.5551822185516357,0.656653106212616,0.7599624991416931,1.026188611984253,1.2097328901290894,1.4251402616500854,1.1656357049942017,0.9009974002838135,0.5948562622070312,0.3777068555355072,0.0,0.3857794404029846,0.619810938835144,0.9428533911705017,1.230503797531128,1.4665160179138184,1.7872191667556763,1.9760833978652954,2.285555601119995,2.2628252506256104,1.3726253509521484,1.3395471572875977,1.0991358757019043,0.9435989856719971,1.0013694763183594,0.8892645835876465,1.226090431213379,1.3072726726531982,1.6783818006515503,1.8499501943588257,2.061591863632202,2.3993728160858154,2.447361469268799,2.8224403858184814,2.9523210525512695,1.537546992301941,1.5614802837371826,1.3988162279129028,1.2649399042129517,1.3821371793746948,1.2127511501312256,1.516516089439392,1.5018608570098877,1.842355728149414,1.9334354400634766,2.092977285385132,2.407736301422119,2.421288251876831,2.781358003616333,2.905503273010254,2.5313282012939453,2.3877179622650146,2.03999924659729,1.9243206977844238,1.693231463432312,1.4837411642074585,1.4760510921478271,1.2754441499710083,1.5084930658340454,1.4047857522964478,1.7180765867233276,1.8637120723724365,1.9589976072311401,2.19401216506958,2.4224326610565186
B7,2.851546049118042,2.5739283561706543,2.298156261444092,2.0102250576019287,1.7823337316513062,1.4441944360733032,1.2824546098709106,0.912760317325592,0.7943241596221924,0.5072882771492004,0.4171276390552521,0.6135963797569275,0.5729184746742249,0.9216769337654114,1.0543603897094727,1.75296151638031,1.456020712852478,1.1889386177062988,0.9106667637825012,0.5866207480430603,0.3857794404029846,0.0,0.3757338523864746,0.6232441067695618,0.9445568919181824,1.2070037126541138,1.4944729804992676,1.7309225797653198,2.0076024532318115,1.9733850955963135,1.5200331211090088,1.4880452156066895,1.1887396574020386,1.123421549797058,1.0946813821792603,1.0347788333892822,1.311892032623291,1.3750485181808472,1.7523621320724487,1.8845806121826172,2.141434669494629,2.4477076530456543,2.5079870223999023,2.8645009994506836,3.033707618713379,1.907780408859253,1.931823492050171,1.7408841848373413,1.6046292781829834,1.6654653549194336,1.4543462991714478,1.69936203956604,1.6046760082244873,1.9207302331924438,1.9366354942321777,2.0888710021972656,2.369155168533325,2.3461596965789795,2.6929783821105957,2.860468626022339,2.227534770965576,2.1129801273345947,1.7685269117355347,1.7080289125442505,1.51374351978302,1.3643624782562256,1.4343984127044678,1.3257231712341309,1.625920057296753,1.60573148727417,1.9302176237106323,2.124483585357666,2.234034776687622,2.495135545730591,2.6944546699523926
B8,2.515467405319214,2.249873399734497,1.9946656227111816,1.6944345235824585,1.510542392730713,1.1526058912277222,1.065553903579712,0.7295571565628052,0.728641927242279,0.6221400499343872,0.6060044169425964,0.9195185303688049,0.9022120237350464,1.2637921571731567,1.338374376296997,2.0433948040008545,1.7763298749923706,1.4968960285186768,1.2103341817855835,0.9195322394371033,0.619810938835144,0.3757338523864746,0.0,0.3792606294155121,0.6125524044036865,0.8881022334098816,1.1861315965652466,1.39076828956604,1.6848806142807007,1.6884353160858154,1.706680178642273,1.5927542448043823,1.239745855331421,1.1436408758163452,0.9834160804748535,0.8887878060340881,1.0721293687820435,1.0990540981292725,1.4671064615249634,1.5833238363265991,1.8754445314407349,2.1637213230133057,2.257373571395874,2.5998730659484863,2.780547857284546,2.048178195953369,2.0138325691223145,1.7650396823883057,1.6101349592208862,1.5830687284469604,1.3406214714050293,1.5143269300460815,1.3665145635604858,1.6705102920532227,1.6486469507217407,1.832985281944275,2.0896761417388916,2.0867888927459717,2.419011116027832,2.6041769981384277,1.9658013582229614,1.8675004243850708,1.5495541095733643,1.4572535753250122,1.3207286596298218,1.1403751373291016,1.2900135517120361,1.202075481414795,1.539912462234497,1.5561715364456177,1.8444550037384033,2.0883679389953613,2.1708714962005615,2.469782590866089,2.644339084625244
B9,2.53977632522583,2.27184796333313,2.070068836212158,1.7334439754486084,1.6030579805374146,1.2405802011489868,1.1830962896347046,0.9206117391586304,0.8713463544845581,0.8561544418334961,0.6966626048088074,1.0233430862426758,0.9719504714012146,1.3246619701385498,1.3089869022369385,2.355097532272339,2.0624582767486572,1.8081884384155273,1.5081862211227417,1.2086284160614014,0.9428533911705017,0.6232441067695618,0.3792606294155121,0.0,0.38153770565986633,0.6078490018844604,0.8741310238838196,1.133603572845459,1.3903888463974,1.3539209365844727,1.7981127500534058,1.678627848625183,1.3021098375320435,1.3007451295852661,1.0999037027359009,1.1064002513885498,1.2293450832366943,1.2883535623550415,1.6369004249572754,1.7453765869140625,2.0783956050872803,2.334836959838867,2.4609148502349854,2.777700662612915,2.9789233207702637,2.3456223011016846,2.328537940979004,2.0626156330108643,1.941079020500183,1.8878695964813232,1.6602299213409424,1.7931244373321533,1.6145079135894775,1.895875096321106,1.8174294233322144,2.0147674083709717,2.224367141723633,2.2070231437683105,2.509373903274536,2.735245704650879,1.7973268032073975,1.7690207958221436,1.486007809638977,1.4628671407699585,1.410984754562378,1.2956010103225708,1.5226480960845947,1.4998605251312256,1.8588508367538452,1.907570481300354,2.1827216148376465,2.4445858001708984,2.515277147293091,2.8256008625030518,2.9925293922424316
B10,2.2907347679138184,2.057299852371216,1.8935836553573608,1.5568830966949463,1.5087064504623413,1.150472640991211,1.211318850517273,1.0281647443771362,1.0934488773345947,1.155035138130188,1.0633741617202759,1.4005844593048096,1.3398832082748413,1.695505142211914,1.6791502237319946,2.6553213596343994,2.3839967250823975,2.106265068054199,1.8194208145141602,1.5202938318252563,1.230503797531128,0.9445568919181824,0.6125524044036865,0.38153770565986633,0.0,0.3856649100780487,0.5977360010147095,0.8274696469306946,1.0882261991500854,1.130910873413086,2.1242356300354004,1.960430383682251,1.5700715780258179,1.533030390739441,1.253840446472168,1.2130597829818726,1.2161455154418945,1.1994601488113403,1.492050290107727,1.543206810951233,1.8969868421554565,2.1093320846557617,2.2560205459594727,2.5427255630493164,2.764127254486084,2.5806422233581543,2.5152666568756104,2.2195959091186523,2.0707082748413086,1.9510281085968018,1.6944447755813599,1.745179295539856,1.50624418258667,1.7357677221298218,1.5957638025283813,1.8000520467758179,1.9641597270965576,1.950585126876831,2.2245864868164062,2.4732909202575684,1.496979832649231,1.4895894527435303,1.2528212070465088,1.2095820903778076,1.243388295173645,1.1351205110549927,1.4351129531860352,1.4619024991989136,1.8327479362487793,1.929797887802124,2.16862154006958,2.468790054321289,2.528836727142334,2.8632097244262695,2.9946482181549072
B11,2.150416374206543,1.8963215351104736,1.7844793796539307,1.4230681657791138,1.412786602973938,1.0908360481262207,1.1622600555419922,1.0848174095153809,1.132059097290039,1.2988004684448242,1.2056061029434204,1.5550272464752197,1.5530470609664917,1.8881397247314453,1.8079770803451538,2.877345561981201,2.6069865226745605,2.36271333694458,2.0421013832092285,1.7796716690063477,1.4665160179138184,1.2070037126541138,0.8881022334098816,0.6078490018844604,0.3856649100780487,0.0,0.36332210898399353,0.5381481647491455,0.8291938900947571,0.8215649724006653,2.128056526184082,1.9232081174850464,1.5298963785171509,1.539655089378357,1.2220184803009033,1.2670680284500122,1.212180256843567,1.2687149047851562,1.5324119329452515,1.632524847984314,2.014263868331909,2.2163872718811035,2.4182543754577637,2.6867198944091797,2.8921682834625244,2.690025806427002,2.627929925918579,2.307579278945923,2.208031177520752,2.0594496726989746,1.8513232469558716,1.8761470317840576,1.6613481044769287,1.895457148551941,1.7578978538513184,2.0121726989746094,2.146775722503662,2.173583507537842,2.41548228263855,2.6728675365448,1.627689003944397,1.694678544998169,1.5224298238754272,1.486719012260437,1.5799243450164795,1.4598491191864014,1.774781584739685,1.7786028385162354,2.1371254920959473,2.2070577144622803,2.4107859134674072,2.7091803550720215,2.7254838943481445,3.0665712356567383,3.209216833114624
B12,2.2384655475616455,2.0245258808135986,1.9705662727355957,1.6179635524749756,1.678429365158081,1.3814023733139038,1.4993669986724854,1.442622184753418,1.4930707216262817,1.643452763557434,1.5129673480987549,1.843894124031067,1.7950918674468994,2.1204869747161865,2.0209314823150635,3.2070605754852295,2.9264657497406006,2.672633647918701,2.365222930908203,2.0788183212280273,1.7872191667556763,1.4944729804992676,1.1861315965652466,0.8741310238838196,0.5977360010147095,0.36332210898399353,0.0,0.3699280619621277,0.5192005634307861,0.5434730052947998,2.4497334957122803,2.255281686782837,1.8656753301620483,1.897774338722229,1.579542636871338,1.62264084815979,1.536421537399292,1.55269193649292,1.7693727016448975,1.8117499351501465,2.1938998699188232,2.345248222351074,2.548581600189209,2.7798664569854736,3.011618137359619,3.05230975151062,2.9864511489868164,2.66385817527771,2.553382158279419,2.390077590942383,2.165208101272583,2.155635356903076,1.904323935508728,2.0883584022521973,1.893620491027832,2.1211252212524414,2.200950860977173,2.1983022689819336,2.399134397506714,2.6890687942504883,1.3970733880996704,1.5356007814407349,1.4303746223449707,1.4549446105957031,1.6237680912017822,1.5719867944717407,1.922927737236023,1.9880656003952026,2.3541314601898193,2.467097520828247,2.666525363922119,2.9831314086914062,3.0100443363189697,3.358543634414673,3.477606773376465
B13,1.9201102256774902,1.7209504842758179,1.717207908630371,1.376688838005066,1.5073354244232178,1.2664673328399658,1.4507936239242554,1.4841325283050537,1.5925965309143066,1.806766152381897,1.7401937246322632,2.090886116027832,2.085310697555542,2.4177093505859375,2.32131290435791,3.3827624320983887,3.1269099712371826,2.8749446868896484,2.5578103065490723,2.300405979156494,1.9760833978652954,1.7309225797653198,1.39076828956604,1.133603572845459,0.8274696469306946,0.5381481647491455,0.3699280619621277,0.0,0.3734384775161743,0.5324586033821106,2.5946099758148193,2.353076696395874,1.968139886856079,1.9693331718444824,1.6111838817596436,1.6436634063720703,1.4738560914993286,1.4798524379730225,1.6297974586486816,1.6741161346435547,2.0620174407958984,2.186861038208008,2.4327948093414307,2.6386001110076904,2.8544957637786865,3.116945743560791,3.0179266929626465,2.6728267669677734,2.5705933570861816,2.3603098392486572,2.155369758605957,2.090928792953491,1.8425250053405762,1.9996964931488037,1.800571322441101,2.0646214485168457,2.1136837005615234,2.161269187927246,2.330716371536255,2.6132113933563232,1.503685712814331,1.651371955871582,1.5978668928146362,1.5616858005523682,1.7654916048049927,1.6709365844726562,2.0285818576812744,2.072514772415161,2.4176104068756104,2.5206100940704346,2.6714155673980713,2.995457649230957,2.9855265617370605,3.3431661128997803,3.4510343074798584
