,A1,A2,A3,A4,A5,A6,A7,A8,A9,A10,A11,A12,A13,A14,A15,B1,B2,B3,B4,B5,B6,B7,B8,B9,B10,B11,B12,B13,B14,B15,C1,C2,C3,C4,C5,C6,C7,C8,C9,C10,C11,C12,C13,C14,C15,D1,D2,D3,D4,D5,D6,D7,D8,D9,D10,D11,D12,D13,D14,D15,E1,E2,E3,E4,E5,E6,E7,E8,E9,E10,E11,E12,E13,E14,E15
A1,0.0,0.3954057991504669,0.6202792525291443,0.8987029790878296,1.192911148071289,1.4688735008239746,1.7889410257339478,2.0878639221191406,2.4025166034698486,2.718568801879883,2.952462673187256,3.2917678356170654,3.4842023849487305,3.778154134750366,3.7649569511413574,1.6444724798202515,1.8392010927200317,1.792920470237732,1.8141214847564697,2.062950611114502,2.038191080093384,2.400712490081787,2.4509315490722656,2.823906183242798,2.9603376388549805,3.113600015640259,3.4422342777252197,3.4205679893493652,3.777057647705078,3.895151138305664,3.9957165718078613,3.839843273162842,3.4650046825408936,3.4237284660339355,3.0916502475738525,2.9713239669799805,2.7604739665985107,2.5543782711029053,2.518817186355591,2.2895777225494385,2.565558433532715,2.4890522956848145,2.6416921615600586,2.6467695236206055,2.8880727291107178,3.465791702270508,3.140580892562866,2.885864734649658,2.7813684940338135,2.4289636611938477,2.4172000885009766,2.0450644493103027,2.0587069988250732,1.8160426616668701,1.8544853925704956,2.038475513458252,2.0218753814697266,2.385965585708618,2.3770930767059326,2.2405006885528564,3.1096224784851074,2.9086499214172363,2.7979393005371094,2.456852912902832,2.5233469009399414,2.21359920501709,2.3571996688842773,2.214890241622925,2.3354110717773438,2.36745548248291,2.1954963207244873,2.4115138053894043,2.189883232116699,2.4865918159484863,2.5355610847473145
A2,0.3954057991504669,0.0,0.38229385018348694,0.5914291143417358,0.887186586856842,1.1853597164154053,1.4705559015274048,1.7947031259536743,2.081367015838623,2.415332555770874,2.6435294151306152,2.9741790294647217,3.185756206512451,3.466735363006592,3.434035301208496,1.2992870807647705,1.493004560470581,1.4266331195831299,1.4885504245758057,1.7325413227081299,1.7533437013626099,2.1172635555267334,2.20085072517395,2.582305908203125,2.740461826324463,2.9264729022979736,3.262674570083618,3.2799253463745117,3.6341552734375,3.7370944023132324,3.8610239028930664,3.708087682723999,3.330479860305786,3.262150287628174,2.943828821182251,2.7877309322357178,2.5958635807037354,2.3565616607666016,2.337629556655884,2.0854926109313965,2.343965768814087,2.2787299156188965,2.391753911972046,2.4207818508148193,2.6894893646240234,3.0960657596588135,2.7815046310424805,2.522745370864868,2.444051742553711,2.091057300567627,2.1147024631500244,1.761565923690796,1.8203880786895752,1.6351507902145386,1.7279460430145264,1.9605131149291992,2.012366533279419,2.3766019344329834,2.426516532897949,2.3082191944122314,3.141099452972412,2.9379985332489014,2.778599739074707,2.4439220428466797,2.461508274078369,2.1271252632141113,2.239473819732666,2.04649019241333,2.157788038253784,2.139510154724121,1.9791337251663208,2.1752445697784424,1.9359643459320068,2.2338287830352783,2.3311243057250977
A3,0.6202792525291443,0.38229385018348694,0.0,0.38547882437705994,0.5845708847045898,0.8980929255485535,1.1900708675384521,1.4990572929382324,1.8115636110305786,2.121588945388794,2.37693452835083,2.7040352821350098,2.9129345417022705,3.194674253463745,3.1919538974761963,1.419463038444519,1.536161184310913,1.3769711256027222,1.397031307220459,1.5701600313186646,1.5408443212509155,1.8772624731063843,1.914293646812439,2.2913193702697754,2.418581485748291,2.6114470958709717,2.935074806213379,2.948988914489746,3.298022747039795,3.4186103343963623,3.4788553714752197,3.3278164863586426,2.949859380722046,2.8882007598876953,2.57257080078125,2.4278457164764404,2.2507829666137695,2.029170513153076,2.0448808670043945,1.8268736600875854,2.118248701095581,2.1061956882476807,2.2402994632720947,2.318840503692627,2.5669591426849365,2.893646240234375,2.5657341480255127,2.298793315887451,2.175645351409912,1.8193902969360352,1.7973037958145142,1.4268195629119873,1.462007761001587,1.2582707405090332,1.364709496498108,1.5921179056167603,1.6709285974502563,2.0317001342773438,2.1098310947418213,1.9916009902954102,2.9222428798675537,2.6892778873443604,2.51301646232605,2.1658217906951904,2.149937868118286,1.8018451929092407,1.8828730583190918,1.6826599836349487,1.7803324460983276,1.7734214067459106,1.6149860620498657,1.8340615034103394,1.623762845993042,1.9432777166366577,2.0230324268341064
A4,0.8987029790878296,0.5914291143417358,0.38547882437705994,0.0,0.37322601675987244,0.5994347929954529,0.9095473289489746,1.2138898372650146,1.5112041234970093,1.8402541875839233,2.0612411499023438,2.3992764949798584,2.5993480682373047,2.8873131275177,2.866556406021118,1.1712604761123657,1.2137647867202759,1.0297974348068237,1.0147342681884766,1.1947948932647705,1.179160714149475,1.5322985649108887,1.6122534275054932,1.9949076175689697,2.163681983947754,2.3617780208587646,2.702822685241699,2.7464792728424072,3.0981383323669434,3.1857385635375977,3.4203672409057617,3.2441976070404053,2.8710360527038574,2.7604854106903076,2.4461710453033447,2.2529711723327637,2.059312105178833,1.7938284873962402,1.7812528610229492,1.524030089378357,1.7848278284072876,1.7595134973526,1.8699634075164795,1.9528931379318237,2.214573383331299,2.6970651149749756,2.3983256816864014,2.096735715866089,2.003732919692993,1.6329009532928467,1.621644139289856,1.2711801528930664,1.300815463066101,1.171459674835205,1.271510124206543,1.5699152946472168,1.6848434209823608,2.0312278270721436,2.148136854171753,2.088862180709839,2.791470766067505,2.5834524631500244,2.36868953704834,2.0505974292755127,2.012937545776367,1.6658296585083008,1.7608855962753296,1.5380476713180542,1.6826823949813843,1.6571543216705322,1.5713098049163818,1.8049954175949097,1.6187139749526978,1.955008625984192,2.0835986137390137
A5,1.192911148071289,0.887186586856842,0.5845708847045898,0.37322601675987244,0.0,0.37884995341300964,0.6068422794342041,0.9309589266777039,1.2301441431045532,1.5440094470977783,1.804653525352478,2.1236796379089355,2.3450074195861816,2.617050886154175,2.615185499191284,1.3159382343292236,1.3076417446136475,1.0288938283920288,1.0264607667922974,1.0871648788452148,1.060624122619629,1.3579285144805908,1.4022151231765747,1.7804473638534546,1.919530987739563,2.155006170272827,2.4787323474884033,2.5439858436584473,2.8825535774230957,2.985992193222046,3.1055374145507812,2.946216106414795,2.572669267654419,2.4635543823242188,2.1697850227355957,1.973412036895752,1.8266181945800781,1.5673398971557617,1.6249574422836304,1.407264232635498,1.6867105960845947,1.7368329763412476,1.8335840702056885,1.9844261407852173,2.235518217086792,2.3933236598968506,2.081803560256958,1.7820979356765747,1.6556143760681152,1.2860124111175537,1.2564241886138916,0.9017417430877686,0.9661955237388611,0.8821218609809875,1.0667986869812012,1.3669419288635254,1.5554134845733643,1.8801791667938232,2.0511064529418945,1.9870368242263794,2.806042194366455,2.5678679943084717,2.323051691055298,2.0016684532165527,1.899118423461914,1.5326716899871826,1.5504074096679688,1.2784439325332642,1.373718500137329,1.3060868978500366,1.2174229621887207,1.4431934356689453,1.2703001499176025,1.6146564483642578,1.7544523477554321
A6,1.4688735008239746,1.1853597164154053,0.8980929255485535,0.5994347929954529,0.37884995341300964,0.0,0.3891746997833252,0.6231845021247864,0.9534839391708374,1.2569429874420166,1.4889172315597534,1.8295273780822754,2.0193557739257812,2.311776638031006,2.3203177452087402,1.3923009634017944,1.2738958597183228,0.9586254954338074,0.836402952671051,0.8171558380126953,0.7075518369674683,0.9950776100158691,1.0356385707855225,1.4174779653549194,1.5810563564300537,1.8077093362808228,2.1444015502929688,2.2239763736724854,2.5651285648345947,2.6447560787200928,2.949040651321411,2.755033016204834,2.391733169555664,2.2369110584259033,1.9378399848937988,1.7032713890075684,1.527555227279663,1.2359004020690918,1.2676172256469727,1.0356734991073608,1.311038613319397,1.3838810920715332,1.4894993305206299,1.6692495346069336,1.9003099203109741,2.3404786586761475,2.0621421337127686,1.7243738174438477,1.5960941314697266,1.224001407623291,1.1414508819580078,0.8149040937423706,0.7869526743888855,0.7787255644798279,0.9037642478942871,1.2586243152618408,1.463383436203003,1.755893349647522,1.9563307762145996,1.9575884342193604,2.554309606552124,2.3327155113220215,2.0562102794647217,1.766724944114685,1.6395231485366821,1.2861473560333252,1.3200582265853882,1.0482661724090576,1.2173967361450195,1.1759965419769287,1.2022920846939087,1.468590497970581,1.3744244575500488,1.728180170059204,1.8765302896499634
A7,1.7889410257339478,1.4705559015274048,1.1900708675384521,0.9095473289489746,0.6068422794342041,0.3891746997833252,0.0,0.3713511824607849,0.6238908767700195,0.9490899443626404,1.2074408531188965,1.5181230306625366,1.7520923614501953,2.013702630996704,2.0121920108795166,1.4550498723983765,1.3011009693145752,0.9317595958709717,0.876017689704895,0.7134439945220947,0.6873947381973267,0.8633099794387817,0.9255072474479675,1.285260558128357,1.4478483200073242,1.7349931001663208,2.051722288131714,2.186405897140503,2.502410888671875,2.574709177017212,2.8111846446990967,2.638324499130249,2.2847964763641357,2.1086347103118896,1.855001449584961,1.5876137018203735,1.4856313467025757,1.18015718460083,1.2881520986557007,1.0884798765182495,1.3145520687103271,1.4498379230499268,1.485317349433899,1.7248587608337402,1.961753010749817,1.9613564014434814,1.6929987668991089,1.3463008403778076,1.225724458694458,0.8571029901504517,0.806480348110199,0.559599757194519,0.6508951187133789,0.8227068185806274,1.0414927005767822,1.3753610849380493,1.6501394510269165,1.8993582725524902,2.1504900455474854,2.1528918743133545,2.769624710083008,2.5425124168395996,2.234722375869751,1.970310091972351,1.7794532775878906,1.4351165294647217,1.3783283233642578,1.0470037460327148,1.1416378021240234,0.9925630688667297,1.0562639236450195,1.2629201412200928,1.1831459999084473,1.5105488300323486,1.709970235824585
A8,2.0878639221191406,1.7947031259536743,1.4990572929382324,1.2138898372650146,0.9309589266777039,0.6231845021247864,0.3713511824607849,0.0,0.38236692547798157,0.6349553465843201,0.8946112394332886,1.2212679386138916,1.4208952188491821,1.7019436359405518,1.7378979921340942,1.734177589416504,1.5164660215377808,1.1510900259017944,1.007082223892212,0.7328165173530579,0.5865626931190491,0.5965713858604431,0.5825585126876831,0.9232631921768188,1.0836758613586426,1.3823152780532837,1.6951133012771606,1.8523240089416504,2.159050941467285,2.2186028957366943,2.5795555114746094,2.379645347595215,2.0430736541748047,1.8246177434921265,1.581138253211975,1.2775212526321411,1.1784448623657227,0.8553696274757385,0.9919905066490173,0.8449301719665527,1.0560001134872437,1.2680866718292236,1.3112913370132446,1.6028156280517578,1.7905882596969604,1.959237813949585,1.7279912233352661,1.3672139644622803,1.2193666696548462,0.8990961313247681,0.7449852824211121,0.6044683456420898,0.5519469976425171,0.8239044547080994,0.9786828756332397,1.305672287940979,1.5961596965789795,1.7883986234664917,2.0704405307769775,2.1240363121032715,2.5876193046569824,2.366278648376465,2.0322458744049072,1.8078328371047974,1.573765516281128,1.2644450664520264,1.1792223453521729,0.8562962412834167,0.9910241365432739,0.870185375213623,1.065765619277954,1.295380711555481,1.3160240650177002,1.6284998655319214,1.8095966577529907
A9,2.4025166034698486,2.081367015838623,1.8115636110305786,1.5112041234970093,1.2301441431045532,0.9534839391708374,0.6238908767700195,0.38236692547798157,0.0,0.3789461553096771,0.5997158288955688,0.8958408236503601,1.1468582153320312,1.3933550119400024,1.392792820930481,1.8064216375350952,1.5528297424316406,1.1918443441390991,1.0942668914794922,0.7420716285705566,0.722272515296936,0.5807821750640869,0.6625417470932007,0.8982051014900208,1.0898784399032593,1.4248168468475342,1.7096079587936401,1.9316869974136353,2.2017338275909424,2.2251949310302734,2.631200075149536,2.4444518089294434,2.1365411281585693,1.8828963041305542,1.7004966735839844,1.3624347448349,1.330164909362793,1.0109937191009521,1.1602728366851807,1.030147910118103,1.122666597366333,1.3507468700408936,1.2992862462997437,1.622991681098938,1.8155107498168945,1.6709837913513184,1.4946619272232056,1.1219139099121094,1.036906123161316,0.7839843034744263,0.7130798697471619,0.7728745341300964,0.8218703269958496,1.1581860780715942,1.3313267230987549,1.6324553489685059,1.9404338598251343,2.0996434688568115,2.401254892349243,2.4647092819213867,2.8383853435516357,2.63716459274292,2.284606695175171,2.1014647483825684,1.8430696725845337,1.5701773166656494,1.4530507326126099,1.1363446712493896,1.2164981365203857,1.020535945892334,1.2467353343963623,1.3916288614273071,1.4243122339248657,1.6803277730941772,1.9091473817825317
A10,2.718568801879883,2.415332555770874,2.121588945388794,1.8402541875839233,1.5440094470977783,1.2569429874420166,0.9490899443626404,0.6349553465843201,0.3789461553096771,0.0,0.3817002475261688,0.6166937351226807,0.8527031540870667,1.0920453071594238,1.168532371520996,2.181711196899414,1.9156010150909424,1.5625747442245483,1.4402216672897339,1.07389497756958,0.9881063103675842,0.7153366804122925,0.6559387445449829,0.7278481721878052,0.8417451977729797,1.2028554677963257,1.4350836277008057,1.692832350730896,1.9248830080032349,1.9486883878707886,2.3589208126068115,2.1670656204223633,1.8896187543869019,1.6051117181777954,1.4731379747390747,1.1203595399856567,1.1609851121902466,0.8982032537460327,1.1136953830718994,1.098721981048584,1.1605442762374878,1.4594804048538208,1.4182640314102173,1.7732378244400024,1.903369665145874,1.6766304969787598,1.5365617275238037,1.196332573890686,1.0637563467025757,0.918373167514801,0.7569253444671631,0.9249682426452637,0.9039947986602783,1.2680226564407349,1.4107204675674438,1.657605767250061,1.9777287244796753,2.0730080604553223,2.4001529216766357,2.489250421524048,2.814207077026367,2.607797145843506,2.244323492050171,2.098336696624756,1.7973921298980713,1.5736310482025146,1.3996707201004028,1.1173582077026367,1.1634025573730469,0.9807987213134766,1.2848199605941772,1.4128700494766235,1.5325275659561157,1.7526942491531372,1.9534872770309448
A11,2.952462673187256,2.6435294151306152,2.37693452835083,2.0612411499023438,1.804653525352478,1.4889172315597534,1.2074408531188965,0.8946112394332886,0.5997158288955688,0.3817002475261688,0.0,0.3761445879936218,0.5530871152877808,0.8296536207199097,0.8623276948928833,2.259477138519287,1.9470465183258057,1.6322028636932373,1.4800156354904175,1.1011104583740234,1.039742350578308,0.6885647773742676,0.724055826663971,0.6715237498283386,0.8768445253372192,1.185714602470398,1.412557601928711,1.7109178304672241,1.9195510149002075,1.8717591762542725,2.572484254837036,2.35564923286438,2.114682674407959,1.788718819618225,1.678598403930664,1.305416226387024,1.3123209476470947,1.0408399105072021,1.1619139909744263,1.129697561264038,1.0621583461761475,1.346767544746399,1.2388883829116821,1.601773977279663,1.707895040512085,1.7757169008255005,1.7138985395431519,1.3767199516296387,1.329679250717163,1.220434546470642,1.1216202974319458,1.2885545492172241,1.2540806531906128,1.598494052886963,1.692177176475525,1.9536690711975098,2.2466418743133545,2.326810598373413,2.644514322280884,2.770009756088257,2.8453783988952637,2.6852962970733643,2.311138153076172,2.2210934162139893,1.9336580038070679,1.7584728002548218,1.6338080167770386,1.39944589138031,1.4987380504608154,1.3522822856903076,1.665157675743103,1.7902789115905762,1.9021252393722534,2.111732244491577,2.326096296310425
A12,3.2917678356170654,2.9741790294647217,2.7040352821350098,2.3992764949798584,2.1236796379089355,1.8295273780822754,1.5181230306625366,1.2212679386138916,0.8958408236503601,0.6166937351226807,0.3761445879936218,0.0,0.3698956370353699,0.5019239187240601,0.5631718635559082,2.5458736419677734,2.2374796867370605,1.9291939735412598,1.8151828050613403,1.4354820251464844,1.4106872081756592,1.062760829925537,1.074576735496521,0.9426068067550659,1.0574278831481934,1.3545525074005127,1.4971593618392944,1.8304747343063354,1.9768377542495728,1.9172577857971191,2.5398004055023193,2.35048770904541,2.1520233154296875,1.8196063041687012,1.7858959436416626,1.432193398475647,1.521501898765564,1.3133183717727661,1.470233678817749,1.4847458600997925,1.3959274291992188,1.6825307607650757,1.5479986667633057,1.9059677124023438,1.9910606145858765,1.6441929340362549,1.64842689037323,1.3633310794830322,1.3396284580230713,1.3356796503067017,1.2622615098953247,1.5131126642227173,1.5123347043991089,1.8758893013000488,1.990898847579956,2.2173497676849365,2.525947093963623,2.5745983123779297,2.907641887664795,3.0304481983184814,3.1224987506866455,2.961886405944824,2.586878538131714,2.517298936843872,2.2088308334350586,2.056739330291748,1.8899140357971191,1.663772702217102,1.7036471366882324,1.5255545377731323,1.8395978212356567,1.905073642730713,2.0433526039123535,2.1985011100769043,2.419492244720459
A13,3.4842023849487305,3.185756206512451,2.9129345417022705,2.5993480682373047,2.3450074195861816,2.0193557739257812,1.7520923614501953,1.4208952188491821,1.1468582153320312,0.8527031540870667,0.5530871152877808,0.3698956370353699,0.0,0.36214679479599,0.5460748076438904,2.7725250720977783,2.4401345252990723,2.1503922939300537,1.982211947441101,1.6110543012619019,1.5296471118927002,1.1466878652572632,1.1188490390777588,0.8710328936576843,0.9706336855888367,1.1863863468170166,1.2898160219192505,1.6404322385787964,1.754582405090332,1.6433840990066528,2.539613962173462,2.3125193119049072,2.150759696960449,1.7870934009552002,1.7656432390213013,1.4146482944488525,1.4783300161361694,1.3072779178619385,1.4138389825820923,1.476574420928955,1.3302562236785889,1.6262060403823853,1.505257248878479,1.8571985960006714,1.8754076957702637,1.994743824005127,2.0134429931640625,1.7329819202423096,1.6939412355422974,1.6752649545669556,1.5579042434692383,1.7727878093719482,1.7042734622955322,2.041910409927368,2.0948498249053955,2.3075613975524902,2.5861334800720215,2.5988850593566895,2.9232823848724365,3.086503028869629,2.9714341163635254,2.840934991836548,2.4663288593292236,2.4515953063964844,2.1479082107543945,2.056264877319336,1.915921926498413,1.7520445585250854,1.8368284702301025,1.7251174449920654,2.070622444152832,2.1727445125579834,2.3379650115966797,2.5083422660827637,2.7022247314453125
A14,3.778154134750366,3.466735363006592,3.194674253463745,2.8873131275177,2.617050886154175,2.311776638031006,2.013702630996704,1.7019436359405518,1.3933550119400024,1.0920453071594238,0.8296536207199097,0.5019239187240601,0.36214679479599,0.0,0.36547333002090454,3.00311541557312,2.677544355392456,2.3916983604431152,2.2626266479492188,1.8884562253952026,1.8491623401641846,1.4768352508544922,1.4616395235061646,1.223468542098999,1.2770971059799194,1.489101529121399,1.5295188426971436,1.8891326189041138,1.9499529600143433,1.8368231058120728,2.6009790897369385,2.4102251529693604,2.284856081008911,1.9317095279693604,1.9716025590896606,1.6473047733306885,1.7700164318084717,1.6305253505706787,1.76558518409729,1.8345551490783691,1.6887904405593872,1.9737216234207153,1.8264864683151245,2.1695523262023926,2.191784143447876,1.9004204273223877,1.9791855812072754,1.7512167692184448,1.741799235343933,1.7978224754333496,1.7155042886734009,1.9854294061660767,1.958009958267212,2.312601327896118,2.39544415473938,2.589803695678711,2.8844223022460938,2.884345769882202,3.219210386276245,3.370915412902832,3.3048410415649414,3.1715402603149414,2.7995152473449707,2.7885944843292236,2.4735193252563477,2.3835506439208984,2.212622880935669,2.0392820835113525,2.075106382369995,1.9274638891220093,2.2592756748199463,2.308938503265381,2.4815561771392822,2.60589337348938,2.810269355773926
A15,3.7649569511413574,3.434035301208496,3.1919538974761963,2.866556406021118,2.615185499191284,2.3203177452087402,2.0121920108795166,1.7378979921340942,1.392792820930481,1.168532371520996,0.8623276948928833,0.5631718635559082,0.5460748076438904,0.36547333002090454,0.0,2.8398232460021973,2.508108139038086,2.251943826675415,2.1530466079711914,1.7921314239501953,1.8211138248443604,1.4753499031066895,1.5510118007659912,1.3710353374481201,1.5062118768692017,1.7308893203735352,1.8233126401901245,2.1785645484924316,2.2674553394317627,2.1356911659240723,2.9320154190063477,2.747915267944336,2.6004254817962646,2.2527856826782227,2.263331651687622,1.919883131980896,2.00618839263916,1.8114584684371948,1.910122275352478,1.9097501039505005,1.7301149368286133,1.964690923690796,1.7573899030685425,2.0801916122436523,2.1400740146636963,1.7810255289077759,1.9028862714767456,1.671769142150879,1.7422170639038086,1.7939507961273193,1.7842196226119995,2.052111864089966,2.070838689804077,2.432995557785034,2.536867380142212,2.7687811851501465,3.0662431716918945,3.1029345989227295,3.4314169883728027,3.5730767250061035,3.4843013286590576,3.3677868843078613,2.9918882846832275,2.9704360961914062,2.674734592437744,2.558194637298584,2.4156646728515625,2.2120068073272705,2.262542724609375,2.0836737155914307,2.390268087387085,2.427018165588379,2.552785873413086,2.6759233474731445,2.917682409286499
B1,1.6444724798202515,1.2992870807647705,1.419463038444519,1.1712604761123657,1.3159382343292236,1.3923009634017944,1.4550498723983765,1.734177589416504,1.8064216375350952,2.181711196899414,2.259477138519287,2.5458736419677734,2.7725250720977783,3.00311541557312,2.8398232460021973,0.0,0.3930904269218445,0.62989342212677,0.9072250127792358,1.2116001844406128,1.4889106750488281,1.8147879838943481,2.097306966781616,2.4400858879089355,2.7260310649871826,2.9545814990997314,3.3131420612335205,3.4513051509857178,3.7843503952026367,3.7789418697357178,4.265254974365234,4.089450359344482,3.735200881958008,3.549741506576538,3.2812349796295166,2.99743390083313,2.82525634765625,2.4787180423736572,2.4136862754821777,2.0668387413024902,2.1323366165161133,1.9938371181488037,1.901250958442688,1.8929550647735596,2.250802755355835,2.578381061553955,2.3978710174560547,2.1193411350250244,2.240267276763916,1.9343762397766113,2.118502140045166,1.9329264163970947,2.0906856060028076,2.1414833068847656,2.285888910293579,2.63262677192688,2.791818857192993,3.1128742694854736,3.2612974643707275,3.2394514083862305,3.5846285820007324,3.4626123905181885,3.2081081867218018,2.96882700920105,2.9166979789733887,2.601853132247925,2.6953275203704834,2.4262027740478516,2.569457769393921,2.4270660877227783,2.392643451690674,2.515547275543213,2.2767016887664795,2.5288209915161133,2.7854292392730713
B2,1.8392010927200317,1.493004560470581,1.536161184310913,1.2137647867202759,1.3076417446136475,1.2738958597183228,1.3011009693145752,1.5164660215377808,1.5528297424316406,1.9156010150909424,1.9470465183258057,2.2374796867370605,2.4401345252990723,2.677544355392456,2.508108139038086,0.3930904269218445,0.0,0.38003745675086975,0.5997602939605713,0.8947985768318176,1.1957108974456787,1.4969391822814941,1.8100992441177368,2.1304869651794434,2.439953565597534,2.6589362621307373,3.0179800987243652,3.1732358932495117,3.4985809326171875,3.467912197113037,4.0905890464782715,3.893850564956665,3.5524282455444336,3.3353779315948486,3.0738155841827393,2.7661798000335693,2.585892915725708,2.225698947906494,2.1385977268218994,1.7837713956832886,1.8026025295257568,1.6583929061889648,1.532218098640442,1.5344452857971191,1.8967658281326294,2.4563255310058594,2.305410385131836,1.9923616647720337,2.118185520172119,1.8135573863983154,1.975508689880371,1.8201273679733276,1.945970058441162,2.0402681827545166,2.161022424697876,2.5264594554901123,2.697523832321167,2.9944732189178467,3.1636619567871094,3.181645393371582,3.370779037475586,3.2658982276916504,2.9895565509796143,2.7821857929229736,2.713353157043457,2.419171094894409,2.516796588897705,2.2540102005004883,2.426212787628174,2.2905657291412354,2.3171305656433105,2.4600584506988525,2.2667200565338135,2.533256769180298,2.797583818435669
B3,1.792920470237732,1.4266331195831299,1.3769711256027222,1.0297974348068237,1.0288938283920288,0.9586254954338074,0.9317595958709717,1.1510900259017944,1.1918443441390991,1.5625747442245483,1.6322028636932373,1.9291939735412598,2.1503922939300537,2.3916983604431152,2.251943826675415,0.62989342212677,0.38003745675086975,0.0,0.3877590000629425,0.5951854586601257,0.9090203642845154,1.202331781387329,1.4947277307510376,1.8272446393966675,2.116389274597168,2.359510898590088,2.7109193801879883,2.8719141483306885,3.1935198307037354,3.183114528656006,3.718381643295288,3.529627799987793,3.1878106594085693,2.9750797748565674,2.721558094024658,2.415776014328003,2.2580788135528564,1.9014934301376343,1.856871247291565,1.5230040550231934,1.5794308185577393,1.506344199180603,1.401839017868042,1.4898309707641602,1.835532784461975,2.186838388442993,2.010451078414917,1.679097294807434,1.7702054977416992,1.4522764682769775,1.5978093147277832,1.4466400146484375,1.580041766166687,1.7007914781570435,1.8467165231704712,2.2100093364715576,2.4113929271698,2.696709156036377,2.891679286956787,2.9070844650268555,3.1995198726654053,3.0625250339508057,2.7695064544677734,2.5491437911987305,2.443728446960449,2.1353328227996826,2.1949462890625,1.9122368097305298,2.0653486251831055,1.9160561561584473,1.9524286985397339,2.096318483352661,1.921740174293518,2.1960084438323975,2.4584505558013916
B4,1.8141214847564697,1.4885504245758057,1.397031307220459,1.0147342681884766,1.0264607667922974,0.836402952671051,0.876017689704895,1.007082223892212,1.0942668914794922,1.4402216672897339,1.4800156354904175,1.8151828050613403,1.982211947441101,2.2626266479492188,2.1530466079711914,0.9072250127792358,0.5997602939605713,0.3877590000629425,0.0,0.38076433539390564,0.6023054122924805,0.9341954588890076,1.2290056943893433,1.558568000793457,1.865067720413208,2.0686662197113037,2.432053565979004,2.5765726566314697,2.9057204723358154,2.881338357925415,3.5748207569122314,3.352713108062744,3.0179085731506348,2.786578416824341,2.5147430896759033,2.203225612640381,2.0009500980377197,1.6391174793243408,1.5388667583465576,1.1852145195007324,1.2282754182815552,1.1292203664779663,1.0596351623535156,1.1458909511566162,1.478540062904358,2.367605686187744,2.1952078342437744,1.83528733253479,1.8775787353515625,1.5451593399047852,1.6057299375534058,1.4318636655807495,1.4718759059906006,1.5790873765945435,1.6541266441345215,2.029951572418213,2.205573558807373,2.474809408187866,2.6625611782073975,2.719235897064209,2.8385729789733887,2.7207067012786865,2.42499041557312,2.228945255279541,2.1376161575317383,1.8558552265167236,1.9578900337219238,1.7138954401016235,1.9280792474746704,1.837702751159668,1.9293756484985352,2.1302332878112793,2.0094757080078125,2.3158652782440186,2.547044277191162
B5,2.062950611114502,1.7325413227081299,1.5701600313186646,1.1947948932647705,1.0871648788452148,0.8171558380126953,0.7134439945220947,0.7328165173530579,0.7420716285705566,1.07389497756958,1.1011104583740234,1.4354820251464844,1.6110543012619019,1.8884562253952026,1.7921314239501953,1.2116001844406128,0.8947985768318176,0.5951854586601257,0.38076433539390564,0.0,0.38290736079216003,0.6109813451766968,0.9314597249031067,1.2420090436935425,1.5510002374649048,1.7856026887893677,2.1356656551361084,2.31363582611084,2.6258223056793213,2.5985336303710938,3.2850704193115234,3.06480073928833,2.7429471015930176,2.4909989833831787,2.2454781532287598,1.9130606651306152,1.7458866834640503,1.377195119857788,1.3215047121047974,1.001861572265625,1.0248383283615112,1.029701828956604,0.9293606877326965,1.1320472955703735,1.4288523197174072,2.108445644378662,1.9520584344863892,1.5771936178207397,1.6065620183944702,1.2956265211105347,1.3338125944137573,1.224800944328308,1.2598222494125366,1.4458304643630981,1.5407776832580566,1.9106255769729614,2.130084276199341,2.3619771003723145,2.591226577758789,2.6641108989715576,2.7936816215515137,2.6588616371154785,2.3327858448028564,2.153649091720581,2.0049283504486084,1.7307177782058716,1.7773503065109253,1.513166904449463,1.7099852561950684,1.5945264101028442,1.7394474744796753,1.9287306070327759,1.855496883392334,2.1501731872558594,2.389120101928711
B6,2.038191080093384,1.7533437013626099,1.5408443212509155,1.179160714149475,1.060624122619629,0.7075518369674683,0.6873947381973267,0.5865626931190491,0.722272515296936,0.9881063103675842,1.039742350578308,1.4106872081756592,1.5296471118927002,1.8491623401641846,1.8211138248443604,1.4889106750488281,1.1957108974456787,0.9090203642845154,0.6023054122924805,0.38290736079216003,0.0,0.39081478118896484,0.6324798464775085,0.9727921485900879,1.2698101997375488,1.4689502716064453,1.8319859504699707,1.9777077436447144,2.3047351837158203,2.2901804447174072,3.0438432693481445,2.7974061965942383,2.476675033569336,2.2228105068206787,1.9516685009002686,1.6285542249679565,1.4151506423950195,1.0479573011398315,0.9553661942481995,0.6265536546707153,0.7197897434234619,0.7812516093254089,0.8059478998184204,1.0453839302062988,1.2754086256027222,2.308582067489624,2.1308071613311768,1.7514772415161133,1.7020618915557861,1.3819113969802856,1.3110421895980835,1.1583987474441528,1.0773913860321045,1.2304564714431763,1.2515027523040771,1.6210464239120483,1.8192470073699951,2.0321922302246094,2.258291006088257,2.361706018447876,2.4240102767944336,2.281299114227295,1.9516925811767578,1.7774196863174438,1.627656102180481,1.3677763938903809,1.44261634349823,1.2183878421783447,1.4727494716644287,1.4328041076660156,1.6193268299102783,1.8670941591262817,1.8473049402236938,2.1689159870147705,2.3600013256073
B7,2.400712490081787,2.1172635555267334,1.8772624731063843,1.5322985649108887,1.3579285144805908,0.9950776100158691,0.8633099794387817,0.5965713858604431,0.5807821750640869,0.7153366804122925,0.6885647773742676,1.062760829925537,1.1466878652572632,1.4768352508544922,1.4753499031066895,1.8147879838943481,1.4969391822814941,1.202331781387329,0.9341954588890076,0.6109813451766968,0.39081478118896484,0.0,0.37570899724960327,0.634425163269043,0.964894711971283,1.1859698295593262,1.5322990417480469,1.7275274991989136,2.0277504920959473,1.9901292324066162,2.833699941635132,2.5779809951782227,2.28487229347229,1.9922049045562744,1.759437918663025,1.4039779901504517,1.2274609804153442,0.8598027229309082,0.803789496421814,0.5732393264770508,0.561811089515686,0.7746496200561523,0.7535000443458557,1.0874967575073242,1.2468239068984985,2.192748785018921,2.0536396503448486,1.675948977470398,1.617118239402771,1.3539952039718628,1.2447441816329956,1.1938444375991821,1.0857096910476685,1.3186497688293457,1.3354007005691528,1.6715284585952759,1.8993085622787476,2.051170587539673,2.313743829727173,2.447202205657959,2.421748399734497,2.2812864780426025,1.9235572814941406,1.7984336614608765,1.5908750295639038,1.3779816627502441,1.3939486742019653,1.1805338859558105,1.418641448020935,1.3690351247787476,1.6301698684692383,1.85917067527771,1.9023752212524414,2.197700262069702,2.389324903488159
B8,2.4509315490722656,2.20085072517395,1.914293646812439,1.6122534275054932,1.4022151231765747,1.0356385707855225,0.9255072474479675,0.5825585126876831,0.6625417470932007,0.6559387445449829,0.724055826663971,1.074576735496521,1.1188490390777588,1.4616395235061646,1.5510118007659912,2.097306966781616,1.8100992441177368,1.4947277307510376,1.2290056943893433,0.9314597249031067,0.6324798464775085,0.37570899724960327,0.0,0.3841167986392975,0.6377315521240234,0.8703203797340393,1.2175761461257935,1.3904343843460083,1.7005198001861572,1.7052379846572876,2.491704225540161,2.222684383392334,1.9295762777328491,1.638609766960144,1.391798973083496,1.0420770645141602,0.8521496653556824,0.48558059334754944,0.5093541741371155,0.44812196493148804,0.5833735466003418,0.9069220423698425,0.9998656511306763,1.330138921737671,1.4127748012542725,2.2937958240509033,2.128166437149048,1.766311764717102,1.6272073984146118,1.378998041152954,1.1691219806671143,1.1082371473312378,0.8996798396110535,1.1220157146453857,1.0933641195297241,1.3902097940444946,1.6241847276687622,1.7338550090789795,2.0153255462646484,2.1654341220855713,2.2048988342285156,2.0276286602020264,1.6630247831344604,1.5337485074996948,1.2809938192367554,1.0820684432983398,1.0551890134811401,0.8714326024055481,1.1287596225738525,1.1442830562591553,1.4487016201019287,1.7103646993637085,1.8142755031585693,2.1136581897735596,2.2569053173065186
B9,2.823906183242798,2.582305908203125,2.2913193702697754,1.9949076175689697,1.7804473638534546,1.4174779653549194,1.285260558128357,0.9232631921768188,0.8982051014900208,0.7278481721878052,0.6715237498283386,0.9426068067550659,0.8710328936576843,1.223468542098999,1.3710353374481201,2.4400858879089355,2.1304869651794434,1.8272446393966675,1.558568000793457,1.2420090436935425,0.9727921485900879,0.634425163269043,0.3841167986392975,0.0,0.3736797273159027,0.5827893018722534,0.9049081802368164,1.1374107599258423,1.4098552465438843,1.3737964630126953,2.366691827774048,2.074676752090454,1.8297367095947266,1.4918090105056763,1.2969329357147217,0.9302892684936523,0.779620349407196,0.5131762623786926,0.54423987865448,0.6634280681610107,0.6485766768455505,1.0196051597595215,1.0907598733901978,1.436245083808899,1.437943696975708,2.386042833328247,2.2640132904052734,1.919995665550232,1.7797335386276245,1.5963090658187866,1.367322564125061,1.3855080604553223,1.1657503843307495,1.4030814170837402,1.3450645208358765,1.5813860893249512,1.8053929805755615,1.8427181243896484,2.1359989643096924,2.324329376220703,2.185291051864624,2.0294511318206787,1.6532448530197144,1.6013423204421997,1.3184382915496826,1.2161285877227783,1.1582175493240356,1.0504138469696045,1.2795653343200684,1.3147189617156982,1.664911150932312,1.9044346809387207,2.0598790645599365,2.329620361328125,2.460965871810913
B10,2.9603376388549805,2.740461826324463,2.418581485748291,2.163681983947754,1.919530987739563,1.5810563564300537,1.4478483200073242,1.0836758613586426,1.0898784399032593,0.8417451977729797,0.8768445253372192,1.0574278831481934,0.9706336855888367,1.2770971059799194,1.5062118768692017,2.7260310649871826,2.439953565597534,2.116389274597168,1.865067720413208,1.5510002374649048,1.2698101997375488,0.964894711971283,0.6377315521240234,0.3736797273159027,0.0,0.37401530146598816,0.6224589347839355,0.8580271601676941,1.1155619621276855,1.1499186754226685,2.0063843727111816,1.7052918672561646,1.4737275838851929,1.1261229515075684,0.950548529624939,0.5890385508537292,0.5158345699310303,0.43257805705070496,0.634098470211029,0.8976195454597473,0.9683253169059753,1.3419090509414673,1.4527032375335693,1.7874811887741089,1.760038137435913,2.464240074157715,2.32596492767334,2.0119690895080566,1.8115615844726562,1.6648324728012085,1.374070405960083,1.411216139793396,1.1500145196914673,1.370267629623413,1.297684907913208,1.4520143270492554,1.6835300922393799,1.6567282676696777,1.9717038869857788,2.1652040481567383,2.1467437744140625,1.9500701427459717,1.5832104682922363,1.5339443683624268,1.201934576034546,1.1396872997283936,0.9931607246398926,0.9399224519729614,1.117021083831787,1.2005388736724854,1.5728141069412231,1.810468077659607,2.0230321884155273,2.2734732627868652,2.3593952655792236
B11,3.113600015640259,2.9264729022979736,2.6114470958709717,2.3617780208587646,2.155006170272827,1.8077093362808228,1.7349931001663208,1.3823152780532837,1.4248168468475342,1.2028554677963257,1.185714602470398,1.3545525074005127,1.1863863468170166,1.489101529121399,1.7308893203735352,2.9545814990997314,2.6589362621307373,2.359510898590088,2.0686662197113037,1.7856026887893677,1.4689502716064453,1.1859698295593262,0.8703203797340393,0.5827893018722534,0.37401530146598816,0.0,0.3755189776420593,0.5584917664527893,0.8441285490989685,0.844067394733429,2.0655839443206787,1.7202564477920532,1.5318524837493896,1.1845945119857788,1.0016852617263794,0.7277244925498962,0.5507846474647522,0.6013284921646118,0.6345449090003967,0.9673728346824646,1.0004295110702515,1.3491863012313843,1.5103063583374023,1.8081549406051636,1.7074791193008423,2.830185890197754,2.6992087364196777,2.3834986686706543,2.184828519821167,2.0298256874084473,1.7329156398773193,1.7342699766159058,1.4356741905212402,1.5899449586868286,1.434823751449585,1.5539641380310059,1.7145649194717407,1.6394379138946533,1.9201472997665405,2.1660330295562744,1.867013692855835,1.7009791135787964,1.3388845920562744,1.3717063665390015,1.0620423555374146,1.1181272268295288,1.048229455947876,1.1184920072555542,1.3438827991485596,1.5009267330169678,1.8629456758499146,2.1261212825775146,2.345644950866699,2.6060855388641357,2.665372848510742
B12,3.4422342777252197,3.262674570083618,2.935074806213379,2.702822685241699,2.4787323474884033,2.1444015502929688,2.051722288131714,1.6951133012771606,1.7096079587936401,1.4350836277008057,1.412557601928711,1.4971593618392944,1.2898160219192505,1.5295188426971436,1.8233126401901245,3.3131420612335205,3.0179800987243652,2.7109193801879883,2.432053565979004,2.1356656551361084,1.8319859504699707,1.5322990417480469,1.2175761461257935,0.9049081802368164,0.6224589347839355,0.3755189776420593,0.0,0.3613780438899994,0.5132983326911926,0.5448970794677734,1.8610210418701172,1.5024418830871582,1.38860285282135,1.029077410697937,0.9471500515937805,0.7660515308380127,0.735603928565979,0.9127934575080872,1.0000909566879272,1.342121958732605,1.3623435497283936,1.7051706314086914,1.8515372276306152,2.1479034423828125,2.020092010498047,2.9737398624420166,2.8595752716064453,2.5727968215942383,2.3564348220825195,2.248826265335083,1.9367289543151855,1.979254126548767,1.6859201192855835,1.841125249862671,1.6923108100891113,1.7446638345718384,1.8981508016586304,1.756803274154663,2.0389342308044434,2.293128252029419,1.9874815940856934,1.820345163345337,1.4900752305984497,1.5666190385818481,1.2510905265808105,1.3654910326004028,1.2435868978500366,1.3519991636276245,1.5102876424789429,1.6731406450271606,2.039278984069824,2.2749361991882324,2.5332491397857666,2.762423276901245,2.7966387271881104
B13,3.4205679893493652,3.2799253463745117,2.948988914489746,2.7464792728424072,2.5439858436584473,2.2239763736724854,2.186405897140503,1.8523240089416504,1.9316869974136353,1.692832350730896,1.7109178304672241,1.8304747343063354,1.6404322385787964,1.8891326189041138,2.1785645484924316,3.4513051509857178,3.1732358932495117,2.8719141483306885,2.5765726566314697,2.31363582611084,1.9777077436447144,1.7275274991989136,1.3904343843460083,1.1374107599258423,0.8580271601676941,0.5584917664527893,0.3613780438899994,0.0,0.3656693696975708,0.5410464406013489,1.8247733116149902,1.4402960538864136,1.3352160453796387,1.0360426902770996,0.9056893587112427,0.8450517058372498,0.7446392178535461,1.0078802108764648,1.0581716299057007,1.4261929988861084,1.4976446628570557,1.8134105205535889,2.0167441368103027,2.281299352645874,2.132502317428589,3.260288953781128,3.1171939373016357,2.8285701274871826,2.5869925022125244,2.4546256065368652,2.1197052001953125,2.1088201999664307,1.7778074741363525,1.8612436056137085,1.6540651321411133,1.6522799730300903,1.7429739236831665,1.555957555770874,1.8036384582519531,2.086301326751709,1.7175853252410889,1.5333553552627563,1.235504388809204,1.3422871828079224,1.0494084358215332,1.2453672885894775,1.1597094535827637,1.361390233039856,1.5394656658172607,1.7726514339447021,2.113205671310425,2.3792026042938232,2.6413426399230957,2.8845767974853516,2.879434823989868
