,A1,A2,A3,A4,A5,A6,A7,A8,A9,A10,A11,A12,A13,A14,A15,B1,B2,B3,B4,B5,B6,B7,B8,B9,B10,B11,B12,B13,B14,B15,C1,C2,C3,C4,C5,C6,C7,C8,C9,C10,C11,C12,C13,C14,C15,D1,D2,D3,D4,D5,D6,D7,D8,D9,D10,D11,D12,D13,D14,D15,E1,E2,E3,E4,E5,E6,E7,E8,E9,E10,E11,E12,E13,E14,E15
A1,0.0,0.3822428286075592,0.6042683720588684,0.8519744873046875,1.1662565469741821,1.4423494338989258,1.787453293800354,2.0859663486480713,2.4340121746063232,2.7510836124420166,2.9654018878936768,3.328439950942993,3.453505516052246,3.7958829402923584,3.8166093826293945,3.1524851322174072,2.80795955657959,2.59053373336792,2.4878957271575928,2.1506457328796387,2.166593313217163,1.819757103919983,1.8993020057678223,1.6915643215179443,1.7995789051055908,2.0002694129943848,2.042100429534912,2.4048590660095215,2.4464356899261475,2.3551383018493652,2.975468397140503,2.9102470874786377,2.811769962310791,2.492619752883911,2.554112195968628,2.2178637981414795,2.3313159942626953,2.131422758102417,2.211880683898926,2.184051275253296,1.970342755317688,2.129467487335205,1.8735451698303223,2.1310689449310303,2.142014741897583,2.7721877098083496,2.6528971195220947,2.303410053253174,2.4134573936462402,2.161639451980591,2.221126079559326,2.1845717430114746,2.195046901702881,2.4000489711761475,2.450073719024658,2.8319742679595947,3.0259809494018555,3.2038557529449463,3.4393603801727295,3.6046009063720703,3.9917731285095215,3.85561203956604,3.4804673194885254,3.3933727741241455,3.1014692783355713,2.9267690181732178,2.786731004714966,2.5368492603302,2.581096649169922,2.3334507942199707,2.5508177280426025,2.528510332107544,2.5527758598327637,2.6151936054229736,2.960261821746826
A2,0.3822428286075592,0.0,0.38556042313575745,0.5826934576034546,0.8827885389328003,1.1863919496536255,1.4992656707763672,1.8271613121032715,2.1502292156219482,2.4876620769500732,2.701003313064575,3.0621025562286377,3.209974527359009,3.543273687362671,3.543619394302368,2.7972354888916016,2.4599812030792236,2.238495111465454,2.1637001037597656,1.8274579048156738,1.8850643634796143,1.5642762184143066,1.6948286294937134,1.5529108047485352,1.7200837135314941,1.9559646844863892,2.0624773502349854,2.4172756671905518,2.5139546394348145,2.4334943294525146,3.050198793411255,2.973304271697998,2.827267646789551,2.5145375728607178,2.5249338150024414,2.1715354919433594,2.2464983463287354,1.9970136880874634,2.0623133182525635,1.9812312126159668,1.782313585281372,1.9177610874176025,1.6409825086593628,1.9007903337478638,1.9701826572418213,2.829756736755371,2.6632330417633057,2.3046178817749023,2.3596620559692383,2.065333366394043,2.08180570602417,1.986179232597351,1.9589475393295288,2.1214709281921387,2.140839099884033,2.523749589920044,2.6944706439971924,2.8812811374664307,3.099494218826294,3.267369031906128,3.8848845958709717,3.7506234645843506,3.382589101791382,3.264547109603882,2.9896047115325928,2.7786920070648193,2.6531102657318115,2.3733489513397217,2.419275999069214,2.1565163135528564,2.336216688156128,2.3197083473205566,2.3001601696014404,2.3802967071533203,2.7330689430236816
A3,0.6042683720588684,0.38556042313575745,0.0,0.38638627529144287,0.5865707993507385,0.9122558236122131,1.2203471660614014,1.5353304147720337,1.8758567571640015,2.193974494934082,2.436854839324951,2.79140305519104,2.9485726356506348,3.2782630920410156,3.307239294052124,2.5996711254119873,2.2573611736297607,2.025574207305908,1.8992630243301392,1.5573031902313232,1.5624295473098755,1.21993887424469,1.332883358001709,1.1760963201522827,1.3638607263565063,1.5904163122177124,1.7235596179962158,2.0714924335479736,2.1940927505493164,2.110543966293335,2.8395495414733887,2.7254550457000732,2.563368797302246,2.2365357875823975,2.2142441272735596,1.8493367433547974,1.8917795419692993,1.6343462467193604,1.68207848072052,1.6094893217086792,1.4087555408477783,1.568914771080017,1.3215620517730713,1.611410140991211,1.6653531789779663,2.695380210876465,2.5314815044403076,2.159468650817871,2.1732125282287598,1.889482021331787,1.8524889945983887,1.7785708904266357,1.7098288536071777,1.9015840291976929,1.9074418544769287,2.279796838760376,2.4682888984680176,2.6221535205841064,2.8638916015625,3.0444555282592773,3.5007131099700928,3.371654748916626,3.0038645267486572,2.892247438430786,2.6244797706604004,2.4224705696105957,2.3195650577545166,2.0548391342163086,2.140427350997925,1.9142067432403564,2.121645927429199,2.1588709354400635,2.1585216522216797,2.290051221847534,2.624732494354248
A4,0.8519744873046875,0.5826934576034546,0.38638627529144287,0.0,0.38067781925201416,0.609076201915741,0.9503322839736938,1.2560240030288696,1.590010404586792,1.9194155931472778,2.126053810119629,2.488752603530884,2.6299731731414795,2.9651079177856445,2.976163387298584,2.4700796604156494,2.158175468444824,1.878572940826416,1.783876657485962,1.417749285697937,1.4278942346572876,1.0985653400421143,1.1883796453475952,1.102389931678772,1.2754559516906738,1.570425033569336,1.7307043075561523,2.0609288215637207,2.2169198989868164,2.1925172805786133,2.6935172080993652,2.6008033752441406,2.4013900756835938,2.106443166732788,2.0654995441436768,1.7096524238586426,1.7688838243484497,1.4957233667373657,1.6014165878295898,1.5254019498825073,1.4088778495788574,1.6018933057785034,1.3888088464736938,1.708332896232605,1.8162397146224976,2.4897279739379883,2.2831501960754395,1.9158461093902588,1.8978586196899414,1.581571102142334,1.5418052673339844,1.4280401468276978,1.3785368204116821,1.5579777956008911,1.5989456176757812,1.9813463687896729,2.1858835220336914,2.373828887939453,2.620412826538086,2.768319845199585,3.4405152797698975,3.28019380569458,2.9208545684814453,2.764934539794922,2.4887800216674805,2.247507095336914,2.1105425357818604,1.811480164527893,1.8525261878967285,1.5916428565979004,1.7704980373382568,1.7873491048812866,1.7778574228286743,1.9040511846542358,2.2404286861419678
A5,1.1662565469741821,0.8827885389328003,0.5865707993507385,0.38067781925201416,0.0,0.3845091164112091,0.6351926326751709,0.9681902527809143,1.2929781675338745,1.6207829713821411,1.8673664331436157,2.217782497406006,2.3946969509124756,2.714588165283203,2.7390053272247314,2.147753953933716,1.8353395462036133,1.5516401529312134,1.4234230518341064,1.0560789108276367,1.048200249671936,0.7243601083755493,0.8646862506866455,0.8543199896812439,1.108254075050354,1.3944952487945557,1.6221115589141846,1.9231759309768677,2.1306729316711426,2.0991601943969727,2.7268612384796143,2.59297513961792,2.3602020740509033,2.0620384216308594,1.9547932147979736,1.5877816677093506,1.5697824954986572,1.249322533607483,1.3043508529663086,1.177427887916565,1.0752025842666626,1.258540391921997,1.0676239728927612,1.3999347686767578,1.5366300344467163,2.593717575073242,2.375209093093872,2.0067129135131836,1.9186184406280518,1.6023772954940796,1.4702645540237427,1.3327341079711914,1.1862279176712036,1.3482801914215088,1.3272359371185303,1.6950980424880981,1.8907883167266846,2.0446228981018066,2.2979483604431152,2.46929669380188,3.1439714431762695,2.999181032180786,2.6484670639038086,2.4826650619506836,2.235138177871704,1.9800457954406738,1.8910406827926636,1.5911638736724854,1.6860263347625732,1.466270923614502,1.6353908777236938,1.7198998928070068,1.6887904405593872,1.8813246488571167,2.1952710151672363
A6,1.4423494338989258,1.1863919496536255,0.9122558236122131,0.609076201915741,0.3845091164112091,0.0,0.3953540325164795,0.6489026546478271,0.998386800289154,1.3135324716567993,1.5291177034378052,1.8886469602584839,2.0382604598999023,2.3688337802886963,2.3986823558807373,2.149418354034424,1.8815492391586304,1.5509768724441528,1.426367998123169,1.0553263425827026,0.9854166507720947,0.6921712160110474,0.7124176621437073,0.7816778421401978,0.9722466468811035,1.3097225427627563,1.5484551191329956,1.8140318393707275,2.0479073524475098,2.0793328285217285,2.491683006286621,2.3676278591156006,2.100792407989502,1.8379027843475342,1.7059061527252197,1.360459566116333,1.3578009605407715,1.0417417287826538,1.1791356801986694,1.0928544998168945,1.1155015230178833,1.3527443408966064,1.2506844997406006,1.5949382781982422,1.741304636001587,2.3428943157196045,2.0970640182495117,1.740373134613037,1.6030714511871338,1.2775824069976807,1.1090691089630127,0.9548962712287903,0.8078511357307434,1.0060986280441284,1.0511829853057861,1.4192723035812378,1.6641948223114014,1.835715651512146,2.116994619369507,2.248047113418579,2.983715772628784,2.8027291297912598,2.4624459743499756,2.258434772491455,1.99811589717865,1.713239312171936,1.5849536657333374,1.2592840194702148,1.3189948797225952,1.0862451791763306,1.2532864809036255,1.3546780347824097,1.3476598262786865,1.5637189149856567,1.8558629751205444
A7,1.787453293800354,1.4992656707763672,1.2203471660614014,0.9503322839736938,0.6351926326751709,0.3953540325164795,0.0,0.37917476892471313,0.6587358117103577,0.9996787905693054,1.248584270477295,1.5913809537887573,1.7930898666381836,2.0983500480651855,2.1213393211364746,1.803193211555481,1.5630879402160645,1.215471863746643,1.0913763046264648,0.7378347516059875,0.6730152368545532,0.5133721828460693,0.6090002059936523,0.8579928874969482,1.100992202758789,1.4028762578964233,1.6981905698776245,1.9115231037139893,2.1931002140045166,2.2247154712677,2.6836724281311035,2.535309314727783,2.2336606979370117,1.9939038753509521,1.7929353713989258,1.4673821926116943,1.3754596710205078,1.018486738204956,1.0904250144958496,0.9148209095001221,1.0155612230300903,1.2027250528335571,1.1477508544921875,1.4625080823898315,1.6618446111679077,2.572192907333374,2.3065505027770996,1.9710109233856201,1.7661329507827759,1.4470330476760864,1.1924766302108765,0.9758075475692749,0.6899294853210449,0.784095823764801,0.7164541482925415,1.0694588422775269,1.2951265573501587,1.4471423625946045,1.7284833192825317,1.8752530813217163,2.818899631500244,2.651548147201538,2.335632085800171,2.1000304222106934,1.8879892826080322,1.56766676902771,1.498504877090454,1.1637496948242188,1.2636570930480957,1.0802069902420044,1.1714661121368408,1.336840271949768,1.268970251083374,1.54839289188385,1.8058180809020996
A8,2.0859663486480713,1.8271613121032715,1.5353304147720337,1.2560240030288696,0.9681902527809143,0.6489026546478271,0.37917476892471313,0.0,0.38989973068237305,0.6654825806617737,0.9161884188652039,1.2602956295013428,1.4427129030227661,1.754723072052002,1.8111947774887085,1.8932820558547974,1.7070839405059814,1.3507156372070312,1.205636978149414,0.9178888201713562,0.7462217807769775,0.6803023815155029,0.5937665104866028,0.8970836997032166,1.0534517765045166,1.3452569246292114,1.6428223848342896,1.7965288162231445,2.101952314376831,2.182952642440796,2.5009915828704834,2.3447563648223877,2.01434326171875,1.8153018951416016,1.5720233917236328,1.2924565076828003,1.1804430484771729,0.8541865944862366,0.9837808012962341,0.8746844530105591,1.1014031171798706,1.323714017868042,1.3660519123077393,1.6700533628463745,1.847300410270691,2.426352024078369,2.1544506549835205,1.8467057943344116,1.5830388069152832,1.300781011581421,0.9780512452125549,0.7834063172340393,0.42441433668136597,0.5698350071907043,0.5713273286819458,0.8577225208282471,1.1568964719772339,1.2841567993164062,1.6091375350952148,1.7163935899734497,2.5782604217529297,2.3808624744415283,2.0829341411590576,1.8123759031295776,1.6021158695220947,1.2551535367965698,1.1722874641418457,0.8275690078735352,0.9330034852027893,0.8117725253105164,0.8979102969169617,1.1415810585021973,1.1193158626556396,1.4422776699066162,1.6372660398483276
A9,2.4340121746063232,2.1502292156219482,1.8758567571640015,1.590010404586792,1.2929781675338745,0.998386800289154,0.6587358117103577,0.38989973068237305,0.0,0.3801259994506836,0.6209051609039307,0.9412018656730652,1.1830605268478394,1.4603170156478882,1.488783836364746,1.6885117292404175,1.5740792751312256,1.214909553527832,1.1232755184173584,0.9297723174095154,0.8133998513221741,0.9208679795265198,0.8938111066818237,1.2404346466064453,1.3979873657226562,1.654801845550537,1.9646450281143188,2.074286699295044,2.3994569778442383,2.4898595809936523,2.746180772781372,2.591956853866577,2.2393624782562256,2.0837903022766113,1.806535005569458,1.5754778385162354,1.425423502922058,1.1246721744537354,1.2044298648834229,1.0478575229644775,1.3206208944320679,1.4758431911468506,1.546876072883606,1.8006278276443481,2.0181217193603516,2.6663174629211426,2.3725643157958984,2.0996670722961426,1.7958651781082153,1.5260796546936035,1.183350682258606,0.9380970597267151,0.5640807151794434,0.4533582329750061,0.2977811098098755,0.47438767552375793,0.7870380878448486,0.9178105592727661,1.2470051050186157,1.3324066400527954,2.5808486938476562,2.38794207572937,2.134181022644043,1.8232266902923584,1.6739037036895752,1.299472451210022,1.2637536525726318,0.9435527920722961,1.0257128477096558,0.9546433687210083,0.8978551030158997,1.1646921634674072,1.0688190460205078,1.4235633611679077,1.5634297132492065
A10,2.7510836124420166,2.4876620769500732,2.193974494934082,1.9194155931472778,1.6207829713821411,1.3135324716567993,0.9996787905693054,0.6654825806617737,0.3801259994506836,0.0,0.38602983951568604,0.6374391913414001,0.8932856321334839,1.1493290662765503,1.2445474863052368,1.832119345664978,1.7673077583312988,1.4399887323379517,1.318359375,1.2004990577697754,1.0179938077926636,1.1649458408355713,1.0580344200134277,1.3962465524673462,1.4953278303146362,1.7026816606521606,2.0044474601745605,2.0477943420410156,2.386951446533203,2.506293773651123,2.69736647605896,2.5262725353240967,2.159904718399048,2.046750545501709,1.731120228767395,1.5651394128799438,1.3806450366973877,1.1476770639419556,1.2260559797286987,1.1289244890213013,1.4629759788513184,1.6226086616516113,1.765403151512146,1.997822642326355,2.1877453327178955,2.68283748626709,2.4014015197753906,2.1639888286590576,1.8219925165176392,1.6166229248046875,1.2439157962799072,1.0730704069137573,0.7418022155761719,0.6685208678245544,0.5996000170707703,0.504324734210968,0.8276713490486145,0.8513938188552856,1.211601972579956,1.2579289674758911,2.3282501697540283,2.1187071800231934,1.9023910760879517,1.5607969760894775,1.451001763343811,1.0707403421401978,1.0739704370498657,0.8234432339668274,0.9324252009391785,0.9946516752243042,0.9253568649291992,1.2508028745651245,1.2084747552871704,1.570310354232788,1.6283005475997925
A11,2.9654018878936768,2.701003313064575,2.436854839324951,2.126053810119629,1.8673664331436157,1.5291177034378052,1.248584270477295,0.9161884188652039,0.6209051609039307,0.38602983951568604,0.0,0.37025898694992065,0.5656346678733826,0.8517061471939087,0.9023712277412415,2.0292434692382812,2.013085126876831,1.6789436340332031,1.624131679534912,1.5104429721832275,1.3767881393432617,1.5065871477127075,1.3922696113586426,1.7081568241119385,1.7637395858764648,1.9935048818588257,2.2664315700531006,2.2993059158325195,2.624573230743408,2.7813169956207275,2.7200119495391846,2.5899345874786377,2.212132215499878,2.1586179733276367,1.861232042312622,1.746954083442688,1.6203349828720093,1.4357422590255737,1.5710015296936035,1.5053112506866455,1.8361502885818481,2.003115177154541,2.1281180381774902,2.3644633293151855,2.5655245780944824,2.641434907913208,2.333759069442749,2.142314910888672,1.7803046703338623,1.5890635251998901,1.2437529563903809,1.048287034034729,0.8130102157592773,0.6517816781997681,0.7047869563102722,0.5151798725128174,0.834557294845581,0.9348101615905762,1.2489397525787354,1.1814968585968018,2.548248052597046,2.3065497875213623,2.122965097427368,1.7571203708648682,1.6464329957962036,1.2708312273025513,1.2026357650756836,0.9632260799407959,0.9312409162521362,0.9783056974411011,0.7803276181221008,1.0774592161178589,1.0237599611282349,1.369429111480713,1.3544930219650269
A12,3.328439950942993,3.0621025562286377,2.79140305519104,2.488752603530884,2.217782497406006,1.8886469602584839,1.5913809537887573,1.2602956295013428,0.9412018656730652,0.6374391913414001,0.37025898694992065,0.0,0.37576550245285034,0.5308300256729126,0.6285476088523865,2.1085169315338135,2.1495375633239746,1.850597858428955,1.8038469552993774,1.7560710906982422,1.621543288230896,1.799863338470459,1.6862159967422485,2.0075411796569824,2.054532051086426,2.247007131576538,2.518332004547119,2.5083189010620117,2.840362787246704,3.005178689956665,2.9174299240112305,2.7796437740325928,2.399745225906372,2.381324529647827,2.0645511150360107,1.9961655139923096,1.8426326513290405,1.6943191289901733,1.7972651720046997,1.7347772121429443,2.0826120376586914,2.2224161624908447,2.380180835723877,2.585402011871338,2.7858164310455322,2.8776421546936035,2.578608512878418,2.420574188232422,2.044124126434326,1.894697666168213,1.5537137985229492,1.3920100927352905,1.1790471076965332,1.0097969770431519,1.01349937915802,0.7133269906044006,0.9161334037780762,0.9222978353500366,1.194085717201233,1.0693037509918213,2.4973373413085938,2.260284900665283,2.1344690322875977,1.7546592950820923,1.711384654045105,1.3640578985214233,1.351075530052185,1.1966946125030518,1.1805742979049683,1.294540286064148,1.0868536233901978,1.3661469221115112,1.3120986223220825,1.6324213743209839,1.5500127077102661
A13,3.453505516052246,3.209974527359009,2.9485726356506348,2.6299731731414795,2.3946969509124756,2.0382604598999023,1.7930898666381836,1.4427129030227661,1.1830605268478394,0.8932856321334839,0.5656346678733826,0.37576550245285034,0.0,0.3635660409927368,0.53242027759552,2.474871873855591,2.508653402328491,2.196239948272705,2.1469783782958984,2.064239025115967,1.9106647968292236,2.038329839706421,1.875855803489685,2.1593620777130127,2.145970106124878,2.3437888622283936,2.576399803161621,2.547846794128418,2.858721971511841,3.063809871673584,2.7426295280456543,2.6361162662506104,2.257246255874634,2.295858144760132,2.001736879348755,1.9917620420455933,1.8927196264266968,1.8055226802825928,1.9683946371078491,1.966521143913269,2.3196046352386475,2.4983699321746826,2.6569769382476807,2.8865129947662354,3.067528247833252,2.6834774017333984,2.3855063915252686,2.276489496231079,1.8919299840927124,1.793837308883667,1.4870400428771973,1.3766465187072754,1.2603365182876587,1.1422362327575684,1.2560698986053467,1.0161693096160889,1.2459564208984375,1.2925711870193481,1.546791672706604,1.3774691820144653,2.5853333473205566,2.3067588806152344,2.1956777572631836,1.8125611543655396,1.741512417793274,1.4191772937774658,1.3313851356506348,1.2142013311386108,1.108392357826233,1.2497543096542358,1.0253143310546875,1.2751506567001343,1.2901625633239746,1.5665327310562134,1.4142520427703857
A14,3.7958829402923584,3.543273687362671,3.2782630920410156,2.9651079177856445,2.714588165283203,2.3688337802886963,2.0983500480651855,1.754723072052002,1.4603170156478882,1.1493290662765503,0.8517061471939087,0.5308300256729126,0.3635660409927368,0.0,0.36786970496177673,2.5509769916534424,2.6327834129333496,2.3513853549957275,2.316716194152832,2.2853519916534424,2.143296003341675,2.313416004180908,2.1677229404449463,2.464670419692993,2.461644411087036,2.6345999240875244,2.8726344108581543,2.818105936050415,3.1347382068634033,3.3372106552124023,3.0294349193573,2.916414976119995,2.542034387588501,2.598668336868286,2.2927138805389404,2.303574562072754,2.1780717372894287,2.1002113819122314,2.227560043334961,2.21094012260437,2.570328950881958,2.7195308208465576,2.896308660507202,3.0976128578186035,3.284956693649292,2.9973044395446777,2.7073028087615967,2.6185154914855957,2.2323532104492188,2.151108503341675,1.847804069519043,1.7379461526870728,1.6078137159347534,1.459067940711975,1.519015908241272,1.2168076038360596,1.36373770236969,1.3516274690628052,1.548531174659729,1.3386132717132568,2.629018783569336,2.366739273071289,2.3103127479553223,1.9276096820831299,1.9202992916107178,1.6288597583770752,1.5971096754074097,1.5276613235473633,1.4525725841522217,1.612410068511963,1.3839181661605835,1.6149507761001587,1.6026469469070435,1.8619880676269531,1.6772429943084717
A15,3.8166093826293945,3.543619394302368,3.307239294052124,2.976163387298584,2.7390053272247314,2.3986823558807373,2.1213393211364746,1.8111947774887085,1.488783836364746,1.2445474863052368,0.9023712277412415,0.6285476088523865,0.53242027759552,0.36786970496177673,0.0,2.4725677967071533,2.581113338470459,2.2977828979492188,2.323364496231079,2.294548511505127,2.210845947265625,2.390732765197754,2.2889468669891357,2.6024417877197266,2.6284399032592773,2.8363196849823,3.0857322216033936,3.066148042678833,3.3831515312194824,3.5769927501678467,3.239405632019043,3.1521880626678467,2.774798631668091,2.8222203254699707,2.533230781555176,2.5129685401916504,2.405139684677124,2.2867119312286377,2.4173591136932373,2.360183000564575,2.7031803131103516,2.835543155670166,2.9755403995513916,3.173708915710449,3.3935768604278564,3.126234292984009,2.8076229095458984,2.7176616191864014,2.342073917388916,2.2190592288970947,1.9392366409301758,1.7650221586227417,1.6458966732025146,1.423447847366333,1.4739620685577393,1.1623735427856445,1.2515888214111328,1.3089735507965088,1.445393443107605,1.1737557649612427,2.9629452228546143,2.711205244064331,2.638256549835205,2.2539589405059814,2.2296652793884277,1.911712408065796,1.857401728630066,1.727145791053772,1.614427089691162,1.6967774629592896,1.403650164604187,1.5741149187088013,1.4926397800445557,1.722963809967041,1.5243552923202515
B1,3.1524851322174072,2.7972354888916016,2.5996711254119873,2.4700796604156494,2.147753953933716,2.149418354034424,1.803193211555481,1.8932820558547974,1.6885117292404175,1.832119345664978,2.0292434692382812,2.1085169315338135,2.474871873855591,2.5509769916534424,2.4725677967071533,0.0,0.38173720240592957,0.6007741689682007,0.8400217890739441,1.1490200757980347,1.4144389629364014,1.7442889213562012,2.0324652194976807,2.353842258453369,2.680093765258789,2.828557014465332,3.1835854053497314,3.3089239597320557,3.6397433280944824,3.5856235027313232,4.369122505187988,4.171929836273193,3.8426156044006348,3.628234624862671,3.33560848236084,3.056675672531128,2.8036720752716064,2.453124523162842,2.27185320854187,1.9069277048110962,1.9600101709365845,1.7523916959762573,1.7203811407089233,1.647254228591919,1.9950281381607056,4.313542366027832,4.021894931793213,3.720888137817383,3.4560794830322266,3.1486964225769043,2.8416476249694824,2.5537807941436768,2.2015295028686523,1.9730861186981201,1.5945675373077393,1.549919605255127,1.2875251770019531,1.2011128664016724,1.067115306854248,1.393498182296753,3.328092575073242,3.3169662952423096,3.135039806365967,2.902459144592285,2.9213571548461914,2.623897075653076,2.7748661041259766,2.53853440284729,2.7015726566314697,2.6316215991973877,2.52833890914917,2.70969295501709,2.459352731704712,2.743032932281494,2.9060099124908447
B2,2.80795955657959,2.4599812030792236,2.2573611736297607,2.158175468444824,1.8353395462036133,1.8815492391586304,1.5630879402160645,1.7070839405059814,1.5740792751312256,1.7673077583312988,2.013085126876831,2.1495375633239746,2.508653402328491,2.6327834129333496,2.581113338470459,0.38173720240592957,0.0,0.3803485333919525,0.5718539953231812,0.8633601069450378,1.1584371328353882,1.4548755884170532,1.7749561071395874,2.0683534145355225,2.4124722480773926,2.557512044906616,2.9071977138519287,3.056743860244751,3.3742852210998535,3.2996630668640137,4.16572904586792,3.9642441272735596,3.6513619422912598,3.4104907512664795,3.135756015777588,2.8330166339874268,2.5878548622131348,2.225656509399414,2.0322909355163574,1.6576265096664429,1.6587826013565063,1.438879370689392,1.3661468029022217,1.2947053909301758,1.6526464223861694,4.118780612945557,3.842421770095825,3.5226240158081055,3.2823421955108643,2.9699389934539795,2.674894094467163,2.403409957885742,2.0517983436584473,1.8735456466674805,1.5035820007324219,1.5439726114273071,1.3555318117141724,1.3006612062454224,1.2682280540466309,1.5998797416687012,3.2337520122528076,3.2221877574920654,3.0061519145965576,2.796218156814575,2.7839720249176025,2.4959630966186523,2.6374316215515137,2.3925912380218506,2.5731050968170166,2.4875648021698,2.4310367107391357,2.612279176712036,2.3849544525146484,2.669384002685547,2.8691346645355225
B3,2.59053373336792,2.238495111465454,2.025574207305908,1.878572940826416,1.5516401529312134,1.5509768724441528,1.215471863746643,1.3507156372070312,1.214909553527832,1.4399887323379517,1.6789436340332031,1.850597858428955,2.196239948272705,2.3513853549957275,2.2977828979492188,0.6007741689682007,0.3803485333919525,0.0,0.3838566839694977,0.57500159740448,0.8936898112297058,1.1832923889160156,1.4885908365249634,1.8018100261688232,2.1312506198883057,2.312018394470215,2.659785747528076,2.81683087348938,3.1362345218658447,3.0922412872314453,3.8334290981292725,3.64764142036438,3.3278372287750244,3.09824275970459,2.82967209815979,2.5292375087738037,2.3076071739196777,1.9407880306243896,1.7943508625030518,1.4323110580444336,1.476783275604248,1.3315272331237793,1.2625397443771362,1.294196605682373,1.6483681201934814,3.759880304336548,3.475511074066162,3.1607933044433594,2.9170048236846924,2.6004176139831543,2.308333158493042,2.027432918548584,1.6799622774124146,1.4967135190963745,1.1307158470153809,1.2072879076004028,1.0612348318099976,1.0700973272323608,1.111271619796753,1.4139349460601807,3.111604690551758,3.0577452182769775,2.8244402408599854,2.5894935131073,2.542384386062622,2.23012113571167,2.3338024616241455,2.0652170181274414,2.2219913005828857,2.119394063949585,2.0567667484283447,2.232841968536377,2.0091371536254883,2.2972683906555176,2.5005853176116943
B4,2.4878957271575928,2.1637001037597656,1.8992630243301392,1.783876657485962,1.4234230518341064,1.426367998123169,1.0913763046264648,1.205636978149414,1.1232755184173584,1.318359375,1.624131679534912,1.8038469552993774,2.1469783782958984,2.316716194152832,2.323364496231079,0.8400217890739441,0.5718539953231812,0.3838566839694977,0.0,0.3750170171260834,0.5917896628379822,0.9186576008796692,1.2151669263839722,1.5209603309631348,1.8558012247085571,1.9971318244934082,2.3498995304107666,2.491621494293213,2.8136544227600098,2.7558417320251465,3.6145806312561035,3.4022746086120605,3.0936214923858643,2.8479371070861816,2.5700912475585938,2.267925500869751,2.0165793895721436,1.6557033061981201,1.4638571739196777,1.0917606353759766,1.1305465698242188,0.9707656502723694,0.9617154002189636,1.0036382675170898,1.3338984251022339,3.60931396484375,3.3516275882720947,3.0282232761383057,2.7846786975860596,2.494218349456787,2.183598041534424,1.9547994136810303,1.5891193151474,1.4833369255065918,1.1355401277542114,1.2250651121139526,1.1661417484283447,1.1032664775848389,1.2370414733886719,1.5535598993301392,2.7764976024627686,2.73606538772583,2.492382764816284,2.2836410999298096,2.2413320541381836,1.9558968544006348,2.0930063724517822,1.8562926054000854,2.065816879272461,2.006072759628296,2.0039234161376953,2.223187208175659,2.0549986362457275,2.3680803775787354,2.5686020851135254
B5,2.1506457328796387,1.8274579048156738,1.5573031902313232,1.417749285697937,1.0560789108276367,1.0553263425827026,0.7378347516059875,0.9178888201713562,0.9297723174095154,1.2004990577697754,1.5104429721832275,1.7560710906982422,2.064239025115967,2.2853519916534424,2.294548511505127,1.1490200757980347,0.8633601069450378,0.57500159740448,0.3750170171260834,0.0,0.3810356855392456,0.6098589897155762,0.9356043338775635,1.2304344177246094,1.568206787109375,1.753501057624817,2.0958220958709717,2.2725274562835693,2.5810670852661133,2.536773681640625,3.3238277435302734,3.128979206085205,2.8273465633392334,2.572131395339966,2.321155071258545,1.9995203018188477,1.7897746562957764,1.414066195487976,1.2762686014175415,0.9240343570709229,0.9497904181480408,0.8898471593856812,0.823291003704071,0.9916913509368896,1.2987303733825684,3.2856075763702393,3.0288748741149902,2.696031332015991,2.4734878540039062,2.1707019805908203,1.882003664970398,1.655112385749817,1.3077646493911743,1.248412847518921,0.9474014639854431,1.1474634408950806,1.1825937032699585,1.2108371257781982,1.4065364599227905,1.6725901365280151,2.801454782485962,2.7229366302490234,2.4442262649536133,2.2319140434265137,2.129333734512329,1.8312350511550903,1.9103268384933472,1.6395821571350098,1.8271676301956177,1.7270913124084473,1.755082368850708,1.9546252489089966,1.8069572448730469,2.108144998550415,2.3381011486053467
B6,2.166593313217163,1.8850643634796143,1.5624295473098755,1.4278942346572876,1.048200249671936,0.9854166507720947,0.6730152368545532,0.7462217807769775,0.8133998513221741,1.0179938077926636,1.3767881393432617,1.621543288230896,1.9106647968292236,2.143296003341675,2.210845947265625,1.4144389629364014,1.1584371328353882,0.8936898112297058,0.5917896628379822,0.3810356855392456,0.0,0.38460642099380493,0.6254875659942627,0.9478181600570679,1.2683916091918945,1.423471450805664,1.7755370140075684,1.9231584072113037,2.2444286346435547,2.2126104831695557,3.035987615585327,2.8178064823150635,2.518153667449951,2.2609992027282715,1.991371989250183,1.6798195838928223,1.4379017353057861,1.0700583457946777,0.906518280506134,0.5534883141517639,0.6641099452972412,0.6956924796104431,0.7654224038124084,0.9914975166320801,1.2174433469772339,3.0662002563476562,2.832684278488159,2.5030510425567627,2.2677018642425537,2.003631114959717,1.6886799335479736,1.526481032371521,1.1684377193450928,1.1961216926574707,0.9497910141944885,1.1287282705307007,1.2512998580932617,1.2268593311309814,1.495111107826233,1.744437336921692,2.448895215988159,2.360365152359009,2.0714004039764404,1.868055820465088,1.7588480710983276,1.4765368700027466,1.578641653060913,1.341668725013733,1.580316185951233,1.539975643157959,1.6246740818023682,1.8728673458099365,1.790823221206665,2.114328622817993,2.319563150405884
B7,1.819757103919983,1.5642762184143066,1.21993887424469,1.0985653400421143,0.7243601083755493,0.6921712160110474,0.5133721828460693,0.6803023815155029,0.9208679795265198,1.1649458408355713,1.5065871477127075,1.799863338470459,2.038329839706421,2.313416004180908,2.390732765197754,1.7442889213562012,1.4548755884170532,1.1832923889160156,0.9186576008796692,0.6098589897155762,0.38460642099380493,0.0,0.3764016032218933,0.6212383508682251,0.9683011770248413,1.16079580783844,1.4939502477645874,1.694516658782959,1.9883583784103394,1.9519885778427124,2.784993886947632,2.5766799449920654,2.3011112213134766,2.0149590969085693,1.7890373468399048,1.4436014890670776,1.255014419555664,0.8791924715042114,0.7744460105895996,0.5094107985496521,0.5149085521697998,0.6967196464538574,0.6927224397659302,1.0179070234298706,1.1771475076675415,2.803589105606079,2.5889275074005127,2.2408506870269775,2.0476865768432617,1.7824336290359497,1.5069692134857178,1.3866511583328247,1.0817897319793701,1.211807131767273,1.0666272640228271,1.330478310585022,1.514670968055725,1.5473462343215942,1.831595540046692,2.0501465797424316,2.52667498588562,2.4155044555664062,2.0892608165740967,1.9137415885925293,1.7385001182556152,1.4779343605041504,1.515876293182373,1.2651184797286987,1.4897433519363403,1.4120839834213257,1.5673110485076904,1.787553071975708,1.7524962425231934,2.0478053092956543,2.2850289344787598
B8,1.8993020057678223,1.6948286294937134,1.332883358001709,1.1883796453475952,0.8646862506866455,0.7124176621437073,0.6090002059936523,0.5937665104866028,0.8938111066818237,1.0580344200134277,1.3922696113586426,1.6862159967422485,1.875855803489685,2.1677229404449463,2.2889468669891357,2.0324652194976807,1.7749561071395874,1.4885908365249634,1.2151669263839722,0.9356043338775635,0.6254875659942627,0.3764016032218933,0.0,0.37601545453071594,0.6490808725357056,0.8588935136795044,1.1951489448547363,1.3703105449676514,1.6773945093154907,1.6882691383361816,2.4364917278289795,2.216661214828491,1.9363566637039185,1.6555652618408203,1.415709137916565,1.0776652097702026,0.8832680583000183,0.5054894089698792,0.4901624619960785,0.41157209873199463,0.5685593485832214,0.8773051500320435,0.9725230932235718,1.2987055778503418,1.3819266557693481,2.5036842823028564,2.3072926998138428,1.9687989950180054,1.7615792751312256,1.5412461757659912,1.248292088508606,1.2108163833618164,0.9351385831832886,1.162500262260437,1.112064242362976,1.35097074508667,1.604722023010254,1.6273913383483887,1.9540512561798096,2.1335256099700928,2.2955663204193115,2.1464035511016846,1.80681312084198,1.6284931898117065,1.4118245840072632,1.1605888605117798,1.1692923307418823,0.9413825869560242,1.1958295106887817,1.1724714040756226,1.3910475969314575,1.6427536010742188,1.6810115575790405,1.9808253049850464,2.1872262954711914
B9,1.6915643215179443,1.5529108047485352,1.1760963201522827,1.102389931678772,0.8543199896812439,0.7816778421401978,0.8579928874969482,0.8970836997032166,1.2404346466064453,1.3962465524673462,1.7081568241119385,2.0075411796569824,2.1593620777130127,2.464670419692993,2.6024417877197266,2.353842258453369,2.0683534145355225,1.8018100261688232,1.5209603309631348,1.2304344177246094,0.9478181600570679,0.6212383508682251,0.37601545453071594,0.0,0.37254762649536133,0.5791837573051453,0.8848651647567749,1.1237328052520752,1.3902087211608887,1.3765751123428345,2.256983518600464,2.029417037963867,1.7965357303619385,1.4706482887268066,1.290476679801941,0.922346830368042,0.7909313440322876,0.4969383478164673,0.5292467474937439,0.6259077787399292,0.6182161569595337,0.9729461669921875,1.037770390510559,1.37645423412323,1.3744865655899048,2.362447738647461,2.212195873260498,1.8598867654800415,1.7139865159988403,1.5283989906311035,1.2986173629760742,1.3445022106170654,1.155867099761963,1.4442660808563232,1.4479249715805054,1.708263874053955,1.9729808568954468,2.0031189918518066,2.3296351432800293,2.507319211959839,2.3466219902038574,2.198972702026367,1.8340638875961304,1.7180932760238647,1.4607064723968506,1.2853789329528809,1.259125828742981,1.0840178728103638,1.3255959749221802,1.2989130020141602,1.5841442346572876,1.8047456741333008,1.8918578624725342,2.1563498973846436,2.377919912338257
B10,1.7995789051055908,1.7200837135314941,1.3638607263565063,1.2754559516906738,1.108254075050354,0.9722466468811035,1.100992202758789,1.0534517765045166,1.3979873657226562,1.4953278303146362,1.7637395858764648,2.054532051086426,2.145970106124878,2.461644411087036,2.6284399032592773,2.680093765258789,2.4124722480773926,2.1312506198883057,1.8558012247085571,1.568206787109375,1.2683916091918945,0.9683011770248413,0.6490808725357056,0.37254762649536133,0.0,0.37092670798301697,0.6030550599098206,0.8418276906013489,1.0944753885269165,1.1556798219680786,1.8934786319732666,1.6588345766067505,1.4383670091629028,1.1021655797958374,0.9467564225196838,0.574099600315094,0.5371577143669128,0.41814449429512024,0.6339573860168457,0.887025773525238,0.9431430101394653,1.3055083751678467,1.3998008966445923,1.7297636270523071,1.691582202911377,2.0505130290985107,1.9346301555633545,1.5955817699432373,1.4643076658248901,1.3482540845870972,1.149031162261963,1.3019925355911255,1.196214199066162,1.5421684980392456,1.6240640878677368,1.8655924797058105,2.169097661972046,2.2045645713806152,2.5504510402679443,2.6929280757904053,2.2757177352905273,2.087090492248535,1.7158724069595337,1.6153606176376343,1.305760145187378,1.1784993410110474,1.0831481218338013,0.9675958156585693,1.187147617340088,1.2042226791381836,1.54409658908844,1.7610952854156494,1.9179315567016602,2.1616313457489014,2.355286121368408
B11,2.0002694129943848,1.9559646844863892,1.5904163122177124,1.570425033569336,1.3944952487945557,1.3097225427627563,1.4028762578964233,1.3452569246292114,1.654801845550537,1.7026816606521606,1.9935048818588257,2.247007131576538,2.3437888622283936,2.6345999240875244,2.8363196849823,2.828557014465332,2.557512044906616,2.312018394470215,1.9971318244934082,1.753501057624817,1.423471450805664,1.16079580783844,0.8588935136795044,0.5791837573051453,0.37092670798301697,0.0,0.35886505246162415,0.5500448346138,0.8282285332679749,0.8404784798622131,1.9385396242141724,1.6512295007705688,1.4757920503616333,1.1261488199234009,0.9631617069244385,0.6616740822792053,0.5252892971038818,0.5585599541664124,0.6167692542076111,0.9395243525505066,0.960196852684021,1.301887035369873,1.4537174701690674,1.7432531118392944,1.6346782445907593,2.2238762378692627,2.159318208694458,1.842442274093628,1.7223809957504272,1.6629090309143066,1.4626868963241577,1.6434836387634277,1.5202281475067139,1.8539090156555176,1.9042627811431885,2.1085264682769775,2.398667812347412,2.3827788829803467,2.729623317718506,2.8925013542175293,2.0401031970977783,1.882556438446045,1.5041307210922241,1.4821449518203735,1.1959905624389648,1.1732757091522217,1.1611998081207275,1.1553282737731934,1.4264596700668335,1.5129610300064087,1.8533987998962402,2.0944604873657227,2.258625030517578,2.5133843421936035,2.688998222351074
B12,2.042100429534912,2.0624773502349854,1.7235596179962158,1.7307043075561523,1.6221115589141846,1.5484551191329956,1.6981905698776245,1.6428223848342896,1.9646450281143188,2.0044474601745605,2.2664315700531006,2.518332004547119,2.576399803161621,2.8726344108581543,3.0857322216033936,3.1835854053497314,2.9071977138519287,2.659785747528076,2.3498995304107666,2.0958220958709717,1.7755370140075684,1.4939502477645874,1.1951489448547363,0.8848651647567749,0.6030550599098206,0.35886505246162415,0.0,0.36308595538139343,0.5130249261856079,0.5695963501930237,1.723147988319397,1.4286201000213623,1.3272066116333008,0.9588955044746399,0.9035362005233765,0.6798520088195801,0.7001726627349854,0.8617194890975952,0.9689451456069946,1.298136591911316,1.2951470613479614,1.6268123388290405,1.7585519552230835,2.0427541732788086,1.8993440866470337,2.0748305320739746,2.0708887577056885,1.7734425067901611,1.7128241062164307,1.7151397466659546,1.5804417133331299,1.8198072910308838,1.7607797384262085,2.118734359741211,2.2088191509246826,2.419915199279785,2.724646806716919,2.720208168029785,3.0716006755828857,3.220447301864624,2.1565845012664795,1.987277865409851,1.6162605285644531,1.644287109375,1.338712215423584,1.384058952331543,1.3252620697021484,1.3658864498138428,1.5911260843276978,1.680832028388977,2.0457146167755127,2.2597157955169678,2.462395191192627,2.6869702339172363,2.856659412384033
B13,2.4048590660095215,2.4172756671905518,2.0714924335479736,2.0609288215637207,1.9231759309768677,1.8140318393707275,1.9115231037139893,1.7965288162231445,2.074286699295044,2.0477943420410156,2.2993059158325195,2.5083189010620117,2.547846794128418,2.818105936050415,3.066148042678833,3.3089239597320557,3.056743860244751,2.81683087348938,2.491621494293213,2.2725274562835693,1.9231584072113037,1.694516658782959,1.3703105449676514,1.1237328052520752,0.8418276906013489,0.5500448346138,0.36308595538139343,0.0,0.36160150170326233,0.5327935814857483,1.675094723701477,1.333877682685852,1.2401123046875,0.9214863777160645,0.813759982585907,0.726794958114624,0.6804169416427612,0.9546991586685181,1.0385371446609497,1.4037737846374512,1.4580851793289185,1.773703694343567,1.9632704257965088,2.222637414932251,2.067997694015503,2.1396262645721436,2.1591408252716064,1.9031981229782104,1.8083986043930054,1.8649615049362183,1.7035247087478638,1.9695273637771606,1.9018079042434692,2.2522189617156982,2.341559886932373,2.503084659576416,2.8106112480163574,2.769991636276245,3.12738037109375,3.266664981842041,1.866533637046814,1.6874903440475464,1.3292794227600098,1.4041212797164917,1.114174723625183,1.2513298988342285,1.2344207763671875,1.372907042503357,1.6207867860794067,1.7856613397598267,2.142289161682129,2.386343002319336,2.6058950424194336,2.8453290462493896,2.9759023189544678
