,A1,A2,A3,A4,A5,A6,A7,A8,A9,A10,A11,A12,A13,A14,A15,B1,B2,B3,B4,B5,B6,B7,B8,B9,B10,B11,B12,B13,B14,B15,C1,C2,C3,C4,C5,C6,C7,C8,C9,C10,C11,C12,C13,C14,C15,D1,D2,D3,D4,D5,D6,D7,D8,D9,D10,D11,D12,D13,D14,D15,E1,E2,E3,E4,E5,E6,E7,E8,E9,E10,E11,E12,E13,E14,E15
A1,0.0,0.3804730474948883,0.6118240356445312,0.9126924276351929,1.2445570230484009,1.5292770862579346,1.8820058107376099,1.984019160270691,2.35445237159729,2.4450526237487793,2.771226167678833,2.5903875827789307,2.368420124053955,2.6071598529815674,2.5472638607025146,1.357456088066101,1.4926550388336182,1.24956214427948,1.4004476070404053,1.4335306882858276,1.549347996711731,1.7971996068954468,1.6713920831680298,1.9629467725753784,1.9918699264526367,2.2364938259124756,1.9654802083969116,1.767507791519165,1.9351832866668701,1.9659260511398315,3.064467668533325,2.8018038272857666,2.4784579277038574,2.2302751541137695,1.8790265321731567,1.661543846130371,1.3047759532928467,1.192277193069458,0.908616840839386,0.8200962543487549,0.7339046001434326,1.0941506624221802,1.1954894065856934,1.3319594860076904,1.4276840686798096,2.401219367980957,2.031242847442627,2.013071060180664,1.7730671167373657,1.6742042303085327,1.6651809215545654,1.6429443359375,2.007737398147583,2.1632087230682373,2.36919903755188,2.6164276599884033,2.6700243949890137,2.666832447052002,3.0283215045928955,3.1067843437194824,2.1460394859313965,2.030494451522827,1.8293792009353638,1.9907485246658325,1.8249213695526123,2.1332976818084717,2.1399571895599365,2.2758350372314453,2.486368179321289,2.338257074356079,2.66983962059021,2.7754099369049072,2.5011825561523438,2.6943023204803467,2.460752248764038
A2,0.3804730474948883,0.0,0.38115864992141724,0.5970650315284729,0.9465101361274719,1.2399178743362427,1.5916061401367188,1.7488667964935303,2.119734525680542,2.241895914077759,2.575490713119507,2.421198606491089,2.2266645431518555,2.5038187503814697,2.468862295150757,1.152504801750183,1.215732455253601,0.9571533799171448,1.04828679561615,1.0971829891204834,1.1976317167282104,1.4756921529769897,1.3953807353973389,1.71235990524292,1.7952128648757935,2.054466962814331,1.7975342273712158,1.6366976499557495,1.8631904125213623,1.9332518577575684,2.82993221282959,2.577357053756714,2.239262819290161,2.031374216079712,1.6636619567871094,1.5114691257476807,1.1690953969955444,1.0696536302566528,0.8801360130310059,0.707237958908081,0.7812575697898865,1.1123685836791992,1.0981119871139526,1.265181303024292,1.2753053903579712,2.0207979679107666,1.6511609554290771,1.6443095207214355,1.4174208641052246,1.3523341417312622,1.3860669136047363,1.4281554222106934,1.7897807359695435,1.996445655822754,2.1939587593078613,2.4678127765655518,2.483829975128174,2.4471209049224854,2.8079655170440674,2.870398998260498,2.125765085220337,1.9674001932144165,1.7176883220672607,1.819416880607605,1.597438097000122,1.868403434753418,1.8301550149917603,1.9632039070129395,2.148646116256714,1.9996236562728882,2.32480525970459,2.45302677154541,2.1986308097839355,2.4040911197662354,2.1931145191192627
A3,0.6118240356445312,0.38115864992141724,0.0,0.3898911774158478,0.6460257768630981,0.9714581966400146,1.298331618309021,1.4254755973815918,1.7972922325134277,1.8884711265563965,2.2297096252441406,2.0914227962493896,1.8779070377349854,2.1552538871765137,2.1070284843444824,1.1996463537216187,1.1785043478012085,0.8370387554168701,0.917191743850708,0.8544755578041077,0.9955492615699768,1.2290796041488647,1.1516093015670776,1.4849143028259277,1.5279864072799683,1.8233826160430908,1.6142200231552124,1.4129528999328613,1.665283441543579,1.6957942247390747,2.475273609161377,2.2136752605438232,1.884018898010254,1.6582163572311401,1.2943240404129028,1.1317611932754517,0.7897510528564453,0.725318431854248,0.609913170337677,0.5291787981987,0.7408415675163269,0.9822326898574829,0.9568456411361694,1.2176399230957031,1.257100224494934,1.9382801055908203,1.5692335367202759,1.4753621816635132,1.2408339977264404,1.0892788171768188,1.1223689317703247,1.1148351430892944,1.4737937450408936,1.6737163066864014,1.843832015991211,2.1277668476104736,2.1666576862335205,2.1167538166046143,2.475355386734009,2.5265307426452637,1.7878429889678955,1.603432536125183,1.3546313047409058,1.4447033405303955,1.2375584840774536,1.5287426710128784,1.5319143533706665,1.686759352684021,1.9124412536621094,1.8041646480560303,2.1490182876586914,2.2336854934692383,1.9803953170776367,2.216506242752075,2.035489797592163
A4,0.9126924276351929,0.5970650315284729,0.3898911774158478,0.0,0.38791394233703613,0.6442919373512268,0.9985870718955994,1.1791731119155884,1.544922113418579,1.7005653381347656,2.028865098953247,1.8945348262786865,1.7382603883743286,2.0526421070098877,2.0640673637390137,1.3329555988311768,1.2157995700836182,0.8742775321006775,0.7798570990562439,0.6476184129714966,0.6570019721984863,0.8862389922142029,0.8127994537353516,1.1546043157577515,1.2657090425491333,1.5510491132736206,1.3464514017105103,1.2094234228134155,1.5081193447113037,1.6042732000350952,2.2800402641296387,2.0579965114593506,1.6994056701660156,1.542324185371399,1.174683928489685,1.1003637313842773,0.8390362858772278,0.7116716504096985,0.7295444011688232,0.5165653228759766,0.830409586429596,0.9915477633476257,0.8237370252609253,1.0773552656173706,1.0234135389328003,1.6313071250915527,1.2758435010910034,1.1862016916275024,1.0328128337860107,0.9146841168403625,1.0769296884536743,1.1507190465927124,1.4761892557144165,1.7334660291671753,1.8536961078643799,2.174541473388672,2.188166856765747,2.0756938457489014,2.422333002090454,2.424665927886963,1.946731448173523,1.7001501321792603,1.4408204555511475,1.425563097000122,1.1591203212738037,1.3788706064224243,1.3122974634170532,1.5113083124160767,1.7015212774276733,1.6309497356414795,1.9639384746551514,2.0813395977020264,1.8791050910949707,2.148298501968384,2.020428419113159
A5,1.2445570230484009,0.9465101361274719,0.6460257768630981,0.38791394233703613,0.0,0.3899902403354645,0.6659558415412903,0.8692597150802612,1.2281790971755981,1.3653806447982788,1.7073657512664795,1.6222420930862427,1.467162847518921,1.800054907798767,1.8092118501663208,1.4245827198028564,1.221408724784851,0.8627472519874573,0.709729790687561,0.4063348174095154,0.44868648052215576,0.6034961938858032,0.6209154725074768,0.9909970760345459,1.0894215106964111,1.418866753578186,1.3033888339996338,1.1590518951416016,1.4954293966293335,1.5605146884918213,1.9060598611831665,1.6786705255508423,1.321376085281372,1.1828927993774414,0.8154759407043457,0.8250021934509277,0.6573618054389954,0.6327111721038818,0.8312950730323792,0.741766095161438,1.0995385646820068,1.158995509147644,0.9668808579444885,1.2698274850845337,1.2133289575576782,1.4970293045043945,1.165618658065796,0.96645587682724,0.8300843238830566,0.6163230538368225,0.8321961760520935,0.9009944200515747,1.1799876689910889,1.4556643962860107,1.530761957168579,1.8693054914474487,1.8794000148773193,1.7319070100784302,2.068558931350708,2.0492942333221436,1.746474266052246,1.4645259380340576,1.1902071237564087,1.1001259088516235,0.8057509064674377,0.9973657131195068,0.9429999589920044,1.1708346605300903,1.390338659286499,1.3740150928497314,1.7150558233261108,1.792107343673706,1.6101090908050537,1.9113755226135254,1.8335084915161133
A6,1.5292770862579346,1.2399178743362427,0.9714581966400146,0.6442919373512268,0.3899902403354645,0.0,0.3808395266532898,0.593044102191925,0.9327170252799988,1.1520559787750244,1.455593228340149,1.351694107055664,1.2716064453125,1.6250784397125244,1.7104305028915405,1.781495213508606,1.549060344696045,1.215862512588501,0.9828961491584778,0.6530351638793945,0.4459819197654724,0.33244481682777405,0.2392611801624298,0.6095813512802124,0.7592140436172485,1.072863221168518,0.9945846199989319,0.917126476764679,1.2769728899002075,1.3935478925704956,1.7162227630615234,1.556164264678955,1.1752307415008545,1.1209720373153687,0.8121657371520996,0.8910907506942749,0.8593683242797852,0.7402480840682983,0.9926451444625854,0.8672702312469482,1.2179795503616333,1.178341269493103,0.9055241346359253,1.1768310070037842,1.0771684646606445,1.4483946561813354,1.1759361028671265,0.9598511457443237,0.9776187539100647,0.795006275177002,1.0988930463790894,1.1769691705703735,1.3858989477157593,1.6653722524642944,1.6613177061080933,2.017340898513794,2.0382070541381836,1.8312313556671143,2.1348483562469482,2.0461573600769043,1.9268664121627808,1.5961318016052246,1.3749051094055176,1.194137454032898,0.9188053607940674,1.0084755420684814,0.9097603559494019,1.2191871404647827,1.404597282409668,1.4729218482971191,1.783434510231018,1.8685222864151,1.7557368278503418,2.0856986045837402,2.06853985786438
A7,1.8820058107376099,1.5916061401367188,1.298331618309021,0.9985870718955994,0.6659558415412903,0.3808395266532898,0.0,0.38627398014068604,0.643490731716156,0.8781483173370361,1.1738218069076538,1.1492681503295898,1.1141263246536255,1.4802579879760742,1.584007978439331,1.9795533418655396,1.6984680891036987,1.3911497592926025,1.1368972063064575,0.7810471057891846,0.5996747016906738,0.271919310092926,0.4103805720806122,0.6170385479927063,0.7479568719863892,1.0599721670150757,1.1103953123092651,1.0627496242523193,1.4157150983810425,1.5049782991409302,1.3625813722610474,1.2296496629714966,0.8472673296928406,0.8913547396659851,0.6675990223884583,0.8895028233528137,0.9962669014930725,0.9669936895370483,1.2821850776672363,1.2196141481399536,1.5690224170684814,1.4854871034622192,1.2225589752197266,1.4901893138885498,1.3885293006896973,1.4049148559570312,1.2022905349731445,0.9041706919670105,0.9959436655044556,0.7910006642341614,1.111992597579956,1.1882909536361694,1.2987674474716187,1.5777667760849,1.5043944120407104,1.8644750118255615,1.8748809099197388,1.6182458400726318,1.8856641054153442,1.7497053146362305,1.9098305702209473,1.557762861251831,1.3512306213378906,1.0772422552108765,0.8148630857467651,0.7735612988471985,0.6604604721069336,1.0145926475524902,1.1958305835723877,1.3505284786224365,1.6342521905899048,1.6791847944259644,1.6200400590896606,1.9705426692962646,2.0178563594818115
A8,1.984019160270691,1.7488667964935303,1.4254755973815918,1.1791731119155884,0.8692597150802612,0.593044102191925,0.38627398014068604,0.0,0.372222900390625,0.5731971263885498,0.8639523983001709,0.7854407429695129,0.7347484827041626,1.101000189781189,1.2333242893218994,2.24436092376709,1.9896795749664307,1.6532232761383057,1.454378604888916,1.0809264183044434,0.9492635726928711,0.6391924619674683,0.5501843094825745,0.5993121266365051,0.5168761610984802,0.8499149084091187,0.9787117838859558,0.8696998357772827,1.1853578090667725,1.2175748348236084,1.2034567594528198,1.0924090147018433,0.7272857427597046,0.7248998880386353,0.6026423573493958,0.7531954646110535,0.9580811262130737,0.8964321613311768,1.2356504201889038,1.2467800378799438,1.564740777015686,1.398712396621704,1.1786977052688599,1.4570382833480835,1.4329180717468262,1.783119797706604,1.588329553604126,1.2851203680038452,1.3485302925109863,1.0863453149795532,1.344589114189148,1.3217390775680542,1.4127873182296753,1.6250191926956177,1.493249773979187,1.8408843278884888,1.9237524271011353,1.6697769165039062,1.9151262044906616,1.7510554790496826,1.7744860649108887,1.3982287645339966,1.2842893600463867,1.0045007467269897,0.8679687976837158,0.8746259212493896,0.9030669331550598,1.2606600522994995,1.4846614599227905,1.6687963008880615,1.953320860862732,1.9467658996582031,1.8822531700134277,2.235537528991699,2.285508632659912
A9,2.35445237159729,2.119734525680542,1.7972922325134277,1.544922113418579,1.2281790971755981,0.9327170252799988,0.643490731716156,0.372222900390625,0.0,0.3769921660423279,0.5536337494850159,0.5579810738563538,0.6544387936592102,0.9920781850814819,1.190114140510559,2.5713424682617188,2.294401168823242,1.9764060974121094,1.7599529027938843,1.3914121389389038,1.2421822547912598,0.8885902166366577,0.8459736704826355,0.7529683709144592,0.6451829075813293,0.8626831769943237,1.111037015914917,1.063617467880249,1.3252917528152466,1.3488608598709106,0.9310967922210693,0.9271684885025024,0.6202904582023621,0.7668627500534058,0.8178461194038391,1.0168297290802002,1.2846500873565674,1.2435106039047241,1.5825873613357544,1.6035993099212646,1.9071378707885742,1.7065238952636719,1.48683762550354,1.7324591875076294,1.6995580196380615,1.9198938608169556,1.7879501581192017,1.471993327140808,1.592637538909912,1.3501040935516357,1.6074177026748657,1.5839024782180786,1.6029936075210571,1.7915905714035034,1.5928770303726196,1.921416163444519,2.0091099739074707,1.7176254987716675,1.902687668800354,1.6744128465652466,1.9388219118118286,1.5579477548599243,1.4941738843917847,1.1671429872512817,1.0907281637191772,0.9954014420509338,1.0282132625579834,1.3748916387557983,1.5661896467208862,1.813134789466858,2.055448532104492,2.021397590637207,2.0132622718811035,2.3701956272125244,2.4708940982818604
A10,2.4450526237487793,2.241895914077759,1.8884711265563965,1.7005653381347656,1.3653806447982788,1.1520559787750244,0.8781483173370361,0.5731971263885498,0.3769921660423279,0.0,0.36981093883514404,0.4981220066547394,0.4555438756942749,0.7505452036857605,0.8838873505592346,2.6401655673980713,2.3737223148345947,2.0512332916259766,1.8919283151626587,1.5191267728805542,1.458493947982788,1.147623062133789,1.1209508180618286,1.0863765478134155,0.8987973928451538,1.1295371055603027,1.378462791442871,1.2503591775894165,1.4723140001296997,1.398829460144043,0.734011173248291,0.6717768311500549,0.45522433519363403,0.5287142395973206,0.7340623140335083,0.9095283150672913,1.2445850372314453,1.2782036066055298,1.6270482540130615,1.7284958362579346,2.021336317062378,1.812660813331604,1.656944751739502,1.9365119934082031,1.9590375423431396,2.1710872650146484,2.0241737365722656,1.6757053136825562,1.7347614765167236,1.4406354427337646,1.6226568222045898,1.5246950387954712,1.4954276084899902,1.6153910160064697,1.3691401481628418,1.6675015687942505,1.8052607774734497,1.5303850173950195,1.691780686378479,1.4659775495529175,1.6744029521942139,1.3009263277053833,1.3011990785598755,0.9721099138259888,1.0144704580307007,0.943199872970581,1.1004232168197632,1.4057523012161255,1.6472309827804565,1.8968714475631714,2.145983934402466,2.047360420227051,2.0169339179992676,2.3636419773101807,2.464171886444092
A11,2.771226167678833,2.575490713119507,2.2297096252441406,2.028865098953247,1.7073657512664795,1.455593228340149,1.1738218069076538,0.8639523983001709,0.5536337494850159,0.36981093883514404,0.0,0.3755052387714386,0.5443546175956726,0.7011530995368958,0.9302310347557068,3.0054173469543457,2.7332541942596436,2.414518356323242,2.2392845153808594,1.8673641681671143,1.7710397243499756,1.4309961795806885,1.3809372186660767,1.2559494972229004,1.047729253768921,1.1713685989379883,1.4850740432739258,1.4028301239013672,1.5648828744888306,1.4912348985671997,0.6772589087486267,0.7909263372421265,0.7162243127822876,0.8608682751655579,1.1030383110046387,1.2565486431121826,1.5933349132537842,1.5944874286651611,1.928725004196167,2.023271083831787,2.2954113483428955,2.0498597621917725,1.8926596641540527,2.136458158493042,2.160259962081909,2.4105546474456787,2.301248550415039,1.9622688293457031,2.062246084213257,1.788309931755066,1.9819902181625366,1.888537049293518,1.8366674184799194,1.9365464448928833,1.6579689979553223,1.9246656894683838,2.0736653804779053,1.7865617275238037,1.890911340713501,1.6174441576004028,1.9404245615005493,1.579296588897705,1.6314600706100464,1.309923529624939,1.378185510635376,1.2739107608795166,1.4071623086929321,1.7032463550567627,1.9105210304260254,2.1909685134887695,2.4098360538482666,2.3045191764831543,2.3129284381866455,2.657519817352295,2.785923480987549
A12,2.5903875827789307,2.421198606491089,2.0914227962493896,1.8945348262786865,1.6222420930862427,1.351694107055664,1.1492681503295898,0.7854407429695129,0.5579810738563538,0.4981220066547394,0.3755052387714386,0.0,0.36703231930732727,0.5483480095863342,0.8655400276184082,2.989664316177368,2.746020793914795,2.402296304702759,2.232250213623047,1.855664849281311,1.730267882347107,1.3952254056930542,1.2455761432647705,1.0771249532699585,0.7934708595275879,0.8772990703582764,1.1882374286651611,1.0911462306976318,1.210343837738037,1.1367754936218262,1.0466398000717163,1.1064319610595703,0.9456107020378113,0.9893612265586853,1.139976978302002,1.2011394500732422,1.5007823705673218,1.421888828277588,1.7240866422653198,1.8095651865005493,2.0476279258728027,1.7685960531234741,1.6234339475631714,1.8419355154037476,1.8965381383895874,2.4721298217773438,2.330200672149658,2.019589900970459,2.1099796295166016,1.8322745561599731,2.0427002906799316,1.9417147636413574,1.958208441734314,2.068114995956421,1.8294390439987183,2.112821578979492,2.2828125953674316,2.020286798477173,2.169559955596924,1.9285826683044434,1.966013789176941,1.595472812652588,1.6643316745758057,1.391037106513977,1.4444491863250732,1.4197241067886353,1.538735032081604,1.8691247701644897,2.0893685817718506,2.3374783992767334,2.585642099380493,2.5166192054748535,2.493619203567505,2.8446266651153564,2.935418128967285
A13,2.368420124053955,2.2266645431518555,1.8779070377349854,1.7382603883743286,1.467162847518921,1.2716064453125,1.1141263246536255,0.7347484827041626,0.6544387936592102,0.4555438756942749,0.5443546175956726,0.36703231930732727,0.0,0.36654603481292725,0.5729333162307739,2.7825191020965576,2.563091993331909,2.2085487842559814,2.090719699859619,1.7154031991958618,1.6584497690200806,1.3729990720748901,1.2216675281524658,1.1533012390136719,0.8401777148246765,1.0292304754257202,1.2605518102645874,1.0612424612045288,1.1932402849197388,1.0374137163162231,1.1069226264953613,1.0448901653289795,0.8784242272377014,0.7770125269889832,0.9211034178733826,0.9059638381004333,1.2189115285873413,1.1796759366989136,1.4821689128875732,1.6290130615234375,1.8622230291366577,1.5974804162979126,1.50723397731781,1.7723952531814575,1.8729829788208008,2.4986977577209473,2.3124582767486572,1.987792730331421,2.010277271270752,1.693253993988037,1.8508763313293457,1.697959065437317,1.7284438610076904,1.8028433322906494,1.5799640417099,1.854201316833496,2.0576977729797363,1.8351536989212036,2.0130863189697266,1.8221750259399414,1.6128277778625488,1.2453523874282837,1.3439340591430664,1.1136943101882935,1.22256338596344,1.2753703594207764,1.4614042043685913,1.774450421333313,2.0424845218658447,2.2562737464904785,2.5339877605438232,2.443465232849121,2.371518135070801,2.7129476070404053,2.770200729370117
A14,2.6071598529815674,2.5038187503814697,2.1552538871765137,2.0526421070098877,1.800054907798767,1.6250784397125244,1.4802579879760742,1.101000189781189,0.9920781850814819,0.7505452036857605,0.7011530995368958,0.5483480095863342,0.36654603481292725,0.0,0.37201473116874695,3.079456090927124,2.8761935234069824,2.518707275390625,2.4281673431396484,2.0563604831695557,2.0176873207092285,1.7389572858810425,1.5738558769226074,1.484869360923767,1.1460012197494507,1.2694543600082397,1.5091133117675781,1.2976526021957397,1.3407686948776245,1.1136419773101807,1.2475396394729614,1.2163126468658447,1.1489299535751343,1.030486822128296,1.225075364112854,1.1603946685791016,1.4695003032684326,1.4371511936187744,1.7028049230575562,1.8887336254119873,2.080641746520996,1.789943814277649,1.7531991004943848,2.0002872943878174,2.1425416469573975,2.861947536468506,2.6770291328430176,2.3481531143188477,2.3583765029907227,2.0296285152435303,2.155402421951294,1.9649274349212646,1.976365327835083,1.99519944190979,1.7496283054351807,1.9751861095428467,2.2237868309020996,2.025556802749634,2.1685619354248047,1.9764078855514526,1.6539324522018433,1.325197458267212,1.5141934156417847,1.3308498859405518,1.5092984437942505,1.5750529766082764,1.7940278053283691,2.087832450866699,2.3646621704101562,2.5835752487182617,2.857426643371582,2.740316867828369,2.665444850921631,2.997785806655884,3.05525541305542
A15,2.5472638607025146,2.468862295150757,2.1070284843444824,2.0640673637390137,1.8092118501663208,1.7104305028915405,1.584007978439331,1.2333242893218994,1.190114140510559,0.8838873505592346,0.9302310347557068,0.8655400276184082,0.5729333162307739,0.37201473116874695,0.0,2.975126266479492,2.7916226387023926,2.4397974014282227,2.4025096893310547,2.0453386306762695,2.076345443725586,1.843755841255188,1.7097505331039429,1.6961420774459839,1.3705238103866577,1.5556515455245972,1.7501300573349,1.4885132312774658,1.5490047931671143,1.2762140035629272,1.3231639862060547,1.201623558998108,1.1794027090072632,0.9641135334968567,1.1727739572525024,1.0570756196975708,1.3652679920196533,1.40786874294281,1.6613396406173706,1.904901385307312,2.091318130493164,1.833691954612732,1.8467583656311035,2.1287529468536377,2.2956972122192383,2.9526259899139404,2.7440600395202637,2.4015445709228516,2.3556807041168213,2.0023303031921387,2.063070774078369,1.8219454288482666,1.81804358959198,1.7777717113494873,1.5371147394180298,1.7220321893692017,2.0089495182037354,1.859012484550476,2.004221200942993,1.861690640449524,1.3260900974273682,1.0310297012329102,1.2831192016601562,1.1616123914718628,1.4138834476470947,1.5275219678878784,1.8036664724349976,2.0569658279418945,2.3649826049804688,2.558267593383789,2.843374490737915,2.694021224975586,2.584181547164917,2.896820306777954,2.933098554611206
B1,1.357456088066101,1.152504801750183,1.1996463537216187,1.3329555988311768,1.4245827198028564,1.781495213508606,1.9795533418655396,2.24436092376709,2.5713424682617188,2.6401655673980713,3.0054173469543457,2.989664316177368,2.7825191020965576,3.079456090927124,2.975126266479492,0.0,0.3791835904121399,0.595258891582489,0.8883005976676941,1.2013188600540161,1.4915443658828735,1.8457317352294922,2.00254225730896,2.3738999366760254,2.512962818145752,2.831733465194702,2.6663668155670166,2.5237698554992676,2.821051597595215,2.857783555984497,3.0004055500030518,2.695075273513794,2.432345390319824,2.2667713165283203,1.9339104890823364,1.9278041124343872,1.6490519046783447,1.8007616996765137,1.7755376100540161,1.7175524234771729,1.8955000638961792,2.1784183979034424,2.1198208332061768,2.3433196544647217,2.2748820781707764,1.8510069847106934,1.5313873291015625,1.5571097135543823,1.205655574798584,1.2879658937454224,1.1093708276748657,1.2683649063110352,1.5216799974441528,1.7231711149215698,2.033282995223999,2.220963478088379,2.086181163787842,2.1363508701324463,2.4711952209472656,2.6442344188690186,2.2504682540893555,2.1933443546295166,1.8373167514801025,1.9483577013015747,1.6968196630477905,1.876168131828308,1.808596134185791,1.7144486904144287,1.8205862045288086,1.520494818687439,1.7688661813735962,1.8897358179092407,1.582660436630249,1.6289552450180054,1.318206548690796
B2,1.4926550388336182,1.215732455253601,1.1785043478012085,1.2157995700836182,1.221408724784851,1.549060344696045,1.6984680891036987,1.9896795749664307,2.294401168823242,2.3737223148345947,2.7332541942596436,2.746020793914795,2.563091993331909,2.8761935234069824,2.7916226387023926,0.3791835904121399,0.0,0.38356441259384155,0.593023955821991,0.9218412637710571,1.2181435823440552,1.5616031885147095,1.7705638408660889,2.1383588314056396,2.297419786453247,2.6198463439941406,2.4887049198150635,2.367504119873047,2.6896960735321045,2.7378969192504883,2.688420295715332,2.3964710235595703,2.134476900100708,2.009737968444824,1.6873329877853394,1.7459014654159546,1.5158146619796753,1.6846531629562378,1.7326890230178833,1.6655892133712769,1.9051860570907593,2.1438097953796387,2.03541898727417,2.2780208587646484,2.179204225540161,1.5219463109970093,1.2109400033950806,1.2060705423355103,0.8492985367774963,0.9666138887405396,0.8133183717727661,1.0516082048416138,1.2725105285644531,1.5262129306793213,1.805556297302246,2.0207881927490234,1.8581162691116333,1.861704707145691,2.191059112548828,2.339121103286743,2.1631898880004883,2.0618228912353516,1.6860649585723877,1.7299572229385376,1.4435075521469116,1.5698177814483643,1.4685076475143433,1.357416033744812,1.4447282552719116,1.1446678638458252,1.4022133350372314,1.5325840711593628,1.2415213584899902,1.3259671926498413,1.0597121715545654
B3,1.24956214427948,0.9571533799171448,0.8370387554168701,0.8742775321006775,0.8627472519874573,1.215862512588501,1.3911497592926025,1.6532232761383057,1.9764060974121094,2.0512332916259766,2.414518356323242,2.402296304702759,2.2085487842559814,2.518707275390625,2.4397974014282227,0.595258891582489,0.38356441259384155,0.0,0.38513293862342834,0.618493378162384,0.9482023119926453,1.2774490118026733,1.445496678352356,1.8188761472702026,1.9483232498168945,2.277923583984375,2.1475777626037598,2.0040009021759033,2.321770191192627,2.3580989837646484,2.4319207668304443,2.139127254486084,1.8551119565963745,1.70133376121521,1.358683466911316,1.3857736587524414,1.1415472030639648,1.3012142181396484,1.3619568347930908,1.3116244077682495,1.5721849203109741,1.7860348224639893,1.6824558973312378,1.9472631216049194,1.8763206005096436,1.518032431602478,1.1685583591461182,1.0873130559921265,0.721337616443634,0.7160563468933105,0.5946522951126099,0.7913855314254761,1.0825022459030151,1.3479770421981812,1.5981534719467163,1.8508366346359253,1.7475404739379883,1.7229596376419067,2.073259115219116,2.1892504692077637,1.8892154693603516,1.7523168325424194,1.3862541913986206,1.4285426139831543,1.1400350332260132,1.318626046180725,1.2511810064315796,1.2221519947052002,1.3816312551498413,1.1546249389648438,1.473049521446228,1.5713611841201782,1.2833218574523926,1.4544771909713745,1.237274408340454
B4,1.4004476070404053,1.04828679561615,0.917191743850708,0.7798570990562439,0.709729790687561,0.9828961491584778,1.1368972063064575,1.454378604888916,1.7599529027938843,1.8919283151626587,2.2392845153808594,2.232250213623047,2.090719699859619,2.4281673431396484,2.4025096893310547,0.8883005976676941,0.593023955821991,0.38513293862342834,0.0,0.3776360750198364,0.6253710985183716,0.9762006402015686,1.1940228939056396,1.5554372072219849,1.7406501770019531,2.051673173904419,1.9333949089050293,1.8448855876922607,2.18499493598938,2.26810622215271,2.2596940994262695,2.0084047317504883,1.6959644556045532,1.612612247467041,1.2703471183776855,1.370863676071167,1.182806372642517,1.2848682403564453,1.4010170698165894,1.284169316291809,1.586196780204773,1.7607848644256592,1.5830683708190918,1.8298345804214478,1.6990234851837158,1.159115195274353,0.8002110123634338,0.7259438037872314,0.4025675654411316,0.512369692325592,0.6087996363639832,0.9010264277458191,1.1482843160629272,1.4719560146331787,1.6542797088623047,1.948608636856079,1.830151915550232,1.7292044162750244,2.0649423599243164,2.121593952178955,2.055652379989624,1.8554773330688477,1.4948277473449707,1.4387584924697876,1.0949652194976807,1.191416621208191,1.0306185483932495,1.0451816320419312,1.1532505750656128,0.9614257216453552,1.2771496772766113,1.431754231452942,1.2140065431594849,1.43833589553833,1.3041166067123413
B5,1.4335306882858276,1.0971829891204834,0.8544755578041077,0.6476184129714966,0.4063348174095154,0.6530351638793945,0.7810471057891846,1.0809264183044434,1.3914121389389038,1.5191267728805542,1.8673641681671143,1.855664849281311,1.7154031991958618,2.0563604831695557,2.0453386306762695,1.2013188600540161,0.9218412637710571,0.618493378162384,0.3776360750198364,0.0,0.385669469833374,0.6646891236305237,0.8779690265655518,1.2415794134140015,1.3954241275787354,1.7219511270523071,1.6388198137283325,1.5338083505630493,1.8813985586166382,1.9494339227676392,1.9268114566802979,1.682716727256775,1.3513085842132568,1.26441490650177,0.9162219166755676,1.0380234718322754,0.9035339951515198,1.0006247758865356,1.1919916868209839,1.1083316802978516,1.4506361484527588,1.5529365539550781,1.359084963798523,1.6400259733200073,1.534083366394043,1.2222907543182373,0.8852258920669556,0.6691907644271851,0.4377104938030243,0.2802377939224243,0.5370897054672241,0.757010817527771,0.9988248348236084,1.3264540433883667,1.4416519403457642,1.7693794965744019,1.7002551555633545,1.554758071899414,1.8907426595687866,1.9021104574203491,1.8390568494796753,1.58966064453125,1.252840518951416,1.1422337293624878,0.7879807353019714,0.8940982222557068,0.7602115869522095,0.8859544396400452,1.0681086778640747,0.9930570721626282,1.335842251777649,1.4341752529144287,1.2444679737091064,1.5336006879806519,1.4592437744140625
B6,1.549347996711731,1.1976317167282104,0.9955492615699768,0.6570019721984863,0.44868648052215576,0.4459819197654724,0.5996747016906738,0.9492635726928711,1.2421822547912598,1.458493947982788,1.7710397243499756,1.730267882347107,1.6584497690200806,2.0176873207092285,2.076345443725586,1.4915443658828735,1.2181435823440552,0.9482023119926453,0.6253710985183716,0.385669469833374,0.0,0.3786928057670593,0.6081756353378296,0.9465645551681519,1.1780263185501099,1.4634978771209717,1.372092366218567,1.3421276807785034,1.6993674039840698,1.8317545652389526,1.895268201828003,1.7171409130096436,1.35288667678833,1.3396563529968262,1.015768051147461,1.162329912185669,1.076302409172058,1.0529361963272095,1.2537412643432617,1.0881235599517822,1.4334594011306763,1.4931179285049438,1.2256898880004883,1.4609260559082031,1.2918421030044556,1.0628188848495483,0.7522228360176086,0.574579656124115,0.5848835110664368,0.5530447363853455,0.8979764580726624,1.1071503162384033,1.3134783506393433,1.6440969705581665,1.6998244524002075,2.046828031539917,1.9879422187805176,1.7914209365844727,2.101806163787842,2.049833297729492,2.100210189819336,1.8072662353515625,1.5119982957839966,1.3423643112182617,0.994081437587738,1.0255959033966064,0.8125467896461487,1.0288400650024414,1.1428766250610352,1.1381146907806396,1.4386528730392456,1.5852582454681396,1.4727939367294312,1.7798835039138794,1.753717303276062
B7,1.7971996068954468,1.4756921529769897,1.2290796041488647,0.8862389922142029,0.6034961938858032,0.33244481682777405,0.271919310092926,0.6391924619674683,0.8885902166366577,1.147623062133789,1.4309961795806885,1.3952254056930542,1.3729990720748901,1.7389572858810425,1.843755841255188,1.8457317352294922,1.5616031885147095,1.2774490118026733,0.9762006402015686,0.6646891236305237,0.3786928057670593,0.0,0.3845660388469696,0.652789294719696,0.8875299096107483,1.166658639907837,1.151889443397522,1.149836778640747,1.510955810546875,1.64578378200531,1.5945335626602173,1.4654909372329712,1.088998794555664,1.137906789779663,0.8766428828239441,1.0748695135116577,1.1017814874649048,1.0498522520065308,1.31805419921875,1.1876829862594604,1.5373564958572388,1.5037932395935059,1.2123585939407349,1.4496904611587524,1.2924753427505493,1.1849775314331055,0.9646230340003967,0.7149948477745056,0.842041015625,0.7273649573326111,1.0876262187957764,1.2350350618362427,1.3795284032821655,1.6904548406600952,1.6639851331710815,2.0231876373291016,1.9967005252838135,1.7516158819198608,2.0305581092834473,1.915579915046692,2.085902690887451,1.751407504081726,1.5082616806030273,1.2661701440811157,0.9567875266075134,0.9198222756385803,0.7185113430023193,1.0314831733703613,1.1578121185302734,1.26593816280365,1.5436961650848389,1.6476081609725952,1.5893492698669434,1.9275039434432983,1.9592504501342773
B8,1.6713920831680298,1.3953807353973389,1.1516093015670776,0.8127994537353516,0.6209154725074768,0.2392611801624298,0.4103805720806122,0.5501843094825745,0.8459736704826355,1.1209508180618286,1.3809372186660767,1.2455761432647705,1.2216675281524658,1.5738558769226074,1.7097505331039429,2.00254225730896,1.7705638408660889,1.445496678352356,1.1940228939056396,0.8779690265655518,0.6081756353378296,0.3845660388469696,0.0,0.37437641620635986,0.5812153816223145,0.8601021766662598,0.7897595167160034,0.774785041809082,1.135393500328064,1.2957870960235596,1.7026698589324951,1.5919872522354126,1.2099790573120117,1.1993571519851685,0.9409297704696655,1.0216269493103027,1.0323556661605835,0.8569173812866211,1.099069356918335,0.9505993723869324,1.2740646600723267,1.1829428672790527,0.8737550973892212,1.1023755073547363,0.9800583124160767,1.5076066255569458,1.273146629333496,1.0776848793029785,1.1624459028244019,1.007145643234253,1.3265522718429565,1.4020544290542603,1.590701699256897,1.863366723060608,1.8272440433502197,2.1852641105651855,2.2171213626861572,1.9888004064559937,2.2733747959136963,2.1504294872283936,2.081833839416504,1.73433256149292,1.5491355657577515,1.3451616764068604,1.0980186462402344,1.1495229005813599,1.0390292406082153,1.3718507289886475,1.53229820728302,1.6342347860336304,1.9237037897109985,2.0169003009796143,1.9361485242843628,2.2731688022613525,2.277233600616455
B9,1.9629467725753784,1.71235990524292,1.4849143028259277,1.1546043157577515,0.9909970760345459,0.6095813512802124,0.6170385479927063,0.5993121266365051,0.7529683709144592,1.0863765478134155,1.2559494972229004,1.0771249532699585,1.1533012390136719,1.484869360923767,1.6961420774459839,2.3738999366760254,2.1383588314056396,1.8188761472702026,1.5554372072219849,1.2415794134140015,0.9465645551681519,0.652789294719696,0.37437641620635986,0.0,0.3752286434173584,0.5353447794914246,0.5447697639465332,0.6604848504066467,0.9821087718009949,1.1939127445220947,1.666279673576355,1.6350207328796387,1.2734839916229248,1.3235175609588623,1.152408242225647,1.2372132539749146,1.3130149841308594,1.1005594730377197,1.334316372871399,1.1915338039398193,1.4660824537277222,1.2981914281845093,0.9781545400619507,1.1313815116882324,1.0041823387145996,1.6923736333847046,1.5193142890930176,1.336588740348816,1.4869951009750366,1.3439362049102783,1.6713154315948486,1.732185959815979,1.8866058588027954,2.1425325870513916,2.0565130710601807,2.4116663932800293,2.463475465774536,2.20715069770813,2.4585795402526855,2.28609037399292,2.2973992824554443,1.9303263425827026,1.8003859519958496,1.5651741027832031,1.3665279150009155,1.3707088232040405,1.266075611114502,1.6188864707946777,1.7546393871307373,1.9068361520767212,2.1666877269744873,2.255204916000366,2.21714448928833,2.563509941101074,2.6001734733581543
B10,1.9918699264526367,1.7952128648757935,1.5279864072799683,1.2657090425491333,1.0894215106964111,0.7592140436172485,0.7479568719863892,0.5168761610984802,0.6451829075813293,0.8987973928451538,1.047729253768921,0.7934708595275879,0.8401777148246765,1.1460012197494507,1.3705238103866577,2.512962818145752,2.297419786453247,1.9483232498168945,1.7406501770019531,1.3954241275787354,1.1780263185501099,0.8875299096107483,0.5812153816223145,0.3752286434173584,0.0,0.36494430899620056,0.48597681522369385,0.442218542098999,0.7344217300415039,0.872802197933197,1.5662379264831543,1.5302093029022217,1.1970211267471313,1.1869635581970215,1.0697972774505615,1.082679033279419,1.2102935314178467,0.9841235876083374,1.2318874597549438,1.179209589958191,1.4245916604995728,1.182660460472107,0.9333744645118713,1.1231300830841064,1.1169437170028687,2.0180606842041016,1.8258241415023804,1.600311040878296,1.6966335773468018,1.481512427330017,1.7599581480026245,1.7427393198013306,1.888012409210205,2.0923871994018555,1.9755429029464722,2.315612554550171,2.4235572814941406,2.181426525115967,2.424701452255249,2.2485320568084717,2.100236177444458,1.7280278205871582,1.6680434942245483,1.449885606765747,1.3356516361236572,1.386817455291748,1.3794087171554565,1.740774393081665,1.9318794012069702,2.0982537269592285,2.377666473388672,2.415447235107422,2.3548171520233154,2.7055599689483643,2.7353975772857666
B11,2.2364938259124756,2.054466962814331,1.8233826160430908,1.5510491132736206,1.418866753578186,1.072863221168518,1.0599721670150757,0.8499149084091187,0.8626831769943237,1.1295371055603027,1.1713685989379883,0.8772990703582764,1.0292304754257202,1.2694543600082397,1.5556515455245972,2.831733465194702,2.6198463439941406,2.277923583984375,2.051673173904419,1.7219511270523071,1.4634978771209717,1.166658639907837,0.8601021766662598,0.5353447794914246,0.36494430899620056,0.0,0.3687748908996582,0.5279039144515991,0.6711125373840332,0.8930788040161133,1.7429356575012207,1.7738457918167114,1.469062089920044,1.5017497539520264,1.4232016801834106,1.433919072151184,1.5598888397216797,1.303584337234497,1.5048127174377441,1.4214028120040894,1.6136424541473389,1.3392301797866821,1.0892142057418823,1.1742488145828247,1.1546494960784912,2.210928440093994,2.0533368587493896,1.8618009090423584,2.000584125518799,1.8163375854492188,2.1114492416381836,2.106435537338257,2.2466061115264893,2.4499008655548096,2.3173089027404785,2.6528522968292236,2.765324831008911,2.5100653171539307,2.7336153984069824,2.5296361446380615,2.4228951930999756,2.050990104675293,2.0189478397369385,1.7978371381759644,1.6947970390319824,1.7206130027770996,1.6910189390182495,2.0546107292175293,2.2155542373657227,2.3975093364715576,2.656214952468872,2.7099616527557373,2.675809860229492,3.028640031814575,3.0717427730560303
B12,1.9654802083969116,1.7975342273712158,1.6142200231552124,1.3464514017105103,1.3033888339996338,0.9945846199989319,1.1103953123092651,0.9787117838859558,1.111037015914917,1.378462791442871,1.4850740432739258,1.1882374286651611,1.2605518102645874,1.5091133117675781,1.7501300573349,2.6663668155670166,2.4887049198150635,2.1475777626037598,1.9333949089050293,1.6388198137283325,1.372092366218567,1.151889443397522,0.7897595167160034,0.5447697639465332,0.48597681522369385,0.3687748908996582,0.0,0.3628239333629608,0.532399594783783,0.8513703346252441,2.0313706398010254,2.0142431259155273,1.6781128644943237,1.660679817199707,1.5036624670028687,1.4633687734603882,1.501400113105774,1.188818097114563,1.3171072006225586,1.1719121932983398,1.3272778987884521,1.0729585886001587,0.7951586842536926,0.8228091597557068,0.7958799600601196,2.17034649848938,1.9767359495162964,1.8352291584014893,1.9457223415374756,1.786102056503296,2.0779690742492676,2.088170289993286,2.2823846340179443,2.5003156661987305,2.4192376136779785,2.7610340118408203,2.8643059730529785,2.634869337081909,2.8925421237945557,2.725057601928711,2.4681174755096436,2.1132917404174805,2.05198073387146,1.8802388906478882,1.7427171468734741,1.8208131790161133,1.770331859588623,2.123964786529541,2.2844772338867188,2.416245460510254,2.6915600299835205,2.7790162563323975,2.7138843536376953,3.0559980869293213,3.0600879192352295
B13,1.767507791519165,1.6366976499557495,1.4129528999328613,1.2094234228134155,1.1590518951416016,0.917126476764679,1.0627496242523193,0.8696998357772827,1.063617467880249,1.2503591775894165,1.4028301239013672,1.0911462306976318,1.0612424612045288,1.2976526021957397,1.4885132312774658,2.5237698554992676,2.367504119873047,2.0040009021759033,1.8448855876922607,1.5338083505630493,1.3421276807785034,1.149836778640747,0.774785041809082,0.6604848504066467,0.442218542098999,0.5279039144515991,0.3628239333629608,0.0,0.3623272180557251,0.5735194087028503,1.9599127769470215,1.890794277191162,1.5628679990768433,1.467568039894104,1.3018555641174316,1.1885453462600708,1.2185311317443848,0.8941437602043152,1.0218292474746704,0.9553490281105042,1.109925627708435,0.8155333995819092,0.6071884632110596,0.7550436854362488,0.8600589036941528,2.2656145095825195,2.0299642086029053,1.8503715991973877,1.8935319185256958,1.6792182922363281,1.9234354496002197,1.8789012432098389,2.0851693153381348,2.2691376209259033,2.196281909942627,2.525073766708374,2.6597540378570557,2.460188627243042,2.7302749156951904,2.590780258178711,2.1479623317718506,1.804612636566162,1.769722819328308,1.6395949125289917,1.544541835784912,1.6833581924438477,1.6972442865371704,2.0441722869873047,2.25411057472229,2.370776414871216,2.673921823501587,2.7271807193756104,2.623382091522217,2.961451292037964,2.9420320987701416
