,A1,A2,A3,A4,A5,A6,A7,A8,A9,A10,A11,A12,A13,A14,A15,B1,B2,B3,B4,B5,B6,B7,B8,B9,B10,B11,B12,B13,B14,B15,C1,C2,C3,C4,C5,C6,C7,C8,C9,C10,C11,C12,C13,C14,C15,D1,D2,D3,D4,D5,D6,D7,D8,D9,D10,D11,D12,D13,D14,D15,E1,E2,E3,E4,E5,E6,E7,E8,E9,E10,E11,E12,E13,E14,E15
A1,0.0,0.39650681614875793,0.6201751828193665,0.9386615753173828,1.2553757429122925,1.56122624874115,1.905535101890564,2.0514259338378906,2.420823574066162,2.5878992080688477,2.899446487426758,2.7420217990875244,2.6194632053375244,2.9681396484375,3.0206246376037598,0.5504518151283264,0.5322086811065674,0.860144853591919,1.077500343322754,1.396214485168457,1.6887420415878296,2.017430543899536,2.1958115100860596,2.5426828861236572,2.677367925643921,2.9866299629211426,2.8352649211883545,2.672029733657837,3.0040650367736816,3.0529263019561768,3.1256227493286133,2.86875319480896,2.533066987991333,2.3374059200286865,1.9683637619018555,1.847893238067627,1.500255823135376,1.5228538513183594,1.3854466676712036,1.2858000993728638,1.3756132125854492,1.7101688385009766,1.7366814613342285,1.7138804197311401,2.03587007522583,2.070650577545166,2.141421318054199,1.854683756828308,2.0800373554229736,1.9205785989761353,2.146591901779175,2.167329788208008,2.0870468616485596,2.350026845932007,2.1675546169281006,2.4886844158172607,2.4623138904571533,2.1148645877838135,2.2686123847961426,2.397392988204956,2.8396575450897217,2.50044322013855,2.261406660079956,1.934876799583435,1.6359533071517944,1.4042415618896484,1.1077474355697632,1.3023601770401,1.1914763450622559,1.4185521602630615,1.5097630023956299,1.6990611553192139,1.8659201860427856,2.0127370357513428,2.213899612426758
A2,0.39650681614875793,0.0,0.3770883083343506,0.6139650344848633,0.9571837782859802,1.2644742727279663,1.6131196022033691,1.8122230768203735,2.177098512649536,2.375385046005249,2.685767650604248,2.558898687362671,2.4668636322021484,2.813955068588257,2.8936755657196045,0.36887240409851074,0.35135939717292786,0.5444723963737488,0.8553134202957153,1.1319663524627686,1.4566541910171509,1.7714649438858032,1.9147640466690063,2.268512487411499,2.3656136989593506,2.6855411529541016,2.5418179035186768,2.3476054668426514,2.668045997619629,2.7283313274383545,2.8571062088012695,2.581385850906372,2.2598726749420166,2.027512550354004,1.6660529375076294,1.5082647800445557,1.1527352333068848,1.2131421566009521,1.0782077312469482,1.065718173980713,1.1784132719039917,1.477738618850708,1.5395041704177856,1.583877444267273,1.8810518980026245,1.680175542831421,1.7459241151809692,1.4664047956466675,1.7109248638153076,1.583234429359436,1.8411221504211426,1.9098178148269653,1.8708539009094238,2.171719551086426,2.047548532485962,2.392143964767456,2.3521814346313477,2.03446102142334,2.2405667304992676,2.376188278198242,2.6761014461517334,2.353625774383545,2.0783274173736572,1.7930800914764404,1.4547818899154663,1.2801120281219482,0.9547051191329956,1.150027871131897,1.0901368856430054,1.2456486225128174,1.4088687896728516,1.6241605281829834,1.7171064615249634,1.85275399684906,2.098369598388672
A3,0.6201751828193665,0.3770883083343506,0.0,0.39966917037963867,0.6512451171875,1.0022027492523193,1.3233773708343506,1.509367823600769,1.885150671005249,2.053499460220337,2.3813774585723877,2.2731339931488037,2.153686046600342,2.492046594619751,2.593315601348877,0.6359496116638184,0.34623315930366516,0.3787478506565094,0.5839216113090515,0.8208978176116943,1.1555691957473755,1.4507631063461304,1.6374461650848389,1.984692931175232,2.1014955043792725,2.4252769947052,2.312744140625,2.144559621810913,2.4668734073638916,2.556474447250366,2.5248773097991943,2.2554962635040283,1.9286400079727173,1.724870204925537,1.3590184450149536,1.2634023427963257,0.9386499524116516,1.0410077571868896,1.0180652141571045,0.998222827911377,1.2184134721755981,1.4634760618209839,1.4498902559280396,1.5515787601470947,1.846994161605835,1.6600621938705444,1.65273118019104,1.32502281665802,1.498738169670105,1.308199405670166,1.5315619707107544,1.5605740547180176,1.5149954557418823,1.806510090827942,1.6812089681625366,2.0309343338012695,2.0092756748199463,1.704172134399414,1.9133784770965576,2.075011730194092,2.304840326309204,1.986345648765564,1.7083526849746704,1.4188538789749146,1.0795128345489502,0.910151481628418,0.6009994149208069,0.8596235513687134,0.9023536443710327,1.096886396408081,1.3286058902740479,1.4742788076400757,1.5237369537353516,1.7187986373901367,1.9498875141143799
A4,0.9386615753173828,0.6139650344848633,0.39966917037963867,0.0,0.37786680459976196,0.6526477336883545,1.001330018043518,1.222503900527954,1.581276297569275,1.7977986335754395,2.104156255722046,2.0070862770080566,1.9400482177734375,2.279466390609741,2.3864781856536865,0.882386326789856,0.6929649710655212,0.510394811630249,0.7407732009887695,0.8057612776756287,1.1770071983337402,1.4015538692474365,1.5629576444625854,1.9053038358688354,1.9603139162063599,2.3059966564178467,2.2345190048217773,2.0254065990448,2.3174314498901367,2.445728063583374,2.3719475269317627,2.0644402503967285,1.7767353057861328,1.529875636100769,1.1925984621047974,1.0860321521759033,0.7927707433700562,1.0265483856201172,1.0537842512130737,1.1608353853225708,1.3871188163757324,1.570847511291504,1.5929877758026123,1.7613739967346191,2.018218517303467,1.3378725051879883,1.3355196714401245,0.999234676361084,1.1723659038543701,1.0271172523498535,1.2562941312789917,1.363352656364441,1.3230904340744019,1.6546902656555176,1.600110411643982,1.953150987625122,1.880415916442871,1.6099071502685547,1.8793933391571045,2.0100412368774414,2.2525782585144043,1.9781055450439453,1.6518114805221558,1.4162187576293945,1.040353536605835,0.9133840203285217,0.5827693343162537,0.7066634297370911,0.7747607827186584,0.8421612977981567,1.1330513954162598,1.299635648727417,1.2713592052459717,1.437774658203125,1.7060930728912354
A5,1.2553757429122925,0.9571837782859802,0.6512451171875,0.37786680459976196,0.0,0.4043012857437134,0.6816028952598572,0.926533043384552,1.2907955646514893,1.4829304218292236,1.808729887008667,1.7556133270263672,1.6721432209014893,1.9927749633789062,2.138867139816284,1.1879147291183472,0.9349607229232788,0.6709285974502563,0.7217246890068054,0.6093581914901733,0.9579073190689087,1.1080302000045776,1.2972009181976318,1.6195504665374756,1.6739277839660645,2.0234694480895996,1.9964796304702759,1.8088725805282593,2.0882198810577393,2.2527644634246826,2.0126404762268066,1.7024102210998535,1.42165207862854,1.1927217245101929,0.8679584264755249,0.8476371765136719,0.6562782526016235,0.9538677930831909,1.104482650756836,1.2234718799591064,1.5093129873275757,1.6213796138763428,1.5867797136306763,1.8103564977645874,2.041360855102539,1.3506146669387817,1.2521145343780518,0.8818565607070923,0.9343183636665344,0.7089856266975403,0.8966863751411438,0.985609769821167,0.9662298560142517,1.309486746788025,1.2998621463775635,1.6596475839614868,1.6024885177612305,1.3796254396438599,1.6685210466384888,1.82565176486969,1.9055302143096924,1.6553263664245605,1.3104811906814575,1.115283489227295,0.7363041043281555,0.6988919973373413,0.4848610758781433,0.6081055998802185,0.8391734957695007,0.8877894282341003,1.2385716438293457,1.3180253505706787,1.202467918395996,1.4213085174560547,1.6722917556762695
A6,1.56122624874115,1.2644742727279663,1.0022027492523193,0.6526477336883545,0.4043012857437134,0.0,0.37176981568336487,0.616878092288971,0.9482002258300781,1.2008893489837646,1.487657070159912,1.432459831237793,1.4152826070785522,1.7340149879455566,1.8712615966796875,1.5251680612564087,1.309257984161377,1.051236629486084,1.1199547052383423,0.9444772601127625,1.2475959062576294,1.2977535724639893,1.4696030616760254,1.752109408378601,1.7447994947433472,2.1014020442962646,2.1355957984924316,1.9270555973052979,2.1574649810791016,2.367565870285034,1.9875200986862183,1.6424976587295532,1.435059666633606,1.1969666481018066,0.96502685546875,0.9910740256309509,0.9082469344139099,1.2597277164459229,1.4260191917419434,1.5953960418701172,1.8677608966827393,1.9525765180587769,1.9374500513076782,2.1842448711395264,2.3938028812408447,1.275479793548584,1.1836378574371338,0.8381134867668152,0.8090057373046875,0.6527090072631836,0.7385649085044861,0.9181137084960938,0.8478963375091553,1.2034401893615723,1.2682641744613647,1.594759464263916,1.4623512029647827,1.2885338068008423,1.6253101825714111,1.7258235216140747,1.9429402351379395,1.7603046894073486,1.3926317691802979,1.2586004734039307,0.9167320728302002,0.8861445784568787,0.726401150226593,0.6161755323410034,0.8315872550010681,0.7293891906738281,1.0977871417999268,1.1521519422531128,0.9389476180076599,1.1305173635482788,1.3938837051391602
A7,1.905535101890564,1.6131196022033691,1.3233773708343506,1.001330018043518,0.6816028952598572,0.37176981568336487,0.0,0.38975435495376587,0.6659045815467834,0.9088984727859497,1.199631929397583,1.2186813354492188,1.2122706174850464,1.4900188446044922,1.6751389503479004,1.853824496269226,1.61650812625885,1.3322725296020508,1.3230352401733398,1.059137225151062,1.277658224105835,1.2188637256622314,1.385089635848999,1.611210823059082,1.5772360563278198,1.923154354095459,2.0183141231536865,1.8315404653549194,2.0231142044067383,2.2725181579589844,1.7005800008773804,1.3460286855697632,1.1942837238311768,0.9882047176361084,0.8583117127418518,0.9852280616760254,1.0384142398834229,1.3891960382461548,1.61845064163208,1.7948617935180664,2.0882210731506348,2.1190881729125977,2.0724105834960938,2.352562427520752,2.5324947834014893,1.3937122821807861,1.22446608543396,0.9143475294113159,0.7203525900840759,0.5380657911300659,0.4396775960922241,0.6556132435798645,0.6139548420906067,0.9642982482910156,1.1300736665725708,1.427632212638855,1.2953895330429077,1.2179204225540161,1.5652018785476685,1.6726865768432617,1.714551329612732,1.5942344665527344,1.2221370935440063,1.181228518486023,0.9118360877037048,0.9834755659103394,0.9573059678077698,0.8398216962814331,1.1087056398391724,0.9960082769393921,1.3493365049362183,1.3289483785629272,1.0405654907226562,1.2459394931793213,1.4696228504180908
A8,2.0514259338378906,1.8122230768203735,1.509367823600769,1.222503900527954,0.926533043384552,0.616878092288971,0.38975435495376587,0.0,0.3815109431743622,0.5885331630706787,0.8849550485610962,0.8541496992111206,0.8294051289558411,1.1262315511703491,1.2909290790557861,2.0936050415039062,1.829401969909668,1.5952757596969604,1.5631916522979736,1.3231056928634644,1.5228595733642578,1.4429068565368652,1.6633573770523071,1.858698844909668,1.8528056144714355,2.1804895401000977,2.3085505962371826,2.1580116748809814,2.3391551971435547,2.6025850772857666,1.8073662519454956,1.476877212524414,1.3597896099090576,1.2457153797149658,1.1490000486373901,1.3401600122451782,1.3886882066726685,1.7235910892486572,1.9560537338256836,2.094407558441162,2.402010202407837,2.454918622970581,2.3797364234924316,2.645115613937378,2.843379020690918,1.7397692203521729,1.5947084426879883,1.2960031032562256,1.0937705039978027,0.9037272334098816,0.6885456442832947,0.7537522912025452,0.5169122219085693,0.7740378379821777,0.9278911352157593,1.166361689567566,0.9663012623786926,0.9192376136779785,1.2775617837905884,1.3397042751312256,1.678893804550171,1.597830057144165,1.2549002170562744,1.1954679489135742,0.9975295066833496,0.996163547039032,1.029975414276123,0.810908317565918,1.0685768127441406,0.9678112268447876,1.2726188898086548,1.1514750719070435,0.8350585103034973,1.087396264076233,1.2333670854568481
A9,2.420823574066162,2.177098512649536,1.885150671005249,1.581276297569275,1.2907955646514893,0.9482002258300781,0.6659045815467834,0.3815109431743622,0.0,0.3678460121154785,0.5489270091056824,0.5930004119873047,0.693259596824646,0.9145487546920776,1.093819499015808,2.458542823791504,2.2053706645965576,1.960416555404663,1.9283536672592163,1.6644688844680786,1.831279993057251,1.6962652206420898,1.8877816200256348,2.0331428050994873,1.9857714176177979,2.291741371154785,2.4692084789276123,2.3219845294952393,2.4545106887817383,2.745840072631836,1.8231757879257202,1.4983655214309692,1.4762675762176514,1.3935518264770508,1.3901020288467407,1.596340298652649,1.6970049142837524,2.0376453399658203,2.2813611030578613,2.440852403640747,2.745359182357788,2.7743723392486572,2.7030189037323,2.9844391345977783,3.164205551147461,1.9021620750427246,1.7498191595077515,1.5063703060150146,1.2542405128479004,1.1328985691070557,0.8503817915916443,0.934968113899231,0.7350029945373535,0.8705745339393616,1.1043376922607422,1.2462208271026611,0.9995285272598267,1.075305700302124,1.4140725135803223,1.421942114830017,1.7664626836776733,1.7657338380813599,1.4483920335769653,1.462211012840271,1.3249012231826782,1.3524401187896729,1.408949613571167,1.1675779819488525,1.3861157894134521,1.2339879274368286,1.4898654222488403,1.338620662689209,0.9807122349739075,1.1663862466812134,1.2627458572387695
A10,2.5878992080688477,2.375385046005249,2.053499460220337,1.7977986335754395,1.4829304218292236,1.2008893489837646,0.9088984727859497,0.5885331630706787,0.3678460121154785,0.0,0.37669071555137634,0.5096241235733032,0.46094805002212524,0.6108068227767944,0.8651718497276306,2.6552927494049072,2.3666775226593018,2.1376841068267822,2.0468783378601074,1.7740111351013184,1.8870055675506592,1.7148910760879517,1.9406548738479614,2.0453126430511475,2.037187099456787,2.313815116882324,2.516852378845215,2.4224443435668945,2.551851987838745,2.848210334777832,1.7239340543746948,1.4499598741531372,1.4464558362960815,1.4596295356750488,1.48470139503479,1.7548911571502686,1.8810648918151855,2.1922218799591064,2.4635536670684814,2.5848188400268555,2.9108080863952637,2.931779623031616,2.8161253929138184,3.094878673553467,3.2745838165283203,2.226576566696167,2.0434494018554688,1.7861700057983398,1.5059349536895752,1.3249891996383667,0.9903879165649414,0.9363504648208618,0.6927424669265747,0.6578582525253296,0.9139494895935059,0.9675195217132568,0.7321589589118958,0.9234080910682678,1.21341872215271,1.2363550662994385,1.5443590879440308,1.5924451351165771,1.3271453380584717,1.3704251050949097,1.3292686939239502,1.3744218349456787,1.5169159173965454,1.3052151203155518,1.554663062095642,1.4726982116699219,1.7134145498275757,1.5005544424057007,1.1807323694229126,1.413983941078186,1.439835548400879
A11,2.899446487426758,2.685767650604248,2.3813774585723877,2.104156255722046,1.808729887008667,1.487657070159912,1.199631929397583,0.8849550485610962,0.5489270091056824,0.37669071555137634,0.0,0.36298391222953796,0.5289883017539978,0.5136048793792725,0.722322404384613,2.976518392562866,2.7034614086151123,2.4741978645324707,2.406362295150757,2.1337032318115234,2.2516367435455322,2.06776762008667,2.2706594467163086,2.3543641567230225,2.3129453659057617,2.5753018856048584,2.8039679527282715,2.7009634971618652,2.796715497970581,3.1078481674194336,1.9448951482772827,1.683294415473938,1.7430756092071533,1.755436658859253,1.8177756071090698,2.0721681118011475,2.207490921020508,2.5316033363342285,2.7962396144866943,2.9365949630737305,3.2548229694366455,3.2723352909088135,3.1713223457336426,3.455613613128662,3.629626750946045,2.415654182434082,2.2509138584136963,2.031740188598633,1.7471123933792114,1.6234400272369385,1.2901697158813477,1.2827742099761963,1.067811131477356,1.0053282976150513,1.2491122484207153,1.2276089191436768,0.9567257165908813,1.1883634328842163,1.4450019598007202,1.392256736755371,1.8247864246368408,1.9205297231674194,1.6773669719696045,1.7404072284698486,1.705251932144165,1.735708475112915,1.8561664819717407,1.606233835220337,1.8095059394836426,1.6808558702468872,1.8743488788604736,1.6491131782531738,1.3170303106307983,1.4817403554916382,1.460431694984436
A12,2.7420217990875244,2.558898687362671,2.2731339931488037,2.0070862770080566,1.7556133270263672,1.432459831237793,1.2186813354492188,0.8541496992111206,0.5930004119873047,0.5096241235733032,0.36298391222953796,0.0,0.3749774694442749,0.5126012563705444,0.5521258115768433,2.8755903244018555,2.6089367866516113,2.417349338531494,2.3797521591186523,2.1512537002563477,2.314300775527954,2.1825764179229736,2.4144651889801025,2.541111707687378,2.5221309661865234,2.807826042175293,3.0050082206726074,2.88673734664917,3.0141072273254395,3.311335325241089,2.2223961353302,1.947305679321289,1.9510682821273804,1.935505747795105,1.9320366382598877,2.1635758876800537,2.241243839263916,2.5730371475219727,2.809730052947998,2.936645269393921,3.2486963272094727,3.3066043853759766,3.215726852416992,3.477303981781006,3.6788952350616455,2.4386518001556396,2.320648670196533,2.0776259899139404,1.8446215391159058,1.7114408016204834,1.419058084487915,1.4149386882781982,1.1280215978622437,1.0930206775665283,1.2396953105926514,1.2233995199203491,0.8857112526893616,1.0389848947525024,1.299895167350769,1.1789928674697876,2.0067572593688965,2.051482915878296,1.7981666326522827,1.7827868461608887,1.7133514881134033,1.663504958152771,1.746789813041687,1.4479575157165527,1.595779538154602,1.467250943183899,1.608639121055603,1.3533272743225098,1.0462437868118286,1.207390546798706,1.1347395181655884
A13,2.6194632053375244,2.4668636322021484,2.153686046600342,1.9400482177734375,1.6721432209014893,1.4152826070785522,1.2122706174850464,0.8294051289558411,0.693259596824646,0.46094805002212524,0.5289883017539978,0.3749774694442749,0.0,0.36066678166389465,0.4811398983001709,2.7788519859313965,2.4791808128356934,2.309119701385498,2.224454641342163,2.005842685699463,2.1410365104675293,2.0121915340423584,2.2834930419921875,2.406660556793213,2.439879894256592,2.7168216705322266,2.9034676551818848,2.8225533962249756,2.9758005142211914,3.2607390880584717,2.1024725437164307,1.8589844703674316,1.8215059041976929,1.8560751676559448,1.8278135061264038,2.0963258743286133,2.16807222366333,2.4709830284118652,2.721475601196289,2.8055362701416016,3.1341376304626465,3.19824481010437,3.0703933238983154,3.318685293197632,3.529772996902466,2.5449907779693604,2.4024040699005127,2.120595932006836,1.8851406574249268,1.681897521018982,1.3806208372116089,1.27973210811615,0.9483379125595093,0.8308703303337097,0.9163241982460022,0.8595882654190063,0.5143769383430481,0.7140811681747437,0.9463515281677246,0.8644100427627563,1.741051435470581,1.772748351097107,1.5527182817459106,1.5135810375213623,1.4968386888504028,1.4392980337142944,1.5837290287017822,1.3247772455215454,1.5141431093215942,1.474276065826416,1.635217547416687,1.345503568649292,1.0923361778259277,1.3428800106048584,1.261946439743042
A14,2.9681396484375,2.813955068588257,2.492046594619751,2.279466390609741,1.9927749633789062,1.7340149879455566,1.4900188446044922,1.1262315511703491,0.9145487546920776,0.6108068227767944,0.5136048793792725,0.5126012563705444,0.36066678166389465,0.0,0.3458678424358368,3.1180307865142822,2.811074733734131,2.6301321983337402,2.521789312362671,2.280539035797119,2.3763418197631836,2.2048227787017822,2.464639186859131,2.5422401428222656,2.567784070968628,2.8144171237945557,3.0359504222869873,2.980351209640503,3.103943109512329,3.402677059173584,2.113626718521118,1.9103645086288452,1.9311121702194214,2.0140299797058105,2.0409095287323,2.3342339992523193,2.4449539184570312,2.7401340007781982,3.0101120471954346,3.0944736003875732,3.430025577545166,3.4717276096343994,3.328460454940796,3.587463855743408,3.7835516929626465,2.812892198562622,2.647764205932617,2.3862338066101074,2.1160013675689697,1.9221676588058472,1.586875557899475,1.4646180868148804,1.1777193546295166,0.9794251322746277,1.107814908027649,0.9487178325653076,0.6715627908706665,0.9795463681221008,1.1260709762573242,1.0377230644226074,1.7569209337234497,1.8613301515579224,1.689802885055542,1.711269497871399,1.7531373500823975,1.7370918989181519,1.914884328842163,1.6762642860412598,1.874070405960083,1.8304009437561035,1.9837243556976318,1.687524676322937,1.4345872402191162,1.6561195850372314,1.5489579439163208
A15,3.0206246376037598,2.8936755657196045,2.593315601348877,2.3864781856536865,2.138867139816284,1.8712615966796875,1.6751389503479004,1.2909290790557861,1.093819499015808,0.8651718497276306,0.722322404384613,0.5521258115768433,0.4811398983001709,0.3458678424358368,0.0,3.218907117843628,2.922463893890381,2.7715072631835938,2.6917788982391357,2.4830334186553955,2.6118175983428955,2.473255157470703,2.744797945022583,2.8461666107177734,2.874664783477783,3.134256362915039,3.3427696228027344,3.2726428508758545,3.4070308208465576,3.702061176300049,2.4541525840759277,2.2409451007843018,2.24457049369812,2.3043899536132812,2.299879789352417,2.572779655456543,2.6477153301239014,2.9519317150115967,3.1997880935668945,3.279733419418335,3.607832431793213,3.6780271530151367,3.54646897315979,3.7899186611175537,4.00453519821167,2.964765787124634,2.836846113204956,2.571928024291992,2.333162307739258,2.151028871536255,1.8399463891983032,1.7394883632659912,1.4197337627410889,1.2506976127624512,1.3074569702148438,1.1387306451797485,0.8218244314193726,1.0522907972335815,1.164676547050476,0.9728103280067444,2.062605381011963,2.142136335372925,1.9689948558807373,1.9408485889434814,1.958088994026184,1.8808441162109375,2.0241634845733643,1.7451579570770264,1.882710576057434,1.8329554796218872,1.9226547479629517,1.600584864616394,1.3888012170791626,1.5775340795516968,1.4038723707199097
B1,0.5504518151283264,0.36887240409851074,0.6359496116638184,0.882386326789856,1.1879147291183472,1.5251680612564087,1.853824496269226,2.0936050415039062,2.458542823791504,2.6552927494049072,2.976518392562866,2.8755903244018555,2.7788519859313965,3.1180307865142822,3.218907117843628,0.0,0.380510151386261,0.5945612788200378,0.888420045375824,1.204869270324707,1.4784784317016602,1.82160222530365,1.9137853384017944,2.26417875289917,2.3666176795959473,2.6629629135131836,2.4726781845092773,2.281296730041504,2.608853340148926,2.623323440551758,2.9425904750823975,2.68768048286438,2.3556458950042725,2.116325616836548,1.7574396133422852,1.55022132396698,1.186432123184204,1.1420444250106812,0.9193404912948608,0.866654098033905,0.8862163424491882,1.2197299003601074,1.3234946727752686,1.3166028261184692,1.6071242094039917,1.735404133796692,1.7972643375396729,1.5590381622314453,1.832501769065857,1.7251553535461426,2.021500587463379,2.0921571254730225,2.1078197956085205,2.4114558696746826,2.298816442489624,2.6519651412963867,2.6437840461730957,2.3384363651275635,2.5347187519073486,2.696627378463745,2.8117246627807617,2.4749326705932617,2.2201714515686035,1.9567636251449585,1.6364572048187256,1.520837426185608,1.2354985475540161,1.4789257049560547,1.452622652053833,1.5976134538650513,1.769608497619629,1.9913580417633057,2.0700180530548096,2.2010374069213867,2.4578707218170166
B2,0.5322086811065674,0.35135939717292786,0.34623315930366516,0.6929649710655212,0.9349607229232788,1.309257984161377,1.61650812625885,1.829401969909668,2.2053706645965576,2.3666775226593018,2.7034614086151123,2.6089367866516113,2.4791808128356934,2.811074733734131,2.922463893890381,0.380510151386261,0.0,0.37169912457466125,0.5773055553436279,0.9147612452507019,1.1924614906311035,1.534452199935913,1.682593822479248,2.0305275917053223,2.1668384075164795,2.4675118923187256,2.305431842803955,2.1481757164001465,2.485339879989624,2.5288209915161133,2.665565013885498,2.4212331771850586,2.077066659927368,1.874834418296814,1.5043681859970093,1.3631905317306519,1.0173087120056152,0.9978299736976624,0.8872360587120056,0.7860333323478699,0.9516064524650574,1.2446671724319458,1.2459596395492554,1.2860678434371948,1.5963629484176636,1.7784968614578247,1.7762051820755005,1.481751561164856,1.6892696619033813,1.513626217842102,1.7719793319702148,1.7919763326644897,1.7903062105178833,2.073547124862671,1.941488265991211,2.2921183109283447,2.3051297664642334,2.0021584033966064,2.1848256587982178,2.368140935897827,2.4619364738464355,2.1205756664276123,1.874565601348877,1.5920242071151733,1.2837762832641602,1.1599924564361572,0.9051166772842407,1.1987369060516357,1.2333513498306274,1.4307042360305786,1.6403262615203857,1.8023878335952759,1.8675564527511597,2.0522141456604004,2.286301612854004
B3,0.860144853591919,0.5444723963737488,0.3787478506565094,0.510394811630249,0.6709285974502563,1.051236629486084,1.3322725296020508,1.5952757596969604,1.960416555404663,2.1376841068267822,2.4741978645324707,2.417349338531494,2.309119701385498,2.6301321983337402,2.7715072631835938,0.5945612788200378,0.37169912457466125,0.0,0.3816121816635132,0.6243020296096802,0.9389906525611877,1.2560368776321411,1.374098777770996,1.7283161878585815,1.8314645290374756,2.1450414657592773,2.0003602504730225,1.8189706802368164,2.1468069553375244,2.212193012237549,2.3577136993408203,2.0979225635528564,1.766543984413147,1.5340290069580078,1.1698405742645264,1.0007203817367554,0.6489518284797668,0.6853582859039307,0.6405045390129089,0.6632314324378967,0.8993085622787476,1.1059001684188843,1.1153762340545654,1.2554384469985962,1.5242493152618408,1.4799386262893677,1.4343900680541992,1.1316677331924438,1.3293877840042114,1.1639822721481323,1.449175477027893,1.5056639909744263,1.554311990737915,1.8657933473587036,1.7955526113510132,2.1606974601745605,2.1678011417388916,1.9054244756698608,2.1290929317474365,2.3203961849212646,2.252930164337158,1.9343222379684448,1.655039668083191,1.4256043434143066,1.089253306388855,1.050933599472046,0.8136971592903137,1.1011521816253662,1.21114182472229,1.343382716178894,1.6167770624160767,1.7718340158462524,1.7605351209640503,1.9460844993591309,2.2050068378448486
B4,1.077500343322754,0.8553134202957153,0.5839216113090515,0.7407732009887695,0.7217246890068054,1.1199547052383423,1.3230352401733398,1.5631916522979736,1.9283536672592163,2.0468783378601074,2.406362295150757,2.3797521591186523,2.224454641342163,2.521789312362671,2.6917788982391357,0.888420045375824,0.5773055553436279,0.3816121816635132,0.0,0.373808890581131,0.6160315275192261,0.9605267643928528,1.1283791065216064,1.4694371223449707,1.6344772577285767,1.928350806236267,1.7894946336746216,1.6711311340332031,2.01292085647583,2.0817103385925293,2.1063103675842285,1.8854990005493164,1.5280972719192505,1.358502984046936,0.9898988008499146,0.9082582592964172,0.6403130292892456,0.6009947657585144,0.7047848701477051,0.6156785488128662,0.9493560194969177,1.0903472900390625,0.9721220135688782,1.141953706741333,1.409463882446289,1.7061243057250977,1.5817557573318481,1.261358618736267,1.3642057180404663,1.11747145652771,1.355651617050171,1.3250774145126343,1.3997405767440796,1.6719725131988525,1.5882436037063599,1.9491255283355713,2.0147228240966797,1.7763493061065674,1.9673819541931152,2.2045812606811523,1.9359161853790283,1.599130630493164,1.3537874221801758,1.1245801448822021,0.8387752175331116,0.8758987188339233,0.7729896306991577,1.1280754804611206,1.3253021240234375,1.503100872039795,1.8006402254104614,1.8863811492919922,1.8543273210525513,2.093064785003662,2.3216638565063477
B5,1.396214485168457,1.1319663524627686,0.8208978176116943,0.8057612776756287,0.6093581914901733,0.9444772601127625,1.059137225151062,1.3231056928634644,1.6644688844680786,1.7740111351013184,2.1337032318115234,2.1512537002563477,2.005842685699463,2.280539035797119,2.4830334186553955,1.204869270324707,0.9147612452507019,0.6243020296096802,0.373808890581131,0.0,0.3715369403362274,0.6403265595436096,0.8253319263458252,1.1664501428604126,1.311301827430725,1.6234854459762573,1.5345323085784912,1.4140650033950806,1.7394706010818481,1.8545646667480469,1.7513232231140137,1.5160071849822998,1.1649614572525024,0.9878713488578796,0.6182916760444641,0.6000568270683289,0.45218023657798767,0.5336092710494995,0.7968118786811829,0.8233273029327393,1.1696501970291138,1.2078869342803955,1.0729840993881226,1.3273320198059082,1.5355496406555176,1.586634874343872,1.3945525884628296,1.0645800828933716,1.0791786909103394,0.7923997044563293,1.013132929801941,0.9820674061775208,1.1175601482391357,1.4017366170883179,1.3877789974212646,1.7513113021850586,1.8183966875076294,1.6369825601577759,1.8577656745910645,2.1019256114959717,1.6564781665802002,1.3526737689971924,1.0676459074020386,0.9137454628944397,0.6201558709144592,0.7970373034477234,0.7831825017929077,1.0870915651321411,1.3578180074691772,1.4817839860916138,1.8205151557922363,1.8718525171279907,1.7674205303192139,2.0164945125579834,2.2460551261901855
B6,1.6887420415878296,1.4566541910171509,1.1555691957473755,1.1770071983337402,0.9579073190689087,1.2475959062576294,1.277658224105835,1.5228595733642578,1.831279993057251,1.8870055675506592,2.2516367435455322,2.314300775527954,2.1410365104675293,2.3763418197631836,2.6118175983428955,1.4784784317016602,1.1924614906311035,0.9389906525611877,0.6160315275192261,0.3715369403362274,0.0,0.3705695867538452,0.5682171583175659,0.879001796245575,1.1007031202316284,1.3688023090362549,1.2681303024291992,1.226944923400879,1.5592914819717407,1.659104347229004,1.5345240831375122,1.3645310401916504,0.9930106997489929,0.9002717733383179,0.5975342392921448,0.6638802289962769,0.6782424449920654,0.6138201951980591,0.927703320980072,0.8955869674682617,1.2433115243911743,1.198638916015625,0.9735092520713806,1.2530959844589233,1.4143579006195068,1.8264094591140747,1.5817389488220215,1.2907954454421997,1.241268277168274,0.9445623755455017,1.110408067703247,1.0015071630477905,1.2086842060089111,1.4307010173797607,1.4348715543746948,1.7732458114624023,1.9047622680664062,1.772294521331787,1.9554427862167358,2.23665714263916,1.4506953954696655,1.139175295829773,0.9179684519767761,0.848893940448761,0.7021650075912476,0.982693076133728,1.0789762735366821,1.387451171875,1.685881495475769,1.821555495262146,2.163895845413208,2.183621883392334,2.0634171962738037,2.3309881687164307,2.5433032512664795
B7,2.017430543899536,1.7714649438858032,1.4507631063461304,1.4015538692474365,1.1080302000045776,1.2977535724639893,1.2188637256622314,1.4429068565368652,1.6962652206420898,1.7148910760879517,2.06776762008667,2.1825764179229736,2.0121915340423584,2.2048227787017822,2.473255157470703,1.82160222530365,1.534452199935913,1.2560368776321411,0.9605267643928528,0.6403265595436096,0.3705695867538452,0.0,0.37213483452796936,0.6045215725898743,0.8377319574356079,1.1030577421188354,1.0898357629776,1.090947151184082,1.3809205293655396,1.535744547843933,1.1646778583526611,1.0078402757644653,0.6335841417312622,0.6198670864105225,0.4412481188774109,0.6718112826347351,0.8562491536140442,0.870196521282196,1.2159394025802612,1.2374417781829834,1.5709903240203857,1.472607135772705,1.2498103380203247,1.5549750328063965,1.6649924516677856,1.8966251611709595,1.6009835004806519,1.3331807851791382,1.178600788116455,0.8717131614685059,0.9418486952781677,0.7863491773605347,1.0691372156143188,1.251064658164978,1.3326036930084229,1.641126036643982,1.7884635925292969,1.730461597442627,1.9183902740478516,2.2031733989715576,1.166027307510376,0.912640392780304,0.6826193332672119,0.7747823596000671,0.7302066683769226,1.0911436080932617,1.2567270994186401,1.5026109218597412,1.836834192276001,1.9364758729934692,2.2931406497955322,2.275409698486328,2.1035544872283936,2.377080202102661,2.5747056007385254
B8,2.1958115100860596,1.9147640466690063,1.6374461650848389,1.5629576444625854,1.2972009181976318,1.4696030616760254,1.385089635848999,1.6633573770523071,1.8877816200256348,1.9406548738479614,2.2706594467163086,2.4144651889801025,2.2834930419921875,2.464639186859131,2.744797945022583,1.9137853384017944,1.682593822479248,1.374098777770996,1.1283791065216064,0.8253319263458252,0.5682171583175659,0.37213483452796936,0.0,0.3554025888442993,0.5385552644729614,0.806806206703186,0.7451838254928589,0.720867931842804,1.023194670677185,1.1646784543991089,1.1341572999954224,0.9932300448417664,0.6820080280303955,0.5842769145965576,0.5269821286201477,0.6033960580825806,0.8636947870254517,0.8191019296646118,1.1560519933700562,1.234800100326538,1.5207961797714233,1.3429220914840698,1.157523274421692,1.4966202974319458,1.5367573499679565,1.7982890605926514,1.474461555480957,1.279107689857483,1.137089490890503,0.9266088008880615,1.0607006549835205,1.0093891620635986,1.345298409461975,1.5462887287139893,1.6747950315475464,1.976294755935669,2.1076300144195557,2.067044258117676,2.2735118865966797,2.5474298000335693,1.3983361721038818,1.2002019882202148,1.002151370048523,1.1442148685455322,1.0757567882537842,1.424211859703064,1.5370181798934937,1.7750604152679443,2.0923614501953125,2.1519863605499268,2.5160558223724365,2.5338194370269775,2.342405080795288,2.5839407444000244,2.8092246055603027
B9,2.5426828861236572,2.268512487411499,1.984692931175232,1.9053038358688354,1.6195504665374756,1.752109408378601,1.611210823059082,1.858698844909668,2.0331428050994873,2.0453126430511475,2.3543641567230225,2.541111707687378,2.406660556793213,2.5422401428222656,2.8461666107177734,2.26417875289917,2.0305275917053223,1.7283161878585815,1.4694371223449707,1.1664501428604126,0.879001796245575,0.6045215725898743,0.3554025888442993,0.0,0.3668736517429352,0.513676643371582,0.5424443483352661,0.6683985590934753,0.8883997797966003,1.0499505996704102,0.8937516212463379,0.8561909198760986,0.628412663936615,0.6743502020835876,0.787140965461731,0.9145725965499878,1.209205985069275,1.1595909595489502,1.4838764667510986,1.5518754720687866,1.819724440574646,1.6034202575683594,1.4008517265319824,1.731101155281067,1.721573829650879,2.0515036582946777,1.7026586532592773,1.5494157075881958,1.3560285568237305,1.1725223064422607,1.2296977043151855,1.1453360319137573,1.5034091472625732,1.6436303853988647,1.8081636428833008,2.066633462905884,2.225827693939209,2.2390925884246826,2.426018714904785,2.708113431930542,1.308371901512146,1.1849695444107056,1.0650150775909424,1.3006192445755005,1.3175395727157593,1.6874371767044067,1.8426610231399536,2.063077211380005,2.3955023288726807,2.4480221271514893,2.8145663738250732,2.8081061840057373,2.595094919204712,2.8413429260253906,3.0519182682037354
B10,2.677367925643921,2.3656136989593506,2.1014955043792725,1.9603139162063599,1.6739277839660645,1.7447994947433472,1.5772360563278198,1.8528056144714355,1.9857714176177979,2.037187099456787,2.3129453659057617,2.5221309661865234,2.439879894256592,2.567784070968628,2.874664783477783,2.3666176795959473,2.1668384075164795,1.8314645290374756,1.6344772577285767,1.311301827430725,1.1007031202316284,0.8377319574356079,0.5385552644729614,0.3668736517429352,0.0,0.3596878945827484,0.5005580186843872,0.4775059223175049,0.609393835067749,0.8595787286758423,0.8838844895362854,0.7825778722763062,0.680276095867157,0.6077201962471008,0.8282498717308044,0.8914426565170288,1.233622431755066,1.2398524284362793,1.5471736192703247,1.6925445795059204,1.932376742362976,1.6958740949630737,1.5668666362762451,1.914901614189148,1.8828554153442383,1.8682875633239746,1.50049889087677,1.4137262105941772,1.1966989040374756,1.1076185703277588,1.175001859664917,1.1931307315826416,1.5730890035629272,1.7440801858901978,1.96330988407135,2.2214481830596924,2.334230422973633,2.3668460845947266,2.5912413597106934,2.844771385192871,1.5213712453842163,1.4522197246551514,1.2820441722869873,1.5317156314849854,1.496927261352539,1.8575594425201416,1.9732623100280762,2.1498613357543945,2.4705703258514404,2.468165636062622,2.8380303382873535,2.851120948791504,2.6057021617889404,2.816910743713379,3.0453310012817383
B11,2.9866299629211426,2.6855411529541016,2.4252769947052,2.3059966564178467,2.0234694480895996,2.1014020442962646,1.923154354095459,2.1804895401000977,2.291741371154785,2.313815116882324,2.5753018856048584,2.807826042175293,2.7168216705322266,2.8144171237945557,3.134256362915039,2.6629629135131836,2.4675118923187256,2.1450414657592773,1.928350806236267,1.6234854459762573,1.3688023090362549,1.1030577421188354,0.806806206703186,0.513676643371582,0.3596878945827484,0.0,0.37116187810897827,0.5576927661895752,0.546186625957489,0.7517217397689819,0.8961524963378906,0.936389684677124,0.9125153422355652,0.9400699138641357,1.1722691059112549,1.2378709316253662,1.5660265684127808,1.523889422416687,1.8140050172805786,1.9325045347213745,2.1496927738189697,1.8775721788406372,1.7302813529968262,2.062103271484375,1.9809937477111816,2.178373098373413,1.8096420764923096,1.755601406097412,1.5427404642105103,1.465590476989746,1.5087554454803467,1.4943609237670898,1.8722528219223022,2.0005040168762207,2.221604347229004,2.45149827003479,2.5932698249816895,2.6507821083068848,2.8518803119659424,3.1176228523254395,1.6180140972137451,1.590073585510254,1.4946757555007935,1.7765611410140991,1.793119192123413,2.1634373664855957,2.301827907562256,2.490072250366211,2.816814422607422,2.823451519012451,3.19334077835083,3.197636127471924,2.950469970703125,3.1664657592773438,3.387342929840088
B12,2.8352649211883545,2.5418179035186768,2.312744140625,2.2345190048217773,1.9964796304702759,2.1355957984924316,2.0183141231536865,2.3085505962371826,2.4692084789276123,2.516852378845215,2.8039679527282715,3.0050082206726074,2.9034676551818848,3.0359504222869873,3.3427696228027344,2.4726781845092773,2.305431842803955,2.0003602504730225,1.7894946336746216,1.5345323085784912,1.2681303024291992,1.0898357629776,0.7451838254928589,0.5424443483352661,0.5005580186843872,0.37116187810897827,0.0,0.37818408012390137,0.5137766599655151,0.5544074177742004,1.2205556631088257,1.2308545112609863,1.1118299961090088,1.07659113407135,1.2047232389450073,1.1861823797225952,1.4614750146865845,1.339216947555542,1.5919759273529053,1.690596580505371,1.8725838661193848,1.5743577480316162,1.4321060180664062,1.7521556615829468,1.6401127576828003,2.131470203399658,1.7845441102981567,1.7331773042678833,1.595375895500183,1.5194470882415771,1.6411844491958618,1.6365305185317993,2.006474018096924,2.168484687805176,2.3449885845184326,2.6065001487731934,2.7548534870147705,2.7646493911743164,2.9626293182373047,3.239824056625366,1.8052064180374146,1.7044792175292969,1.607213020324707,1.829131007194519,1.8131812810897827,2.168116807937622,2.275310516357422,2.505647659301758,2.8152565956115723,2.843106985092163,3.209930658340454,3.2446391582489014,3.028020143508911,3.242594003677368,3.4812159538269043
B13,2.672029733657837,2.3476054668426514,2.144559621810913,2.0254065990448,1.8088725805282593,1.9270555973052979,1.8315404653549194,2.1580116748809814,2.3219845294952393,2.4224443435668945,2.7009634971618652,2.88673734664917,2.8225533962249756,2.980351209640503,3.2726428508758545,2.281296730041504,2.1481757164001465,1.8189706802368164,1.6711311340332031,1.4140650033950806,1.226944923400879,1.090947151184082,0.720867931842804,0.6683985590934753,0.4775059223175049,0.5576927661895752,0.37818408012390137,0.0,0.35679537057876587,0.4644531309604645,1.3464090824127197,1.2515053749084473,1.1306806802749634,0.9688619375228882,1.0749356746673584,0.9639837741851807,1.2379794120788574,1.1537524461746216,1.384753942489624,1.5567104816436768,1.7200863361358643,1.4276670217514038,1.3661752939224243,1.7059088945388794,1.6119327545166016,1.7745448350906372,1.431609869003296,1.4191093444824219,1.314556360244751,1.3059688806533813,1.4839651584625244,1.5630420446395874,1.9311400651931763,2.146944284439087,2.3364899158477783,2.624375343322754,2.7260711193084717,2.7147085666656494,2.949308395385742,3.2020699977874756,1.9568113088607788,1.8396543264389038,1.6672664880752563,1.854791522026062,1.7638098001480103,2.096167802810669,2.1489169597625732,2.3565495014190674,2.6434013843536377,2.635399341583252,2.9993162155151367,3.0659713745117188,2.842968463897705,3.0265231132507324,3.28753662109375
