,A1,A2,A3,A4,A5,A6,A7,A8,A9,A10,A11,A12,A13,A14,A15,B1,B2,B3,B4,B5,B6,B7,B8,B9,B10,B11,B12,B13,B14,B15,C1,C2,C3,C4,C5,C6,C7,C8,C9,C10,C11,C12,C13,C14,C15,D1,D2,D3,D4,D5,D6,D7,D8,D9,D10,D11,D12,D13,D14,D15,E1,E2,E3,E4,E5,E6,E7,E8,E9,E10,E11,E12,E13,E14,E15
A1,0.0,0.376385897397995,0.5917059779167175,0.8818475604057312,1.1979464292526245,1.4741833209991455,1.8234405517578125,1.9701439142227173,2.337984085083008,2.5060882568359375,2.8406198024749756,2.7694263458251953,2.699510335922241,3.054464817047119,3.2028136253356934,2.647393226623535,2.3623974323272705,2.1375010013580322,2.0286195278167725,1.7434637546539307,1.824666976928711,1.6326671838760376,1.8613148927688599,1.8964301347732544,1.9066519737243652,2.0424909591674805,2.361729145050049,2.3131027221679688,2.5120739936828613,2.421326160430908,1.5379393100738525,1.3018771409988403,1.3670347929000854,1.45477294921875,1.517167568206787,1.8321272134780884,2.0146946907043457,2.3264107704162598,2.632094383239746,2.750448226928711,3.0771727561950684,3.2029900550842285,3.0634589195251465,3.388585329055786,3.3285748958587646,1.0049495697021484,0.936866044998169,1.0782078504562378,1.2834347486495972,1.4596787691116333,1.810256004333496,2.0291826725006104,2.319444179534912,2.632693290710449,2.7604148387908936,3.0843451023101807,3.2200582027435303,3.076066732406616,3.400999069213867,3.3532063961029053,2.104069709777832,1.785553216934204,1.7269891500473022,1.6704615354537964,1.5515470504760742,1.7584816217422485,1.7832694053649902,2.1121065616607666,2.333955764770508,2.468895196914673,2.7433207035064697,2.94482159614563,2.911933660507202,3.259162425994873,3.297999143600464
A2,0.376385897397995,0.0,0.37510234117507935,0.58375084400177,0.91867595911026,1.2066015005111694,1.553924560546875,1.7560676336288452,2.11600923538208,2.314650535583496,2.640803337097168,2.6036806106567383,2.5656657218933105,2.9346461296081543,3.09881591796875,2.35801362991333,2.099964141845703,1.8660507202148438,1.811318278312683,1.540651559829712,1.6873396635055542,1.5434520244598389,1.7665003538131714,1.8650873899459839,1.8518086671829224,2.0451319217681885,2.332756519317627,2.2335164546966553,2.4498708248138428,2.3337771892547607,1.6908717155456543,1.4241405725479126,1.3911664485931396,1.4381211996078491,1.4047508239746094,1.706304907798767,1.829258918762207,2.1383540630340576,2.4226222038269043,2.5146985054016113,2.833500623703003,2.9907066822052,2.850585699081421,3.166329860687256,3.093097448348999,1.0827007293701172,0.8802192211151123,0.9897419214248657,1.0821361541748047,1.2316621541976929,1.5484155416488647,1.7489584684371948,2.0691637992858887,2.3643558025360107,2.522254228591919,2.829741954803467,2.9808483123779297,2.871019124984741,3.2057242393493652,3.1853830814361572,1.7402576208114624,1.4358803033828735,1.3917032480239868,1.3850973844528198,1.3148202896118164,1.5777268409729004,1.6698068380355835,1.9869154691696167,2.2556021213531494,2.3915812969207764,2.6961538791656494,2.856487274169922,2.800790786743164,3.158280372619629,3.1982975006103516
A3,0.5917059779167175,0.37510234117507935,0.0,0.39075058698654175,0.6258752346038818,0.9520119428634644,1.272653341293335,1.4510409832000732,1.8216254711151123,1.987215280532837,2.326920986175537,2.3032596111297607,2.2403862476348877,2.6109225749969482,2.755751609802246,2.0957586765289307,1.819702386856079,1.5657202005386353,1.4717791080474854,1.181081771850586,1.3125436305999756,1.1755659580230713,1.4143069982528687,1.540471076965332,1.5591657161712646,1.7805826663970947,2.043581962585449,1.953100562095642,2.202874183654785,2.1245079040527344,1.4675991535186768,1.1699271202087402,1.0787104368209839,1.0898586511611938,1.0307283401489258,1.33622407913208,1.4713209867477417,1.77418053150177,2.069746494293213,2.170478105545044,2.4955480098724365,2.6355600357055664,2.497582197189331,2.820633888244629,2.7643039226531982,0.9667104482650757,0.7246955633163452,0.6993173360824585,0.791079580783844,0.8923044800758362,1.236324429512024,1.4384050369262695,1.734180212020874,2.042487621307373,2.1814417839050293,2.500789165496826,2.6391708850860596,2.5128257274627686,2.8454294204711914,2.821885585784912,1.6278084516525269,1.311880111694336,1.1812950372695923,1.1365293264389038,0.994722843170166,1.2512974739074707,1.3215490579605103,1.6231712102890015,1.8947685956954956,2.0204665660858154,2.3312740325927734,2.487077236175537,2.425968885421753,2.783344030380249,2.8264694213867188
A4,0.8818475604057312,0.58375084400177,0.39075058698654175,0.0,0.37544459104537964,0.624322235584259,0.9739548563957214,1.1948024034500122,1.5450165271759033,1.7664862871170044,2.080122947692871,2.0636956691741943,2.0560462474823,2.43192982673645,2.6173572540283203,1.9940681457519531,1.7662311792373657,1.4664373397827148,1.4343531131744385,1.1312041282653809,1.302947759628296,1.184757947921753,1.3452914953231812,1.5057659149169922,1.4503833055496216,1.7097071409225464,1.9419957399368286,1.7857255935668945,2.0231707096099854,1.8992561101913452,1.7740826606750488,1.4462025165557861,1.3126015663146973,1.2210437059402466,1.0652955770492554,1.2851275205612183,1.3287838697433472,1.6572774648666382,1.9044724702835083,2.0121119022369385,2.3094990253448486,2.4939022064208984,2.3919575214385986,2.7147209644317627,2.6748743057250977,0.9995075464248657,0.6535197496414185,0.6523313522338867,0.55742347240448,0.7132748961448669,0.9906628727912903,1.2286590337753296,1.5529115200042725,1.8557220697402954,2.052398204803467,2.355302095413208,2.4769375324249268,2.395118474960327,2.7466819286346436,2.7750039100646973,1.4276759624481201,1.1737208366394043,1.013305425643921,1.0949174165725708,0.9865697622299194,1.316450834274292,1.4308544397354126,1.670081615447998,1.9773356914520264,2.0562407970428467,2.3971285820007324,2.5200130939483643,2.4064438343048096,2.757164478302002,2.7661550045013428
A5,1.1979464292526245,0.91867595911026,0.6258752346038818,0.37544459104537964,0.0,0.3864469528198242,0.6580895185470581,0.8998758792877197,1.2514362335205078,1.4495420455932617,1.7719591856002808,1.7982850074768066,1.7811932563781738,2.161846876144409,2.330585241317749,1.6878615617752075,1.464784026145935,1.136452317237854,1.1019599437713623,0.7954561114311218,0.9991677403450012,0.9465746879577637,1.097970724105835,1.3297300338745117,1.3000833988189697,1.6083693504333496,1.7819608449935913,1.612578272819519,1.8900914192199707,1.8010804653167725,1.7606542110443115,1.432222843170166,1.2198268175125122,1.0726982355117798,0.8210093975067139,0.992853045463562,0.9846950173377991,1.2975709438323975,1.5380388498306274,1.6367393732070923,1.9358216524124146,2.120610475540161,2.0212149620056152,2.344536542892456,2.3157453536987305,1.159354329109192,0.8146379590034485,0.643013596534729,0.3934611678123474,0.36620715260505676,0.6302911043167114,0.8603841662406921,1.1777362823486328,1.4844218492507935,1.6805634498596191,1.9850990772247314,2.1015737056732178,2.0234341621398926,2.3769659996032715,2.4181244373321533,1.2801642417907715,1.0465476512908936,0.784425675868988,0.8670158982276917,0.7132681012153625,1.057035207748413,1.1867856979370117,1.3731056451797485,1.7012726068496704,1.7645930051803589,2.119717836380005,2.209486722946167,2.078275680541992,2.429699182510376,2.444032669067383
A6,1.4741833209991455,1.2066015005111694,0.9520119428634644,0.624322235584259,0.3864469528198242,0.0,0.3750998377799988,0.6122605204582214,0.933514416217804,1.1945054531097412,1.4810069799423218,1.49076247215271,1.5322265625,1.9080764055252075,2.1233227252960205,1.782776951789856,1.6129039525985718,1.2484732866287231,1.240225076675415,0.9311532974243164,1.087182879447937,1.0184298753738403,1.033200979232788,1.2602570056915283,1.1417139768600464,1.4663145542144775,1.5988578796386719,1.3671599626541138,1.6214630603790283,1.4968351125717163,2.0225563049316406,1.674053430557251,1.4748121500015259,1.2412471771240234,0.970603883266449,0.9974272847175598,0.8909103870391846,1.2349287271499634,1.4035507440567017,1.5484954118728638,1.7998937368392944,2.017373561859131,1.983739972114563,2.3109705448150635,2.328688859939575,1.2025628089904785,0.8548372983932495,0.7175428867340088,0.3288556635379791,0.4149162173271179,0.47923919558525085,0.8054877519607544,1.0919259786605835,1.400185227394104,1.647848129272461,1.9358432292938232,1.9979487657546997,1.9548053741455078,2.3214521408081055,2.4168601036071777,1.3767808675765991,1.2379989624023438,0.950197160243988,1.1246782541275024,0.9775719046592712,1.3061386346817017,1.411938190460205,1.509985327720642,1.8303921222686768,1.817992925643921,2.1833808422088623,2.258122444152832,2.067953586578369,2.3923070430755615,2.3513429164886475
A7,1.8234405517578125,1.553924560546875,1.272653341293335,0.9739548563957214,0.6580895185470581,0.3750998377799988,0.0,0.3856854736804962,0.6399211883544922,0.9011729955673218,1.1721936464309692,1.250900149345398,1.3115909099578857,1.6817477941513062,1.8897169828414917,1.5857688188552856,1.45915949344635,1.0828787088394165,1.10218346118927,0.8513593673706055,1.0098687410354614,1.031306266784668,0.9832121729850769,1.2680474519729614,1.1635115146636963,1.5148510932922363,1.5604984760284424,1.3046547174453735,1.5812665224075317,1.4893605709075928,2.1777114868164062,1.8445936441421509,1.5996981859207153,1.3337310552597046,1.0082677602767944,0.9189884066581726,0.6823703646659851,0.9768158197402954,1.0795148611068726,1.2193377017974854,1.4437179565429688,1.682728886604309,1.6776660680770874,1.9968801736831665,2.0386345386505127,1.502409815788269,1.1840667724609375,0.9841939210891724,0.610924243927002,0.4916500449180603,0.22939878702163696,0.5443456768989563,0.778346836566925,1.0706943273544312,1.3447452783584595,1.6139106750488281,1.6519973278045654,1.6389541625976562,2.008090019226074,2.1410019397735596,1.3570458889007568,1.2828160524368286,0.9495720267295837,1.1366074085235596,0.9958404302597046,1.2830151319503784,1.396080493927002,1.4030330181121826,1.7258446216583252,1.6773675680160522,2.0469038486480713,2.071448802947998,1.8470592498779297,2.1559815406799316,2.1063618659973145
A8,1.9701439142227173,1.7560676336288452,1.4510409832000732,1.1948024034500122,0.8998758792877197,0.6122605204582214,0.3856854736804962,0.0,0.37759771943092346,0.5873034000396729,0.8859500288963318,0.9059085845947266,0.9389327168464661,1.3130793571472168,1.5322743654251099,1.8041428327560425,1.6622297763824463,1.2897080183029175,1.2161378860473633,0.9387394785881042,0.9490540623664856,0.9126754403114319,0.7328508496284485,0.9875659346580505,0.856840968132019,1.2068341970443726,1.2016879320144653,0.9413070678710938,1.2349255084991455,1.1966360807418823,2.141023874282837,1.804801344871521,1.588333249092102,1.258717656135559,0.9790158271789551,0.7653814554214478,0.5272023677825928,0.8526502847671509,0.9329668879508972,1.1814090013504028,1.3774994611740112,1.5702807903289795,1.6260957717895508,1.9649549722671509,2.0737507343292236,1.455875277519226,1.2058088779449463,0.9770545363426208,0.689029335975647,0.6304377913475037,0.45395320653915405,0.7536553144454956,0.8158562183380127,1.133408546447754,1.3578884601593018,1.642177700996399,1.5979059934616089,1.5431721210479736,1.9061609506607056,2.044818162918091,1.7313343286514282,1.6471185684204102,1.296983242034912,1.4192794561386108,1.200884222984314,1.415936827659607,1.4339226484298706,1.373077392578125,1.6399470567703247,1.5116771459579468,1.8678715229034424,1.9176373481750488,1.6575981378555298,1.9335741996765137,1.8319655656814575
A9,2.337984085083008,2.11600923538208,1.8216254711151123,1.5450165271759033,1.2514362335205078,0.933514416217804,0.6399211883544922,0.37759771943092346,0.0,0.3842793107032776,0.5578734278678894,0.6328074336051941,0.7772842645645142,1.109744668006897,1.3666890859603882,1.8982583284378052,1.8169599771499634,1.460960865020752,1.4263761043548584,1.2171944379806519,1.2147202491760254,1.2195253372192383,0.9778698682785034,1.201735496520996,1.0414093732833862,1.3559080362319946,1.255955457687378,0.9545860290527344,1.2014667987823486,1.1642897129058838,2.4726738929748535,2.1457364559173584,1.925325870513916,1.5840775966644287,1.3073313236236572,1.031001329421997,0.7326421141624451,0.9333771467208862,0.8614175915718079,1.1278293132781982,1.2264163494110107,1.4464694261550903,1.5809967517852783,1.8938581943511963,2.047985792160034,1.7768996953964233,1.543687105178833,1.3398118019104004,1.054584264755249,0.9913565516471863,0.7266810536384583,0.9158928394317627,0.8715579509735107,1.1054190397262573,1.3511114120483398,1.5797401666641235,1.4683659076690674,1.469094157218933,1.8185477256774902,2.0180673599243164,1.895882487297058,1.8763742446899414,1.533352255821228,1.6876139640808105,1.5017662048339844,1.6926419734954834,1.7141696214675903,1.5860096216201782,1.8277595043182373,1.648420810699463,1.9850308895111084,1.9910657405853271,1.6851247549057007,1.9095906019210815,1.7592397928237915
A10,2.5060882568359375,2.314650535583496,1.987215280532837,1.7664862871170044,1.4495420455932617,1.1945054531097412,0.9011729955673218,0.5873034000396729,0.3842793107032776,0.0,0.37061169743537903,0.5077733397483826,0.499369353055954,0.8295297622680664,1.0226719379425049,1.9101618528366089,1.812424659729004,1.4857670068740845,1.3818848133087158,1.209130048751831,1.1160215139389038,1.151626467704773,0.8729221820831299,1.0919426679611206,1.016420841217041,1.3055518865585327,1.1292026042938232,0.9051793217658997,1.1886509656906128,1.2691603899002075,2.3998382091522217,2.1022629737854004,1.8757367134094238,1.5245790481567383,1.2756901979446411,0.9286398887634277,0.6514608263969421,0.7364106178283691,0.620444655418396,0.9612438082695007,1.0431228876113892,1.1827199459075928,1.3532464504241943,1.6733473539352417,1.8776520490646362,1.9112303256988525,1.724364161491394,1.4662472009658813,1.2473912239074707,1.1264781951904297,0.8989843130111694,1.0185483694076538,0.8347993493080139,1.0526823997497559,1.2040212154388428,1.4399292469024658,1.267957329750061,1.2098689079284668,1.5387365818023682,1.7297829389572144,2.116719961166382,2.073538303375244,1.710207462310791,1.7910661697387695,1.5622144937515259,1.6701596975326538,1.630681037902832,1.4287745952606201,1.6116106510162354,1.3781343698501587,1.6872495412826538,1.6828508377075195,1.354891300201416,1.5481023788452148,1.3783892393112183
A11,2.8406198024749756,2.640803337097168,2.326920986175537,2.080122947692871,1.7719591856002808,1.4810069799423218,1.1721936464309692,0.8859500288963318,0.5578734278678894,0.37061169743537903,0.0,0.3702079653739929,0.5373926758766174,0.7197321653366089,0.9608991742134094,2.113950490951538,2.0679924488067627,1.7586979866027832,1.6955240964889526,1.5584709644317627,1.4775127172470093,1.518085241317749,1.2215749025344849,1.3947432041168213,1.2793482542037964,1.5219230651855469,1.2890441417694092,1.0452265739440918,1.2433339357376099,1.3128552436828613,2.758488178253174,2.4628798961639404,2.243243455886841,1.888696312904358,1.6462044715881348,1.295410394668579,1.0150341987609863,1.0382640361785889,0.8120560646057129,1.112048625946045,1.0702561140060425,1.2246841192245483,1.4749783277511597,1.7477716207504272,1.990222454071045,2.2074801921844482,2.026238203048706,1.7987704277038574,1.56644606590271,1.469531774520874,1.2054563760757446,1.2929776906967163,1.0870769023895264,1.2126336097717285,1.3743127584457397,1.536452293395996,1.3001272678375244,1.3101158142089844,1.5990773439407349,1.847482681274414,2.331294536590576,2.3361735343933105,1.9860934019088745,2.101208448410034,1.9016765356063843,2.011519432067871,1.9834100008010864,1.756843090057373,1.9185733795166016,1.6586426496505737,1.934552550315857,1.8965710401535034,1.5438013076782227,1.6669927835464478,1.443240761756897
A12,2.7694263458251953,2.6036806106567383,2.3032596111297607,2.0636956691741943,1.7982850074768066,1.49076247215271,1.250900149345398,0.9059085845947266,0.6328074336051941,0.5077733397483826,0.3702079653739929,0.0,0.3695485591888428,0.5482281446456909,0.8913388252258301,2.399772882461548,2.316763162612915,1.9853463172912598,1.8832695484161377,1.681530475616455,1.5533411502838135,1.5066263675689697,1.1620527505874634,1.2442501783370972,1.0673106908798218,1.2552027702331543,1.0057846307754517,0.7417700886726379,0.8879217505455017,0.9783016443252563,2.7105584144592285,2.4019150733947754,2.232494592666626,1.8568071126937866,1.6683568954467773,1.3207546472549438,1.1130679845809937,1.2251468896865845,1.0832371711730957,1.4215595722198486,1.4203754663467407,1.5403013229370117,1.7781003713607788,2.0705580711364746,2.315087080001831,2.032411575317383,1.8972208499908447,1.705849289894104,1.523878812789917,1.5100725889205933,1.315008521080017,1.488945722579956,1.3346283435821533,1.5221291780471802,1.6770468950271606,1.8739906549453735,1.6442246437072754,1.6084059476852417,1.8937709331512451,2.1078391075134277,2.523695945739746,2.4994957447052,2.1472160816192627,2.2594597339630127,2.0263381004333496,2.1507627964019775,2.0841307640075684,1.8872984647750854,2.027672529220581,1.745922565460205,2.011916399002075,2.0382516384124756,1.692438006401062,1.8049085140228271,1.5402313470840454
A13,2.699510335922241,2.5656657218933105,2.2403862476348877,2.0560462474823,1.7811932563781738,1.5322265625,1.3115909099578857,0.9389327168464661,0.7772842645645142,0.499369353055954,0.5373926758766174,0.3695485591888428,0.0,0.3809886872768402,0.6309312582015991,2.362422466278076,2.237832546234131,1.922561764717102,1.7535029649734497,1.551979422569275,1.3525763750076294,1.2985857725143433,0.9439200758934021,1.0008115768432617,0.9149724841117859,1.0851190090179443,0.7984001040458679,0.653520941734314,0.8843778371810913,1.0899852514266968,2.453270673751831,2.1688337326049805,2.0070695877075195,1.6321393251419067,1.4851590394973755,1.116380214691162,0.9808874130249023,1.0593031644821167,0.9758260846138,1.3455469608306885,1.389001727104187,1.4274075031280518,1.643118143081665,1.9536465406417847,2.2094640731811523,1.9574354887008667,1.859419584274292,1.6222633123397827,1.5023916959762573,1.4568814039230347,1.3203037977218628,1.4839380979537964,1.289876103401184,1.5050452947616577,1.585115909576416,1.816159963607788,1.5841484069824219,1.467000961303711,1.7368470430374146,1.9003132581710815,2.59384822845459,2.524655818939209,2.1569714546203613,2.2043590545654297,1.929185152053833,1.9982143640518188,1.876326322555542,1.6559590101242065,1.7463566064834595,1.4369386434555054,1.6791930198669434,1.7342548370361328,1.397247076034546,1.503158688545227,1.2358142137527466
A14,3.054464817047119,2.9346461296081543,2.6109225749969482,2.43192982673645,2.161846876144409,1.9080764055252075,1.6817477941513062,1.3130793571472168,1.109744668006897,0.8295297622680664,0.7197321653366089,0.5482281446456909,0.3809886872768402,0.0,0.3850521743297577,2.654136896133423,2.5471508502960205,2.2514145374298096,2.078942060470581,1.9040589332580566,1.6843174695968628,1.6348146200180054,1.2803277969360352,1.281169056892395,1.2065677642822266,1.2907540798187256,0.9442091584205627,0.8749090433120728,0.9902464151382446,1.2423746585845947,2.727419376373291,2.4633781909942627,2.3198256492614746,1.9487522840499878,1.8314257860183716,1.4580413103103638,1.3391993045806885,1.3584799766540527,1.2250661849975586,1.577120065689087,1.5524771213531494,1.5429271459579468,1.809626817703247,2.0834741592407227,2.3806676864624023,2.268461227416992,2.2020654678344727,1.9771205186843872,1.8763751983642578,1.8366256952285767,1.6930960416793823,1.8337109088897705,1.6046937704086304,1.7728790044784546,1.8202155828475952,2.010101556777954,1.7255113124847412,1.6136503219604492,1.8244260549545288,2.00128436088562,2.945826768875122,2.890530586242676,2.522780656814575,2.5660953521728516,2.2907257080078125,2.3343892097473145,2.1922426223754883,1.940325379371643,1.979871153831482,1.6352981328964233,1.815301775932312,1.8583236932754517,1.5139111280441284,1.5257588624954224,1.190835952758789
A15,3.2028136253356934,3.09881591796875,2.755751609802246,2.6173572540283203,2.330585241317749,2.1233227252960205,1.8897169828414917,1.5322743654251099,1.3666890859603882,1.0226719379425049,0.9608991742134094,0.8913388252258301,0.6309312582015991,0.3850521743297577,0.0,2.6689059734344482,2.5508980751037598,2.2930736541748047,2.0841124057769775,1.9517720937728882,1.6940393447875977,1.679513692855835,1.360046148300171,1.3603719472885132,1.3852035999298096,1.4509958028793335,1.1015796661376953,1.136781096458435,1.2860976457595825,1.579314947128296,2.6861443519592285,2.46370005607605,2.3148512840270996,1.9671262502670288,1.8769670724868774,1.5027596950531006,1.4262325763702393,1.3607141971588135,1.2375433444976807,1.5662671327590942,1.536975383758545,1.434844970703125,1.6978983879089355,1.950621485710144,2.270272970199585,2.4516704082489014,2.4027047157287598,2.140451431274414,2.06984543800354,1.9827464818954468,1.8576633930206299,1.9520057439804077,1.6748790740966797,1.8170424699783325,1.7847520112991333,1.9642161130905151,1.6627724170684814,1.4965113401412964,1.6473630666732788,1.7869120836257935,3.0975918769836426,3.024596929550171,2.6516215801239014,2.644306182861328,2.3548805713653564,2.336254358291626,2.158022403717041,1.8656561374664307,1.8388499021530151,1.4698822498321533,1.5835964679718018,1.6145596504211426,1.2823961973190308,1.2226475477218628,0.8579734563827515
B1,2.647393226623535,2.35801362991333,2.0957586765289307,1.9940681457519531,1.6878615617752075,1.782776951789856,1.5857688188552856,1.8041428327560425,1.8982583284378052,1.9101618528366089,2.113950490951538,2.399772882461548,2.362422466278076,2.654136896133423,2.6689059734344482,0.0,0.3685300946235657,0.5996150374412537,0.9091607928276062,1.2320549488067627,1.5275992155075073,1.855189323425293,2.0140082836151123,2.373615026473999,2.479827880859375,2.823951244354248,2.808445453643799,2.6566808223724365,2.991041421890259,2.9971659183502197,2.597858428955078,2.4407894611358643,2.0707943439483643,2.034303665161133,1.703940749168396,1.7293314933776855,1.5458415746688843,1.384883999824524,1.43940007686615,1.1297879219055176,1.3364008665084839,1.4918137788772583,1.2129783630371094,1.2920243740081787,1.0262126922607422,2.7820582389831543,2.478069305419922,2.1988072395324707,1.9452400207519531,1.5855895280838013,1.418291687965393,1.059804916381836,1.0817729234695435,0.9143611192703247,0.9256043434143066,0.9473029971122742,1.3104230165481567,1.3768402338027954,1.5712854862213135,1.611895203590393,1.1542973518371582,1.1649224758148193,1.0473507642745972,0.980487585067749,1.158506989479065,1.1406567096710205,1.4404174089431763,1.3956552743911743,1.6868197917938232,1.8542226552963257,2.1162073612213135,1.924855351448059,1.8765249252319336,2.1804981231689453,2.366379499435425
B2,2.3623974323272705,2.099964141845703,1.819702386856079,1.7662311792373657,1.464784026145935,1.6129039525985718,1.45915949344635,1.6622297763824463,1.8169599771499634,1.812424659729004,2.0679924488067627,2.316763162612915,2.237832546234131,2.5471508502960205,2.5508980751037598,0.3685300946235657,0.0,0.3779033124446869,0.6039003133773804,0.9443752765655518,1.2371643781661987,1.5634747743606567,1.7668139934539795,2.11655592918396,2.254328489303589,2.5878098011016846,2.5992934703826904,2.4792585372924805,2.82578706741333,2.85042667388916,2.232724666595459,2.086028814315796,1.7156201601028442,1.7055573463439941,1.395705223083496,1.4673653841018677,1.347109317779541,1.2118215560913086,1.35624361038208,1.1048047542572021,1.3883802890777588,1.498758316040039,1.1975504159927368,1.3514595031738281,1.1227810382843018,2.5104055404663086,2.2274515628814697,1.9326883554458618,1.7238314151763916,1.3551223278045654,1.2631795406341553,0.9392009377479553,0.985593855381012,0.9353741407394409,0.9031302332878113,1.0484975576400757,1.37880277633667,1.3496650457382202,1.5703206062316895,1.5509164333343506,1.188621997833252,1.081998586654663,0.9139713048934937,0.7276991009712219,0.8508303761482239,0.7809556126594543,1.0859583616256714,1.0838642120361328,1.3871288299560547,1.5926133394241333,1.8605870008468628,1.7144293785095215,1.6961482763290405,2.03128719329834,2.2302772998809814
B3,2.1375010013580322,1.8660507202148438,1.5657202005386353,1.4664373397827148,1.136452317237854,1.2484732866287231,1.0828787088394165,1.2897080183029175,1.460960865020752,1.4857670068740845,1.7586979866027832,1.9853463172912598,1.922561764717102,2.2514145374298096,2.2930736541748047,0.5996150374412537,0.3779033124446869,0.0,0.3905198872089386,0.6424369215965271,0.9703273773193359,1.2741458415985107,1.4488698244094849,1.8047051429748535,1.9107357263565063,2.2528810501098633,2.2699968814849854,2.129096746444702,2.470017910003662,2.480281114578247,2.101452589035034,1.9012954235076904,1.5380775928497314,1.4634650945663452,1.1184378862380981,1.1644009351730347,1.0117336511611938,0.9425967931747437,1.1070882081985474,0.9278420209884644,1.2426228523254395,1.3975852727890015,1.1609233617782593,1.3949114084243774,1.2573555707931519,2.1917343139648438,1.8991951942443848,1.6055155992507935,1.3696365356445312,0.999864935874939,0.8853080868721008,0.5686618089675903,0.6759260892868042,0.7310562133789062,0.8029954433441162,1.0346789360046387,1.298912525177002,1.2638274431228638,1.5536651611328125,1.580056071281433,1.0832839012145996,0.9619537591934204,0.6840609312057495,0.5691955089569092,0.6088334918022156,0.6625816226005554,0.9580495953559875,0.9558696746826172,1.3072468042373657,1.4541726112365723,1.7710596323013306,1.669118881225586,1.5884047746658325,1.937869668006897,2.0808262825012207
B4,2.0286195278167725,1.811318278312683,1.4717791080474854,1.4343531131744385,1.1019599437713623,1.240225076675415,1.10218346118927,1.2161378860473633,1.4263761043548584,1.3818848133087158,1.6955240964889526,1.8832695484161377,1.7535029649734497,2.078942060470581,2.0841124057769775,0.9091607928276062,0.6039003133773804,0.3905198872089386,0.0,0.38261428475379944,0.633315920829773,0.9667884707450867,1.1780580282211304,1.5203711986541748,1.6843301057815552,2.0053586959838867,2.026203155517578,1.9395679235458374,2.295372724533081,2.353921413421631,1.7706360816955566,1.583229660987854,1.214174747467041,1.1353598833084106,0.8168179392814636,0.8721325993537903,0.8158414363861084,0.7336536049842834,1.001144528388977,0.9083552360534668,1.2650195360183716,1.334527850151062,1.0944465398788452,1.3815900087356567,1.302237868309021,2.0101943016052246,1.7647643089294434,1.4305005073547363,1.2697726488113403,0.8924002051353455,0.8748512864112854,0.6612016558647156,0.6745639443397522,0.8417268395423889,0.8040449023246765,1.1168262958526611,1.3165781497955322,1.1721984148025513,1.4609993696212769,1.4261726140975952,1.4123151302337646,1.222697377204895,0.9136531949043274,0.6944872736930847,0.5106649994850159,0.40655043721199036,0.5995017290115356,0.5700547099113464,0.9312076568603516,1.0928353071212769,1.4123382568359375,1.3549154996871948,1.2990585565567017,1.6675792932510376,1.8239076137542725
B5,1.7434637546539307,1.540651559829712,1.181081771850586,1.1312041282653809,0.7954561114311218,0.9311532974243164,0.8513593673706055,0.9387394785881042,1.2171944379806519,1.209130048751831,1.5584709644317627,1.681530475616455,1.551979422569275,1.9040589332580566,1.9517720937728882,1.2320549488067627,0.9443752765655518,0.6424369215965271,0.38261428475379944,0.0,0.37846285104751587,0.6364025473594666,0.8622141480445862,1.1982845067977905,1.341602087020874,1.6644340753555298,1.7230561971664429,1.6328997611999512,1.9842493534088135,2.0308995246887207,1.5819684267044067,1.334323763847351,0.9900298714637756,0.8388990759849548,0.47952166199684143,0.5716294646263123,0.5751004219055176,0.6802242398262024,1.0011210441589355,1.0431629419326782,1.395219326019287,1.4844950437545776,1.3202447891235352,1.6484427452087402,1.627595067024231,1.6343879699707031,1.3937360048294067,1.052482008934021,0.9080225825309753,0.5424967408180237,0.6298754811286926,0.5919559001922607,0.6910964846611023,0.9873179793357849,1.0306460857391357,1.3727022409439087,1.5011157989501953,1.344162940979004,1.667475700378418,1.6538245677947998,1.4598701000213623,1.239005208015442,0.8929742574691772,0.7339395880699158,0.4068776071071625,0.48135486245155334,0.5614987015724182,0.6145597696304321,0.974439263343811,1.07171630859375,1.4255447387695312,1.4554309844970703,1.3584506511688232,1.7285465002059937,1.8220411539077759
B6,1.824666976928711,1.6873396635055542,1.3125436305999756,1.302947759628296,0.9991677403450012,1.087182879447937,1.0098687410354614,0.9490540623664856,1.2147202491760254,1.1160215139389038,1.4775127172470093,1.5533411502838135,1.3525763750076294,1.6843174695968628,1.6940393447875977,1.5275992155075073,1.2371643781661987,0.9703273773193359,0.633315920829773,0.37846285104751587,0.0,0.36200323700904846,0.5905854105949402,0.9037711024284363,1.1202129125595093,1.4102659225463867,1.4503247737884521,1.4259165525436401,1.7856998443603516,1.8950905799865723,1.4075207710266113,1.1628162860870361,0.8457642197608948,0.6088753342628479,0.3200422525405884,0.28519949316978455,0.4894039034843445,0.5909566283226013,0.954845130443573,1.0951762199401855,1.431069016456604,1.446397066116333,1.3227897882461548,1.6732709407806396,1.719049096107483,1.557533860206604,1.3901011943817139,1.018900990486145,0.9737469553947449,0.6880261301994324,0.8141972422599792,0.8620112538337708,0.832771360874176,1.1475353240966797,1.1226108074188232,1.4819419384002686,1.5340518951416016,1.3054474592208862,1.610742211341858,1.5673826932907104,1.8332960605621338,1.6105479001998901,1.2639825344085693,1.0968620777130127,0.7409237027168274,0.693733274936676,0.5352973937988281,0.47563040256500244,0.7474600672721863,0.7664255499839783,1.1246755123138428,1.2205963134765625,1.1165672540664673,1.4775313138961792,1.5519574880599976
B7,1.6326671838760376,1.5434520244598389,1.1755659580230713,1.184757947921753,0.9465746879577637,1.0184298753738403,1.031306266784668,0.9126754403114319,1.2195253372192383,1.151626467704773,1.518085241317749,1.5066263675689697,1.2985857725143433,1.6348146200180054,1.679513692855835,1.855189323425293,1.5634747743606567,1.2741458415985107,0.9667884707450867,0.6364025473594666,0.36200323700904846,0.0,0.374510258436203,0.6102147102355957,0.8378193974494934,1.1026356220245361,1.2063789367675781,1.2121864557266235,1.5571606159210205,1.6686062812805176,1.26107656955719,0.9609277248382568,0.7297454476356506,0.37622588872909546,0.2351071834564209,0.25237759947776794,0.6016157865524292,0.841050922870636,1.174821138381958,1.385363221168518,1.696974515914917,1.7193377017974854,1.6427321434020996,2.0009422302246094,2.070478677749634,1.2342528104782104,1.117159128189087,0.7470544576644897,0.809514045715332,0.6630810499191284,0.8923932909965515,1.0686914920806885,1.0903594493865967,1.435928225517273,1.451051115989685,1.8095332384109497,1.8257312774658203,1.5982325077056885,1.9054700136184692,1.8689377307891846,2.003828287124634,1.7632778882980347,1.4257732629776,1.2935537099838257,0.9242450594902039,0.9477059245109558,0.7530826926231384,0.7822126746177673,0.9658980369567871,0.929188072681427,1.2569833993911743,1.4348267316818237,1.320711612701416,1.6501097679138184,1.6667429208755493
B8,1.8613148927688599,1.7665003538131714,1.4143069982528687,1.3452914953231812,1.097970724105835,1.033200979232788,0.9832121729850769,0.7328508496284485,0.9778698682785034,0.8729221820831299,1.2215749025344849,1.1620527505874634,0.9439200758934021,1.2803277969360352,1.360046148300171,2.0140082836151123,1.7668139934539795,1.4488698244094849,1.1780580282211304,0.8622141480445862,0.5905854105949402,0.374510258436203,0.0,0.36350277066230774,0.5421016812324524,0.8354002237319946,0.8703923225402832,0.8559809923171997,1.2105317115783691,1.3508154153823853,1.5544127225875854,1.2485580444335938,1.0764364004135132,0.6967098712921143,0.5893359184265137,0.3110468089580536,0.5226563215255737,0.7965237498283386,1.0513933897018433,1.3429895639419556,1.6009740829467773,1.6304123401641846,1.6367453336715698,2.001096248626709,2.1305975914001465,1.2712277173995972,1.1724478006362915,0.8399198651313782,0.8513227105140686,0.7778735756874084,0.8974388241767883,1.1214224100112915,1.0819042921066284,1.4279309511184692,1.4724353551864624,1.81572425365448,1.7589541673660278,1.5476961135864258,1.8618468046188354,1.879243016242981,2.1582112312316895,1.9660769701004028,1.608961582183838,1.5480057001113892,1.201338291168213,1.2578685283660889,1.0836598873138428,1.0107462406158447,1.1560990810394287,0.99313884973526,1.313542127609253,1.481687307357788,1.286677360534668,1.5687823295593262,1.5000885725021362
B9,1.8964301347732544,1.8650873899459839,1.540471076965332,1.5057659149169922,1.3297300338745117,1.2602570056915283,1.2680474519729614,0.9875659346580505,1.201735496520996,1.0919426679611206,1.3947432041168213,1.2442501783370972,1.0008115768432617,1.281169056892395,1.3603719472885132,2.373615026473999,2.11655592918396,1.8047051429748535,1.5203711986541748,1.1982845067977905,0.9037711024284363,0.6102147102355957,0.36350277066230774,0.0,0.36537760496139526,0.5274150371551514,0.6216111183166504,0.7312699556350708,1.0422481298446655,1.234576940536499,1.5245811939239502,1.2231553792953491,1.1580123901367188,0.7839391827583313,0.8377276659011841,0.6502072811126709,0.8797610998153687,1.1313791275024414,1.3579391241073608,1.6742031574249268,1.9079104661941528,1.910462737083435,1.9427570104599,2.303481101989746,2.454974412918091,1.162821650505066,1.1710424423217773,0.8985178470611572,1.024856448173523,1.0613021850585938,1.2196123600006104,1.4746407270431519,1.438386082649231,1.7793779373168945,1.8128949403762817,2.1513640880584717,2.0653016567230225,1.837540864944458,2.1283700466156006,2.1308646202087402,2.4777944087982178,2.2726361751556396,1.927314043045044,1.8630168437957764,1.507922649383545,1.5544735193252563,1.3351342678070068,1.283213496208191,1.3546611070632935,1.160329818725586,1.416988730430603,1.6479793787002563,1.4672192335128784,1.7002334594726562,1.5889770984649658
B10,1.9066519737243652,1.8518086671829224,1.5591657161712646,1.4503833055496216,1.3000833988189697,1.1417139768600464,1.1635115146636963,0.856840968132019,1.0414093732833862,1.016420841217041,1.2793482542037964,1.0673106908798218,0.9149724841117859,1.2065677642822266,1.3852035999298096,2.479827880859375,2.254328489303589,1.9107357263565063,1.6843301057815552,1.341602087020874,1.1202129125595093,0.8378193974494934,0.5421016812324524,0.36537760496139526,0.0,0.35875144600868225,0.49223318696022034,0.4548265039920807,0.7465531229972839,0.8828889727592468,1.8069347143173218,1.4758198261260986,1.4222437143325806,1.0488226413726807,1.0376176834106445,0.8428457975387573,0.9559505581855774,1.2636595964431763,1.4302177429199219,1.763490915298462,1.9652785062789917,2.023374557495117,2.0954556465148926,2.4554030895233154,2.6144120693206787,1.069957971572876,1.0576807260513306,0.8654389977455139,0.9350155591964722,1.0667979717254639,1.1828234195709229,1.4912824630737305,1.4915415048599243,1.8332120180130005,1.933381199836731,2.2561898231506348,2.1545512676239014,1.978954792022705,2.291903495788574,2.3469815254211426,2.45670485496521,2.284174680709839,1.9450849294662476,1.9532527923583984,1.629630446434021,1.7495750188827515,1.58933424949646,1.5501666069030762,1.6702675819396973,1.4710389375686646,1.7460222244262695,1.9450656175613403,1.722922921180725,1.9426432847976685,1.783929467201233
B11,2.0424909591674805,2.0451319217681885,1.7805826663970947,1.7097071409225464,1.6083693504333496,1.4663145542144775,1.5148510932922363,1.2068341970443726,1.3559080362319946,1.3055518865585327,1.5219230651855469,1.2552027702331543,1.0851190090179443,1.2907540798187256,1.4509958028793335,2.823951244354248,2.5878098011016846,2.2528810501098633,2.0053586959838867,1.6644340753555298,1.4102659225463867,1.1026356220245361,0.8354002237319946,0.5274150371551514,0.35875144600868225,0.0,0.3692137598991394,0.5309574007987976,0.6759551763534546,0.8827053308486938,1.866929292678833,1.5597822666168213,1.5838210582733154,1.2342664003372192,1.3114923238754272,1.1422340869903564,1.2945806980133057,1.573801875114441,1.7326222658157349,2.078610420227051,2.2652666568756104,2.2930779457092285,2.3806889057159424,2.736945629119873,2.914513349533081,1.116795539855957,1.2155027389526367,1.089370608329773,1.2361334562301636,1.4024043083190918,1.5402119159698486,1.8483582735061646,1.8357971906661987,2.1719775199890137,2.2509231567382812,2.5718486309051514,2.4478530883789062,2.2531309127807617,2.543332815170288,2.5823965072631836,2.8012282848358154,2.6176488399505615,2.2861576080322266,2.2798993587493896,1.9458296298980713,2.0434093475341797,1.8453227281570435,1.808804988861084,1.8746705055236816,1.6548548936843872,1.8777509927749634,2.1169862747192383,1.9095877408981323,2.0876502990722656,1.9009116888046265
B12,2.361729145050049,2.332756519317627,2.043581962585449,1.9419957399368286,1.7819608449935913,1.5988578796386719,1.5604984760284424,1.2016879320144653,1.255955457687378,1.1292026042938232,1.2890441417694092,1.0057846307754517,0.7984001040458679,0.9442091584205627,1.1015796661376953,2.808445453643799,2.5992934703826904,2.2699968814849854,2.026203155517578,1.7230561971664429,1.4503247737884521,1.2063789367675781,0.8703923225402832,0.6216111183166504,0.49223318696022034,0.3692137598991394,0.0,0.36762022972106934,0.5314183235168457,0.8532513976097107,2.085085153579712,1.7970587015151978,1.7734591960906982,1.4043406248092651,1.4324254989624023,1.1740484237670898,1.2646970748901367,1.4812499284744263,1.576754093170166,1.9431748390197754,2.0832295417785645,2.089750289916992,2.22428297996521,2.566925287246704,2.783562660217285,1.4654226303100586,1.5171805620193481,1.349629521369934,1.4204727411270142,1.5223289728164673,1.580360770225525,1.852757215499878,1.7706817388534546,2.0756187438964844,2.1383731365203857,2.4352476596832275,2.2635862827301025,2.073822021484375,2.3432655334472656,2.4082772731781006,2.8888845443725586,2.7363674640655518,2.384816884994507,2.3861165046691895,2.0544416904449463,2.1274750232696533,1.9264800548553467,1.8152042627334595,1.856999158859253,1.5784106254577637,1.7828483581542969,1.9895234107971191,1.7426354885101318,1.8723528385162354,1.6368457078933716
B13,2.3131027221679688,2.2335164546966553,1.953100562095642,1.7857255935668945,1.612578272819519,1.3671599626541138,1.3046547174453735,0.9413070678710938,0.9545860290527344,0.9051793217658997,1.0452265739440918,0.7417700886726379,0.653520941734314,0.8749090433120728,1.136781096458435,2.6566808223724365,2.4792585372924805,2.129096746444702,1.9395679235458374,1.6328997611999512,1.4259165525436401,1.2121864557266235,0.8559809923171997,0.7312699556350708,0.4548265039920807,0.5309574007987976,0.36762022972106934,0.0,0.3629124164581299,0.585638165473938,2.2412962913513184,1.921047329902649,1.8532617092132568,1.4718210697174072,1.4146062135696411,1.1414897441864014,1.1364262104034424,1.3890372514724731,1.4428960084915161,1.805181622505188,1.9285024404525757,1.9971646070480347,2.1469480991363525,2.488375186920166,2.69521164894104,1.4387305974960327,1.4141101837158203,1.2666586637496948,1.2465412616729736,1.3643609285354614,1.3645756244659424,1.653739333152771,1.5978565216064453,1.8967565298080444,2.0180013179779053,2.300732135772705,2.1345906257629395,1.9985268115997314,2.2975993156433105,2.4099202156066895,2.6583218574523926,2.540623188018799,2.1935219764709473,2.250476837158203,1.9516502618789673,2.078411102294922,1.9375642538070679,1.832462191581726,1.9405344724655151,1.6799800395965576,1.9356948137283325,2.093372106552124,1.814481496810913,1.970578908920288,1.7341294288635254
