,A1,A2,A3,A4,A5,A6,A7,A8,A9,A10,A11,A12,A13,A14,A15,B1,B2,B3,B4,B5,B6,B7,B8,B9,B10,B11,B12,B13,B14,B15,C1,C2,C3,C4,C5,C6,C7,C8,C9,C10,C11,C12,C13,C14,C15,D1,D2,D3,D4,D5,D6,D7,D8,D9,D10,D11,D12,D13,D14,D15,E1,E2,E3,E4,E5,E6,E7,E8,E9,E10,E11,E12,E13,E14,E15
A1,0.0,0.38161182403564453,0.5997609496116638,0.8887701034545898,1.2016830444335938,1.489413857460022,1.8158048391342163,1.9064850807189941,2.271618366241455,2.3483686447143555,2.650881052017212,2.4503166675567627,2.2419016361236572,2.554169178009033,2.4876084327697754,2.937711238861084,2.652811288833618,2.333890914916992,2.118878126144409,1.7520827054977417,1.589347243309021,1.2235220670700073,1.270591378211975,1.07805597782135,1.056370735168457,1.1469411849975586,1.4447420835494995,1.5242931842803955,1.7231817245483398,1.9102745056152344,2.227912664413452,1.8558520078659058,1.867521047592163,1.6582945585250854,1.608785629272461,1.6497619152069092,1.6125893592834473,1.993557095527649,2.122267484664917,2.3516838550567627,2.5792806148529053,2.6270389556884766,2.6700987815856934,3.002800941467285,3.202073812484741,2.0548903942108154,1.972102403640747,1.7213807106018066,1.9196566343307495,1.7555521726608276,2.0567049980163574,2.02353572845459,2.111358880996704,2.3486146926879883,2.1946465969085693,2.548954486846924,2.6220784187316895,2.341456651687622,2.6245715618133545,2.5680651664733887,2.0604774951934814,1.7186371088027954,1.6481536626815796,1.2738521099090576,1.2142479419708252,0.9715852737426758,0.9622126221656799,1.2261645793914795,1.2713721990585327,1.6197820901870728,1.7232062816619873,1.687557339668274,1.8700335025787354,2.1662776470184326,2.491459608078003
A2,0.38161182403564453,0.0,0.38202401995658875,0.5828691124916077,0.9121840000152588,1.1958589553833008,1.5194478034973145,1.665069818496704,2.0249199867248535,2.1395132541656494,2.443828582763672,2.2628962993621826,2.0920627117156982,2.427799701690674,2.412208318710327,2.6494057178497314,2.378152370452881,2.0455503463745117,1.873847484588623,1.4984720945358276,1.4053359031677246,1.0609697103500366,1.1246154308319092,1.0320713520050049,0.9583003520965576,1.1629998683929443,1.4243299961090088,1.41067636013031,1.6528434753417969,1.7901277542114258,1.8552608489990234,1.4852778911590576,1.5003993511199951,1.3200740814208984,1.2998828887939453,1.4035775661468506,1.4219578504562378,1.8032160997390747,1.9890893697738647,2.2009193897247314,2.4647488594055176,2.484102725982666,2.482295274734497,2.830761671066284,2.997859239578247,2.0441455841064453,1.9015048742294312,1.6150825023651123,1.7428845167160034,1.5222570896148682,1.7871092557907104,1.7084511518478394,1.8094544410705566,2.0221691131591797,1.8740460872650146,2.224360704421997,2.3237366676330566,2.069019079208374,2.3611907958984375,2.3317103385925293,1.7212284803390503,1.3918415307998657,1.2906073331832886,0.9105576276779175,0.8545321226119995,0.6162661910057068,0.7066507935523987,0.9794909954071045,1.1276600360870361,1.4561450481414795,1.6215178966522217,1.5431936979293823,1.663243055343628,1.9839882850646973,2.295898199081421
A3,0.5997609496116638,0.38202401995658875,0.0,0.38586169481277466,0.6154701113700867,0.943487286567688,1.2390162944793701,1.3528728485107422,1.717095971107483,1.7948720455169678,2.1133158206939697,1.9527029991149902,1.756393551826477,2.096710681915283,2.0778017044067383,2.3392622470855713,2.0541155338287354,1.7348469495773315,1.5269320011138916,1.1567050218582153,1.032934546470642,0.6841673851013184,0.8022381663322449,0.771076500415802,0.8003078103065491,1.0541584491729736,1.2318708896636963,1.2252618074417114,1.5196000337600708,1.6861772537231445,1.8350831270217896,1.4614272117614746,1.3791989088058472,1.1748406887054443,1.0535783767700195,1.1330358982086182,1.0902485847473145,1.4726393222808838,1.6467714309692383,1.838314175605774,2.1078195571899414,2.149541139602661,2.141218423843384,2.4839611053466797,2.6548328399658203,1.685043215751648,1.5246866941452026,1.237285852432251,1.3684251308441162,1.173143744468689,1.4694347381591797,1.4451651573181152,1.5719456672668457,1.8296829462051392,1.7356051206588745,2.1002988815307617,2.1530709266662598,1.9139561653137207,2.2370524406433105,2.253129720687866,1.7194839715957642,1.369573950767517,1.2073497772216797,0.8701730966567993,0.6971389055252075,0.5396794080734253,0.49507108330726624,0.8588736653327942,1.0234225988388062,1.2944045066833496,1.5134509801864624,1.5049641132354736,1.5738025903701782,1.9228003025054932,2.1997013092041016
A4,0.8887701034545898,0.5828691124916077,0.38586169481277466,0.0,0.3770383298397064,0.6134669780731201,0.9475427269935608,1.0968952178955078,1.4507036209106445,1.5958384275436401,1.8882814645767212,1.717681646347046,1.585166573524475,1.9344431161880493,1.9755574464797974,2.1090331077575684,1.8666913509368896,1.5141990184783936,1.365584135055542,0.9919853806495667,0.9453983902931213,0.6685895323753357,0.6831445693969727,0.762241542339325,0.6707115769386292,1.0096797943115234,1.1435476541519165,1.0206453800201416,1.331027865409851,1.4336652755737305,1.6222654581069946,1.2734620571136475,1.1696425676345825,1.0661553144454956,0.9500642418861389,1.1526145935058594,1.147726058959961,1.504650592803955,1.7302762269973755,1.860774278640747,2.1730451583862305,2.2128729820251465,2.1374616622924805,2.4866957664489746,2.610543727874756,1.8052891492843628,1.5690702199935913,1.2973532676696777,1.3323214054107666,1.0986124277114868,1.3511946201324463,1.277121663093567,1.4765732288360596,1.7008408308029175,1.651669979095459,2.002574920654297,2.091400146484375,1.910441279411316,2.246469020843506,2.307316780090332,1.3541125059127808,0.9983455538749695,0.8398987054824829,0.5310454368591309,0.4286028742790222,0.49815356731414795,0.6387129426002502,0.9793730974197388,1.246701717376709,1.4656953811645508,1.7397254705429077,1.6963391304016113,1.6910004615783691,2.0553715229034424,2.3053863048553467
A5,1.2016830444335938,0.9121840000152588,0.6154701113700867,0.3770383298397064,0.0,0.3801005482673645,0.6262028813362122,0.7996577024459839,1.148370385169983,1.2725602388381958,1.586814284324646,1.469260573387146,1.3365596532821655,1.7001131772994995,1.7704758644104004,1.7475638389587402,1.4930856227874756,1.14768648147583,0.9916050434112549,0.6176047921180725,0.6363785862922668,0.4721781313419342,0.5809258818626404,0.8241807222366333,0.8350688219070435,1.1887187957763672,1.2096515893936157,1.059701681137085,1.4117333889007568,1.5089739561080933,1.5423431396484375,1.2162361145019531,1.0049867630004883,0.9041255116462708,0.6831194758415222,0.903839647769928,0.8777461051940918,1.1984219551086426,1.4443559646606445,1.534950852394104,1.8669859170913696,1.9050859212875366,1.7960686683654785,2.143519163131714,2.2502756118774414,1.5971994400024414,1.3191173076629639,1.037050485610962,0.9968190789222717,0.7444005608558655,0.989606499671936,0.9489117860794067,1.1878575086593628,1.4396241903305054,1.4569505453109741,1.8049992322921753,1.854770541191101,1.7104171514511108,2.066436767578125,2.1786997318267822,1.3844215869903564,1.0602240562438965,0.807098925113678,0.6394662857055664,0.3828186094760895,0.603630542755127,0.6408641934394836,0.9452306032180786,1.2323951721191406,1.3587350845336914,1.6810981035232544,1.6779775619506836,1.602132797241211,1.9767818450927734,2.178384780883789
A6,1.489413857460022,1.1958589553833008,0.943487286567688,0.6134669780731201,0.3801005482673645,0.0,0.3699207305908203,0.5474436283111572,0.8671951293945312,1.080165147781372,1.3418009281158447,1.2034624814987183,1.1570427417755127,1.5111701488494873,1.645707368850708,1.5622097253799438,1.378316879272461,1.004120945930481,0.9252727627754211,0.6181586384773254,0.7102752327919006,0.695464015007019,0.6283113956451416,0.9248374104499817,0.857733964920044,1.2131062746047974,1.1658705472946167,0.9147586822509766,1.2544039487838745,1.2844618558883667,1.5512938499450684,1.286281704902649,1.0484596490859985,1.079712152481079,0.8729215860366821,1.1585698127746582,1.1347739696502686,1.3885115385055542,1.6425848007202148,1.6531851291656494,2.0065407752990723,2.0635743141174316,1.8944247961044312,2.226372241973877,2.283890724182129,1.753218650817871,1.4219094514846802,1.2089790105819702,1.0876307487487793,0.869530975818634,1.0406097173690796,0.9778756499290466,1.3003844022750854,1.5077521800994873,1.592057228088379,1.9057350158691406,1.9770026206970215,1.9001758098602295,2.2564313411712646,2.4084765911102295,1.15922212600708,0.8503474593162537,0.6317761540412903,0.645325243473053,0.5618907809257507,0.9012627601623535,1.010460615158081,1.2820709943771362,1.5932035446166992,1.6888883113861084,2.028287649154663,2.0133752822875977,1.8976986408233643,2.2697646617889404,2.443404197692871
A7,1.8158048391342163,1.5194478034973145,1.2390162944793701,0.9475427269935608,0.6262028813362122,0.3699207305908203,0.0,0.381531685590744,0.6085023880004883,0.8326634168624878,1.09722900390625,1.0515570640563965,1.04912531375885,1.3958848714828491,1.5812991857528687,1.1925290822982788,1.0225862264633179,0.6445066332817078,0.636488139629364,0.44485557079315186,0.6910739541053772,0.846808671951294,0.8464174866676331,1.193336844444275,1.1866729259490967,1.5234397649765015,1.4107518196105957,1.159593939781189,1.4911555051803589,1.5018162727355957,1.5331379175186157,1.3245699405670166,1.0104920864105225,1.0811269283294678,0.8330861330032349,1.114077091217041,1.0944918394088745,1.253021001815796,1.5205787420272827,1.4672913551330566,1.832970380783081,1.8784310817718506,1.6569396257400513,1.9746508598327637,1.991364598274231,1.7246702909469604,1.3644496202468872,1.1730256080627441,0.9418917894363403,0.734882652759552,0.8020211458206177,0.7625992894172668,1.130445122718811,1.3274164199829102,1.4925659894943237,1.7735233306884766,1.812713384628296,1.7953490018844604,2.152139902114868,2.3536417484283447,1.2790403366088867,1.0542941093444824,0.7906438112258911,0.9214032888412476,0.7871846556663513,1.131935954093933,1.1934857368469238,1.3998674154281616,1.7091238498687744,1.7249306440353394,2.086808443069458,2.0932421684265137,1.9179043769836426,2.280045509338379,2.400866985321045
A8,1.9064850807189941,1.665069818496704,1.3528728485107422,1.0968952178955078,0.7996577024459839,0.5474436283111572,0.381531685590744,0.0,0.3660649061203003,0.5423235297203064,0.8000659346580505,0.7009402513504028,0.6712066531181335,1.0189231634140015,1.2066463232040405,1.2148256301879883,1.0682175159454346,0.7490888237953186,0.6259403228759766,0.533346951007843,0.5985625386238098,0.8263694047927856,0.7297769784927368,1.0771770477294922,1.1228721141815186,1.4040714502334595,1.2072802782058716,0.9855672717094421,1.3016082048416138,1.3494499921798706,1.9141243696212769,1.7000846862792969,1.3876301050186157,1.4221011400222778,1.1260991096496582,1.3307998180389404,1.2073806524276733,1.3449093103408813,1.5376290082931519,1.4291306734085083,1.7772921323776245,1.8965243101119995,1.6863348484039307,1.968355417251587,1.9991583824157715,1.5467485189437866,1.1683082580566406,1.0797924995422363,0.8821855187416077,0.832819402217865,0.9720999598503113,1.0546555519104004,1.4132938385009766,1.645474910736084,1.8297961950302124,2.1130614280700684,2.1128036975860596,2.0902507305145264,2.4533658027648926,2.658146619796753,1.5187517404556274,1.2665311098098755,1.0835964679718018,1.1867557764053345,1.0698156356811523,1.3858635425567627,1.3942259550094604,1.649497628211975,1.9172099828720093,1.9364161491394043,2.287611484527588,2.341958522796631,2.1903162002563477,2.5550317764282227,2.6733551025390625
A9,2.271618366241455,2.0249199867248535,1.717095971107483,1.4507036209106445,1.148370385169983,0.8671951293945312,0.6085023880004883,0.3660649061203003,0.0,0.3760926127433777,0.5050709247589111,0.5100004076957703,0.6432428359985352,0.9095404744148254,1.1827980279922485,0.9808720350265503,0.9377427101135254,0.6908849477767944,0.6844169497489929,0.7769261002540588,0.8938674926757812,1.1736173629760742,1.0762670040130615,1.4103549718856812,1.4483680725097656,1.7035554647445679,1.465350866317749,1.2296466827392578,1.4948241710662842,1.4965213537216187,2.0569159984588623,1.8991080522537231,1.5680402517318726,1.6528555154800415,1.3680026531219482,1.5703980922698975,1.4565740823745728,1.5138139724731445,1.6934750080108643,1.5117539167404175,1.8495686054229736,1.9746326208114624,1.7157057523727417,1.9561090469360352,1.9311201572418213,1.71663498878479,1.330119252204895,1.3060718774795532,1.049072027206421,1.0510412454605103,1.0893065929412842,1.182549238204956,1.5487172603607178,1.7424687147140503,1.983173131942749,2.2236969470977783,2.2114133834838867,2.2466647624969482,2.5986533164978027,2.838820695877075,1.6429948806762695,1.4566367864608765,1.2942347526550293,1.4734095335006714,1.3806570768356323,1.7150201797485352,1.7297790050506592,1.953822374343872,2.224987506866455,2.2045748233795166,2.5639073848724365,2.623326063156128,2.4367287158966064,2.789923906326294,2.871115207672119
A10,2.3483686447143555,2.1395132541656494,1.7948720455169678,1.5958384275436401,1.2725602388381958,1.080165147781372,0.8326634168624878,0.5423235297203064,0.3760926127433777,0.0,0.37039798498153687,0.508402407169342,0.47308701276779175,0.7156128287315369,0.951328456401825,0.9813176393508911,0.878354012966156,0.7461462020874023,0.5983291268348694,0.7934615612030029,0.8249315619468689,1.1622833013534546,1.1172575950622559,1.439375400543213,1.5669997930526733,1.7884719371795654,1.5178518295288086,1.3678562641143799,1.636641502380371,1.705394983291626,2.294156789779663,2.115007162094116,1.7628458738327026,1.780211329460144,1.4468313455581665,1.5600910186767578,1.3765453100204468,1.3784235715866089,1.4867247343063354,1.257707953453064,1.5655618906021118,1.7379804849624634,1.4986562728881836,1.7023909091949463,1.7037041187286377,1.434828281402588,1.056735634803772,1.109950065612793,0.8610407114028931,0.9940500259399414,1.061785101890564,1.264434814453125,1.589486837387085,1.8288906812667847,2.0794739723205566,2.325676918029785,2.25309419631958,2.2739760875701904,2.6266369819641113,2.8701171875,1.9939416646957397,1.7813503742218018,1.5931581258773804,1.7172132730484009,1.5607030391693115,1.8502320051193237,1.7886743545532227,2.0086894035339355,2.229931116104126,2.1779932975769043,2.5236728191375732,2.6361544132232666,2.4564108848571777,2.800351142883301,2.863290548324585
A11,2.650881052017212,2.443828582763672,2.1133158206939697,1.8882814645767212,1.586814284324646,1.3418009281158447,1.09722900390625,0.8000659346580505,0.5050709247589111,0.37039798498153687,0.0,0.37293097376823425,0.5551510453224182,0.6125465035438538,0.9369676113128662,1.0315204858779907,1.0608693361282349,0.9866312146186829,0.9374623894691467,1.1460661888122559,1.1791478395462036,1.4980072975158691,1.3942395448684692,1.6915106773376465,1.785751223564148,1.974989414215088,1.6714075803756714,1.5028554201126099,1.710871934890747,1.7385119199752808,2.5282371044158936,2.3822617530822754,2.035979747772217,2.097597599029541,1.7837073802947998,1.918835163116455,1.7458162307739258,1.7307311296463013,1.8257662057876587,1.5640300512313843,1.8444734811782837,2.030463695526123,1.7717041969299316,1.9299575090408325,1.8876382112503052,1.712889313697815,1.3515233993530273,1.4584434032440186,1.2220736742019653,1.3589460849761963,1.3904951810836792,1.5658010244369507,1.9004619121551514,2.105441093444824,2.3785977363586426,2.5997273921966553,2.537057638168335,2.5914320945739746,2.9362518787384033,3.195220708847046,2.112976312637329,1.9356974363327026,1.7964820861816406,1.9663604497909546,1.8581056594848633,2.171022891998291,2.137221574783325,2.3626832962036133,2.595038890838623,2.5439584255218506,2.8919875621795654,2.998392343521118,2.8095695972442627,3.1513497829437256,3.2033095359802246
A12,2.4503166675567627,2.2628962993621826,1.9527029991149902,1.717681646347046,1.469260573387146,1.2034624814987183,1.0515570640563965,0.7009402513504028,0.5100004076957703,0.508402407169342,0.37293097376823425,0.0,0.37846943736076355,0.473081111907959,0.7961587309837341,1.3336167335510254,1.3294943571090698,1.1610835790634155,1.0687482357025146,1.160840630531311,1.1230347156524658,1.3791736364364624,1.189756155014038,1.4481004476547241,1.5102323293685913,1.6677433252334595,1.3519947528839111,1.1763607263565063,1.3532662391662598,1.3838768005371094,2.542665481567383,2.367995023727417,2.0512890815734863,2.1114654541015625,1.8054940700531006,1.9672297239303589,1.7843711376190186,1.8462653160095215,1.9476269483566284,1.735251784324646,2.026008129119873,2.227424383163452,2.0028328895568848,2.193333387374878,2.1890361309051514,1.7225056886672974,1.3611993789672852,1.4658379554748535,1.2987602949142456,1.4122400283813477,1.5192513465881348,1.6646547317504883,2.0190272331237793,2.2375757694244385,2.4716057777404785,2.723447561264038,2.6936190128326416,2.7114758491516113,3.0686604976654053,3.3000848293304443,1.9660476446151733,1.7548072338104248,1.6716591119766235,1.8174220323562622,1.7547718286514282,2.0675923824310303,2.0591883659362793,2.3304336071014404,2.569774866104126,2.5727922916412354,2.9148972034454346,3.007131338119507,2.854428291320801,3.2124245166778564,3.3049795627593994
A13,2.2419016361236572,2.0920627117156982,1.756393551826477,1.585166573524475,1.3365596532821655,1.1570427417755127,1.04912531375885,0.6712066531181335,0.6432428359985352,0.47308701276779175,0.5551510453224182,0.37846943736076355,0.0,0.36672037839889526,0.5495350956916809,1.4477250576019287,1.3453342914581299,1.1804319620132446,0.9660897850990295,1.0253679752349854,0.88163161277771,1.1357676982879639,0.9757779836654663,1.216350793838501,1.362565517425537,1.500924825668335,1.1781032085418701,1.0949132442474365,1.3115911483764648,1.4349770545959473,2.5809438228607178,2.361593008041382,2.0412802696228027,2.0317437648773193,1.6927698850631714,1.793861985206604,1.5576457977294922,1.6326042413711548,1.6870241165161133,1.4955317974090576,1.7666934728622437,1.9998362064361572,1.826631784439087,2.0204856395721436,2.0742290019989014,1.3592228889465332,1.0092962980270386,1.1525263786315918,1.0540263652801514,1.231827735900879,1.4118304252624512,1.6134885549545288,1.9379205703735352,2.205091953277588,2.412839412689209,2.6929283142089844,2.6326208114624023,2.606043815612793,2.9691779613494873,3.179543972015381,2.101600170135498,1.8380025625228882,1.7207746505737305,1.7907816171646118,1.6731082201004028,1.9380851984024048,1.8712375164031982,2.1559813022613525,2.3536603450775146,2.361010789871216,2.6841936111450195,2.8104817867279053,2.6867921352386475,3.0433244705200195,3.14715313911438
A14,2.554169178009033,2.427799701690674,2.096710681915283,1.9344431161880493,1.7001131772994995,1.5111701488494873,1.3958848714828491,1.0189231634140015,0.9095404744148254,0.7156128287315369,0.6125465035438538,0.473081111907959,0.36672037839889526,0.0,0.35622280836105347,1.6128731966018677,1.5651586055755615,1.4606781005859375,1.2712223529815674,1.3787071704864502,1.2308927774429321,1.479513168334961,1.3040329217910767,1.4973770380020142,1.64425790309906,1.725394606590271,1.3709824085235596,1.32365882396698,1.4646697044372559,1.5823360681533813,2.9226715564727783,2.7166755199432373,2.3925960063934326,2.391967535018921,2.0504703521728516,2.1371710300445557,1.8858987092971802,1.9278392791748047,1.9410052299499512,1.711859107017517,1.9394420385360718,2.205904245376587,2.0351972579956055,2.177767753601074,2.217904567718506,1.51396644115448,1.2099214792251587,1.4306323528289795,1.3497871160507202,1.5689202547073364,1.7286787033081055,1.9460762739181519,2.26651668548584,2.5276434421539307,2.7536253929138184,3.0212960243225098,2.9470906257629395,2.9359090328216553,3.295010805130005,3.515563488006592,2.3890647888183594,2.1411101818084717,2.0527446269989014,2.138134717941284,2.0363214015960693,2.3013014793395996,2.2288694381713867,2.5150651931762695,2.6996734142303467,2.6984331607818604,3.014446496963501,3.1575748920440674,3.03373384475708,3.3852903842926025,3.476893424987793
A15,2.4876084327697754,2.412208318710327,2.0778017044067383,1.9755574464797974,1.7704758644104004,1.645707368850708,1.5812991857528687,1.2066463232040405,1.1827980279922485,0.951328456401825,0.9369676113128662,0.7961587309837341,0.5495350956916809,0.35622280836105347,0.0,1.8813151121139526,1.7805689573287964,1.679221272468567,1.423845887184143,1.4935073852539062,1.2635124921798706,1.4679657220840454,1.3027081489562988,1.4296399354934692,1.6331474781036377,1.6581820249557495,1.3008500337600708,1.355072021484375,1.4805536270141602,1.6674749851226807,3.1099488735198975,2.8714277744293213,2.5555057525634766,2.506413459777832,2.150907516479492,2.1894917488098145,1.8974614143371582,1.9544953107833862,1.9126369953155518,1.7101210355758667,1.8943438529968262,2.1968066692352295,2.0844390392303467,2.214810371398926,2.3058419227600098,1.323891282081604,1.0844368934631348,1.3650323152542114,1.3779590129852295,1.6412131786346436,1.8553465604782104,2.1027441024780273,2.3962533473968506,2.6887457370758057,2.888521194458008,3.176844596862793,3.083681583404541,3.0349018573760986,3.395277738571167,3.5931780338287354,2.6021080017089844,2.318726062774658,2.228724241256714,2.257312536239624,2.133606195449829,2.353363513946533,2.2404425144195557,2.541172504425049,2.6834001541137695,2.6964869499206543,2.985532760620117,3.1577091217041016,3.0690975189208984,3.416245222091675,3.5217175483703613
B1,2.937711238861084,2.6494057178497314,2.3392622470855713,2.1090331077575684,1.7475638389587402,1.5622097253799438,1.1925290822982788,1.2148256301879883,0.9808720350265503,0.9813176393508911,1.0315204858779907,1.3336167335510254,1.4477250576019287,1.6128731966018677,1.8813151121139526,0.0,0.3857598304748535,0.6063215732574463,0.8870922327041626,1.2039490938186646,1.4850795269012451,1.8140076398849487,1.8873841762542725,2.247690200805664,2.3220741748809814,2.616716146469116,2.4069530963897705,2.1860721111297607,2.4699296951293945,2.4514801502227783,2.0446152687072754,2.0145299434661865,1.649843454360962,1.7650214433670044,1.5412886142730713,1.6736387014389038,1.6607887744903564,1.5043656826019287,1.6985505819320679,1.4443303346633911,1.7308536767959595,1.730003833770752,1.3628534078598022,1.517751693725586,1.327366828918457,2.0953264236450195,1.7612223625183105,1.7003718614578247,1.3210664987564087,1.3001701831817627,1.0467134714126587,1.1297121047973633,1.3658860921859741,1.437470555305481,1.7909198999404907,1.8904515504837036,1.8033791780471802,1.9839991331100464,2.2668216228485107,2.587961196899414,2.1273245811462402,2.0691616535186768,1.80904221534729,2.0383434295654297,1.8707451820373535,2.1677286624908447,2.146641492843628,2.210963010787964,2.460628032684326,2.296450614929199,2.6526694297790527,2.7160773277282715,2.4235944747924805,2.7049379348754883,2.6597068309783936
B2,2.652811288833618,2.378152370452881,2.0541155338287354,1.8666913509368896,1.4930856227874756,1.378316879272461,1.0225862264633179,1.0682175159454346,0.9377427101135254,0.878354012966156,1.0608693361282349,1.3294943571090698,1.3453342914581299,1.5651586055755615,1.7805689573287964,0.3857598304748535,0.0,0.3827182650566101,0.5834744572639465,0.9143732190132141,1.197548270225525,1.5233287811279297,1.655570387840271,2.012815237045288,2.1243298053741455,2.4247992038726807,2.2365827560424805,2.0516409873962402,2.36657977104187,2.393312454223633,1.9199541807174683,1.8343580961227417,1.455074667930603,1.497401475906372,1.2364444732666016,1.3192524909973145,1.2900545597076416,1.1188380718231201,1.3195842504501343,1.0880496501922607,1.3955549001693726,1.3837294578552246,1.0288279056549072,1.2399280071258545,1.1155076026916504,1.7815957069396973,1.4619123935699463,1.361018180847168,0.9763689041137695,0.9515905976295471,0.6894286274909973,0.8474310040473938,1.0646028518676758,1.2094827890396118,1.5440382957458496,1.6899065971374512,1.5674679279327393,1.6968892812728882,2.0012881755828857,2.3065967559814453,2.102814197540283,1.9923605918884277,1.6932203769683838,1.8601022958755493,1.636551022529602,1.8960609436035156,1.8303569555282593,1.8852072954177856,2.109985828399658,1.9354971647262573,2.287612199783325,2.3731768131256104,2.0926854610443115,2.3796627521514893,2.3460590839385986
B3,2.333890914916992,2.0455503463745117,1.7348469495773315,1.5141990184783936,1.14768648147583,1.004120945930481,0.6445066332817078,0.7490888237953186,0.6908849477767944,0.7461462020874023,0.9866312146186829,1.1610835790634155,1.1804319620132446,1.4606781005859375,1.679221272468567,0.6063215732574463,0.3827182650566101,0.0,0.3866787850856781,0.6163182854652405,0.9444781541824341,1.2400707006454468,1.3448870182037354,1.7068098783493042,1.7817376852035522,2.0976200103759766,1.933534860610962,1.7230342626571655,2.0450046062469482,2.0613787174224854,1.6785988807678223,1.5575803518295288,1.18027925491333,1.2444653511047363,0.9776937961578369,1.1451842784881592,1.1318968534469604,1.0773086547851562,1.3321634531021118,1.1709295511245728,1.523293375968933,1.5275815725326538,1.218357801437378,1.4929630756378174,1.431492567062378,1.731156587600708,1.3807278871536255,1.2317314147949219,0.8633033633232117,0.7443888783454895,0.5447660684585571,0.6283587217330933,0.950772762298584,1.1212810277938843,1.4143556356430054,1.6154816150665283,1.5602953433990479,1.6414979696273804,1.9755220413208008,2.250239372253418,1.7495230436325073,1.6170446872711182,1.3200414180755615,1.4876943826675415,1.2846978902816772,1.5732539892196655,1.5489128828048706,1.6442683935165405,1.9085068702697754,1.7930055856704712,2.160085916519165,2.21256685256958,1.957532286643982,2.277989387512207,2.3002028465270996
B4,2.118878126144409,1.873847484588623,1.5269320011138916,1.365584135055542,0.9916050434112549,0.9252727627754211,0.636488139629364,0.6259403228759766,0.6844169497489929,0.5983291268348694,0.9374623894691467,1.0687482357025146,0.9660897850990295,1.2712223529815674,1.423845887184143,0.8870922327041626,0.5834744572639465,0.3866787850856781,0.0,0.3767366409301758,0.6142387390136719,0.9484166502952576,1.0883593559265137,1.4394855499267578,1.5816742181777954,1.8728874921798706,1.697982907295227,1.5518170595169067,1.887649416923523,1.9681388139724731,1.8667478561401367,1.6738626956939697,1.3036948442459106,1.2641372680664062,0.919495701789856,1.0004507303237915,0.8733686804771423,0.8455562591552734,1.0485633611679077,0.8929800391197205,1.2548437118530273,1.3220417499542236,1.07389235496521,1.3631387948989868,1.3897126913070679,1.3486179113388062,0.9966632127761841,0.8542239665985107,0.49075448513031006,0.47369927167892456,0.4645269811153412,0.7155787348747253,1.0044546127319336,1.274574875831604,1.5136229991912842,1.769722580909729,1.6762652397155762,1.6790306568145752,2.0326731204986572,2.274430751800537,1.8946104049682617,1.6879113912582397,1.3966519832611084,1.4760565757751465,1.224772572517395,1.469700813293457,1.3727425336837769,1.5148297548294067,1.7340418100357056,1.634833574295044,1.9902328252792358,2.0931100845336914,1.8841038942337036,2.2182624340057373,2.2681469917297363
B5,1.7520827054977417,1.4984720945358276,1.1567050218582153,0.9919853806495667,0.6176047921180725,0.6181586384773254,0.44485557079315186,0.533346951007843,0.7769261002540588,0.7934615612030029,1.1460661888122559,1.160840630531311,1.0253679752349854,1.3787071704864502,1.4935073852539062,1.2039490938186646,0.9143732190132141,0.6163182854652405,0.3767366409301758,0.0,0.38047710061073303,0.6276485919952393,0.7970622777938843,1.1444863080978394,1.2667393684387207,1.5809637308120728,1.4614598751068115,1.3157222270965576,1.671327829360962,1.7654222249984741,1.6927062273025513,1.4440760612487793,1.104671835899353,1.0286511182785034,0.6738083362579346,0.8102569580078125,0.6967659592628479,0.8373278975486755,1.0806339979171753,1.0472759008407593,1.4088505506515503,1.4635668992996216,1.282619833946228,1.6097511053085327,1.682747721672058,1.3394169807434082,0.9999191761016846,0.7634561061859131,0.5143918395042419,0.3094995319843292,0.5080761909484863,0.6521504521369934,0.9523064494132996,1.245253086090088,1.404447078704834,1.711095929145813,1.6669057607650757,1.6041914224624634,1.9716097116470337,2.167945146560669,1.6777920722961426,1.4266252517700195,1.1305733919143677,1.1434979438781738,0.8741717338562012,1.1114752292633057,1.029178500175476,1.218653678894043,1.4621238708496094,1.4308499097824097,1.7875702381134033,1.8617876768112183,1.6938903331756592,2.0519793033599854,2.159121513366699
B6,1.589347243309021,1.4053359031677246,1.032934546470642,0.9453983902931213,0.6363785862922668,0.7102752327919006,0.6910739541053772,0.5985625386238098,0.8938674926757812,0.8249315619468689,1.1791478395462036,1.1230347156524658,0.88163161277771,1.2308927774429321,1.2635124921798706,1.4850795269012451,1.197548270225525,0.9444781541824341,0.6142387390136719,0.38047710061073303,0.0,0.36752697825431824,0.5406730771064758,0.8575677871704102,1.0672845840454102,1.3309037685394287,1.191270112991333,1.1327018737792969,1.4838060140609741,1.647096872329712,1.9971520900726318,1.709902048110962,1.4066524505615234,1.2759228944778442,0.9163281321525574,0.9613060355186462,0.7213684916496277,0.9230614900588989,1.0593293905258179,1.0483970642089844,1.3717414140701294,1.5038585662841797,1.397529125213623,1.7008918523788452,1.8322728872299194,1.0541430711746216,0.7197358012199402,0.5182129740715027,0.4640052616596222,0.47841474413871765,0.8135198354721069,1.0073084831237793,1.2578661441802979,1.5803139209747314,1.69907546043396,2.0275931358337402,1.9657623767852783,1.8528939485549927,2.2204134464263916,2.381913423538208,1.8649046421051025,1.558893084526062,1.316993236541748,1.2528594732284546,0.9943893551826477,1.1688041687011719,1.0248022079467773,1.2903492450714111,1.472887396812439,1.4902976751327515,1.8129563331604004,1.9313989877700806,1.8295235633850098,2.189819097518921,2.3273096084594727
B7,1.2235220670700073,1.0609697103500366,0.6841673851013184,0.6685895323753357,0.4721781313419342,0.695464015007019,0.846808671951294,0.8263694047927856,1.1736173629760742,1.1622833013534546,1.4980072975158691,1.3791736364364624,1.1357676982879639,1.479513168334961,1.4679657220840454,1.8140076398849487,1.5233287811279297,1.2400707006454468,0.9484166502952576,0.6276485919952393,0.36752697825431824,0.0,0.3784489333629608,0.6053869128227234,0.8249399065971375,1.0927740335464478,1.0462143421173096,1.0323004722595215,1.3830353021621704,1.5745880603790283,1.971314549446106,1.6415507793426514,1.4012926816940308,1.2282052040100098,0.9190017580986023,0.9632309675216675,0.753260612487793,1.0681620836257935,1.2046492099761963,1.291473388671875,1.5860626697540283,1.698301911354065,1.6472734212875366,1.9656416177749634,2.1261727809906006,1.1520427465438843,0.9005696177482605,0.6512563824653625,0.7533639669418335,0.6776161789894104,1.0367941856384277,1.155537724494934,1.3647198677062988,1.6831670999526978,1.7249614000320435,2.079503297805786,2.0511887073516846,1.8818269968032837,2.243250608444214,2.353025436401367,1.8155189752578735,1.4730464220046997,1.2569575309753418,1.0907001495361328,0.8368630409240723,0.9301155209541321,0.7760007381439209,1.1060185432434082,1.274960994720459,1.37907874584198,1.672682762145996,1.7693616151809692,1.7312222719192505,2.0966944694519043,2.2870287895202637
B8,1.270591378211975,1.1246154308319092,0.8022381663322449,0.6831445693969727,0.5809258818626404,0.6283113956451416,0.8464174866676331,0.7297769784927368,1.0762670040130615,1.1172575950622559,1.3942395448684692,1.189756155014038,0.9757779836654663,1.3040329217910767,1.3027081489562988,1.8873841762542725,1.655570387840271,1.3448870182037354,1.0883593559265137,0.7970622777938843,0.5406730771064758,0.3784489333629608,0.0,0.36281025409698486,0.534811794757843,0.7959217429161072,0.6985520720481873,0.6569445729255676,1.0073310136795044,1.2070177793502808,2.1043365001678467,1.7903318405151367,1.5663901567459106,1.4682174921035767,1.1878607273101807,1.3068253993988037,1.1187618970870972,1.4084914922714233,1.537611722946167,1.5685200691223145,1.8671114444732666,2.014401435852051,1.9339350461959839,2.2366292476654053,2.3718514442443848,1.3309082984924316,1.0535310506820679,0.9214198589324951,0.9977242350578308,0.9596334099769592,1.284640908241272,1.3752731084823608,1.643236517906189,1.9331262111663818,1.9938714504241943,2.340033769607544,2.3442296981811523,2.2015864849090576,2.5653798580169678,2.682194471359253,1.694478988647461,1.332853078842163,1.2036248445510864,1.0709247589111328,0.938226580619812,1.10019850730896,1.0494340658187866,1.4070000648498535,1.603556752204895,1.7388386726379395,2.0291714668273926,2.100576400756836,2.068575382232666,2.4387896060943604,2.6377503871917725
B9,1.07805597782135,1.0320713520050049,0.771076500415802,0.762241542339325,0.8241807222366333,0.9248374104499817,1.193336844444275,1.0771770477294922,1.4103549718856812,1.439375400543213,1.6915106773376465,1.4481004476547241,1.216350793838501,1.4973770380020142,1.4296399354934692,2.247690200805664,2.012815237045288,1.7068098783493042,1.4394855499267578,1.1444863080978394,0.8575677871704102,0.6053869128227234,0.36281025409698486,0.0,0.3718346655368805,0.5047990083694458,0.5062573552131653,0.6333210468292236,0.9113837480545044,1.178041934967041,2.3361613750457764,2.001391887664795,1.8257367610931396,1.701731562614441,1.4543287754058838,1.541916847229004,1.3454301357269287,1.6632518768310547,1.7536976337432861,1.8221453428268433,2.0861976146698,2.250119209289551,2.214858293533325,2.510465383529663,2.674325704574585,1.4195430278778076,1.2188092470169067,1.1182297468185425,1.2854697704315186,1.2681195735931396,1.6133778095245361,1.6988297700881958,1.9378219842910767,2.2309441566467285,2.251133918762207,2.6083648204803467,2.6202456951141357,2.441901922225952,2.7970833778381348,2.876707077026367,1.865242838859558,1.4834939241409302,1.4151684045791626,1.215928554534912,1.129411220550537,1.2060434818267822,1.1502306461334229,1.5297425985336304,1.6791054010391235,1.8712843656539917,2.116593360900879,2.1901519298553467,2.218609094619751,2.5798256397247314,2.811359405517578
B10,1.056370735168457,0.9583003520965576,0.8003078103065491,0.6707115769386292,0.8350688219070435,0.857733964920044,1.1866729259490967,1.1228721141815186,1.4483680725097656,1.5669997930526733,1.785751223564148,1.5102323293685913,1.362565517425537,1.64425790309906,1.6331474781036377,2.3220741748809814,2.1243298053741455,1.7817376852035522,1.5816742181777954,1.2667393684387207,1.0672845840454102,0.8249399065971375,0.534811794757843,0.3718346655368805,0.0,0.3681791424751282,0.5068301558494568,0.4684339463710785,0.7212805151939392,0.9248169660568237,2.2168455123901367,1.8973735570907593,1.7665458917617798,1.702736735343933,1.5151227712631226,1.6807336807250977,1.5529261827468872,1.8840851783752441,2.026989221572876,2.091719627380371,2.3831284046173096,2.5197412967681885,2.450608015060425,2.762718439102173,2.896479845046997,1.7769825458526611,1.5468206405639648,1.421811580657959,1.5253523588180542,1.4394372701644897,1.7441906929016113,1.7578281164169312,2.0193560123443604,2.2702579498291016,2.2771496772766113,2.6247668266296387,2.688279390335083,2.5254971981048584,2.8751654624938965,2.9506173133850098,1.5899465084075928,1.2054616212844849,1.21466863155365,1.0195213556289673,1.0496937036514282,1.1623711585998535,1.2223215103149414,1.5977858304977417,1.8000744581222534,2.020963668823242,2.2751054763793945,2.289639949798584,2.312464952468872,2.677032232284546,2.923168897628784
B11,1.1469411849975586,1.1629998683929443,1.0541584491729736,1.0096797943115234,1.1887187957763672,1.2131062746047974,1.5234397649765015,1.4040714502334595,1.7035554647445679,1.7884719371795654,1.974989414215088,1.6677433252334595,1.500924825668335,1.725394606590271,1.6581820249557495,2.616716146469116,2.4247992038726807,2.0976200103759766,1.8728874921798706,1.5809637308120728,1.3309037685394287,1.0927740335464478,0.7959217429161072,0.5047990083694458,0.3681791424751282,0.0,0.37204697728157043,0.5548129081726074,0.631799578666687,0.916603684425354,2.575131416320801,2.2527804374694824,2.1325435638427734,2.05588698387146,1.8615565299987793,1.9946738481521606,1.8323686122894287,2.1595661640167236,2.2583863735198975,2.32047963142395,2.583859920501709,2.7544546127319336,2.7110564708709717,3.005290985107422,3.157109260559082,1.8668978214263916,1.6825945377349854,1.6184360980987549,1.7742303609848022,1.7415952682495117,2.0660181045532227,2.1078360080718994,2.36462664604187,2.627636671066284,2.6307311058044434,2.9826302528381348,3.0362815856933594,2.8601505756378174,3.2084312438964844,3.270347833633423,1.882917046546936,1.5061205625534058,1.5619754791259766,1.3652613162994385,1.4087061882019043,1.482901930809021,1.5145071744918823,1.8942402601242065,2.0538198947906494,2.2922656536102295,2.5171539783477783,2.5516457557678223,2.6084821224212646,2.9655985832214355,3.2226760387420654
B12,1.4447420835494995,1.4243299961090088,1.2318708896636963,1.1435476541519165,1.2096515893936157,1.1658705472946167,1.4107518196105957,1.2072802782058716,1.465350866317749,1.5178518295288086,1.6714075803756714,1.3519947528839111,1.1781032085418701,1.3709824085235596,1.3008500337600708,2.4069530963897705,2.2365827560424805,1.933534860610962,1.697982907295227,1.4614598751068115,1.191270112991333,1.0462143421173096,0.6985520720481873,0.5062573552131653,0.5068301558494568,0.37204697728157043,0.0,0.3820468485355377,0.48502886295318604,0.8185172080993652,2.6526615619659424,2.3479037284851074,2.172672986984253,2.1125175952911377,1.868295431137085,1.9964474439620972,1.7953377962112427,2.07942533493042,2.1572437286376953,2.1633870601654053,2.4252982139587402,2.6281542778015137,2.563464403152466,2.8343305587768555,2.97243595123291,1.6976985931396484,1.4833924770355225,1.4875119924545288,1.6192759275436401,1.6461652517318726,1.963417649269104,2.0482614040374756,2.3343873023986816,2.608949899673462,2.6629951000213623,3.0073087215423584,3.033891439437866,2.888505220413208,3.248992443084717,3.3473358154296875,1.940866231918335,1.5756778717041016,1.6090469360351562,1.4829967021942139,1.493445873260498,1.6313254833221436,1.632324457168579,2.011908531188965,2.18095326423645,2.3701162338256836,2.6222872734069824,2.688904047012329,2.706970691680908,3.0723912715911865,3.2981090545654297
B13,1.5242931842803955,1.41067636013031,1.2252618074417114,1.0206453800201416,1.059701681137085,0.9147586822509766,1.159593939781189,0.9855672717094421,1.2296466827392578,1.3678562641143799,1.5028554201126099,1.1763607263565063,1.0949132442474365,1.32365882396698,1.355072021484375,2.1860721111297607,2.0516409873962402,1.7230342626571655,1.5518170595169067,1.3157222270965576,1.1327018737792969,1.0323004722595215,0.6569445729255676,0.6333210468292236,0.4684339463710785,0.5548129081726074,0.3820468485355377,0.0,0.3634004294872284,0.5652365684509277,2.3894684314727783,2.1143126487731934,1.9391984939575195,1.93973708152771,1.7192728519439697,1.9137178659439087,1.7629845142364502,2.0389692783355713,2.1735446453094482,2.1582741737365723,2.4587535858154297,2.630039691925049,2.515273094177246,2.801191568374634,2.8989546298980713,1.8528496026992798,1.5755451917648315,1.537749171257019,1.5813987255096436,1.55116868019104,1.821144700050354,1.8574936389923096,2.1740055084228516,2.4135332107543945,2.4851789474487305,2.812326192855835,2.8691372871398926,2.7586276531219482,3.1188528537750244,3.2382774353027344,1.5914649963378906,1.2418725490570068,1.3010715246200562,1.240014672279358,1.3042423725128174,1.513940453529358,1.5832511186599731,1.9480030536651611,2.175774335861206,2.3499698638916016,2.635054588317871,2.663907766342163,2.641038179397583,3.013620615005493,3.2276196479797363
