,A1,A2,A3,A4,A5,A6,A7,A8,A9,A10,A11,A12,A13,A14,A15,B1,B2,B3,B4,B5,B6,B7,B8,B9,B10,B11,B12,B13,B14,B15,C1,C2,C3,C4,C5,C6,C7,C8,C9,C10,C11,C12,C13,C14,C15,D1,D2,D3,D4,D5,D6,D7,D8,D9,D10,D11,D12,D13,D14,D15,E1,E2,E3,E4,E5,E6,E7,E8,E9,E10,E11,E12,E13,E14,E15
A1,0.0,0.3856101930141449,0.5927848219871521,0.8567408919334412,1.173772931098938,1.4124085903167725,1.764732837677002,1.837744951248169,2.193476915359497,2.309180736541748,2.5936427116394043,2.3845317363739014,2.2174787521362305,2.4874465465545654,2.509721040725708,2.7414820194244385,2.3951141834259033,2.269014358520508,1.9019874334335327,1.7294480800628662,1.4809614419937134,1.2876068353652954,1.5487186908721924,1.456087350845337,1.7326200008392334,1.7694106101989746,1.9050592184066772,2.1133599281311035,2.385941743850708,2.6218719482421875,3.0251071453094482,2.8023505210876465,2.4902260303497314,2.2467308044433594,1.9085352420806885,1.6898249387741089,1.3378300666809082,1.206954002380371,0.907156765460968,0.7709132432937622,0.6404284238815308,1.0096391439437866,1.1187816858291626,1.2152516841888428,1.357109785079956,1.689349889755249,1.7965853214263916,1.501410961151123,1.7391622066497803,1.650834321975708,1.8713016510009766,2.003153085708618,1.8810213804244995,2.1907410621643066,2.063481569290161,2.386695146560669,2.2833142280578613,1.9511443376541138,2.1420302391052246,1.971694827079773,2.011399269104004,1.9755836725234985,1.7011955976486206,1.974249005317688,1.8486324548721313,2.159879207611084,2.2362093925476074,2.220346689224243,2.5364954471588135,2.404691219329834,2.749202251434326,2.7173409461975098,2.4008138179779053,2.6202707290649414,2.4687061309814453
A2,0.3856101930141449,0.0,0.37604379653930664,0.5694752335548401,0.9004392027854919,1.1611872911453247,1.506331205368042,1.6455025672912598,2.001349925994873,2.140446901321411,2.4345598220825195,2.2626445293426514,2.1180787086486816,2.422907590866089,2.4654123783111572,2.4223155975341797,2.092954397201538,1.949925422668457,1.5742158889770508,1.4017115831375122,1.120751976966858,0.9470065832138062,1.2063809633255005,1.1491484642028809,1.4591257572174072,1.5272654294967651,1.6114552021026611,1.8095688819885254,2.101231575012207,2.34598708152771,2.795217514038086,2.5721793174743652,2.2423434257507324,2.0354487895965576,1.6776553392410278,1.5233861207962036,1.178331971168518,1.0711207389831543,0.8755829930305481,0.6701079607009888,0.7305787205696106,1.0723882913589478,1.0654739141464233,1.2243090867996216,1.2902158498764038,1.5463204383850098,1.6123801469802856,1.2886269092559814,1.4636465311050415,1.3562328815460205,1.5321247577667236,1.6680529117584229,1.525383710861206,1.8380076885223389,1.7361280918121338,2.057122230529785,1.931317925453186,1.615430474281311,1.8307490348815918,1.7055774927139282,1.9843289852142334,1.922513723373413,1.6011980772018433,1.8174861669540405,1.6378040313720703,1.9093652963638306,1.9448825120925903,1.8980047702789307,2.19463849067688,2.0398361682891846,2.3804309368133545,2.362375497817993,2.0403409004211426,2.2586910724639893,2.102752447128296
A3,0.5927848219871521,0.37604379653930664,0.0,0.3933911919593811,0.6184763312339783,0.9308682680130005,1.2488586902618408,1.3555889129638672,1.723392367362976,1.8220475912094116,2.132859706878662,1.981755256652832,1.8048782348632812,2.1099424362182617,2.128629446029663,2.2957019805908203,1.9597164392471313,1.7744990587234497,1.4309654235839844,1.1954089403152466,0.9678536057472229,0.7313739061355591,1.026329517364502,1.0151268243789673,1.2673569917678833,1.4013522863388062,1.5263872146606445,1.6582006216049194,1.967570185661316,2.164936065673828,2.4833664894104004,2.242337942123413,1.9293042421340942,1.6926636695861816,1.340599775314331,1.1628756523132324,0.8088011145591736,0.7508997917175293,0.599382221698761,0.5201337933540344,0.6881704926490784,0.9556121230125427,0.9711336493492126,1.226793646812439,1.3466970920562744,1.3785725831985474,1.3749390840530396,1.025773048400879,1.2024857997894287,1.0686074495315552,1.302567958831787,1.4350051879882812,1.3650457859039307,1.7031234502792358,1.6269720792770386,1.975095510482788,1.8959496021270752,1.6035575866699219,1.867638349533081,1.7686034440994263,1.6617120504379272,1.5672780275344849,1.2401412725448608,1.4505022764205933,1.2801439762115479,1.5756367444992065,1.643691062927246,1.638962745666504,1.9652620553970337,1.8659747838974,2.2188920974731445,2.1864852905273438,1.8983339071273804,2.1596977710723877,2.0636274814605713
A4,0.8567408919334412,0.5694752335548401,0.3933911919593811,0.0,0.369319885969162,0.5937061309814453,0.937762439250946,1.0982298851013184,1.4473556280136108,1.607909083366394,1.897091031074524,1.7507423162460327,1.635670781135559,1.9664990901947021,2.047024726867676,1.9198253154754639,1.5778133869171143,1.4189977645874023,1.0647004842758179,0.8791239261627197,0.6909224987030029,0.5979113578796387,0.9653940796852112,1.0884488821029663,1.357095718383789,1.5550930500030518,1.6046130657196045,1.692592978477478,2.032607078552246,2.2212610244750977,2.24163818359375,2.0405728816986084,1.6989558935165405,1.522881031036377,1.1703778505325317,1.0645390748977661,0.7824703454971313,0.6291765570640564,0.6311769485473633,0.41284292936325073,0.7317615151405334,0.9064902663230896,0.772788405418396,1.0546519756317139,1.1019883155822754,1.6292551755905151,1.5577142238616943,1.1818984746932983,1.2354741096496582,0.9991198778152466,1.14116632938385,1.1872591972351074,1.0584605932235718,1.3648289442062378,1.2502505779266357,1.5968724489212036,1.5409621000289917,1.2383345365524292,1.5042665004730225,1.4089683294296265,1.8769989013671875,1.7159314155578613,1.3708531856536865,1.4893286228179932,1.238492488861084,1.4951484203338623,1.4783786535263062,1.493874192237854,1.7869338989257812,1.6678824424743652,2.0226848125457764,2.052182674407959,1.7789238691329956,2.057415723800659,1.9600250720977783
A5,1.173772931098938,0.9004392027854919,0.6184763312339783,0.369319885969162,0.0,0.3834121525287628,0.6429175734519958,0.8182359337806702,1.1723015308380127,1.3011943101882935,1.611005425453186,1.51705002784729,1.3877726793289185,1.7322872877120972,1.802049994468689,1.7419238090515137,1.4104677438735962,1.1908550262451172,0.8926212787628174,0.6203238368034363,0.5473012328147888,0.4512750804424286,0.8223851323127747,1.0346211194992065,1.226393222808838,1.4943114519119263,1.546669602394104,1.552445888519287,1.9043197631835938,2.041210412979126,1.897889256477356,1.6797513961791992,1.3428384065628052,1.1631213426589966,0.8047471642494202,0.745810329914093,0.5263436436653137,0.47243374586105347,0.6800938248634338,0.6292136311531067,0.9778128862380981,1.0488475561141968,0.9091751575469971,1.2488319873809814,1.3082845211029053,1.5764684677124023,1.4203811883926392,1.0433961153030396,1.0213035345077515,0.7189822196960449,0.8750609159469604,0.8884326815605164,0.8521112203598022,1.1768090724945068,1.115370512008667,1.47816002368927,1.4708856344223022,1.2271363735198975,1.539613962173462,1.5018423795700073,1.70615553855896,1.4993270635604858,1.1484647989273071,1.19144868850708,0.904340386390686,1.1477230787277222,1.126046061515808,1.1875211000442505,1.4956661462783813,1.4335060119628906,1.7926887273788452,1.8203825950622559,1.5939065217971802,1.9106420278549194,1.8767695426940918
A6,1.4124085903167725,1.1611872911453247,0.9308682680130005,0.5937061309814453,0.3834121525287628,0.0,0.36852118372917175,0.5608238577842712,0.8760444521903992,1.087433934211731,1.3507819175720215,1.2389799356460571,1.1904250383377075,1.5435328483581543,1.6874099969863892,1.464525580406189,1.1062871217727661,0.9440141916275024,0.6801206469535828,0.5297375917434692,0.6540314555168152,0.7523528933525085,1.100054144859314,1.371372938156128,1.5534460544586182,1.8434821367263794,1.8600574731826782,1.833735704421997,2.19233775138855,2.3092446327209473,1.6928688287734985,1.5426892042160034,1.1889779567718506,1.0795092582702637,0.7821682095527649,0.7815506458282471,0.7185805439949036,0.5298442244529724,0.8112720847129822,0.7198178172111511,1.0675863027572632,1.0270508527755737,0.7902982234954834,1.1202716827392578,1.1401787996292114,1.9479808807373047,1.764581322669983,1.3954834938049316,1.3159945011138916,0.96450275182724,1.0198858976364136,0.8828666806221008,0.8003642559051514,1.0287481546401978,0.8804840445518494,1.2353781461715698,1.3102368116378784,1.0633679628372192,1.349692463874817,1.2919974327087402,1.9699313640594482,1.7105499505996704,1.3899725675582886,1.3699995279312134,1.0581905841827393,1.2615022659301758,1.1599534749984741,1.289375901222229,1.546403408050537,1.492597222328186,1.8367290496826172,1.932430624961853,1.7456915378570557,2.071157932281494,2.044097900390625
A7,1.764732837677002,1.506331205368042,1.2488586902618408,0.937762439250946,0.6429175734519958,0.36852118372917175,0.0,0.3758891522884369,0.6086522936820984,0.8247750401496887,1.0822691917419434,1.0573331117630005,1.0442731380462646,1.4011762142181396,1.559233546257019,1.257040023803711,0.9280518889427185,0.7100024223327637,0.599937915802002,0.4547375440597534,0.7650124430656433,0.9082521200180054,1.1782077550888062,1.5017600059509277,1.6177741289138794,1.94680917263031,1.9462398290634155,1.8495070934295654,2.2033252716064453,2.2698962688446045,1.335296869277954,1.2004165649414062,0.8383707404136658,0.8005234003067017,0.5713720917701721,0.7183631062507629,0.8226473331451416,0.7417951822280884,1.0921034812927246,1.0713541507720947,1.410245656967163,1.321269154548645,1.0937899351119995,1.4160083532333374,1.4243345260620117,2.0722031593322754,1.8296352624893188,1.4895594120025635,1.3317465782165527,0.9572561979293823,0.9495644569396973,0.7082099318504333,0.7276991009712219,0.8892453908920288,0.7991440892219543,1.1274333000183105,1.274073839187622,1.1193335056304932,1.4168319702148438,1.4234920740127563,2.007288694381714,1.7113633155822754,1.4160079956054688,1.2953851222991943,0.9626989364624023,1.0850611925125122,0.9234645366668701,1.1226598024368286,1.3439106941223145,1.3515983819961548,1.6727428436279297,1.7926673889160156,1.67343008518219,2.0176351070404053,2.0466318130493164
A8,1.837744951248169,1.6455025672912598,1.3555889129638672,1.0982298851013184,0.8182359337806702,0.5608238577842712,0.3758891522884369,0.0,0.37176400423049927,0.5327274799346924,0.8011825084686279,0.7231417298316956,0.6725525259971619,1.0305136442184448,1.2009196281433105,1.496451735496521,1.1674045324325562,1.0036596059799194,0.9556866884231567,0.8238571286201477,1.1022453308105469,1.1684247255325317,1.4540802240371704,1.7433305978775024,1.827511191368103,2.15608811378479,2.207679271697998,2.1027541160583496,2.44876766204834,2.486171007156372,1.236798644065857,1.1183323860168457,0.8185532689094543,0.69161456823349,0.5765939950942993,0.5877397656440735,0.7885051965713501,0.6748431921005249,1.0285989046096802,1.1024417877197266,1.3915674686431885,1.2183701992034912,1.0549181699752808,1.379882574081421,1.4664899110794067,2.2010529041290283,1.9516526460647583,1.622917652130127,1.5185967683792114,1.162227988243103,1.2407686710357666,1.0244911909103394,1.1003329753875732,1.2442350387573242,1.128057837486267,1.4294219017028809,1.6189020872116089,1.4510656595230103,1.7169634103775024,1.6720068454742432,1.9228588342666626,1.590433120727539,1.3525394201278687,1.2436423301696777,0.9802579879760742,1.1643491983413696,1.0861948728561401,1.3613624572753906,1.605482578277588,1.6718984842300415,1.9854272603988647,2.083339214324951,1.9885833263397217,2.3432700634002686,2.3928287029266357
A9,2.193476915359497,2.001349925994873,1.723392367362976,1.4473556280136108,1.1723015308380127,0.8760444521903992,0.6086522936820984,0.37176400423049927,0.0,0.36609920859336853,0.4950237572193146,0.49639421701431274,0.6117392182350159,0.9200427532196045,1.1627167463302612,1.3862963914871216,1.1007264852523804,0.9934461712837219,1.0779364109039307,1.03614342212677,1.3727093935012817,1.4901623725891113,1.7455309629440308,2.0605311393737793,2.1239850521087646,2.466658353805542,2.4974820613861084,2.35951828956604,2.699303150177002,2.707974433898926,0.9763960838317871,0.9655113816261292,0.7183175086975098,0.7292332649230957,0.7854636907577515,0.8765851855278015,1.1398831605911255,1.0378978252410889,1.37764573097229,1.4417392015457153,1.7148661613464355,1.5000253915786743,1.3181675672531128,1.5996142625808716,1.6581095457077026,2.5290608406066895,2.255136251449585,1.9450618028640747,1.800999402999878,1.4439111948013306,1.4638404846191406,1.1837127208709717,1.2711180448532104,1.3164469003677368,1.195610761642456,1.4269498586654663,1.6868772506713867,1.5727005004882812,1.8034106492996216,1.7753528356552124,2.1871731281280518,1.8325601816177368,1.635685682296753,1.4699870347976685,1.224447250366211,1.3320902585983276,1.2050999402999878,1.51708984375,1.6990805864334106,1.7970272302627563,2.071793794631958,2.2078588008880615,2.1647567749023438,2.517988443374634,2.5913772583007812
A10,2.309180736541748,2.140446901321411,1.8220475912094116,1.607909083366394,1.3011943101882935,1.087433934211731,0.8247750401496887,0.5327274799346924,0.36609920859336853,0.0,0.3547287583351135,0.48774805665016174,0.4309855103492737,0.7044824361801147,0.8731568455696106,1.676390528678894,1.4225999116897583,1.260278344154358,1.3548011779785156,1.2329683303833008,1.5528537034988403,1.6003621816635132,1.8234227895736694,2.1149258613586426,2.120648145675659,2.4669301509857178,2.5373260974884033,2.3700437545776367,2.691453695297241,2.6580560207366943,0.8427079916000366,0.7688759565353394,0.6328883171081543,0.5341861248016357,0.7280610799789429,0.7818219661712646,1.1170238256454468,1.1047433614730835,1.4423760175704956,1.5908516645431519,1.8457183837890625,1.6266511678695679,1.5191110372543335,1.8226393461227417,1.9352010488510132,2.476473331451416,2.179870843887329,1.9069619178771973,1.7785441875457764,1.456660270690918,1.5342625379562378,1.298346996307373,1.4735358953475952,1.5599989891052246,1.4991897344589233,1.7400771379470825,1.9837220907211304,1.883570909500122,2.1389544010162354,2.1212944984436035,1.9819636344909668,1.6105202436447144,1.473761796951294,1.277093529701233,1.1040771007537842,1.2121200561523438,1.1664609909057617,1.5227634906768799,1.7282905578613281,1.892300009727478,2.158909797668457,2.2483205795288086,2.2365288734436035,2.5994889736175537,2.712646245956421
A11,2.5936427116394043,2.4345598220825195,2.132859706878662,1.897091031074524,1.611005425453186,1.3507819175720215,1.0822691917419434,0.8011825084686279,0.4950237572193146,0.3547287583351135,0.0,0.37123164534568787,0.5315990447998047,0.6572200059890747,0.9167832136154175,1.702913522720337,1.4834470748901367,1.3928560018539429,1.545975685119629,1.4938876628875732,1.8365412950515747,1.9216166734695435,2.148658275604248,2.4530999660491943,2.4643867015838623,2.813772439956665,2.8707966804504395,2.696234703063965,3.016523599624634,2.974149227142334,0.7794306874275208,0.8646881580352783,0.8195351958274841,0.8404415249824524,1.0698647499084473,1.131996750831604,1.4580456018447876,1.403807282447815,1.722630262374878,1.8514090776443481,2.087109327316284,1.8295824527740479,1.707548975944519,1.9692896604537964,2.0668532848358154,2.8310084342956543,2.531608819961548,2.2607076168060303,2.121699571609497,1.7947584390640259,1.8381086587905884,1.5662260055541992,1.7151463031768799,1.7368757724761963,1.6478806734085083,1.8352303504943848,2.1249213218688965,2.044847249984741,2.2606561183929443,2.2345917224884033,2.2985522747039795,1.921069860458374,1.8127561807632446,1.6109269857406616,1.4519445896148682,1.5286378860473633,1.4506782293319702,1.8091470003128052,1.9701805114746094,2.1371376514434814,2.377398729324341,2.4991681575775146,2.511747360229492,2.8692433834075928,2.9853274822235107
A12,2.3845317363739014,2.2626445293426514,1.981755256652832,1.7507423162460327,1.51705002784729,1.2389799356460571,1.0573331117630005,0.7231417298316956,0.49639421701431274,0.48774805665016174,0.37123164534568787,0.0,0.3708289861679077,0.5236486792564392,0.8625394105911255,1.7916877269744873,1.5153605937957764,1.469457983970642,1.545162558555603,1.506142497062683,1.814119815826416,1.8893675804138184,2.1683099269866943,2.452176332473755,2.5059680938720703,2.838531970977783,2.9107961654663086,2.7800638675689697,3.114262342453003,3.1081008911132812,1.1426105499267578,1.192899465560913,1.0766401290893555,1.0176873207092285,1.1476162672042847,1.1106035709381104,1.3793418407440186,1.2423187494277954,1.5144704580307007,1.6351438760757446,1.8312115669250488,1.5396437644958496,1.4332561492919922,1.6656721830368042,1.7911351919174194,2.8304903507232666,2.56680965423584,2.2673208713531494,2.1788015365600586,1.8413668870925903,1.9192557334899902,1.665139079093933,1.7558146715164185,1.8036855459213257,1.6485247611999512,1.8603354692459106,2.139167547225952,1.9987742900848389,2.1926686763763428,2.107419729232788,2.3007562160491943,1.930132508277893,1.810321569442749,1.6836003065109253,1.5240288972854614,1.6798194646835327,1.6237499713897705,1.9613804817199707,2.159940481185913,2.282221555709839,2.554757595062256,2.6759531497955322,2.6391241550445557,2.9970033168792725,3.0736873149871826
A13,2.2174787521362305,2.1180787086486816,1.8048782348632812,1.635670781135559,1.3877726793289185,1.1904250383377075,1.0442731380462646,0.6725525259971619,0.6117392182350159,0.4309855103492737,0.5315990447998047,0.3708289861679077,0.0,0.35927608609199524,0.5800091624259949,1.9972244501113892,1.7034382820129395,1.586220622062683,1.6112678050994873,1.4858969449996948,1.755318284034729,1.7580151557922363,2.028583526611328,2.2772843837738037,2.303589344024658,2.6260428428649902,2.738980770111084,2.6101088523864746,2.9335689544677734,2.9171714782714844,1.2189457416534424,1.1578059196472168,1.0551421642303467,0.8636243343353271,0.9832161068916321,0.8574267625808716,1.1353538036346436,1.054745078086853,1.315714716911316,1.510802984237671,1.6944648027420044,1.4213136434555054,1.388696551322937,1.6631908416748047,1.8445665836334229,2.565736770629883,2.3053245544433594,2.0240676403045654,1.975946307182312,1.6689403057098389,1.8151121139526367,1.6202294826507568,1.7571032047271729,1.8768912553787231,1.7595064640045166,2.0202550888061523,2.2560155391693115,2.0966968536376953,2.3307082653045654,2.247267961502075,1.9510332345962524,1.5799397230148315,1.4889713525772095,1.3875561952590942,1.2824499607086182,1.4866509437561035,1.5108566284179688,1.8531665802001953,2.099971294403076,2.2442097663879395,2.534538507461548,2.6051485538482666,2.557765007019043,2.9219391345977783,3.009864091873169
A14,2.4874465465545654,2.422907590866089,2.1099424362182617,1.9664990901947021,1.7322872877120972,1.5435328483581543,1.4011762142181396,1.0305136442184448,0.9200427532196045,0.7044824361801147,0.6572200059890747,0.5236486792564392,0.35927608609199524,0.0,0.3756527602672577,2.2822751998901367,2.0066123008728027,1.9105103015899658,1.9595437049865723,1.842936635017395,2.1135356426239014,2.1044132709503174,2.3689842224121094,2.6051392555236816,2.612428903579712,2.930049419403076,3.062091588973999,2.9245657920837402,3.2375593185424805,3.2000155448913574,1.3416860103607178,1.32441246509552,1.3092103004455566,1.1302356719970703,1.3048282861709595,1.1640911102294922,1.4390543699264526,1.3676457405090332,1.584903359413147,1.8050463199615479,1.9456466436386108,1.6449103355407715,1.6557258367538452,1.8954339027404785,2.1018755435943604,2.8329803943634033,2.5720419883728027,2.3133015632629395,2.2826404571533203,1.9947168827056885,2.153650999069214,1.9613698720932007,2.110980987548828,2.21736478805542,2.097062587738037,2.3396036624908447,2.5932810306549072,2.4388177394866943,2.658097505569458,2.5616304874420166,2.0921947956085205,1.7214850187301636,1.7011265754699707,1.606559157371521,1.5623664855957031,1.758091688156128,1.8084732294082642,2.16465425491333,2.404179573059082,2.572700023651123,2.8510003089904785,2.915461540222168,2.887397527694702,3.2530057430267334,3.354537010192871
A15,2.509721040725708,2.4654123783111572,2.128629446029663,2.047024726867676,1.802049994468689,1.6874099969863892,1.559233546257019,1.2009196281433105,1.1627167463302612,0.8731568455696106,0.9167832136154175,0.8625394105911255,0.5800091624259949,0.3756527602672577,0.0,2.536895513534546,2.2628719806671143,2.115936279296875,2.1469266414642334,1.971173644065857,2.2117528915405273,2.143711805343628,2.379340171813965,2.5795891284942627,2.545259475708008,2.849195957183838,3.018601417541504,2.872218370437622,3.1632516384124756,3.101402521133423,1.4620444774627686,1.367676854133606,1.3996832370758057,1.1462278366088867,1.3308055400848389,1.145148754119873,1.4147143363952637,1.4220714569091797,1.6147128343582153,1.8933491706848145,2.018605947494507,1.7489731311798096,1.8193044662475586,2.0830366611480713,2.322232961654663,2.698286533355713,2.436530828475952,2.2180380821228027,2.2197771072387695,1.9786593914031982,2.186795473098755,2.0464701652526855,2.2414212226867676,2.391376256942749,2.3112361431121826,2.578289270401001,2.8042266368865967,2.6500260829925537,2.898829460144043,2.8142690658569336,1.8338760137557983,1.4710502624511719,1.522286057472229,1.4420430660247803,1.4833818674087524,1.6923598051071167,1.8175429105758667,2.1714274883270264,2.4359846115112305,2.634439468383789,2.9128599166870117,2.930795907974243,2.909745216369629,3.2752225399017334,3.3974573612213135
B1,2.7414820194244385,2.4223155975341797,2.2957019805908203,1.9198253154754639,1.7419238090515137,1.464525580406189,1.257040023803711,1.496451735496521,1.3862963914871216,1.676390528678894,1.702913522720337,1.7916877269744873,1.9972244501113892,2.2822751998901367,2.536895513534546,0.0,0.3838522732257843,0.5873401165008545,0.8701668381690979,1.1812671422958374,1.4510927200317383,1.795403242111206,1.9121861457824707,2.279282569885254,2.4133551120758057,2.7220499515533447,2.5554277896881104,2.4283111095428467,2.740039825439453,2.8088736534118652,1.5955933332443237,1.692596197128296,1.4212397336959839,1.7112635374069214,1.6517895460128784,1.9347703456878662,2.061149835586548,1.9670476913452148,2.2703726291656494,2.1165170669555664,2.4393842220306396,2.3609399795532227,2.02252197265625,2.198638439178467,2.0006377696990967,3.0242629051208496,2.776695966720581,2.48093843460083,2.194350481033325,1.871545672416687,1.5895088911056519,1.2503275871276855,1.0912365913391113,0.7409493923187256,0.688738226890564,0.4422590732574463,0.7748260498046875,0.9730767011642456,1.0494892597198486,1.2676631212234497,3.1750259399414062,2.8872742652893066,2.5939321517944336,2.387214422225952,2.036024570465088,1.9449576139450073,1.5920623540878296,1.6566648483276367,1.5644160509109497,1.4640824794769287,1.5787138938903809,1.904367208480835,1.8875161409378052,2.1175732612609863,2.1251683235168457
B2,2.3951141834259033,2.092954397201538,1.9597164392471313,1.5778133869171143,1.4104677438735962,1.1062871217727661,0.9280518889427185,1.1674045324325562,1.1007264852523804,1.4225999116897583,1.4834470748901367,1.5153605937957764,1.7034382820129395,2.0066123008728027,2.2628719806671143,0.3838522732257843,0.0,0.37853944301605225,0.578689455986023,0.9072538614273071,1.1902673244476318,1.5253653526306152,1.7030647993087769,2.0639607906341553,2.2210772037506104,2.5316243171691895,2.4022672176361084,2.3018715381622314,2.636427640914917,2.7227730751037598,1.5293269157409668,1.5854971408843994,1.2685319185256958,1.4935795068740845,1.3932338953018188,1.632702350616455,1.7380993366241455,1.6099032163619995,1.9027948379516602,1.746425747871399,2.0642030239105225,1.9776744842529297,1.639890432357788,1.8238656520843506,1.6450284719467163,2.7929391860961914,2.5591773986816406,2.237521171569824,1.9912657737731934,1.6441959142684937,1.4162888526916504,1.077373743057251,0.8901647329330444,0.6239471435546875,0.4193491041660309,0.3730827569961548,0.7293272614479065,0.774334728717804,0.9094401001930237,1.0481513738632202,2.904494047164917,2.613970994949341,2.3151118755340576,2.1447715759277344,1.7920171022415161,1.7656716108322144,1.446852684020996,1.543339729309082,1.540650725364685,1.4421844482421875,1.6380953788757324,1.9202266931533813,1.8509560823440552,2.1172258853912354,2.106018304824829
B3,2.269014358520508,1.949925422668457,1.7744990587234497,1.4189977645874023,1.1908550262451172,0.9440141916275024,0.7100024223327637,1.0036596059799194,0.9934461712837219,1.260278344154358,1.3928560018539429,1.469457983970642,1.586220622062683,1.9105103015899658,2.115936279296875,0.5873401165008545,0.37853944301605225,0.0,0.3946341872215271,0.6169707775115967,0.9409195184707642,1.252825379371643,1.393106460571289,1.7656049728393555,1.8868827819824219,2.21102237701416,2.0916037559509277,1.9623256921768188,2.295522689819336,2.36297345161438,1.3566988706588745,1.3346534967422485,0.9956461787223816,1.2108798027038574,1.0894354581832886,1.3726108074188232,1.4865012168884277,1.4300520420074463,1.7516379356384277,1.6385517120361328,1.9828766584396362,1.923491358757019,1.6200650930404663,1.866299033164978,1.7384616136550903,2.472158193588257,2.218583106994629,1.9137721061706543,1.6438121795654297,1.3032829761505127,1.062952995300293,0.7099601030349731,0.5944808125495911,0.3840237259864807,0.38444674015045166,0.5359442234039307,0.7663261294364929,0.8193167448043823,1.0748417377471924,1.2389014959335327,2.5926761627197266,2.312492609024048,2.0104339122772217,1.8178831338882446,1.4609133005142212,1.4038227796554565,1.0754696130752563,1.1666052341461182,1.180511236190796,1.1113656759262085,1.3368921279907227,1.5884957313537598,1.528334140777588,1.8217854499816895,1.8487403392791748
B4,1.9019874334335327,1.5742158889770508,1.4309654235839844,1.0647004842758179,0.8926212787628174,0.6801206469535828,0.599937915802002,0.9556866884231567,1.0779364109039307,1.3548011779785156,1.545975685119629,1.545162558555603,1.6112678050994873,1.9595437049865723,2.1469266414642334,0.8701668381690979,0.578689455986023,0.3946341872215271,0.0,0.3748246133327484,0.6121954321861267,0.9517914056777954,1.1456910371780396,1.4963489770889282,1.67801034450531,1.9768975973129272,1.8656185865402222,1.7985844612121582,2.1467785835266113,2.26659893989563,1.638749599456787,1.5558444261550903,1.1864240169525146,1.2875365018844604,1.0586179494857788,1.2712072134017944,1.2884795665740967,1.1992194652557373,1.4765435457229614,1.3148893117904663,1.6598232984542847,1.6503812074661255,1.341747522354126,1.5867571830749512,1.4512304067611694,2.2341361045837402,2.024928569793701,1.6922035217285156,1.4697840213775635,1.1291192770004272,0.9268138408660889,0.6569828987121582,0.3821239471435547,0.38214564323425293,0.24048355221748352,0.596674919128418,0.6756109595298767,0.5659236311912537,0.8882115483283997,1.0079820156097412,2.4495503902435303,2.198289394378662,1.865523338317871,1.7421258687973022,1.3782049417495728,1.3965593576431274,1.1224085092544556,1.1577261686325073,1.2529352903366089,1.1126065254211426,1.3992668390274048,1.6058039665222168,1.4545027017593384,1.744524598121643,1.7106493711471558
B5,1.7294480800628662,1.4017115831375122,1.1954089403152466,0.8791239261627197,0.6203238368034363,0.5297375917434692,0.4547375440597534,0.8238571286201477,1.03614342212677,1.2329683303833008,1.4938876628875732,1.506142497062683,1.4858969449996948,1.842936635017395,1.971173644065857,1.1812671422958374,0.9072538614273071,0.6169707775115967,0.3748246133327484,0.0,0.3839057981967926,0.6427763104438782,0.8418992757797241,1.1981841325759888,1.3475592136383057,1.664160966873169,1.5961759090423584,1.5130565166473389,1.8685790300369263,1.9742584228515625,1.579396367073059,1.4127291440963745,1.0431042909622192,1.0555444955825806,0.7650010585784912,0.9759252071380615,0.9727343320846558,0.9666460752487183,1.2632359266281128,1.1679059267044067,1.527517557144165,1.5434261560440063,1.2971529960632324,1.6001756191253662,1.5415586233139038,1.8890979290008545,1.6641037464141846,1.3323218822479248,1.1136728525161743,0.7609337568283081,0.616241991519928,0.4029585123062134,0.29251062870025635,0.5767961740493774,0.6120743155479431,0.9546405076980591,0.9796704649925232,0.8608508706092834,1.2102183103561401,1.302828073501587,2.0856094360351562,1.8465391397476196,1.5069643259048462,1.3876086473464966,1.0235589742660522,1.063894271850586,0.840146541595459,0.8787880539894104,1.0683956146240234,0.9784470796585083,1.314252495765686,1.4413113594055176,1.2760026454925537,1.602064847946167,1.6034860610961914
B6,1.4809614419937134,1.120751976966858,0.9678536057472229,0.6909224987030029,0.5473012328147888,0.6540314555168152,0.7650124430656433,1.1022453308105469,1.3727093935012817,1.5528537034988403,1.8365412950515747,1.814119815826416,1.755318284034729,2.1135356426239014,2.2117528915405273,1.4510927200317383,1.1902673244476318,0.9409195184707642,0.6121954321861267,0.3839057981967926,0.0,0.36985263228416443,0.5825850963592529,0.8996102809906006,1.127167820930481,1.3974114656448364,1.3149080276489258,1.3082265853881836,1.6644929647445679,1.8328583240509033,1.943300724029541,1.7442433834075928,1.3855117559432983,1.339658498764038,0.9986109733581543,1.1295713186264038,0.9982746243476868,1.0063012838363647,1.2129547595977783,1.0684198141098022,1.4132287502288818,1.5212857723236084,1.2996002435684204,1.5847580432891846,1.5184324979782104,1.6544371843338013,1.4898911714553833,1.1499782800674438,0.9772671461105347,0.6936439871788025,0.5851209163665771,0.6024407744407654,0.4140349328517914,0.7668569087982178,0.811237096786499,1.138958215713501,1.0376273393630981,0.8667232990264893,1.2165950536727905,1.2996248006820679,2.0474741458892822,1.8678721189498901,1.5018779039382935,1.4570454359054565,1.1175546646118164,1.193505883216858,1.0374449491500854,0.957815945148468,1.1718577146530151,1.0002156496047974,1.3477156162261963,1.4239481687545776,1.1698660850524902,1.461885929107666,1.3985180854797363
B7,1.2876068353652954,0.9470065832138062,0.7313739061355591,0.5979113578796387,0.4512750804424286,0.7523528933525085,0.9082521200180054,1.1684247255325317,1.4901623725891113,1.6003621816635132,1.9216166734695435,1.8893675804138184,1.7580151557922363,2.1044132709503174,2.143711805343628,1.795403242111206,1.5253653526306152,1.252825379371643,0.9517914056777954,0.6427763104438782,0.36985263228416443,0.0,0.3828633427619934,0.6228262782096863,0.8480334281921387,1.1122245788574219,1.1121923923492432,1.130817174911499,1.4842392206192017,1.6549456119537354,2.054452657699585,1.8010655641555786,1.470781922340393,1.3312788009643555,0.9637227058410645,1.01021409034729,0.7957706451416016,0.8941364884376526,1.0511763095855713,0.9807522296905518,1.3003779649734497,1.4506757259368896,1.3153135776519775,1.62498140335083,1.6324092149734497,1.3067644834518433,1.157699704170227,0.8012968301773071,0.7091788053512573,0.483650803565979,0.5863624811172485,0.7630007863044739,0.7347762584686279,1.1085236072540283,1.1676156520843506,1.5040465593338013,1.4038236141204834,1.2224968671798706,1.561795949935913,1.6080223321914673,1.7249647378921509,1.584276795387268,1.2113709449768066,1.2276772260665894,0.9360345005989075,1.0772128105163574,1.041330099105835,0.9555302858352661,1.2506389617919922,1.1348295211791992,1.4888190031051636,1.4732812643051147,1.2026187181472778,1.4975193738937378,1.4537664651870728
B8,1.5487186908721924,1.2063809633255005,1.026329517364502,0.9653940796852112,0.8223851323127747,1.100054144859314,1.1782077550888062,1.4540802240371704,1.7455309629440308,1.8234227895736694,2.148658275604248,2.1683099269866943,2.028583526611328,2.3689842224121094,2.379340171813965,1.9121861457824707,1.7030647993087769,1.393106460571289,1.1456910371780396,0.8418992757797241,0.5825850963592529,0.3828633427619934,0.0,0.37841570377349854,0.5524240732192993,0.8313040733337402,0.7713792324066162,0.7558879852294922,1.1120283603668213,1.2943243980407715,2.1561543941497803,1.8756496906280518,1.5750393867492676,1.4640709161758423,1.1264880895614624,1.236512541770935,1.0611295700073242,1.2388403415679932,1.3973020315170288,1.351338267326355,1.654161810874939,1.8227193355560303,1.6979602575302124,2.0035667419433594,1.9958412647247314,1.1397236585617065,0.9731393456459045,0.6961543560028076,0.4914838373661041,0.44335880875587463,0.4581296443939209,0.7825199961662292,0.8242927193641663,1.181525707244873,1.343281865119934,1.6389087438583374,1.4928404092788696,1.3915088176727295,1.736026406288147,1.8465499877929688,1.7461038827896118,1.6541297435760498,1.293756365776062,1.2677843570709229,1.0049233436584473,1.0357379913330078,1.004204511642456,0.7905281186103821,1.0573543310165405,0.9256426095962524,1.2531685829162598,1.1722220182418823,0.8783398866653442,1.158439040184021,1.1429059505462646
B9,1.456087350845337,1.1491484642028809,1.0151268243789673,1.0884488821029663,1.0346211194992065,1.371372938156128,1.5017600059509277,1.7433305978775024,2.0605311393737793,2.1149258613586426,2.4530999660491943,2.452176332473755,2.2772843837738037,2.6051392555236816,2.5795891284942627,2.279282569885254,2.0639607906341553,1.7656049728393555,1.4963489770889282,1.1981841325759888,0.8996102809906006,0.6228262782096863,0.37841570377349854,0.0,0.371377170085907,0.51134192943573,0.5291209816932678,0.6610615849494934,0.9652944803237915,1.205723762512207,2.4875755310058594,2.1851210594177246,1.904275894165039,1.7476701736450195,1.4091078042984009,1.4477990865707397,1.2097927331924438,1.406396746635437,1.4800621271133423,1.4500477313995361,1.6970890760421753,1.921400785446167,1.8521816730499268,2.1403841972351074,2.1580893993377686,0.835217297077179,0.7766475677490234,0.5617806315422058,0.5437909960746765,0.6964351534843445,0.8157700300216675,1.1570961475372314,1.1904144287109375,1.544669508934021,1.6898517608642578,1.9847514629364014,1.8081797361373901,1.6840720176696777,2.0090572834014893,2.095827579498291,1.6695524454116821,1.659853219985962,1.3169291019439697,1.374656319618225,1.1937916278839111,1.26325261592865,1.3136491775512695,1.0894454717636108,1.353880763053894,1.226863145828247,1.5167533159255981,1.3692892789840698,1.0535128116607666,1.2573142051696777,1.2080053091049194
B10,1.7326200008392334,1.4591257572174072,1.2673569917678833,1.357095718383789,1.226393222808838,1.5534460544586182,1.6177741289138794,1.827511191368103,2.1239850521087646,2.120648145675659,2.4643867015838623,2.5059680938720703,2.303589344024658,2.612428903579712,2.545259475708008,2.4133551120758057,2.2210772037506104,1.8868827819824219,1.67801034450531,1.3475592136383057,1.127167820930481,0.8480334281921387,0.5524240732192993,0.371377170085907,0.0,0.3649185597896576,0.49583160877227783,0.45306825637817383,0.7340946197509766,0.8989178538322449,2.4234628677368164,2.090275526046753,1.8585801124572754,1.688829779624939,1.3947954177856445,1.4530748128890991,1.269388198852539,1.542467713356018,1.6505930423736572,1.6912009716033936,1.940423607826233,2.1329777240753174,2.088574171066284,2.4029295444488525,2.448082685470581,0.6733573079109192,0.49918511509895325,0.4356330931186676,0.35364896059036255,0.6822478175163269,0.8408231139183044,1.2075022459030151,1.34585702419281,1.6902074813842773,1.8816477060317993,2.1713318824768066,2.02376127243042,1.9414173364639282,2.282832622528076,2.3908421993255615,1.484101414680481,1.5017062425613403,1.1969330310821533,1.2104403972625732,1.0927891731262207,1.1019824743270874,1.2179844379425049,0.984684944152832,1.2549084424972534,1.215915560722351,1.4721189737319946,1.2511581182479858,1.0039209127426147,1.2158087491989136,1.2683379650115967
B11,1.7694106101989746,1.5272654294967651,1.4013522863388062,1.5550930500030518,1.4943114519119263,1.8434821367263794,1.94680917263031,2.15608811378479,2.466658353805542,2.4669301509857178,2.813772439956665,2.838531970977783,2.6260428428649902,2.930049419403076,2.849195957183838,2.7220499515533447,2.5316243171691895,2.21102237701416,1.9768975973129272,1.664160966873169,1.3974114656448364,1.1122245788574219,0.8313040733337402,0.51134192943573,0.3649185597896576,0.0,0.3737811744213104,0.5370596051216125,0.6639506816864014,0.9090045094490051,2.7875735759735107,2.451359510421753,2.2229926586151123,2.0438783168792725,1.745469331741333,1.7703015804290771,1.5480318069458008,1.8043663501739502,1.8521775007247925,1.8787070512771606,2.0857672691345215,2.322046995162964,2.302532434463501,2.593066453933716,2.6387040615081787,0.5184931755065918,0.5633607506752014,0.6418342590332031,0.7115867137908936,1.034731149673462,1.18025803565979,1.549281120300293,1.646674394607544,1.9869874715805054,2.170640468597412,2.4524641036987305,2.268028974533081,2.175837755203247,2.4990715980529785,2.6000256538391113,1.6083015203475952,1.7019470930099487,1.426507592201233,1.5001866817474365,1.426994800567627,1.4536502361297607,1.5808430910110474,1.3310848474502563,1.5676475763320923,1.495115041732788,1.7167073488235474,1.4700449705123901,1.2027167081832886,1.3238235712051392,1.327965259552002
B12,1.9050592184066772,1.6114552021026611,1.5263872146606445,1.6046130657196045,1.546669602394104,1.8600574731826782,1.9462398290634155,2.207679271697998,2.4974820613861084,2.5373260974884033,2.8707966804504395,2.9107961654663086,2.738980770111084,3.062091588973999,3.018601417541504,2.5554277896881104,2.4022672176361084,2.0916037559509277,1.8656185865402222,1.5961759090423584,1.3149080276489258,1.1121923923492432,0.7713792324066162,0.5291209816932678,0.49583160877227783,0.3737811744213104,0.0,0.3737568259239197,0.52675461769104,0.8603426814079285,2.792856454849243,2.480351686477661,2.2327587604522705,2.11552095413208,1.813683032989502,1.9018011093139648,1.7014026641845703,1.9251928329467773,2.0057010650634766,1.974079966545105,2.2114779949188232,2.448180913925171,2.373608350753784,2.6527750492095947,2.645845413208008,0.8919707536697388,0.8869788646697998,0.8955416679382324,0.816276490688324,1.082085371017456,1.0991969108581543,1.4607858657836914,1.514485478401184,1.819247841835022,2.0322461128234863,2.2768352031707764,2.0560302734375,2.004899024963379,2.3149492740631104,2.457155704498291,1.9352692365646362,1.9868026971817017,1.6858611106872559,1.7033815383911133,1.5633584260940552,1.5305343866348267,1.5716917514801025,1.2609325647354126,1.4249428510665894,1.2836897373199463,1.4710798263549805,1.2414463758468628,0.9361297488212585,0.9997974038124084,0.9651553630828857
B13,2.1133599281311035,1.8095688819885254,1.6582006216049194,1.692592978477478,1.552445888519287,1.833735704421997,1.8495070934295654,2.1027541160583496,2.35951828956604,2.3700437545776367,2.696234703063965,2.7800638675689697,2.6101088523864746,2.9245657920837402,2.872218370437622,2.4283111095428467,2.3018715381622314,1.9623256921768188,1.7985844612121582,1.5130565166473389,1.3082265853881836,1.130817174911499,0.7558879852294922,0.6610615849494934,0.45306825637817383,0.5370596051216125,0.3737568259239197,0.0,0.360093355178833,0.5816242098808289,2.5377278327941895,2.217665433883667,2.0022928714752197,1.9081754684448242,1.6478453874588013,1.7867072820663452,1.653066635131836,1.9153404235839844,2.0572078227996826,2.061950445175171,2.3321120738983154,2.5229039192199707,2.436532497406006,2.74411940574646,2.743677854537964,0.9885894656181335,0.8389506340026855,0.8805726170539856,0.6690273284912109,0.9525635242462158,0.9345377683639526,1.2927857637405396,1.4270045757293701,1.7131564617156982,1.969990611076355,2.20515775680542,2.0227103233337402,2.0167369842529297,2.3470447063446045,2.516496419906616,1.852942705154419,1.8725643157958984,1.58885657787323,1.5272706747055054,1.3897700309753418,1.27895188331604,1.3170853853225708,0.9896885752677917,1.1310460567474365,1.0590293407440186,1.2229512929916382,0.9464238286018372,0.7112355828285217,0.8338522911071777,0.9393907785415649
