,A1,A2,A3,A4,A5,A6,A7,A8,A9,A10,A11,A12,A13,A14,A15,B1,B2,B3,B4,B5,B6,B7,B8,B9,B10,B11,B12,B13,B14,B15,C1,C2,C3,C4,C5,C6,C7,C8,C9,C10,C11,C12,C13,C14,C15,D1,D2,D3,D4,D5,D6,D7,D8,D9,D10,D11,D12,D13,D14,D15,E1,E2,E3,E4,E5,E6,E7,E8,E9,E10,E11,E12,E13,E14,E15
A1,0.0,0.3850783109664917,0.5619451403617859,0.9186575412750244,1.1571340560913086,1.4584791660308838,1.7277313470840454,1.9978868961334229,2.0010104179382324,2.061497926712036,2.350294351577759,2.5054590702056885,2.5883424282073975,2.7423174381256104,3.0117123126983643,0.9372763633728027,0.8486436009407043,0.8177634477615356,0.7741882801055908,1.1676206588745117,1.304192304611206,1.5795469284057617,1.744248390197754,1.9320505857467651,2.059931993484497,2.1962387561798096,2.3453643321990967,2.58457088470459,2.694282293319702,2.9048376083374023,1.512216567993164,1.2635324001312256,1.5789624452590942,1.5720839500427246,1.7019658088684082,2.0209333896636963,2.0356502532958984,2.379669189453125,2.555771589279175,2.430797576904297,2.5737955570220947,2.895212411880493,3.012005567550659,2.9665660858154297,3.2993011474609375,1.0415112972259521,0.9307015538215637,1.2863878011703491,1.48163902759552,1.5616759061813354,1.940544843673706,2.0328705310821533,2.3999295234680176,2.4375758171081543,2.33642840385437,2.601163148880005,2.870135545730591,2.9177541732788086,2.956979274749756,3.290956735610962,1.5405962467193604,1.2830841541290283,1.4546817541122437,1.3106434345245361,1.5545347929000854,1.7563403844833374,1.8279563188552856,2.0729031562805176,2.341733455657959,2.3175601959228516,2.3813631534576416,2.6538889408111572,2.873838186264038,2.855245590209961,3.1328322887420654
A2,0.3850783109664917,0.0,0.3843285143375397,0.6430343985557556,0.8723683953285217,1.2069103717803955,1.4317172765731812,1.7307928800582886,1.7776572704315186,1.8020730018615723,2.066403865814209,2.2607007026672363,2.3593192100524902,2.475893259048462,2.753272771835327,0.8053975105285645,0.5726243853569031,0.5898953080177307,0.5122982263565063,0.8804541826248169,1.0959112644195557,1.3262742757797241,1.5575511455535889,1.7369064092636108,1.8065338134765625,1.9633455276489258,2.156109571456909,2.3646774291992188,2.4490458965301514,2.6949667930603027,1.2394132614135742,0.9379667043685913,1.221998691558838,1.1998831033706665,1.3175022602081299,1.641982078552246,1.6711549758911133,2.0189740657806396,2.182816743850708,2.072420120239258,2.2325446605682373,2.5409815311431885,2.6587791442871094,2.6363861560821533,2.967822551727295,0.8920464515686035,0.656155526638031,0.9909499287605286,1.1280286312103271,1.2077491283416748,1.583953619003296,1.6717983484268188,2.0363221168518066,2.100428819656372,2.0086100101470947,2.2553110122680664,2.527184009552002,2.6011710166931152,2.637300491333008,2.959202527999878,1.2831413745880127,0.9730402231216431,1.1455078125,1.0079755783081055,1.215759038925171,1.459377408027649,1.5266281366348267,1.810509443283081,2.0450544357299805,2.0027523040771484,2.105668306350708,2.3847315311431885,2.5755512714385986,2.568668842315674,2.867363214492798
A3,0.5619451403617859,0.3843285143375397,0.0,0.38682326674461365,0.6219272613525391,0.8985974788665771,1.1842749118804932,1.4384289979934692,1.4627395868301392,1.5431199073791504,1.811348557472229,1.9613409042358398,2.073751211166382,2.2273333072662354,2.478255271911621,1.1739619970321655,0.8985925912857056,0.8320664763450623,0.5558980703353882,0.8489695191383362,0.9637226462364197,1.1408497095108032,1.3277862071990967,1.5744998455047607,1.6459276676177979,1.7355921268463135,1.9350260496139526,2.1817471981048584,2.2379086017608643,2.4583754539489746,1.4008314609527588,1.0910016298294067,1.3520630598068237,1.3407294750213623,1.3501051664352417,1.6865957975387573,1.6550426483154297,2.0273427963256836,2.1518359184265137,1.9838944673538208,2.1603846549987793,2.4877257347106934,2.556419610977173,2.5086722373962402,2.8624935150146484,0.8737918138504028,0.6574119329452515,0.9003242254257202,1.0849672555923462,1.075056791305542,1.4506988525390625,1.5443333387374878,1.9077725410461426,1.9051669836044312,1.808937907218933,2.1004226207733154,2.3478832244873047,2.3806960582733154,2.4456229209899902,2.776881456375122,1.5968154668807983,1.2502456903457642,1.3936917781829834,1.199459195137024,1.303152322769165,1.5204174518585205,1.4901199340820312,1.7784638404846191,2.0329651832580566,1.9334906339645386,1.9938170909881592,2.3097712993621826,2.4902918338775635,2.4297380447387695,2.7327442169189453
A4,0.9186575412750244,0.6430343985557556,0.38682326674461365,0.0,0.39579665660858154,0.6174434423446655,0.8895655274391174,1.1329704523086548,1.237666130065918,1.322009801864624,1.533729910850525,1.7036603689193726,1.86612069606781,1.9918476343154907,2.2231805324554443,1.3519803285598755,1.0061789751052856,0.9994754195213318,0.7012535929679871,0.8391587138175964,0.986311674118042,1.0320582389831543,1.2717411518096924,1.5400503873825073,1.5263686180114746,1.590051531791687,1.851590871810913,2.0769104957580566,2.0738489627838135,2.3211629390716553,1.2552975416183472,0.9411435127258301,1.1466604471206665,1.1681879758834839,1.1031845808029175,1.456422209739685,1.4317493438720703,1.8159571886062622,1.8833872079849243,1.7119532823562622,1.937129259109497,2.245239734649658,2.2798471450805664,2.2615251541137695,2.626014471054077,0.7919555306434631,0.516789436340332,0.5966016054153442,0.7597162127494812,0.7145339846611023,1.0824769735336304,1.2149144411087036,1.5601794719696045,1.5481507778167725,1.492470622062683,1.792231798171997,2.0120584964752197,2.0656802654266357,2.161280393600464,2.4728806018829346,1.5952777862548828,1.2271859645843506,1.3761695623397827,1.2125823497772217,1.2131415605545044,1.4686508178710938,1.3849539756774902,1.7182371616363525,1.923433542251587,1.7664655447006226,1.8610671758651733,2.1996448040008545,2.327430009841919,2.2519989013671875,2.584766149520874
A5,1.1571340560913086,0.8723683953285217,0.6219272613525391,0.39579665660858154,0.0,0.3817416727542877,0.5709249973297119,0.8737888336181641,0.9272135496139526,0.9529308676719666,1.200985074043274,1.3917897939682007,1.5135807991027832,1.6289440393447876,1.8870460987091064,1.4800548553466797,1.1241251230239868,1.0140345096588135,0.6605610251426697,0.607644259929657,0.6810532808303833,0.6458360552787781,0.9037863612174988,1.1682361364364624,1.1347143650054932,1.198412537574768,1.4676456451416016,1.6827939748764038,1.6814701557159424,1.934711217880249,1.5128239393234253,1.1619901657104492,1.259482741355896,1.1759862899780273,1.0046669244766235,1.2981754541397095,1.1790908575057983,1.559511661529541,1.6377596855163574,1.4175796508789062,1.6094529628753662,1.9411795139312744,1.9698877334594727,1.9133141040802002,2.279243230819702,1.1780778169631958,0.870482861995697,0.8609537482261658,0.8718104958534241,0.6432062387466431,0.9725415706634521,0.9876669645309448,1.354530692100525,1.3264473676681519,1.1937509775161743,1.4934961795806885,1.7434571981430054,1.7635326385498047,1.8245980739593506,2.157087802886963,1.7140412330627441,1.3281217813491821,1.3697185516357422,1.1307440996170044,1.0315784215927124,1.2189713716506958,1.0603646039962769,1.380718469619751,1.595318078994751,1.4167238473892212,1.4803731441497803,1.8288378715515137,1.9593780040740967,1.8678219318389893,2.1949939727783203
A6,1.4584791660308838,1.2069103717803955,0.8985974788665771,0.6174434423446655,0.3817416727542877,0.0,0.3814936578273773,0.5410129427909851,0.6296324729919434,0.7665601968765259,0.9593470692634583,1.0893354415893555,1.2713572978973389,1.4186238050460815,1.6210533380508423,1.854453206062317,1.4927119016647339,1.395510196685791,1.03549325466156,0.9411911368370056,0.9188103675842285,0.7473371624946594,0.9167399406433105,1.2392550706863403,1.1617026329040527,1.106953501701355,1.406416893005371,1.6423920392990112,1.569637417793274,1.797128677368164,1.7110371589660645,1.3988096714019775,1.4707298278808594,1.4294708967208862,1.1876612901687622,1.4581583738327026,1.3058724403381348,1.6743783950805664,1.6772910356521606,1.4102277755737305,1.6343642473220825,1.9544661045074463,1.9093831777572632,1.843867301940918,2.227200984954834,1.3145921230316162,1.0737963914871216,0.9485635161399841,0.978192925453186,0.6771559715270996,0.9043458104133606,0.9430880546569824,1.253841757774353,1.1231595277786255,1.0176169872283936,1.3719432353973389,1.5591267347335815,1.5352987051010132,1.6549983024597168,1.9785106182098389,2.039830446243286,1.6570580005645752,1.7061140537261963,1.4808368682861328,1.3204946517944336,1.4819095134735107,1.24603271484375,1.548862099647522,1.7394952774047852,1.4924266338348389,1.5221341848373413,1.8961721658706665,1.9821114540100098,1.828027367591858,2.1624886989593506
A7,1.7277313470840454,1.4317172765731812,1.1842749118804932,0.8895655274391174,0.5709249973297119,0.3814936578273773,0.0,0.38304373621940613,0.5431756973266602,0.5098352432250977,0.6493044495582581,0.8848577737808228,1.0581637620925903,1.123220443725586,1.3572527170181274,1.9612406492233276,1.5914021730422974,1.4892938137054443,1.1664780378341675,0.9441648721694946,0.933417022228241,0.6360823512077332,0.858180046081543,1.109575867652893,0.9264128804206848,0.8860802054405212,1.2394448518753052,1.4062520265579224,1.2933526039123535,1.569398283958435,1.8015707731246948,1.4825732707977295,1.4541934728622437,1.356255054473877,1.0353449583053589,1.2278363704681396,1.0224323272705078,1.3650176525115967,1.3399759531021118,1.0472913980484009,1.2763111591339111,1.588213324546814,1.5293654203414917,1.4674381017684937,1.8516217470169067,1.5758343935012817,1.2908083200454712,1.1160258054733276,1.0086077451705933,0.6234360933303833,0.7248309254646301,0.636593759059906,0.9383568167686462,0.8192600011825562,0.6522108316421509,0.9962050318717957,1.2095327377319336,1.1981619596481323,1.2908368110656738,1.6158366203308105,2.0533840656280518,1.679136872291565,1.6649763584136963,1.4429996013641357,1.1902557611465454,1.316465973854065,1.0299211740493774,1.3320189714431763,1.4645534753799438,1.1759432554244995,1.2315512895584106,1.6057689189910889,1.6467664241790771,1.493984341621399,1.8473705053329468
A8,1.9978868961334229,1.7307928800582886,1.4384289979934692,1.1329704523086548,0.8737888336181641,0.5410129427909851,0.38304373621940613,0.0,0.3833363652229309,0.5317001938819885,0.5127796530723572,0.6168352365493774,0.8953401446342468,1.0045198202133179,1.1396039724349976,2.318228244781494,1.9457684755325317,1.8509376049041748,1.5097438097000122,1.3123986721038818,1.2484965324401855,0.9343201518058777,1.0375419855117798,1.320019245147705,1.1331788301467896,0.9635515213012695,1.3081570863723755,1.492556095123291,1.3045239448547363,1.5279111862182617,2.044142007827759,1.7616748809814453,1.7393349409103394,1.6882555484771729,1.3547163009643555,1.531017541885376,1.3251982927322388,1.6322983503341675,1.5378406047821045,1.2228529453277588,1.4646661281585693,1.7439866065979004,1.6030960083007812,1.532052755355835,1.9189327955245972,1.7486175298690796,1.5241806507110596,1.2978417873382568,1.2365188598632812,0.8713753819465637,0.8656010031700134,0.8316640853881836,1.0074635744094849,0.744546115398407,0.6459176540374756,1.029416799545288,1.1304353475570679,1.047016978263855,1.2277861833572388,1.5268510580062866,2.4012949466705322,2.0301530361175537,2.0372416973114014,1.825388789176941,1.5668056011199951,1.6778383255004883,1.363945484161377,1.6283618211746216,1.7442877292633057,1.4191513061523438,1.4294445514678955,1.8044686317443848,1.8034000396728516,1.587323784828186,1.9289865493774414
A9,2.0010104179382324,1.7776572704315186,1.4627395868301392,1.237666130065918,0.9272135496139526,0.6296324729919434,0.5431756973266602,0.3833363652229309,0.0,0.37368664145469666,0.5442743897438049,0.5167878270149231,0.6665550470352173,0.8901627063751221,1.0522104501724243,2.3775391578674316,2.027531862258911,1.8624956607818604,1.4995533227920532,1.2935031652450562,1.1194179058074951,0.8137363791465759,0.774101734161377,1.0835826396942139,0.9698173999786377,0.719448983669281,1.006820797920227,1.2531739473342896,1.1027898788452148,1.2636510133743286,2.2985658645629883,1.9847514629364014,1.9896745681762695,1.8919090032577515,1.5717730522155762,1.7293471097946167,1.4665241241455078,1.7607206106185913,1.7240896224975586,1.3756102323532104,1.5311672687530518,1.848907470703125,1.7239753007888794,1.5709192752838135,1.9483698606491089,1.933754801750183,1.7022051811218262,1.544853925704956,1.5131131410598755,1.1435105800628662,1.201821208000183,1.099684715270996,1.3063534498214722,1.0581579208374023,0.8518735766410828,1.2057390213012695,1.3444433212280273,1.1739115715026855,1.2888529300689697,1.6277159452438354,2.562373161315918,2.181302309036255,2.15226149559021,1.8826121091842651,1.6402246952056885,1.6790882349014282,1.3396304845809937,1.535614013671875,1.7107012271881104,1.409302830696106,1.3192219734191895,1.6930487155914307,1.7449978590011597,1.492995262145996,1.7900692224502563
A10,2.061497926712036,1.8020730018615723,1.5431199073791504,1.322009801864624,0.9529308676719666,0.7665601968765259,0.5098352432250977,0.5317001938819885,0.37368664145469666,0.0,0.3820136487483978,0.5644501447677612,0.5880140662193298,0.6847888231277466,0.9636602401733398,2.2945985794067383,1.9510676860809326,1.7701094150543213,1.4450340270996094,1.1562471389770508,0.994713544845581,0.6269258856773376,0.6445459723472595,0.8489787578582764,0.6429088115692139,0.43431228399276733,0.7958225607872009,0.9641100168228149,0.8165339231491089,1.0634759664535522,2.29415225982666,1.9607070684432983,1.9082280397415161,1.7484641075134277,1.4054852724075317,1.4938017129898071,1.185023546218872,1.4431204795837402,1.4309250116348267,1.0695905685424805,1.1773707866668701,1.5083423852920532,1.411516785621643,1.2356066703796387,1.6100716590881348,2.0565555095672607,1.770623803138733,1.6224919557571411,1.5074676275253296,1.1162306070327759,1.1434977054595947,0.9295331835746765,1.1420248746871948,0.9647637009620667,0.6551491022109985,0.9488710165023804,1.163730502128601,1.0121591091156006,1.0333257913589478,1.4004408121109009,2.4377899169921875,2.0679383277893066,1.9799379110336304,1.702864408493042,1.414198637008667,1.4034756422042847,1.0388880968093872,1.2110849618911743,1.3561103343963623,1.045449137687683,0.9556053280830383,1.3300824165344238,1.374388575553894,1.138718843460083,1.453515648841858
A11,2.350294351577759,2.066403865814209,1.811348557472229,1.533729910850525,1.200985074043274,0.9593470692634583,0.6493044495582581,0.5127796530723572,0.5442743897438049,0.3820136487483978,0.0,0.383171021938324,0.5546154975891113,0.5183433294296265,0.7191757559776306,2.548421859741211,2.188451051712036,2.0540153980255127,1.744194507598877,1.4502511024475098,1.3463298082351685,0.9689249396324158,1.0233107805252075,1.185328722000122,0.9120442271232605,0.7022889256477356,1.0524708032608032,1.135099172592163,0.8730728626251221,1.1286287307739258,2.375605821609497,2.0761938095092773,1.9780337810516357,1.8491363525390625,1.4715297222137451,1.5228326320648193,1.2351906299591064,1.4479080438613892,1.3372029066085815,0.976305365562439,1.1385549306869507,1.4014824628829956,1.2185496091842651,1.0839115381240845,1.461753487586975,2.1980605125427246,1.9293367862701416,1.71246337890625,1.562855839729309,1.1722960472106934,1.0747122764587402,0.8640345931053162,0.9465802907943726,0.6960307955741882,0.4187900125980377,0.7118169069290161,0.8326392769813538,0.6493925452232361,0.7535393834114075,1.0876445770263672,2.5948920249938965,2.237931966781616,2.1617729663848877,1.931152582168579,1.6051750183105469,1.6206278800964355,1.258190631866455,1.4391714334487915,1.494348168373108,1.1374706029891968,1.1029181480407715,1.4497871398925781,1.3926318883895874,1.135145902633667,1.4691550731658936
A12,2.5054590702056885,2.2607007026672363,1.9613409042358398,1.7036603689193726,1.3917897939682007,1.0893354415893555,0.8848577737808228,0.6168352365493774,0.5167878270149231,0.5644501447677612,0.383171021938324,0.0,0.37878867983818054,0.537259578704834,0.5625240802764893,2.8138320446014404,2.4561855792999268,2.303237199783325,1.9621556997299194,1.703770637512207,1.5397225618362427,1.1854227781295776,1.1281442642211914,1.335216760635376,1.1355537176132202,0.8201804161071777,1.0877057313919067,1.2313809394836426,0.9504560232162476,1.0784399509429932,2.6407415866851807,2.3483784198760986,2.2892203330993652,2.1856746673583984,1.8193343877792358,1.8978097438812256,1.6123980283737183,1.8266363143920898,1.7130413055419922,1.3525341749191284,1.4895217418670654,1.7423540353775024,1.5269252061843872,1.3589292764663696,1.7113893032073975,2.357637405395508,2.128662347793579,1.9136548042297363,1.825559377670288,1.4436980485916138,1.3666428327560425,1.2163926362991333,1.2790415287017822,0.9655516147613525,0.7754142880439758,1.0518237352371216,1.0796597003936768,0.8007261753082275,0.9578816294670105,1.251827359199524,2.916076183319092,2.5483040809631348,2.4912185668945312,2.2417654991149902,1.9400291442871094,1.9441026449203491,1.5740047693252563,1.720599889755249,1.8127957582473755,1.4686261415481567,1.362284541130066,1.6979013681411743,1.6557378768920898,1.3473302125930786,1.6244418621063232
A13,2.5883424282073975,2.3593192100524902,2.073751211166382,1.86612069606781,1.5135807991027832,1.2713572978973389,1.0581637620925903,0.8953401446342468,0.6665550470352173,0.5880140662193298,0.5546154975891113,0.37878867983818054,0.0,0.3692373037338257,0.5058724880218506,2.8671939373016357,2.5319557189941406,2.329528570175171,1.9995989799499512,1.7119121551513672,1.489758849143982,1.1491621732711792,1.0042140483856201,1.1377967596054077,0.971200704574585,0.609834611415863,0.7835752964019775,0.9133480787277222,0.6387763023376465,0.7056033611297607,2.855539321899414,2.534946918487549,2.470942258834839,2.31463885307312,1.9535962343215942,1.9922207593917847,1.6606861352920532,1.8376637697219849,1.7781927585601807,1.4052408933639526,1.4431644678115845,1.715299367904663,1.529934048652649,1.2809112071990967,1.6026837825775146,2.5812463760375977,2.3246443271636963,2.153398275375366,2.0514328479766846,1.658447027206421,1.6146671772003174,1.39755117893219,1.48850679397583,1.2321465015411377,0.9565044045448303,1.1606130599975586,1.2516045570373535,0.9408149719238281,0.9612753391265869,1.2850914001464844,3.0180094242095947,2.6519322395324707,2.5468101501464844,2.2612082958221436,1.9583394527435303,1.8887889385223389,1.507279396057129,1.5704193115234375,1.6818288564682007,1.3686665296554565,1.1727198362350464,1.4767465591430664,1.467085838317871,1.1287840604782104,1.3481673002243042
A14,2.7423174381256104,2.475893259048462,2.2273333072662354,1.9918476343154907,1.6289440393447876,1.4186238050460815,1.123220443725586,1.0045198202133179,0.8901627063751221,0.6847888231277466,0.5183433294296265,0.537259578704834,0.3692373037338257,0.0,0.3833746314048767,2.9090001583099365,2.5714802742004395,2.389650821685791,2.094573497772217,1.7645903825759888,1.594568133354187,1.2291550636291504,1.1672141551971436,1.2157540321350098,0.9556676149368286,0.6859900951385498,0.8975593447685242,0.8757195472717285,0.5206567049026489,0.7106481790542603,2.857072353363037,2.544222831726074,2.4247703552246094,2.248081684112549,1.8683708906173706,1.842105746269226,1.5051567554473877,1.6186928749084473,1.527266263961792,1.1665749549865723,1.1787189245224,1.405774712562561,1.1926201581954956,0.937850832939148,1.2499916553497314,2.6942920684814453,2.4127936363220215,2.2183213233947754,2.0546305179595947,1.66228187084198,1.5550800561904907,1.286820888519287,1.311788558959961,1.098610758781433,0.8086485266685486,0.8998709917068481,0.9867067337036133,0.6724037528038025,0.6100373268127441,0.9376457929611206,2.9786500930786133,2.6314287185668945,2.498307943344116,2.239473581314087,1.8970656394958496,1.8143199682235718,1.435300588607788,1.4861595630645752,1.5145224332809448,1.1817617416381836,1.0273263454437256,1.296223759651184,1.2058098316192627,0.8657079339027405,1.1144499778747559
A15,3.0117123126983643,2.753272771835327,2.478255271911621,2.2231805324554443,1.8870460987091064,1.6210533380508423,1.3572527170181274,1.1396039724349976,1.0522104501724243,0.9636602401733398,0.7191757559776306,0.5625240802764893,0.5058724880218506,0.3833746314048767,0.0,3.234405279159546,2.885352373123169,2.7194325923919678,2.4067883491516113,2.098423719406128,1.926461100578308,1.560720443725586,1.4782460927963257,1.5671573877334595,1.3304022550582886,1.0283700227737427,1.2021162509918213,1.2033947706222534,0.8442870378494263,0.9010084271430969,3.082463264465332,2.7921929359436035,2.67763090133667,2.538083791732788,2.150820016860962,2.1378283500671387,1.8254040479660034,1.9347752332687378,1.7902626991271973,1.4467188119888306,1.4955792427062988,1.6691149473190308,1.394128441810608,1.179506778717041,1.4503934383392334,2.8845276832580566,2.6356749534606934,2.408867835998535,2.2672903537750244,1.882602572441101,1.7375810146331787,1.5203473567962646,1.480097770690918,1.2032625675201416,1.0096559524536133,1.1017560958862305,1.0531556606292725,0.6767558455467224,0.7418467998504639,0.949077844619751,3.288963556289673,2.9389867782592773,2.831794261932373,2.586189031600952,2.2444050312042236,2.1854820251464844,1.8074067831039429,1.869480013847351,1.8867301940917969,1.5478105545043945,1.4056891202926636,1.65340256690979,1.528613567352295,1.1828382015228271,1.3828790187835693
B1,0.9372763633728027,0.8053975105285645,1.1739619970321655,1.3519803285598755,1.4800548553466797,1.854453206062317,1.9612406492233276,2.318228244781494,2.3775391578674316,2.2945985794067383,2.548421859741211,2.8138320446014404,2.8671939373016357,2.9090001583099365,3.234405279159546,0.0,0.3847805857658386,0.5651857256889343,0.9161732196807861,1.1672953367233276,1.469550371170044,1.736837387084961,2.011136293411255,2.050001859664917,2.107687473297119,2.3756229877471924,2.5409603118896484,2.6594762802124023,2.7973999977111816,3.080580472946167,1.3323041200637817,1.0976535081863403,1.2676950693130493,1.1493470668792725,1.433321237564087,1.6429623365402222,1.7587336301803589,2.004581928253174,2.251739978790283,2.252812147140503,2.3448779582977295,2.600306272506714,2.8164665699005127,2.8292691707611084,3.094327688217163,1.4588260650634766,1.2189812660217285,1.527378797531128,1.5139013528823853,1.655661702156067,1.9766602516174316,2.0014994144439697,2.3419973850250244,2.5189738273620605,2.4113776683807373,2.5545051097869873,2.870595932006836,3.004117727279663,2.9669461250305176,3.264763593673706,0.7704483270645142,0.6656484603881836,0.7584965229034424,0.7926189303398132,1.1721776723861694,1.3871757984161377,1.63949716091156,1.8621777296066284,2.0316498279571533,2.116828203201294,2.284045934677124,2.462965726852417,2.666975498199463,2.7688565254211426,3.0369064807891846
B2,0.8486436009407043,0.5726243853569031,0.8985925912857056,1.0061789751052856,1.1241251230239868,1.4927119016647339,1.5914021730422974,1.9457684755325317,2.027531862258911,1.9510676860809326,2.188451051712036,2.4561855792999268,2.5319557189941406,2.5714802742004395,2.885352373123169,0.3847805857658386,0.0,0.38582417368888855,0.6423155665397644,0.8722940683364868,1.2081035375595093,1.4284347295761108,1.7305922508239746,1.8043323755264282,1.8242579698562622,2.0711586475372314,2.272361993789673,2.3983986377716064,2.5010573863983154,2.7944209575653076,1.1158812046051025,0.8084489703178406,0.9759328365325928,0.8546935319900513,1.0944641828536987,1.3475185632705688,1.4513262510299683,1.7370327711105347,1.951302170753479,1.9283093214035034,2.0550501346588135,2.3202335834503174,2.505828619003296,2.523548126220703,2.810581684112549,1.2071080207824707,0.9070204496383667,1.181281566619873,1.149000883102417,1.2718164920806885,1.5985238552093506,1.633370280265808,1.978849172592163,2.142261505126953,2.045055627822876,2.2045652866363525,2.509536027908325,2.642178773880005,2.62514328956604,2.9220786094665527,0.765637218952179,0.47781339287757874,0.6145274043083191,0.5915688276290894,0.907014787197113,1.180680751800537,1.3754215240478516,1.6507134437561035,1.8160394430160522,1.8451902866363525,2.0219733715057373,2.239577531814575,2.417975902557373,2.4918670654296875,2.7853829860687256
B3,0.8177634477615356,0.5898953080177307,0.8320664763450623,0.9994754195213318,1.0140345096588135,1.395510196685791,1.4892938137054443,1.8509376049041748,1.8624956607818604,1.7701094150543213,2.0540153980255127,2.303237199783325,2.329528570175171,2.389650821685791,2.7194325923919678,0.5651857256889343,0.38582417368888855,0.0,0.38935521245002747,0.6261963248252869,0.9048365950584412,1.1886601448059082,1.4475183486938477,1.4955521821975708,1.5718038082122803,1.8266077041625977,1.9819564819335938,2.119802713394165,2.2618143558502197,2.5298831462860107,1.4591991901397705,1.1153146028518677,1.2503323554992676,1.0536824464797974,1.1876131296157837,1.4054909944534302,1.4085627794265747,1.6953707933425903,1.9444003105163574,1.8679519891738892,1.942606806755066,2.245739221572876,2.4328055381774902,2.39518141746521,2.6820530891418457,1.4078766107559204,1.089797854423523,1.3455129861831665,1.3144044876098633,1.3253942728042603,1.66110098361969,1.6285886764526367,1.9988749027252197,2.128933906555176,1.9696550369262695,2.1398727893829346,2.468468427658081,2.5531022548675537,2.507371425628662,2.8316562175750732,1.0894718170166016,0.7961781024932861,0.7634994387626648,0.5234371423721313,0.824640154838562,0.9950978755950928,1.1696088314056396,1.3961975574493408,1.6229424476623535,1.6729196310043335,1.7898586988449097,2.002138376235962,2.224287748336792,2.284275531768799,2.5500192642211914
B4,0.7741882801055908,0.5122982263565063,0.5558980703353882,0.7012535929679871,0.6605610251426697,1.03549325466156,1.1664780378341675,1.5097438097000122,1.4995533227920532,1.4450340270996094,1.744194507598877,1.9621556997299194,1.9995989799499512,2.094573497772217,2.4067883491516113,0.9161732196807861,0.6423155665397644,0.38935521245002747,0.0,0.3961810767650604,0.6162004470825195,0.8864002227783203,1.1295887231826782,1.2526698112487793,1.3334596157073975,1.5323745012283325,1.7034631967544556,1.88629949092865,2.0014777183532715,2.2524852752685547,1.5051721334457397,1.135834813117981,1.2828558683395386,1.1161859035491943,1.1327428817749023,1.3892779350280762,1.32479727268219,1.6587660312652588,1.863672137260437,1.7202783823013306,1.8209452629089355,2.1535563468933105,2.288141965866089,2.2243425846099854,2.5434303283691406,1.2851983308792114,0.9585633873939514,1.1670784950256348,1.1715465784072876,1.1021090745925903,1.4539512395858765,1.4250022172927856,1.8087621927261353,1.8782521486282349,1.7089234590530396,1.9292936325073242,2.241142749786377,2.287935972213745,2.270233392715454,2.6099917888641357,1.365204930305481,1.0133064985275269,1.0094208717346191,0.719420313835144,0.8522992134094238,1.0136100053787231,1.0539605617523193,1.3103716373443604,1.5720078945159912,1.5472159385681152,1.6211585998535156,1.8885118961334229,2.1022732257843018,2.1019303798675537,2.38167667388916
B5,1.1676206588745117,0.8804541826248169,0.8489695191383362,0.8391587138175964,0.607644259929657,0.9411911368370056,0.9441648721694946,1.3123986721038818,1.2935031652450562,1.1562471389770508,1.4502511024475098,1.703770637512207,1.7119121551513672,1.7645903825759888,2.098423719406128,1.1672953367233276,0.8722940683364868,0.6261963248252869,0.3961810767650604,0.0,0.3832186162471771,0.5714274644851685,0.8785650134086609,0.9459975957870483,0.9691107869148254,1.209289789199829,1.4008687734603882,1.539624571800232,1.6486496925354004,1.9260331392288208,1.6430238485336304,1.257539987564087,1.29173743724823,1.048073410987854,0.9523981213569641,1.1388624906539917,0.9946520924568176,1.3190524578094482,1.53360915184021,1.366986632347107,1.4376559257507324,1.7808265686035156,1.9182860851287842,1.838800311088562,2.1522719860076904,1.5256826877593994,1.163347601890564,1.261451005935669,1.1616089344024658,0.986608624458313,1.2795226573944092,1.1584088802337646,1.5384514331817627,1.6196404695510864,1.4046695232391357,1.5921043157577515,1.9264326095581055,1.9674427509307861,1.9142653942108154,2.256140947341919,1.4668679237365723,1.1066226959228516,0.9965129494667053,0.651176929473877,0.5982518196105957,0.6970494985580444,0.6645366549491882,0.94273841381073,1.1956812143325806,1.1527321338653564,1.2319397926330566,1.5048364400863647,1.707411766052246,1.71134352684021,1.9965413808822632
B6,1.304192304611206,1.0959112644195557,0.9637226462364197,0.986311674118042,0.6810532808303833,0.9188103675842285,0.933417022228241,1.2484965324401855,1.1194179058074951,0.994713544845581,1.3463298082351685,1.5397225618362427,1.489758849143982,1.594568133354187,1.926461100578308,1.469550371170044,1.2081035375595093,0.9048365950584412,0.6162004470825195,0.3832186162471771,0.0,0.3820624351501465,0.5457188487052917,0.6416525840759277,0.7752093076705933,0.9649442434310913,1.09284508228302,1.2874091863632202,1.4298509359359741,1.6551439762115479,1.982287049293518,1.5989934206008911,1.6477166414260864,1.4157270193099976,1.2658041715621948,1.4215514659881592,1.1950222253799438,1.4972541332244873,1.6993850469589233,1.464302659034729,1.4888064861297607,1.860993504524231,1.9630919694900513,1.814698338508606,2.1331088542938232,1.7430288791656494,1.4123860597610474,1.493089199066162,1.4341562986373901,1.1908131837844849,1.4582030773162842,1.3014588356018066,1.6689865589141846,1.6778606176376343,1.410914659500122,1.6270819902420044,1.9534318447113037,1.9198154211044312,1.8560701608657837,2.2232682704925537,1.842923879623413,1.4855796098709106,1.3650970458984375,0.9983905553817749,0.9140622615814209,0.8793225884437561,0.7271859645843506,0.8974177241325378,1.2233877182006836,1.1603410243988037,1.1159552335739136,1.4057344198226929,1.645814061164856,1.5914764404296875,1.8417913913726807
B7,1.5795469284057617,1.3262742757797241,1.1408497095108032,1.0320582389831543,0.6458360552787781,0.7473371624946594,0.6360823512077332,0.9343201518058777,0.8137363791465759,0.6269258856773376,0.9689249396324158,1.1854227781295776,1.1491621732711792,1.2291550636291504,1.560720443725586,1.736837387084961,1.4284347295761108,1.1886601448059082,0.8864002227783203,0.5714274644851685,0.3820624351501465,0.0,0.38535305857658386,0.542909562587738,0.507611095905304,0.6500898599624634,0.8813387751579285,1.060154676437378,1.1240363121032715,1.3838151693344116,2.023239850997925,1.6491032838821411,1.6398388147354126,1.4180573225021362,1.1694756746292114,1.2940324544906616,1.0117887258529663,1.3157988786697388,1.45543372631073,1.170681357383728,1.2206556797027588,1.5960652828216553,1.6465857028961182,1.4916588068008423,1.8335003852844238,1.813931941986084,1.480825662612915,1.4615979194641113,1.355578899383545,1.0333267450332642,1.2253780364990234,1.0226812362670898,1.3643957376480103,1.338931679725647,1.0482425689697266,1.2759959697723389,1.5906990766525269,1.539760947227478,1.4856466054916382,1.8549554347991943,1.9850579500198364,1.617182970046997,1.4971448183059692,1.1658879518508911,0.9528948664665222,0.9241263270378113,0.6311599612236023,0.8422909379005432,1.1063958406448364,0.935469925403595,0.8872658610343933,1.2348012924194336,1.412334680557251,1.3085848093032837,1.5971873998641968
B8,1.744248390197754,1.5575511455535889,1.3277862071990967,1.2717411518096924,0.9037863612174988,0.9167399406433105,0.858180046081543,1.0375419855117798,0.774101734161377,0.6445459723472595,1.0233107805252075,1.1281442642211914,1.0042140483856201,1.1672141551971436,1.4782460927963257,2.011136293411255,1.7305922508239746,1.4475183486938477,1.1295887231826782,0.8785650134086609,0.5457188487052917,0.38535305857658386,0.0,0.3814483880996704,0.5291668176651001,0.5101835131645203,0.6085370779037476,0.892135739326477,0.9982351064682007,1.1628289222717285,2.368596076965332,1.9962459802627563,2.0136332511901855,1.8004052639007568,1.5528206825256348,1.6642485857009888,1.3561660051345825,1.6225543022155762,1.7539862394332886,1.4355790615081787,1.434838891029358,1.8127593994140625,1.8297821283340454,1.6094944477081299,1.9382802248001099,2.063035011291504,1.7624300718307495,1.753814458847046,1.694427490234375,1.3615374565124512,1.53744375705719,1.3349740505218506,1.641844630241394,1.5494893789291382,1.2343884706497192,1.4739198684692383,1.7578074932098389,1.624531626701355,1.5631927251815796,1.9444478750228882,2.336430072784424,1.9695595502853394,1.8456836938858032,1.4917223453521729,1.307935118675232,1.2134274244308472,0.9124182462692261,0.9884475469589233,1.2918696403503418,1.1324944496154785,0.9489012956619263,1.2778186798095703,1.4880754947662354,1.3205703496932983,1.547069787979126
B9,1.9320505857467651,1.7369064092636108,1.5744998455047607,1.5400503873825073,1.1682361364364624,1.2392550706863403,1.109575867652893,1.320019245147705,1.0835826396942139,0.8489787578582764,1.185328722000122,1.335216760635376,1.1377967596054077,1.2157540321350098,1.5671573877334595,2.050001859664917,1.8043323755264282,1.4955521821975708,1.2526698112487793,0.9459975957870483,0.6416525840759277,0.542909562587738,0.3814483880996704,0.0,0.3735637366771698,0.5435993075370789,0.5130530595779419,0.6721488833427429,0.8953827619552612,1.0772967338562012,2.5303146839141846,2.1495189666748047,2.1236701011657715,1.8528521060943604,1.6143765449523926,1.6477385759353638,1.3112444877624512,1.5051944255828857,1.6912028789520264,1.3964215517044067,1.2964597940444946,1.6701723337173462,1.7390507459640503,1.4878759384155273,1.7681763172149658,2.3255627155303955,1.995287299156189,2.0017285346984863,1.8891112804412842,1.563687801361084,1.713377833366394,1.448011875152588,1.736931562423706,1.7006739377975464,1.351518154144287,1.5021065473556519,1.822284460067749,1.6998924016952515,1.5553686618804932,1.929569125175476,2.35803484916687,2.0174548625946045,1.82381010055542,1.4581917524337769,1.2579355239868164,1.0568050146102905,0.7687479853630066,0.7016237378120422,1.0268398523330688,0.9431712627410889,0.6962608098983765,0.9631739854812622,1.2315020561218262,1.1135131120681763,1.2901538610458374
B10,2.059931993484497,1.8065338134765625,1.6459276676177979,1.5263686180114746,1.1347143650054932,1.1617026329040527,0.9264128804206848,1.1331788301467896,0.9698173999786377,0.6429088115692139,0.9120442271232605,1.1355537176132202,0.971200704574585,0.9556676149368286,1.3304022550582886,2.107687473297119,1.8242579698562622,1.5718038082122803,1.3334596157073975,0.9691107869148254,0.7752093076705933,0.507611095905304,0.5291668176651001,0.3735637366771698,0.0,0.38271692395210266,0.5648384094238281,0.5940828323364258,0.6944650411605835,0.9902305006980896,2.419473171234131,2.0510871410369873,1.9686824083328247,1.698456048965454,1.406189203262329,1.3963149785995483,1.033253788948059,1.2090758085250854,1.3524820804595947,1.0395009517669678,0.9490849375724792,1.3234906196594238,1.3710005283355713,1.1328587532043457,1.4370911121368408,2.297496795654297,1.954339623451233,1.8983935117721558,1.7303645610809326,1.380067229270935,1.4602012634277344,1.1534123420715332,1.405565857887268,1.3849034309387207,1.0244107246398926,1.1369765996932983,1.465721845626831,1.3662090301513672,1.2065401077270508,1.5773147344589233,2.293717384338379,1.9543652534484863,1.7578799724578857,1.4325518608093262,1.1463907957077026,0.9731331467628479,0.6087769269943237,0.615975022315979,0.8298489451408386,0.6361926198005676,0.4259212911128998,0.7821857333183289,0.9634714722633362,0.8318261504173279,1.0931034088134766
B11,2.1962387561798096,1.9633455276489258,1.7355921268463135,1.590051531791687,1.198412537574768,1.106953501701355,0.8860802054405212,0.9635515213012695,0.719448983669281,0.43431228399276733,0.7022889256477356,0.8201804161071777,0.609834611415863,0.6859900951385498,1.0283700227737427,2.3756229877471924,2.0711586475372314,1.8266077041625977,1.5323745012283325,1.209289789199829,0.9649442434310913,0.6500898599624634,0.5101835131645203,0.5435993075370789,0.38271692395210266,0.0,0.381250262260437,0.5479947924613953,0.5118141770362854,0.7443963885307312,2.5812692642211914,2.2240641117095947,2.163848638534546,1.941401481628418,1.61994469165802,1.6462388038635254,1.2892484664916992,1.4807459115982056,1.5437216758728027,1.187033772468567,1.1508574485778809,1.5004215240478516,1.4520740509033203,1.1877458095550537,1.5134860277175903,2.365010976791382,2.0560286045074463,1.962700605392456,1.8346611261367798,1.4549144506454468,1.5051207542419434,1.231186866760254,1.4423439502716064,1.3193061351776123,0.9630829691886902,1.1408659219741821,1.3975715637207031,1.2108125686645508,1.106868863105774,1.4859479665756226,2.576907157897949,2.2191874980926514,2.0660147666931152,1.745931625366211,1.4638875722885132,1.3383008241653442,0.9659069776535034,0.9949219822883606,1.1798151731491089,0.9296110272407532,0.6914648413658142,1.0334187746047974,1.1482646465301514,0.8980044722557068,1.1427675485610962
B12,2.3453643321990967,2.156109571456909,1.9350260496139526,1.851590871810913,1.4676456451416016,1.406416893005371,1.2394448518753052,1.3081570863723755,1.006820797920227,0.7958225607872009,1.0524708032608032,1.0877057313919067,0.7835752964019775,0.8975593447685242,1.2021162509918213,2.5409603118896484,2.272361993789673,1.9819564819335938,1.7034631967544556,1.4008687734603882,1.09284508228302,0.8813387751579285,0.6085370779037476,0.5130530595779419,0.5648384094238281,0.381250262260437,0.0,0.3776359558105469,0.5382348895072937,0.5927945971488953,2.8906054496765137,2.522062063217163,2.4794766902923584,2.2347464561462402,1.9395772218704224,1.9510308504104614,1.5855814218521118,1.7409751415252686,1.8458659648895264,1.503940463066101,1.3936675786972046,1.7337955236434937,1.708694577217102,1.3978440761566162,1.6658319234848022,2.640566110610962,2.334825038909912,2.2808518409729004,2.172764778137207,1.8040752410888672,1.8792006969451904,1.6021195650100708,1.813717007637024,1.6935250759124756,1.3351333141326904,1.4796448945999146,1.7299456596374512,1.510788083076477,1.3670965433120728,1.730149507522583,2.8135673999786377,2.4634103775024414,2.283625364303589,1.9349421262741089,1.688655972480774,1.4972457885742188,1.1580513715744019,1.0678499937057495,1.2949459552764893,1.1283814907073975,0.7942628264427185,1.0403932332992554,1.2244473695755005,0.9743925333023071,1.093629240989685
B13,2.58457088470459,2.3646774291992188,2.1817471981048584,2.0769104957580566,1.6827939748764038,1.6423920392990112,1.4062520265579224,1.492556095123291,1.2531739473342896,0.9641100168228149,1.135099172592163,1.2313809394836426,0.9133480787277222,0.8757195472717285,1.2033947706222534,2.6594762802124023,2.3983986377716064,2.119802713394165,1.88629949092865,1.539624571800232,1.2874091863632202,1.060154676437378,0.892135739326477,0.6721488833427429,0.5940828323364258,0.5479947924613953,0.3776359558105469,0.0,0.3708919882774353,0.5106839537620544,3.007840156555176,2.642627477645874,2.548081398010254,2.2720861434936523,1.965756893157959,1.9031436443328857,1.5231536626815796,1.5955182313919067,1.7055680751800537,1.3878397941589355,1.1960744857788086,1.50027334690094,1.4933024644851685,1.1528152227401733,1.3642730712890625,2.8584790229797363,2.5290026664733887,2.4584145545959473,2.295884609222412,1.9273024797439575,1.9537792205810547,1.6283082962036133,1.7934092283248901,1.7190970182418823,1.349250316619873,1.393166422843933,1.6540069580078125,1.4516586065292358,1.2252999544143677,1.5612502098083496,2.8626315593719482,2.5350728034973145,2.312753677368164,1.9837608337402344,1.7001299858093262,1.4618550539016724,1.1317168474197388,0.9647439122200012,1.1038249731063843,0.9586938619613647,0.5860959887504578,0.7401638627052307,0.9001641869544983,0.6537893414497375,0.7206358313560486
