,A1,A2,A3,A4,A5,A6,A7,A8,A9,A10,A11,A12,A13,A14,A15,B1,B2,B3,B4,B5,B6,B7,B8,B9,B10,B11,B12,B13,B14,B15,C1,C2,C3,C4,C5,C6,C7,C8,C9,C10,C11,C12,C13,C14,C15,D1,D2,D3,D4,D5,D6,D7,D8,D9,D10,D11,D12,D13,D14,D15,E1,E2,E3,E4,E5,E6,E7,E8,E9,E10,E11,E12,E13,E14,E15
A1,0.0,0.37811580300331116,0.5960453748703003,0.9323644042015076,1.1985634565353394,1.5153549909591675,1.7701860666275024,2.062779426574707,2.0753281116485596,2.0994715690612793,2.4086623191833496,2.5824363231658936,2.7114291191101074,2.8306844234466553,3.090263843536377,0.7599466443061829,0.7261592745780945,0.7845984101295471,0.8213005661964417,1.2072510719299316,1.4179788827896118,1.6702630519866943,1.9070690870285034,2.0548338890075684,2.1213431358337402,2.3343770503997803,2.5134782791137695,2.7306010723114014,2.8183999061584473,3.0415332317352295,1.2137012481689453,1.0547115802764893,1.2812625169754028,1.219153881072998,1.4934337139129639,1.749707818031311,1.8519001007080078,2.1457557678222656,2.349820137023926,2.300126075744629,2.4628260135650635,2.7288107872009277,2.927767515182495,2.9224822521209717,3.191134214401245,1.179201364517212,1.03317129611969,1.3860983848571777,1.4554471969604492,1.627443790435791,1.9770995378494263,2.0348129272460938,2.3957905769348145,2.50821852684021,2.3772647380828857,2.6088969707489014,2.9002742767333984,3.002699375152588,2.9951047897338867,3.338353157043457,0.7452999353408813,0.7350178956985474,1.1019964218139648,1.34762704372406,1.4972050189971924,1.8773726224899292,2.008810520172119,2.3690505027770996,2.384153127670288,2.28983211517334,2.5936005115509033,2.832981824874878,2.89786958694458,2.9469451904296875,3.3342461585998535
A2,0.37811580300331116,0.0,0.39051294326782227,0.6508032083511353,0.8827818036079407,1.232574462890625,1.444093108177185,1.7631306648254395,1.7980729341506958,1.7858659029006958,2.083211898803711,2.2861218452453613,2.416546583175659,2.5071473121643066,2.775068998336792,0.7196726202964783,0.49902817606925964,0.5702850818634033,0.544177234172821,0.8961493968963623,1.158232569694519,1.3675732612609863,1.6477687358856201,1.7888284921646118,1.809640645980835,2.033733367919922,2.2419419288635254,2.4360671043395996,2.5057742595672607,2.754082202911377,1.055020809173584,0.7995308637619019,1.005990743637085,0.9195934534072876,1.1486724615097046,1.4313586950302124,1.5174734592437744,1.836384892463684,2.015883445739746,1.9478175640106201,2.132138729095459,2.4032511711120605,2.5817410945892334,2.5836105346679688,2.8676562309265137,1.024324655532837,0.7773386240005493,1.0876020193099976,1.1210856437683105,1.258691668510437,1.6107878684997559,1.662005066871643,2.027017116546631,2.131359338760376,2.000764846801758,2.2388033866882324,2.525554656982422,2.6274476051330566,2.62847900390625,2.970348358154297,0.6946234703063965,0.49459755420684814,0.8405144214630127,1.0231248140335083,1.1456806659698486,1.5286167860031128,1.640230417251587,2.004852294921875,2.036639451980591,1.934559941291809,2.2264761924743652,2.4745736122131348,2.551283597946167,2.5900681018829346,2.9730706214904785
A3,0.5960453748703003,0.39051294326782227,0.0,0.3861175775527954,0.629849374294281,0.9211156368255615,1.1964565515518188,1.4709750413894653,1.4890742301940918,1.5372437238693237,1.835213303565979,1.9949065446853638,2.14388108253479,2.2706098556518555,2.5104682445526123,1.0976839065551758,0.8433089852333069,0.7947273254394531,0.5511781573295593,0.8504780530929565,1.0090985298156738,1.1800976991653442,1.4184706211090088,1.6299116611480713,1.6623650789260864,1.8228403329849243,2.0352540016174316,2.2693800926208496,2.3122310638427734,2.529820203781128,1.402429461479187,1.1039711236953735,1.2822294235229492,1.12637460231781,1.2514668703079224,1.5078637599945068,1.4964029788970947,1.8198444843292236,2.0249664783477783,1.899497389793396,2.041391134262085,2.349764347076416,2.5147783756256104,2.4636850357055664,2.7578392028808594,1.2299833297729492,0.9708219170570374,1.249655842781067,1.2926738262176514,1.3220317363739014,1.684452772140503,1.6776808500289917,2.0596861839294434,2.1220688819885254,1.9362863302230835,2.1874754428863525,2.4892773628234863,2.539444923400879,2.5209574699401855,2.888139009475708,0.7434766888618469,0.5501605868339539,0.7635432481765747,0.9965479969978333,1.0267137289047241,1.4035159349441528,1.5257728099822998,1.8811264038085938,1.8433430194854736,1.7494001388549805,2.080934524536133,2.297283411026001,2.338470935821533,2.41426682472229,2.803422451019287
A4,0.9323644042015076,0.6508032083511353,0.3861175775527954,0.0,0.39011988043785095,0.6343196630477905,0.8939782977104187,1.162592887878418,1.2573403120040894,1.306679129600525,1.5530952215194702,1.7303314208984375,1.9221289157867432,2.0193631649017334,2.2349021434783936,1.325804591178894,1.0031813383102417,1.003416657447815,0.7188761830329895,0.8643592000007629,1.0291143655776978,1.0706955194473267,1.343542456626892,1.5849599838256836,1.540813684463501,1.6673449277877808,1.9331821203231812,2.1499240398406982,2.1365966796875,2.374833822250366,1.4585785865783691,1.1248821020126343,1.3029829263687134,1.1696839332580566,1.1870250701904297,1.4731249809265137,1.4046255350112915,1.7608369588851929,1.9178227186203003,1.7350417375564575,1.9025404453277588,2.230018138885498,2.3428328037261963,2.2814671993255615,2.609344244003296,1.1675372123718262,0.886647641658783,1.087653636932373,1.1550227403640747,1.1043087244033813,1.473652720451355,1.4703656435012817,1.8537113666534424,1.8573185205459595,1.667702555656433,1.958266019821167,2.2388129234313965,2.2556586265563965,2.266507387161255,2.642277479171753,0.7737758755683899,0.5074582695960999,0.4997607171535492,0.6964597702026367,0.6775904297828674,1.0384244918823242,1.1964130401611328,1.531174659729004,1.4851150512695312,1.4316545724868774,1.7674661874771118,1.9574410915374756,2.0224902629852295,2.1245944499969482,2.4992728233337402
A5,1.1985634565353394,0.8827818036079407,0.629849374294281,0.39011988043785095,0.0,0.38994860649108887,0.5737813115119934,0.8893169164657593,0.9347659349441528,0.9349544048309326,1.2134639024734497,1.4065886735916138,1.5637449026107788,1.6575140953063965,1.9003885984420776,1.4743868112564087,1.1222567558288574,1.022861123085022,0.6750636696815491,0.6363124251365662,0.7316117286682129,0.6938952207565308,0.9801234602928162,1.2219282388687134,1.1588118076324463,1.2785588502883911,1.5515801906585693,1.761959195137024,1.7477855682373047,1.9901920557022095,1.6217888593673706,1.2537323236465454,1.3217897415161133,1.105717658996582,1.0171058177947998,1.2377197742462158,1.0929254293441772,1.4367399215698242,1.6059515476226807,1.3989157676696777,1.5340988636016846,1.8730920553207397,1.986379623413086,1.9050437211990356,2.229149103164673,1.4501490592956543,1.1185656785964966,1.217543125152588,1.1744654178619385,1.0133287906646729,1.3285714387893677,1.2333731651306152,1.6121729612350464,1.6257054805755615,1.3855445384979248,1.6451648473739624,1.9494919776916504,1.9555171728134155,1.9281556606292725,2.309239625930786,1.1555943489074707,0.8465171456336975,0.7884089946746826,0.817243218421936,0.6041358709335327,0.9305750727653503,0.9750684499740601,1.3269017934799194,1.2540919780731201,1.1281602382659912,1.4713799953460693,1.6853437423706055,1.7106047868728638,1.7882933616638184,2.1777143478393555
A6,1.5153549909591675,1.232574462890625,0.9211156368255615,0.6343196630477905,0.38994860649108887,0.0,0.3773545026779175,0.5521949529647827,0.636965274810791,0.7531944513320923,0.9719551205635071,1.103753924369812,1.3185700178146362,1.441392183303833,1.6247437000274658,1.8587076663970947,1.5080114603042603,1.4068760871887207,1.0442479848861694,0.960485577583313,0.9342288970947266,0.7736479640007019,0.9594030380249023,1.274139165878296,1.1880865097045898,1.186087965965271,1.4788339138031006,1.7141609191894531,1.6348254680633545,1.8416218757629395,1.9746308326721191,1.608939290046692,1.6830015182495117,1.4724416732788086,1.3266499042510986,1.5105303525924683,1.2875564098358154,1.6038845777511597,1.7596766948699951,1.4905636310577393,1.5795389413833618,1.9417046308517456,2.009357452392578,1.869225025177002,2.2070536613464355,1.7071821689605713,1.407155990600586,1.4759135246276855,1.4635294675827026,1.23783540725708,1.5181502103805542,1.3885096311569214,1.7419384717941284,1.6857506036758423,1.4059176445007324,1.6778473854064941,1.9668996334075928,1.8989537954330444,1.8662937879562378,2.2640721797943115,1.3755086660385132,1.1198070049285889,0.9544250965118408,0.9837965965270996,0.698103129863739,0.8947729468345642,0.9542171955108643,1.2339749336242676,1.056530475616455,0.9753137826919556,1.354184627532959,1.4976327419281006,1.4855824708938599,1.627405047416687,2.004359722137451
A7,1.7701860666275024,1.444093108177185,1.1964565515518188,0.8939782977104187,0.5737813115119934,0.3773545026779175,0.0,0.38491660356521606,0.5400892496109009,0.49322062730789185,0.6622071266174316,0.8904158473014832,1.0926334857940674,1.1404714584350586,1.3536288738250732,1.9849108457565308,1.6145806312561035,1.5146360397338867,1.1828476190567017,0.9790303111076355,0.9613151550292969,0.6750161051750183,0.8934088349342346,1.1504430770874023,0.9656899571418762,0.9587379693984985,1.3002489805221558,1.4741913080215454,1.3559151887893677,1.6093087196350098,2.0272433757781982,1.6552273035049438,1.6648457050323486,1.453128695487976,1.215193510055542,1.361079454421997,1.0897125005722046,1.3954726457595825,1.496669888496399,1.1892986297607422,1.2932440042495728,1.6532806158065796,1.6775141954421997,1.5416606664657593,1.9003649950027466,1.8229743242263794,1.5018649101257324,1.473969578742981,1.3991743326187134,1.0940738916397095,1.2977805137634277,1.1190882921218872,1.440548300743103,1.3593958616256714,1.0566779375076294,1.325698733329773,1.6060670614242554,1.5238958597183228,1.4935624599456787,1.8916594982147217,1.6251307725906372,1.3234771490097046,1.1260517835617065,1.0197021961212158,0.6473321914672852,0.7231528162956238,0.6575668454170227,0.922553539276123,0.7492292523384094,0.6053873300552368,0.9819527864456177,1.150641679763794,1.1462233066558838,1.2626197338104248,1.6424483060836792
A8,2.062779426574707,1.7631306648254395,1.4709750413894653,1.162592887878418,0.8893169164657593,0.5521949529647827,0.38491660356521606,0.0,0.3799706995487213,0.5196280479431152,0.5149844884872437,0.614161491394043,0.9097843766212463,0.9969116449356079,1.1096680164337158,2.3462202548980713,1.979748249053955,1.874361276626587,1.523460865020752,1.3340020179748535,1.2466131448745728,0.9406693577766418,1.0285985469818115,1.326143741607666,1.153060793876648,1.0098527669906616,1.3362561464309692,1.5300043821334839,1.343607783317566,1.535390853881836,2.3883938789367676,2.0203049182891846,2.046372413635254,1.8373675346374512,1.5931949615478516,1.7135329246520996,1.409541368484497,1.6704612970352173,1.7654142379760742,1.429136037826538,1.4717732667922974,1.8319989442825317,1.8136253356933594,1.6170637607574463,1.970730185508728,2.113161087036133,1.8202673196792603,1.7948253154754639,1.753488302230835,1.4369255304336548,1.6141116619110107,1.4259113073349,1.7043756246566772,1.566598653793335,1.2503762245178223,1.5031747817993164,1.750781536102295,1.5889418125152588,1.5495495796203613,1.9483920335769653,1.8685740232467651,1.6106516122817993,1.3712570667266846,1.2978301048278809,0.9420385956764221,0.9089620113372803,0.8747419118881226,1.0040457248687744,0.6978763341903687,0.6453015208244324,1.0134737491607666,1.0636714696884155,0.9931066036224365,1.200319528579712,1.5468844175338745
A9,2.0753281116485596,1.7980729341506958,1.4890742301940918,1.2573403120040894,0.9347659349441528,0.636965274810791,0.5400892496109009,0.3799706995487213,0.0,0.36873191595077515,0.541002631187439,0.5274460315704346,0.7069496512413025,0.9084343314170837,1.0697191953659058,2.3675899505615234,2.018460273742676,1.8423885107040405,1.4754619598388672,1.265485167503357,1.072017788887024,0.7767220735549927,0.7326269149780273,1.0617586374282837,0.9674089550971985,0.7632393836975098,1.035083293914795,1.2889690399169922,1.1466872692108154,1.2810628414154053,2.5097298622131348,2.1337203979492188,2.1229920387268066,1.8563247919082642,1.624068021774292,1.6753036975860596,1.3457001447677612,1.5484375953674316,1.7094589471817017,1.3994441032409668,1.3503090143203735,1.7131091356277466,1.748398780822754,1.5125401020050049,1.8215278387069702,2.3146040439605713,1.9966862201690674,2.0039260387420654,1.918237566947937,1.6131954193115234,1.7796193361282349,1.5357571840286255,1.8114770650863647,1.7376439571380615,1.388988733291626,1.5644021034240723,1.8546452522277832,1.7113564014434814,1.5910040140151978,1.985287070274353,2.0108449459075928,1.7463806867599487,1.576192855834961,1.536348581314087,1.1787135601043701,1.2218314409255981,1.1251401901245117,1.296294927597046,1.0111207962036133,0.8440068364143372,1.1889652013778687,1.2810112237930298,1.1157411336898804,1.266387701034546,1.637155532836914
A10,2.0994715690612793,1.7858659029006958,1.5372437238693237,1.306679129600525,0.9349544048309326,0.7531944513320923,0.49322062730789185,0.5196280479431152,0.36873191595077515,0.0,0.3900843560695648,0.585086464881897,0.6495828628540039,0.7359087467193604,1.0133817195892334,2.2711305618286133,1.915666937828064,1.7358148097991943,1.4052456617355347,1.1165152788162231,0.9529860615730286,0.587956964969635,0.6183953285217285,0.8462803959846497,0.6536877155303955,0.49906444549560547,0.8444722294807434,1.0249797105789185,0.8890678882598877,1.117552399635315,2.378405809402466,2.003213405609131,1.9348605871200562,1.6616817712783813,1.380149245262146,1.3886535167694092,1.0366259813308716,1.2232210636138916,1.3545286655426025,1.0360007286071777,0.9950895309448242,1.359161138534546,1.3895610570907593,1.1770284175872803,1.5048010349273682,2.2751286029815674,1.933209776878357,1.8872590065002441,1.7403812408447266,1.4086778163909912,1.5148671865463257,1.2298775911331177,1.4790525436401367,1.4327877759933472,1.0729767084121704,1.211066722869873,1.517565131187439,1.4055917263031006,1.2655093669891357,1.6590776443481445,2.0697226524353027,1.75820791721344,1.6036180257797241,1.486764907836914,1.1074923276901245,1.1325496435165405,0.9315966367721558,1.1200587749481201,0.9063690900802612,0.6260151267051697,0.9326203465461731,1.1081011295318604,0.9574605822563171,1.0166300535202026,1.416704773902893
A11,2.4086623191833496,2.083211898803711,1.835213303565979,1.5530952215194702,1.2134639024734497,0.9719551205635071,0.6622071266174316,0.5149844884872437,0.541002631187439,0.3900843560695648,0.0,0.3699551522731781,0.5424066185951233,0.5017688274383545,0.7009179592132568,2.574361801147461,2.206411600112915,2.066946268081665,1.7464377880096436,1.4584509134292603,1.334725022315979,0.9623331427574158,0.9893231391906738,1.1763015985488892,0.9276781678199768,0.7117443680763245,1.0463117361068726,1.1484313011169434,0.8951087594032288,1.120739221572876,2.600471258163452,2.2319936752319336,2.172503709793091,1.939242959022522,1.6240525245666504,1.6452414989471436,1.2918972969055176,1.4628533124923706,1.5104632377624512,1.1542940139770508,1.1304651498794556,1.4634536504745483,1.392573595046997,1.1586148738861084,1.5104777812957764,2.43975830078125,2.1194424629211426,2.025420665740967,1.8996795415878296,1.5343092679977417,1.5921525955200195,1.3211561441421509,1.5085926055908203,1.3739114999771118,1.0245403051376343,1.1748265027999878,1.4116696119308472,1.2127504348754883,1.1061581373214722,1.4967252016067505,2.2837917804718018,1.982332468032837,1.7648169994354248,1.608516812324524,1.2237142324447632,1.1206244230270386,0.9122480750083923,0.9588677287101746,0.68152916431427,0.46249058842658997,0.7102399468421936,0.782153844833374,0.5890728235244751,0.732222855091095,1.0999870300292969
A12,2.5824363231658936,2.2861218452453613,1.9949065446853638,1.7303314208984375,1.4065886735916138,1.103753924369812,0.8904158473014832,0.614161491394043,0.5274460315704346,0.585086464881897,0.3699551522731781,0.0,0.3719424903392792,0.5203314423561096,0.5535527467727661,2.824265718460083,2.4636497497558594,2.300189971923828,1.952667236328125,1.6925671100616455,1.5050495862960815,1.1592198610305786,1.074219822883606,1.3067779541015625,1.138281226158142,0.8245934844017029,1.0745351314544678,1.234703540802002,0.966372013092041,1.0600745677947998,2.8995232582092285,2.5263822078704834,2.4854702949523926,2.234090566635132,1.9419852495193481,1.9508529901504517,1.5886565446853638,1.727781891822815,1.8153927326202393,1.473426103591919,1.38020658493042,1.7033900022506714,1.6436587572097778,1.3569848537445068,1.6586284637451172,2.699559211730957,2.3884458541870117,2.3303723335266113,2.228274345397949,1.875167727470398,1.9562263488769531,1.6853619813919067,1.8727668523788452,1.7372467517852783,1.3899779319763184,1.5131078958511353,1.7392114400863647,1.5091533660888672,1.373127818107605,1.739515781402588,2.4660911560058594,2.1947734355926514,1.976677417755127,1.8738491535186768,1.4974285364151,1.40885591506958,1.2539769411087036,1.2781217098236084,0.9488688707351685,0.8154658675193787,1.0383745431900024,1.017595648765564,0.7422497868537903,0.943021833896637,1.2480394840240479
A13,2.7114291191101074,2.416546583175659,2.14388108253479,1.9221289157867432,1.5637449026107788,1.3185700178146362,1.0926334857940674,0.9097843766212463,0.7069496512413025,0.6495828628540039,0.5424066185951233,0.3719424903392792,0.0,0.3612087368965149,0.5260865688323975,2.9016916751861572,2.5540735721588135,2.347978353500366,2.0165863037109375,1.7190648317337036,1.4840569496154785,1.148310661315918,0.9813296794891357,1.1346023082733154,0.9951596856117249,0.6232526302337646,0.7854969501495361,0.9234510064125061,0.6538115739822388,0.6899399161338806,3.020442008972168,2.6468498706817627,2.5563976764678955,2.2719900608062744,1.969666600227356,1.9047001600265503,1.5286545753479004,1.5853419303894043,1.691542148590088,1.3814773559570312,1.197195053100586,1.4886610507965088,1.451046347618103,1.1257390975952148,1.37175714969635,2.9088971614837646,2.5746893882751465,2.5109832286834717,2.358135461807251,2.0040462017059326,2.0439658164978027,1.7264490127563477,1.8772560358047485,1.7953773736953735,1.438202142715454,1.4658796787261963,1.709080696105957,1.5022891759872437,1.2841123342514038,1.6210988759994507,2.6841366291046143,2.3909153938293457,2.2140440940856934,2.0983726978302,1.7137799263000488,1.6547504663467407,1.4362006187438965,1.4829907417297363,1.2065941095352173,0.9851222634315491,1.1405959129333496,1.1778379678726196,0.8505437970161438,0.9243711233139038,1.229622483253479
A14,2.8306844234466553,2.5071473121643066,2.2706098556518555,2.0193631649017334,1.6575140953063965,1.441392183303833,1.1404714584350586,0.9969116449356079,0.9084343314170837,0.7359087467193604,0.5017688274383545,0.5203314423561096,0.3612087368965149,0.0,0.3965587317943573,2.947126865386963,2.5902602672576904,2.414149522781372,2.111619472503662,1.7829610109329224,1.6072237491607666,1.243025541305542,1.1623234748840332,1.2436802387237549,1.0089538097381592,0.7066176533699036,0.9189328551292419,0.9181398153305054,0.5743019580841064,0.7415654063224792,2.992591381072998,2.6282169818878174,2.5148911476135254,2.258439540863037,1.9185867309570312,1.8476110696792603,1.4762675762176514,1.5241583585739136,1.5491026639938354,1.2226661443710327,1.0742727518081665,1.3332325220108032,1.215275764465332,0.9042305946350098,1.191851019859314,2.9020650386810303,2.5698554515838623,2.4525537490844727,2.2807860374450684,1.9056280851364136,1.8848203420639038,1.5655239820480347,1.6565940380096436,1.5451525449752808,1.208314299583435,1.2062805891036987,1.4045571088790894,1.1693477630615234,0.9547154307365417,1.2836719751358032,2.7645914554595947,2.451066493988037,2.252960681915283,2.0786139965057373,1.6930168867111206,1.5732067823410034,1.3087407350540161,1.2917317152023315,1.062706470489502,0.834834098815918,0.8761763572692871,0.9072999358177185,0.5670287013053894,0.57490074634552,0.875882625579834
A15,3.090263843536377,2.775068998336792,2.5104682445526123,2.2349021434783936,1.9003885984420776,1.6247437000274658,1.3536288738250732,1.1096680164337158,1.0697191953659058,1.0133817195892334,0.7009179592132568,0.5535527467727661,0.5260865688323975,0.3965587317943573,0.0,3.262336254119873,2.898153066635132,2.738779306411743,2.417431354522705,2.1140804290771484,1.9357678890228271,1.5725914239883423,1.4757452011108398,1.6046786308288574,1.3927583694458008,1.067402720451355,1.2471692562103271,1.269731879234314,0.9200549125671387,0.965544581413269,3.286543607711792,2.921628952026367,2.8399250507354736,2.6000008583068848,2.2644684314727783,2.223403215408325,1.8546315431594849,1.9194750785827637,1.9328012466430664,1.5983293056488037,1.4670134782791138,1.7094131708145142,1.5555627346038818,1.2464252710342407,1.5014190673828125,3.120894193649292,2.810150384902954,2.694624185562134,2.5622739791870117,2.1826419830322266,2.174119710922241,1.8843430280685425,1.9682358503341675,1.800808310508728,1.4882221221923828,1.5201338529586792,1.6604199409484863,1.364822506904602,1.2047404050827026,1.4919804334640503,2.961664915084839,2.6741557121276855,2.438793420791626,2.2803568840026855,1.9018795490264893,1.73586905002594,1.5241830348968506,1.4332315921783447,1.1512929201126099,1.0402194261550903,1.065872311592102,0.9505476355552673,0.5814180970191956,0.737267017364502,0.8897128105163574
B1,0.7599466443061829,0.7196726202964783,1.0976839065551758,1.325804591178894,1.4743868112564087,1.8587076663970947,1.9849108457565308,2.3462202548980713,2.3675899505615234,2.2711305618286133,2.574361801147461,2.824265718460083,2.9016916751861572,2.947126865386963,3.262336254119873,0.0,0.3792437016963959,0.5901727080345154,0.9286695122718811,1.2009201049804688,1.5195437669754028,1.774207592010498,2.0691068172454834,2.0872347354888916,2.112536668777466,2.421172857284546,2.592644691467285,2.719053268432617,2.847263813018799,3.1246113777160645,0.7054603695869446,0.6711590886116028,0.7625446915626526,0.8142166137695312,1.1936804056167603,1.4227794408798218,1.6675325632095337,1.9179084300994873,2.059765100479126,2.113438129425049,2.3293063640594482,2.5140631198883057,2.7266125679016113,2.812687397003174,3.0507943630218506,1.1784884929656982,1.0085079669952393,1.231532335281372,1.1695574522018433,1.4444547891616821,1.6993746757507324,1.8056992292404175,2.1002118587493896,2.295483112335205,2.24727201461792,2.419635772705078,2.680295944213867,2.870270252227783,2.8772459030151367,3.160592794418335,1.2042385339736938,1.0553475618362427,1.4017819166183472,1.463567852973938,1.6290290355682373,1.980346918106079,2.029437303543091,2.3913493156433105,2.5104007720947266,2.371274948120117,2.590850830078125,2.8892385959625244,2.9931201934814453,2.9596383571624756,3.3287813663482666
B2,0.7261592745780945,0.49902817606925964,0.8433089852333069,1.0031813383102417,1.1222567558288574,1.5080114603042603,1.6145806312561035,1.979748249053955,2.018460273742676,1.915666937828064,2.206411600112915,2.4636497497558594,2.5540735721588135,2.5902602672576904,2.898153066635132,0.3792437016963959,0.0,0.3870972990989685,0.6462849378585815,0.8877856731414795,1.2368907928466797,1.4477404356002808,1.768128752708435,1.809658169746399,1.7992055416107178,2.0956692695617676,2.2966010570526123,2.423670768737793,2.5232884883880615,2.810612440109253,0.6921942830085754,0.4563845098018646,0.5631812214851379,0.551048219203949,0.8867751359939575,1.1665531396865845,1.366543173789978,1.6590778827667236,1.7921596765518188,1.8001692295074463,2.0275044441223145,2.2404520511627197,2.4291536808013916,2.498530626296997,2.761638641357422,1.0275355577468872,0.7587664127349854,0.9592829942703247,0.874433159828186,1.1011799573898315,1.3855328559875488,1.4754794836044312,1.7963968515396118,1.9652715921401978,1.8967620134353638,2.091437578201294,2.357637882232666,2.525374174118042,2.5371809005737305,2.8364007472991943,1.0374948978424072,0.7904331088066101,1.0961146354675293,1.12306547164917,1.2570748329162598,1.610293984413147,1.6546621322631836,2.0200483798980713,2.1316092014312744,1.9951585531234741,2.221500873565674,2.5141830444335938,2.619419574737549,2.596252679824829,2.9657881259918213
B3,0.7845984101295471,0.5702850818634033,0.7947273254394531,1.003416657447815,1.022861123085022,1.4068760871887207,1.5146360397338867,1.874361276626587,1.8423885107040405,1.7358148097991943,2.066946268081665,2.300189971923828,2.347978353500366,2.414149522781372,2.738779306411743,0.5901727080345154,0.3870972990989685,0.0,0.3877449929714203,0.6351532936096191,0.9314518570899963,1.206010103225708,1.484004020690918,1.504307746887207,1.5527148246765137,1.851987361907959,2.0095691680908203,2.1546168327331543,2.290095567703247,2.549734115600586,1.0591795444488525,0.8006594181060791,0.7638518214225769,0.5293876528739929,0.8276488780975342,1.0071395635604858,1.1746872663497925,1.4270682334899902,1.6294485330581665,1.6506308317184448,1.815888524055481,2.031669855117798,2.26094388961792,2.3040342330932617,2.538156509399414,1.3741158246994019,1.0689226388931274,1.2441550493240356,1.0925476551055908,1.2122883796691895,1.470150113105774,1.4607316255569458,1.787131428718567,1.9843692779541016,1.8587945699691772,2.0090363025665283,2.3136563301086426,2.47275972366333,2.4295969009399414,2.735464334487915,1.2459979057312012,0.9775385856628418,1.2565515041351318,1.2898296117782593,1.3156460523605347,1.6772310733795166,1.6631479263305664,2.0456154346466064,2.1130876541137695,1.9237091541290283,2.1661713123321533,2.4718801975250244,2.523594617843628,2.4852993488311768,2.8732287883758545
B4,0.8213005661964417,0.544177234172821,0.5511781573295593,0.7188761830329895,0.6750636696815491,1.0442479848861694,1.1828476190567017,1.523460865020752,1.4754619598388672,1.4052456617355347,1.7464377880096436,1.952667236328125,2.0165863037109375,2.111619472503662,2.417431354522705,0.9286695122718811,0.6462849378585815,0.3877449929714203,0.0,0.39146849513053894,0.6366856694221497,0.8969585299491882,1.166585087776184,1.261290431022644,1.3130801916122437,1.5626202821731567,1.7379519939422607,1.9248008728027344,2.0304934978485107,2.271371841430664,1.3090157508850098,0.9843419790267944,0.9878449440002441,0.7060233354568481,0.8400939106941223,1.0195846557617188,1.0564825534820557,1.3417242765426636,1.5727568864822388,1.517295002937317,1.6485439538955688,1.9168363809585571,2.128293752670288,2.116204261779785,2.372281789779663,1.4311856031417847,1.0958465337753296,1.2697521448135376,1.1457704305648804,1.1553934812545776,1.4446032047271729,1.3778953552246094,1.736883282661438,1.885019063949585,1.7003004550933838,1.8748657703399658,2.198996067047119,2.305445671081543,2.246502161026001,2.5846266746520996,1.176633596420288,0.8804359436035156,1.0874208211898804,1.1447365283966064,1.0898377895355225,1.4566497802734375,1.44675612449646,1.83115816116333,1.840536117553711,1.6514791250228882,1.935077428817749,2.217519521713257,2.240039825439453,2.234957695007324,2.6337978839874268
B5,1.2072510719299316,0.8961493968963623,0.8504780530929565,0.8643592000007629,0.6363124251365662,0.960485577583313,0.9790303111076355,1.3340020179748535,1.265485167503357,1.1165152788162231,1.4584509134292603,1.6925671100616455,1.7190648317337036,1.7829610109329224,2.1140804290771484,1.2009201049804688,0.8877856731414795,0.6351532936096191,0.39146849513053894,0.0,0.38887256383895874,0.577359676361084,0.8927009105682373,0.935196578502655,0.9400364756584167,1.2224504947662354,1.4105417728424072,1.5621839761734009,1.667864203453064,1.9317654371261597,1.47068452835083,1.1194641590118408,1.0166277885437012,0.6707808971405029,0.618649959564209,0.7205139398574829,0.6780123710632324,0.9732202887535095,1.2064515352249146,1.13521409034729,1.25758695602417,1.5311741828918457,1.738763451576233,1.726777195930481,1.984470248222351,1.624355673789978,1.2560368776321411,1.3198754787445068,1.1122550964355469,1.0099653005599976,1.2303130626678467,1.0805811882019043,1.4265673160552979,1.5880851745605469,1.3753912448883057,1.5135002136230469,1.8515576124191284,1.9590593576431274,1.8758059740066528,2.209048271179199,1.4606682062149048,1.1177948713302612,1.220841646194458,1.169077754020691,1.0042848587036133,1.3161145448684692,1.2129474878311157,1.5921891927719116,1.6062697172164917,1.3651677370071411,1.6213390827178955,1.9263463020324707,1.9314708709716797,1.8908421993255615,2.290147542953491
B6,1.4179788827896118,1.158232569694519,1.0090985298156738,1.0291143655776978,0.7316117286682129,0.9342288970947266,0.9613151550292969,1.2466131448745728,1.072017788887024,0.9529860615730286,1.334725022315979,1.5050495862960815,1.4840569496154785,1.6072237491607666,1.9357678890228271,1.5195437669754028,1.2368907928466797,0.9314518570899963,0.6366856694221497,0.38887256383895874,0.0,0.3792783319950104,0.5557987093925476,0.6379045844078064,0.757473349571228,0.978930652141571,1.1092042922973633,1.321708083152771,1.4512145519256592,1.6581592559814453,1.8522813320159912,1.5028297901153564,1.3999048471450806,1.0396623611450195,0.9479641914367676,0.9291819930076599,0.7630965113639832,0.9598512649536133,1.2652854919433594,1.1673027276992798,1.1675809621810913,1.463027834892273,1.6934047937393188,1.612890362739563,1.8401848077774048,1.9637764692306519,1.6011362075805664,1.6760016679763794,1.4806574583053589,1.3252034187316895,1.5146293640136719,1.2917400598526,1.6121392250061035,1.7577998638153076,1.4842851161956787,1.5780946016311646,1.9385000467300415,2.0020105838775635,1.8580257892608643,2.2014708518981934,1.7043559551239014,1.389709234237671,1.4616973400115967,1.4427191019058228,1.2112669944763184,1.4858613014221191,1.352076530456543,1.70528244972229,1.642859935760498,1.3683106899261475,1.645674228668213,1.9290430545806885,1.8590105772018433,1.8254141807556152,2.234699010848999
B7,1.6702630519866943,1.3675732612609863,1.1800976991653442,1.0706955194473267,0.6938952207565308,0.7736479640007019,0.6750161051750183,0.9406693577766418,0.7767220735549927,0.587956964969635,0.9623331427574158,1.1592198610305786,1.148310661315918,1.243025541305542,1.5725914239883423,1.774207592010498,1.4477404356002808,1.206010103225708,0.8969585299491882,0.577359676361084,0.3792783319950104,0.0,0.38521063327789307,0.5389905571937561,0.4954543709754944,0.6690722703933716,0.8966318368911743,1.0931403636932373,1.1485086679458618,1.3888828754425049,1.9896291494369507,1.6212090253829956,1.5171141624450684,1.1879103183746338,0.9756677746772766,0.9594779014587402,0.6681442260742188,0.8910691738128662,1.135828971862793,0.939698338508606,0.9352544546127319,1.2781355381011963,1.4456238746643066,1.3287848234176636,1.6023977994918823,2.0272586345672607,1.6601344347000122,1.6692744493484497,1.4733686447143555,1.2269704341888428,1.3780370950698853,1.1086983680725098,1.4156910181045532,1.505397915840149,1.1930758953094482,1.2992078065872192,1.6563071012496948,1.674385666847229,1.5290292501449585,1.8923505544662476,1.8131482601165771,1.4800916910171509,1.4535459280014038,1.3724305629730225,1.0629258155822754,1.2580690383911133,1.0760644674301147,1.3965893983840942,1.306774377822876,1.0119409561157227,1.2912559509277344,1.5633213520050049,1.480260968208313,1.4545763731002808,1.865113615989685
B8,1.9070690870285034,1.6477687358856201,1.4184706211090088,1.343542456626892,0.9801234602928162,0.9594030380249023,0.8934088349342346,1.0285985469818115,0.7326269149780273,0.6183953285217285,0.9893231391906738,1.074219822883606,0.9813296794891357,1.1623234748840332,1.4757452011108398,2.0691068172454834,1.768128752708435,1.484004020690918,1.166585087776184,0.8927009105682373,0.5557987093925476,0.38521063327789307,0.0,0.38252022862434387,0.5231226682662964,0.5190850496292114,0.6252522468566895,0.9198564291000366,1.0057190656661987,1.148622751235962,2.3483667373657227,1.9837697744369507,1.8759738206863403,1.5276355743408203,1.3331698179244995,1.2505775690078735,0.9419096112251282,1.036792516708374,1.3230241537094116,1.1376875638961792,0.9962320923805237,1.3245887756347656,1.5098474025726318,1.3202662467956543,1.5368397235870361,2.3791160583496094,2.0179948806762695,2.0474021434783936,1.8581557273864746,1.6077203750610352,1.738411784172058,1.4398548603057861,1.706486701965332,1.7896616458892822,1.4510332345962524,1.499377727508545,1.855956792831421,1.8350238800048828,1.6295101642608643,1.9826573133468628,2.096423387527466,1.790847659111023,1.7657711505889893,1.7205880880355835,1.3989133834838867,1.5645657777786255,1.377148151397705,1.651366949081421,1.4967045783996582,1.1945462226867676,1.4650925397872925,1.696591854095459,1.5294642448425293,1.5099132061004639,1.9114329814910889
B9,2.0548338890075684,1.7888284921646118,1.6299116611480713,1.5849599838256836,1.2219282388687134,1.274139165878296,1.1504430770874023,1.326143741607666,1.0617586374282837,0.8462803959846497,1.1763015985488892,1.3067779541015625,1.1346023082733154,1.2436802387237549,1.6046786308288574,2.0872347354888916,1.809658169746399,1.504307746887207,1.261290431022644,0.935196578502655,0.6379045844078064,0.5389905571937561,0.38252022862434387,0.0,0.3694846034049988,0.5386726260185242,0.5234668254852295,0.7105149626731873,0.9152282476425171,1.087990164756775,2.3689608573913574,2.021718978881836,1.8430262804031372,1.479048252105713,1.2677394151687622,1.0780671834945679,0.781518280506134,0.7434830665588379,1.0655208826065063,0.9614450335502625,0.7546534538269043,1.0277199745178223,1.2766855955123901,1.1281894445419312,1.284596562385559,2.515894889831543,2.1426944732666016,2.1378393173217773,1.8884660005569458,1.646661400794983,1.708604097366333,1.3794705867767334,1.59050452709198,1.7398035526275635,1.4246302843093872,1.3809435367584229,1.7423807382583618,1.7760103940963745,1.5335626602172852,1.8411725759506226,2.3085062503814697,1.9789607524871826,1.9852017164230347,1.8949209451675415,1.5844615697860718,1.7413983345031738,1.4952783584594727,1.7660458087921143,1.6718261241912842,1.3288235664367676,1.5211374759674072,1.7971099615097046,1.634448766708374,1.5294264554977417,1.9169588088989258
B10,2.1213431358337402,1.809640645980835,1.6623650789260864,1.540813684463501,1.1588118076324463,1.1880865097045898,0.9656899571418762,1.153060793876648,0.9674089550971985,0.6536877155303955,0.9276781678199768,1.138281226158142,0.9951596856117249,1.0089538097381592,1.3927583694458008,2.112536668777466,1.7992055416107178,1.5527148246765137,1.3130801916122437,0.9400364756584167,0.757473349571228,0.4954543709754944,0.5231226682662964,0.3694846034049988,0.0,0.3893953859806061,0.5807965397834778,0.6419463157653809,0.7401902079582214,1.0290987491607666,2.2830028533935547,1.9295951128005981,1.7450475692749023,1.4174344539642334,1.127002239227295,0.9611491560935974,0.5974650382995605,0.6214943528175354,0.8400704264640808,0.6419094800949097,0.47863417863845825,0.8234372735023499,0.9999909400939941,0.8624739050865173,1.1091333627700806,2.40059494972229,2.027503490447998,1.963376522064209,1.7052615880966187,1.414469838142395,1.4318064451217651,1.0806502103805542,1.271300196647644,1.3899801969528198,1.065741777420044,1.0250518321990967,1.3856638669967651,1.4107739925384521,1.1854331493377686,1.5119322538375854,2.2717196941375732,1.9210150241851807,1.8731883764266968,1.7210992574691772,1.3864812850952148,1.4823296070098877,1.193760871887207,1.4363632202148438,1.3702784776687622,1.0122548341751099,1.1664828062057495,1.4605565071105957,1.327398657798767,1.198526382446289,1.5899052619934082
B11,2.3343770503997803,2.033733367919922,1.8228403329849243,1.6673449277877808,1.2785588502883911,1.186087965965271,0.9587379693984985,1.0098527669906616,0.7632393836975098,0.49906444549560547,0.7117443680763245,0.8245934844017029,0.6232526302337646,0.7066176533699036,1.067402720451355,2.421172857284546,2.0956692695617676,1.851987361907959,1.5626202821731567,1.2224504947662354,0.978930652141571,0.6690722703933716,0.5190850496292114,0.5386726260185242,0.3893953859806061,0.0,0.37045028805732727,0.5378873348236084,0.5030887722969055,0.7281294465065002,2.591634750366211,2.2261271476745605,2.0802767276763916,1.7610602378845215,1.4708267450332642,1.3428808450698853,0.9719852209091187,0.991909921169281,1.1691231727600098,0.9173852801322937,0.6958622336387634,1.0245449542999268,1.119146704673767,0.8631035089492798,1.1082500219345093,2.61938214302063,2.2562053203582764,2.200770139694214,1.9836671352386475,1.6635854244232178,1.6950218677520752,1.3467978239059448,1.5225597620010376,1.561888337135315,1.2055785655975342,1.18130362033844,1.5088549852371216,1.4380548000335693,1.1868799924850464,1.5291463136672974,2.4322285652160645,2.1028048992156982,2.0080950260162354,1.8783698081970215,1.5115807056427002,1.5554519891738892,1.284723162651062,1.4624022245407104,1.3042008876800537,0.967048704624176,1.1389946937561035,1.3539236783981323,1.1349719762802124,1.0590531826019287,1.4421937465667725
B12,2.5134782791137695,2.2419419288635254,2.0352540016174316,1.9331821203231812,1.5515801906585693,1.4788339138031006,1.3002489805221558,1.3362561464309692,1.035083293914795,0.8444722294807434,1.0463117361068726,1.0745351314544678,0.7854969501495361,0.9189328551292419,1.2471692562103271,2.592644691467285,2.2966010570526123,2.0095691680908203,1.7379519939422607,1.4105417728424072,1.1092042922973633,0.8966318368911743,0.6252522468566895,0.5234668254852295,0.5807965397834778,0.37045028805732727,0.0,0.37352126836776733,0.5240655541419983,0.5763842463493347,2.830949306488037,2.4734630584716797,2.3030059337615967,1.9571861028671265,1.696599006652832,1.5057600736618042,1.1627358198165894,1.0726035833358765,1.2993202209472656,1.1301319599151611,0.8126163482666016,1.0544757843017578,1.2107670307159424,0.9384629726409912,1.0506919622421265,2.912261724472046,2.543701171875,2.508471727371216,2.2730062007904053,1.9755237102508545,1.995496153831482,1.6365269422531128,1.7841812372207642,1.865829348564148,1.523308277130127,1.4327387809753418,1.753987431526184,1.701207160949707,1.4036197662353516,1.6919381618499756,2.6939470767974854,2.3714497089385986,2.3135671615600586,2.2066071033477783,1.851196050643921,1.9194774627685547,1.6482738256454468,1.8267959356307983,1.6679930686950684,1.3330131769180298,1.475762128829956,1.6801083087921143,1.4259382486343384,1.32144033908844,1.6667217016220093
B13,2.7306010723114014,2.4360671043395996,2.2693800926208496,2.1499240398406982,1.761959195137024,1.7141609191894531,1.4741913080215454,1.5300043821334839,1.2889690399169922,1.0249797105789185,1.1484313011169434,1.234703540802002,0.9234510064125061,0.9181398153305054,1.269731879234314,2.719053268432617,2.423670768737793,2.1546168327331543,1.9248008728027344,1.5621839761734009,1.321708083152771,1.0931403636932373,0.9198564291000366,0.7105149626731873,0.6419463157653809,0.5378873348236084,0.37352126836776733,0.0,0.3625105619430542,0.5230453610420227,2.9023213386535645,2.557586908340454,2.344874143600464,2.0169923305511475,1.719834327697754,1.4815850257873535,1.1498661041259766,0.9769673347473145,1.124337911605835,0.9875655770301819,0.6145169734954834,0.7639144659042358,0.8973882794380188,0.624004065990448,0.6786630153656006,3.0363752841949463,2.6646900177001953,2.5801706314086914,2.309931516647339,1.9995120763778687,1.9462486505508423,1.5706950426101685,1.6389802694320679,1.7378814220428467,1.424900770187378,1.2460376024246216,1.5369980335235596,1.506196141242981,1.1740800142288208,1.4047726392745972,2.8984251022338867,2.5545568466186523,2.487929105758667,2.3289918899536133,1.9735440015792847,2.000678300857544,1.6823115348815918,1.8219413757324219,1.7150349617004395,1.3660184144973755,1.411076545715332,1.6327264308929443,1.3911253213882446,1.2001234292984009,1.5044814348220825
