,A1,A2,A3,A4,A5,A6,A7,A8,A9,A10,A11,A12,A13,A14,A15,B1,B2,B3,B4,B5,B6,B7,B8,B9,B10,B11,B12,B13,B14,B15,C1,C2,C3,C4,C5,C6,C7,C8,C9,C10,C11,C12,C13,C14,C15,D1,D2,D3,D4,D5,D6,D7,D8,D9,D10,D11,D12,D13,D14,D15,E1,E2,E3,E4,E5,E6,E7,E8,E9,E10,E11,E12,E13,E14,E15
A1,0.0,0.3802931308746338,0.5864270925521851,0.9238461256027222,1.190427303314209,1.4767521619796753,1.7628811597824097,2.0189476013183594,2.04538893699646,2.1235814094543457,2.4040255546569824,2.5496418476104736,2.6721351146698,2.8408162593841553,3.1219749450683594,0.9768519997596741,0.841583788394928,0.9120194911956787,0.8733094334602356,1.2518202066421509,1.418704867362976,1.6574207544326782,1.8472696542739868,2.0376222133636475,2.1319305896759033,2.273893117904663,2.4455673694610596,2.67757511138916,2.774212598800659,3.052079439163208,1.5479423999786377,1.3065701723098755,1.5233807563781738,1.3964874744415283,1.637668251991272,1.8871208429336548,1.959905743598938,2.2362794876098633,2.46925687789917,2.429906129837036,2.544731378555298,2.821138381958008,3.0262837409973145,3.0246055126190186,3.306546926498413,1.4910444021224976,1.2836191654205322,1.6046642065048218,1.6180912256240845,1.7414268255233765,2.099149703979492,2.1396803855895996,2.4974746704101562,2.624662399291992,2.5011093616485596,2.7033119201660156,2.999525785446167,3.1064870357513428,3.1055474281311035,3.4310877323150635,0.8322808146476746,0.8110204339027405,1.1275362968444824,1.36245596408844,1.4833462238311768,1.8566784858703613,2.0208094120025635,2.362651824951172,2.367931842803955,2.3104286193847656,2.612189769744873,2.826785087585449,2.885021209716797,2.977487087249756,3.354846239089966
A2,0.3802931308746338,0.0,0.3814099431037903,0.6249269247055054,0.8842424750328064,1.2071410417556763,1.452673077583313,1.7392445802688599,1.797612190246582,1.8386839628219604,2.1040778160095215,2.2846152782440186,2.4137773513793945,2.549074172973633,2.8419692516326904,0.8999714255332947,0.6298856735229492,0.715848982334137,0.6124807596206665,0.9550884962081909,1.1824103593826294,1.379521131515503,1.6241732835769653,1.8054821491241455,1.849439263343811,2.0096819400787354,2.215223789215088,2.4207234382629395,2.4971745014190674,2.7994275093078613,1.3261502981185913,1.0281710624694824,1.2257386445999146,1.085388422012329,1.289504885673523,1.5659292936325073,1.6318079233169556,1.9345753192901611,2.141540288925171,2.0876736640930176,2.23018217086792,2.5086662769317627,2.6929514408111572,2.7012622356414795,2.998471736907959,1.2522318363189697,0.9845657348632812,1.2689839601516724,1.2589771747589111,1.3624299764633179,1.721843957901001,1.7664753198623657,2.125725746154785,2.246123790740967,2.130871534347534,2.340775489807129,2.6287856101989746,2.738629102706909,2.7514278888702393,3.072971820831299,0.7317017316818237,0.5454460978507996,0.8393203020095825,1.0144370794296265,1.126244068145752,1.5047911405563354,1.6568217277526855,2.002243995666504,2.0314407348632812,1.971659779548645,2.257274866104126,2.4816293716430664,2.5585052967071533,2.6402769088745117,3.011364698410034
A3,0.5864270925521851,0.3814099431037903,0.0,0.3821158707141876,0.6288055181503296,0.8905503153800964,1.188498616218567,1.4326313734054565,1.4719597101211548,1.5631240606307983,1.8278881311416626,1.970863938331604,2.1126911640167236,2.279055118560791,2.5481557846069336,1.2328829765319824,0.9322072267532349,0.894023597240448,0.6223924160003662,0.8948780298233032,1.027689814567566,1.1740217208862305,1.3778611421585083,1.6174403429031372,1.6644127368927002,1.7625733613967896,1.9739429950714111,2.211641311645508,2.2630083560943604,2.536076068878174,1.6365381479263306,1.3006495237350464,1.4417215585708618,1.228853702545166,1.33640456199646,1.582745909690857,1.559274435043335,1.8641058206558228,2.0924532413482666,1.98751699924469,2.090344190597534,2.399834632873535,2.5753018856048584,2.534075975418091,2.8347511291503906,1.4722068309783936,1.1887954473495483,1.417222261428833,1.3842369318008423,1.3799996376037598,1.737494707107544,1.7183152437210083,2.0945279598236084,2.185507297515869,2.013761520385742,2.2320621013641357,2.536862850189209,2.6042580604553223,2.58988618850708,2.932900905609131,0.8536451458930969,0.682218074798584,0.8178893327713013,1.0047023296356201,1.000771403312683,1.3676550388336182,1.510480284690857,1.851423978805542,1.817907691001892,1.7503458261489868,2.072187662124634,2.2738704681396484,2.31179141998291,2.417548656463623,2.7971372604370117
A4,0.9238461256027222,0.6249269247055054,0.3821158707141876,0.0,0.3928513526916504,0.6267465949058533,0.8919321298599243,1.1417018175125122,1.2561124563217163,1.3328825235366821,1.547593355178833,1.7216018438339233,1.9006720781326294,2.030367612838745,2.2920114994049072,1.416700005531311,1.0605323314666748,1.0480337142944336,0.7354684472084045,0.8576826453208923,1.0227574110031128,1.0481915473937988,1.3054739236831665,1.5552517175674438,1.5198991298675537,1.6023595333099365,1.8684948682785034,2.079949378967285,2.079329252243042,2.3674769401550293,1.6266756057739258,1.2678872346878052,1.3870387077331543,1.1836373805999756,1.1895188093185425,1.4646735191345215,1.3955823183059692,1.7375969886779785,1.920619010925293,1.7664026021957397,1.9022694826126099,2.225022077560425,2.354871988296509,2.3061532974243164,2.634749174118042,1.350515365600586,1.055335283279419,1.209213137626648,1.183868408203125,1.1038367748260498,1.463301420211792,1.4451314210891724,1.8261034488677979,1.8722922801971436,1.697656273841858,1.9510207176208496,2.237933874130249,2.281482696533203,2.2914671897888184,2.6395809650421143,0.8728458881378174,0.6266593933105469,0.5772008895874023,0.6988549828529358,0.6346538662910461,0.990026593208313,1.1539692878723145,1.4806383848190308,1.449181318283081,1.4103670120239258,1.7293452024459839,1.9155606031417847,1.9767863750457764,2.0987424850463867,2.4663383960723877
A5,1.190427303314209,0.8842424750328064,0.6288055181503296,0.3928513526916504,0.0,0.38386693596839905,0.576810896396637,0.881132185459137,0.9428807497024536,0.967231273651123,1.2209070920944214,1.4087029695510864,1.549111247062683,1.6746392250061035,1.9594309329986572,1.529083013534546,1.1654452085494995,1.0439770221710205,0.6799481511116028,0.6257975697517395,0.7159226536750793,0.665717601776123,0.9366951584815979,1.1838648319244385,1.131993293762207,1.2124000787734985,1.4836671352386475,1.6878482103347778,1.6900712251663208,1.9845685958862305,1.7444568872451782,1.3664987087249756,1.3775066137313843,1.0988012552261353,1.0122226476669312,1.214781641960144,1.074689269065857,1.400699496269226,1.6019270420074463,1.4311153888702393,1.5309333801269531,1.8628987073898315,2.001568078994751,1.93570077419281,2.2551324367523193,1.6004365682601929,1.263075590133667,1.3225135803222656,1.1913394927978516,1.0201408863067627,1.321084976196289,1.2099138498306274,1.5866878032684326,1.6541956663131714,1.4319485425949097,1.6468738317489624,1.9606239795684814,2.003249406814575,1.9709970951080322,2.3217315673828125,1.2574881315231323,0.9705162644386292,0.8853349089622498,0.8525134325027466,0.611185610294342,0.930057942867279,0.9637168645858765,1.3175429105758667,1.2706340551376343,1.1450655460357666,1.467118501663208,1.6878700256347656,1.7102690935134888,1.793859839439392,2.1776866912841797
A6,1.4767521619796753,1.2071410417556763,0.8905503153800964,0.6267465949058533,0.38386693596839905,0.0,0.3763297200202942,0.5429850816726685,0.6357419490814209,0.7671461701393127,0.965547502040863,1.0998097658157349,1.2942289113998413,1.4483674764633179,1.6835253238677979,1.9100401401519775,1.5468560457229614,1.4197142124176025,1.046506643295288,0.9509358406066895,0.9290841221809387,0.7525686621665955,0.9265667200088501,1.2333321571350098,1.1489354372024536,1.1080788373947144,1.4031593799591064,1.6296766996383667,1.5653746128082275,1.8138073682785034,2.0948007106781006,1.7184970378875732,1.7249045372009277,1.449750304222107,1.2986723184585571,1.463023066520691,1.239578127861023,1.54297935962677,1.7292182445526123,1.4912134408950806,1.5496060848236084,1.904958724975586,2.0034642219543457,1.873259425163269,2.20047926902771,1.849533200263977,1.5422793626785278,1.5692414045333862,1.4636105298995972,1.2187930345535278,1.480661392211914,1.324594497680664,1.6836683750152588,1.6865240335464478,1.4112554788589478,1.644680380821228,1.9497183561325073,1.9226770401000977,1.8722150325775146,2.242910146713257,1.4617997407913208,1.2276737689971924,1.047744870185852,1.026225209236145,0.7082131505012512,0.8969517350196838,0.9235171675682068,1.2142974138259888,1.0654429197311401,0.9565978050231934,1.3227542638778687,1.4839503765106201,1.4590638875961304,1.5947952270507812,1.975296139717102
A7,1.7628811597824097,1.452673077583313,1.188498616218567,0.8919321298599243,0.576810896396637,0.3763297200202942,0.0,0.3813171088695526,0.537479043006897,0.5050060749053955,0.660033643245697,0.889301598072052,1.0722548961639404,1.1505062580108643,1.4170955419540405,2.0399787425994873,1.6707720756530762,1.535034418106079,1.1894603967666626,0.9728439450263977,0.9555539488792419,0.6585614681243896,0.8714478611946106,1.114027500152588,0.9272068738937378,0.8916206359863281,1.234803557395935,1.397457242012024,1.2909542322158813,1.574235200881958,2.122835397720337,1.752097487449646,1.6937061548233032,1.4207406044006348,1.1767375469207764,1.2961841821670532,1.018052577972412,1.3146131038665771,1.4518972635269165,1.17277991771698,1.245597243309021,1.6009256839752197,1.661315679550171,1.529126763343811,1.8739798069000244,1.9286292791366577,1.6113225221633911,1.5487041473388672,1.3925052881240845,1.076516032218933,1.2571837902069092,1.0445436239242554,1.3757543563842773,1.361382007598877,1.0586025714874268,1.2850455045700073,1.5875061750411987,1.5515059232711792,1.4962642192840576,1.867142677307129,1.7118762731552124,1.4318580627441406,1.2201063632965088,1.078300952911377,0.6946951746940613,0.7670946717262268,0.6517574787139893,0.933826744556427,0.801629364490509,0.6111915707588196,0.9652940630912781,1.1620674133300781,1.1413664817810059,1.2393505573272705,1.624334692955017
A8,2.0189476013183594,1.7392445802688599,1.4326313734054565,1.1417018175125122,0.881132185459137,0.5429850816726685,0.3813171088695526,0.0,0.36767685413360596,0.5172628164291382,0.5069963932037354,0.6200815439224243,0.8982113599777222,1.015310287475586,1.1925445795059204,2.3940601348876953,2.024679183959961,1.8872394561767578,1.5259994268417358,1.3322206735610962,1.2558616399765015,0.9448683261871338,1.0348665714263916,1.309370756149292,1.129278302192688,0.96173095703125,1.2904239892959595,1.4717153310775757,1.2947537899017334,1.4991244077682495,2.4825525283813477,2.1133086681365967,2.0699665546417236,1.8019285202026367,1.5516281127929688,1.6508774757385254,1.3424770832061768,1.5969736576080322,1.7219114303588867,1.4066932201385498,1.4268242120742798,1.7821431159973145,1.8016159534454346,1.602120280265808,1.9376353025436401,2.2059786319732666,1.9173853397369385,1.855912446975708,1.7353947162628174,1.4027223587036133,1.5581860542297363,1.3369383811950684,1.6282533407211304,1.551910161972046,1.2216403484344482,1.4483726024627686,1.7205849885940552,1.6042603254318237,1.5290929079055786,1.9081164598464966,1.9256714582443237,1.6939067840576172,1.4404535293579102,1.3406327962875366,0.9663670063018799,0.9358442425727844,0.8504778146743774,1.0033928155899048,0.7376942038536072,0.6036762595176697,0.9753815531730652,1.0627551078796387,0.9633046388626099,1.1428775787353516,1.5082428455352783
A9,2.04538893699646,1.797612190246582,1.4719597101211548,1.2561124563217163,0.9428807497024536,0.6357419490814209,0.537479043006897,0.36767685413360596,0.0,0.3694920539855957,0.5306673049926758,0.5152893662452698,0.6834540963172913,0.9106379747390747,1.1050063371658325,2.419508695602417,2.0707223415374756,1.870984435081482,1.5057252645492554,1.3006343841552734,1.120559811592102,0.8185471892356873,0.7747610807418823,1.0720880031585693,0.9627371430397034,0.7193458080291748,0.9968496561050415,1.233485460281372,1.0936375856399536,1.2559345960617065,2.614579200744629,2.238556146621704,2.164720058441162,1.8516473770141602,1.6201754808425903,1.652223825454712,1.32290518283844,1.5133213996887207,1.6972013711929321,1.4107176065444946,1.337685465812683,1.6925562620162964,1.7636476755142212,1.5330920219421387,1.8221453428268433,2.4366531372070312,2.120546817779541,2.0823328495025635,1.9183785915374756,1.604193925857544,1.74851393699646,1.480236530303955,1.760968565940857,1.7429577112197876,1.3907064199447632,1.5381592512130737,1.8454201221466064,1.748942255973816,1.6012157201766968,1.9716979265213013,2.095536708831787,1.8598288297653198,1.6634917259216309,1.5856742858886719,1.2127327919006348,1.2530971765518188,1.1226027011871338,1.311532974243164,1.0686736106872559,0.850804328918457,1.1870094537734985,1.309448003768921,1.1355904340744019,1.248378038406372,1.6282778978347778
A10,2.1235814094543457,1.8386839628219604,1.5631240606307983,1.3328825235366821,0.967231273651123,0.7671461701393127,0.5050060749053955,0.5172628164291382,0.3694920539855957,0.0,0.3804689049720764,0.5583778023719788,0.6061923503875732,0.7177837491035461,1.019916296005249,2.343571662902832,1.9994404315948486,1.7886521816253662,1.4569591283798218,1.1722041368484497,1.0086658000946045,0.6467868685722351,0.6614917516708374,0.8577751517295837,0.6527982950210571,0.4503483772277832,0.7977259159088135,0.9574892520904541,0.8154026865959167,1.071305513381958,2.482769727706909,2.1165719032287598,1.9873361587524414,1.6732691526412964,1.395622730255127,1.3749302625656128,1.0195952653884888,1.184320092201233,1.3442150354385376,1.0510649681091309,0.9731561541557312,1.3289616107940674,1.3984580039978027,1.1861275434494019,1.4893938302993774,2.3989601135253906,2.064791440963745,1.976173758506775,1.7604421377182007,1.4298313856124878,1.5098503828048706,1.199497938156128,1.4469915628433228,1.4599534273147583,1.1014909744262695,1.1986011266708374,1.5219919681549072,1.4595805406570435,1.2911406755447388,1.65459406375885,2.187276840209961,1.9018824100494385,1.7185001373291016,1.5650362968444824,1.1804540157318115,1.2039519548416138,0.9731476306915283,1.1761971712112427,1.0100677013397217,0.6963611841201782,0.9706892371177673,1.1736618280410767,1.0204260349273682,1.0332221984863281,1.4312548637390137
A11,2.4040255546569824,2.1040778160095215,1.8278881311416626,1.547593355178833,1.2209070920944214,0.965547502040863,0.660033643245697,0.5069963932037354,0.5306673049926758,0.3804689049720764,0.0,0.36319106817245483,0.5426868200302124,0.5280676484107971,0.7646491527557373,2.635613441467285,2.277564525604248,2.103757381439209,1.7739460468292236,1.488788366317749,1.372044324874878,1.002742886543274,1.0374369621276855,1.200926661491394,0.9433518648147583,0.7234429121017456,1.0483887195587158,1.1336811780929565,0.8785791993141174,1.087881088256836,2.6808223724365234,2.323423385620117,2.2017152309417725,1.9242732524871826,1.608811616897583,1.6065869331359863,1.2476321458816528,1.4115424156188965,1.4875112771987915,1.1440935134887695,1.0997856855392456,1.4287879467010498,1.4001773595809937,1.1516568660736084,1.4779940843582153,2.513641834259033,2.208256483078003,2.0781502723693848,1.8922251462936401,1.5246074199676514,1.5594241619110107,1.2594554424285889,1.456066370010376,1.3797444105148315,1.0119717121124268,1.1397749185562134,1.4028778076171875,1.2554291486740112,1.1037511825561523,1.4754719734191895,2.356989622116089,2.0837011337280273,1.842430591583252,1.6644675731658936,1.2753140926361084,1.180282473564148,0.9366543889045715,1.012736439704895,0.7902864813804626,0.5011000633239746,0.7338787317276001,0.8547046184539795,0.6517617106437683,0.7179747223854065,1.1025515794754028
A12,2.5496418476104736,2.2846152782440186,1.970863938331604,1.7216018438339233,1.4087029695510864,1.0998097658157349,0.889301598072052,0.6200815439224243,0.5152893662452698,0.5583778023719788,0.36319106817245483,0.0,0.36334773898124695,0.5297008156776428,0.6095488667488098,2.870657205581665,2.5173306465148926,2.321787118911743,1.9724236726760864,1.7174687385559082,1.5403567552566528,1.1947005987167358,1.1213088035583496,1.3217862844467163,1.1385698318481445,0.8206225037574768,1.0649455785751343,1.2047024965286255,0.9369421601295471,1.0094003677368164,2.984151840209961,2.6180078983306885,2.5106618404388428,2.214214324951172,1.9230002164840698,1.9090619087219238,1.5445396900177002,1.6740330457687378,1.7855905294418335,1.4578757286071777,1.345737338066101,1.6623917818069458,1.6470297574996948,1.3492112159729004,1.6197748184204102,2.7906460762023926,2.488734722137451,2.389775037765503,2.2181735038757324,1.8598606586456299,1.9172590970993042,1.6179524660110474,1.813415288925171,1.7353832721710205,1.36801278591156,1.471496343612671,1.722867488861084,1.5443193912506104,1.3585796356201172,1.709933876991272,2.5367510318756104,2.2954277992248535,2.0558080673217773,1.9284124374389648,1.5418438911437988,1.4625335931777954,1.2678534984588623,1.3245705366134644,1.044569492340088,0.8276187777519226,1.052411437034607,1.0871009826660156,0.8024724721908569,0.9155859351158142,1.2469830513000488
A13,2.6721351146698,2.4137773513793945,2.1126911640167236,1.9006720781326294,1.549111247062683,1.2942289113998413,1.0722548961639404,0.8982113599777222,0.6834540963172913,0.6061923503875732,0.5426868200302124,0.36334773898124695,0.0,0.368914932012558,0.5264908075332642,2.921739101409912,2.588913917541504,2.3522088527679443,2.024038076400757,1.738580584526062,1.5100936889648438,1.177127718925476,1.0248215198516846,1.1516129970550537,0.9969362616539001,0.6366782188415527,0.7898736596107483,0.905292809009552,0.6356136798858643,0.6519711017608643,3.077815055847168,2.7155873775482178,2.565525531768799,2.246389389038086,1.9541614055633545,1.8690060377120972,1.495423674583435,1.542595624923706,1.6732425689697266,1.3796247243881226,1.179153561592102,1.4650973081588745,1.4805500507354736,1.155232310295105,1.3649652004241943,2.9878766536712646,2.662487268447876,2.5573253631591797,2.340195655822754,1.991686224937439,2.013636827468872,1.676342248916626,1.8355379104614258,1.8109827041625977,1.4418662786483765,1.4527283906936646,1.7205435037612915,1.5743237733840942,1.3183530569076538,1.63836669921875,2.7510578632354736,2.4871599674224854,2.284607172012329,2.1409201622009277,1.7511065006256104,1.706794023513794,1.4612491130828857,1.547612190246582,1.3202773332595825,1.038655400276184,1.2023289203643799,1.2953647375106812,0.9969977736473083,0.9825816750526428,1.3042515516281128
A14,2.8408162593841553,2.549074172973633,2.279055118560791,2.030367612838745,1.6746392250061035,1.4483674764633179,1.1505062580108643,1.015310287475586,0.9106379747390747,0.7177837491035461,0.5280676484107971,0.5297008156776428,0.368914932012558,0.0,0.38891690969467163,3.000762939453125,2.663926362991333,2.4488883018493652,2.144035577774048,1.8208186626434326,1.6446733474731445,1.2868027687072754,1.214353084564209,1.2678675651550293,1.024008870124817,0.7476788759231567,0.9336618185043335,0.9094249606132507,0.5618278384208679,0.6583191156387329,3.0618884563446045,2.7155375480651855,2.539482831954956,2.248338222503662,1.9152969121932983,1.8142166137695312,1.4405388832092285,1.4710235595703125,1.5217286348342896,1.2065709829330444,1.0327000617980957,1.282317876815796,1.2189620733261108,0.8816664814949036,1.121239423751831,2.9857959747314453,2.6685266494750977,2.5128660202026367,2.284562587738037,1.9182928800582886,1.8742923736572266,1.5307259559631348,1.6247129440307617,1.5731420516967773,1.2177855968475342,1.1906003952026367,1.4169260263442993,1.2462817430496216,0.9736866354942322,1.2819894552230835,2.8621482849121094,2.574864387512207,2.3532958030700684,2.1560118198394775,1.769031286239624,1.6669373512268066,1.372805118560791,1.3994054794311523,1.2194632291793823,0.9277704954147339,0.9758123755455017,1.072135090827942,0.7774419784545898,0.6645288467407227,0.9686741828918457
A15,3.1219749450683594,2.8419692516326904,2.5481557846069336,2.2920114994049072,1.9594309329986572,1.6835253238677979,1.4170955419540405,1.1925445795059204,1.1050063371658325,1.019916296005249,0.7646491527557373,0.6095488667488098,0.5264908075332642,0.38891690969467163,0.0,3.3498218059539795,3.0052242279052734,2.7970128059387207,2.4752957820892334,2.1719107627868652,1.9864712953567505,1.6314353942871094,1.5298994779586792,1.6153393983840942,1.4006010293960571,1.0909837484359741,1.2309423685073853,1.2260422706604004,0.8792150020599365,0.8044888973236084,3.4074554443359375,3.057711124420166,2.900315999984741,2.614546298980713,2.282210111618042,2.198269844055176,1.8248391151428223,1.8586395978927612,1.8983078002929688,1.578918218612671,1.4096794128417969,1.6315290927886963,1.5311192274093628,1.1795068979263306,1.3650835752487183,3.2651307582855225,2.9649407863616943,2.81170654296875,2.6112444400787354,2.2351815700531006,2.196290969848633,1.870042085647583,1.9525601863861084,1.852924108505249,1.5094422101974487,1.5040061473846436,1.6758641004562378,1.4412811994552612,1.1881240606307983,1.4558519124984741,3.1062428951263428,2.844454288482666,2.5962069034576416,2.419809341430664,2.0334620475769043,1.893959403038025,1.6350972652435303,1.5979944467544556,1.3662357330322266,1.1513069868087769,1.1840039491653442,1.162175178527832,0.8111532330513,0.7837067246437073,0.9671461582183838
B1,0.9768519997596741,0.8999714255332947,1.2328829765319824,1.416700005531311,1.529083013534546,1.9100401401519775,2.0399787425994873,2.3940601348876953,2.419508695602417,2.343571662902832,2.635613441467285,2.870657205581665,2.921739101409912,3.000762939453125,3.3498218059539795,0.0,0.3814027011394501,0.5877184867858887,0.9276022911071777,1.18867826461792,1.4729247093200684,1.753883957862854,2.013659954071045,2.0379512310028076,2.1059060096740723,2.3864288330078125,2.5321311950683594,2.6556859016418457,2.8139398097991943,3.1566965579986572,0.8725316524505615,0.7711716294288635,0.8900547027587891,0.9000315070152283,1.2832989692687988,1.4800139665603638,1.7288413047790527,1.936922550201416,2.110848903656006,2.2071242332458496,2.3747920989990234,2.5501956939697266,2.7781357765197754,2.892043352127075,3.1350576877593994,1.4238704442977905,1.1902532577514648,1.4127124547958374,1.312461495399475,1.5784974098205566,1.8297926187515259,1.9271458387374878,2.1956636905670166,2.421576976776123,2.401134967803955,2.5184237957000732,2.7802367210388184,2.992903470993042,3.0127193927764893,3.2653298377990723,1.4008255004882812,1.197425127029419,1.5252139568328857,1.5426838397979736,1.6960355043411255,2.0489542484283447,2.109886884689331,2.462409257888794,2.5938282012939453,2.479055404663086,2.67655086517334,2.968825578689575,3.0766539573669434,3.0657997131347656,3.4208528995513916
B2,0.841583788394928,0.6298856735229492,0.9322072267532349,1.0605323314666748,1.1654452085494995,1.5468560457229614,1.6707720756530762,2.024679183959961,2.0707223415374756,1.9994404315948486,2.277564525604248,2.5173306465148926,2.588913917541504,2.663926362991333,3.0052242279052734,0.3814027011394501,0.0,0.37974199652671814,0.6244825124740601,0.8791391849517822,1.199485421180725,1.4402694702148438,1.7287932634353638,1.7861480712890625,1.818562388420105,2.081789493560791,2.2618625164031982,2.392681360244751,2.5183498859405518,2.864549160003662,0.84869784116745,0.5900948643684387,0.7194762229919434,0.6519586443901062,0.9959858655929565,1.2443349361419678,1.4472569227218628,1.703389286994934,1.8751094341278076,1.9219828844070435,2.1008071899414062,2.309019088745117,2.515069007873535,2.605367660522461,2.873783588409424,1.2252776622772217,0.9268618822097778,1.1366769075393677,1.0220086574554443,1.243931770324707,1.5273449420928955,1.6111801862716675,1.9105541706085205,2.1100707054138184,2.0673887729644775,2.212089776992798,2.480847120285034,2.669149875640869,2.692612648010254,2.9636340141296387,1.169236421585083,0.8993403911590576,1.1895784139633179,1.1863377094268799,1.3172184228897095,1.6745753288269043,1.7403417825698853,2.0956952571868896,2.216275691986084,2.108757257461548,2.3175830841064453,2.600795269012451,2.7088122367858887,2.713348388671875,3.0702931880950928
B3,0.9120194911956787,0.715848982334137,0.894023597240448,1.0480337142944336,1.0439770221710205,1.4197142124176025,1.535034418106079,1.8872394561767578,1.870984435081482,1.7886521816253662,2.103757381439209,2.321787118911743,2.3522088527679443,2.4488883018493652,2.7970128059387207,0.5877184867858887,0.37974199652671814,0.0,0.38271328806877136,0.6287789940834045,0.8856809139251709,1.180018663406372,1.4262521266937256,1.4631876945495605,1.5459182262420654,1.8106011152267456,1.9515886306762695,2.094257354736328,2.251646041870117,2.5822086334228516,1.1616584062576294,0.8788937330245972,0.8612566590309143,0.6226477026939392,0.9249916672706604,1.0802329778671265,1.2482742071151733,1.4619888067245483,1.6908624172210693,1.748846173286438,1.8692296743392944,2.079428195953369,2.3209707736968994,2.3908772468566895,2.6333155632019043,1.5505540370941162,1.2152551412582397,1.3709169626235962,1.1766401529312134,1.3059636354446411,1.5610870122909546,1.5560003519058228,1.8580942153930664,2.0847558975219727,1.9920169115066528,2.0949807167053223,2.39711856842041,2.581606388092041,2.5552356243133545,2.8307693004608154,1.3918498754501343,1.1068655252456665,1.3446794748306274,1.323612093925476,1.3453011512756348,1.7076090574264526,1.711154818534851,2.086428165435791,2.173330307006836,2.011026382446289,2.2327823638916016,2.532407522201538,2.594752788543701,2.5773565769195557,2.950185537338257
B4,0.8733094334602356,0.6124807596206665,0.6223924160003662,0.7354684472084045,0.6799481511116028,1.046506643295288,1.1894603967666626,1.5259994268417358,1.5057252645492554,1.4569591283798218,1.7739460468292236,1.9724236726760864,2.024038076400757,2.144035577774048,2.4752957820892334,0.9276022911071777,0.6244825124740601,0.38271328806877136,0.0,0.3893139362335205,0.6181116700172424,0.8799325823783875,1.1294208765029907,1.2404667139053345,1.3102167844772339,1.5236648321151733,1.6936044692993164,1.872488021850586,1.9947768449783325,2.310671806335449,1.3859235048294067,1.042052984237671,1.033780813217163,0.7299731969833374,0.8856220841407776,1.0565104484558105,1.1077425479888916,1.3641700744628906,1.6134425401687622,1.5961799621582031,1.6941481828689575,1.9547789096832275,2.1781022548675537,2.1957550048828125,2.4600110054016113,1.5694572925567627,1.2129987478256226,1.3511812686920166,1.1647279262542725,1.1871997117996216,1.4719158411026,1.415061354637146,1.7557635307312012,1.940657377243042,1.7928168773651123,1.9250726699829102,2.245593786239624,2.384456157684326,2.343090534210205,2.648930311203003,1.2874459028244019,0.9889892339706421,1.1483417749404907,1.1392573118209839,1.0820281505584717,1.4492266178131104,1.4553241729736328,1.8349841833114624,1.873853087425232,1.7103079557418823,1.9698989391326904,2.2500622272491455,2.2879655361175537,2.2988345623016357,2.682751178741455
B5,1.2518202066421509,0.9550884962081909,0.8948780298233032,0.8576826453208923,0.6257975697517395,0.9509358406066895,0.9728439450263977,1.3322206735610962,1.3006343841552734,1.1722041368484497,1.488788366317749,1.7174687385559082,1.738580584526062,1.8208186626434326,2.1719107627868652,1.18867826461792,0.8791391849517822,0.6287789940834045,0.3893139362335205,0.0,0.3847530782222748,0.5694921016693115,0.8782767057418823,0.9369567036628723,0.9507647156715393,1.2040919065475464,1.3913357257843018,1.5297619104385376,1.6467751264572144,1.9858731031417847,1.4870742559432983,1.132001280784607,1.0092185735702515,0.6429648995399475,0.6327834129333496,0.7335335612297058,0.7245769500732422,0.9902046322822571,1.2401127815246582,1.2119789123535156,1.3067506551742554,1.5697439908981323,1.7892251014709473,1.8105037212371826,2.0760364532470703,1.696824073791504,1.3188996315002441,1.348442792892456,1.0832456350326538,1.0108522176742554,1.228601336479187,1.0998505353927612,1.4275243282318115,1.6293764114379883,1.461963415145874,1.5595674514770508,1.8909544944763184,2.036348581314087,1.9761759042739868,2.2745604515075684,1.5470041036605835,1.2068220376968384,1.2668282985687256,1.1494972705841064,0.991213321685791,1.3053438663482666,1.2174224853515625,1.5967693328857422,1.6490936279296875,1.43550705909729,1.6636186838150024,1.9694088697433472,1.997882604598999,1.9690276384353638,2.3503544330596924
B6,1.418704867362976,1.1824103593826294,1.027689814567566,1.0227574110031128,0.7159226536750793,0.9290841221809387,0.9555539488792419,1.2558616399765015,1.120559811592102,1.0086658000946045,1.372044324874878,1.5403567552566528,1.5100936889648438,1.6446733474731445,1.9864712953567505,1.4729247093200684,1.199485421180725,0.8856809139251709,0.6181116700172424,0.3847530782222748,0.0,0.3750179708003998,0.5421290993690491,0.6274824142456055,0.7526391744613647,0.9532910585403442,1.0812857151031494,1.2727468013763428,1.4213943481445312,1.719093680381775,1.862862229347229,1.5127259492874146,1.377133846282959,1.0000460147857666,0.9454417824745178,0.9206867814064026,0.7951169013977051,0.9626920819282532,1.2813382148742676,1.2337442636489868,1.21309232711792,1.4923591613769531,1.742875576019287,1.7059252262115479,1.9363728761672974,2.054861307144165,1.6801540851593018,1.7111073732376099,1.446980595588684,1.3181644678115845,1.4995282888412476,1.29119074344635,1.597334384918213,1.7924243211746216,1.562104344367981,1.616252064704895,1.9729617834091187,2.0858099460601807,1.9616316556930542,2.2686734199523926,1.79732346534729,1.4894574880599976,1.5236785411834717,1.4380450248718262,1.210374355316162,1.4910916090011597,1.3625872135162354,1.725993275642395,1.711578130722046,1.4517143964767456,1.7023978233337402,1.997218132019043,1.9558722972869873,1.9188811779022217,2.3128879070281982
B7,1.6574207544326782,1.379521131515503,1.1740217208862305,1.0481915473937988,0.665717601776123,0.7525686621665955,0.6585614681243896,0.9448683261871338,0.8185471892356873,0.6467868685722351,1.002742886543274,1.1947005987167358,1.177127718925476,1.2868027687072754,1.6314353942871094,1.753883957862854,1.4402694702148438,1.180018663406372,0.8799325823783875,0.5694921016693115,0.3750179708003998,0.0,0.38400182127952576,0.5324376225471497,0.4921281337738037,0.6478287577629089,0.873693585395813,1.0508142709732056,1.1242676973342896,1.4400641918182373,2.0082826614379883,1.645748496055603,1.49809992313385,1.1398409605026245,0.9538648724555969,0.9234635233879089,0.6606939435005188,0.863618016242981,1.1381573677062988,0.9942814707756042,0.9667702317237854,1.2935872077941895,1.4931787252426147,1.4130198955535889,1.679347038269043,2.1002626419067383,1.7307945489883423,1.699698805809021,1.435774803161621,1.2116727828979492,1.3532257080078125,1.0883504152297974,1.3907355070114136,1.5389877557754517,1.263763666152954,1.3297617435455322,1.6897320747375488,1.7620208263397217,1.627846360206604,1.953848123550415,1.8903223276138306,1.5723521709442139,1.5137200355529785,1.3778409957885742,1.071583867073059,1.27559232711792,1.0921928882598877,1.4294624328613281,1.3898471593856812,1.1035139560699463,1.354772686958313,1.6426949501037598,1.5850920677185059,1.548571228981018,1.9449326992034912
B8,1.8472696542739868,1.6241732835769653,1.3778611421585083,1.3054739236831665,0.9366951584815979,0.9265667200088501,0.8714478611946106,1.0348665714263916,0.7747610807418823,0.6614917516708374,1.0374369621276855,1.1213088035583496,1.0248215198516846,1.214353084564209,1.5298994779586792,2.013659954071045,1.7287932634353638,1.4262521266937256,1.1294208765029907,0.8782767057418823,0.5421290993690491,0.38400182127952576,0.0,0.3653118908405304,0.5131382942199707,0.4992823600769043,0.6007097363471985,0.8758350610733032,0.9890891909599304,1.2256078720092773,2.357527256011963,1.9981589317321777,1.8476839065551758,1.4765901565551758,1.3149267435073853,1.2226910591125488,0.9454692602157593,1.0231730937957764,1.3328992128372192,1.1970267295837402,1.0439006090164185,1.3554598093032837,1.579465389251709,1.4362540245056152,1.6434882879257202,2.4583663940429688,2.0910468101501465,2.0784850120544434,1.8187917470932007,1.5918240547180176,1.7156540155410767,1.4220221042633057,1.6881166696548462,1.8299356698989868,1.5222246646881104,1.540319800376892,1.9028966426849365,1.9428441524505615,1.7474610805511475,2.067187786102295,2.1604220867156982,1.8730212450027466,1.819564700126648,1.723385214805603,1.4044322967529297,1.5869909524917603,1.3974837064743042,1.6991612911224365,1.598936915397644,1.2932381629943848,1.5487793684005737,1.8058956861495972,1.673161506652832,1.631210446357727,2.0245132446289062
B9,2.0376222133636475,1.8054821491241455,1.6174403429031372,1.5552517175674438,1.1838648319244385,1.2333321571350098,1.114027500152588,1.309370756149292,1.0720880031585693,0.8577751517295837,1.200926661491394,1.3217862844467163,1.1516129970550537,1.2678675651550293,1.6153393983840942,2.0379512310028076,1.7861480712890625,1.4631876945495605,1.2404667139053345,0.9369567036628723,0.6274824142456055,0.5324376225471497,0.3653118908405304,0.0,0.36723852157592773,0.5305856466293335,0.5082200765609741,0.671055257320404,0.8937082886695862,1.1652458906173706,2.361421823501587,2.026015281677246,1.8138576745986938,1.4433412551879883,1.2704800367355347,1.0756319761276245,0.8163022398948669,0.7634669542312622,1.0996865034103394,1.0405285358428955,0.8311751484870911,1.0860381126403809,1.3633347749710083,1.2649893760681152,1.4203609228134155,2.5830578804016113,2.206425189971924,2.1606714725494385,1.8547440767288208,1.644657850265503,1.702898621559143,1.3884305953979492,1.594357967376709,1.7910854816436768,1.5112289190292358,1.4444074630737305,1.804893970489502,1.893359899520874,1.6736963987350464,1.9494670629501343,2.3848471641540527,2.0696003437042236,2.0400476455688477,1.8984599113464355,1.5939934253692627,1.7650558948516846,1.523404598236084,1.818819284439087,1.772046446800232,1.4351853132247925,1.6179341077804565,1.9120986461639404,1.7891011238098145,1.6728090047836304,2.0469202995300293
B10,2.1319305896759033,1.849439263343811,1.6644127368927002,1.5198991298675537,1.131993293762207,1.1489354372024536,0.9272068738937378,1.129278302192688,0.9627371430397034,0.6527982950210571,0.9433518648147583,1.1385698318481445,0.9969362616539001,1.024008870124817,1.4006010293960571,2.1059060096740723,1.818562388420105,1.5459182262420654,1.3102167844772339,0.9507647156715393,0.7526391744613647,0.4921281337738037,0.5131382942199707,0.36723852157592773,0.0,0.3827991783618927,0.5608380436897278,0.601067066192627,0.7090781331062317,1.0665639638900757,2.2923293113708496,1.9553444385528564,1.731520652770996,1.3884426355361938,1.127642035484314,0.9437342286109924,0.6024001836776733,0.6018115878105164,0.8610996007919312,0.7143527269363403,0.5326902866363525,0.8542249798774719,1.0727875232696533,0.9718183279037476,1.1996623277664185,2.4595766067504883,2.091231107711792,1.990238904953003,1.681578278541565,1.42051100730896,1.4313677549362183,1.0883487462997437,1.2753534317016602,1.4461637735366821,1.1547353267669678,1.0865494012832642,1.4479265213012695,1.5275378227233887,1.3192073106765747,1.6077182292938232,2.3545303344726562,2.0202386379241943,1.9374632835388184,1.742226004600525,1.4134855270385742,1.521706223487854,1.2348371744155884,1.5012151002883911,1.4773926734924316,1.1271096467971802,1.2696197032928467,1.5774317979812622,1.4766851663589478,1.3380690813064575,1.709983229637146
B11,2.273893117904663,2.0096819400787354,1.7625733613967896,1.6023595333099365,1.2124000787734985,1.1080788373947144,0.8916206359863281,0.96173095703125,0.7193458080291748,0.4503483772277832,0.7234429121017456,0.8206225037574768,0.6366782188415527,0.7476788759231567,1.0909837484359741,2.3864288330078125,2.081789493560791,1.8106011152267456,1.5236648321151733,1.2040919065475464,0.9532910585403442,0.6478287577629089,0.4992823600769043,0.5305856466293335,0.3827991783618927,0.0,0.3649156093597412,0.5314418077468872,0.5117542743682861,0.7939943075180054,2.595583915710449,2.242367744445801,2.0543251037597656,1.7102720737457275,1.447799801826477,1.3100214004516602,0.9532548785209656,0.970755398273468,1.187552809715271,0.9715447425842285,0.7454082369804382,1.0670582056045532,1.2187371253967285,1.0019950866699219,1.2209627628326416,2.6614558696746826,2.303495168685913,2.214047908782959,1.941624402999878,1.6441608667373657,1.6750010251998901,1.3262685537338257,1.5161439180374146,1.612682819366455,1.2719523906707764,1.2355481386184692,1.5782482624053955,1.5707815885543823,1.3268781900405884,1.6406078338623047,2.4692227840423584,2.1643943786621094,2.0402166843414307,1.8774209022521973,1.5130447149276733,1.5793273448944092,1.3071457147598267,1.5250788927078247,1.4123904705047607,1.0645426511764526,1.24442720413208,1.488325595855713,1.309524655342102,1.2108638286590576,1.5864336490631104
B12,2.4455673694610596,2.215223789215088,1.9739429950714111,1.8684948682785034,1.4836671352386475,1.4031593799591064,1.234803557395935,1.2904239892959595,0.9968496561050415,0.7977259159088135,1.0483887195587158,1.0649455785751343,0.7898736596107483,0.9336618185043335,1.2309423685073853,2.5321311950683594,2.2618625164031982,1.9515886306762695,1.6936044692993164,1.3913357257843018,1.0812857151031494,0.873693585395813,0.6007097363471985,0.5082200765609741,0.5608380436897278,0.3649156093597412,0.0,0.3595764636993408,0.5231025815010071,0.6817477941513062,2.816671848297119,2.472796678543091,2.263960838317871,1.9046365022659302,1.6772668361663818,1.4809566736221313,1.1584681272506714,1.067376732826233,1.3202708959579468,1.1812975406646729,0.8704309463500977,1.1099108457565308,1.3163098096847534,1.0961676836013794,1.201633334159851,2.9566891193389893,2.589566707611084,2.515895128250122,2.2249348163604736,1.9542678594589233,1.9738633632659912,1.620524287223816,1.7783182859420776,1.9105188846588135,1.5848209857940674,1.487368106842041,1.8212454319000244,1.8305509090423584,1.5470646619796753,1.8155993223190308,2.733842134475708,2.434051990509033,2.344452381134033,2.1987478733062744,1.8468483686447144,1.9371682405471802,1.6656702756881714,1.8843988180160522,1.771583080291748,1.4228850603103638,1.578371524810791,1.8155860900878906,1.6085585355758667,1.4799269437789917,1.8255432844161987
B13,2.67757511138916,2.4207234382629395,2.211641311645508,2.079949378967285,1.6878482103347778,1.6296766996383667,1.397457242012024,1.4717153310775757,1.233485460281372,0.9574892520904541,1.1336811780929565,1.2047024965286255,0.905292809009552,0.9094249606132507,1.2260422706604004,2.6556859016418457,2.392681360244751,2.094257354736328,1.872488021850586,1.5297619104385376,1.2727468013763428,1.0508142709732056,0.8758350610733032,0.671055257320404,0.601067066192627,0.5314418077468872,0.3595764636993408,0.0,0.3600662350654602,0.597071647644043,2.8634753227233887,2.539193868637085,2.2897145748138428,1.952597975730896,1.6892753839492798,1.4406839609146118,1.1238764524459839,0.9479756951332092,1.1336021423339844,1.0202640295028687,0.6542421579360962,0.8157215714454651,1.0157889127731323,0.8039013147354126,0.8554727435112,3.0537173748016357,2.6881399154663086,2.5691754817962646,2.2538344860076904,1.9762210845947266,1.9257832765579224,1.5578057765960693,1.6400028467178345,1.7867666482925415,1.48685884475708,1.310568928718567,1.6180341243743896,1.6494543552398682,1.340341329574585,1.5581263303756714,2.933648109436035,2.609895944595337,2.511857032775879,2.3183486461639404,1.969300627708435,2.0215749740600586,1.7045707702636719,1.8895410299301147,1.8223048448562622,1.4598060846328735,1.5286527872085571,1.7832618951797485,1.5910511016845703,1.3870748281478882,1.6940349340438843
