,A1,A2,A3,A4,A5,A6,A7,A8,A9,A10,A11,A12,A13,A14,A15,B1,B2,B3,B4,B5,B6,B7,B8,B9,B10,B11,B12,B13,B14,B15,C1,C2,C3,C4,C5,C6,C7,C8,C9,C10,C11,C12,C13,C14,C15,D1,D2,D3,D4,D5,D6,D7,D8,D9,D10,D11,D12,D13,D14,D15,E1,E2,E3,E4,E5,E6,E7,E8,E9,E10,E11,E12,E13,E14,E15
A1,0.0,0.3870609700679779,0.6239734292030334,0.887366533279419,1.1623613834381104,1.352249026298523,1.4005457162857056,1.5558561086654663,1.7797298431396484,1.9511123895645142,2.0053882598876953,2.1367270946502686,2.38970947265625,2.54343581199646,2.658637046813965,1.2782553434371948,1.272661805152893,1.5936914682388306,1.5371785163879395,1.9156749248504639,2.0529868602752686,1.8585158586502075,1.995837926864624,2.3446567058563232,2.401653289794922,2.279576539993286,2.4650721549987793,2.7775697708129883,2.7722458839416504,2.8602042198181152,1.3768208026885986,1.2128270864486694,1.5377662181854248,1.545735478401184,1.9199638366699219,1.8897258043289185,1.7400282621383667,2.0448877811431885,2.3189377784729004,2.275261640548706,2.266068935394287,2.570099353790283,2.775641441345215,2.7543723583221436,2.9443507194519043,0.8365879654884338,0.6509360074996948,0.9060985445976257,1.1044330596923828,1.3970962762832642,1.3789372444152832,1.4060336351394653,1.7098740339279175,1.8933080434799194,1.9382355213165283,2.0393011569976807,2.275531053543091,2.451078414916992,2.540079116821289,2.7437613010406494,0.7608208656311035,0.8966795802116394,1.153456687927246,1.1836739778518677,1.5101696252822876,1.7465156316757202,1.6363554000854492,1.6998592615127563,2.0258066654205322,2.1745309829711914,2.0815820693969727,2.212066650390625,2.5279183387756348,2.592595100402832,2.6059370040893555
A2,0.3870609700679779,0.0,0.3842802941799164,0.5848813652992249,0.9126731157302856,1.035346508026123,1.0517128705978394,1.2609134912490845,1.4901316165924072,1.616105318069458,1.6758904457092285,1.8486405611038208,2.0867762565612793,2.2199387550354004,2.3667163848876953,1.1558233499526978,1.0982085466384888,1.3569597005844116,1.237697720527649,1.598893165588379,1.7546521425247192,1.5437805652618408,1.6419603824615479,1.9989639520645142,2.0707569122314453,1.9319016933441162,2.096349000930786,2.418170928955078,2.4196019172668457,2.490680456161499,1.3510642051696777,1.1448752880096436,1.4319640398025513,1.3523095846176147,1.7273198366165161,1.7070393562316895,1.5000780820846558,1.7759112119674683,2.075989246368408,2.0223500728607178,1.9680168628692627,2.2714264392852783,2.4938371181488037,2.4483518600463867,2.6180970668792725,0.978178858757019,0.6752058267593384,0.9046251773834229,0.9640985131263733,1.2869889736175537,1.2214665412902832,1.1627602577209473,1.4928137063980103,1.703412413597107,1.6967531442642212,1.7634398937225342,2.0361437797546387,2.2123796939849854,2.257753372192383,2.4704558849334717,0.6518398523330688,0.647713840007782,0.8348804712295532,0.8060324192047119,1.1348475217819214,1.3687506914138794,1.2558623552322388,1.3161929845809937,1.6401822566986084,1.7900266647338867,1.7085121870040894,1.8413816690444946,2.1494927406311035,2.2252275943756104,2.2536346912384033
A3,0.6239734292030334,0.3842802941799164,0.0,0.3800034821033478,0.5759351253509521,0.7354704737663269,0.8490127325057983,1.0115482807159424,1.1833827495574951,1.3579165935516357,1.4616289138793945,1.5898816585540771,1.8060771226882935,1.986693024635315,2.1278293132781982,1.5071163177490234,1.4136168956756592,1.6219643354415894,1.4274283647537231,1.756270170211792,1.8989394903182983,1.6340564489364624,1.68720543384552,2.056130886077881,2.101104497909546,1.9017504453659058,2.0588672161102295,2.38975191116333,2.342797040939331,2.3837642669677734,1.6841257810592651,1.427740454673767,1.6597422361373901,1.5243340730667114,1.866571307182312,1.7820403575897217,1.5377535820007324,1.828611969947815,2.109528064727783,1.989108681678772,1.9245580434799194,2.261420726776123,2.451162338256836,2.3579766750335693,2.5525941848754883,1.2415651082992554,0.8968914151191711,0.9830009341239929,1.0063724517822266,1.2444539070129395,1.0709741115570068,1.0451222658157349,1.416869044303894,1.56098210811615,1.5030386447906494,1.626187801361084,1.9185734987258911,2.038071393966675,2.085925340652466,2.342416524887085,0.96698397397995,0.9449087977409363,1.0032827854156494,0.8679522275924683,1.1135860681533813,1.3910518884658813,1.2491250038146973,1.1986842155456543,1.534551978111267,1.7092949151992798,1.5725785493850708,1.6490992307662964,1.985245943069458,2.0554416179656982,2.02645206451416
A4,0.887366533279419,0.5848813652992249,0.3800034821033478,0.0,0.39625707268714905,0.5608820915222168,0.5369413495063782,0.6783798933029175,0.9240415096282959,1.0776352882385254,1.1214057207107544,1.2658988237380981,1.5121920108795166,1.65723717212677,1.7901052236557007,1.5241477489471436,1.342482566833496,1.4939937591552734,1.2353911399841309,1.5422894954681396,1.636874794960022,1.3351784944534302,1.3960957527160645,1.7607518434524536,1.7676334381103516,1.5548996925354004,1.7398275136947632,2.0572917461395264,1.989046573638916,2.0524792671203613,1.6307991743087769,1.322613000869751,1.4769179821014404,1.278830647468567,1.5847842693328857,1.4744232892990112,1.201931357383728,1.4887135028839111,1.760119080543518,1.6208043098449707,1.550903081893921,1.8952200412750244,2.0754644870758057,1.9792762994766235,2.1818408966064453,1.2694532871246338,0.8870216608047485,0.8831069469451904,0.7711594104766846,0.9874485731124878,0.7877345681190491,0.6871346235275269,1.0659265518188477,1.2271620035171509,1.1520371437072754,1.249984622001648,1.550563097000122,1.6803712844848633,1.7165483236312866,1.9656174182891846,1.1576642990112305,1.0034291744232178,1.0260156393051147,0.7641687989234924,1.013501763343811,1.220166563987732,0.997296154499054,0.9555530548095703,1.3198953866958618,1.4347399473190308,1.2610533237457275,1.3842536211013794,1.716434121131897,1.7417027950286865,1.7327278852462769
A5,1.1623613834381104,0.9126731157302856,0.5759351253509521,0.39625707268714905,0.0,0.37509793043136597,0.5301675200462341,0.5161455869674683,0.6317132711410522,0.8830274343490601,0.9926670789718628,1.0489671230316162,1.2585768699645996,1.476366400718689,1.5942649841308594,1.911866307258606,1.7320575714111328,1.8573546409606934,1.5675326585769653,1.8318331241607666,1.9145715236663818,1.5847617387771606,1.5956939458847046,1.950162649154663,1.9293462038040161,1.6602783203125,1.826296329498291,2.1404011249542236,2.0161116123199463,2.0402867794036865,2.01706862449646,1.6941015720367432,1.8157151937484741,1.5963400602340698,1.8572137355804443,1.6910228729248047,1.4065645933151245,1.6884196996688843,1.9213616847991943,1.7126132249832153,1.6375148296356201,2.004176616668701,2.1371963024139404,1.9864641427993774,2.2148473262786865,1.5955287218093872,1.2198435068130493,1.1309312582015991,1.0247706174850464,1.111958622932434,0.7977989912033081,0.7698268294334412,1.1451083421707153,1.194327473640442,1.0464186668395996,1.227878212928772,1.5351979732513428,1.5788042545318604,1.6202572584152222,1.921366810798645,1.48445725440979,1.3621070384979248,1.3208609819412231,1.036543369293213,1.171624779701233,1.4029408693313599,1.1800698041915894,1.00967538356781,1.3503633737564087,1.4870399236679077,1.2515405416488647,1.287239670753479,1.6432322263717651,1.656951904296875,1.5651583671569824
A6,1.352249026298523,1.035346508026123,0.7354704737663269,0.5608820915222168,0.37509793043136597,0.0,0.36253225803375244,0.5331363081932068,0.5437845587730408,0.6550893187522888,0.859503448009491,1.0099902153015137,1.1388885974884033,1.3368713855743408,1.5364495515823364,1.908791422843933,1.744852066040039,1.804875135421753,1.4914312362670898,1.6966196298599243,1.8230658769607544,1.5087926387786865,1.4316946268081665,1.780564308166504,1.8061496019363403,1.51560378074646,1.6112147569656372,1.945474624633789,1.8449392318725586,1.8125321865081787,2.127154588699341,1.8285189867019653,1.943699836730957,1.679329514503479,1.9337342977523804,1.8113315105438232,1.4842218160629272,1.6953239440917969,1.9592514038085938,1.7581026554107666,1.60744309425354,1.9521796703338623,2.1155102252960205,1.9255406856536865,2.1044533252716064,1.829740047454834,1.4475458860397339,1.4160016775131226,1.252911925315857,1.3796228170394897,1.0765788555145264,0.9349926114082336,1.295302391052246,1.3792524337768555,1.1558971405029297,1.2636969089508057,1.6171770095825195,1.6537412405014038,1.6107432842254639,1.924343466758728,1.485662817955017,1.3302826881408691,1.1840547323226929,0.8791744112968445,0.8965891003608704,1.140791654586792,0.9671229720115662,0.7128582000732422,1.0179352760314941,1.2043131589889526,1.0016459226608276,0.9785876870155334,1.3344370126724243,1.408183217048645,1.322611927986145
A7,1.4005457162857056,1.0517128705978394,0.8490127325057983,0.5369413495063782,0.5301675200462341,0.36253225803375244,0.0,0.3861430883407593,0.5833590030670166,0.5839946269989014,0.6492466330528259,0.8899126648902893,1.079935908317566,1.1850756406784058,1.3865021467208862,1.75411057472229,1.5358152389526367,1.5548956394195557,1.213028073310852,1.401041865348816,1.489067554473877,1.1610894203186035,1.1013320684432983,1.448647141456604,1.4531571865081787,1.1724978685379028,1.3051445484161377,1.6313921213150024,1.5401971340179443,1.5541709661483765,1.9222607612609863,1.6116504669189453,1.6761653423309326,1.3781449794769287,1.6053619384765625,1.4958279132843018,1.1536251306533813,1.3389384746551514,1.610837459564209,1.4273762702941895,1.2619634866714478,1.6004939079284668,1.781958818435669,1.6138581037521362,1.7845072746276855,1.7242356538772583,1.3441030979156494,1.3020837306976318,1.0579025745391846,1.198058009147644,0.9420209527015686,0.6957783102989197,1.0244776010513306,1.1713687181472778,0.9566060304641724,0.9808106422424316,1.3449375629425049,1.4347220659255981,1.369083285331726,1.6482536792755127,1.4837852716445923,1.24488365650177,1.114702820777893,0.7492287755012512,0.8160178661346436,0.951686441898346,0.6914049983024597,0.5138269066810608,0.8706701397895813,0.9638544917106628,0.7468147277832031,0.8527626991271973,1.1864649057388306,1.2116055488586426,1.2074536085128784
A8,1.5558561086654663,1.2609134912490845,1.0115482807159424,0.6783798933029175,0.5161455869674683,0.5331363081932068,0.3861430883407593,0.0,0.36823365092277527,0.5362650156021118,0.5042456388473511,0.5879800915718079,0.8527173399925232,1.001871943473816,1.117356777191162,2.0392868518829346,1.78673255443573,1.8246259689331055,1.4787428379058838,1.6676362752914429,1.6816257238388062,1.323387622833252,1.3129758834838867,1.6280012130737305,1.5467288494110107,1.2455520629882812,1.4347922801971436,1.71550714969635,1.5450382232666016,1.5899498462677002,2.088825225830078,1.739654541015625,1.7555512189865112,1.464838981628418,1.6361089944839478,1.4421453475952148,1.1269489526748657,1.3522377014160156,1.5492353439331055,1.295755386352539,1.1908761262893677,1.5607675313949585,1.6668716669082642,1.4862502813339233,1.7237129211425781,1.8004727363586426,1.4266421794891357,1.2776269912719727,1.0294657945632935,1.0368432998657227,0.7164846062660217,0.5450409054756165,0.8378109335899353,0.875089704990387,0.6241337656974792,0.7562517523765564,1.094978928565979,1.1256937980651855,1.1172010898590088,1.4258486032485962,1.7841145992279053,1.5606707334518433,1.4793431758880615,1.1170014142990112,1.1996288299560547,1.3063846826553345,1.008556842803955,0.8332163095474243,1.152258038520813,1.1793066263198853,0.8733474016189575,0.9671074748039246,1.2974845170974731,1.2260246276855469,1.1572308540344238
A9,1.7797298431396484,1.4901316165924072,1.1833827495574951,0.9240415096282959,0.6317132711410522,0.5437845587730408,0.5833590030670166,0.36823365092277527,0.0,0.3721063435077667,0.5317219495773315,0.5134519338607788,0.6344825029373169,0.8927298784255981,1.038272738456726,2.326582908630371,2.1007609367370605,2.124007225036621,1.7715845108032227,1.9263335466384888,1.9673938751220703,1.6177171468734741,1.5402804613113403,1.8383985757827759,1.7728245258331299,1.437824010848999,1.5602152347564697,1.8402825593948364,1.6432405710220337,1.6139135360717773,2.434843063354492,2.093883514404297,2.1216137409210205,1.8259066343307495,1.988890290260315,1.7919800281524658,1.4746524095535278,1.6665815114974976,1.8483811616897583,1.5672931671142578,1.434028148651123,1.7891666889190674,1.8691744804382324,1.630306363105774,1.8550431728363037,2.1224067211151123,1.7441538572311401,1.5995203256607056,1.3833293914794922,1.3652790784835815,1.0136659145355225,0.9038863182067871,1.1653558015823364,1.126858115196228,0.8174693584442139,0.983254075050354,1.3091694116592407,1.2456879615783691,1.2008804082870483,1.5545543432235718,1.9943294525146484,1.80106520652771,1.6653550863265991,1.3153398036956787,1.3031561374664307,1.4445626735687256,1.2017550468444824,0.9205385446548462,1.1676294803619385,1.2456984519958496,0.9299221038818359,0.8759621977806091,1.2148232460021973,1.1703462600708008,0.9966352581977844
A10,1.9511123895645142,1.616105318069458,1.3579165935516357,1.0776352882385254,0.8830274343490601,0.6550893187522888,0.5839946269989014,0.5362650156021118,0.3721063435077667,0.0,0.356300413608551,0.5491999387741089,0.5598276853561401,0.7053893804550171,0.9700303673744202,2.2983345985412598,2.069624185562134,2.0264201164245605,1.658077359199524,1.7420551776885986,1.7960319519042969,1.468132734298706,1.3155862092971802,1.5843015909194946,1.5465376377105713,1.1958484649658203,1.2525911331176758,1.5383541584014893,1.359715461730957,1.282482385635376,2.4661953449249268,2.1453421115875244,2.1509013175964355,1.8186277151107788,1.9584680795669556,1.807942509651184,1.4644631147384644,1.5732287168502808,1.7748223543167114,1.5154812335968018,1.3055438995361328,1.6227537393569946,1.7345093488693237,1.464221715927124,1.6285940408706665,2.276416778564453,1.897098183631897,1.7936720848083496,1.5270779132843018,1.5524978637695312,1.2437865734100342,1.0344537496566772,1.2552210092544556,1.2793424129486084,0.9418087601661682,0.9749270677566528,1.32927405834198,1.2887462377548218,1.1378099918365479,1.476468563079834,2.0325679779052734,1.7957779169082642,1.6016454696655273,1.242024540901184,1.1480591297149658,1.2248928546905518,1.007581353187561,0.6923496723175049,0.8613054752349854,0.9170239567756653,0.6056286692619324,0.5074992179870605,0.8429985642433167,0.8237899541854858,0.6836729049682617
A11,2.0053882598876953,1.6758904457092285,1.4616289138793945,1.1214057207107544,0.9926670789718628,0.859503448009491,0.6492466330528259,0.5042456388473511,0.5317219495773315,0.356300413608551,0.0,0.383232980966568,0.5481865406036377,0.5477498173713684,0.7603021860122681,2.2695834636688232,1.9943647384643555,1.935296654701233,1.55941903591156,1.6316256523132324,1.6136950254440308,1.2710206508636475,1.1680926084518433,1.4080642461776733,1.2998028993606567,0.9512021541595459,1.0879523754119873,1.3332067728042603,1.1159183979034424,1.1235169172286987,2.346055746078491,2.0100176334381104,1.9575936794281006,1.6139262914657593,1.6981828212738037,1.526167869567871,1.1955320835113525,1.2848374843597412,1.448875069618225,1.1720964908599854,0.9719864130020142,1.2987077236175537,1.388231635093689,1.1289076805114746,1.3276640176773071,2.1960556507110596,1.8325014114379883,1.6917041540145874,1.3814680576324463,1.3659039735794067,1.1000374555587769,0.8570839166641235,0.9863746166229248,1.0167261362075806,0.6783125400543213,0.637311577796936,0.9892191886901855,0.9749985933303833,0.8093588948249817,1.1326138973236084,2.1133008003234863,1.8368315696716309,1.6878952980041504,1.3084704875946045,1.2815368175506592,1.2769662141799927,0.9888375997543335,0.786884069442749,0.9777646064758301,0.9004109501838684,0.5419340133666992,0.6404113173484802,0.9008365273475647,0.7482666969299316,0.703104555606842
A12,2.1367270946502686,1.8486405611038208,1.5898816585540771,1.2658988237380981,1.0489671230316162,1.0099902153015137,0.8899126648902893,0.5879800915718079,0.5134519338607788,0.5491999387741089,0.383232980966568,0.0,0.36399370431900024,0.5091283917427063,0.5459765791893005,2.555379629135132,2.2732560634613037,2.2514114379882812,1.8828116655349731,1.9836715459823608,1.9359780550003052,1.5819381475448608,1.5254220962524414,1.7519952058792114,1.5964058637619019,1.260062575340271,1.424653172492981,1.6242625713348389,1.3504602909088135,1.3714030981063843,2.564974784851074,2.205645799636841,2.1424920558929443,1.8244903087615967,1.8858734369277954,1.6488643884658813,1.3617069721221924,1.4981948137283325,1.5917361974716187,1.260972499847412,1.1475659608840942,1.4824680089950562,1.4839872121810913,1.219092607498169,1.4830855131149292,2.314969778060913,1.957915186882019,1.7526382207870483,1.4756999015808105,1.363407850265503,1.0612225532531738,0.9339589476585388,1.0214755535125732,0.9098446369171143,0.545619785785675,0.6697081327438354,0.934370219707489,0.7954616546630859,0.7163899540901184,1.0863150358200073,2.356937885284424,2.110210418701172,1.9925143718719482,1.6158181428909302,1.6136168241500854,1.6465411186218262,1.3534679412841797,1.1400556564331055,1.336290955543518,1.2749125957489014,0.9158575534820557,0.9417332410812378,1.1864064931869507,0.989416778087616,0.8312975764274597
A13,2.38970947265625,2.0867762565612793,1.8060771226882935,1.5121920108795166,1.2585768699645996,1.1388885974884033,1.079935908317566,0.8527173399925232,0.6344825029373169,0.5598276853561401,0.5481865406036377,0.36399370431900024,0.0,0.37167036533355713,0.5189928412437439,2.792910099029541,2.5298960208892822,2.4800703525543213,2.104137897491455,2.1625850200653076,2.143263816833496,1.807603120803833,1.6820580959320068,1.8824516534805298,1.7558164596557617,1.4018503427505493,1.480759859085083,1.670254111289978,1.3879095315933228,1.3172194957733154,2.8683626651763916,2.520599842071533,2.4668824672698975,2.134697914123535,2.1947319507598877,1.9798362255096436,1.6806056499481201,1.7713344097137451,1.868757963180542,1.54360032081604,1.3827234506607056,1.6762925386428833,1.6725870370864868,1.355972170829773,1.5674092769622803,2.638228178024292,2.271331548690796,2.088390827178955,1.8165541887283325,1.7233248949050903,1.4097267389297485,1.2762669324874878,1.377085566520691,1.2669016122817993,0.9045944809913635,0.9858078956604004,1.2338820695877075,1.0491911172866821,0.8926580548286438,1.2596162557601929,2.5589823722839355,2.3192970752716064,2.1500725746154785,1.781695008277893,1.7009389400482178,1.7366942167282104,1.4955437183380127,1.2207739353179932,1.33003568649292,1.2938923835754395,0.959247350692749,0.8542123436927795,1.0521199703216553,0.8752812743186951,0.600853443145752
A14,2.54343581199646,2.2199387550354004,1.986693024635315,1.65723717212677,1.476366400718689,1.3368713855743408,1.1850756406784058,1.001871943473816,0.8927298784255981,0.7053893804550171,0.5477498173713684,0.5091283917427063,0.37167036533355713,0.0,0.37420228123664856,2.784921884536743,2.499117851257324,2.4007999897003174,2.0226376056671143,2.024650812149048,1.967858076095581,1.655234694480896,1.5146400928497314,1.6541904211044312,1.4991401433944702,1.1563829183578491,1.223589539527893,1.359434723854065,1.0503748655319214,0.9937998056411743,2.843433380126953,2.505549430847168,2.4063327312469482,2.0549087524414062,2.0616049766540527,1.8698246479034424,1.5789988040924072,1.5929841995239258,1.6640197038650513,1.3529173135757446,1.154468297958374,1.3959158658981323,1.3825150728225708,1.0397799015045166,1.2194249629974365,2.7113089561462402,2.356201171875,2.181229591369629,1.8661384582519531,1.780411958694458,1.5215444564819336,1.3285776376724243,1.3521451950073242,1.2852479219436646,0.9394677877426147,0.8861873745918274,1.1058651208877563,0.9503896236419678,0.6812560558319092,1.0072062015533447,2.651719093322754,2.3700995445251465,2.1959400177001953,1.8220969438552856,1.7350432872772217,1.6892921924591064,1.4413467645645142,1.2257781028747559,1.2853022813796997,1.1529332399368286,0.8390482068061829,0.8145375847816467,0.9083819389343262,0.6266516447067261,0.4592248201370239
A15,2.658637046813965,2.3667163848876953,2.1278293132781982,1.7901052236557007,1.5942649841308594,1.5364495515823364,1.3865021467208862,1.117356777191162,1.038272738456726,0.9700303673744202,0.7603021860122681,0.5459765791893005,0.5189928412437439,0.37420228123664856,0.0,2.9699835777282715,2.6618499755859375,2.5892741680145264,2.217918634414673,2.246530294418335,2.1410768032073975,1.817367672920227,1.743463397026062,1.8724086284637451,1.6571406126022339,1.344516634941101,1.4815295934677124,1.5688632726669312,1.223515510559082,1.2477186918258667,2.9394919872283936,2.582667827606201,2.453277826309204,2.1234891414642334,2.0909905433654785,1.8472987413406372,1.6062853336334229,1.6479603052139282,1.6443946361541748,1.2970144748687744,1.1895160675048828,1.4306155443191528,1.3279072046279907,1.01133394241333,1.2685328722000122,2.756603479385376,2.4188830852508545,2.1910295486450195,1.8880319595336914,1.7263892889022827,1.4844582080841064,1.357638955116272,1.3080191612243652,1.1534411907196045,0.8479787707328796,0.8512857556343079,0.9541767835617065,0.7004035115242004,0.5009800791740417,0.8302403092384338,2.8525257110595703,2.576052665710449,2.4454634189605713,2.064861297607422,2.0296075344085693,1.9899617433547974,1.7062695026397705,1.5228583812713623,1.6286159753799438,1.480069637298584,1.1530580520629883,1.1750266551971436,1.2777533531188965,0.971217155456543,0.8221989870071411
B1,1.2782553434371948,1.1558233499526978,1.5071163177490234,1.5241477489471436,1.911866307258606,1.908791422843933,1.75411057472229,2.0392868518829346,2.326582908630371,2.2983345985412598,2.2695834636688232,2.555379629135132,2.792910099029541,2.784921884536743,2.9699835777282715,0.0,0.381095290184021,0.6131134033203125,0.8708966374397278,1.141826868057251,1.3384541273117065,1.3926069736480713,1.5381598472595215,1.760709285736084,1.9359092712402344,1.9928693771362305,2.1086606979370117,2.3595962524414062,2.517956018447876,2.6390907764434814,0.7590036392211914,0.9015304446220398,1.1825473308563232,1.2137724161148071,1.5493433475494385,1.7719801664352417,1.6625882387161255,1.7517622709274292,2.077662706375122,2.218822956085205,2.1371634006500244,2.280055522918701,2.5913631916046143,2.6521902084350586,2.6970021724700928,1.2294360399246216,1.1925673484802246,1.5349828004837036,1.500303030014038,1.8873660564422607,1.9937769174575806,1.805018424987793,1.976701021194458,2.3145670890808105,2.3532724380493164,2.2444448471069336,2.468344211578369,2.7539539337158203,2.7305784225463867,2.8195767402648926,0.7933947443962097,0.6337437033653259,0.9115340113639832,1.1186493635177612,1.419297218322754,1.410563588142395,1.4299821853637695,1.728662371635437,1.9235670566558838,1.9710265398025513,2.0658023357391357,2.305589437484741,2.4863669872283936,2.580278158187866,2.7632603645324707
B2,1.272661805152893,1.0982085466384888,1.4136168956756592,1.342482566833496,1.7320575714111328,1.744852066040039,1.5358152389526367,1.78673255443573,2.1007609367370605,2.069624185562134,1.9943647384643555,2.2732560634613037,2.5298960208892822,2.499117851257324,2.6618499755859375,0.381095290184021,0.0,0.3858863413333893,0.5855837464332581,0.908920407295227,1.033977746963501,1.056956171989441,1.2599661350250244,1.486033320426941,1.6145968437194824,1.6784968376159668,1.8377501964569092,2.073277235031128,2.2098710536956787,2.364271640777588,0.6052544713020325,0.6259583234786987,0.8485937714576721,0.836626410484314,1.1732670068740845,1.3957226276397705,1.2905373573303223,1.3782451152801514,1.698733925819397,1.844889521598816,1.77842378616333,1.9211965799331665,2.2238385677337646,2.2995998859405518,2.358337879180908,1.1024844646453857,1.0191562175750732,1.3052390813827515,1.2066984176635742,1.581802487373352,1.7097910642623901,1.5012539625167847,1.6331037282943726,1.9823216199874878,2.0357015132904053,1.906104326248169,2.110239028930664,2.4084110260009766,2.390528678894043,2.4601387977600098,0.9553059935569763,0.6745880246162415,0.9306207895278931,1.0030291080474854,1.3344123363494873,1.2786694765090942,1.2140018939971924,1.5392820835113525,1.7604788541793823,1.7542555332183838,1.8172446489334106,2.094775915145874,2.274548292160034,2.323655605316162,2.516864061355591
B3,1.5936914682388306,1.3569597005844116,1.6219643354415894,1.4939937591552734,1.8573546409606934,1.804875135421753,1.5548956394195557,1.8246259689331055,2.124007225036621,2.0264201164245605,1.935296654701233,2.2514114379882812,2.4800703525543213,2.4007999897003174,2.5892741680145264,0.6131134033203125,0.3858863413333893,0.0,0.37916281819343567,0.5693577527999878,0.7326162457466125,0.8534870147705078,1.0097523927688599,1.1779576539993286,1.3549716472625732,1.463481068611145,1.5782959461212158,1.7908488512039185,1.9747951030731201,2.123011827468872,0.8937053680419922,0.9040907025337219,0.9927929639816284,0.8804279565811157,1.1378892660140991,1.4096380472183228,1.2768579721450806,1.255908727645874,1.590717077255249,1.765102505683899,1.6455403566360474,1.7323135137557983,2.0643532276153564,2.137000799179077,2.1397202014923096,1.4579269886016846,1.3378700017929077,1.573701024055481,1.395307183265686,1.7442134618759155,1.8501818180084229,1.5820506811141968,1.6803032159805298,2.042846202850342,2.058380365371704,1.8700048923492432,2.0802242755889893,2.3825912475585938,2.3114686012268066,2.3579421043395996,1.1986464262008667,0.8629924654960632,0.9746928811073303,1.0132514238357544,1.265026330947876,1.106208086013794,1.0776441097259521,1.4449856281280518,1.601452112197876,1.550555944442749,1.6712477207183838,1.9651038646697998,2.0902445316314697,2.145548105239868,2.3828847408294678
B4,1.5371785163879395,1.237697720527649,1.4274283647537231,1.2353911399841309,1.5675326585769653,1.4914312362670898,1.213028073310852,1.4787428379058838,1.7715845108032227,1.658077359199524,1.55941903591156,1.8828116655349731,2.104137897491455,2.0226376056671143,2.217918634414673,0.8708966374397278,0.5855837464332581,0.37916281819343567,0.0,0.39399832487106323,0.5630009174346924,0.5447556972503662,0.677348792552948,0.9209819436073303,1.0784709453582764,1.1254665851593018,1.2548348903656006,1.4989670515060425,1.6482399702072144,1.7872458696365356,1.0957030057907104,0.9656927585601807,1.0069605112075806,0.7636983394622803,1.0212061405181885,1.2284315824508667,1.0170929431915283,1.0012131929397583,1.3634017705917358,1.4822490215301514,1.32746422290802,1.4551794528961182,1.7846848964691162,1.8158080577850342,1.8357409238815308,1.480841040611267,1.272243857383728,1.4429978132247925,1.1995311975479126,1.524237036705017,1.579760193824768,1.2772200107574463,1.3893495798110962,1.7441771030426025,1.7209718227386475,1.526120662689209,1.765174388885498,2.0490596294403076,1.9599409103393555,2.0318193435668945,1.2282459735870361,0.8458192348480225,0.8677424192428589,0.768524706363678,1.0066932439804077,0.8267959952354431,0.7228491902351379,1.0962589979171753,1.272803544998169,1.2045478820800781,1.298292636871338,1.6013213396072388,1.7376288175582886,1.7791492938995361,2.0085182189941406
B5,1.9156749248504639,1.598893165588379,1.756270170211792,1.5422894954681396,1.8318331241607666,1.6966196298599243,1.401041865348816,1.6676362752914429,1.9263335466384888,1.7420551776885986,1.6316256523132324,1.9836715459823608,2.1625850200653076,2.024650812149048,2.246530294418335,1.141826868057251,0.908920407295227,0.5693577527999878,0.39399832487106323,0.0,0.37601229548454285,0.5375149250030518,0.5226980447769165,0.634183406829834,0.8866366147994995,1.0020054578781128,1.045820713043213,1.2500478029251099,1.4718151092529297,1.5963305234909058,1.4016284942626953,1.3103688955307007,1.2832283973693848,1.0186289548873901,1.1603529453277588,1.3999093770980835,1.189152717590332,1.0414867401123047,1.386338710784912,1.5332547426223755,1.3195558786392212,1.3605939149856567,1.7168034315109253,1.7418675422668457,1.6821180582046509,1.865440845489502,1.6616296768188477,1.808807611465454,1.532449722290039,1.8187229633331299,1.8583093881607056,1.5242350101470947,1.5921239852905273,1.9391988515853882,1.8796907663345337,1.6294645071029663,1.8609888553619385,2.1382925510406494,1.9894931316375732,2.0296361446380615,1.5417916774749756,1.164101004600525,1.091864824295044,0.9951167106628418,1.1024028062820435,0.8037828803062439,0.7754974365234375,1.154392957687378,1.2214202880859375,1.0890133380889893,1.2675979137420654,1.5749746561050415,1.6289688348770142,1.6800166368484497,1.9627798795700073
B6,2.0529868602752686,1.7546521425247192,1.8989394903182983,1.636874794960022,1.9145715236663818,1.8230658769607544,1.489067554473877,1.6816257238388062,1.9673938751220703,1.7960319519042969,1.6136950254440308,1.9359780550003052,2.143263816833496,1.967858076095581,2.1410768032073975,1.3384541273117065,1.033977746963501,0.7326162457466125,0.5630009174346924,0.37601229548454285,0.0,0.3671700954437256,0.5362457036972046,0.5394719243049622,0.6550366282463074,0.8650377988815308,1.003747820854187,1.1283279657363892,1.3273500204086304,1.5331354141235352,1.39459228515625,1.2688534259796143,1.1326669454574585,0.8497028946876526,0.8746038675308228,1.1353262662887573,0.9765445590019226,0.7485781311988831,1.0596410036087036,1.2601895332336426,1.082248568534851,1.0676802396774292,1.420818567276001,1.5062836408615112,1.4515507221221924,1.8699500560760498,1.686198115348816,1.77338707447052,1.4667065143585205,1.7012790441513062,1.7870827913284302,1.4580284357070923,1.4338711500167847,1.783168077468872,1.7645150423049927,1.478124737739563,1.6467487812042236,1.9510658979415894,1.816527247428894,1.7966992855072021,1.7906601428985596,1.4086894989013672,1.3920611143112183,1.2388427257537842,1.3796590566635132,1.0858049392700195,0.949296236038208,1.3143939971923828,1.4092819690704346,1.1980708837509155,1.3141306638717651,1.6664471626281738,1.7086213827133179,1.6785309314727783,1.9765061140060425
B7,1.8585158586502075,1.5437805652618408,1.6340564489364624,1.3351784944534302,1.5847617387771606,1.5087926387786865,1.1610894203186035,1.323387622833252,1.6177171468734741,1.468132734298706,1.2710206508636475,1.5819381475448608,1.807603120803833,1.655234694480896,1.817367672920227,1.3926069736480713,1.056956171989441,0.8534870147705078,0.5447556972503662,0.5375149250030518,0.3671700954437256,0.0,0.38353171944618225,0.575581967830658,0.5785528421401978,0.6464249491691589,0.875167191028595,1.0630638599395752,1.1689796447753906,1.3774546384811401,1.415906310081482,1.1971653699874878,1.0687564611434937,0.7140100598335266,0.7811614274978638,0.9326937198638916,0.6866402626037598,0.5266762375831604,0.8884639739990234,1.0002667903900146,0.8102206587791443,0.911242663860321,1.244825005531311,1.2851163148880005,1.3049876689910889,1.7241169214248657,1.487170696258545,1.5225844383239746,1.1857467889785767,1.3954771757125854,1.4448273181915283,1.1048890352249146,1.0963071584701538,1.4396438598632812,1.4037716388702393,1.1305341720581055,1.3315093517303467,1.6247037649154663,1.5042088031768799,1.528184175491333,1.7007614374160767,1.3184658288955688,1.2930068969726562,1.0548129081726074,1.2131673097610474,0.9681220054626465,0.7234913110733032,1.0562142133712769,1.2155711650848389,1.0078911781311035,1.0388766527175903,1.4038296937942505,1.4975340366363525,1.4392284154891968,1.7016233205795288
B8,1.995837926864624,1.6419603824615479,1.68720543384552,1.3960957527160645,1.5956939458847046,1.4316946268081665,1.1013320684432983,1.3129758834838867,1.5402804613113403,1.3155862092971802,1.1680926084518433,1.5254220962524414,1.6820580959320068,1.5146400928497314,1.743463397026062,1.5381598472595215,1.2599661350250244,1.0097523927688599,0.677348792552948,0.5226980447769165,0.5362457036972046,0.38353171944618225,0.0,0.3700585663318634,0.5383673310279846,0.5079981684684753,0.5780519247055054,0.8405381441116333,0.993320107460022,1.1147018671035767,1.7144653797149658,1.5140380859375,1.4337804317474365,1.0810898542404175,1.1597506999969482,1.2789652347564697,0.989957332611084,0.8197636008262634,1.1502482891082764,1.1956918239593506,0.9105769395828247,0.9988124966621399,1.3381537199020386,1.286960244178772,1.2443963289260864,2.001495838165283,1.7284955978393555,1.776771068572998,1.4402472972869873,1.6449636220932007,1.6149088144302368,1.2536689043045044,1.3026787042617798,1.606987476348877,1.4837623834609985,1.2087199687957764,1.4666279554367065,1.7036713361740112,1.5119833946228027,1.5791585445404053,1.7583296298980713,1.3778128623962402,1.2418863773345947,0.9906201362609863,1.0204871892929077,0.7120005488395691,0.5281788110733032,0.8371384739875793,0.8998457193374634,0.6660028100013733,0.7923498749732971,1.1344884634017944,1.179297685623169,1.1766327619552612,1.4662171602249146
B9,2.3446567058563232,1.9989639520645142,2.056130886077881,1.7607518434524536,1.950162649154663,1.780564308166504,1.448647141456604,1.6280012130737305,1.8383985757827759,1.5843015909194946,1.4080642461776733,1.7519952058792114,1.8824516534805298,1.6541904211044312,1.8724086284637451,1.760709285736084,1.486033320426941,1.1779576539993286,0.9209819436073303,0.634183406829834,0.5394719243049622,0.575581967830658,0.3700585663318634,0.0,0.36809206008911133,0.5351293087005615,0.5124388933181763,0.6243783235549927,0.8841620087623596,1.0367600917816162,1.9066733121871948,1.7412376403808594,1.6062111854553223,1.2705950736999512,1.251487135887146,1.4111248254776,1.1798150539398193,0.89760822057724,1.1600759029388428,1.264060139656067,0.9696641564369202,0.9118809103965759,1.2645057439804077,1.2473046779632568,1.105714201927185,2.2858974933624268,2.0415451526641846,2.082552194595337,1.7371578216552734,1.9148298501968384,1.9125643968582153,1.5541458129882812,1.5341449975967407,1.8283767700195312,1.7148395776748657,1.39693284034729,1.5967251062393188,1.8373777866363525,1.6116029024124146,1.6082512140274048,2.0755066871643066,1.69183349609375,1.5577431917190552,1.3418474197387695,1.3383153676986694,0.9909365177154541,0.8795088529586792,1.1548831462860107,1.1326946020126343,0.8375667929649353,1.009740948677063,1.3385426998138428,1.288451910018921,1.2560040950775146,1.5960453748703003
B10,2.401653289794922,2.0707569122314453,2.101104497909546,1.7676334381103516,1.9293462038040161,1.8061496019363403,1.4531571865081787,1.5467288494110107,1.7728245258331299,1.5465376377105713,1.2998028993606567,1.5964058637619019,1.7558164596557617,1.4991401433944702,1.6571406126022339,1.9359092712402344,1.6145968437194824,1.3549716472625732,1.0784709453582764,0.8866366147994995,0.6550366282463074,0.5785528421401978,0.5383673310279846,0.36809206008911133,0.0,0.36123013496398926,0.5473567843437195,0.5523626804351807,0.6958363056182861,0.9659976959228516,1.9499059915542603,1.7381592988967896,1.5403302907943726,1.193969964981079,1.0872350931167603,1.1875981092453003,0.9831963181495667,0.6521022319793701,0.8425762057304382,0.9377917647361755,0.6524838805198669,0.5440421104431152,0.8988100290298462,0.9173439145088196,0.805809497833252,2.2688913345336914,2.0264782905578613,2.0027735233306885,1.6369634866714478,1.7474725246429443,1.763213872909546,1.4206312894821167,1.3199121952056885,1.5907211303710938,1.5022900104522705,1.1564432382583618,1.2964048385620117,1.5477739572525024,1.3327301740646362,1.2784423828125,2.243521213531494,1.859263300895691,1.7666501998901367,1.5026346445083618,1.5414273738861084,1.2357518672943115,1.0275208950042725,1.2625553607940674,1.297839879989624,0.9687771201133728,1.0195587873458862,1.376253604888916,1.343497395515442,1.2084600925445557,1.5359514951705933
B11,2.279576539993286,1.9319016933441162,1.9017504453659058,1.5548996925354004,1.6602783203125,1.51560378074646,1.1724978685379028,1.2455520629882812,1.437824010848999,1.1958484649658203,0.9512021541595459,1.260062575340271,1.4018503427505493,1.1563829183578491,1.344516634941101,1.9928693771362305,1.6784968376159668,1.463481068611145,1.1254665851593018,1.0020054578781128,0.8650377988815308,0.6464249491691589,0.5079981684684753,0.5351293087005615,0.36123013496398926,0.0,0.3772345781326294,0.5393005013465881,0.535984456539154,0.7545533776283264,2.0483310222625732,1.792259931564331,1.63581383228302,1.2635506391525269,1.2212448120117188,1.2316079139709473,0.9510301947593689,0.7285735011100769,0.9353342056274414,0.887188732624054,0.5381242632865906,0.6144730448722839,0.9070355892181396,0.7934787273406982,0.7611441612243652,2.24444317817688,1.9562705755233765,1.904916524887085,1.5330451726913452,1.6197311878204346,1.5635122060775757,1.2154974937438965,1.163306474685669,1.395843267440796,1.2404181957244873,0.9113929867744446,1.1241103410720825,1.3248729705810547,1.0812338590621948,1.1165738105773926,2.1697704792022705,1.798869252204895,1.6695761680603027,1.3563202619552612,1.3582385778427124,1.0977718830108643,0.8466696739196777,0.9924929141998291,1.041394591331482,0.7096162438392639,0.6812629699707031,1.039331078529358,1.0375585556030273,0.8827792406082153,1.189636468887329
B12,2.4650721549987793,2.096349000930786,2.0588672161102295,1.7398275136947632,1.826296329498291,1.6112147569656372,1.3051445484161377,1.4347922801971436,1.5602152347564697,1.2525911331176758,1.0879523754119873,1.424653172492981,1.480759859085083,1.223589539527893,1.4815295934677124,2.1086606979370117,1.8377501964569092,1.5782959461212158,1.2548348903656006,1.045820713043213,1.003747820854187,0.875167191028595,0.5780519247055054,0.5124388933181763,0.5473567843437195,0.3772345781326294,0.0,0.3616443872451782,0.509256899356842,0.5506395101547241,2.2767632007598877,2.0536904335021973,1.931175708770752,1.5627485513687134,1.5484278202056885,1.595822811126709,1.3091052770614624,1.0820201635360718,1.2924431562423706,1.2547310590744019,0.9004505276679993,0.9105257391929626,1.1857147216796875,1.0212085247039795,0.8789747357368469,2.5131025314331055,2.2150256633758545,2.2003607749938965,1.839491367340088,1.9540221691131592,1.8632919788360596,1.509568214416504,1.5099754333496094,1.726448655128479,1.5243297815322876,1.2216624021530151,1.4580119848251343,1.6101901531219482,1.3190646171569824,1.378455400466919,2.263103485107422,1.8972569704055786,1.7001674175262451,1.415664553642273,1.3173362016677856,1.0182288885116577,0.8799394369125366,0.982424259185791,0.8916811347007751,0.5298735499382019,0.6599400043487549,0.9425534009933472,0.82998126745224,0.759626030921936,1.11752188205719
B13,2.7775697708129883,2.418170928955078,2.38975191116333,2.0572917461395264,2.1404011249542236,1.945474624633789,1.6313921213150024,1.71550714969635,1.8402825593948364,1.5383541584014893,1.3332067728042603,1.6242625713348389,1.670254111289978,1.359434723854065,1.5688632726669312,2.3595962524414062,2.073277235031128,1.7908488512039185,1.4989670515060425,1.2500478029251099,1.1283279657363892,1.0630638599395752,0.8405381441116333,0.6243783235549927,0.5523626804351807,0.5393005013465881,0.3616443872451782,0.0,0.3704909682273865,0.5153303742408752,2.4686315059661865,2.255535364151001,2.081812858581543,1.724755883216858,1.6305593252182007,1.6858359575271606,1.4528664350509644,1.1584242582321167,1.2827417850494385,1.2785872220993042,0.9463865756988525,0.8163380026817322,1.0570539236068726,0.9240017533302307,0.6643201112747192,2.752871036529541,2.475851058959961,2.440645694732666,2.069326400756836,2.149466037750244,2.089543104171753,1.7468416690826416,1.6758970022201538,1.8747702836990356,1.6970953941345215,1.3646060228347778,1.5227166414260864,1.6726224422454834,1.3641314506530762,1.33588445186615,2.5844180583953857,2.2098453044891357,2.0332517623901367,1.7583931684494019,1.6741527318954468,1.3606098890304565,1.2263528108596802,1.3403252363204956,1.239491581916809,0.8788065910339355,0.9780749082565308,1.237005591392517,1.0668506622314453,0.9265213012695312,1.2936220169067383
