,A1,A2,A3,A4,A5,A6,A7,A8,A9,A10,A11,A12,A13,A14,A15,B1,B2,B3,B4,B5,B6,B7,B8,B9,B10,B11,B12,B13,B14,B15,C1,C2,C3,C4,C5,C6,C7,C8,C9,C10,C11,C12,C13,C14,C15,D1,D2,D3,D4,D5,D6,D7,D8,D9,D10,D11,D12,D13,D14,D15,E1,E2,E3,E4,E5,E6,E7,E8,E9,E10,E11,E12,E13,E14,E15
A1,0.0,0.3869951367378235,0.5869805216789246,0.848837673664093,1.0970617532730103,1.1338706016540527,1.1807299852371216,1.4384576082229614,1.6134804487228394,1.6799622774124146,1.7836791276931763,1.9883859157562256,2.1659886837005615,2.2610108852386475,2.440462350845337,2.1182234287261963,1.8540412187576294,1.6480644941329956,1.3156194686889648,1.193129301071167,1.4545882940292358,1.361441731452942,0.998391330242157,1.1558568477630615,1.4254803657531738,1.2349648475646973,0.9869902729988098,1.320251703262329,1.4601973295211792,1.2625230550765991,2.489158868789673,2.218289613723755,2.3307108879089355,1.9896992444992065,2.2200515270233154,2.3450777530670166,2.0117592811584473,1.9331843852996826,2.279247283935547,2.2849133014678955,1.949209451675415,2.0436298847198486,2.36202073097229,2.2039434909820557,2.0536577701568604,1.9495021104812622,1.770499348640442,2.083824872970581,1.9993475675582886,2.3516008853912354,2.259066581726074,1.9714257717132568,2.2159006595611572,2.506803035736084,2.34283185005188,2.2037150859832764,2.540276288986206,2.723888635635376,2.5418174266815186,2.659243583679199,1.0406402349472046,0.8879476189613342,0.9630497694015503,1.2296257019042969,1.3490241765975952,1.08967125415802,1.169721245765686,1.5355019569396973,1.5535436868667603,1.4621024131774902,1.6722686290740967,1.9376026391983032,1.96149742603302,2.0256917476654053,2.3054096698760986
A2,0.3869951367378235,0.0,0.36975234746932983,0.5506530404090881,0.853559136390686,0.8431744575500488,0.8199487328529358,1.1082568168640137,1.3068169355392456,1.338333249092102,1.4173072576522827,1.6488597393035889,1.8287628889083862,1.896140217781067,2.076653242111206,1.9331903457641602,1.6226816177368164,1.443196177482605,1.0900229215621948,1.0095330476760864,1.202479362487793,1.0449252128601074,0.6926499605178833,0.9046883583068848,1.1127262115478516,0.8769068717956543,0.6920120120048523,1.0603747367858887,1.1501270532608032,0.9874395728111267,2.2501628398895264,1.945695161819458,2.038357734680176,1.6934198141098022,1.9112215042114258,2.0030040740966797,1.6597217321395874,1.5898975133895874,1.927785873413086,1.910324215888977,1.5732084512710571,1.6915550231933594,1.9991754293441772,1.8337937593460083,1.7080999612808228,1.8257476091384888,1.584947109222412,1.8585437536239624,1.7280669212341309,2.061617374420166,1.9678864479064941,1.6558135747909546,1.8764798641204834,2.169551134109497,2.0023558139801025,1.8387068510055542,2.171236991882324,2.3595800399780273,2.17024302482605,2.276261806488037,1.0418872833251953,0.7736047506332397,0.8965276479721069,1.0519899129867554,1.2286328077316284,0.9632114768028259,0.9239962697029114,1.3080781698226929,1.3835798501968384,1.2497907876968384,1.3953996896743774,1.699296474456787,1.7506238222122192,1.7632286548614502,2.029547929763794
A3,0.5869805216789246,0.36975234746932983,0.0,0.37998783588409424,0.5351994037628174,0.5581889152526855,0.6644150614738464,0.8943749666213989,1.0301271677017212,1.1274751424789429,1.2566810846328735,1.4276703596115112,1.5955806970596313,1.7252330780029297,1.902453899383545,2.2217957973480225,1.8884717226028442,1.7468385696411133,1.3835817575454712,1.340476632118225,1.4779987335205078,1.2665760517120361,0.9479114413261414,1.1456423997879028,1.2686210870742798,0.9597406387329102,0.7979173064231873,1.1336352825164795,1.1224141120910645,0.8755956888198853,2.4207839965820312,2.0974693298339844,2.209242343902588,1.8843138217926025,2.10421085357666,2.1336491107940674,1.7727144956588745,1.7444380521774292,2.0561983585357666,1.9722779989242554,1.6317554712295532,1.7970302104949951,2.057706594467163,1.8331433534622192,1.7310831546783447,1.972607970237732,1.7040324211120605,1.948239803314209,1.8368752002716064,2.1341795921325684,1.9776976108551025,1.6723215579986572,1.913346290588379,2.160327911376953,1.93674898147583,1.7932233810424805,2.148475170135498,2.2831192016601562,2.0619280338287354,2.201545000076294,1.3861017227172852,1.0858815908432007,1.1270081996917725,1.2303168773651123,1.3346011638641357,0.9977816939353943,0.9538639783859253,1.3206779956817627,1.3267598152160645,1.1092442274093628,1.2882483005523682,1.6069848537445068,1.5864123106002808,1.5720949172973633,1.8758877515792847
A4,0.848837673664093,0.5506530404090881,0.37998783588409424,0.0,0.3869243562221527,0.5309945940971375,0.4639372229576111,0.6055088043212891,0.8559437394142151,0.9835600852966309,1.011918306350708,1.1700934171676636,1.4046916961669922,1.51327645778656,1.638519048690796,2.056624174118042,1.709715485572815,1.6389250755310059,1.2663980722427368,1.326755404472351,1.4351967573165894,1.1510101556777954,0.9229151606559753,1.2053804397583008,1.2612147331237793,0.9160483479499817,0.9102699160575867,1.2529785633087158,1.173364281654358,0.9962774515151978,2.1249210834503174,1.7946947813034058,1.9313774108886719,1.637691617012024,1.8840864896774292,1.8727184534072876,1.5071995258331299,1.5486705303192139,1.8603683710098267,1.746146559715271,1.4385772943496704,1.6684532165527344,1.9135098457336426,1.6959397792816162,1.6666291952133179,1.710482120513916,1.407584547996521,1.6166608333587646,1.5090550184249878,1.784565806388855,1.6069667339324951,1.3081859350204468,1.5670133829116821,1.7960638999938965,1.5685820579528809,1.4507637023925781,1.8150889873504639,1.9395599365234375,1.743395209312439,1.909360647201538,1.3836379051208496,1.0219155550003052,1.0099985599517822,1.0015976428985596,1.0919057130813599,0.7641599774360657,0.6324681639671326,0.9790486097335815,1.0115362405776978,0.7757577896118164,0.9131736159324646,1.2432861328125,1.2526118755340576,1.2275547981262207,1.513081431388855
A5,1.0970617532730103,0.853559136390686,0.5351994037628174,0.3869243562221527,0.0,0.37477871775627136,0.5159540176391602,0.49141842126846313,0.5959849953651428,0.8342494368553162,0.9365226626396179,0.9899864792823792,1.1951042413711548,1.388846755027771,1.5103012323379517,2.4163265228271484,2.058985710144043,2.0013203620910645,1.6358497142791748,1.6876882314682007,1.757642149925232,1.4635151624679565,1.2486183643341064,1.482879877090454,1.485138177871704,1.1171129941940308,1.1058813333511353,1.3897705078125,1.231860876083374,0.9941338300704956,2.4063427448272705,2.067405939102173,2.2075109481811523,1.9362155199050903,2.165043592453003,2.099982261657715,1.7347538471221924,1.7976983785629272,2.0684845447540283,1.8951596021652222,1.5941156148910522,1.8469258546829224,2.0358455181121826,1.7629121541976929,1.750752568244934,1.9924476146697998,1.6808485984802246,1.850083827972412,1.7606072425842285,1.9851386547088623,1.750646948814392,1.4739042520523071,1.7304348945617676,1.8982231616973877,1.611470103263855,1.516698956489563,1.8882737159729004,1.9445164203643799,1.708193302154541,1.905144214630127,1.7639557123184204,1.4071576595306396,1.3680367469787598,1.3447906970977783,1.37404465675354,1.0206844806671143,0.9116112589836121,1.1850231885910034,1.1347758769989014,0.807426929473877,0.965314507484436,1.2908738851547241,1.1976962089538574,1.1203440427780151,1.4499961137771606
A6,1.1338706016540527,0.8431744575500488,0.5581889152526855,0.5309945940971375,0.37477871775627136,0.0,0.364329993724823,0.5334375500679016,0.5141321420669556,0.5968112945556641,0.8046596646308899,0.9478821754455566,1.0564274787902832,1.218269944190979,1.4197542667388916,2.4121387004852295,2.0380849838256836,1.9422966241836548,1.602975845336914,1.5974786281585693,1.6047147512435913,1.3348140716552734,1.1168797016143799,1.2733036279678345,1.2308200597763062,0.871237576007843,0.8474401831626892,1.0706849098205566,0.8799828886985779,0.6320732235908508,2.4952471256256104,2.133746385574341,2.2124433517456055,1.9140022993087769,2.084357261657715,2.021172046661377,1.6621251106262207,1.6613584756851196,1.901766300201416,1.7300664186477661,1.4005805253982544,1.610887050628662,1.7855464220046997,1.4933432340621948,1.4394187927246094,2.2041449546813965,1.8738889694213867,2.0285987854003906,1.872971534729004,2.0927553176879883,1.8976919651031494,1.5816936492919922,1.770287275314331,1.9649686813354492,1.6909024715423584,1.518656611442566,1.8652554750442505,1.9489502906799316,1.671297311782837,1.8082327842712402,1.8125097751617432,1.4670871496200562,1.5215823650360107,1.4971944093704224,1.6091364622116089,1.283622145652771,1.1121234893798828,1.4145221710205078,1.440222978591919,1.1216002702713013,1.1926428079605103,1.552870273590088,1.5011205673217773,1.360482096672058,1.6630332469940186
A7,1.1807299852371216,0.8199487328529358,0.6644150614738464,0.4639372229576111,0.5159540176391602,0.364329993724823,0.0,0.3838188052177429,0.5735699534416199,0.5595594644546509,0.6038936376571655,0.8457591533660889,1.0223844051361084,1.087071418762207,1.2633551359176636,2.095156192779541,1.71389901638031,1.651714563369751,1.32282292842865,1.3721901178359985,1.3499009609222412,1.0396140813827515,0.8954242467880249,1.1081501245498657,1.0268757343292236,0.6538208723068237,0.7735781073570251,1.0239113569259644,0.8343205451965332,0.7285173535346985,2.1524531841278076,1.7843185663223267,1.851663589477539,1.5590569972991943,1.7314938306808472,1.6617488861083984,1.3006622791290283,1.3213324546813965,1.572636365890503,1.4067643880844116,1.087638020515442,1.3318078517913818,1.5249748229980469,1.2683212757110596,1.260189414024353,1.9506710767745972,1.601462960243225,1.730692982673645,1.5409833192825317,1.7573661804199219,1.5917608737945557,1.2572461366653442,1.4239475727081299,1.6447780132293701,1.4024444818496704,1.2042796611785889,1.5476034879684448,1.672513723373413,1.4228061437606812,1.5448256731033325,1.6390732526779175,1.2719472646713257,1.3461936712265015,1.2521175146102905,1.4105216264724731,1.1424342393875122,0.8874806761741638,1.175175666809082,1.2842941284179688,1.001529574394226,0.9802222847938538,1.3560682535171509,1.3869171142578125,1.2352635860443115,1.4889932870864868
A8,1.4384576082229614,1.1082568168640137,0.8943749666213989,0.6055088043212891,0.49141842126846313,0.5334375500679016,0.3838188052177429,0.0,0.38159987330436707,0.5507452487945557,0.4877595603466034,0.5663252472877502,0.8391994833946228,0.9663304686546326,1.0522761344909668,2.2657060623168945,1.8895604610443115,1.893009066581726,1.56279718875885,1.6791529655456543,1.66025710105896,1.3184808492660522,1.2299127578735352,1.4747753143310547,1.3688141107559204,1.0045994520187378,1.1572397947311401,1.3902299404144287,1.1551645994186401,1.0429359674453735,2.1509604454040527,1.7901442050933838,1.9021897315979004,1.6682121753692627,1.8671373128890991,1.7334063053131104,1.3819690942764282,1.4969689846038818,1.7205606698989868,1.49501371383667,1.2392427921295166,1.54826819896698,1.686059594154358,1.4136983156204224,1.4872753620147705,1.926270842552185,1.5668220520019531,1.64606773853302,1.5022375583648682,1.660796046257019,1.424048900604248,1.133946418762207,1.3347315788269043,1.4760633707046509,1.1766595840454102,1.052623987197876,1.4174270629882812,1.4648585319519043,1.21858811378479,1.4166439771652222,1.8771830797195435,1.4917526245117188,1.4822050333023071,1.3325562477111816,1.4080928564071655,1.1395965814590454,0.8858122825622559,1.0726200342178345,1.125485897064209,0.791815996170044,0.735893189907074,1.100177526473999,1.080600380897522,0.8813816905021667,1.1507534980773926
A9,1.6134804487228394,1.3068169355392456,1.0301271677017212,0.8559437394142151,0.5959849953651428,0.5141321420669556,0.5735699534416199,0.38159987330436707,0.0,0.3681689202785492,0.5184863209724426,0.47999662160873413,0.6035475730895996,0.8444053530693054,0.9861752986907959,2.6027839183807373,2.2187976837158203,2.1965837478637695,1.8758465051651,1.9437087774276733,1.8938417434692383,1.5755951404571533,1.4638161659240723,1.6398507356643677,1.5020105838775635,1.1468006372451782,1.2557164430618286,1.4157449007034302,1.1254562139511108,0.9716251492500305,2.5092101097106934,2.1418604850769043,2.2273688316345215,1.9910045862197876,2.1488800048828125,1.99362313747406,1.655846357345581,1.7367075681686401,1.9135712385177612,1.6563371419906616,1.3955574035644531,1.6770058870315552,1.7599540948867798,1.4344536066055298,1.4902867078781128,2.304684638977051,1.9469413757324219,2.0161707401275635,1.8668268918991089,1.9981036186218262,1.750543475151062,1.4733316898345947,1.634576439857483,1.7393823862075806,1.4146636724472046,1.277437448501587,1.6108261346817017,1.6079823970794678,1.3041502237319946,1.4860961437225342,2.1847689151763916,1.8096997737884521,1.820216417312622,1.701440691947937,1.7717466354370117,1.476382851600647,1.254523515701294,1.443729281425476,1.4560517072677612,1.095673680305481,1.068198323249817,1.4061464071273804,1.3167057037353516,1.0722191333770752,1.35236656665802
A10,1.6799622774124146,1.338333249092102,1.1274751424789429,0.9835600852966309,0.8342494368553162,0.5968112945556641,0.5595594644546509,0.5507452487945557,0.3681689202785492,0.0,0.3655478358268738,0.5357849597930908,0.5205056071281433,0.632815957069397,0.8846120238304138,2.4982242584228516,2.106292963027954,2.0659468173980713,1.7831205129623413,1.8224823474884033,1.7063862085342407,1.4088672399520874,1.3380827903747559,1.4540609121322632,1.252832293510437,0.9356274604797363,1.0953558683395386,1.1782869100570679,0.8469640612602234,0.7884483933448792,2.4788050651550293,2.097137689590454,2.1210336685180664,1.869981050491333,1.9680488109588623,1.8104981184005737,1.490482211112976,1.5185052156448364,1.6544442176818848,1.3961430788040161,1.1230618953704834,1.372645616531372,1.4296289682388306,1.0888100862503052,1.1354573965072632,2.4040331840515137,2.033726692199707,2.0875165462493896,1.8756983280181885,2.000822067260742,1.8082069158554077,1.498502254486084,1.5822341442108154,1.7208209037780762,1.4349807500839233,1.211618185043335,1.503231167793274,1.548519492149353,1.2179522514343262,1.3152719736099243,2.179457187652588,1.8165109157562256,1.8972951173782349,1.7651594877243042,1.9069889783859253,1.6455042362213135,1.3740425109863281,1.5831716060638428,1.6731127500534058,1.3419519662857056,1.2489675283432007,1.6066486835479736,1.586121916770935,1.3214224576950073,1.548994779586792
A11,1.7836791276931763,1.4173072576522827,1.2566810846328735,1.011918306350708,0.9365226626396179,0.8046596646308899,0.6038936376571655,0.4877595603466034,0.5184863209724426,0.3655478358268738,0.0,0.37723395228385925,0.5368452668190002,0.5122305750846863,0.6634706258773804,2.2948803901672363,1.9069161415100098,1.9260658025741577,1.6593354940414429,1.7698875665664673,1.6408545970916748,1.307021975517273,1.3212320804595947,1.4941625595092773,1.2720550298690796,0.9672941565513611,1.2222163677215576,1.3405479192733765,1.0349582433700562,1.053328514099121,2.175764322280884,1.7964459657669067,1.82707941532135,1.6153030395507812,1.724104881286621,1.5265294313430786,1.2153198719024658,1.3154398202896118,1.4434545040130615,1.15675687789917,0.9389384388923645,1.2592283487319946,1.3076281547546387,1.0087852478027344,1.1527690887451172,2.1759159564971924,1.795607328414917,1.8011995553970337,1.5796077251434326,1.6666804552078247,1.4758745431900024,1.1757941246032715,1.235710620880127,1.3576759099960327,1.0775789022445679,0.8472093343734741,1.146095633506775,1.1981401443481445,0.8870840072631836,1.0106711387634277,2.1215274333953857,1.7460037469863892,1.8062982559204102,1.6070301532745361,1.7487900257110596,1.5423766374588013,1.2273184061050415,1.3688753843307495,1.504015564918518,1.2059917449951172,1.0206148624420166,1.3627278804779053,1.3999667167663574,1.1146849393844604,1.2825095653533936
A12,1.9883859157562256,1.6488597393035889,1.4276703596115112,1.1700934171676636,0.9899864792823792,0.9478821754455566,0.8457591533660889,0.5663252472877502,0.47999662160873413,0.5357849597930908,0.37723395228385925,0.0,0.3726557791233063,0.5327234268188477,0.5376660227775574,2.587834119796753,2.207829475402832,2.2546467781066895,1.9728916883468628,2.1055657863616943,2.0025644302368164,1.658949613571167,1.6564059257507324,1.8489069938659668,1.6436657905578613,1.3249056339263916,1.5431642532348633,1.6719796657562256,1.352894902229309,1.3111512660980225,2.3542590141296387,1.9911580085754395,2.063605785369873,1.8938325643539429,2.0267527103424072,1.795741319656372,1.5012387037277222,1.6536824703216553,1.7660869359970093,1.4515981674194336,1.285327672958374,1.6173288822174072,1.6267825365066528,1.3205339908599854,1.4889700412750244,2.2970941066741943,1.922994613647461,1.9021999835968018,1.7368706464767456,1.7778797149658203,1.5207924842834473,1.2837632894515991,1.3781874179840088,1.4054871797561646,1.0666552782058716,0.9449317455291748,1.2370444536209106,1.1720075607299805,0.8557950258255005,1.071973204612732,2.38928484916687,2.00313401222229,2.0047731399536133,1.7990586757659912,1.8696484565734863,1.6463487148284912,1.367644190788269,1.4490073919296265,1.5095432996749878,1.1832258701324463,1.0097352266311646,1.3018046617507935,1.2595099210739136,0.9272788763046265,1.1029711961746216
A13,2.1659886837005615,1.8287628889083862,1.5955806970596313,1.4046916961669922,1.1951042413711548,1.0564274787902832,1.0223844051361084,0.8391994833946228,0.6035475730895996,0.5205056071281433,0.5368452668190002,0.3726557791233063,0.0,0.36820170283317566,0.5193749070167542,2.8235208988189697,2.43635630607605,2.4537458419799805,2.1909444332122803,2.2779109477996826,2.1338818073272705,1.819300651550293,1.8110156059265137,1.9370226860046387,1.6945703029632568,1.4078750610351562,1.6075196266174316,1.6571077108383179,1.3029335737228394,1.2787108421325684,2.650130033493042,2.2786529064178467,2.306605577468872,2.1248395442962646,2.204594135284424,1.9663457870483398,1.6938331127166748,1.7922755479812622,1.8522717952728271,1.524207592010498,1.3574954271316528,1.64085853099823,1.5903511047363281,1.2468576431274414,1.3997411727905273,2.6466610431671143,2.2690372467041016,2.2490012645721436,2.0557312965393066,2.0886454582214355,1.8565157651901245,1.610967993736267,1.6528671979904175,1.6796786785125732,1.3619582653045654,1.1945043802261353,1.4249390363693237,1.350831151008606,0.9931530356407166,1.1244306564331055,2.629552125930786,2.2531497478485107,2.294501304626465,2.1097640991210938,2.207895517349243,1.9695560932159424,1.69083571434021,1.8049699068069458,1.8698347806930542,1.5328764915466309,1.3788025379180908,1.6741278171539307,1.6175216436386108,1.2808400392532349,1.446166753768921
A14,2.2610108852386475,1.896140217781067,1.7252330780029297,1.51327645778656,1.388846755027771,1.218269944190979,1.087071418762207,0.9663304686546326,0.8444053530693054,0.632815957069397,0.5122305750846863,0.5327234268188477,0.36820170283317566,0.0,0.35478347539901733,2.6420834064483643,2.260136127471924,2.2947630882263184,2.0763370990753174,2.175492286682129,1.980675220489502,1.6766787767410278,1.739748239517212,1.846706509590149,1.5573363304138184,1.3249887228012085,1.5903836488723755,1.604335069656372,1.2552138566970825,1.3318878412246704,2.4770939350128174,2.104735851287842,2.0844194889068604,1.9204212427139282,1.9511390924453735,1.6896504163742065,1.455552339553833,1.54716956615448,1.5526692867279053,1.2080247402191162,1.0913068056106567,1.3709406852722168,1.2731330394744873,0.9502649307250977,1.1678130626678467,2.6093688011169434,2.2258946895599365,2.173267126083374,1.9337804317474365,1.9394789934158325,1.7602136135101318,1.5066624879837036,1.4672565460205078,1.505949854850769,1.2409535646438599,1.0065710544586182,1.17247474193573,1.1421500444412231,0.7749337553977966,0.8126977682113647,2.5965752601623535,2.230006456375122,2.3077497482299805,2.0893728733062744,2.2337515354156494,2.044001340866089,1.7236782312393188,1.8217908143997192,1.9558992385864258,1.6571515798568726,1.4365801811218262,1.73072350025177,1.7506670951843262,1.410785436630249,1.5106080770492554
A15,2.440462350845337,2.076653242111206,1.902453899383545,1.638519048690796,1.5103012323379517,1.4197542667388916,1.2633551359176636,1.0522761344909668,0.9861752986907959,0.8846120238304138,0.6634706258773804,0.5376660227775574,0.5193749070167542,0.35478347539901733,0.0,2.6905357837677,2.3220646381378174,2.4094972610473633,2.19289493560791,2.3453433513641357,2.1668035984039307,1.8393354415893555,1.932605266571045,2.087076425552368,1.809627890586853,1.5671288967132568,1.852960467338562,1.9080365896224976,1.571986436843872,1.6347569227218628,2.3905935287475586,2.037853717803955,2.047682046890259,1.9414176940917969,1.995832085609436,1.693178415298462,1.4850966930389404,1.6554327011108398,1.6532613039016724,1.289812445640564,1.248610496520996,1.5694315433502197,1.4627280235290527,1.1917980909347534,1.4576164484024048,2.5435376167297363,2.1652698516845703,2.063852310180664,1.8550398349761963,1.800688624382019,1.5916101932525635,1.3976736068725586,1.3519240617752075,1.3052771091461182,1.0237009525299072,0.867547869682312,1.0021936893463135,0.8744397163391113,0.5141632556915283,0.6571587920188904,2.7168688774108887,2.3408141136169434,2.374593496322632,2.117711067199707,2.222529888153076,2.062893867492676,1.744659423828125,1.7675824165344238,1.8898661136627197,1.6134531497955322,1.3508992195129395,1.5859577655792236,1.607774257659912,1.2488336563110352,1.2818799018859863
B1,2.1182234287261963,1.9331903457641602,2.2217957973480225,2.056624174118042,2.4163265228271484,2.4121387004852295,2.095156192779541,2.2657060623168945,2.6027839183807373,2.4982242584228516,2.2948803901672363,2.587834119796753,2.8235208988189697,2.6420834064483643,2.6905357837677,0.0,0.3926602900028229,0.5937920808792114,0.8589996099472046,1.0976580381393433,1.141719102859497,1.1941499710083008,1.4399023056030273,1.6059447526931763,1.6832486391067505,1.7832859754562378,1.9612270593643188,2.1447486877441406,2.265113115310669,2.426208734512329,0.9995775818824768,0.9730801582336426,0.8737735748291016,0.7669127583503723,0.876150369644165,1.2190266847610474,1.240971565246582,1.200524091720581,1.4335538148880005,1.6939219236373901,1.679657220840454,1.6815062761306763,1.9809006452560425,2.1550397872924805,2.177089214324951,1.4011019468307495,1.3474221229553223,1.4234532117843628,1.207822561264038,1.4477289915084839,1.7380188703536987,1.5956884622573853,1.549323558807373,1.8848639726638794,2.071370840072632,1.932879090309143,1.9911794662475586,2.3390777111053467,2.4057514667510986,2.369534730911255,1.2274000644683838,1.2609052658081055,1.4322454929351807,1.2822307348251343,1.5872695446014404,1.825619101524353,1.6721986532211304,1.7015950679779053,2.0446109771728516,2.1913249492645264,2.050807476043701,2.15653657913208,2.488363265991211,2.5230653285980225,2.513371706008911
B2,1.8540412187576294,1.6226816177368164,1.8884717226028442,1.709715485572815,2.058985710144043,2.0380849838256836,1.71389901638031,1.8895604610443115,2.2187976837158203,2.106292963027954,1.9069161415100098,2.207829475402832,2.43635630607605,2.260136127471924,2.3220646381378174,0.3926602900028229,0.0,0.37119969725608826,0.5498717427253723,0.8440483212471008,0.8462035655975342,0.8254250884056091,1.0979067087173462,1.2922314405441284,1.3374996185302734,1.4088209867477417,1.6132546663284302,1.8033771514892578,1.895933747291565,2.0566070079803467,0.9988634586334229,0.8214318156242371,0.7210761308670044,0.4635576009750366,0.6391661167144775,0.9589368104934692,0.8994610905647278,0.8540384769439697,1.140186071395874,1.3663188219070435,1.3135432004928589,1.3475635051727295,1.659717082977295,1.7987600564956665,1.8250149488449097,1.338363766670227,1.1825459003448486,1.267141342163086,0.9897398948669434,1.2605763673782349,1.5040663480758667,1.3015530109405518,1.2635571956634521,1.6257362365722656,1.7687768936157227,1.5987046957015991,1.6917662620544434,2.0393483638763428,2.068664312362671,2.038909912109375,1.1047048568725586,1.0303750038146973,1.2299270629882812,1.0427367687225342,1.3866060972213745,1.5690964460372925,1.3661830425262451,1.432781457901001,1.7877954244613647,1.8856922388076782,1.7330877780914307,1.8841530084609985,2.2016522884368896,2.2044167518615723,2.217829704284668
B3,1.6480644941329956,1.443196177482605,1.7468385696411133,1.6389250755310059,2.0013203620910645,1.9422966241836548,1.651714563369751,1.893009066581726,2.1965837478637695,2.0659468173980713,1.9260658025741577,2.2546467781066895,2.4537458419799805,2.2947630882263184,2.4094972610473633,0.5937920808792114,0.37119969725608826,0.0,0.381083607673645,0.5244759321212769,0.5653990507125854,0.676250696182251,0.8859578967094421,1.0160629749298096,1.130074381828308,1.25375235080719,1.3935438394546509,1.567921757698059,1.721863865852356,1.879990577697754,1.363696575164795,1.168443202972412,1.065995693206787,0.7492934465408325,0.8454338312149048,1.1770817041397095,1.0665168762207031,0.9009979963302612,1.207411289215088,1.4525552988052368,1.3236480951309204,1.2896511554718018,1.64141047000885,1.7655483484268188,1.7182315587997437,1.549809217453003,1.3926349878311157,1.5431227684020996,1.2755169868469238,1.5774747133255005,1.7748457193374634,1.5253608226776123,1.516624927520752,1.8930671215057373,1.985410451889038,1.7776731252670288,1.90681791305542,2.2526495456695557,2.2269504070281982,2.1866986751556396,0.915789783000946,0.8953044414520264,1.1863409280776978,1.1020684242248535,1.473726511001587,1.5942929983139038,1.4136927127838135,1.5703974962234497,1.8988152742385864,1.9598890542984009,1.855562686920166,2.055241107940674,2.337102174758911,2.3349766731262207,2.399820327758789
B4,1.3156194686889648,1.0900229215621948,1.3835817575454712,1.2663980722427368,1.6358497142791748,1.602975845336914,1.32282292842865,1.56279718875885,1.8758465051651,1.7831205129623413,1.6593354940414429,1.9728916883468628,2.1909444332122803,2.0763370990753174,2.19289493560791,0.8589996099472046,0.5498717427253723,0.381083607673645,0.0,0.3829963505268097,0.5500050187110901,0.4910857677459717,0.6039569973945618,0.8508221507072449,0.9945016503334045,1.013802170753479,1.1363160610198975,1.3806204795837402,1.5086182355880737,1.6124423742294312,1.4001970291137695,1.1467747688293457,1.137537956237793,0.7825363278388977,0.9863024353981018,1.228525161743164,1.0090495347976685,0.9007577300071716,1.2649664878845215,1.4227502346038818,1.226611852645874,1.2724858522415161,1.632007122039795,1.675323724746704,1.6283469200134277,1.3838504552841187,1.1797139644622803,1.3787715435028076,1.1345652341842651,1.4772109985351562,1.5980018377304077,1.3186237812042236,1.3887275457382202,1.762149453163147,1.7918639183044434,1.5982927083969116,1.7954035997390747,2.1096630096435547,2.052638053894043,2.06158185005188,0.719464123249054,0.5667038559913635,0.8650621771812439,0.7897622585296631,1.1705172061920166,1.239717960357666,1.0601422786712646,1.2646147012710571,1.570582389831543,1.610234022140503,1.5407779216766357,1.7629222869873047,2.0164098739624023,2.023918390274048,2.125408172607422
B5,1.193129301071167,1.0095330476760864,1.340476632118225,1.326755404472351,1.6876882314682007,1.5974786281585693,1.3721901178359985,1.6791529655456543,1.9437087774276733,1.8224823474884033,1.7698875665664673,2.1055657863616943,2.2779109477996826,2.175492286682129,2.3453433513641357,1.0976580381393433,0.8440483212471008,0.5244759321212769,0.3829963505268097,0.0,0.39024341106414795,0.5353205800056458,0.4950077533721924,0.593658983707428,0.8453794121742249,0.94413161277771,0.9625793099403381,1.1687623262405396,1.3791338205337524,1.484068751335144,1.7705546617507935,1.5201059579849243,1.472369909286499,1.105514407157898,1.2215776443481445,1.4787869453430176,1.2618356943130493,1.0550817251205444,1.3905457258224487,1.5679478645324707,1.3221745491027832,1.2832170724868774,1.659134030342102,1.6936440467834473,1.5657167434692383,1.720144271850586,1.529645562171936,1.750800609588623,1.5093203783035278,1.846914529800415,1.9498398303985596,1.6475681066513062,1.711230754852295,2.085780382156372,2.0857088565826416,1.8575776815414429,2.0622470378875732,2.374701738357544,2.2725844383239746,2.258404016494751,0.714409351348877,0.6590999364852905,1.0293152332305908,1.070697546005249,1.4356471300125122,1.4365798234939575,1.2883766889572144,1.5583853721618652,1.826723575592041,1.8228219747543335,1.7943209409713745,2.053410530090332,2.268254041671753,2.261756420135498,2.4027321338653564
B6,1.4545882940292358,1.202479362487793,1.4779987335205078,1.4351967573165894,1.757642149925232,1.6047147512435913,1.3499009609222412,1.66025710105896,1.8938417434692383,1.7063862085342407,1.6408545970916748,2.0025644302368164,2.1338818073272705,1.980675220489502,2.1668035984039307,1.141719102859497,0.8462035655975342,0.5653990507125854,0.5500050187110901,0.39024341106414795,0.0,0.36896708607673645,0.53102707862854,0.5007233023643494,0.5924252867698669,0.8033291101455688,0.9231669306755066,1.0269438028335571,1.2097923755645752,1.4026037454605103,1.7844129800796509,1.5026739835739136,1.3735934495925903,1.0037765502929688,1.0090126991271973,1.247975468635559,1.0616744756698608,0.770517885684967,1.0605835914611816,1.2640761137008667,1.0314491987228394,0.9247215390205383,1.2999728918075562,1.3745344877243042,1.2452306747436523,1.9217995405197144,1.6863141059875488,1.8399163484573364,1.537105917930603,1.8221684694290161,1.9432207345962524,1.6238439083099365,1.6081386804580688,1.9819574356079102,1.9949320554733276,1.7179245948791504,1.878123164176941,2.2070140838623047,2.0929603576660156,2.0254788398742676,1.0969659090042114,0.9863709807395935,1.3348308801651,1.2899224758148193,1.6669288873672485,1.6576478481292725,1.4347686767578125,1.6845718622207642,1.983855128288269,1.9380662441253662,1.845328688621521,2.1276612281799316,2.352342367172241,2.2868337631225586,2.4058258533477783
B7,1.361441731452942,1.0449252128601074,1.2665760517120361,1.1510101556777954,1.4635151624679565,1.3348140716552734,1.0396140813827515,1.3184808492660522,1.5755951404571533,1.4088672399520874,1.307021975517273,1.658949613571167,1.819300651550293,1.6766787767410278,1.8393354415893555,1.1941499710083008,0.8254250884056091,0.676250696182251,0.4910857677459717,0.5353205800056458,0.36896708607673645,0.0,0.3837359547615051,0.5654052495956421,0.5495389103889465,0.5909267663955688,0.8162069916725159,0.9936123490333557,1.0741591453552246,1.2422826290130615,1.6232421398162842,1.2956072092056274,1.215428113937378,0.8375361561775208,0.9236403703689575,1.071942925453186,0.8035477995872498,0.5979078412055969,0.9468165040016174,1.0582754611968994,0.7950894236564636,0.8262906670570374,1.1889903545379639,1.2010339498519897,1.138744592666626,1.7239205837249756,1.439632534980774,1.5743941068649292,1.2671916484832764,1.546218752861023,1.6227976083755493,1.2873035669326782,1.2966872453689575,1.663320541381836,1.6457154750823975,1.375305414199829,1.5707039833068848,1.8813916444778442,1.7610377073287964,1.7289865016937256,1.1200178861618042,0.8862708210945129,1.1774131059646606,1.0633351802825928,1.4269249439239502,1.394831895828247,1.1268987655639648,1.3689539432525635,1.6714016199111938,1.6042300462722778,1.4888923168182373,1.7812103033065796,2.0020177364349365,1.9225146770477295,2.040806531906128
B8,0.998391330242157,0.6926499605178833,0.9479114413261414,0.9229151606559753,1.2486183643341064,1.1168797016143799,0.8954242467880249,1.2299127578735352,1.4638161659240723,1.3380827903747559,1.3212320804595947,1.6564059257507324,1.8110156059265137,1.739748239517212,1.932605266571045,1.4399023056030273,1.0979067087173462,0.8859578967094421,0.6039569973945618,0.4950077533721924,0.53102707862854,0.3837359547615051,0.0,0.3778800070285797,0.5503188967704773,0.48596009612083435,0.5325572490692139,0.8084808588027954,0.9449690580368042,1.0209838151931763,1.8875172138214111,1.566274642944336,1.5469286441802979,1.1701455116271973,1.301245093345642,1.4387550354003906,1.1384353637695312,0.9672035574913025,1.3019152879714966,1.3667612075805664,1.0485442876815796,1.0872782468795776,1.4384965896606445,1.3729183673858643,1.2471204996109009,1.788622498512268,1.5170948505401611,1.7182291746139526,1.467370629310608,1.7812153100967407,1.7977768182754517,1.4553545713424683,1.5462367534637451,1.8959269523620605,1.8179181814193726,1.5707736015319824,1.824270486831665,2.0955066680908203,1.9354016780853271,1.9455757141113281,0.981370747089386,0.733137309551239,1.0383751392364502,1.0360345840454102,1.369493007659912,1.257872462272644,1.05107581615448,1.37307870388031,1.6105804443359375,1.514554738998413,1.4873930215835571,1.8021830320358276,1.9674843549728394,1.9128646850585938,2.092106819152832
B9,1.1558568477630615,0.9046883583068848,1.1456423997879028,1.2053804397583008,1.482879877090454,1.2733036279678345,1.1081501245498657,1.4747753143310547,1.6398507356643677,1.4540609121322632,1.4941625595092773,1.8489069938659668,1.9370226860046387,1.846706509590149,2.087076425552368,1.6059447526931763,1.2922314405441284,1.0160629749298096,0.8508221507072449,0.593658983707428,0.5007233023643494,0.5654052495956421,0.3778800070285797,0.0,0.3736095428466797,0.5314414501190186,0.47171878814697266,0.5803563594818115,0.8334793448448181,0.9734819531440735,2.1680526733398438,1.8523238897323608,1.7727559804916382,1.3935086727142334,1.4326772689819336,1.5906034708023071,1.33310067653656,1.069585919380188,1.3394715785980225,1.4409856796264648,1.115540862083435,1.0323411226272583,1.378610372543335,1.3334437608718872,1.120464563369751,2.144059658050537,1.882503628730774,2.072375535964966,1.7983663082122803,2.093329429626465,2.1301827430725098,1.781291127204895,1.8235093355178833,2.1739859580993652,2.10124135017395,1.8166481256484985,2.037452459335327,2.317964553833008,2.131953716278076,2.092416524887085,1.1949564218521118,1.0375233888626099,1.3737537860870361,1.4037728309631348,1.7407207489013672,1.6201703548431396,1.4223374128341675,1.747351050376892,1.9798048734664917,1.8601652383804321,1.8299751281738281,2.15912127494812,2.3115150928497314,2.2293550968170166,2.4141218662261963
B10,1.4254803657531738,1.1127262115478516,1.2686210870742798,1.2612147331237793,1.485138177871704,1.2308200597763062,1.0268757343292236,1.3688141107559204,1.5020105838775635,1.252832293510437,1.2720550298690796,1.6436657905578613,1.6945703029632568,1.5573363304138184,1.809627890586853,1.6832486391067505,1.3374996185302734,1.130074381828308,0.9945016503334045,0.8453794121742249,0.5924252867698669,0.5495389103889465,0.5503188967704773,0.3736095428466797,0.0,0.37366101145744324,0.5387557148933411,0.510259747505188,0.6347141861915588,0.8894125819206238,2.143871545791626,1.801174283027649,1.6831870079040527,1.3239599466323853,1.3039785623550415,1.392295479774475,1.144538402557373,0.8639839291572571,1.070885419845581,1.1322933435440063,0.798323929309845,0.6947185397148132,1.0192245244979858,0.9631773829460144,0.7542184591293335,2.243321418762207,1.941818356513977,2.071775197982788,1.7607581615447998,2.0025618076324463,2.034937858581543,1.6785598993301392,1.6634093523025513,1.9950746297836304,1.919155478477478,1.5994552373886108,1.7892277240753174,2.0665102005004883,1.8629374504089355,1.7861162424087524,1.4876422882080078,1.2760350704193115,1.5817233324050903,1.528861403465271,1.8644394874572754,1.7421622276306152,1.48019540309906,1.7713819742202759,2.0242786407470703,1.8691091537475586,1.7762913703918457,2.118903636932373,2.275423526763916,2.1377615928649902,2.2993364334106445
B11,1.2349648475646973,0.8769068717956543,0.9597406387329102,0.9160483479499817,1.1171129941940308,0.871237576007843,0.6538208723068237,1.0045994520187378,1.1468006372451782,0.9356274604797363,0.9672941565513611,1.3249056339263916,1.4078750610351562,1.3249887228012085,1.5671288967132568,1.7832859754562378,1.4088209867477417,1.25375235080719,1.013802170753479,0.94413161277771,0.8033291101455688,0.5909267663955688,0.48596009612083435,0.5314414501190186,0.37366101145744324,0.0,0.38091355562210083,0.5380381345748901,0.5089474320411682,0.6618502736091614,2.1008050441741943,1.7378240823745728,1.6882671117782593,1.3371161222457886,1.4019054174423218,1.4276236295700073,1.1132233142852783,0.945080578327179,1.1921217441558838,1.153069019317627,0.7857985496520996,0.8548262715339661,1.1372337341308594,0.9777279496192932,0.8421794176101685,2.0891005992889404,1.7637860774993896,1.9004589319229126,1.621055006980896,1.8651906251907349,1.8320543766021729,1.4694042205810547,1.5160114765167236,1.8237462043762207,1.691345453262329,1.3972843885421753,1.6482902765274048,1.8835060596466064,1.6576918363571167,1.6445446014404297,1.4590129852294922,1.1720025539398193,1.4147021770477295,1.3492308855056763,1.6425156593322754,1.4699769020080566,1.2013270854949951,1.5072567462921143,1.7247194051742554,1.5337272882461548,1.4604694843292236,1.8187308311462402,1.9417353868484497,1.8008705377578735,1.9906067848205566
B12,0.9869902729988098,0.6920120120048523,0.7979173064231873,0.9102699160575867,1.1058813333511353,0.8474401831626892,0.7735781073570251,1.1572397947311401,1.2557164430618286,1.0953558683395386,1.2222163677215576,1.5431642532348633,1.6075196266174316,1.5903836488723755,1.852960467338562,1.9612270593643188,1.6132546663284302,1.3935438394546509,1.1363160610198975,0.9625793099403381,0.9231669306755066,0.8162069916725159,0.5325572490692139,0.47171878814697266,0.5387557148933411,0.38091355562210083,0.0,0.3783112168312073,0.5259410738945007,0.530791699886322,2.3671586513519287,2.0208117961883545,1.993947148323059,1.62675142288208,1.7105135917663574,1.7805845737457275,1.467568278312683,1.2822856903076172,1.5399949550628662,1.5278412103652954,1.160723090171814,1.1776326894760132,1.461082935333252,1.2927945852279663,1.0862042903900146,2.2319741249084473,1.936860203742981,2.128366708755493,1.8854570388793945,2.165513515472412,2.1177799701690674,1.7600830793380737,1.853324055671692,2.161816120147705,2.0102853775024414,1.7408732175827026,2.013920307159424,2.23310923576355,1.9945733547210693,2.001896619796753,1.4022328853607178,1.1606043577194214,1.4149304628372192,1.451028823852539,1.723745584487915,1.5080316066741943,1.3165167570114136,1.6709649562835693,1.8366318941116333,1.6417874097824097,1.652377724647522,2.01069712638855,2.092956066131592,1.9873100519180298,2.2207224369049072
B13,1.320251703262329,1.0603747367858887,1.1336352825164795,1.2529785633087158,1.3897705078125,1.0706849098205566,1.0239113569259644,1.3902299404144287,1.4157449007034302,1.1782869100570679,1.3405479192733765,1.6719796657562256,1.6571077108383179,1.604335069656372,1.9080365896224976,2.1447486877441406,1.8033771514892578,1.567921757698059,1.3806204795837402,1.1687623262405396,1.0269438028335571,0.9936123490333557,0.8084808588027954,0.5803563594818115,0.510259747505188,0.5380381345748901,0.3783112168312073,0.0,0.3677980899810791,0.5340795516967773,2.5958163738250732,2.244288682937622,2.1632726192474365,1.8019856214523315,1.808881402015686,1.8686938285827637,1.5947445631027222,1.3529629707336426,1.5338996648788452,1.5289252996444702,1.1728403568267822,1.0969821214675903,1.3339271545410156,1.1692129373550415,0.8840453624725342,2.5636231899261475,2.260369062423706,2.423448324203491,2.1479952335357666,2.3986306190490723,2.3692758083343506,2.006532669067383,2.0424885749816895,2.344040870666504,2.2006068229675293,1.894360899925232,2.1252121925354004,2.347454786300659,2.0860848426818848,2.0384347438812256,1.704349160194397,1.4965537786483765,1.775984764099121,1.795568585395813,2.084408760070801,1.8781934976577759,1.6648048162460327,2.0027546882629395,2.1828081607818604,1.9694315195083618,1.9466607570648193,2.3136634826660156,2.3950517177581787,2.2492117881774902,2.470395088195801
