,A1,A2,A3,A4,A5,A6,A7,A8,A9,A10,A11,A12,A13,A14,A15,B1,B2,B3,B4,B5,B6,B7,B8,B9,B10,B11,B12,B13,B14,B15,C1,C2,C3,C4,C5,C6,C7,C8,C9,C10,C11,C12,C13,C14,C15,D1,D2,D3,D4,D5,D6,D7,D8,D9,D10,D11,D12,D13,D14,D15,E1,E2,E3,E4,E5,E6,E7,E8,E9,E10,E11,E12,E13,E14,E15
A1,0.0,0.39658334851264954,0.5643259882926941,0.5624680519104004,0.6623638868331909,0.8814734816551208,1.0631390810012817,1.1254839897155762,1.238065242767334,1.4598485231399536,1.6212656497955322,1.7207305431365967,1.8604702949523926,2.089268207550049,2.387364387512207,0.8315317630767822,1.0136330127716064,1.275475025177002,1.1082319021224976,0.9562461376190186,1.3043723106384277,1.5091177225112915,1.3536678552627563,1.400330901145935,1.75352942943573,1.846847414970398,1.7809072732925415,1.985978126525879,2.2886059284210205,2.466599464416504,1.210591197013855,1.4984002113342285,1.6503783464431763,1.3767563104629517,1.3424228429794312,1.7239075899124146,1.8003450632095337,1.5833243131637573,1.7554025650024414,2.085986852645874,2.064624071121216,2.0261006355285645,2.3169095516204834,2.5520758628845215,2.715519905090332,1.2652530670166016,1.621741533279419,1.6351149082183838,1.3435876369476318,1.4928406476974487,1.833997368812561,1.8028476238250732,1.6583958864212036,1.941361665725708,2.1912553310394287,2.1269912719726562,2.1993563175201416,2.498175621032715,2.6545543670654297,2.870797634124756,0.7921498417854309,1.0946904420852661,0.9724926948547363,0.8282392621040344,1.1572917699813843,1.3637837171554565,1.3199824094772339,1.3777967691421509,1.6658684015274048,1.801119089126587,1.8278663158416748,2.0189907550811768,2.2368996143341064,2.3606183528900146,2.6676599979400635
A2,0.39658334851264954,0.0,0.37684375047683716,0.560270369052887,0.5299279689788818,0.596350908279419,0.8739979267120361,1.0066195726394653,1.0182335376739502,1.205853819847107,1.4426767826080322,1.5370701551437378,1.60631263256073,1.852435827255249,2.1589574813842773,1.1419085264205933,1.2233264446258545,1.4885295629501343,1.3137611150741577,1.0640671253204346,1.385522484779358,1.6009844541549683,1.3879332542419434,1.3608986139297485,1.7402757406234741,1.8228195905685425,1.6785238981246948,1.8760790824890137,2.2074763774871826,2.3266918659210205,1.5566332340240479,1.8182854652404785,1.9396281242370605,1.6257859468460083,1.5743155479431152,1.950624942779541,1.9826608896255493,1.7121634483337402,1.8927339315414429,2.220839023590088,2.139892578125,2.0688207149505615,2.3915395736694336,2.60600209236145,2.722473382949829,1.5304876565933228,1.862059473991394,1.8035424947738647,1.4881724119186401,1.6788439750671387,1.9904831647872925,1.8838412761688232,1.7364370822906494,2.063485860824585,2.26959490776062,2.1484158039093018,2.252202033996582,2.5712332725524902,2.673092842102051,2.8835902214050293,0.9448147416114807,1.1287336349487305,0.8848473429679871,0.8111691474914551,1.1894638538360596,1.2897624969482422,1.181491732597351,1.3265167474746704,1.6188125610351562,1.6695351600646973,1.7022618055343628,1.9534333944320679,2.1354730129241943,2.21037220954895,2.550780773162842
A3,0.5643259882926941,0.37684375047683716,0.0,0.38420000672340393,0.5504603385925293,0.5025821924209595,0.6320210099220276,0.862759530544281,0.9619630575180054,1.052379846572876,1.2603791952133179,1.4399925470352173,1.513502597808838,1.6892366409301758,2.0357155799865723,1.0243276357650757,0.9874311685562134,1.2558128833770752,1.1334538459777832,0.8174256086349487,1.081465482711792,1.3392999172210693,1.1603970527648926,1.0610381364822388,1.4348318576812744,1.5699301958084106,1.4270658493041992,1.5747663974761963,1.9240243434906006,2.062619686126709,1.5660783052444458,1.7582643032073975,1.9093115329742432,1.607638955116272,1.470240592956543,1.8321070671081543,1.8962304592132568,1.5966029167175293,1.7121095657348633,2.0623631477355957,1.9959332942962646,1.8670600652694702,2.175259828567505,2.420876979827881,2.502450704574585,1.6858067512512207,1.990151047706604,1.9563443660736084,1.6075925827026367,1.7277500629425049,2.057478189468384,1.9512968063354492,1.7370352745056152,2.0453929901123047,2.2762222290039062,2.1197314262390137,2.1713778972625732,2.513967752456665,2.624330997467041,2.7874679565429688,1.2163196802139282,1.4102414846420288,1.1528165340423584,0.978945255279541,1.344887137413025,1.4665517807006836,1.2760778665542603,1.3612555265426636,1.7045204639434814,1.738629698753357,1.6877261400222778,1.9491580724716187,2.171992063522339,2.199559450149536,2.519763708114624
A4,0.5624680519104004,0.560270369052887,0.38420000672340393,0.0,0.3809008002281189,0.5467541813850403,0.5529798269271851,0.6278747916221619,0.8440463542938232,1.002652645111084,1.105891466140747,1.269116759300232,1.4337018728256226,1.601403832435608,1.9205336570739746,0.8163918256759644,0.826123058795929,1.0071772336959839,0.8027456402778625,0.519146740436554,0.8551117181777954,1.0415598154067993,0.8414497971534729,0.8481266498565674,1.2141517400741577,1.3046207427978516,1.2233272790908813,1.4248709678649902,1.7284265756607056,1.9078418016433716,1.2633144855499268,1.4302221536636353,1.550788164138794,1.23833429813385,1.1012673377990723,1.4618114233016968,1.5127226114273071,1.2181466817855835,1.3530904054641724,1.6962007284164429,1.6387743949890137,1.5400941371917725,1.8470653295516968,2.0866363048553467,2.205528497695923,1.4011777639389038,1.6715104579925537,1.65227472782135,1.2914907932281494,1.3690139055252075,1.7055882215499878,1.6190252304077148,1.3831349611282349,1.6741312742233276,1.9239068031311035,1.7852827310562134,1.8178805112838745,2.154470443725586,2.290558099746704,2.456559896469116,1.0622283220291138,1.266074776649475,1.056066870689392,0.772914469242096,1.0906282663345337,1.2792519330978394,1.0956147909164429,1.0871546268463135,1.4457557201385498,1.5373848676681519,1.4591506719589233,1.67323899269104,1.9335722923278809,1.9937556982040405,2.2810306549072266
A5,0.6623638868331909,0.5299279689788818,0.5504603385925293,0.3809008002281189,0.0,0.3804175555706024,0.5623860359191895,0.5210418105125427,0.5813055634498596,0.8496505618095398,1.0023256540298462,1.0623328685760498,1.2103395462036133,1.4553714990615845,1.7316433191299438,1.1306227445602417,1.196029782295227,1.338597059249878,1.067653775215149,0.8276028037071228,1.1595219373703003,1.2668994665145874,0.9772864580154419,1.0220023393630981,1.3904485702514648,1.3881573677062988,1.2507741451263428,1.514268159866333,1.8002090454101562,1.9171010255813599,1.4136892557144165,1.6160719394683838,1.6596568822860718,1.3032116889953613,1.2563353776931763,1.604732632637024,1.5677040815353394,1.267065405845642,1.4855372905731201,1.7816048860549927,1.6530308723449707,1.600650429725647,1.944330096244812,2.120873212814331,2.243490695953369,1.3402354717254639,1.592995285987854,1.4918487071990967,1.1333914995193481,1.2990522384643555,1.586348295211792,1.4348101615905762,1.2533320188522339,1.5957797765731812,1.7830716371536255,1.6319500207901,1.7394497394561768,2.065072536468506,2.151085376739502,2.357287645339966,0.8940638899803162,0.9927271604537964,0.7243058681488037,0.4747716784477234,0.8223265409469604,0.935592770576477,0.7469117641448975,0.824857771396637,1.1561530828475952,1.2156521081924438,1.1995738744735718,1.439581036567688,1.6514252424240112,1.7260814905166626,2.045703887939453
A6,0.8814734816551208,0.596350908279419,0.5025821924209595,0.5467541813850403,0.3804175555706024,0.0,0.3793351352214813,0.5510992407798767,0.49012184143066406,0.6098387837409973,0.8762329816818237,0.9922723174095154,1.031964898109436,1.2576829195022583,1.5768992900848389,1.3616386651992798,1.330680251121521,1.501368522644043,1.2887240648269653,0.9678777456283569,1.2197750806808472,1.3715070486068726,1.0819110870361328,0.9939234256744385,1.3694745302200317,1.3992234468460083,1.1767756938934326,1.3876655101776123,1.7178000211715698,1.779901146888733,1.7554353475570679,1.9292736053466797,1.991343379020691,1.6394954919815063,1.5412464141845703,1.873705267906189,1.8405258655548096,1.5048511028289795,1.676106333732605,1.9786615371704102,1.8221577405929565,1.7058990001678467,2.0562474727630615,2.2349581718444824,2.2912137508392334,1.7202355861663818,1.965349793434143,1.8448092937469482,1.484592318534851,1.643406629562378,1.9128390550613403,1.7212849855422974,1.521000862121582,1.8693488836288452,2.0308239459991455,1.8225313425064087,1.925682544708252,2.27087140083313,2.3140745162963867,2.4860849380493164,1.2311968803405762,1.286521315574646,0.9555584788322449,0.8025481700897217,1.137368083000183,1.1529260873794556,0.8825406432151794,1.0282642841339111,1.356434941291809,1.3110257387161255,1.2598876953125,1.5650708675384521,1.7494754791259766,1.7418087720870972,2.0841050148010254
A7,1.0631390810012817,0.8739979267120361,0.6320210099220276,0.5529798269271851,0.5623860359191895,0.3793351352214813,0.0,0.3768300712108612,0.5243399143218994,0.493586927652359,0.6359169483184814,0.8740740418434143,0.9678702354431152,1.0848684310913086,1.4391390085220337,1.297403335571289,1.1833568811416626,1.292982578277588,1.1062835454940796,0.760252833366394,0.92713862657547,1.0620720386505127,0.7845202684402466,0.6298534274101257,0.9985812902450562,1.0529829263687134,0.8335720896720886,1.021000862121582,1.3586405515670776,1.4547655582427979,1.723960041999817,1.822108268737793,1.8904156684875488,1.5574015378952026,1.3874709606170654,1.683774471282959,1.667028546333313,1.3086771965026855,1.4157203435897827,1.7250111103057861,1.577453374862671,1.4057502746582031,1.743324637413025,1.9451864957809448,1.9721813201904297,1.805605173110962,2.0107979774475098,1.9199103116989136,1.5421627759933472,1.617445468902588,1.8928008079528809,1.7126102447509766,1.44526207447052,1.7579392194747925,1.942975401878357,1.7054307460784912,1.744681715965271,2.1080801486968994,2.1654069423675537,2.2853870391845703,1.4517579078674316,1.5325247049331665,1.2358741760253906,0.990371584892273,1.268933892250061,1.3315168619155884,1.0159399509429932,1.043541669845581,1.4087716341018677,1.372746467590332,1.2151018381118774,1.5016298294067383,1.7408299446105957,1.6941475868225098,1.9924391508102417
A8,1.1254839897155762,1.0066195726394653,0.862759530544281,0.6278747916221619,0.5210418105125427,0.5510992407798767,0.3768300712108612,0.0,0.3832230269908905,0.539496123790741,0.521404504776001,0.6526340842247009,0.8763120770454407,1.0325320959091187,1.3159066438674927,1.3104050159454346,1.2694625854492188,1.296364188194275,1.020115852355957,0.7675901055335999,0.9776955246925354,0.9823354482650757,0.628163754940033,0.6589184403419495,0.9852625131607056,0.9137333631515503,0.7447595000267029,1.0461827516555786,1.3009103536605835,1.4093005657196045,1.5708357095718384,1.6584134101867676,1.6583373546600342,1.3049774169921875,1.1860361099243164,1.459108591079712,1.3764780759811401,1.0186957120895386,1.1960375308990479,1.464186668395996,1.278932809829712,1.1704351902008057,1.5316532850265503,1.6883803606033325,1.762869954109192,1.5716967582702637,1.7253178358078003,1.6100138425827026,1.2341111898422241,1.300494909286499,1.5456953048706055,1.3472822904586792,1.078242540359497,1.4010220766067505,1.569207787513733,1.33481764793396,1.3955687284469604,1.7521170377731323,1.8089308738708496,1.9563252925872803,1.3096251487731934,1.3474057912826538,1.0911198854446411,0.7947338819503784,0.9866592884063721,1.0664616823196411,0.7501706480979919,0.6908664107322693,1.0641937255859375,1.068975806236267,0.8950267434120178,1.147125482559204,1.4107980728149414,1.4078069925308228,1.6886041164398193
A9,1.238065242767334,1.0182335376739502,0.9619630575180054,0.8440463542938232,0.5813055634498596,0.49012184143066406,0.5243399143218994,0.3832230269908905,0.0,0.3803442120552063,0.5507460832595825,0.5270389318466187,0.6308858394622803,0.9083396792411804,1.160501480102539,1.6117032766342163,1.5945340394973755,1.6619521379470825,1.3834518194198608,1.1217408180236816,1.3413465023040771,1.3612427711486816,1.0032076835632324,0.9919825792312622,1.3072680234909058,1.2045624256134033,0.9564372897148132,1.2503070831298828,1.506378173828125,1.5170907974243164,1.8504531383514404,1.9823673963546753,1.9573090076446533,1.5860211849212646,1.5256434679031372,1.8002783060073853,1.6747759580612183,1.3310277462005615,1.5471570491790771,1.7796134948730469,1.544950246810913,1.462834358215332,1.8353939056396484,1.9383924007415771,1.9883824586868286,1.7167057991027832,1.8742284774780273,1.6918021440505981,1.338300108909607,1.490811824798584,1.6860723495483398,1.4252588748931885,1.2315837144851685,1.5910710096359253,1.6842654943466187,1.4300589561462402,1.5718646049499512,1.908682942390442,1.895973801612854,2.0729591846466064,1.3331270217895508,1.2774208784103394,0.960416316986084,0.7862541675567627,0.9833043813705444,0.9211541414260864,0.5577283501625061,0.6840897798538208,0.9885191321372986,0.8789406418800354,0.7832313179969788,1.113236427307129,1.2845661640167236,1.2531275749206543,1.5960636138916016
A10,1.4598485231399536,1.205853819847107,1.052379846572876,1.002652645111084,0.8496505618095398,0.6098387837409973,0.493586927652359,0.539496123790741,0.3803442120552063,0.0,0.3810940384864807,0.5327872633934021,0.4908638894557953,0.6489885449409485,0.990813136100769,1.766646146774292,1.6645011901855469,1.731332778930664,1.512555718421936,1.2038657665252686,1.328384280204773,1.3725488185882568,1.0480061769485474,0.9089370369911194,1.1888196468353271,1.124347448348999,0.7975978851318359,1.0130243301391602,1.3045443296432495,1.2636454105377197,2.1016128063201904,2.191650867462158,2.193957805633545,1.8403058052062988,1.7141088247299194,1.965412974357605,1.8645265102386475,1.4988598823547363,1.639503836631775,1.8778157234191895,1.639674186706543,1.4778528213500977,1.8354438543319702,1.9519933462142944,1.925130009651184,2.0585715770721436,2.2124454975128174,2.046773910522461,1.6865744590759277,1.7954645156860352,1.9937126636505127,1.7323459386825562,1.498909592628479,1.8294583559036255,1.9231868982315063,1.625016689300537,1.7189481258392334,2.0713050365448,2.0366833209991455,2.1504580974578857,1.6842479705810547,1.6503208875656128,1.3202571868896484,1.150397539138794,1.3573644161224365,1.29084312915802,0.9171606302261353,1.0094413757324219,1.3062143325805664,1.1421892642974854,0.9645287394523621,1.3092617988586426,1.478729009628296,1.3472965955734253,1.6704808473587036
A11,1.6212656497955322,1.4426767826080322,1.2603791952133179,1.105891466140747,1.0023256540298462,0.8762329816818237,0.6359169483184814,0.521404504776001,0.5507460832595825,0.3810940384864807,0.0,0.37214937806129456,0.5318087339401245,0.5357949733734131,0.8492228984832764,1.7672035694122314,1.6519731283187866,1.6345185041427612,1.4051684141159058,1.1515144109725952,1.2172030210494995,1.1645352840423584,0.840117335319519,0.7517968416213989,0.9442452192306519,0.7945107817649841,0.4697277247905731,0.7579429745674133,0.9804604649543762,0.966689944267273,2.034714460372925,2.06343412399292,2.033958673477173,1.6996227502822876,1.5539253950119019,1.746421456336975,1.6210843324661255,1.2564337253570557,1.3695428371429443,1.5689102411270142,1.3099355697631836,1.131776213645935,1.4858436584472656,1.5827361345291138,1.5458545684814453,2.0335347652435303,2.1305720806121826,1.9792709350585938,1.6233417987823486,1.6621451377868652,1.83600652217865,1.5806927680969238,1.3052107095718384,1.5926871299743652,1.6849931478500366,1.3622384071350098,1.4079707860946655,1.7652361392974854,1.734336495399475,1.809447169303894,1.7931987047195435,1.7657253742218018,1.4846819639205933,1.2465876340866089,1.3748040199279785,1.3541896343231201,0.9831673502922058,0.9375134706497192,1.233315110206604,1.104905605316162,0.8185421228408813,1.1086184978485107,1.3365236520767212,1.1899256706237793,1.4479330778121948
A12,1.7207305431365967,1.5370701551437378,1.4399925470352173,1.269116759300232,1.0623328685760498,0.9922723174095154,0.8740740418434143,0.6526340842247009,0.5270389318466187,0.5327872633934021,0.37214937806129456,0.0,0.3740605413913727,0.5543351173400879,0.702926754951477,1.9484180212020874,1.8976070880889893,1.872880458831787,1.590101718902588,1.3807733058929443,1.5060606002807617,1.4113922119140625,1.0565569400787354,1.070814609527588,1.2555612325668335,1.028796672821045,0.7655415534973145,1.0858289003372192,1.2276803255081177,1.1625460386276245,2.1052441596984863,2.1612792015075684,2.074547052383423,1.7227503061294556,1.6555712223052979,1.837195634841919,1.64302396774292,1.3064674139022827,1.4993139505386353,1.6412729024887085,1.3304344415664673,1.2455761432647705,1.6098946332931519,1.627880573272705,1.6265705823898315,1.97041916847229,2.032106876373291,1.8244787454605103,1.4990828037261963,1.583561658859253,1.693882703781128,1.3862271308898926,1.175154209136963,1.4854118824005127,1.502039909362793,1.1696306467056274,1.3040695190429688,1.6303532123565674,1.5419443845748901,1.670688509941101,1.7304009199142456,1.6254066228866577,1.359566569328308,1.1720216274261475,1.2240374088287354,1.1276357173919678,0.7653458118438721,0.7468734383583069,0.9589126110076904,0.7661779522895813,0.4834195077419281,0.8159422278404236,0.9886993169784546,0.8428221344947815,1.1450437307357788
A13,1.8604702949523926,1.60631263256073,1.513502597808838,1.4337018728256226,1.2103395462036133,1.031964898109436,0.9678702354431152,0.8763120770454407,0.6308858394622803,0.4908638894557953,0.5318087339401245,0.3740605413913727,0.0,0.3924708366394043,0.5705034136772156,2.1814160346984863,2.1057651042938232,2.126765251159668,1.8720214366912842,1.6124839782714844,1.7264280319213867,1.6876949071884155,1.34530508518219,1.2717084884643555,1.4690405130386353,1.293170690536499,0.9656598567962646,1.2032653093338013,1.3835346698760986,1.2278921604156494,2.4085710048675537,2.4867711067199707,2.4225056171417236,2.0639705657958984,1.9875602722167969,2.189366340637207,2.011522054672241,1.6678494215011597,1.8420450687408447,1.9983981847763062,1.6896708011627197,1.573013186454773,1.9274311065673828,1.9460772275924683,1.8917210102081299,2.2584335803985596,2.3488945960998535,2.1234829425811768,1.801975131034851,1.9252880811691284,2.0368103981018066,1.7150137424468994,1.5335073471069336,1.8531885147094727,1.8491615056991577,1.5134382247924805,1.6627315282821655,1.9777538776397705,1.85098135471344,1.9647222757339478,1.9204989671707153,1.792531132698059,1.4809715747833252,1.367249608039856,1.4687590599060059,1.3040704727172852,0.939400851726532,1.0436536073684692,1.2198753356933594,0.9425850510597229,0.7550722360610962,1.109075903892517,1.1845370531082153,0.9626888036727905,1.2976752519607544
A14,2.089268207550049,1.852435827255249,1.6892366409301758,1.601403832435608,1.4553714990615845,1.2576829195022583,1.0848684310913086,1.0325320959091187,0.9083396792411804,0.6489885449409485,0.5357949733734131,0.5543351173400879,0.3924708366394043,0.0,0.40613797307014465,2.2962074279785156,2.1620700359344482,2.1474997997283936,1.9352328777313232,1.6762299537658691,1.7031593322753906,1.6430902481079102,1.3481478691101074,1.2203658819198608,1.3279392719268799,1.1546895503997803,0.8117446899414062,0.962354302406311,1.1016616821289062,0.8770707249641418,2.561424732208252,2.5852606296539307,2.5319652557373047,2.1988558769226074,2.068943500518799,2.228571653366089,2.0673279762268066,1.7199585437774658,1.821164846420288,1.9600739479064941,1.6552687883377075,1.4750117063522339,1.7942163944244385,1.812157392501831,1.6820852756500244,2.5024616718292236,2.5740625858306885,2.377279758453369,2.0474724769592285,2.1093180179595947,2.223349094390869,1.9195829629898071,1.6899847984313965,1.9622846841812134,1.9697258472442627,1.6067665815353394,1.6838051080703735,2.0035102367401123,1.871975302696228,1.9048385620117188,2.2246530055999756,2.131834030151367,1.8286892175674438,1.666276454925537,1.76571524143219,1.6468900442123413,1.2765485048294067,1.3004252910614014,1.4960588216781616,1.247083067893982,0.973053514957428,1.2705930471420288,1.3850582838058472,1.1003973484039307,1.3454351425170898
A15,2.387364387512207,2.1589574813842773,2.0357155799865723,1.9205336570739746,1.7316433191299438,1.5768992900848389,1.4391390085220337,1.3159066438674927,1.160501480102539,0.990813136100769,0.8492228984832764,0.702926754951477,0.5705034136772156,0.40613797307014465,0.0,2.60304856300354,2.498527765274048,2.454357385635376,2.212528944015503,1.9931498765945435,2.03151273727417,1.9179261922836304,1.6161235570907593,1.5527886152267456,1.6217041015625,1.3787211179733276,1.091865062713623,1.263267993927002,1.2953684329986572,1.018247127532959,2.781895637512207,2.799041509628296,2.695969581604004,2.3665523529052734,2.2793467044830322,2.4015891551971436,2.186394453048706,1.8715041875839233,2.0000967979431152,2.070641040802002,1.7255454063415527,1.6019145250320435,1.9019920825958252,1.8336912393569946,1.696361780166626,2.648099422454834,2.67038893699646,2.438349962234497,2.1468136310577393,2.2125604152679443,2.25888729095459,1.925708532333374,1.7443069219589233,1.990949034690857,1.9215182065963745,1.5486085414886475,1.6625721454620361,1.9324109554290771,1.7263535261154175,1.7538528442382812,2.4107086658477783,2.2634294033050537,1.9876190423965454,1.8544533252716064,1.8816087245941162,1.716813564300537,1.3833154439926147,1.3962510824203491,1.494686245918274,1.2037025690078735,0.9445342421531677,1.1824771165847778,1.2137757539749146,0.857677698135376,1.0567452907562256
B1,0.8315317630767822,1.1419085264205933,1.0243276357650757,0.8163918256759644,1.1306227445602417,1.3616386651992798,1.297403335571289,1.3104050159454346,1.6117032766342163,1.766646146774292,1.7672035694122314,1.9484180212020874,2.1814160346984863,2.2962074279785156,2.60304856300354,0.0,0.3938298523426056,0.5604594349861145,0.5543625354766846,0.6504095196723938,0.8712506890296936,1.0550187826156616,1.1127610206604004,1.225546956062317,1.4471702575683594,1.6088080406188965,1.7043222188949585,1.846927285194397,2.0796194076538086,2.373617172241211,0.7532042264938354,0.8751971125602722,1.161666750907898,1.0334508419036865,0.8459388017654419,1.1721222400665283,1.4044580459594727,1.2693006992340088,1.2890865802764893,1.6366057395935059,1.7600531578063965,1.70180082321167,1.8845438957214355,2.1931111812591553,2.3871266841888428,1.302554965019226,1.5746723413467407,1.7366667985916138,1.4596302509307861,1.3895400762557983,1.7698485851287842,1.8577429056167603,1.6238188743591309,1.7708141803741455,2.1155145168304443,2.0915865898132324,2.0247180461883545,2.307032346725464,2.560011863708496,2.7035973072052,1.3000390529632568,1.6414391994476318,1.6023720502853394,1.3033618927001953,1.5028316974639893,1.8228038549423218,1.7463129758834839,1.620250940322876,1.9389601945877075,2.1481103897094727,2.058560371398926,2.161606550216675,2.4730260372161865,2.59621000289917,2.812026023864746
B2,1.0136330127716064,1.2233264446258545,0.9874311685562134,0.826123058795929,1.196029782295227,1.330680251121521,1.1833568811416626,1.2694625854492188,1.5945340394973755,1.6645011901855469,1.6519731283187866,1.8976070880889893,2.1057651042938232,2.1620700359344482,2.498527765274048,0.3938298523426056,0.0,0.37610170245170593,0.5584427714347839,0.5248675346374512,0.5929999351501465,0.8749455213546753,1.0000807046890259,1.0095566511154175,1.1996479034423828,1.437222957611084,1.527030348777771,1.598678708076477,1.8495248556137085,2.152787446975708,1.0904417037963867,1.1084040403366089,1.393027424812317,1.2614942789077759,0.9768367409706116,1.2616944313049316,1.508697271347046,1.3205636739730835,1.253379225730896,1.6261405944824219,1.746863603591919,1.6073417663574219,1.7751665115356445,2.1174702644348145,2.2530157566070557,1.644644856452942,1.8899197578430176,2.024242401123047,1.7125718593597412,1.6233181953430176,1.9960216283798218,2.0439627170562744,1.7592473030090332,1.909196376800537,2.2507190704345703,2.170741319656372,2.068504571914673,2.3791215419769287,2.6150991916656494,2.709045171737671,1.5913429260253906,1.9004931449890137,1.795202612876892,1.4808098077774048,1.7104984521865845,1.9947906732559204,1.845604658126831,1.7210946083068848,2.0745060443878174,2.2347311973571777,2.0896565914154053,2.2235941886901855,2.5486903190612793,2.6143457889556885,2.8253250122070312
B3,1.275475025177002,1.4885295629501343,1.2558128833770752,1.0071772336959839,1.338597059249878,1.501368522644043,1.292982578277588,1.296364188194275,1.6619521379470825,1.731332778930664,1.6345185041427612,1.872880458831787,2.126765251159668,2.1474997997283936,2.454357385635376,0.5604594349861145,0.37610170245170593,0.0,0.38233911991119385,0.5464824438095093,0.4947241246700287,0.6321500539779663,0.8586403131484985,0.952156662940979,1.0413881540298462,1.2524850368499756,1.4280320405960083,1.5027453899383545,1.6830965280532837,2.0262715816497803,1.0133941173553467,0.9049073457717896,1.1708087921142578,1.088314175605774,0.7442003488540649,0.9530104398727417,1.2347218990325928,1.0843186378479004,0.9449359178543091,1.3042881488800049,1.4747812747955322,1.3425599336624146,1.4602679014205933,1.814576268196106,1.9717116355895996,1.6257109642028809,1.8005235195159912,1.9560269117355347,1.6576842069625854,1.4903446435928345,1.8434354066848755,1.9185668230056763,1.6095765829086304,1.696675419807434,2.053853988647461,1.9872539043426514,1.8327468633651733,2.1261236667633057,2.389435291290283,2.4540631771087646,1.7160495519638062,2.0015294551849365,1.9228503704071045,1.5698096752166748,1.7295002937316895,2.034546136856079,1.8836216926574707,1.6887990236282349,2.0280988216400146,2.213128089904785,2.0305118560791016,2.1129510402679443,2.4631354808807373,2.533693313598633,2.695995569229126
B4,1.1082319021224976,1.3137611150741577,1.1334538459777832,0.8027456402778625,1.067653775215149,1.2887240648269653,1.1062835454940796,1.020115852355957,1.3834518194198608,1.512555718421936,1.4051684141159058,1.590101718902588,1.8720214366912842,1.9352328777313232,2.212528944015503,0.5543625354766846,0.5584427714347839,0.38233911991119385,0.0,0.3798769414424896,0.540886402130127,0.5501365661621094,0.6267105340957642,0.8406884074211121,0.9957150816917419,1.1009867191314697,1.2605937719345093,1.4267336130142212,1.5984646081924438,1.9131234884262085,0.8265647292137146,0.7779122591018677,0.9522780776023865,0.7727748155593872,0.4494608938694,0.7561695575714111,0.9571342468261719,0.7686397433280945,0.7472267746925354,1.110884666442871,1.2234059572219849,1.1494735479354858,1.3354612588882446,1.6413174867630005,1.8348467350006104,1.3159611225128174,1.4775760173797607,1.5988138914108276,1.2867485284805298,1.1318814754486084,1.4872838258743286,1.5430771112442017,1.2403357028961182,1.3581677675247192,1.7068451642990112,1.6448187828063965,1.52839994430542,1.8268064260482788,2.078202724456787,2.184380292892456,1.4172650575637817,1.670837163925171,1.6034554243087769,1.235610008239746,1.3617641925811768,1.6728922128677368,1.5383431911468506,1.3241883516311646,1.6532061100006104,1.8565384149551392,1.6931660175323486,1.761588454246521,2.1067678928375244,2.204709529876709,2.3739588260650635
B5,0.9562461376190186,1.0640671253204346,0.8174256086349487,0.519146740436554,0.8276028037071228,0.9678777456283569,0.760252833366394,0.7675901055335999,1.1217408180236816,1.2038657665252686,1.1515144109725952,1.3807733058929443,1.6124839782714844,1.6762299537658691,1.9931498765945435,0.6504095196723938,0.5248675346374512,0.5464824438095093,0.3798769414424896,0.0,0.38041335344314575,0.5638049840927124,0.5182573795318604,0.5814308524131775,0.8510024547576904,1.003380537033081,1.0583293437957764,1.2089604139328003,1.4588255882263184,1.7304282188415527,1.1194539070129395,1.1434829235076904,1.2999049425125122,1.0555644035339355,0.7798214554786682,1.0906416177749634,1.2208458185195923,0.9401913285255432,0.9463790655136108,1.3206113576889038,1.3452064990997314,1.2025834321975708,1.4486912488937378,1.746621012687683,1.8721487522125244,1.4864833354949951,1.688514232635498,1.7420215606689453,1.3889801502227783,1.3197343349456787,1.6678627729415894,1.6422451734542847,1.3328728675842285,1.5310293436050415,1.8374392986297607,1.7071738243103027,1.6326384544372559,1.969336748123169,2.161604166030884,2.264953136444092,1.3973808288574219,1.6249229907989502,1.4757181406021118,1.1255295276641846,1.3355052471160889,1.5857117176055908,1.3888152837753296,1.2437105178833008,1.6110773086547852,1.7444255352020264,1.5738383531570435,1.7199631929397583,2.0447206497192383,2.092996597290039,2.3072617053985596
B6,1.3043723106384277,1.385522484779358,1.081465482711792,0.8551117181777954,1.1595219373703003,1.2197750806808472,0.92713862657547,0.9776955246925354,1.3413465023040771,1.328384280204773,1.2172030210494995,1.5060606002807617,1.7264280319213867,1.7031593322753906,2.03151273727417,0.8712506890296936,0.5929999351501465,0.4947241246700287,0.540886402130127,0.38041335344314575,0.0,0.38008055090904236,0.5456544160842896,0.48459669947624207,0.6068554520606995,0.8729261159896851,0.9855851531028748,1.028246521949768,1.258068561553955,1.574424147605896,1.3594768047332764,1.283327341079712,1.45773184299469,1.275488018989563,0.9306716322898865,1.1406714916229248,1.312106966972351,1.0422643423080444,0.9067586064338684,1.2777857780456543,1.3407505750656128,1.115768551826477,1.29951012134552,1.6425853967666626,1.716400384902954,1.813670039176941,1.9782944917678833,2.0478479862213135,1.7012418508529663,1.5774680376052856,1.9049948453903198,1.8841131925582886,1.5407977104187012,1.6873384714126587,1.9974149465560913,1.8414455652236938,1.701545000076294,2.0401768684387207,2.237062454223633,2.2741761207580566,1.7765167951583862,1.9954380989074707,1.8343435525894165,1.4818940162658691,1.6722303628921509,1.907253384590149,1.6746288537979126,1.505418300628662,1.8724128007888794,1.9804978370666504,1.7513141632080078,1.8883748054504395,2.230221748352051,2.2319867610931396,2.409166097640991
B7,1.5091177225112915,1.6009844541549683,1.3392999172210693,1.0415598154067993,1.2668994665145874,1.3715070486068726,1.0620720386505127,0.9823354482650757,1.3612427711486816,1.3725488185882568,1.1645352840423584,1.4113922119140625,1.6876949071884155,1.6430902481079102,1.9179261922836304,1.0550187826156616,0.8749455213546753,0.6321500539779663,0.5501365661621094,0.5638049840927124,0.38008055090904236,0.0,0.3734647333621979,0.5198720097541809,0.48593899607658386,0.6273295879364014,0.8622146248817444,0.9598847031593323,1.0808894634246826,1.4303972721099854,1.3329401016235352,1.188604712486267,1.2823566198349,1.1125792264938354,0.7633234262466431,0.8803279995918274,1.0104479789733887,0.7466097474098206,0.5500407814979553,0.9077115654945374,0.9790822863578796,0.7573054432868958,0.9295232892036438,1.2714626789093018,1.3785090446472168,1.7511008977890015,1.841898798942566,1.906611442565918,1.5771105289459229,1.3943673372268677,1.6821788549423218,1.667751431465149,1.3053505420684814,1.3978382349014282,1.7061583995819092,1.5533696413040161,1.3684459924697876,1.696555733680725,1.9085485935211182,1.9247628450393677,1.8276143074035645,2.008148193359375,1.877268671989441,1.502157211303711,1.6097297668457031,1.8520481586456299,1.627398133277893,1.3869708776474,1.7244555950164795,1.8557063341140747,1.5941224098205566,1.6696537733078003,2.0317137241363525,2.0439512729644775,2.169358253479004
B8,1.3536678552627563,1.3879332542419434,1.1603970527648926,0.8414497971534729,0.9772864580154419,1.0819110870361328,0.7845202684402466,0.628163754940033,1.0032076835632324,1.0480061769485474,0.840117335319519,1.0565569400787354,1.34530508518219,1.3481478691101074,1.6161235570907593,1.1127610206604004,1.0000807046890259,0.8586403131484985,0.6267105340957642,0.5182573795318604,0.5456544160842896,0.3734647333621979,0.0,0.3806544840335846,0.5383779406547546,0.5228928327560425,0.6439156532287598,0.8698761463165283,1.0340068340301514,1.3099274635314941,1.3516494035720825,1.2933688163757324,1.323576807975769,1.0583763122558594,0.7945773601531982,0.9837182760238647,0.9915077090263367,0.6409023404121399,0.6400806903839111,0.965471625328064,0.8999219536781311,0.7168940901756287,1.0156553983688354,1.2738887071609497,1.380452275276184,1.6057697534561157,1.7026288509368896,1.6996546983718872,1.3454856872558594,1.2282121181488037,1.5021030902862549,1.418491244316101,1.060555338859558,1.2375555038452148,1.5046570301055908,1.311889410018921,1.201464056968689,1.5581680536270142,1.7188814878463745,1.783678650856018,1.598997712135315,1.7279331684112549,1.5684260129928589,1.200964093208313,1.3085241317749023,1.5128520727157593,1.265262484550476,1.037675142288208,1.3875609636306763,1.493569254875183,1.238635778427124,1.3492919206619263,1.6985887289047241,1.7098363637924194,1.8734159469604492
B9,1.400330901145935,1.3608986139297485,1.0610381364822388,0.8481266498565674,1.0220023393630981,0.9939234256744385,0.6298534274101257,0.6589184403419495,0.9919825792312622,0.9089370369911194,0.7517968416213989,1.070814609527588,1.2717084884643555,1.2203658819198608,1.5527886152267456,1.225546956062317,1.0095566511154175,0.952156662940979,0.8406884074211121,0.5814308524131775,0.48459669947624207,0.5198720097541809,0.3806544840335846,0.0,0.3836485743522644,0.5556721091270447,0.5270935893058777,0.6291956305503845,0.913002073764801,1.161378026008606,1.630597710609436,1.5885752439498901,1.6699570417404175,1.4113643169403076,1.1273728609085083,1.3260409832000732,1.366194248199463,1.0193198919296265,0.963897168636322,1.2833513021469116,1.2073709964752197,0.9433555603027344,1.2177015542984009,1.4900633096694946,1.5002206563949585,1.9081225395202637,2.044773578643799,2.02734637260437,1.6590101718902588,1.585317850112915,1.8630374670028687,1.7482004165649414,1.4000279903411865,1.6024528741836548,1.8430670499801636,1.609108328819275,1.5116190910339355,1.8773536682128906,1.9955999851226807,2.0271875858306885,1.786691665649414,1.9170169830322266,1.697304368019104,1.363359808921814,1.5443793535232544,1.696967363357544,1.398271918296814,1.252903938293457,1.6195533275604248,1.6504815816879272,1.3831169605255127,1.5667579174041748,1.8871946334838867,1.830173134803772,2.022305488586426
B10,1.75352942943573,1.7402757406234741,1.4348318576812744,1.2141517400741577,1.3904485702514648,1.3694745302200317,0.9985812902450562,0.9852625131607056,1.3072680234909058,1.1888196468353271,0.9442452192306519,1.2555612325668335,1.4690405130386353,1.3279392719268799,1.6217041015625,1.4471702575683594,1.1996479034423828,1.0413881540298462,0.9957150816917419,0.8510024547576904,0.6068554520606995,0.48593899607658386,0.5383779406547546,0.3836485743522644,0.0,0.3807869255542755,0.5345145463943481,0.4931422472000122,0.652802050113678,0.9932802319526672,1.7971205711364746,1.6721206903457642,1.7393401861190796,1.537465214729309,1.2204850912094116,1.3136523962020874,1.3650095462799072,1.0578564405441284,0.8823115229606628,1.1488927602767944,1.1061958074569702,0.7699214220046997,0.9609875082969666,1.2622510194778442,1.222003698348999,2.135566234588623,2.2216453552246094,2.2251555919647217,1.8765841722488403,1.7377312183380127,1.9845019578933716,1.8898680210113525,1.5213706493377686,1.6482722759246826,1.8873707056045532,1.647412896156311,1.4734266996383667,1.8215419054031372,1.9505126476287842,1.9090275764465332,2.1102890968322754,2.2371373176574707,2.039030075073242,1.6919418573379517,1.822587490081787,1.9830400943756104,1.6859354972839355,1.4897664785385132,1.8279998302459717,1.8631900548934937,1.548505187034607,1.678255319595337,2.015350103378296,1.93248450756073,2.056213140487671
B11,1.846847414970398,1.8228195905685425,1.5699301958084106,1.3046207427978516,1.3881573677062988,1.3992234468460083,1.0529829263687134,0.9137333631515503,1.2045624256134033,1.124347448348999,0.7945107817649841,1.028796672821045,1.293170690536499,1.1546895503997803,1.3787211179733276,1.6088080406188965,1.437222957611084,1.2524850368499756,1.1009867191314697,1.003380537033081,0.8729261159896851,0.6273295879364014,0.5228928327560425,0.5556721091270447,0.3807869255542755,0.0,0.3720047175884247,0.5302425622940063,0.5372864007949829,0.8456990122795105,1.82048499584198,1.698107361793518,1.6814130544662476,1.455251693725586,1.2003014087677002,1.2530642747879028,1.199222207069397,0.8837311267852783,0.7786136865615845,0.9590126276016235,0.8118376135826111,0.4787924587726593,0.757609486579895,0.974492609500885,0.9493971467018127,2.0490403175354004,2.081515073776245,2.0446488857269287,1.7116156816482544,1.5693529844284058,1.7594306468963623,1.6293978691101074,1.2654237747192383,1.3831768035888672,1.5761030912399292,1.3076691627502441,1.1360809803009033,1.4867420196533203,1.5841994285583496,1.5427956581115723,2.0632612705230713,2.1338918209075928,1.9499943256378174,1.6069790124893188,1.6690490245819092,1.8028943538665771,1.5089478492736816,1.2735267877578735,1.571241021156311,1.6008790731430054,1.259821891784668,1.3493025302886963,1.6888048648834229,1.6045774221420288,1.6953117847442627
B12,1.7809072732925415,1.6785238981246948,1.4270658493041992,1.2233272790908813,1.2507741451263428,1.1767756938934326,0.8335720896720886,0.7447595000267029,0.9564372897148132,0.7975978851318359,0.4697277247905731,0.7655415534973145,0.9656598567962646,0.8117446899414062,1.091865062713623,1.7043222188949585,1.527030348777771,1.4280320405960083,1.2605937719345093,1.0583293437957764,0.9855851531028748,0.8622146248817444,0.6439156532287598,0.5270935893058777,0.5345145463943481,0.3720047175884247,0.0,0.3742412030696869,0.5597137808799744,0.703623354434967,1.984788179397583,1.9266828298568726,1.9172797203063965,1.639938473701477,1.4159119129180908,1.5388766527175903,1.4609992504119873,1.1093801259994507,1.0942411422729492,1.2899142503738403,1.0832111835479736,0.8024875521659851,1.1102778911590576,1.2662084102630615,1.1911444664001465,2.132568120956421,2.200840950012207,2.114104747772217,1.7614145278930664,1.6975072622299194,1.886783242225647,1.6950587034225464,1.3578935861587524,1.5561439990997314,1.7028367519378662,1.3916985988616943,1.3105883598327637,1.6728447675704956,1.7001969814300537,1.6906193494796753,2.0206518173217773,2.0554239749908447,1.8175363540649414,1.5148181915283203,1.6206223964691162,1.6865055561065674,1.3468129634857178,1.1918842792510986,1.4995626211166382,1.4490822553634644,1.1114510297775269,1.294675588607788,1.5892707109451294,1.450445294380188,1.6063498258590698
B13,1.985978126525879,1.8760790824890137,1.5747663974761963,1.4248709678649902,1.514268159866333,1.3876655101776123,1.021000862121582,1.0461827516555786,1.2503070831298828,1.0130243301391602,0.7579429745674133,1.0858289003372192,1.2032653093338013,0.962354302406311,1.263267993927002,1.846927285194397,1.598678708076477,1.5027453899383545,1.4267336130142212,1.2089604139328003,1.028246521949768,0.9598847031593323,0.8698761463165283,0.6291956305503845,0.4931422472000122,0.5302425622940063,0.3742412030696869,0.0,0.3958650529384613,0.5734957456588745,2.212254524230957,2.123103380203247,2.156198263168335,1.9124902486801147,1.639689564704895,1.740989089012146,1.718287706375122,1.3854176998138428,1.2804832458496094,1.4804155826568604,1.3288565874099731,0.9893158078193665,1.2076504230499268,1.4028316736221313,1.2431716918945312,2.444347620010376,2.526029109954834,2.464211940765381,2.1083858013153076,2.0250751972198486,2.2291676998138428,2.0574076175689697,1.7107137441635132,1.8797680139541626,2.0403459072113037,1.7317626476287842,1.6093895435333252,1.9592721462249756,1.991309404373169,1.9240046739578247,2.324204206466675,2.386141777038574,2.134267807006836,1.834535837173462,1.9720818996429443,2.0421459674835205,1.694408655166626,1.5601747035980225,1.8727221488952637,1.807228446006775,1.4679689407348633,1.65326726436615,1.9371873140335083,1.7615922689437866,1.894873023033142
