,A1,A2,A3,A4,A5,A6,A7,A8,A9,A10,A11,A12,A13,A14,A15,B1,B2,B3,B4,B5,B6,B7,B8,B9,B10,B11,B12,B13,B14,B15,C1,C2,C3,C4,C5,C6,C7,C8,C9,C10,C11,C12,C13,C14,C15,D1,D2,D3,D4,D5,D6,D7,D8,D9,D10,D11,D12,D13,D14,D15,E1,E2,E3,E4,E5,E6,E7,E8,E9,E10,E11,E12,E13,E14,E15
A1,0.0,0.38282424211502075,0.5380405187606812,0.5048626065254211,0.6077260971069336,0.8430431485176086,0.9893157482147217,1.0326342582702637,1.1859242916107178,1.4094479084014893,1.5342376232147217,1.6445865631103516,1.8401232957839966,2.034898042678833,2.261415481567383,0.9093362092971802,1.1582272052764893,1.3630160093307495,1.1152217388153076,1.0249173641204834,1.4038233757019043,1.5209250450134277,1.2957932949066162,1.4341875314712524,1.7839200496673584,1.778057336807251,1.7020152807235718,1.9884893894195557,2.2320337295532227,2.3389980792999268,1.339273452758789,1.6746642589569092,1.6634202003479004,1.3427714109420776,1.5100982189178467,1.8345024585723877,1.7340229749679565,1.5493080615997314,1.8693941831588745,2.0947792530059814,1.9400001764297485,2.0000526905059814,2.3546717166900635,2.4405598640441895,2.5245859622955322,0.7744930386543274,0.9957075119018555,0.7807711958885193,0.6002839803695679,0.9674144387245178,1.1210182905197144,0.9683607816696167,1.0548648834228516,1.3804943561553955,1.4697835445404053,1.4408113956451416,1.6666693687438965,1.9140795469284058,1.9838298559188843,2.242640733718872,1.6978600025177002,1.7175946235656738,1.7333093881607056,1.4395623207092285,1.2386770248413086,1.4246350526809692,1.3685474395751953,0.9946425557136536,1.01302969455719,1.2528376579284668,1.067313551902771,0.7843006253242493,1.108971118927002,1.291658878326416,1.224503517150879
A2,0.38282424211502075,0.0,0.3769311010837555,0.5400688648223877,0.4973173439502716,0.5874139666557312,0.8449719548225403,0.9628608226776123,1.006289005279541,1.2031570672988892,1.4132881164550781,1.5204648971557617,1.6440426111221313,1.8643807172775269,2.1213839054107666,1.2115293741226196,1.3854789733886719,1.6032451391220093,1.3471709489822388,1.1702446937561035,1.5311893224716187,1.6599401235580444,1.376732587814331,1.4518457651138306,1.8242863416671753,1.8023403882980347,1.6468783617019653,1.9298970699310303,2.194965362548828,2.2436892986297607,1.675199270248413,1.9859168529510498,1.956370234489441,1.6105438470840454,1.7533260583877563,2.0669023990631104,1.928940773010254,1.702809453010559,2.024728536605835,2.235388994216919,2.023689031600952,2.060699462890625,2.4344394207000732,2.4863436222076416,2.5224852561950684,1.154093623161316,1.3706101179122925,1.1195124387741089,0.9475720524787903,1.3152652978897095,1.4385267496109009,1.2169311046600342,1.3038837909698486,1.6575242280960083,1.69163179397583,1.6047576665878296,1.864475131034851,2.1204514503479004,2.1277425289154053,2.3800060749053955,1.6282585859298706,1.5903117656707764,1.6691946983337402,1.4305322170257568,1.143860936164856,1.3106086254119873,1.3530958890914917,1.0070879459381104,0.8956649899482727,1.1892825365066528,1.1214860677719116,0.7919119000434875,1.0284972190856934,1.307045340538025,1.2823737859725952
A3,0.5380405187606812,0.3769311010837555,0.0,0.37151679396629333,0.5332242846488953,0.49568814039230347,0.6028432846069336,0.8293871879577637,0.9529455900192261,1.0452499389648438,1.227597951889038,1.4219245910644531,1.5434637069702148,1.6953080892562866,1.9827454090118408,1.0630483627319336,1.140626072883606,1.3724721670150757,1.155160903930664,0.8970975279808044,1.2262824773788452,1.4003809690475464,1.1324509382247925,1.1364002227783203,1.5201892852783203,1.5508449077606201,1.383444905281067,1.625111699104309,1.920003890991211,1.9898051023483276,1.6238462924957275,1.9074221849441528,1.9308936595916748,1.5776214599609375,1.6384692192077637,1.9737242460250854,1.8798117637634277,1.6040139198303223,1.879241704940796,2.1337387561798096,1.934233546257019,1.902985692024231,2.279658555984497,2.371779203414917,2.3740036487579346,1.1919200420379639,1.483643889427185,1.3126254081726074,1.079700231552124,1.4072520732879639,1.612554907798767,1.4245262145996094,1.4225860834121704,1.7861568927764893,1.8842041492462158,1.767137050628662,1.9705958366394043,2.26973032951355,2.3001976013183594,2.5097620487213135,1.601582407951355,1.6316066980361938,1.7614860534667969,1.499058723449707,1.22637140750885,1.476769208908081,1.545595407485962,1.1903443336486816,1.1402969360351562,1.4792598485946655,1.415369987487793,1.1272658109664917,1.3889397382736206,1.6648589372634888,1.6462113857269287
A4,0.5048626065254211,0.5400688648223877,0.37151679396629333,0.0,0.3805001676082611,0.5438928008079529,0.5253952145576477,0.5945733189582825,0.834485650062561,0.9886202812194824,1.0664411783218384,1.237970232963562,1.4433205127716064,1.583931565284729,1.8238502740859985,0.8638577461242676,0.9854850172996521,1.1328974962234497,0.8508337736129761,0.6617835164070129,1.022831678390503,1.1212518215179443,0.8431171178817749,0.9531478881835938,1.31044340133667,1.2986719608306885,1.2000409364700317,1.4851288795471191,1.7322291135787964,1.8396559953689575,1.309635043144226,1.5704278945922852,1.5748958587646484,1.2155967950820923,1.2796711921691895,1.6067582368850708,1.5092376470565796,1.2403626441955566,1.5270307064056396,1.7771039009094238,1.5959131717681885,1.5878721475601196,1.9573723077774048,2.0583090782165527,2.0973398685455322,1.034775733947754,1.3113785982131958,1.1687086820602417,0.8593068718910217,1.1357145309448242,1.374085783958435,1.1888471841812134,1.1129118204116821,1.4791438579559326,1.6104093790054321,1.47437584400177,1.6390920877456665,1.9574252367019653,2.0091235637664795,2.1953976154327393,1.3623818159103394,1.4519144296646118,1.5401073694229126,1.23324453830719,1.0310410261154175,1.3259824514389038,1.3402446508407593,0.9747849702835083,1.0428001880645752,1.3759340047836304,1.2699429988861084,1.0623924732208252,1.3890482187271118,1.618410587310791,1.6409943103790283
A5,0.6077260971069336,0.4973173439502716,0.5332242846488953,0.3805001676082611,0.0,0.37316879630088806,0.5476191639900208,0.5023303627967834,0.580194890499115,0.8474472165107727,0.9881710410118103,1.0553364753723145,1.2382539510726929,1.4590507745742798,1.676023244857788,1.2001854181289673,1.3557921648025513,1.4642889499664307,1.1379975080490112,0.9947048425674438,1.335154414176941,1.3634378910064697,1.027540922164917,1.168100118637085,1.503943681716919,1.4023090600967407,1.261538028717041,1.5936448574066162,1.8057154417037964,1.847922682762146,1.5115864276885986,1.7560120820999146,1.6803714036941528,1.3133008480072021,1.436213493347168,1.7102153301239014,1.5297213792800903,1.2810977697372437,1.6104483604431152,1.7897403240203857,1.5479261875152588,1.5943845510482788,1.9686906337738037,1.997825264930725,2.0363967418670654,1.256078839302063,1.4572159051895142,1.230637788772583,0.9365274906158447,1.228966236114502,1.383848786354065,1.1097298860549927,1.0684105157852173,1.4511712789535522,1.4945545196533203,1.3120837211608887,1.5353972911834717,1.8368672132492065,1.8203150033950806,2.018796682357788,1.1405893564224243,1.1491392850875854,1.2377867698669434,0.9761424660682678,0.7065953612327576,0.9671854972839355,1.026336908340454,0.6839605569839478,0.685188889503479,1.045212984085083,1.0164659023284912,0.8288805484771729,1.116347074508667,1.379538893699646,1.4732120037078857
A6,0.8430431485176086,0.5874139666557312,0.49568814039230347,0.5438928008079529,0.37316879630088806,0.0,0.3758125305175781,0.5447827577590942,0.49551692605018616,0.6186955571174622,0.8737390637397766,1.003084659576416,1.0806270837783813,1.2866716384887695,1.5649957656860352,1.4026492834091187,1.4737552404403687,1.6141432523727417,1.3289165496826172,1.0897079706192017,1.380635142326355,1.4545634984970093,1.1028977632522583,1.1251176595687866,1.4778056144714355,1.402693271636963,1.1702786684036255,1.4623302221298218,1.7162913084030151,1.7080104351043701,1.8119606971740723,2.0410046577453613,1.9936082363128662,1.6220663785934448,1.685648798942566,1.9635521173477173,1.7944549322128296,1.5006229877471924,1.7889152765274048,1.9810731410980225,1.7101507186889648,1.6901133060455322,2.073516607284546,2.098083734512329,2.0681910514831543,1.5377311706542969,1.7783015966415405,1.5590893030166626,1.2817707061767578,1.5835256576538086,1.7514092922210693,1.4792242050170898,1.4361183643341064,1.8197182416915894,1.858505129814148,1.6543464660644531,1.8713070154190063,2.18208646774292,2.13930082321167,2.3159778118133545,1.2075560092926025,1.1908459663391113,1.3787106275558472,1.1795223951339722,0.8525911569595337,1.1099257469177246,1.2728861570358276,0.9848193526268005,0.8864363431930542,1.2692166566848755,1.3208917379379272,1.1010318994522095,1.3126178979873657,1.629360556602478,1.7195805311203003
A7,0.9893157482147217,0.8449719548225403,0.6028432846069336,0.5253952145576477,0.5476191639900208,0.3758125305175781,0.0,0.3768581748008728,0.5302698016166687,0.5033679604530334,0.630689263343811,0.8778761625289917,1.0046782493591309,1.1067781448364258,1.3954033851623535,1.2772692441940308,1.2726736068725586,1.3688132762908936,1.1058926582336426,0.8321957588195801,1.0631108283996582,1.1295061111450195,0.7799867987632751,0.7564141750335693,1.1059789657592773,1.0554025173187256,0.8237249851226807,1.1042535305023193,1.3708747625350952,1.4038013219833374,1.686338186264038,1.8698596954345703,1.8606557846069336,1.494571566581726,1.4773187637329102,1.7581478357315063,1.6315151453018188,1.2966365814208984,1.5310934782028198,1.7602506875991821,1.5110127925872803,1.4231717586517334,1.8053017854690552,1.8756186962127686,1.8244390487670898,1.550299048423767,1.8267245292663574,1.675132393836975,1.351120114326477,1.595502495765686,1.8271957635879517,1.5933870077133179,1.4651553630828857,1.840717077255249,1.9431852102279663,1.7202067375183105,1.8666493892669678,2.2130656242370605,2.2037158012390137,2.331953525543213,1.1387462615966797,1.2356785535812378,1.4419068098068237,1.2049932479858398,0.9569827914237976,1.2918243408203125,1.4302868843078613,1.1418899297714233,1.152203917503357,1.5338927507400513,1.5484000444412231,1.3731317520141602,1.633498191833496,1.9197962284088135,2.008244752883911
A8,1.0326342582702637,0.9628608226776123,0.8293871879577637,0.5945733189582825,0.5023303627967834,0.5447827577590942,0.3768581748008728,0.0,0.3855495750904083,0.5458874106407166,0.5218103528022766,0.6473857164382935,0.8964114189147949,1.0368391275405884,1.2396068572998047,1.294637680053711,1.3525798320770264,1.3618886470794678,1.0330525636672974,0.8794017434120178,1.1167962551116943,1.0599181652069092,0.6802917718887329,0.8232502341270447,1.1010329723358154,0.9365934729576111,0.7863163352012634,1.1462591886520386,1.319261074066162,1.3630928993225098,1.5254583358764648,1.6734496355056763,1.6042754650115967,1.2393690347671509,1.2534130811691284,1.4878851175308228,1.3099331855773926,0.9907771348953247,1.264046311378479,1.4450017213821411,1.1747876405715942,1.1494152545928955,1.53218674659729,1.5704314708709717,1.567054271697998,1.5236810445785522,1.7463799715042114,1.5899032354354858,1.2379696369171143,1.4284406900405884,1.6407904624938965,1.3859667778015137,1.206193447113037,1.5727546215057373,1.6637288331985474,1.4036130905151367,1.5294591188430786,1.8826431035995483,1.8617463111877441,1.9677175283432007,0.812009871006012,0.9557434916496277,1.1160215139389038,0.850052535533905,0.6684035062789917,1.0397148132324219,1.1405388116836548,0.8831384181976318,0.9867326617240906,1.3442459106445312,1.3527570962905884,1.2665830850601196,1.5476070642471313,1.7935525178909302,1.9329490661621094
A9,1.1859242916107178,1.006289005279541,0.9529455900192261,0.834485650062561,0.580194890499115,0.49551692605018616,0.5302698016166687,0.3855495750904083,0.0,0.3831601142883301,0.5551152229309082,0.5357757210731506,0.6602960228919983,0.9197462201118469,1.1313698291778564,1.6341582536697388,1.7059217691421509,1.7422953844070435,1.4133555889129639,1.244385004043579,1.4797414541244507,1.4309992790222168,1.048555850982666,1.137012243270874,1.4024240970611572,1.205066442489624,0.9772516489028931,1.3242123126983643,1.4845774173736572,1.4284076690673828,1.8656065464019775,2.0210318565368652,1.9116482734680176,1.550254464149475,1.6033183336257935,1.8034319877624512,1.5739665031433105,1.2836476564407349,1.5642712116241455,1.681723713874817,1.3573169708251953,1.3609918355941772,1.731824517250061,1.6924819946289062,1.6530380249023438,1.7921308279037476,1.9878277778625488,1.7714769840240479,1.4533145427703857,1.6805052757263184,1.8309606313705444,1.5226625204086304,1.4008711576461792,1.7687537670135498,1.7803159952163696,1.494192361831665,1.676469087600708,2.000121593475342,1.9070204496383667,2.022352457046509,0.7322985529899597,0.7267097234725952,0.9663013815879822,0.8175992369651794,0.5140954852104187,0.8267207741737366,1.0448033809661865,0.8660990595817566,0.8408496379852295,1.2062805891036987,1.3231414556503296,1.2373433113098145,1.4345139265060425,1.7219058275222778,1.905032992362976
A10,1.4094479084014893,1.2031570672988892,1.0452499389648438,0.9886202812194824,0.8474472165107727,0.6186955571174622,0.5033679604530334,0.5458874106407166,0.3831601142883301,0.0,0.38147905468940735,0.5459532737731934,0.5254380106925964,0.672127902507782,0.9802349805831909,1.7529646158218384,1.7412132024765015,1.7837650775909424,1.5054758787155151,1.268916368484497,1.4281975030899048,1.4117307662963867,1.0463329553604126,1.0090612173080444,1.255621314048767,1.096772313117981,0.7773981094360352,1.0618090629577637,1.2604297399520874,1.1605557203292847,2.060429334640503,2.192833185195923,2.1294922828674316,1.771669864654541,1.749080777168274,1.9564859867095947,1.7696646451950073,1.4367214441299438,1.6467972993850708,1.7955412864685059,1.4759992361068726,1.3793681859970093,1.7441471815109253,1.7307524681091309,1.6112406253814697,2.0067691802978516,2.2480010986328125,2.0623226165771484,1.7349605560302734,1.9604132175445557,2.151707410812378,1.8670448064804077,1.7224920988082886,2.09035587310791,2.1361238956451416,1.8476271629333496,1.9944286346435547,2.33610200881958,2.253718376159668,2.3365190029144287,0.904897153377533,0.9526821374893188,1.257174015045166,1.1379292011260986,0.8784136772155762,1.178414225578308,1.4190376996994019,1.2453895807266235,1.208243727684021,1.5778535604476929,1.6992404460906982,1.5833184719085693,1.7725145816802979,2.0797083377838135,2.241177558898926
A11,1.5342376232147217,1.4132881164550781,1.227597951889038,1.0664411783218384,0.9881710410118103,0.8737390637397766,0.630689263343811,0.5218103528022766,0.5551152229309082,0.38147905468940735,0.0,0.3799596428871155,0.5444475412368774,0.5388978719711304,0.7797752022743225,1.699073314666748,1.6652055978775024,1.628767490386963,1.3541814088821411,1.1700459718704224,1.2629400491714478,1.1642810106277466,0.8187787532806396,0.8234255909919739,0.9806345105171204,0.7521480917930603,0.4676014184951782,0.8075516223907471,0.9358036518096924,0.8821975588798523,1.9096022844314575,1.9817256927490234,1.920588493347168,1.5858285427093506,1.5096590518951416,1.678857684135437,1.5078123807907104,1.1622412204742432,1.3201804161071777,1.4648126363754272,1.1554375886917114,1.0131938457489014,1.3725216388702393,1.3818464279174805,1.2588462829589844,2.012320041656494,2.2480967044830322,2.108675241470337,1.7508381605148315,1.909265160560608,2.129793882369995,1.8725712299346924,1.6558789014816284,1.9976158142089844,2.0843331813812256,1.7772942781448364,1.8529995679855347,2.2150683403015137,2.157492160797119,2.187441349029541,0.7452535629272461,0.9430847764015198,1.2147314548492432,1.060207486152649,0.925849437713623,1.2713388204574585,1.4541683197021484,1.2970749139785767,1.3676578998565674,1.7165879011154175,1.7959448099136353,1.737402319908142,1.9726721048355103,2.238551139831543,2.41105580329895
A12,1.6445865631103516,1.5204648971557617,1.4219245910644531,1.237970232963562,1.0553364753723145,1.003084659576416,0.8778761625289917,0.6473857164382935,0.5357757210731506,0.5459532737731934,0.3799596428871155,0.0,0.38157886266708374,0.5478104948997498,0.6353124380111694,1.9032045602798462,1.9296334981918335,1.8696764707565308,1.552808403968811,1.4345537424087524,1.5632095336914062,1.4092578887939453,1.0620142221450806,1.1604204177856445,1.2840638160705566,0.9813368916511536,0.7861838340759277,1.126204252243042,1.156806468963623,1.0520758628845215,2.0039174556732178,2.062202215194702,1.9316530227661133,1.6098392009735107,1.5926116704940796,1.7015444040298462,1.4577276706695557,1.1666665077209473,1.3612560033798218,1.407829761505127,1.0459386110305786,1.0076406002044678,1.3406721353530884,1.248764991760254,1.155435562133789,2.1364216804504395,2.319831371307373,2.1463301181793213,1.7981688976287842,1.939653992652893,2.1063232421875,1.8141385316848755,1.6018790006637573,1.924379825592041,1.953490138053894,1.6117100715637207,1.6990278959274292,2.038172960281372,1.9262322187423706,1.9379303455352783,0.40936481952667236,0.5898661613464355,0.8809938430786133,0.8086066246032715,0.7186930775642395,1.0155750513076782,1.2217174768447876,1.1590718030929565,1.2333074808120728,1.5373340845108032,1.6643693447113037,1.672539234161377,1.8714625835418701,2.118259906768799,2.34330677986145
A13,1.8401232957839966,1.6440426111221313,1.5434637069702148,1.4433205127716064,1.2382539510726929,1.0806270837783813,1.0046782493591309,0.8964114189147949,0.6602960228919983,0.5254380106925964,0.5444475412368774,0.38157886266708374,0.0,0.381448894739151,0.5611779093742371,2.1780009269714355,2.1798644065856934,2.1587917804718018,1.8610702753067017,1.6872490644454956,1.8056329488754272,1.6990712881088257,1.3509469032287598,1.361401081085205,1.4954694509506226,1.2329902648925781,0.9523934125900269,1.2172209024429321,1.2739686965942383,1.0635590553283691,2.353825569152832,2.428576707839966,2.3081746101379395,1.97903311252594,1.9584921598434448,2.0781748294830322,1.8389090299606323,1.5444098711013794,1.7208871841430664,1.7659286260604858,1.4015203714370728,1.3302741050720215,1.6386146545410156,1.522360920906067,1.3567864894866943,2.41178297996521,2.6104719638824463,2.4116432666778564,2.0793416500091553,2.2606098651885986,2.415330648422241,2.104156255722046,1.9313220977783203,2.2660608291625977,2.2666661739349365,1.9263393878936768,2.046684503555298,2.3702428340911865,2.2253475189208984,2.244443655014038,0.7081570029258728,0.7181025743484497,1.0803968906402588,1.1026296615600586,0.9332091212272644,1.1538341045379639,1.438723087310791,1.4003384113311768,1.3772430419921875,1.6849510669708252,1.8733750581741333,1.8466427326202393,1.9889192581176758,2.2742202281951904,2.503809928894043
A14,2.034898042678833,1.8643807172775269,1.6953080892562866,1.583931565284729,1.4590507745742798,1.2866716384887695,1.1067781448364258,1.0368391275405884,0.9197462201118469,0.672127902507782,0.5388978719711304,0.5478104948997498,0.381448894739151,0.0,0.3779667317867279,2.2328293323516846,2.1741268634796143,2.1237449645996094,1.8703176975250244,1.6846634149551392,1.7212814092636108,1.6050113439559937,1.3053470849990845,1.2516192197799683,1.3064098358154297,1.0588754415512085,0.7678224444389343,0.9437460899353027,0.961760401725769,0.7001426815986633,2.416935682296753,2.4519338607788086,2.369689702987671,2.0576953887939453,1.9660760164260864,2.0740559101104736,1.8829609155654907,1.5651452541351318,1.6602749824523926,1.7271723747253418,1.393593668937683,1.224179744720459,1.5015997886657715,1.4263554811477661,1.186263084411621,2.5483877658843994,2.775212049484253,2.618283748626709,2.2662572860717773,2.421077251434326,2.618345260620117,2.3376214504241943,2.12283992767334,2.4487366676330566,2.4974493980407715,2.157215118408203,2.224520444869995,2.5693321228027344,2.45650315284729,2.4367640018463135,0.9018351435661316,1.0314675569534302,1.36702561378479,1.3508669137954712,1.2371400594711304,1.4996342658996582,1.7500271797180176,1.6858543157577515,1.7069058418273926,2.0275018215179443,2.1808576583862305,2.1476337909698486,2.3237998485565186,2.604841709136963,2.816235303878784
A15,2.261415481567383,2.1213839054107666,1.9827454090118408,1.8238502740859985,1.676023244857788,1.5649957656860352,1.3954033851623535,1.2396068572998047,1.1313698291778564,0.9802349805831909,0.7797752022743225,0.6353124380111694,0.5611779093742371,0.3779667317867279,0.0,2.4298932552337646,2.3923861980438232,2.291785478591919,2.0248146057128906,1.8998751640319824,1.923082709312439,1.7395105361938477,1.46609628200531,1.4786531925201416,1.4651222229003906,1.1533405780792236,0.9669231176376343,1.1427693367004395,1.0312564373016357,0.7663853764533997,2.5038352012634277,2.4935379028320312,2.373896837234497,2.095263719558716,2.0062859058380127,2.045344829559326,1.8292080163955688,1.5570873022079468,1.6201317310333252,1.605592966079712,1.266523838043213,1.129094123840332,1.3377934694290161,1.1866960525512695,0.9248878359794617,2.728304386138916,2.922260046005249,2.7700319290161133,2.4140260219573975,2.5255162715911865,2.7033534049987793,2.4218411445617676,2.1801414489746094,2.4704318046569824,2.504180431365967,2.142603874206543,2.1713850498199463,2.5001628398895264,2.3654487133026123,2.2923743724823,0.8362507820129395,0.9961221218109131,1.2907192707061768,1.3312863111495972,1.3124054670333862,1.5373258590698242,1.7644685506820679,1.768420696258545,1.83115816116333,2.107227087020874,2.2678239345550537,2.2961761951446533,2.467425584793091,2.7162556648254395,2.9611873626708984
B1,0.9093362092971802,1.2115293741226196,1.0630483627319336,0.8638577461242676,1.2001854181289673,1.4026492834091187,1.2772692441940308,1.294637680053711,1.6341582536697388,1.7529646158218384,1.699073314666748,1.9032045602798462,2.1780009269714355,2.2328293323516846,2.4298932552337646,0.0,0.38403216004371643,0.5476742386817932,0.5126920342445374,0.6026626825332642,0.846950352191925,0.9999139308929443,1.0264317989349365,1.1731690168380737,1.4089747667312622,1.52949059009552,1.6182186603546143,1.8084442615509033,2.0206167697906494,2.263197422027588,0.7671012878417969,1.065499186515808,1.2516510486602783,1.0277677774429321,1.0214452743530273,1.3918945789337158,1.4893189668655396,1.3223055601119995,1.4982142448425293,1.8218780755996704,1.8217796087265015,1.801662564277649,2.0888967514038086,2.3063225746154785,2.418217182159424,0.5920462012290955,0.9336495995521545,1.0710819959640503,0.8489029407501221,0.9062939882278442,1.2586208581924438,1.3199139833450317,1.2026375532150269,1.4158738851547241,1.7050703763961792,1.7066314220428467,1.7395260334014893,2.025038003921509,2.2256858348846436,2.394484281539917,1.9643746614456177,2.1498100757598877,2.153541326522827,1.7884771823883057,1.734397053718567,2.0242369174957275,1.9091486930847168,1.550529956817627,1.7419683933258057,1.9808061122894287,1.7294000387191772,1.5795751810073853,1.951748251914978,2.0523130893707275,1.9727063179016113
B2,1.1582272052764893,1.3854789733886719,1.140626072883606,0.9854850172996521,1.3557921648025513,1.4737552404403687,1.2726736068725586,1.3525798320770264,1.7059217691421509,1.7412132024765015,1.6652055978775024,1.9296334981918335,2.1798644065856934,2.1741268634796143,2.3923861980438232,0.38403216004371643,0.0,0.37927401065826416,0.5462304949760437,0.49752193689346313,0.5898925065994263,0.8513310551643372,0.9553685784339905,0.9920129776000977,1.199386715888977,1.4070537090301514,1.4947123527526855,1.6096985340118408,1.845086693763733,2.1100218296051025,1.0160259008407593,1.2242307662963867,1.4627469778060913,1.247088074684143,1.12492036819458,1.492908000946045,1.633249044418335,1.4139833450317383,1.5146816968917847,1.877427339553833,1.8844057321548462,1.7842916250228882,2.0629525184631348,2.3174476623535156,2.3831024169921875,0.9624744057655334,1.3109548091888428,1.4469324350357056,1.2109977006912231,1.2732023000717163,1.6335294246673584,1.6729724407196045,1.5206116437911987,1.7471705675125122,2.0437307357788086,2.0047004222869873,2.0136516094207764,2.326267719268799,2.517001152038574,2.651146650314331,2.053398847579956,2.2696635723114014,2.3240227699279785,1.966382622718811,1.897963523864746,2.223853349685669,2.15506649017334,1.7987533807754517,1.972790241241455,2.253063917160034,2.039767265319824,1.8737459182739258,2.237935781478882,2.376995086669922,2.306668996810913
B3,1.3630160093307495,1.6032451391220093,1.3724721670150757,1.1328974962234497,1.4642889499664307,1.6141432523727417,1.3688132762908936,1.3618886470794678,1.7422953844070435,1.7837650775909424,1.628767490386963,1.8696764707565308,2.1587917804718018,2.1237449645996094,2.291785478591919,0.5476742386817932,0.37927401065826416,0.0,0.3817479908466339,0.5404389500617981,0.4996980130672455,0.6093109250068665,0.8287688493728638,0.9444889426231384,1.0445836782455444,1.2278773784637451,1.40723717212677,1.521407961845398,1.6878993511199951,1.9909136295318604,0.8354642987251282,0.9405410885810852,1.2073583602905273,1.0359693765640259,0.8297058939933777,1.173911452293396,1.3673319816589355,1.1714749336242676,1.2078744173049927,1.578308343887329,1.6407496929168701,1.5356833934783936,1.7724511623382568,2.0548770427703857,2.147211790084839,1.106105923652649,1.396578073501587,1.5597673654556274,1.287986159324646,1.2551774978637695,1.6299878358840942,1.682506799697876,1.455571174621582,1.6429600715637207,1.9714689254760742,1.912574291229248,1.8534070253372192,2.175572156906128,2.3854727745056152,2.472404956817627,1.9540563821792603,2.2189042568206787,2.2492024898529053,1.886115550994873,1.8885765075683594,2.2271358966827393,2.1337099075317383,1.809847116470337,2.0435826778411865,2.310312271118164,2.092434883117676,1.991400122642517,2.3710968494415283,2.4861621856689453,2.456481695175171
B4,1.1152217388153076,1.3471709489822388,1.155160903930664,0.8508337736129761,1.1379975080490112,1.3289165496826172,1.1058926582336426,1.0330525636672974,1.4133555889129639,1.5054758787155151,1.3541814088821411,1.552808403968811,1.8610702753067017,1.8703176975250244,2.0248146057128906,0.5126920342445374,0.5462304949760437,0.3817479908466339,0.0,0.38126155734062195,0.5479402542114258,0.5314842462539673,0.5872829556465149,0.8252788186073303,0.9876885414123535,1.059701919555664,1.2165350914001465,1.419534683227539,1.5735360383987427,1.8370767831802368,0.7129194140434265,0.8625439405441284,1.01869535446167,0.7567034363746643,0.6176106929779053,0.9917619824409485,1.0935767889022827,0.8709600567817688,1.0059716701507568,1.3499250411987305,1.355949878692627,1.3022390604019165,1.5818228721618652,1.8150299787521362,1.923256754875183,0.9847612977027893,1.253784418106079,1.3438438177108765,1.0200793743133545,1.0127791166305542,1.3774223327636719,1.3704557418823242,1.1232645511627197,1.3551772832870483,1.6557410955429077,1.5623570680618286,1.529118299484253,1.8673278093338013,2.0464234352111816,2.1436610221862793,1.6056418418884277,1.8573774099349976,1.8738901615142822,1.5084768533706665,1.5164570808410645,1.8506584167480469,1.7539465427398682,1.436147928237915,1.684121012687683,1.9483681917190552,1.7443293333053589,1.6667630672454834,2.0472402572631836,2.166663646697998,2.1755714416503906
B5,1.0249173641204834,1.1702446937561035,0.8970975279808044,0.6617835164070129,0.9947048425674438,1.0897079706192017,0.8321957588195801,0.8794017434120178,1.244385004043579,1.268916368484497,1.1700459718704224,1.4345537424087524,1.6872490644454956,1.6846634149551392,1.8998751640319824,0.6026626825332642,0.49752193689346313,0.5404389500617981,0.38126155734062195,0.0,0.38158881664276123,0.5606092810630798,0.49556297063827515,0.5727008581161499,0.8509763479232788,0.9829375743865967,1.030983567237854,1.209635615348816,1.4427258968353271,1.672606348991394,1.072616457939148,1.2436598539352417,1.3813011646270752,1.0825239419937134,0.9548513889312744,1.3129816055297852,1.3659477233886719,1.0730918645858765,1.2141337394714355,1.5601675510406494,1.4920744895935059,1.3789410591125488,1.700408935546875,1.9161328077316284,1.9537911415100098,1.110482931137085,1.4359087944030762,1.466004729270935,1.1421958208084106,1.2495133876800537,1.5948315858840942,1.5293411016464233,1.3295435905456543,1.6219689846038818,1.8753129243850708,1.750449538230896,1.7764793634414673,2.1261465549468994,2.257505416870117,2.368487596511841,1.5791974067687988,1.803462266921997,1.8905292749404907,1.5481796264648438,1.469288945198059,1.8207157850265503,1.7968313694000244,1.4593549966812134,1.6327004432678223,1.9477874040603638,1.7955986261367798,1.6537303924560547,2.0117809772491455,2.1919186115264893,2.195970296859741
B6,1.4038233757019043,1.5311893224716187,1.2262824773788452,1.022831678390503,1.335154414176941,1.380635142326355,1.0631108283996582,1.1167962551116943,1.4797414541244507,1.4281975030899048,1.2629400491714478,1.5632095336914062,1.8056329488754272,1.7212814092636108,1.923082709312439,0.846950352191925,0.5898925065994263,0.4996980130672455,0.5479402542114258,0.38158881664276123,0.0,0.37895962595939636,0.5378289818763733,0.48089057207107544,0.6120895743370056,0.8657605051994324,0.980677604675293,1.0485674142837524,1.2652771472930908,1.5512375831604004,1.2291773557662964,1.3056248426437378,1.4980924129486084,1.2539584636688232,1.0143779516220093,1.3332831859588623,1.4561514854431152,1.156264066696167,1.174821138381958,1.5507147312164307,1.5307785272598267,1.3363031148910522,1.6122167110443115,1.8818743228912354,1.8892335891723633,1.4159643650054932,1.7376054525375366,1.8127448558807373,1.493200659751892,1.5467649698257446,1.9072909355163574,1.8656424283981323,1.626591682434082,1.8865842819213867,2.1669976711273193,2.0280041694641113,1.999424934387207,2.3589067459106445,2.5032174587249756,2.5675244331359863,1.7354069948196411,2.0066635608673096,2.1147940158843994,1.7839093208312988,1.738323450088501,2.1074349880218506,2.0963375568389893,1.7834604978561401,1.9704595804214478,2.2916738986968994,2.150418281555176,2.0267910957336426,2.38356614112854,2.564635753631592,2.5755374431610107
B7,1.5209250450134277,1.6599401235580444,1.4003809690475464,1.1212518215179443,1.3634378910064697,1.4545634984970093,1.1295061111450195,1.0599181652069092,1.4309992790222168,1.4117307662963867,1.1642810106277466,1.4092578887939453,1.6990712881088257,1.6050113439559937,1.7395105361938477,0.9999139308929443,0.8513310551643372,0.6093109250068665,0.5314842462539673,0.5606092810630798,0.37895962595939636,0.0,0.38249191641807556,0.529088020324707,0.500546932220459,0.627285897731781,0.868464469909668,0.9887288808822632,1.0978827476501465,1.4085729122161865,1.1310750246047974,1.1198232173919678,1.267134428024292,1.0413342714309692,0.7473332285881042,1.013089656829834,1.1365193128585815,0.8365272283554077,0.8023678660392761,1.180294156074524,1.1875495910644531,0.9918161630630493,1.2477384805679321,1.5302715301513672,1.5702344179153442,1.5135011672973633,1.7816320657730103,1.8517239093780518,1.505030870437622,1.4970121383666992,1.8461132049560547,1.7933357954025269,1.49600350856781,1.7298589944839478,2.0133895874023438,1.842620611190796,1.7626782655715942,2.1302895545959473,2.2720813751220703,2.2918500900268555,1.5232187509536743,1.8378382921218872,1.916461706161499,1.5888456106185913,1.617607831954956,1.9879869222640991,1.9548683166503906,1.6857131719589233,1.9250866174697876,2.224639415740967,2.088628053665161,2.0312788486480713,2.3931565284729004,2.550868511199951,2.607069253921509
B8,1.2957932949066162,1.376732587814331,1.1324509382247925,0.8431171178817749,1.027540922164917,1.1028977632522583,0.7799867987632751,0.6802917718887329,1.048555850982666,1.0463329553604126,0.8187787532806396,1.0620142221450806,1.3509469032287598,1.3053470849990845,1.46609628200531,1.0264317989349365,0.9553685784339905,0.8287688493728638,0.5872829556465149,0.49556297063827515,0.5378289818763733,0.38249191641807556,0.0,0.38272738456726074,0.5506086349487305,0.5205618143081665,0.6332114338874817,0.8802103400230408,1.0301512479782104,1.2594223022460938,1.2158892154693604,1.2728755474090576,1.3280913829803467,1.02249276638031,0.8377639651298523,1.1077473163604736,1.1020281314849854,0.7457739114761353,0.8524875640869141,1.1739510297775269,1.0611262321472168,0.9015365839004517,1.2403873205184937,1.441398024559021,1.4592628479003906,1.4661531448364258,1.7315446138381958,1.722452998161316,1.3551247119903564,1.4179326295852661,1.7349052429199219,1.6094882488250732,1.332709789276123,1.6259217262268066,1.8529537916183472,1.6422255039215088,1.6247690916061401,2.0025038719177246,2.090200424194336,2.1340959072113037,1.2009516954421997,1.488545536994934,1.5949386358261108,1.2776540517807007,1.261314034461975,1.638093113899231,1.6431574821472168,1.3749094009399414,1.5847723484039307,1.9040789604187012,1.8102389574050903,1.7446943521499634,2.087789535522461,2.2751481533050537,2.3596537113189697
B9,1.4341875314712524,1.4518457651138306,1.1364002227783203,0.9531478881835938,1.168100118637085,1.1251176595687866,0.7564141750335693,0.8232502341270447,1.137012243270874,1.0090612173080444,0.8234255909919739,1.1604204177856445,1.361401081085205,1.2516192197799683,1.4786531925201416,1.1731690168380737,0.9920129776000977,0.9444889426231384,0.8252788186073303,0.5727008581161499,0.48089057207107544,0.529088020324707,0.38272738456726074,0.0,0.3873591423034668,0.5548959970474243,0.5246269702911377,0.6379126906394958,0.9039287567138672,1.1251988410949707,1.5206698179244995,1.588886022567749,1.6881999969482422,1.3915369510650635,1.1848217248916626,1.4549051523208618,1.4740170240402222,1.1135187149047852,1.161607027053833,1.485643982887268,1.3603163957595825,1.1247438192367554,1.447486162185669,1.6569180488586426,1.5926531553268433,1.6690146923065186,1.978453516960144,1.967619776725769,1.6162443161010742,1.7254852056503296,2.0494911670684814,1.9196598529815674,1.6769514083862305,1.986057996749878,2.204965353012085,1.9942800998687744,1.9999359846115112,2.377365827560425,2.450608253479004,2.4970555305480957,1.4041014909744263,1.6672219038009644,1.840183973312378,1.5568770170211792,1.47404146194458,1.8535494804382324,1.916839599609375,1.6398974657058716,1.7843893766403198,2.136207342147827,2.074371814727783,1.956687092781067,2.2787928581237793,2.506573438644409,2.572441577911377
B10,1.7839200496673584,1.8242863416671753,1.5201892852783203,1.31044340133667,1.503943681716919,1.4778056144714355,1.1059789657592773,1.1010329723358154,1.4024240970611572,1.255621314048767,0.9806345105171204,1.2840638160705566,1.4954694509506226,1.3064098358154297,1.4651222229003906,1.4089747667312622,1.199386715888977,1.0445836782455444,0.9876885414123535,0.8509763479232788,0.6120895743370056,0.500546932220459,0.5506086349487305,0.3873591423034668,0.0,0.3855467140674591,0.5481982827186584,0.5149435997009277,0.6595689654350281,0.9779720902442932,1.6251897811889648,1.6026999950408936,1.716299057006836,1.4750986099243164,1.1923468112945557,1.3898401260375977,1.4562183618545532,1.114245891571045,1.03287672996521,1.3543285131454468,1.2850265502929688,0.9739733338356018,1.2262849807739258,1.4872883558273315,1.4031429290771484,1.9317306280136108,2.221665859222412,2.246100425720215,1.8875541687011719,1.9343725442886353,2.2666187286376953,2.1578211784362793,1.8687435388565063,2.1378142833709717,2.3789994716644287,2.154015064239502,2.0962424278259277,2.4766576290130615,2.561583995819092,2.5523617267608643,1.5006458759307861,1.8166587352752686,1.9798195362091064,1.7115329504013062,1.6977746486663818,2.0785326957702637,2.129387855529785,1.8904247283935547,2.0736963748931885,2.409740447998047,2.3466954231262207,2.2718217372894287,2.6002767086029053,2.8095386028289795,2.894001007080078
B11,1.778057336807251,1.8023403882980347,1.5508449077606201,1.2986719608306885,1.4023090600967407,1.402693271636963,1.0554025173187256,0.9365934729576111,1.205066442489624,1.096772313117981,0.7521480917930603,0.9813368916511536,1.2329902648925781,1.0588754415512085,1.1533405780792236,1.52949059009552,1.4070537090301514,1.2278773784637451,1.059701919555664,0.9829375743865967,0.8657605051994324,0.627285897731781,0.5205618143081665,0.5548959970474243,0.3855467140674591,0.0,0.38183265924453735,0.5473451614379883,0.5409632921218872,0.8109132051467896,1.6241159439086914,1.581015706062317,1.609938383102417,1.3575302362442017,1.1137008666992188,1.2478402853012085,1.231185793876648,0.881324291229248,0.8229121565818787,1.0770986080169678,0.9432908296585083,0.6252804398536682,0.9227473735809326,1.1338974237442017,1.053653359413147,1.9800173044204712,2.228496789932251,2.213419198989868,1.8393702507019043,1.8755146265029907,2.1730518341064453,2.024237632751465,1.714741587638855,1.9825406074523926,2.187490224838257,1.9211862087249756,1.856980323791504,2.2383763790130615,2.286430597305298,2.250558376312256,1.1574186086654663,1.4978114366531372,1.6525908708572388,1.4101486206054688,1.4400094747543335,1.8112008571624756,1.8671472072601318,1.6790159940719604,1.880361557006836,2.198607921600342,2.165409564971924,2.1402761936187744,2.454071044921875,2.6552722454071045,2.786623954772949
B12,1.7020152807235718,1.6468783617019653,1.383444905281067,1.2000409364700317,1.261538028717041,1.1702786684036255,0.8237249851226807,0.7863163352012634,0.9772516489028931,0.7773981094360352,0.4676014184951782,0.7861838340759277,0.9523934125900269,0.7678224444389343,0.9669231176376343,1.6182186603546143,1.4947123527526855,1.40723717212677,1.2165350914001465,1.030983567237854,0.980677604675293,0.868464469909668,0.6332114338874817,0.5246269702911377,0.5481982827186584,0.38183265924453735,0.0,0.3847447335720062,0.5505039691925049,0.6591796278953552,1.837142825126648,1.8576306104660034,1.8701025247573853,1.5712294578552246,1.3873252868652344,1.5597161054611206,1.4880762100219727,1.121132254600525,1.1551122665405273,1.3748596906661987,1.1568666696548462,0.8834433555603027,1.209538459777832,1.3350942134857178,1.1877528429031372,2.0451295375823975,2.3139164447784424,2.2480218410491943,1.8787583112716675,1.9875288009643555,2.2664577960968018,2.071934223175049,1.80898916721344,2.1230366230010986,2.28389835357666,2.0021378993988037,2.00645112991333,2.3863327503204346,2.3899686336517334,2.3868088722229004,1.081067681312561,1.3599807024002075,1.5879032611846924,1.3845351934432983,1.321107268333435,1.688360333442688,1.8147202730178833,1.6230748891830444,1.750074028968811,2.098350763320923,2.1169443130493164,2.051095485687256,2.3310303688049316,2.5767807960510254,2.713080883026123
B13,1.9884893894195557,1.9298970699310303,1.625111699104309,1.4851288795471191,1.5936448574066162,1.4623302221298218,1.1042535305023193,1.1462591886520386,1.3242123126983643,1.0618090629577637,0.8075516223907471,1.126204252243042,1.2172209024429321,0.9437460899353027,1.1427693367004395,1.8084442615509033,1.6096985340118408,1.521407961845398,1.419534683227539,1.209635615348816,1.0485674142837524,0.9887288808822632,0.8802103400230408,0.6379126906394958,0.5149435997009277,0.5473451614379883,0.3847447335720062,0.0,0.38178226351737976,0.5494123697280884,2.072504758834839,2.0679569244384766,2.1300547122955322,1.8581327199935913,1.6206507682800293,1.7866547107696533,1.7733503580093384,1.414941430091858,1.365878939628601,1.6044034957885742,1.4379721879959106,1.103531002998352,1.3566205501556396,1.5258018970489502,1.3222453594207764,2.2947280406951904,2.588740587234497,2.5527987480163574,2.1891584396362305,2.290895462036133,2.5927021503448486,2.421863317489624,2.155130624771118,2.4588916301727295,2.6434485912323,2.3715145587921143,2.3551225662231445,2.7370946407318115,2.7557320594787598,2.7354657649993896,1.437164545059204,1.712897539138794,1.9566787481307983,1.7659310102462769,1.6997817754745483,2.0631589889526367,2.199007511138916,2.001655340194702,2.1166489124298096,2.4727768898010254,2.4889609813690186,2.4033658504486084,2.6835289001464844,2.9386839866638184,3.0572316646575928
