,A1,A2,A3,A4,A5,A6,A7,A8,A9,A10,A11,A12,A13,A14,A15,B1,B2,B3,B4,B5,B6,B7,B8,B9,B10,B11,B12,B13,B14,B15,C1,C2,C3,C4,C5,C6,C7,C8,C9,C10,C11,C12,C13,C14,C15,D1,D2,D3,D4,D5,D6,D7,D8,D9,D10,D11,D12,D13,D14,D15,E1,E2,E3,E4,E5,E6,E7,E8,E9,E10,E11,E12,E13,E14,E15
A1,0.0,0.3840164840221405,0.5455083847045898,0.8534184694290161,1.0768507719039917,1.360256314277649,1.6060291528701782,1.8870818614959717,2.0893490314483643,2.0507113933563232,2.266953706741333,2.559525966644287,2.858091354370117,3.099637746810913,3.4122586250305176,2.6869516372680664,2.328512668609619,2.4217615127563477,2.2676196098327637,1.9944504499435425,2.1410746574401855,1.9417071342468262,1.7443379163742065,2.0309054851531982,2.2834715843200684,2.166498899459839,2.4884912967681885,2.5174851417541504,2.8812477588653564,2.9686267375946045,1.8732693195343018,1.640182614326477,1.697458028793335,1.8766064643859863,1.6290816068649292,1.8942335844039917,2.0980746746063232,2.033740520477295,2.3944053649902344,2.333564519882202,2.2630679607391357,2.636636257171631,2.7386441230773926,3.0412940979003906,3.3235182762145996,2.6671080589294434,2.4832143783569336,2.3074758052825928,2.2562170028686523,1.9133650064468384,1.8471016883850098,1.9097697734832764,1.6457743644714355,1.8985915184020996,1.7766207456588745,1.521314263343811,1.79803466796875,1.7458922863006592,2.001915454864502,2.2936832904815674,1.2898472547531128,1.1854296922683716,0.8141978979110718,0.7095041275024414,0.7840418815612793,0.6268348097801208,0.9735528230667114,1.2242624759674072,1.2463003396987915,1.0253547430038452,1.3139350414276123,1.4934123754501343,1.84343683719635,1.9995874166488647,2.3302578926086426
A2,0.3840164840221405,0.0,0.3808004558086395,0.6182626485824585,0.7630174160003662,1.0812981128692627,1.2821307182312012,1.5452775955200195,1.7680178880691528,1.7698372602462769,1.9724944829940796,2.280348539352417,2.5721981525421143,2.8349063396453857,3.1267640590667725,2.53548526763916,2.1955983638763428,2.267488718032837,2.135551691055298,1.821549654006958,1.971925139427185,1.8155049085617065,1.587588906288147,1.9111560583114624,2.116680145263672,1.971950650215149,2.315873384475708,2.34092378616333,2.7058091163635254,2.8304202556610107,1.585787296295166,1.3322112560272217,1.3443570137023926,1.5056146383285522,1.2596635818481445,1.5150938034057617,1.7351199388504028,1.6894879341125488,2.0395636558532715,1.9632116556167603,1.9141607284545898,2.2843894958496094,2.4114084243774414,2.7088024616241455,2.9996790885925293,2.418656587600708,2.198481321334839,2.046720266342163,1.9727108478546143,1.6100808382034302,1.5518569946289062,1.5734695196151733,1.2909104824066162,1.5673404932022095,1.4882956743240356,1.241037368774414,1.5608824491500854,1.5450613498687744,1.8450367450714111,2.119619131088257,1.3069757223129272,1.1336151361465454,0.8089419603347778,0.7402448654174805,0.6270330548286438,0.5443527698516846,0.9206004738807678,1.0832282304763794,1.210715889930725,0.9899726510047913,1.1864527463912964,1.4405508041381836,1.7478243112564087,1.9443879127502441,2.2871084213256836
A3,0.5455083847045898,0.3808004558086395,0.0,0.3843177556991577,0.5702862739562988,0.8360124826431274,1.1249393224716187,1.3914508819580078,1.5970590114593506,1.5289241075515747,1.7303247451782227,2.02726411819458,2.3181450366973877,2.5616278648376465,2.8783161640167236,2.3740861415863037,2.0234363079071045,2.046138048171997,1.8654139041900635,1.557821273803711,1.6630061864852905,1.4686527252197266,1.232907772064209,1.5411546230316162,1.7656495571136475,1.6351176500320435,1.9708034992218018,2.0142505168914795,2.3788135051727295,2.5014259815216064,1.8377197980880737,1.5358613729476929,1.517054796218872,1.588558316230774,1.2782894372940063,1.5004942417144775,1.6450610160827637,1.5347403287887573,1.9071890115737915,1.8902809619903564,1.7985564470291138,2.1832330226898193,2.278245687484741,2.6045072078704834,2.860521078109741,2.2764952182769775,2.0826492309570312,1.9686219692230225,1.9628790616989136,1.5922434329986572,1.6197547912597656,1.6724942922592163,1.4263205528259277,1.758130431175232,1.6999435424804688,1.5087138414382935,1.8578187227249146,1.8844341039657593,2.193948984146118,2.4700403213500977,0.9436252117156982,0.7556014060974121,0.44942909479141235,0.493484765291214,0.43598607182502747,0.5852630138397217,0.9553112387657166,1.1784778833389282,1.3536248207092285,1.2205142974853516,1.429059386253357,1.7163938283920288,2.0239295959472656,2.2525649070739746,2.5742170810699463
A4,0.8534184694290161,0.6182626485824585,0.3843177556991577,0.0,0.3908640444278717,0.5318130850791931,0.7950072288513184,1.1144288778305054,1.261960506439209,1.2037372589111328,1.452095627784729,1.7195954322814941,2.036529064178467,2.2681143283843994,2.5726308822631836,2.5054614543914795,2.1750762462615967,2.13828444480896,1.9398664236068726,1.6033942699432373,1.6429272890090942,1.4459260702133179,1.1343053579330444,1.427495002746582,1.617358684539795,1.4160306453704834,1.741546392440796,1.7339595556259155,2.0982189178466797,2.221132755279541,1.8982634544372559,1.6043682098388672,1.4919238090515137,1.5119839906692505,1.2018520832061768,1.329734206199646,1.4641705751419067,1.296384572982788,1.6541149616241455,1.6228182315826416,1.480613350868225,1.859565258026123,1.9245644807815552,2.2488932609558105,2.503321647644043,2.30698299407959,2.080096960067749,2.0311901569366455,2.025153875350952,1.634572982788086,1.702498197555542,1.6869323253631592,1.4146864414215088,1.767199158668518,1.7872802019119263,1.5962913036346436,1.963517665863037,1.9852248430252075,2.324336051940918,2.5557427406311035,0.9299308657646179,0.788945734500885,0.6088094711303711,0.8162550926208496,0.707184910774231,0.929344892501831,1.282363772392273,1.4471756219863892,1.6737309694290161,1.5314799547195435,1.6827237606048584,1.9927958250045776,2.2687411308288574,2.5020065307617188,2.8374595642089844
A5,1.0768507719039917,0.7630174160003662,0.5702862739562988,0.3908640444278717,0.0,0.3740023076534271,0.6075088381767273,0.8250225782394409,1.068723201751709,1.0442999601364136,1.2122266292572021,1.5354613065719604,1.8125773668289185,2.086897134780884,2.3756661415100098,2.21174955368042,1.9065916538238525,1.8607598543167114,1.7035911083221436,1.339758038520813,1.410704493522644,1.2974060773849487,1.0072977542877197,1.3556911945343018,1.4751828908920288,1.2928941249847412,1.656990885734558,1.6982313394546509,2.0541434288024902,2.2427380084991455,1.697707176208496,1.3704688549041748,1.2446544170379639,1.1951000690460205,0.8552449345588684,0.9919436573982239,1.098978042602539,0.9668413400650024,1.337104320526123,1.3333665132522583,1.251988410949707,1.639957070350647,1.7631547451019287,2.096193552017212,2.3456995487213135,1.9464470148086548,1.7013659477233887,1.6696053743362427,1.6643309593200684,1.2723172903060913,1.3783636093139648,1.3639158010482788,1.1343086957931519,1.5137474536895752,1.5525375604629517,1.4307533502578735,1.8153693675994873,1.905991792678833,2.2522048950195312,2.487521171569824,1.117221474647522,0.860835611820221,0.7900797128677368,0.8988834619522095,0.6415949463844299,0.9150248169898987,1.1932584047317505,1.2793978452682495,1.5750552415847778,1.4835457801818848,1.56454598903656,1.917250633239746,2.1505119800567627,2.423231601715088,2.7390103340148926
A6,1.360256314277649,1.0812981128692627,0.8360124826431274,0.5318130850791931,0.3740023076534271,0.0,0.3841911852359772,0.6453860402107239,0.7875286340713501,0.6969183683395386,0.9204946756362915,1.2027723789215088,1.5087311267852783,1.755924105644226,2.0539848804473877,2.333709955215454,2.045849561691284,1.929490089416504,1.730558156967163,1.3730125427246094,1.3438063859939575,1.2051254510879517,0.8537198901176453,1.1507073640823364,1.2394537925720215,0.992784857749939,1.3375285863876343,1.3426892757415771,1.696663498878479,1.8865944147109985,1.9909106492996216,1.6731288433074951,1.4913378953933716,1.3746000528335571,1.045961618423462,1.0530682802200317,1.0764155387878418,0.8255643844604492,1.1812037229537964,1.2155706882476807,1.0436488389968872,1.427688479423523,1.4910674095153809,1.8422820568084717,2.060753107070923,2.022819757461548,1.7821810245513916,1.8250163793563843,1.8597744703292847,1.4789938926696777,1.6435186862945557,1.6014690399169922,1.3882088661193848,1.770216464996338,1.8578400611877441,1.7503082752227783,2.135019063949585,2.221367835998535,2.577333927154541,2.7857272624969482,1.0571743249893188,0.8668613433837891,0.9149514436721802,1.1337554454803467,0.9469873309135437,1.261184573173523,1.5341075658798218,1.630786418914795,1.9350899457931519,1.8556064367294312,1.9346439838409424,2.290282964706421,2.5163190364837646,2.790803909301758,3.1071619987487793
A7,1.6060291528701782,1.2821307182312012,1.1249393224716187,0.7950072288513184,0.6075088381767273,0.3841911852359772,0.0,0.38864660263061523,0.4861134886741638,0.5777199864387512,0.8116885423660278,1.0742626190185547,1.3843194246292114,1.650282621383667,1.891996145248413,2.5066959857940674,2.254748821258545,2.1292684078216553,1.9707088470458984,1.6009283065795898,1.5696933269500732,1.4936755895614624,1.1496212482452393,1.4221237897872925,1.4328644275665283,1.1403871774673462,1.4566073417663574,1.408017635345459,1.7324988842010498,1.9444682598114014,1.9093871116638184,1.6290212869644165,1.3716925382614136,1.2180430889129639,0.9559942483901978,0.834905207157135,0.8844415545463562,0.6286103129386902,0.9203433990478516,0.8826621770858765,0.6893747448921204,1.0715548992156982,1.1596754789352417,1.4943066835403442,1.7439295053482056,2.0855417251586914,1.7972357273101807,1.8811787366867065,1.870027780532837,1.4963585138320923,1.6513875722885132,1.5255478620529175,1.2988773584365845,1.6563236713409424,1.8158231973648071,1.7162659168243408,2.088869333267212,2.1741251945495605,2.540177345275879,2.7018275260925293,1.4221413135528564,1.250592589378357,1.28108549118042,1.4777029752731323,1.2438220977783203,1.515715479850769,1.7792447805404663,1.8077937364578247,2.131899118423462,2.0292882919311523,2.0477025508880615,2.4066507816314697,2.5908114910125732,2.8604960441589355,3.1841773986816406
A8,1.8870818614959717,1.5452775955200195,1.3914508819580078,1.1144288778305054,0.8250225782394409,0.6453860402107239,0.38864660263061523,0.0,0.3896079659461975,0.5557840466499329,0.591088593006134,0.9120206236839294,1.1458555459976196,1.462512493133545,1.6718977689743042,2.3225653171539307,2.117121934890747,1.9656260013580322,1.850611925125122,1.4845476150512695,1.4548372030258179,1.4732235670089722,1.1828559637069702,1.455378770828247,1.3757823705673218,1.1187872886657715,1.4359701871871948,1.4400854110717773,1.726776361465454,2.002403497695923,1.9018064737319946,1.614067792892456,1.3471059799194336,1.092561960220337,0.8568462133407593,0.6417893767356873,0.5523186326026917,0.24781736731529236,0.5457690358161926,0.5941467881202698,0.4894334077835083,0.8662235140800476,1.035588264465332,1.3737621307373047,1.5948630571365356,1.8161532878875732,1.513574242591858,1.6548266410827637,1.656989336013794,1.320149302482605,1.52838134765625,1.3955026865005493,1.252042293548584,1.599442720413208,1.784718632698059,1.7640012502670288,2.1276068687438965,2.2700657844543457,2.628981828689575,2.786381959915161,1.6651856899261475,1.443107008934021,1.5293208360671997,1.6783387660980225,1.4023150205612183,1.6826732158660889,1.8796266317367554,1.85189688205719,2.2094433307647705,2.1532981395721436,2.12050724029541,2.4970357418060303,2.6393589973449707,2.935108184814453,3.2328908443450928
A9,2.0893490314483643,1.7680178880691528,1.5970590114593506,1.261960506439209,1.068723201751709,0.7875286340713501,0.4861134886741638,0.3896079659461975,0.0,0.3668731451034546,0.5329492688179016,0.691602885723114,0.9918772578239441,1.2513368129730225,1.4438912868499756,2.6486754417419434,2.4459128379821777,2.2599563598632812,2.1080007553100586,1.760524034500122,1.6595920324325562,1.6340234279632568,1.3110114336013794,1.503898024559021,1.4085605144500732,1.085404872894287,1.3258395195007324,1.2379755973815918,1.4973926544189453,1.7517269849777222,2.2124130725860596,1.951637864112854,1.654943585395813,1.4185638427734375,1.2205419540405273,0.9620338082313538,0.8762400150299072,0.551106870174408,0.6547068357467651,0.6745395660400391,0.3463396728038788,0.6772464513778687,0.7175581455230713,1.0791864395141602,1.284655213356018,2.1382617950439453,1.8495465517044067,2.022085666656494,2.0356266498565674,1.7074298858642578,1.9123011827468872,1.756462574005127,1.588018536567688,1.916359305381775,2.1269173622131348,2.075286626815796,2.432419776916504,2.5390639305114746,2.9044158458709717,3.0321669578552246,1.7364439964294434,1.590806245803833,1.6966979503631592,1.9123072624206543,1.6824475526809692,1.9747581481933594,2.2081050872802734,2.209989070892334,2.5561306476593018,2.4775989055633545,2.46401309967041,2.8322205543518066,2.98482608795166,3.2655303478240967,3.5777525901794434
A10,2.0507113933563232,1.7698372602462769,1.5289241075515747,1.2037372589111328,1.0442999601364136,0.6969183683395386,0.5777199864387512,0.5557840466499329,0.3668731451034546,0.0,0.38106438517570496,0.5261943936347961,0.8734774589538574,1.0944699048995972,1.3725451231002808,2.5439369678497314,2.32528018951416,2.1086246967315674,1.90604567527771,1.5830433368682861,1.423285961151123,1.3516101837158203,1.0209777355194092,1.1636167764663696,1.075262188911438,0.7314725518226624,0.9708064794540405,0.9019061923027039,1.191560983657837,1.4497275352478027,2.424891710281372,2.1287052631378174,1.874472975730896,1.644533395767212,1.383919596672058,1.1972078084945679,1.0589556694030762,0.6841890811920166,0.8653776049613953,0.9944210648536682,0.6998974680900574,0.992555558681488,0.9541631937026978,1.3288233280181885,1.4607994556427002,2.1070215702056885,1.8677992820739746,2.0415518283843994,2.116163492202759,1.7876126766204834,2.026256799697876,1.933827519416809,1.7805759906768799,2.139282464981079,2.305680274963379,2.2536866664886475,2.6275715827941895,2.7380709648132324,3.1023261547088623,3.263575792312622,1.480329990386963,1.3612481355667114,1.5308488607406616,1.7810242176055908,1.6035999059677124,1.9363117218017578,2.1688058376312256,2.2233681678771973,2.5611982345581055,2.509094476699829,2.5409631729125977,2.9124505519866943,3.097031593322754,3.386850357055664,3.6931004524230957
A11,2.266953706741333,1.9724944829940796,1.7303247451782227,1.452095627784729,1.2122266292572021,0.9204946756362915,0.8116885423660278,0.591088593006134,0.5329492688179016,0.38106438517570496,0.0,0.3908731937408447,0.6019359230995178,0.9059455394744873,1.1745632886886597,2.3223512172698975,2.1483023166656494,1.9004977941513062,1.7324862480163574,1.4292182922363281,1.258692741394043,1.2861196994781494,1.0352367162704468,1.1723823547363281,0.9802030324935913,0.7197878956794739,0.9551699161529541,0.9950818419456482,1.2244004011154175,1.5546008348464966,2.4591240882873535,2.151527166366577,1.911386489868164,1.621584415435791,1.375366449356079,1.1703486442565918,0.9199416637420654,0.5666790008544922,0.672999382019043,0.9308388233184814,0.739283561706543,0.9767071008682251,1.0059159994125366,1.369156002998352,1.4485645294189453,1.8342418670654297,1.6101658344268799,1.8356930017471313,1.9442495107650757,1.6629446744918823,1.9471499919891357,1.8752084970474243,1.7957271337509155,2.1454031467437744,2.312473773956299,2.322643995285034,2.690007209777832,2.84796404838562,3.2037620544433594,3.3727896213531494,1.6849619150161743,1.510157585144043,1.7206169366836548,1.9207890033721924,1.713348150253296,2.052901268005371,2.226814031600952,2.2448065280914307,2.6040804386138916,2.5975561141967773,2.5972836017608643,2.981210708618164,3.137443780899048,3.450361490249634,3.730459690093994
A12,2.559525966644287,2.280348539352417,2.02726411819458,1.7195954322814941,1.5354613065719604,1.2027723789215088,1.0742626190185547,0.9120206236839294,0.691602885723114,0.5261943936347961,0.3908731937408447,0.0,0.37919968366622925,0.5763490200042725,0.853738009929657,2.639630079269409,2.4798386096954346,2.2023446559906006,2.0117740631103516,1.7443104982376099,1.5168142318725586,1.5149911642074585,1.2693040370941162,1.301276683807373,1.0800198316574097,0.7956165075302124,0.8695055842399597,0.8147215843200684,0.9582008123397827,1.2957133054733276,2.8057854175567627,2.513375759124756,2.25113582611084,1.9627052545547485,1.7398569583892822,1.4996386766433716,1.2580046653747559,0.9164120554924011,0.909983217716217,1.1387251615524292,0.8819459080696106,0.9987843036651611,0.8941925764083862,1.2326558828353882,1.22501540184021,2.1519887447357178,1.9475725889205933,2.1989614963531494,2.315991163253784,2.0468642711639404,2.330817461013794,2.2411012649536133,2.150695562362671,2.4897572994232178,2.6769649982452393,2.674030065536499,3.038501024246216,3.1788156032562256,3.539559841156006,3.6885974407196045,1.864091157913208,1.7558177709579468,1.984999418258667,2.2272143363952637,2.0528695583343506,2.399122476577759,2.59208607673645,2.626479387283325,2.9806671142578125,2.963797092437744,2.973106861114502,3.3543477058410645,3.514887809753418,3.8214192390441895,4.109100818634033
A13,2.858091354370117,2.5721981525421143,2.3181450366973877,2.036529064178467,1.8125773668289185,1.5087311267852783,1.3843194246292114,1.1458555459976196,0.9918772578239441,0.8734774589538574,0.6019359230995178,0.37919968366622925,0.0,0.3685811758041382,0.600973904132843,2.5840280055999756,2.4752635955810547,2.1685867309570312,2.0108964443206787,1.7854036092758179,1.545233130455017,1.6196603775024414,1.4509971141815186,1.4554744958877563,1.1612787246704102,0.9804285168647766,0.9979764223098755,1.0274815559387207,1.0695257186889648,1.4459282159805298,2.975062847137451,2.681684970855713,2.4299380779266357,2.1039493083953857,1.9050284624099731,1.6548163890838623,1.3516948223114014,1.0718427896499634,0.9746353030204773,1.2653369903564453,1.0960965156555176,1.1317431926727295,1.067885160446167,1.3508878946304321,1.2640184164047241,2.0621426105499268,1.888904094696045,2.186525583267212,2.3319294452667236,2.116492509841919,2.428058385848999,2.3523471355438232,2.3187482357025146,2.6412012577056885,2.8306336402893066,2.873260498046875,3.2280142307281494,3.400801181793213,3.753633737564087,3.9035377502441406,2.14465594291687,2.0098307132720947,2.2649919986724854,2.4770679473876953,2.2892203330993652,2.6370553970336914,2.788395881652832,2.797454833984375,3.162862777709961,3.179208755493164,3.165229082107544,3.5524511337280273,3.6896119117736816,4.011425018310547,4.277480125427246
A14,3.099637746810913,2.8349063396453857,2.5616278648376465,2.2681143283843994,2.086897134780884,1.755924105644226,1.650282621383667,1.462512493133545,1.2513368129730225,1.0944699048995972,0.9059455394744873,0.5763490200042725,0.3685811758041382,0.0,0.3971056044101715,2.8574039936065674,2.7500858306884766,2.422820568084717,2.2351722717285156,2.0436079502105713,1.7601571083068848,1.7956311702728271,1.6366280317306519,1.558998942375183,1.2663861513137817,1.0975053310394287,0.97903972864151,0.9537642002105713,0.8704478740692139,1.2326231002807617,3.325066089630127,3.032029390335083,2.775376796722412,2.458888292312622,2.254117488861084,2.0034561157226562,1.713892936706543,1.4184130430221558,1.3255083560943604,1.5888975858688354,1.3785418272018433,1.373583197593689,1.2201579809188843,1.459944725036621,1.292296051979065,2.3746190071105957,2.2288756370544434,2.529144287109375,2.6903293132781982,2.4746460914611816,2.787932872772217,2.715275287628174,2.6685147285461426,2.9950997829437256,3.185393810272217,3.213109254837036,3.5720818042755127,3.730684280395508,4.087779521942139,4.233665466308594,2.276103973388672,2.1940090656280518,2.468547821044922,2.7121431827545166,2.5596537590026855,2.917862892150879,3.0838077068328857,3.1189610958099365,3.476717710494995,3.4897522926330566,3.495971918106079,3.8814613819122314,4.032553195953369,4.350973129272461,4.622797012329102
A15,3.4122586250305176,3.1267640590667725,2.8783161640167236,2.5726308822631836,2.3756661415100098,2.0539848804473877,1.891996145248413,1.6718977689743042,1.4438912868499756,1.3725451231002808,1.1745632886886597,0.853738009929657,0.600973904132843,0.3971056044101715,0.0,3.1006813049316406,3.025327682495117,2.7001419067382812,2.5490219593048096,2.357036828994751,2.0951292514801025,2.1650187969207764,2.008944034576416,1.9511935710906982,1.6509766578674316,1.48410165309906,1.37468421459198,1.3206262588500977,1.1999599933624268,1.5234606266021729,3.4776318073272705,3.2102785110473633,2.931762218475342,2.5994410514831543,2.4427483081817627,2.1511051654815674,1.8610343933105469,1.6107860803604126,1.4268417358398438,1.6614404916763306,1.4872679710388184,1.375644564628601,1.2161695957183838,1.3628065586090088,1.1136741638183594,2.556840419769287,2.3975491523742676,2.722219705581665,2.860846519470215,2.6705806255340576,2.9770126342773438,2.871551990509033,2.8392648696899414,3.136167049407959,3.356419086456299,3.3993968963623047,3.74212908744812,3.905329704284668,4.259461879730225,4.377304553985596,2.6526541709899902,2.5619850158691406,2.8204057216644287,3.0559399127960205,2.878063917160034,3.22503399848938,3.3864428997039795,3.390230894088745,3.7577781677246094,3.7648890018463135,3.7410690784454346,4.127286911010742,4.252469539642334,4.569648265838623,4.838783264160156
B1,2.6869516372680664,2.53548526763916,2.3740861415863037,2.5054614543914795,2.21174955368042,2.333709955215454,2.5066959857940674,2.3225653171539307,2.6486754417419434,2.5439369678497314,2.3223512172698975,2.639630079269409,2.5840280055999756,2.8574039936065674,3.1006813049316406,0.0,0.3794440031051636,0.5242049694061279,0.8973994255065918,1.0571352243423462,1.3352638483047485,1.638203501701355,1.9012680053710938,2.0947306156158447,2.035220146179199,2.2669243812561035,2.5296475887298584,2.856689453125,3.0654258728027344,3.3737494945526123,2.629244327545166,2.3011224269866943,2.437730550765991,2.248349189758301,2.048884630203247,2.249330997467041,2.0617806911468506,2.1625869274139404,2.3485050201416016,2.588808536529541,2.7293550968170166,2.992960214614868,3.2130255699157715,3.529836416244507,3.6305313110351562,0.7718014717102051,1.0879926681518555,0.9698022603988647,1.3084663152694702,1.4508618116378784,1.6776710748672485,2.0025715827941895,2.23810076713562,2.4500980377197266,2.3147330284118652,2.5427186489105225,2.7776875495910645,3.0917844772338867,3.2859554290771484,3.608748197555542,2.500586986541748,2.1509790420532227,2.3079452514648438,2.110018491744995,1.9547220468521118,2.0873301029205322,1.833206057548523,1.7622250318527222,1.973592758178711,2.2767844200134277,2.2451655864715576,2.521000623703003,2.593783378601074,2.948322057723999,2.9993844032287598
B2,2.328512668609619,2.1955983638763428,2.0234363079071045,2.1750762462615967,1.9065916538238525,2.045849561691284,2.254748821258545,2.117121934890747,2.4459128379821777,2.32528018951416,2.1483023166656494,2.4798386096954346,2.4752635955810547,2.7500858306884766,3.025327682495117,0.3794440031051636,0.0,0.38893234729766846,0.6752697825431824,0.7923438549041748,1.1154601573944092,1.3649380207061768,1.6161613464355469,1.8321491479873657,1.824711561203003,2.042095184326172,2.326321840286255,2.6410372257232666,2.8783645629882812,3.1645078659057617,2.455373525619507,2.1075551509857178,2.245898962020874,2.0858771800994873,1.8457107543945312,2.0756678581237793,1.9193365573883057,1.9879043102264404,2.2251780033111572,2.4485602378845215,2.557054281234741,2.8541502952575684,3.0586471557617188,3.391841411590576,3.5134520530700684,0.881106436252594,1.1001824140548706,0.9391083121299744,1.2613353729248047,1.3065780401229858,1.5269442796707153,1.8596084117889404,2.0442028045654297,2.288947820663452,2.1409192085266113,2.3250691890716553,2.5837185382843018,2.8721132278442383,3.0804643630981445,3.4151194095611572,2.150723457336426,1.8002243041992188,1.943772315979004,1.7375634908676147,1.6023401021957397,1.7398673295974731,1.4977965354919434,1.4756782054901123,1.687660813331604,1.9808508157730103,1.9928302764892578,2.27843976020813,2.3974437713623047,2.7487056255340576,2.8333232402801514
B3,2.4217615127563477,2.267488718032837,2.046138048171997,2.13828444480896,1.8607598543167114,1.929490089416504,2.1292684078216553,1.9656260013580322,2.2599563598632812,2.1086246967315674,1.9004977941513062,2.2023446559906006,2.1685867309570312,2.422820568084717,2.7001419067382812,0.5242049694061279,0.38893234729766846,0.0,0.3861171007156372,0.5766735076904297,0.8172785043716431,1.123266577720642,1.4039700031280518,1.574908971786499,1.5180549621582031,1.7642650604248047,2.018455982208252,2.350872039794922,2.561347007751465,2.8593852519989014,2.609217882156372,2.247209310531616,2.3241751194000244,2.114236354827881,1.8516757488250732,2.020371437072754,1.805524468421936,1.8244075775146484,2.0424129962921143,2.307663679122925,2.3875298500061035,2.6686956882476807,2.8462204933166504,3.183149814605713,3.270536184310913,0.80489581823349,1.0366694927215576,1.012095332145691,1.375450611114502,1.3809820413589478,1.6676790714263916,1.9533087015151978,2.119856357574463,2.3999390602111816,2.3042845726013184,2.476088523864746,2.7669026851654053,3.0485005378723145,3.2882509231567383,3.604954719543457,2.048881769180298,1.7145012617111206,1.9240143299102783,1.790786623954773,1.6582767963409424,1.869389533996582,1.695513129234314,1.7002981901168823,1.9547631740570068,2.212265968322754,2.232017755508423,2.5484774112701416,2.679504632949829,3.0362420082092285,3.1497273445129395
B4,2.2676196098327637,2.135551691055298,1.8654139041900635,1.9398664236068726,1.7035911083221436,1.730558156967163,1.9707088470458984,1.850611925125122,2.1080007553100586,1.90604567527771,1.7324862480163574,2.0117740631103516,2.0108964443206787,2.2351722717285156,2.5490219593048096,0.8973994255065918,0.6752697825431824,0.3861171007156372,0.0,0.3827657103538513,0.5164797306060791,0.769288182258606,1.0914548635482788,1.2220526933670044,1.2010318040847778,1.4730939865112305,1.7114640474319458,2.0500855445861816,2.2649781703948975,2.5387916564941406,2.705327272415161,2.328322410583496,2.373549699783325,2.1712090969085693,1.8641722202301025,2.0164899826049805,1.8016383647918701,1.7424696683883667,1.994668960571289,2.2671515941619873,2.285421133041382,2.584967851638794,2.7179529666900635,3.0718722343444824,3.150344133377075,1.100296139717102,1.2552251815795898,1.2630383968353271,1.6028491258621216,1.5172899961471558,1.81150484085083,2.0691261291503906,2.1724331378936768,2.4930968284606934,2.412689208984375,2.532212734222412,2.853307008743286,3.1011977195739746,3.363778591156006,3.6803972721099854,1.7276568412780762,1.4218800067901611,1.6759428977966309,1.595822811126709,1.515925407409668,1.7757830619812012,1.6649551391601562,1.7458791732788086,1.9997258186340332,2.2235958576202393,2.296029806137085,2.6218905448913574,2.798970937728882,3.1463747024536133,3.2945220470428467
B5,1.9944504499435425,1.821549654006958,1.557821273803711,1.6033942699432373,1.339758038520813,1.3730125427246094,1.6009283065795898,1.4845476150512695,1.760524034500122,1.5830433368682861,1.4292182922363281,1.7443104982376099,1.7854036092758179,2.0436079502105713,2.357036828994751,1.0571352243423462,0.7923438549041748,0.5766735076904297,0.3827657103538513,0.0,0.37835147976875305,0.6317947506904602,0.8453254699707031,1.0760912895202637,1.0596439838409424,1.251721739768982,1.550408124923706,1.8526016473770142,2.10432505607605,2.3863415718078613,2.3875741958618164,2.007124900817871,2.023291826248169,1.8185973167419434,1.4986319541931152,1.6472285985946655,1.4493091106414795,1.3862690925598145,1.6640293598175049,1.9148439168930054,1.933002233505249,2.247981548309326,2.392821788787842,2.747971534729004,2.854804039001465,1.0372952222824097,1.072635293006897,1.0880742073059082,1.384318232536316,1.226383090019226,1.5287612676620483,1.7521315813064575,1.8252274990081787,2.1629021167755127,2.1076056957244873,2.2084524631500244,2.545764684677124,2.783576011657715,3.064326047897339,3.3662946224212646,1.525278925895691,1.1853785514831543,1.4201910495758057,1.3600910902023315,1.2213101387023926,1.5079032182693481,1.445375680923462,1.5100775957107544,1.8061306476593018,1.9872835874557495,2.045520544052124,2.3950512409210205,2.574979543685913,2.9228203296661377,3.1037847995758057
B6,2.1410746574401855,1.971925139427185,1.6630061864852905,1.6429272890090942,1.410704493522644,1.3438063859939575,1.5696933269500732,1.4548372030258179,1.6595920324325562,1.423285961151123,1.258692741394043,1.5168142318725586,1.545233130455017,1.7601571083068848,2.0951292514801025,1.3352638483047485,1.1154601573944092,0.8172785043716431,0.5164797306060791,0.37835147976875305,0.0,0.3895935118198395,0.6526834964752197,0.7804592847824097,0.7097594141960144,0.9601035714149475,1.2134658098220825,1.5424492359161377,1.767924427986145,2.0515336990356445,2.6498706340789795,2.2700893878936768,2.235319137573242,2.0058224201202393,1.674926996231079,1.7540203332901,1.5156787633895874,1.3679128885269165,1.6259393692016602,1.9105762243270874,1.8696763515472412,2.167687177658081,2.2600903511047363,2.621431827545166,2.6884469985961914,1.2644565105438232,1.293605923652649,1.392109751701355,1.687490463256836,1.5088189840316772,1.8292484283447266,2.005591869354248,2.046053647994995,2.4040162563323975,2.387866735458374,2.464128017425537,2.8192505836486816,3.0376927852630615,3.3383500576019287,3.624351978302002,1.4374750852584839,1.1562073230743408,1.4634565114974976,1.497837781906128,1.4008674621582031,1.7328695058822632,1.733359456062317,1.831319808959961,2.129394769668579,2.280275583267212,2.356890916824341,2.713287353515625,2.907313346862793,3.24981951713562,3.449317216873169
B7,1.9417071342468262,1.8155049085617065,1.4686527252197266,1.4459260702133179,1.2974060773849487,1.2051254510879517,1.4936755895614624,1.4732235670089722,1.6340234279632568,1.3516101837158203,1.2861196994781494,1.5149911642074585,1.6196603775024414,1.7956311702728271,2.1650187969207764,1.638203501701355,1.3649380207061768,1.123266577720642,0.769288182258606,0.6317947506904602,0.3895935118198395,0.0,0.38383182883262634,0.46959981322288513,0.5805739760398865,0.8115644454956055,1.0597901344299316,1.364674687385559,1.6220155954360962,1.8495115041732788,2.7267184257507324,2.3468194007873535,2.3037655353546143,2.1164391040802,1.758975625038147,1.8470767736434937,1.6581743955612183,1.4508144855499268,1.7510676383972168,2.001777172088623,1.8971413373947144,2.220541000366211,2.266667127609253,2.6394944190979004,2.717275619506836,1.624409794807434,1.620233416557312,1.682167887687683,1.9403494596481323,1.7053468227386475,1.9905449151992798,2.151102304458618,2.1265158653259277,2.503314971923828,2.481799840927124,2.500438928604126,2.8681929111480713,3.044901132583618,3.3539159297943115,3.642822265625,1.0788072347640991,0.8455926775932312,1.192287564277649,1.290266990661621,1.2730051279067993,1.624335527420044,1.6871695518493652,1.8571910858154297,2.1267998218536377,2.2414705753326416,2.3728346824645996,2.7181191444396973,2.9541893005371094,3.276871919631958,3.5012545585632324
B8,1.7443379163742065,1.587588906288147,1.232907772064209,1.1343053579330444,1.0072977542877197,0.8537198901176453,1.1496212482452393,1.1828559637069702,1.3110114336013794,1.0209777355194092,1.0352367162704468,1.2693040370941162,1.4509971141815186,1.6366280317306519,2.008944034576416,1.9012680053710938,1.6161613464355469,1.4039700031280518,1.0914548635482788,0.8453254699707031,0.6526834964752197,0.38383182883262634,0.0,0.38438740372657776,0.5474745035171509,0.5779903531074524,0.9011791348457336,1.128719449043274,1.4385249614715576,1.6551746129989624,2.5640246868133545,2.195338010787964,2.106193780899048,1.9298125505447388,1.5674446821212769,1.6221301555633545,1.4680219888687134,1.2110990285873413,1.5338526964187622,1.7470645904541016,1.5991979837417603,1.937543272972107,1.9637951850891113,2.3394312858581543,2.4418163299560547,1.7726796865463257,1.685437798500061,1.7573038339614868,1.9564619064331055,1.662893533706665,1.928158164024353,2.0294313430786133,1.9469345808029175,2.3359174728393555,2.3498034477233887,2.327153444290161,2.707509756088257,2.854051113128662,3.1819403171539307,3.447492837905884,0.8709592819213867,0.6496548652648926,0.9901459813117981,1.1743789911270142,1.1305652856826782,1.5055056810379028,1.6498991250991821,1.818651556968689,2.1044578552246094,2.1580617427825928,2.2873849868774414,2.6415066719055176,2.884986162185669,3.194873094558716,3.453296184539795
B9,2.0309054851531982,1.9111560583114624,1.5411546230316162,1.427495002746582,1.3556911945343018,1.1507073640823364,1.4221237897872925,1.455378770828247,1.503898024559021,1.1636167764663696,1.1723823547363281,1.301276683807373,1.4554744958877563,1.558998942375183,1.9511935710906982,2.0947306156158447,1.8321491479873657,1.574908971786499,1.2220526933670044,1.0760912895202637,0.7804592847824097,0.46959981322288513,0.38438740372657776,0.0,0.3619747459888458,0.5077416300773621,0.6734602451324463,0.948491096496582,1.2112451791763306,1.3988187313079834,2.9456000328063965,2.578369140625,2.479280471801758,2.2915403842926025,1.9348329305648804,1.9562819004058838,1.7729904651641846,1.483368992805481,1.7626702785491943,2.0009491443634033,1.8128468990325928,2.1172068119049072,2.085787534713745,2.4563655853271484,2.507805585861206,2.008890151977539,1.9626349210739136,2.0656285285949707,2.2947075366973877,2.021984338760376,2.3012259006500244,2.402688503265381,2.3231377601623535,2.712745428085327,2.7335000038146973,2.707918643951416,3.0892748832702637,3.2280189990997314,3.5577304363250732,3.8206610679626465,0.9452276825904846,0.8633719086647034,1.2333121299743652,1.4555103778839111,1.475103497505188,1.8441946506500244,1.9885746240615845,2.180507183074951,2.449570655822754,2.50993013381958,2.6575350761413574,3.0043747425079346,3.2569332122802734,3.563913345336914,3.8195250034332275
B10,2.2834715843200684,2.116680145263672,1.7656495571136475,1.617358684539795,1.4751828908920288,1.2394537925720215,1.4328644275665283,1.3757823705673218,1.4085605144500732,1.075262188911438,0.9802030324935913,1.0800198316574097,1.1612787246704102,1.2663861513137817,1.6509766578674316,2.035220146179199,1.824711561203003,1.5180549621582031,1.2010318040847778,1.0596439838409424,0.7097594141960144,0.5805739760398865,0.5474745035171509,0.3619747459888458,0.0,0.3762001097202301,0.5115677714347839,0.8614832758903503,1.070839524269104,1.342829942703247,2.980681896209717,2.615999937057495,2.492523670196533,2.255058765411377,1.9203124046325684,1.890241026878357,1.6479805707931519,1.3575727939605713,1.578645944595337,1.8607014417648315,1.689371943473816,1.953900694847107,1.9274227619171143,2.289700508117676,2.3044488430023193,1.85972261428833,1.8154796361923218,1.9796457290649414,2.224372148513794,1.98060142993927,2.293515920639038,2.3773388862609863,2.3329520225524902,2.7153990268707275,2.7662863731384277,2.7772536277770996,3.157219648361206,3.3223800659179688,3.657198190689087,3.9050819873809814,1.2823846340179443,1.1601908206939697,1.5168025493621826,1.7168256044387817,1.6707786321640015,2.045536756515503,2.1664953231811523,2.306586265563965,2.6085116863250732,2.68229079246521,2.785871982574463,3.1499595642089844,3.370962142944336,3.6936886310577393,3.9410784244537354
B11,2.166498899459839,1.971950650215149,1.6351176500320435,1.4160306453704834,1.2928941249847412,0.992784857749939,1.1403871774673462,1.1187872886657715,1.085404872894287,0.7314725518226624,0.7197878956794739,0.7956165075302124,0.9804285168647766,1.0975053310394287,1.48410165309906,2.2669243812561035,2.042095184326172,1.7642650604248047,1.4730939865112305,1.251721739768982,0.9601035714149475,0.8115644454956055,0.5779903531074524,0.5077416300773621,0.3762001097202301,0.0,0.385118693113327,0.6041352152824402,0.894057035446167,1.1693459749221802,2.8439600467681885,2.496670722961426,2.3289668560028076,2.0985734462738037,1.7740025520324707,1.6985539197921753,1.4862784147262573,1.1483745574951172,1.3685182332992554,1.6127688884735107,1.390820026397705,1.6580594778060913,1.6016697883605957,1.9673023223876953,2.002716541290283,2.0017831325531006,1.8865822553634644,2.0561587810516357,2.2473816871643066,1.9615817070007324,2.253582715988159,2.280897617340088,2.1897995471954346,2.573989152908325,2.6609137058258057,2.6396706104278564,3.024371862411499,3.163222312927246,3.5118744373321533,3.7332561016082764,1.2160849571228027,1.123661994934082,1.439542531967163,1.6906613111495972,1.6182016134262085,1.9946131706237793,2.171663999557495,2.3013150691986084,2.614447832107544,2.639064073562622,2.7333242893218994,3.1015708446502686,3.322389841079712,3.632523775100708,3.906632423400879
B12,2.4884912967681885,2.315873384475708,1.9708034992218018,1.741546392440796,1.656990885734558,1.3375285863876343,1.4566073417663574,1.4359701871871948,1.3258395195007324,0.9708064794540405,0.9551699161529541,0.8695055842399597,0.9979764223098755,0.97903972864151,1.37468421459198,2.5296475887298584,2.326321840286255,2.018455982208252,1.7114640474319458,1.550408124923706,1.2134658098220825,1.0597901344299316,0.9011791348457336,0.6734602451324463,0.5115677714347839,0.385118693113327,0.0,0.3793173134326935,0.5639338493347168,0.8472338318824768,3.2189552783966064,2.8760011196136475,2.6963624954223633,2.457346200942993,2.1438541412353516,2.0400991439819336,1.8113869428634644,1.4639997482299805,1.6242924928665161,1.8772621154785156,1.6251797676086426,1.835165023803711,1.712458848953247,2.053438425064087,2.0237646102905273,2.2818639278411865,2.1940624713897705,2.3895046710968018,2.5985474586486816,2.328779697418213,2.62973690032959,2.6519532203674316,2.562312364578247,2.943636655807495,3.041112184524536,3.0172605514526367,3.4021456241607666,3.533771276473999,3.8854594230651855,4.0991082191467285,1.4238708019256592,1.4104820489883423,1.7389897108078003,2.0141589641571045,1.9774832725524902,2.3536970615386963,2.5343215465545654,2.677921772003174,2.983818531036377,3.0101397037506104,3.1145105361938477,3.480120897293091,3.705780267715454,4.014225959777832,4.2890777587890625
B13,2.5174851417541504,2.34092378616333,2.0142505168914795,1.7339595556259155,1.6982313394546509,1.3426892757415771,1.408017635345459,1.4400854110717773,1.2379755973815918,0.9019061923027039,0.9950818419456482,0.8147215843200684,1.0274815559387207,0.9537642002105713,1.3206262588500977,2.856689453125,2.6410372257232666,2.350872039794922,2.0500855445861816,1.8526016473770142,1.5424492359161377,1.364674687385559,1.128719449043274,0.948491096496582,0.8614832758903503,0.6041352152824402,0.3793173134326935,0.0,0.3652099370956421,0.5934429168701172,3.2719061374664307,2.9505536556243896,2.7356903553009033,2.5134429931640625,2.217698574066162,2.0769169330596924,1.8869394063949585,1.5157910585403442,1.6513861417770386,1.8513095378875732,1.544252872467041,1.7257068157196045,1.537123680114746,1.8585054874420166,1.8269445896148682,2.5645692348480225,2.434573173522949,2.6296286582946777,2.7997794151306152,2.5023105144500732,2.779839515686035,2.757063388824463,2.6247239112854004,3.0002644062042236,3.12605357170105,3.0677907466888428,3.451521396636963,3.550713539123535,3.9111714363098145,4.098138332366943,1.4871927499771118,1.5328243970870972,1.8159754276275635,2.133024215698242,2.0973637104034424,2.463529109954834,2.689807176589966,2.8347978591918945,3.1385276317596436,3.1227030754089355,3.228132724761963,3.589383125305176,3.8194117546081543,4.11122989654541,4.408823490142822
