,A1,A2,A3,A4,A5,A6,A7,A8,A9,A10,A11,A12,A13,A14,A15,B1,B2,B3,B4,B5,B6,B7,B8,B9,B10,B11,B12,B13,B14,B15,C1,C2,C3,C4,C5,C6,C7,C8,C9,C10,C11,C12,C13,C14,C15,D1,D2,D3,D4,D5,D6,D7,D8,D9,D10,D11,D12,D13,D14,D15,E1,E2,E3,E4,E5,E6,E7,E8,E9,E10,E11,E12,E13,E14,E15
A1,0.0,0.37889212369918823,0.586627721786499,0.7603525519371033,1.0600872039794922,1.2759286165237427,1.217507004737854,1.5474141836166382,1.4123722314834595,1.2589396238327026,1.597494125366211,1.7059361934661865,2.069568634033203,2.191351890563965,2.4627721309661865,2.5542962551116943,2.357365846633911,2.018233299255371,1.8652433156967163,1.5404517650604248,1.5543253421783447,1.6789218187332153,1.5006275177001953,1.6231122016906738,1.4489272832870483,1.1100142002105713,1.1846991777420044,0.9649021625518799,1.0894166231155396,1.3379077911376953,1.4056322574615479,1.1143072843551636,1.3453038930892944,1.2145202159881592,1.4030343294143677,1.2741845846176147,1.3170851469039917,1.6369519233703613,1.766214370727539,1.7730292081832886,1.9773521423339844,2.2288434505462646,2.5608484745025635,2.803032875061035,3.0303375720977783,1.6713732481002808,1.4197430610656738,1.4803369045257568,1.73534095287323,1.697090744972229,1.8041516542434692,2.0608339309692383,2.3952929973602295,2.529360771179199,2.34688663482666,2.47483491897583,2.7773616313934326,3.0375924110412598,3.2577457427978516,3.58441162109375,2.79424786567688,2.48768949508667,2.2261791229248047,2.0950865745544434,1.754129409790039,1.6012659072875977,1.8830926418304443,1.8301098346710205,2.158464193344116,2.086904287338257,1.8376528024673462,2.1739089488983154,2.1320509910583496,2.435953378677368,2.6634414196014404
A2,0.37889212369918823,0.0,0.38414883613586426,0.5518240332603455,0.8303911089897156,0.9909045100212097,0.9966572523117065,1.3606353998184204,1.3142151832580566,1.1733254194259644,1.47089684009552,1.6579934358596802,2.0055525302886963,2.1824350357055664,2.4664082527160645,2.3727025985717773,2.1373486518859863,1.811794638633728,1.6876546144485474,1.3353767395019531,1.327851414680481,1.5204825401306152,1.398607850074768,1.5826351642608643,1.397452712059021,1.0775333642959595,1.2659802436828613,1.1332062482833862,1.3344296216964722,1.6090326309204102,1.124597191810608,0.7904849648475647,0.995714008808136,0.9178282022476196,1.0873870849609375,1.0300153493881226,1.1189615726470947,1.4753692150115967,1.5915931463241577,1.5304890871047974,1.7375972270965576,1.9977061748504639,2.326580047607422,2.5524566173553467,2.8095598220825195,1.3353174924850464,1.0709357261657715,1.10329270362854,1.3674564361572266,1.3349136114120483,1.470557451248169,1.7153233289718628,2.0540568828582764,2.1682240962982178,1.9769575595855713,2.1191163063049316,2.4112496376037598,2.6821115016937256,2.8972156047821045,3.2209653854370117,2.4576282501220703,2.1682064533233643,1.8856534957885742,1.7656980752944946,1.4106706380844116,1.2978910207748413,1.5877790451049805,1.5496020317077637,1.8553985357284546,1.74846613407135,1.5048856735229492,1.8437345027923584,1.8218902349472046,2.115523099899292,2.368697166442871
A3,0.586627721786499,0.38414883613586426,0.0,0.38722318410873413,0.523894190788269,0.7920373678207397,0.8654521703720093,1.201183557510376,1.168908715248108,0.9438343048095703,1.2002893686294556,1.400691032409668,1.7232576608657837,1.8914076089859009,2.202831745147705,2.0264618396759033,1.799075961112976,1.4793790578842163,1.3209445476531982,0.9837902784347534,0.9765925407409668,1.1448534727096558,1.0370063781738281,1.2132139205932617,1.0228233337402344,0.7163704037666321,0.9593151807785034,0.9143707156181335,1.1726930141448975,1.468261480331421,1.2525285482406616,0.9049683809280396,0.9721455574035645,0.7896091938018799,0.8708183169364929,0.7155119180679321,0.8535614609718323,1.1790287494659424,1.3613226413726807,1.3209859132766724,1.4672391414642334,1.764140009880066,2.066261053085327,2.327624559402466,2.5786614418029785,1.467039704322815,1.1379687786102295,1.114309310913086,1.2882297039031982,1.1915338039398193,1.2540932893753052,1.5439308881759644,1.8552501201629639,2.0269854068756104,1.8546667098999023,1.9421769380569458,2.268690586090088,2.5071306228637695,2.7524518966674805,3.0720558166503906,2.2450835704803467,1.9261770248413086,1.677980661392212,1.5743011236190796,1.2407816648483276,1.1065852642059326,1.4331886768341064,1.476788878440857,1.7913434505462646,1.683711051940918,1.5126792192459106,1.8798710107803345,1.9340713024139404,2.2377302646636963,2.5085275173187256
A4,0.7603525519371033,0.5518240332603455,0.38722318410873413,0.0,0.3796078860759735,0.53609299659729,0.49438151717185974,0.8355918526649475,0.8091351985931396,0.6515065431594849,0.9261075854301453,1.1444134712219238,1.4800469875335693,1.694105863571167,1.972900152206421,1.8853790760040283,1.6798745393753052,1.3267312049865723,1.2642666101455688,0.9049650430679321,1.0279382467269897,1.2372699975967407,1.23218834400177,1.3540509939193726,1.07941472530365,0.8751428127288818,1.0928140878677368,1.1251360177993774,1.311254858970642,1.6556130647659302,1.4621152877807617,1.0873876810073853,1.1172325611114502,1.0295238494873047,0.9974842071533203,0.8875601291656494,1.13322114944458,1.4375454187393188,1.653578519821167,1.566201090812683,1.6605443954467773,1.9915927648544312,2.259931802749634,2.5261807441711426,2.803246259689331,1.554565668106079,1.259932279586792,1.124381184577942,1.3296844959259033,1.1480767726898193,1.2807024717330933,1.5968666076660156,1.8776586055755615,2.0349934101104736,1.8082232475280762,1.8632107973098755,2.175630569458008,2.3910574913024902,2.604358196258545,2.9456210136413574,2.111725330352783,1.7955657243728638,1.5750285387039185,1.3885561227798462,1.0907046794891357,0.8677890300750732,1.1460355520248413,1.1456972360610962,1.4850060939788818,1.4366695880889893,1.262171745300293,1.6321781873703003,1.7007133960723877,2.0341410636901855,2.2763452529907227
A5,1.0600872039794922,0.8303911089897156,0.523894190788269,0.3796078860759735,0.0,0.3687467873096466,0.5369572043418884,0.7961316704750061,0.8661525249481201,0.6301919221878052,0.7613813281059265,1.0488173961639404,1.3216674327850342,1.5518007278442383,1.86337149143219,1.5463560819625854,1.319371223449707,0.9823631048202515,0.9015094041824341,0.533301055431366,0.6680206060409546,0.9001860618591309,0.9734249711036682,1.1109952926635742,0.8420284390449524,0.7250578999519348,1.0236358642578125,1.1609562635421753,1.4018123149871826,1.7351880073547363,1.516724705696106,1.1586253643035889,1.0645678043365479,0.9304021000862122,0.7778325080871582,0.6272996068000793,0.9437391757965088,1.1947574615478516,1.4492746591567993,1.3493138551712036,1.3741111755371094,1.7310140132904053,1.9619863033294678,2.2457878589630127,2.525205373764038,1.5982046127319336,1.2678966522216797,1.091278076171875,1.1876462697982788,0.949455738067627,1.004421591758728,1.3508261442184448,1.5943673849105835,1.798192024230957,1.5962588787078857,1.5997997522354126,1.9395740032196045,2.126371383666992,2.3703832626342773,2.700338363647461,1.8210492134094238,1.4829111099243164,1.2912096977233887,1.1398895978927612,0.8705560564994812,0.6595358848571777,0.9883199334144592,1.1118104457855225,1.4215096235275269,1.3428226709365845,1.265254259109497,1.642225980758667,1.7883220911026,2.1044387817382812,2.3729450702667236
A6,1.2759286165237427,0.9909045100212097,0.7920373678207397,0.53609299659729,0.3687467873096466,0.0,0.3601309359073639,0.6046353578567505,0.8150519132614136,0.7239708304405212,0.7780114412307739,1.121946930885315,1.3642327785491943,1.6586133241653442,1.9317071437835693,1.539573311805725,1.2913703918457031,0.966860294342041,1.020763635635376,0.6654243469238281,0.8348034620285034,1.1331223249435425,1.2802501916885376,1.4289361238479614,1.1544197797775269,1.0881080627441406,1.3806685209274292,1.520659327507019,1.7398403882980347,2.0847835540771484,1.5459929704666138,1.191692590713501,1.0616661310195923,1.0539655685424805,0.8431816101074219,0.8419464230537415,1.183422565460205,1.4412851333618164,1.6643203496932983,1.492810845375061,1.5073271989822388,1.8606975078582764,2.07004451751709,2.3242998123168945,2.636493444442749,1.5040034055709839,1.223680019378662,0.9528199434280396,1.0690553188323975,0.774634599685669,0.9373139142990112,1.2641308307647705,1.4846549034118652,1.6399497985839844,1.3845103979110718,1.385350227355957,1.6940134763717651,1.8812257051467896,2.0888471603393555,2.434579610824585,1.5911256074905396,1.2831465005874634,1.0812393426895142,0.8576948642730713,0.5997952222824097,0.33256039023399353,0.6438463926315308,0.7568793296813965,1.0550274848937988,0.9816328883171082,0.9172492623329163,1.2906005382537842,1.4655885696411133,1.7826175689697266,2.0453684329986572
A7,1.217507004737854,0.9966572523117065,0.8654521703720093,0.49438151717185974,0.5369572043418884,0.3601309359073639,0.0,0.37557992339134216,0.5097066164016724,0.5400412678718567,0.6895778179168701,0.9681682586669922,1.2595833539962769,1.552476167678833,1.7825961112976074,1.6817291975021362,1.4969115257263184,1.1388133764266968,1.2256947755813599,0.8922882080078125,1.1301703453063965,1.3784252405166626,1.4966015815734863,1.583676815032959,1.2644709348678589,1.1945676803588867,1.4093350172042847,1.5288732051849365,1.676468014717102,2.0424420833587646,1.7483439445495605,1.3782856464385986,1.3291068077087402,1.3284887075424194,1.1745703220367432,1.1332173347473145,1.45560884475708,1.7228970527648926,1.9598170518875122,1.8165112733840942,1.8442273139953613,2.199483871459961,2.4157586097717285,2.6777143478393555,2.983482599258423,1.701737880706787,1.453341007232666,1.196129322052002,1.3811724185943604,1.1049107313156128,1.296166181564331,1.6159456968307495,1.8339684009552002,1.9712581634521484,1.6923918724060059,1.6915804147720337,1.9747772216796875,2.147632360458374,2.3187897205352783,2.678248167037964,1.853581190109253,1.556609869003296,1.388946294784546,1.1052112579345703,0.9022592306137085,0.5779657363891602,0.7371670603752136,0.6992316246032715,1.0582383871078491,1.0931274890899658,0.9663070440292358,1.3225433826446533,1.4496228694915771,1.8020137548446655,2.0132784843444824
A8,1.5474141836166382,1.3606353998184204,1.201183557510376,0.8355918526649475,0.7961316704750061,0.6046353578567505,0.37557992339134216,0.0,0.3677515387535095,0.5390086770057678,0.5195800065994263,0.7797843813896179,1.0086922645568848,1.339888334274292,1.5238019227981567,1.5059351921081543,1.3832738399505615,1.0318806171417236,1.2145252227783203,0.9606956243515015,1.2739468812942505,1.488200306892395,1.6663143634796143,1.6941289901733398,1.354443907737732,1.3811416625976562,1.5582842826843262,1.737316608428955,1.8472051620483398,2.2199203968048096,2.1019644737243652,1.7371658086776733,1.6514908075332642,1.6472301483154297,1.4385873079299927,1.3805475234985352,1.72453773021698,1.9437217712402344,2.211336135864258,2.0692901611328125,2.0395090579986572,2.409616708755493,2.581683397293091,2.855797290802002,3.1620237827301025,2.0209391117095947,1.7833247184753418,1.4905623197555542,1.6310439109802246,1.3075162172317505,1.476284384727478,1.7994920015335083,1.9567128419876099,2.106393814086914,1.817971110343933,1.7491378784179688,2.0173404216766357,2.1302154064178467,2.2788734436035156,2.6426842212677,1.806562066078186,1.5151768922805786,1.4335787296295166,1.0997645854949951,1.0235949754714966,0.6590016484260559,0.6619235873222351,0.6376993060112,0.9773794412612915,1.1131768226623535,1.0737640857696533,1.3841930627822876,1.5599535703659058,1.9118528366088867,2.0857558250427246
A9,1.4123722314834595,1.3142151832580566,1.168908715248108,0.8091351985931396,0.8661525249481201,0.8150519132614136,0.5097066164016724,0.3677515387535095,0.0,0.3605656921863556,0.5189367532730103,0.6071672439575195,0.9247769117355347,1.1913539171218872,1.3605549335479736,1.6634408235549927,1.5906175374984741,1.2183208465576172,1.3326358795166016,1.0892457962036133,1.409501552581787,1.5642200708389282,1.6827630996704102,1.6566811800003052,1.3007733821868896,1.3088065385818481,1.4019742012023926,1.5581295490264893,1.602650761604309,1.9783648252487183,2.219376802444458,1.8435834646224976,1.8160340785980225,1.7648999691009521,1.6100667715072632,1.486167550086975,1.7995104789733887,2.019012451171875,2.302971363067627,2.2105839252471924,2.1987967491149902,2.569885015487671,2.761368989944458,3.054868221282959,3.3400819301605225,2.201735019683838,1.9500248432159424,1.7053275108337402,1.8770891427993774,1.57991623878479,1.7267706394195557,2.065955877304077,2.2488420009613037,2.416447162628174,2.140615701675415,2.085303544998169,2.3682806491851807,2.4868462085723877,2.644669532775879,3.0070931911468506,2.1543431282043457,1.845657229423523,1.7619208097457886,1.4490604400634766,1.3361434936523438,0.9725993275642395,1.027539610862732,0.9654766321182251,1.3151313066482544,1.4593186378479004,1.3682574033737183,1.680989146232605,1.802859902381897,2.1686458587646484,2.321587324142456
A10,1.2589396238327026,1.1733254194259644,0.9438343048095703,0.6515065431594849,0.6301919221878052,0.7239708304405212,0.5400412678718567,0.5390086770057678,0.3605656921863556,0.0,0.37273699045181274,0.49831244349479675,0.8507287502288818,1.0736926794052124,1.3283157348632812,1.5112062692642212,1.4247941970825195,1.0435832738876343,1.066071629524231,0.8229477405548096,1.131797432899475,1.244160532951355,1.3386050462722778,1.2996070384979248,0.944238007068634,0.9574860334396362,1.0566123723983765,1.24418044090271,1.3265515565872192,1.6977111101150513,2.0868308544158936,1.7138490676879883,1.6704654693603516,1.551456332206726,1.4014086723327637,1.2145650386810303,1.5112521648406982,1.704620361328125,2.005509853363037,1.9490443468093872,1.9272648096084595,2.298400402069092,2.491652250289917,2.801630735397339,3.0665688514709473,2.1389546394348145,1.8428614139556885,1.6344975233078003,1.7670648097991943,1.4808478355407715,1.5612074136734009,1.916686773300171,2.1084914207458496,2.316556930541992,2.079160690307617,2.0206992626190186,2.3405332565307617,2.4656028747558594,2.669433116912842,3.018658399581909,2.117724895477295,1.7766249179840088,1.6852014064788818,1.4304672479629517,1.281392216682434,0.9388332366943359,1.103060007095337,1.1415917873382568,1.4913197755813599,1.5642194747924805,1.4921071529388428,1.8406381607055664,1.9794920682907104,2.335832357406616,2.531486749649048
A11,1.597494125366211,1.47089684009552,1.2002893686294556,0.9261075854301453,0.7613813281059265,0.7780114412307739,0.6895778179168701,0.5195800065994263,0.5189367532730103,0.37273699045181274,0.0,0.37582775950431824,0.5913295149803162,0.892114520072937,1.1543792486190796,1.1669138669967651,1.1145402193069458,0.7435401082038879,0.8576332926750183,0.7074978947639465,1.0715088844299316,1.1703190803527832,1.3596043586730957,1.2980791330337524,0.952648401260376,1.0892261266708374,1.2171143293380737,1.479213833808899,1.5843106508255005,1.939843773841858,2.263256072998047,1.9003556966781616,1.786031723022461,1.6721210479736328,1.4447987079620361,1.270330786705017,1.5963621139526367,1.7331644296646118,2.0531766414642334,1.9786479473114014,1.8898742198944092,2.2716267108917236,2.412370443344116,2.7282493114471436,2.996494770050049,2.2764832973480225,1.9777588844299316,1.7268930673599243,1.7932029962539673,1.4627408981323242,1.5056720972061157,1.8606013059616089,1.9910013675689697,2.2200984954833984,1.9905751943588257,1.8691023588180542,2.187041759490967,2.2612524032592773,2.4671742916107178,2.8085901737213135,1.8873552083969116,1.5439563989639282,1.5247617959976196,1.2655564546585083,1.2101613283157349,0.8677647113800049,0.9750697612762451,1.1018171310424805,1.4056384563446045,1.494468092918396,1.5128833055496216,1.8421574831008911,2.04421329498291,2.385833740234375,2.584294557571411
A12,1.7059361934661865,1.6579934358596802,1.400691032409668,1.1444134712219238,1.0488173961639404,1.121946930885315,0.9681682586669922,0.7797843813896179,0.6071672439575195,0.49831244349479675,0.37582775950431824,0.0,0.38032224774360657,0.5952187180519104,0.8348525762557983,1.3083162307739258,1.350685715675354,1.0116517543792725,1.0856813192367554,1.0061506032943726,1.3581137657165527,1.3798067569732666,1.5251492261886597,1.3787956237792969,1.035889744758606,1.200118899345398,1.2102020978927612,1.4775433540344238,1.4974355697631836,1.8429358005523682,2.554579496383667,2.1866562366485596,2.106783390045166,1.9641774892807007,1.7684539556503296,1.5502275228500366,1.8443753719329834,1.9580104351043701,2.2948896884918213,2.2645068168640137,2.1726913452148438,2.551243305206299,2.68792724609375,3.020185708999634,3.2657785415649414,2.6004183292388916,2.2977328300476074,2.068453073501587,2.1513631343841553,1.8305950164794922,1.8617401123046875,2.2203691005706787,2.349564790725708,2.590008497238159,2.365751266479492,2.2369935512542725,2.553901195526123,2.611234426498413,2.811354875564575,3.1506221294403076,2.2279210090637207,1.8858006000518799,1.8918917179107666,1.6324468851089478,1.585190773010254,1.2387216091156006,1.3210896253585815,1.4022185802459717,1.7100281715393066,1.8378797769546509,1.838403582572937,2.157755136489868,2.3371877670288086,2.6903181076049805,2.862056016921997
A13,2.069568634033203,2.0055525302886963,1.7232576608657837,1.4800469875335693,1.3216674327850342,1.3642327785491943,1.2595833539962769,1.0086922645568848,0.9247769117355347,0.8507287502288818,0.5913295149803162,0.38032224774360657,0.0,0.3726145029067993,0.5919565558433533,1.0903692245483398,1.2304054498672485,0.9655621647834778,1.0955055952072144,1.1351187229156494,1.4888216257095337,1.471322774887085,1.671805500984192,1.4897692203521729,1.1866109371185303,1.4349992275238037,1.443528652191162,1.7549335956573486,1.7786428928375244,2.0981640815734863,2.8366074562072754,2.4768998622894287,2.354090452194214,2.2082204818725586,1.9690289497375488,1.7541048526763916,2.0520710945129395,2.111151933670044,2.4605298042297363,2.4298596382141113,2.283482551574707,2.6608047485351562,2.746589183807373,3.0842480659484863,3.320449113845825,2.863344430923462,2.5582969188690186,2.3073525428771973,2.342418670654297,2.0000221729278564,1.995164394378662,2.3435089588165283,2.416975736618042,2.67525577545166,2.4667809009552,2.284898519515991,2.592101812362671,2.5949926376342773,2.7923226356506348,3.1155457496643066,2.194568395614624,1.8643139600753784,1.9450805187225342,1.6987652778625488,1.7294120788574219,1.4053326845169067,1.4370123147964478,1.5683565139770508,1.8254544734954834,1.969214677810669,2.034527063369751,2.3298885822296143,2.55004620552063,2.889223575592041,3.055903673171997
A14,2.191351890563965,2.1824350357055664,1.8914076089859009,1.694105863571167,1.5518007278442383,1.6586133241653442,1.552476167678833,1.339888334274292,1.1913539171218872,1.0736926794052124,0.892114520072937,0.5952187180519104,0.3726145029067993,0.0,0.3756485879421234,1.2614874839782715,1.4532349109649658,1.2252728939056396,1.2710354328155518,1.3576010465621948,1.6802151203155518,1.5885111093521118,1.742235779762268,1.4912292957305908,1.2290616035461426,1.4998067617416382,1.419561505317688,1.7362135648727417,1.7073917388916016,1.9875503778457642,3.0609171390533447,2.7044129371643066,2.598604917526245,2.4115302562713623,2.1980903148651123,1.9385911226272583,2.1976892948150635,2.2203774452209473,2.580667734146118,2.598754644393921,2.4456379413604736,2.8121392726898193,2.8911385536193848,3.244250774383545,3.4489920139312744,3.135655164718628,2.814033031463623,2.5927658081054688,2.624311923980713,2.2968404293060303,2.260058879852295,2.611858606338501,2.6885323524475098,2.9687836170196533,2.7816617488861084,2.5990703105926514,2.9190473556518555,2.9173214435577393,3.130178213119507,3.443448781967163,2.5108981132507324,2.1727001667022705,2.2583746910095215,2.0389347076416016,2.0517334938049316,1.7346936464309692,1.7972289323806763,1.9263713359832764,2.19425106048584,2.3307394981384277,2.382927656173706,2.68847393989563,2.8962621688842773,3.2411224842071533,3.408153772354126
A15,2.4627721309661865,2.4664082527160645,2.202831745147705,1.972900152206421,1.86337149143219,1.9317071437835693,1.7825961112976074,1.5238019227981567,1.3605549335479736,1.3283157348632812,1.1543792486190796,0.8348525762557983,0.5919565558433533,0.3756485879421234,0.0,1.4948735237121582,1.7252767086029053,1.5186169147491455,1.6158555746078491,1.6967324018478394,2.0334012508392334,1.9579287767410278,2.117044448852539,1.864320993423462,1.6013437509536743,1.8578035831451416,1.7594243288040161,2.054298162460327,1.981826901435852,2.2555205821990967,3.3769915103912354,3.013174533843994,2.916764497756958,2.7511110305786133,2.5344109535217285,2.291050910949707,2.5605759620666504,2.5934152603149414,2.952650308609009,2.961378574371338,2.807685613632202,3.1766915321350098,3.2483325004577637,3.598325490951538,3.8074111938476562,3.425858497619629,3.1194491386413574,2.880861759185791,2.9289517402648926,2.590247869491577,2.5792083740234375,2.9281716346740723,2.9931960105895996,3.2595341205596924,3.0547971725463867,2.8610897064208984,3.1600263118743896,3.13684344291687,3.3199868202209473,3.635033130645752,2.7330193519592285,2.416468620300293,2.5251734256744385,2.2767601013183594,2.3192572593688965,1.9889062643051147,1.996904730796814,2.0883100032806396,2.3377132415771484,2.519998073577881,2.575061082839966,2.853551149368286,3.055680513381958,3.4018795490264893,3.5349276065826416
B1,2.5542962551116943,2.3727025985717773,2.0264618396759033,1.8853790760040283,1.5463560819625854,1.539573311805725,1.6817291975021362,1.5059351921081543,1.6634408235549927,1.5112062692642212,1.1669138669967651,1.3083162307739258,1.0903692245483398,1.2614874839782715,1.4948735237121582,0.0,0.3773822486400604,0.5774314403533936,0.7580310702323914,1.0535480976104736,1.2434449195861816,1.2018423080444336,1.5516315698623657,1.4675767421722412,1.338799238204956,1.657402753829956,1.8269860744476318,2.182218074798584,2.363112449645996,2.634005069732666,2.8160247802734375,2.528773307800293,2.2628188133239746,2.1212711334228516,1.7803902626037598,1.6407177448272705,1.9120439291000366,1.8355530500411987,2.1478121280670166,2.07281756401062,1.793227195739746,2.125016689300537,2.070528507232666,2.3815500736236572,2.6059484481811523,2.806840181350708,2.500718832015991,2.2384965419769287,2.0920944213867188,1.7612730264663696,1.6083613634109497,1.8701375722885132,1.7875151634216309,2.093686580657959,1.9928643703460693,1.7047189474105835,1.999352216720581,1.9034030437469482,2.1608035564422607,2.4062321186065674,1.4960826635360718,1.198948860168457,1.4292024374008179,1.367249846458435,1.5357332229614258,1.4105544090270996,1.4500850439071655,1.7758361101150513,1.8882354497909546,1.8995119333267212,2.1209006309509277,2.3788373470306396,2.698981285095215,2.9572014808654785,3.1927881240844727
B2,2.357365846633911,2.1373486518859863,1.799075961112976,1.6798745393753052,1.319371223449707,1.2913703918457031,1.4969115257263184,1.3832738399505615,1.5906175374984741,1.4247941970825195,1.1145402193069458,1.350685715675354,1.2304054498672485,1.4532349109649658,1.7252767086029053,0.3773822486400604,0.0,0.38214752078056335,0.5699891448020935,0.8199295401573181,0.9555680751800537,0.9877867698669434,1.3591711521148682,1.3639569282531738,1.24098539352417,1.5060241222381592,1.7440199851989746,2.0720674991607666,2.2992260456085205,2.577707290649414,2.4794442653656006,2.208462953567505,1.921589970588684,1.7992620468139648,1.4438010454177856,1.3478789329528809,1.6259225606918335,1.571081280708313,1.8592936992645264,1.7458479404449463,1.4745330810546875,1.810847520828247,1.7756671905517578,2.0745439529418945,2.327768325805664,2.4581806659698486,2.157593250274658,1.8976527452468872,1.7279850244522095,1.4065074920654297,1.238949179649353,1.493202805519104,1.4165147542953491,1.725021481513977,1.6290218830108643,1.353458046913147,1.6691819429397583,1.612785816192627,1.8969379663467407,2.1515722274780273,1.2078194618225098,0.8777879476547241,1.0732914209365845,1.055232286453247,1.2070034742355347,1.1394951343536377,1.219570517539978,1.5744398832321167,1.6773675680160522,1.6299145221710205,1.8530997037887573,2.117141008377075,2.437894105911255,2.681128740310669,2.941889524459839
B3,2.018233299255371,1.811794638633728,1.4793790578842163,1.3267312049865723,0.9823631048202515,0.966860294342041,1.1388133764266968,1.0318806171417236,1.2183208465576172,1.0435832738876343,0.7435401082038879,1.0116517543792725,0.9655621647834778,1.2252728939056396,1.5186169147491455,0.5774314403533936,0.38214752078056335,0.0,0.3853994607925415,0.5183678269386292,0.7747517824172974,0.8556819558143616,1.1991171836853027,1.1983702182769775,0.9921351075172424,1.2305833101272583,1.4658973217010498,1.7821168899536133,1.9926623106002808,2.296562433242798,2.279527187347412,1.97451913356781,1.7302440404891968,1.6041492223739624,1.2707812786102295,1.1420373916625977,1.4579415321350098,1.4742424488067627,1.7845741510391235,1.6772392988204956,1.4696983098983765,1.8390928506851196,1.8819857835769653,2.193268299102783,2.459550142288208,2.272505521774292,1.9620178937911987,1.6992473602294922,1.5997742414474487,1.2586623430252075,1.1549159288406372,1.4698294401168823,1.4846850633621216,1.7730741500854492,1.6217719316482544,1.405558466911316,1.7417744398117065,1.7508904933929443,2.016319751739502,2.311891555786133,1.3489876985549927,0.9860829710960388,1.0760107040405273,0.9599274396896362,1.0308116674423218,0.8689649701118469,0.989769458770752,1.3125523328781128,1.4844000339508057,1.4631377458572388,1.6272262334823608,1.926896572113037,2.217257499694824,2.494673728942871,2.747152090072632
B4,1.8652433156967163,1.6876546144485474,1.3209445476531982,1.2642666101455688,0.9015094041824341,1.020763635635376,1.2256947755813599,1.2145252227783203,1.3326358795166016,1.066071629524231,0.8576332926750183,1.0856813192367554,1.0955055952072144,1.2710354328155518,1.6158555746078491,0.7580310702323914,0.5699891448020935,0.3853994607925415,0.0,0.37508004903793335,0.5292177796363831,0.4892427325248718,0.8338138461112976,0.8292343020439148,0.6804525852203369,0.9392617344856262,1.1834267377853394,1.5058989524841309,1.7482993602752686,2.01985239982605,2.150813341140747,1.8596678972244263,1.6271456480026245,1.424451470375061,1.1274300813674927,0.9137590527534485,1.180120825767517,1.1465083360671997,1.4806931018829346,1.432774305343628,1.2199757099151611,1.5894427299499512,1.6517386436462402,1.9908132553100586,2.226719379425049,2.2283267974853516,1.8847347497940063,1.6861087083816528,1.5725666284561157,1.2824851274490356,1.1055185794830322,1.428977608680725,1.4851912260055542,1.8088812828063965,1.7063432931900024,1.5335561037063599,1.8986279964447021,1.9462441205978394,2.248224973678589,2.5260894298553467,1.5651698112487793,1.1936002969741821,1.2162981033325195,1.1804765462875366,1.1492942571640015,1.0216315984725952,1.244073748588562,1.5495411157608032,1.7576141357421875,1.6904699802398682,1.8065197467803955,2.136578321456909,2.3974123001098633,2.6770455837249756,2.953223466873169
B5,1.5404517650604248,1.3353767395019531,0.9837902784347534,0.9049650430679321,0.533301055431366,0.6654243469238281,0.8922882080078125,0.9606956243515015,1.0892457962036133,0.8229477405548096,0.7074978947639465,1.0061506032943726,1.1351187229156494,1.3576010465621948,1.6967324018478394,1.0535480976104736,0.8199295401573181,0.5183678269386292,0.37508004903793335,0.0,0.37049564719200134,0.540401816368103,0.8008748888969421,0.8868706822395325,0.6573255658149719,0.776283860206604,1.0788143873214722,1.3451510667800903,1.6006650924682617,1.90381920337677,1.8435640335083008,1.5288630723953247,1.3247588872909546,1.1466165781021118,0.8653243184089661,0.6657388806343079,0.9923723936080933,1.0802632570266724,1.3936448097229004,1.3079936504364014,1.1854559183120728,1.5678563117980957,1.7071726322174072,2.0250070095062256,2.2906432151794434,1.912581205368042,1.5706318616867065,1.3673149347305298,1.3140504360198975,1.0218638181686401,0.9214093089103699,1.2781652212142944,1.4154390096664429,1.6975390911102295,1.5485469102859497,1.4420771598815918,1.8086235523223877,1.919087290763855,2.2022886276245117,2.507270336151123,1.5629308223724365,1.1917585134506226,1.1112512350082397,1.024334192276001,0.8953466415405273,0.7332678437232971,1.0187569856643677,1.2839940786361694,1.5291153192520142,1.4485256671905518,1.5067787170410156,1.857979655265808,2.087303400039673,2.378941059112549,2.657223701477051
B6,1.5543253421783447,1.327851414680481,0.9765925407409668,1.0279382467269897,0.6680206060409546,0.8348034620285034,1.1301703453063965,1.2739468812942505,1.409501552581787,1.131797432899475,1.0715088844299316,1.3581137657165527,1.4888216257095337,1.6802151203155518,2.0334012508392334,1.2434449195861816,0.9555680751800537,0.7747517824172974,0.5292177796363831,0.37049564719200134,0.0,0.36086708307266235,0.5988976955413818,0.8230397701263428,0.7333696484565735,0.7709847092628479,1.127665638923645,1.3500909805297852,1.6653510332107544,1.9253482818603516,1.6393135786056519,1.3712496757507324,1.130099892616272,0.9027184844017029,0.6192713379859924,0.4016352891921997,0.6857903599739075,0.7406378984451294,1.0372860431671143,0.9477881193161011,0.8193930983543396,1.200790286064148,1.3615092039108276,1.678438425064087,1.9405943155288696,1.7569326162338257,1.3991880416870117,1.2567100524902344,1.1362501382827759,0.9196644425392151,0.7140061259269714,1.0448079109191895,1.2059571743011475,1.5092692375183105,1.4237233400344849,1.3559961318969727,1.7331360578536987,1.8760839700698853,2.1918320655822754,2.4685442447662354,1.5590274333953857,1.2059687376022339,1.0698903799057007,1.1052995920181274,0.9250773191452026,0.9013343453407288,1.2251362800598145,1.5005658864974976,1.7147448062896729,1.5602961778640747,1.613775610923767,1.959383249282837,2.178952693939209,2.4386298656463623,2.74881649017334
B7,1.6789218187332153,1.5204825401306152,1.1448534727096558,1.2372699975967407,0.9001860618591309,1.1331223249435425,1.3784252405166626,1.488200306892395,1.5642200708389282,1.244160532951355,1.1703190803527832,1.3798067569732666,1.471322774887085,1.5885111093521118,1.9579287767410278,1.2018423080444336,0.9877867698669434,0.8556819558143616,0.4892427325248718,0.540401816368103,0.36086708307266235,0.0,0.3740730881690979,0.5179026126861572,0.5452011227607727,0.6870377063751221,0.9803978800773621,1.2492990493774414,1.5578147172927856,1.777078628540039,1.891040563583374,1.6384016275405884,1.425042986869812,1.1381443738937378,0.921310305595398,0.6263639330863953,0.7756727337837219,0.6784965991973877,1.0314154624938965,1.057440996170044,0.8749305009841919,1.2295148372650146,1.3504633903503418,1.703993320465088,1.909608006477356,2.068132162094116,1.7002838850021362,1.5967963933944702,1.4688564538955688,1.275342345237732,1.0346031188964844,1.3315343856811523,1.45418381690979,1.7874104976654053,1.7420399188995361,1.6463426351547241,2.0242233276367188,2.1326115131378174,2.4630966186523438,2.7211241722106934,1.7997665405273438,1.4431289434432983,1.3688353300094604,1.417394995689392,1.2757631540298462,1.2200803756713867,1.5250986814498901,1.8035260438919067,2.0302093029022217,1.9003119468688965,1.9597207307815552,2.3084864616394043,2.5282485485076904,2.7955286502838135,3.1008121967315674
B8,1.5006275177001953,1.398607850074768,1.0370063781738281,1.23218834400177,0.9734249711036682,1.2802501916885376,1.4966015815734863,1.6663143634796143,1.6827630996704102,1.3386050462722778,1.3596043586730957,1.5251492261886597,1.671805500984192,1.742235779762268,2.117044448852539,1.5516315698623657,1.3591711521148682,1.1991171836853027,0.8338138461112976,0.8008748888969421,0.5988976955413818,0.3740730881690979,0.0,0.370222270488739,0.5320044159889221,0.5101665258407593,0.779097855091095,0.9810060262680054,1.3200418949127197,1.4934895038604736,1.7941257953643799,1.560551404953003,1.4123810529708862,1.0652644634246826,0.9745969176292419,0.6257411241531372,0.6189985275268555,0.5086058974266052,0.8659857511520386,0.9975611567497253,0.9121487736701965,1.2149540185928345,1.4017080068588257,1.7483896017074585,1.9155117273330688,2.0588927268981934,1.6819872856140137,1.6559956073760986,1.5670390129089355,1.4403005838394165,1.217350959777832,1.4918336868286133,1.6713521480560303,1.9852396249771118,1.9533705711364746,1.91392982006073,2.2891855239868164,2.434335947036743,2.7657549381256104,3.0224380493164062,2.1247799396514893,1.7756980657577515,1.652990460395813,1.703121542930603,1.498632550239563,1.4406907558441162,1.775557518005371,2.0105350017547607,2.266258716583252,2.126948356628418,2.1301229000091553,2.491776943206787,2.6684532165527344,2.9399805068969727,3.2490999698638916
B9,1.6231122016906738,1.5826351642608643,1.2132139205932617,1.3540509939193726,1.1109952926635742,1.4289361238479614,1.583676815032959,1.6941289901733398,1.6566811800003052,1.2996070384979248,1.2980791330337524,1.3787956237792969,1.4897692203521729,1.4912292957305908,1.864320993423462,1.4675767421722412,1.3639569282531738,1.1983702182769775,0.8292343020439148,0.8868706822395325,0.8230397701263428,0.5179026126861572,0.370222270488739,0.0,0.3585669696331024,0.5244138836860657,0.6216225624084473,0.9169134497642517,1.1874911785125732,1.3504770994186401,2.128415584564209,1.8710907697677612,1.744000792503357,1.406488060951233,1.300933837890625,0.941696047782898,0.9797953367233276,0.8585455417633057,1.2093204259872437,1.3629531860351562,1.2427260875701904,1.5389540195465088,1.6778228282928467,2.0392792224884033,2.178607225418091,2.3868374824523926,2.009767770767212,1.9576348066329956,1.8895947933197021,1.7193907499313354,1.5131962299346924,1.8096733093261719,1.9589691162109375,2.286644220352173,2.238162040710449,2.159001350402832,2.537316083908081,2.646530866622925,2.972261667251587,3.2352921962738037,2.3040332794189453,1.9405837059020996,1.8728569746017456,1.8801366090774536,1.7160652875900269,1.593892216682434,1.899184226989746,2.129390001296997,2.403592348098755,2.3127429485321045,2.324856758117676,2.691418409347534,2.875779390335083,3.169598340988159,3.4590325355529785
B10,1.4489272832870483,1.397452712059021,1.0228233337402344,1.07941472530365,0.8420284390449524,1.1544197797775269,1.2644709348678589,1.354443907737732,1.3007733821868896,0.944238007068634,0.952648401260376,1.035889744758606,1.1866109371185303,1.2290616035461426,1.6013437509536743,1.338799238204956,1.24098539352417,0.9921351075172424,0.6804525852203369,0.6573255658149719,0.7333696484565735,0.5452011227607727,0.5320044159889221,0.3585669696331024,0.0,0.37504100799560547,0.5109952688217163,0.8555608987808228,1.090755581855774,1.34172785282135,2.075418710708618,1.7732518911361694,1.6600369215011597,1.3648152351379395,1.2291536331176758,0.8788606524467468,1.031060814857483,1.028194546699524,1.3842424154281616,1.4658913612365723,1.3684102296829224,1.7086522579193115,1.8658757209777832,2.2199838161468506,2.4043567180633545,2.2838962078094482,1.914384126663208,1.8147974014282227,1.7944726943969727,1.5781891345977783,1.436724066734314,1.7713526487350464,1.9349170923233032,2.2423248291015625,2.139178514480591,2.056506395339966,2.4314301013946533,2.5422966480255127,2.8428399562835693,3.1329920291900635,2.1848113536834717,1.8116954565048218,1.742203950881958,1.6812165975570679,1.519022822380066,1.3366427421569824,1.625516414642334,1.8300446271896362,2.123056650161743,2.068115234375,2.0675203800201416,2.4366393089294434,2.6171135902404785,2.9291763305664062,3.1989102363586426
B11,1.1100142002105713,1.0775333642959595,0.7163704037666321,0.8751428127288818,0.7250578999519348,1.0881080627441406,1.1945676803588867,1.3811416625976562,1.3088065385818481,0.9574860334396362,1.0892261266708374,1.200118899345398,1.4349992275238037,1.4998067617416382,1.8578035831451416,1.657402753829956,1.5060241222381592,1.2305833101272583,0.9392617344856262,0.776283860206604,0.7709847092628479,0.6870377063751221,0.5101665258407593,0.5244138836860657,0.37504100799560547,0.0,0.3805018663406372,0.5891472697257996,0.8986955881118774,1.1581977605819702,1.7876248359680176,1.489161729812622,1.4356844425201416,1.1239789724349976,1.0832610130310059,0.7277446389198303,0.8241214156150818,0.9218702912330627,1.2358251810073853,1.3265514373779297,1.3268256187438965,1.6461588144302368,1.8726826906204224,2.2038612365722656,2.394350051879883,2.043208122253418,1.6749008893966675,1.6296579837799072,1.6575589179992676,1.4968998432159424,1.3926551342010498,1.7148844003677368,1.9415756464004517,2.2165305614471436,2.1074860095977783,2.0898313522338867,2.459768295288086,2.6222026348114014,2.917208671569824,3.2141032218933105,2.2965915203094482,1.9335401058197021,1.7916024923324585,1.734209656715393,1.4969044923782349,1.3352802991867065,1.6608303785324097,1.8183772563934326,2.128603935241699,2.0469350814819336,1.9858945608139038,2.362644910812378,2.497378349304199,2.806741952896118,3.0827858448028564
B12,1.1846991777420044,1.2659802436828613,0.9593151807785034,1.0928140878677368,1.0236358642578125,1.3806685209274292,1.4093350172042847,1.5582842826843262,1.4019742012023926,1.0566123723983765,1.2171143293380737,1.2102020978927612,1.443528652191162,1.419561505317688,1.7594243288040161,1.8269860744476318,1.7440199851989746,1.4658973217010498,1.1834267377853394,1.0788143873214722,1.127665638923645,0.9803978800773621,0.779097855091095,0.6216225624084473,0.5109952688217163,0.3805018663406372,0.0,0.37587347626686096,0.5881392359733582,0.8381564021110535,2.087581157684326,1.7913058996200562,1.783198356628418,1.4699946641921997,1.4601060152053833,1.1062445640563965,1.1622101068496704,1.2192827463150024,1.524065375328064,1.6649837493896484,1.6631170511245728,1.962099552154541,2.1772212982177734,2.516913890838623,2.6754987239837646,2.3689868450164795,2.0082616806030273,1.9761618375778198,2.029325246810913,1.8654879331588745,1.7711024284362793,2.0949764251708984,2.3151955604553223,2.595366954803467,2.4821929931640625,2.454251527786255,2.824618101119995,2.9735398292541504,3.264188766479492,3.5654211044311523,2.6329238414764404,2.263488531112671,2.146514892578125,2.063873529434204,1.8423739671707153,1.641044020652771,1.9409385919570923,2.0698904991149902,2.4000747203826904,2.3564412593841553,2.2804291248321533,2.657658338546753,2.775491952896118,3.1010730266571045,3.3566789627075195
B13,0.9649021625518799,1.1332062482833862,0.9143707156181335,1.1251360177993774,1.1609562635421753,1.520659327507019,1.5288732051849365,1.737316608428955,1.5581295490264893,1.24418044090271,1.479213833808899,1.4775433540344238,1.7549335956573486,1.7362135648727417,2.054298162460327,2.182218074798584,2.0720674991607666,1.7821168899536133,1.5058989524841309,1.3451510667800903,1.3500909805297852,1.2492990493774414,0.9810060262680054,0.9169134497642517,0.8555608987808228,0.5891472697257996,0.37587347626686096,0.0,0.3760972321033478,0.596855103969574,1.977366328239441,1.703717827796936,1.7701131105422974,1.4596201181411743,1.5431820154190063,1.2182420492172241,1.2039203643798828,1.3160473108291626,1.5575424432754517,1.7177218198776245,1.7920312881469727,2.054659128189087,2.3154194355010986,2.6313486099243164,2.781161069869995,2.3092613220214844,1.9654918909072876,1.9929417371749878,2.0898942947387695,1.9795548915863037,1.9151591062545776,2.2170534133911133,2.478532552719116,2.7306582927703857,2.6173207759857178,2.638458013534546,3.000547170639038,3.185575246810913,3.4705073833465576,3.774620532989502,2.8696401119232178,2.5097403526306152,2.347191095352173,2.267887592315674,2.000237464904785,1.8164703845977783,2.1297996044158936,2.2148141860961914,2.5545666217803955,2.4966578483581543,2.3696486949920654,2.7446181774139404,2.8151609897613525,3.13574481010437,3.3888542652130127
