,A1,A2,A3,A4,A5,A6,A7,A8,A9,A10,A11,A12,A13,A14,A15,B1,B2,B3,B4,B5,B6,B7,B8,B9,B10,B11,B12,B13,B14,B15,C1,C2,C3,C4,C5,C6,C7,C8,C9,C10,C11,C12,C13,C14,C15,D1,D2,D3,D4,D5,D6,D7,D8,D9,D10,D11,D12,D13,D14,D15,E1,E2,E3,E4,E5,E6,E7,E8,E9,E10,E11,E12,E13,E14,E15
A1,0.0,0.37632685899734497,0.5510684847831726,0.8423991203308105,1.125234603881836,1.3330283164978027,1.678870439529419,1.887930989265442,2.0449748039245605,1.7790648937225342,1.7709745168685913,2.0336241722106934,2.1739633083343506,2.331878900527954,2.6980390548706055,2.673144578933716,2.3181545734405518,2.1813833713531494,1.9497783184051514,1.6231400966644287,1.6839717626571655,1.4591010808944702,1.1216384172439575,1.3573579788208008,1.5907502174377441,1.387924075126648,1.5440456867218018,1.4650717973709106,1.798263669013977,1.7913146018981934,1.9859232902526855,1.678757905960083,1.6916711330413818,1.3559807538986206,1.2890325784683228,1.3548557758331299,1.159108281135559,1.235109567642212,1.5583117008209229,1.7064692974090576,1.7285774946212769,2.1012911796569824,2.2381629943847656,2.6039037704467773,2.784379482269287,1.8769217729568481,1.6401177644729614,1.6441766023635864,1.814279556274414,1.6387569904327393,1.9743179082870483,2.187316656112671,2.098893165588379,2.3807363510131836,2.2047829627990723,1.9402896165847778,2.16125750541687,2.060586452484131,2.2425694465637207,2.463679313659668,2.2456822395324707,1.9812783002853394,1.825025200843811,1.444583535194397,1.3261194229125977,1.1498582363128662,0.8111155033111572,0.8842872381210327,1.0468238592147827,1.2937524318695068,1.4109883308410645,1.7320339679718018,1.9516891241073608,2.29400634765625,2.499755859375
A2,0.37632685899734497,0.0,0.38363415002822876,0.5932390093803406,0.8458775877952576,1.1119725704193115,1.4253385066986084,1.6069334745407104,1.8138247728347778,1.5885887145996094,1.5473463535308838,1.850380778312683,1.9746577739715576,2.179708480834961,2.5274343490600586,2.322343587875366,1.9620474576950073,1.8484892845153809,1.6122043132781982,1.3065708875656128,1.4069204330444336,1.2161437273025513,0.9202717542648315,1.232703447341919,1.4241502285003662,1.222733497619629,1.460044503211975,1.4176955223083496,1.774180293083191,1.8438193798065186,1.7158513069152832,1.3850810527801514,1.3664857149124146,1.0460646152496338,0.9347972273826599,1.0525881052017212,0.9193707704544067,0.9960933923721313,1.34010910987854,1.4288884401321411,1.4234589338302612,1.8067749738693237,1.9423975944519043,2.3043360710144043,2.51010799407959,1.6171679496765137,1.3527677059173584,1.3143515586853027,1.4592885971069336,1.2654790878295898,1.5980364084243774,1.8160936832427979,1.7435311079025269,2.0218217372894287,1.8426995277404785,1.5956928730010986,1.8429375886917114,1.783660888671875,1.9939132928848267,2.242969036102295,1.9935717582702637,1.7024751901626587,1.5375303030014038,1.1742366552352905,0.9994625449180603,0.8845884203910828,0.5714902877807617,0.5932778716087341,0.8606076240539551,1.060379147529602,1.1083077192306519,1.4584546089172363,1.6502833366394043,2.0005226135253906,2.217481851577759
A3,0.5510684847831726,0.38363415002822876,0.0,0.38819849491119385,0.590305507183075,0.814345121383667,1.167851448059082,1.3493419885635376,1.5061146020889282,1.2451200485229492,1.224278211593628,1.506348967552185,1.6627402305603027,1.8551838397979736,2.2162117958068848,2.1831889152526855,1.8428632020950317,1.672188401222229,1.4760324954986572,1.12213134765625,1.2175112962722778,1.0749272108078003,0.7277781367301941,1.0136128664016724,1.1526658535003662,0.8947564959526062,1.1008504629135132,1.036089539527893,1.3928050994873047,1.4812955856323242,1.9564353227615356,1.5968090295791626,1.5842511653900146,1.312168002128601,1.1190075874328613,1.2818548679351807,1.1427702903747559,1.0915697813034058,1.4725412130355835,1.5749379396438599,1.4784482717514038,1.8559163808822632,1.9174093008041382,2.288883686065674,2.455019474029541,1.6044187545776367,1.2961211204528809,1.3407694101333618,1.4264962673187256,1.2637256383895874,1.6208791732788086,1.7821204662322998,1.6983437538146973,2.0238938331604004,1.9064092636108398,1.659114122390747,1.9446077346801758,1.8810298442840576,2.1379878520965576,2.354520559310913,1.7732479572296143,1.4854717254638672,1.3915702104568481,1.0145128965377808,0.9507520198822021,0.902210533618927,0.7137007713317871,0.8657545447349548,1.1390247344970703,1.249759554862976,1.306115984916687,1.6834768056869507,1.8792046308517456,2.220057487487793,2.4693710803985596
A4,0.8423991203308105,0.5932390093803406,0.38819849491119385,0.0,0.3803243637084961,0.5368590950965881,0.8453917503356934,1.0782686471939087,1.256490707397461,1.059748649597168,1.094876766204834,1.4316846132278442,1.630525827407837,1.8779412508010864,2.221018075942993,1.9380464553833008,1.5906060934066772,1.4623512029647827,1.3337492942810059,0.9966202974319458,1.2081879377365112,1.1791552305221558,0.9017605781555176,1.2243332862854004,1.2620460987091064,0.9557756185531616,1.1926369667053223,1.0835198163986206,1.4163732528686523,1.5441867113113403,1.7634985446929932,1.389055848121643,1.4236606359481812,1.2371509075164795,1.0533111095428467,1.319845199584961,1.2919949293136597,1.2626335620880127,1.6375093460083008,1.6568228006362915,1.5230509042739868,1.899911642074585,1.9424110651016235,2.2994656562805176,2.492612600326538,1.7022485733032227,1.3529460430145264,1.3393257856369019,1.3235828876495361,1.0891531705856323,1.410467267036438,1.512057900428772,1.372175931930542,1.7055585384368896,1.6257071495056152,1.3524272441864014,1.6369777917861938,1.5607694387435913,1.8451411724090576,2.0414891242980957,1.4158670902252197,1.138954520225525,1.0105645656585693,0.6294923424720764,0.602522075176239,0.5804648399353027,0.5524556040763855,0.7924119234085083,1.0404636859893799,1.0360455513000488,1.0999444723129272,1.4800018072128296,1.6951404809951782,2.0092573165893555,2.2985260486602783
A5,1.125234603881836,0.8458775877952576,0.590305507183075,0.3803243637084961,0.0,0.3805038034915924,0.6491583585739136,0.7695751786231995,0.9843431711196899,0.8042081594467163,0.7529088854789734,1.109615683555603,1.2810642719268799,1.55717933177948,1.880075216293335,1.6231606006622314,1.2958430051803589,1.1156073808670044,0.9950396418571472,0.6391226649284363,0.8684146404266357,0.9222575426101685,0.7191855907440186,1.030073881149292,0.9814667105674744,0.6893408298492432,0.9887972474098206,0.96392822265625,1.2927430868148804,1.5104951858520508,1.8986936807632446,1.520126223564148,1.4865832328796387,1.3363155126571655,1.0595474243164062,1.3242548704147339,1.3079662322998047,1.1840678453445435,1.5516533851623535,1.5540566444396973,1.3415191173553467,1.6921346187591553,1.6737576723098755,2.024229049682617,2.1951613426208496,1.4761453866958618,1.1040964126586914,1.139233112335205,1.0649030208587646,0.8972533941268921,1.2324588298797607,1.3061097860336304,1.2241867780685425,1.5852426290512085,1.5449998378753662,1.337296485900879,1.677309513092041,1.6712766885757446,1.992735505104065,2.2013957500457764,1.2768449783325195,0.9467311501502991,0.92808997631073,0.6197906732559204,0.6231757998466492,0.8062766790390015,0.872613251209259,1.024253487586975,1.3252142667770386,1.2810498476028442,1.2504719495773315,1.6331175565719604,1.7832530736923218,2.0935020446777344,2.3778488636016846
A6,1.3330283164978027,1.1119725704193115,0.814345121383667,0.5368590950965881,0.3805038034915924,0.0,0.3788326680660248,0.632851779460907,0.729858934879303,0.5506609678268433,0.6830429434776306,1.0203090906143188,1.2881357669830322,1.5571049451828003,1.879870891571045,1.6607564687728882,1.366593360900879,1.1847573518753052,1.1861380338668823,0.8557112812995911,1.110417366027832,1.2333097457885742,1.0286089181900024,1.27272367477417,1.1574841737747192,0.8086806535720825,0.9948973059654236,0.8588840961456299,1.1207269430160522,1.3338371515274048,2.0714240074157715,1.6953774690628052,1.7276153564453125,1.626850962638855,1.3869895935058594,1.682853102684021,1.6825581789016724,1.5621966123580933,1.9300892353057861,1.925661325454712,1.6965614557266235,2.031465768814087,1.9768249988555908,2.312631845474243,2.4648995399475098,1.8134233951568604,1.4364683628082275,1.48430335521698,1.347769856452942,1.1640714406967163,1.445180058479309,1.424208402633667,1.2659142017364502,1.6402870416641235,1.6725276708602905,1.4352068901062012,1.7476366758346558,1.690873384475708,2.0247931480407715,2.171173334121704,0.9988870620727539,0.7303569912910461,0.7716057896614075,0.4905259609222412,0.7183594107627869,0.8628504276275635,1.0239078998565674,1.2693207263946533,1.5034781694412231,1.3997504711151123,1.4345954656600952,1.7972079515457153,1.9865617752075195,2.2628889083862305,2.581281900405884
A7,1.678870439529419,1.4253385066986084,1.167851448059082,0.8453917503356934,0.6491583585739136,0.3788326680660248,0.0,0.38131019473075867,0.5002952218055725,0.542188823223114,0.7067325711250305,1.0411527156829834,1.3110380172729492,1.6197115182876587,1.8897819519042969,1.406360149383545,1.143142819404602,1.006391167640686,1.1249172687530518,0.8870358467102051,1.2040510177612305,1.4185420274734497,1.2986791133880615,1.5370168685913086,1.3572968244552612,1.0502623319625854,1.237953782081604,1.1254926919937134,1.3176014423370361,1.5672411918640137,2.0761232376098633,1.71649169921875,1.7591266632080078,1.7418696880340576,1.5071024894714355,1.8372228145599365,1.9014564752578735,1.783632755279541,2.125488042831421,2.0647623538970947,1.8064601421356201,2.1090047359466553,2.0242345333099365,2.3257975578308105,2.4869184494018555,1.9411286115646362,1.5634808540344238,1.5765979290008545,1.350155234336853,1.1580573320388794,1.3570513725280762,1.2390096187591553,1.0457450151443481,1.4175472259521484,1.524696946144104,1.3159877061843872,1.6226959228515625,1.5898133516311646,1.944857120513916,2.065763235092163,0.6436983942985535,0.35693666338920593,0.5140748023986816,0.4510931074619293,0.7464789748191833,0.9728251099586487,1.236996054649353,1.4617892503738403,1.6725131273269653,1.4927806854248047,1.4946202039718628,1.820822834968567,1.986620545387268,2.220520496368408,2.556124210357666
A8,1.887930989265442,1.6069334745407104,1.3493419885635376,1.0782686471939087,0.7695751786231995,0.632851779460907,0.38131019473075867,0.0,0.37971431016921997,0.5443692803382874,0.5311805009841919,0.8496363759040833,1.0518125295639038,1.3946707248687744,1.6152881383895874,1.092625379562378,0.8746265769004822,0.6697598695755005,0.8543083071708679,0.693038284778595,0.9948248267173767,1.2881964445114136,1.2683261632919312,1.4670543670654297,1.224556803703308,0.999114453792572,1.216200828552246,1.2095869779586792,1.3845252990722656,1.7001338005065918,2.212005376815796,1.8612701892852783,1.8338606357574463,1.831990122795105,1.5443599224090576,1.8465206623077393,1.9173563718795776,1.7458921670913696,2.0549392700195312,1.9778943061828613,1.6717075109481812,1.9253144264221191,1.78607177734375,2.060669422149658,2.1981639862060547,1.7633075714111328,1.4016258716583252,1.4453885555267334,1.170363187789917,1.071993350982666,1.2445231676101685,1.0982033014297485,1.0077100992202759,1.3742796182632446,1.5069687366485596,1.3890701532363892,1.7315486669540405,1.777775526046753,2.1426877975463867,2.292699098587036,0.7581056952476501,0.43185722827911377,0.7216868996620178,0.7572415471076965,0.9381335377693176,1.2472763061523438,1.4918583631515503,1.6476631164550781,1.9050352573394775,1.7341415882110596,1.6592944860458374,1.980663776397705,2.080205202102661,2.3124399185180664,2.6251285076141357
A9,2.0449748039245605,1.8138247728347778,1.5061146020889282,1.256490707397461,0.9843431711196899,0.729858934879303,0.5002952218055725,0.37971431016921997,0.0,0.3653884828090668,0.5434535145759583,0.7254266142845154,1.0206974744796753,1.3097612857818604,1.5306214094161987,1.3429558277130127,1.1967657804489136,0.9680314064025879,1.1817138195037842,1.0006072521209717,1.2306870222091675,1.5158075094223022,1.4562923908233643,1.5907948017120361,1.318188190460205,1.0677826404571533,1.163772463798523,1.100522518157959,1.1792731285095215,1.4963115453720093,2.5337045192718506,2.179666519165039,2.183865547180176,2.1682534217834473,1.8878986835479736,2.1848442554473877,2.2206902503967285,2.0293939113616943,2.3542890548706055,2.3118984699249268,1.999930739402771,2.2492828369140625,2.082386016845703,2.3543145656585693,2.448732852935791,2.0446910858154297,1.688162922859192,1.7822099924087524,1.5265789031982422,1.4457358121871948,1.6231155395507812,1.4565068483352661,1.3362921476364136,1.6921093463897705,1.8551491498947144,1.7155871391296387,2.032839059829712,2.034484624862671,2.3960440158843994,2.4999473094940186,0.7326563000679016,0.5698997974395752,0.9181951880455017,0.9509779214859009,1.2219496965408325,1.4703465700149536,1.711936116218567,1.922016978263855,2.1591758728027344,1.9897838830947876,1.9671778678894043,2.2909023761749268,2.42195725440979,2.647496461868286,2.9734458923339844
A10,1.7790648937225342,1.5885887145996094,1.2451200485229492,1.059748649597168,0.8042081594467163,0.5506609678268433,0.542188823223114,0.5443692803382874,0.3653884828090668,0.0,0.3792122006416321,0.5728169679641724,0.9180293083190918,1.1629579067230225,1.4577374458312988,1.5899627208709717,1.399053692817688,1.1256892681121826,1.2298029661178589,0.9527829885482788,1.1225310564041138,1.3401204347610474,1.212921142578125,1.3210768699645996,1.0775024890899658,0.7782922983169556,0.8288886547088623,0.7365815043449402,0.8518347144126892,1.1693365573883057,2.557746410369873,2.186809539794922,2.1856234073638916,2.1046557426452637,1.8165647983551025,2.0847108364105225,2.061997890472412,1.8566948175430298,2.203970432281494,2.215425491333008,1.9208749532699585,2.1975021362304688,2.048755407333374,2.355320453643799,2.434891700744629,1.937217116355896,1.5787042379379272,1.7172850370407104,1.533320426940918,1.460667610168457,1.7105861902236938,1.6202493906021118,1.51240074634552,1.8880269527435303,1.9931190013885498,1.820355772972107,2.148693561553955,2.125431537628174,2.477287530899048,2.5982491970062256,0.9935767650604248,0.7924452424049377,1.0522252321243286,0.9410637617111206,1.2008657455444336,1.3998358249664307,1.5725919008255005,1.798574686050415,2.050915479660034,1.9366360902786255,1.9422906637191772,2.2966482639312744,2.450373649597168,2.7117974758148193,3.028456449508667
A11,1.7709745168685913,1.5473463535308838,1.224278211593628,1.094876766204834,0.7529088854789734,0.6830429434776306,0.7067325711250305,0.5311805009841919,0.5434535145759583,0.3792122006416321,0.0,0.38616666197776794,0.6173986196517944,0.9204728603363037,1.2093104124069214,1.4083234071731567,1.2244865894317627,0.8920466303825378,0.9358077645301819,0.669611930847168,0.7713903784751892,1.0255073308944702,0.9801689982414246,1.0634040832519531,0.7752729058265686,0.5639078617095947,0.7231060862541199,0.8107746839523315,0.9860597252845764,1.342622995376587,2.5321717262268066,2.163637161254883,2.0952796936035156,1.9986426830291748,1.666565179824829,1.893548846244812,1.859358310699463,1.6086980104446411,1.9295568466186523,1.9438830614089966,1.6237003803253174,1.8714097738265991,1.6963725090026855,1.9990135431289673,2.0619945526123047,1.598168969154358,1.2550989389419556,1.433983325958252,1.2600886821746826,1.2703063488006592,1.535043478012085,1.4863377809524536,1.46983802318573,1.8396544456481934,1.9157217741012573,1.798722743988037,2.1609506607055664,2.198251962661743,2.5534119606018066,2.723445415496826,1.2097461223602295,0.9269965291023254,1.1802747249603271,1.065911054611206,1.2207751274108887,1.4790079593658447,1.6148351430892944,1.7677770853042603,2.070389747619629,1.9847623109817505,1.9245749711990356,2.28645396232605,2.388051748275757,2.6667325496673584,2.9531986713409424
A12,2.0336241722106934,1.850380778312683,1.506348967552185,1.4316846132278442,1.109615683555603,1.0203090906143188,1.0411527156829834,0.8496363759040833,0.7254266142845154,0.5728169679641724,0.38616666197776794,0.0,0.38046568632125854,0.5980184078216553,0.8878636360168457,1.5976344347000122,1.4881153106689453,1.1254597902297974,1.1912871599197388,0.9801506400108337,0.9610478281974792,1.2028639316558838,1.1841105222702026,1.1425182819366455,0.8070840239524841,0.7012995481491089,0.6822184920310974,0.8300254344940186,0.879703164100647,1.2685775756835938,2.9161672592163086,2.5480191707611084,2.468952178955078,2.360527753829956,2.016308069229126,2.211441993713379,2.141731023788452,1.8505785465240479,2.151695489883423,2.199862480163574,1.8652676343917847,2.070859670639038,1.8467764854431152,2.1248834133148193,2.118607997894287,1.7588560581207275,1.4604569673538208,1.7016313076019287,1.5456222295761108,1.6152572631835938,1.8700352907180786,1.8102128505706787,1.8175058364868164,2.178086519241333,2.2726211547851562,2.174466609954834,2.5370090007781982,2.5756869316101074,2.932769298553467,3.0913584232330322,1.4560189247131348,1.2312653064727783,1.5269616842269897,1.4307265281677246,1.6053197383880615,1.8502047061920166,1.969502568244934,2.1272406578063965,2.434257745742798,2.36203670501709,2.3075263500213623,2.6714208126068115,2.7670340538024902,3.046329975128174,3.3270576000213623
A13,2.1739633083343506,1.9746577739715576,1.6627402305603027,1.630525827407837,1.2810642719268799,1.2881357669830322,1.3110380172729492,1.0518125295639038,1.0206974744796753,0.9180293083190918,0.6173986196517944,0.38046568632125854,0.0,0.37066298723220825,0.6054816842079163,1.5477294921875,1.4793386459350586,1.0949640274047852,1.107478380203247,0.9762421250343323,0.8350744247436523,1.0866022109985352,1.1766952276229858,1.0718107223510742,0.7094712853431702,0.7914195656776428,0.8288867473602295,1.0941358804702759,1.168081283569336,1.550004482269287,3.016552448272705,2.6590487957000732,2.5258171558380127,2.4106943607330322,2.0405030250549316,2.1858253479003906,2.105131149291992,1.7745684385299683,2.0258066654205322,2.0795013904571533,1.7271995544433594,1.873500943183899,1.6066045761108398,1.8562595844268799,1.8028486967086792,1.5523666143417358,1.3106324672698975,1.5955891609191895,1.4605512619018555,1.619757890701294,1.8622342348098755,1.8334887027740479,1.9188132286071777,2.256990432739258,2.332227945327759,2.2878177165985107,2.6666271686553955,2.7528934478759766,3.108628034591675,3.3005285263061523,1.7295061349868774,1.4713858366012573,1.758275032043457,1.671667218208313,1.7794607877731323,2.0565547943115234,2.1508960723876953,2.249843120574951,2.5868217945098877,2.535048246383667,2.4309189319610596,2.790372610092163,2.838718891143799,3.124262809753418,3.3742904663085938
A14,2.331878900527954,2.179708480834961,1.8551838397979736,1.8779412508010864,1.55717933177948,1.5571049451828003,1.6197115182876587,1.3946707248687744,1.3097612857818604,1.1629579067230225,0.9204728603363037,0.5980184078216553,0.37066298723220825,0.0,0.3898754119873047,1.8954888582229614,1.8454374074935913,1.4609243869781494,1.452927827835083,1.310866355895996,1.1128385066986084,1.2856546640396118,1.352101445198059,1.1484121084213257,0.8239303231239319,0.9615997672080994,0.8642422556877136,1.154412031173706,1.1523221731185913,1.5087631940841675,3.3459415435791016,2.984419107437134,2.848778009414673,2.70439076423645,2.3332161903381348,2.446756601333618,2.3203318119049072,1.96919846534729,2.207306385040283,2.308738946914673,1.9707298278808594,2.0970380306243896,1.8213053941726685,2.057500123977661,1.9447669982910156,1.736694097518921,1.5425233840942383,1.8675159215927124,1.7797297239303589,1.9558038711547852,2.213303565979004,2.200392723083496,2.286217451095581,2.6268067359924316,2.69533109664917,2.6434106826782227,3.022183656692505,3.095913887023926,3.448991060256958,3.637070655822754,2.0378942489624023,1.8027570247650146,2.0920519828796387,1.9804422855377197,2.0997345447540283,2.349339246749878,2.4122982025146484,2.519239664077759,2.8578970432281494,2.8326728343963623,2.745590925216675,3.113966464996338,3.1702170372009277,3.4668197631835938,3.7107057571411133
A15,2.6980390548706055,2.5274343490600586,2.2162117958068848,2.221018075942993,1.880075216293335,1.879870891571045,1.8897819519042969,1.6152881383895874,1.5306214094161987,1.4577374458312988,1.2093104124069214,0.8878636360168457,0.6054816842079163,0.3898754119873047,0.0,1.9172065258026123,1.941239356994629,1.5693269968032837,1.5976356267929077,1.5410150289535522,1.3339489698410034,1.539398431777954,1.6725836992263794,1.4668281078338623,1.1452031135559082,1.3224796056747437,1.253847599029541,1.5362935066223145,1.5055385828018188,1.8595751523971558,3.5948703289031982,3.2442824840545654,3.087799549102783,2.9693140983581543,2.589247226715088,2.692657947540283,2.586238145828247,2.224426507949829,2.42052960395813,2.4999523162841797,2.146763324737549,2.211355686187744,1.8923207521438599,2.0664069652557373,1.9018144607543945,1.8832266330718994,1.736802101135254,2.0577480792999268,1.9448739290237427,2.162848472595215,2.3770971298217773,2.3400444984436035,2.4616427421569824,2.7769999504089355,2.8675248622894287,2.858295440673828,3.238213300704956,3.341804027557373,3.699634552001953,3.8897218704223633,2.237006425857544,2.0196034908294678,2.33419132232666,2.270217180252075,2.382730722427368,2.6615567207336426,2.7453861236572266,2.833218812942505,3.1783454418182373,3.137275218963623,3.022512435913086,3.378068447113037,3.404014825820923,3.685946464538574,3.9192488193511963
B1,2.673144578933716,2.322343587875366,2.1831889152526855,1.9380464553833008,1.6231606006622314,1.6607564687728882,1.406360149383545,1.092625379562378,1.3429558277130127,1.5899627208709717,1.4083234071731567,1.5976344347000122,1.5477294921875,1.8954888582229614,1.9172065258026123,0.0,0.37698519229888916,0.5580965280532837,0.8431030511856079,1.1382418870925903,1.344173789024353,1.6864913702011108,1.892160415649414,2.0741543769836426,1.8264216184616089,1.8031576871871948,2.086378812789917,2.2080166339874268,2.379695177078247,2.7341599464416504,2.3196897506713867,2.075070381164551,1.9268180131912231,2.0666356086730957,1.7889457941055298,2.025038957595825,2.217153310775757,2.0574116706848145,2.2045211791992188,1.9891303777694702,1.6679465770721436,1.7268704175949097,1.535921573638916,1.6221880912780762,1.7933099269866943,1.7786586284637451,1.5577017068862915,1.4895378351211548,1.1058008670806885,1.175113558769226,1.039514422416687,0.7751584053039551,0.9876609444618225,1.1072800159454346,1.3023593425750732,1.4716886281967163,1.7769237756729126,2.0185093879699707,2.3479483127593994,2.5492331981658936,1.4238826036453247,1.2127870321273804,1.3822979927062988,1.590520977973938,1.562576174736023,1.9413361549377441,2.192269802093506,2.1822361946105957,2.4445242881774902,2.241342306137085,2.0019419193267822,2.202972412109375,2.1160902976989746,2.25597882270813,2.487316131591797
B2,2.3181545734405518,1.9620474576950073,1.8428632020950317,1.5906060934066772,1.2958430051803589,1.366593360900879,1.143142819404602,0.8746265769004822,1.1967657804489136,1.399053692817688,1.2244865894317627,1.4881153106689453,1.4793386459350586,1.8454374074935913,1.941239356994629,0.37698519229888916,0.0,0.3850690424442291,0.604507565498352,0.8581732511520386,1.1290258169174194,1.4423201084136963,1.6106711626052856,1.839989185333252,1.6305773258209229,1.5686918497085571,1.8838382959365845,1.9845296144485474,2.1972408294677734,2.5307395458221436,1.9952006340026855,1.7275978326797485,1.5856703519821167,1.7086069583892822,1.4322479963302612,1.6933175325393677,1.8911889791488647,1.7586969137191772,1.9350061416625977,1.7216962575912476,1.41678786277771,1.545157790184021,1.4113259315490723,1.569380521774292,1.7852919101715088,1.5833854675292969,1.3192821741104126,1.2134723663330078,0.8233083486557007,0.819625198841095,0.7178266048431396,0.4686442017555237,0.6826261281967163,0.88141268491745,1.0263850688934326,1.1495016813278198,1.4875373840332031,1.7153586149215698,2.052203893661499,2.2746589183807373,1.261154055595398,0.9875449538230896,1.0949227809906006,1.2643173933029175,1.1980983018875122,1.5785995721817017,1.8201133012771606,1.8056796789169312,2.0692355632781982,1.8743447065353394,1.6365705728530884,1.8586288690567017,1.7950345277786255,1.9669440984725952,2.2150256633758545
B3,2.1813833713531494,1.8484892845153809,1.672188401222229,1.4623512029647827,1.1156073808670044,1.1847573518753052,1.006391167640686,0.6697598695755005,0.9680314064025879,1.1256892681121826,0.8920466303825378,1.1254597902297974,1.0949640274047852,1.4609243869781494,1.5693269968032837,0.5580965280532837,0.3850690424442291,0.0,0.3918984532356262,0.6001186966896057,0.8260576128959656,1.1802470684051514,1.3535062074661255,1.534096360206604,1.2876652479171753,1.2466886043548584,1.5433248281478882,1.6772782802581787,1.877636432647705,2.228269577026367,2.206282615661621,1.8993380069732666,1.7517791986465454,1.792734146118164,1.4646637439727783,1.701081395149231,1.823188066482544,1.623550295829773,1.8308848142623901,1.683974266052246,1.337877869606018,1.4830057621002197,1.293341875076294,1.4966068267822266,1.6502208709716797,1.4167885780334473,1.1287096738815308,1.1356931924819946,0.7792985439300537,0.8589687943458557,0.9180403351783752,0.7811025977134705,0.941763162612915,1.2176183462142944,1.3283605575561523,1.3839374780654907,1.7510483264923096,1.9328418970108032,2.283644676208496,2.5022363662719727,1.2548389434814453,0.9433275461196899,1.1366747617721558,1.225662350654602,1.2103710174560547,1.5888046026229858,1.795415997505188,1.81233549118042,2.1137161254882812,1.9599108695983887,1.7552483081817627,2.0350942611694336,2.0077638626098633,2.2262117862701416,2.4764978885650635
B4,1.9497783184051514,1.6122043132781982,1.4760324954986572,1.3337492942810059,0.9950396418571472,1.1861380338668823,1.1249172687530518,0.8543083071708679,1.1817138195037842,1.2298029661178589,0.9358077645301819,1.1912871599197388,1.107478380203247,1.452927827835083,1.5976356267929077,0.8431030511856079,0.604507565498352,0.3918984532356262,0.0,0.3827614188194275,0.5442633628845215,0.8508793115615845,1.0737881660461426,1.2722326517105103,1.0885369777679443,1.1039416790008545,1.4519455432891846,1.6308846473693848,1.8848687410354614,2.2192914485931396,2.0799551010131836,1.769353985786438,1.5665518045425415,1.5470324754714966,1.1868478059768677,1.369411587715149,1.466842532157898,1.2501970529556274,1.4415775537490845,1.3058077096939087,0.9518515467643738,1.1179667711257935,0.9571787714958191,1.2151612043380737,1.3971129655838013,1.0367071628570557,0.7448091506958008,0.7546700835227966,0.43211400508880615,0.6250114440917969,0.7817583084106445,0.8231657147407532,1.0420448780059814,1.3125096559524536,1.3157706260681152,1.3700987100601196,1.7544922828674316,1.9478662014007568,2.2811787128448486,2.5447638034820557,1.5143026113510132,1.15908944606781,1.272607445716858,1.2585861682891846,1.1511908769607544,1.514932632446289,1.6463072299957275,1.603805422782898,1.9396265745162964,1.8453524112701416,1.6121104955673218,1.910154104232788,1.8616275787353516,2.1219687461853027,2.338515520095825
B5,1.6231400966644287,1.3065708875656128,1.12213134765625,0.9966202974319458,0.6391226649284363,0.8557112812995911,0.8870358467102051,0.693038284778595,1.0006072521209717,0.9527829885482788,0.669611930847168,0.9801506400108337,0.9762421250343323,1.310866355895996,1.5410150289535522,1.1382418870925903,0.8581732511520386,0.6001186966896057,0.3827614188194275,0.0,0.382188081741333,0.6544299125671387,0.7621759176254272,0.9951722621917725,0.8271814584732056,0.7588533759117126,1.1225298643112183,1.2757091522216797,1.5561046600341797,1.8702102899551392,2.0549464225769043,1.7078943252563477,1.551804780960083,1.464103102684021,1.0990341901779175,1.3046796321868896,1.3360570669174194,1.1093809604644775,1.3869688510894775,1.326536774635315,1.0005388259887695,1.261583924293518,1.1462408304214478,1.4654937982559204,1.6224945783615112,1.0743142366409302,0.7091254591941833,0.7898776531219482,0.5956719517707825,0.6512153148651123,0.9433295130729675,1.0112043619155884,1.112765908241272,1.4446353912353516,1.430298089981079,1.3815547227859497,1.7692036628723145,1.8931998014450073,2.2311172485351562,2.4795889854431152,1.4033427238464355,1.0316333770751953,1.1345577239990234,1.0208144187927246,0.950309693813324,1.279023289680481,1.3808578252792358,1.3926392793655396,1.7370600700378418,1.6703451871871948,1.499135971069336,1.843902587890625,1.8663537502288818,2.1590535640716553,2.401198625564575
B6,1.6839717626571655,1.4069204330444336,1.2175112962722778,1.2081879377365112,0.8684146404266357,1.110417366027832,1.2040510177612305,0.9948248267173767,1.2306870222091675,1.1225310564041138,0.7713903784751892,0.9610478281974792,0.8350744247436523,1.1128385066986084,1.3339489698410034,1.344173789024353,1.1290258169174194,0.8260576128959656,0.5442633628845215,0.382188081741333,0.0,0.38089555501937866,0.628618597984314,0.7413495779037476,0.5654416680335999,0.6783370971679688,1.0247793197631836,1.2781357765197754,1.5507068634033203,1.8715394735336304,2.327443838119507,1.9885927438735962,1.7904270887374878,1.6483569145202637,1.262866735458374,1.36724054813385,1.3145719766616821,1.0001448392868042,1.2436187267303467,1.2556875944137573,0.908234179019928,1.120507836341858,0.9527359008789062,1.2878079414367676,1.3776644468307495,0.8297355771064758,0.5061671733856201,0.7658541798591614,0.706937313079834,0.9074388742446899,1.2019959688186646,1.3196941614151,1.4740734100341797,1.784698724746704,1.746020793914795,1.7246599197387695,2.1120359897613525,2.24607253074646,2.572977066040039,2.8365683555603027,1.7409418821334839,1.3789585828781128,1.5071935653686523,1.3622554540634155,1.287027359008789,1.5808674097061157,1.6141935586929321,1.5950747728347778,1.9633722305297852,1.9530620574951172,1.7761619091033936,2.124799966812134,2.1243624687194824,2.434654474258423,2.6416232585906982
B7,1.4591010808944702,1.2161437273025513,1.0749272108078003,1.1791552305221558,0.9222575426101685,1.2333097457885742,1.4185420274734497,1.2881964445114136,1.5158075094223022,1.3401204347610474,1.0255073308944702,1.2028639316558838,1.0866022109985352,1.2856546640396118,1.539398431777954,1.6864913702011108,1.4423201084136963,1.1802470684051514,0.8508793115615845,0.6544299125671387,0.38089555501937866,0.0,0.38495850563049316,0.5009997487068176,0.5390174984931946,0.7027002573013306,1.0395063161849976,1.303884506225586,1.6134414672851562,1.883249044418335,2.3137829303741455,1.9809272289276123,1.766274333000183,1.548223853111267,1.1734431982040405,1.1924347877502441,1.0469805002212524,0.6921177506446838,0.9542103409767151,1.059441328048706,0.7769159078598022,1.0310907363891602,0.9538801312446594,1.3212782144546509,1.4129581451416016,0.6610060334205627,0.3748047947883606,0.7000893950462341,0.834114670753479,1.013310432434082,1.3486313819885254,1.5471632480621338,1.6936887502670288,1.9934780597686768,1.8929245471954346,1.8471182584762573,2.2209746837615967,2.3383333683013916,2.6390380859375,2.9231088161468506,2.0084352493286133,1.6418198347091675,1.7108234167099,1.4953422546386719,1.371123194694519,1.6003838777542114,1.5422873497009277,1.4827935695648193,1.8615702390670776,1.9223195314407349,1.7563116550445557,2.1104836463928223,2.1157548427581787,2.453754186630249,2.6323938369750977
B8,1.1216384172439575,0.9202717542648315,0.7277781367301941,0.9017605781555176,0.7191855907440186,1.0286089181900024,1.2986791133880615,1.2683261632919312,1.4562923908233643,1.212921142578125,0.9801689982414246,1.1841105222702026,1.1766952276229858,1.352101445198059,1.6725836992263794,1.892160415649414,1.6106711626052856,1.3535062074661255,1.0737881660461426,0.7621759176254272,0.628618597984314,0.38495850563049316,0.0,0.3802562952041626,0.5395748615264893,0.5244342088699341,0.8427112102508545,1.0403727293014526,1.3833314180374146,1.6023008823394775,2.263373374938965,1.9116895198822021,1.7578731775283813,1.4998390674591064,1.1628992557525635,1.2202696800231934,1.0288058519363403,0.7392188310623169,1.0896259546279907,1.2366912364959717,1.0305066108703613,1.3450435400009155,1.321989893913269,1.694257378578186,1.7954628467559814,0.9942644834518433,0.70659339427948,0.9315879940986633,1.0627162456512451,1.1143150329589844,1.4868780374526978,1.6745537519454956,1.7392165660858154,2.065969467163086,1.9620519876480103,1.8410253524780273,2.197925090789795,2.2526326179504395,2.5459628105163574,2.8078014850616455,1.9313981533050537,1.5819119215011597,1.6184756755828857,1.3349568843841553,1.2436760663986206,1.3994548320770264,1.2982488870620728,1.2993146181106567,1.6617565155029297,1.7487722635269165,1.6540826559066772,2.0300827026367188,2.102473258972168,2.4522249698638916,2.6567070484161377
B9,1.3573579788208008,1.232703447341919,1.0136128664016724,1.2243332862854004,1.030073881149292,1.27272367477417,1.5370168685913086,1.4670543670654297,1.5907948017120361,1.3210768699645996,1.0634040832519531,1.1425182819366455,1.0718107223510742,1.1484121084213257,1.4668281078338623,2.0741543769836426,1.839989185333252,1.534096360206604,1.2722326517105103,0.9951722621917725,0.7413495779037476,0.5009997487068176,0.3802562952041626,0.0,0.3633723556995392,0.5443745255470276,0.7258297204971313,1.0187623500823975,1.309704065322876,1.5316964387893677,2.6399552822113037,2.2908518314361572,2.1262564659118652,1.8619593381881714,1.5219666957855225,1.533750057220459,1.2973085641860962,0.9594597220420837,1.2438465356826782,1.4500491619110107,1.2333130836486816,1.478049397468567,1.3968610763549805,1.7485873699188232,1.7680613994598389,1.060732126235962,0.8619651198387146,1.1796882152557373,1.3191851377487183,1.4410734176635742,1.7996631860733032,1.9708356857299805,2.0578372478485107,2.3898239135742188,2.30503511428833,2.2020316123962402,2.5659594535827637,2.623333692550659,2.922112226486206,3.17689847946167,2.1615371704101562,1.82594633102417,1.9181430339813232,1.6467325687408447,1.5997557640075684,1.7555744647979736,1.6510194540023804,1.6655175685882568,2.021885395050049,2.120889902114868,2.0341110229492188,2.4093878269195557,2.473658800125122,2.82364821434021,3.0179805755615234
B10,1.5907502174377441,1.4241502285003662,1.1526658535003662,1.2620460987091064,0.9814667105674744,1.1574841737747192,1.3572968244552612,1.224556803703308,1.318188190460205,1.0775024890899658,0.7752729058265686,0.8070840239524841,0.7094712853431702,0.8239303231239319,1.1452031135559082,1.8264216184616089,1.6305773258209229,1.2876652479171753,1.0885369777679443,0.8271814584732056,0.5654416680335999,0.5390174984931946,0.5395748615264893,0.3633723556995392,0.0,0.3780423104763031,0.5745909214019775,0.9145141839981079,1.1623551845550537,1.4578828811645508,2.705281972885132,2.3470020294189453,2.1908233165740967,1.9810280799865723,1.618212342262268,1.689688801765442,1.5201020240783691,1.176985740661621,1.4563075304031372,1.596358060836792,1.309753179550171,1.5275429487228394,1.368640661239624,1.7012823820114136,1.6996142864227295,1.1300592422485352,0.886798083782196,1.2161942720413208,1.2505568265914917,1.3937411308288574,1.7271382808685303,1.8358824253082275,1.9253008365631104,2.268433094024658,2.2357826232910156,2.1509792804718018,2.5285890102386475,2.598094940185547,2.9221014976501465,3.158564329147339,1.9454220533370972,1.6201213598251343,1.7762806415557861,1.557099461555481,1.5630357265472412,1.7737767696380615,1.7468366622924805,1.7959368228912354,2.152928352355957,2.192906379699707,2.096012592315674,2.4728245735168457,2.531728744506836,2.8629238605499268,3.080596446990967
B11,1.387924075126648,1.222733497619629,0.8947564959526062,0.9557756185531616,0.6893408298492432,0.8086806535720825,1.0502623319625854,0.999114453792572,1.0677826404571533,0.7782922983169556,0.5639078617095947,0.7012995481491089,0.7914195656776428,0.9615997672080994,1.3224796056747437,1.8031576871871948,1.5686918497085571,1.2466886043548584,1.1039416790008545,0.7588533759117126,0.6783370971679688,0.7027002573013306,0.5244342088699341,0.5443745255470276,0.3780423104763031,0.0,0.3879024088382721,0.6139649748802185,0.9170265793800354,1.2049379348754883,2.535324811935425,2.1632161140441895,2.064669370651245,1.86606764793396,1.5304282903671265,1.6723378896713257,1.532019853591919,1.2521986961364746,1.5913881063461304,1.702454924583435,1.4339498281478882,1.713365912437439,1.5940324068069458,1.941674828529358,1.9915119409561157,1.3586289882659912,1.0446127653121948,1.2929141521453857,1.2803754806518555,1.3183081150054932,1.6640443801879883,1.7405601739883423,1.7553333044052124,2.1200666427612305,2.1036863327026367,1.9641273021697998,2.3278098106384277,2.351922035217285,2.6783809661865234,2.8866093158721924,1.6613860130310059,1.3523927927017212,1.492328405380249,1.2447233200073242,1.303849220275879,1.4839879274368286,1.480766773223877,1.5967973470687866,1.9274816513061523,1.9440490007400513,1.8968111276626587,2.28206729888916,2.3906562328338623,2.71562123298645,2.9670932292938232
B12,1.5440456867218018,1.460044503211975,1.1008504629135132,1.1926369667053223,0.9887972474098206,0.9948973059654236,1.237953782081604,1.216200828552246,1.163772463798523,0.8288886547088623,0.7231060862541199,0.6822184920310974,0.8288867473602295,0.8642422556877136,1.253847599029541,2.086378812789917,1.8838382959365845,1.5433248281478882,1.4519455432891846,1.1225298643112183,1.0247793197631836,1.0395063161849976,0.8427112102508545,0.7258297204971313,0.5745909214019775,0.3879024088382721,0.0,0.3766257166862488,0.596448540687561,0.8857296109199524,2.8716442584991455,2.495344877243042,2.4240124225616455,2.215989351272583,1.8964399099349976,2.032205104827881,1.8606758117675781,1.5792503356933594,1.9127084016799927,2.059285879135132,1.799377679824829,2.0628561973571777,1.922519564628601,2.2581541538238525,2.2617805004119873,1.6805320978164673,1.3989028930664062,1.6718569993972778,1.6615864038467407,1.6987757682800293,2.0387420654296875,2.08813738822937,2.076220989227295,2.4498870372772217,2.457038640975952,2.2979323863983154,2.651003837585449,2.642265558242798,2.968280553817749,3.1465718746185303,1.8052970170974731,1.5504642724990845,1.7250357866287231,1.477492332458496,1.6027902364730835,1.7400832176208496,1.7307031154632568,1.893803358078003,2.198798179626465,2.22226881980896,2.2199020385742188,2.6075456142425537,2.743468999862671,3.0664284229278564,3.3286633491516113
B13,1.4650717973709106,1.4176955223083496,1.036089539527893,1.0835198163986206,0.96392822265625,0.8588840961456299,1.1254926919937134,1.2095869779586792,1.100522518157959,0.7365815043449402,0.8107746839523315,0.8300254344940186,1.0941358804702759,1.154412031173706,1.5362935066223145,2.2080166339874268,1.9845296144485474,1.6772782802581787,1.6308846473693848,1.2757091522216797,1.2781357765197754,1.303884506225586,1.0403727293014526,1.0187623500823975,0.9145141839981079,0.6139649748802185,0.3766257166862488,0.0,0.3678894639015198,0.601671040058136,2.8289313316345215,2.450044870376587,2.4378037452697754,2.240610122680664,1.9618538618087769,2.1420352458953857,1.9905295372009277,1.7652308940887451,2.127549886703491,2.258045196533203,2.020110845565796,2.319166421890259,2.2075610160827637,2.5524284839630127,2.5884900093078613,1.9633424282073975,1.6501702070236206,1.8694146871566772,1.8359776735305786,1.7964335680007935,2.131141185760498,2.1531918048858643,2.072683334350586,2.4525530338287354,2.474118709564209,2.266036033630371,2.591118574142456,2.529832124710083,2.8477349281311035,2.9882113933563232,1.6623690128326416,1.4580888748168945,1.6077196598052979,1.3422675132751465,1.53010094165802,1.607211709022522,1.6141579151153564,1.8447444438934326,2.1029343605041504,2.109147310256958,2.1675655841827393,2.550200939178467,2.734219551086426,3.0453238487243652,3.3333091735839844
