,A1,A2,A3,A4,A5,A6,A7,A8,A9,A10,A11,A12,A13,A14,A15,B1,B2,B3,B4,B5,B6,B7,B8,B9,B10,B11,B12,B13,B14,B15,C1,C2,C3,C4,C5,C6,C7,C8,C9,C10,C11,C12,C13,C14,C15,D1,D2,D3,D4,D5,D6,D7,D8,D9,D10,D11,D12,D13,D14,D15,E1,E2,E3,E4,E5,E6,E7,E8,E9,E10,E11,E12,E13,E14,E15
A1,0.0,0.3847824037075043,0.5645381212234497,0.8340969681739807,1.1373095512390137,1.3527294397354126,1.728116512298584,1.9630999565124512,2.159599781036377,1.9291409254074097,1.9689463376998901,2.265151023864746,2.44753098487854,2.6463191509246826,3.0330095291137695,2.474486827850342,2.1287808418273926,1.9347164630889893,1.7352477312088013,1.4036332368850708,1.3960577249526978,1.086080551147461,1.0761154890060425,1.2624564170837402,1.5371589660644531,1.592519760131836,1.8896414041519165,2.034797430038452,2.4034225940704346,2.541893482208252,1.3306127786636353,1.003438115119934,1.1013857126235962,0.800243616104126,0.9203559756278992,0.9894202947616577,1.0179098844528198,1.3843045234680176,1.4864434003829956,1.5136665105819702,1.7529561519622803,2.06022572517395,2.3581197261810303,2.6726396083831787,2.944593906402588,1.8253108263015747,1.7842113971710205,1.5350533723831177,1.7561883926391602,1.53474760055542,1.7534314393997192,1.9284870624542236,1.811891794204712,2.1409332752227783,2.0426230430603027,1.775554895401001,2.0633938312530518,1.977620244026184,2.250328540802002,2.4796760082244873,1.6381027698516846,1.3382642269134521,1.5288478136062622,1.3647438287734985,1.3450134992599487,1.5530279874801636,1.49214768409729,1.7319753170013428,1.951341986656189,2.0668013095855713,2.2253003120422363,2.545825958251953,2.802109956741333,3.127728223800659,3.38248872756958
A2,0.3847824037075043,0.0,0.3830437958240509,0.5707859396934509,0.8628999590873718,1.124969482421875,1.468388319015503,1.7320818901062012,1.9480286836624146,1.7688796520233154,1.8350399732589722,2.1653926372528076,2.372739315032959,2.61480450630188,2.987839937210083,2.2087666988372803,1.8755831718444824,1.674201250076294,1.5364453792572021,1.1873083114624023,1.2768796682357788,1.0520771741867065,1.0524429082870483,1.3354408740997314,1.5479419231414795,1.5518659353256226,1.8955185413360596,2.0190229415893555,2.4005465507507324,2.568134069442749,0.998914897441864,0.652280867099762,0.7172038555145264,0.44111335277557373,0.6269323229789734,0.7813542485237122,0.9399566054344177,1.2937959432601929,1.4508217573165894,1.4096989631652832,1.5975710153579712,1.9324901103973389,2.209155797958374,2.523315906524658,2.8223421573638916,1.7712597846984863,1.6574375629425049,1.384456753730774,1.5353947877883911,1.2565572261810303,1.46626877784729,1.5945680141448975,1.4628736972808838,1.8087635040283203,1.7519505023956299,1.4934427738189697,1.8098363876342773,1.749711036682129,2.064207077026367,2.290131092071533,1.4372626543045044,1.108096957206726,1.223796010017395,1.0218119621276855,0.970085859298706,1.17212975025177,1.1255278587341309,1.3738442659378052,1.604101538658142,1.6989332437515259,1.8504387140274048,2.1764137744903564,2.433130979537964,2.757251501083374,3.0223686695098877
A3,0.5645381212234497,0.3830437958240509,0.0,0.378994345664978,0.583574116230011,0.8394510746002197,1.2013146877288818,1.4161118268966675,1.6464594602584839,1.4560155868530273,1.4792460203170776,1.8141754865646362,2.001901865005493,2.2512354850769043,2.6186912059783936,1.944155216217041,1.6183639764785767,1.389244794845581,1.210572361946106,0.8551334738731384,0.8995217084884644,0.6787168383598328,0.7116207480430603,1.0132367610931396,1.184938907623291,1.2052974700927734,1.561517596244812,1.71815025806427,2.093756675720215,2.2991998195648193,1.2105756998062134,0.8238773941993713,0.802495002746582,0.5845036506652832,0.512697696685791,0.7696987390518188,0.8488480448722839,1.1373915672302246,1.375696063041687,1.3996365070343018,1.5194138288497925,1.8839064836502075,2.115811347961426,2.4635400772094727,2.7331647872924805,1.4323540925979614,1.3068040609359741,1.0739468336105347,1.2621510028839111,1.0335407257080078,1.3165507316589355,1.5000615119934082,1.4634978771209717,1.8153752088546753,1.7464519739151,1.5610920190811157,1.912927508354187,1.9255468845367432,2.247368812561035,2.5132689476013184,1.2171982526779175,0.8624394536018372,1.0301815271377563,0.9515331387519836,0.9166829586029053,1.2211133241653442,1.2836012840270996,1.5229148864746094,1.7915849685668945,1.8275854587554932,1.943835973739624,2.2923309803009033,2.53299880027771,2.8589844703674316,3.1462199687957764
A4,0.8340969681739807,0.5707859396934509,0.378994345664978,0.0,0.39412084221839905,0.5625360012054443,0.9109885692596436,1.1963746547698975,1.3838956356048584,1.2174136638641357,1.3247736692428589,1.6587258577346802,1.9050853252410889,2.1670913696289062,2.5288052558898926,1.8870313167572021,1.6095906496047974,1.3225088119506836,1.224295735359192,0.83786541223526,0.9424000382423401,0.8142790794372559,0.7177198529243469,1.0907410383224487,1.2218961715698242,1.1222069263458252,1.4907242059707642,1.5744762420654297,1.9572519063949585,2.1546499729156494,1.0365294218063354,0.6533234715461731,0.6898285746574402,0.6628831624984741,0.6459842324256897,1.0015078783035278,1.160224437713623,1.4076085090637207,1.6839840412139893,1.6695408821105957,1.736971378326416,2.116973876953125,2.3171706199645996,2.663562536239624,2.947192907333374,1.5895804166793823,1.3834397792816162,1.199927806854248,1.3128856420516968,1.0394455194473267,1.350690484046936,1.4578312635421753,1.4241361618041992,1.8011910915374756,1.8076249361038208,1.6468671560287476,2.018341064453125,2.0439810752868652,2.3979709148406982,2.6366374492645264,0.8851534724235535,0.5380389094352722,0.6977927684783936,0.614046573638916,0.6990649104118347,0.9882867932319641,1.1367502212524414,1.4302895069122314,1.657858967781067,1.6265451908111572,1.777636170387268,2.106339931488037,2.3740928173065186,2.671449899673462,2.988524913787842
A5,1.1373095512390137,0.8628999590873718,0.583574116230011,0.39412084221839905,0.0,0.38738301396369934,0.6579676270484924,0.8815345168113708,1.1453617811203003,1.0495539903640747,1.0966795682907104,1.4704595804214478,1.6886991262435913,1.9970178604125977,2.327029228210449,1.4991374015808105,1.2374531030654907,0.9325762987136841,0.8648782968521118,0.4860847294330597,0.6917821168899536,0.7369999289512634,0.7522504925727844,1.1214799880981445,1.1318439245224,1.0448240041732788,1.4352995157241821,1.553017497062683,1.9151074886322021,2.1738433837890625,1.2190256118774414,0.8801281452178955,0.7549899220466614,0.7913368940353394,0.5951060056686401,0.9755461812019348,1.1229215860366821,1.2692956924438477,1.6027705669403076,1.5935603380203247,1.5730960369110107,1.9644192457199097,2.1084954738616943,2.4659345149993896,2.73442006111145,1.3411850929260254,1.0739468336105347,0.9140578508377075,0.970001220703125,0.7156521677970886,1.067701816558838,1.1940556764602661,1.2548433542251587,1.6157574653625488,1.624166488647461,1.5454062223434448,1.934735655784607,2.0337984561920166,2.3923180103302,2.660797357559204,0.8570656180381775,0.47063925862312317,0.5153493285179138,0.6099168062210083,0.5997551083564758,0.9738997220993042,1.200359582901001,1.4282190799713135,1.7009860277175903,1.6279667615890503,1.7059136629104614,2.055427312850952,2.2821731567382812,2.5854828357696533,2.9091758728027344
A6,1.3527294397354126,1.124969482421875,0.8394510746002197,0.5625360012054443,0.38738301396369934,0.0,0.3917922377586365,0.6590380668640137,0.8231519460678101,0.6882184743881226,0.8219121694564819,1.164793610572815,1.439605951309204,1.731576919555664,2.064807415008545,1.6070386171340942,1.4157105684280396,1.0563749074935913,1.0065585374832153,0.6750482320785522,0.7571616172790527,0.8201999664306641,0.6846603751182556,1.0422996282577515,1.0180466175079346,0.808642566204071,1.1782184839248657,1.2312051057815552,1.5881423950195312,1.840958833694458,1.4007760286331177,1.081515908241272,1.048540472984314,1.1324344873428345,0.9787304997444153,1.3578513860702515,1.474583387374878,1.6029008626937866,1.9492177963256836,1.967838168144226,1.932847261428833,2.324692964553833,2.4447805881500244,2.809272527694702,3.0608975887298584,1.465172290802002,1.1795837879180908,1.1388165950775146,1.200087308883667,1.012427568435669,1.379948616027832,1.4785466194152832,1.5671865940093994,1.9255120754241943,1.967607855796814,1.9111469984054565,2.3021044731140137,2.4031500816345215,2.768268346786499,3.0249898433685303,0.4977931082248688,0.1642492413520813,0.4067274034023285,0.6672429442405701,0.8357008099555969,1.1512349843978882,1.437101125717163,1.7038805484771729,1.9293098449707031,1.7990522384643555,1.911075234413147,2.2299933433532715,2.47739315032959,2.7451937198638916,3.0956673622131348
A7,1.728116512298584,1.468388319015503,1.2013146877288818,0.9109885692596436,0.6579676270484924,0.3917922377586365,0.0,0.3909343481063843,0.5396703481674194,0.5928544998168945,0.7676003575325012,1.0937228202819824,1.382846713066101,1.7064048051834106,1.9876142740249634,1.4399840831756592,1.3378010988235474,0.9620102643966675,1.0336307287216187,0.8069929480552673,0.9500535726547241,1.1311464309692383,1.030454397201538,1.3483270406723022,1.2406426668167114,0.9947576522827148,1.3178011178970337,1.3239638805389404,1.6322556734085083,1.9082351922988892,1.5536412000656128,1.302595853805542,1.2299023866653442,1.394890308380127,1.2288738489151,1.6025398969650269,1.7436408996582031,1.8151068687438965,2.1810874938964844,2.177631139755249,2.081324338912964,2.46757435798645,2.5375277996063232,2.892509937286377,3.13935923576355,1.5961545705795288,1.2556604146957397,1.2724238634109497,1.2341713905334473,1.073830246925354,1.4105961322784424,1.447714924812317,1.5871069431304932,1.9178394079208374,2.00900936126709,2.0136404037475586,2.4024362564086914,2.542943000793457,2.9165971279144287,3.166875123977661,0.5257425904273987,0.44485363364219666,0.36665213108062744,0.7543208003044128,0.9211071133613586,1.1875839233398438,1.5356918573379517,1.769957184791565,1.9768600463867188,1.7832835912704468,1.8635469675064087,2.159477710723877,2.3870205879211426,2.6251819133758545,2.99189829826355
A8,1.9630999565124512,1.7320818901062012,1.4161118268966675,1.1963746547698975,0.8815345168113708,0.6590380668640137,0.3909343481063843,0.0,0.38860374689102173,0.5461726188659668,0.5438377261161804,0.8709884285926819,1.0956952571868896,1.4537602663040161,1.6922786235809326,1.2340303659439087,1.1915944814682007,0.8232554793357849,0.8879386782646179,0.8030569553375244,0.8831499218940735,1.161820888519287,1.1298547983169556,1.371544361114502,1.163865566253662,0.9616996645927429,1.2382018566131592,1.294179916381836,1.5453743934631348,1.8775384426116943,1.9104259014129639,1.6475658416748047,1.5265024900436401,1.653470516204834,1.4119688272476196,1.7514492273330688,1.8335609436035156,1.8282291889190674,2.2120420932769775,2.2476789951324463,2.1015706062316895,2.475383996963501,2.4951720237731934,2.8572981357574463,3.0641422271728516,1.4187345504760742,1.0673915147781372,1.1899446249008179,1.1410783529281616,1.1065261363983154,1.4385656118392944,1.523736834526062,1.7441281080245972,2.034552812576294,2.095860481262207,2.1599292755126953,2.5440590381622314,2.728192090988159,3.0871236324310303,3.3661885261535645,0.8157221078872681,0.7661068439483643,0.7348345518112183,1.1200963258743286,1.2129688262939453,1.507683515548706,1.8524171113967896,2.0417134761810303,2.2798690795898438,2.0861401557922363,2.1129133701324463,2.417370557785034,2.6035139560699463,2.8444130420684814,3.204371690750122
A9,2.159599781036377,1.9480286836624146,1.6464594602584839,1.3838956356048584,1.1453617811203003,0.8231519460678101,0.5396703481674194,0.38860374689102173,0.0,0.3698595464229584,0.5479451417922974,0.7183813452720642,1.0277657508850098,1.3339306116104126,1.5605988502502441,1.569140076637268,1.567987322807312,1.2060333490371704,1.2642120122909546,1.157497763633728,1.175312876701355,1.3936723470687866,1.2651225328445435,1.4738547801971436,1.2770395278930664,0.9847647547721863,1.1732267141342163,1.120314598083496,1.3282963037490845,1.633320689201355,2.0704829692840576,1.8242281675338745,1.76917564868927,1.9172308444976807,1.720259666442871,2.0799074172973633,2.166019916534424,2.1877057552337646,2.568235158920288,2.609886884689331,2.481128692626953,2.858268976211548,2.8835127353668213,3.2457847595214844,3.4512908458709717,1.7265440225601196,1.4019707441329956,1.552775502204895,1.5281453132629395,1.4818795919418335,1.8148260116577148,1.8707923889160156,2.066149950027466,2.3663570880889893,2.4542691707611084,2.503220796585083,2.889345169067383,3.0554141998291016,3.42348575592041,3.685382604598999,0.7316192984580994,0.8701044917106628,0.8929605484008789,1.272229552268982,1.456771969795227,1.702570915222168,2.0635979175567627,2.2906274795532227,2.484712600708008,2.2598226070404053,2.3285205364227295,2.599091053009033,2.8102080821990967,3.0158050060272217,3.3933815956115723
A10,1.9291409254074097,1.7688796520233154,1.4560155868530273,1.2174136638641357,1.0495539903640747,0.6882184743881226,0.5928544998168945,0.5461726188659668,0.3698595464229584,0.0,0.38684889674186707,0.5620445609092712,0.9198920726776123,1.180895209312439,1.4840435981750488,1.7637234926223755,1.692309856414795,1.3217803239822388,1.278010368347168,1.1072113513946533,1.0307925939559937,1.164374589920044,0.9712692499160767,1.1505597829818726,0.988705575466156,0.6500512361526489,0.840086042881012,0.7861601710319519,1.052686095237732,1.350765585899353,2.025270938873291,1.7351984977722168,1.7253673076629639,1.818368673324585,1.632067322731018,1.9923781156539917,2.04433012008667,2.1029715538024902,2.470973014831543,2.5440571308135986,2.4621763229370117,2.8457069396972656,2.9079859256744385,3.2837612628936768,3.4872610569000244,1.6314584016799927,1.355712652206421,1.4998201131820679,1.5634665489196777,1.5115240812301636,1.8802279233932495,1.9847183227539062,2.1489994525909424,2.476792812347412,2.529916763305664,2.5339534282684326,2.9256234169006348,3.060615062713623,3.4235899448394775,3.6907222270965576,0.5747759938240051,0.7237511873245239,0.9064315557479858,1.2537250518798828,1.468073844909668,1.7423501014709473,2.0721049308776855,2.3342702388763428,2.5351734161376953,2.3468334674835205,2.4509007930755615,2.7379465103149414,2.9743785858154297,3.2000174522399902,3.573399066925049
A11,1.9689463376998901,1.8350399732589722,1.4792460203170776,1.3247736692428589,1.0966795682907104,0.8219121694564819,0.7676003575325012,0.5438377261161804,0.5479451417922974,0.38684889674186707,0.0,0.3931927978992462,0.6271621584892273,0.9520033597946167,1.2519207000732422,1.588558554649353,1.5154720544815063,1.1764111518859863,1.0658808946609497,0.9867880940437317,0.8297188878059387,1.0297808647155762,0.9430764317512512,1.044167399406433,0.7781111001968384,0.558722734451294,0.7341257929801941,0.8422633409500122,1.0626468658447266,1.4289239645004272,2.2196929454803467,1.9013264179229736,1.8349032402038574,1.8766684532165527,1.621439814567566,1.9426387548446655,1.9336299896240234,1.9332174062728882,2.305813789367676,2.4198431968688965,2.3122832775115967,2.681621551513672,2.716869354248047,3.0992989540100098,3.267508029937744,1.3186993598937988,1.0678023099899292,1.2857880592346191,1.3806363344192505,1.4226806163787842,1.7893720865249634,1.9555617570877075,2.168623924255371,2.471316337585449,2.4776735305786133,2.513470411300659,2.899693727493286,3.063316822052002,3.40753436088562,3.7058358192443848,0.9063668251037598,0.9205136299133301,1.0965497493743896,1.4538743495941162,1.5873697996139526,1.912174940109253,2.225924253463745,2.450139284133911,2.696694850921631,2.533395528793335,2.592061758041382,2.9067394733428955,3.1107048988342285,3.361506223678589,3.720245838165283
A12,2.265151023864746,2.1653926372528076,1.8141754865646362,1.6587258577346802,1.4704595804214478,1.164793610572815,1.0937228202819824,0.8709884285926819,0.7183813452720642,0.5620445609092712,0.3931927978992462,0.0,0.389544814825058,0.6285229921340942,0.9249436855316162,1.8901748657226562,1.858646035194397,1.536002278327942,1.4253400564193726,1.3740164041519165,1.1767772436141968,1.3320785760879517,1.2013146877288818,1.2083227634429932,0.9381043910980225,0.7092165946960449,0.6605697274208069,0.6894016861915588,0.7742695212364197,1.1621270179748535,2.5530550479888916,2.2382428646087646,2.202659845352173,2.2435078620910645,2.000420093536377,2.3192009925842285,2.289668083190918,2.2850186824798584,2.65067720413208,2.7872090339660645,2.6815707683563232,3.044119119644165,3.0686564445495605,3.4522759914398193,3.5994882583618164,1.5784149169921875,1.3780039548873901,1.6376889944076538,1.7458804845809937,1.812214970588684,2.1746582984924316,2.3385565280914307,2.55669903755188,2.856773853302002,2.866590976715088,2.9066219329833984,3.2926249504089355,3.454853057861328,3.7984893321990967,4.096599102020264,1.1212702989578247,1.234115719795227,1.4312478303909302,1.786911964416504,1.9562557935714722,2.2633562088012695,2.5846800804138184,2.8235409259796143,3.054013252258301,2.8754632472991943,2.948157548904419,3.248208999633789,3.458543300628662,3.691580057144165,4.05931282043457
A13,2.44753098487854,2.372739315032959,2.001901865005493,1.9050853252410889,1.6886991262435913,1.439605951309204,1.382846713066101,1.0956952571868896,1.0277657508850098,0.9198920726776123,0.6271621584892273,0.389544814825058,0.0,0.3883066177368164,0.6398032903671265,1.889204978942871,1.8740513324737549,1.6044764518737793,1.4531985521316528,1.4894771575927734,1.2466490268707275,1.428322434425354,1.3804347515106201,1.3089282512664795,0.9816551208496094,0.9011793732643127,0.7896589040756226,0.9363219141960144,0.9267674088478088,1.3302321434020996,2.8402352333068848,2.5104727745056152,2.439406156539917,2.4460084438323975,2.1610054969787598,2.440031051635742,2.3589141368865967,2.3006019592285156,2.65742826461792,2.8308937549591064,2.7034385204315186,3.0425312519073486,3.0367319583892822,3.4188506603240967,3.5243985652923584,1.4644207954406738,1.326611876487732,1.6467862129211426,1.7739553451538086,1.919013500213623,2.2619237899780273,2.4668970108032227,2.7202658653259277,2.9935302734375,2.967519760131836,3.03589129447937,3.4113118648529053,3.596454381942749,3.9209933280944824,4.242476463317871,1.4799631834030151,1.5351543426513672,1.7221349477767944,2.0807719230651855,2.2011842727661133,2.53438663482666,2.844646453857422,3.0549509525299072,3.3146941661834717,3.151357412338257,3.191045045852661,3.5069334506988525,3.6911356449127197,3.938613176345825,4.294923782348633
A14,2.6463191509246826,2.61480450630188,2.2512354850769043,2.1670913696289062,1.9970178604125977,1.731576919555664,1.7064048051834106,1.4537602663040161,1.3339306116104126,1.180895209312439,0.9520033597946167,0.6285229921340942,0.3883066177368164,0.0,0.40644851326942444,2.2703757286071777,2.2505807876586914,1.98512601852417,1.8109687566757202,1.8285661935806274,1.548632025718689,1.664778470993042,1.578325867652893,1.430924415588379,1.1444350481033325,1.0775377750396729,0.8222249746322632,0.9265027642250061,0.7699797749519348,1.1385912895202637,3.1244003772735596,2.786217212677002,2.74760103225708,2.735856771469116,2.4662137031555176,2.7403178215026855,2.6358110904693604,2.5918421745300293,2.9318950176239014,3.129603147506714,3.0247573852539062,3.3584306240081787,3.362454414367676,3.746711492538452,3.837405204772949,1.731273889541626,1.651221513748169,1.9702569246292114,2.1315407752990723,2.276064872741699,2.6260275840759277,2.8406786918640137,3.0825157165527344,3.3647255897521973,3.330624580383301,3.3831703662872314,3.7589662075042725,3.9298839569091797,4.250871181488037,4.572841644287109,1.7147245407104492,1.8087726831436157,2.0361392498016357,2.38110613822937,2.5284974575042725,2.857412815093994,3.160914897918701,3.3911187648773193,3.6422505378723145,3.482074499130249,3.5427839756011963,3.8550589084625244,4.053028106689453,4.296540260314941,4.6576128005981445
A15,3.0330095291137695,2.987839937210083,2.6186912059783936,2.5288052558898926,2.327029228210449,2.064807415008545,1.9876142740249634,1.6922786235809326,1.5605988502502441,1.4840435981750488,1.2519207000732422,0.9249436855316162,0.6398032903671265,0.40644851326942444,0.0,2.3862338066101074,2.422638416290283,2.1887032985687256,2.0463504791259766,2.1197121143341064,1.8632701635360718,2.021982192993164,1.9643369913101196,1.8237181901931763,1.519621729850769,1.466930866241455,1.228326439857483,1.3026400804519653,1.0909610986709595,1.4156596660614014,3.4640021324157715,3.136711359024048,3.077235460281372,3.081062078475952,2.7947397232055664,3.061750650405884,2.954240322113037,2.873255968093872,3.215714693069458,3.4158828258514404,3.2783091068267822,3.597095489501953,3.5637779235839844,3.938540458679199,4.002808094024658,1.9599740505218506,1.8840510845184326,2.231745958328247,2.358304738998413,2.537424087524414,2.864912271499634,3.0717132091522217,3.3424201011657715,3.6009762287139893,3.5712575912475586,3.658249855041504,4.028408527374268,4.2239460945129395,4.541454315185547,4.870336532592773,2.0411746501922607,2.1479671001434326,2.336472988128662,2.6994431018829346,2.834693193435669,3.158780813217163,3.47713303565979,3.688905954360962,3.9427287578582764,3.765442371368408,3.8034915924072266,4.108556270599365,4.286285400390625,4.517927646636963,4.878837585449219
B1,2.474486827850342,2.2087666988372803,1.944155216217041,1.8870313167572021,1.4991374015808105,1.6070386171340942,1.4399840831756592,1.2340303659439087,1.569140076637268,1.7637234926223755,1.588558554649353,1.8901748657226562,1.889204978942871,2.2703757286071777,2.3862338066101074,0.0,0.3849857747554779,0.574500322341919,0.8460357189178467,1.1383986473083496,1.3719966411590576,1.7385855913162231,1.9607752561569214,2.1678905487060547,1.9309338331222534,1.9539788961410522,2.238774538040161,2.4218785762786865,2.6399741172790527,3.016386032104492,2.3481266498565674,2.1600916385650635,1.8471635580062866,1.9380995035171509,1.6156532764434814,1.7456806898117065,1.8045481443405151,1.5860837697982788,1.9153481721878052,1.8958181142807007,1.5714173316955566,1.829465389251709,1.677836298942566,1.9724595546722412,2.1274447441101074,1.3676879405975342,1.070351243019104,1.10791015625,0.7747673392295837,0.9668912887573242,0.9595487117767334,1.0527253150939941,1.4383381605148315,1.500938057899475,1.4930100440979004,1.7620741128921509,2.049994945526123,2.368950843811035,2.6515729427337646,2.972475290298462,1.9601023197174072,1.7456111907958984,1.552162766456604,1.7824114561080933,1.5815924406051636,1.8433102369308472,2.088503122329712,2.046203374862671,2.3652992248535156,2.235323429107666,2.0453028678894043,2.36479115486145,2.3696112632751465,2.649122953414917,2.9172861576080322
B2,2.1287808418273926,1.8755831718444824,1.6183639764785767,1.6095906496047974,1.2374531030654907,1.4157105684280396,1.3378010988235474,1.1915944814682007,1.567987322807312,1.692309856414795,1.5154720544815063,1.858646035194397,1.8740513324737549,2.2505807876586914,2.422638416290283,0.3849857747554779,0.0,0.37982964515686035,0.5736556053161621,0.8546379208564758,1.1119229793548584,1.4480026960372925,1.7052476406097412,1.919426441192627,1.7222659587860107,1.7828260660171509,2.0986931324005127,2.309495687484741,2.5641582012176514,2.9297547340393066,2.1061582565307617,1.8916157484054565,1.5683696269989014,1.6104762554168701,1.2702947854995728,1.3741177320480347,1.420344352722168,1.2065682411193848,1.5425910949707031,1.5280202627182007,1.2230980396270752,1.5152093172073364,1.4178152084350586,1.749140977859497,1.9342905282974243,1.1164298057556152,0.8285243511199951,0.7672352194786072,0.4070545732975006,0.6282682418823242,0.634646475315094,0.8398699164390564,1.2095998525619507,1.3149349689483643,1.2485929727554321,1.4746875762939453,1.7829985618591309,2.0823938846588135,2.3668861389160156,2.7032101154327393,1.8330825567245483,1.5593187808990479,1.398480772972107,1.5876692533493042,1.3508669137954712,1.6490751504898071,1.8569142818450928,1.8232275247573853,2.1708011627197266,2.087402582168579,1.918721079826355,2.270874500274658,2.303004264831543,2.6184163093566895,2.8807168006896973
B3,1.9347164630889893,1.674201250076294,1.389244794845581,1.3225088119506836,0.9325762987136841,1.0563749074935913,0.9620102643966675,0.8232554793357849,1.2060333490371704,1.3217803239822388,1.1764111518859863,1.536002278327942,1.6044764518737793,1.98512601852417,2.1887032985687256,0.574500322341919,0.37982964515686035,0.0,0.3836353123188019,0.5753368139266968,0.8551815748214722,1.2050296068191528,1.4053630828857422,1.6464828252792358,1.451481580734253,1.4561659097671509,1.7830840349197388,1.9648370742797852,2.2314953804016113,2.586766481399536,1.9017516374588013,1.6619797945022583,1.3803268671035767,1.450796365737915,1.1190484762191772,1.32371985912323,1.3952043056488037,1.265589714050293,1.6379700899124146,1.6373239755630493,1.3999096155166626,1.7421196699142456,1.7092618942260742,2.0584495067596436,2.263232946395874,1.080532193183899,0.7180929183959961,0.6962191462516785,0.4213224947452545,0.5158085227012634,0.7277226448059082,0.8996173739433289,1.2241266965866089,1.4257729053497314,1.4109411239624023,1.5636650323867798,1.9165130853652954,2.171276330947876,2.491842031478882,2.810455322265625,1.4578912258148193,1.2009838819503784,1.053741455078125,1.2906684875488281,1.119543194770813,1.4453777074813843,1.7026913166046143,1.7454304695129395,2.0715880393981934,1.9558640718460083,1.850753664970398,2.203136920928955,2.2945027351379395,2.596787929534912,2.8964405059814453
B4,1.7352477312088013,1.5364453792572021,1.210572361946106,1.224295735359192,0.8648782968521118,1.0065585374832153,1.0336307287216187,0.8879386782646179,1.2642120122909546,1.278010368347168,1.0658808946609497,1.4253400564193726,1.4531985521316528,1.8109687566757202,2.0463504791259766,0.8460357189178467,0.5736556053161621,0.3836353123188019,0.0,0.38698041439056396,0.5426875352859497,0.8982874751091003,1.160802960395813,1.349159836769104,1.1520665884017944,1.2384521961212158,1.5587278604507446,1.797826886177063,2.067972183227539,2.4253926277160645,1.9675277471542358,1.6701536178588867,1.4153292179107666,1.3927555084228516,1.019556999206543,1.201059341430664,1.1780086755752563,1.037667155265808,1.4227033853530884,1.4991878271102905,1.3044743537902832,1.6560674905776978,1.6583962440490723,2.036639451980591,2.215313673019409,0.7176694869995117,0.3569927513599396,0.3648885488510132,0.3240121901035309,0.5462360382080078,0.8348713517189026,1.1201106309890747,1.4005190134048462,1.6248284578323364,1.5373780727386475,1.6388869285583496,1.993783950805664,2.221247911453247,2.525068521499634,2.865689992904663,1.4539830684661865,1.1668380498886108,1.1409956216812134,1.3714934587478638,1.2213196754455566,1.5937331914901733,1.8165488243103027,1.8917452096939087,2.23506760597229,2.1607589721679688,2.0897722244262695,2.458928346633911,2.5717825889587402,2.8923823833465576,3.1852049827575684
B5,1.4036332368850708,1.1873083114624023,0.8551334738731384,0.83786541223526,0.4860847294330597,0.6750482320785522,0.8069929480552673,0.8030569553375244,1.157497763633728,1.1072113513946533,0.9867880940437317,1.3740164041519165,1.4894771575927734,1.8285661935806274,2.1197121143341064,1.1383986473083496,0.8546379208564758,0.5753368139266968,0.38698041439056396,0.0,0.38727399706840515,0.6561746597290039,0.8632044792175293,1.1294505596160889,1.0150951147079468,1.0449459552764893,1.413173794746399,1.6184659004211426,1.9361416101455688,2.257416009902954,1.6386502981185913,1.3168718814849854,1.1030317544937134,1.0793617963790894,0.733284592628479,1.0049717426300049,1.0386555194854736,1.0330426692962646,1.4128633737564087,1.4631482362747192,1.3552757501602173,1.7386466264724731,1.818604588508606,2.1956520080566406,2.4174697399139404,0.9082925915718079,0.6034525632858276,0.4789659082889557,0.55075603723526,0.4853823781013489,0.8688580989837646,1.1109591722488403,1.301595687866211,1.5975894927978516,1.5407215356826782,1.5559130907058716,1.9355164766311646,2.107034921646118,2.4362645149230957,2.7530739307403564,1.1591174602508545,0.8273127675056458,0.8438460826873779,1.0405551195144653,0.9287555813789368,1.3185575008392334,1.5392944812774658,1.6760082244873047,2.0004124641418457,1.9328193664550781,1.923017978668213,2.292006015777588,2.4553582668304443,2.7749991416931152,3.081882953643799
B6,1.3960577249526978,1.2768796682357788,0.8995217084884644,0.9424000382423401,0.6917821168899536,0.7571616172790527,0.9500535726547241,0.8831499218940735,1.175312876701355,1.0307925939559937,0.8297188878059387,1.1767772436141968,1.2466490268707275,1.548632025718689,1.8632701635360718,1.3719966411590576,1.1119229793548584,0.8551815748214722,0.5426875352859497,0.38727399706840515,0.0,0.38978859782218933,0.6431008577346802,0.8075636029243469,0.6505283713340759,0.7710107564926147,1.1086390018463135,1.3735129833221436,1.6745502948760986,2.0022590160369873,1.8904632329940796,1.5316429138183594,1.3812282085418701,1.2941573858261108,0.9604931473731995,1.1986627578735352,1.1231794357299805,1.1153780221939087,1.479981541633606,1.6157634258270264,1.544046401977539,1.9111922979354858,1.9966663122177124,2.386202096939087,2.5670342445373535,0.7160606980323792,0.5052251219749451,0.5430896878242493,0.7908057570457458,0.8446385264396667,1.2083828449249268,1.4865587949752808,1.6722348928451538,1.964833378791809,1.8747868537902832,1.873617172241211,2.243321418762207,2.396655321121216,2.707789421081543,3.0357789993286133,1.1909544467926025,0.9076061844825745,1.0644762516021729,1.2863242626190186,1.2473281621932983,1.63764226436615,1.848477840423584,2.0165059566497803,2.3334619998931885,2.274550676345825,2.2918360233306885,2.6584019660949707,2.835005283355713,3.1524977684020996,3.4627766609191895
B7,1.086080551147461,1.0520771741867065,0.6787168383598328,0.8142790794372559,0.7369999289512634,0.8201999664306641,1.1311464309692383,1.161820888519287,1.3936723470687866,1.164374589920044,1.0297808647155762,1.3320785760879517,1.428322434425354,1.664778470993042,2.021982192993164,1.7385855913162231,1.4480026960372925,1.2050296068191528,0.8982874751091003,0.6561746597290039,0.38978859782218933,0.0,0.38672491908073425,0.5327977538108826,0.5642269253730774,0.733228862285614,1.0600779056549072,1.3287646770477295,1.6574316024780273,1.9323046207427979,1.8198788166046143,1.43403959274292,1.3539410829544067,1.1934208869934082,0.9235405921936035,1.1420009136199951,1.0311990976333618,1.130350947380066,1.44124436378479,1.5994038581848145,1.6215543746948242,1.982370376586914,2.1315248012542725,2.516502618789673,2.707390546798706,0.9046252965927124,0.8302759528160095,0.7785482406616211,1.083829402923584,1.0642725229263306,1.4152336120605469,1.6928036212921143,1.805232286453247,2.121804714202881,2.0147387981414795,1.9407415390014648,2.301544189453125,2.3974692821502686,2.6992883682250977,3.0156242847442627,1.2170078754425049,0.9258888363838196,1.1743543148040771,1.315060019493103,1.3109221458435059,1.6854615211486816,1.8448948860168457,2.0508532524108887,2.351984739303589,2.331528663635254,2.3956501483917236,2.7594947814941406,2.9662821292877197,3.289797782897949,3.5943169593811035
B8,1.0761154890060425,1.0524429082870483,0.7116207480430603,0.7177198529243469,0.7522504925727844,0.6846603751182556,1.030454397201538,1.1298547983169556,1.2651225328445435,0.9712692499160767,0.9430764317512512,1.2013146877288818,1.3804347515106201,1.578325867652893,1.9643369913101196,1.9607752561569214,1.7052476406097412,1.4053630828857422,1.160802960395813,0.8632044792175293,0.6431008577346802,0.38672491908073425,0.0,0.3870801627635956,0.539752185344696,0.5200951099395752,0.8524801135063171,1.0448755025863647,1.405471920967102,1.6358439922332764,1.7494709491729736,1.3643391132354736,1.3775156736373901,1.2663459777832031,1.0884908437728882,1.370458722114563,1.325664758682251,1.482208013534546,1.7814083099365234,1.9095995426177979,1.9534571170806885,2.3238632678985596,2.485501766204834,2.8666892051696777,3.0749077796936035,1.2519806623458862,1.1372270584106445,1.1214416027069092,1.3755611181259155,1.294180989265442,1.6659870147705078,1.8859930038452148,1.9653171300888062,2.313250780105591,2.2548739910125732,2.1542160511016846,2.525634527206421,2.5911192893981934,2.913456916809082,3.199777841567993,0.9530795812606812,0.7366892099380493,1.0760447978973389,1.2162498235702515,1.323222279548645,1.6621571779251099,1.8451942205429077,2.1110408306121826,2.365200996398926,2.316998243331909,2.4370076656341553,2.7770702838897705,3.0227365493774414,3.3213162422180176,3.6469802856445312
B9,1.2624564170837402,1.3354408740997314,1.0132367610931396,1.0907410383224487,1.1214799880981445,1.0422996282577515,1.3483270406723022,1.371544361114502,1.4738547801971436,1.1505597829818726,1.044167399406433,1.2083227634429932,1.3089282512664795,1.430924415588379,1.8237181901931763,2.1678905487060547,1.919426441192627,1.6464828252792358,1.349159836769104,1.1294505596160889,0.8075636029243469,0.5327977538108826,0.3870801627635956,0.0,0.3646452724933624,0.5280936360359192,0.7004948258399963,0.977374255657196,1.283217430114746,1.5063765048980713,2.1147046089172363,1.7259372472763062,1.7422139644622803,1.5909534692764282,1.3964500427246094,1.6217881441116333,1.494705080986023,1.6172456741333008,1.8891284465789795,2.0792837142944336,2.132690906524658,2.480074644088745,2.63444447517395,3.0197718143463135,3.1892342567443848,1.2363909482955933,1.2223596572875977,1.2746236324310303,1.5823746919631958,1.5764893293380737,1.9399356842041016,2.1994805335998535,2.3004698753356934,2.633056402206421,2.5408737659454346,2.44853138923645,2.808044910430908,2.8749923706054688,3.174776792526245,3.4765236377716064,1.252105951309204,1.0990771055221558,1.4446991682052612,1.6026451587677002,1.7023285627365112,2.0466928482055664,2.2177822589874268,2.4749646186828613,2.7377824783325195,2.7007105350494385,2.8143858909606934,3.1592016220092773,3.3980886936187744,3.701824188232422,4.023897647857666
B10,1.5371589660644531,1.5479419231414795,1.184938907623291,1.2218961715698242,1.1318439245224,1.0180466175079346,1.2406426668167114,1.163865566253662,1.2770395278930664,0.988705575466156,0.7781111001968384,0.9381043910980225,0.9816551208496094,1.1444350481033325,1.519621729850769,1.9309338331222534,1.7222659587860107,1.451481580734253,1.1520665884017944,1.0150951147079468,0.6505283713340759,0.5642269253730774,0.539752185344696,0.3646452724933624,0.0,0.388685941696167,0.5593292117118835,0.9054036140441895,1.1698411703109741,1.4732028245925903,2.256284713745117,1.8749196529388428,1.8364737033843994,1.7236883640289307,1.4665340185165405,1.7028992176055908,1.5715442895889282,1.6134427785873413,1.9245643615722656,2.1224422454833984,2.1102077960968018,2.458054780960083,2.561168909072876,2.9527511596679688,3.099548101425171,1.028594732284546,0.9894419312477112,1.1401185989379883,1.4262750148773193,1.4887465238571167,1.8566005229949951,2.124997854232788,2.2846107482910156,2.5975852012634277,2.509140968322754,2.4727671146392822,2.839468002319336,2.9529592990875244,3.2571728229522705,3.5762081146240234,1.2472007274627686,1.1128581762313843,1.416809320449829,1.6499820947647095,1.731120228767395,2.096200704574585,2.3097991943359375,2.5410566329956055,2.821667194366455,2.754237413406372,2.831660032272339,3.1814725399017334,3.3964388370513916,3.69631290435791,4.024653911590576
B11,1.592519760131836,1.5518659353256226,1.2052974700927734,1.1222069263458252,1.0448240041732788,0.808642566204071,0.9947576522827148,0.9616996645927429,0.9847647547721863,0.6500512361526489,0.558722734451294,0.7092165946960449,0.9011793732643127,1.0775377750396729,1.466930866241455,1.9539788961410522,1.7828260660171509,1.4561659097671509,1.2384521961212158,1.0449459552764893,0.7710107564926147,0.733228862285614,0.5200951099395752,0.5280936360359192,0.388685941696167,0.0,0.3913576900959015,0.6108075976371765,0.9389522075653076,1.236895203590393,2.120051145553589,1.7587074041366577,1.7614281177520752,1.7180206775665283,1.5056812763214111,1.8075350522994995,1.7539985179901123,1.8315184116363525,2.163501739501953,2.311906099319458,2.2919375896453857,2.6617424488067627,2.7651424407958984,3.15484881401062,3.3310208320617676,1.3142757415771484,1.1731172800064087,1.3124696016311646,1.5287575721740723,1.526384711265564,1.913007378578186,2.1214065551757812,2.266599655151367,2.6014902591705322,2.567887783050537,2.5270369052886963,2.9092934131622314,3.015491485595703,3.3470780849456787,3.6414458751678467,0.9116551876068115,0.8718729615211487,1.198493480682373,1.458324670791626,1.61455500125885,1.948691487312317,2.20023512840271,2.4651849269866943,2.709177255630493,2.6020240783691406,2.7102437019348145,3.036907434463501,3.275064468383789,3.548027992248535,3.896575927734375
B12,1.8896414041519165,1.8955185413360596,1.561517596244812,1.4907242059707642,1.4352995157241821,1.1782184839248657,1.3178011178970337,1.2382018566131592,1.1732267141342163,0.840086042881012,0.7341257929801941,0.6605697274208069,0.7896589040756226,0.8222249746322632,1.228326439857483,2.238774538040161,2.0986931324005127,1.7830840349197388,1.5587278604507446,1.413173794746399,1.1086390018463135,1.0600779056549072,0.8524801135063171,0.7004948258399963,0.5593292117118835,0.3913576900959015,0.0,0.3840518593788147,0.6125239133834839,0.9237123727798462,2.477757453918457,2.1196978092193604,2.144695281982422,2.0945584774017334,1.8877302408218384,2.17543625831604,2.0910887718200684,2.1541614532470703,2.473647117614746,2.6519243717193604,2.633295774459839,2.992217540740967,3.084601640701294,3.47655987739563,3.627244472503662,1.528095006942749,1.4405502080917358,1.6336743831634521,1.862657904624939,1.8978040218353271,2.2812938690185547,2.497365713119507,2.65454363822937,2.985140800476074,2.9465551376342773,2.912187337875366,3.2923502922058105,3.398345947265625,3.724273443222046,4.022136211395264,1.1769675016403198,1.2240692377090454,1.5518302917480469,1.8195419311523438,1.9982730150222778,2.322066307067871,2.577937364578247,2.8517444133758545,3.0866215229034424,2.9706881046295166,3.087716817855835,3.406611919403076,3.648883581161499,3.911876916885376,4.26710844039917
B13,2.034797430038452,2.0190229415893555,1.71815025806427,1.5744762420654297,1.553017497062683,1.2312051057815552,1.3239638805389404,1.294179916381836,1.120314598083496,0.7861601710319519,0.8422633409500122,0.6894016861915588,0.9363219141960144,0.9265027642250061,1.3026400804519653,2.4218785762786865,2.309495687484741,1.9648370742797852,1.797826886177063,1.6184659004211426,1.3735129833221436,1.3287646770477295,1.0448755025863647,0.977374255657196,0.9054036140441895,0.6108075976371765,0.3840518593788147,0.0,0.3858911395072937,0.6390516757965088,2.4820327758789062,2.1527435779571533,2.223602056503296,2.221118688583374,2.061190605163574,2.383507013320923,2.347745895385742,2.441143035888672,2.7674520015716553,2.91471529006958,2.8998875617980957,3.271723747253418,3.370051383972168,3.7596840858459473,3.9316208362579346,1.8705922365188599,1.73601233959198,1.911916971206665,2.1012144088745117,2.0893702507019043,2.477041006088257,2.6459946632385254,2.7827014923095703,3.1275110244750977,3.129804849624634,3.0852243900299072,3.47220778465271,3.564629316329956,3.907956838607788,4.1823344230651855,1.0683151483535767,1.2336777448654175,1.5560892820358276,1.8188432455062866,2.0598058700561523,2.3404648303985596,2.6151540279388428,2.9170587062835693,3.1117489337921143,2.9664297103881836,3.116248369216919,3.407047748565674,3.67138934135437,3.9057366847991943,4.275777816772461
