,A1,A2,A3,A4,A5,A6,A7,A8,A9,A10,A11,A12,A13,A14,A15,B1,B2,B3,B4,B5,B6,B7,B8,B9,B10,B11,B12,B13,B14,B15,C1,C2,C3,C4,C5,C6,C7,C8,C9,C10,C11,C12,C13,C14,C15,D1,D2,D3,D4,D5,D6,D7,D8,D9,D10,D11,D12,D13,D14,D15,E1,E2,E3,E4,E5,E6,E7,E8,E9,E10,E11,E12,E13,E14,E15
A1,0.0,0.39756491780281067,0.5957235097885132,0.869516909122467,1.1929283142089844,1.340219497680664,1.2349309921264648,1.434174656867981,1.729177713394165,2.014378309249878,2.2000575065612793,2.5633389949798584,2.7364892959594727,2.923180103302002,3.2671194076538086,3.0395030975341797,2.7355597019195557,2.4295413494110107,2.279799699783325,1.9472095966339111,1.857959270477295,1.921573519706726,1.664625644683838,1.4881162643432617,1.1860626935958862,1.2854671478271484,1.021304726600647,1.0926488637924194,1.376723051071167,1.3791972398757935,2.9315011501312256,2.5730082988739014,2.5657925605773926,2.306360960006714,2.034024477005005,2.325671672821045,2.541527032852173,2.3142101764678955,2.6294078826904297,2.507484197616577,2.873474597930908,2.9036293029785156,3.020642042160034,3.3934781551361084,3.5727458000183105,1.6375281810760498,1.351401925086975,1.5663063526153564,1.7782373428344727,1.7068859338760376,2.014652729034424,1.8174504041671753,1.6201069355010986,1.820125937461853,1.813683032989502,1.9037065505981445,2.186631202697754,2.097029209136963,2.3069419860839844,2.4250967502593994,2.493583917617798,2.328536033630371,1.9781330823898315,1.710875153541565,1.538727879524231,1.2146185636520386,1.4045413732528687,1.4261837005615234,1.2968262434005737,1.3419761657714844,1.5542529821395874,1.5424706935882568,1.9065251350402832,2.097313165664673,2.248939037322998
A2,0.39756491780281067,0.0,0.3853454291820526,0.6562075614929199,0.8922713398933411,1.1242754459381104,1.0292315483093262,1.1424729824066162,1.4761253595352173,1.7187995910644531,1.9338202476501465,2.286632776260376,2.441253423690796,2.659773588180542,2.9899041652679443,2.6951041221618652,2.388382911682129,2.0845301151275635,1.9076485633850098,1.5679608583450317,1.4922235012054443,1.5881528854370117,1.3308777809143066,1.2145705223083496,0.9481297135353088,1.155698299407959,1.0000355243682861,1.1424421072006226,1.4685769081115723,1.5688014030456543,2.691775321960449,2.32940411567688,2.275562286376953,2.0016674995422363,1.701176404953003,1.9703037738800049,2.1926779747009277,1.9598090648651123,2.2600417137145996,2.1339690685272217,2.499314069747925,2.524433135986328,2.6594393253326416,3.026526927947998,3.2096962928771973,1.346355676651001,1.016160488128662,1.1975799798965454,1.3866908550262451,1.3107025623321533,1.6203688383102417,1.435575008392334,1.2467602491378784,1.4845906496047974,1.5169029235839844,1.6579927206039429,1.9644838571548462,1.9386143684387207,2.172532081604004,2.3367414474487305,2.322108268737793,2.1068379878997803,1.7674270868301392,1.5101425647735596,1.273018717765808,1.0016239881515503,1.1749576330184937,1.1124720573425293,0.9952104091644287,0.9911964535713196,1.2504050731658936,1.2590436935424805,1.6050958633422852,1.841212272644043,2.0225696563720703
A3,0.5957235097885132,0.3853454291820526,0.0,0.3983380198478699,0.6586873531341553,0.7950428128242493,0.6595885753631592,0.8403686881065369,1.1463156938552856,1.4315202236175537,1.6439921855926514,1.9945625066757202,2.189138174057007,2.3945424556732178,2.7266058921813965,2.488536834716797,2.1704647541046143,1.8834753036499023,1.7699885368347168,1.4357960224151611,1.3950036764144897,1.409505009651184,1.111635684967041,0.9659419655799866,0.6353960037231445,0.820531964302063,0.7103121876716614,0.8246455192565918,1.1763769388198853,1.3449091911315918,2.4722793102264404,2.092597007751465,2.0616421699523926,1.840311050415039,1.5436556339263916,1.8557113409042358,2.02531099319458,1.7692456245422363,2.0861454010009766,1.9651159048080444,2.3332574367523193,2.3982818126678467,2.5078799724578857,2.8825299739837646,3.093143939971924,1.5700873136520386,1.2069118022918701,1.3515523672103882,1.436134696006775,1.2705609798431396,1.6106891632080078,1.4971143007278442,1.2442890405654907,1.4994310140609741,1.4659910202026367,1.6599016189575195,1.9209588766098022,1.8882131576538086,2.1717913150787354,2.3042876720428467,2.1002016067504883,1.8847591876983643,1.5738422870635986,1.2594364881515503,1.0237174034118652,0.7853244543075562,1.0586168766021729,1.0251644849777222,1.0519462823867798,1.113755702972412,1.4397286176681519,1.5207228660583496,1.8462884426116943,2.1115920543670654,2.3265228271484375
A4,0.869516909122467,0.6562075614929199,0.3983380198478699,0.0,0.3835943937301636,0.5047212243080139,0.5708918571472168,0.7518870830535889,1.0911755561828613,1.3697543144226074,1.648285150527954,1.9574062824249268,2.1901113986968994,2.426351547241211,2.732264518737793,2.436836004257202,2.0829851627349854,1.8506584167480469,1.7422446012496948,1.3823463916778564,1.4513334035873413,1.4621729850769043,1.111085295677185,1.0780109167099,0.7485702633857727,0.9676046967506409,0.955537736415863,0.9546031355857849,1.3316220045089722,1.532540202140808,2.092216968536377,1.719817042350769,1.7150778770446777,1.4968266487121582,1.2417923212051392,1.5847594738006592,1.7499725818634033,1.5366116762161255,1.8935624361038208,1.8403183221817017,2.222494602203369,2.344513416290283,2.4886395931243896,2.849412679672241,3.0990002155303955,1.765236735343933,1.3795205354690552,1.418595552444458,1.4547698497772217,1.2072502374649048,1.4979182481765747,1.3915287256240845,1.0712621212005615,1.2594343423843384,1.1483808755874634,1.3430027961730957,1.5660934448242188,1.5269228219985962,1.8346595764160156,1.9577127695083618,1.70579993724823,1.4970147609710693,1.1781514883041382,0.8726310729980469,0.6742581129074097,0.3882029056549072,0.6875446438789368,0.7241848707199097,0.8392820954322815,1.0159024000167847,1.3479620218276978,1.5265947580337524,1.8453221321105957,2.098243236541748,2.3655121326446533
A5,1.1929283142089844,0.8922713398933411,0.6586873531341553,0.3835943937301636,0.0,0.3933146297931671,0.5359360575675964,0.5140026807785034,0.8903152942657471,1.0953209400177002,1.4217158555984497,1.6966705322265625,1.918769359588623,2.190556764602661,2.470985174179077,2.1032798290252686,1.7378360033035278,1.5301750898361206,1.4128352403640747,1.0482935905456543,1.187827467918396,1.2059727907180786,0.8431611657142639,0.9374408721923828,0.7075992822647095,1.0139294862747192,1.1336126327514648,1.1866894960403442,1.5447072982788086,1.8046568632125854,1.8568254709243774,1.477466344833374,1.4098855257034302,1.1915162801742554,0.8948745131492615,1.2320091724395752,1.382584810256958,1.1555715799331665,1.5103330612182617,1.4689053297042847,1.8535127639770508,1.9936127662658691,2.156625509262085,2.506659507751465,2.772216558456421,1.7013463973999023,1.310555338859558,1.2702547311782837,1.2140321731567383,0.9051993489265442,1.1817597150802612,1.1400867700576782,0.8018911480903625,1.0272636413574219,0.9331799745559692,1.2193095684051514,1.4375545978546143,1.485076665878296,1.8179291486740112,1.9795465469360352,1.577732801437378,1.2988814115524292,1.0250771045684814,0.7403349876403809,0.40599143505096436,0.3813430070877075,0.6134068369865417,0.4981328845024109,0.756470263004303,0.8955966234207153,1.2628874778747559,1.481428861618042,1.7433234453201294,2.029803514480591,2.321577310562134
A6,1.340219497680664,1.1242754459381104,0.7950428128242493,0.5047212243080139,0.3933146297931671,0.0,0.36629024147987366,0.5190992951393127,0.7595708966255188,1.0401495695114136,1.3400721549987793,1.5974293947219849,1.8809423446655273,2.116089344024658,2.3967626094818115,2.135587453842163,1.7675330638885498,1.596386432647705,1.5753180980682373,1.254629135131836,1.4052565097808838,1.3228349685668945,0.9536288380622864,0.9840362668037415,0.7183451652526855,0.8966099619865417,1.0493762493133545,1.0050474405288696,1.3385465145111084,1.6272246837615967,1.7544279098510742,1.3607264757156372,1.3717893362045288,1.2555006742477417,1.0280520915985107,1.4035899639129639,1.4698354005813599,1.2411996126174927,1.6075128316879272,1.5857831239700317,1.9540868997573853,2.1393134593963623,2.261054039001465,2.6110963821411133,2.8988115787506104,2.0535972118377686,1.6637331247329712,1.6483319997787476,1.5592283010482788,1.2268022298812866,1.4986480474472046,1.503968358039856,1.1561013460159302,1.3376449346542358,1.1597075462341309,1.4296480417251587,1.5660076141357422,1.5598137378692627,1.918932318687439,2.014193296432495,1.4265044927597046,1.19036865234375,0.9672903418540955,0.5876926183700562,0.38521072268486023,0.43013131618499756,0.758630633354187,0.7917325496673584,1.0949084758758545,1.2817970514297485,1.6385828256607056,1.868105173110962,2.1351447105407715,2.4153635501861572,2.710419178009033
A7,1.2349309921264648,1.0292315483093262,0.6595885753631592,0.5708918571472168,0.5359360575675964,0.36629024147987366,0.0,0.37814566493034363,0.5673831105232239,0.9094666242599487,1.1380882263183594,1.4514092206954956,1.7159582376480103,1.9154939651489258,2.228708267211914,2.054170846939087,1.7203181982040405,1.4922406673431396,1.498871088027954,1.2101764678955078,1.264702558517456,1.1367273330688477,0.7946737408638,0.6927676796913147,0.38696014881134033,0.5343681573867798,0.7276642918586731,0.7693619132041931,1.0816514492034912,1.397330641746521,2.081343412399292,1.6825982332229614,1.6627193689346313,1.5557315349578857,1.2780191898345947,1.6232774257659912,1.6787437200546265,1.3898115158081055,1.7085204124450684,1.606066346168518,1.9589236974716187,2.097595691680908,2.1698081493377686,2.5391955375671387,2.798062562942505,1.9329156875610352,1.5558546781539917,1.6128844022750854,1.5257563591003418,1.2379605770111084,1.5729138851165771,1.5962673425674438,1.2927623987197876,1.5528048276901245,1.4425498247146606,1.726699709892273,1.9010661840438843,1.9017202854156494,2.25069260597229,2.353126049041748,1.7800394296646118,1.5395417213439941,1.3318769931793213,0.9525869488716125,0.7100698351860046,0.7169644236564636,1.0622562170028687,1.0278279781341553,1.276355266571045,1.3822566270828247,1.7593181133270264,1.9252269268035889,2.1922709941864014,2.496737003326416,2.756829261779785
A8,1.434174656867981,1.1424729824066162,0.8403686881065369,0.7518870830535889,0.5140026807785034,0.5190992951393127,0.37814566493034363,0.0,0.39665284752845764,0.6199275851249695,0.9141532778739929,1.2132606506347656,1.4405949115753174,1.6893165111541748,1.9844110012054443,1.714715838432312,1.3752996921539307,1.1389601230621338,1.1243830919265747,0.8389862179756165,0.9283218383789062,0.8078606128692627,0.4442434012889862,0.5098869204521179,0.4147152304649353,0.7101536393165588,0.9832428693771362,1.1154417991638184,1.4010967016220093,1.7304561138153076,2.0043673515319824,1.6094106435775757,1.5057405233383179,1.3899803161621094,1.063739538192749,1.3620375394821167,1.4064128398895264,1.0824311971664429,1.3679970502853394,1.237536907196045,1.591828465461731,1.7218726873397827,1.8085988759994507,2.1758339405059814,2.437344551086426,1.7617018222808838,1.3945516347885132,1.3997679948806763,1.2378919124603271,0.9303846955299377,1.2639104127883911,1.3493914604187012,1.080838918685913,1.3849209547042847,1.3331021070480347,1.6713249683380127,1.8623594045639038,1.9389909505844116,2.2894442081451416,2.438707113265991,1.81846284866333,1.5142474174499512,1.344010829925537,1.0169676542282104,0.6780822277069092,0.8308436274528503,1.0966169834136963,0.9414132833480835,1.220618724822998,1.2563273906707764,1.6428943872451782,1.8097032308578491,2.0236778259277344,2.355226755142212,2.619816780090332
A9,1.729177713394165,1.4761253595352173,1.1463156938552856,1.0911755561828613,0.8903152942657471,0.7595708966255188,0.5673831105232239,0.39665284752845764,0.0,0.37760764360427856,0.5864571332931519,0.8840961456298828,1.16011643409729,1.3652364015579224,1.6660045385360718,1.5358110666275024,1.2277491092681885,1.0184638500213623,1.143907904624939,0.9751376509666443,1.041366457939148,0.7840877771377563,0.5351127982139587,0.5215440988540649,0.5752934813499451,0.6818918585777283,1.0447402000427246,1.1680468320846558,1.3663967847824097,1.7362545728683472,2.0872631072998047,1.697525143623352,1.6048855781555176,1.583147406578064,1.2912862300872803,1.5671056509017944,1.5224350690841675,1.176749348640442,1.4018222093582153,1.243380069732666,1.542593240737915,1.689880132675171,1.701701045036316,2.065598249435425,2.3337905406951904,2.0375125408172607,1.6961138248443604,1.718177318572998,1.5072582960128784,1.212148666381836,1.527906894683838,1.675835371017456,1.4305793046951294,1.729493498802185,1.661275029182434,2.0111172199249268,2.1631722450256348,2.2381088733673096,2.6026105880737305,2.726297616958618,1.9499431848526,1.657452940940857,1.562623381614685,1.225131630897522,0.9510267376899719,1.1535484790802002,1.434096097946167,1.3051013946533203,1.6099724769592285,1.641772747039795,2.027310609817505,2.18686842918396,2.380648374557495,2.7238476276397705,2.9809906482696533
A10,2.014378309249878,1.7187995910644531,1.4315202236175537,1.3697543144226074,1.0953209400177002,1.0401495695114136,0.9094666242599487,0.6199275851249695,0.37760764360427856,0.0,0.38381707668304443,0.6049931645393372,0.8429183959960938,1.112011432647705,1.3786193132400513,1.16008722782135,0.852851927280426,0.6577306985855103,0.8476852178573608,0.7807111144065857,0.8845734000205994,0.5927829146385193,0.482704758644104,0.6502581238746643,0.8583794832229614,1.011946678161621,1.3793184757232666,1.538042664527893,1.7229901552200317,2.0946240425109863,2.0838141441345215,1.7175577878952026,1.5531846284866333,1.5552078485488892,1.2574591636657715,1.4534138441085815,1.362100601196289,0.9959448575973511,1.129010558128357,0.9274173974990845,1.1891413927078247,1.3389592170715332,1.3369765281677246,1.6941936016082764,1.9735347032546997,2.0386106967926025,1.7294713258743286,1.703609585762024,1.4192239046096802,1.1359004974365234,1.4035532474517822,1.6250767707824707,1.4360356330871582,1.742810845375061,1.7189663648605347,2.0966947078704834,2.245436906814575,2.3778493404388428,2.738565683364868,2.891752004623413,2.0656821727752686,1.7357028722763062,1.6926852464675903,1.4135786294937134,1.1187095642089844,1.3917601108551025,1.6115373373031616,1.4187930822372437,1.7318263053894043,1.7136454582214355,2.0851783752441406,2.242039442062378,2.3787808418273926,2.737097978591919,2.993288993835449
A11,2.2000575065612793,1.9338202476501465,1.6439921855926514,1.648285150527954,1.4217158555984497,1.3400721549987793,1.1380882263183594,0.9141532778739929,0.5864571332931519,0.38381707668304443,0.0,0.3822019398212433,0.6020432114601135,0.7819650173187256,1.0949926376342773,1.108066201210022,0.915232241153717,0.7124382257461548,1.0036730766296387,1.0467194318771362,1.038859248161316,0.6793454885482788,0.7326772212982178,0.7443278431892395,1.0173157453536987,1.0606318712234497,1.4356460571289062,1.622459053993225,1.7298990488052368,2.1051578521728516,2.409194231033325,2.0509722232818604,1.8982785940170288,1.9292861223220825,1.6387169361114502,1.816314458847046,1.7027815580368042,1.3397743701934814,1.4027044773101807,1.1538282632827759,1.3257060050964355,1.4226715564727783,1.3147047758102417,1.6660493612289429,1.908888816833496,2.194112539291382,1.9194833040237427,1.9431471824645996,1.660956859588623,1.4340846538543701,1.7122291326522827,1.9434577226638794,1.7839491367340088,2.1097633838653564,2.098798990249634,2.474806070327759,2.6269636154174805,2.7492730617523193,3.1121504306793213,3.2553484439849854,2.3972010612487793,2.0837817192077637,2.05328369140625,1.7550987005233765,1.475804090499878,1.7191256284713745,1.9677735567092896,1.7825018167495728,2.076801300048828,2.0352680683135986,2.4081356525421143,2.529282569885254,2.6594631671905518,3.027273416519165,3.257481336593628
A12,2.5633389949798584,2.286632776260376,1.9945625066757202,1.9574062824249268,1.6966705322265625,1.5974293947219849,1.4514092206954956,1.2132606506347656,0.8840961456298828,0.6049931645393372,0.3822019398212433,0.0,0.3826136887073517,0.5776119232177734,0.8027526140213013,0.8761204481124878,0.7421523928642273,0.7008675932884216,1.079842209815979,1.2115309238433838,1.2651112079620361,0.9305995106697083,1.0249038934707642,1.114434003829956,1.3793418407440186,1.4217698574066162,1.8007732629776,1.9580594301223755,2.0515482425689697,2.4333667755126953,2.3842029571533203,2.0611400604248047,1.8921104669570923,1.9872089624404907,1.7410390377044678,1.8704129457473755,1.6890387535095215,1.3575729131698608,1.3399927616119385,1.1192814111709595,1.1952879428863525,1.333661675453186,1.1807340383529663,1.4821898937225342,1.7521296739578247,2.4787590503692627,2.2185521125793457,2.1996705532073975,1.8763025999069214,1.6419347524642944,1.8580044507980347,2.1336097717285156,1.9892573356628418,2.2856009006500244,2.266179084777832,2.6499571800231934,2.7667431831359863,2.9130094051361084,3.2784461975097656,3.418839454650879,2.4637351036071777,2.15010666847229,2.185143232345581,1.9266154766082764,1.6798239946365356,1.973915934562683,2.192023515701294,2.0054686069488525,2.326425075531006,2.2906992435455322,2.651691198348999,2.793921709060669,2.8928892612457275,3.260988473892212,3.5023586750030518
A13,2.7364892959594727,2.441253423690796,2.189138174057007,2.1901113986968994,1.918769359588623,1.8809423446655273,1.7159582376480103,1.4405949115753174,1.16011643409729,0.8429183959960938,0.6020432114601135,0.3826136887073517,0.0,0.37731602787971497,0.5727977156639099,0.6407197713851929,0.6724714040756226,0.615011990070343,1.001166582107544,1.2392675876617432,1.2300388813018799,0.9282222986221313,1.1474567651748657,1.250901699066162,1.5761003494262695,1.6461130380630493,2.0116848945617676,2.219670295715332,2.308636426925659,2.6796250343322754,2.6531293392181396,2.343034029006958,2.1291351318359375,2.1971192359924316,1.929924488067627,2.000128984451294,1.8313145637512207,1.5027707815170288,1.3972349166870117,1.1147496700286865,1.0976696014404297,1.1402004957199097,0.9032211303710938,1.1937729120254517,1.419814109802246,2.429023027420044,2.21968936920166,2.2013511657714844,1.859758734703064,1.6915956735610962,1.8831934928894043,2.1818645000457764,2.100714921951294,2.4169921875,2.451911687850952,2.8420557975769043,2.9844138622283936,3.1608500480651855,3.515296459197998,3.6841928958892822,2.7743256092071533,2.4396777153015137,2.4660379886627197,2.2242515087127686,1.943122148513794,2.2314231395721436,2.4304840564727783,2.1999049186706543,2.4892866611480713,2.398560047149658,2.7417643070220947,2.847780227661133,2.905331611633301,3.2812817096710205,3.4965121746063232
A14,2.923180103302002,2.659773588180542,2.3945424556732178,2.426351547241211,2.190556764602661,2.116089344024658,1.9154939651489258,1.6893165111541748,1.3652364015579224,1.112011432647705,0.7819650173187256,0.5776119232177734,0.37731602787971497,0.0,0.37132972478866577,0.9289456605911255,1.0346379280090332,0.9843422174453735,1.3575842380523682,1.5869863033294678,1.5314857959747314,1.2099982500076294,1.4291644096374512,1.4458554983139038,1.7634531259536743,1.7577050924301147,2.111271619796753,2.3154327869415283,2.343964099884033,2.707023859024048,2.940373182296753,2.629739999771118,2.4454398155212402,2.5346789360046387,2.273710250854492,2.3649096488952637,2.188143730163574,1.8609113693237305,1.765541672706604,1.4916210174560547,1.4537173509597778,1.4736597537994385,1.1855806112289429,1.4261261224746704,1.5961002111434937,2.6812281608581543,2.484222173690796,2.5058999061584473,2.1839208602905273,2.029726266860962,2.2439448833465576,2.5309295654296875,2.4415524005889893,2.766453504562378,2.7889468669891357,3.1763129234313965,3.3154354095458984,3.470900297164917,3.832167625427246,3.983245849609375,3.0404322147369385,2.7263762950897217,2.7565510272979736,2.4900104999542236,2.2253541946411133,2.4938573837280273,2.7233974933624268,2.5139617919921875,2.8024916648864746,2.7173733711242676,3.0694186687469482,3.160640001296997,3.231086492538452,3.609421730041504,3.811008930206299
A15,3.2671194076538086,2.9899041652679443,2.7266058921813965,2.732264518737793,2.470985174179077,2.3967626094818115,2.228708267211914,1.9844110012054443,1.6660045385360718,1.3786193132400513,1.0949926376342773,0.8027526140213013,0.5727977156639099,0.37132972478866577,0.0,0.8723066449165344,1.082658290863037,1.146666169166565,1.5234363079071045,1.797805666923523,1.7803958654403687,1.4883896112442017,1.7159355878829956,1.7821033000946045,2.099729537963867,2.110429525375366,2.470700979232788,2.6623647212982178,2.6940267086029053,3.0612411499023438,3.025836944580078,2.7493319511413574,2.54941987991333,2.673051118850708,2.4428327083587646,2.4912121295928955,2.2776410579681396,1.986051082611084,1.828782081604004,1.5849535465240479,1.4597630500793457,1.4870821237564087,1.1664273738861084,1.3126354217529297,1.4778549671173096,2.9469335079193115,2.764113664627075,2.7528553009033203,2.405712127685547,2.2538630962371826,2.4201414585113525,2.733846664428711,2.6626181602478027,2.9662857055664062,2.990835189819336,3.3809990882873535,3.4989144802093506,3.6759064197540283,4.034759998321533,4.18911600112915,3.1969070434570312,2.8825652599334717,2.9529452323913574,2.7181971073150635,2.46877121925354,2.766964912414551,2.97210431098938,2.7560274600982666,3.0565037727355957,2.969536066055298,3.3089656829833984,3.411641836166382,3.453803062438965,3.8302810192108154,4.036706447601318
B1,3.0395030975341797,2.6951041221618652,2.488536834716797,2.436836004257202,2.1032798290252686,2.135587453842163,2.054170846939087,1.714715838432312,1.5358110666275024,1.16008722782135,1.108066201210022,0.8761204481124878,0.6407197713851929,0.9289456605911255,0.8723066449165344,0.0,0.39681142568588257,0.6108803749084473,0.8820693492889404,1.2168089151382446,1.3053290843963623,1.1499872207641602,1.3783107995986938,1.624169945716858,1.9422149658203125,2.1088690757751465,2.4694156646728516,2.677220106124878,2.8257203102111816,3.1968727111816406,2.5567405223846436,2.306260585784912,2.0164666175842285,2.082578182220459,1.8528900146484375,1.7960118055343628,1.601029634475708,1.3499854803085327,1.0853149890899658,0.8356179594993591,0.6102828979492188,0.6483880281448364,0.4209405183792114,0.6224724650382996,0.9447991847991943,2.473433494567871,2.3008179664611816,2.1860828399658203,1.7959825992584229,1.656666874885559,1.7145034074783325,2.0639076232910156,2.054926633834839,2.322296142578125,2.4016621112823486,2.7883212566375732,2.915553569793701,3.1577930450439453,3.4869186878204346,3.6940503120422363,2.8103156089782715,2.4485368728637695,2.51517391204834,2.3631765842437744,2.0818541049957275,2.41363525390625,2.525779962539673,2.2510671615600586,2.5292110443115234,2.4083070755004883,2.6996538639068604,2.820784330368042,2.8014156818389893,3.164578676223755,3.387890577316284
B2,2.7355597019195557,2.388382911682129,2.1704647541046143,2.0829851627349854,1.7378360033035278,1.7675330638885498,1.7203181982040405,1.3752996921539307,1.2277491092681885,0.852851927280426,0.915232241153717,0.7421523928642273,0.6724714040756226,1.0346379280090332,1.082658290863037,0.39681142568588257,0.0,0.38391584157943726,0.6584147214889526,0.9149366021156311,1.0888028144836426,0.9335662126541138,1.078386664390564,1.371073603630066,1.6501020193099976,1.8454595804214478,2.2053279876708984,2.3879611492156982,2.5690457820892334,2.94081974029541,2.2034597396850586,1.9335788488388062,1.6473166942596436,1.7023510932922363,1.4669042825698853,1.4412580728530884,1.24885892868042,0.970173180103302,0.7600252628326416,0.5125535726547241,0.4559693932533264,0.657232940196991,0.6350101828575134,0.9116394519805908,1.2548813819885254,2.2951414585113525,2.075247287750244,1.942617654800415,1.5556575059890747,1.3532931804656982,1.4241507053375244,1.7656710147857666,1.7131479978561401,1.9702494144439697,2.023982524871826,2.412156105041504,2.533114194869995,2.7664828300476074,3.100200891494751,3.301234483718872,2.4269258975982666,2.0613033771514893,2.118945598602295,1.9700441360473633,1.692854642868042,2.034130096435547,2.138669013977051,1.874558448791504,2.171224355697632,2.0815064907073975,2.384539842605591,2.537891387939453,2.5484836101531982,2.9078495502471924,3.1577911376953125
B3,2.4295413494110107,2.0845301151275635,1.8834753036499023,1.8506584167480469,1.5301750898361206,1.596386432647705,1.4922406673431396,1.1389601230621338,1.0184638500213623,0.6577306985855103,0.7124382257461548,0.7008675932884216,0.615011990070343,0.9843422174453735,1.146666169166565,0.6108803749084473,0.38391584157943726,0.0,0.4009067416191101,0.6636075377464294,0.7417476177215576,0.5608698725700378,0.7719935178756714,1.0431029796600342,1.3555244207382202,1.5645231008529663,1.909237027168274,2.1316401958465576,2.3144688606262207,2.673877477645874,2.340965986251831,2.028318166732788,1.7576853036880493,1.7421947717666626,1.4401277303695679,1.4647258520126343,1.3566083908081055,1.0177720785140991,0.9083772897720337,0.5637682676315308,0.6703983545303345,0.7144473791122437,0.6851422190666199,1.0531708002090454,1.324198842048645,1.9684300422668457,1.749796748161316,1.6632086038589478,1.294305682182312,1.121621012687683,1.2753411531448364,1.5882505178451538,1.5415430068969727,1.855100154876709,1.9374356269836426,2.327254056930542,2.4972076416015625,2.7107295989990234,3.044271230697632,3.253506898880005,2.470543622970581,2.1005148887634277,2.089592933654785,1.8942909240722656,1.5704638957977295,1.8649893999099731,2.001082181930542,1.7191989421844482,1.982668399810791,1.8613231182098389,2.181018590927124,2.296416997909546,2.328061103820801,2.6997733116149902,2.9285571575164795
B4,2.279799699783325,1.9076485633850098,1.7699885368347168,1.7422446012496948,1.4128352403640747,1.5753180980682373,1.498871088027954,1.1243830919265747,1.143907904624939,0.8476852178573608,1.0036730766296387,1.079842209815979,1.001166582107544,1.3575842380523682,1.5234363079071045,0.8820693492889404,0.6584147214889526,0.4009067416191101,0.0,0.3849264979362488,0.488116979598999,0.5390586853027344,0.7262905240058899,1.057554841041565,1.3418623208999634,1.6265251636505127,1.9279428720474243,2.169942617416382,2.397942304611206,2.733534097671509,2.340174436569214,2.0316548347473145,1.7310874462127686,1.6291429996490479,1.2953373193740845,1.2737394571304321,1.2559974193572998,0.936825692653656,0.8398640751838684,0.4791659712791443,0.6804354190826416,0.6341210007667542,0.7743352055549622,1.1267718076705933,1.362008810043335,1.640604019165039,1.4389241933822632,1.3078815937042236,0.9220948219299316,0.7987303733825684,0.9202467799186707,1.236021637916565,1.252194881439209,1.5761494636535645,1.7223106622695923,2.10078763961792,2.3089864253997803,2.5465190410614014,2.8550214767456055,3.09850811958313,2.4560835361480713,2.0715699195861816,2.014904499053955,1.852859616279602,1.4993599653244019,1.762350082397461,1.849454402923584,1.5235207080841064,1.7324285507202148,1.5604420900344849,1.8506464958190918,1.9471715688705444,1.94914710521698,2.320514440536499,2.543621063232422
B5,1.9472095966339111,1.5679608583450317,1.4357960224151611,1.3823463916778564,1.0482935905456543,1.254629135131836,1.2101764678955078,0.8389862179756165,0.9751376509666443,0.7807111144065857,1.0467194318771362,1.2115309238433838,1.2392675876617432,1.5869863033294678,1.797805666923523,1.2168089151382446,0.9149366021156311,0.6636075377464294,0.3849264979362488,0.0,0.390562504529953,0.5292306542396545,0.5060957074165344,0.882404088973999,1.085057258605957,1.418299913406372,1.6892167329788208,1.9099881649017334,2.1776390075683594,2.498133420944214,2.145583391189575,1.8147002458572388,1.5393552780151367,1.3784408569335938,1.0103936195373535,1.0575662851333618,1.1170985698699951,0.7861880660057068,0.8560998439788818,0.6040666103363037,0.9396518468856812,0.9735855460166931,1.1553725004196167,1.4990884065628052,1.7401553392410278,1.4665961265563965,1.19818913936615,1.0539565086364746,0.6969122290611267,0.4589511454105377,0.6778615117073059,0.9443329572677612,0.8977641463279724,1.2435920238494873,1.379366397857666,1.755210518836975,1.982392430305481,2.2008113861083984,2.509274959564209,2.7513046264648438,2.185455799102783,1.8061020374298096,1.6997994184494019,1.5313658714294434,1.16231107711792,1.3983592987060547,1.4780408143997192,1.1475403308868408,1.3543850183486938,1.202512264251709,1.5177336931228638,1.6427298784255981,1.6955652236938477,2.0632448196411133,2.311497688293457
B6,1.857959270477295,1.4922235012054443,1.3950036764144897,1.4513334035873413,1.187827467918396,1.4052565097808838,1.264702558517456,0.9283218383789062,1.041366457939148,0.8845734000205994,1.038859248161316,1.2651112079620361,1.2300388813018799,1.5314857959747314,1.7803958654403687,1.3053290843963623,1.0888028144836426,0.7417476177215576,0.488116979598999,0.390562504529953,0.0,0.36565080285072327,0.5173119902610779,0.7538661360740662,1.0236015319824219,1.3337182998657227,1.577090859413147,1.8605254888534546,2.0975546836853027,2.399942636489868,2.514932632446289,2.1697263717651367,1.9150317907333374,1.7447116374969482,1.365240216255188,1.4300042390823364,1.5075101852416992,1.1734123229980469,1.2160698175430298,0.9072197675704956,1.166097640991211,1.0849467515945435,1.1843109130859375,1.5483862161636353,1.7178953886032104,1.2397475242614746,1.0120376348495483,0.9757183194160461,0.6684591770172119,0.6158615350723267,0.9029542803764343,1.1009814739227295,1.106375813484192,1.4918285608291626,1.6583284139633179,2.013932228088379,2.277250051498413,2.4707679748535156,2.7711093425750732,3.0135867595672607,2.506744623184204,2.1392831802368164,1.9981000423431396,1.7854607105255127,1.4005763530731201,1.5656157732009888,1.6913236379623413,1.3661000728607178,1.5061572790145874,1.2980934381484985,1.6104230880737305,1.6495227813720703,1.7064975500106812,2.0863213539123535,2.2816355228424072
B7,1.921573519706726,1.5881528854370117,1.409505009651184,1.4621729850769043,1.2059727907180786,1.3228349685668945,1.1367273330688477,0.8078606128692627,0.7840877771377563,0.5927829146385193,0.6793454885482788,0.9305995106697083,0.9282222986221313,1.2099982500076294,1.4883896112442017,1.1499872207641602,0.9335662126541138,0.5608698725700378,0.5390586853027344,0.5292306542396545,0.36565080285072327,0.0,0.3725259006023407,0.5567561984062195,0.8975525498390198,1.1380479335784912,1.4388606548309326,1.7114408016204834,1.9078619480133057,2.2389965057373047,2.481180429458618,2.122251033782959,1.8972904682159424,1.794822096824646,1.4317660331726074,1.54705011844635,1.551941990852356,1.1838936805725098,1.2337228059768677,0.9124618768692017,1.1522934436798096,1.1265722513198853,1.1333810091018677,1.5182644128799438,1.7136436700820923,1.5482088327407837,1.3015021085739136,1.3089454174041748,1.0190823078155518,0.8800897002220154,1.1794854402542114,1.3952597379684448,1.3260812759399414,1.7008973360061646,1.7999024391174316,2.1712453365325928,2.399510383605957,2.5667829513549805,2.894657850265503,3.102860927581787,2.467155933380127,2.111243486404419,2.0024397373199463,1.7467390298843384,1.3803545236587524,1.576686978340149,1.7610681056976318,1.4806948900222778,1.685979962348938,1.5415440797805786,1.8867332935333252,1.9539368152618408,2.044577121734619,2.4214718341827393,2.6260485649108887
B8,1.664625644683838,1.3308777809143066,1.111635684967041,1.111085295677185,0.8431611657142639,0.9536288380622864,0.7946737408638,0.4442434012889862,0.5351127982139587,0.482704758644104,0.7326772212982178,1.0249038934707642,1.1474567651748657,1.4291644096374512,1.7159355878829956,1.3783107995986938,1.078386664390564,0.7719935178756714,0.7262905240058899,0.5060957074165344,0.5173119902610779,0.3725259006023407,0.0,0.39805328845977783,0.6207758784294128,0.9207660555839539,1.2181559801101685,1.4445323944091797,1.6870225667953491,2.0187578201293945,2.216773271560669,1.8413171768188477,1.653606653213501,1.5333781242370605,1.1690673828125,1.3600289821624756,1.3915455341339111,1.027252435684204,1.1967869997024536,0.9619645476341248,1.285062551498413,1.3460001945495605,1.4140772819519043,1.7909729480743408,2.0251572132110596,1.5653655529022217,1.247598648071289,1.2414902448654175,0.9963153600692749,0.7496604323387146,1.0906498432159424,1.2555912733078003,1.0967940092086792,1.458357810974121,1.5063986778259277,1.87221360206604,2.0918116569519043,2.231215000152588,2.567211866378784,2.7585883140563965,2.139867067337036,1.7964751720428467,1.6608582735061646,1.3874852657318115,1.019788146018982,1.2082494497299194,1.4091241359710693,1.1567609310150146,1.392865777015686,1.3110626935958862,1.682384729385376,1.7976233959197998,1.9421501159667969,2.3048207759857178,2.5422024726867676
B9,1.4881162643432617,1.2145705223083496,0.9659419655799866,1.0780109167099,0.9374408721923828,0.9840362668037415,0.6927676796913147,0.5098869204521179,0.5215440988540649,0.6502581238746643,0.7443278431892395,1.114434003829956,1.250901699066162,1.4458554983139038,1.7821033000946045,1.624169945716858,1.371073603630066,1.0431029796600342,1.057554841041565,0.882404088973999,0.7538661360740662,0.5567561984062195,0.39805328845977783,0.0,0.37720000743865967,0.5903797745704651,0.8837640285491943,1.1603854894638062,1.3604121208190918,1.6851636171340942,2.4831182956695557,2.0922300815582275,1.9576694965362549,1.8457647562026978,1.4919368028640747,1.7256860733032227,1.7631289958953857,1.401937484741211,1.5845253467559814,1.3403764963150024,1.635992407798767,1.6673235893249512,1.673009991645813,2.058138847351074,2.2582929134368896,1.6046291589736938,1.2935268878936768,1.3988393545150757,1.2388274669647217,1.0558204650878906,1.4307292699813843,1.5378303527832031,1.3668997287750244,1.73298180103302,1.7602111101150513,2.0977280139923096,2.326885938644409,2.413147211074829,2.749584197998047,2.912961959838867,2.3249337673187256,2.017780065536499,1.852005124092102,1.5224742889404297,1.1823798418045044,1.277734398841858,1.5495645999908447,1.3551872968673706,1.5525161027908325,1.4843206405639648,1.861480474472046,1.933887004852295,2.122631072998047,2.4778552055358887,2.6852316856384277
B10,1.1860626935958862,0.9481297135353088,0.6353960037231445,0.7485702633857727,0.7075992822647095,0.7183451652526855,0.38696014881134033,0.4147152304649353,0.5752934813499451,0.8583794832229614,1.0173157453536987,1.3793418407440186,1.5761003494262695,1.7634531259536743,2.099729537963867,1.9422149658203125,1.6501020193099976,1.3555244207382202,1.3418623208999634,1.085057258605957,1.0236015319824219,0.8975525498390198,0.6207758784294128,0.37720000743865967,0.0,0.384905606508255,0.6107778549194336,0.8401988744735718,1.1052019596099854,1.4133042097091675,2.384840726852417,1.9866327047348022,1.9093717336654663,1.7763397693634033,1.4457014799118042,1.7396438121795654,1.8108898401260376,1.4820674657821655,1.7418020963668823,1.5608079433441162,1.894904613494873,1.9649461507797241,2.0080952644348145,2.3901896476745605,2.608098268508911,1.6685751676559448,1.3172968626022339,1.4353022575378418,1.3525663614273071,1.136684775352478,1.5144625902175903,1.549058198928833,1.3143736124038696,1.6435786485671997,1.6192591190338135,1.9196648597717285,2.1436965465545654,2.178271770477295,2.511765956878662,2.648887872695923,2.132847785949707,1.862740159034729,1.6519019603729248,1.296109914779663,0.9907373785972595,0.9944770336151123,1.3066550493240356,1.183330774307251,1.368238925933838,1.3710130453109741,1.7511872053146362,1.8475563526153564,2.0939669609069824,2.42182993888855,2.643693208694458
B11,1.2854671478271484,1.155698299407959,0.820531964302063,0.9676046967506409,1.0139294862747192,0.8966099619865417,0.5343681573867798,0.7101536393165588,0.6818918585777283,1.011946678161621,1.0606318712234497,1.4217698574066162,1.6461130380630493,1.7577050924301147,2.110429525375366,2.1088690757751465,1.8454595804214478,1.5645231008529663,1.6265251636505127,1.418299913406372,1.3337182998657227,1.1380479335784912,0.9207660555839539,0.5903797745704651,0.384905606508255,0.0,0.3815167248249054,0.6020703315734863,0.7731451392173767,1.1134073734283447,2.5739378929138184,2.174609422683716,2.14392352104187,2.0590968132019043,1.7576141357421875,2.0706353187561035,2.105693817138672,1.7742875814437866,2.0273633003234863,1.842197299003601,2.1504549980163574,2.227545976638794,2.2184157371520996,2.599698066711426,2.8112988471984863,1.9694883823394775,1.6394075155258179,1.797364592552185,1.723457932472229,1.51614248752594,1.8927297592163086,1.9335576295852661,1.6899369955062866,2.0029664039611816,1.9430714845657349,2.2277426719665527,2.4250617027282715,2.4185736179351807,2.757737874984741,2.853700876235962,2.2837090492248535,2.054013967514038,1.862818717956543,1.4770146608352661,1.2401337623596191,1.2205332517623901,1.569876790046692,1.5097092390060425,1.700208306312561,1.7325705289840698,2.107330799102783,2.194307804107666,2.456268787384033,2.7764225006103516,2.985649824142456
B12,1.021304726600647,1.0000355243682861,0.7103121876716614,0.955537736415863,1.1336126327514648,1.0493762493133545,0.7276642918586731,0.9832428693771362,1.0447402000427246,1.3793184757232666,1.4356460571289062,1.8007732629776,2.0116848945617676,2.111271619796753,2.470700979232788,2.4694156646728516,2.2053279876708984,1.909237027168274,1.9279428720474243,1.6892167329788208,1.577090859413147,1.4388606548309326,1.2181559801101685,0.8837640285491943,0.6107778549194336,0.3815167248249054,0.0,0.38354557752609253,0.5728484392166138,0.8246819972991943,2.7892565727233887,2.3929903507232666,2.390157699584961,2.2693018913269043,1.9747726917266846,2.3006720542907715,2.378077983856201,2.0651605129241943,2.3411521911621094,2.16385817527771,2.4866206645965576,2.5462615489959717,2.5515267848968506,2.9360382556915283,3.1309993267059326,1.9748010635375977,1.6568708419799805,1.865419626235962,1.8722261190414429,1.7034791707992554,2.083918809890747,2.0624146461486816,1.8200862407684326,2.115257740020752,2.055368185043335,2.2913239002227783,2.5057761669158936,2.4556896686553955,2.76981258392334,2.8508200645446777,2.426255226135254,2.231168031692505,1.992849588394165,1.6100713014602661,1.4069137573242188,1.2768827676773071,1.6261287927627563,1.6102324724197388,1.7289690971374512,1.7729299068450928,2.1211392879486084,2.175999641418457,2.473834753036499,2.7660939693450928,2.9522783756256104
B13,1.0926488637924194,1.1424421072006226,0.8246455192565918,0.9546031355857849,1.1866894960403442,1.0050474405288696,0.7693619132041931,1.1154417991638184,1.1680468320846558,1.538042664527893,1.622459053993225,1.9580594301223755,2.219670295715332,2.3154327869415283,2.6623647212982178,2.677220106124878,2.3879611492156982,2.1316401958465576,2.169942617416382,1.9099881649017334,1.8605254888534546,1.7114408016204834,1.4445323944091797,1.1603854894638062,0.8401988744735718,0.6020703315734863,0.38354557752609253,0.0,0.37822791934013367,0.6308915019035339,2.6808817386627197,2.2957308292388916,2.354731321334839,2.2600972652435303,2.0156922340393066,2.3739230632781982,2.4393105506896973,2.1574583053588867,2.4695982933044434,2.3411080837249756,2.6752421855926514,2.780848503112793,2.799260139465332,3.178842067718506,3.402538299560547,2.27890682220459,1.9399874210357666,2.115178108215332,2.1247165203094482,1.9112508296966553,2.270916700363159,2.2360997200012207,1.9491193294525146,2.191826343536377,2.0683398246765137,2.271089792251587,2.441669225692749,2.340822458267212,2.654876708984375,2.687375545501709,2.255096912384033,2.1153407096862793,1.8815637826919556,1.4952224493026733,1.3829914331436157,1.2180696725845337,1.5772305727005005,1.6474711894989014,1.7877662181854248,1.9073153734207153,2.2467386722564697,2.3453593254089355,2.666652202606201,2.9360806941986084,3.146113157272339
