,A1,A2,A3,A4,A5,A6,A7,A8,A9,A10,A11,A12,A13,A14,A15,B1,B2,B3,B4,B5,B6,B7,B8,B9,B10,B11,B12,B13,B14,B15,C1,C2,C3,C4,C5,C6,C7,C8,C9,C10,C11,C12,C13,C14,C15,D1,D2,D3,D4,D5,D6,D7,D8,D9,D10,D11,D12,D13,D14,D15,E1,E2,E3,E4,E5,E6,E7,E8,E9,E10,E11,E12,E13,E14,E15
A1,0.0,0.3952091336250305,0.5846293568611145,0.8980634212493896,1.2074412107467651,1.30134117603302,1.1484498977661133,1.380720853805542,1.672682285308838,1.9856493473052979,2.157089948654175,2.514292001724243,2.7156989574432373,2.8677761554718018,3.229979991912842,3.019474744796753,2.666895866394043,2.468402147293091,2.3126678466796875,1.945481300354004,1.9825687408447266,2.0495781898498535,1.7203096151351929,1.574297308921814,1.2256717681884766,1.320298194885254,1.086127758026123,1.0469586849212646,1.3686760663986206,1.396754503250122,2.7435081005096436,2.436979293823242,2.391284465789795,2.051488161087036,1.8206679821014404,2.034208059310913,2.3296830654144287,2.204158067703247,2.482585906982422,2.523984909057617,2.8965327739715576,2.956118583679199,3.204076051712036,3.4961719512939453,3.747284173965454,0.5805959701538086,0.6060677766799927,0.8556556105613708,1.2195488214492798,1.402011752128601,1.549452304840088,1.3020809888839722,1.420581340789795,1.694570779800415,1.9555926322937012,2.112978935241699,2.485388994216919,2.651034355163574,2.8428292274475098,3.202604055404663,2.992424249649048,2.6777503490448,2.4296603202819824,2.163447380065918,1.832501769065857,1.7433521747589111,1.911616563796997,1.6804289817810059,1.503750205039978,1.2550004720687866,1.3858131170272827,1.1276909112930298,1.3489394187927246,1.5571616888046265,1.5517390966415405
A2,0.3952091336250305,0.0,0.3838467001914978,0.670552670955658,0.8963997960090637,1.0681530237197876,0.9136403799057007,1.0674632787704468,1.4012514352798462,1.6811127662658691,1.8856968879699707,2.2323784828186035,2.4239068031311035,2.612760543823242,2.9735469818115234,2.658651351928711,2.305617570877075,2.1045944690704346,1.9296764135360718,1.559836745262146,1.6088016033172607,1.6973919868469238,1.369381070137024,1.2685552835464478,0.9504749774932861,1.142659306526184,0.9901284575462341,1.061164140701294,1.4136955738067627,1.5281813144683838,2.4167401790618896,2.100257396697998,2.028756618499756,1.68517005443573,1.4375855922698975,1.6443251371383667,1.9398939609527588,1.8140631914138794,2.0884017944335938,2.1391043663024902,2.5099241733551025,2.5802831649780273,2.837373971939087,3.120028018951416,3.378756046295166,0.524135172367096,0.3077383041381836,0.5163967609405518,0.8558019995689392,1.008928894996643,1.1697769165039062,0.939726710319519,1.0472453832626343,1.35279381275177,1.6178725957870483,1.8155100345611572,2.1734836101531982,2.366037130355835,2.578446865081787,2.924351692199707,2.6674716472625732,2.3347973823547363,2.110170602798462,1.8586243391036987,1.5063625574111938,1.4685451984405518,1.6174489259719849,1.348966121673584,1.2205853462219238,0.9586222171783447,1.1607866287231445,0.9792153835296631,1.2065705060958862,1.4875882863998413,1.5727763175964355
A3,0.5846293568611145,0.3838467001914978,0.0,0.39581575989723206,0.6679192185401917,0.7286085486412048,0.5796689391136169,0.8215369582176208,1.1216779947280884,1.4409748315811157,1.6474639177322388,1.983935832977295,2.216614246368408,2.3886635303497314,2.7350425720214844,2.4797935485839844,2.122995376586914,1.9487626552581787,1.8381762504577637,1.4769082069396973,1.5626276731491089,1.5739264488220215,1.2188489437103271,1.1281814575195312,0.7942044138908386,0.9513123035430908,0.8868762850761414,0.8894970417022705,1.269289255142212,1.4546338319778442,2.3921430110931396,2.043646812438965,2.0160162448883057,1.7172671556472778,1.4291101694107056,1.6871955394744873,1.932511568069458,1.7468599081039429,2.0487060546875,2.056887149810791,2.435737133026123,2.5190000534057617,2.737044334411621,3.0426557064056396,3.3174290657043457,0.8421530723571777,0.5433244705200195,0.7891567945480347,1.0246286392211914,1.0526959896087646,1.2973867654800415,1.0850368738174438,1.0577412843704224,1.37943696975708,1.5698182582855225,1.781041145324707,2.12660551071167,2.2768442630767822,2.5257906913757324,2.871830463409424,2.436793088912964,2.1290245056152344,1.883650779724121,1.5940040349960327,1.269325613975525,1.1936545372009277,1.4052495956420898,1.1974231004714966,1.1074235439300537,0.9546132683753967,1.215808391571045,1.1203725337982178,1.4215980768203735,1.6770113706588745,1.798201322555542
A4,0.8980634212493896,0.670552670955658,0.39581575989723206,0.0,0.37997281551361084,0.4795517027378082,0.5537482500076294,0.743122398853302,1.0687589645385742,1.3659955263137817,1.6382113695144653,1.926568627357483,2.1949827671051025,2.399353265762329,2.718348741531372,2.3069581985473633,1.929909348487854,1.8195980787277222,1.7239934206008911,1.364781141281128,1.544504165649414,1.5437172651290894,1.1737282276153564,1.2083820104599,0.9477187395095825,1.1579784154891968,1.2013800144195557,1.200160026550293,1.5778456926345825,1.8015317916870117,2.083954334259033,1.7303587198257446,1.7572507858276367,1.5052903890609741,1.2359391450881958,1.5552253723144531,1.746291995048523,1.5607210397720337,1.9083832502365112,1.9414039850234985,2.3151674270629883,2.4542152881622314,2.662432909011841,2.956057548522949,3.2626872062683105,1.18001127243042,0.8467326164245605,0.962364137172699,1.1343419551849365,1.0402201414108276,1.2618862390518188,1.0225774049758911,0.8802919983863831,1.1455577611923218,1.2718967199325562,1.460461139678955,1.7997921705245972,1.9169414043426514,2.176201343536377,2.522900104522705,2.12027645111084,1.834187388420105,1.5552570819854736,1.2921075820922852,0.9963052868843079,0.8486884236335754,1.0375956296920776,0.8713194727897644,0.7568525075912476,0.7027378678321838,0.9841893911361694,0.9989801049232483,1.3427166938781738,1.5756359100341797,1.7640504837036133
A5,1.2074412107467651,0.8963997960090637,0.6679192185401917,0.37997281551361084,0.0,0.3861802816390991,0.5262607932090759,0.5069118142127991,0.8616693019866943,1.0905568599700928,1.4107532501220703,1.6645318269729614,1.9267586469650269,2.170497417449951,2.4763121604919434,1.940584659576416,1.5593069791793823,1.4629437923431396,1.3687695264816284,1.0196386575698853,1.2470475435256958,1.2414931058883667,0.8802530169487,1.0214543342590332,0.8665860891342163,1.1465377807617188,1.2878174781799316,1.3653682470321655,1.7239773273468018,1.9952077865600586,1.8271406888961792,1.45114266872406,1.4584128856658936,1.2352561950683594,0.9310548305511475,1.2595953941345215,1.4120526313781738,1.198508858680725,1.5531352758407593,1.5835107564926147,1.9529247283935547,2.112675666809082,2.3167176246643066,2.6021108627319336,2.92071533203125,1.3548996448516846,0.9734784960746765,1.001217007637024,1.037507176399231,0.8232614398002625,1.0702157020568848,0.905809223651886,0.6529588103294373,0.9392135739326477,1.010115385055542,1.2657718658447266,1.563029170036316,1.7023284435272217,1.9985885620117188,2.3187739849090576,1.785098671913147,1.4765046834945679,1.2248127460479736,0.9702954888343811,0.6391116380691528,0.5845946073532104,0.7619500160217285,0.5547378659248352,0.6079533100128174,0.6441454887390137,1.0024921894073486,1.1347732543945312,1.4412845373153687,1.711130142211914,1.9577171802520752
A6,1.30134117603302,1.0681530237197876,0.7286085486412048,0.4795517027378082,0.3861802816390991,0.0,0.3615765869617462,0.5071706175804138,0.7076060175895691,1.0051155090332031,1.281616449356079,1.528908610343933,1.8352155685424805,2.0288498401641846,2.3201189041137695,1.969598650932312,1.605850338935852,1.5279757976531982,1.5283440351486206,1.2231354713439941,1.4238193035125732,1.3211113214492798,0.9672832489013672,1.0471956729888916,0.8779309988021851,1.0454723834991455,1.2306731939315796,1.228895664215088,1.5663343667984009,1.8659288883209229,2.100085973739624,1.7144793272018433,1.761380672454834,1.5826319456100464,1.2687022686004639,1.5896841287612915,1.704593300819397,1.4392603635787964,1.7801958322525024,1.7421940565109253,2.1066362857818604,2.2478387355804443,2.3995323181152344,2.713958740234375,3.029141426086426,1.5225028991699219,1.1534062623977661,1.28312087059021,1.334566354751587,1.133985161781311,1.4283448457717896,1.2839598655700684,1.0339213609695435,1.3039764165878296,1.316632866859436,1.551040768623352,1.8243435621261597,1.9054632186889648,2.2208545207977295,2.5368552207946777,1.7856459617614746,1.5258065462112427,1.2555577754974365,0.9244561195373535,0.6835773587226868,0.5448102951049805,0.8626279830932617,0.8094013333320618,0.8818882703781128,0.9902758598327637,1.315189003944397,1.4242929220199585,1.762256383895874,1.998050570487976,2.2178375720977783
A7,1.1484498977661133,0.9136403799057007,0.5796689391136169,0.5537482500076294,0.5262607932090759,0.3615765869617462,0.0,0.37111273407936096,0.5674458742141724,0.9136759042739868,1.1247087717056274,1.437623381614685,1.7063559293746948,1.8746261596679688,2.200650930404663,2.0115129947662354,1.6717796325683594,1.514037847518921,1.5011239051818848,1.1916875839233398,1.2959110736846924,1.1897926330566406,0.8378924131393433,0.7860388159751892,0.5504454374313354,0.6922895908355713,0.8739020824432373,0.9098907113075256,1.2430859804153442,1.5510241985321045,2.3242006301879883,1.937532663345337,1.9204158782958984,1.6930890083312988,1.3458470106124878,1.6096290349960327,1.7757899761199951,1.5000988245010376,1.79213285446167,1.7192511558532715,2.092410087585449,2.174342155456543,2.3336920738220215,2.664538621902466,2.949028491973877,1.2884485721588135,0.9274899959564209,1.1224809885025024,1.1685103178024292,1.032691240310669,1.374876618385315,1.2708687782287598,1.0949432849884033,1.4375371932983398,1.5158125162124634,1.7881799936294556,2.069450616836548,2.1944358348846436,2.5061557292938232,2.819624185562134,2.0173676013946533,1.7264153957366943,1.509321689605713,1.160895586013794,0.8718069195747375,0.8628636598587036,1.1673763990402222,1.0348016023635864,1.1240499019622803,1.1300678253173828,1.4737313985824585,1.5171067714691162,1.830505132675171,2.101266622543335,2.2861502170562744
A8,1.380720853805542,1.0674632787704468,0.8215369582176208,0.743122398853302,0.5069118142127991,0.5071706175804138,0.37111273407936096,0.0,0.39858928322792053,0.6409277319908142,0.9231054782867432,1.2151490449905396,1.4585620164871216,1.6852432489395142,2.0095279216766357,1.6752465963363647,1.3346139192581177,1.1572259664535522,1.1300781965255737,0.8292484283447266,0.9495950937271118,0.8435627818107605,0.48196297883987427,0.5593353509902954,0.4954295754432678,0.7631990313529968,1.0186285972595215,1.164789080619812,1.465330958366394,1.7894089221954346,2.1111857891082764,1.720768690109253,1.661268711090088,1.4500855207443237,1.081023097038269,1.3118499517440796,1.4558799266815186,1.1580150127410889,1.4307266473770142,1.3481425046920776,1.721653699874878,1.810827612876892,1.9794028997421265,2.302236318588257,2.5935518741607666,1.398305892944336,1.0114291906356812,1.1039718389511108,1.025353193283081,0.7977392673492432,1.1595548391342163,1.1394224166870117,0.9223636984825134,1.2740269899368286,1.328376293182373,1.6503876447677612,1.8899917602539062,2.048651695251465,2.3772547245025635,2.6624796390533447,1.7802629470825195,1.4547932147979736,1.2939201593399048,0.966489315032959,0.63498455286026,0.7864216566085815,1.044952630996704,0.8705559968948364,1.0761483907699585,1.0995372533798218,1.4746637344360352,1.5811638832092285,1.8561077117919922,2.1611485481262207,2.387824773788452
A9,1.672682285308838,1.4012514352798462,1.1216779947280884,1.0687589645385742,0.8616693019866943,0.7076060175895691,0.5674458742141724,0.39858928322792053,0.0,0.36996835470199585,0.5781224966049194,0.8711684942245483,1.1500110626220703,1.3350934982299805,1.6498658657073975,1.541314959526062,1.2519656419754028,1.0745033025741577,1.1739932298660278,0.9801142811775208,1.0424519777297974,0.8007029891014099,0.5542681217193604,0.561334490776062,0.6253618597984314,0.7230238318443298,1.0749369859695435,1.19675874710083,1.4219269752502441,1.7874915599822998,2.363353967666626,1.9679245948791504,1.9176619052886963,1.7558552026748657,1.384575366973877,1.5807042121887207,1.671667456626892,1.3280539512634277,1.5459762811660767,1.3705804347991943,1.7155166864395142,1.766512393951416,1.863546371459961,2.2156999111175537,2.4925992488861084,1.687201738357544,1.3238550424575806,1.4590470790863037,1.351491093635559,1.125867486000061,1.4987245798110962,1.5229555368423462,1.2947317361831665,1.6276081800460815,1.6297513246536255,1.9559451341629028,2.1544718742370605,2.284186363220215,2.6359505653381348,2.8989672660827637,1.745754361152649,1.4594987630844116,1.3439247608184814,0.9780980944633484,0.7636901140213013,0.9415165781974792,1.2430509328842163,1.1579242944717407,1.4077204465866089,1.4808268547058105,1.8535007238388062,1.9687718152999878,2.252641201019287,2.5508511066436768,2.773446559906006
A10,1.9856493473052979,1.6811127662658691,1.4409748315811157,1.3659955263137817,1.0905568599700928,1.0051155090332031,0.9136759042739868,0.6409277319908142,0.36996835470199585,0.0,0.3787482678890228,0.5847280025482178,0.8419608473777771,1.0958657264709473,1.3934284448623657,1.1956592798233032,0.9440610408782959,0.7436012029647827,0.9173957705497742,0.8357492685317993,0.8762984871864319,0.5599756836891174,0.4836757481098175,0.6175925731658936,0.8524344563484192,0.9751794338226318,1.3410862684249878,1.514609456062317,1.7030525207519531,2.0721771717071533,2.3105976581573486,1.9257407188415527,1.8439000844955444,1.727432131767273,1.3663848638534546,1.5013622045516968,1.5367639064788818,1.1719012260437012,1.3217262029647827,1.086755394935608,1.4025851488113403,1.443256139755249,1.5089317560195923,1.8650553226470947,2.1442017555236816,1.932490587234497,1.5695390701293945,1.6439236402511597,1.4528868198394775,1.1810694932937622,1.5312135219573975,1.6305618286132812,1.3865300416946411,1.6904691457748413,1.6536399126052856,2.0029473304748535,2.1434500217437744,2.287097692489624,2.650812864303589,2.875469446182251,1.57355797290802,1.2810908555984497,1.2606345415115356,0.943613588809967,0.7897410988807678,1.076412320137024,1.3162331581115723,1.2393332719802856,1.5607281923294067,1.6541942358016968,2.029822826385498,2.1866326332092285,2.441359519958496,2.7558233737945557,3.0053203105926514
A11,2.157089948654175,1.8856968879699707,1.6474639177322388,1.6382113695144653,1.4107532501220703,1.281616449356079,1.1247087717056274,0.9231054782867432,0.5781224966049194,0.3787482678890228,0.0,0.3830052614212036,0.5965133905410767,0.7633891701698303,1.0961793661117554,1.320667028427124,1.1670740842819214,0.9369753003120422,1.1539584398269653,1.1345051527023315,1.0645437240600586,0.7186413407325745,0.757906973361969,0.7137017846107483,0.967995822429657,0.9609251618385315,1.3378221988677979,1.5101652145385742,1.6152479648590088,1.9903740882873535,2.677536725997925,2.2967047691345215,2.1996235847473145,2.0766141414642334,1.7129274606704712,1.808899998664856,1.8543570041656494,1.4940226078033447,1.5773844718933105,1.287938117980957,1.5569512844085693,1.5123989582061768,1.5188297033309937,1.895565152168274,2.124239921569824,2.071477174758911,1.7435784339904785,1.8615329265594482,1.669577717781067,1.4516597986221313,1.8130040168762207,1.932525634765625,1.7243658304214478,2.048029661178589,2.0279200077056885,2.3801417350769043,2.518981456756592,2.6618311405181885,3.02750563621521,3.246539354324341,1.8470922708511353,1.5878314971923828,1.5993112325668335,1.2818522453308105,1.1625196933746338,1.4223172664642334,1.6839878559112549,1.613034963607788,1.9204074144363403,1.993390440940857,2.3716728687286377,2.4983928203582764,2.752855062484741,3.073601007461548,3.3011293411254883
A12,2.514292001724243,2.2323784828186035,1.983935832977295,1.926568627357483,1.6645318269729614,1.528908610343933,1.437623381614685,1.2151490449905396,0.8711684942245483,0.5847280025482178,0.3830052614212036,0.0,0.3756209909915924,0.5788745880126953,0.8189325332641602,1.0931127071380615,1.0300980806350708,0.8775797486305237,1.1950511932373047,1.278248906135559,1.2414740324020386,0.8837118148803711,1.0086854696273804,1.0615705251693726,1.3360563516616821,1.3414112329483032,1.7194898128509521,1.8772050142288208,1.969140648841858,2.3474018573760986,2.721611738204956,2.3547329902648926,2.2716362476348877,2.211266040802002,1.87264883518219,1.952494502067566,1.9281100034713745,1.5637261867523193,1.6054528951644897,1.278921365737915,1.4765139818191528,1.4398006200790405,1.3581924438476562,1.7296885251998901,1.9613099098205566,2.4390828609466553,2.100515127182007,2.191314935684204,1.9735852479934692,1.716301679611206,2.051419496536255,2.191544771194458,1.9499238729476929,2.231534004211426,2.156111001968384,2.501159429550171,2.587273597717285,2.706947088241577,3.0826470851898193,3.2665462493896484,1.696567177772522,1.4913729429244995,1.568612813949585,1.2999333143234253,1.2828195095062256,1.5565130710601807,1.785863995552063,1.7692031860351562,2.111647367477417,2.231006145477295,2.6036813259124756,2.770502805709839,3.0235986709594727,3.338649272918701,3.5899293422698975
A13,2.7156989574432373,2.4239068031311035,2.216614246368408,2.1949827671051025,1.9267586469650269,1.8352155685424805,1.7063559293746948,1.4585620164871216,1.1500110626220703,0.8419608473777771,0.5965133905410767,0.3756209909915924,0.0,0.38481637835502625,0.6421955227851868,1.0971392393112183,1.134675145149231,0.9252840280532837,1.2213809490203857,1.3760286569595337,1.2507280111312866,0.9218032956123352,1.156611680984497,1.1763830184936523,1.4971452951431274,1.500104546546936,1.8566291332244873,2.060485363006592,2.1148841381073,2.476924419403076,2.890254497528076,2.5408473014831543,2.410034418106079,2.3453311920166016,2.0176808834075928,2.0283327102661133,2.0062246322631836,1.6651126146316528,1.6168948411941528,1.2571613788604736,1.3899896144866943,1.2637258768081665,1.1389355659484863,1.511519432067871,1.6886533498764038,2.5662078857421875,2.25270938873291,2.3219447135925293,2.0625789165496826,1.8304505348205566,2.145122766494751,2.3358685970306396,2.1295225620269775,2.4145991802215576,2.3592801094055176,2.7199201583862305,2.7890729904174805,2.939680576324463,3.3090689182281494,3.4742519855499268,1.9170315265655518,1.7008981704711914,1.8340401649475098,1.6036165952682495,1.5610250234603882,1.871012806892395,2.0738189220428467,2.0186386108398438,2.371703863143921,2.459015369415283,2.833359956741333,2.9923019409179688,3.2164204120635986,3.551353693008423,3.800283908843994
A14,2.8677761554718018,2.612760543823242,2.3886635303497314,2.399353265762329,2.170497417449951,2.0288498401641846,1.8746261596679688,1.6852432489395142,1.3350934982299805,1.0958657264709473,0.7633891701698303,0.5788745880126953,0.38481637835502625,0.0,0.38576146960258484,1.4394296407699585,1.4954999685287476,1.3060224056243896,1.5985996723175049,1.7262102365493774,1.5826919078826904,1.2523256540298462,1.4476981163024902,1.3863917589187622,1.6674925088882446,1.5831024646759033,1.9263805150985718,2.094292163848877,2.084282875061035,2.4387433528900146,3.2525227069854736,2.895199775695801,2.7779698371887207,2.702023506164551,2.3623805046081543,2.3873512744903564,2.381889581680298,2.0363354682922363,1.9985506534576416,1.6396280527114868,1.7635122537612915,1.6090346574783325,1.453006625175476,1.8111909627914429,1.937465786933899,2.73207426071167,2.441037654876709,2.556666374206543,2.325913190841675,2.1261520385742188,2.460904598236084,2.634446382522583,2.4378998279571533,2.742492914199829,2.695831537246704,3.052210569381714,3.1367671489715576,3.2721047401428223,3.645632028579712,3.819845676422119,2.210268497467041,2.0265209674835205,2.1370959281921387,1.8785513639450073,1.8481297492980957,2.1208741664886475,2.35962176322937,2.320821762084961,2.655402660369873,2.740319013595581,3.1181623935699463,3.253626585006714,3.4940295219421387,3.824230194091797,4.053420066833496
A15,3.229979991912842,2.9735469818115234,2.7350425720214844,2.718348741531372,2.4763121604919434,2.3201189041137695,2.200650930404663,2.0095279216766357,1.6498658657073975,1.3934284448623657,1.0961793661117554,0.8189325332641602,0.6421955227851868,0.38576146960258484,0.0,1.4924813508987427,1.6259735822677612,1.5061001777648926,1.8363456726074219,2.008399724960327,1.8918172121047974,1.5629044771194458,1.773078441619873,1.7525843381881714,2.03525972366333,1.952558159828186,2.3003311157226562,2.4490506649017334,2.4299299716949463,2.78440523147583,3.441732883453369,3.0972700119018555,2.9962141513824463,2.9614317417144775,2.6386754512786865,2.660438299179077,2.6124837398529053,2.270874261856079,2.212692975997925,1.8460800647735596,1.9096285104751587,1.7619743347167969,1.5311415195465088,1.8544117212295532,1.9572564363479614,3.111309766769409,2.812002182006836,2.9204249382019043,2.6823947429656982,2.461016893386841,2.784316062927246,2.9626941680908203,2.7445454597473145,3.024710178375244,2.9433281421661377,3.2894694805145264,3.340548038482666,3.4530093669891357,3.8305342197418213,3.9790451526641846,2.266749382019043,2.1412718296051025,2.2858200073242188,2.061814785003662,2.0923492908477783,2.3577303886413574,2.581172466278076,2.5808842182159424,2.929562568664551,3.0448832511901855,3.418996810913086,3.5771493911743164,3.8221092224121094,4.146086692810059,4.388521194458008
B1,3.019474744796753,2.658651351928711,2.4797935485839844,2.3069581985473633,1.940584659576416,1.969598650932312,2.0115129947662354,1.6752465963363647,1.541314959526062,1.1956592798233032,1.320667028427124,1.0931127071380615,1.0971392393112183,1.4394296407699585,1.4924813508987427,0.0,0.3932832181453705,0.5836514234542847,0.8719090223312378,1.1804699897766113,1.281710147857666,1.1162177324295044,1.3361347913742065,1.6390140056610107,1.948891282081604,2.1373369693756104,2.4844918251037598,2.699444055557251,2.880012035369873,3.2438786029815674,2.11458683013916,1.842769980430603,1.7324728965759277,1.8381434679031372,1.6428608894348145,1.6217292547225952,1.4060745239257812,1.143198847770691,1.0422354936599731,0.7820547819137573,0.7358559370040894,0.9130616784095764,0.7983798384666443,1.0150290727615356,1.3696258068084717,2.90537166595459,2.5425899028778076,2.4703996181488037,2.1679577827453613,1.823138952255249,1.997316837310791,2.206247329711914,1.9312844276428223,2.046194076538086,1.8657716512680054,2.1768317222595215,2.1013965606689453,2.2340197563171387,2.5850908756256104,2.655862331390381,1.1157028675079346,0.9382647275924683,1.2526222467422485,1.276926875114441,1.366263508796692,1.7044183015823364,1.7135409116744995,1.7172918319702148,2.1151585578918457,2.282299757003784,2.5973613262176514,2.871593475341797,3.0482466220855713,3.355593204498291,3.6817433834075928
B2,2.666895866394043,2.305617570877075,2.122995376586914,1.929909348487854,1.5593069791793823,1.605850338935852,1.6717796325683594,1.3346139192581177,1.2519656419754028,0.9440610408782959,1.1670740842819214,1.0300980806350708,1.134675145149231,1.4954999685287476,1.6259735822677612,0.3932832181453705,0.0,0.3788737952709198,0.6411779522895813,0.8674167394638062,1.0547914505004883,0.9013434052467346,1.0371021032333374,1.3837436437606812,1.6578959226608276,1.8793179988861084,2.2156481742858887,2.4181485176086426,2.634277582168579,2.993441104888916,1.8399683237075806,1.5294827222824097,1.4368430376052856,1.5153762102127075,1.2951743602752686,1.333033800125122,1.1387512683868408,0.8303666710853577,0.8513874411582947,0.6411582827568054,0.7751879096031189,1.0125524997711182,1.0308266878128052,1.2756417989730835,1.642014741897583,2.585486888885498,2.211853504180908,2.137927770614624,1.860573410987854,1.4984675645828247,1.682260274887085,1.8574678897857666,1.5624756813049316,1.6823376417160034,1.5027389526367188,1.8230483531951904,1.7856539487838745,1.9243900775909424,2.285228729248047,2.397160768508911,0.9441428184509277,0.6604738235473633,0.9215347766876221,0.9210411906242371,0.9809686541557312,1.3255282640457153,1.3314697742462158,1.3253388404846191,1.7234102487564087,1.8961175680160522,2.2131805419921875,2.4883735179901123,2.677050828933716,2.9783902168273926,3.3035435676574707
B3,2.468402147293091,2.1045944690704346,1.9487626552581787,1.8195980787277222,1.4629437923431396,1.5279757976531982,1.514037847518921,1.1572259664535522,1.0745033025741577,0.7436012029647827,0.9369753003120422,0.8775797486305237,0.9252840280532837,1.3060224056243896,1.5061001777648926,0.5836514234542847,0.3788737952709198,0.0,0.38842320442199707,0.6440978646278381,0.7225518822669983,0.5474820137023926,0.7667272686958313,1.0797864198684692,1.3908272981643677,1.6115531921386719,1.9381930828094482,2.177030086517334,2.374779224395752,2.7246227264404297,1.9900341033935547,1.6630291938781738,1.5068473815917969,1.492215871810913,1.2189397811889648,1.2115353345870972,1.1103001832962036,0.7770156264305115,0.7466812133789062,0.43548324704170227,0.6814662218093872,0.8091278672218323,0.8925665616989136,1.1981254816055298,1.530175805091858,2.3267858028411865,1.9702931642532349,1.9050815105438232,1.602571964263916,1.2703728675842285,1.488120436668396,1.6996333599090576,1.4521846771240234,1.6443713903427124,1.545693278312683,1.9040719270706177,1.9248493909835815,2.1118271350860596,2.4649088382720947,2.608339548110962,1.2988587617874146,0.9748261570930481,1.158767580986023,1.0607340335845947,0.9890477061271667,1.3695158958435059,1.4286384582519531,1.3355262279510498,1.7242155075073242,1.8304921388626099,2.1723482608795166,2.4031262397766113,2.5820393562316895,2.911308526992798,3.2128095626831055
B4,2.3126678466796875,1.9296764135360718,1.8381762504577637,1.7239934206008911,1.3687695264816284,1.5283440351486206,1.5011239051818848,1.1300781965255737,1.1739932298660278,0.9173957705497742,1.1539584398269653,1.1950511932373047,1.2213809490203857,1.5985996723175049,1.8363456726074219,0.8719090223312378,0.6411779522895813,0.38842320442199707,0.0,0.37888050079345703,0.4736138880252838,0.5243755578994751,0.7080656290054321,1.0431677103042603,1.3291531801223755,1.6144295930862427,1.8895736932754517,2.1610584259033203,2.386505365371704,2.708325147628784,1.79317045211792,1.4817088842391968,1.2572221755981445,1.1917133331298828,0.9324470162391663,0.8521835207939148,0.7950452566146851,0.49902835488319397,0.4245748221874237,0.22062468528747559,0.5994881391525269,0.7593239545822144,0.9956724047660828,1.241991400718689,1.5667554140090942,2.122417688369751,1.783082127571106,1.6558837890625,1.3231106996536255,0.9958070516586304,1.15337073802948,1.4053817987442017,1.202059030532837,1.3838883638381958,1.3386811017990112,1.7087243795394897,1.745997667312622,1.9894577264785767,2.3156585693359375,2.46809720993042,1.4633163213729858,1.0908163785934448,1.2386778593063354,1.1749930381774902,1.0060386657714844,1.387921690940857,1.395416021347046,1.214813470840454,1.5793110132217407,1.6273150444030762,1.9526758193969727,2.174283742904663,2.3106369972229004,2.6538209915161133,2.955470085144043
B5,1.945481300354004,1.559836745262146,1.4769082069396973,1.364781141281128,1.0196386575698853,1.2231354713439941,1.1916875839233398,0.8292484283447266,0.9801142811775208,0.8357492685317993,1.1345051527023315,1.278248906135559,1.3760286569595337,1.7262102365493774,2.008399724960327,1.1804699897766113,0.8674167394638062,0.6440978646278381,0.37888050079345703,0.0,0.38470128178596497,0.510922372341156,0.4748075306415558,0.8350554704666138,1.048590898513794,1.3771342039108276,1.6202189922332764,1.8800902366638184,2.141184091567993,2.4486687183380127,1.699634075164795,1.3555203676223755,1.149804949760437,0.9913140535354614,0.6592090725898743,0.6790874004364014,0.750328004360199,0.44025540351867676,0.6092590093612671,0.5896387696266174,0.9644889831542969,1.1090288162231445,1.3602769374847412,1.614058494567871,1.9259886741638184,1.7811893224716187,1.4302328824996948,1.3023654222488403,0.9986833930015564,0.6439203023910522,0.8503679037094116,1.060154676437378,0.8498833775520325,1.0895278453826904,1.1016845703125,1.4836057424545288,1.5974494218826294,1.8490467071533203,2.1695597171783447,2.37276029586792,1.5412052869796753,1.1476153135299683,1.1783487796783447,1.0573152303695679,0.7849705219268799,1.1409919261932373,1.1674730777740479,0.9243984222412109,1.2594125270843506,1.2736753225326538,1.6127654314041138,1.8131965398788452,1.9654356241226196,2.3109359741210938,2.6015474796295166
B6,1.9825687408447266,1.6088016033172607,1.5626276731491089,1.544504165649414,1.2470475435256958,1.4238193035125732,1.2959110736846924,0.9495950937271118,1.0424519777297974,0.8762984871864319,1.0645437240600586,1.2414740324020386,1.2507280111312866,1.5826919078826904,1.8918172121047974,1.281710147857666,1.0547914505004883,0.7225518822669983,0.4736138880252838,0.38470128178596497,0.0,0.35921353101730347,0.4995462894439697,0.7043313384056091,0.9843480587005615,1.2779561281204224,1.5054620504379272,1.8151980638504028,2.0279078483581543,2.3231987953186035,2.038544178009033,1.713782548904419,1.4691523313522339,1.2747923135757446,0.9590959548950195,0.8721160292625427,1.0063269138336182,0.7615242600440979,0.7483858466148376,0.6296347975730896,0.9688096642494202,0.9736135005950928,1.2436468601226807,1.5160142183303833,1.7719619274139404,1.7225385904312134,1.4129942655563354,1.3058185577392578,0.9552053213119507,0.7066208124160767,0.9354587197303772,1.2042055130004883,1.09434974193573,1.3788108825683594,1.4509233236312866,1.8314038515090942,1.955295443534851,2.223358154296875,2.533250331878662,2.7325358390808105,1.8578442335128784,1.4742573499679565,1.5348830223083496,1.378533124923706,1.1017320156097412,1.453176736831665,1.5274733304977417,1.2710143327713013,1.5739890336990356,1.5285218954086304,1.8705165386199951,2.014385461807251,2.1449499130249023,2.511657238006592,2.769712209701538
B7,2.0495781898498535,1.6973919868469238,1.5739264488220215,1.5437172651290894,1.2414931058883667,1.3211113214492798,1.1897926330566406,0.8435627818107605,0.8007029891014099,0.5599756836891174,0.7186413407325745,0.8837118148803711,0.9218032956123352,1.2523256540298462,1.5629044771194458,1.1162177324295044,0.9013434052467346,0.5474820137023926,0.5243755578994751,0.510922372341156,0.35921353101730347,0.0,0.37065449357032776,0.5745447278022766,0.9152041673660278,1.1417553424835205,1.4393659830093384,1.7179090976715088,1.9049633741378784,2.235285997390747,2.1905059814453125,1.8394356966018677,1.6505478620529175,1.5003674030303955,1.1586648225784302,1.1534639596939087,1.2239676713943481,0.9037054777145386,0.9259049296379089,0.684893786907196,1.0160428285598755,1.0040565729141235,1.17374587059021,1.504062294960022,1.7656973600387573,1.8502978086471558,1.5178298950195312,1.4906309843063354,1.190165638923645,0.928245484828949,1.2242721319198608,1.436639666557312,1.266032099723816,1.5654975175857544,1.5847841501235962,1.964800238609314,2.0832622051239014,2.3059966564178467,2.6445508003234863,2.8452682495117188,1.7326990365982056,1.3770533800125122,1.440657377243042,1.2304672002792358,1.001862645149231,1.3609188795089722,1.4970289468765259,1.3082149028778076,1.6406503915786743,1.6532659530639648,2.0184059143066406,2.170853853225708,2.3506476879119873,2.7032854557037354,2.9598488807678223
B8,1.7203096151351929,1.369381070137024,1.2188489437103271,1.1737282276153564,0.8802530169487,0.9672832489013672,0.8378924131393433,0.48196297883987427,0.5542681217193604,0.4836757481098175,0.757906973361969,1.0086854696273804,1.156611680984497,1.4476981163024902,1.773078441619873,1.3361347913742065,1.0371021032333374,0.7667272686958313,0.7080656290054321,0.4748075306415558,0.4995462894439697,0.37065449357032776,0.0,0.4000031054019928,0.6406095623970032,0.9263529777526855,1.2126790285110474,1.4591060876846313,1.6988924741744995,2.0268256664276123,2.075228214263916,1.7014364004135132,1.5561892986297607,1.3654464483261108,0.9919762015342712,1.094122052192688,1.2143638134002686,0.8917883634567261,1.0582342147827148,0.9180165529251099,1.2870200872421265,1.339248776435852,1.522971272468567,1.8431432247161865,2.122609853744507,1.5871732234954834,1.2252514362335205,1.2257150411605835,0.9891241192817688,0.7093156576156616,1.0605075359344482,1.1921887397766113,0.9985279440879822,1.3343877792358398,1.3767125606536865,1.7465829849243164,1.9195245504379272,2.1274380683898926,2.462944984436035,2.701982021331787,1.7093616724014282,1.3476932048797607,1.3127999305725098,1.0526607036590576,0.751306414604187,1.0679632425308228,1.2381011247634888,1.0306880474090576,1.3293834924697876,1.336842656135559,1.7115929126739502,1.8500699996948242,2.061087131500244,2.401970386505127,2.650712013244629
B9,1.574297308921814,1.2685552835464478,1.1281814575195312,1.2083820104599,1.0214543342590332,1.0471956729888916,0.7860388159751892,0.5593353509902954,0.561334490776062,0.6175925731658936,0.7137017846107483,1.0615705251693726,1.1763830184936523,1.3863917589187622,1.7525843381881714,1.6390140056610107,1.3837436437606812,1.0797864198684692,1.0431677103042603,0.8350554704666138,0.7043313384056091,0.5745447278022766,0.4000031054019928,0.0,0.36634865403175354,0.5813443064689636,0.8662078976631165,1.148565411567688,1.3461430072784424,1.6692688465118408,2.437513589859009,2.064495086669922,1.9140129089355469,1.6793469190597534,1.3049877882003784,1.38807213306427,1.5653530359268188,1.2692385911941528,1.3971374034881592,1.2331314086914062,1.5813120603561401,1.551398515701294,1.7201111316680908,2.058732032775879,2.2894697189331055,1.3976716995239258,1.0773050785064697,1.1714850664138794,0.9817290306091309,0.8447015881538391,1.221677303314209,1.3321683406829834,1.2215452194213867,1.6005914211273193,1.69977867603302,2.058096170425415,2.2685000896453857,2.4767348766326904,2.8028981685638428,3.061544179916382,2.0729963779449463,1.726942777633667,1.6724876165390015,1.3696123361587524,1.067214846611023,1.3154011964797974,1.5419039726257324,1.32844877243042,1.5618797540664673,1.5123590230941772,1.8838210105895996,1.947380542755127,2.1633362770080566,2.5079898834228516,2.708359479904175
B10,1.2256717681884766,0.9504749774932861,0.7942044138908386,0.9477187395095825,0.8665860891342163,0.8779309988021851,0.5504454374313354,0.4954295754432678,0.6253618597984314,0.8524344563484192,0.967995822429657,1.3360563516616821,1.4971452951431274,1.6674925088882446,2.03525972366333,1.948891282081604,1.6578959226608276,1.3908272981643677,1.3291531801223755,1.048590898513794,0.9843480587005615,0.9152041673660278,0.6406095623970032,0.36634865403175354,0.0,0.37780502438545227,0.581906795501709,0.839270293712616,1.0997799634933472,1.4033597707748413,2.4913737773895264,2.1162240505218506,1.9980695247650146,1.7266845703125,1.3592169284820557,1.5016601085662842,1.720707654953003,1.4526724815368652,1.6435267925262451,1.5343717336654663,1.8983618021011353,1.8948808908462524,2.0787394046783447,2.4113094806671143,2.6477136611938477,1.1078482866287231,0.7824364900588989,0.9650655388832092,0.8998293876647949,0.8463315963745117,1.221389651298523,1.2375590801239014,1.1629210710525513,1.558586835861206,1.6991482973098755,2.025705099105835,2.2872912883758545,2.4821622371673584,2.790658712387085,3.082045555114746,2.2368180751800537,1.8982291221618652,1.7744455337524414,1.4503406286239624,1.1205674409866333,1.2709715366363525,1.5223941802978516,1.2999889850616455,1.4469965696334839,1.3588145971298218,1.7151328325271606,1.723611831665039,1.9623827934265137,2.290001392364502,2.4575438499450684
B11,1.320298194885254,1.142659306526184,0.9513123035430908,1.1579784154891968,1.1465377807617188,1.0454723834991455,0.6922895908355713,0.7631990313529968,0.7230238318443298,0.9751794338226318,0.9609251618385315,1.3414112329483032,1.500104546546936,1.5831024646759033,1.952558159828186,2.1373369693756104,1.8793179988861084,1.6115531921386719,1.6144295930862427,1.3771342039108276,1.2779561281204224,1.1417553424835205,0.9263529777526855,0.5813443064689636,0.37780502438545227,0.0,0.3826206922531128,0.5942354798316956,0.7740955948829651,1.1162278652191162,2.8436741828918457,2.4614851474761963,2.3604280948638916,2.0999510288238525,1.7300530672073364,1.8727229833602905,2.079206943511963,1.7917981147766113,1.9642701148986816,1.8087197542190552,2.1563456058502197,2.1140096187591553,2.2529399394989014,2.6058335304260254,2.8166604042053223,1.241106629371643,0.990157961845398,1.2538844347000122,1.2351700067520142,1.221278190612793,1.5921965837478638,1.5974037647247314,1.5277246236801147,1.9202611446380615,2.0481319427490234,2.365206718444824,2.6293978691101074,2.8008763790130615,3.1168274879455566,3.4127824306488037,2.4561681747436523,2.1459457874298096,2.0200624465942383,1.663431167602539,1.3797557353973389,1.494815468788147,1.791504144668579,1.615471363067627,1.749632716178894,1.678245186805725,2.024127960205078,2.002419948577881,2.2587430477142334,2.567687749862671,2.702202558517456
B12,1.086127758026123,0.9901284575462341,0.8868762850761414,1.2013800144195557,1.2878174781799316,1.2306731939315796,0.8739020824432373,1.0186285972595215,1.0749369859695435,1.3410862684249878,1.3378221988677979,1.7194898128509521,1.8566291332244873,1.9263805150985718,2.3003311157226562,2.4844918251037598,2.2156481742858887,1.9381930828094482,1.8895736932754517,1.6202189922332764,1.5054620504379272,1.4393659830093384,1.2126790285110474,0.8662078976631165,0.581906795501709,0.3826206922531128,0.0,0.37636980414390564,0.5750677585601807,0.8305172324180603,3.012186050415039,2.643519163131714,2.534079074859619,2.2332825660705566,1.8842213153839111,2.0194523334503174,2.2728850841522217,2.0255446434020996,2.2022786140441895,2.0856056213378906,2.4373133182525635,2.3863015174865723,2.556307554244995,2.896461009979248,3.0926365852355957,0.9748085141181946,0.8278381824493408,1.1512298583984375,1.2213220596313477,1.3182569742202759,1.6480324268341064,1.6153451204299927,1.6242623329162598,2.0168185234069824,2.1991751194000244,2.4934043884277344,2.790811061859131,2.9749960899353027,3.264355182647705,3.578831911087036,2.778529405593872,2.457486152648926,2.3091533184051514,1.9625951051712036,1.6518690586090088,1.7262847423553467,2.0062143802642822,1.7983677387237549,1.8619029521942139,1.7256231307983398,2.0342812538146973,1.9400429725646973,2.1754310131073,2.4739999771118164,2.5572240352630615
B13,1.0469586849212646,1.061164140701294,0.8894970417022705,1.200160026550293,1.3653682470321655,1.228895664215088,0.9098907113075256,1.164789080619812,1.19675874710083,1.514609456062317,1.5101652145385742,1.8772050142288208,2.060485363006592,2.094292163848877,2.4490506649017334,2.699444055557251,2.4181485176086426,2.177030086517334,2.1610584259033203,1.8800902366638184,1.8151980638504028,1.7179090976715088,1.4591060876846313,1.148565411567688,0.839270293712616,0.5942354798316956,0.37636980414390564,0.0,0.38114067912101746,0.6412243247032166,3.1678056716918945,2.7942299842834473,2.730827808380127,2.4421637058258057,2.0985610485076904,2.282585620880127,2.5219385623931885,2.2653064727783203,2.4806034564971924,2.3650944232940674,2.7241010665893555,2.6957509517669678,2.8459057807922363,3.1960134506225586,3.405651330947876,1.119409203529358,1.001009225845337,1.363360047340393,1.503919243812561,1.5836225748062134,1.909903645515442,1.8194818496704102,1.8042080402374268,2.178466796875,2.3433010578155518,2.6056904792785645,2.9191246032714844,3.0653131008148193,3.350980043411255,3.680957317352295,2.8863115310668945,2.5954630374908447,2.406829595565796,2.0431911945343018,1.7646900415420532,1.763586163520813,2.0697619915008545,1.909053087234497,1.92819344997406,1.8185620307922363,2.1031062602996826,1.9883711338043213,2.259155511856079,2.5157532691955566,2.5730364322662354
