,A1,A2,A3,A4,A5,A6,A7,A8,A9,A10,A11,A12,A13,A14,A15,B1,B2,B3,B4,B5,B6,B7,B8,B9,B10,B11,B12,B13,B14,B15,C1,C2,C3,C4,C5,C6,C7,C8,C9,C10,C11,C12,C13,C14,C15,D1,D2,D3,D4,D5,D6,D7,D8,D9,D10,D11,D12,D13,D14,D15,E1,E2,E3,E4,E5,E6,E7,E8,E9,E10,E11,E12,E13,E14,E15
A1,0.0,0.40031829476356506,0.5499144196510315,0.7828812003135681,1.1023685932159424,1.1390353441238403,0.9734417796134949,1.2277259826660156,1.4921176433563232,1.8033676147460938,1.9977055788040161,2.352325201034546,2.554827928543091,2.7105507850646973,3.0844056606292725,2.8823153972625732,2.5744383335113525,2.4517030715942383,2.184589385986328,1.822363018989563,1.8135319948196411,1.900654673576355,1.6028869152069092,1.405942678451538,1.0600639581680298,1.1121751070022583,0.8079706430435181,0.8377920389175415,1.1136208772659302,1.1232603788375854,1.649234414100647,1.4825164079666138,1.4559428691864014,1.7700169086456299,1.7577497959136963,2.0987913608551025,2.0027506351470947,1.8637521266937256,2.2024917602539062,2.2493550777435303,2.478151559829712,2.726656198501587,2.746236801147461,3.0964434146881104,3.421143054962158,0.8975626826286316,1.057923674583435,0.7855671048164368,0.9658337235450745,1.2612583637237549,1.442296028137207,1.496522068977356,1.6582520008087158,2.031033992767334,2.296663999557495,2.578991174697876,2.8899545669555664,3.0744917392730713,3.3374922275543213,3.6207549571990967,3.0931715965270996,2.7267794609069824,2.5961456298828125,2.513047218322754,2.1524384021759033,2.365556478500366,2.4323341846466064,2.074436902999878,2.073187828063965,1.7519885301589966,1.9148424863815308,1.7705113887786865,1.6783456802368164,2.0259766578674316,1.9452543258666992
A2,0.40031829476356506,0.0,0.38716691732406616,0.5986526012420654,0.8092929720878601,0.8935873508453369,0.6801827549934387,0.8616896867752075,1.1525689363479614,1.4342447519302368,1.6465903520584106,1.995570421218872,2.185279607772827,2.365725040435791,2.7375540733337402,2.492250919342041,2.181276559829712,2.074854850769043,1.809929609298706,1.4482768774032593,1.4385550022125244,1.5056967735290527,1.2031939029693604,1.0167559385299683,0.6735284328460693,0.8007427453994751,0.6025279760360718,0.7396090626716614,1.0588728189468384,1.197148084640503,1.5474801063537598,1.2949683666229248,1.2794570922851562,1.5449349880218506,1.4697487354278564,1.8065780401229858,1.7022544145584106,1.5194071531295776,1.8419562578201294,1.863777995109558,2.089930295944214,2.3297841548919678,2.347951889038086,2.7004427909851074,3.026017189025879,0.9765805006027222,0.9902730584144592,0.6263699531555176,0.735111653804779,0.9468189477920532,1.183451533317566,1.289499282836914,1.3903417587280273,1.7679208517074585,1.9966145753860474,2.306086778640747,2.591273307800293,2.7754669189453125,3.05938720703125,3.3254940509796143,2.7296228408813477,2.3695249557495117,2.2249948978424072,2.164937973022461,1.8180711269378662,2.066168785095215,2.1284339427948,1.7773263454437256,1.8356244564056396,1.5566486120224,1.7708579301834106,1.7037813663482666,1.651852011680603,2.024531364440918,2.015432357788086
A3,0.5499144196510315,0.38716691732406616,0.0,0.3799617886543274,0.649196982383728,0.8386375904083252,0.7872644662857056,0.9387551546096802,1.2998672723770142,1.5502279996871948,1.8294812440872192,2.144444704055786,2.3480608463287354,2.5637409687042236,2.933908224105835,2.4681336879730225,2.15124249458313,1.9953912496566772,1.7643017768859863,1.388532042503357,1.4698692560195923,1.5775734186172485,1.255598545074463,1.190065860748291,0.8757448196411133,1.0943384170532227,0.9636790156364441,1.0338451862335205,1.3876283168792725,1.5032496452331543,1.4226845502853394,1.193622350692749,1.066105604171753,1.3261171579360962,1.2672619819641113,1.6300874948501587,1.59751296043396,1.4450559616088867,1.8084999322891235,1.8484752178192139,2.1286509037017822,2.354111671447754,2.4245057106018066,2.77728533744812,3.1213088035583496,0.6527328491210938,0.6067494750022888,0.2584291994571686,0.5144392251968384,0.7757773995399475,1.0023388862609863,1.007908821105957,1.1264339685440063,1.5090430974960327,1.7651125192642212,2.038985252380371,2.3546395301818848,2.5291950702667236,2.7914788722991943,3.0741477012634277,2.5898070335388184,2.2183663845062256,2.1110639572143555,2.011362075805664,1.643656849861145,1.8392149209976196,1.889930248260498,1.5295466184616089,1.5253558158874512,1.214795470237732,1.411386489868164,1.3217285871505737,1.2898893356323242,1.6634094715118408,1.673809289932251
A4,0.7828812003135681,0.5986526012420654,0.3799617886543274,0.0,0.3851921260356903,0.5002026557922363,0.5876283049583435,0.7771890163421631,1.1214487552642822,1.3844194412231445,1.6907553672790527,1.974738359451294,2.223543167114258,2.4299521446228027,2.8017847537994385,2.433403730392456,2.0818674564361572,1.9615477323532104,1.7872068881988525,1.4060359001159668,1.5486750602722168,1.5866234302520752,1.227043628692627,1.2062203884124756,0.8815046548843384,1.0744407176971436,1.0139089822769165,0.9854282736778259,1.3610068559646606,1.4983171224594116,1.0522650480270386,0.8174849152565002,0.7025295495986938,0.9907035827636719,0.9944525361061096,1.3339781761169434,1.2790716886520386,1.1877542734146118,1.5669478178024292,1.6741368770599365,1.9584280252456665,2.2197089195251465,2.332240104675293,2.6593668460845947,3.026355266571045,0.8650305867195129,0.6984922289848328,0.4506491422653198,0.7542291879653931,0.8723437786102295,1.1810353994369507,1.1387170553207397,1.1470121145248413,1.5394617319107056,1.7371665239334106,1.997610092163086,2.3074703216552734,2.4287538528442383,2.709075450897217,2.96852970123291,2.4619383811950684,2.1160104274749756,1.9677618741989136,1.818068027496338,1.4447990655899048,1.6224174499511719,1.739707112312317,1.4076911211013794,1.4197654724121094,1.1458542346954346,1.4145514965057373,1.3357044458389282,1.4083902835845947,1.7732558250427246,1.8238953351974487
A5,1.1023685932159424,0.8092929720878601,0.649196982383728,0.3851921260356903,0.0,0.3855051100254059,0.5404921770095825,0.5397237539291382,0.9058517217636108,1.0949335098266602,1.4429233074188232,1.6879291534423828,1.9314409494400024,2.167379856109619,2.5287508964538574,2.091672420501709,1.7271661758422852,1.6284233331680298,1.4914506673812866,1.1203577518463135,1.3105571269989014,1.306548833847046,0.9407671689987183,1.0136487483978271,0.770378589630127,1.0246528387069702,1.1050916910171509,1.1247245073318481,1.4834845066070557,1.6937260627746582,1.0481723546981812,0.7099616527557373,0.5999807715415955,0.763214111328125,0.6652948260307312,1.003537893295288,0.9500339031219482,0.8143221139907837,1.1955540180206299,1.2978748083114624,1.596970558166504,1.8525923490524292,1.989741325378418,2.308356761932373,2.683253288269043,1.13850998878479,0.8628868460655212,0.633279025554657,0.7957457304000854,0.7283437252044678,1.09337317943573,1.0788893699645996,0.9674242734909058,1.3469582796096802,1.4745866060256958,1.7547529935836792,2.0314128398895264,2.1352672576904297,2.441230058670044,2.6757700443267822,2.0986804962158203,1.7659411430358887,1.5938607454299927,1.4477157592773438,1.0821735858917236,1.2975157499313354,1.4283305406570435,1.1166303157806396,1.2124817371368408,1.0244803428649902,1.3598514795303345,1.3820494413375854,1.5092147588729858,1.8716126680374146,1.9917412996292114
A6,1.1390353441238403,0.8935873508453369,0.8386375904083252,0.5002026557922363,0.3855051100254059,0.0,0.36835870146751404,0.5365999937057495,0.7658556699752808,1.0368276834487915,1.3428102731704712,1.5878117084503174,1.8832372426986694,2.0632293224334717,2.4315783977508545,2.308868169784546,1.9266822338104248,1.8922622203826904,1.772839903831482,1.4168064594268799,1.572011947631836,1.4955674409866333,1.1260864734649658,1.1187366247177124,0.835229754447937,0.9487264752388,1.0220568180084229,0.9278151392936707,1.268817663192749,1.4730455875396729,0.7780599594116211,0.4284660816192627,0.5448009371757507,0.782849907875061,0.818206787109375,1.062471866607666,0.8923743367195129,0.8521661162376404,1.2016825675964355,1.3828929662704468,1.6269066333770752,1.9387896060943604,2.0723206996917725,2.359997510910034,2.740926742553711,1.3603276014328003,1.1444653272628784,0.9118213653564453,1.1295816898345947,1.096362829208374,1.4658931493759155,1.4596898555755615,1.346720814704895,1.7188618183135986,1.8153711557388306,2.0866200923919678,2.3480160236358643,2.414552688598633,2.7323009967803955,2.942110776901245,2.310849666595459,2.015347957611084,1.7881580591201782,1.6192501783370972,1.279868483543396,1.4871898889541626,1.6862751245498657,1.4181466102600098,1.5232985019683838,1.3535985946655273,1.6941214799880981,1.6772059202194214,1.8207814693450928,2.1759350299835205,2.2684454917907715
A7,0.9734417796134949,0.6801827549934387,0.7872644662857056,0.5876283049583435,0.5404921770095825,0.36835870146751404,0.0,0.37513718008995056,0.5822097063064575,0.9149922132492065,1.1599481105804443,1.4680386781692505,1.7346128225326538,1.8954365253448486,2.272845506668091,2.2793993949890137,1.9147599935531616,1.9011157751083374,1.724307894706726,1.3725569248199463,1.4367952346801758,1.3507004976272583,0.9968132972717285,0.868380069732666,0.5391009449958801,0.5895388722419739,0.6666843295097351,0.6340088844299316,0.9668793678283691,1.2154346704483032,1.089248776435852,0.7621268033981323,0.908061683177948,1.129258394241333,1.0871576070785522,1.336865782737732,1.1333024501800537,1.0003713369369507,1.2985280752182007,1.412845492362976,1.6096690893173218,1.9177659749984741,1.9851166009902954,2.2909913063049316,2.6493093967437744,1.4092137813568115,1.2567737102508545,0.9349185824394226,1.088176965713501,1.0800566673278809,1.4408987760543823,1.5184334516525269,1.4467412233352661,1.8246855735778809,1.9372841119766235,2.248086452484131,2.4934887886047363,2.5999348163604736,2.926129102706909,3.138103723526001,2.4277455806732178,2.123126268386841,1.8891247510910034,1.786840558052063,1.465608835220337,1.7308897972106934,1.8907164335250854,1.603587031364441,1.7442286014556885,1.5614738464355469,1.8834419250488281,1.8744361400604248,1.9555553197860718,2.3279454708099365,2.3942959308624268
A8,1.2277259826660156,0.8616896867752075,0.9387551546096802,0.7771890163421631,0.5397237539291382,0.5365999937057495,0.37513718008995056,0.0,0.40206101536750793,0.6176808476448059,0.9246158003807068,1.2125873565673828,1.4473981857299805,1.6606574058532715,2.0297183990478516,1.90819251537323,1.5438096523284912,1.5497037172317505,1.3836824893951416,1.0531659126281738,1.1250133514404297,1.000797152519226,0.6453820466995239,0.5969836115837097,0.4055907428264618,0.5974125862121582,0.8406049013137817,0.9308211207389832,1.2138515710830688,1.5123902559280396,1.2814419269561768,0.8944833874702454,0.9984666109085083,1.1018702983856201,0.9430098533630371,1.1720144748687744,0.9783439636230469,0.7431489825248718,1.0069937705993652,1.0634211301803589,1.2675663232803345,1.5560901165008545,1.6240614652633667,1.9405274391174316,2.300075054168701,1.5543900728225708,1.3365236520767212,1.018267273902893,1.0601961612701416,0.9257758259773254,1.2947478294372559,1.4169907569885254,1.2813440561294556,1.6270321607589722,1.6886088848114014,2.0210940837860107,2.227870464324951,2.340198278427124,2.6811203956604004,2.8750362396240234,2.0964157581329346,1.7988492250442505,1.5541764497756958,1.494842767715454,1.2035306692123413,1.5170756578445435,1.6525694131851196,1.3860111236572266,1.5974388122558594,1.4795814752578735,1.8207955360412598,1.8886675834655762,1.9821518659591675,2.3535773754119873,2.468182325363159
A9,1.4921176433563232,1.1525689363479614,1.2998672723770142,1.1214487552642822,0.9058517217636108,0.7658556699752808,0.5822097063064575,0.40206101536750793,0.0,0.3777363896369934,0.5870679020881653,0.8872362971305847,1.1639866828918457,1.319980502128601,1.6954383850097656,1.9645180702209473,1.602999210357666,1.701290488243103,1.5645922422409058,1.2946888208389282,1.315369963645935,1.0902936458587646,0.8121747970581055,0.6942130327224731,0.6176513433456421,0.5813125371932983,0.9111732840538025,0.9600356817245483,1.141492486000061,1.479544997215271,1.3803627490997314,1.0151413679122925,1.2362923622131348,1.3117626905441284,1.1849650144577026,1.312296748161316,1.0273857116699219,0.8307948708534241,0.9592301249504089,1.0442484617233276,1.1331400871276855,1.4675627946853638,1.5039687156677246,1.7769824266433716,2.1283061504364014,1.9314075708389282,1.7285642623901367,1.4075943231582642,1.4512560367584229,1.3054157495498657,1.6641230583190918,1.807625651359558,1.648301124572754,1.9702123403549194,1.9814213514328003,2.3151967525482178,2.4812774658203125,2.565861701965332,2.9239954948425293,3.08065128326416,2.200289249420166,1.9562270641326904,1.656075358390808,1.6176464557647705,1.3915631771087646,1.7167925834655762,1.888490080833435,1.6742266416549683,1.9238115549087524,1.8451868295669556,2.1998579502105713,2.2748358249664307,2.3814351558685303,2.7513887882232666,2.8652849197387695
A10,1.8033676147460938,1.4342447519302368,1.5502279996871948,1.3844194412231445,1.0949335098266602,1.0368276834487915,0.9149922132492065,0.6176808476448059,0.3777363896369934,0.0,0.3901759088039398,0.602644145488739,0.8499636054039001,1.075692892074585,1.4338527917861938,1.6469910144805908,1.2917999029159546,1.4503687620162964,1.3574061393737793,1.1602436304092407,1.1828489303588867,0.8872362375259399,0.6979746222496033,0.7036508321762085,0.8134858012199402,0.8542515635490417,1.2244149446487427,1.3249993324279785,1.48344087600708,1.8345383405685425,1.6186281442642212,1.2391483783721924,1.4217288494110107,1.4011849164962769,1.2017381191253662,1.2630378007888794,0.9967588186264038,0.7397749423980713,0.7240562438964844,0.7337374687194824,0.7662586569786072,1.0978916883468628,1.1348938941955566,1.4014638662338257,1.7593899965286255,2.159714460372925,1.9147707223892212,1.6138743162155151,1.5931514501571655,1.3646937608718872,1.6992305517196655,1.8651113510131836,1.6529508829116821,1.9200167655944824,1.864986777305603,2.201627492904663,2.313410520553589,2.3882782459259033,2.7571842670440674,2.8815715312957764,1.9210957288742065,1.713837742805481,1.390408992767334,1.4065852165222168,1.2556085586547852,1.6065326929092407,1.759232521057129,1.5974065065383911,1.9048771858215332,1.8960025310516357,2.255916118621826,2.3903045654296875,2.5119502544403076,2.8720431327819824,3.0248708724975586
A11,1.9977055788040161,1.6465903520584106,1.8294812440872192,1.6907553672790527,1.4429233074188232,1.3428102731704712,1.1599481105804443,0.9246158003807068,0.5870679020881653,0.3901759088039398,0.0,0.38111406564712524,0.6053963303565979,0.7405850291252136,1.1159415245056152,1.791477918624878,1.4828695058822632,1.6978510618209839,1.5924994945526123,1.4464774131774902,1.384555459022522,1.0572537183761597,0.9676265716552734,0.8620184063911438,1.0126144886016846,0.9256591796875,1.30292809009552,1.4111891984939575,1.4717178344726562,1.8365157842636108,1.8922436237335205,1.538529634475708,1.7678751945495605,1.7673301696777344,1.5880050659179688,1.6257920265197754,1.3344793319702148,1.1128838062286377,1.019937515258789,0.9987937211990356,0.8824909925460815,1.189623475074768,1.1276620626449585,1.3452541828155518,1.6548981666564941,2.4636127948760986,2.2515106201171875,1.9257004261016846,1.8941065073013306,1.6883505582809448,2.004032611846924,2.204345941543579,2.0117509365081787,2.271030902862549,2.2105894088745117,2.554314613342285,2.640681743621826,2.7193424701690674,3.091036796569824,3.196215867996216,2.1745002269744873,2.003340005874634,1.671549677848816,1.7295507192611694,1.6213926076889038,1.9730311632156372,2.121394634246826,1.973410964012146,2.289501667022705,2.2781872749328613,2.632380247116089,2.7616286277770996,2.8643813133239746,3.230168581008911,3.36767315864563
A12,2.352325201034546,1.995570421218872,2.144444704055786,1.974738359451294,1.6879291534423828,1.5878117084503174,1.4680386781692505,1.2125873565673828,0.8872362971305847,0.602644145488739,0.38111406564712524,0.0,0.37911832332611084,0.5222277641296387,0.8583495020866394,1.7215046882629395,1.4315265417099,1.7114325761795044,1.6819326877593994,1.5993589162826538,1.5723652839660645,1.216787338256836,1.1861143112182617,1.1769208908081055,1.3577003479003906,1.3017535209655762,1.678196907043457,1.7628369331359863,1.8200687170028687,2.179027557373047,2.0486888885498047,1.7101281881332397,1.941754937171936,1.8771476745605469,1.6947693824768066,1.6494724750518799,1.3612415790557861,1.1786773204803467,0.9584842920303345,0.9407774209976196,0.7012975811958313,1.0039653778076172,0.9642163515090942,1.0877524614334106,1.4009636640548706,2.7612218856811523,2.5157201290130615,2.2158589363098145,2.1805613040924072,1.9335253238677979,2.2427401542663574,2.4281442165374756,2.191737413406372,2.4113452434539795,2.29158353805542,2.6135573387145996,2.6539978981018066,2.693413257598877,3.06943416595459,3.13130521774292,2.0613207817077637,1.9587383270263672,1.601684331893921,1.6735225915908813,1.6452981233596802,1.9776086807250977,2.1400535106658936,2.0565836429595947,2.3987648487091064,2.442934513092041,2.806370735168457,2.965359926223755,3.0995588302612305,3.4536619186401367,3.6196351051330566
A13,2.554827928543091,2.185279607772827,2.3480608463287354,2.223543167114258,1.9314409494400024,1.8832372426986694,1.7346128225326538,1.4473981857299805,1.1639866828918457,0.8499636054039001,0.6053963303565979,0.37911832332611084,0.0,0.37769654393196106,0.6406585574150085,1.5667239427566528,1.348760724067688,1.664732575416565,1.6309490203857422,1.6256598234176636,1.5388319492340088,1.17682945728302,1.261114239692688,1.2582447528839111,1.5188701152801514,1.4834078550338745,1.8650752305984497,2.00758957862854,2.0450263023376465,2.4116618633270264,2.3990468978881836,2.044278860092163,2.244258165359497,2.1660139560699463,1.9383854866027832,1.9029316902160645,1.6559041738510132,1.4281902313232422,1.1811773777008057,1.048319697380066,0.7435530424118042,0.9100154638290405,0.7415874004364014,0.8405449390411377,1.0934064388275146,2.959277868270874,2.7168543338775635,2.410588502883911,2.3208601474761963,2.0545926094055176,2.3213002681732178,2.5448012351989746,2.312697410583496,2.493413209915161,2.3555819988250732,2.684487819671631,2.6838133335113525,2.746711254119873,3.117173910140991,3.163822650909424,2.0494279861450195,1.970933198928833,1.640278697013855,1.789961814880371,1.8074707984924316,2.1523754596710205,2.264122486114502,2.1946232318878174,2.557814121246338,2.62074613571167,2.9665415287017822,3.154776096343994,3.2664365768432617,3.6169235706329346,3.791518449783325
A14,2.7105507850646973,2.365725040435791,2.5637409687042236,2.4299521446228027,2.167379856109619,2.0632293224334717,1.8954365253448486,1.6606574058532715,1.319980502128601,1.075692892074585,0.7405850291252136,0.5222277641296387,0.37769654393196106,0.0,0.379144549369812,1.93105947971344,1.7245420217514038,2.042165517807007,1.9993245601654053,1.975749135017395,1.87172269821167,1.5149005651474,1.5727629661560059,1.5025606155395508,1.722259283065796,1.6068352460861206,1.9676330089569092,2.0759572982788086,2.050487756729126,2.4059207439422607,2.528179407119751,2.202284336090088,2.450021505355835,2.3984107971191406,2.211655378341675,2.1651692390441895,1.8799874782562256,1.6961966753005981,1.4561275243759155,1.3852298259735107,1.0761325359344482,1.2583928108215332,1.089109182357788,1.1062934398651123,1.285337209701538,3.1958956718444824,2.9756624698638916,2.654411554336548,2.5920445919036865,2.355517864227295,2.6367568969726562,2.860511541366577,2.6416382789611816,2.84419846534729,2.718015432357788,3.0467822551727295,3.053544521331787,3.1053357124328613,3.4777228832244873,3.5172624588012695,2.4006125926971436,2.33679461479187,1.9960253238677979,2.12148118019104,2.1306352615356445,2.466478109359741,2.6052281856536865,2.5319011211395264,2.885491132736206,2.931223154067993,3.2847859859466553,3.450094223022461,3.5609617233276367,3.91922664642334,4.076205253601074
A15,3.0844056606292725,2.7375540733337402,2.933908224105835,2.8017847537994385,2.5287508964538574,2.4315783977508545,2.272845506668091,2.0297183990478516,1.6954383850097656,1.4338527917861938,1.1159415245056152,0.8583495020866394,0.6406585574150085,0.379144549369812,0.0,2.045154094696045,1.8956044912338257,2.242913246154785,2.23073148727417,2.2572243213653564,2.1452512741088867,1.7902804613113403,1.8944404125213623,1.8464910984039307,2.088131904602051,1.978196382522583,2.3362510204315186,2.4485127925872803,2.4061410427093506,2.756577968597412,2.872023582458496,2.553462266921997,2.7989935874938965,2.723784923553467,2.5301549434661865,2.4537482261657715,2.1821489334106445,2.009549617767334,1.7282085418701172,1.6377533674240112,1.2884970903396606,1.3917800188064575,1.195349931716919,1.097147822380066,1.168439507484436,3.561692714691162,3.3337037563323975,3.0175094604492188,2.9404969215393066,2.688591480255127,2.9535040855407715,3.183753490447998,2.9529221057891846,3.1273183822631836,2.9725887775421143,3.2897322177886963,3.2592313289642334,3.2983343601226807,3.6654422283172607,3.6732256412506104,2.535168409347534,2.5221593379974365,2.190119504928589,2.3424031734466553,2.4002866744995117,2.7238473892211914,2.8528196811676025,2.8128373622894287,3.1792709827423096,3.251283645629883,3.602055072784424,3.7857487201690674,3.9010324478149414,4.253866195678711,4.422651290893555
B1,2.8823153972625732,2.492250919342041,2.4681336879730225,2.433403730392456,2.091672420501709,2.308868169784546,2.2793993949890137,1.90819251537323,1.9645180702209473,1.6469910144805908,1.791477918624878,1.7215046882629395,1.5667239427566528,1.93105947971344,2.045154094696045,0.0,0.3981114625930786,0.5524609088897705,0.756328284740448,1.0935158729553223,1.1410267353057861,1.0608471632003784,1.3261101245880127,1.6438685655593872,1.9578944444656372,2.2127034664154053,2.535947322845459,2.7715718746185303,2.972463607788086,3.3142690658569336,2.8764772415161133,2.4986255168914795,2.444058418273926,2.239769458770752,1.8699769973754883,1.8684529066085815,1.9245343208312988,1.6259620189666748,1.4614288806915283,1.1044601202011108,1.1392942667007446,0.8227587938308716,0.8548135161399841,1.0558764934539795,1.222733974456787,2.8478989601135254,2.5347020626068115,2.3750722408294678,2.1343259811401367,1.7650151252746582,1.8122427463531494,2.0040781497955322,1.734047532081604,1.646169662475586,1.3832989931106567,1.6290862560272217,1.4613016843795776,1.6030216217041016,1.9044960737228394,1.935200572013855,0.9368976354598999,0.8774973154067993,0.8691765069961548,1.2391798496246338,1.4116754531860352,1.6604465246200562,1.5088189840316772,1.5549920797348022,1.915156364440918,2.1187567710876465,2.3386030197143555,2.6683757305145264,2.7637252807617188,3.0184168815612793,3.289470672607422
B2,2.5744383335113525,2.181276559829712,2.15124249458313,2.0818674564361572,1.7271661758422852,1.9266822338104248,1.9147599935531616,1.5438096523284912,1.602999210357666,1.2917999029159546,1.4828695058822632,1.4315265417099,1.348760724067688,1.7245420217514038,1.8956044912338257,0.3981114625930786,0.0,0.38488438725471497,0.5998944044113159,0.8332762718200684,0.9521071314811707,0.8136849403381348,1.0068005323410034,1.3533796072006226,1.6392011642456055,1.89615797996521,2.224327802658081,2.4323008060455322,2.6474952697753906,2.986725091934204,2.4816689491271973,2.1040053367614746,2.0619966983795166,1.8607916831970215,1.495696783065796,1.494911789894104,1.5320971012115479,1.2284244298934937,1.075953722000122,0.7188782095909119,0.8215309381484985,0.593982994556427,0.7272391319274902,0.9995706677436829,1.281577229499817,2.561325788497925,2.236649751663208,2.0661654472351074,1.8635371923446655,1.486934781074524,1.6025640964508057,1.775791049003601,1.480044960975647,1.4619208574295044,1.212537169456482,1.4984912872314453,1.4071346521377563,1.5234566926956177,1.8669416904449463,1.9298118352890015,0.8798755407333374,0.7311878800392151,0.5865315198898315,0.9311050176620483,1.0623464584350586,1.3520821332931519,1.2577037811279297,1.271946907043457,1.6531622409820557,1.8398547172546387,2.1031603813171387,2.4103920459747314,2.5301811695098877,2.807955741882324,3.0703389644622803
B3,2.4517030715942383,2.074854850769043,1.9953912496566772,1.9615477323532104,1.6284233331680298,1.8922622203826904,1.9011157751083374,1.5497037172317505,1.701290488243103,1.4503687620162964,1.6978510618209839,1.7114325761795044,1.664732575416565,2.042165517807007,2.242913246154785,0.5524609088897705,0.38488438725471497,0.0,0.37402111291885376,0.6393788456916809,0.838580310344696,0.8521575331687927,1.0009264945983887,1.3763350248336792,1.6227962970733643,1.9339224100112915,2.218249559402466,2.4367237091064453,2.6874401569366455,3.0047905445098877,2.4599215984344482,2.0902223587036133,1.9802501201629639,1.787366271018982,1.4075629711151123,1.4706246852874756,1.5784963369369507,1.2716636657714844,1.2302777767181396,0.9143520593643188,1.1267733573913574,0.9634806513786316,1.0933611392974854,1.3829745054244995,1.6497713327407837,2.3290083408355713,2.0028510093688965,1.8745520114898682,1.643631100654602,1.2666207551956177,1.3176276683807373,1.4715584516525269,1.1854404211044312,1.1116586923599243,0.8688794374465942,1.1676105260849,1.1013524532318115,1.2863370180130005,1.612237572669983,1.732470154762268,0.861038327217102,0.5723329782485962,0.607071578502655,0.9093752503395081,0.9749236106872559,1.2315701246261597,1.051342248916626,1.0299615859985352,1.3824049234390259,1.5688403844833374,1.7909890413284302,2.116436243057251,2.2189295291900635,2.4780614376068115,2.750067949295044
B4,2.184589385986328,1.809929609298706,1.7643017768859863,1.7872068881988525,1.4914506673812866,1.772839903831482,1.724307894706726,1.3836824893951416,1.5645922422409058,1.3574061393737793,1.5924994945526123,1.6819326877593994,1.6309490203857422,1.9993245601654053,2.23073148727417,0.756328284740448,0.5998944044113159,0.37402111291885376,0.0,0.3819076418876648,0.4833114743232727,0.59990394115448,0.779633641242981,1.1150541305541992,1.3733242750167847,1.6940319538116455,1.9550427198410034,2.2092018127441406,2.451219081878662,2.761873960494995,2.421257734298706,2.0380859375,1.9352965354919434,1.8094583749771118,1.4310581684112549,1.5757548809051514,1.6425971984863281,1.2974785566329956,1.323264718055725,1.008388876914978,1.2190784215927124,1.1180025339126587,1.1550427675247192,1.5025599002838135,1.7596057653427124,2.118374824523926,1.831542730331421,1.662844181060791,1.392476201057434,1.0360143184661865,1.0658273696899414,1.2944684028625488,1.0749486684799194,1.0685478448867798,0.9531005024909973,1.304657220840454,1.3181872367858887,1.5579298734664917,1.866459846496582,2.032322645187378,1.2326849699020386,0.9145908951759338,0.9148637652397156,1.1621862649917603,1.1151665449142456,1.4140510559082031,1.2473630905151367,1.1124032735824585,1.4334750175476074,1.5322617292404175,1.744477391242981,2.037869453430176,2.085963010787964,2.370443344116211,2.606560230255127
B5,1.822363018989563,1.4482768774032593,1.388532042503357,1.4060359001159668,1.1203577518463135,1.4168064594268799,1.3725569248199463,1.0531659126281738,1.2946888208389282,1.1602436304092407,1.4464774131774902,1.5993589162826538,1.6256598234176636,1.975749135017395,2.2572243213653564,1.0935158729553223,0.8332762718200684,0.6393788456916809,0.3819076418876648,0.0,0.3850574493408203,0.5330162048339844,0.5163337588310242,0.8645389676094055,1.0523948669433594,1.4009989500045776,1.6355466842651367,1.8719656467437744,2.1393275260925293,2.4348912239074707,2.086230516433716,1.7052351236343384,1.5950887203216553,1.5124399662017822,1.147965669631958,1.357953429222107,1.408249020576477,1.0606003999710083,1.187488079071045,0.9473745226860046,1.221435785293579,1.2398916482925415,1.3050386905670166,1.670455813407898,1.9733176231384277,1.7686821222305298,1.4814375638961792,1.2918508052825928,1.0440425872802734,0.6784032583236694,0.7959131002426147,1.0211199522018433,0.8072389960289001,0.9305904507637024,0.9126758575439453,1.2923070192337036,1.4100085496902466,1.6336147785186768,1.9509680271148682,2.1543595790863037,1.413408637046814,1.0532784461975098,0.9932356476783752,1.1298953294754028,0.960871160030365,1.281501054763794,1.1696054935455322,0.9392682313919067,1.2365798950195312,1.2645798921585083,1.5113327503204346,1.762569546699524,1.8136413097381592,2.1287922859191895,2.341939926147461
B6,1.8135319948196411,1.4385550022125244,1.4698692560195923,1.5486750602722168,1.3105571269989014,1.572011947631836,1.4367952346801758,1.1250133514404297,1.315369963645935,1.1828489303588867,1.384555459022522,1.5723652839660645,1.5388319492340088,1.87172269821167,2.1452512741088867,1.1410267353057861,0.9521071314811707,0.838580310344696,0.4833114743232727,0.3850574493408203,0.0,0.3641785979270935,0.5192437767982483,0.7254345417022705,0.9959453344345093,1.3052808046340942,1.54122793674469,1.8336701393127441,2.0529513359069824,2.3577988147735596,2.3014111518859863,1.9103589057922363,1.8484243154525757,1.8140733242034912,1.4676216840744019,1.6821943521499634,1.6725943088531494,1.307613730430603,1.3979716300964355,1.1254533529281616,1.3089420795440674,1.3113325834274292,1.2645517587661743,1.648005723953247,1.9051507711410522,1.8949581384658813,1.6701968908309937,1.4238743782043457,1.1390501260757446,0.8470113277435303,0.91901695728302,1.2310292720794678,1.1087937355041504,1.2376060485839844,1.2559767961502075,1.6318292617797852,1.7245491743087769,1.9724154472351074,2.2794272899627686,2.474430561065674,1.6807998418807983,1.3534724712371826,1.2803715467453003,1.4650399684906006,1.3187862634658813,1.6563855409622192,1.5507594347000122,1.3221144676208496,1.602386236190796,1.5893486738204956,1.8117525577545166,2.0348780155181885,2.0305867195129395,2.3551363945007324,2.5311126708984375
B7,1.900654673576355,1.5056967735290527,1.5775734186172485,1.5866234302520752,1.306548833847046,1.4955674409866333,1.3507004976272583,1.000797152519226,1.0902936458587646,0.8872362375259399,1.0572537183761597,1.216787338256836,1.17682945728302,1.5149005651474,1.7902804613113403,1.0608471632003784,0.8136849403381348,0.8521575331687927,0.59990394115448,0.5330162048339844,0.3641785979270935,0.0,0.37187737226486206,0.5929716229438782,0.9316867589950562,1.1821357011795044,1.4886398315429688,1.756221890449524,1.9466315507888794,2.280876874923706,2.206927537918091,1.805446743965149,1.8096530437469482,1.75669264793396,1.418934941291809,1.5757147073745728,1.5047075748443604,1.135538101196289,1.1519017219543457,0.8654754757881165,0.9865131378173828,1.023819923400879,0.9572048187255859,1.342582106590271,1.6227436065673828,2.080716133117676,1.8385372161865234,1.5643521547317505,1.3433321714401245,1.0400925874710083,1.2087616920471191,1.4856269359588623,1.3083914518356323,1.4635564088821411,1.4182984828948975,1.7919443845748901,1.8571842908859253,2.0512049198150635,2.3883986473083496,2.544222831726074,1.6235958337783813,1.3463739156723022,1.1779319047927856,1.369534969329834,1.2586437463760376,1.6275173425674438,1.5857739448547363,1.3982415199279785,1.7246012687683105,1.7404632568359375,2.0146994590759277,2.232229471206665,2.2711541652679443,2.607799530029297,2.7876737117767334
B8,1.6028869152069092,1.2031939029693604,1.255598545074463,1.227043628692627,0.9407671689987183,1.1260864734649658,0.9968132972717285,0.6453820466995239,0.8121747970581055,0.6979746222496033,0.9676265716552734,1.1861143112182617,1.261114239692688,1.5727629661560059,1.8944404125213623,1.3261101245880127,1.0068005323410034,1.0009264945983887,0.779633641242981,0.5163337588310242,0.5192437767982483,0.37187737226486206,0.0,0.4010978937149048,0.6363719701766968,0.9335580468177795,1.2277204990386963,1.4576526880264282,1.6900042295455933,2.0123355388641357,1.8477308750152588,1.4479763507843018,1.4529341459274292,1.4332228899002075,1.121200680732727,1.3207950592041016,1.231488585472107,0.8698466420173645,0.9923290610313416,0.8106621503829956,1.015555500984192,1.165415644645691,1.1809114217758179,1.5495014190673828,1.8756197690963745,1.7895143032073975,1.5393712520599365,1.2521147727966309,1.0898910760879517,0.8007481098175049,1.0661991834640503,1.297690749168396,1.1198478937149048,1.3595445156097412,1.361286997795105,1.7335931062698364,1.8656213283538818,2.035710573196411,2.3782262802124023,2.5584282875061035,1.701267957687378,1.393057942390442,1.195625901222229,1.2859735488891602,1.0853773355484009,1.453786015510559,1.4662693738937378,1.2300039529800415,1.5279183387756348,1.4981828927993774,1.8024048805236816,1.9801931381225586,2.039376974105835,2.392369031906128,2.558025598526001
B9,1.405942678451538,1.0167559385299683,1.190065860748291,1.2062203884124756,1.0136487483978271,1.1187366247177124,0.868380069732666,0.5969836115837097,0.6942130327224731,0.7036508321762085,0.8620184063911438,1.1769208908081055,1.2582447528839111,1.5025606155395508,1.8464910984039307,1.6438685655593872,1.3533796072006226,1.3763350248336792,1.1150541305541992,0.8645389676094055,0.7254345417022705,0.5929716229438782,0.4010978937149048,0.0,0.379412978887558,0.596438467502594,0.8985438942909241,1.1747995615005493,1.358896255493164,1.6888089179992676,1.877668857574463,1.4909991025924683,1.5595049858093262,1.6239222288131714,1.3734157085418701,1.5930216312408447,1.43772292137146,1.1106336116790771,1.2431046962738037,1.1134417057037354,1.2375422716140747,1.4279364347457886,1.3690049648284912,1.7275696992874146,2.02661395072937,1.7878971099853516,1.6127533912658691,1.2655307054519653,1.1312538385391235,0.9607751369476318,1.2255958318710327,1.4846820831298828,1.3874770402908325,1.6692548990249634,1.7250248193740845,2.098468065261841,2.2503116130828857,2.430104970932007,2.767916440963745,2.9566681385040283,2.0930557250976562,1.7928868532180786,1.5842348337173462,1.6626737117767334,1.4432008266448975,1.8054560422897339,1.8430860042572021,1.581771969795227,1.8416509628295898,1.7484312057495117,2.041274070739746,2.1622982025146484,2.1808362007141113,2.5503625869750977,2.6644914150238037
B10,1.0600639581680298,0.6735284328460693,0.8757448196411133,0.8815046548843384,0.770378589630127,0.835229754447937,0.5391009449958801,0.4055907428264618,0.6176513433456421,0.8134858012199402,1.0126144886016846,1.3577003479003906,1.5188701152801514,1.722259283065796,2.088131904602051,1.9578944444656372,1.6392011642456055,1.6227962970733643,1.3733242750167847,1.0523948669433594,0.9959453344345093,0.9316867589950562,0.6363719701766968,0.379412978887558,0.0,0.3800540268421173,0.5971219539642334,0.8419796824455261,1.0876761674880981,1.3894004821777344,1.6045118570327759,1.2430171966552734,1.3174269199371338,1.4588465690612793,1.278014063835144,1.5417664051055908,1.3758716583251953,1.1067708730697632,1.3334401845932007,1.3000409603118896,1.468717098236084,1.7094190120697021,1.6976494789123535,2.0434329509735107,2.3640613555908203,1.5110164880752563,1.3690086603164673,0.9997700452804565,0.9584929347038269,0.8918307423591614,1.2022428512573242,1.404128074645996,1.3519287109375,1.693108320236206,1.804624319076538,2.1601316928863525,2.366786479949951,2.5339155197143555,2.8626065254211426,3.075653314590454,2.2934622764587402,1.9731911420822144,1.7668957710266113,1.7709038257598877,1.4887288808822632,1.8172624111175537,1.890987515449524,1.593227505683899,1.791657567024231,1.6344611644744873,1.9279980659484863,1.9856696128845215,2.002915143966675,2.3817057609558105,2.4615421295166016
B11,1.1121751070022583,0.8007427453994751,1.0943384170532227,1.0744407176971436,1.0246528387069702,0.9487264752388,0.5895388722419739,0.5974125862121582,0.5813125371932983,0.8542515635490417,0.9256591796875,1.3017535209655762,1.4834078550338745,1.6068352460861206,1.978196382522583,2.2127034664154053,1.89615797996521,1.9339224100112915,1.6940319538116455,1.4009989500045776,1.3052808046340942,1.1821357011795044,0.9335580468177795,0.596438467502594,0.3800540268421173,0.0,0.3873702883720398,0.6153185367584229,0.7652994990348816,1.104392647743225,1.6458749771118164,1.3188235759735107,1.4859658479690552,1.661438226699829,1.536729097366333,1.7615655660629272,1.5301986932754517,1.3068382740020752,1.4896751642227173,1.494658350944519,1.5906882286071777,1.8669475317001343,1.8206202983856201,2.135460138320923,2.4408209323883057,1.7425284385681152,1.6490951776504517,1.2733914852142334,1.2872565984725952,1.2655564546585083,1.5703661441802979,1.7675650119781494,1.7239445447921753,2.0704727172851562,2.172055721282959,2.5260238647460938,2.7252089977264404,2.8757851123809814,3.21340274810791,3.412522792816162,2.5803518295288086,2.2864675521850586,2.044304609298706,2.0440375804901123,1.778450846672058,2.1070470809936523,2.217568874359131,1.9360425472259521,2.136066198348999,1.9734712839126587,2.2734570503234863,2.3006625175476074,2.317035436630249,2.6974434852600098,2.748566150665283
B12,0.8079706430435181,0.6025279760360718,0.9636790156364441,1.0139089822769165,1.1050916910171509,1.0220568180084229,0.6666843295097351,0.8406049013137817,0.9111732840538025,1.2244149446487427,1.30292809009552,1.678196907043457,1.8650752305984497,1.9676330089569092,2.3362510204315186,2.535947322845459,2.224327802658081,2.218249559402466,1.9550427198410034,1.6355466842651367,1.54122793674469,1.4886398315429688,1.2277204990386963,0.8985438942909241,0.5971219539642334,0.3873702883720398,0.0,0.376359760761261,0.554263710975647,0.8181207180023193,1.6677502393722534,1.3994240760803223,1.5419838428497314,1.7867227792739868,1.711704969406128,1.9767987728118896,1.767217993736267,1.5788525342941284,1.8138437271118164,1.8396480083465576,1.9645799398422241,2.238719940185547,2.1969211101531982,2.51908540725708,2.820869207382202,1.5725523233413696,1.5653603076934814,1.1925402879714966,1.25657320022583,1.3492969274520874,1.6229556798934937,1.7951894998550415,1.8239868879318237,2.191289186477661,2.350682497024536,2.691854238510132,2.9283125400543213,3.093449115753174,3.413048028945923,3.6394460201263428,2.88167667388916,2.563493251800537,2.348451852798462,2.3234670162200928,2.0224063396453857,2.322599411010742,2.427307367324829,2.1143198013305664,2.2553014755249023,2.0339434146881104,2.298002243041992,2.2652876377105713,2.2422680854797363,2.6183760166168213,2.61767315864563
B13,0.8377920389175415,0.7396090626716614,1.0338451862335205,0.9854282736778259,1.1247245073318481,0.9278151392936707,0.6340088844299316,0.9308211207389832,0.9600356817245483,1.3249993324279785,1.4111891984939575,1.7628369331359863,2.00758957862854,2.0759572982788086,2.4485127925872803,2.7715718746185303,2.4323008060455322,2.4367237091064453,2.2092018127441406,1.8719656467437744,1.8336701393127441,1.756221890449524,1.4576526880264282,1.1747995615005493,0.8419796824455261,0.6153185367584229,0.376359760761261,0.0,0.3756902515888214,0.5883753895759583,1.4314502477645874,1.229858160018921,1.4254151582717896,1.7086923122406006,1.7140552997589111,1.955604076385498,1.7212282419204712,1.6088786125183105,1.8599554300308228,1.9580837488174438,2.085824489593506,2.3987371921539307,2.394470453262329,2.6923954486846924,3.0142669677734375,1.610522747039795,1.6101348400115967,1.2730716466903687,1.4339712858200073,1.5427606105804443,1.8470698595046997,1.9596723318099976,1.9739601612091064,2.358487606048584,2.513110876083374,2.832847833633423,3.0862903594970703,3.2164618968963623,3.5368990898132324,3.759033441543579,3.0269737243652344,2.721078872680664,2.484968900680542,2.4090933799743652,2.0962464809417725,2.3641951084136963,2.5162932872772217,2.21427845954895,2.3290083408355713,2.098565101623535,2.3755431175231934,2.30314564704895,2.3150839805603027,2.6839723587036133,2.670051097869873
