,A1,A2,A3,A4,A5,A6,A7,A8,A9,A10,A11,A12,A13,A14,A15,B1,B2,B3,B4,B5,B6,B7,B8,B9,B10,B11,B12,B13,B14,B15,C1,C2,C3,C4,C5,C6,C7,C8,C9,C10,C11,C12,C13,C14,C15,D1,D2,D3,D4,D5,D6,D7,D8,D9,D10,D11,D12,D13,D14,D15,E1,E2,E3,E4,E5,E6,E7,E8,E9,E10,E11,E12,E13,E14,E15
A1,0.0,0.39854103326797485,0.5356804728507996,0.9375044703483582,1.2038629055023193,1.2839006185531616,1.0521684885025024,1.2538115978240967,1.542531967163086,1.8380212783813477,2.0261337757110596,2.378727912902832,2.533069372177124,2.743542432785034,3.1262383460998535,2.943019390106201,2.561821937561035,2.4754748344421387,2.33111572265625,1.971763253211975,1.9764785766601562,2.0264945030212402,1.7040997743606567,1.5097070932388306,1.1598155498504639,1.2091419696807861,0.9038788676261902,0.975848376750946,1.220800757408142,1.172504186630249,1.4871324300765991,1.2634321451187134,1.545295000076294,1.5433508157730103,1.5046695470809937,1.8901277780532837,1.9377326965332031,1.8430103063583374,2.2296547889709473,2.277698040008545,2.6473796367645264,2.7969412803649902,2.999464511871338,3.336276054382324,3.5651276111602783,0.4111472964286804,0.4529114067554474,0.6885626316070557,1.0424690246582031,1.2427635192871094,1.4115978479385376,1.1755032539367676,1.2188740968704224,1.4739230871200562,1.684553623199463,1.8918225765228271,2.2419798374176025,2.3456552028656006,2.5665528774261475,2.9342947006225586,2.91884446144104,2.5503108501434326,2.4028422832489014,2.098409652709961,1.7386153936386108,1.7953957319259644,2.011383533477783,1.7492036819458008,1.7547905445098877,1.534544587135315,1.7509251832962036,1.5595844984054565,1.7697449922561646,2.026550769805908,2.0391173362731934
A2,0.39854103326797485,0.0,0.3947845995426178,0.7335288524627686,0.896759033203125,1.027491569519043,0.784211277961731,0.9033030867576599,1.221657395362854,1.4858685731887817,1.7029786109924316,2.04003643989563,2.194376230239868,2.4332175254821777,2.808061361312866,2.5549778938293457,2.1726090908050537,2.085261106491089,1.9386935234069824,1.5785218477249146,1.6032931804656982,1.6525459289550781,1.3218990564346313,1.1685867309570312,0.8315895795822144,0.9785952568054199,0.7765023112297058,0.9287269711494446,1.2419310808181763,1.315658688545227,1.358472466468811,1.0519810914993286,1.2770295143127441,1.2366960048675537,1.140929937362671,1.530326008796692,1.5818140506744385,1.460350751876831,1.8409767150878906,1.883156180381775,2.2553553581237793,2.402667760848999,2.6143856048583984,2.945526599884033,3.17563796043396,0.5415531992912292,0.22407886385917664,0.4540278911590576,0.7321493029594421,0.863043487071991,1.0591566562652588,0.8518157601356506,0.8529458045959473,1.1587140560150146,1.362644910812378,1.618577480316162,1.9522037506103516,2.0903570652008057,2.334744691848755,2.6996474266052246,2.5504162311553955,2.173926830291748,2.0478265285491943,1.7686821222305298,1.3981760740280151,1.4919710159301758,1.6766901016235352,1.3923770189285278,1.4347312450408936,1.2206639051437378,1.486039638519287,1.359102487564087,1.576151728630066,1.8756343126296997,1.96125066280365
A3,0.5356804728507996,0.3947845995426178,0.0,0.40213263034820557,0.6977118253707886,0.7993057370185852,0.666221559047699,0.8871705532073975,1.2270909547805786,1.5286418199539185,1.7842097282409668,2.1053807735443115,2.3180670738220215,2.5510215759277344,2.9104576110839844,2.5851194858551025,2.196943759918213,2.179145574569702,2.0778138637542725,1.726534366607666,1.8119395971298218,1.8098156452178955,1.4495567083358765,1.3379029035568237,0.9831870794296265,1.0986040830612183,0.9219935536384583,0.9220080375671387,1.27213716506958,1.3439435958862305,1.3882282972335815,1.0945311784744263,1.3793796300888062,1.4302159547805786,1.3290207386016846,1.7102000713348389,1.686388611793518,1.5266379117965698,1.8858944177627563,1.9006329774856567,2.2506825923919678,2.417067766189575,2.58166241645813,2.931478261947632,3.180589199066162,0.7934755086898804,0.5190596580505371,0.8420805335044861,1.0688278675079346,1.092353105545044,1.3253560066223145,1.1156448125839233,0.9860893487930298,1.2510120868682861,1.3523149490356445,1.5907199382781982,1.8958332538604736,1.9647912979125977,2.2334766387939453,2.5755202770233154,2.487003803253174,2.1324679851531982,1.939286470413208,1.62844979763031,1.2775330543518066,1.2808575630187988,1.5094623565673828,1.2805612087249756,1.2832270860671997,1.129364252090454,1.3792370557785034,1.2733502388000488,1.5648456811904907,1.815363883972168,1.909662127494812
A4,0.9375044703483582,0.7335288524627686,0.40213263034820557,0.0,0.3850542902946472,0.5003014206886292,0.5615054368972778,0.7608136534690857,1.1059110164642334,1.3918589353561401,1.693321704864502,1.9729161262512207,2.231126308441162,2.473519802093506,2.805251121520996,2.3681976795196533,1.9826266765594482,2.0312016010284424,1.9754432439804077,1.6491714715957642,1.7974669933319092,1.7479218244552612,1.3773802518844604,1.3452215194702148,1.0310897827148438,1.1753201484680176,1.1124935150146484,1.0598515272140503,1.432777762413025,1.569594144821167,1.4644359350204468,1.149321436882019,1.4045116901397705,1.492274522781372,1.3477849960327148,1.6959106922149658,1.6121519804000854,1.3985193967819214,1.7104939222335815,1.6879609823226929,2.0080699920654297,2.185142755508423,2.30802321434021,2.666926860809326,2.930680274963379,1.1693601608276367,0.8427372574806213,1.1321358680725098,1.2583348751068115,1.1541662216186523,1.4132357835769653,1.2485376596450806,1.000110387802124,1.239467978477478,1.2238229513168335,1.4764939546585083,1.7211167812347412,1.7510743141174316,2.0590436458587646,2.3678598403930664,2.197369337081909,1.8647680282592773,1.6248120069503784,1.3097952604293823,0.985163152217865,0.9127790927886963,1.1599762439727783,0.9871135950088501,0.9892492294311523,0.9373509883880615,1.2050111293792725,1.198155164718628,1.5406802892684937,1.7687842845916748,1.9248642921447754
A5,1.2038629055023193,0.896759033203125,0.6977118253707886,0.3850542902946472,0.0,0.3763653635978699,0.5206608772277832,0.5234368443489075,0.8765371441841125,1.096345067024231,1.4366540908813477,1.676111102104187,1.9400441646575928,2.207637310028076,2.519421100616455,1.9917445182800293,1.605872392654419,1.674126148223877,1.6368465423583984,1.332867980003357,1.5192316770553589,1.4476292133331299,1.0828453302383423,1.1376914978027344,0.9029980897903442,1.121889591217041,1.1819016933441162,1.1915018558502197,1.5672643184661865,1.7775133848190308,1.5164979696273804,1.1560029983520508,1.311291217803955,1.3578134775161743,1.146255612373352,1.4545066356658936,1.361500859260559,1.0934720039367676,1.3657864332199097,1.3127577304840088,1.6284918785095215,1.8011324405670166,1.9254238605499268,2.2826132774353027,2.548494577407837,1.3789883852005005,0.9928004741668701,1.187954068183899,1.193137288093567,0.9769388437271118,1.2449783086776733,1.1572893857955933,0.8437795042991638,1.0980033874511719,1.025635004043579,1.3353983163833618,1.5302846431732178,1.6002309322357178,1.9358638525009155,2.229130744934082,1.8290029764175415,1.4879777431488037,1.2624562978744507,0.9780309200286865,0.6337788701057434,0.6072323322296143,0.8137710690498352,0.6180238127708435,0.7169826030731201,0.7423893213272095,1.0781910419464111,1.1847362518310547,1.5097904205322266,1.768369436264038,1.9937025308609009
A6,1.2839006185531616,1.027491569519043,0.7993057370185852,0.5003014206886292,0.3763653635978699,0.0,0.35854005813598633,0.5175620913505554,0.7341042757034302,1.0264769792556763,1.3189765214920044,1.5711610317230225,1.8718806505203247,2.0871214866638184,2.397026300430298,2.020260810852051,1.654893398284912,1.7444275617599487,1.7795110940933228,1.5143994092941284,1.6511986255645752,1.506632924079895,1.1583716869354248,1.1349436044692993,0.8889312744140625,0.987141489982605,1.0712716579437256,0.9891483783721924,1.3437448740005493,1.5851389169692993,1.8676142692565918,1.5119950771331787,1.67664635181427,1.690120816230774,1.442100167274475,1.7502249479293823,1.6908447742462158,1.3894178867340088,1.6169909238815308,1.4882789850234985,1.7842655181884766,1.8944991827011108,1.974327564239502,2.349917411804199,2.579129457473755,1.5459578037261963,1.1842634677886963,1.3504949808120728,1.3356784582138062,1.149499535560608,1.480757713317871,1.435546636581421,1.1636379957199097,1.4588725566864014,1.3934710025787354,1.7071633338928223,1.881484031677246,1.930275559425354,2.277639865875244,2.5497400760650635,1.8030365705490112,1.4996047019958496,1.2463117837905884,0.8835801482200623,0.5999875664710999,0.5979474186897278,0.9140965342521667,0.8396974205970764,1.0197700262069702,1.1099510192871094,1.4384347200393677,1.5456702709197998,1.8803621530532837,2.1272366046905518,2.3379790782928467
A7,1.0521684885025024,0.784211277961731,0.666221559047699,0.5615054368972778,0.5206608772277832,0.35854005813598633,0.0,0.3729976415634155,0.6014088988304138,0.9450255632400513,1.186434030532837,1.4988149404525757,1.7551591396331787,1.960357427597046,2.3048362731933594,2.074718952178955,1.7071185111999512,1.7181154489517212,1.7201234102249146,1.4342222213745117,1.4975110292434692,1.3745874166488647,1.0268515348434448,0.8981593251228333,0.5886990427970886,0.6599735617637634,0.7190036177635193,0.699191153049469,1.0645228624343872,1.3169472217559814,1.850716233253479,1.4824706315994263,1.6403266191482544,1.5905158519744873,1.3324166536331177,1.6713601350784302,1.681872844696045,1.4018044471740723,1.6711909770965576,1.5620477199554443,1.8964112997055054,1.9794667959213257,2.1078615188598633,2.4744012355804443,2.6778388023376465,1.3216631412506104,0.9722397327423096,1.0723309516906738,1.0505340099334717,0.9342501759529114,1.292838454246521,1.260149598121643,1.0696241855621338,1.426594853401184,1.4557729959487915,1.7890775203704834,2.012162446975708,2.1119635105133057,2.439511775970459,2.7435214519500732,1.9509950876235962,1.620618462562561,1.4390199184417725,1.0933247804641724,0.7727492451667786,0.9022648930549622,1.172751784324646,1.0159355401992798,1.2185088396072388,1.2179481983184814,1.5676792860031128,1.6214594841003418,1.9223283529281616,2.2064261436462402,2.390500545501709
A8,1.2538115978240967,0.9033030867576599,0.8871705532073975,0.7608136534690857,0.5234368443489075,0.5175620913505554,0.3729976415634155,0.0,0.40027546882629395,0.6476466655731201,0.9482725858688354,1.2338967323303223,1.472244381904602,1.7250397205352783,2.061340093612671,1.7392722368240356,1.3647009134292603,1.3554550409317017,1.348089575767517,1.069895625114441,1.1526049375534058,1.0265530347824097,0.6692368388175964,0.6357159614562988,0.4410000443458557,0.6820963621139526,0.8727333545684814,0.976996660232544,1.314371109008789,1.6003061532974243,1.8100073337554932,1.416243314743042,1.4847328662872314,1.382594108581543,1.0704853534698486,1.3709733486175537,1.400273323059082,1.0934714078903198,1.336501121520996,1.2160422801971436,1.561655044555664,1.636108160018921,1.796359658241272,2.1510331630706787,2.3545262813568115,1.4329688549041748,1.0446947813034058,1.0587797164916992,0.9152130484580994,0.6815375685691833,1.0424453020095825,1.0890120267868042,0.8767071962356567,1.2440123558044434,1.2658674716949463,1.6323668956756592,1.8279107809066772,1.978878140449524,2.3078856468200684,2.6075246334075928,1.6777867078781128,1.3200129270553589,1.1982604265213013,0.9158046841621399,0.5656992793083191,0.8164727091789246,0.9937959313392639,0.7894249558448792,1.0684823989868164,1.078013300895691,1.455705165863037,1.5670726299285889,1.8308486938476562,2.143937826156616,2.3720293045043945
A9,1.542531967163086,1.221657395362854,1.2270909547805786,1.1059110164642334,0.8765371441841125,0.7341042757034302,0.6014088988304138,0.40027546882629395,0.0,0.37415194511413574,0.5951473712921143,0.8978862166404724,1.1653550863265991,1.372694730758667,1.707977056503296,1.574997067451477,1.2426660060882568,1.2305271625518799,1.3194706439971924,1.1316545009613037,1.1411128044128418,0.9071701765060425,0.6412611603736877,0.5375598669052124,0.5138741731643677,0.5991020202636719,0.9225473999977112,1.0106004476547241,1.2720290422439575,1.6192337274551392,2.2001192569732666,1.8032355308532715,1.8373191356658936,1.687364101409912,1.3368223905563354,1.5852901935577393,1.6560736894607544,1.323286771774292,1.4817402362823486,1.277084469795227,1.5860358476638794,1.5660715103149414,1.6975340843200684,2.0519561767578125,2.1968512535095215,1.7477446794509888,1.3837544918060303,1.326584815979004,1.1066817045211792,0.8878065347671509,1.2567238807678223,1.3877300024032593,1.2185860872268677,1.5889497995376587,1.6023446321487427,1.9791735410690308,2.139265775680542,2.29874849319458,2.637784004211426,2.916292190551758,1.5221631526947021,1.2036662101745605,1.1307563781738281,0.8521662354469299,0.6289812922477722,0.9601479172706604,1.1325314044952393,1.0186755657196045,1.3667576313018799,1.4324833154678345,1.8124638795852661,1.9541523456573486,2.209507703781128,2.526529550552368,2.7662553787231445
A10,1.8380212783813477,1.4858685731887817,1.5286418199539185,1.3918589353561401,1.096345067024231,1.0264769792556763,0.9450255632400513,0.6476466655731201,0.37415194511413574,0.0,0.38057419657707214,0.5908660888671875,0.8523402810096741,1.116486668586731,1.427898645401001,1.2226991653442383,0.9068235754966736,0.8721190690994263,1.0126969814300537,0.9086164832115173,0.9152956604957581,0.6152786016464233,0.45907899737358093,0.5316265821456909,0.7248111367225647,0.8736110329627991,1.2270865440368652,1.364720344543457,1.600564956665039,1.9566220045089722,2.3181302547454834,1.9187790155410767,1.8760366439819336,1.6854864358901978,1.30657160282135,1.4706863164901733,1.5623035430908203,1.21967351436615,1.2906585931777954,1.0418753623962402,1.3235925436019897,1.2479544878005981,1.400872826576233,1.7350414991378784,1.857398509979248,1.989124059677124,1.6158913373947144,1.5091543197631836,1.2125080823898315,0.9293583035469055,1.23812735080719,1.4476442337036133,1.2834664583206177,1.6199713945388794,1.6152573823928833,1.9971692562103271,2.112236499786377,2.3076562881469727,2.6410818099975586,2.900735855102539,1.254840612411499,0.931319534778595,0.9709721803665161,0.8183271884918213,0.685992956161499,1.0639127492904663,1.1261820793151855,1.024926781654358,1.4121878147125244,1.5008522272109985,1.8740900754928589,2.063001871109009,2.2811660766601562,2.6087725162506104,2.8818535804748535
A11,2.0261337757110596,1.7029786109924316,1.7842097282409668,1.693321704864502,1.4366540908813477,1.3189765214920044,1.186434030532837,0.9482725858688354,0.5951473712921143,0.38057419657707214,0.0,0.37656617164611816,0.5929743647575378,0.7802117466926575,1.1266480684280396,1.2947607040405273,1.0677796602249146,0.9683994650840759,1.153204083442688,1.1249638795852661,1.0124238729476929,0.6792777180671692,0.6922775506973267,0.6169953346252441,0.8786102533340454,0.9045757055282593,1.2850728034973145,1.4334979057312012,1.5871027708053589,1.9618109464645386,2.6369011402130127,2.237916946411133,2.1876978874206543,1.9561491012573242,1.5753616094589233,1.7212653160095215,1.8645421266555786,1.543102741241455,1.5920466184616089,1.334844708442688,1.5805975198745728,1.4267116785049438,1.5687029361724854,1.8699003458023071,1.9159433841705322,2.187303066253662,1.8462588787078857,1.6821119785308838,1.3559602499008179,1.1454441547393799,1.4419785737991333,1.6871697902679443,1.5864700078964233,1.9385592937469482,1.9689463376998901,2.3520750999450684,2.4731197357177734,2.681757926940918,3.0100533962249756,3.2707102298736572,1.3973039388656616,1.1410870552062988,1.2421700954437256,1.1123228073120117,1.041253685951233,1.4109809398651123,1.4872380495071411,1.4050456285476685,1.792536973953247,1.8689855337142944,2.2438201904296875,2.417149066925049,2.623443365097046,2.961801290512085,3.224076986312866
A12,2.378727912902832,2.04003643989563,2.1053807735443115,1.9729161262512207,1.676111102104187,1.5711610317230225,1.4988149404525757,1.2338967323303223,0.8978862166404724,0.5908660888671875,0.37656617164611816,0.0,0.3784500062465668,0.5841014981269836,0.8447437882423401,1.0080646276474,0.8750097155570984,0.8109027743339539,1.1007497310638428,1.1906119585037231,1.1072256565093994,0.7496819496154785,0.8821269869804382,0.9372262358665466,1.2273268699645996,1.2799427509307861,1.660433292388916,1.7954431772232056,1.945037603378296,2.3249096870422363,2.866084575653076,2.4698519706726074,2.379565477371216,2.1466472148895264,1.7612091302871704,1.8361977338790894,1.9655120372772217,1.6402678489685059,1.5939021110534668,1.2920517921447754,1.4563571214675903,1.2248388528823853,1.3310688734054565,1.5993434190750122,1.5941991806030273,2.525556802749634,2.1710124015808105,2.010169267654419,1.6653908491134644,1.4145543575286865,1.6643427610397339,1.9373775720596313,1.8148250579833984,2.1272945404052734,2.116176128387451,2.490624189376831,2.559129476547241,2.7713797092437744,3.0996174812316895,3.328033447265625,1.1550050973892212,0.9728536605834961,1.1604485511779785,1.140818476676941,1.1766687631607056,1.533151626586914,1.545111060142517,1.5178142786026,1.9173532724380493,2.0372073650360107,2.396362781524658,2.6139795780181885,2.8074758052825928,3.1381916999816895,3.4289803504943848
A13,2.533069372177124,2.194376230239868,2.3180670738220215,2.231126308441162,1.9400441646575928,1.8718806505203247,1.7551591396331787,1.472244381904602,1.1653550863265991,0.8523402810096741,0.5929743647575378,0.3784500062465668,0.0,0.3833586871623993,0.6628947854042053,1.067505121231079,1.0071972608566284,0.8109610080718994,1.0555208921432495,1.2085237503051758,1.0339910984039307,0.727257251739502,0.9893810153007507,1.0305842161178589,1.3765803575515747,1.4377872943878174,1.8075956106185913,1.9975378513336182,2.118173360824585,2.487894296646118,2.994110107421875,2.6053919792175293,2.4749088287353516,2.193787097930908,1.8175718784332275,1.8464123010635376,2.0306403636932373,1.7484554052352905,1.689130425453186,1.4274171590805054,1.581044316291809,1.3210086822509766,1.4816932678222656,1.683524250984192,1.6290075778961182,2.6381924152374268,2.3073220252990723,2.0876524448394775,1.7077381610870361,1.4917380809783936,1.6814607381820679,1.9952945709228516,1.9343199729919434,2.2360808849334717,2.2676596641540527,2.6364924907684326,2.7117769718170166,2.962219476699829,3.268324375152588,3.505341053009033,1.3818669319152832,1.2104034423828125,1.464988350868225,1.4864903688430786,1.4888724088668823,1.8566555976867676,1.8410019874572754,1.769737958908081,2.1571342945098877,2.2358813285827637,2.5880610942840576,2.7915115356445312,2.944956064224243,3.292448043823242,3.5790934562683105
A14,2.743542432785034,2.4332175254821777,2.5510215759277344,2.473519802093506,2.207637310028076,2.0871214866638184,1.960357427597046,1.7250397205352783,1.372694730758667,1.116486668586731,0.7802117466926575,0.5841014981269836,0.3833586871623993,0.0,0.3957483172416687,1.334631085395813,1.3314104080200195,1.1782066822052002,1.4362215995788574,1.5860131978988647,1.3896507024765015,1.0910522937774658,1.323306918144226,1.2852333784103394,1.6028492450714111,1.5792840719223022,1.9440983533859253,2.103252649307251,2.16264271736145,2.536309242248535,3.329955816268921,2.937438726425171,2.828521966934204,2.5461533069610596,2.1700546741485596,2.2180495262145996,2.407493829727173,2.1200382709503174,2.0660996437072754,1.7906004190444946,1.9247016906738281,1.6394131183624268,1.7476420402526855,1.9341644048690796,1.8210088014602661,2.8794729709625244,2.565654754638672,2.3395566940307617,1.97121262550354,1.7970391511917114,2.010186195373535,2.3160481452941895,2.266874074935913,2.5886149406433105,2.624898910522461,2.9985504150390625,3.0790536403656006,3.317152738571167,3.631746768951416,3.866222620010376,1.5953314304351807,1.4895646572113037,1.7198688983917236,1.715000867843628,1.7498341798782349,2.109208106994629,2.1287758350372314,2.0870554447174072,2.4823267459869385,2.572434902191162,2.9329757690429688,3.1292006969451904,3.2978696823120117,3.645108699798584,3.9233410358428955
A15,3.1262383460998535,2.808061361312866,2.9104576110839844,2.805251121520996,2.519421100616455,2.397026300430298,2.3048362731933594,2.061340093612671,1.707977056503296,1.427898645401001,1.1266480684280396,0.8447437882423401,0.6628947854042053,0.3957483172416687,0.0,1.3324955701828003,1.439801573753357,1.3301554918289185,1.6299315690994263,1.8433750867843628,1.6754753589630127,1.3848137855529785,1.6432186365127563,1.6559981107711792,1.9775758981704712,1.9626520872116089,2.3312265872955322,2.4739410877227783,2.529754877090454,2.906956195831299,3.650548219680786,3.2600252628326416,3.1305840015411377,2.8521838188171387,2.477005958557129,2.4840359687805176,2.659100294113159,2.373425245285034,2.2605957984924316,1.9669159650802612,2.030489206314087,1.6980414390563965,1.7554630041122437,1.8817044496536255,1.693002462387085,3.26107120513916,2.9375529289245605,2.7184019088745117,2.3444457054138184,2.148115396499634,2.3414275646209717,2.6569676399230957,2.5913491249084473,2.8896241188049316,2.8972949981689453,3.2620790004730225,3.305438995361328,3.540088176727295,3.8534226417541504,4.060434818267822,1.6067694425582886,1.5932377576828003,1.856925368309021,1.9132682085037231,2.0093109607696533,2.350578784942627,2.3384883403778076,2.3367981910705566,2.7335383892059326,2.8533990383148193,3.2020208835601807,3.426170587539673,3.5895142555236816,3.928835153579712,4.225371360778809
B1,2.943019390106201,2.5549778938293457,2.5851194858551025,2.3681976795196533,1.9917445182800293,2.020260810852051,2.074718952178955,1.7392722368240356,1.574997067451477,1.2226991653442383,1.2947607040405273,1.0080646276474,1.067505121231079,1.334631085395813,1.3324955701828003,0.0,0.393093079328537,0.5836313366889954,0.9204307198524475,1.2006274461746216,1.3257756233215332,1.1151288747787476,1.2909427881240845,1.6040515899658203,1.8838613033294678,2.0858776569366455,2.4372847080230713,2.583458662033081,2.8159735202789307,3.178093194961548,2.930421829223633,2.5785272121429443,2.3834142684936523,2.199963331222534,1.8665075302124023,1.7578994035720825,1.7866629362106323,1.5133131742477417,1.225997805595398,0.9158462285995483,0.7877334356307983,0.4093405604362488,0.48465752601623535,0.6165874600410461,0.6527628302574158,3.0106637477874756,2.623466968536377,2.5121076107025146,2.1730122566223145,1.821284294128418,1.9238158464431763,2.196525812149048,2.0047075748443604,2.153073787689209,2.0252273082733154,2.32498836517334,2.2447056770324707,2.4629976749420166,2.75413179397583,2.891317129135132,0.6120613813400269,0.5975697636604309,0.9866564273834229,1.288838267326355,1.4370349645614624,1.6828184127807617,1.4795137643814087,1.5212563276290894,1.8486995697021484,2.0325050354003906,2.295621633529663,2.610175848007202,2.7394914627075195,3.0246329307556152,3.3816826343536377
B2,2.561821937561035,2.1726090908050537,2.196943759918213,1.9826266765594482,1.605872392654419,1.654893398284912,1.7071185111999512,1.3647009134292603,1.2426660060882568,0.9068235754966736,1.0677796602249146,0.8750097155570984,1.0071972608566284,1.3314104080200195,1.439801573753357,0.393093079328537,0.0,0.3889741599559784,0.6985580921173096,0.8868423104286194,1.0628831386566162,0.8486839532852173,0.9462710618972778,1.2858580350875854,1.534993290901184,1.7649250030517578,2.0998613834381104,2.2471916675567627,2.5043869018554688,2.854332447052002,2.565399646759033,2.2048795223236084,2.032179832458496,1.8607269525527954,1.5176208019256592,1.4552791118621826,1.4727660417556763,1.1661516427993774,0.9315963983535767,0.588372528553009,0.6039090156555176,0.3604907989501953,0.5659334063529968,0.8463010191917419,1.0066403150558472,2.6310410499572754,2.2396748065948486,2.1475741863250732,1.8271312713623047,1.4626824855804443,1.5863841772079468,1.8378338813781738,1.6271520853042603,1.7928391695022583,1.6700700521469116,1.990238904953003,1.9463841915130615,2.1658520698547363,2.4718620777130127,2.6434216499328613,0.6364722847938538,0.3664649724960327,0.7343562245368958,0.9895234107971191,1.0765618085861206,1.338887095451355,1.1460232734680176,1.1466408967971802,1.4885783195495605,1.65973961353302,1.9430879354476929,2.2449228763580322,2.3914794921875,2.6852188110351562,3.032545328140259
B3,2.4754748344421387,2.085261106491089,2.179145574569702,2.0312016010284424,1.674126148223877,1.7444275617599487,1.7181154489517212,1.3554550409317017,1.2305271625518799,0.8721190690994263,0.9683994650840759,0.8109027743339539,0.8109610080718994,1.1782066822052002,1.3301554918289185,0.5836313366889954,0.3889741599559784,0.0,0.3932945430278778,0.6647297143936157,0.7423376441001892,0.5610910654067993,0.7829447984695435,1.110504150390625,1.4167712926864624,1.6576571464538574,1.9906104803085327,2.195172071456909,2.431924819946289,2.7756664752960205,2.518658399581909,2.1560239791870117,1.953908920288086,1.7146719694137573,1.36415696144104,1.2796114683151245,1.388838291168213,1.1230601072311401,0.9427602887153625,0.6935772895812988,0.8145325779914856,0.6135101914405823,0.910944938659668,1.1064118146896362,1.2075934410095215,2.509279251098633,2.1406452655792236,1.9836963415145874,1.6250404119491577,1.2904623746871948,1.3722186088562012,1.6720960140228271,1.536316990852356,1.7233937978744507,1.6823678016662598,2.0141098499298096,2.019970178604126,2.289686918258667,2.572713613510132,2.781304359436035,1.0084137916564941,0.736946702003479,1.0669347047805786,1.238484263420105,1.2275068759918213,1.541191577911377,1.3830089569091797,1.2868070602416992,1.6244957447052002,1.7155678272247314,2.012850522994995,2.271834135055542,2.382236957550049,2.7076799869537354,3.0360212326049805
B4,2.33111572265625,1.9386935234069824,2.0778138637542725,1.9754432439804077,1.6368465423583984,1.7795110940933228,1.7201234102249146,1.348089575767517,1.3194706439971924,1.0126969814300537,1.153204083442688,1.1007497310638428,1.0555208921432495,1.4362215995788574,1.6299315690994263,0.9204307198524475,0.6985580921173096,0.3932945430278778,0.0,0.3775150775909424,0.49571719765663147,0.535845935344696,0.7305824160575867,1.0800278186798096,1.3672585487365723,1.6636583805084229,1.9516934156417847,2.2004144191741943,2.45444917678833,2.767813205718994,2.250520944595337,1.9065172672271729,1.6624600887298584,1.3908032178878784,1.06673002243042,0.9256697297096252,1.0843191146850586,0.8876261711120605,0.7541270852088928,0.6645764112472534,0.8672881722450256,0.815669059753418,1.1720961332321167,1.3356573581695557,1.4850445985794067,2.3046858310699463,1.957014799118042,1.7787668704986572,1.4234951734542847,1.1008968353271484,1.0837368965148926,1.3945542573928833,1.3053652048110962,1.4533371925354004,1.46449613571167,1.7798901796340942,1.815323829650879,2.1274216175079346,2.3775634765625,2.6143269538879395,1.3328683376312256,1.017244815826416,1.291245937347412,1.4287164211273193,1.324011206626892,1.6225217580795288,1.453542947769165,1.267087459564209,1.5473911762237549,1.559704065322876,1.834915280342102,2.0618700981140137,2.1234214305877686,2.4627110958099365,2.7796411514282227
B5,1.971763253211975,1.5785218477249146,1.726534366607666,1.6491714715957642,1.332867980003357,1.5143994092941284,1.4342222213745117,1.069895625114441,1.1316545009613037,0.9086164832115173,1.1249638795852661,1.1906119585037231,1.2085237503051758,1.5860131978988647,1.8433750867843628,1.2006274461746216,0.8868423104286194,0.6647297143936157,0.3775150775909424,0.0,0.3761625587940216,0.5148376226425171,0.5130430459976196,0.8690553903579712,1.0900031328201294,1.4273301362991333,1.6730221509933472,1.9289181232452393,2.2073209285736084,2.49562931060791,1.904658555984497,1.549299716949463,1.3302545547485352,1.0579899549484253,0.7073900103569031,0.6555525064468384,0.8280287981033325,0.6080278754234314,0.6551020741462708,0.6514879465103149,0.9772868752479553,1.03779935836792,1.3720364570617676,1.5936492681503296,1.7898622751235962,1.9352904558181763,1.5860724449157715,1.4241372346878052,1.093394160270691,0.7525849342346191,0.7360516786575317,1.0279467105865479,0.9314336776733398,1.1106287240982056,1.1627687215805054,1.5005370378494263,1.5989562273025513,1.9099223613739014,2.1656157970428467,2.4411330223083496,1.4886016845703125,1.116323709487915,1.2879681587219238,1.3383136987686157,1.1417163610458374,1.4281635284423828,1.2974936962127686,1.0382486581802368,1.2930529117584229,1.2496002912521362,1.543731451034546,1.7348439693450928,1.8097221851348877,2.1627037525177,2.460923433303833
B6,1.9764785766601562,1.6032931804656982,1.8119395971298218,1.7974669933319092,1.5192316770553589,1.6511986255645752,1.4975110292434692,1.1526049375534058,1.1411128044128418,0.9152956604957581,1.0124238729476929,1.1072256565093994,1.0339910984039307,1.3896507024765015,1.6754753589630127,1.3257756233215332,1.0628831386566162,0.7423376441001892,0.49571719765663147,0.3761625587940216,0.0,0.3604528605937958,0.517244279384613,0.7348227500915527,1.0284461975097656,1.3187592029571533,1.5740559101104736,1.8703376054763794,2.0995614528656006,2.391043186187744,2.101320266723633,1.745100975036621,1.5430799722671509,1.2110595703125,0.8685644268989563,0.857096791267395,1.1213330030441284,0.9504281878471375,1.02625572681427,0.9933274388313293,1.292707085609436,1.2683558464050293,1.5991584062576294,1.8052716255187988,1.9349745512008667,1.9394367933273315,1.6251806020736694,1.379713773727417,0.9934135675430298,0.7423024773597717,0.735938310623169,1.0865387916564941,1.1018295288085938,1.3394640684127808,1.466681957244873,1.8057219982147217,1.941848635673523,2.2585337162017822,2.5055222511291504,2.795919179916382,1.6800161600112915,1.328532099723816,1.528001070022583,1.5395551919937134,1.338376760482788,1.6678383350372314,1.5920164585113525,1.3370873928070068,1.613139033317566,1.5431461334228516,1.8529294729232788,1.9977030754089355,2.0647542476654053,2.4336342811584473,2.7008721828460693
B7,2.0264945030212402,1.6525459289550781,1.8098156452178955,1.7479218244552612,1.4476292133331299,1.506632924079895,1.3745874166488647,1.0265530347824097,0.9071701765060425,0.6152786016464233,0.6792777180671692,0.7496819496154785,0.727257251739502,1.0910522937774658,1.3848137855529785,1.1151288747787476,0.8486839532852173,0.5610910654067993,0.535845935344696,0.5148376226425171,0.3604528605937958,0.0,0.3708721399307251,0.5995204448699951,0.9435204267501831,1.1821343898773193,1.4987788200378418,1.7515010833740234,1.9688751697540283,2.296746253967285,2.2911643981933594,1.9117170572280884,1.7561030387878418,1.4675449132919312,1.0931439399719238,1.132103443145752,1.3306149244308472,1.0728023052215576,1.1010364294052124,0.9433434009552002,1.2246348857879639,1.1305370330810547,1.4130785465240479,1.6551204919815063,1.7567086219787598,2.0613112449645996,1.7191402912139893,1.5064234733581543,1.1231982707977295,0.8434321880340576,0.9804515242576599,1.299816370010376,1.2432385683059692,1.5247118473052979,1.5922253131866455,1.9561747312545776,2.0684759616851807,2.3486320972442627,2.6320486068725586,2.9033432006835938,1.4240964651107788,1.0888396501541138,1.293495774269104,1.2934741973876953,1.1439406871795654,1.504355788230896,1.4537135362625122,1.2615835666656494,1.6010719537734985,1.6039408445358276,1.9444196224212646,2.122321367263794,2.244016647338867,2.6016628742218018,2.881354331970215
B8,1.7040997743606567,1.3218990564346313,1.4495567083358765,1.3773802518844604,1.0828453302383423,1.1583716869354248,1.0268515348434448,0.6692368388175964,0.6412611603736877,0.45907899737358093,0.6922775506973267,0.8821269869804382,0.9893810153007507,1.323306918144226,1.6432186365127563,1.2909427881240845,0.9462710618972778,0.7829447984695435,0.7305824160575867,0.5130430459976196,0.517244279384613,0.3708721399307251,0.0,0.40123745799064636,0.6486275792121887,0.946816086769104,1.2377396821975708,1.4704238176345825,1.7328988313674927,2.0470027923583984,2.0100178718566895,1.6180781126022339,1.5173553228378296,1.27507746219635,0.8905562162399292,1.0395171642303467,1.185730218887329,0.8897568583488464,1.0232601165771484,0.8870113492012024,1.232323408126831,1.2282383441925049,1.4828933477401733,1.7775551080703735,1.9370087385177612,1.7631498575210571,1.3980814218521118,1.2389341592788696,0.8988713622093201,0.5682149529457092,0.806602954864502,1.0619961023330688,0.9489034414291382,1.272139072418213,1.3337534666061401,1.7124714851379395,1.8584990501403809,2.1101937294006348,2.4091386795043945,2.697317600250244,1.4587280750274658,1.082166075706482,1.1748249530792236,1.0897152423858643,0.8577696084976196,1.2075457572937012,1.2013546228408813,0.9729413986206055,1.3060624599456787,1.2979514598846436,1.6584230661392212,1.8199695348739624,1.9798496961593628,2.332521438598633,2.601206064224243
B9,1.5097070932388306,1.1685867309570312,1.3379029035568237,1.3452215194702148,1.1376914978027344,1.1349436044692993,0.8981593251228333,0.6357159614562988,0.5375598669052124,0.5316265821456909,0.6169953346252441,0.9372262358665466,1.0305842161178589,1.2852333784103394,1.6559981107711792,1.6040515899658203,1.2858580350875854,1.110504150390625,1.0800278186798096,0.8690553903579712,0.7348227500915527,0.5995204448699951,0.40123745799064636,0.0,0.3745954930782318,0.5934855341911316,0.8996266722679138,1.1639772653579712,1.3830392360687256,1.7001522779464722,2.112889289855957,1.7218855619430542,1.6852197647094727,1.4335726499557495,1.077165961265564,1.3027499914169312,1.4822567701339722,1.2176287174224854,1.4089643955230713,1.2827919721603394,1.6258955001831055,1.597906470298767,1.827270746231079,2.130963087081909,2.256636619567871,1.611358880996704,1.2839083671569824,1.0782756805419922,0.7393229007720947,0.5646635293960571,0.8868986964225769,1.1065382957458496,1.0736626386642456,1.4556591510772705,1.577553153038025,1.9541410207748413,2.151201009750366,2.386043071746826,2.6845028400421143,2.9942588806152344,1.7465202808380127,1.3940649032592773,1.4462021589279175,1.2717962265014648,1.016574501991272,1.3632926940917969,1.4511091709136963,1.229809284210205,1.547032356262207,1.5058575868606567,1.8773339986801147,1.9769811630249023,2.155170202255249,2.512493848800659,2.737741470336914
B10,1.1598155498504639,0.8315895795822144,0.9831870794296265,1.0310897827148438,0.9029980897903442,0.8889312744140625,0.5886990427970886,0.4410000443458557,0.5138741731643677,0.7248111367225647,0.8786102533340454,1.2273268699645996,1.3765803575515747,1.6028492450714111,1.9775758981704712,1.8838613033294678,1.534993290901184,1.4167712926864624,1.3672585487365723,1.0900031328201294,1.0284461975097656,0.9435204267501831,0.6486275792121887,0.3745954930782318,0.0,0.3787366449832916,0.5941738486289978,0.8481708765029907,1.1216148138046265,1.409115195274353,1.919400930404663,1.5334187746047974,1.5802156925201416,1.3890793323516846,1.078233242034912,1.3893074989318848,1.521764874458313,1.2687312364578247,1.5342237949371338,1.4420020580291748,1.8038735389709473,1.833122968673706,2.0396170616149902,2.3692564964294434,2.529768705368042,1.3108385801315308,0.9796901345252991,0.8402436971664429,0.6204661726951599,0.5311887264251709,0.9102221131324768,1.0070881843566895,0.9552448987960815,1.3618439435958862,1.4947253465652466,1.8587068319320679,2.096189498901367,2.2929556369781494,2.593531608581543,2.9189345836639404,1.9368627071380615,1.5768415927886963,1.5387438535690308,1.2874565124511719,0.9719021320343018,1.2554945945739746,1.4126795530319214,1.177034616470337,1.4413297176361084,1.3713626861572266,1.7404097318649292,1.7914594411849976,2.005082368850708,2.347907066345215,2.5407819747924805
B11,1.2091419696807861,0.9785952568054199,1.0986040830612183,1.1753201484680176,1.121889591217041,0.987141489982605,0.6599735617637634,0.6820963621139526,0.5991020202636719,0.8736110329627991,0.9045757055282593,1.2799427509307861,1.4377872943878174,1.5792840719223022,1.9626520872116089,2.0858776569366455,1.7649250030517578,1.6576571464538574,1.6636583805084229,1.4273301362991333,1.3187592029571533,1.1821343898773193,0.946816086769104,0.5934855341911316,0.3787366449832916,0.0,0.3810860514640808,0.5946229100227356,0.7913281321525574,1.1203486919403076,2.217478036880493,1.8438830375671387,1.9298309087753296,1.7477506399154663,1.451010823249817,1.7620693445205688,1.9003556966781616,1.6403415203094482,1.8876020908355713,1.7583400011062622,2.1023035049438477,2.090876817703247,2.263457775115967,2.6013758182525635,2.7272138595581055,1.437676191329956,1.1679269075393677,1.0365266799926758,0.8798021674156189,0.8944286704063416,1.2582144737243652,1.3413077592849731,1.3133044242858887,1.7204302549362183,1.8496496677398682,2.2081758975982666,2.448641061782837,2.6215834617614746,2.930722713470459,3.252570629119873,2.1058554649353027,1.7822134494781494,1.7271417379379272,1.4331737756729126,1.165910005569458,1.4355087280273438,1.6492432355880737,1.4678215980529785,1.7409495115280151,1.6965949535369873,2.063671827316284,2.098019599914551,2.3325960636138916,2.6631929874420166,2.8326854705810547
B12,0.9038788676261902,0.7765023112297058,0.9219935536384583,1.1124935150146484,1.1819016933441162,1.0712716579437256,0.7190036177635193,0.8727333545684814,0.9225473999977112,1.2270865440368652,1.2850728034973145,1.660433292388916,1.8075956106185913,1.9440983533859253,2.3312265872955322,2.4372847080230713,2.0998613834381104,1.9906104803085327,1.9516934156417847,1.6730221509933472,1.5740559101104736,1.4987788200378418,1.2377396821975708,0.8996266722679138,0.5941738486289978,0.3810860514640808,0.0,0.3778223693370819,0.5874946713447571,0.824622392654419,2.1146538257598877,1.774014949798584,1.9206616878509521,1.7720931768417358,1.5401543378829956,1.8910903930664062,2.0202367305755615,1.8034131526947021,2.103790044784546,2.0222294330596924,2.3818719387054443,2.409998655319214,2.5903775691986084,2.932642698287964,3.079846143722534,1.1705024242401123,0.9776775240898132,0.8842922449111938,0.8786717653274536,1.0161958932876587,1.3427294492721558,1.3362878561019897,1.3522508144378662,1.7452055215835571,1.9125360250473022,2.239658832550049,2.5217864513397217,2.6759796142578125,2.96596622467041,3.306633472442627,2.442352533340454,2.107494831085205,2.01883602142334,1.7011224031448364,1.4004480838775635,1.606297254562378,1.8471046686172485,1.6417958736419678,1.8467985391616821,1.7504242658615112,2.0894358158111572,2.055159091949463,2.2898688316345215,2.605959177017212,2.725255250930786
B13,0.975848376750946,0.9287269711494446,0.9220080375671387,1.0598515272140503,1.1915018558502197,0.9891483783721924,0.699191153049469,0.976996660232544,1.0106004476547241,1.364720344543457,1.4334979057312012,1.7954431772232056,1.9975378513336182,2.103252649307251,2.4739410877227783,2.583458662033081,2.2471916675567627,2.195172071456909,2.2004144191741943,1.9289181232452393,1.8703376054763794,1.7515010833740234,1.4704238176345825,1.1639772653579712,0.8481708765029907,0.5946229100227356,0.3778223693370819,0.0,0.3792968690395355,0.6311473846435547,2.2581052780151367,1.9291439056396484,2.124537706375122,2.031583309173584,1.8048200607299805,2.1644604206085205,2.2478902339935303,2.0059049129486084,2.2949984073638916,2.185668468475342,2.5281989574432373,2.5593926906585693,2.6941518783569336,3.055155038833618,3.2066948413848877,1.330183506011963,1.1497180461883545,1.1708922386169434,1.2195600271224976,1.3072000741958618,1.653071403503418,1.6153262853622437,1.568692684173584,1.9469256401062012,2.063645601272583,2.3796184062957764,2.6482200622558594,2.7530572414398193,3.0585670471191406,3.3831074237823486,2.502277135848999,2.195686101913452,2.0491158962249756,1.6891072988510132,1.4220858812332153,1.566633939743042,1.8592619895935059,1.7113085985183716,1.9021507501602173,1.8506684303283691,2.1793551445007324,2.1494860649108887,2.4273757934570312,2.7112319469451904,2.822115182876587
