,A1,A2,A3,A4,A5,A6,A7,A8,A9,A10,A11,A12,A13,A14,A15,B1,B2,B3,B4,B5,B6,B7,B8,B9,B10,B11,B12,B13,B14,B15,C1,C2,C3,C4,C5,C6,C7,C8,C9,C10,C11,C12,C13,C14,C15,D1,D2,D3,D4,D5,D6,D7,D8,D9,D10,D11,D12,D13,D14,D15,E1,E2,E3,E4,E5,E6,E7,E8,E9,E10,E11,E12,E13,E14,E15
A1,0.0,0.3764379322528839,0.5669734477996826,0.8700803518295288,1.1361221075057983,1.4376475811004639,1.7202578783035278,1.9927681684494019,2.319089651107788,2.4128897190093994,2.5357418060302734,2.3171181678771973,2.4558804035186768,2.5614466667175293,2.6354031562805176,1.277472972869873,1.1017283201217651,1.4132577180862427,1.4197320938110352,1.53729248046875,1.8250083923339844,1.9446444511413574,2.3107380867004395,2.498894453048706,2.651890516281128,2.9123191833496094,3.085620641708374,3.0429084300994873,3.37687611579895,3.39298677444458,2.059225559234619,1.780713677406311,2.013392210006714,2.0634639263153076,1.9389768838882446,2.2272675037384033,2.152639865875244,2.5283193588256836,2.5706846714019775,2.68341326713562,3.036206007003784,3.322813034057617,3.351073980331421,3.367680311203003,3.6501283645629883,1.9498299360275269,1.6803399324417114,1.82143235206604,1.9763455390930176,1.7714391946792603,2.1005961894989014,2.008875608444214,2.342150926589966,2.4252443313598633,2.4265525341033936,2.781770706176758,2.8737988471984863,3.0030038356781006,3.2443220615386963,3.316824436187744,1.5556515455245972,1.3521149158477783,1.381136178970337,1.6374350786209106,1.4580410718917847,1.8002088069915771,1.7964470386505127,2.0830743312835693,2.258232355117798,2.210001230239868,2.449270009994507,2.6152470111846924,2.503464460372925,2.871328115463257,2.818490743637085
A2,0.3764379322528839,0.0,0.3808963894844055,0.6437605619430542,0.8411639332771301,1.184876561164856,1.4240353107452393,1.7337324619293213,2.0342347621917725,2.141458749771118,2.2987618446350098,2.108419179916382,2.264708995819092,2.4123220443725586,2.5126357078552246,1.2161293029785156,0.9455809593200684,1.2072887420654297,1.19392728805542,1.2374070882797241,1.5383259057998657,1.6190011501312256,1.9946941137313843,2.1672213077545166,2.3030288219451904,2.5770137310028076,2.7399370670318604,2.714665174484253,3.0425283908843994,3.0728836059570312,1.811023473739624,1.4998222589492798,1.6925805807113647,1.7292464971542358,1.577926754951477,1.867509365081787,1.7891499996185303,2.1653940677642822,2.2218761444091797,2.328730344772339,2.6787109375,2.964895009994507,2.992978096008301,2.9995877742767334,3.2879133224487305,1.6683417558670044,1.3659511804580688,1.4876712560653687,1.613146185874939,1.4032124280929565,1.732877492904663,1.6527433395385742,1.9978491067886353,2.0995094776153564,2.130387783050537,2.4808456897735596,2.6055216789245605,2.72772216796875,2.995762825012207,3.0784645080566406,1.3743672370910645,1.1040056943893433,1.1311763525009155,1.335505485534668,1.1364009380340576,1.4881902933120728,1.4775073528289795,1.7951502799987793,1.967024564743042,1.9657355546951294,2.2220282554626465,2.4259567260742188,2.3604767322540283,2.7305402755737305,2.7193901538848877
A3,0.5669734477996826,0.3808963894844055,0.0,0.39305609464645386,0.5917283892631531,0.8952101469039917,1.1696211099624634,1.4339158535003662,1.7596981525421143,1.8464264869689941,1.9728225469589233,1.763506293296814,1.919947862625122,2.04526948928833,2.150799512863159,1.1242527961730957,0.8572962284088135,1.047436237335205,0.937791645526886,1.0367999076843262,1.2812820672988892,1.4063483476638794,1.762607216835022,1.9595983028411865,2.1362364292144775,2.3799023628234863,2.579543352127075,2.5403265953063965,2.8902695178985596,2.9311904907226562,1.8830723762512207,1.5561822652816772,1.7318475246429443,1.6849457025527954,1.5394020080566406,1.7699919939041138,1.674295425415039,2.0434064865112305,2.0675253868103027,2.2236783504486084,2.566499710083008,2.882927656173706,2.9590139389038086,2.9862358570098877,3.2957611083984375,1.925628900527954,1.5884896516799927,1.6755527257919312,1.7188993692398071,1.4587829113006592,1.7322099208831787,1.5763070583343506,1.911272644996643,1.9471468925476074,1.9841628074645996,2.3453500270843506,2.4683597087860107,2.6374363899230957,2.8922460079193115,3.0167081356048584,1.661004662513733,1.3639721870422363,1.3088181018829346,1.4352903366088867,1.1486366987228394,1.4348456859588623,1.3381725549697876,1.618679404258728,1.7431530952453613,1.6893762350082397,1.9622081518173218,2.130988597869873,2.070474863052368,2.4489190578460693,2.4525649547576904
A4,0.8700803518295288,0.6437605619430542,0.39305609464645386,0.0,0.383039265871048,0.5853914618492126,0.8974562883377075,1.1587458848953247,1.486991286277771,1.6396877765655518,1.7477786540985107,1.5908942222595215,1.8122782707214355,1.9260174036026,2.0974228382110596,1.4423445463180542,1.1438510417938232,1.2342522144317627,1.018358588218689,1.0257303714752197,1.1821624040603638,1.230493187904358,1.5792262554168701,1.7224783897399902,1.9414443969726562,2.1935746669769287,2.4277400970458984,2.4346017837524414,2.7917428016662598,2.8811678886413574,2.063871145248413,1.708265781402588,1.8068475723266602,1.7033659219741821,1.4882078170776367,1.6587045192718506,1.4859917163848877,1.8269318342208862,1.794774055480957,1.934091329574585,2.2838282585144043,2.5916287899017334,2.6767377853393555,2.7408063411712646,3.0432164669036865,1.9730395078659058,1.6216323375701904,1.619950532913208,1.6152926683425903,1.295635461807251,1.5112102031707764,1.3023854494094849,1.6011967658996582,1.6116081476211548,1.6141526699066162,1.977625846862793,2.0836117267608643,2.2625508308410645,2.507852792739868,2.643036127090454,1.6121456623077393,1.3082096576690674,1.1522867679595947,1.2091659307479858,0.8786989450454712,1.104010820388794,0.9985479116439819,1.2468478679656982,1.3967658281326294,1.3428372144699097,1.5931302309036255,1.7829056978225708,1.7259292602539062,2.098860502243042,2.1137266159057617
A5,1.1361221075057983,0.8411639332771301,0.5917283892631531,0.383039265871048,0.0,0.3943415582180023,0.5875298976898193,0.8994063138961792,1.1936818361282349,1.3196684122085571,1.4801383018493652,1.3369256258010864,1.550702452659607,1.7252272367477417,1.9010714292526245,1.360432744026184,1.0314335823059082,1.012603759765625,0.7536089420318604,0.6750285029411316,0.8168681263923645,0.8549602031707764,1.2122023105621338,1.3771851062774658,1.577882170677185,1.8254420757293701,2.0516252517700195,2.0518219470977783,2.4092462062835693,2.5007004737854004,1.8353030681610107,1.4726452827453613,1.527451753616333,1.370802879333496,1.1585190296173096,1.2962672710418701,1.140533208847046,1.4889532327651978,1.485992670059204,1.6679718494415283,2.0010910034179688,2.335423469543457,2.4493911266326904,2.4898838996887207,2.8167855739593506,1.8883354663848877,1.5177807807922363,1.5109270811080933,1.4247753620147705,1.1118443012237549,1.287705659866333,1.0629979372024536,1.387696385383606,1.3874690532684326,1.4739055633544922,1.829095482826233,1.998194694519043,2.1895623207092285,2.46804141998291,2.635915756225586,1.7423224449157715,1.3954945802688599,1.2645385265350342,1.2180343866348267,0.8506754636764526,1.0249665975570679,0.8198516368865967,1.106313943862915,1.1828826665878296,1.1803359985351562,1.4870723485946655,1.7011712789535522,1.7286105155944824,2.0996482372283936,2.1812691688537598
A6,1.4376475811004639,1.184876561164856,0.8952101469039917,0.5853914618492126,0.3943415582180023,0.0,0.37257903814315796,0.5756276845932007,0.9100671410560608,1.088464617729187,1.184942364692688,1.0831680297851562,1.3608677387237549,1.4913458824157715,1.7283769845962524,1.6541978120803833,1.3571056127548218,1.2753584384918213,0.936383843421936,0.859200656414032,0.8130815625190735,0.8095468282699585,1.0933674573898315,1.217800259590149,1.4967328310012817,1.7108120918273926,1.995043396949768,2.0217363834381104,2.39168381690979,2.5255789756774902,2.152740478515625,1.7927316427230835,1.8017618656158447,1.5796735286712646,1.3488377332687378,1.378452181816101,1.1540837287902832,1.4362859725952148,1.3431729078292847,1.5488530397415161,1.8689292669296265,2.211094856262207,2.36714506149292,2.4545066356658936,2.7804646492004395,2.2010977268218994,1.832152009010315,1.7665551900863647,1.6284871101379395,1.2809910774230957,1.351558804512024,1.0397213697433472,1.2830754518508911,1.1844195127487183,1.2379236221313477,1.5932021141052246,1.737568736076355,1.9761301279067993,2.2248973846435547,2.4308106899261475,1.981818437576294,1.6525237560272217,1.44696044921875,1.338101863861084,0.953282356262207,0.9784550666809082,0.6918058395385742,0.8521605730056763,0.8813877105712891,0.8046298027038574,1.1135528087615967,1.3088685274124146,1.3510558605194092,1.720051884651184,1.8260849714279175
A7,1.7202578783035278,1.4240353107452393,1.1696211099624634,0.8974562883377075,0.5875298976898193,0.37257903814315796,0.0,0.3853161633014679,0.6141148209571838,0.8091921210289001,0.9863520860671997,0.9562960863113403,1.2389552593231201,1.4401098489761353,1.6928309202194214,1.7574738264083862,1.4494858980178833,1.2840745449066162,0.9473893046379089,0.7527905106544495,0.6028916835784912,0.47802484035491943,0.7410428524017334,0.8478137850761414,1.1263772249221802,1.3424798250198364,1.629112720489502,1.675652027130127,2.0411932468414307,2.1975531578063965,2.0517687797546387,1.6997098922729492,1.6408814191818237,1.365940809249878,1.126044750213623,1.0729037523269653,0.8323376178741455,1.0861432552337646,1.000453233718872,1.2508705854415894,1.5477912425994873,1.9122964143753052,2.0978927612304688,2.168492317199707,2.5122644901275635,2.1603846549987793,1.7947789430618286,1.7049546241760254,1.4905084371566772,1.1658233404159546,1.154958724975586,0.826380729675293,1.0578536987304688,0.9376564025878906,1.094741702079773,1.4210129976272583,1.635518193244934,1.8738478422164917,2.1547892093658447,2.38568377494812,2.0987982749938965,1.7524570226669312,1.5660719871520996,1.3740365505218506,1.0051829814910889,0.9525624513626099,0.5876424312591553,0.7502092123031616,0.66917484998703,0.711754560470581,1.0614604949951172,1.2986431121826172,1.4431554079055786,1.7815418243408203,1.9544343948364258
A8,1.9927681684494019,1.7337324619293213,1.4339158535003662,1.1587458848953247,0.8994063138961792,0.5756276845932007,0.3853161633014679,0.0,0.37326502799987793,0.5692710280418396,0.6381060481071472,0.6549111604690552,0.9914363622665405,1.1440036296844482,1.4457954168319702,1.960374355316162,1.696202278137207,1.494133710861206,1.1222310066223145,1.0015548467636108,0.7208831310272217,0.6620914340019226,0.7336874008178711,0.8309985995292664,1.1770609617233276,1.303598165512085,1.6446480751037598,1.6832679510116577,2.055774688720703,2.232451915740967,2.3416643142700195,2.006655216217041,1.9438166618347168,1.6288491487503052,1.4284878969192505,1.2969698905944824,1.0657423734664917,1.2232842445373535,1.063839316368103,1.359562873840332,1.6039842367172241,1.9783862829208374,2.218083143234253,2.3196418285369873,2.663109064102173,2.540520191192627,2.1763107776641846,2.0787081718444824,1.8438923358917236,1.523452877998352,1.455458164215088,1.1013118028640747,1.2346168756484985,1.000780701637268,1.1370220184326172,1.4279705286026,1.6155273914337158,1.9074550867080688,2.145265817642212,2.4201016426086426,2.4527390003204346,2.1166417598724365,1.9031145572662354,1.7024586200714111,1.3387356996536255,1.2166231870651245,0.8421306014060974,0.8269892930984497,0.6038186550140381,0.48954376578330994,0.8600526452064514,1.018602728843689,1.2126905918121338,1.5339305400848389,1.747586965560913
A9,2.319089651107788,2.0342347621917725,1.7596981525421143,1.486991286277771,1.1936818361282349,0.9100671410560608,0.6141148209571838,0.37326502799987793,0.0,0.38883551955223083,0.5294284820556641,0.719597339630127,1.0298457145690918,1.226080298423767,1.5389868021011353,2.2045044898986816,1.9379796981811523,1.6912634372711182,1.345484733581543,1.1608082056045532,0.82907634973526,0.6661683917045593,0.5534595251083374,0.5410774946212769,0.9131994843482971,0.9949816465377808,1.360252857208252,1.4402300119400024,1.7951867580413818,2.0133373737335205,2.4138972759246826,2.097076177597046,1.9729591608047485,1.624146819114685,1.4283485412597656,1.2015130519866943,0.9679892659187317,1.0104728937149048,0.815316915512085,1.1514686346054077,1.3328369855880737,1.7178148031234741,1.9991707801818848,2.0990042686462402,2.447643995285034,2.6288304328918457,2.2796666622161865,2.153823137283325,1.865241289138794,1.5790126323699951,1.4263315200805664,1.0868247747421265,1.1410560607910156,0.8619977235794067,1.0791481733322144,1.2978509664535522,1.5374994277954102,1.827118992805481,2.07645320892334,2.3759562969207764,2.636171817779541,2.2993836402893066,2.0919485092163086,1.8348654508590698,1.5049858093261719,1.3192795515060425,0.9475799202919006,0.8769491910934448,0.5388395190238953,0.5731409192085266,0.8852179050445557,1.0637441873550415,1.351331114768982,1.6103572845458984,1.882080078125
A10,2.4128897190093994,2.141458749771118,1.8464264869689941,1.6396877765655518,1.3196684122085571,1.088464617729187,0.8091921210289001,0.5692710280418396,0.38883551955223083,0.0,0.3595581352710724,0.4918304681777954,0.707978367805481,0.97499018907547,1.2447298765182495,2.089261770248413,1.8695495128631592,1.5731499195098877,1.2438225746154785,1.1107507944107056,0.7248159646987915,0.7031886577606201,0.4710148274898529,0.6453698873519897,0.9304968118667603,0.9077860713005066,1.2601544857025146,1.2481952905654907,1.616689682006836,1.7951831817626953,2.326350212097168,2.0430147647857666,1.9373645782470703,1.5634335279464722,1.4566912651062012,1.2134478092193604,1.0940414667129517,1.144885778427124,1.0454996824264526,1.4231252670288086,1.557591199874878,1.9584569931030273,2.2586870193481445,2.315638303756714,2.6814160346984863,2.762897253036499,2.4115490913391113,2.335604429244995,2.040665626525879,1.7910348176956177,1.6687594652175903,1.3652793169021606,1.4650332927703857,1.2173408269882202,1.4639389514923096,1.668844223022461,1.917747139930725,2.20711350440979,2.4550201892852783,2.760331630706787,2.879744291305542,2.5257866382598877,2.356308698654175,2.1220874786376953,1.7793657779693604,1.6475979089736938,1.2676007747650146,1.2533180713653564,0.9270835518836975,0.9050066471099854,1.2189363241195679,1.3159207105636597,1.5994277000427246,1.8578602075576782,2.1330044269561768
A11,2.5357418060302734,2.2987618446350098,1.9728225469589233,1.7477786540985107,1.4801383018493652,1.184942364692688,0.9863520860671997,0.6381060481071472,0.5294284820556641,0.3595581352710724,0.0,0.35682258009910583,0.6312121748924255,0.7597398161888123,1.0939611196517944,2.2662203311920166,2.071268320083618,1.7951343059539795,1.4401850700378418,1.3754185438156128,0.9968069195747375,1.0177797079086304,0.8270825743675232,0.9395976662635803,1.2541731595993042,1.197076439857483,1.5632718801498413,1.5526437759399414,1.907069206237793,2.0895018577575684,2.6447644233703613,2.3573262691497803,2.2759079933166504,1.908499002456665,1.7962735891342163,1.5670762062072754,1.418786883354187,1.455331563949585,1.2932738065719604,1.6474575996398926,1.7735381126403809,2.156604051589966,2.4709911346435547,2.5670974254608154,2.9181840419769287,3.0638720989227295,2.7055115699768066,2.6212897300720215,2.3421056270599365,2.063932418823242,1.9405041933059692,1.6066514253616333,1.668163776397705,1.3698766231536865,1.5451366901397705,1.739513635635376,1.9307183027267456,2.254558563232422,2.4529876708984375,2.7775092124938965,3.08040452003479,2.7376599311828613,2.535226583480835,2.314966917037964,1.9622013568878174,1.807124137878418,1.4312912225723267,1.3380988836288452,1.0031168460845947,0.8520141243934631,1.112127423286438,1.1052823066711426,1.3897360563278198,1.6228375434875488,1.9066162109375
A12,2.3171181678771973,2.108419179916382,1.763506293296814,1.5908942222595215,1.3369256258010864,1.0831680297851562,0.9562960863113403,0.6549111604690552,0.719597339630127,0.4918304681777954,0.35682258009910583,0.0,0.36607909202575684,0.5211743712425232,0.8235188126564026,1.9753180742263794,1.8140531778335571,1.5452255010604858,1.1896986961364746,1.208875298500061,0.8558884263038635,1.0044959783554077,0.90097975730896,1.1225541830062866,1.4093948602676392,1.379793643951416,1.714575171470642,1.6415822505950928,2.012580156326294,2.139491319656372,2.4932093620300293,2.2122299671173096,2.1850388050079346,1.835833191871643,1.7611262798309326,1.592694878578186,1.487433910369873,1.6047824621200562,1.4971290826797485,1.8564234972000122,2.020937442779541,2.4154484272003174,2.7068169116973877,2.780837297439575,3.1419334411621094,3.008974552154541,2.642451524734497,2.6033267974853516,2.35644793510437,2.077958106994629,2.0199286937713623,1.694603681564331,1.8271417617797852,1.5688188076019287,1.7356747388839722,1.9776499271392822,2.1603877544403076,2.4793379306793213,2.6856634616851807,2.9918646812438965,3.0289273262023926,2.679466962814331,2.5002424716949463,2.3272218704223633,1.954394817352295,1.866910696029663,1.4894914627075195,1.4645683765411377,1.181668758392334,0.9923168420791626,1.2944097518920898,1.272740125656128,1.481170892715454,1.7610142230987549,1.9958250522613525
A13,2.4558804035186768,2.264708995819092,1.919947862625122,1.8122782707214355,1.550702452659607,1.3608677387237549,1.2389552593231201,0.9914363622665405,1.0298457145690918,0.707978367805481,0.6312121748924255,0.36607909202575684,0.0,0.3877391219139099,0.5445024371147156,1.923155665397644,1.8218798637390137,1.5236668586730957,1.2184433937072754,1.296737551689148,0.9659326076507568,1.1916285753250122,1.0579776763916016,1.3335354328155518,1.5543782711029053,1.4715033769607544,1.7627804279327393,1.6168678998947144,1.9729069471359253,2.0484304428100586,2.4689958095550537,2.228090524673462,2.2234559059143066,1.8741999864578247,1.8731824159622192,1.7090632915496826,1.6799087524414062,1.7990907430648804,1.7455365657806396,2.122849225997925,2.2623565196990967,2.664411783218384,2.96403431892395,3.0069892406463623,3.3786144256591797,3.160877227783203,2.7992372512817383,2.799014091491699,2.551800012588501,2.304952621459961,2.2659473419189453,1.9681296348571777,2.1245908737182617,1.8852823972702026,2.0810179710388184,2.3159844875335693,2.5147807598114014,2.829526662826538,3.0425403118133545,3.3507657051086426,3.269958257675171,2.911266326904297,2.764939546585083,2.607167959213257,2.233412504196167,2.179102897644043,1.8008946180343628,1.810906171798706,1.5258479118347168,1.3575352430343628,1.657431721687317,1.614378571510315,1.81392240524292,2.0828332901000977,2.3122622966766357
A14,2.5614466667175293,2.4123220443725586,2.04526948928833,1.9260174036026,1.7252272367477417,1.4913458824157715,1.4401098489761353,1.1440036296844482,1.226080298423767,0.97499018907547,0.7597398161888123,0.5211743712425232,0.3877391219139099,0.0,0.3792402446269989,2.1176247596740723,2.041102647781372,1.7844408750534058,1.4652032852172852,1.5901484489440918,1.2786078453063965,1.4959444999694824,1.384751558303833,1.6199942827224731,1.8819706439971924,1.797674536705017,2.111229181289673,1.9836736917495728,2.333555221557617,2.418523073196411,2.804835319519043,2.555345296859741,2.572666645050049,2.23417329788208,2.211851119995117,2.059908390045166,1.9920909404754639,2.1083149909973145,2.006481409072876,2.3687620162963867,2.5145273208618164,2.9058525562286377,3.2110230922698975,3.2868335247039795,3.6480536460876465,3.451413869857788,3.0830705165863037,3.0746676921844482,2.8452956676483154,2.569789171218872,2.5337421894073486,2.2093701362609863,2.3431572914123535,2.072976589202881,2.211671829223633,2.4453539848327637,2.592808723449707,2.9295008182525635,3.0999512672424316,3.4157238006591797,3.455127477645874,3.1097309589385986,2.9348843097686768,2.796297788619995,2.4156651496887207,2.3489041328430176,1.979665994644165,1.9390596151351929,1.6657803058624268,1.4167683124542236,1.6638072729110718,1.5338186025619507,1.689366340637207,1.934065341949463,2.1424686908721924
A15,2.6354031562805176,2.5126357078552246,2.150799512863159,2.0974228382110596,1.9010714292526245,1.7283769845962524,1.6928309202194214,1.4457954168319702,1.5389868021011353,1.2447298765182495,1.0939611196517944,0.8235188126564026,0.5445024371147156,0.3792402446269989,0.0,2.0350117683410645,2.0242362022399902,1.7654224634170532,1.5038564205169678,1.688841700553894,1.4215720891952515,1.6974060535430908,1.5974061489105225,1.8772597312927246,2.0941638946533203,1.9940110445022583,2.266448974609375,2.0825514793395996,2.416916847229004,2.4470410346984863,2.786595582962036,2.573903799057007,2.6264445781707764,2.3050646781921387,2.3405613899230957,2.2143592834472656,2.202824592590332,2.3407773971557617,2.285026788711548,2.6581034660339355,2.801103353500366,3.2005860805511475,3.502572774887085,3.5510311126708984,3.9217746257781982,3.5765469074249268,3.213329792022705,3.245558977127075,3.0288023948669434,2.7768054008483887,2.771911144256592,2.469987392425537,2.637481689453125,2.391474485397339,2.550075054168701,2.793630361557007,2.9543228149414062,3.2846944332122803,3.4666097164154053,3.7768197059631348,3.6432673931121826,3.2925102710723877,3.1499640941619873,3.0363998413085938,2.653717041015625,2.6279194355010986,2.2604787349700928,2.2621631622314453,1.999325156211853,1.7672098875045776,2.0310304164886475,1.9062358140945435,2.0400166511535645,2.290496587753296,2.4781408309936523
B1,1.277472972869873,1.2161293029785156,1.1242527961730957,1.4423445463180542,1.360432744026184,1.6541978120803833,1.7574738264083862,1.960374355316162,2.2045044898986816,2.089261770248413,2.2662203311920166,1.9753180742263794,1.923155665397644,2.1176247596740723,2.0350117683410645,0.0,0.3738292157649994,0.5729426145553589,0.8599897623062134,1.129775881767273,1.4195561408996582,1.7069647312164307,1.9681652784347534,2.289278745651245,2.3442511558532715,2.498863935470581,2.596590518951416,2.410985231399536,2.713937997817993,2.6125712394714355,1.3520621061325073,1.2038387060165405,1.522542953491211,1.529271125793457,1.649980068206787,1.8948705196380615,2.0176267623901367,2.37821102142334,2.5296733379364014,2.7749857902526855,3.0481555461883545,3.4078574180603027,3.5234689712524414,3.453857421875,3.8042218685150146,2.197885274887085,1.912560224533081,2.155501365661621,2.157600164413452,2.0464093685150146,2.3140625953674316,2.2239742279052734,2.5948569774627686,2.6246368885040283,2.7941999435424805,3.1315600872039795,3.340364933013916,3.528209924697876,3.822693109512329,3.9865217208862305,2.45426082611084,2.1433351039886475,2.232081651687622,2.317467451095581,2.047560930252075,2.319836378097534,2.1340513229370117,2.4384007453918457,2.426635503768921,2.388343572616577,2.735151767730713,2.8605895042419434,2.883014678955078,3.2624623775482178,3.3275954723358154
B2,1.1017283201217651,0.9455809593200684,0.8572962284088135,1.1438510417938232,1.0314335823059082,1.3571056127548218,1.4494858980178833,1.696202278137207,1.9379796981811523,1.8695495128631592,2.071268320083618,1.8140531778335571,1.8218798637390137,2.041102647781372,2.0242362022399902,0.3738292157649994,0.0,0.37805432081222534,0.6344123482704163,0.8315079808235168,1.1673128604888916,1.4092507362365723,1.7077642679214478,2.002293348312378,2.062049627304077,2.251997709274292,2.3593688011169434,2.215392589569092,2.528698682785034,2.467047929763794,1.2277848720550537,0.990871012210846,1.2752227783203125,1.2696794271469116,1.3311783075332642,1.5939147472381592,1.6876462697982788,2.0597102642059326,2.2071125507354736,2.4316070079803467,2.7169249057769775,3.06716251373291,3.1701319217681885,3.1081912517547607,3.453298330307007,1.9033429622650146,1.5927525758743286,1.809029459953308,1.8021055459976196,1.6756932735443115,1.9469256401062012,1.861863613128662,2.236682415008545,2.2852072715759277,2.4526619911193848,2.7886059284210205,3.001840114593506,3.1759393215179443,3.4786155223846436,3.634683609008789,2.138242721557617,1.810258150100708,1.8869611024856567,1.9520974159240723,1.6825690269470215,1.9570244550704956,1.7836216688156128,2.1047604084014893,2.1147356033325195,2.1091601848602295,2.4532744884490967,2.6140248775482178,2.646899461746216,3.0266079902648926,3.100231170654297
B3,1.4132577180862427,1.2072887420654297,1.047436237335205,1.2342522144317627,1.012603759765625,1.2753584384918213,1.2840745449066162,1.494133710861206,1.6912634372711182,1.5731499195098877,1.7951343059539795,1.5452255010604858,1.5236668586730957,1.7844408750534058,1.7654224634170532,0.5729426145553589,0.37805432081222534,0.0,0.387851744890213,0.5842985510826111,0.8771539926528931,1.155502438545227,1.4063547849655151,1.7275457382202148,1.772206425666809,1.9285670518875122,2.0338375568389893,1.8669145107269287,2.1856796741485596,2.1234359741210938,1.1760835647583008,0.9344733357429504,1.1501142978668213,1.0457568168640137,1.149215817451477,1.3460164070129395,1.4730669260025024,1.8210248947143555,1.979156494140625,2.242708206176758,2.4984090328216553,2.8672280311584473,3.005660057067871,2.9374704360961914,3.2994892597198486,2.004023551940918,1.6778218746185303,1.857599139213562,1.7698785066604614,1.64146888256073,1.851438045501709,1.7434309720993042,2.1030592918395996,2.1195106506347656,2.3298275470733643,2.649061679840088,2.890061616897583,3.0826430320739746,3.3920037746429443,3.578455924987793,2.324699640274048,1.971460223197937,2.0161283016204834,2.008195400238037,1.710091471672058,1.924747347831726,1.6940076351165771,1.9937727451324463,1.9423993825912476,1.9472346305847168,2.3091959953308105,2.46389102935791,2.5465245246887207,2.9165549278259277,3.032869577407837
B4,1.4197320938110352,1.19392728805542,0.937791645526886,1.018358588218689,0.7536089420318604,0.936383843421936,0.9473893046379089,1.1222310066223145,1.345484733581543,1.2438225746154785,1.4401850700378418,1.1896986961364746,1.2184433937072754,1.4652032852172852,1.5038564205169678,0.8599897623062134,0.6344123482704163,0.387851744890213,0.0,0.38085147738456726,0.5752402544021606,0.8882725834846497,1.14177405834198,1.4622139930725098,1.5773022174835205,1.72859525680542,1.900177240371704,1.7661774158477783,2.1201400756835938,2.115858793258667,1.4810322523117065,1.192321538925171,1.322142243385315,1.125278353691101,1.134347915649414,1.2538518905639648,1.2987027168273926,1.635953664779663,1.733162522315979,2.016955852508545,2.2800583839416504,2.6606476306915283,2.826289653778076,2.7992401123046875,3.1643552780151367,2.126211643218994,1.770590901374817,1.8782899379730225,1.7505167722702026,1.5508949756622314,1.7119109630584717,1.5333480834960938,1.8686213493347168,1.8342969417572021,2.0280001163482666,2.3522069454193115,2.577516794204712,2.7962818145751953,3.0878732204437256,3.2944178581237793,2.3092472553253174,1.9474586248397827,1.9186859130859375,1.8735262155532837,1.5330491065979004,1.6937404870986938,1.420434594154358,1.679726243019104,1.6061490774154663,1.5774909257888794,1.940073013305664,2.0804121494293213,2.167757987976074,2.535168409347534,2.660968065261841
B5,1.53729248046875,1.2374070882797241,1.0367999076843262,1.0257303714752197,0.6750285029411316,0.859200656414032,0.7527905106544495,1.0015548467636108,1.1608082056045532,1.1107507944107056,1.3754185438156128,1.208875298500061,1.296737551689148,1.5901484489440918,1.688841700553894,1.129775881767273,0.8315079808235168,0.5842985510826111,0.38085147738456726,0.0,0.3902656137943268,0.5819110870361328,0.8849158883094788,1.1710779666900635,1.252657175064087,1.449845790863037,1.6060302257537842,1.5190365314483643,1.8681175708770752,1.8999661207199097,1.3697689771652222,1.0436832904815674,1.0761692523956299,0.8343126177787781,0.7768882513046265,0.8868622183799744,0.9272012114524841,1.276047706604004,1.4025213718414307,1.670997977256775,1.9326235055923462,2.3062398433685303,2.461641550064087,2.4230284690856934,2.7887320518493652,1.8886287212371826,1.5289149284362793,1.5945428609848022,1.4181568622589111,1.2270147800445557,1.3582426309585571,1.2008110284805298,1.5416429042816162,1.5406758785247803,1.7711822986602783,2.0780532360076904,2.336358070373535,2.531134605407715,2.8472659587860107,3.0488297939300537,2.1414644718170166,1.7681519985198975,1.7369941473007202,1.6314448118209839,1.3058407306671143,1.439489483833313,1.1668108701705933,1.4549940824508667,1.38474440574646,1.4434353113174438,1.8058810234069824,2.004866361618042,2.1339704990386963,2.4887588024139404,2.6425719261169434
B6,1.8250083923339844,1.5383259057998657,1.2812820672988892,1.1821624040603638,0.8168681263923645,0.8130815625190735,0.6028916835784912,0.7208831310272217,0.82907634973526,0.7248159646987915,0.9968069195747375,0.8558884263038635,0.9659326076507568,1.2786078453063965,1.4215720891952515,1.4195561408996582,1.1673128604888916,0.8771539926528931,0.5752402544021606,0.3902656137943268,0.0,0.3757542371749878,0.5692892670631409,0.8967637419700623,1.0423413515090942,1.1822514533996582,1.4039684534072876,1.3232091665267944,1.6990944147109985,1.775143027305603,1.6764637231826782,1.3729910850524902,1.3418357372283936,1.0178898572921753,0.9457051157951355,0.8858129382133484,0.8718228340148926,1.14483642578125,1.211594820022583,1.5381717681884766,1.7666805982589722,2.162839889526367,2.3728320598602295,2.3633809089660645,2.738243818283081,2.195922374725342,1.8359824419021606,1.8450672626495361,1.6114790439605713,1.3895258903503418,1.4190512895584106,1.1901898384094238,1.465080976486206,1.377386450767517,1.6272159814834595,1.9134104251861572,2.175929546356201,2.4080076217651367,2.70680570602417,2.9473206996917725,2.4017930030822754,2.030449390411377,1.9417520761489868,1.7819029092788696,1.4335343837738037,1.465718150138855,1.1258502006530762,1.3255503177642822,1.1636745929718018,1.1961450576782227,1.5665574073791504,1.7366573810577393,1.9129854440689087,2.2481212615966797,2.4415194988250732
B7,1.9446444511413574,1.6190011501312256,1.4063483476638794,1.230493187904358,0.8549602031707764,0.8095468282699585,0.47802484035491943,0.6620914340019226,0.6661683917045593,0.7031886577606201,1.0177797079086304,1.0044959783554077,1.1916285753250122,1.4959444999694824,1.6974060535430908,1.7069647312164307,1.4092507362365723,1.155502438545227,0.8882725834846497,0.5819110870361328,0.3757542371749878,0.0,0.3836513161659241,0.598084032535553,0.7557151913642883,0.9746602773666382,1.2093422412872314,1.2253859043121338,1.5882363319396973,1.727992057800293,1.7533994913101196,1.4325470924377441,1.3146201372146606,0.9800282716751099,0.7941043972969055,0.6542851328849792,0.5273906588554382,0.792397141456604,0.8493661284446716,1.163992166519165,1.402185320854187,1.7934201955795288,1.9980251789093018,1.9978665113449097,2.3701083660125732,2.0611045360565186,1.7094579935073853,1.6507620811462402,1.37126886844635,1.1389397382736206,1.0946369171142578,0.8553294539451599,1.1074182987213135,1.0373170375823975,1.3230637311935425,1.5884008407592773,1.8798199892044067,2.089365243911743,2.407421827316284,2.6435368061065674,2.2619130611419678,1.8964945077896118,1.7849057912826538,1.5617749691009521,1.2382302284240723,1.2061008214950562,0.8668878674507141,1.0673542022705078,0.9086664319038391,1.0532069206237793,1.4019883871078491,1.6379725933074951,1.847490906715393,2.1604015827178955,2.3739266395568848
B8,2.3107380867004395,1.9946941137313843,1.762607216835022,1.5792262554168701,1.2122023105621338,1.0933674573898315,0.7410428524017334,0.7336874008178711,0.5534595251083374,0.4710148274898529,0.8270825743675232,0.90097975730896,1.0579776763916016,1.384751558303833,1.5974061489105225,1.9681652784347534,1.7077642679214478,1.4063547849655151,1.14177405834198,0.8849158883094788,0.5692892670631409,0.3836513161659241,0.0,0.3715757429599762,0.5430444478988647,0.647473156452179,0.940230131149292,0.9579470753669739,1.3299349546432495,1.5084577798843384,1.9601850509643555,1.678834319114685,1.5219638347625732,1.1440695524215698,1.0222240686416626,0.7460069060325623,0.6669033765792847,0.7454050779342651,0.7740867137908936,1.1527258157730103,1.3015782833099365,1.7096869945526123,1.9744986295700073,1.975892186164856,2.3554835319519043,2.364851236343384,2.0292975902557373,1.9550809860229492,1.6359381675720215,1.4356235265731812,1.309300184249878,1.0714826583862305,1.221765160560608,1.0775854587554932,1.401780605316162,1.60553777217865,1.915865182876587,2.1461448669433594,2.4505863189697266,2.7215631008148193,2.6155505180358887,2.254842519760132,2.131809949874878,1.8765759468078613,1.5677002668380737,1.4678289890289307,1.1156110763549805,1.2123544216156006,0.9486388564109802,1.0905516147613525,1.4167894124984741,1.616256594657898,1.8884357213974,2.1618268489837646,2.422529935836792
B9,2.498894453048706,2.1672213077545166,1.9595983028411865,1.7224783897399902,1.3771851062774658,1.217800259590149,0.8478137850761414,0.8309985995292664,0.5410774946212769,0.6453698873519897,0.9395976662635803,1.1225541830062866,1.3335354328155518,1.6199942827224731,1.8772597312927246,2.289278745651245,2.002293348312378,1.7275457382202148,1.4622139930725098,1.1710779666900635,0.8967637419700623,0.598084032535553,0.3715757429599762,0.0,0.38083964586257935,0.5467995405197144,0.8730329871177673,1.0283616781234741,1.3512576818466187,1.6023162603378296,2.1821634769439697,1.8944884538650513,1.6868864297866821,1.3280036449432373,1.1352965831756592,0.812349259853363,0.6170348525047302,0.5222360491752625,0.4371626377105713,0.8280042409896851,0.9483113884925842,1.3567675352096558,1.6420199871063232,1.6743903160095215,2.04530930519104,2.395400285720825,2.078221559524536,1.9395216703414917,1.5928962230682373,1.3913863897323608,1.1718379259109497,0.9310935139656067,0.9718552827835083,0.8011906743049622,1.1564791202545166,1.3025091886520386,1.6375813484191895,1.851645827293396,2.16117525100708,2.437377452850342,2.6050539016723633,2.263629674911499,2.1111717224121094,1.8056373596191406,1.5366612672805786,1.3557000160217285,1.0338696241378784,1.0609599351882935,0.7834193110466003,1.0258105993270874,1.2881529331207275,1.5328071117401123,1.8368229866027832,2.0693719387054443,2.351055860519409
B10,2.651890516281128,2.3030288219451904,2.1362364292144775,1.9414443969726562,1.577882170677185,1.4967328310012817,1.1263772249221802,1.1770609617233276,0.9131994843482971,0.9304968118667603,1.2541731595993042,1.4093948602676392,1.5543782711029053,1.8819706439971924,2.0941638946533203,2.3442511558532715,2.062049627304077,1.772206425666809,1.5773022174835205,1.252657175064087,1.0423413515090942,0.7557151913642883,0.5430444478988647,0.38083964586257935,0.0,0.3570510447025299,0.5452998876571655,0.7517118453979492,1.0342134237289429,1.295005440711975,2.0202834606170654,1.7725001573562622,1.5119292736053467,1.1567614078521729,1.010766863822937,0.6274958848953247,0.5783002972602844,0.37062007188796997,0.5402384400367737,0.861247181892395,0.9014853239059448,1.2921473979949951,1.5603387355804443,1.5134108066558838,1.8976781368255615,2.291306734085083,2.0052387714385986,1.8808387517929077,1.5069146156311035,1.3945553302764893,1.1645182371139526,1.0389940738677979,1.0941599607467651,1.0306471586227417,1.4140208959579468,1.5191813707351685,1.8854092359542847,2.049100875854492,2.3840434551239014,2.638253688812256,2.6688222885131836,2.327385902404785,2.226890802383423,1.913299560546875,1.6882604360580444,1.5428887605667114,1.2686933279037476,1.3576891422271729,1.1284750699996948,1.4000978469848633,1.6553905010223389,1.9100261926651,2.2151236534118652,2.4433324337005615,2.725978374481201
B11,2.9123191833496094,2.5770137310028076,2.3799023628234863,2.1935746669769287,1.8254420757293701,1.7108120918273926,1.3424798250198364,1.303598165512085,0.9949816465377808,0.9077860713005066,1.197076439857483,1.379793643951416,1.4715033769607544,1.797674536705017,1.9940110445022583,2.498863935470581,2.251997709274292,1.9285670518875122,1.72859525680542,1.449845790863037,1.1822514533996582,0.9746602773666382,0.647473156452179,0.5467995405197144,0.3570510447025299,0.0,0.3854747712612152,0.565402090549469,0.8433231115341187,1.1347472667694092,2.2095842361450195,1.9936975240707397,1.744179368019104,1.3702682256698608,1.2989580631256104,0.9124997854232788,0.9230166673660278,0.7135940790176392,0.8003170490264893,1.1275386810302734,1.0817517042160034,1.4547860622406006,1.7679259777069092,1.7238712310791016,2.09774112701416,2.6211183071136475,2.3370025157928467,2.229400634765625,1.855547547340393,1.7487412691116333,1.5194854736328125,1.376686453819275,1.3999056816101074,1.2747520208358765,1.645037055015564,1.718965768814087,2.0731570720672607,2.262402057647705,2.570915937423706,2.8522262573242188,3.0190234184265137,2.6736886501312256,2.5679197311401367,2.2580513954162598,2.0171666145324707,1.859033465385437,1.5602991580963135,1.5988742113113403,1.312365174293518,1.5299452543258667,1.7733441591262817,1.9736204147338867,2.307744026184082,2.510955572128296,2.8195738792419434
B12,3.085620641708374,2.7399370670318604,2.579543352127075,2.4277400970458984,2.0516252517700195,1.995043396949768,1.629112720489502,1.6446480751037598,1.360252857208252,1.2601544857025146,1.5632718801498413,1.714575171470642,1.7627804279327393,2.111229181289673,2.266448974609375,2.596590518951416,2.3593688011169434,2.0338375568389893,1.900177240371704,1.6060302257537842,1.4039684534072876,1.2093422412872314,0.940230131149292,0.8730329871177673,0.5452998876571655,0.3854747712612152,0.0,0.36749833822250366,0.5148213505744934,0.8346976041793823,2.1089353561401367,1.9446971416473389,1.657384991645813,1.314300298690796,1.3049352169036865,0.9279203414916992,1.0527215003967285,0.8293129801750183,1.0317208766937256,1.2863441705703735,1.191331386566162,1.512898325920105,1.7901369333267212,1.6707667112350464,2.039064645767212,2.5768980979919434,2.329591989517212,2.240842342376709,1.8604614734649658,1.832192301750183,1.610694169998169,1.5540846586227417,1.5914044380187988,1.5401893854141235,1.9233440160751343,1.9769608974456787,2.3492565155029297,2.497589111328125,2.825199604034424,3.0842673778533936,3.1176249980926514,2.7771456241607666,2.7163095474243164,2.4066615104675293,2.2025511264801025,2.0749666690826416,1.811928391456604,1.8958958387374878,1.6450411081314087,1.890095829963684,2.135413646697998,2.3520684242248535,2.681983709335327,2.887836217880249,3.1932740211486816
B13,3.0429084300994873,2.714665174484253,2.5403265953063965,2.4346017837524414,2.0518219470977783,2.0217363834381104,1.675652027130127,1.6832679510116577,1.4402300119400024,1.2481952905654907,1.5526437759399414,1.6415822505950928,1.6168678998947144,1.9836736917495728,2.0825514793395996,2.410985231399536,2.215392589569092,1.8669145107269287,1.7661774158477783,1.5190365314483643,1.3232091665267944,1.2253859043121338,0.9579470753669739,1.0283616781234741,0.7517118453979492,0.565402090549469,0.36749833822250366,0.0,0.38503533601760864,0.5832434296607971,1.9604921340942383,1.8300988674163818,1.5828001499176025,1.2299765348434448,1.3165175914764404,0.9810545444488525,1.1869561672210693,1.0691694021224976,1.2865726947784424,1.5827398300170898,1.5328006744384766,1.8705005645751953,2.1399316787719727,2.0104944705963135,2.382453680038452,2.643144369125366,2.3865108489990234,2.3532111644744873,1.9943971633911133,1.9685155153274536,1.8076331615447998,1.7385003566741943,1.8377165794372559,1.7766165733337402,2.1557681560516357,2.25164532661438,2.6141257286071777,2.785954713821411,3.1110973358154297,3.3759212493896484,3.230652093887329,2.8758091926574707,2.8374979496002197,2.5618813037872314,2.3286502361297607,2.2470109462738037,1.9572911262512207,2.0708110332489014,1.8086713552474976,2.002243995666504,2.2839934825897217,2.4683785438537598,2.7854604721069336,3.014016628265381,3.311631679534912
