,A1,A2,A3,A4,A5,A6,A7,A8,A9,A10,A11,A12,A13,A14,A15,B1,B2,B3,B4,B5,B6,B7,B8,B9,B10,B11,B12,B13,B14,B15,C1,C2,C3,C4,C5,C6,C7,C8,C9,C10,C11,C12,C13,C14,C15,D1,D2,D3,D4,D5,D6,D7,D8,D9,D10,D11,D12,D13,D14,D15,E1,E2,E3,E4,E5,E6,E7,E8,E9,E10,E11,E12,E13,E14,E15
A1,0.0,0.38400837779045105,0.5590339303016663,0.8365574479103088,1.1081351041793823,1.3958487510681152,1.6621348857879639,1.9486373662948608,2.2473108768463135,2.465031623840332,2.769589900970459,3.005169153213501,3.3043038845062256,3.5610601902008057,3.837562322616577,3.2381837368011475,2.8995230197906494,2.7042839527130127,2.44382381439209,2.1321158409118652,1.9288944005966187,1.587871789932251,1.4381663799285889,1.0665470361709595,0.9118169546127319,0.8059622049331665,0.57228684425354,0.7979626059532166,0.7027896642684937,1.0501919984817505,2.7705459594726562,2.43318772315979,2.275045156478882,2.285773992538452,1.9075266122817993,2.027554988861084,1.727027416229248,1.8923892974853516,1.8241723775863647,1.6409434080123901,1.943762183189392,1.774315357208252,2.1187801361083984,2.095670461654663,2.3413476943969727,3.227762222290039,2.8808140754699707,2.7714459896087646,2.48331618309021,2.2147316932678223,2.0204665660858154,1.7071337699890137,1.625936508178711,1.2415194511413574,1.3172246217727661,1.2344181537628174,1.1900554895401,1.3700653314590454,1.2650009393692017,1.6453146934509277,1.2105538845062256,1.0740280151367188,1.1608448028564453,1.4875191450119019,1.4462862014770508,1.835667610168457,1.913173794746399,2.2623260021209717,2.4832093715667725,2.579108476638794,2.948303461074829,3.0784502029418945,3.405482292175293,3.6606311798095703,3.8880703449249268
A2,0.38400837779045105,0.0,0.37811607122421265,0.598220944404602,0.8142518997192383,1.1323394775390625,1.3567838668823242,1.6727803945541382,1.9357978105545044,2.16633677482605,2.472715377807617,2.6995701789855957,3.0025646686553955,3.241847038269043,3.5347964763641357,2.9106051921844482,2.5607450008392334,2.389557123184204,2.1367430686950684,1.8232767581939697,1.6545085906982422,1.3043310642242432,1.2266219854354858,0.85433429479599,0.7930812239646912,0.817341685295105,0.7209509611129761,1.0416536331176758,1.041489839553833,1.3958945274353027,2.432631731033325,2.0826635360717773,1.9398903846740723,1.9376147985458374,1.562888264656067,1.6998621225357056,1.4050592184066772,1.6156141757965088,1.5666687488555908,1.4502660036087036,1.7818913459777832,1.6787034273147583,2.0482828617095947,2.0747568607330322,2.3575453758239746,2.8745005130767822,2.5321578979492188,2.4041292667388916,2.115234851837158,1.8410576581954956,1.6405588388442993,1.3243931531906128,1.248064637184143,0.8685632348060608,0.9813738465309143,0.9566627144813538,0.9815986156463623,1.226027250289917,1.2291009426116943,1.609674334526062,1.1694267988204956,0.9461723566055298,0.9435730576515198,1.2245934009552002,1.1145235300064087,1.498376727104187,1.548364281654358,1.8951956033706665,2.110269546508789,2.1964077949523926,2.566962957382202,2.6952877044677734,3.0214860439300537,3.2780377864837646,3.5050575733184814
A3,0.5590339303016663,0.37811607122421265,0.0,0.3893856108188629,0.5694950222969055,0.8787287473678589,1.1256282329559326,1.4149812459945679,1.720470905303955,1.9157147407531738,2.2304446697235107,2.456472158432007,2.761826992034912,3.019418239593506,3.2906219959259033,2.7173168659210205,2.3863487243652344,2.1712942123413086,1.933097004890442,1.6023205518722534,1.423535704612732,1.0669806003570557,0.9604801535606384,0.6341301202774048,0.45711931586265564,0.602300763130188,0.5405498147010803,0.9204102754592896,1.049299955368042,1.3552448749542236,2.488281488418579,2.135735511779785,1.9465950727462769,1.8789647817611694,1.488871455192566,1.5392874479293823,1.208907127380371,1.3461755514144897,1.2655048370361328,1.0997660160064697,1.4221240282058716,1.3070875406265259,1.676724910736084,1.7198735475540161,1.9983627796173096,2.7403292655944824,2.380664110183716,2.297368288040161,2.0407028198242188,1.761108636856079,1.6358143091201782,1.3158575296401978,1.3490833044052124,1.0169962644577026,1.1639841794967651,1.2426515817642212,1.2634397745132446,1.5544482469558716,1.5594178438186646,1.9381242990493774,1.1920382976531982,0.8993608355522156,0.9988963007926941,1.2031680345535278,1.098628044128418,1.4774402379989624,1.4999922513961792,1.8729499578475952,2.045297622680664,2.177314519882202,2.536738395690918,2.6689159870147705,3.0140798091888428,3.2448222637176514,3.504417896270752
A4,0.8365574479103088,0.598220944404602,0.3893856108188629,0.0,0.388461709022522,0.5693232417106628,0.8712036609649658,1.1275299787521362,1.4320372343063354,1.6732747554779053,1.9517899751663208,2.211575984954834,2.4903664588928223,2.7620606422424316,3.0298731327056885,2.596303939819336,2.2566497325897217,2.0516674518585205,1.8736004829406738,1.5094780921936035,1.4250444173812866,1.0521754026412964,1.0707584619522095,0.8368766903877258,0.6801033616065979,0.95023512840271,0.8788074254989624,1.260006308555603,1.3836413621902466,1.6601982116699219,2.1843035221099854,1.8494324684143066,1.6197255849838257,1.5552287101745605,1.16580069065094,1.2215172052383423,0.9321597218513489,1.092014193534851,1.120526909828186,0.9874712228775024,1.3579622507095337,1.3237086534500122,1.6984423398971558,1.8228812217712402,2.083512306213379,2.449955701828003,2.099179744720459,2.043896436691284,1.7663918733596802,1.5352389812469482,1.412909746170044,1.1494438648223877,1.2246993780136108,0.9631842374801636,1.2233316898345947,1.3250126838684082,1.4450360536575317,1.7302356958389282,1.798852801322937,2.170847177505493,1.5396931171417236,1.2133513689041138,1.2490077018737793,1.3785241842269897,1.1713309288024902,1.5110869407653809,1.436462640762329,1.8051081895828247,1.9147865772247314,2.0112292766571045,2.3745064735412598,2.460955858230591,2.819854736328125,3.0214293003082275,3.2828142642974854
A5,1.1081351041793823,0.8142518997192383,0.5694950222969055,0.388461709022522,0.0,0.39284494519233704,0.5592950582504272,0.8784224390983582,1.1567575931549072,1.3595623970031738,1.674054503440857,1.8979853391647339,2.203277587890625,2.45420503616333,2.7331736087799072,2.214893102645874,1.8789201974868774,1.6690610647201538,1.4852628707885742,1.1217418909072876,1.0501899719238281,0.6792575120925903,0.7772349119186401,0.6439989805221558,0.6207497715950012,0.9691919684410095,1.0401389598846436,1.4147447347640991,1.6034027338027954,1.88589608669281,2.1102309226989746,1.75605309009552,1.5452688932418823,1.3971123695373535,1.0126038789749146,0.9943910241127014,0.6444637775421143,0.8054037690162659,0.7800830602645874,0.7390579581260681,1.1075694561004639,1.1451733112335205,1.5232487916946411,1.6769641637802124,1.9769179821014404,2.1823458671569824,1.817855715751648,1.7551180124282837,1.522264838218689,1.2496390342712402,1.199465274810791,0.9140551686286926,1.0889956951141357,0.9007995128631592,1.1358038187026978,1.3446375131607056,1.4587763547897339,1.791929006576538,1.9028620719909668,2.2572267055511475,1.4810667037963867,1.111366629600525,1.1278557777404785,1.1482558250427246,0.916420578956604,1.2147674560546875,1.117785096168518,1.4927135705947876,1.5843031406402588,1.7260205745697021,2.0730788707733154,2.18672776222229,2.5473849773406982,2.74727463722229,3.0299289226531982
A6,1.3958487510681152,1.1323394775390625,0.8787287473678589,0.5693232417106628,0.39284494519233704,0.0,0.37252184748649597,0.558746337890625,0.8867899179458618,1.1220334768295288,1.3873209953308105,1.6572664976119995,1.926637887954712,2.210414171218872,2.4663491249084473,2.1602365970611572,1.8386532068252563,1.6167893409729004,1.5235110521316528,1.1384713649749756,1.175645351409912,0.8517593145370483,1.0209076404571533,0.9942102432250977,0.9095569849014282,1.2839816808700562,1.3119927644729614,1.680322527885437,1.878984808921814,2.1219828128814697,1.9882538318634033,1.669973373413086,1.3951002359390259,1.214692234992981,0.8510196805000305,0.7455325722694397,0.4542481303215027,0.5371069312095642,0.6821414828300476,0.6503000259399414,1.0275193452835083,1.1417752504348755,1.490174651145935,1.719576358795166,1.9766157865524292,1.9652354717254639,1.605526328086853,1.6155376434326172,1.3880131244659424,1.1933841705322266,1.2013002634048462,1.0192153453826904,1.2541682720184326,1.1560641527175903,1.4476944208145142,1.6541873216629028,1.8135342597961426,2.1326699256896973,2.260213851928711,2.6143720149993896,1.8632819652557373,1.4903204441070557,1.5129146575927734,1.4930554628372192,1.2306162118911743,1.464901089668274,1.281887412071228,1.6288208961486816,1.627464771270752,1.7463603019714355,2.076334238052368,2.137204170227051,2.51284122467041,2.663229465484619,2.958991050720215
A7,1.6621348857879639,1.3567838668823242,1.1256282329559326,0.8712036609649658,0.5592950582504272,0.37252184748649597,0.0,0.3776821494102478,0.6011248826980591,0.8151487112045288,1.119143009185791,1.3496043682098389,1.647274136543274,1.9001996517181396,2.1798384189605713,1.794797420501709,1.4690099954605103,1.26160728931427,1.193367600440979,0.8121708035469055,0.9390209913253784,0.6825891137123108,0.9707353711128235,1.0450364351272583,1.0794037580490112,1.4570080041885376,1.563157558441162,1.924739122390747,2.144848585128784,2.4039087295532227,1.8778901100158691,1.5522773265838623,1.3135111331939697,1.048736333847046,0.7305600643157959,0.5231865048408508,0.1617836207151413,0.307553231716156,0.4815491735935211,0.6689049005508423,0.9863225817680359,1.1963998079299927,1.5190314054489136,1.772640585899353,2.057666778564453,1.6649861335754395,1.2933790683746338,1.29157555103302,1.1144543886184692,0.892454981803894,0.9961256980895996,0.8450733423233032,1.1653119325637817,1.1661869287490845,1.4279788732528687,1.6998815536499023,1.8655164241790771,2.203519582748413,2.3724682331085205,2.7033894062042236,1.922362208366394,1.539827585220337,1.5199551582336426,1.4050300121307373,1.1190299987792969,1.2630889415740967,1.0286881923675537,1.3469550609588623,1.298141598701477,1.4461512565612793,1.7525243759155273,1.82816481590271,2.20318603515625,2.347539186477661,2.6601264476776123
A8,1.9486373662948608,1.6727803945541382,1.4149812459945679,1.1275299787521362,0.8784224390983582,0.558746337890625,0.3776821494102478,0.0,0.39827877283096313,0.5976200699806213,0.8333913683891296,1.1162126064300537,1.372025728225708,1.6695278882980347,1.9109885692596436,1.77958083152771,1.497205138206482,1.2688754796981812,1.3069684505462646,0.9518502950668335,1.1485346555709839,0.9683651328086853,1.2380714416503906,1.3656270503997803,1.3434656858444214,1.7309147119522095,1.8129278421401978,2.162374496459961,2.3991243839263916,2.622349739074707,1.929322361946106,1.654887080192566,1.3696746826171875,1.0690993070602417,0.837740421295166,0.49644190073013306,0.4057043790817261,0.15784618258476257,0.5516589879989624,0.7180813550949097,0.9592292904853821,1.2286137342453003,1.491779088973999,1.8031070232391357,2.0392565727233887,1.5286498069763184,1.168289303779602,1.2776190042495728,1.1511776447296143,1.0357191562652588,1.209195613861084,1.1514596939086914,1.483150601387024,1.51816987991333,1.7973661422729492,2.0610172748565674,2.2383899688720703,2.570751190185547,2.7370269298553467,3.072589159011841,2.261615514755249,1.8785380125045776,1.886596918106079,1.7595674991607666,1.4852393865585327,1.594470739364624,1.331552267074585,1.6057989597320557,1.4756786823272705,1.611489176750183,1.8751626014709473,1.9034934043884277,2.2806966304779053,2.3655991554260254,2.6939525604248047
A9,2.2473108768463135,1.9357978105545044,1.720470905303955,1.4320372343063354,1.1567575931549072,0.8867899179458618,0.6011248826980591,0.39827877283096313,0.0,0.38118627667427063,0.5569206476211548,0.8273870944976807,1.0791702270507812,1.339355230331421,1.6196867227554321,1.525078296661377,1.2423818111419678,1.087360143661499,1.212738037109375,0.9203783869743347,1.227867603302002,1.1289142370224,1.4634660482406616,1.6143015623092651,1.6627528667449951,2.043851613998413,2.1527671813964844,2.508899211883545,2.737283229827881,2.9819748401641846,1.7201277017593384,1.4727636575698853,1.2257537841796875,0.8610052466392517,0.7672885060310364,0.3756156861782074,0.5338912010192871,0.4647744297981262,0.7813374400138855,1.0582244396209717,1.2419172525405884,1.5532286167144775,1.7884397506713867,2.1071877479553223,2.3535499572753906,1.1333211660385132,0.7703806757926941,0.9076045751571655,0.8419409394264221,0.8026958703994751,1.0636804103851318,1.113564372062683,1.469508409500122,1.6045923233032227,1.8736788034439087,2.160874605178833,2.366377592086792,2.692324638366699,2.903087854385376,3.2135400772094727,2.4796767234802246,2.0990638732910156,2.0512070655822754,1.870323896408081,1.5675982236862183,1.5855971574783325,1.2666139602661133,1.459912896156311,1.24611234664917,1.3519099950790405,1.5718140602111816,1.5671868324279785,1.9390554428100586,1.9937840700149536,2.3297479152679443
A10,2.465031623840332,2.16633677482605,1.9157147407531738,1.6732747554779053,1.3595623970031738,1.1220334768295288,0.8151487112045288,0.5976200699806213,0.38118627667427063,0.0,0.3865545392036438,0.5425050854682922,0.8612942695617676,1.117958664894104,1.3768311738967896,1.2657865285873413,1.0475965738296509,0.8334389328956604,1.0342209339141846,0.813483715057373,1.1455811262130737,1.1554369926452637,1.4722157716751099,1.7057329416275024,1.7699024677276611,2.1430931091308594,2.2941112518310547,2.625459909439087,2.8916821479797363,3.1181118488311768,2.037898540496826,1.799085259437561,1.582185983657837,1.2008366584777832,1.1321685314178467,0.7484647035598755,0.8057461380958557,0.5969142317771912,0.7602154016494751,1.0689834356307983,1.1319230794906616,1.485155701637268,1.6552760601043701,1.9865015745162964,2.2250468730926514,1.1632572412490845,0.8165034055709839,1.003775715827942,1.0750447511672974,1.0092803239822388,1.3371775150299072,1.3597220182418823,1.7366818189620972,1.8662298917770386,2.0900485515594482,2.407545328140259,2.576385736465454,2.921626329421997,3.121004581451416,3.427834987640381,2.561112642288208,2.1865453720092773,2.17053484916687,1.9432721138000488,1.691043734550476,1.665061116218567,1.3751434087753296,1.5374263525009155,1.295678734779358,1.4751511812210083,1.6304479837417603,1.6639342308044434,2.0138492584228516,2.0438272953033447,2.406339645385742
A11,2.769589900970459,2.472715377807617,2.2304446697235107,1.9517899751663208,1.674054503440857,1.3873209953308105,1.119143009185791,0.8333913683891296,0.5569206476211548,0.3865545392036438,0.0,0.3667052388191223,0.5399903655052185,0.8552075624465942,1.0833731889724731,1.3855172395706177,1.2264668941497803,1.0828094482421875,1.3573442697525024,1.18312406539917,1.5282899141311646,1.5370421409606934,1.8529127836227417,2.073808193206787,2.1148555278778076,2.495084285736084,2.619859457015991,2.956092357635498,3.214162588119507,3.4310741424560547,2.012594699859619,1.8398302793502808,1.6111361980438232,1.2371255159378052,1.2695485353469849,0.900879442691803,1.0813848972320557,0.8918641209602356,1.1218674182891846,1.388450026512146,1.4367142915725708,1.7916662693023682,1.927943468093872,2.2812421321868896,2.4809792041778564,0.9734376072883606,0.7052024006843567,1.0162469148635864,1.131004810333252,1.194154143333435,1.521410584449768,1.6211152076721191,1.9844117164611816,2.1480751037597656,2.3976211547851562,2.700857639312744,2.897911548614502,3.2301406860351562,3.4434778690338135,3.7488224506378174,2.9380500316619873,2.561027765274048,2.5354621410369873,2.313344717025757,2.0424067974090576,2.002284288406372,1.6864277124404907,1.8060587644577026,1.5128840208053589,1.6299889087677002,1.738364815711975,1.698549509048462,2.0300631523132324,1.9894877672195435,2.3478810787200928
A12,3.005169153213501,2.6995701789855957,2.456472158432007,2.211575984954834,1.8979853391647339,1.6572664976119995,1.3496043682098389,1.1162126064300537,0.8273870944976807,0.5425050854682922,0.3667052388191223,0.0,0.3769337832927704,0.5880197882652283,0.8452222347259521,1.093725562095642,1.0156757831573486,0.9049078226089478,1.2495193481445312,1.181514024734497,1.5421016216278076,1.635805606842041,1.9516820907592773,2.2151870727539062,2.298600912094116,2.6651461124420166,2.8297946453094482,3.1535990238189697,3.428529977798462,3.649522304534912,2.204559564590454,2.034316301345825,1.8574872016906738,1.4699546098709106,1.5273311138153076,1.1736259460449219,1.3200510740280151,1.135572910308838,1.2717009782791138,1.574159860610962,1.5589677095413208,1.9267174005508423,2.024953842163086,2.365891933441162,2.5742735862731934,0.9516568183898926,0.7426000237464905,1.032891035079956,1.2579553127288818,1.3016847372055054,1.6723484992980957,1.7722012996673584,2.1443123817443848,2.3306214809417725,2.538705825805664,2.8678247928619385,3.0457708835601807,3.3861734867095947,3.6079282760620117,3.8971002101898193,3.0408809185028076,2.6754567623138428,2.64421010017395,2.377633810043335,2.1354150772094727,2.036142349243164,1.736567497253418,1.7991000413894653,1.4775621891021729,1.6310009956359863,1.6672288179397583,1.656191349029541,1.9517582654953003,1.8900278806686401,2.2638750076293945
A13,3.3043038845062256,3.0025646686553955,2.761826992034912,2.4903664588928223,2.203277587890625,1.926637887954712,1.647274136543274,1.372025728225708,1.0791702270507812,0.8612942695617676,0.5399903655052185,0.3769337832927704,0.0,0.38028484582901,0.5457672476768494,1.346596598625183,1.322394609451294,1.2596856355667114,1.618500828742981,1.5565218925476074,1.9170045852661133,1.996290683746338,2.3103840351104736,2.563751459121704,2.6245172023773193,2.9984402656555176,3.1412413120269775,3.468590259552002,3.7385003566741943,3.9497692584991455,2.2770280838012695,2.16652512550354,1.982901692390442,1.6183589696884155,1.736230492591858,1.4001048803329468,1.6053414344787598,1.4220213890075684,1.6040855646133423,1.8770232200622559,1.858015775680542,2.223123788833618,2.2979564666748047,2.6539523601531982,2.8284084796905518,0.930120587348938,0.8546497225761414,1.2049083709716797,1.4395012855529785,1.5659654140472412,1.9204456806182861,2.0655853748321533,2.4252867698669434,2.628657579421997,2.858181953430176,3.17444109916687,3.372748613357544,3.7037482261657715,3.9333581924438477,4.223804950714111,3.403940439224243,3.0346298217773438,3.0009968280792236,2.7430999279022217,2.486976146697998,2.388223171234131,2.0734596252441406,2.1165084838867188,1.7721000909805298,1.8741570711135864,1.8763885498046875,1.803412675857544,2.069875955581665,1.9406079053878784,2.2988734245300293
A14,3.5610601902008057,3.241847038269043,3.019418239593506,2.7620606422424316,2.45420503616333,2.210414171218872,1.9001996517181396,1.6695278882980347,1.339355230331421,1.117958664894104,0.8552075624465942,0.5880197882652283,0.38028484582901,0.0,0.3862246870994568,1.2093614339828491,1.2572225332260132,1.288813591003418,1.6731683015823364,1.689448356628418,2.0617969036102295,2.1855239868164062,2.51220440864563,2.7755911350250244,2.877685308456421,3.242351531982422,3.4098167419433594,3.7376582622528076,4.007194519042969,4.234354496002197,2.355949878692627,2.265587329864502,2.139770984649658,1.7787045240402222,1.940024495124817,1.6369277238845825,1.847631812095642,1.7050855159759521,1.8553136587142944,2.1620850563049316,2.133700132369995,2.502432107925415,2.5731358528137207,2.9139771461486816,3.105315923690796,0.8765994310379028,0.9139624834060669,1.2130019664764404,1.5226163864135742,1.6632808446884155,2.0317180156707764,2.202618360519409,2.5536258220672607,2.793297052383423,2.9941458702087402,3.322775363922119,3.5200517177581787,3.8463659286499023,4.096078395843506,4.364722728729248,3.575902223587036,3.2172815799713135,3.156904697418213,2.868490695953369,2.6199722290039062,2.467061996459961,2.15685772895813,2.1334574222564697,1.764167070388794,1.8545918464660645,1.7795463800430298,1.7022968530654907,1.913404941558838,1.7443495988845825,2.099491834640503
A15,3.837562322616577,3.5347964763641357,3.2906219959259033,3.0298731327056885,2.7331736087799072,2.4663491249084473,2.1798384189605713,1.9109885692596436,1.6196867227554321,1.3768311738967896,1.0833731889724731,0.8452222347259521,0.5457672476768494,0.3862246870994568,0.0,1.483515977859497,1.5865612030029297,1.5801435708999634,1.968273639678955,1.9874101877212524,2.3412387371063232,2.471312999725342,2.7754175662994385,3.0551135540008545,3.1293880939483643,3.49556565284729,3.6552722454071045,3.9717752933502197,4.2545552253723145,4.45864200592041,2.6738698482513428,2.6044273376464844,2.4555158615112305,2.102957010269165,2.257464647293091,1.9360978603363037,2.140721559524536,1.9523720741271973,2.0972228050231934,2.3691580295562744,2.2994518280029297,2.6641666889190674,2.6878061294555664,3.0371360778808594,3.187894105911255,1.2120912075042725,1.2716140747070312,1.5908501148223877,1.883939266204834,2.029606342315674,2.3945469856262207,2.556776523590088,2.9129703044891357,3.1367850303649902,3.3462493419647217,3.6734046936035156,3.865777015686035,4.197695732116699,4.435613632202148,4.714320659637451,3.8706159591674805,3.5105345249176025,3.4766769409179688,3.1921565532684326,2.956151247024536,2.817293643951416,2.5152900218963623,2.506309747695923,2.1424152851104736,2.240579128265381,2.161217212677002,2.0774407386779785,2.271864414215088,2.0744643211364746,2.4144539833068848
B1,3.2381837368011475,2.9106051921844482,2.7173168659210205,2.596303939819336,2.214893102645874,2.1602365970611572,1.794797420501709,1.77958083152771,1.525078296661377,1.2657865285873413,1.3855172395706177,1.093725562095642,1.346596598625183,1.2093614339828491,1.483515977859497,0.0,0.3843873143196106,0.5712391138076782,0.8411312699317932,1.1219643354415894,1.400046467781067,1.6794060468673706,1.9624067544937134,2.264430522918701,2.496695041656494,2.781877040863037,3.052950620651245,3.3373260498046875,3.6182639598846436,3.878206729888916,2.6050753593444824,2.378873586654663,2.355012893676758,1.9849333763122559,2.0156326293945312,1.7673015594482422,1.7795631885528564,1.7118228673934937,1.6287057399749756,1.9886376857757568,1.9257818460464478,2.244349479675293,2.335462808609009,2.566499710083008,2.854787588119507,1.4412921667099,1.2970035076141357,1.272748351097107,1.5890929698944092,1.4712989330291748,1.8400659561157227,1.87313711643219,2.204679012298584,2.4174461364746094,2.4673712253570557,2.8429343700408936,2.9439194202423096,3.2830491065979004,3.520843982696533,3.7390356063842773,2.863992214202881,2.5688607692718506,2.4868035316467285,2.119532823562622,1.9858794212341309,1.7223354578018188,1.5434151887893677,1.4352517127990723,1.1662168502807617,1.4414215087890625,1.3244487047195435,1.5107585191726685,1.6839706897735596,1.717335820198059,2.0793886184692383
B2,2.8995230197906494,2.5607450008392334,2.3863487243652344,2.2566497325897217,1.8789201974868774,1.8386532068252563,1.4690099954605103,1.497205138206482,1.2423818111419678,1.0475965738296509,1.2264668941497803,1.0156757831573486,1.322394609451294,1.2572225332260132,1.5865612030029297,0.3843873143196106,0.0,0.3800155222415924,0.606697142124176,0.8282038569450378,1.1423128843307495,1.3776686191558838,1.693651556968689,1.9615479707717896,2.2022125720977783,2.495147466659546,2.7529938220977783,3.0547068119049072,3.3163158893585205,3.592590093612671,2.286316394805908,2.03463077545166,2.011878728866577,1.649405837059021,1.6595977544784546,1.438873052597046,1.4419509172439575,1.4277057647705078,1.364599585533142,1.7411541938781738,1.743234395980835,2.0558059215545654,2.204171657562256,2.4371261596679688,2.747551918029785,1.2810009717941284,1.0715699195861816,0.9858200550079346,1.2578599452972412,1.100088357925415,1.4624356031417847,1.489242672920227,1.8215447664260864,2.038985013961792,2.101360321044922,2.4736850261688232,2.591160535812378,2.9278221130371094,3.1735963821411133,3.397923707962036,2.584073781967163,2.2753989696502686,2.169508934020996,1.814885139465332,1.64279305934906,1.387965440750122,1.1757768392562866,1.0869476795196533,0.8082057237625122,1.1037812232971191,1.0578370094299316,1.261540174484253,1.4935526847839355,1.582484483718872,1.9466016292572021
B3,2.7042839527130127,2.389557123184204,2.1712942123413086,2.0516674518585205,1.6690610647201538,1.6167893409729004,1.26160728931427,1.2688754796981812,1.087360143661499,0.8334389328956604,1.0828094482421875,0.9049078226089478,1.2596856355667114,1.288813591003418,1.5801435708999634,0.5712391138076782,0.3800155222415924,0.0,0.393067866563797,0.5739417672157288,0.8829926252365112,1.1367563009262085,1.428186297416687,1.73525071144104,1.9413858652114868,2.2421491146087646,2.5002527236938477,2.7903270721435547,3.0752813816070557,3.32759952545166,2.4047601222991943,2.129554510116577,2.0443577766418457,1.6684788465499878,1.608220100402832,1.331616997718811,1.2713837623596191,1.179481029510498,1.0602267980575562,1.420807957649231,1.3826706409454346,1.6997747421264648,1.8301573991775513,2.0705583095550537,2.372781276702881,1.425675392150879,1.1485238075256348,1.1388075351715088,1.3478155136108398,1.149574637413025,1.5099445581436157,1.4724012613296509,1.8314673900604248,1.9862533807754517,2.0671236515045166,2.4397692680358887,2.536332607269287,2.89312481880188,3.103450059890747,3.3573334217071533,2.4114432334899902,2.0888659954071045,2.0415127277374268,1.7032355070114136,1.5530941486358643,1.3698644638061523,1.1781513690948486,1.2082358598709106,0.9913273453712463,1.3160260915756226,1.3578338623046875,1.548038363456726,1.8214514255523682,1.9104359149932861,2.2799911499023438
B4,2.44382381439209,2.1367430686950684,1.933097004890442,1.8736004829406738,1.4852628707885742,1.5235110521316528,1.193367600440979,1.3069684505462646,1.212738037109375,1.0342209339141846,1.3573442697525024,1.2495193481445312,1.618500828742981,1.6731683015823364,1.968273639678955,0.8411312699317932,0.606697142124176,0.393067866563797,0.0,0.38533511757850647,0.5653089880943298,0.8720361590385437,1.1305776834487915,1.4346815347671509,1.6851962804794312,1.949198603630066,2.235049247741699,2.5086357593536377,2.7887938022613525,3.0518248081207275,2.4697654247283936,2.1530752182006836,2.083436965942383,1.7384113073349,1.6077044010162354,1.382566213607788,1.225932240486145,1.1854376792907715,0.9722550511360168,1.3094346523284912,1.2950148582458496,1.5553444623947144,1.7212326526641846,1.9060136079788208,2.2451906204223633,1.7086447477340698,1.403049111366272,1.3178210258483887,1.4462836980819702,1.1560052633285522,1.452447772026062,1.3261806964874268,1.6577805280685425,1.7647783756256104,1.793758511543274,2.1712400913238525,2.2271721363067627,2.5893476009368896,2.7819318771362305,3.0294876098632812,2.043698787689209,1.7379226684570312,1.691522240638733,1.3394361734390259,1.2377816438674927,1.055643081665039,0.9457970261573792,1.0214905738830566,0.9343928694725037,1.3030399084091187,1.4040825366973877,1.6535316705703735,1.92862069606781,2.0861921310424805,2.4345550537109375
B5,2.1321158409118652,1.8232767581939697,1.6023205518722534,1.5094780921936035,1.1217418909072876,1.1384713649749756,0.8121708035469055,0.9518502950668335,0.9203783869743347,0.813483715057373,1.18312406539917,1.181514024734497,1.5565218925476074,1.689448356628418,1.9874101877212524,1.1219643354415894,0.8282038569450378,0.5739417672157288,0.38533511757850647,0.0,0.39366546273231506,0.5663344860076904,0.8891080021858215,1.1692272424697876,1.3805326223373413,1.684524655342102,1.9364025592803955,2.2363295555114746,2.5092215538024902,2.77254319190979,2.264443874359131,1.9345239400863647,1.8172073364257812,1.4807491302490234,1.295790433883667,1.0608469247817993,0.8579636812210083,0.8219335079193115,0.616209089756012,0.971199631690979,1.0341168642044067,1.3001060485839844,1.523566722869873,1.735948085784912,2.0733249187469482,1.6436721086502075,1.292195439338684,1.2305338382720947,1.269551396369934,0.9620496034622192,1.2312114238739014,1.0747480392456055,1.427697777748108,1.5016509294509888,1.59108304977417,1.9541025161743164,2.03629994392395,2.4035301208496094,2.5873489379882812,2.866232395172119,1.8969483375549316,1.5524195432662964,1.5207432508468628,1.2228397130966187,1.0557886362075806,0.9807401299476624,0.8146215677261353,1.0159598588943481,0.945959746837616,1.2707518339157104,1.4614582061767578,1.6632734537124634,1.9867416620254517,2.146643877029419,2.491964101791382
B6,1.9288944005966187,1.6545085906982422,1.423535704612732,1.4250444173812866,1.0501899719238281,1.175645351409912,0.9390209913253784,1.1485346555709839,1.227867603302002,1.1455811262130737,1.5282899141311646,1.5421016216278076,1.9170045852661133,2.0617969036102295,2.3412387371063232,1.400046467781067,1.1423128843307495,0.8829926252365112,0.5653089880943298,0.39366546273231506,0.0,0.3739059269428253,0.5655129551887512,0.8901693224906921,1.1348865032196045,1.3869858980178833,1.679914116859436,1.944340467453003,2.2310049533843994,2.4879093170166016,2.5269622802734375,2.172572612762451,2.056716203689575,1.757972240447998,1.5107060670852661,1.3197916746139526,1.0280121564865112,0.9964737296104431,0.6701534390449524,0.9070836901664734,0.9492768049240112,1.1198952198028564,1.356092095375061,1.4945491552352905,1.8614639043807983,2.032580852508545,1.6773592233657837,1.5963894128799438,1.592098593711853,1.246903419494629,1.4353666305541992,1.1869052648544312,1.4854192733764648,1.4667763710021973,1.4952646493911743,1.8490383625030518,1.864155888557434,2.240922451019287,2.3795647621154785,2.6617417335510254,1.5572099685668945,1.228614330291748,1.2526241540908813,0.9604401588439941,0.9016960859298706,0.8989577293395996,0.8817698359489441,1.1367093324661255,1.1920197010040283,1.5253812074661255,1.7385402917861938,1.9750388860702515,2.2865703105926514,2.481044054031372,2.8123724460601807
B7,1.587871789932251,1.3043310642242432,1.0669806003570557,1.0521754026412964,0.6792575120925903,0.8517593145370483,0.6825891137123108,0.9683651328086853,1.1289142370224,1.1554369926452637,1.5370421409606934,1.635805606842041,1.996290683746338,2.1855239868164062,2.471312999725342,1.6794060468673706,1.3776686191558838,1.1367563009262085,0.8720361590385437,0.5663344860076904,0.3739059269428253,0.0,0.3828824758529663,0.607261598110199,0.8279829621315002,1.1244710683822632,1.377299189567566,1.6794756650924683,1.944077968597412,2.2153351306915283,2.3513123989105225,1.9867428541183472,1.8422479629516602,1.5839189291000366,1.2798030376434326,1.1353349685668945,0.7873039841651917,0.8212964534759521,0.5374200940132141,0.7074387669563293,0.893055260181427,1.017669677734375,1.3337465524673462,1.4773883819580078,1.8373665809631348,2.056596279144287,1.6856895685195923,1.6026403903961182,1.5090487003326416,1.1624482870101929,1.2721314430236816,0.9808675050735474,1.2581595182418823,1.1817666292190552,1.2633165121078491,1.5901468992233276,1.6294348239898682,2.004894256591797,2.135314702987671,2.4451000690460205,1.4089044332504272,1.040779709815979,1.0656359195709229,0.8658150434494019,0.7296158671379089,0.8722166419029236,0.8292563557624817,1.1702194213867188,1.2575860023498535,1.5297446250915527,1.80762779712677,2.0069305896759033,2.343425989151001,2.5482916831970215,2.864466428756714
B8,1.4381663799285889,1.2266219854354858,0.9604801535606384,1.0707584619522095,0.7772349119186401,1.0209076404571533,0.9707353711128235,1.2380714416503906,1.4634660482406616,1.4722157716751099,1.8529127836227417,1.9516820907592773,2.3103840351104736,2.51220440864563,2.7754175662994385,1.9624067544937134,1.693651556968689,1.428186297416687,1.1305776834487915,0.8891080021858215,0.5655129551887512,0.3828824758529663,0.0,0.3925999104976654,0.602083146572113,0.8254472017288208,1.1278620958328247,1.379116177558899,1.673585295677185,1.9228841066360474,2.682251453399658,2.31146502494812,2.1595447063446045,1.9285695552825928,1.5969418287277222,1.4685332775115967,1.0987541675567627,1.0905284881591797,0.7602711319923401,0.7482064366340637,0.8776220083236694,0.8603515625,1.175158977508545,1.2293519973754883,1.604150414466858,2.432878255844116,2.0598926544189453,1.9854679107666016,1.8841218948364258,1.5356287956237793,1.6074968576431274,1.2820188999176025,1.4964171648025513,1.330150842666626,1.3575854301452637,1.6438087224960327,1.606667160987854,1.9798696041107178,2.043137311935425,2.361706495285034,1.1460113525390625,0.7951882481575012,0.947886049747467,0.8235679268836975,0.8406626582145691,1.0567353963851929,1.125029444694519,1.4640610218048096,1.602713704109192,1.8810064792633057,2.1583242416381836,2.374478816986084,2.702507495880127,2.9192230701446533,3.23128080368042
B9,1.0665470361709595,0.85433429479599,0.6341301202774048,0.8368766903877258,0.6439989805221558,0.9942102432250977,1.0450364351272583,1.3656270503997803,1.6143015623092651,1.7057329416275024,2.073808193206787,2.2151870727539062,2.563751459121704,2.7755911350250244,3.0551135540008545,2.264430522918701,1.9615479707717896,1.73525071144104,1.4346815347671509,1.1692272424697876,0.8901693224906921,0.607261598110199,0.3925999104976654,0.0,0.38274726271629333,0.5550269484519958,0.8354119658470154,1.1195464134216309,1.36105477809906,1.653684139251709,2.6131937503814697,2.2352964878082275,2.0928332805633545,1.9278297424316406,1.5657998323440552,1.5282694101333618,1.1536850929260254,1.240810513496399,1.0001580715179443,0.9335460662841797,1.158980369567871,1.0805329084396362,1.4295010566711426,1.448278546333313,1.8019819259643555,2.591278076171875,2.2213897705078125,2.114720106124878,1.946476936340332,1.598874568939209,1.573164463043213,1.214942216873169,1.3391047716140747,1.0869319438934326,1.1049212217330933,1.3345799446105957,1.282076120376587,1.6442089080810547,1.6847280263900757,2.0208728313446045,0.9032832384109497,0.5255264043807983,0.6802212595939636,0.7195583581924438,0.7276216149330139,1.0586334466934204,1.1605514287948608,1.5220566987991333,1.7169996500015259,1.9406994581222534,2.2575366497039795,2.4598793983459473,2.7878661155700684,3.030513048171997,3.3154141902923584
B10,0.9118169546127319,0.7930812239646912,0.45711931586265564,0.6801033616065979,0.6207497715950012,0.9095569849014282,1.0794037580490112,1.3434656858444214,1.6627528667449951,1.7699024677276611,2.1148555278778076,2.298600912094116,2.6245172023773193,2.877685308456421,3.1293880939483643,2.496695041656494,2.2022125720977783,1.9413858652114868,1.6851962804794312,1.3805326223373413,1.1348865032196045,0.8279829621315002,0.602083146572113,0.38274726271629333,0.0,0.38777950406074524,0.5599924921989441,0.8757395148277283,1.1484084129333496,1.39835524559021,2.7182042598724365,2.356269121170044,2.161435842514038,2.0135278701782227,1.6320369243621826,1.577902913093567,1.2063847780227661,1.237053632736206,1.0347100496292114,0.8296434283256531,1.0744295120239258,0.9172950983047485,1.2768242359161377,1.294028639793396,1.6028621196746826,2.723223924636841,2.3480663299560547,2.290647506713867,2.100620985031128,1.7907264232635498,1.7598222494125366,1.4258403778076172,1.5498698949813843,1.2689414024353027,1.358862042427063,1.526075005531311,1.4911227226257324,1.8235721588134766,1.817852258682251,2.1806178092956543,1.0901771783828735,0.7643228769302368,0.9857661724090576,1.0956846475601196,1.075847864151001,1.4180378913879395,1.469594955444336,1.8444041013717651,2.0005013942718506,2.2053580284118652,2.5334486961364746,2.7016279697418213,3.0477607250213623,3.267007827758789,3.5579700469970703
B11,0.8059622049331665,0.817341685295105,0.602300763130188,0.95023512840271,0.9691919684410095,1.2839816808700562,1.4570080041885376,1.7309147119522095,2.043851613998413,2.1430931091308594,2.495084285736084,2.6651461124420166,2.9984402656555176,3.242351531982422,3.49556565284729,2.781877040863037,2.495147466659546,2.2421491146087646,1.949198603630066,1.684524655342102,1.3869858980178833,1.1244710683822632,0.8254472017288208,0.5550269484519958,0.38777950406074524,0.0,0.368784099817276,0.5690857768058777,0.8506643772125244,1.1100881099700928,3.0135624408721924,2.645616292953491,2.475327253341675,2.3543262481689453,1.9707013368606567,1.9483064413070679,1.5772833824157715,1.6225796937942505,1.3987869024276733,1.1893588304519653,1.3786193132400513,1.1545552015304565,1.4658770561218262,1.3819838762283325,1.6774544715881348,3.0851008892059326,2.711475133895874,2.6308071613311768,2.4371767044067383,2.1112544536590576,2.0500879287719727,1.6953225135803223,1.7587177753448486,1.4318604469299316,1.4414995908737183,1.5516719818115234,1.4318602085113525,1.7334866523742676,1.6523624658584595,2.006450891494751,0.8365772366523743,0.6187272667884827,0.9290154576301575,1.1335707902908325,1.2201319932937622,1.5747402906417847,1.702286720275879,2.062344789505005,2.2682957649230957,2.4761128425598145,2.8035292625427246,2.994436264038086,3.326082944869995,3.568690299987793,3.8477938175201416
B12,0.57228684425354,0.7209509611129761,0.5405498147010803,0.8788074254989624,1.0401389598846436,1.3119927644729614,1.563157558441162,1.8129278421401978,2.1527671813964844,2.2941112518310547,2.619859457015991,2.8297946453094482,3.1412413120269775,3.4098167419433594,3.6552722454071045,3.052950620651245,2.7529938220977783,2.5002527236938477,2.235049247741699,1.9364025592803955,1.679914116859436,1.377299189567566,1.1278620958328247,0.8354119658470154,0.5599924921989441,0.368784099817276,0.0,0.3838907778263092,0.599936306476593,0.8584578037261963,3.0273501873016357,2.676171064376831,2.4818594455718994,2.4046905040740967,2.0135138034820557,2.022376298904419,1.6742348670959473,1.7300901412963867,1.5739277601242065,1.3203752040863037,1.5473377704620361,1.3088290691375732,1.619208812713623,1.5510036945343018,1.7892011404037476,3.2172422409057617,2.8479411602020264,2.7829692363739014,2.5522069931030273,2.258152484893799,2.159301996231079,1.824196457862854,1.8538689613342285,1.5014386177062988,1.5635417699813843,1.602583646774292,1.5137040615081787,1.7689021825790405,1.6570974588394165,2.027819871902466,1.0907799005508423,0.9188897013664246,1.1725175380706787,1.4274035692214966,1.457817554473877,1.834932804107666,1.9263335466384888,2.29583477973938,2.4895362854003906,2.6600453853607178,3.0066444873809814,3.165191411972046,3.5064101219177246,3.741352081298828,4.010516166687012
B13,0.7979626059532166,1.0416536331176758,0.9204102754592896,1.260006308555603,1.4147447347640991,1.680322527885437,1.924739122390747,2.162374496459961,2.508899211883545,2.625459909439087,2.956092357635498,3.1535990238189697,3.468590259552002,3.7376582622528076,3.9717752933502197,3.3373260498046875,3.0547068119049072,2.7903270721435547,2.5086357593536377,2.2363295555114746,1.944340467453003,1.6794756650924683,1.379116177558899,1.1195464134216309,0.8757395148277283,0.5690857768058777,0.3838907778263092,0.0,0.38226941227912903,0.5446882843971252,3.4053852558135986,3.053246259689331,2.8639984130859375,2.7877390384674072,2.3966901302337646,2.3965582847595215,2.0430033206939697,2.0737414360046387,1.885941743850708,1.611244559288025,1.7794369459152222,1.488468050956726,1.7405809164047241,1.5925923585891724,1.7915005683898926,3.582045555114746,3.2097365856170654,3.1462016105651855,2.9262466430664062,2.6227691173553467,2.52862548828125,2.184774160385132,2.201937198638916,1.8390674591064453,1.8545438051223755,1.8664662837982178,1.7194185256958008,1.9389872550964355,1.7580498456954956,2.1050069332122803,1.1268422603607178,1.073357343673706,1.3747599124908447,1.6496479511260986,1.748645544052124,2.1164112091064453,2.2474093437194824,2.6081955432891846,2.8196301460266113,3.005943536758423,3.3455309867858887,3.5204734802246094,3.855731964111328,4.097904205322266,4.3681511878967285
