,A1,A2,A3,A4,A5,A6,A7,A8,A9,A10,A11,A12,A13,A14,A15,B1,B2,B3,B4,B5,B6,B7,B8,B9,B10,B11,B12,B13,B14,B15,C1,C2,C3,C4,C5,C6,C7,C8,C9,C10,C11,C12,C13,C14,C15,D1,D2,D3,D4,D5,D6,D7,D8,D9,D10,D11,D12,D13,D14,D15,E1,E2,E3,E4,E5,E6,E7,E8,E9,E10,E11,E12,E13,E14,E15
A1,0.0,0.395714670419693,0.748839259147644,0.9133262634277344,1.1258270740509033,1.3948485851287842,1.6270418167114258,1.9184362888336182,2.202063798904419,2.415701389312744,2.7619357109069824,3.022454261779785,3.304990291595459,3.541234254837036,3.8291139602661133,0.9555460214614868,1.1739376783370972,1.524705410003662,1.7588191032409668,1.8013297319412231,1.9349884986877441,2.091012477874756,2.109257698059082,2.414048194885254,2.7049689292907715,2.791212320327759,3.143782138824463,3.3864681720733643,3.6612508296966553,3.9081625938415527,4.302835941314697,3.9115545749664307,3.70595121383667,3.7597928047180176,3.3836517333984375,3.4648492336273193,3.1805601119995117,3.223994731903076,3.173947811126709,2.938994884490967,2.645197629928589,2.604618787765503,2.5163278579711914,2.2243428230285645,2.3322043418884277,4.809828281402588,4.689720153808594,4.645636081695557,4.296090126037598,3.9368419647216797,3.8069815635681152,3.4446310997009277,3.3672895431518555,2.9891183376312256,2.9682607650756836,2.6163711547851562,2.5201456546783447,2.164736270904541,2.210282325744629,2.0234649181365967,4.676435947418213,4.6027631759643555,4.448765277862549,4.1872944831848145,3.8621726036071777,3.623230218887329,3.3270742893218994,3.0728116035461426,2.776747465133667,2.4870808124542236,2.216235876083374,1.8726001977920532,1.7552822828292847,1.4427460432052612,1.2765583992004395
A2,0.395714670419693,0.0,0.40890637040138245,0.6745848655700684,0.817485511302948,1.1405296325683594,1.3753336668014526,1.6313128471374512,1.9437862634658813,2.1179006099700928,2.4588119983673096,2.713378667831421,3.015794515609741,3.237642526626587,3.5350425243377686,0.7805505990982056,0.8817316293716431,1.2045307159423828,1.4030276536941528,1.4325902462005615,1.5444514751434326,1.7095308303833008,1.7270327806472778,2.0452842712402344,2.3477070331573486,2.4496145248413086,2.811826229095459,3.0709118843078613,3.3488588333129883,3.610038995742798,4.097464084625244,3.7037782669067383,3.5042247772216797,3.531165838241577,3.1482763290405273,3.218003273010254,2.913649559020996,2.9636433124542236,2.8855066299438477,2.6728858947753906,2.380610704421997,2.3292157649993896,2.213571786880493,1.9454573392868042,2.0534281730651855,4.529486656188965,4.413875579833984,4.358625888824463,4.020158290863037,3.659555435180664,3.508901357650757,3.1493022441864014,3.047402858734131,2.6702780723571777,2.6465423107147217,2.3067896366119385,2.199497938156128,1.8330127000808716,1.8873612880706787,1.6824138164520264,4.370553493499756,4.318123817443848,4.177849769592285,3.9125730991363525,3.5899910926818848,3.3516104221343994,3.046661138534546,2.807039260864258,2.4924278259277344,2.2181994915008545,1.9435269832611084,1.5971786975860596,1.4433878660202026,1.1113530397415161,0.9423995614051819
A3,0.748839259147644,0.40890637040138245,0.0,0.3839607238769531,0.5410714745521545,0.8516007661819458,1.1424534320831299,1.3360134363174438,1.6820954084396362,1.8309358358383179,2.1795010566711426,2.455458879470825,2.776728630065918,3.00480055809021,3.3284404277801514,0.6938347220420837,0.700677752494812,0.9170759320259094,1.054786205291748,1.0550369024276733,1.220361351966858,1.3942193984985352,1.4801583290100098,1.8241567611694336,2.1115620136260986,2.2624120712280273,2.627638816833496,2.905305862426758,3.1604983806610107,3.451117992401123,4.086050033569336,3.6902122497558594,3.4736244678497314,3.4548003673553467,3.0674679279327393,3.0939862728118896,2.7703857421875,2.788987159729004,2.6646461486816406,2.452368974685669,2.140408992767334,2.0376505851745605,1.87906014919281,1.6067687273025513,1.6762354373931885,4.393350601196289,4.261844635009766,4.17510461807251,3.847216844558716,3.474073648452759,3.290273427963257,2.9387898445129395,2.8017892837524414,2.4355692863464355,2.3676838874816895,2.0367729663848877,1.8807411193847656,1.5110652446746826,1.5188778638839722,1.289903163909912,4.111805438995361,4.061478614807129,3.9097330570220947,3.624312400817871,3.320133924484253,3.060079336166382,2.7675020694732666,2.514843225479126,2.1788079738616943,1.938191533088684,1.632936716079712,1.3046997785568237,1.093389630317688,0.7959287166595459,0.5493738651275635
A4,0.9133262634277344,0.6745848655700684,0.3839607238769531,0.0,0.382791668176651,0.547580361366272,0.8826145529747009,1.0932635068893433,1.4165270328521729,1.6128774881362915,1.975893259048462,2.278674364089966,2.581376791000366,2.840001344680786,3.1726205348968506,0.9829806685447693,1.0170283317565918,1.139009714126587,1.1846790313720703,1.0800788402557373,1.288735270500183,1.3821073770523071,1.5182021856307983,1.8330750465393066,2.0648386478424072,2.230173110961914,2.57450532913208,2.838198184967041,3.0591108798980713,3.3569416999816895,4.029934883117676,3.6330363750457764,3.3807921409606934,3.342914581298828,2.959160804748535,2.950385093688965,2.6362979412078857,2.6090571880340576,2.4843788146972656,2.2357165813446045,1.903452754020691,1.781252384185791,1.6476610898971558,1.3371394872665405,1.419058084487915,4.295610427856445,4.1360602378845215,4.0323309898376465,3.6968326568603516,3.3117709159851074,3.129411220550537,2.78090238571167,2.6557977199554443,2.2983837127685547,2.1985208988189697,1.8518619537353516,1.687252402305603,1.3426897525787354,1.3261933326721191,1.1686830520629883,3.9284186363220215,3.846031427383423,3.666273832321167,3.373237133026123,3.0761923789978027,2.801893472671509,2.528143882751465,2.246713876724243,1.925704002380371,1.678281545639038,1.361293077468872,1.0431159734725952,0.8809378743171692,0.6530241370201111,0.4680480659008026
A5,1.1258270740509033,0.817485511302948,0.5410714745521545,0.382791668176651,0.0,0.3749382197856903,0.6064746975898743,0.8158031702041626,1.1472898721694946,1.3118921518325806,1.6632426977157593,1.9439376592636108,2.2521069049835205,2.494764804840088,2.820021152496338,1.207590937614441,1.1232672929763794,1.1904449462890625,1.1377720832824707,0.9383056163787842,1.0540505647659302,1.0790733098983765,1.1775072813034058,1.4687800407409668,1.6971092224121094,1.8503637313842773,2.1948788166046143,2.4584789276123047,2.687154769897461,2.9824814796447754,3.6778244972229004,3.2818195819854736,3.0363736152648926,2.9886786937713623,2.6030330657958984,2.5977485179901123,2.275686502456665,2.2673492431640625,2.143188953399658,1.9166444540023804,1.6019690036773682,1.5167980194091797,1.3999807834625244,1.139116644859314,1.2999131679534912,3.9235153198242188,3.7717878818511963,3.674067974090576,3.3412256240844727,2.961075782775879,2.780501365661621,2.4286608695983887,2.306321859359741,1.9412157535552979,1.8694257736206055,1.5234498977661133,1.3959367275238037,1.0407137870788574,1.110979676246643,1.0032124519348145,3.6020734310150146,3.5368435382843018,3.381547689437866,3.104198455810547,2.7917654514312744,2.540698289871216,2.2429959774017334,1.9955425262451172,1.6751587390899658,1.4106591939926147,1.1291903257369995,0.7843120694160461,0.6495672464370728,0.3262793719768524,0.3890383839607239
A6,1.3948485851287842,1.1405296325683594,0.8516007661819458,0.547580361366272,0.3749382197856903,0.0,0.37983208894729614,0.5633463263511658,0.8712208867073059,1.0856798887252808,1.4516658782958984,1.766680121421814,2.056703567504883,2.331608533859253,2.6713712215423584,1.4748591184616089,1.4106398820877075,1.411598801612854,1.2936941385269165,1.0219849348068237,1.1775786876678467,1.1189322471618652,1.2828142642974854,1.5285074710845947,1.6802302598953247,1.8584320545196533,2.1705946922302246,2.4194161891937256,2.60178804397583,2.9093286991119385,3.6761436462402344,3.2837674617767334,3.0035488605499268,2.924121618270874,2.5471363067626953,2.4922194480895996,2.1793301105499268,2.111541986465454,1.9721516370773315,1.708402395248413,1.3663432598114014,1.238633394241333,1.141235589981079,0.8351338505744934,1.0168789625167847,3.843933582305908,3.6617817878723145,3.5385725498199463,3.204122304916382,2.8113746643066406,2.6230967044830322,2.2812650203704834,2.1615073680877686,1.8168193101882935,1.6949464082717896,1.3407264947891235,1.1891231536865234,0.8811874985694885,0.9078059792518616,0.9073812961578369,3.4035961627960205,3.3073666095733643,3.1209256649017334,2.830092191696167,2.5311930179595947,2.2588510513305664,1.9858099222183228,1.7031681537628174,1.3935775756835938,1.1327400207519531,0.826576828956604,0.503080427646637,0.45749562978744507,0.37613800168037415,0.538417398929596
A7,1.6270418167114258,1.3753336668014526,1.1424534320831299,0.8826145529747009,0.6064746975898743,0.37983208894729614,0.0,0.37123578786849976,0.5757824182510376,0.8240518569946289,1.1725507974624634,1.464889645576477,1.730474591255188,2.00834321975708,2.331441640853882,1.8021564483642578,1.7036821842193604,1.6972651481628418,1.5333304405212402,1.2083051204681396,1.2639164924621582,1.09534752368927,1.198271632194519,1.3556077480316162,1.4519621133804321,1.594294548034668,1.8782997131347656,2.1017072200775146,2.2746505737304688,2.5688164234161377,3.3211429119110107,2.931267261505127,2.6394169330596924,2.553705930709839,2.1801061630249023,2.1196534633636475,1.8151538372039795,1.7454266548156738,1.6333004236221313,1.3621894121170044,1.0353798866271973,0.9876161813735962,0.988864541053772,0.7566840648651123,1.0695908069610596,3.490772247314453,3.304201126098633,3.1902832984924316,2.8476719856262207,2.4571828842163086,2.290038585662842,1.9425828456878662,1.8581888675689697,1.5090489387512207,1.4239211082458496,1.0550127029418945,0.9967002868652344,0.7420359253883362,0.9035009741783142,1.0347539186477661,3.0999796390533447,2.9987258911132812,2.8264214992523193,2.560593843460083,2.2383525371551514,1.9980275630950928,1.7035499811172485,1.452201008796692,1.1817551851272583,0.8639347553253174,0.6552589535713196,0.32256948947906494,0.5394036173820496,0.5081460475921631,0.8403342366218567
A8,1.9184362888336182,1.6313128471374512,1.3360134363174438,1.0932635068893433,0.8158031702041626,0.5633463263511658,0.37123578786849976,0.0,0.3850545883178711,0.5232042670249939,0.8900518417358398,1.214150309562683,1.5126640796661377,1.7881782054901123,2.1429154872894287,1.9376195669174194,1.7887321710586548,1.6966396570205688,1.4545018672943115,1.0802615880966187,1.1259939670562744,0.8958473801612854,1.0701478719711304,1.2051186561584473,1.2479336261749268,1.4511057138442993,1.7208536863327026,1.9616180658340454,2.1017987728118896,2.428091526031494,3.3420588970184326,2.961641788482666,2.6704134941101074,2.5322890281677246,2.1675803661346436,2.0572943687438965,1.7345069646835327,1.63080632686615,1.4435521364212036,1.1948227882385254,0.8502535820007324,0.7023982405662537,0.6272248029708862,0.43169280886650085,0.7759464383125305,3.3635447025299072,3.1669321060180664,3.018314838409424,2.6966147422790527,2.298887252807617,2.0860660076141357,1.7561646699905396,1.617364525794983,1.2918208837509155,1.1382365226745605,0.7878683805465698,0.6456173062324524,0.40942972898483276,0.5664636492729187,0.7952550053596497,2.843873977661133,2.7559309005737305,2.58046555519104,2.292060613632202,1.9902544021606445,1.7263776063919067,1.4384342432022095,1.1818084716796875,0.8633245825767517,0.6042619347572327,0.3405309021472931,0.08845039457082748,0.3712136745452881,0.5728192329406738,0.9001935124397278
A9,2.202063798904419,1.9437862634658813,1.6820954084396362,1.4165270328521729,1.1472898721694946,0.8712208867073059,0.5757824182510376,0.3850545883178711,0.0,0.3613412082195282,0.6699804067611694,0.9896214008331299,1.2253687381744385,1.534413456916809,1.8769139051437378,2.3062896728515625,2.1685311794281006,2.0810911655426025,1.8289531469345093,1.4452853202819824,1.4571938514709473,1.1699634790420532,1.2984716892242432,1.3263438940048218,1.2641880512237549,1.4277280569076538,1.6262744665145874,1.816770315170288,1.906191349029541,2.2188174724578857,3.1381335258483887,2.7683663368225098,2.4473960399627686,2.287182569503784,1.9421011209487915,1.7900011539459229,1.4963148832321167,1.33492112159729,1.1696372032165527,0.8710823059082031,0.5111997127532959,0.42858293652534485,0.5819329023361206,0.5164836645126343,0.919538676738739,3.122205972671509,2.9003677368164062,2.744797945022583,2.4142699241638184,2.0124595165252686,1.8210917711257935,1.499827265739441,1.4108920097351074,1.1163747310638428,0.9630347490310669,0.6144660115242004,0.6083211302757263,0.6006581783294678,0.7912335991859436,1.1171739101409912,2.570335865020752,2.4483916759490967,2.2590506076812744,1.9863533973693848,1.6703524589538574,1.422939658164978,1.136338472366333,0.8792563080787659,0.6473740339279175,0.2956027388572693,0.30900976061820984,0.4001627564430237,0.7472813129425049,0.9393715262413025,1.2780755758285522
A10,2.415701389312744,2.1179006099700928,1.8309358358383179,1.6128774881362915,1.3118921518325806,1.0856798887252808,0.8240518569946289,0.5232042670249939,0.3613412082195282,0.0,0.36769357323646545,0.7074592113494873,1.0101600885391235,1.2870254516601562,1.6571495532989502,2.417536735534668,2.2262330055236816,2.087599992752075,1.7847328186035156,1.386031985282898,1.3378936052322388,1.0001554489135742,1.1307920217514038,1.1027512550354004,0.9802496433258057,1.1874094009399414,1.3718395233154297,1.5846699476242065,1.6611127853393555,2.003016233444214,3.062370538711548,2.7031257152557373,2.405179500579834,2.204512596130371,1.867514967918396,1.6913264989852905,1.3717586994171143,1.2184994220733643,0.9671804904937744,0.752188503742218,0.4430599808692932,0.3009510040283203,0.3779745399951935,0.5491943359375,0.9063115119934082,2.9256837368011475,2.712210178375244,2.5359089374542236,2.2298030853271484,1.8295934200286865,1.5900598764419556,1.2804042100906372,1.123100996017456,0.8394104838371277,0.6347240209579468,0.30077260732650757,0.283128023147583,0.4389711916446686,0.6839622855186462,1.043179988861084,2.3213047981262207,2.2412238121032715,2.081822633743286,1.8032010793685913,1.494194507598877,1.253098964691162,0.9400010704994202,0.7490302920341492,0.4612070322036743,0.26409000158309937,0.4036124050617218,0.5883917808532715,0.8147005438804626,1.0397788286209106,1.3762983083724976
A11,2.7619357109069824,2.4588119983673096,2.1795010566711426,1.975893259048462,1.6632426977157593,1.4516658782958984,1.1725507974624634,0.8900518417358398,0.6699804067611694,0.36769357323646545,0.0,0.36163368821144104,0.6677966117858887,0.9368581771850586,1.3191702365875244,2.758931875228882,2.545858144760132,2.387953996658325,2.061216354370117,1.663487195968628,1.5663725137710571,1.1992884874343872,1.2838941812515259,1.1481645107269287,0.9052459597587585,1.0864838361740112,1.1751540899276733,1.350257396697998,1.363844394683838,1.714177131652832,2.8802902698516846,2.5430960655212402,2.2478671073913574,2.0003621578216553,1.6960268020629883,1.4694465398788452,1.165188193321228,0.9750591516494751,0.6581904888153076,0.5254749655723572,0.3884715139865875,0.38861921429634094,0.5606623888015747,0.8568589687347412,1.159791111946106,2.617919921875,2.393357753753662,2.1956472396850586,1.9052903652191162,1.5072392225265503,1.242879867553711,0.9582449793815613,0.7821705341339111,0.5682532787322998,0.3071337938308716,0.18692217767238617,0.4195113480091095,0.7297574281692505,0.9560389518737793,1.3212207555770874,1.9548182487487793,1.8869284391403198,1.7506871223449707,1.4896305799484253,1.1719577312469482,0.9729343056678772,0.6310116648674011,0.5770150423049927,0.4381771385669708,0.4484596252441406,0.7345271706581116,0.9552305936813354,1.167030930519104,1.3851488828659058,1.7236436605453491
A12,3.022454261779785,2.713378667831421,2.455458879470825,2.278674364089966,1.9439376592636108,1.766680121421814,1.464889645576477,1.214150309562683,0.9896214008331299,0.7074592113494873,0.36163368821144104,0.0,0.3812781572341919,0.5864678621292114,0.9704335331916809,3.0373904705047607,2.802861452102661,2.6459462642669678,2.3123114109039307,1.9232183694839478,1.769059658050537,1.389285922050476,1.3999570608139038,1.166515588760376,0.8381436467170715,0.9428526759147644,0.9205822944641113,1.0459442138671875,1.0133830308914185,1.3669191598892212,2.609654426574707,2.2928361892700195,2.0148003101348877,1.7329599857330322,1.4591090679168701,1.2070220708847046,0.9155925512313843,0.7386087775230408,0.36391642689704895,0.4578894078731537,0.5823394060134888,0.7301537990570068,0.9057020545005798,1.216551423072815,1.5063233375549316,2.2650833129882812,2.045044422149658,1.8466849327087402,1.56522798538208,1.1747303009033203,0.8950380682945251,0.6136360764503479,0.4272508919239044,0.29342395067214966,0.20538394153118134,0.42998236417770386,0.7348199486732483,1.0253469944000244,1.2788126468658447,1.619160771369934,1.6594457626342773,1.6289849281311035,1.5565272569656372,1.3536690473556519,1.0165209770202637,0.9330277442932129,0.5810123682022095,0.7414261698722839,0.7492908239364624,0.7860181927680969,1.092009425163269,1.2830289602279663,1.4887503385543823,1.6684154272079468,2.0196521282196045
A13,3.304990291595459,3.015794515609741,2.776728630065918,2.581376791000366,2.2521069049835205,2.056703567504883,1.730474591255188,1.5126640796661377,1.2253687381744385,1.0101600885391235,0.6677966117858887,0.3812781572341919,0.0,0.35122570395469666,0.6900140047073364,3.3810975551605225,3.160227060317993,3.0159735679626465,2.6878952980041504,2.29640793800354,2.1471641063690186,1.767148494720459,1.7597029209136963,1.5002623796463013,1.1560053825378418,1.1792371273040771,1.0462126731872559,1.0492675304412842,0.9022664427757263,1.202028512954712,2.4385626316070557,2.1509153842926025,1.8515846729278564,1.5342828035354614,1.3213671445846558,1.0004013776779175,0.8053380250930786,0.5281369090080261,0.2092384248971939,0.4308810532093048,0.7322591543197632,0.952314019203186,1.2058769464492798,1.5025849342346191,1.7981122732162476,2.020124912261963,1.7635053396224976,1.5515731573104858,1.25923490524292,0.8613488078117371,0.6147790551185608,0.3902778923511505,0.42180201411247253,0.5283623337745667,0.565511167049408,0.7673652768135071,1.0775175094604492,1.3790550231933594,1.620291829109192,1.9788832664489746,1.385196566581726,1.3119977712631226,1.2505601644515991,1.1116492748260498,0.7426468729972839,0.7884690165519714,0.49242109060287476,0.7917608618736267,0.9644814729690552,1.0093119144439697,1.3634477853775024,1.5710070133209229,1.8185330629348755,1.9958513975143433,2.357635259628296
A14,3.541234254837036,3.237642526626587,3.00480055809021,2.840001344680786,2.494764804840088,2.331608533859253,2.00834321975708,1.7881782054901123,1.534413456916809,1.2870254516601562,0.9368581771850586,0.5864678621292114,0.35122570395469666,0.0,0.39975324273109436,3.593231439590454,3.3465843200683594,3.1922082901000977,2.854372501373291,2.475008964538574,2.2834770679473877,1.9050441980361938,1.8562486171722412,1.5454399585723877,1.1723653078079224,1.1444202661514282,0.9104325771331787,0.8466397523880005,0.6107727885246277,0.9153255820274353,2.280492067337036,2.023714542388916,1.7698708772659302,1.419360637664795,1.2584186792373657,0.9396052360534668,0.7874166369438171,0.6240385174751282,0.40568724274635315,0.7503646016120911,1.0568780899047852,1.2677134275436401,1.4726622104644775,1.7917237281799316,2.0688531398773193,1.7267378568649292,1.4868601560592651,1.2644097805023193,1.006026268005371,0.6384323835372925,0.3106011748313904,0.2146587073802948,0.2868621051311493,0.5941873788833618,0.7358506321907043,1.010467767715454,1.3139989376068115,1.60535728931427,1.8568580150604248,2.189873695373535,1.1588419675827026,1.1752196550369263,1.222875952720642,1.160390019416809,0.8422028422355652,0.99073326587677,0.7664240598678589,1.1075137853622437,1.2611172199249268,1.3276668787002563,1.663289189338684,1.8541522026062012,2.0716946125030518,2.2300710678100586,2.589994192123413
A15,3.8291139602661133,3.5350425243377686,3.3284404277801514,3.1726205348968506,2.820021152496338,2.6713712215423584,2.331441640853882,2.1429154872894287,1.8769139051437378,1.6571495532989502,1.3191702365875244,0.9704335331916809,0.6900140047073364,0.39975324273109436,0.0,3.9292683601379395,3.6814749240875244,3.543201208114624,3.2134859561920166,2.839857816696167,2.627917766571045,2.252582311630249,2.163290500640869,1.8234103918075562,1.4584375619888306,1.3513803482055664,1.0388773679733276,0.8416310548782349,0.49931392073631287,0.6427642107009888,1.9989962577819824,1.7904831171035767,1.5611082315444946,1.1793301105499268,1.1228917837142944,0.7968645095825195,0.7987889051437378,0.713936984539032,0.7078246474266052,1.0400017499923706,1.384232759475708,1.6373941898345947,1.8648138046264648,2.173092842102051,2.462451219558716,1.3438125848770142,1.0893559455871582,0.8791188597679138,0.6079779267311096,0.27461308240890503,0.12286321818828583,0.39175471663475037,0.6428502798080444,0.92536860704422,1.1290985345840454,1.3804608583450317,1.7040767669677734,1.9788700342178345,2.2470693588256836,2.5742850303649902,1.008164644241333,1.0592788457870483,1.2145254611968994,1.279950737953186,1.0036468505859375,1.25906240940094,1.0987013578414917,1.454729437828064,1.6439167261123657,1.6871752738952637,2.033334970474243,2.2063755989074707,2.4379703998565674,2.5704126358032227,2.9406092166900635
B1,0.9555460214614868,0.7805505990982056,0.6938347220420837,0.9829806685447693,1.207590937614441,1.4748591184616089,1.8021564483642578,1.9376195669174194,2.3062896728515625,2.417536735534668,2.758931875228882,3.0373904705047607,3.3810975551605225,3.593231439590454,3.9292683601379395,0.0,0.3950180113315582,0.726044237613678,1.081157922744751,1.307778239250183,1.517532467842102,1.8097783327102661,1.9193322658538818,2.2989869117736816,2.618232011795044,2.7936625480651855,3.1708977222442627,3.470451593399048,3.7351064682006836,4.037059307098389,4.70058012008667,4.3084564208984375,4.1174235343933105,4.098841667175293,3.711257219314575,3.7426469326019287,3.407374382019043,3.4341609477996826,3.278852701187134,3.086487293243408,2.769892930984497,2.621098279953003,2.4000496864318848,2.132284641265869,2.0940639972686768,4.987533092498779,4.870972156524658,4.7757568359375,4.46437406539917,4.094054222106934,3.8847672939300537,3.5434370040893555,3.367896318435669,3.014655828475952,2.923732280731201,2.621769905090332,2.413733720779419,2.045802593231201,1.974934697151184,1.6485217809677124,4.671566963195801,4.6431403160095215,4.491211414337158,4.185656547546387,3.9054484367370605,3.6251211166381836,3.3480587005615234,3.088350534439087,2.7283101081848145,2.5377395153045654,2.2037439346313477,1.9113500118255615,1.6287647485733032,1.396001935005188,1.0448411703109741
B2,1.1739376783370972,0.8817316293716431,0.700677752494812,1.0170283317565918,1.1232672929763794,1.4106398820877075,1.7036821842193604,1.7887321710586548,2.1685311794281006,2.2262330055236816,2.545858144760132,2.802861452102661,3.160227060317993,3.3465843200683594,3.6814749240875244,0.3950180113315582,0.0,0.40459492802619934,0.7582401633262634,1.018881916999817,1.1806116104125977,1.5032299757003784,1.600457787513733,1.9856433868408203,2.3175435066223145,2.5005218982696533,2.880100965499878,3.1905691623687744,3.460651159286499,3.767369270324707,4.489251613616943,4.101932525634766,3.9275636672973633,3.891309976577759,3.5057380199432373,3.5351250171661377,3.188751459121704,3.232001781463623,3.056752920150757,2.8989949226379395,2.5996198654174805,2.453000783920288,2.2094452381134033,1.987135887145996,1.9539607763290405,4.719790935516357,4.6157002449035645,4.517471790313721,4.221275329589844,3.8590524196624756,3.6359505653381348,3.3028552532196045,3.106794834136963,2.761359453201294,2.6790153980255127,2.4025886058807373,2.194193124771118,1.8260688781738281,1.7730655670166016,1.4236466884613037,4.413681507110596,4.412952899932861,4.284313201904297,3.98394775390625,3.7054598331451416,3.4368703365325928,3.1501615047454834,2.919173002243042,2.549076557159424,2.3791422843933105,2.0600578784942627,1.779683232307434,1.4686311483383179,1.2369273900985718,0.908381462097168
B3,1.524705410003662,1.2045307159423828,0.9170759320259094,1.139009714126587,1.1904449462890625,1.411598801612854,1.6972651481628418,1.6966396570205688,2.0810911655426025,2.087599992752075,2.387953996658325,2.6459462642669678,3.0159735679626465,3.1922082901000977,3.543201208114624,0.726044237613678,0.40459492802619934,0.0,0.40236085653305054,0.7498098611831665,0.9514634609222412,1.30399751663208,1.4636834859848022,1.8539297580718994,2.1641881465911865,2.3892593383789062,2.7604081630706787,3.0841047763824463,3.3312275409698486,3.6594254970550537,4.507995128631592,4.125231742858887,3.946094274520874,3.8705384731292725,3.4891743659973145,3.484121084213257,3.126469612121582,3.149392604827881,2.9315764904022217,2.7931630611419678,2.4949264526367188,2.306666612625122,2.017822027206421,1.8270490169525146,1.7382564544677734,4.618547439575195,4.507250785827637,4.382176876068115,4.105027675628662,3.741072177886963,3.4873545169830322,3.172421455383301,2.9397740364074707,2.618945598602295,2.5006237030029297,2.2579236030578613,2.007920980453491,1.6624172925949097,1.5584982633590698,1.1730672121047974,4.210929870605469,4.2233757972717285,4.094205379486084,3.780529499053955,3.5266590118408203,3.246696949005127,2.9768147468566895,2.7511751651763916,2.3691890239715576,2.252535343170166,1.9286645650863647,1.6989376544952393,1.3470237255096436,1.201562523841858,0.873873770236969
B4,1.7588191032409668,1.4030276536941528,1.054786205291748,1.1846790313720703,1.1377720832824707,1.2936941385269165,1.5333304405212402,1.4545018672943115,1.8289531469345093,1.7847328186035156,2.061216354370117,2.3123114109039307,2.6878952980041504,2.854372501373291,3.2134859561920166,1.081157922744751,0.7582401633262634,0.40236085653305054,0.0,0.39986374974250793,0.6205159425735474,0.9687942862510681,1.1830252408981323,1.5634348392486572,1.8439414501190186,2.0992870330810547,2.4579856395721436,2.7865984439849854,3.0121099948883057,3.3541345596313477,4.298849105834961,3.92155385017395,3.735456943511963,3.6267077922821045,3.251991033554077,3.2179079055786133,2.8551106452941895,2.86264705657959,2.6162071228027344,2.4973769187927246,2.2093868255615234,2.0026438236236572,1.689528226852417,1.5436687469482422,1.444369912147522,4.314146995544434,4.1949076652526855,4.051488399505615,3.787221908569336,3.423604726791382,3.1512815952301025,2.850386619567871,2.5957753658294678,2.2940385341644287,2.1546542644500732,1.9401190280914307,1.6710177659988403,1.3488593101501465,1.229902744293213,0.8359771370887756,3.8417327404022217,3.862952470779419,3.738692045211792,3.422741413116455,3.180819511413574,2.9018828868865967,2.638549327850342,2.4283359050750732,2.04331636428833,1.9641072750091553,1.6553024053573608,1.4716402292251587,1.1065617799758911,1.0393590927124023,0.7882136106491089
B5,1.8013297319412231,1.4325902462005615,1.0550369024276733,1.0800788402557373,0.9383056163787842,1.0219849348068237,1.2083051204681396,1.0802615880966187,1.4452853202819824,1.386031985282898,1.663487195968628,1.9232183694839478,2.29640793800354,2.475008964538574,2.839857816696167,1.307778239250183,1.018881916999817,0.7498098611831665,0.39986374974250793,0.0,0.38273102045059204,0.6306825280189514,0.9102851152420044,1.2739336490631104,1.5159789323806763,1.7865488529205322,2.1355373859405518,2.458120822906494,2.664747953414917,3.013195037841797,3.995373487472534,3.6180808544158936,3.4117088317871094,3.2849233150482178,2.912508010864258,2.855736494064331,2.49412202835083,2.4811880588531494,2.2289955615997314,2.102945566177368,1.813638687133789,1.6051151752471924,1.296323299407959,1.166683554649353,1.110103726387024,3.9761111736297607,3.840437889099121,3.688931703567505,3.418715000152588,3.04803729057312,2.7756295204162598,2.472935438156128,2.222848653793335,1.9196923971176147,1.7675447463989258,1.5451074838638306,1.2730814218521118,0.9500227570533752,0.8451316952705383,0.47183758020401,3.4713315963745117,3.478911876678467,3.3491218090057373,3.035743236541748,2.7867350578308105,2.509803533554077,2.241828680038452,2.0326344966888428,1.6488937139511108,1.5684826374053955,1.2706092596054077,1.1065773963928223,0.7470893263816833,0.7456544637680054,0.6164665222167969
B6,1.9349884986877441,1.5444514751434326,1.220361351966858,1.288735270500183,1.0540505647659302,1.1775786876678467,1.2639164924621582,1.1259939670562744,1.4571938514709473,1.3378936052322388,1.5663725137710571,1.769059658050537,2.1471641063690186,2.2834770679473877,2.627917766571045,1.517532467842102,1.1806116104125977,0.9514634609222412,0.6205159425735474,0.38273102045059204,0.0,0.3806854486465454,0.5762054920196533,0.9461539387702942,1.2278854846954346,1.4819148778915405,1.8390530347824097,2.16924786567688,2.401146650314331,2.739372730255127,3.7165162563323975,3.346524715423584,3.1690077781677246,3.043389081954956,2.676265239715576,2.6415040493011475,2.2759628295898438,2.307910919189453,2.0616557598114014,1.988008737564087,1.745233416557312,1.5967129468917847,1.316395878791809,1.2744704484939575,1.3008708953857422,3.6973142623901367,3.5861423015594482,3.451857566833496,3.191742181777954,2.8387482166290283,2.5714848041534424,2.271328926086426,2.0191872119903564,1.7140183448791504,1.6181279420852661,1.4279190301895142,1.2192186117172241,0.9107528924942017,0.9382268190383911,0.6715930700302124,3.2949397563934326,3.337003469467163,3.2490041255950928,2.9628069400787354,2.69789981842041,2.460977792739868,2.1664960384368896,2.0167689323425293,1.6488701105117798,1.56305730342865,1.335326910018921,1.1751956939697266,0.8802913427352905,0.827703058719635,0.8403258323669434
B7,2.091012477874756,1.7095308303833008,1.3942193984985352,1.3821073770523071,1.0790733098983765,1.1189322471618652,1.09534752368927,0.8958473801612854,1.1699634790420532,1.0001554489135742,1.1992884874343872,1.389285922050476,1.767148494720459,1.9050441980361938,2.252582311630249,1.8097783327102661,1.5032299757003784,1.30399751663208,0.9687942862510681,0.6306825280189514,0.3806854486465454,0.0,0.36915722489356995,0.6644160747528076,0.8859348297119141,1.1625186204910278,1.506478190422058,1.8316824436187744,2.0447020530700684,2.390256881713867,3.4169082641601562,3.049828052520752,2.855556011199951,2.706753730773926,2.3447439670562744,2.2855067253112793,1.9196419715881348,1.9374202489852905,1.6822736263275146,1.6193572282791138,1.395461082458496,1.270393967628479,1.0192625522613525,1.0491889715194702,1.1565614938735962,3.351672887802124,3.226466655731201,3.085150718688965,2.8210885524749756,2.463407516479492,2.195094347000122,1.893674373626709,1.6437534093856812,1.336027979850769,1.2416355609893799,1.0576913356781006,0.8796903491020203,0.6027860045433044,0.7379555106163025,0.6464623808860779,2.930297374725342,2.965729236602783,2.8821306228637695,2.606436014175415,2.3308699131011963,2.109314441680908,1.8034693002700806,1.6783959865570068,1.3263803720474243,1.2434086799621582,1.0758055448532104,0.9646269083023071,0.7609171271324158,0.7858070731163025,0.9590896964073181
B8,2.109257698059082,1.7270327806472778,1.4801583290100098,1.5182021856307983,1.1775072813034058,1.2828142642974854,1.198271632194519,1.0701478719711304,1.2984716892242432,1.1307920217514038,1.2838941812515259,1.3999570608139038,1.7597029209136963,1.8562486171722412,2.163290500640869,1.9193322658538818,1.600457787513733,1.4636834859848022,1.1830252408981323,0.9102851152420044,0.5762054920196533,0.36915722489356995,0.0,0.39117956161499023,0.7300912737846375,0.927943229675293,1.2996983528137207,1.6254768371582031,1.8900172710418701,2.206543445587158,3.146961212158203,2.7812724113464355,2.6196413040161133,2.4970459938049316,2.13478946685791,2.1257853507995605,1.7626478672027588,1.8494869470596313,1.640167474746704,1.620643138885498,1.4521337747573853,1.4252731800079346,1.2526847124099731,1.3103317022323608,1.4842675924301147,3.1602935791015625,3.066037893295288,2.962014675140381,2.6958181858062744,2.3599047660827637,2.1232287883758545,1.813342571258545,1.5978775024414062,1.2724918127059937,1.2859785556793213,1.1172521114349365,1.0636088848114014,0.8183462619781494,1.05770742893219,1.003775715827942,2.918354034423828,2.9786453247070312,2.9368414878845215,2.7000434398651123,2.3983960151672363,2.2276129722595215,1.8942936658859253,1.8243743181228638,1.5120525360107422,1.385949969291687,1.2867597341537476,1.1412795782089233,1.0115562677383423,0.9304104447364807,1.1481480598449707
B9,2.414048194885254,2.0452842712402344,1.8241567611694336,1.8330750465393066,1.4687800407409668,1.5285074710845947,1.3556077480316162,1.2051186561584473,1.3263438940048218,1.1027512550354004,1.1481645107269287,1.166515588760376,1.5002623796463013,1.5454399585723877,1.8234103918075562,2.2989869117736816,1.9856433868408203,1.8539297580718994,1.5634348392486572,1.2739336490631104,0.9461539387702942,0.6644160747528076,0.39117956161499023,0.0,0.38528120517730713,0.5460973381996155,0.9140375256538391,1.242811679840088,1.5159683227539062,1.8261953592300415,2.814791202545166,2.4612507820129395,2.312147617340088,2.166532278060913,1.820496678352356,1.8081625699996948,1.449474573135376,1.5696271657943726,1.3687517642974854,1.4209996461868286,1.3362596035003662,1.384981632232666,1.284070372581482,1.4298381805419922,1.6526861190795898,2.775386095046997,2.6904044151306152,2.5944981575012207,2.337864398956299,2.0196707248687744,1.7913168668746948,1.4936527013778687,1.2890323400497437,0.9815152287483215,1.0788764953613281,0.9864553809165955,1.0487669706344604,0.9257476329803467,1.2281689643859863,1.2803219556808472,2.603102684020996,2.6867799758911133,2.6837894916534424,2.4832913875579834,2.1732566356658936,2.0559394359588623,1.7134755849838257,1.7203062772750854,1.4672921895980835,1.3600167036056519,1.3683531284332275,1.2859365940093994,1.253283143043518,1.2151775360107422,1.4920343160629272
B10,2.7049689292907715,2.3477070331573486,2.1115620136260986,2.0648386478424072,1.6971092224121094,1.6802302598953247,1.4519621133804321,1.2479336261749268,1.2641880512237549,0.9802496433258057,0.9052459597587585,0.8381436467170715,1.1560053825378418,1.1723653078079224,1.4584375619888306,2.618232011795044,2.3175435066223145,2.1641881465911865,1.8439414501190186,1.5159789323806763,1.2278854846954346,0.8859348297119141,0.7300912737846375,0.38528120517730713,0.0,0.3465156853199005,0.6281911730766296,0.9568467140197754,1.17661714553833,1.5155892372131348,2.647078275680542,2.308685302734375,2.138631820678711,1.9386179447174072,1.6153408288955688,1.5423725843429565,1.1872013807296753,1.2760611772537231,1.037840723991394,1.1518551111221313,1.1380544900894165,1.2186371088027954,1.1737034320831299,1.4041142463684082,1.6477457284927368,2.471954822540283,2.363670825958252,2.241429567337036,1.9926137924194336,1.6697694063186646,1.4192259311676025,1.137555480003357,0.9094287157058716,0.633025586605072,0.7622158527374268,0.7752851247787476,0.919280469417572,0.9436610341072083,1.2549153566360474,1.410281777381897,2.2179577350616455,2.3051018714904785,2.314394474029541,2.128810405731201,1.8227757215499878,1.7364482879638672,1.3996095657348633,1.469198226928711,1.2751851081848145,1.220623254776001,1.3238563537597656,1.3340346813201904,1.3753656148910522,1.4198670387268066,1.7317684888839722
B11,2.791212320327759,2.4496145248413086,2.2624120712280273,2.230173110961914,1.8503637313842773,1.8584320545196533,1.594294548034668,1.4511057138442993,1.4277280569076538,1.1874094009399414,1.0864838361740112,0.9428526759147644,1.1792371273040771,1.1444202661514282,1.3513803482055664,2.7936625480651855,2.5005218982696533,2.3892593383789062,2.0992870330810547,1.7865488529205322,1.4819148778915405,1.1625186204910278,0.927943229675293,0.5460973381996155,0.3465156853199005,0.0,0.38193243741989136,0.6994696259498596,0.9971431493759155,1.2857582569122314,2.3207364082336426,1.982879400253296,1.8386590480804443,1.6596523523330688,1.340227723121643,1.3233989477157593,0.9841454029083252,1.1663613319396973,1.0223064422607422,1.1814932823181152,1.2411915063858032,1.4147616624832153,1.442806363105774,1.6591737270355225,1.9415345191955566,2.2339162826538086,2.153388738632202,2.079421281814575,1.8211328983306885,1.5286307334899902,1.3409193754196167,1.057535171508789,0.927442729473114,0.6690593361854553,0.9395333528518677,0.9573274254798889,1.189853549003601,1.2109509706497192,1.5538830757141113,1.7121734619140625,2.202820301055908,2.3024001121520996,2.3527419567108154,2.2193126678466797,1.891917109489441,1.8671895265579224,1.522964596748352,1.6386947631835938,1.5003459453582764,1.4023101329803467,1.548307180404663,1.5313959121704102,1.615503191947937,1.6084651947021484,1.9412364959716797
B12,3.143782138824463,2.811826229095459,2.627638816833496,2.57450532913208,2.1948788166046143,2.1705946922302246,1.8782997131347656,1.7208536863327026,1.6262744665145874,1.3718395233154297,1.1751540899276733,0.9205822944641113,1.0462126731872559,0.9104325771331787,1.0388773679733276,3.1708977222442627,2.880100965499878,2.7604081630706787,2.4579856395721436,2.1355373859405518,1.8390530347824097,1.506478190422058,1.2996983528137207,0.9140375256538391,0.6281911730766296,0.38193243741989136,0.0,0.33718159794807434,0.6304020881652832,0.9154772162437439,2.082097291946411,1.7758097648620605,1.643216609954834,1.4116822481155396,1.1480515003204346,1.0958834886550903,0.806084394454956,1.0129057168960571,0.9011681079864502,1.1613775491714478,1.3262780904769897,1.54228937625885,1.624782919883728,1.8855997323989868,2.1733145713806152,1.8624824285507202,1.783690094947815,1.7107493877410889,1.4711031913757324,1.2124779224395752,1.0434573888778687,0.817570686340332,0.7426575422286987,0.6320986747741699,0.9688265323638916,1.0951733589172363,1.3791571855545044,1.4849110841751099,1.8165099620819092,2.019294023513794,1.8968632221221924,2.024291515350342,2.1248726844787598,2.0448720455169678,1.7281651496887207,1.7776362895965576,1.4604617357254028,1.6606189012527466,1.6052967309951782,1.5493699312210083,1.763795256614685,1.7999991178512573,1.9237219095230103,1.9496744871139526,2.2945423126220703
B13,3.3864681720733643,3.0709118843078613,2.905305862426758,2.838198184967041,2.4584789276123047,2.4194161891937256,2.1017072200775146,1.9616180658340454,1.816770315170288,1.5846699476242065,1.350257396697998,1.0459442138671875,1.0492675304412842,0.8466397523880005,0.8416310548782349,3.470451593399048,3.1905691623687744,3.0841047763824463,2.7865984439849854,2.458120822906494,2.16924786567688,1.8316824436187744,1.6254768371582031,1.242811679840088,0.9568467140197754,0.6994696259498596,0.33718159794807434,0.0,0.381531298160553,0.589483380317688,1.7972257137298584,1.515958547592163,1.3929427862167358,1.129602313041687,0.9258236885070801,0.870433509349823,0.6708000302314758,0.9216830134391785,0.9096161723136902,1.2129859924316406,1.4516026973724365,1.7155300378799438,1.8532074689865112,2.1209588050842285,2.426164388656616,1.5353885889053345,1.4613879919052124,1.4202256202697754,1.1786810159683228,0.9680805802345276,0.8814077973365784,0.7216808199882507,0.7836165428161621,0.7850900888442993,1.1447758674621582,1.2979347705841064,1.6206440925598145,1.7589030265808105,2.093310594558716,2.323143720626831,1.7404190301895142,1.874443531036377,2.018535852432251,2.0005571842193604,1.6864631175994873,1.8063310384750366,1.5159649848937988,1.7664374113082886,1.7797609567642212,1.7249388694763184,1.983062982559204,2.0359251499176025,2.197808265686035,2.226048469543457,2.5853214263916016
