,A1,A2,A3,A4,A5,A6,A7,A8,A9,A10,A11,A12,A13,A14,A15,B1,B2,B3,B4,B5,B6,B7,B8,B9,B10,B11,B12,B13,B14,B15,C1,C2,C3,C4,C5,C6,C7,C8,C9,C10,C11,C12,C13,C14,C15,D1,D2,D3,D4,D5,D6,D7,D8,D9,D10,D11,D12,D13,D14,D15,E1,E2,E3,E4,E5,E6,E7,E8,E9,E10,E11,E12,E13,E14,E15
A1,0.0,0.39489901065826416,0.580036461353302,0.8294094204902649,0.9570373296737671,1.3180217742919922,1.4891809225082397,1.8117554187774658,2.118319272994995,2.215535879135132,2.5815584659576416,2.6644346714019775,3.02838134765625,3.139981269836426,3.4835197925567627,1.1903656721115112,1.1726104021072388,1.4310204982757568,1.4574834108352661,1.469637393951416,1.7025219202041626,1.640146255493164,2.0092804431915283,2.048414945602417,2.288102388381958,2.5391509532928467,2.662299633026123,3.01117205619812,3.1723949909210205,3.5114333629608154,1.6018445491790771,1.6307213306427002,1.6914994716644287,1.6327564716339111,1.5247700214385986,1.5944000482559204,1.5777243375778198,1.8254314661026,2.0087978839874268,2.284440517425537,2.4505081176757812,2.6514222621917725,2.960141897201538,3.1346402168273926,3.510613441467285,1.8057194948196411,1.4698292016983032,1.267604112625122,1.1082088947296143,0.8225807547569275,0.8027287125587463,0.47342491149902344,0.7229312658309937,0.6950727701187134,0.8830614686012268,1.1855345964431763,1.344522476196289,1.6989954710006714,1.9277452230453491,2.240997791290283,1.3337820768356323,1.2665274143218994,0.8806614279747009,0.868618905544281,0.5811090469360352,0.7416383624076843,0.7484613656997681,0.994712233543396,1.3234288692474365,1.3274461030960083,1.6581193208694458,1.630940318107605,1.988108515739441,1.9967122077941895,2.3456673622131348
A2,0.39489901065826416,0.0,0.39431583881378174,0.5624856948852539,0.8036947846412659,1.1274511814117432,1.3334161043167114,1.6604876518249512,1.947036623954773,2.1060752868652344,2.4532630443573,2.585723400115967,2.9328229427337646,3.0686569213867188,3.416621685028076,0.870215654373169,0.8643686175346375,1.1717300415039062,1.2937171459197998,1.3252700567245483,1.6291632652282715,1.6257061958312988,2.0070762634277344,2.1167266368865967,2.332862615585327,2.628549337387085,2.7650434970855713,3.116421937942505,3.306244373321533,3.6275765895843506,1.5685244798660278,1.5593516826629639,1.623737096786499,1.5519976615905762,1.4398702383041382,1.5980865955352783,1.5646355152130127,1.8709815740585327,2.0316507816314697,2.328103542327881,2.5431416034698486,2.7110579013824463,3.046481132507324,3.191502094268799,3.585716724395752,1.530921459197998,1.2385236024856567,0.9648689031600952,0.829388439655304,0.49002373218536377,0.49833324551582336,0.2264348417520523,0.5748514533042908,0.7561370730400085,0.882729709148407,1.246735692024231,1.4136213064193726,1.7553633451461792,2.0214927196502686,2.2981982231140137,1.3474197387695312,1.2777652740478516,0.9311072826385498,0.9992511868476868,0.6592082381248474,0.8810031414031982,0.7494205236434937,1.049661636352539,1.2860690355300903,1.281203031539917,1.5421451330184937,1.501167893409729,1.8186172246932983,1.7817350625991821,2.1488969326019287
A3,0.580036461353302,0.39431583881378174,0.0,0.3702453076839447,0.4457806944847107,0.8175647854804993,0.9636673331260681,1.309258222579956,1.5824354887008667,1.7270796298980713,2.072976589202881,2.195852041244507,2.5425002574920654,2.6747496128082275,3.022768497467041,0.6442633271217346,0.6958123445510864,0.8971835970878601,0.9802157282829285,0.9513766169548035,1.2559139728546143,1.2419382333755493,1.6241041421890259,1.7532250881195068,1.9569321870803833,2.26753306388855,2.4130232334136963,2.761038064956665,2.9687604904174805,3.279069185256958,1.832736849784851,1.7536935806274414,1.7323702573776245,1.58987295627594,1.3899502754211426,1.5155187845230103,1.3964931964874268,1.6974049806594849,1.7977268695831299,2.058607339859009,2.26754093170166,2.4020297527313232,2.733046531677246,2.853928327560425,3.247912645339966,1.2965642213821411,0.9712894558906555,0.7653799653053284,0.7541559338569641,0.4511586129665375,0.7158011794090271,0.5996268391609192,0.9637154936790466,1.1338616609573364,1.2386599779129028,1.6089603900909424,1.7315430641174316,2.093069076538086,2.321302890777588,2.615666151046753,0.9889060854911804,0.9036446213722229,0.5941686630249023,0.7521107196807861,0.49814119935035706,0.8548142313957214,0.824487566947937,1.1894187927246094,1.4275288581848145,1.515380859375,1.772531270980835,1.792025089263916,2.1009104251861572,2.0796847343444824,2.4577901363372803
A4,0.8294094204902649,0.5624856948852539,0.3702453076839447,0.0,0.3767915964126587,0.5838183164596558,0.849965512752533,1.1384270191192627,1.4404385089874268,1.6257106065750122,1.9689342975616455,2.1405045986175537,2.4832303524017334,2.6656227111816406,2.996272563934326,0.5631598234176636,0.7533779144287109,0.9347606897354126,1.124371886253357,1.0238384008407593,1.3815999031066895,1.3566404581069946,1.7289961576461792,1.8897093534469604,2.0315113067626953,2.3713533878326416,2.4830617904663086,2.841215133666992,3.039667844772339,3.335970401763916,2.067528486251831,2.0013580322265625,2.005725622177124,1.8691563606262207,1.674718976020813,1.8394761085510254,1.702414631843567,2.0169591903686523,2.0837244987487793,2.3260817527770996,2.538511037826538,2.635338068008423,2.9611926078796387,3.046536684036255,3.4379661083221436,0.98189777135849,0.6761408448219299,0.4406195878982544,0.3921061158180237,0.206471785902977,0.5728468298912048,0.6723043322563171,1.0165481567382812,1.2862882614135742,1.4304554462432861,1.7958402633666992,1.9676975011825562,2.30433988571167,2.5741825103759766,2.8426389694213867,1.0209671258926392,1.047020673751831,0.8071078062057495,1.071246862411499,0.8647435903549194,1.223672866821289,1.1573002338409424,1.5139957666397095,1.7156027555465698,1.765683889389038,1.978389859199524,1.9542893171310425,2.225318670272827,2.1415090560913086,2.5163631439208984
A5,0.9570373296737671,0.8036947846412659,0.4457806944847107,0.3767915964126587,0.0,0.4025033712387085,0.5425366759300232,0.8684843182563782,1.169115662574768,1.3057210445404053,1.6619791984558105,1.8000160455703735,2.153045892715454,2.3202571868896484,2.652099370956421,0.6260833144187927,0.8211269378662109,0.8502277135848999,0.9370200037956238,0.741765022277832,1.062978744506836,0.9936097860336304,1.3621578216552734,1.5203688144683838,1.6548683643341064,1.9974185228347778,2.1158454418182373,2.470111846923828,2.679614782333374,2.9713845252990723,2.265472650527954,2.1606078147888184,2.102123260498047,1.9204297065734863,1.6670351028442383,1.772144079208374,1.5739644765853882,1.8538134098052979,1.8701448440551758,2.065497398376465,2.2520668506622314,2.32546067237854,2.635181427001953,2.706470012664795,3.090197801589966,0.9640992879867554,0.6025317311286926,0.5652108788490295,0.6675386428833008,0.5796495676040649,0.9398289322853088,0.9669684767723083,1.3343777656555176,1.5422877073287964,1.6763746738433838,2.0432958602905273,2.1770219802856445,2.536999225616455,2.766216993331909,3.0611252784729004,0.6624490022659302,0.6920662522315979,0.5326851606369019,0.8721977472305298,0.7996628880500793,1.19719660282135,1.2274068593978882,1.6017086505889893,1.827015995979309,1.9433090686798096,2.1801328659057617,2.2068324089050293,2.493736982345581,2.446948289871216,2.827483892440796
A6,1.3180217742919922,1.1274511814117432,0.8175647854804993,0.5838183164596558,0.4025033712387085,0.0,0.3756846785545349,0.5642321109771729,0.9014130234718323,1.0810004472732544,1.4254294633865356,1.6195299625396729,1.9606739282608032,2.185080051422119,2.490755796432495,0.7424423694610596,1.0185812711715698,0.9701910614967346,1.1220524311065674,0.8505966663360596,1.1775819063186646,1.0987706184387207,1.4151856899261475,1.610818862915039,1.6569430828094482,2.0269453525543213,2.1082422733306885,2.4611361026763916,2.665949583053589,2.930079460144043,2.604085922241211,2.493767499923706,2.436453104019165,2.246722459793091,1.985089898109436,2.1116175651550293,1.887341856956482,2.1674039363861084,2.137037992477417,2.296672821044922,2.479126453399658,2.5002989768981934,2.794558048248291,2.8172385692596436,3.190051317214966,0.6062279343605042,0.23285040259361267,0.4500690698623657,0.6375707983970642,0.7562916874885559,1.1075611114501953,1.2494264841079712,1.594138264656067,1.855318546295166,2.005725383758545,2.372056245803833,2.529632329940796,2.876765489578247,3.128126382827759,3.407646894454956,0.744766354560852,0.8971757292747498,0.8704044818878174,1.240034580230713,1.2005212306976318,1.596173644065857,1.6079471111297607,1.9833717346191406,2.1812398433685303,2.2875077724456787,2.490762233734131,2.4999098777770996,2.755157232284546,2.6674952507019043,3.0439445972442627
A7,1.4891809225082397,1.3334161043167114,0.9636673331260681,0.849965512752533,0.5425366759300232,0.3756846785545349,0.0,0.37947845458984375,0.6296026706695557,0.7845073938369751,1.1249699592590332,1.2947379350662231,1.633813738822937,1.8316916227340698,2.1522247791290283,0.8298668265342712,1.0584132671356201,0.8771896958351135,0.9297906160354614,0.5851536989212036,0.8547711372375488,0.782050609588623,1.0679322481155396,1.3034671545028687,1.3416532278060913,1.7253309488296509,1.8421015739440918,2.176158905029297,2.4169254302978516,2.665623664855957,2.716233730316162,2.561361789703369,2.446049928665161,2.218679189682007,1.9153910875320435,2.0034961700439453,1.7327275276184082,1.9817153215408325,1.8977985382080078,2.0148367881774902,2.189643144607544,2.1771814823150635,2.464888095855713,2.466674566268921,2.838495969772339,0.779920220375061,0.5222720503807068,0.7362733483314514,0.9937877655029297,1.034299612045288,1.4143930673599243,1.4959486722946167,1.8555551767349243,2.081116199493408,2.1951167583465576,2.5703258514404297,2.6820595264434814,3.0461556911468506,3.2588934898376465,3.5535802841186523,0.6049200296401978,0.6916657090187073,0.8275464177131653,1.1718958616256714,1.223464012145996,1.6019595861434937,1.6587021350860596,2.033862829208374,2.222513198852539,2.3856513500213623,2.591517448425293,2.6511647701263428,2.911065101623535,2.8609700202941895,3.243114709854126
A8,1.8117554187774658,1.6604876518249512,1.309258222579956,1.1384270191192627,0.8684843182563782,0.5642321109771729,0.37947845458984375,0.0,0.40522170066833496,0.5405391454696655,0.8787783980369568,1.0913971662521362,1.4240034818649292,1.6847788095474243,1.9635783433914185,1.1461046934127808,1.398910641670227,1.1971240043640137,1.2614479064941406,0.9025287628173828,1.0946012735366821,0.9795013666152954,1.1658055782318115,1.3936047554016113,1.325555682182312,1.711798071861267,1.772955060005188,2.0985395908355713,2.321164131164551,2.53971004486084,3.0835349559783936,2.9330761432647705,2.820132255554199,2.589986562728882,2.282604694366455,2.3666203022003174,2.081724166870117,2.3118839263916016,2.193725824356079,2.264049530029297,2.4099748134613037,2.3526771068573,2.6047332286834717,2.561340093612671,2.9061551094055176,0.732355535030365,0.6007991433143616,0.9397550225257874,1.1772764921188354,1.31398344039917,1.671242356300354,1.8012416362762451,2.1532175540924072,2.397092580795288,2.535890817642212,2.906311273574829,3.038233995437622,3.397423028945923,3.622572660446167,3.9142770767211914,0.7780585289001465,0.9717773795127869,1.1490767002105713,1.5090264081954956,1.58649742603302,1.9702125787734985,2.0346102714538574,2.4103987216949463,2.5998706817626953,2.7556612491607666,2.9539763927459717,3.0004754066467285,3.2487881183624268,3.1750600337982178,3.5535359382629395
A9,2.118319272994995,1.947036623954773,1.5824354887008667,1.4404385089874268,1.169115662574768,0.9014130234718323,0.6296026706695557,0.40522170066833496,0.0,0.3744204640388489,0.561691164970398,0.8453308343887329,1.1149344444274902,1.3825219869613647,1.6654120683670044,1.3005383014678955,1.5192351341247559,1.2328391075134277,1.2708979845046997,0.9358269572257996,1.0522212982177734,1.021822452545166,1.1055232286453247,1.399053692817688,1.2938289642333984,1.6839090585708618,1.7827306985855103,2.0603246688842773,2.3271939754486084,2.501174211502075,3.2671051025390625,3.0755107402801514,2.9224259853363037,2.667426109313965,2.3415825366973877,2.4248857498168945,2.1144611835479736,2.328392505645752,2.1588377952575684,2.193495988845825,2.351677656173706,2.240386724472046,2.4875495433807373,2.3985586166381836,2.738767623901367,0.9150339961051941,0.9081199169158936,1.196135401725769,1.496412754058838,1.603884220123291,1.9794522523880005,2.1031525135040283,2.451845407485962,2.699533462524414,2.799086809158325,3.1805007457733154,3.2801878452301025,3.6425485610961914,3.8481502532958984,4.135952949523926,1.0543850660324097,1.1505266427993774,1.4046800136566162,1.7162530422210693,1.8156511783599854,2.1708579063415527,2.2285778522491455,2.596979856491089,2.7470738887786865,2.936058521270752,3.106065273284912,3.185237169265747,3.4126389026641846,3.351959228515625,3.7292861938476562
A10,2.215535879135132,2.1060752868652344,1.7270796298980713,1.6257106065750122,1.3057210445404053,1.0810004472732544,0.7845073938369751,0.5405391454696655,0.3744204640388489,0.0,0.39512670040130615,0.5512726902961731,0.8952157497406006,1.159791111946106,1.426303744316101,1.562373399734497,1.7672343254089355,1.481664776802063,1.4353870153427124,1.0739426612854004,1.0747562646865845,0.9416003227233887,0.9343665242195129,1.1687182188034058,0.9900712966918945,1.365151286125183,1.4311703443527222,1.7047812938690186,1.9616914987564087,2.1307895183563232,3.4510653018951416,3.265230894088745,3.0985686779022217,2.836669445037842,2.496328115463257,2.524641275405884,2.1989023685455322,2.3630409240722656,2.1704039573669434,2.1468467712402344,2.2441534996032715,2.1152117252349854,2.314229726791382,2.211310386657715,2.521066188812256,1.213161587715149,1.137585997581482,1.4543955326080322,1.7102054357528687,1.8105781078338623,2.181034564971924,2.270470380783081,2.6334118843078613,2.8441483974456787,2.96335768699646,3.3348300457000732,3.4306704998016357,3.8032989501953125,3.9907920360565186,4.298659801483154,0.9843232035636902,1.1217224597930908,1.4255032539367676,1.728114366531372,1.8964519500732422,2.24652361869812,2.3614463806152344,2.724705219268799,2.910248041152954,3.1147706508636475,3.3183963298797607,3.407763957977295,3.661013126373291,3.6192831993103027,4.000763416290283
A11,2.5815584659576416,2.4532630443573,2.072976589202881,1.9689342975616455,1.6619791984558105,1.4254294633865356,1.1249699592590332,0.8787783980369568,0.561691164970398,0.39512670040130615,0.0,0.36726492643356323,0.5673961043357849,0.8880767226219177,1.1232630014419556,1.8317383527755737,2.021312952041626,1.6967610120773315,1.647235631942749,1.3240073919296265,1.2753716707229614,1.210776925086975,1.1064292192459106,1.3614977598190308,1.1358662843704224,1.470974326133728,1.5457355976104736,1.7488409280776978,2.029062032699585,2.1344501972198486,3.7398924827575684,3.5284059047698975,3.337733507156372,3.061643123626709,2.7138512134552,2.743856191635132,2.405438184738159,2.552204132080078,2.3195178508758545,2.25716233253479,2.352954626083374,2.168349027633667,2.3425920009613037,2.1834685802459717,2.467803955078125,1.4451839923858643,1.4496850967407227,1.7541112899780273,2.0400390625,2.1437056064605713,2.5205490589141846,2.620753288269043,2.979015350341797,3.2004547119140625,3.2993485927581787,3.6774017810821533,3.7577061653137207,4.129879951477051,4.3085761070251465,4.611083507537842,1.3657174110412598,1.4573054313659668,1.7840791940689087,2.059199571609497,2.2319531440734863,2.5639307498931885,2.6689541339874268,3.0259060859680176,3.182196855545044,3.4038946628570557,3.58376407623291,3.690176248550415,3.9241456985473633,3.8840434551239014,4.262449264526367
A12,2.6644346714019775,2.585723400115967,2.195852041244507,2.1405045986175537,1.8000160455703735,1.6195299625396729,1.2947379350662231,1.0913971662521362,0.8453308343887329,0.5512726902961731,0.36726492643356323,0.0,0.394138902425766,0.6395175457000732,0.8823550343513489,2.0353524684906006,2.2013702392578125,1.8736884593963623,1.7506674528121948,1.430145263671875,1.2841137647628784,1.167088270187378,0.9632991552352905,1.1518278121948242,0.8698461055755615,1.1572061777114868,1.2302519083023071,1.3994020223617554,1.6939735412597656,1.7866190671920776,3.8486413955688477,3.6348071098327637,3.424562454223633,3.1410117149353027,2.782292366027832,2.760657548904419,2.412785768508911,2.50785231590271,2.253293037414551,2.1342570781707764,2.173170328140259,1.9688928127288818,2.093400716781616,1.919274091720581,2.1725122928619385,1.7419334650039673,1.685848593711853,1.9881207942962646,2.2537336349487305,2.3287739753723145,2.705827474594116,2.7651426792144775,3.1328542232513428,3.3162999153137207,3.4174742698669434,3.786564826965332,3.8505020141601562,4.231227874755859,4.383974075317383,4.70350456237793,1.3828074932098389,1.458963394165039,1.817665696144104,2.057237386703491,2.2843449115753174,2.5946247577667236,2.7454421520233154,3.089548349380493,3.267451047897339,3.5096211433410645,3.7150115966796875,3.8399229049682617,4.095478057861328,4.081979274749756,4.463902473449707
A13,3.02838134765625,2.9328229427337646,2.5425002574920654,2.4832303524017334,2.153045892715454,1.9606739282608032,1.633813738822937,1.4240034818649292,1.1149344444274902,0.8952157497406006,0.5673961043357849,0.394138902425766,0.0,0.3913004696369171,0.5567046403884888,2.3243424892425537,2.4780962467193604,2.126444101333618,2.005502939224243,1.7202043533325195,1.5536168813705444,1.4953557252883911,1.2502399682998657,1.4439181089401245,1.1616319417953491,1.3793447017669678,1.4586437940597534,1.5391316413879395,1.8431196212768555,1.8613176345825195,4.144287109375,3.9089596271514893,3.678837776184082,3.3851711750030518,3.023759126663208,3.0039403438568115,2.6507656574249268,2.7294936180114746,2.445145606994629,2.2937254905700684,2.32987904548645,2.077352285385132,2.1701998710632324,1.940583348274231,2.1543784141540527,2.010441303253174,2.0053963661193848,2.298680067062378,2.586876153945923,2.663944721221924,3.0466175079345703,3.114598512649536,3.4786479473114014,3.6711888313293457,3.7548608779907227,4.129270553588867,4.179417133331299,4.559180736541748,4.703470706939697,5.0178070068359375,1.768404483795166,1.8154221773147583,2.1819658279418945,2.4021143913269043,2.6267600059509277,2.9216465950012207,3.061800241470337,3.3990323543548584,3.5509531497955322,3.8067023754119873,3.991140604019165,4.130795955657959,4.369516849517822,4.358591079711914,4.737142086029053
A14,3.139981269836426,3.0686569213867188,2.6747496128082275,2.6656227111816406,2.3202571868896484,2.185080051422119,1.8316916227340698,1.6847788095474243,1.3825219869613647,1.159791111946106,0.8880767226219177,0.6395175457000732,0.3913004696369171,0.0,0.38376712799072266,2.4806416034698486,2.595125913619995,2.231043577194214,2.049797534942627,1.806502342224121,1.5620651245117188,1.5281232595443726,1.2146583795547485,1.3772932291030884,1.1264736652374268,1.2667624950408936,1.407446026802063,1.414118766784668,1.7585742473602295,1.7523159980773926,4.184506416320801,3.9307432174682617,3.6704323291778564,3.3670248985290527,3.000627279281616,2.9417223930358887,2.5856974124908447,2.614543914794922,2.302701234817505,2.0991597175598145,2.103271484375,1.8163975477218628,1.869269609451294,1.60820472240448,1.7965940237045288,2.2959177494049072,2.2575371265411377,2.5212838649749756,2.8158342838287354,2.848480701446533,3.236607789993286,3.264941930770874,3.6301519870758057,3.7922139167785645,3.8524248600006104,4.221479892730713,4.238742828369141,4.622265338897705,4.732903957366943,5.054698467254639,1.905152440071106,1.8885421752929688,2.273223400115967,2.4361989498138428,2.6902055740356445,2.9449307918548584,3.107111692428589,3.4216694831848145,3.565976858139038,3.8488080501556396,4.037083625793457,4.206899166107178,4.4517502784729,4.47355318069458,4.85106086730957
A15,3.4835197925567627,3.416621685028076,3.022768497467041,2.996272563934326,2.652099370956421,2.490755796432495,2.1522247791290283,1.9635783433914185,1.6654120683670044,1.426303744316101,1.1232630014419556,0.8823550343513489,0.5567046403884888,0.38376712799072266,0.0,2.830683708190918,2.95912766456604,2.596930742263794,2.4284870624542236,2.1746482849121094,1.9396177530288696,1.8828877210617065,1.5658025741577148,1.6843366622924805,1.3938539028167725,1.469239592552185,1.539932131767273,1.4799036979675293,1.7785664796829224,1.6958712339401245,4.564109802246094,4.3132524490356445,4.05416202545166,3.7507224082946777,3.3842673301696777,3.3213813304901123,2.965425968170166,2.9835081100463867,2.6667890548706055,2.4422719478607178,2.4161503314971924,2.1145846843719482,2.113213062286377,1.8228331804275513,1.93584406375885,2.5664145946502686,2.549992084503174,2.8369503021240234,3.1229465007781982,3.1810824871063232,3.5655038356781006,3.6076290607452393,3.974698066711426,4.14156436920166,4.214777946472168,4.582972049713135,4.608996391296387,4.993131160736084,5.107282638549805,5.431210994720459,2.213712692260742,2.232577323913574,2.6143412590026855,2.789605140686035,3.0500900745391846,3.311913013458252,3.480158567428589,3.7973875999450684,3.947506904602051,4.227747917175293,4.41763973236084,4.582653999328613,4.8265886306762695,4.84026575088501,5.218050956726074
B1,1.1903656721115112,0.870215654373169,0.6442633271217346,0.5631598234176636,0.6260833144187927,0.7424423694610596,0.8298668265342712,1.1461046934127808,1.3005383014678955,1.562373399734497,1.8317383527755737,2.0353524684906006,2.3243424892425537,2.4806416034698486,2.830683708190918,0.0,0.30364906787872314,0.43295779824256897,0.7546958327293396,0.7682991027832031,1.1636099815368652,1.2894587516784668,1.631271481513977,1.8818132877349854,2.0345263481140137,2.3970656394958496,2.5729289054870605,2.898261785507202,3.1576027870178223,3.4235475063323975,2.0291545391082764,1.8685956001281738,1.802648901939392,1.6189321279525757,1.3940954208374023,1.6200991868972778,1.456870675086975,1.8065881729125977,1.837632656097412,2.099283456802368,2.375448703765869,2.4388458728790283,2.7983171939849854,2.8603169918060303,3.2714006900787354,0.9511716365814209,0.7848566174507141,0.5061368346214294,0.7709958553314209,0.5918368101119995,0.9412739276885986,1.0167564153671265,1.3065513372421265,1.5825302600860596,1.6007980108261108,1.991161584854126,2.0825042724609375,2.4191155433654785,2.6541268825531006,2.9038078784942627,1.2099241018295288,1.1023004055023193,1.0007442235946655,1.1864781379699707,0.9940434694290161,1.2882715463638306,1.1580811738967896,1.5095775127410889,1.600575566291809,1.7164567708969116,1.851959466934204,1.896727442741394,2.1180450916290283,2.058558225631714,2.4392764568328857
B2,1.1726104021072388,0.8643686175346375,0.6958123445510864,0.7533779144287109,0.8211269378662109,1.0185812711715698,1.0584132671356201,1.398910641670227,1.5192351341247559,1.7672343254089355,2.021312952041626,2.2013702392578125,2.4780962467193604,2.595125913619995,2.95912766456604,0.30364906787872314,0.0,0.3898977041244507,0.6694629192352295,0.8289551734924316,1.1809369325637817,1.3594533205032349,1.6959946155548096,1.9415545463562012,2.13871431350708,2.4828672409057617,2.69124174118042,3.0033695697784424,3.2771387100219727,3.5473291873931885,1.790191411972046,1.5985082387924194,1.5109707117080688,1.3219860792160034,1.1068583726882935,1.3622318506240845,1.232470154762268,1.5990022420883179,1.6637401580810547,1.963660478591919,2.265354871749878,2.3548738956451416,2.731262445449829,2.817979335784912,3.2368502616882324,1.2481178045272827,1.0838218927383423,0.7990112900733948,1.011557698249817,0.7474339604377747,1.0361195802688599,1.024904727935791,1.2795201539993286,1.513706088066101,1.465432047843933,1.855272650718689,1.8982346057891846,2.235748291015625,2.4435367584228516,2.691028594970703,1.368705153465271,1.181992530822754,1.0638017654418945,1.1463589668273926,0.9192116260528564,1.133023738861084,0.9578917026519775,1.2847808599472046,1.3331456184387207,1.4748003482818604,1.5969548225402832,1.6802091598510742,1.9030894041061401,1.8855828046798706,2.266805410385132
B3,1.4310204982757568,1.1717300415039062,0.8971835970878601,0.9347606897354126,0.8502277135848999,0.9701910614967346,0.8771896958351135,1.1971240043640137,1.2328391075134277,1.481664776802063,1.6967610120773315,1.8736884593963623,2.126444101333618,2.231043577194214,2.596930742263794,0.43295779824256897,0.3898977041244507,0.0,0.3957427740097046,0.5389822721481323,0.8806402683258057,1.1144720315933228,1.4088070392608643,1.699470043182373,1.872740626335144,2.227198600769043,2.4534690380096436,2.74505352973938,3.0438573360443115,3.2904045581817627,2.1115336418151855,1.8809852600097656,1.7262316942214966,1.4855386018753052,1.2015368938446045,1.4043740034103394,1.1879348754882812,1.5262259244918823,1.5062665939331055,1.7563562393188477,2.05989670753479,2.0983848571777344,2.4708337783813477,2.5218353271484375,2.9397730827331543,1.1775500774383545,1.042807698249817,0.8775377869606018,1.1836880445480347,0.9988198280334473,1.3478152751922607,1.3538484573364258,1.6427921056747437,1.863630771636963,1.82620108127594,2.215649366378784,2.2381703853607178,2.5866715908050537,2.7657558917999268,3.0257222652435303,1.2535240650177002,1.0412304401397705,1.0592031478881836,1.1694650650024414,1.0620778799057007,1.2989659309387207,1.2086306810379028,1.5398640632629395,1.59054696559906,1.789207935333252,1.9105170965194702,2.032444477081299,2.2465262413024902,2.2442381381988525,2.6211678981781006
B4,1.4574834108352661,1.2937171459197998,0.9802157282829285,1.124371886253357,0.9370200037956238,1.1220524311065674,0.9297906160354614,1.2614479064941406,1.2708979845046997,1.4353870153427124,1.647235631942749,1.7506674528121948,2.005502939224243,2.049797534942627,2.4284870624542236,0.7546958327293396,0.6694629192352295,0.3957427740097046,0.0,0.380791038274765,0.5715296268463135,0.8541065454483032,1.1248337030410767,1.3992817401885986,1.61944580078125,1.943832278251648,2.2050373554229736,2.476321220397949,2.789177179336548,3.0380325317382812,2.158015012741089,1.9061174392700195,1.691820740699768,1.4154279232025146,1.0755828619003296,1.177664875984192,0.8966187238693237,1.193408489227295,1.136113166809082,1.367458701133728,1.6644147634506226,1.7106870412826538,2.0854032039642334,2.154590368270874,2.574583053588867,1.4454903602600098,1.2543891668319702,1.1604881286621094,1.4374595880508423,1.2268503904342651,1.5774009227752686,1.5058163404464722,1.8140031099319458,1.9630866050720215,1.9178537130355835,2.2954471111297607,2.276308298110962,2.643665313720703,2.772052764892578,3.061124086380005,1.1500507593154907,0.8430312275886536,0.937000036239624,0.963458776473999,0.9644791483879089,1.1601454019546509,1.1663854122161865,1.4816077947616577,1.5656962394714355,1.8258064985275269,1.9913417100906372,2.1613388061523438,2.408571481704712,2.460864305496216,2.8363840579986572
B5,1.469637393951416,1.3252700567245483,0.9513766169548035,1.0238384008407593,0.741765022277832,0.8505966663360596,0.5851536989212036,0.9025287628173828,0.9358269572257996,1.0739426612854004,1.3240073919296265,1.430145263671875,1.7202043533325195,1.806502342224121,2.1746482849121094,0.7682991027832031,0.8289551734924316,0.5389822721481323,0.380791038274765,0.0,0.403582900762558,0.5815030932426453,0.8822267055511475,1.1705408096313477,1.3349779844284058,1.6904994249343872,1.9153293371200562,2.2069859504699707,2.505558490753174,2.7532308101654053,2.428802251815796,2.2121009826660156,2.0268638134002686,1.7630136013031006,1.4267951250076294,1.4933022260665894,1.1952539682388306,1.4451810121536255,1.347322940826416,1.4990698099136353,1.7327511310577393,1.7405683994293213,2.0782415866851807,2.1134819984436035,2.5179038047790527,1.2157179117202759,1.000822901725769,1.0176196098327637,1.3045321702957153,1.1751179695129395,1.5583610534667969,1.5330523252487183,1.8785943984985352,2.0490474700927734,2.07106876373291,2.4516987800598145,2.4798779487609863,2.8542511463165283,3.007924795150757,3.308333158493042,0.8327356576919556,0.5923632979393005,0.7826868295669556,0.9449380040168762,1.0180585384368896,1.3074724674224854,1.3678587675094604,1.7160803079605103,1.8584754467010498,2.0913898944854736,2.284919500350952,2.4183993339538574,2.6787657737731934,2.6970956325531006,3.0791022777557373
B6,1.7025219202041626,1.6291632652282715,1.2559139728546143,1.3815999031066895,1.062978744506836,1.1775819063186646,0.8547711372375488,1.0946012735366821,1.0522212982177734,1.0747562646865845,1.2753716707229614,1.2841137647628784,1.5536168813705444,1.5620651245117188,1.9396177530288696,1.1636099815368652,1.1809369325637817,0.8806402683258057,0.5715296268463135,0.403582900762558,0.0,0.37294721603393555,0.5565040707588196,0.8611677885055542,1.0631331205368042,1.3855971097946167,1.659686803817749,1.9142054319381714,2.240450143814087,2.476304292678833,2.6276891231536865,2.3901755809783936,2.1563522815704346,1.8700623512268066,1.5087242126464844,1.4815706014633179,1.1402873992919922,1.2943670749664307,1.1165015697479248,1.1800487041473389,1.3796310424804688,1.3551949262619019,1.681688666343689,1.7107738256454468,2.114654064178467,1.5566294193267822,1.3431566953659058,1.4079707860946655,1.6778236627578735,1.5431958436965942,1.9164435863494873,1.847802996635437,2.195033550262451,2.3152334690093994,2.3263773918151855,2.6921472549438477,2.6840310096740723,3.066293478012085,3.174755811691284,3.492978096008301,0.9113330245018005,0.6106277108192444,0.9214743375778198,0.9938738346099854,1.1854509115219116,1.4137426614761353,1.548982858657837,1.8628181219100952,2.014542579650879,2.2910447120666504,2.5021393299102783,2.6740384101867676,2.946930170059204,3.003697633743286,3.382126569747925
B7,1.640146255493164,1.6257061958312988,1.2419382333755493,1.3566404581069946,0.9936097860336304,1.0987706184387207,0.782050609588623,0.9795013666152954,1.021822452545166,0.9416003227233887,1.210776925086975,1.167088270187378,1.4953557252883911,1.5281232595443726,1.8828877210617065,1.2894587516784668,1.3594533205032349,1.1144720315933228,0.8541065454483032,0.5815030932426453,0.37294721603393555,0.0,0.38228872418403625,0.5964339971542358,0.7909111976623535,1.1240688562393188,1.3564720153808594,1.6487072706222534,1.9427146911621094,2.203660249710083,2.7639050483703613,2.566324472427368,2.362236261367798,2.0949127674102783,1.7447431087493896,1.6834768056869507,1.3584800958633423,1.4770926237106323,1.320717215538025,1.3370295763015747,1.4448264837265015,1.4310352802276611,1.7002918720245361,1.7333955764770508,2.106943130493164,1.5543097257614136,1.292201042175293,1.4232348203659058,1.6404792070388794,1.5441988706588745,1.90621018409729,1.836559772491455,2.20038104057312,2.3033905029296875,2.368622303009033,2.7222330570220947,2.7463269233703613,3.133596658706665,3.252681016921997,3.586796760559082,0.6228237152099609,0.3888273537158966,0.7737041115760803,0.912367582321167,1.1732252836227417,1.443534016609192,1.635304570198059,1.959420919418335,2.1727402210235596,2.4260013103485107,2.677622079849243,2.821906089782715,3.1207313537597656,3.1651535034179688,3.54693341255188
B8,2.0092804431915283,2.0070762634277344,1.6241041421890259,1.7289961576461792,1.3621578216552734,1.4151856899261475,1.0679322481155396,1.1658055782318115,1.1055232286453247,0.9343665242195129,1.1064292192459106,0.9632991552352905,1.2502399682998657,1.2146583795547485,1.5658025741577148,1.631271481513977,1.6959946155548096,1.4088070392608643,1.1248337030410767,0.8822267055511475,0.5565040707588196,0.38228872418403625,0.0,0.3793605864048004,0.5191215872764587,0.8376528024673462,1.1199562549591064,1.359421968460083,1.6942929029464722,1.920971155166626,3.0900652408599854,2.873074769973755,2.638042688369751,2.3554811477661133,1.9943594932556152,1.8950581550598145,1.552085280418396,1.6001216173171997,1.3716022968292236,1.2767596244812012,1.3221023082733154,1.226157307624817,1.4440172910690308,1.4238642454147339,1.7789558172225952,1.8087966442108154,1.5886034965515137,1.758821725845337,1.9934550523757935,1.9180747270584106,2.284518241882324,2.218545436859131,2.5818309783935547,2.676132917404175,2.7341339588165283,3.082982063293457,3.0892841815948486,3.4775753021240234,3.573819637298584,3.912709951400757,0.9154044985771179,0.7548349499702454,1.139418125152588,1.2380626201629639,1.5296534299850464,1.763606071472168,1.9734658002853394,2.277531385421753,2.4779491424560547,2.7542006969451904,2.9997317790985107,3.165322780609131,3.4592151641845703,3.516174793243408,3.896496057510376
B9,2.048414945602417,2.1167266368865967,1.7532250881195068,1.8897093534469604,1.5203688144683838,1.610818862915039,1.3034671545028687,1.3936047554016113,1.399053692817688,1.1687182188034058,1.3614977598190308,1.1518278121948242,1.4439181089401245,1.3772932291030884,1.6843366622924805,1.8818132877349854,1.9415545463562012,1.699470043182373,1.3992817401885986,1.1705408096313477,0.8611677885055542,0.5964339971542358,0.3793605864048004,0.0,0.37761741876602173,0.5649303793907166,0.85627681016922,1.10560142993927,1.4132258892059326,1.6768790483474731,3.1928279399871826,3.0005693435668945,2.7730326652526855,2.5044238567352295,2.1550278663635254,2.001086473464966,1.6795079708099365,1.6676843166351318,1.4608837366104126,1.3203942775726318,1.2606340646743774,1.200423240661621,1.3438446521759033,1.3628851175308228,1.6742714643478394,2.06429123878479,1.8047256469726562,1.9823510646820068,2.164921998977661,2.084017753601074,2.423123359680176,2.3231122493743896,2.683211088180542,2.7316603660583496,2.8118648529052734,3.136065721511841,3.1422715187072754,3.5309340953826904,3.608527421951294,3.963521718978882,0.9700979590415955,0.8536887764930725,1.1960455179214478,1.2527624368667603,1.596269130706787,1.8033185005187988,2.067873001098633,2.3491032123565674,2.5907344818115234,2.8632068634033203,3.1438398361206055,3.306410551071167,3.6249399185180664,3.6966681480407715,4.074545383453369
B10,2.288102388381958,2.332862615585327,1.9569321870803833,2.0315113067626953,1.6548683643341064,1.6569430828094482,1.3416532278060913,1.325555682182312,1.2938289642333984,0.9900712966918945,1.1358662843704224,0.8698461055755615,1.1616319417953491,1.1264736652374268,1.3938539028167725,2.0345263481140137,2.13871431350708,1.872740626335144,1.61944580078125,1.3349779844284058,1.0631331205368042,0.7909111976623535,0.5191215872764587,0.37761741876602173,0.0,0.3970002830028534,0.6105421781539917,0.8738174438476562,1.1902285814285278,1.4211369752883911,3.507403612136841,3.318351984024048,3.0998215675354004,2.8282470703125,2.473957061767578,2.347520589828491,2.0169262886047363,2.024383544921875,1.7989243268966675,1.6388142108917236,1.5704660415649414,1.4473578929901123,1.5355708599090576,1.4746074676513672,1.7363868951797485,2.0442190170288086,1.8239611387252808,2.0635416507720947,2.254708766937256,2.2337381839752197,2.582217216491699,2.5290017127990723,2.897775411605835,2.9788506031036377,3.0838310718536377,3.4164721965789795,3.4489905834198,3.837357521057129,3.9374728202819824,4.2887773513793945,1.0608307123184204,1.062978982925415,1.4189403057098389,1.5525240898132324,1.8760895729064941,2.1241636276245117,2.370884656906128,2.6732337474823,2.9133405685424805,3.1736271381378174,3.4455957412719727,3.591832399368286,3.9018900394439697,3.947242021560669,4.32913064956665
B11,2.5391509532928467,2.628549337387085,2.26753306388855,2.3713533878326416,1.9974185228347778,2.0269453525543213,1.7253309488296509,1.711798071861267,1.6839090585708618,1.365151286125183,1.470974326133728,1.1572061777114868,1.3793447017669678,1.2667624950408936,1.469239592552185,2.3970656394958496,2.4828672409057617,2.227198600769043,1.943832278251648,1.6904994249343872,1.3855971097946167,1.1240688562393188,0.8376528024673462,0.5649303793907166,0.3970002830028534,0.0,0.37720778584480286,0.5422340035438538,0.8785695433616638,1.1168646812438965,3.741572380065918,3.556631565093994,3.3264689445495605,3.057831287384033,2.708902597427368,2.5344247817993164,2.2159578800201416,2.160233497619629,1.9282667636871338,1.7059184312820435,1.54567289352417,1.415461778640747,1.4006022214889526,1.3408135175704956,1.5261845588684082,2.433318614959717,2.201870918273926,2.4365453720092773,2.6071090698242188,2.5730366706848145,2.9062466621398926,2.8244144916534424,3.1869280338287354,3.230656623840332,3.3365800380706787,3.649538516998291,3.6663382053375244,4.053267955780029,4.124885082244873,4.48705530166626,1.378990888595581,1.3708126544952393,1.6987448930740356,1.7768841981887817,2.129207134246826,2.3356969356536865,2.6165096759796143,2.890589952468872,3.1442055702209473,3.4147493839263916,3.7037415504455566,3.862471580505371,4.185409069061279,4.252065658569336,4.630724906921387
B12,2.662299633026123,2.7650434970855713,2.4130232334136963,2.4830617904663086,2.1158454418182373,2.1082422733306885,1.8421015739440918,1.772955060005188,1.7827306985855103,1.4311703443527222,1.5457355976104736,1.2302519083023071,1.4586437940597534,1.407446026802063,1.539932131767273,2.5729289054870605,2.69124174118042,2.4534690380096436,2.2050373554229736,1.9153293371200562,1.659686803817749,1.3564720153808594,1.1199562549591064,0.85627681016922,0.6105421781539917,0.37720778584480286,0.0,0.3800148367881775,0.5907902717590332,0.8688926696777344,3.9678292274475098,3.8078970909118652,3.6026742458343506,3.3449254035949707,3.0017611980438232,2.8386123180389404,2.5276248455047607,2.4889726638793945,2.277377128601074,2.0712575912475586,1.9036237001419067,1.786484956741333,1.7463680505752563,1.6782832145690918,1.8117626905441284,2.500028610229492,2.2721362113952637,2.5422935485839844,2.6807799339294434,2.68839430809021,3.0052502155303955,2.9449384212493896,3.307096481323242,3.3559184074401855,3.498347520828247,3.8033182621002197,3.851199150085449,4.23482608795166,4.325954914093018,4.690089225769043,1.463708519935608,1.5489513874053955,1.8472923040390015,1.9710404872894287,2.315061569213867,2.548969268798828,2.8328425884246826,3.1173903942108154,3.394355058670044,3.641770839691162,3.9430079460144043,4.076202869415283,4.405741214752197,4.451582431793213,4.831326007843018
B13,3.01117205619812,3.116421937942505,2.761038064956665,2.841215133666992,2.470111846923828,2.4611361026763916,2.176158905029297,2.0985395908355713,2.0603246688842773,1.7047812938690186,1.7488409280776978,1.3994020223617554,1.5391316413879395,1.414118766784668,1.4799036979675293,2.898261785507202,3.0033695697784424,2.74505352973938,2.476321220397949,2.2069859504699707,1.9142054319381714,1.6487072706222534,1.359421968460083,1.10560142993927,0.8738174438476562,0.5422340035438538,0.3800148367881775,0.0,0.4019927978515625,0.5765207409858704,4.263694763183594,4.088582515716553,3.8613948822021484,3.5951735973358154,3.248044729232788,3.0627336502075195,2.7487618923187256,2.671499729156494,2.433032274246216,2.174942970275879,1.9635030031204224,1.8058884143829346,1.6857550144195557,1.5762746334075928,1.6246181726455688,2.8304316997528076,2.620248556137085,2.89054012298584,3.045280694961548,3.046103000640869,3.3698372840881348,3.30214524269104,3.6640522480010986,3.704000949859619,3.832520008087158,4.135157585144043,4.164038181304932,4.548345565795898,4.618501663208008,4.985665798187256,1.8263684511184692,1.8788158893585205,2.190626621246338,2.2841098308563232,2.6383330821990967,2.8472647666931152,3.138211965560913,3.408668279647827,3.6742053031921387,3.9392895698547363,4.23653507232666,4.38830041885376,4.715917110443115,4.776115894317627,5.155269622802734
