,A1,A2,A3,A4,A5,A6,A7,A8,A9,A10,A11,A12,A13,A14,A15,B1,B2,B3,B4,B5,B6,B7,B8,B9,B10,B11,B12,B13,B14,B15,C1,C2,C3,C4,C5,C6,C7,C8,C9,C10,C11,C12,C13,C14,C15,D1,D2,D3,D4,D5,D6,D7,D8,D9,D10,D11,D12,D13,D14,D15,E1,E2,E3,E4,E5,E6,E7,E8,E9,E10,E11,E12,E13,E14,E15
A1,0.0,0.3751530647277832,0.5666577219963074,0.7793636322021484,1.067996859550476,1.312785267829895,1.6066854000091553,1.8145049810409546,2.1506690979003906,2.2516567707061768,2.2304751873016357,2.1713149547576904,1.97043776512146,1.7427352666854858,1.641320824623108,1.7566546201705933,1.622745156288147,1.2470858097076416,1.3750144243240356,1.13599693775177,1.2718175649642944,1.2859609127044678,1.36709463596344,1.6387443542480469,1.3881301879882812,1.6600295305252075,1.4720923900604248,1.5228629112243652,1.2281384468078613,1.4031516313552856,1.6650298833847046,1.396665096282959,1.2688448429107666,1.4882827997207642,1.3171613216400146,1.6797243356704712,1.6293683052062988,1.9679620265960693,2.115492105484009,1.9535168409347534,2.255556106567383,2.1263444423675537,2.001770496368408,1.6871778964996338,1.9449615478515625,1.2593104839324951,0.9710928201675415,1.1627191305160522,1.3516979217529297,1.4182515144348145,1.7784241437911987,1.8764829635620117,2.2407805919647217,2.408052444458008,2.689432144165039,2.7967755794525146,2.7481586933135986,2.606666326522827,2.390897274017334,2.628878593444824,0.31599271297454834,0.4389304518699646,0.776236355304718,0.9759486317634583,1.2706849575042725,1.5301426649093628,1.810117483139038,2.077052593231201,2.3569416999816895,2.619753837585449,2.6471426486968994,2.5713486671447754,2.5587337017059326,2.284137010574341,2.552259922027588
A2,0.3751530647277832,0.0,0.3870568871498108,0.5924280881881714,0.8550909757614136,1.15328848361969,1.3992661237716675,1.6637455224990845,1.9678980112075806,2.0783541202545166,2.114274263381958,2.0858771800994873,1.9444938898086548,1.7130911350250244,1.6938848495483398,1.392722487449646,1.2477667331695557,0.8744097948074341,1.0349376201629639,0.8323524594306946,1.03916335105896,1.1170061826705933,1.2695307731628418,1.573442816734314,1.398637294769287,1.7266367673873901,1.6126891374588013,1.708146333694458,1.4400086402893066,1.6776831150054932,1.3114584684371948,1.0374324321746826,0.895034909248352,1.1209110021591187,0.9803224205970764,1.358024001121521,1.3634140491485596,1.7020143270492554,1.8934537172317505,1.7558752298355103,2.0834383964538574,1.9707452058792114,1.9127311706542969,1.6140321493148804,1.90775728225708,1.0150469541549683,0.6984740495681763,0.8125907182693481,1.0272727012634277,1.0718477964401245,1.4479626417160034,1.5614174604415894,1.919347882270813,2.1115758419036865,2.371760129928589,2.4534125328063965,2.386883497238159,2.2363245487213135,2.0175654888153076,2.254099130630493,0.3770581781864166,0.21254457533359528,0.4678637385368347,0.7539639472961426,0.9757276773452759,1.290448784828186,1.5338977575302124,1.8229475021362305,2.0975914001464844,2.3381500244140625,2.354501485824585,2.269611358642578,2.230426549911499,1.9653342962265015,2.2373154163360596
A3,0.5666577219963074,0.3870568871498108,0.0,0.3871929943561554,0.5367340445518494,0.8611701130867004,1.0946035385131836,1.346721887588501,1.6536062955856323,1.728362798690796,1.751698613166809,1.7034776210784912,1.5655348300933838,1.3309259414672852,1.3385040760040283,1.5073856115341187,1.271308422088623,0.9180462956428528,1.0598208904266357,0.7713260650634766,1.0240449905395508,0.9951388239860535,1.2192845344543457,1.4587866067886353,1.296920895576477,1.6260855197906494,1.5341157913208008,1.5776500701904297,1.3034534454345703,1.582126259803772,1.3738890886306763,1.0315910577774048,0.973089873790741,1.1019930839538574,0.9983207583427429,1.3448580503463745,1.3366292715072632,1.7031136751174927,1.8613864183425903,1.7946139574050903,2.141477346420288,2.092963457107544,2.060286045074463,1.8008825778961182,2.1250269412994385,0.8214253187179565,0.47556719183921814,0.7121684551239014,0.8317341804504395,0.9887611269950867,1.3144370317459106,1.4817605018615723,1.8156695365905762,2.0268445014953613,2.3191535472869873,2.4198267459869385,2.3514387607574463,2.2427475452423096,1.9882365465164185,2.2424728870391846,0.3493403494358063,0.2508924901485443,0.2869436740875244,0.450660765171051,0.749889612197876,0.9951668381690979,1.2923016548156738,1.5354104042053223,1.8375624418258667,2.078436851501465,2.0895657539367676,2.0140252113342285,2.026470899581909,1.7591551542282104,2.050929546356201
A4,0.7793636322021484,0.5924280881881714,0.3871929943561554,0.0,0.3728291392326355,0.5690039396286011,0.8532260060310364,1.086393117904663,1.403347373008728,1.5551464557647705,1.579731822013855,1.6146705150604248,1.5074920654296875,1.357819676399231,1.40110182762146,1.4823559522628784,1.227150797843933,0.8715014457702637,0.8650590777397156,0.5094045996665955,0.6844680309295654,0.6084506511688232,0.8526852130889893,1.0896354913711548,0.9762198328971863,1.333038330078125,1.31159245967865,1.4189822673797607,1.2130789756774902,1.5439128875732422,1.4742499589920044,1.1283516883850098,0.9827919006347656,0.9944874048233032,0.7981327772140503,1.0875177383422852,1.0074485540390015,1.3783725500106812,1.4994230270385742,1.4500141143798828,1.7968361377716064,1.7842236757278442,1.7699661254882812,1.5513664484024048,1.8987030982971191,1.062457799911499,0.6892914772033691,0.7839677333831787,0.7432138323783875,0.8174774050712585,1.096415638923645,1.2041038274765015,1.548732042312622,1.7166513204574585,2.036032199859619,2.1847407817840576,2.1687800884246826,2.1124954223632812,1.8869622945785522,2.189446210861206,0.6781681776046753,0.3883623480796814,0.41857337951660156,0.28583890199661255,0.5804152488708496,0.7898826599121094,1.0553017854690552,1.3320096731185913,1.5884252786636353,1.8753529787063599,1.9505689144134521,1.942319631576538,1.9894059896469116,1.7738118171691895,2.109020471572876
A5,1.067996859550476,0.8550909757614136,0.5367340445518494,0.3728291392326355,0.0,0.3951486349105835,0.5591927766799927,0.84320068359375,1.1255152225494385,1.2261669635772705,1.2884349822998047,1.3147779703140259,1.264193058013916,1.1085259914398193,1.2406892776489258,1.5023382902145386,1.1810083389282227,0.9008480310440063,0.921738862991333,0.5914618968963623,0.8469153046607971,0.7218295931816101,1.0518698692321777,1.2113330364227295,1.1661872863769531,1.5104039907455444,1.5301355123519897,1.5913286209106445,1.3937326669692993,1.7396780252456665,1.4302114248275757,1.0586771965026855,1.0158894062042236,0.9459208846092224,0.8634037375450134,1.0961625576019287,1.0706249475479126,1.435805082321167,1.5558773279190063,1.593335509300232,1.9530209302902222,1.9958277940750122,2.0339975357055664,1.8519920110702515,2.2124123573303223,0.8957988023757935,0.5825633406639099,0.6919021010398865,0.5259925127029419,0.7399336695671082,0.9356243014335632,1.1314927339553833,1.420931100845337,1.6348767280578613,1.9569801092147827,2.0912599563598633,2.04843807220459,2.017531394958496,1.7550203800201416,2.053905487060547,0.8736640214920044,0.674375593662262,0.47429463267326355,0.10390587896108627,0.35371363162994385,0.4663342535495758,0.7885319590568542,1.0131769180297852,1.3111897706985474,1.5707817077636719,1.6194872856140137,1.6051690578460693,1.686094880104065,1.4736517667770386,1.8188385963439941
A6,1.312785267829895,1.15328848361969,0.8611701130867004,0.5690039396286011,0.3951486349105835,0.0,0.3646124601364136,0.5185298323631287,0.84916090965271,1.0351279973983765,1.0513060092926025,1.168358325958252,1.1345957517623901,1.1023437976837158,1.2426533699035645,1.7452442646026611,1.4228113889694214,1.1680704355239868,1.0626041889190674,0.72622150182724,0.8157159686088562,0.5469754934310913,0.8627221584320068,0.9140464663505554,0.9290767312049866,1.2475852966308594,1.3379651308059692,1.4145894050598145,1.2951669692993164,1.6670526266098022,1.754644513130188,1.3958685398101807,1.3087430000305176,1.1550483703613281,1.0079425573349,1.128175139427185,0.9987754821777344,1.339121699333191,1.367906928062439,1.4544917345046997,1.7916165590286255,1.891963005065918,1.9327958822250366,1.807249665260315,2.1702539920806885,1.2707436084747314,0.9767629504203796,1.0438635349273682,0.7804815173149109,0.9078428745269775,0.9768462777137756,1.0972377061843872,1.3577618598937988,1.5045113563537598,1.8688836097717285,2.0695066452026367,2.089540481567383,2.128842353820801,1.896570086479187,2.2311084270477295,1.1659846305847168,0.9494954347610474,0.842961847782135,0.45993855595588684,0.5703335404396057,0.4317150115966797,0.7094280123710632,0.8976570963859558,1.133779764175415,1.4588826894760132,1.5893603563308716,1.6645376682281494,1.8135619163513184,1.661391019821167,2.0305328369140625
A7,1.6066854000091553,1.3992661237716675,1.0946035385131836,0.8532260060310364,0.5591927766799927,0.3646124601364136,0.0,0.3726140260696411,0.5757007598876953,0.7457253932952881,0.8674088716506958,1.0305278301239014,1.1134768724441528,1.10325026512146,1.3415257930755615,1.7313716411590576,1.3772845268249512,1.2135796546936035,1.114539623260498,0.8581120371818542,0.995822012424469,0.7879146337509155,1.1284798383712769,1.146366834640503,1.241759181022644,1.5428850650787354,1.6717299222946167,1.7385748624801636,1.6324292421340942,2.0023250579833984,1.723386526107788,1.3789514303207397,1.351569652557373,1.125044822692871,1.0747721195220947,1.117807388305664,1.0592344999313354,1.3580677509307861,1.3993581533432007,1.5644724369049072,1.9026811122894287,2.045559883117676,2.14639949798584,2.0521202087402344,2.4221816062927246,1.2700914144515991,1.0538369417190552,1.0638378858566284,0.7166613340377808,0.8823466300964355,0.8208563327789307,1.0030392408370972,1.1783000230789185,1.364681601524353,1.7145137786865234,1.895825743675232,1.896476149559021,1.9688668251037598,1.720570683479309,2.0503990650177,1.424066185951233,1.2133382558822632,1.0055464506149292,0.6516009569168091,0.5624631643295288,0.20006579160690308,0.4249165654182434,0.5359898209571838,0.8021817207336426,1.1053036451339722,1.2309439182281494,1.3286246061325073,1.513631820678711,1.400174617767334,1.7766700983047485
A8,1.8145049810409546,1.6637455224990845,1.346721887588501,1.086393117904663,0.84320068359375,0.5185298323631287,0.3726140260696411,0.0,0.3718946576118469,0.603338897228241,0.6063221096992493,0.8565613627433777,0.9469502568244934,1.0626232624053955,1.2871819734573364,2.087090253829956,1.739466667175293,1.5675749778747559,1.4317317008972168,1.1590520143508911,1.2054616212844849,0.9172235131263733,1.1828360557556152,1.0794888734817505,1.1929423809051514,1.4214527606964111,1.5833086967468262,1.619218111038208,1.5712482929229736,1.936108946800232,2.0958573818206787,1.7494890689849854,1.7105107307434082,1.4804104566574097,1.390889048576355,1.3947724103927612,1.2637618780136108,1.5277339220046997,1.4794142246246338,1.673309326171875,1.974765419960022,2.156024217605591,2.2367961406707764,2.1778318881988525,2.53741455078125,1.5880167484283447,1.374793529510498,1.4258449077606201,1.0883926153182983,1.2315964698791504,1.1325668096542358,1.2518534660339355,1.3862147331237793,1.5027787685394287,1.8751212358474731,2.104942560195923,2.1492977142333984,2.267061710357666,2.037825345993042,2.375608444213867,1.6456962823867798,1.461836576461792,1.3144617080688477,0.9336056113243103,0.9235536456108093,0.570557177066803,0.7030906081199646,0.6736044883728027,0.8418105244636536,1.1781463623046875,1.36074697971344,1.5231519937515259,1.7700505256652832,1.6896435022354126,2.059338331222534
A9,2.1506690979003906,1.9678980112075806,1.6536062955856323,1.403347373008728,1.1255152225494385,0.84916090965271,0.5757007598876953,0.3718946576118469,0.0,0.39570462703704834,0.5460725426673889,0.8840846419334412,1.0997579097747803,1.2508832216262817,1.5325205326080322,2.1907639503479004,1.8364752531051636,1.738081693649292,1.5924794673919678,1.3840842247009277,1.4373329877853394,1.1937437057495117,1.4614744186401367,1.3394138813018799,1.5136374235153198,1.7247833013534546,1.921007752418518,1.9627444744110107,1.9340498447418213,2.295238494873047,2.2071475982666016,1.8872965574264526,1.8779324293136597,1.5977444648742676,1.5642637014389038,1.495615005493164,1.405941367149353,1.6095632314682007,1.5524784326553345,1.811262607574463,2.095355272293091,2.3174219131469727,2.4473183155059814,2.4234156608581543,2.7838571071624756,1.763210415840149,1.60196053981781,1.6050474643707275,1.2351113557815552,1.3663980960845947,1.1636779308319092,1.28797447681427,1.3173859119415283,1.4317512512207031,1.7777105569839478,2.0004546642303467,2.04679536819458,2.2120521068573,1.9904638528823853,2.3192648887634277,1.9686757326126099,1.7753239870071411,1.5798914432525635,1.2205241918563843,1.1158279180526733,0.7348557710647583,0.707492470741272,0.5121480822563171,0.5748932361602783,0.8846017718315125,1.103868842124939,1.3315478563308716,1.6259709596633911,1.6130013465881348,1.9724948406219482
A10,2.2516567707061768,2.0783541202545166,1.728362798690796,1.5551464557647705,1.2261669635772705,1.0351279973983765,0.7457253932952881,0.603338897228241,0.39570462703704834,0.0,0.3612317442893982,0.6068339347839355,0.9127522110939026,1.0529686212539673,1.3858877420425415,2.3360657691955566,1.964586853981018,1.8829690217971802,1.8106553554534912,1.595192313194275,1.7203701734542847,1.4825352430343628,1.7751051187515259,1.6718746423721313,1.7919248342514038,1.9980789422988892,2.1484358310699463,2.1289427280426025,2.0617406368255615,2.404592275619507,2.261962413787842,1.9390920400619507,2.0038914680480957,1.753804326057434,1.7807873487472534,1.7593305110931396,1.719516396522522,1.9471845626831055,1.9256696701049805,2.1728920936584473,2.4721429347991943,2.6777007579803467,2.7988593578338623,2.746831178665161,3.11186146736145,1.6994588375091553,1.6139575242996216,1.666996717453003,1.3258955478668213,1.5412076711654663,1.3627005815505981,1.5620514154434204,1.5782344341278076,1.7470117807388306,2.0639469623565674,2.2381668090820312,2.229703903198242,2.371168375015259,2.110948324203491,2.4006738662719727,2.0264525413513184,1.8946527242660522,1.665162444114685,1.3294905424118042,1.2434991598129272,0.8577266335487366,0.899279773235321,0.602636992931366,0.7652084827423096,0.928048312664032,1.030619740486145,1.204081416130066,1.5381669998168945,1.506421446800232,1.8307127952575684
A11,2.2304751873016357,2.114274263381958,1.751698613166809,1.579731822013855,1.2884349822998047,1.0513060092926025,0.8674088716506958,0.6063221096992493,0.5460725426673889,0.3612317442893982,0.0,0.3916654586791992,0.6517257690429688,0.9000962376594543,1.183038592338562,2.5644185543060303,2.1960642337799072,2.059499979019165,1.9810785055160522,1.7146815061569214,1.8046377897262573,1.5136432647705078,1.7616856098175049,1.6102826595306396,1.6875430345535278,1.840036153793335,1.9719158411026,1.9051129817962646,1.859047532081604,2.181224822998047,2.486623764038086,2.140643358230591,2.1848771572113037,1.966374397277832,1.942080020904541,1.9517617225646973,1.8568525314331055,2.103638172149658,2.042041063308716,2.26458740234375,2.550520181655884,2.7511038780212402,2.8277812004089355,2.7721540927886963,3.127084732055664,1.832651138305664,1.7189762592315674,1.8322540521621704,1.5145856142044067,1.736270546913147,1.6079890727996826,1.7800849676132202,1.8408938646316528,1.9747982025146484,2.3199236392974854,2.5263521671295166,2.541004180908203,2.6770973205566406,2.419926404953003,2.720311164855957,2.015455961227417,1.9186577796936035,1.7468481063842773,1.3887090682983398,1.3954188823699951,1.0163809061050415,1.1400550603866577,0.9118583798408508,1.0641010999679565,1.2726736068725586,1.3914399147033691,1.5530319213867188,1.880257248878479,1.8176181316375732,2.138432741165161
A12,2.1713149547576904,2.0858771800994873,1.7034776210784912,1.6146705150604248,1.3147779703140259,1.168358325958252,1.0305278301239014,0.8565613627433777,0.8840846419334412,0.6068339347839355,0.3916654586791992,0.0,0.37009695172309875,0.5924215912818909,0.8978821039199829,2.652331590652466,2.2808475494384766,2.1278765201568604,2.1155388355255127,1.8291083574295044,1.9728766679763794,1.6886043548583984,1.9485825300216675,1.8339264392852783,1.8404631614685059,1.9945378303527832,2.0600037574768066,1.9327822923660278,1.833946704864502,2.1247262954711914,2.4964685440063477,2.143240451812744,2.234861373901367,2.0701684951782227,2.071465492248535,2.1448974609375,2.0764801502227783,2.3603320121765137,2.3340237140655518,2.5225064754486084,2.8281009197235107,2.9954025745391846,3.045867919921875,2.9502811431884766,3.3046910762786865,1.7162678241729736,1.653611183166504,1.8343435525894165,1.5735374689102173,1.8549842834472656,1.7875175476074219,2.006608724594116,2.098311424255371,2.273077964782715,2.611574172973633,2.786212205886841,2.759610652923584,2.8532280921936035,2.5655646324157715,2.837825059890747,1.9267057180404663,1.903161644935608,1.7312310934066772,1.4112584590911865,1.4731134176254272,1.1361359357833862,1.3390215635299683,1.1271839141845703,1.3569399118423462,1.5177792310714722,1.5515893697738647,1.6301159858703613,1.9401901960372925,1.8239657878875732,2.110124111175537
A13,1.97043776512146,1.9444938898086548,1.5655348300933838,1.5074920654296875,1.264193058013916,1.1345957517623901,1.1134768724441528,0.9469502568244934,1.0997579097747803,0.9127522110939026,0.6517257690429688,0.37009695172309875,0.0,0.37862133979797363,0.5677068829536438,2.704357385635376,2.3458869457244873,2.1381165981292725,2.139711618423462,1.8152804374694824,1.9473239183425903,1.6450251340866089,1.8697102069854736,1.7612929344177246,1.6961898803710938,1.8241631984710693,1.8341385126113892,1.6586339473724365,1.539371132850647,1.8021897077560425,2.5386881828308105,2.1703193187713623,2.24169921875,2.1269099712371826,2.0874454975128174,2.2111735343933105,2.1133391857147217,2.4250991344451904,2.3955085277557373,2.5362496376037598,2.8407232761383057,2.9766833782196045,2.9798638820648193,2.8588483333587646,3.200202703475952,1.6919126510620117,1.598406434059143,1.8364559412002563,1.6240423917770386,1.9080743789672852,1.9104771614074707,2.1163330078125,2.2656116485595703,2.4315454959869385,2.7884747982025146,2.9749624729156494,2.954099416732788,3.019535779953003,2.7307372093200684,3.009232997894287,1.7378274202346802,1.7626436948776245,1.6531001329421997,1.3467695713043213,1.5005731582641602,1.2166922092437744,1.489277958869934,1.3562381267547607,1.6107923984527588,1.8162553310394287,1.857029676437378,1.9096057415008545,2.184624671936035,2.024320602416992,2.3129570484161377
A14,1.7427352666854858,1.7130911350250244,1.3309259414672852,1.357819676399231,1.1085259914398193,1.1023437976837158,1.10325026512146,1.0626232624053955,1.2508832216262817,1.0529686212539673,0.9000962376594543,0.5924215912818909,0.37862133979797363,0.0,0.37728267908096313,2.512136220932007,2.161740779876709,1.948869228363037,2.0136423110961914,1.6949751377105713,1.8884174823760986,1.6293445825576782,1.8840957880020142,1.8501348495483398,1.749107837677002,1.9275089502334595,1.891478419303894,1.721092939376831,1.5284773111343384,1.783604383468628,2.2887580394744873,1.9244014024734497,2.032116174697876,1.9678384065628052,1.9601662158966064,2.13748836517334,2.0835816860198975,2.421005964279175,2.4460177421569824,2.5549306869506836,2.8836872577667236,2.9820995330810547,2.9814364910125732,2.821129560470581,3.164588212966919,1.3777521848678589,1.324265718460083,1.603263258934021,1.4536893367767334,1.7740799188613892,1.8343372344970703,2.078237295150757,2.255742311477661,2.464500665664673,2.8052446842193604,2.95292592048645,2.892083168029785,2.909944772720337,2.6017677783966064,2.854595184326172,1.4796698093414307,1.5533866882324219,1.4249075651168823,1.1808174848556519,1.358513355255127,1.1471478939056396,1.463519811630249,1.3750430345535278,1.688234567642212,1.8687289953231812,1.8520231246948242,1.8321596384048462,2.0575995445251465,1.8470008373260498,2.1139941215515137
A15,1.641320824623108,1.6938848495483398,1.3385040760040283,1.40110182762146,1.2406892776489258,1.2426533699035645,1.3415257930755615,1.2871819734573364,1.5325205326080322,1.3858877420425415,1.183038592338562,0.8978821039199829,0.5677068829536438,0.37728267908096313,0.0,2.680147647857666,2.351531982421875,2.09201717376709,2.1618645191192627,1.818127155303955,1.98384690284729,1.7148385047912598,1.9164104461669922,1.8831028938293457,1.7129095792770386,1.8485411405563354,1.7484644651412964,1.5206917524337769,1.304559588432312,1.5044841766357422,2.457915782928467,2.0906221866607666,2.1703104972839355,2.1535401344299316,2.1023731231689453,2.315563678741455,2.229617118835449,2.5799317359924316,2.593087911605835,2.6586170196533203,2.975919008255005,3.0459911823272705,2.996389627456665,2.815760612487793,3.1382477283477783,1.5219333171844482,1.4366190433502197,1.7581934928894043,1.6601791381835938,1.9613003730773926,2.074000358581543,2.292335033416748,2.5096521377563477,2.699413537979126,3.053213357925415,3.2155866622924805,3.1667723655700684,3.167001724243164,2.86561918258667,3.1227619647979736,1.4056919813156128,1.5431632995605469,1.501094102859497,1.2905120849609375,1.5462870597839355,1.389420986175537,1.7321686744689941,1.6930570602416992,2.0003085136413574,2.212578773498535,2.2129344940185547,2.1905088424682617,2.3951992988586426,2.163848400115967,2.426466703414917
B1,1.7566546201705933,1.392722487449646,1.5073856115341187,1.4823559522628784,1.5023382902145386,1.7452442646026611,1.7313716411590576,2.087090253829956,2.1907639503479004,2.3360657691955566,2.5644185543060303,2.652331590652466,2.704357385635376,2.512136220932007,2.680147647857666,0.0,0.3771362006664276,0.6161543726921082,0.7691642045974731,1.0849870443344116,1.306140422821045,1.6058534383773804,1.8302327394485474,2.1446762084960938,2.212160348892212,2.587221384048462,2.6454365253448486,2.8473880290985107,2.664538860321045,2.9683897495269775,0.5524151921272278,0.6987706422805786,0.5359592437744141,0.6069933176040649,0.8161530494689941,0.9281970262527466,1.252948522567749,1.364250898361206,1.7253203392028809,1.6730329990386963,1.9717788696289062,1.8947616815567017,2.0830492973327637,1.9079315662384033,2.1896142959594727,1.4013017416000366,1.2984037399291992,0.9365270733833313,1.0838513374328613,0.858198881149292,1.0599256753921509,1.1253582239151,1.310530424118042,1.5597968101501465,1.5847268104553223,1.4546550512313843,1.2722866535186768,0.9828554391860962,0.8547147512435913,1.004442811012268,1.7111427783966064,1.4441335201263428,1.2438324689865112,1.4531793594360352,1.2220587730407715,1.5598596334457397,1.4872243404388428,1.792941927909851,1.9321484565734863,2.010669708251953,1.978401780128479,1.8612604141235352,1.6311912536621094,1.5020790100097656,1.6960115432739258
B2,1.622745156288147,1.2477667331695557,1.271308422088623,1.227150797843933,1.1810083389282227,1.4228113889694214,1.3772845268249512,1.739466667175293,1.8364752531051636,1.964586853981018,2.1960642337799072,2.2808475494384766,2.3458869457244873,2.161740779876709,2.351531982421875,0.3771362006664276,0.0,0.3892250061035156,0.5756449103355408,0.8347401022911072,1.11835777759552,1.363844394683838,1.640643835067749,1.9245134592056274,1.997968077659607,2.377354145050049,2.4451394081115723,2.620427131652832,2.4366912841796875,2.7589211463928223,0.529741644859314,0.4738800823688507,0.3683776259422302,0.28354305028915405,0.6119376420974731,0.7492470741271973,1.0766775608062744,1.2545881271362305,1.5899052619934082,1.5939061641693115,1.9288718700408936,1.9048748016357422,2.088155746459961,1.9204049110412598,2.2416229248046875,1.1292638778686523,1.0176960229873657,0.6381179094314575,0.7221050262451172,0.5353131890296936,0.7412726283073425,0.8964585661888123,1.096750259399414,1.3918390274047852,1.4857292175292969,1.4040582180023193,1.226982831954956,1.0153471231460571,0.7839866876602173,1.0158817768096924,1.5253771543502808,1.2546703815460205,0.9890930652618408,1.1466578245162964,0.8774237632751465,1.1991699934005737,1.1351957321166992,1.4314594268798828,1.5991230010986328,1.6859915256500244,1.6508737802505493,1.5392893552780151,1.3521323204040527,1.2042545080184937,1.4524400234222412
B3,1.2470858097076416,0.8744097948074341,0.9180462956428528,0.8715014457702637,0.9008480310440063,1.1680704355239868,1.2135796546936035,1.5675749778747559,1.738081693649292,1.8829690217971802,2.059499979019165,2.1278765201568604,2.1381165981292725,1.948869228363037,2.09201717376709,0.6161543726921082,0.3892250061035156,0.0,0.3849029242992401,0.5296825170516968,0.847127377986908,1.083357572555542,1.3475154638290405,1.6538476943969727,1.6766526699066162,2.0563197135925293,2.0932118892669678,2.2634429931640625,2.06978178024292,2.3830134868621826,0.7018234133720398,0.47499608993530273,0.16323116421699524,0.2804699242115021,0.3807363510131836,0.7026630640029907,0.9294180870056152,1.1936522722244263,1.4960027933120728,1.4507967233657837,1.8025716543197632,1.7538918256759644,1.8747622966766357,1.6692314147949219,2.000905752182007,0.9902865290641785,0.7677321434020996,0.4327455163002014,0.5770055055618286,0.4020501673221588,0.7721310257911682,0.9069878458976746,1.2092506885528564,1.4640322923660278,1.6397602558135986,1.6422070264816284,1.5306459665298462,1.3635740280151367,1.1486420631408691,1.4037535190582275,1.167967677116394,0.8737408518791199,0.6499156355857849,0.8431136012077332,0.6667075753211975,1.0459120273590088,1.082310438156128,1.4127660989761353,1.6195409297943115,1.7827998399734497,1.7848907709121704,1.699198603630066,1.5805637836456299,1.3889118432998657,1.671878457069397
B4,1.3750144243240356,1.0349376201629639,1.0598208904266357,0.8650590777397156,0.921738862991333,1.0626041889190674,1.114539623260498,1.4317317008972168,1.5924794673919678,1.8106553554534912,1.9810785055160522,2.1155388355255127,2.139711618423462,2.0136423110961914,2.1618645191192627,0.7691642045974731,0.5756449103355408,0.3849029242992401,0.0,0.3722977340221405,0.5508970618247986,0.8407273292541504,1.0787465572357178,1.378447413444519,1.4637986421585083,1.8385066986083984,1.9308377504348755,2.147845983505249,2.0089147090911865,2.341184616088867,1.0358566045761108,0.837907075881958,0.5295507907867432,0.34861189126968384,0.06725393235683441,0.34969618916511536,0.5530651211738586,0.8121444582939148,1.1130553483963013,1.0760794878005981,1.4311522245407104,1.4149516820907593,1.5696585178375244,1.4132136106491089,1.7607372999191284,1.2928608655929565,1.019392967224121,0.7281922698020935,0.6706535220146179,0.326092392206192,0.6091280579566956,0.6020945906639099,0.9516260027885437,1.1446895599365234,1.3521928787231445,1.423932433128357,1.3973051309585571,1.3083884716033936,1.155085802078247,1.4774055480957031,1.337026834487915,0.9810572862625122,0.828197717666626,0.8758489489555359,0.6716247200965881,0.9880884885787964,0.9523839354515076,1.3180454969406128,1.4560602903366089,1.669256329536438,1.7497308254241943,1.745375394821167,1.67475163936615,1.5470095872879028,1.8684349060058594
B5,1.13599693775177,0.8323524594306946,0.7713260650634766,0.5094045996665955,0.5914618968963623,0.72622150182724,0.8581120371818542,1.1590520143508911,1.3840842247009277,1.595192313194275,1.7146815061569214,1.8291083574295044,1.8152804374694824,1.6949751377105713,1.818127155303955,1.0849870443344116,0.8347401022911072,0.5296825170516968,0.3722977340221405,0.0,0.3871263563632965,0.5546278357505798,0.844531238079071,1.1298648118972778,1.1662606000900269,1.546367883682251,1.6175732612609863,1.8044377565383911,1.6557546854019165,1.9963067770004272,1.2189483642578125,0.9254872798919678,0.6849801540374756,0.5705260634422302,0.3074916899204254,0.5844188332557678,0.5890001058578491,0.9469048380851746,1.1520991325378418,1.1244240999221802,1.492207646369934,1.4953917264938354,1.5824767351150513,1.4069335460662842,1.771223545074463,1.1639220714569092,0.8301980495452881,0.6667791604995728,0.5537669658660889,0.3893810212612152,0.6872029304504395,0.7415181994438171,1.1061805486679077,1.2842135429382324,1.5673046112060547,1.6949011087417603,1.6860593557357788,1.633302927017212,1.4421976804733276,1.768040657043457,1.074594497680664,0.7150709629058838,0.5885447859764099,0.5398553013801575,0.4452490210533142,0.7525619268417358,0.83790123462677,1.193252682685852,1.382187008857727,1.6464521884918213,1.7402948141098022,1.7499518394470215,1.7465780973434448,1.585532546043396,1.9305298328399658
B6,1.2718175649642944,1.03916335105896,1.0240449905395508,0.6844680309295654,0.8469153046607971,0.8157159686088562,0.995822012424469,1.2054616212844849,1.4373329877853394,1.7203701734542847,1.8046377897262573,1.9728766679763794,1.9473239183425903,1.8884174823760986,1.98384690284729,1.306140422821045,1.11835777759552,0.847127377986908,0.5508970618247986,0.3871263563632965,0.0,0.36370572447776794,0.5283677577972412,0.8446348905563354,0.933103621006012,1.29967200756073,1.4211972951889038,1.674030065536499,1.5925710201263428,1.9319088459014893,1.5465068817138672,1.2888399362564087,0.9975713491439819,0.8609956502914429,0.5085204243659973,0.5988883972167969,0.37677377462387085,0.721259593963623,0.8568055033683777,0.7782520651817322,1.1380627155303955,1.152008295059204,1.229217767715454,1.0934250354766846,1.4657502174377441,1.5403757095336914,1.1911118030548096,1.0522129535675049,0.9115357398986816,0.693486750125885,0.8656002283096313,0.7539272904396057,1.1227551698684692,1.1867867708206177,1.4953393936157227,1.6940555572509766,1.768228530883789,1.7649950981140137,1.6382653713226318,1.9888405799865723,1.2848633527755737,0.9125319123268127,0.9165627360343933,0.8048155903816223,0.7693242430686951,0.9605026245117188,0.9940177798271179,1.3465185165405273,1.457807183265686,1.7707995176315308,1.9341495037078857,2.006456136703491,2.0312108993530273,1.9112011194229126,2.2677834033966064
B7,1.2859609127044678,1.1170061826705933,0.9951388239860535,0.6084506511688232,0.7218295931816101,0.5469754934310913,0.7879146337509155,0.9172235131263733,1.1937437057495117,1.4825352430343628,1.5136432647705078,1.6886043548583984,1.6450251340866089,1.6293445825576782,1.7148385047912598,1.6058534383773804,1.363844394683838,1.083357572555542,0.8407273292541504,0.5546278357505798,0.36370572447776794,0.0,0.37067916989326477,0.5803167819976807,0.6658898591995239,1.0344434976577759,1.1770575046539307,1.3972125053405762,1.3383420705795288,1.6987155675888062,1.7718112468719482,1.4650840759277344,1.2380931377410889,1.0862727165222168,0.7898702621459961,0.8634411692619324,0.604520857334137,0.9346105456352234,0.9491796493530273,0.9473344087600708,1.2803462743759155,1.3529316186904907,1.3872840404510498,1.2775585651397705,1.6433318853378296,1.560935378074646,1.2086358070373535,1.1634467840194702,0.9581910371780396,0.8634518980979919,0.9718836545944214,0.914356529712677,1.2417140007019043,1.2943775653839111,1.6536431312561035,1.8913705348968506,1.9764031171798706,2.014052391052246,1.857514500617981,2.216191053390503,1.263905644416809,0.9388088583946228,0.9543924927711487,0.7085586786270142,0.7601097226142883,0.8173291683197021,0.919079065322876,1.21784245967865,1.34282648563385,1.6942583322525024,1.879828929901123,1.9822239875793457,2.073183536529541,1.9510365724563599,2.323206901550293
B8,1.36709463596344,1.2695307731628418,1.2192845344543457,0.8526852130889893,1.0518698692321777,0.8627221584320068,1.1284798383712769,1.1828360557556152,1.4614744186401367,1.7751051187515259,1.7616856098175049,1.9485825300216675,1.8697102069854736,1.8840957880020142,1.9164104461669922,1.8302327394485474,1.640643835067749,1.3475154638290405,1.0787465572357178,0.844531238079071,0.5283677577972412,0.37067916989326477,0.0,0.37581679224967957,0.4498597979545593,0.7869095206260681,0.9587671160697937,1.256603479385376,1.2650339603424072,1.5961188077926636,2.0486764907836914,1.763922929763794,1.4935740232467651,1.3759702444076538,1.033637285232544,1.0809708833694458,0.7552638649940491,0.9975652098655701,0.928708553314209,0.8331279158592224,1.1011781692504883,1.149732232093811,1.1101893186569214,1.022615909576416,1.367849349975586,1.8795746564865112,1.5120095014572144,1.478026270866394,1.3134512901306152,1.180249810218811,1.2927448749542236,1.160416841506958,1.4793535470962524,1.4520800113677979,1.8027263879776,2.073805570602417,2.2047536373138428,2.250244140625,2.1349220275878906,2.4967381954193115,1.4213687181472778,1.109505534172058,1.2274929285049438,1.0254935026168823,1.1210719347000122,1.1802468299865723,1.2668207883834839,1.5528428554534912,1.634824275970459,2.0021183490753174,2.2170040607452393,2.3399980068206787,2.431222438812256,2.3167078495025635,2.6876730918884277
B9,1.6387443542480469,1.573442816734314,1.4587866067886353,1.0896354913711548,1.2113330364227295,0.9140464663505554,1.146366834640503,1.0794888734817505,1.3394138813018799,1.6718746423721313,1.6102826595306396,1.8339264392852783,1.7612929344177246,1.8501348495483398,1.8831028938293457,2.1446762084960938,1.9245134592056274,1.6538476943969727,1.378447413444519,1.1298648118972778,0.8446348905563354,0.5803167819976807,0.37581679224967957,0.0,0.3716915249824524,0.5866327881813049,0.8712285757064819,1.149186611175537,1.2426164150238037,1.5749479532241821,2.3481945991516113,2.0452253818511963,1.8073084354400635,1.6479727029800415,1.3354218006134033,1.3264719247817993,0.9850339889526367,1.1765714883804321,0.9994551539421082,0.9997023344039917,1.2048100233078003,1.3354201316833496,1.2975083589553833,1.2861524820327759,1.598392128944397,2.0935678482055664,1.7414690256118774,1.737804889678955,1.5168859958648682,1.4266282320022583,1.460777997970581,1.329941749572754,1.589823603630066,1.5210293531417847,1.8963922262191772,2.208789110183716,2.369567394256592,2.466324806213379,2.349600076675415,2.7231295108795166,1.665360450744629,1.3924167156219482,1.4876518249511719,1.2130876779556274,1.3098499774932861,1.2558650970458984,1.3318108320236206,1.549060583114624,1.5897068977355957,1.977918267250061,2.2302191257476807,2.3997085094451904,2.545238971710205,2.456063747406006,2.8369932174682617
B10,1.3881301879882812,1.398637294769287,1.296920895576477,0.9762198328971863,1.1661872863769531,0.9290767312049866,1.241759181022644,1.1929423809051514,1.5136374235153198,1.7919248342514038,1.6875430345535278,1.8404631614685059,1.6961898803710938,1.749107837677002,1.7129095792770386,2.212160348892212,1.997968077659607,1.6766526699066162,1.4637986421585083,1.1662606000900269,0.933103621006012,0.6658898591995239,0.4498597979545593,0.3716915249824524,0.0,0.38034260272979736,0.5404782891273499,0.8235589861869812,0.892785906791687,1.216896414756775,2.3621482849121094,2.044546127319336,1.8160898685455322,1.7288036346435547,1.4100943803787231,1.4976792335510254,1.1849803924560547,1.4314020872116089,1.312359094619751,1.2419750690460205,1.4535390138626099,1.5057016611099243,1.3848614692687988,1.29367196559906,1.5880210399627686,2.0174334049224854,1.6563607454299927,1.7187548875808716,1.559347152709961,1.5150120258331299,1.6306967735290527,1.550251841545105,1.8508813381195068,1.8277263641357422,2.198695659637451,2.483771324157715,2.610492467880249,2.663541316986084,2.5213277339935303,2.8801307678222656,1.4405930042266846,1.2214449644088745,1.3930399417877197,1.151516079902649,1.3475748300552368,1.3350194692611694,1.4980977773666382,1.7191364765167236,1.8262791633605957,2.2073888778686523,2.4215948581695557,2.549863338470459,2.685372829437256,2.5508460998535156,2.9219799041748047
B11,1.6600295305252075,1.7266367673873901,1.6260855197906494,1.333038330078125,1.5104039907455444,1.2475852966308594,1.5428850650787354,1.4214527606964111,1.7247833013534546,1.9980789422988892,1.840036153793335,1.9945378303527832,1.8241631984710693,1.9275089502334595,1.8485411405563354,2.587221384048462,2.377354145050049,2.0563197135925293,1.8385066986083984,1.546367883682251,1.29967200756073,1.0344434976577759,0.7869095206260681,0.5866327881813049,0.38034260272979736,0.0,0.3649430274963379,0.6647036671638489,0.8794010281562805,1.1329654455184937,2.7407779693603516,2.420874834060669,2.1944854259490967,2.107356309890747,1.786311388015747,1.8537765741348267,1.5237716436386108,1.7289131879806519,1.552547812461853,1.4836479425430298,1.6243873834609985,1.6880217790603638,1.5191482305526733,1.4712927341461182,1.707311987876892,2.3580965995788574,2.0041322708129883,2.090111017227173,1.9262144565582275,1.8911110162734985,1.9855669736862183,1.8903634548187256,2.1677234172821045,2.107386827468872,2.4804532527923584,2.790680408477783,2.942624568939209,3.0161564350128174,2.883864402770996,3.2475576400756836,1.7302310466766357,1.5557215213775635,1.7500107288360596,1.5024617910385132,1.7114413976669312,1.6604679822921753,1.8209189176559448,2.0045042037963867,2.0862274169921875,2.474848747253418,2.709329843521118,2.860611915588379,3.0218417644500732,2.8953394889831543,3.268367052078247
B12,1.4720923900604248,1.6126891374588013,1.5341157913208008,1.31159245967865,1.5301355123519897,1.3379651308059692,1.6717299222946167,1.5833086967468262,1.921007752418518,2.1484358310699463,1.9719158411026,2.0600037574768066,1.8341385126113892,1.891478419303894,1.7484644651412964,2.6454365253448486,2.4451394081115723,2.0932118892669678,1.9308377504348755,1.6175732612609863,1.4211972951889038,1.1770575046539307,0.9587671160697937,0.8712285757064819,0.5404782891273499,0.3649430274963379,0.0,0.38729891180992126,0.5853031873703003,0.791763186454773,2.751706838607788,2.4281551837921143,2.2153077125549316,2.188063859939575,1.8727858066558838,2.008368730545044,1.7069270610809326,1.9507893323898315,1.8242324590682983,1.7139869928359985,1.8738603591918945,1.8790353536605835,1.6639348268508911,1.5473500490188599,1.7613259553909302,2.3074331283569336,1.9585615396499634,2.094265937805176,1.9873521327972412,1.9849038124084473,2.138822078704834,2.0807132720947266,2.3884785175323486,2.3667726516723633,2.7362124919891357,3.0208122730255127,3.141791582107544,3.176821231842041,3.0244128704071045,3.3723626136779785,1.567085862159729,1.4595649242401123,1.7086386680603027,1.5086157321929932,1.7789415121078491,1.767869234085083,1.9833333492279053,2.174543619155884,2.307135820388794,2.685708522796631,2.8851661682128906,2.9976987838745117,3.1435353755950928,2.9799935817718506,3.339613199234009
B13,1.5228629112243652,1.708146333694458,1.5776500701904297,1.4189822673797607,1.5913286209106445,1.4145894050598145,1.7385748624801636,1.619218111038208,1.9627444744110107,2.1289427280426025,1.9051129817962646,1.9327822923660278,1.6586339473724365,1.721092939376831,1.5206917524337769,2.8473880290985107,2.620427131652832,2.2634429931640625,2.147845983505249,1.8044377565383911,1.674030065536499,1.3972125053405762,1.256603479385376,1.149186611175537,0.8235589861869812,0.6647036671638489,0.38729891180992126,0.0,0.3522789776325226,0.5066235065460205,2.8856682777404785,2.542614698410034,2.378450632095337,2.3660061359405518,2.0854098796844482,2.2498230934143066,1.9736528396606445,2.247816801071167,2.1325864791870117,2.054138422012329,2.2364659309387207,2.2519006729125977,2.04553484916687,1.911434292793274,2.1275060176849365,2.312833786010742,1.9958659410476685,2.1926205158233643,2.093071222305298,2.1557774543762207,2.312822103500366,2.306215524673462,2.606515407562256,2.6178197860717773,2.9982590675354004,3.273149013519287,3.369330644607544,3.399629592895508,3.2154014110565186,3.5535545349121094,1.5756816864013672,1.552396297454834,1.7896220684051514,1.5804227590560913,1.8878896236419678,1.8414376974105835,2.1016135215759277,2.2470579147338867,2.4129130840301514,2.778132677078247,2.952738046646118,3.04951810836792,3.217581033706665,3.0352213382720947,3.3829495906829834
