,A1,A2,A3,A4,A5,A6,A7,A8,A9,A10,A11,A12,A13,A14,A15,B1,B2,B3,B4,B5,B6,B7,B8,B9,B10,B11,B12,B13,B14,B15,C1,C2,C3,C4,C5,C6,C7,C8,C9,C10,C11,C12,C13,C14,C15,D1,D2,D3,D4,D5,D6,D7,D8,D9,D10,D11,D12,D13,D14,D15,E1,E2,E3,E4,E5,E6,E7,E8,E9,E10,E11,E12,E13,E14,E15
A1,0.0,0.3888293206691742,0.6123693585395813,0.9525968432426453,1.2453900575637817,1.5150104761123657,1.8547093868255615,1.7853777408599854,1.6056793928146362,1.3566898107528687,1.0202887058258057,0.8067095875740051,0.571182131767273,0.5027449727058411,0.5549671649932861,2.179934024810791,1.9140183925628662,2.052466630935669,1.9919058084487915,2.1926071643829346,2.4606409072875977,2.4393954277038574,2.074080228805542,1.7919715642929077,1.4984482526779175,1.545891284942627,1.6071559190750122,1.6251057386398315,1.9025717973709106,2.051685094833374,2.1211533546447754,1.7414069175720215,1.6763224601745605,1.3660844564437866,1.4421099424362183,1.4963103532791138,1.3110363483428955,0.9931012988090515,0.973109781742096,0.9862620830535889,1.1630117893218994,1.4973375797271729,1.7316246032714844,2.0569820404052734,2.387418270111084,1.292498230934143,0.994931161403656,0.9951987862586975,0.7753454446792603,0.9951000809669495,0.9376991987228394,1.1436121463775635,1.1483410596847534,1.2478591203689575,1.2456943988800049,0.9947288632392883,1.2571605443954468,1.294433355331421,1.5791832208633423,1.7695399522781372,1.7769699096679688,1.6350070238113403,1.8887696266174316,1.964676856994629,2.258730173110962,2.5514962673187256,2.6578633785247803,2.3570337295532227,2.078597068786621,1.721316933631897,1.5619220733642578,1.4901294708251953,1.3166519403457642,1.5053085088729858,1.5122991800308228
A2,0.3888293206691742,0.0,0.3843781650066376,0.6334764957427979,0.9793329834938049,1.2513104677200317,1.5536998510360718,1.4470871686935425,1.273484230041504,1.0260676145553589,0.6611216068267822,0.5502064228057861,0.39882391691207886,0.5920681357383728,0.801331102848053,1.7972742319107056,1.545292854309082,1.697047233581543,1.675830602645874,1.9003995656967163,2.1933655738830566,2.2231106758117676,1.878097414970398,1.5748167037963867,1.2364721298217773,1.226927638053894,1.2476974725723267,1.2413833141326904,1.5156707763671875,1.6670118570327759,1.9149078130722046,1.541379451751709,1.5559604167938232,1.3063231706619263,1.4748259782791138,1.5992380380630493,1.50460684299469,1.181523323059082,1.0680941343307495,0.9309253692626953,1.0148649215698242,1.3208959102630615,1.4915571212768555,1.8407597541809082,2.1363630294799805,0.9837595224380493,0.6663216948509216,0.7787212133407593,0.6644424796104431,0.9984341859817505,1.0877729654312134,1.3207452297210693,1.243670105934143,1.2238173484802246,1.0995128154754639,0.7651257514953613,0.9685405492782593,0.9373337030410767,1.2395446300506592,1.4148283004760742,1.6317561864852905,1.4174854755401611,1.637627363204956,1.6564360857009888,1.941990852355957,2.213627815246582,2.2978837490081787,1.9921510219573975,1.7319111824035645,1.3944443464279175,1.2455428838729858,1.2467987537384033,1.1320229768753052,1.3987479209899902,1.4912078380584717
A3,0.6123693585395813,0.3843781650066376,0.0,0.37765592336654663,0.6384040117263794,0.9446222186088562,1.2618660926818848,1.1912102699279785,1.0234317779541016,0.8461275100708008,0.5751292705535889,0.4995793104171753,0.6115314960479736,0.7303757071495056,1.0324726104736328,1.7942360639572144,1.570235013961792,1.6631935834884644,1.6695754528045654,1.84153413772583,2.168673038482666,2.198890209197998,1.8597701787948608,1.5143940448760986,1.1742078065872192,1.2295706272125244,1.1737728118896484,1.2255185842514038,1.4279863834381104,1.6102262735366821,2.0917749404907227,1.7393430471420288,1.7661244869232178,1.5581307411193848,1.7121342420578003,1.8824594020843506,1.7729154825210571,1.4199390411376953,1.2419530153274536,1.062138319015503,1.204254150390625,1.4354511499404907,1.6048997640609741,1.929937720298767,2.2166478633880615,0.9651042819023132,0.7651068568229675,0.9945424199104309,0.9915560483932495,1.3310174942016602,1.4100315570831299,1.6741435527801514,1.6238195896148682,1.60273015499115,1.449540615081787,1.0854651927947998,1.2042263746261597,1.054726481437683,1.307693362236023,1.3727154731750488,1.9290090799331665,1.679321050643921,1.8905671834945679,1.8469539880752563,2.1241421699523926,2.3489012718200684,2.3895068168640137,2.0742387771606445,1.8595448732376099,1.5731618404388428,1.4511600732803345,1.5341078042984009,1.4472110271453857,1.7485237121582031,1.845082402229309
A4,0.9525968432426453,0.6334764957427979,0.37765592336654663,0.0,0.3812161982059479,0.649758517742157,0.9230844378471375,0.8380213379859924,0.730384886264801,0.6529712677001953,0.4455970525741577,0.6263731122016907,0.8392493724822998,1.056763768196106,1.3733006715774536,1.512488842010498,1.3457010984420776,1.446915626525879,1.5313968658447266,1.7163572311401367,2.0748119354248047,2.167238712310791,1.8666419982910156,1.5067238807678223,1.1371304988861084,1.1223385334014893,0.9578523635864258,0.9663498997688293,1.1010655164718628,1.2681430578231812,2.0976295471191406,1.7716504335403442,1.8743160963058472,1.7259807586669922,1.9372137784957886,2.1381373405456543,2.0785093307495117,1.7345306873321533,1.5287723541259766,1.2771402597427368,1.3341271877288818,1.511025071144104,1.5974054336547852,1.9276784658432007,2.1594369411468506,0.7260435819625854,0.633974015712738,0.972226619720459,1.0973113775253296,1.4617071151733398,1.6202627420425415,1.9073821306228638,1.8283580541610718,1.735453724861145,1.507502794265747,1.1185075044631958,1.119627594947815,0.8652952909469604,1.0614491701126099,1.0474047660827637,1.9939979314804077,1.6901272535324097,1.8404902219772339,1.7230836153030396,1.9623432159423828,2.149423599243164,2.13854718208313,1.8122138977050781,1.6323106288909912,1.4040147066116333,1.340025544166565,1.5072333812713623,1.5025966167449951,1.8404871225357056,2.0035617351531982
A5,1.2453900575637817,0.9793329834938049,0.6384040117263794,0.3812161982059479,0.0,0.38805514574050903,0.6514905095100403,0.6461070775985718,0.5950141549110413,0.6979607343673706,0.7010980248451233,0.8647580742835999,1.152956247329712,1.311691403388977,1.6537140607833862,1.6249828338623047,1.5036343336105347,1.5345648527145386,1.644811987876892,1.7636322975158691,2.1400322914123535,2.232086181640625,1.9532033205032349,1.5763579607009888,1.2419184446334839,1.2866944074630737,1.060604453086853,1.1289000511169434,1.152884840965271,1.3379391431808472,2.343082904815674,2.043470859527588,2.14675235748291,2.0259530544281006,2.2187538146972656,2.444363594055176,2.371968984603882,2.013619899749756,1.777997612953186,1.5187349319458008,1.6134315729141235,1.7317240238189697,1.8142870664596558,2.107293128967285,2.3217437267303467,0.9385015964508057,0.9680266380310059,1.3123680353164673,1.465073823928833,1.8201531171798706,1.9601714611053467,2.2604801654815674,2.19980788230896,2.1162891387939453,1.8851207494735718,1.4953233003616333,1.4661059379577637,1.1687917709350586,1.29515540599823,1.1643264293670654,2.3278915882110596,2.012362003326416,2.156743288040161,2.000863552093506,2.2244818210601807,2.3636341094970703,2.3126142024993896,1.9928064346313477,1.866280436515808,1.6946467161178589,1.6511731147766113,1.857556939125061,1.8599247932434082,2.208329439163208,2.3647546768188477
A6,1.5150104761123657,1.2513104677200317,0.9446222186088562,0.649758517742157,0.38805514574050903,0.0,0.39970794320106506,0.6040089130401611,0.7686722278594971,0.9931872487068176,1.0052423477172852,1.2270060777664185,1.4840307235717773,1.6596527099609375,1.9769726991653442,1.685928225517273,1.6507372856140137,1.7104204893112183,1.8884289264678955,2.019080400466919,2.406094789505005,2.5377321243286133,2.285027503967285,1.9115432500839233,1.574169635772705,1.5655277967453003,1.279595971107483,1.267979621887207,1.1910876035690308,1.2790874242782593,2.6306755542755127,2.33964467048645,2.476931095123291,2.360633611679077,2.5727508068084717,2.78395676612854,2.7097010612487793,2.3570687770843506,2.142838478088379,1.8875908851623535,1.9526854753494263,2.0749053955078125,2.1173999309539795,2.4176690578460693,2.5957353115081787,0.8838192224502563,1.060723900794983,1.3876519203186035,1.6175929307937622,1.9501101970672607,2.113558292388916,2.4493706226348877,2.4119277000427246,2.3076159954071045,2.0626468658447266,1.6788766384124756,1.5725576877593994,1.2557622194290161,1.2632921934127808,1.0445269346237183,2.591409683227539,2.259161949157715,2.351016044616699,2.1599667072296143,2.3300325870513916,2.4525153636932373,2.3396620750427246,2.0024631023406982,1.889797568321228,1.7697007656097412,1.8093597888946533,2.035971164703369,2.098827362060547,2.4414408206939697,2.636133909225464
A7,1.8547093868255615,1.5536998510360718,1.2618660926818848,0.9230844378471375,0.6514905095100403,0.39970794320106506,0.0,0.3774852156639099,0.691021203994751,1.0317375659942627,1.1591001749038696,1.435315728187561,1.7324457168579102,1.9421802759170532,2.282848834991455,1.5371146202087402,1.5698332786560059,1.5882070064544678,1.8180361986160278,1.9212055206298828,2.311434745788574,2.4850399494171143,2.2830395698547363,1.9230951070785522,1.611750602722168,1.5765135288238525,1.2363921403884888,1.228759527206421,1.038321852684021,1.1239290237426758,2.665954113006592,2.417250156402588,2.595816135406494,2.534376859664917,2.772470474243164,3.0164835453033447,2.982067346572876,2.6326067447662354,2.3863272666931152,2.087588310241699,2.110856771469116,2.1725218296051025,2.1585533618927,2.429677724838257,2.5537803173065186,1.0809990167617798,1.2911818027496338,1.644755244255066,1.9015461206436157,2.2451093196868896,2.445711374282837,2.7702372074127197,2.6976675987243652,2.553659200668335,2.2672579288482666,1.8891732692718506,1.7361441850662231,1.3769128322601318,1.3404514789581299,1.030853509902954,2.716848373413086,2.360151529312134,2.416261672973633,2.172020673751831,2.308861017227173,2.368412733078003,2.212852954864502,1.9011616706848145,1.862972617149353,1.8219187259674072,1.8810889720916748,2.1635303497314453,2.259448289871216,2.620877504348755,2.840975522994995
A8,1.7853777408599854,1.4470871686935425,1.1912102699279785,0.8380213379859924,0.6461070775985718,0.6040089130401611,0.3774852156639099,0.0,0.3737854063510895,0.7324752807617188,0.9263925552368164,1.234740972518921,1.5518627166748047,1.7977278232574463,2.153902053833008,1.2171896696090698,1.2223438024520874,1.2138493061065674,1.4452184438705444,1.5535898208618164,1.9433180093765259,2.133502244949341,1.9468306303024292,1.5994147062301636,1.2916054725646973,1.2310558557510376,0.8778548836708069,0.904850423336029,0.7184862494468689,0.9071881771087646,2.3204638957977295,2.093665599822998,2.2907214164733887,2.2674949169158936,2.523796319961548,2.7926719188690186,2.8000268936157227,2.460845470428467,2.190143585205078,1.8566001653671265,1.8395848274230957,1.862348198890686,1.8176618814468384,2.0761942863464355,2.1835813522338867,1.0731791257858276,1.2029657363891602,1.5852344036102295,1.814690113067627,2.1787683963775635,2.4017550945281982,2.6904001235961914,2.569629669189453,2.4015023708343506,2.090721845626831,1.7188971042633057,1.5778034925460815,1.2033684253692627,1.2320703268051147,0.9570719003677368,2.4317431449890137,2.068096160888672,2.126932144165039,1.871180534362793,2.0257272720336914,2.0660316944122314,1.9398475885391235,1.65207040309906,1.6406861543655396,1.605812668800354,1.6195213794708252,1.9275426864624023,2.0150299072265625,2.390124559402466,2.611189365386963
A9,1.6056793928146362,1.273484230041504,1.0234317779541016,0.730384886264801,0.5950141549110413,0.7686722278594971,0.691021203994751,0.3737854063510895,0.0,0.39032307267189026,0.6825648546218872,0.9465605020523071,1.2964519262313843,1.5290592908859253,1.9024760723114014,1.1957074403762817,1.0889232158660889,1.02428138256073,1.1759270429611206,1.2616980075836182,1.6510783433914185,1.8035166263580322,1.5930761098861694,1.2362815141677856,0.9320616126060486,0.9318368434906006,0.6250396370887756,0.7908198833465576,0.742821216583252,1.050864338874817,2.0405690670013428,1.812001347541809,1.9800132513046265,1.9665653705596924,2.20642352104187,2.4960567951202393,2.513176202774048,2.1742846965789795,1.878307580947876,1.5318244695663452,1.5315879583358765,1.527431845664978,1.513355016708374,1.7578126192092896,1.9004460573196411,1.1710017919540405,1.180559515953064,1.567522644996643,1.7267301082611084,2.1042611598968506,2.3047430515289307,2.5567519664764404,2.4130465984344482,2.2631850242614746,1.9655067920684814,1.594718337059021,1.5270413160324097,1.1770070791244507,1.3194525241851807,1.1411656141281128,2.1997921466827393,1.851112723350525,1.9644944667816162,1.7424241304397583,1.9560308456420898,2.0102758407592773,1.955151915550232,1.6918773651123047,1.6667354106903076,1.5792757272720337,1.5019274950027466,1.793196439743042,1.8194833993911743,2.2009143829345703,2.3836448192596436
A10,1.3566898107528687,1.0260676145553589,0.8461275100708008,0.6529712677001953,0.6979607343673706,0.9931872487068176,1.0317375659942627,0.7324752807617188,0.39032307267189026,0.0,0.3908593952655792,0.6115620732307434,0.9606317281723022,1.208238124847412,1.579904317855835,1.183156132698059,0.9572468996047974,0.9086529612541199,0.9553952217102051,1.081334114074707,1.452410101890564,1.5659537315368652,1.3078218698501587,0.946015477180481,0.5926674008369446,0.6154171824455261,0.4318176805973053,0.6823303699493408,0.8274551630020142,1.166290283203125,1.7109776735305786,1.458566427230835,1.6006749868392944,1.5795413255691528,1.8173813819885254,2.112621784210205,2.145500421524048,1.8158916234970093,1.5124763250350952,1.1528412103652954,1.1435526609420776,1.1490806341171265,1.1707955598831177,1.436650276184082,1.6306898593902588,1.1837884187698364,1.0663933753967285,1.428425669670105,1.5131022930145264,1.8911586999893188,2.077976703643799,2.2879014015197754,2.1177709102630615,1.9792484045028687,1.6977548599243164,1.3406085968017578,1.3484584093093872,1.0523087978363037,1.3007009029388428,1.2407830953598022,1.856296420097351,1.526901125907898,1.6917260885238647,1.5225474834442139,1.7918955087661743,1.8883179426193237,1.9105595350265503,1.6612420082092285,1.5933831930160522,1.4381778240203857,1.2758123874664307,1.5291584730148315,1.4980859756469727,1.8772577047348022,2.0298845767974854
A11,1.0202887058258057,0.6611216068267822,0.5751292705535889,0.4455970525741577,0.7010980248451233,1.0052423477172852,1.1591001749038696,0.9263925552368164,0.6825648546218872,0.3908593952655792,0.0,0.38214072585105896,0.6440456509590149,0.9475683569908142,1.2863837480545044,1.259445071220398,1.0085359811782837,1.0902060270309448,1.1183725595474243,1.3273978233337402,1.667013168334961,1.7635356187820435,1.4668800830841064,1.1272586584091187,0.7423664927482605,0.688970685005188,0.607896089553833,0.6888495087623596,0.9407215118408203,1.1955113410949707,1.6613924503326416,1.3484314680099487,1.4723776578903198,1.377050518989563,1.6244078874588013,1.8715747594833374,1.8842034339904785,1.5585812330245972,1.3062198162078857,0.9814735651016235,0.9604547619819641,1.0930582284927368,1.153583288192749,1.4849356412887573,1.7171574831008911,0.9464932084083557,0.7375946640968323,1.0697928667068481,1.1249021291732788,1.5021272897720337,1.6896008253097534,1.90315580368042,1.7418386936187744,1.6110302209854126,1.3470104932785034,0.9775618314743042,1.0256787538528442,0.7835783958435059,1.0889643430709839,1.1349496841430664,1.6375749111175537,1.3223564624786377,1.500746488571167,1.3883578777313232,1.6715527772903442,1.8458648920059204,1.8949049711227417,1.6128602027893066,1.4589247703552246,1.2235805988311768,1.0567753314971924,1.2484687566757202,1.2072594165802002,1.574418067932129,1.733106255531311
A12,0.8067095875740051,0.5502064228057861,0.4995793104171753,0.6263731122016907,0.8647580742835999,1.2270060777664185,1.435315728187561,1.234740972518921,0.9465605020523071,0.6115620732307434,0.38214072585105896,0.0,0.38341856002807617,0.5993621349334717,0.9687666296958923,1.5886443853378296,1.2894881963729858,1.3277086019515991,1.2504236698150635,1.4104523658752441,1.7079912424087524,1.7179757356643677,1.3728941679000854,1.044435739517212,0.7139056921005249,0.811813235282898,0.8773807883262634,1.0297175645828247,1.3064522743225098,1.5751819610595703,1.6412100791931152,1.3060755729675293,1.3270602226257324,1.176722764968872,1.3556251525878906,1.601874589920044,1.575181007385254,1.2307262420654297,0.959309458732605,0.6624013185501099,0.7739959359169006,0.9488009810447693,1.1346813440322876,1.4405303001403809,1.7438570261001587,1.2204675674438477,0.9526806473731995,1.2049282789230347,1.143730878829956,1.495159387588501,1.603841781616211,1.7764601707458496,1.6291193962097168,1.5720980167388916,1.3840577602386475,1.047600269317627,1.2168346643447876,1.0695136785507202,1.406334638595581,1.4938246011734009,1.6005586385726929,1.350319743156433,1.6100618839263916,1.5777734518051147,1.9016790390014648,2.099844455718994,2.2000319957733154,1.9381349086761475,1.7647223472595215,1.4851447343826294,1.2557764053344727,1.3588578701019287,1.2097247838974,1.542100429534912,1.613249659538269
A13,0.571182131767273,0.39882391691207886,0.6115314960479736,0.8392493724822998,1.152956247329712,1.4840307235717773,1.7324457168579102,1.5518627166748047,1.2964519262313843,0.9606317281723022,0.6440456509590149,0.38341856002807617,0.0,0.38187283277511597,0.6581057906150818,1.7545363903045654,1.4400074481964111,1.5439525842666626,1.4407662153244019,1.6458841562271118,1.8986847400665283,1.8904558420181274,1.5351948738098145,1.2659211158752441,0.9704842567443848,1.004550814628601,1.138029932975769,1.2114278078079224,1.536994457244873,1.7554237842559814,1.5897300243377686,1.218968152999878,1.1899430751800537,0.9504467844963074,1.1174606084823608,1.3000057935714722,1.2577868700027466,0.9290632009506226,0.73773193359375,0.5396406054496765,0.6376322507858276,0.9463011622428894,1.1661566495895386,1.49321711063385,1.819191813468933,1.2784061431884766,0.936860203742981,1.068664312362671,0.8971899747848511,1.2076014280319214,1.286699652671814,1.4164811372756958,1.2606887817382812,1.2380200624465942,1.1117373704910278,0.8264786601066589,1.0954773426055908,1.0744131803512573,1.4361627101898193,1.6168053150177002,1.3836936950683594,1.1935932636260986,1.4812771081924438,1.534177541732788,1.866721510887146,2.1221983432769775,2.2634286880493164,2.0038154125213623,1.7753357887268066,1.4393807649612427,1.188706398010254,1.1812509298324585,0.9725571274757385,1.2534370422363281,1.2889978885650635
A14,0.5027449727058411,0.5920681357383728,0.7303757071495056,1.056763768196106,1.311691403388977,1.6596527099609375,1.9421802759170532,1.7977278232574463,1.5290592908859253,1.208238124847412,0.9475683569908142,0.5993621349334717,0.38187283277511597,0.0,0.39176252484321594,2.1173925399780273,1.795594334602356,1.8593699932098389,1.7171542644500732,1.866625428199768,2.095315456390381,2.0193493366241455,1.6431528329849243,1.390968918800354,1.1652761697769165,1.2985625267028809,1.4494576454162598,1.5687037706375122,1.8770570755004883,2.109269618988037,1.8087025880813599,1.4491158723831177,1.3231472969055176,1.0374338626861572,1.07077956199646,1.2167167663574219,1.0737966299057007,0.7073060870170593,0.5338000655174255,0.5267865657806396,0.8148671388626099,1.1037119626998901,1.403484582901001,1.6788510084152222,2.0419418811798096,1.5628232955932617,1.2406516075134277,1.3321305513381958,1.1102396249771118,1.359370470046997,1.3281837701797485,1.4253417253494263,1.3319554328918457,1.4122425317764282,1.3790591955184937,1.1407819986343384,1.43828284740448,1.4358493089675903,1.7819969654083252,1.9489631652832031,1.6073166131973267,1.4840565919876099,1.8044956922531128,1.8913357257843018,2.232333183288574,2.4894514083862305,2.641589879989624,2.3853819370269775,2.1551079750061035,1.812698245048523,1.5593737363815308,1.513638973236084,1.258408784866333,1.4751139879226685,1.415755033493042
A15,0.5549671649932861,0.801331102848053,1.0324726104736328,1.3733006715774536,1.6537140607833862,1.9769726991653442,2.282848834991455,2.153902053833008,1.9024760723114014,1.579904317855835,1.2863837480545044,0.9687666296958923,0.6581057906150818,0.39176252484321594,0.0,2.396491050720215,2.0714223384857178,2.169637680053711,2.013498306274414,2.182922124862671,2.3777518272399902,2.2835538387298584,1.9102920293807983,1.7056094408035278,1.5064146518707275,1.607248067855835,1.7851488590240479,1.8646513223648071,2.1930830478668213,2.3932459354400635,1.929272174835205,1.568355679512024,1.388160228729248,1.038207769393921,0.9911420345306396,1.0092039108276367,0.7800448536872864,0.4466390907764435,0.5198755860328674,0.733296811580658,0.9755005836486816,1.30587899684906,1.6129581928253174,1.8792520761489868,2.249506950378418,1.7726686000823975,1.4304845333099365,1.4173345565795898,1.1135398149490356,1.2592778205871582,1.1403865814208984,1.1558212041854858,1.0976516008377075,1.2699389457702637,1.3469603061676025,1.203420639038086,1.5486232042312622,1.6350070238113403,1.9748766422271729,2.194807291030884,1.597542643547058,1.557535171508789,1.8836995363235474,2.037757396697998,2.372321367263794,2.665745735168457,2.84538197517395,2.5949976444244385,2.3306777477264404,1.9605751037597656,1.7091002464294434,1.5752134323120117,1.2855372428894043,1.402569055557251,1.2688720226287842
B1,2.179934024810791,1.7972742319107056,1.7942360639572144,1.512488842010498,1.6249828338623047,1.685928225517273,1.5371146202087402,1.2171896696090698,1.1957074403762817,1.183156132698059,1.259445071220398,1.5886443853378296,1.7545363903045654,2.1173925399780273,2.396491050720215,0.0,0.3863360583782196,0.5989349484443665,0.9442413449287415,1.232094168663025,1.4984252452850342,1.833712100982666,1.7709333896636963,1.5927352905273438,1.3489545583724976,0.9985071420669556,0.7976527214050293,0.572607696056366,0.5038601756095886,0.5920202732086182,1.6222569942474365,1.5307711362838745,1.8784793615341187,1.9980655908584595,2.3548355102539062,2.6231517791748047,2.7942068576812744,2.5574676990509033,2.314587354660034,1.9441711902618408,1.6821277141571045,1.6265714168548584,1.34840726852417,1.5757189989089966,1.4950312376022339,1.4361200332641602,1.4232789278030396,1.696841835975647,1.8872865438461304,2.197857618331909,2.5267434120178223,2.7010886669158936,2.4448962211608887,2.1454927921295166,1.757522463798523,1.5425620079040527,1.3323339223861694,1.072763204574585,1.1209853887557983,1.0621861219406128,1.8055856227874756,1.433517336845398,1.3122605085372925,0.9454325437545776,0.9787582755088806,0.8869070410728455,0.7807744741439819,0.6231209635734558,0.8083451390266418,0.9726801514625549,0.987007200717926,1.366737723350525,1.570103406906128,1.9031388759613037,2.207897186279297
B2,1.9140183925628662,1.545292854309082,1.570235013961792,1.3457010984420776,1.5036343336105347,1.6507372856140137,1.5698332786560059,1.2223438024520874,1.0889232158660889,0.9572468996047974,1.0085359811782837,1.2894881963729858,1.4400074481964111,1.795594334602356,2.0714223384857178,0.3863360583782196,0.0,0.38264065980911255,0.6339103579521179,0.976783037185669,1.247698426246643,1.5428814888000488,1.4378341436386108,1.2610515356063843,1.0130561590194702,0.6375308632850647,0.538956344127655,0.39789044857025146,0.5852686762809753,0.8180535435676575,1.2914650440216064,1.1690913438796997,1.5034334659576416,1.6255532503128052,1.977097988128662,2.2578258514404297,2.4351587295532227,2.2023532390594482,1.950732707977295,1.5779755115509033,1.3061577081680298,1.2406752109527588,0.9704002737998962,1.2243143320083618,1.2036429643630981,1.4036473035812378,1.2947592735290527,1.5686086416244507,1.6915926933288574,2.013545036315918,2.315394401550293,2.4602127075195312,2.1887640953063965,1.9124325513839722,1.5403863191604614,1.3194994926452637,1.1957074403762817,0.9654269814491272,1.146119236946106,1.1692711114883423,1.4984103441238403,1.1247159242630005,1.0865967273712158,0.7707952857017517,0.9507281184196472,0.9508084654808044,1.0009821653366089,0.8497597575187683,0.9083525538444519,0.9208202958106995,0.7846216559410095,1.1485590934753418,1.2783814668655396,1.6293349266052246,1.8975865840911865
B3,2.052466630935669,1.697047233581543,1.6631935834884644,1.446915626525879,1.5345648527145386,1.7104204893112183,1.5882070064544678,1.2138493061065674,1.02428138256073,0.9086529612541199,1.0902060270309448,1.3277086019515991,1.5439525842666626,1.8593699932098389,2.169637680053711,0.5989349484443665,0.38264065980911255,0.0,0.38055500388145447,0.6366890668869019,0.9365414381027222,1.250999093055725,1.1910252571105957,1.0296504497528076,0.8625157475471497,0.5771517753601074,0.4971306622028351,0.6143559217453003,0.7046537399291992,1.033522605895996,1.3015505075454712,1.2330247163772583,1.5335816144943237,1.7002817392349243,2.0195560455322266,2.3430354595184326,2.5216543674468994,2.2766151428222656,1.9801124334335327,1.5883052349090576,1.3595329523086548,1.1980518102645874,0.9339257478713989,1.0957846641540527,1.0523121356964111,1.6502183675765991,1.5470459461212158,1.8562028408050537,1.9586172103881836,2.299333095550537,2.570791006088257,2.7103590965270996,2.4409852027893066,2.1956593990325928,1.8434791564941406,1.604261875152588,1.5273579359054565,1.2738758325576782,1.4668766260147095,1.4275085926055908,1.6842730045318604,1.3352687358856201,1.3612334728240967,1.0797996520996094,1.2757123708724976,1.2079551219940186,1.2612296342849731,1.171351432800293,1.2814979553222656,1.2992210388183594,1.1262370347976685,1.4652044773101807,1.5257987976074219,1.8821985721588135,2.0994393825531006
B4,1.9919058084487915,1.675830602645874,1.6695754528045654,1.5313968658447266,1.644811987876892,1.8884289264678955,1.8180361986160278,1.4452184438705444,1.1759270429611206,0.9553952217102051,1.1183725595474243,1.2504236698150635,1.4407662153244019,1.7171542644500732,2.013498306274414,0.9442413449287415,0.6339103579521179,0.38055500388145447,0.0,0.3826022744178772,0.6434925198554993,0.9106481671333313,0.8323957324028015,0.7301664352416992,0.6595197916030884,0.45009851455688477,0.6189912557601929,0.8419899344444275,1.0339874029159546,1.3763703107833862,1.0226545333862305,0.9779059886932373,1.2382540702819824,1.4449748992919922,1.738418698310852,2.084686279296875,2.2840118408203125,2.0579285621643066,1.7470638751983643,1.3614294528961182,1.1312134265899658,0.8925078511238098,0.6274293661117554,0.7319052815437317,0.7413429617881775,1.8398445844650269,1.6674765348434448,1.9537299871444702,1.984452247619629,2.3167290687561035,2.552260160446167,2.647786855697632,2.3626692295074463,2.1486315727233887,1.8329418897628784,1.6189991235733032,1.629224181175232,1.4299061298370361,1.6931504011154175,1.7088652849197388,1.5140331983566284,1.2103781700134277,1.3228367567062378,1.1299731731414795,1.3976742029190063,1.367569088935852,1.5138963460922241,1.451772928237915,1.5159343481063843,1.4622882604599,1.1964406967163086,1.4701541662216187,1.4397073984146118,1.7794972658157349,1.9346797466278076
B5,2.1926071643829346,1.9003995656967163,1.84153413772583,1.7163572311401367,1.7636322975158691,2.019080400466919,1.9212055206298828,1.5535898208618164,1.2616980075836182,1.081334114074707,1.3273978233337402,1.4104523658752441,1.6458841562271118,1.866625428199768,2.182922124862671,1.232094168663025,0.976783037185669,0.6366890668869019,0.3826022744178772,0.0,0.39062222838401794,0.6465670466423035,0.6535211801528931,0.6088330745697021,0.7164803743362427,0.7119626998901367,0.8455097079277039,1.1444441080093384,1.2686400413513184,1.6385704278945923,1.2207534313201904,1.2272285223007202,1.41614830493927,1.64180588722229,1.8803867101669312,2.252300262451172,2.440103054046631,2.2073540687561035,1.8659114837646484,1.4888839721679688,1.3329222202301025,1.0305798053741455,0.8465245366096497,0.8011747598648071,0.7986729145050049,2.114485025405884,1.9574249982833862,2.2651731967926025,2.2880942821502686,2.629974126815796,2.8385157585144043,2.933398962020874,2.659559726715088,2.4748384952545166,2.178199052810669,1.9503145217895508,1.9794635772705078,1.7596269845962524,2.0172719955444336,1.988582730293274,1.8112963438034058,1.5422990322113037,1.6839497089385986,1.5060631036758423,1.764469027519226,1.6972662210464478,1.8263750076293945,1.785675048828125,1.878387689590454,1.8362886905670166,1.5733797550201416,1.8367787599563599,1.771997332572937,2.1047616004943848,2.216785192489624
B6,2.4606409072875977,2.1933655738830566,2.168673038482666,2.0748119354248047,2.1400322914123535,2.406094789505005,2.311434745788574,1.9433180093765259,1.6510783433914185,1.452410101890564,1.667013168334961,1.7079912424087524,1.8986847400665283,2.095315456390381,2.3777518272399902,1.4984252452850342,1.247698426246643,0.9365414381027222,0.6434925198554993,0.39062222838401794,0.0,0.39793670177459717,0.6129091382026672,0.7846158742904663,1.0068365335464478,1.0132211446762085,1.2093740701675415,1.4777041673660278,1.6183066368103027,1.9682666063308716,1.134179711341858,1.2524927854537964,1.4136649370193481,1.7038058042526245,1.914992094039917,2.2899160385131836,2.5204896926879883,2.3322629928588867,2.000877857208252,1.6548773050308228,1.478050947189331,1.122936487197876,0.9208117723464966,0.707709789276123,0.5992876887321472,2.464799165725708,2.2833147048950195,2.564866781234741,2.5554943084716797,2.8768835067749023,3.0772407054901123,3.129615068435669,2.832695960998535,2.6505303382873535,2.3727784156799316,2.192770004272461,2.2469146251678467,2.067460536956787,2.3364574909210205,2.3359904289245605,1.8461058139801025,1.6368013620376587,1.780043363571167,1.6431210041046143,1.89373779296875,1.7987992763519287,1.9793730974197388,2.0019302368164062,2.1116857528686523,2.0772218704223633,1.787731647491455,2.0146420001983643,1.92324697971344,2.2146570682525635,2.292008399963379
B7,2.4393954277038574,2.2231106758117676,2.198890209197998,2.167238712310791,2.232086181640625,2.5377321243286133,2.4850399494171143,2.133502244949341,1.8035166263580322,1.5659537315368652,1.7635356187820435,1.7179757356643677,1.8904558420181274,2.0193493366241455,2.2835538387298584,1.833712100982666,1.5428814888000488,1.250999093055725,0.9106481671333313,0.6465670466423035,0.39793670177459717,0.0,0.38158395886421204,0.6985992789268494,1.0350549221038818,1.163256287574768,1.4132115840911865,1.719683289527893,1.8974437713623047,2.265275239944458,1.1918655633926392,1.2961572408676147,1.3461647033691406,1.626579761505127,1.7644755840301514,2.1473913192749023,2.3649742603302,2.1908187866210938,1.8538635969161987,1.5507316589355469,1.4409620761871338,1.062132477760315,0.9844714999198914,0.701643705368042,0.7485100626945496,2.6382534503936768,2.423875093460083,2.6923763751983643,2.6358518600463867,2.948335886001587,3.103912830352783,3.1306045055389404,2.844611883163452,2.7095446586608887,2.4761219024658203,2.3015708923339844,2.414109230041504,2.2578845024108887,2.562164068222046,2.581493616104126,1.9017901420593262,1.7469772100448608,1.9582421779632568,1.88482666015625,2.1740875244140625,2.1244611740112305,2.331299066543579,2.332314968109131,2.400850772857666,2.314403772354126,1.9898704290390015,2.1678338050842285,2.0096395015716553,2.278526782989502,2.2879321575164795
B8,2.074080228805542,1.878097414970398,1.8597701787948608,1.8666419982910156,1.9532033205032349,2.285027503967285,2.2830395698547363,1.9468306303024292,1.5930761098861694,1.3078218698501587,1.4668800830841064,1.3728941679000854,1.5351948738098145,1.6431528329849243,1.9102920293807983,1.7709333896636963,1.4378341436386108,1.1910252571105957,0.8323957324028015,0.6535211801528931,0.6129091382026672,0.38158395886421204,0.0,0.37956762313842773,0.7338542342185974,0.9347521066665649,1.2221509218215942,1.5433413982391357,1.7662731409072876,2.13997483253479,1.1109235286712646,1.1050547361373901,1.1071693897247314,1.330553650856018,1.45793616771698,1.8461333513259888,2.0306456089019775,1.8327668905258179,1.4859997034072876,1.17946195602417,1.1111788749694824,0.7464882135391235,0.7772471904754639,0.5962457656860352,0.8315075039863586,2.377376079559326,2.139977216720581,2.3989973068237305,2.320155620574951,2.6324751377105713,2.7655248641967773,2.797328472137451,2.5290844440460205,2.4206349849700928,2.207439661026001,2.0161831378936768,2.1621601581573486,2.0176851749420166,2.3467447757720947,2.388021230697632,1.7094202041625977,1.5494521856307983,1.8105624914169312,1.7668637037277222,2.0933213233947754,2.108668088912964,2.316154956817627,2.261017322540283,2.2739627361297607,2.1340842247009277,1.7949656248092651,1.9478365182876587,1.7562378644943237,2.034933090209961,2.0264804363250732
B9,1.7919715642929077,1.5748167037963867,1.5143940448760986,1.5067238807678223,1.5763579607009888,1.9115432500839233,1.9230951070785522,1.5994147062301636,1.2362815141677856,0.946015477180481,1.1272586584091187,1.044435739517212,1.2659211158752441,1.390968918800354,1.7056094408035278,1.5927352905273438,1.2610515356063843,1.0296504497528076,0.7301664352416992,0.6088330745697021,0.7846158742904663,0.6985992789268494,0.37956762313842773,0.0,0.3885953426361084,0.6879706382751465,0.9318624138832092,1.2808992862701416,1.4970213174819946,1.8791711330413818,1.2456263303756714,1.1318166255950928,1.16359543800354,1.3014098405838013,1.4569870233535767,1.8372458219528198,1.9668529033660889,1.7128360271453857,1.348600149154663,0.9985029101371765,0.9774702787399292,0.689017653465271,0.766697883605957,0.7743855118751526,1.0335326194763184,2.052015781402588,1.8323057889938354,2.116269588470459,2.063472270965576,2.3981146812438965,2.5337021350860596,2.611248016357422,2.370624303817749,2.2651543617248535,2.037771224975586,1.7945070266723633,1.9253513813018799,1.745764970779419,2.0686166286468506,2.0872254371643066,1.7129651308059692,1.496163249015808,1.757210373878479,1.6819998025894165,2.0130808353424072,2.0556864738464355,2.218039035797119,2.1063992977142334,2.0958750247955322,1.9408460855484009,1.6273716688156128,1.806340217590332,1.6353410482406616,1.9548931121826172,1.9798319339752197
B10,1.4984482526779175,1.2364721298217773,1.1742078065872192,1.1371304988861084,1.2419184446334839,1.574169635772705,1.611750602722168,1.2916054725646973,0.9320616126060486,0.5926674008369446,0.7423664927482605,0.7139056921005249,0.9704842567443848,1.1652761697769165,1.5064146518707275,1.3489545583724976,1.0130561590194702,0.8625157475471497,0.6595197916030884,0.7164803743362427,1.0068365335464478,1.0350549221038818,0.7338542342185974,0.3885953426361084,0.0,0.39529260993003845,0.6107662916183472,0.9475345611572266,1.1917505264282227,1.5607213973999023,1.2718018293380737,1.0665491819381714,1.1547391414642334,1.2189126014709473,1.431755542755127,1.7831414937973022,1.8841156959533691,1.597069501876831,1.2489732503890991,0.8602856397628784,0.815638542175293,0.6571884751319885,0.721027672290802,0.9074927568435669,1.1635061502456665,1.6637433767318726,1.4475960731506348,1.7436883449554443,1.7186996936798096,2.068359613418579,2.225754976272583,2.341057300567627,2.1137917041778564,1.9913651943206787,1.741894245147705,1.4621890783309937,1.5708463191986084,1.3725286722183228,1.6948217153549194,1.7193293571472168,1.584754467010498,1.3149346113204956,1.5585362911224365,1.461099624633789,1.7906215190887451,1.8729374408721924,2.004108428955078,1.8400774002075195,1.793242335319519,1.6179282665252686,1.3296515941619873,1.5275249481201172,1.391661524772644,1.7434266805648804,1.81889009475708
B11,1.545891284942627,1.226927638053894,1.2295706272125244,1.1223385334014893,1.2866944074630737,1.5655277967453003,1.5765135288238525,1.2310558557510376,0.9318368434906006,0.6154171824455261,0.688970685005188,0.811813235282898,1.004550814628601,1.2985625267028809,1.607248067855835,0.9985071420669556,0.6375308632850647,0.5771517753601074,0.45009851455688477,0.7119626998901367,1.0132211446762085,1.163256287574768,0.9347521066665649,0.6879706382751465,0.39529260993003845,0.0,0.3783107399940491,0.6288254261016846,0.9256392121315002,1.267048716545105,1.1094597578048706,0.9028193354606628,1.1138428449630737,1.2057886123657227,1.501210331916809,1.8264706134796143,1.9706249237060547,1.7092113494873047,1.405988097190857,1.0131996870040894,0.8177728056907654,0.706580400466919,0.5874612331390381,0.868731677532196,1.0435268878936768,1.4851940870285034,1.2746148109436035,1.5626755952835083,1.576645016670227,1.9222215414047241,2.139218807220459,2.2581300735473633,2.0011606216430664,1.814761996269226,1.5140548944473267,1.2514564990997314,1.3006409406661987,1.1019715070724487,1.4142569303512573,1.466436505317688,1.3778820037841797,1.0533381700515747,1.230804204940796,1.085837960243225,1.4019956588745117,1.4849408864974976,1.6167376041412354,1.4555004835128784,1.414469838142395,1.2629191875457764,0.9810774922370911,1.227818489074707,1.1654826402664185,1.5346778631210327,1.6856396198272705
B12,1.6071559190750122,1.2476974725723267,1.1737728118896484,0.9578523635864258,1.060604453086853,1.279595971107483,1.2363921403884888,0.8778548836708069,0.6250396370887756,0.4318176805973053,0.607896089553833,0.8773807883262634,1.138029932975769,1.4494576454162598,1.7851488590240479,0.7976527214050293,0.538956344127655,0.4971306622028351,0.6189912557601929,0.8455097079277039,1.2093740701675415,1.4132115840911865,1.2221509218215942,0.9318624138832092,0.6107662916183472,0.3783107399940491,0.0,0.3809174597263336,0.5830852389335632,0.9533075094223022,1.446041464805603,1.2474281787872314,1.4792791604995728,1.538570523262024,1.835463285446167,2.141871690750122,2.2500717639923096,1.9617769718170166,1.6667624711990356,1.2799580097198486,1.132258415222168,1.0751310586929321,0.9545458555221558,1.2193992137908936,1.3305795192718506,1.271463394165039,1.1505992412567139,1.4923566579818726,1.5934464931488037,1.9584741592407227,2.200742721557617,2.3784408569335938,2.153472900390625,1.9508403539657593,1.6210076808929443,1.3108277320861816,1.2664794921875,0.9754100441932678,1.2159438133239746,1.1799784898757935,1.661219835281372,1.3033868074417114,1.4059303998947144,1.1818389892578125,1.4322377443313599,1.4848819971084595,1.5199166536331177,1.3123537302017212,1.2992233037948608,1.204352617263794,1.0302754640579224,1.3424001932144165,1.3661409616470337,1.7497366666793823,1.9490740299224854
B13,1.6251057386398315,1.2413833141326904,1.2255185842514038,0.9663498997688293,1.1289000511169434,1.267979621887207,1.228759527206421,0.904850423336029,0.7908198833465576,0.6823303699493408,0.6888495087623596,1.0297175645828247,1.2114278078079224,1.5687037706375122,1.8646513223648071,0.572607696056366,0.39789044857025146,0.6143559217453003,0.8419899344444275,1.1444441080093384,1.4777041673660278,1.719683289527893,1.5433413982391357,1.2808992862701416,0.9475345611572266,0.6288254261016846,0.3809174597263336,0.0,0.3868159055709839,0.6526134610176086,1.5251562595367432,1.3140718936920166,1.5935181379318237,1.6288275718688965,1.9611575603485107,2.224459171295166,2.338789701461792,2.067678213119507,1.8221122026443481,1.4588754177093506,1.2580318450927734,1.2765752077102661,1.112247347831726,1.421292781829834,1.4924863576889038,1.040883183479309,0.9538072347640991,1.2745698690414429,1.4335875511169434,1.781812310218811,2.072019338607788,2.2667691707611084,2.0408577919006348,1.7933887243270874,1.4306306838989258,1.133418321609497,0.9952160716056824,0.6843606233596802,0.8775737881660461,0.8714240789413452,1.6064950227737427,1.2260618209838867,1.2393803596496582,0.9714220762252808,1.1654151678085327,1.2484928369522095,1.2407376766204834,0.9804983735084534,0.9358921051025391,0.8644585013389587,0.7804322242736816,1.1328096389770508,1.255715250968933,1.6298673152923584,1.894154667854309
