,A1,A2,A3,A4,A5,A6,A7,A8,A9,A10,A11,A12,A13,A14,A15,B1,B2,B3,B4,B5,B6,B7,B8,B9,B10,B11,B12,B13,B14,B15,C1,C2,C3,C4,C5,C6,C7,C8,C9,C10,C11,C12,C13,C14,C15,D1,D2,D3,D4,D5,D6,D7,D8,D9,D10,D11,D12,D13,D14,D15,E1,E2,E3,E4,E5,E6,E7,E8,E9,E10,E11,E12,E13,E14,E15
A1,0.0,0.3952028453350067,0.618560791015625,0.9412186145782471,1.24053955078125,1.5785101652145386,1.746119499206543,1.8313137292861938,1.7018826007843018,1.8103835582733154,1.5691614151000977,1.78672456741333,1.7323427200317383,1.9716805219650269,2.1230063438415527,1.2577813863754272,1.1346709728240967,1.2117565870285034,1.1601606607437134,1.4607831239700317,1.5181808471679688,1.7601714134216309,1.5948002338409424,1.2601137161254883,1.0966709852218628,1.059183955192566,0.9553046226501465,1.1187645196914673,1.0909537076950073,1.435101866722107,1.2287487983703613,1.1433180570602417,1.1437770128250122,1.246530294418335,1.363874077796936,1.7071845531463623,1.6086835861206055,1.4560550451278687,1.0799686908721924,0.9651273488998413,0.9618194103240967,0.8316777348518372,1.0365071296691895,0.9959883093833923,1.3595489263534546,2.2400808334350586,1.9779917001724243,2.1974940299987793,1.9881681203842163,2.2371368408203125,2.1301400661468506,2.163236618041992,1.8450291156768799,1.8747457265853882,1.64785897731781,1.5368694067001343,1.5741709470748901,1.5755823850631714,1.831926941871643,1.8368741273880005,2.2432422637939453,1.995051622390747,2.2012360095977783,2.1357052326202393,2.27246356010437,2.461693286895752,2.223353147506714,1.9290430545806885,1.9212796688079834,2.0248961448669434,1.7874268293380737,2.039996385574341,1.9471381902694702,2.2969443798065186,2.298901081085205
A2,0.3952028453350067,0.0,0.39082732796669006,0.5966928601264954,0.9343133568763733,1.2454508543014526,1.3907419443130493,1.4460896253585815,1.3263390064239502,1.440460443496704,1.217582106590271,1.4781336784362793,1.4765942096710205,1.7551482915878296,1.9412648677825928,1.1430563926696777,0.9077813625335693,0.9745146632194519,0.8416826725006104,1.1529922485351562,1.2090643644332886,1.406075358390808,1.2146024703979492,0.8705999851226807,0.7314949035644531,0.7148278951644897,0.7231452465057373,0.9653635025024414,1.0652271509170532,1.418776273727417,1.1594185829162598,0.952917754650116,0.9538337588310242,0.9512362480163574,1.0866103172302246,1.3904321193695068,1.2739615440368652,1.0856083631515503,0.7088711261749268,0.5812320709228516,0.6090531945228577,0.5958114266395569,0.8892736434936523,0.9916205406188965,1.3526804447174072,1.9309371709823608,1.6375874280929565,1.8283215761184692,1.6006301641464233,1.8424891233444214,1.7406468391418457,1.778259515762329,1.4723889827728271,1.5112076997756958,1.3176056146621704,1.2092045545578003,1.3173129558563232,1.3630656003952026,1.6687146425247192,1.7379194498062134,1.9903068542480469,1.7030467987060547,1.8920559883117676,1.7877790927886963,1.9267902374267578,2.094222068786621,1.8557910919189453,1.5562516450881958,1.532923936843872,1.6553106307983398,1.4365261793136597,1.7213397026062012,1.6782498359680176,2.043665885925293,2.099297046661377
A3,0.618560791015625,0.39082732796669006,0.0,0.3880189061164856,0.6263502836227417,0.9836627244949341,1.163525938987732,1.3154939413070679,1.2463479042053223,1.4595587253570557,1.33356773853302,1.6389936208724976,1.7179677486419678,1.9963229894638062,2.2259812355041504,1.386254072189331,1.116420030593872,1.0449737310409546,0.8068280220031738,1.0061341524124146,0.9517578482627869,1.1876708269119263,1.1009547710418701,0.7972034811973572,0.778436541557312,0.9221388697624207,1.0102380514144897,1.3124750852584839,1.4251978397369385,1.7857961654663086,1.4407505989074707,1.198635458946228,1.0850013494491577,0.9950253963470459,0.9922270774841309,1.2571096420288086,1.0630391836166382,0.9087980389595032,0.5639076232910156,0.6197424530982971,0.8301353454589844,0.9149633049964905,1.251680612564087,1.371014952659607,1.7324726581573486,2.1027798652648926,1.7814695835113525,1.899558424949646,1.620161771774292,1.8001164197921753,1.6179323196411133,1.671318531036377,1.3681269884109497,1.4967073202133179,1.3706740140914917,1.3586781024932861,1.5317882299423218,1.6502275466918945,1.963901162147522,2.075577974319458,2.2366511821746826,1.9106488227844238,2.038857936859131,1.8696918487548828,1.945130705833435,2.0532073974609375,1.7581398487091064,1.5209500789642334,1.5395406484603882,1.7442888021469116,1.593145489692688,1.9247863292694092,1.9438484907150269,2.316298723220825,2.4132080078125
A4,0.9412186145782471,0.5966928601264954,0.3880189061164856,0.0,0.37191012501716614,0.6493561863899231,0.8297748565673828,0.9537911415100098,0.9433382153511047,1.1838840246200562,1.112912654876709,1.4652289152145386,1.6029369831085205,1.913042664527893,2.1604535579681396,1.4572042226791382,1.11312997341156,1.0364824533462524,0.6968109011650085,0.8485459685325623,0.7420642375946045,0.870587170124054,0.7708527445793152,0.46127796173095703,0.6064472198486328,0.7908108830451965,1.0178375244140625,1.3319454193115234,1.5356982946395874,1.8748117685317993,1.4488919973373413,1.127746820449829,1.0010883808135986,0.7788645625114441,0.7580189108848572,0.94017493724823,0.7164416909217834,0.5264482498168945,0.1834934502840042,0.44144731760025024,0.705852746963501,0.9393987655639648,1.2770830392837524,1.4909664392471313,1.8238520622253418,1.8972655534744263,1.543022871017456,1.6049580574035645,1.290393352508545,1.4353514909744263,1.2425637245178223,1.28336763381958,0.9874955415725708,1.143080234527588,1.077586054801941,1.1075193881988525,1.3538424968719482,1.5285505056381226,1.8621526956558228,2.0334115028381348,2.036831855773926,1.6794524192810059,1.7647913694381714,1.5486748218536377,1.6059938669204712,1.6823478937149048,1.3812203407287598,1.1530896425247192,1.1777591705322266,1.4196288585662842,1.3238881826400757,1.6842197179794312,1.7703379392623901,2.1433963775634766,2.2922468185424805
A5,1.24053955078125,0.9343133568763733,0.6263502836227417,0.37191012501716614,0.0,0.4032912850379944,0.5825517773628235,0.8417651653289795,0.8963887095451355,1.2267807722091675,1.269310712814331,1.6264325380325317,1.8296284675598145,2.121699810028076,2.402977228164673,1.6900187730789185,1.3427881002426147,1.1672899723052979,0.7888084053993225,0.7603551745414734,0.48891326785087585,0.6316045522689819,0.7082260847091675,0.569261908531189,0.8009830117225647,1.0792405605316162,1.313838243484497,1.6559075117111206,1.8582555055618286,2.2000086307525635,1.7996461391448975,1.4689464569091797,1.302137851715088,1.0305607318878174,0.8944511413574219,0.952759325504303,0.6058456897735596,0.44708874821662903,0.399723619222641,0.7003512382507324,1.0276826620101929,1.263022541999817,1.618276834487915,1.832675814628601,2.164098024368286,2.0466175079345703,1.689739465713501,1.6743907928466797,1.3334553241729736,1.399489164352417,1.1219381093978882,1.2071787118911743,0.9662593603134155,1.2272179126739502,1.2630627155303955,1.358963966369629,1.647885799407959,1.8530396223068237,2.1895577907562256,2.382628917694092,2.3043408393859863,1.9285845756530762,1.9662648439407349,1.693310260772705,1.6947999000549316,1.6870262622833252,1.338004469871521,1.202244520187378,1.2454280853271484,1.5560474395751953,1.5258089303970337,1.903150200843811,2.0343501567840576,2.3981597423553467,2.5798983573913574
A6,1.5785101652145386,1.2454508543014526,0.9836627244949341,0.6493561863899231,0.4032912850379944,0.0,0.4001028835773468,0.6625912189483643,0.8809432983398438,1.2226536273956299,1.3369829654693604,1.7114872932434082,1.9506909847259521,2.262960195541382,2.5418412685394287,1.9657858610153198,1.590259313583374,1.4392598867416382,1.043915867805481,0.9594168663024902,0.6429530382156372,0.5165575742721558,0.6781081557273865,0.6557187438011169,1.0047194957733154,1.2454826831817627,1.5524473190307617,1.867758870124817,2.1215758323669434,2.4396538734436035,1.9077895879745483,1.5499593019485474,1.3550664186477661,1.014541506767273,0.8167811036109924,0.7021453380584717,0.2985415458679199,0.3152591586112976,0.5724361538887024,0.9242743253707886,1.1957169771194458,1.5044986009597778,1.8258352279663086,2.09053897857666,2.3969058990478516,2.0663723945617676,1.6897965669631958,1.5952835083007812,1.219950556755066,1.18411123752594,0.8546684980392456,0.8781636953353882,0.6664173603057861,0.9934483766555786,1.126304030418396,1.308124303817749,1.6303822994232178,1.892267107963562,2.215174913406372,2.459132432937622,2.2467703819274902,1.8570345640182495,1.8183449506759644,1.5000500679016113,1.4340641498565674,1.3650873899459839,0.9917490482330322,0.9442874193191528,1.0520877838134766,1.4061921834945679,1.4753167629241943,1.8567931652069092,2.0574145317077637,2.4068925380706787,2.6298840045928955
A7,1.746119499206543,1.3907419443130493,1.163525938987732,0.8297748565673828,0.5825517773628235,0.4001028835773468,0.0,0.38424426317214966,0.5868439078330994,0.9597669243812561,1.1686913967132568,1.5124810934066772,1.807427167892456,2.085916757583618,2.394699811935425,1.8690694570541382,1.4957438707351685,1.2958097457885742,0.9200083017349243,0.7307111620903015,0.4607129991054535,0.12962670624256134,0.43134215474128723,0.6298214793205261,0.9377800822257996,1.2334058284759521,1.52970552444458,1.8638077974319458,2.126495361328125,2.429630994796753,2.1214981079101562,1.7442983388900757,1.622555136680603,1.2650961875915527,1.1510097980499268,1.002145767211914,0.6303468942642212,0.41200488805770874,0.720710813999176,0.9365456700325012,1.2381459474563599,1.5244866609573364,1.8554116487503052,2.1318509578704834,2.415515422821045,1.847500205039978,1.4956386089324951,1.3527305126190186,1.00104558467865,0.9514227509498596,0.6119354367256165,0.8122576475143433,0.75739985704422,1.0920311212539673,1.2924267053604126,1.40402352809906,1.7656127214431763,1.9885841608047485,2.3360073566436768,2.5728628635406494,2.2844815254211426,1.8965656757354736,1.8843612670898438,1.5403110980987549,1.5231692790985107,1.3938050270080566,1.0530016422271729,1.0068440437316895,0.9858676195144653,1.350221872329712,1.4165774583816528,1.788474202156067,2.0001237392425537,2.32669997215271,2.5753376483917236
A8,1.8313137292861938,1.4460896253585815,1.3154939413070679,0.9537911415100098,0.8417651653289795,0.6625912189483643,0.38424426317214966,0.0,0.3697090744972229,0.6597732901573181,0.9065662622451782,1.239094853401184,1.5508419275283813,1.835945725440979,2.134000062942505,1.7700234651565552,1.387927770614624,1.2541903257369995,0.9188611507415771,0.8022932410240173,0.7173381447792053,0.3795183300971985,0.28462398052215576,0.5788169503211975,0.8661681413650513,1.0947047472000122,1.421739935874939,1.7165486812591553,2.019052743911743,2.283679723739624,2.0410315990448,1.6500252485275269,1.5966302156448364,1.2257816791534424,1.2073090076446533,1.0345767736434937,0.766538679599762,0.4914688169956207,0.7944297790527344,0.9082099199295044,1.127751111984253,1.4351121187210083,1.7197428941726685,2.033970832824707,2.2749133110046387,1.5161242485046387,1.1609854698181152,0.9837123155593872,0.6247925758361816,0.5830426812171936,0.3295208215713501,0.6005252003669739,0.6369524598121643,0.9000434279441833,1.1393673419952393,1.1972215175628662,1.5786292552947998,1.7831939458847046,2.1315560340881348,2.379262685775757,1.9971351623535156,1.6170631647109985,1.61347496509552,1.2639762163162231,1.3020211458206177,1.1727075576782227,0.9045177698135376,0.799843966960907,0.6675970554351807,1.0180268287658691,1.1037650108337402,1.4588686227798462,1.698326826095581,2.0026159286499023,2.275712013244629
A9,1.7018826007843018,1.3263390064239502,1.2463479042053223,0.9433382153511047,0.8963887095451355,0.8809432983398438,0.5868439078330994,0.3697090744972229,0.0,0.3857543468475342,0.6436583399772644,0.9460098147392273,1.2733269929885864,1.5268261432647705,1.8472703695297241,1.4474154710769653,1.082007646560669,0.9261482954025269,0.6467259526252747,0.5534051656723022,0.6664051413536072,0.5122926831245422,0.20989584922790527,0.5218105912208557,0.6407949328422546,0.905617892742157,1.1739658117294312,1.4856055974960327,1.7661750316619873,2.0261940956115723,2.0225231647491455,1.6447564363479614,1.6575474739074707,1.3276127576828003,1.3795908689498901,1.2969233989715576,1.0238912105560303,0.6565672755241394,0.8055787682533264,0.7527967691421509,0.9853200912475586,1.2217998504638672,1.517175555229187,1.8102350234985352,2.0410778522491455,1.2817983627319336,0.9562855362892151,0.8526446223258972,0.5778193473815918,0.7207065224647522,0.6366905570030212,0.9319354295730591,0.9344300627708435,1.124630331993103,1.2897106409072876,1.239250898361206,1.6040763854980469,1.735500693321228,2.1037063598632812,2.306326150894165,1.9890329837799072,1.6301101446151733,1.7132292985916138,1.4094841480255127,1.5324655771255493,1.4563847780227661,1.2310088872909546,1.0470988750457764,0.8194572329521179,1.0844863653182983,1.0509103536605835,1.3856106996536255,1.5622144937515259,1.8631833791732788,2.115149736404419
A10,1.8103835582733154,1.440460443496704,1.4595587253570557,1.1838840246200562,1.2267807722091675,1.2226536273956299,0.9597669243812561,0.6597732901573181,0.3857543468475342,0.0,0.38495728373527527,0.6076852679252625,0.9633474349975586,1.2048026323318481,1.518412709236145,1.3176831007003784,0.9809613227844238,0.9282739162445068,0.7856959104537964,0.8107650279998779,1.028507947921753,0.8936301469802856,0.5563909411430359,0.7359694242477417,0.7193244099617004,0.8516685366630554,1.0884995460510254,1.3341673612594604,1.6356067657470703,1.840475082397461,2.0034422874450684,1.6396064758300781,1.7364983558654785,1.437286615371704,1.5752243995666504,1.5105220079421997,1.3119032382965088,0.9550495743751526,1.0413415431976318,0.8718177676200867,0.9742671251296997,1.168595314025879,1.390641212463379,1.6999917030334473,1.870735764503479,0.8973159790039062,0.5879684090614319,0.519826352596283,0.3929091989994049,0.691464900970459,0.8173027634620667,1.0772066116333008,1.114686131477356,1.19441556930542,1.3334007263183594,1.1870726346969604,1.528997540473938,1.596908450126648,1.959504246711731,2.144695520401001,1.7768207788467407,1.45448899269104,1.5909833908081055,1.3322654962539673,1.5376691818237305,1.4985096454620361,1.3661713600158691,1.1293529272079468,0.8040128946304321,0.9392960071563721,0.8417975306510925,1.1129987239837646,1.2733154296875,1.5392351150512695,1.802535891532898
A11,1.5691614151000977,1.217582106590271,1.33356773853302,1.112912654876709,1.269310712814331,1.3369829654693604,1.1686913967132568,0.9065662622451782,0.6436583399772644,0.38495728373527527,0.0,0.38415277004241943,0.6458206176757812,0.9503492116928101,1.234119176864624,1.0340968370437622,0.6957070231437683,0.7912525534629822,0.7273173928260803,0.9239987134933472,1.1775827407836914,1.1224077939987183,0.7385878562927246,0.7217467427253723,0.5680121183395386,0.543556809425354,0.7526864409446716,0.9570762515068054,1.2735390663146973,1.4679977893829346,1.702629804611206,1.3660712242126465,1.5274083614349365,1.2921875715255737,1.5065968036651611,1.5293620824813843,1.3863451480865479,1.0337960720062256,0.990268349647522,0.7158281207084656,0.6900455355644226,0.838101327419281,1.0164152383804321,1.3332690000534058,1.4909160137176514,0.7879301905632019,0.4632784426212311,0.6514424681663513,0.591942548751831,0.9570415616035461,1.0982228517532349,1.2682071924209595,1.2097316980361938,1.2043932676315308,1.2328351736068726,0.9945096969604492,1.2824716567993164,1.2867028713226318,1.6535224914550781,1.8031432628631592,1.5407885313034058,1.242433786392212,1.4591243267059326,1.2794920206069946,1.543648362159729,1.6028492450714111,1.4946573972702026,1.1806349754333496,0.8717596530914307,0.9016512632369995,0.6571721434593201,0.9081821441650391,0.9798718690872192,1.280594825744629,1.4991676807403564
A12,1.78672456741333,1.4781336784362793,1.6389936208724976,1.4652289152145386,1.6264325380325317,1.7114872932434082,1.5124810934066772,1.239094853401184,0.9460098147392273,0.6076852679252625,0.38415277004241943,0.0,0.38315579295158386,0.6032508015632629,0.9116748571395874,0.9558424353599548,0.7409647703170776,0.8913946747779846,0.9815706014633179,1.1699731349945068,1.4845491647720337,1.450130820274353,1.0827674865722656,1.0966264009475708,0.8801785707473755,0.8064591884613037,0.8637028932571411,0.9720492362976074,1.2484978437423706,1.3648855686187744,1.9047279357910156,1.6103137731552124,1.828766107559204,1.6329325437545776,1.8746944665908813,1.9043998718261719,1.7694135904312134,1.4133399724960327,1.3581087589263916,1.0419220924377441,0.9685391187667847,0.9920128583908081,1.0778344869613647,1.351572036743164,1.4274295568466187,0.49369850754737854,0.37156298756599426,0.6808751821517944,0.8221449255943298,1.188389778137207,1.3968690633773804,1.5885220766067505,1.570479393005371,1.5355206727981567,1.554347276687622,1.267984390258789,1.499774694442749,1.4182429313659668,1.7583305835723877,1.8571076393127441,1.5981557369232178,1.3734713792800903,1.6411609649658203,1.5151492357254028,1.8199012279510498,1.883226752281189,1.8230620622634888,1.5129469633102417,1.174931287765503,1.1175041198730469,0.8376941680908203,0.9390114545822144,0.9209546446800232,1.139280080795288,1.3398734331130981
A13,1.7323427200317383,1.4765942096710205,1.7179677486419678,1.6029369831085205,1.8296284675598145,1.9506909847259521,1.807427167892456,1.5508419275283813,1.2733269929885864,0.9633474349975586,0.6458206176757812,0.38315579295158386,0.0,0.37535038590431213,0.5933669805526733,0.831642210483551,0.7284109592437744,1.0176035165786743,1.1749651432037354,1.4391911029815674,1.7557342052459717,1.756964087486267,1.377803921699524,1.304261565208435,1.039336085319519,0.839911162853241,0.7801268100738525,0.7348313331604004,0.9889976382255554,1.0318026542663574,1.7564138174057007,1.5241800546646118,1.8057276010513306,1.6867856979370117,1.9790533781051636,2.0676167011260986,1.979506254196167,1.6436203718185425,1.5181351900100708,1.1676665544509888,0.9855392575263977,0.9065614938735962,0.8590034246444702,1.0987647771835327,1.1010512113571167,0.5998143553733826,0.6004658341407776,0.9827391505241394,1.1293280124664307,1.5030158758163452,1.717924952507019,1.8583790063858032,1.7916836738586426,1.6983014345169067,1.637317180633545,1.2940337657928467,1.432230830192566,1.2584102153778076,1.5660117864608765,1.6007567644119263,1.4693832397460938,1.3163187503814697,1.6504640579223633,1.6128041744232178,1.9513415098190308,2.082528591156006,2.048945665359497,1.7037664651870728,1.394188642501831,1.2623136043548584,0.9146215319633484,0.913662850856781,0.7410129904747009,0.9374932646751404,1.0518370866775513
A14,1.9716805219650269,1.7551482915878296,1.9963229894638062,1.913042664527893,2.121699810028076,2.262960195541382,2.085916757583618,1.835945725440979,1.5268261432647705,1.2048026323318481,0.9503492116928101,0.6032508015632629,0.37535038590431213,0.0,0.3672270178794861,0.8687067627906799,0.9124165773391724,1.1611863374710083,1.4027889966964722,1.637226939201355,1.992863655090332,2.0197346210479736,1.6577125787734985,1.6199713945388794,1.3268182277679443,1.1733828783035278,1.0358538627624512,0.9673359990119934,1.1118083000183105,1.07894766330719,2.0743625164031982,1.8717297315597534,2.1625242233276367,2.0547332763671875,2.341157913208008,2.429043769836426,2.3174538612365723,1.9642560482025146,1.8398160934448242,1.471752405166626,1.3241523504257202,1.1809746026992798,1.1152753829956055,1.2632176876068115,1.1992946863174438,0.6737733483314514,0.8510419130325317,1.1985664367675781,1.4095673561096191,1.772679328918457,1.9997016191482544,2.1774842739105225,2.1375277042388916,2.0597000122070312,2.0116851329803467,1.6680632829666138,1.791334867477417,1.5859873294830322,1.8634791374206543,1.8503975868225098,1.753149390220642,1.6479257345199585,1.988944172859192,1.9609607458114624,2.3042335510253906,2.417336940765381,2.389861822128296,2.0572915077209473,1.7312774658203125,1.5980278253555298,1.2674822807312012,1.2171319723129272,1.0131640434265137,1.098636269569397,1.159467339515686
A15,2.1230063438415527,1.9412648677825928,2.2259812355041504,2.1604535579681396,2.402977228164673,2.5418412685394287,2.394699811935425,2.134000062942505,1.8472703695297241,1.518412709236145,1.234119176864624,0.9116748571395874,0.5933669805526733,0.3672270178794861,0.0,1.0712286233901978,1.16997492313385,1.471958041191101,1.7117187976837158,1.974893569946289,2.3183529376983643,2.338388442993164,1.9644051790237427,1.8919037580490112,1.603756070137024,1.3848397731781006,1.2244454622268677,1.0388433933258057,1.1420042514801025,0.9905586838722229,2.0820224285125732,1.935656189918518,2.2662675380706787,2.2072713375091553,2.5253701210021973,2.6343436241149902,2.5669538974761963,2.2353675365448,2.0909180641174316,1.7256135940551758,1.5143264532089233,1.347015619277954,1.1745140552520752,1.2794140577316284,1.1106350421905518,0.8652645945549011,1.080514907836914,1.443766713142395,1.6707154512405396,2.0319783687591553,2.2834649085998535,2.421149730682373,2.367258071899414,2.2406492233276367,2.153329372406006,1.7839488983154297,1.835511565208435,1.5703507661819458,1.7873297929763794,1.7213207483291626,1.6862419843673706,1.663469672203064,2.0319318771362305,2.0728580951690674,2.436805009841919,2.591078758239746,2.6015961170196533,2.25431752204895,1.942524790763855,1.749901533126831,1.4081482887268066,1.2692744731903076,0.9851343035697937,0.9748907685279846,0.9368136525154114
B1,1.2577813863754272,1.1430563926696777,1.386254072189331,1.4572042226791382,1.6900187730789185,1.9657858610153198,1.8690694570541382,1.7700234651565552,1.4474154710769653,1.3176831007003784,1.0340968370437622,0.9558424353599548,0.831642210483551,0.8687067627906799,1.0712286233901978,0.0,0.39362144470214844,0.6325415968894958,0.9698442220687866,1.2787433862686157,1.6217020750045776,1.8082622289657593,1.5062330961227417,1.3564255237579346,0.9759030938148499,0.9057744145393372,0.5651546120643616,0.6714680790901184,0.6189521551132202,0.8376040458679199,1.8108410835266113,1.6384356021881104,1.8598650693893433,1.808950662612915,2.0438027381896973,2.2327041625976562,2.06457781791687,1.7163761854171753,1.4666268825531006,1.073620319366455,1.0165446996688843,0.702359676361084,0.8037052750587463,0.7902325391769409,0.9437050223350525,1.3633472919464111,1.2993919849395752,1.6101127862930298,1.6219569444656372,1.9762022495269775,2.0430808067321777,2.2255055904388428,2.072669267654419,2.074188470840454,1.9616351127624512,1.6720669269561768,1.789868950843811,1.6297193765640259,1.9419536590576172,1.8978520631790161,2.088721752166748,1.9013571739196777,2.2254955768585205,2.1597917079925537,2.438828229904175,2.570016384124756,2.422415256500244,2.08512544631958,1.8500124216079712,1.848573088645935,1.5076682567596436,1.6340187788009644,1.4458144903182983,1.6907157897949219,1.694732427597046
B2,1.1346709728240967,0.9077813625335693,1.116420030593872,1.11312997341156,1.3427881002426147,1.590259313583374,1.4957438707351685,1.387927770614624,1.082007646560669,0.9809613227844238,0.6957070231437683,0.7409647703170776,0.7284109592437744,0.9124165773391724,1.16997492313385,0.39362144470214844,0.0,0.3962872326374054,0.6297836303710938,0.9694652557373047,1.2903529405593872,1.4423573017120361,1.125838279724121,0.9672612547874451,0.5895444750785828,0.5485155582427979,0.31217336654663086,0.6079668998718262,0.7494164109230042,1.025831699371338,1.6319500207901,1.391563057899475,1.5781303644180298,1.472214937210083,1.6931793689727783,1.8553955554962158,1.6823936700820923,1.3300621509552002,1.0987905263900757,0.7015992999076843,0.6770195364952087,0.4654373526573181,0.7070850729942322,0.8553534746170044,1.0780428647994995,1.212855577468872,1.0472133159637451,1.3214298486709595,1.273056149482727,1.6167463064193726,1.6639704704284668,1.8366819620132446,1.6809275150299072,1.6973940134048462,1.6085541248321533,1.345739722251892,1.5186750888824463,1.4259862899780273,1.7746198177337646,1.8028982877731323,1.8841458559036255,1.6414062976837158,1.9285809993743896,1.821885585784912,2.079852342605591,2.1950435638427734,2.033514976501465,1.7028731107711792,1.476142406463623,1.511247992515564,1.1964764595031738,1.3901512622833252,1.2787985801696777,1.5776599645614624,1.6513707637786865
B3,1.2117565870285034,0.9745146632194519,1.0449737310409546,1.0364824533462524,1.1672899723052979,1.4392598867416382,1.2958097457885742,1.2541903257369995,0.9261482954025269,0.9282739162445068,0.7912525534629822,0.8913946747779846,1.0176035165786743,1.1611863374710083,1.471958041191101,0.6325415968894958,0.3962872326374054,0.0,0.39537352323532104,0.6502795815467834,1.008078694343567,1.2216004133224487,0.976674497127533,0.8968575596809387,0.5521223545074463,0.7482100129127502,0.6467925906181335,0.9946468472480774,1.1020376682281494,1.3955581188201904,1.902451515197754,1.6297670602798462,1.7399441003799438,1.578711986541748,1.7215383052825928,1.846919298171997,1.5964127779006958,1.223987340927124,1.0351561307907104,0.691043496131897,0.862944483757019,0.7553923726081848,1.075034260749817,1.2028827667236328,1.4540501832962036,1.377220869064331,1.192418098449707,1.37211275100708,1.2797430753707886,1.5757232904434204,1.5541630983352661,1.78671133518219,1.6564414501190186,1.7579965591430664,1.7313792705535889,1.537370204925537,1.7706204652786255,1.7415653467178345,2.10451078414917,2.163975715637207,2.185654878616333,1.9026814699172974,2.1412353515625,1.9691604375839233,2.180960178375244,2.2336385250091553,2.0212221145629883,1.7391489744186401,1.5219453573226929,1.643619179725647,1.3909975290298462,1.6393013000488281,1.5945460796356201,1.8952152729034424,2.0078184604644775
B4,1.1601606607437134,0.8416826725006104,0.8068280220031738,0.6968109011650085,0.7888084053993225,1.043915867805481,0.9200083017349243,0.9188611507415771,0.6467259526252747,0.7856959104537964,0.7273173928260803,0.9815706014633179,1.1749651432037354,1.4027889966964722,1.7117187976837158,0.9698442220687866,0.6297836303710938,0.39537352323532104,0.0,0.3809071183204651,0.6609721183776855,0.8600929975509644,0.6343364715576172,0.5370920896530151,0.2931513488292694,0.6484213471412659,0.7450135946273804,1.1251858472824097,1.3074673414230347,1.624600887298584,1.7945470809936523,1.476253867149353,1.5145792961120605,1.2967106103897095,1.3871488571166992,1.4826081991195679,1.2086180448532104,0.8370712399482727,0.6755977272987366,0.4121052622795105,0.7226317524909973,0.7913469076156616,1.1597542762756348,1.3576488494873047,1.644471287727356,1.4587939977645874,1.1818360090255737,1.2820091247558594,1.0851160287857056,1.3286546468734741,1.2382973432540894,1.4522897005081177,1.3027122020721436,1.4484338760375977,1.4527792930603027,1.3311508893966675,1.6104882955551147,1.665345549583435,2.03747296333313,2.1564254760742188,2.106472969055176,1.777285099029541,1.9541276693344116,1.7361782789230347,1.8970614671707153,1.9266937971115112,1.6782243251800537,1.4223707914352417,1.2517694234848022,1.443973422050476,1.2590456008911133,1.5745296478271484,1.6097899675369263,1.9440572261810303,2.099655866622925
B5,1.4607831239700317,1.1529922485351562,1.0061341524124146,0.8485459685325623,0.7603551745414734,0.9594168663024902,0.7307111620903015,0.8022932410240173,0.5534051656723022,0.8107650279998779,0.9239987134933472,1.1699731349945068,1.4391911029815674,1.637226939201355,1.974893569946289,1.2787433862686157,0.9694652557373047,0.6502795815467834,0.3809071183204651,0.0,0.4026506841182709,0.6348361372947693,0.5594180226325989,0.6616741418838501,0.6140620112419128,0.9892979264259338,1.1204841136932373,1.4960272312164307,1.6778584718704224,1.9873536825180054,2.121974468231201,1.7832369804382324,1.7720104455947876,1.5029796361923218,1.5164326429367065,1.5330369472503662,1.191918134689331,0.8287090063095093,0.8139340281486511,0.7135491371154785,1.0591145753860474,1.1709728240966797,1.5353751182556152,1.7361586093902588,2.0169425010681152,1.6041003465652466,1.3325443267822266,1.329237937927246,1.111050009727478,1.2696417570114136,1.1112818717956543,1.3928765058517456,1.3100566864013672,1.5347479581832886,1.6213659048080444,1.5632601976394653,1.8840062618255615,1.9799323081970215,2.354483127593994,2.5011019706726074,2.3653974533081055,2.0166523456573486,2.144392967224121,1.872373342514038,1.9864611625671387,1.9394805431365967,1.6597251892089844,1.4785711765289307,1.3157693147659302,1.5722922086715698,1.4615809917449951,1.7920355796813965,1.8812884092330933,2.2003297805786133,2.3922646045684814
B6,1.5181808471679688,1.2090643644332886,0.9517578482627869,0.7420642375946045,0.48891326785087585,0.6429530382156372,0.4607129991054535,0.7173381447792053,0.6664051413536072,1.028507947921753,1.1775827407836914,1.4845491647720337,1.7557342052459717,1.992863655090332,2.3183529376983643,1.6217020750045776,1.2903529405593872,1.008078694343567,0.6609721183776855,0.4026506841182709,0.0,0.39938467741012573,0.5610740780830383,0.6639003753662109,0.8083449006080627,1.1747721433639526,1.3731881380081177,1.7466449737548828,1.943847894668579,2.271740674972534,2.154768466949463,1.8065080642700195,1.7097628116607666,1.4128094911575317,1.3286999464035034,1.3052359819412231,0.9205163717269897,0.6375738382339478,0.7158410549163818,0.8231725096702576,1.1942126750946045,1.3815715312957764,1.7540417909622192,1.9684200286865234,2.2754902839660645,1.8957242965698242,1.579615831375122,1.5186132192611694,1.222283124923706,1.2822264432907104,1.0112639665603638,1.2485792636871338,1.1433955430984497,1.4349156618118286,1.5507407188415527,1.5898221731185913,1.9216115474700928,2.085883855819702,2.4486849308013916,2.631394624710083,2.4747424125671387,2.1008639335632324,2.1625027656555176,1.8581383228302002,1.8950777053833008,1.8165053129196167,1.4845378398895264,1.3726887702941895,1.3051130771636963,1.6255955696105957,1.590078353881836,1.9543792009353638,2.0914320945739746,2.4280779361724854,2.6353626251220703
B7,1.7601714134216309,1.406075358390808,1.1876708269119263,0.870587170124054,0.6316045522689819,0.5165575742721558,0.12962670624256134,0.3795183300971985,0.5122926831245422,0.8936301469802856,1.1224077939987183,1.450130820274353,1.756964087486267,2.0197346210479736,2.338388442993164,1.8082622289657593,1.4423573017120361,1.2216004133224487,0.8600929975509644,0.6348361372947693,0.39938467741012573,0.0,0.38916581869125366,0.6397684216499329,0.907508373260498,1.2226231098175049,1.5017151832580566,1.8434890508651733,2.0997395515441895,2.400614023208618,2.1759941577911377,1.7988451719284058,1.6984996795654297,1.346675157546997,1.255292534828186,1.1211744546890259,0.7530218958854675,0.4932381808757782,0.7656763195991516,0.9305274486541748,1.243757724761963,1.5097695589065552,1.8460825681686401,2.117103338241577,2.3964078426361084,1.7893970012664795,1.4509650468826294,1.3075995445251465,0.9750993847846985,0.9443279504776001,0.6276187896728516,0.8811689615249634,0.8537172079086304,1.1738041639328003,1.3723417520523071,1.4542851448059082,1.8190133571624756,2.0225985050201416,2.3775227069854736,2.6042871475219727,2.3164258003234863,1.9326517581939697,1.939579963684082,1.5981924533843994,1.6038099527359009,1.4716476202011108,1.1463043689727783,1.0861245393753052,1.0232975482940674,1.3770513534545898,1.4246466159820557,1.7904731035232544,1.9927932024002075,2.3136870861053467,2.5625743865966797
B8,1.5948002338409424,1.2146024703979492,1.1009547710418701,0.7708527445793152,0.7082260847091675,0.6781081557273865,0.43134215474128723,0.28462398052215576,0.20989584922790527,0.5563909411430359,0.7385878562927246,1.0827674865722656,1.377803921699524,1.6577125787734985,1.9644051790237427,1.5062330961227417,1.125838279724121,0.976674497127533,0.6343364715576172,0.5594180226325989,0.5610740780830383,0.38916581869125366,0.0,0.3699673116207123,0.600511372089386,0.8769338130950928,1.1742379665374756,1.4944860935211182,1.77510666847229,2.054771661758423,1.9160248041152954,1.5350253582000732,1.5078874826431274,1.1683239936828613,1.1881293058395386,1.1094547510147095,0.8209356665611267,0.4483077824115753,0.6265184879302979,0.6610850095748901,0.92208331823349,1.1942330598831177,1.5047988891601562,1.7979289293289185,2.0525872707366943,1.4345402717590332,1.0840970277786255,0.9958117604255676,0.6703375577926636,0.7733275890350342,0.6074721813201904,0.8470585942268372,0.7868101000785828,1.0089367628097534,1.1643160581588745,1.158964991569519,1.5244828462600708,1.6890649795532227,2.0533814430236816,2.2672932147979736,1.9807261228561401,1.6072708368301392,1.6671518087387085,1.3567286729812622,1.4456117153167725,1.381285309791565,1.1177023649215698,0.937360942363739,0.7775607109069824,1.0812231302261353,1.0674327611923218,1.4287279844284058,1.6113336086273193,1.9337786436080933,2.1767513751983643
B9,1.2601137161254883,0.8705999851226807,0.7972034811973572,0.46127796173095703,0.569261908531189,0.6557187438011169,0.6298214793205261,0.5788169503211975,0.5218105912208557,0.7359694242477417,0.7217467427253723,1.0966264009475708,1.304261565208435,1.6199713945388794,1.8919037580490112,1.3564255237579346,0.9672612547874451,0.8968575596809387,0.5370920896530151,0.6616741418838501,0.6639003753662109,0.6397684216499329,0.3699673116207123,0.0,0.3816693127155304,0.6130850315093994,0.9316803812980652,1.2471367120742798,1.5222476720809937,1.821520209312439,1.57192862033844,1.2003339529037476,1.1704057455062866,0.864054262638092,0.9288353323936462,0.9655589461326599,0.7320176959037781,0.366010457277298,0.30582624673843384,0.34550225734710693,0.6085014939308167,0.910600483417511,1.2287453413009644,1.5153284072875977,1.7953604459762573,1.4957932233810425,1.1300212144851685,1.1513032913208008,0.8353671431541443,1.0070865154266357,0.8759626150131226,0.9830772876739502,0.7773184180259705,0.9289673566818237,0.9641051888465881,0.9358892440795898,1.265934944152832,1.4282774925231934,1.7909170389175415,1.989656925201416,1.8216136693954468,1.4507036209106445,1.5426850318908691,1.2847301959991455,1.392431616783142,1.4254250526428223,1.1634174585342407,0.905361533164978,0.809565007686615,1.0631887912750244,0.980505645275116,1.352920651435852,1.4872088432312012,1.8428529500961304,2.0432605743408203
B10,1.0966709852218628,0.7314949035644531,0.778436541557312,0.6064472198486328,0.8009830117225647,1.0047194957733154,0.9377800822257996,0.8661681413650513,0.6407949328422546,0.7193244099617004,0.5680121183395386,0.8801785707473755,1.039336085319519,1.3268182277679443,1.603756070137024,0.9759030938148499,0.5895444750785828,0.5521223545074463,0.2931513488292694,0.6140620112419128,0.8083449006080627,0.907508373260498,0.600511372089386,0.3816693127155304,0.0,0.3806595504283905,0.5947134494781494,0.9488786458969116,1.1925230026245117,1.4982260465621948,1.5405783653259277,1.2076374292373657,1.2709025144577026,1.0532699823379517,1.198026180267334,1.3093153238296509,1.0998233556747437,0.7409924864768982,0.5437718033790588,0.19338595867156982,0.44853100180625916,0.6128237843513489,0.9612926840782166,1.2156628370285034,1.4943238496780396,1.3429170846939087,1.0288387537002563,1.159567952156067,0.9461033940315247,1.21638023853302,1.1669447422027588,1.3174912929534912,1.135048747062683,1.2221441268920898,1.1908596754074097,1.0434015989303589,1.318283200263977,1.3798238039016724,1.7528369426727295,1.8885598182678223,1.8249167203903198,1.49330472946167,1.6754982471466064,1.4786796569824219,1.6585333347320557,1.7301665544509888,1.509926199913025,1.2133228778839111,1.0462591648101807,1.2048884630203247,1.0028725862503052,1.3262029886245728,1.3680213689804077,1.7186702489852905,1.8768051862716675
B11,1.059183955192566,0.7148278951644897,0.9221388697624207,0.7908108830451965,1.0792405605316162,1.2454826831817627,1.2334058284759521,1.0947047472000122,0.905617892742157,0.8516685366630554,0.543556809425354,0.8064591884613037,0.839911162853241,1.1733828783035278,1.3848397731781006,0.9057744145393372,0.5485155582427979,0.7482100129127502,0.6484213471412659,0.9892979264259338,1.1747721433639526,1.2226231098175049,0.8769338130950928,0.6130850315093994,0.3806595504283905,0.0,0.38472023606300354,0.6386329531669617,0.9462761878967285,1.2192462682724,1.2455381155014038,0.9306116104125977,1.093869686126709,0.9472362399101257,1.20039701461792,1.358751893043518,1.2579948902130127,0.9555368423461914,0.7261040806770325,0.3921222686767578,0.16926345229148865,0.3698917031288147,0.6291972994804382,0.9433557987213135,1.1913291215896606,1.2290743589401245,0.9271631836891174,1.1528385877609253,0.9956685304641724,1.3112289905548096,1.346253514289856,1.4212162494659424,1.213792085647583,1.182995080947876,1.0622438192367554,0.8143665194511414,1.0224289894104004,1.023512601852417,1.3951443433761597,1.5141522884368896,1.503835678100586,1.2039326429367065,1.4441261291503906,1.3267415761947632,1.56401789188385,1.7148449420928955,1.560937523841858,1.208324909210205,1.0357955694198608,1.0780155658721924,0.7952126264572144,1.070505976676941,1.053963541984558,1.4171035289764404,1.5432054996490479
B12,0.9553046226501465,0.7231452465057373,1.0102380514144897,1.0178375244140625,1.313838243484497,1.5524473190307617,1.52970552444458,1.421739935874939,1.1739658117294312,1.0884995460510254,0.7526864409446716,0.8637028932571411,0.7801268100738525,1.0358538627624512,1.2244454622268677,0.5651546120643616,0.31217336654663086,0.6467925906181335,0.7450135946273804,1.1204841136932373,1.3731881380081177,1.5017151832580566,1.1742379665374756,0.9316803812980652,0.5947134494781494,0.38472023606300354,0.0,0.38540440797805786,0.6011894345283508,0.9067858457565308,1.3213682174682617,1.0969535112380981,1.3070557117462158,1.2492895126342773,1.5062378644943237,1.7103147506713867,1.5947986841201782,1.2849031686782837,1.0092573165893555,0.6302905082702637,0.4634135961532593,0.16588515043258667,0.4330765902996063,0.6422664523124695,0.906463623046875,1.3032543659210205,1.0965912342071533,1.388484001159668,1.3044517040252686,1.6445094347000122,1.6900861263275146,1.7969474792480469,1.5933995246887207,1.5636252164840698,1.414306640625,1.1372737884521484,1.261008620262146,1.160131573677063,1.5018715858459473,1.5287492275238037,1.683189868927002,1.4462852478027344,1.7405034303665161,1.6721878051757812,1.9305931329727173,2.0947887897491455,1.945285677909851,1.5924426317214966,1.4081661701202393,1.415564775466919,1.0878064632415771,1.2812504768371582,1.1533267498016357,1.4816689491271973,1.5318379402160645
B13,1.1187645196914673,0.9653635025024414,1.3124750852584839,1.3319454193115234,1.6559075117111206,1.867758870124817,1.8638077974319458,1.7165486812591553,1.4856055974960327,1.3341673612594604,0.9570762515068054,0.9720492362976074,0.7348313331604004,0.9673359990119934,1.0388433933258057,0.6714680790901184,0.6079668998718262,0.9946468472480774,1.1251858472824097,1.4960272312164307,1.7466449737548828,1.8434890508651733,1.4944860935211182,1.2471367120742798,0.9488786458969116,0.6386329531669617,0.38540440797805786,0.0,0.374920129776001,0.5845635533332825,1.2015291452407837,1.0610909461975098,1.3602391481399536,1.380317211151123,1.6931171417236328,1.915833592414856,1.867280125617981,1.58819580078125,1.3168649673461914,0.9691013693809509,0.6847423315048218,0.4058268666267395,0.16156414151191711,0.3970479369163513,0.5590144395828247,1.3105641603469849,1.1696076393127441,1.5180450677871704,1.494831919670105,1.8498350381851196,1.9520576000213623,2.0178418159484863,1.8136411905288696,1.7095385789871216,1.5096911191940308,1.1757394075393677,1.1929383277893066,0.9832921028137207,1.2767302989959717,1.23507559299469,1.5032660961151123,1.3470711708068848,1.6938188076019287,1.7119219303131104,2.0094802379608154,2.2257778644561768,2.132917881011963,1.7578694820404053,1.571947455406189,1.487108588218689,1.122718334197998,1.2089532613754272,0.9806864261627197,1.2726045846939087,1.2461117506027222
