,A1,A2,A3,A4,A5,A6,A7,A8,A9,A10,A11,A12,A13,A14,A15,B1,B2,B3,B4,B5,B6,B7,B8,B9,B10,B11,B12,B13,B14,B15,C1,C2,C3,C4,C5,C6,C7,C8,C9,C10,C11,C12,C13,C14,C15,D1,D2,D3,D4,D5,D6,D7,D8,D9,D10,D11,D12,D13,D14,D15,E1,E2,E3,E4,E5,E6,E7,E8,E9,E10,E11,E12,E13,E14,E15
A1,0.0,0.38953179121017456,0.6140881776809692,0.9707651138305664,1.2460544109344482,1.5227646827697754,1.8231513500213623,1.740463376045227,1.5657072067260742,1.3579508066177368,1.0048518180847168,0.8499559164047241,0.6040298342704773,0.5506877303123474,0.6268786787986755,1.466326355934143,1.1905230283737183,1.203371286392212,1.029407262802124,1.2251254320144653,1.1074374914169312,1.2926970720291138,1.248380184173584,1.4075679779052734,1.4275965690612793,1.2315188646316528,1.5404688119888306,1.5787065029144287,1.8549790382385254,2.0591342449188232,1.6263477802276611,1.310920000076294,1.3132412433624268,1.0788384675979614,1.2691618204116821,1.1373906135559082,1.282233476638794,1.233669400215149,1.374248743057251,1.401287317276001,1.2422288656234741,1.58597731590271,1.6354575157165527,1.9393659830093384,2.1590757369995117,1.7276155948638916,1.6170716285705566,1.9761713743209839,2.0698695182800293,2.428656578063965,2.6304538249969482,2.6907408237457275,2.370335817337036,2.1128180027008057,1.7534667253494263,1.5727776288986206,1.5466594696044922,1.3419878482818604,1.564475178718567,1.489070177078247,2.119868755340576,1.9229627847671509,2.2350003719329834,2.211934804916382,2.5514791011810303,2.6700072288513184,2.7103705406188965,2.3997654914855957,2.2539124488830566,1.9743447303771973,1.8134572505950928,1.9718478918075562,1.8239734172821045,2.149343490600586,2.167597532272339
A2,0.38953179121017456,0.0,0.38064897060394287,0.6489912867546082,0.9769736528396606,1.2378262281417847,1.5029733180999756,1.385364294052124,1.220893144607544,1.0206634998321533,0.6508087515830994,0.6054381132125854,0.45890533924102783,0.6203546524047852,0.8425621390342712,1.4200602769851685,1.0945664644241333,1.180822491645813,1.0037157535552979,1.2656077146530151,1.222618818283081,1.3409663438796997,1.1845927238464355,1.2649199962615967,1.2127728462219238,1.0233869552612305,1.3597813844680786,1.3924720287322998,1.716204047203064,1.9163663387298584,1.524208426475525,1.179322600364685,1.2580417394638062,1.0443683862686157,1.3020426034927368,1.2586508989334106,1.3559612035751343,1.196938157081604,1.2418427467346191,1.180497407913208,1.0181740522384644,1.3694251775741577,1.4066716432571411,1.7458640336990356,1.9525121450424194,1.399696707725525,1.2667419910430908,1.6127325296401978,1.7165157794952393,2.071603298187256,2.2986772060394287,2.3714804649353027,2.0603017807006836,1.7819753885269165,1.4116363525390625,1.2092084884643555,1.158853530883789,0.9603005647659302,1.1988468170166016,1.1759451627731323,1.7443290948867798,1.554276466369629,1.8750208616256714,1.88310706615448,2.2325363159179688,2.384397506713867,2.4532346725463867,2.150038480758667,1.9745491743087769,1.6693605184555054,1.4749561548233032,1.6053036451339722,1.4386677742004395,1.760653018951416,1.7828233242034912
A3,0.6140881776809692,0.38064897060394287,0.0,0.38034844398498535,0.6335550546646118,0.9288084506988525,1.2165217399597168,1.1602832078933716,1.0214073657989502,0.9218913316726685,0.6383416056632996,0.5781049728393555,0.6464378833770752,0.7117398381233215,1.035546898841858,1.7845613956451416,1.4394361972808838,1.4992167949676514,1.2597709894180298,1.465781569480896,1.362051010131836,1.3756033182144165,1.1919028759002686,1.3233952522277832,1.3245679140090942,1.2357122898101807,1.603196382522583,1.6803252696990967,2.0216541290283203,2.236910581588745,1.8774644136428833,1.5282680988311768,1.6147100925445557,1.3738508224487305,1.59696626663208,1.513082504272461,1.5231481790542603,1.3271286487579346,1.4045283794403076,1.3589102029800415,1.2766778469085693,1.6370185613632202,1.691214919090271,2.047677516937256,2.2457144260406494,1.4016519784927368,1.3414164781570435,1.672485113143921,1.8303507566452026,2.1696033477783203,2.4450502395629883,2.527730941772461,2.224043846130371,1.9007809162139893,1.5116243362426758,1.3135309219360352,1.1478271484375,0.9398611783981323,1.0691418647766113,0.9960683584213257,1.751523733139038,1.6288120746612549,1.9699532985687256,2.0391247272491455,2.392327308654785,2.591228723526001,2.6768035888671875,2.3711140155792236,2.147418260574341,1.8024276494979858,1.6008574962615967,1.6455968618392944,1.4330819845199585,1.6997509002685547,1.6603126525878906
A4,0.9707651138305664,0.6489912867546082,0.38034844398498535,0.0,0.3637003004550934,0.6158211827278137,0.8581452965736389,0.7879020571708679,0.7075945734977722,0.7170429229736328,0.5344940423965454,0.6559314131736755,0.8595681190490723,1.0138314962387085,1.3629807233810425,1.9258588552474976,1.5705028772354126,1.6766746044158936,1.4506016969680786,1.679266333580017,1.6233683824539185,1.5829282999038696,1.3253364562988281,1.3841594457626343,1.3283687829971313,1.281840443611145,1.642220377922058,1.713149905204773,2.0772159099578857,2.277731418609619,1.9636532068252563,1.6195893287658691,1.7612278461456299,1.5530483722686768,1.8036009073257446,1.7746553421020508,1.752097725868225,1.4900102615356445,1.4893181324005127,1.3701525926589966,1.3113889694213867,1.6419161558151245,1.6777435541152954,2.0469915866851807,2.2164416313171387,1.168343424797058,1.1301956176757812,1.4203495979309082,1.6139665842056274,1.9318767786026,2.2444779872894287,2.3476192951202393,2.0697131156921387,1.7250114679336548,1.3402223587036133,1.1246949434280396,0.8714978694915771,0.6723325848579407,0.7281020879745483,0.7063234448432922,1.4566632509231567,1.3861632347106934,1.7355937957763672,1.8638595342636108,2.2176356315612793,2.457537889480591,2.5779356956481934,2.2920098304748535,2.0368685722351074,1.6703391075134277,1.4347912073135376,1.405115008354187,1.1472760438919067,1.3688781261444092,1.2955666780471802
A5,1.2460544109344482,0.9769736528396606,0.6335550546646118,0.3637003004550934,0.0,0.38158297538757324,0.6264496445655823,0.6825157403945923,0.6745030879974365,0.8406100869178772,0.8084044456481934,0.8809231519699097,1.147097110748291,1.233097791671753,1.6058119535446167,2.282176971435547,1.9187623262405396,1.9988523721694946,1.7387807369232178,1.9227408170700073,1.8265385627746582,1.716279149055481,1.4583971500396729,1.5530858039855957,1.5471320152282715,1.5714526176452637,1.9362306594848633,2.0379297733306885,2.4027256965637207,2.614452362060547,2.324146032333374,1.9791524410247803,2.1121177673339844,1.8833034038543701,2.1052515506744385,2.0455639362335205,1.9700024127960205,1.6992769241333008,1.727481484413147,1.635047197341919,1.631548285484314,1.9591542482376099,2.0107533931732178,2.380760908126831,2.5462028980255127,1.3393442630767822,1.3693565130233765,1.616693377494812,1.8408797979354858,2.1267249584198,2.4684090614318848,2.573005437850952,2.3079984188079834,1.940502643585205,1.5655707120895386,1.3803781270980835,1.0614622831344604,0.9041579961776733,0.810592770576477,0.7364750504493713,1.5982588529586792,1.5961410999298096,1.9374303817749023,2.1081607341766357,2.4501171112060547,2.7208240032196045,2.847623348236084,2.5635671615600586,2.2783734798431396,1.8964931964874268,1.6754570007324219,1.5741208791732788,1.299931526184082,1.4361168146133423,1.294091820716858
A6,1.5227646827697754,1.2378262281417847,0.9288084506988525,0.6158211827278137,0.38158297538757324,0.0,0.3954842686653137,0.6134963631629944,0.8072441816329956,1.0697908401489258,1.0655319690704346,1.2199262380599976,1.4699684381484985,1.5875120162963867,1.947824478149414,2.492534637451172,2.149655342102051,2.281346321105957,2.0560619831085205,2.2697665691375732,2.1935722827911377,2.094080686569214,1.8246729373931885,1.8849506378173828,1.8320279121398926,1.8362774848937988,2.180873155593872,2.2402002811431885,2.6118345260620117,2.7856974601745605,2.4657082557678223,2.152784585952759,2.3407866954803467,2.1579103469848633,2.4137730598449707,2.3828935623168945,2.3300037384033203,2.050344944000244,2.0388896465301514,1.8949065208435059,1.8578821420669556,2.1511361598968506,2.149559736251831,2.516063690185547,2.630589246749878,1.1776617765426636,1.3074930906295776,1.5262720584869385,1.8170615434646606,2.0876524448394775,2.4502108097076416,2.6050660610198975,2.3857173919677734,2.0334064960479736,1.6866730451583862,1.454906702041626,1.1009039878845215,0.904994010925293,0.663055419921875,0.5117012858390808,1.4669063091278076,1.5596990585327148,1.9148938655853271,2.1445703506469727,2.4882030487060547,2.7724945545196533,2.947645902633667,2.6994543075561523,2.4189391136169434,2.0437660217285156,1.7768621444702148,1.6311250925064087,1.3042598962783813,1.3653169870376587,1.131571888923645
A7,1.8231513500213623,1.5029733180999756,1.2165217399597168,0.8581452965736389,0.6264496445655823,0.3954842686653137,0.0,0.37134793400764465,0.6795464754104614,1.0375171899795532,1.1620744466781616,1.3574423789978027,1.6574558019638062,1.810307502746582,2.1853792667388916,2.645191192626953,2.2931599617004395,2.4247756004333496,2.198091983795166,2.405423641204834,2.363090753555298,2.22147536277771,1.9119263887405396,1.918256163597107,1.8435946702957153,1.90293550491333,2.2238969802856445,2.30214786529541,2.6716222763061523,2.848393678665161,2.6144843101501465,2.299891471862793,2.4911608695983887,2.313021183013916,2.561467170715332,2.5616157054901123,2.4706170558929443,2.1515841484069824,2.093863010406494,1.9242722988128662,1.9372166395187378,2.196932554244995,2.2126901149749756,2.5707812309265137,2.6811816692352295,1.262277364730835,1.3590346574783325,1.4772143363952637,1.7485026121139526,1.9591960906982422,2.3415443897247314,2.4820632934570312,2.285841464996338,1.9222675561904907,1.612291932106018,1.4330759048461914,1.0472400188446045,0.9765080213546753,0.687023937702179,0.7180900573730469,1.359809398651123,1.4918617010116577,1.8003181219100952,2.064432144165039,2.377821207046509,2.6968963146209717,2.8767948150634766,2.6430602073669434,2.334157705307007,1.958396077156067,1.7105098962783813,1.4889421463012695,1.1751964092254639,1.1382203102111816,0.875575065612793
A8,1.740463376045227,1.385364294052124,1.1602832078933716,0.7879020571708679,0.6825157403945923,0.6134963631629944,0.37134793400764465,0.0,0.3800799548625946,0.735348105430603,0.9175491333007812,1.1617685556411743,1.4705067873001099,1.677303433418274,2.045170307159424,2.389238119125366,2.033553123474121,2.1664209365844727,1.9547390937805176,2.1736581325531006,2.1806552410125732,2.0464611053466797,1.7073304653167725,1.6506694555282593,1.5333360433578491,1.6045514345169067,1.9040807485580444,1.9908183813095093,2.3550641536712646,2.53810453414917,2.372149705886841,2.050917387008667,2.233707904815674,2.063920736312866,2.311157703399658,2.3498220443725586,2.255232095718384,1.9130977392196655,1.8051273822784424,1.6068928241729736,1.640840768814087,1.8787709474563599,1.915446162223816,2.2670021057128906,2.3938941955566406,1.1850968599319458,1.169511079788208,1.2493566274642944,1.4593607187271118,1.6585791110992432,2.035137414932251,2.143627643585205,1.933547019958496,1.5610014200210571,1.2551987171173096,1.1148649454116821,0.729518473148346,0.7718483209609985,0.580340564250946,0.7920814752578735,1.144202709197998,1.2112725973129272,1.4919564723968506,1.7357988357543945,2.03944993019104,2.3642218112945557,2.526677370071411,2.287590503692627,1.969955563545227,1.5937625169754028,1.3607405424118042,1.1287758350372314,0.8387241959571838,0.8320885896682739,0.6666338443756104
A9,1.5657072067260742,1.220893144607544,1.0214073657989502,0.7075945734977722,0.6745030879974365,0.8072441816329956,0.6795464754104614,0.3800799548625946,0.0,0.3896406292915344,0.6627514362335205,0.8616374135017395,1.1993070840835571,1.4042330980300903,1.7721790075302124,2.1831157207489014,1.805985689163208,1.8865960836410522,1.6451629400253296,1.8354051113128662,1.8492094278335571,1.6961103677749634,1.3453654050827026,1.2786691188812256,1.188341498374939,1.3080793619155884,1.6200315952301025,1.7615694999694824,2.1176865100860596,2.3433914184570312,2.236419200897217,1.8840224742889404,2.0093376636505127,1.798083782196045,2.008185386657715,2.0378875732421875,1.9105968475341797,1.5582448244094849,1.4583535194396973,1.29753839969635,1.3923708200454712,1.655143141746521,1.7591488361358643,2.1107747554779053,2.293826103210449,1.3723009824752808,1.2555903196334839,1.3565640449523926,1.4753934144973755,1.6817402839660645,2.0291194915771484,2.0717086791992188,1.8083490133285522,1.4120122194290161,1.0743738412857056,1.0180954933166504,0.685853123664856,0.8124935030937195,0.7917013168334961,1.01308274269104,1.3027515411376953,1.2507004737854004,1.4987698793411255,1.668429970741272,1.9625214338302612,2.275724411010742,2.3807003498077393,2.101067543029785,1.7684879302978516,1.3787198066711426,1.211249589920044,1.0226061344146729,0.8248857259750366,0.9249452948570251,0.912140965461731
A10,1.3579508066177368,1.0206634998321533,0.9218913316726685,0.7170429229736328,0.8406100869178772,1.0697908401489258,1.0375171899795532,0.735348105430603,0.3896406292915344,0.0,0.38517364859580994,0.5762129426002502,0.8924818634986877,1.1397145986557007,1.479356288909912,1.8453326225280762,1.4594022035598755,1.5126444101333618,1.2717325687408447,1.4692621231079102,1.5233045816421509,1.404152750968933,1.043442964553833,0.9274733066558838,0.807181715965271,0.9257664680480957,1.2460410594940186,1.4160305261611938,1.7647470235824585,2.0167949199676514,1.9503533840179443,1.5803014039993286,1.6621028184890747,1.4336800575256348,1.6296541690826416,1.678705096244812,1.5590258836746216,1.1995147466659546,1.0730531215667725,0.915465772151947,1.036538004875183,1.3179010152816772,1.4703394174575806,1.8171056509017944,2.044466495513916,1.4430618286132812,1.2306842803955078,1.3577831983566284,1.3899922370910645,1.6182539463043213,1.9190247058868408,1.9145134687423706,1.6041244268417358,1.2113449573516846,0.8424311876296997,0.8457099795341492,0.6398540139198303,0.8101756572723389,0.9560714960098267,1.1888912916183472,1.3708282709121704,1.201889157295227,1.4234254360198975,1.504992961883545,1.7972283363342285,2.076920986175537,2.134817361831665,1.8232519626617432,1.5020006895065308,1.1131163835525513,0.9925901293754578,0.908751904964447,0.8090399503707886,1.0368952751159668,1.1406950950622559
A11,1.0048518180847168,0.6508087515830994,0.6383416056632996,0.5344940423965454,0.8084044456481934,1.0655319690704346,1.1620744466781616,0.9175491333007812,0.6627514362335205,0.38517364859580994,0.0,0.3667299449443817,0.586585283279419,0.8820255994796753,1.2002052068710327,1.5646748542785645,1.1813799142837524,1.2661367654800415,1.0483672618865967,1.3022032976150513,1.3491184711456299,1.3247758150100708,1.0136961936950684,0.9474648833274841,0.812201201915741,0.7725371718406677,1.1293303966522217,1.2439801692962646,1.604699730873108,1.8407186269760132,1.6642436981201172,1.288633942604065,1.38375985622406,1.1620920896530151,1.4033772945404053,1.446442723274231,1.4085750579833984,1.09598708152771,1.0010600090026855,0.8414942026138306,0.8337344527244568,1.1661043167114258,1.277880311012268,1.6398354768753052,1.86555814743042,1.301317811012268,1.0834689140319824,1.3079593181610107,1.360944151878357,1.6570250988006592,1.928795576095581,1.9576174020767212,1.6384841203689575,1.289083480834961,0.8967929482460022,0.7862651944160461,0.6609304547309875,0.675011157989502,0.9174615144729614,1.0841535329818726,1.3832579851150513,1.1795928478240967,1.4541804790496826,1.4987380504608154,1.8271735906600952,2.05637526512146,2.122467041015625,1.8090062141418457,1.545620083808899,1.1823197603225708,1.0092517137527466,1.0462943315505981,0.9116684794425964,1.2174558639526367,1.3010985851287842
A12,0.8499559164047241,0.6054381132125854,0.5781049728393555,0.6559314131736755,0.8809231519699097,1.2199262380599976,1.3574423789978027,1.1617685556411743,0.8616374135017395,0.5762129426002502,0.3667299449443817,0.0,0.3690894842147827,0.564026415348053,0.9144610166549683,1.600207805633545,1.2072858810424805,1.1820602416992188,0.8782577514648438,1.0550780296325684,1.030367374420166,0.982155978679657,0.7016307711601257,0.754340648651123,0.7728167772293091,0.7869201898574829,1.1671644449234009,1.3483331203460693,1.6770163774490356,1.9566928148269653,1.7901012897491455,1.3980389833450317,1.3987276554107666,1.0931240320205688,1.2552886009216309,1.2116775512695312,1.1250637769699097,0.8368901610374451,0.8734934329986572,0.8687827587127686,0.9286692142486572,1.2981754541397095,1.4704265594482422,1.8134589195251465,2.0818583965301514,1.6248390674591064,1.4271665811538696,1.6702769994735718,1.7053190469741821,1.995808720588684,2.246570110321045,2.2383317947387695,1.8940659761428833,1.5499153137207031,1.1691064834594727,1.1217496395111084,1.0237184762954712,1.0192064046859741,1.2316745519638062,1.3298031091690063,1.7498847246170044,1.5377392768859863,1.7938586473464966,1.7993214130401611,2.108996629714966,2.316798210144043,2.333306312561035,1.991268277168274,1.734572172164917,1.387570858001709,1.2916343212127686,1.353503942489624,1.2618582248687744,1.554720163345337,1.6321964263916016
A13,0.6040298342704773,0.45890533924102783,0.6464378833770752,0.8595681190490723,1.147097110748291,1.4699684381484985,1.6574558019638062,1.4705067873001099,1.1993070840835571,0.8924818634986877,0.586585283279419,0.3690894842147827,0.0,0.3726787865161896,0.6190310120582581,1.3138427734375,0.9390395879745483,0.8949527144432068,0.6157989501953125,0.8442499041557312,0.8387883305549622,0.9410329461097717,0.7662136554718018,0.8288648724555969,0.8285722732543945,0.6969550251960754,1.0516260862350464,1.1924587488174438,1.4938430786132812,1.7660714387893677,1.543041467666626,1.1566942930221558,1.1129573583602905,0.7930564880371094,0.9685777425765991,0.9170085787773132,0.9379069209098816,0.740075945854187,0.8104453682899475,0.8408329486846924,0.7991752624511719,1.1765683889389038,1.3364176750183105,1.656849980354309,1.9376877546310425,1.6991562843322754,1.4800852537155151,1.7591757774353027,1.7678678035736084,2.0828447341918945,2.2864489555358887,2.277672052383423,1.926789402961731,1.635535478591919,1.2758510112762451,1.2055251598358154,1.2054365873336792,1.1526159048080444,1.4236912727355957,1.4924116134643555,1.8861430883407593,1.6328418254852295,1.8845882415771484,1.833633542060852,2.1436519622802734,2.29541277885437,2.2929704189300537,1.95058274269104,1.754730463027954,1.4567005634307861,1.3661067485809326,1.5179766416549683,1.4492324590682983,1.7839767932891846,1.8817460536956787
A14,0.5506877303123474,0.6203546524047852,0.7117398381233215,1.0138314962387085,1.233097791671753,1.5875120162963867,1.810307502746582,1.677303433418274,1.4042330980300903,1.1397145986557007,0.8820255994796753,0.564026415348053,0.3726787865161896,0.0,0.39054614305496216,1.549717903137207,1.2076104879379272,1.0775727033615112,0.754584789276123,0.8330265283584595,0.6593083143234253,0.7545338273048401,0.7118279933929443,0.9383537769317627,1.0749199390411377,1.0093858242034912,1.3421536684036255,1.5105756521224976,1.776261568069458,2.0617618560791016,1.8205279111862183,1.4507858753204346,1.351787805557251,0.9985732436180115,1.0681060552597046,0.8742969036102295,0.8496725559234619,0.760333776473999,0.9941142797470093,1.138601541519165,1.141474723815918,1.5107773542404175,1.6837959289550781,1.9867291450500488,2.2756526470184326,1.9808528423309326,1.8068443536758423,2.104403495788574,2.1349081993103027,2.450711488723755,2.6588428020477295,2.6431398391723633,2.286677837371826,1.990157127380371,1.6303409337997437,1.5695343017578125,1.5324642658233643,1.4522244930267334,1.6767600774765015,1.683820128440857,2.220573663711548,1.990022897720337,2.2512917518615723,2.2049741744995117,2.5103256702423096,2.6581387519836426,2.6372127532958984,2.2858381271362305,2.090679883956909,1.7964226007461548,1.7297089099884033,1.8627110719680786,1.7837255001068115,2.0984628200531006,2.164851665496826
A15,0.6268786787986755,0.8425621390342712,1.035546898841858,1.3629807233810425,1.6058119535446167,1.947824478149414,2.1853792667388916,2.045170307159424,1.7721790075302124,1.479356288909912,1.2002052068710327,0.9144610166549683,0.6190310120582581,0.39054614305496216,0.0,1.417700171470642,1.1421103477478027,0.9445745348930359,0.686570942401886,0.7056247591972351,0.5159971714019775,0.8030819296836853,0.901323139667511,1.1080268621444702,1.2424360513687134,1.1155726909637451,1.373761534690857,1.5177520513534546,1.7196727991104126,1.9978381395339966,1.7464884519577026,1.4133974313735962,1.2357935905456543,0.8885043263435364,0.8777799010276794,0.6053418517112732,0.7099079489707947,0.7984544634819031,1.066907525062561,1.260007619857788,1.2226277589797974,1.552613377571106,1.7256747484207153,1.9800024032592773,2.2812447547912598,2.222651243209839,2.0288522243499756,2.3341305255889893,2.3309481143951416,2.650218963623047,2.813460111618042,2.7815256118774414,2.4215335845947266,2.171719551086426,1.8425495624542236,1.7922307252883911,1.821222186088562,1.7356055974960327,1.9941638708114624,1.9952915906906128,2.4801998138427734,2.217115879058838,2.457667350769043,2.3606815338134766,2.6494059562683105,2.7467877864837646,2.6932742595672607,2.3444392681121826,2.2030088901519775,1.9603761434555054,1.9216034412384033,2.111469268798828,2.064497947692871,2.4027678966522217,2.4939541816711426
B1,1.466326355934143,1.4200602769851685,1.7845613956451416,1.9258588552474976,2.282176971435547,2.492534637451172,2.645191192626953,2.389238119125366,2.1831157207489014,1.8453326225280762,1.5646748542785645,1.600207805633545,1.3138427734375,1.549717903137207,1.417700171470642,0.0,0.39886146783828735,0.6330836415290833,0.9948845505714417,1.2936140298843384,1.5681674480438232,1.878021001815796,1.794269323348999,1.631635308265686,1.4023573398590088,1.0300183296203613,0.9036155939102173,0.6565963625907898,0.6525819301605225,0.7078170776367188,0.48910093307495117,0.40707501769065857,0.2157004326581955,0.6086562871932983,0.845373272895813,1.15908682346344,1.4791170358657837,1.4595415592193604,1.279368281364441,1.1544770002365112,0.8418198227882385,0.7730426788330078,0.7499723434448242,0.7653766870498657,1.035507321357727,2.039363384246826,1.7053987979888916,1.8907157182693481,1.7121773958206177,1.9763636589050293,1.9471355676651,1.9090654850006104,1.6293748617172241,1.626079797744751,1.504607081413269,1.4602339267730713,1.7626444101333618,1.754818320274353,2.1269798278808594,2.267995595932007,2.126333713531494,1.7617478370666504,1.8499460220336914,1.591032862663269,1.7925034761428833,1.7070335149765015,1.643284559249878,1.4061073064804077,1.5022194385528564,1.4900197982788086,1.452086091041565,1.8134406805038452,1.8870571851730347,2.2577309608459473,2.4748363494873047
B2,1.1905230283737183,1.0945664644241333,1.4394361972808838,1.5705028772354126,1.9187623262405396,2.149655342102051,2.2931599617004395,2.033553123474121,1.805985689163208,1.4594022035598755,1.1813799142837524,1.2072858810424805,0.9390395879745483,1.2076104879379272,1.1421103477478027,0.39886146783828735,0.0,0.39871925115585327,0.6704304814338684,1.0202875137329102,1.2844747304916382,1.5518702268600464,1.428512692451477,1.266849160194397,1.0383927822113037,0.6553686857223511,0.6341275572776794,0.48963192105293274,0.6816661953926086,0.8811581134796143,0.7144274115562439,0.373821884393692,0.20356622338294983,0.3120754063129425,0.662281334400177,0.9545158743858337,1.2126085758209229,1.125658631324768,0.9392166137695312,0.803661048412323,0.48348215222358704,0.5718262195587158,0.662575364112854,0.8474723100662231,1.1618452072143555,1.8304020166397095,1.4919854402542114,1.695351481437683,1.543543815612793,1.8278326988220215,1.87082839012146,1.8290941715240479,1.5055252313613892,1.4079169034957886,1.2153347730636597,1.179998755455017,1.4444515705108643,1.4523487091064453,1.8228899240493774,1.9737502336502075,1.908825397491455,1.547055721282959,1.6736094951629639,1.4574533700942993,1.701819896697998,1.7027196884155273,1.6538976430892944,1.3574810028076172,1.3479596376419067,1.2442127466201782,1.197862982749939,1.5332298278808594,1.5916327238082886,1.9683680534362793,2.1769015789031982
B3,1.203371286392212,1.180822491645813,1.4992167949676514,1.6766746044158936,1.9988523721694946,2.281346321105957,2.4247756004333496,2.1664209365844727,1.8865960836410522,1.5126444101333618,1.2661367654800415,1.1820602416992188,0.8949527144432068,1.0775727033615112,0.9445745348930359,0.6330836415290833,0.39871925115585327,0.0,0.3899969458580017,0.6638298630714417,0.9660274386405945,1.2601457834243774,1.2020548582077026,1.0692778825759888,0.9416698217391968,0.6439425945281982,0.6255086064338684,0.6917560696601868,0.7928399443626404,1.0869544744491577,1.0685189962387085,0.7679362893104553,0.4371815025806427,0.15224526822566986,0.26586487889289856,0.5964980721473694,0.8549262285232544,0.8401100039482117,0.7293936610221863,0.7721869349479675,0.6388957500457764,0.7803669571876526,1.0025360584259033,1.1506363153457642,1.5026664733886719,2.141185760498047,1.8112881183624268,2.014214515686035,1.8560876846313477,2.119039535522461,2.1698362827301025,2.0725884437561035,1.7207013368606567,1.5921895503997803,1.3899195194244385,1.4304019212722778,1.653093934059143,1.6886773109436035,2.044481039047241,2.1865763664245605,2.2064502239227295,1.8445552587509155,1.9590239524841309,1.7365391254425049,1.951873540878296,1.964097023010254,1.8484820127487183,1.5152654647827148,1.4768288135528564,1.3693596124649048,1.4104864597320557,1.719722867012024,1.8064111471176147,2.176133871078491,2.3907809257507324
B4,1.029407262802124,1.0037157535552979,1.2597709894180298,1.4506016969680786,1.7387807369232178,2.0560619831085205,2.198091983795166,1.9547390937805176,1.6451629400253296,1.2717325687408447,1.0483672618865967,0.8782577514648438,0.6157989501953125,0.754584789276123,0.686570942401886,0.9948845505714417,0.6704304814338684,0.3899969458580017,0.0,0.38028618693351746,0.6410313844680786,0.8889365196228027,0.8189824223518372,0.7458245158195496,0.7268397212028503,0.5415923595428467,0.7086440324783325,0.9106886982917786,1.0917251110076904,1.4175584316253662,1.3809970617294312,1.0260690450668335,0.784061849117279,0.3900371789932251,0.3795473575592041,0.45897480845451355,0.5654754042625427,0.48078861832618713,0.4925116300582886,0.667254626750946,0.6783597469329834,0.951448917388916,1.2139424085617065,1.4334591627120972,1.7836487293243408,2.1162967681884766,1.8141047954559326,2.032876968383789,1.9176260232925415,2.1867523193359375,2.2986133098602295,2.202122449874878,1.8305621147155762,1.6196660995483398,1.3549973964691162,1.408932089805603,1.5493907928466797,1.589796781539917,1.914072871208191,2.0424160957336426,2.1926074028015137,1.8590564727783203,2.0086796283721924,1.8401764631271362,2.0784599781036377,2.15637469291687,2.0538246631622314,1.6935875415802002,1.5673165321350098,1.377559781074524,1.4208359718322754,1.6665282249450684,1.7270288467407227,2.082015037536621,2.2706429958343506
B5,1.2251254320144653,1.2656077146530151,1.465781569480896,1.679266333580017,1.9227408170700073,2.2697665691375732,2.405423641204834,2.1736581325531006,1.8354051113128662,1.4692621231079102,1.3022032976150513,1.0550780296325684,0.8442499041557312,0.8330265283584595,0.7056247591972351,1.2936140298843384,1.0202875137329102,0.6638298630714417,0.38028618693351746,0.0,0.3842586278915405,0.6449922919273376,0.7113694548606873,0.7243334054946899,0.8712298274040222,0.8373526334762573,0.9615362286567688,1.2232935428619385,1.3414450883865356,1.689603567123413,1.7211697101593018,1.3870962858200073,1.0974512100219727,0.720228374004364,0.48404309153556824,0.3412536084651947,0.20006930828094482,0.3366752564907074,0.5741204023361206,0.9047505259513855,1.026185393333435,1.2687104940414429,1.5657435655593872,1.7556376457214355,2.1213176250457764,2.460068941116333,2.168405055999756,2.380082368850708,2.259275197982788,2.5082640647888184,2.6194581985473633,2.486966371536255,2.1073670387268066,1.8887083530426025,1.6372742652893066,1.7371503114700317,1.8474620580673218,1.9055452346801758,2.2055766582489014,2.3228201866149902,2.524200201034546,2.19655442237854,2.3313674926757812,2.15867280960083,2.3706624507904053,2.4506869316101074,2.3057141304016113,1.9347120523452759,1.7981778383255005,1.6212278604507446,1.7211929559707642,1.9386967420578003,2.0185439586639404,2.3541715145111084,2.542407512664795
B6,1.1074374914169312,1.222618818283081,1.362051010131836,1.6233683824539185,1.8265385627746582,2.1935722827911377,2.363090753555298,2.1806552410125732,1.8492094278335571,1.5233045816421509,1.3491184711456299,1.030367374420166,0.8387883305549622,0.6593083143234253,0.5159971714019775,1.5681674480438232,1.2844747304916382,0.9660274386405945,0.6410313844680786,0.3842586278915405,0.0,0.40946394205093384,0.6338451504707336,0.8467669486999512,1.0919240713119507,1.095167875289917,1.2983481884002686,1.5469934940338135,1.6990824937820435,2.03458309173584,1.9711768627166748,1.6274585723876953,1.3719719648361206,0.9825388193130493,0.7989693880081177,0.4845218062400818,0.2606002688407898,0.47461965680122375,0.851701021194458,1.1770232915878296,1.2875887155532837,1.5823405981063843,1.8499614000320435,2.0731148719787598,2.4222252368927,2.5356063842773438,2.2937278747558594,2.542065382003784,2.476602554321289,2.7481024265289307,2.896167755126953,2.791999578475952,2.4125466346740723,2.1580100059509277,1.8642369508743286,1.9226735830307007,1.9666812419891357,1.9779187440872192,2.239420175552368,2.302813768386841,2.671550989151001,2.3799915313720703,2.5605452060699463,2.4304990768432617,2.6708545684814453,2.775055408477783,2.656311511993408,2.284200429916382,2.1220762729644775,1.9022715091705322,1.9633846282958984,2.1415202617645264,2.1693332195281982,2.4916913509368896,2.6315512657165527
B7,1.2926970720291138,1.3409663438796997,1.3756033182144165,1.5829282999038696,1.716279149055481,2.094080686569214,2.22147536277771,2.0464611053466797,1.6961103677749634,1.404152750968933,1.3247758150100708,0.982155978679657,0.9410329461097717,0.7545338273048401,0.8030819296836853,1.878021001815796,1.5518702268600464,1.2601457834243774,0.8889365196228027,0.6449922919273376,0.40946394205093384,0.0,0.37846601009368896,0.7052909731864929,1.0559489727020264,1.1936334371566772,1.4325252771377563,1.7337517738342285,1.916387915611267,2.2714452743530273,2.2572216987609863,1.8880494832992554,1.6699343919754028,1.272222876548767,1.1196033954620361,0.8696075081825256,0.5134013891220093,0.49769291281700134,0.8893852233886719,1.229149341583252,1.4330940246582031,1.7416270971298218,2.034994125366211,2.2840707302093506,2.635300397872925,2.593114137649536,2.365011215209961,2.58740234375,2.5341622829437256,2.781895399093628,2.964845895767212,2.8472564220428467,2.4658780097961426,2.167262315750122,1.865004062652588,1.9593322277069092,1.9437479972839355,1.9930384159088135,2.209677219390869,2.285719871520996,2.680473566055298,2.415863513946533,2.5917277336120605,2.4973959922790527,2.731100559234619,2.8824124336242676,2.7663092613220215,2.385188102722168,2.165883779525757,1.9101510047912598,1.9913688898086548,2.1039865016937256,2.132533073425293,2.414964199066162,2.543069362640381
B8,1.248380184173584,1.1845927238464355,1.1919028759002686,1.3253364562988281,1.4583971500396729,1.8246729373931885,1.9119263887405396,1.7073304653167725,1.3453654050827026,1.043442964553833,1.0136961936950684,0.7016307711601257,0.7662136554718018,0.7118279933929443,0.901323139667511,1.794269323348999,1.428512692451477,1.2020548582077026,0.8189824223518372,0.7113694548606873,0.6338451504707336,0.37846601009368896,0.0,0.3965103030204773,0.749114990234375,0.9485558271408081,1.2277053594589233,1.5396208763122559,1.7681822776794434,2.1206207275390625,2.1268553733825684,1.7398912906646729,1.5790292024612427,1.1950340270996094,1.1317342519760132,0.9911810755729675,0.6799967288970947,0.4097391963005066,0.6805061101913452,0.9602952003479004,1.2034796476364136,1.5210384130477905,1.8145183324813843,2.089400291442871,2.429190158843994,2.3100619316101074,2.071991205215454,2.266874074935913,2.2136287689208984,2.4483211040496826,2.6513423919677734,2.5402350425720215,2.16385817527771,1.8397512435913086,1.5283080339431763,1.6365734338760376,1.6023215055465698,1.688672661781311,1.898955225944519,2.0142745971679688,2.343851089477539,2.087693929672241,2.2578513622283936,2.187335968017578,2.4249048233032227,2.607579469680786,2.5160725116729736,2.137665271759033,1.8824774026870728,1.5945336818695068,1.6659252643585205,1.7473441362380981,1.777414321899414,2.0475082397460938,2.1840343475341797
B9,1.4075679779052734,1.2649199962615967,1.3233952522277832,1.3841594457626343,1.5530858039855957,1.8849506378173828,1.918256163597107,1.6506694555282593,1.2786691188812256,0.9274733066558838,0.9474648833274841,0.754340648651123,0.8288648724555969,0.9383537769317627,1.1080268621444702,1.631635308265686,1.266849160194397,1.0692778825759888,0.7458245158195496,0.7243334054946899,0.8467669486999512,0.7052909731864929,0.3965103030204773,0.0,0.3940035104751587,0.6897343397140503,0.9180390238761902,1.2621322870254517,1.4833104610443115,1.8417232036590576,1.952103853225708,1.5727993249893188,1.4217607975006104,1.0787664651870728,1.0423482656478882,1.041554570198059,0.7776868343353271,0.4024415910243988,0.38452067971229553,0.6387184858322144,0.9648699760437012,1.230597972869873,1.5569798946380615,1.8125253915786743,2.1597213745117188,2.215038299560547,1.9246762990951538,2.0651490688323975,1.9526653289794922,2.1524922847747803,2.3315696716308594,2.186697483062744,1.8079923391342163,1.495734453201294,1.2236119508743286,1.4031199216842651,1.4274027347564697,1.5890624523162842,1.8321784734725952,2.017240524291992,2.145892381668091,1.8566936254501343,1.9719988107681274,1.8709995746612549,2.077725887298584,2.2600748538970947,2.150113582611084,1.7705938816070557,1.5053786039352417,1.233947992324829,1.3596842288970947,1.457781434059143,1.5556859970092773,1.830567717552185,2.027050256729126
B10,1.4275965690612793,1.2127728462219238,1.3245679140090942,1.3283687829971313,1.5471320152282715,1.8320279121398926,1.8435946702957153,1.5333360433578491,1.188341498374939,0.807181715965271,0.812201201915741,0.7728167772293091,0.8285722732543945,1.0749199390411377,1.2424360513687134,1.4023573398590088,1.0383927822113037,0.9416698217391968,0.7268397212028503,0.8712298274040222,1.0919240713119507,1.0559489727020264,0.749114990234375,0.3940035104751587,0.0,0.39243757724761963,0.6047479510307312,0.9320943355560303,1.186385989189148,1.5246609449386597,1.6691410541534424,1.300272822380066,1.2054476737976074,0.9375725388526917,1.0059850215911865,1.1358522176742554,0.9983876347541809,0.6385012269020081,0.32120805978775024,0.2779715657234192,0.6487696766853333,0.8774917125701904,1.2029247283935547,1.4616144895553589,1.7978655099868774,1.9650979042053223,1.6342113018035889,1.7399259805679321,1.5876632928848267,1.7795823812484741,1.9426101446151733,1.8004015684127808,1.4208065271377563,1.1173630952835083,0.856468677520752,1.0649467706680298,1.1598526239395142,1.362873911857605,1.6435434818267822,1.8774373531341553,1.8359118700027466,1.5165619850158691,1.6034483909606934,1.48123300075531,1.6886506080627441,1.869909405708313,1.778167486190796,1.4036508798599243,1.134891152381897,0.8547794818878174,0.9807946085929871,1.12202787399292,1.2583978176116943,1.5580071210861206,1.7972108125686646
B11,1.2315188646316528,1.0233869552612305,1.2357122898101807,1.281840443611145,1.5714526176452637,1.8362774848937988,1.90293550491333,1.6045514345169067,1.3080793619155884,0.9257664680480957,0.7725371718406677,0.7869201898574829,0.6969550251960754,1.0093858242034912,1.1155726909637451,1.0300183296203613,0.6553686857223511,0.6439425945281982,0.5415923595428467,0.8373526334762573,1.095167875289917,1.1936334371566772,0.9485558271408081,0.6897343397140503,0.39243757724761963,0.0,0.38086917996406555,0.6144281625747681,0.9137086272239685,1.2278831005096436,1.2846063375473022,0.9101679921150208,0.8339597582817078,0.6071566343307495,0.7931260466575623,0.9966568946838379,1.012463092803955,0.7342554926872253,0.4277278184890747,0.18887493014335632,0.2764340937137604,0.5781030058860779,0.8744829297065735,1.148958683013916,1.4850844144821167,1.783423900604248,1.4351929426193237,1.5832816362380981,1.4296342134475708,1.6719186305999756,1.803533911705017,1.7051137685775757,1.3305606842041016,1.0851584672927856,0.8165218234062195,0.9235925078392029,1.1036733388900757,1.2374615669250488,1.5721769332885742,1.7854034900665283,1.7282296419143677,1.3790063858032227,1.4940561056137085,1.3373770713806152,1.5805245637893677,1.7100063562393188,1.6450390815734863,1.2830349206924438,1.0932743549346924,0.8526852130889893,0.887769341468811,1.1332809925079346,1.234108328819275,1.5857796669006348,1.8173158168792725
B12,1.5404688119888306,1.3597813844680786,1.603196382522583,1.642220377922058,1.9362306594848633,2.180873155593872,2.2238969802856445,1.9040807485580444,1.6200315952301025,1.2460410594940186,1.1293303966522217,1.1671644449234009,1.0516260862350464,1.3421536684036255,1.373761534690857,0.9036155939102173,0.6341275572776794,0.6255086064338684,0.7086440324783325,0.9615362286567688,1.2983481884002686,1.4325252771377563,1.2277053594589233,0.9180390238761902,0.6047479510307312,0.38086917996406555,0.0,0.3785439133644104,0.5818178653717041,0.9283193349838257,1.1840981245040894,0.8786372542381287,0.7473256587982178,0.6529814600944519,0.7825976610183716,1.094621181488037,1.15069580078125,0.9371234178543091,0.5707908272743225,0.35431498289108276,0.39298784732818604,0.37778034806251526,0.7555450797080994,0.9238471388816833,1.2960137128829956,1.9896583557128906,1.6047159433364868,1.694722056388855,1.4554133415222168,1.6458979845046997,1.6963685750961304,1.537622332572937,1.1641229391098022,1.0199527740478516,0.8850752711296082,1.0632013082504272,1.3305851221084595,1.5013095140457153,1.849424123764038,2.090439558029175,1.8571808338165283,1.4722594022750854,1.4966367483139038,1.2519618272781372,1.4246481657028198,1.491629958152771,1.359483242034912,0.990183413028717,0.8741151094436646,0.7696711421012878,0.9080410003662109,1.215105414390564,1.3991706371307373,1.7403186559677124,2.0214860439300537
B13,1.5787065029144287,1.3924720287322998,1.6803252696990967,1.713149905204773,2.0379297733306885,2.2402002811431885,2.30214786529541,1.9908183813095093,1.7615694999694824,1.4160305261611938,1.2439801692962646,1.3483331203460693,1.1924587488174438,1.5105756521224976,1.5177520513534546,0.6565963625907898,0.48963192105293274,0.6917560696601868,0.9106886982917786,1.2232935428619385,1.5469934940338135,1.7337517738342285,1.5396208763122559,1.2621322870254517,0.9320943355560303,0.6144281625747681,0.3785439133644104,0.0,0.37248697876930237,0.6200067400932312,0.838506281375885,0.5890290141105652,0.5649357438087463,0.6826477646827698,0.9213727116584778,1.268189787864685,1.4222644567489624,1.2493042945861816,0.9207686185836792,0.6554545164108276,0.42211973667144775,0.13656678795814514,0.4156687259674072,0.560255229473114,0.9320491552352905,1.8482673168182373,1.453170657157898,1.5415078401565552,1.2861806154251099,1.4961553812026978,1.4983775615692139,1.389493703842163,1.0540030002593994,1.0052684545516968,0.9187406897544861,1.0013231039047241,1.3346283435821533,1.4608914852142334,1.8279545307159424,2.062791585922241,1.7404353618621826,1.3438355922698975,1.3624308109283447,1.0834968090057373,1.2705273628234863,1.2742384672164917,1.1897780895233154,0.872776448726654,0.8715401291847229,0.8404527306556702,0.8740068674087524,1.2381036281585693,1.395856261253357,1.7485398054122925,2.0244762897491455
