,A1,A2,A3,A4,A5,A6,A7,A8,A9,A10,A11,A12,A13,A14,A15,B1,B2,B3,B4,B5,B6,B7,B8,B9,B10,B11,B12,B13,B14,B15,C1,C2,C3,C4,C5,C6,C7,C8,C9,C10,C11,C12,C13,C14,C15,D1,D2,D3,D4,D5,D6,D7,D8,D9,D10,D11,D12,D13,D14,D15,E1,E2,E3,E4,E5,E6,E7,E8,E9,E10,E11,E12,E13,E14,E15
A1,0.0,0.3875260651111603,0.6478248238563538,0.9894688725471497,1.2826048135757446,1.57155179977417,1.859712839126587,1.7327872514724731,1.663242220878601,1.3824546337127686,1.0099480152130127,0.7973945140838623,0.5447865724563599,0.4812367260456085,0.5774598121643066,1.3931865692138672,1.153226375579834,1.3505643606185913,1.2628059387207031,1.6101962327957153,1.673082709312439,1.8313606977462769,1.7411755323410034,1.5154647827148438,1.494361162185669,1.240617275238037,1.4746688604354858,1.4043388366699219,1.7112877368927002,1.831620454788208,1.9396932125091553,1.8031750917434692,2.024080991744995,2.065267324447632,2.3205416202545166,2.5980401039123535,2.632844924926758,2.3047945499420166,1.9581875801086426,1.7542873620986938,1.6268246173858643,1.5993396043777466,1.483854055404663,1.7022589445114136,1.7690259218215942,0.7467840313911438,0.5640963315963745,0.700171709060669,0.7601921558380127,1.099474549293518,1.2075854539871216,1.4823899269104004,1.4557442665100098,1.3482433557510376,1.253393292427063,0.9213366508483887,1.006701111793518,0.9232560396194458,1.102551817893982,1.2729166746139526,2.2165307998657227,1.9173351526260376,1.9462308883666992,1.7792203426361084,1.899228572845459,2.073275327682495,1.9354565143585205,1.6077631711959839,1.2328754663467407,1.222611904144287,1.3667595386505127,1.5689923763275146,1.7038702964782715,2.028848648071289,2.268261432647705
A2,0.3875260651111603,0.0,0.3842915892601013,0.6483893990516663,0.9833258390426636,1.2686381340026855,1.526193618774414,1.380257487297058,1.2850430011749268,1.0234711170196533,0.6428682208061218,0.5296775102615356,0.41369134187698364,0.6009131073951721,0.8527430891990662,1.05878746509552,0.8208057880401611,1.0802068710327148,1.0662401914596558,1.4433903694152832,1.5930066108703613,1.7731959819793701,1.6355500221252441,1.4020798206329346,1.2912094593048096,0.9757987856864929,1.1500492095947266,1.0334919691085815,1.3445907831192017,1.4613316059112549,1.8078404664993286,1.6113454103469849,1.8205268383026123,1.8091142177581787,2.07186222076416,2.3158202171325684,2.339560031890869,2.0244009494781494,1.6573994159698486,1.4958339929580688,1.3754609823226929,1.4284371137619019,1.3472412824630737,1.6360429525375366,1.7505321502685547,0.8124884366989136,0.6030899286270142,0.8696027398109436,0.9208219051361084,1.2956701517105103,1.4503971338272095,1.6656990051269531,1.5547294616699219,1.3467075824737549,1.2441004514694214,0.8884828686714172,0.9991844892501831,0.8487665057182312,1.1116786003112793,1.2424551248550415,1.8794912099838257,1.6069849729537964,1.6602033376693726,1.5534855127334595,1.7072784900665283,1.9388236999511719,1.8632688522338867,1.5198816061019897,1.1574211120605469,1.034563422203064,1.1065417528152466,1.2457290887832642,1.3528236150741577,1.661935567855835,1.8937040567398071
A3,0.6478248238563538,0.3842915892601013,0.0,0.3784741163253784,0.6349117159843445,0.9411996603012085,1.2198542356491089,1.1088916063308716,1.1159576177597046,0.8707567453384399,0.5792032480239868,0.4900766611099243,0.6291951537132263,0.7492425441741943,1.0796725749969482,0.9475260972976685,0.8509207367897034,1.191631555557251,1.2899507284164429,1.674804925918579,1.8582391738891602,2.078308582305908,1.9442377090454102,1.7303740978240967,1.5653936862945557,1.2043097019195557,1.2701442241668701,1.0402069091796875,1.2813725471496582,1.2962216138839722,2.0034115314483643,1.800419807434082,2.0333471298217773,1.9928168058395386,2.274351119995117,2.4755699634552,2.4943127632141113,2.2040975093841553,1.8187536001205444,1.7162580490112305,1.5890018939971924,1.696838140487671,1.596854329109192,1.9049121141433716,1.9929709434509277,1.1292316913604736,0.9799942374229431,1.2454731464385986,1.2647318840026855,1.6300441026687622,1.734164834022522,1.9293432235717773,1.8272079229354858,1.606245517730713,1.5568242073059082,1.2290128469467163,1.3728549480438232,1.2060710191726685,1.4608433246612549,1.5328233242034912,1.9142016172409058,1.674334168434143,1.6869996786117554,1.621097445487976,1.726025938987732,1.9987207651138306,1.9245187044143677,1.5625083446502686,1.2606713771820068,1.0747798681259155,1.1808483600616455,1.2294516563415527,1.3687790632247925,1.6149653196334839,1.8612945079803467
A4,0.9894688725471497,0.6483893990516663,0.3784741163253784,0.0,0.3802429437637329,0.6369648575782776,0.8784315586090088,0.7724331021308899,0.7891672849655151,0.635412871837616,0.4577886760234833,0.6158936619758606,0.8708286881446838,1.0824081897735596,1.4266573190689087,0.6580106616020203,0.6676265597343445,1.053800106048584,1.2505693435668945,1.622475266456604,1.869192123413086,2.108175039291382,1.9526361227035522,1.7626888751983643,1.5263952016830444,1.1374043226242065,1.0874937772750854,0.7782486081123352,0.958284854888916,0.9263938665390015,2.0535271167755127,1.7997982501983643,2.0003583431243896,1.8962422609329224,2.165727138519287,2.315702438354492,2.3089370727539062,2.043429136276245,1.6486479043960571,1.618981122970581,1.5263397693634033,1.7155579328536987,1.6646479368209839,2.0134153366088867,2.1412513256073,1.313555121421814,1.1901456117630005,1.5014894008636475,1.5366883277893066,1.9094711542129517,2.047043561935425,2.213507890701294,2.0625057220458984,1.785840630531311,1.7245421409606934,1.4024360179901123,1.530901312828064,1.321123719215393,1.5902581214904785,1.6101328134536743,1.703924536705017,1.5260299444198608,1.571801781654358,1.5941388607025146,1.7272554636001587,2.0486276149749756,2.0381271839141846,1.6831860542297363,1.420691728591919,1.1490380764007568,1.1578818559646606,1.0875847339630127,1.1663569211959839,1.3506348133087158,1.5676997900009155
A5,1.2826048135757446,0.9833258390426636,0.6349117159843445,0.3802429437637329,0.0,0.38253888487815857,0.6141741275787354,0.5660668015480042,0.7718637585639954,0.6819373965263367,0.7058547139167786,0.8236747980117798,1.1490014791488647,1.3040313720703125,1.6721564531326294,0.8396612405776978,0.9825745224952698,1.3658678531646729,1.6053109169006348,1.966382622718811,2.22344708442688,2.474943161010742,2.3192856311798096,2.131258487701416,1.8781566619873047,1.4886888265609741,1.384771704673767,1.0274410247802734,1.1075655221939087,0.9365639686584473,2.2655863761901855,2.026012897491455,2.248546838760376,2.137624979019165,2.4210729598999023,2.534543514251709,2.5355944633483887,2.3034465312957764,1.91573166847229,1.9213507175445557,1.810293436050415,2.0163540840148926,1.9377343654632568,2.283181667327881,2.37892484664917,1.6747030019760132,1.5559087991714478,1.850061297416687,1.8529846668243408,2.216226577758789,2.313443899154663,2.459885835647583,2.319218158721924,2.0438778400421143,2.0279805660247803,1.7333431243896484,1.8938847780227661,1.6996573209762573,1.9688125848770142,1.9757295846939087,1.8219391107559204,1.6791627407073975,1.6699806451797485,1.720901370048523,1.79378342628479,2.134101152420044,2.123223304748535,1.7718734741210938,1.5792101621627808,1.2887771129608154,1.3344460725784302,1.1968587636947632,1.3134450912475586,1.412253499031067,1.640120029449463
A6,1.57155179977417,1.2686381340026855,0.9411996603012085,0.6369648575782776,0.38253888487815857,0.0,0.37193623185157776,0.5589624047279358,0.8468853831291199,0.9170253276824951,0.994090735912323,1.1828927993774414,1.4907640218734741,1.658957600593567,2.0135953426361084,0.7604411244392395,1.0381343364715576,1.3794816732406616,1.6833845376968384,2.011026382446289,2.281404495239258,2.564842462539673,2.4311940670013428,2.2959654331207275,2.0144715309143066,1.6228046417236328,1.4436653852462769,1.0787683725357056,1.0224759578704834,0.7627083659172058,2.568619728088379,2.298455238342285,2.482110023498535,2.3220901489257812,2.5727055072784424,2.644618272781372,2.5999181270599365,2.383516311645508,1.9958393573760986,2.065295457839966,2.01344895362854,2.2625863552093506,2.231013059616089,2.592665910720825,2.7172563076019287,1.8531543016433716,1.7969048023223877,2.1240923404693604,2.1704957485198975,2.5420634746551514,2.660714626312256,2.8210010528564453,2.6731321811676025,2.3860785961151123,2.343554735183716,2.032256841659546,2.1499691009521484,1.9071106910705566,2.141916275024414,2.082786798477173,1.946552038192749,1.8716366291046143,1.9041143655776978,2.0119800567626953,2.105112314224243,2.4620137214660645,2.4781038761138916,2.133479118347168,1.9467421770095825,1.6398024559020996,1.6337909698486328,1.4385979175567627,1.4783945083618164,1.5042108297348022,1.659934401512146
A7,1.859712839126587,1.526193618774414,1.2198542356491089,0.8784315586090088,0.6141741275787354,0.37193623185157776,0.0,0.36251845955848694,0.7134590744972229,0.9008278846740723,1.1094609498977661,1.3476097583770752,1.6909971237182617,1.8958394527435303,2.2665791511535645,0.9239642024040222,1.2142452001571655,1.5414522886276245,1.8647027015686035,2.169894218444824,2.4783477783203125,2.7446796894073486,2.5788941383361816,2.4349355697631836,2.121701717376709,1.7465614080429077,1.5122541189193726,1.1317507028579712,1.0130903720855713,0.6705833673477173,2.5809404850006104,2.299265146255493,2.4687159061431885,2.2815253734588623,2.5278918743133545,2.550849676132202,2.5111074447631836,2.3405747413635254,1.9772977828979492,2.090348482131958,2.0344722270965576,2.3183705806732178,2.2966597080230713,2.6661174297332764,2.798060417175293,2.1295223236083984,2.0436596870422363,2.3680779933929443,2.389896869659424,2.756434440612793,2.8824615478515625,3.0056281089782715,2.8240230083465576,2.505673885345459,2.4787967205047607,2.198503017425537,2.3349497318267822,2.1083920001983643,2.3697104454040527,2.3181426525115967,1.796765685081482,1.7816535234451294,1.8068909645080566,1.9750463962554932,2.0636157989501953,2.4394025802612305,2.5023813247680664,2.181323766708374,2.044771432876587,1.7047600746154785,1.6519438028335571,1.383263111114502,1.3969522714614868,1.3305262327194214,1.46329665184021
A8,1.7327872514724731,1.380257487297058,1.1088916063308716,0.7724331021308899,0.5660668015480042,0.5589624047279358,0.36251845955848694,0.0,0.40287795662879944,0.572973370552063,0.8580254912376404,1.1090548038482666,1.4699935913085938,1.7050426006317139,2.083282709121704,0.9505642056465149,1.1437265872955322,1.4948701858520508,1.778282880783081,2.0960044860839844,2.41786789894104,2.646332263946533,2.442215919494629,2.2524027824401855,1.9410920143127441,1.579534888267517,1.3706905841827393,0.986051619052887,0.963751494884491,0.6953083872795105,2.2385480403900146,1.9644933938980103,2.1489005088806152,1.9802461862564087,2.2504403591156006,2.284703254699707,2.2863543033599854,2.1222984790802,1.769439697265625,1.8541080951690674,1.7519514560699463,2.028167486190796,1.986632227897644,2.3517415523529053,2.4774153232574463,2.040203332901001,1.8940619230270386,2.194098949432373,2.176168918609619,2.5309181213378906,2.6574368476867676,2.7470030784606934,2.5424695014953613,2.208669424057007,2.2013049125671387,1.9534447193145752,2.124460220336914,1.9419331550598145,2.2433996200561523,2.2454607486724854,1.4878219366073608,1.447290301322937,1.4487460851669312,1.6182256937026978,1.7089951038360596,2.088017702102661,2.16983962059021,1.859983205795288,1.741345763206482,1.3873927593231201,1.3162933588027954,1.0321022272109985,1.0782114267349243,1.0272912979125977,1.2247134447097778
A9,1.663242220878601,1.2850430011749268,1.1159576177597046,0.7891672849655151,0.7718637585639954,0.8468853831291199,0.7134590744972229,0.40287795662879944,0.0,0.3693612515926361,0.6792832016944885,1.0068414211273193,1.3303191661834717,1.6320724487304688,1.9910706281661987,0.9033805727958679,0.9889142513275146,1.3105053901672363,1.5590670108795166,1.8578376770019531,2.200554132461548,2.389958620071411,2.1511409282684326,1.942970633506775,1.6203081607818604,1.289734959602356,1.0770153999328613,0.7211847305297852,0.776877224445343,0.6506538391113281,1.9200942516326904,1.6172455549240112,1.769991159439087,1.583050012588501,1.848518967628479,1.8848495483398438,1.8974274396896362,1.735042929649353,1.3930562734603882,1.4773094654083252,1.3741004467010498,1.6720818281173706,1.6649203300476074,2.0393145084381104,2.202446937561035,1.8965805768966675,1.71841561794281,2.009657144546509,1.988349437713623,2.332918167114258,2.4976892471313477,2.5654728412628174,2.3207848072052,1.9583483934402466,1.927969217300415,1.7015033960342407,1.8648290634155273,1.7022759914398193,2.024954080581665,2.054481267929077,1.1084789037704468,1.0690243244171143,1.1305080652236938,1.3338775634765625,1.495909571647644,1.8751732110977173,2.0011038780212402,1.7092609405517578,1.57085120677948,1.2031569480895996,1.03249192237854,0.7166233658790588,0.6854747533798218,0.661664605140686,0.8802148103713989
A10,1.3824546337127686,1.0234711170196533,0.8707567453384399,0.635412871837616,0.6819373965263367,0.9170253276824951,0.9008278846740723,0.572973370552063,0.3693612515926361,0.0,0.39234814047813416,0.6599466800689697,1.0002492666244507,1.2897659540176392,1.6537038087844849,0.9938079118728638,0.9783585071563721,1.3333100080490112,1.5142029523849487,1.8499343395233154,2.159486770629883,2.3293795585632324,2.087129831314087,1.8309311866760254,1.5526201725006104,1.218769907951355,1.11570143699646,0.7900218367576599,0.9871035814285278,0.9332451224327087,1.683511734008789,1.4185439348220825,1.6341941356658936,1.5205411911010742,1.829131841659546,1.9323530197143555,1.9920544624328613,1.7959502935409546,1.448286533355713,1.4386028051376343,1.2609035968780518,1.4940773248672485,1.4200167655944824,1.780632734298706,1.907323956489563,1.7166001796722412,1.4884625673294067,1.7437686920166016,1.6812154054641724,2.0187289714813232,2.157741069793701,2.2197275161743164,1.990146279335022,1.6432849168777466,1.642173171043396,1.4247807264328003,1.6351279020309448,1.5206481218338013,1.8671807050704956,1.9540187120437622,1.169601321220398,1.0061413049697876,0.9982481002807617,1.1021596193313599,1.239710807800293,1.6055001020431519,1.6876240968704224,1.3746652603149414,1.2165831327438354,0.8543652892112732,0.7511183023452759,0.5245629549026489,0.664627730846405,0.8032972812652588,1.1055777072906494
A11,1.0099480152130127,0.6428682208061218,0.5792032480239868,0.4577886760234833,0.7058547139167786,0.994090735912323,1.1094609498977661,0.8580254912376404,0.6792832016944885,0.39234814047813416,0.0,0.3835676610469818,0.6567193865776062,0.9758453369140625,1.3193614482879639,0.8937497735023499,0.7569603323936462,1.109108328819275,1.2274353504180908,1.5881153345108032,1.859785556793213,2.0280838012695312,1.8063225746154785,1.5444821119308472,1.3070107698440552,0.9589331746101379,0.9595367908477783,0.6989225745201111,0.999310314655304,1.0513889789581299,1.6048716306686401,1.3470239639282227,1.5633107423782349,1.4855635166168213,1.7850035429000854,1.9542431831359863,2.0012829303741455,1.7473746538162231,1.3783119916915894,1.299463152885437,1.132398247718811,1.3127306699752808,1.240688681602478,1.5987056493759155,1.7375309467315674,1.335810661315918,1.099946141242981,1.3623071908950806,1.3277108669281006,1.6821422576904297,1.840335488319397,1.9461079835891724,1.738128900527954,1.4156893491744995,1.3709157705307007,1.0997751951217651,1.2896853685379028,1.1636515855789185,1.5058218240737915,1.6128534078598022,1.336601972579956,1.1058813333511353,1.1449142694473267,1.151001214981079,1.3231630325317383,1.6424154043197632,1.6708205938339233,1.3345791101455688,1.072765588760376,0.7666951417922974,0.7061300277709961,0.6736542582511902,0.7917943000793457,1.054121971130371,1.3233205080032349
A12,0.7973945140838623,0.5296775102615356,0.4900766611099243,0.6158936619758606,0.8236747980117798,1.1828927993774414,1.3476097583770752,1.1090548038482666,1.0068414211273193,0.6599466800689697,0.3835676610469818,0.0,0.3859746754169464,0.6298291087150574,0.9989210963249207,1.1909109354019165,1.0320535898208618,1.368451714515686,1.4185791015625,1.791413426399231,2.007167339324951,2.156651258468628,1.9513020515441895,1.656799554824829,1.4925668239593506,1.177593469619751,1.2727910280227661,1.0596809387207031,1.368766188621521,1.4056586027145386,1.5529624223709106,1.3759644031524658,1.6549450159072876,1.6619421243667603,1.9844194650650024,2.1966514587402344,2.281907796859741,2.018904209136963,1.6687992811203003,1.5220022201538086,1.2978681325912476,1.3758149147033691,1.209358811378479,1.51369309425354,1.5782088041305542,1.3154892921447754,1.0319247245788574,1.217577576637268,1.1138064861297607,1.4530653953552246,1.5501675605773926,1.65822434425354,1.496894359588623,1.2269704341888428,1.2398658990859985,0.9910628199577332,1.244613528251648,1.1955797672271729,1.533425211906433,1.6984429359436035,1.5944737195968628,1.3034576177597046,1.2573109865188599,1.1461113691329956,1.2421045303344727,1.510898232460022,1.4570949077606201,1.099802017211914,0.8091377019882202,0.5856049656867981,0.7262659072875977,0.845373272895813,1.0722934007644653,1.357461929321289,1.6622531414031982
A13,0.5447865724563599,0.41369134187698364,0.6291951537132263,0.8708286881446838,1.1490014791488647,1.4907640218734741,1.6909971237182617,1.4699935913085938,1.3303191661834717,1.0002492666244507,0.6567193865776062,0.3859746754169464,0.0,0.38310420513153076,0.6740579009056091,1.3607177734375,1.1119029521942139,1.3730838298797607,1.3195712566375732,1.6769940853118896,1.8345155715942383,1.946890115737915,1.7569196224212646,1.4458258152008057,1.3627997636795044,1.106882095336914,1.3132277727127075,1.2055660486221313,1.555340051651001,1.665862798690796,1.4632257223129272,1.322585940361023,1.5889736413955688,1.648431658744812,1.9505057334899902,2.2163963317871094,2.3058903217315674,2.012859344482422,1.683104395866394,1.467522144317627,1.2471392154693604,1.2316443920135498,1.055238127708435,1.3139433860778809,1.378661036491394,1.0668333768844604,0.733249306678772,0.8505738377571106,0.730567455291748,1.0778876543045044,1.1981579065322876,1.3443928956985474,1.2045087814331055,0.981181263923645,0.9526540040969849,0.6757214069366455,0.9309412837028503,0.9425510168075562,1.2661126852035522,1.4912877082824707,1.7560065984725952,1.4302737712860107,1.4175699949264526,1.236767053604126,1.3612427711486816,1.5552231073379517,1.46103835105896,1.126882553100586,0.7503713369369507,0.6873965859413147,0.8336324095726013,1.0727697610855103,1.2611768245697021,1.5992268323898315,1.8814316987991333
A14,0.4812367260456085,0.6009131073951721,0.7492425441741943,1.0824081897735596,1.3040313720703125,1.658957600593567,1.8958394527435303,1.7050426006317139,1.6320724487304688,1.2897659540176392,0.9758453369140625,0.6298291087150574,0.38310420513153076,0.0,0.3887702524662018,1.6259806156158447,1.4070701599121094,1.665233850479126,1.59749436378479,1.9521147012710571,2.056112766265869,2.1708755493164062,2.02093505859375,1.7220816612243652,1.6897070407867432,1.4484905004501343,1.6688032150268555,1.552027940750122,1.882302165031433,1.9608235359191895,1.6752780675888062,1.605923056602478,1.897480845451355,1.9972264766693115,2.30169677734375,2.5809028148651123,2.680387496948242,2.3842546939849854,2.0595245361328125,1.8308812379837036,1.6047784090042114,1.5388017892837524,1.316969394683838,1.5000077486038208,1.4814835786819458,1.1744338274002075,0.8803207874298096,0.8954836130142212,0.7301310300827026,1.0203102827072144,1.0288047790527344,1.2144774198532104,1.1836427450180054,1.0803616046905518,1.1100044250488281,0.8867921233177185,1.1309067010879517,1.1798592805862427,1.4398767948150635,1.6734615564346313,2.1131303310394287,1.7768054008483887,1.715364933013916,1.4871760606765747,1.5342532396316528,1.6747512817382812,1.495473027229309,1.169594407081604,0.8213428258895874,0.8844416737556458,1.1396453380584717,1.3934624195098877,1.622244954109192,1.9473707675933838,2.244800567626953
A15,0.5774598121643066,0.8527430891990662,1.0796725749969482,1.4266573190689087,1.6721564531326294,2.0135953426361084,2.2665791511535645,2.083282709121704,1.9910706281661987,1.6537038087844849,1.3193614482879639,0.9989210963249207,0.6740579009056091,0.3887702524662018,0.0,1.9114484786987305,1.6537467241287231,1.8496845960617065,1.709344506263733,2.027754545211792,2.0643253326416016,2.1385200023651123,2.019595146179199,1.7270680665969849,1.7773455381393433,1.6024672985076904,1.8818745613098145,1.8294904232025146,2.1729042530059814,2.2897231578826904,1.754496693611145,1.7354538440704346,2.0062255859375,2.1490180492401123,2.428382158279419,2.741683006286621,2.845698356628418,2.53576397895813,2.2382028102874756,1.9689868688583374,1.7556968927383423,1.614778995513916,1.393541932106018,1.493715763092041,1.4475425481796265,1.153330683708191,0.8788129687309265,0.7393938302993774,0.5452407002449036,0.7424821257591248,0.7010053396224976,0.9636979699134827,1.026623249053955,1.0504944324493408,1.0600007772445679,0.8862398862838745,1.0776320695877075,1.1975011825561523,1.3883882761001587,1.6641405820846558,2.377838611602783,2.0267534255981445,1.980148434638977,1.7140458822250366,1.7662606239318848,1.8376333713531494,1.6231504678726196,1.3494945764541626,1.0015413761138916,1.1666313409805298,1.4063920974731445,1.7058465480804443,1.91419517993927,2.261945962905884,2.5460798740386963
B1,1.3931865692138672,1.05878746509552,0.9475260972976685,0.6580106616020203,0.8396612405776978,0.7604411244392395,0.9239642024040222,0.9505642056465149,0.9033805727958679,0.9938079118728638,0.8937497735023499,1.1909109354019165,1.3607177734375,1.6259806156158447,1.9114484786987305,0.0,0.3831321895122528,0.6374488472938538,0.9827597737312317,1.2722493410110474,1.5648541450500488,1.853062629699707,1.7327368259429932,1.6654753684997559,1.3720786571502686,1.0001906156539917,0.787804901599884,0.5305349230766296,0.47931188344955444,0.5542094707489014,2.364140033721924,2.040253162384033,2.1273386478424072,1.922153353691101,2.09844970703125,2.1902527809143066,2.078561782836914,1.8159816265106201,1.4201496839523315,1.510337471961975,1.578088641166687,1.8483281135559082,1.9315438270568848,2.3044679164886475,2.5187265872955322,1.3631755113601685,1.3757909536361694,1.748321771621704,1.8906210660934448,2.2643749713897705,2.4792587757110596,2.667799234390259,2.4839351177215576,2.181292772293091,2.034534215927124,1.6877857446670532,1.6889941692352295,1.3724803924560547,1.5570636987686157,1.4366012811660767,1.725745439529419,1.6622471809387207,1.838470697402954,1.9567841291427612,2.1729021072387695,2.5101866722106934,2.5629026889801025,2.2282261848449707,1.9500558376312256,1.6593875885009766,1.5310134887695312,1.385413408279419,1.2704111337661743,1.3787819147109985,1.4348090887069702
B2,1.153226375579834,0.8208057880401611,0.8509207367897034,0.6676265597343445,0.9825745224952698,1.0381343364715576,1.2142452001571655,1.1437265872955322,0.9889142513275146,0.9783585071563721,0.7569603323936462,1.0320535898208618,1.1119029521942139,1.4070701599121094,1.6537467241287231,0.3831321895122528,0.0,0.3914754092693329,0.6539565920829773,0.9907856583595276,1.2814640998840332,1.5374343395233154,1.3947471380233765,1.2969387769699097,1.0231229066848755,0.6408745050430298,0.5329856276512146,0.401214599609375,0.6004915237426758,0.8290136456489563,2.0894594192504883,1.7705581188201904,1.846491813659668,1.6693840026855469,1.843770980834961,1.9885159730911255,1.8961398601531982,1.5953963994979858,1.1953539848327637,1.2154109477996826,1.2838889360427856,1.5201327800750732,1.6193549633026123,1.9814791679382324,2.2125420570373535,1.0468502044677734,1.0314606428146362,1.402656078338623,1.5593721866607666,1.9257079362869263,2.1681907176971436,2.358267307281494,2.166491746902466,1.8705189228057861,1.6926816701889038,1.3391454219818115,1.3128942251205444,0.993116557598114,1.1961678266525269,1.120797038078308,1.6172552108764648,1.4983201026916504,1.6983517408370972,1.7713226079940796,2.01921010017395,2.325793743133545,2.3715660572052,2.0464038848876953,1.7308614253997803,1.475847840309143,1.3308838605880737,1.2656654119491577,1.1474815607070923,1.3505576848983765,1.431362271308899
B3,1.3505643606185913,1.0802068710327148,1.191631555557251,1.053800106048584,1.3658678531646729,1.3794816732406616,1.5414522886276245,1.4948701858520508,1.3105053901672363,1.3333100080490112,1.109108328819275,1.368451714515686,1.3730838298797607,1.665233850479126,1.8496845960617065,0.6374488472938538,0.3914754092693329,0.0,0.38096919655799866,0.6352088451385498,0.944924533367157,1.2210829257965088,1.1155366897583008,1.1206703186035156,0.8602935075759888,0.5732326507568359,0.4808417558670044,0.6153265237808228,0.7304245233535767,1.0473920106887817,2.2332217693328857,1.901541829109192,1.9055269956588745,1.7035993337631226,1.803436279296875,1.9474232196807861,1.7978997230529785,1.478454828262329,1.1079835891723633,1.1523617506027222,1.3306931257247925,1.560050129890442,1.7358821630477905,2.078779697418213,2.351794481277466,1.004066824913025,1.0834197998046875,1.4465041160583496,1.669221043586731,2.009887456893921,2.2954814434051514,2.5014195442199707,2.3055453300476074,2.023087978363037,1.7899925708770752,1.4398502111434937,1.3119844198226929,0.9478314518928528,1.049618124961853,0.8831253051757812,1.7583967447280884,1.6708400249481201,1.9295612573623657,2.0100865364074707,2.2955284118652344,2.58196759223938,2.6416125297546387,2.33400821685791,1.9993997812271118,1.7722893953323364,1.5891553163528442,1.5452992916107178,1.3617503643035889,1.5609445571899414,1.5658892393112183
B4,1.2628059387207031,1.0662401914596558,1.2899507284164429,1.2505693435668945,1.6053109169006348,1.6833845376968384,1.8647027015686035,1.778282880783081,1.5590670108795166,1.5142029523849487,1.2274353504180908,1.4185791015625,1.3195712566375732,1.59749436378479,1.709344506263733,0.9827597737312317,0.6539565920829773,0.38096919655799866,0.0,0.38543495535850525,0.6484479904174805,0.8837703466415405,0.7780054807662964,0.7904067635536194,0.6191439032554626,0.45135968923568726,0.6099454760551453,0.8613798022270203,1.0670397281646729,1.3988010883331299,2.1092777252197266,1.802225112915039,1.7846773862838745,1.6289082765579224,1.7065050601959229,1.9094527959823608,1.77910315990448,1.4282052516937256,1.0975364446640015,1.0415009260177612,1.2321945428848267,1.3851078748703003,1.582738995552063,1.8863041400909424,2.171764373779297,0.7641136050224304,0.8605208396911621,1.1853052377700806,1.4458166360855103,1.753907561302185,2.0685746669769287,2.2838213443756104,2.0956037044525146,1.845668077468872,1.5722858905792236,1.2298753261566162,1.0246750116348267,0.6508088111877441,0.6921712756156921,0.5513865351676941,1.8484821319580078,1.7138935327529907,1.9788395166397095,2.005732774734497,2.3061351776123047,2.5484983921051025,2.591728925704956,2.3029398918151855,1.9414260387420654,1.7736992835998535,1.597801685333252,1.6381696462631226,1.4721156358718872,1.732007622718811,1.7564003467559814
B5,1.6101962327957153,1.4433903694152832,1.674804925918579,1.622475266456604,1.966382622718811,2.011026382446289,2.169894218444824,2.0960044860839844,1.8578376770019531,1.8499343395233154,1.5881153345108032,1.791413426399231,1.6769940853118896,1.9521147012710571,2.027754545211792,1.2722493410110474,0.9907856583595276,0.6352088451385498,0.38543495535850525,0.0,0.3903406858444214,0.6125428676605225,0.5675134062767029,0.7707745432853699,0.6637357473373413,0.7044468522071838,0.8137158155441284,1.139061689376831,1.2789605855941772,1.6375681161880493,2.305845022201538,1.9939388036727905,1.905658483505249,1.7265148162841797,1.7208400964736938,1.9058231115341187,1.7224111557006836,1.3786916732788086,1.124706506729126,1.1057809591293335,1.3857362270355225,1.5302984714508057,1.7902988195419312,2.0647995471954346,2.3813767433166504,1.0082696676254272,1.1533976793289185,1.423255443572998,1.7071670293807983,1.9719644784927368,2.3124613761901855,2.5235397815704346,2.3278770446777344,2.0892724990844727,1.7862169742584229,1.4830681085586548,1.216241717338562,0.8825973272323608,0.798619270324707,0.5752685070037842,2.0141327381134033,1.9209452867507935,2.2257518768310547,2.271681785583496,2.5965216159820557,2.8249268531799316,2.8893964290618896,2.6216259002685547,2.2631077766418457,2.1061654090881348,1.8969497680664062,1.9310712814331055,1.717016339302063,1.9523038864135742,1.9142463207244873
B6,1.673082709312439,1.5930066108703613,1.8582391738891602,1.869192123413086,2.22344708442688,2.281404495239258,2.4783477783203125,2.41786789894104,2.200554132461548,2.159486770629883,1.859785556793213,2.007167339324951,1.8345155715942383,2.056112766265869,2.0643253326416016,1.5648541450500488,1.2814640998840332,0.944924533367157,0.6484479904174805,0.3903406858444214,0.0,0.3740229904651642,0.5691506266593933,0.8638913035392761,0.9171327948570251,1.0081945657730103,1.1845148801803589,1.489624261856079,1.6397150754928589,1.9829126596450806,2.5061123371124268,2.2293434143066406,2.143810749053955,2.009840965270996,1.9910377264022827,2.206721305847168,2.0317223072052,1.6869680881500244,1.4721492528915405,1.401594638824463,1.6603747606277466,1.7328925132751465,1.9779599905014038,2.2054779529571533,2.50742506980896,0.9655930995941162,1.195522665977478,1.4045493602752686,1.734058141708374,1.9562441110610962,2.296847105026245,2.540348768234253,2.3876070976257324,2.2071685791015625,1.8868329524993896,1.591415286064148,1.2688332796096802,0.9635521769523621,0.7178624868392944,0.4219405949115753,2.3679704666137695,2.2464261054992676,2.5356616973876953,2.539907693862915,2.8545303344726562,3.0536880493164062,3.0853421688079834,2.8215670585632324,2.4433753490448,2.3339877128601074,2.1635265350341797,2.2437853813171387,2.060727119445801,2.3191134929656982,2.2975432872772217
B7,1.8313606977462769,1.7731959819793701,2.078308582305908,2.108175039291382,2.474943161010742,2.564842462539673,2.7446796894073486,2.646332263946533,2.389958620071411,2.3293795585632324,2.0280838012695312,2.156651258468628,1.946890115737915,2.1708755493164062,2.1385200023651123,1.853062629699707,1.5374343395233154,1.2210829257965088,0.8837703466415405,0.6125428676605225,0.3740229904651642,0.0,0.36428356170654297,0.7263237237930298,0.9001203179359436,1.1223161220550537,1.3479464054107666,1.690665364265442,1.8758076429367065,2.237027406692505,2.416351318359375,2.163248300552368,2.0360560417175293,1.9320865869522095,1.8711402416229248,2.111377239227295,1.954193353652954,1.6175085306167603,1.4780690670013428,1.35872220993042,1.622982144355774,1.6385411024093628,1.9106823205947876,2.0882153511047363,2.404391050338745,1.1357868909835815,1.2980694770812988,1.4245259761810303,1.7332545518875122,1.8966153860092163,2.2572953701019287,2.4730427265167236,2.3081846237182617,2.14731764793396,1.80916166305542,1.5749990940093994,1.2217646837234497,1.0120506286621094,0.7543692588806152,0.6335364580154419,2.398395538330078,2.2678418159484863,2.5653653144836426,2.550370216369629,2.878147602081299,3.040626049041748,3.082226514816284,2.8519275188446045,2.4800422191619873,2.4048261642456055,2.2180213928222656,2.3336808681488037,2.1463193893432617,2.421588897705078,2.397559404373169
B8,1.7411755323410034,1.6355500221252441,1.9442377090454102,1.9526361227035522,2.3192856311798096,2.4311940670013428,2.5788941383361816,2.442215919494629,2.1511409282684326,2.087129831314087,1.8063225746154785,1.9513020515441895,1.7569196224212646,2.02093505859375,2.019595146179199,1.7327368259429932,1.3947471380233765,1.1155366897583008,0.7780054807662964,0.5675134062767029,0.5691506266593933,0.36428356170654297,0.0,0.40580305457115173,0.5744896531105042,0.8728322982788086,1.1167548894882202,1.477148175239563,1.695317268371582,2.0649216175079346,2.088385581970215,1.8224329948425293,1.678963541984558,1.5691324472427368,1.5112236738204956,1.7629700899124146,1.6310193538665771,1.2867141962051392,1.154492974281311,1.0057423114776611,1.2740468978881836,1.2992771863937378,1.5964148044586182,1.7876282930374146,2.123589515686035,1.1360716819763184,1.191616177558899,1.3242801427841187,1.5816179513931274,1.7564072608947754,2.127472162246704,2.3012189865112305,2.0918502807617188,1.8902974128723145,1.554880976676941,1.3444790840148926,1.0184917449951172,0.8424403667449951,0.7203245162963867,0.7256218194961548,2.06050181388855,1.9287632703781128,2.2338616847991943,2.2281572818756104,2.568070411682129,2.7300734519958496,2.7979934215545654,2.5819036960601807,2.2270994186401367,2.139936923980713,1.9213860034942627,2.0358078479766846,1.8379383087158203,2.1180248260498047,2.099719285964966
B9,1.5154647827148438,1.4020798206329346,1.7303740978240967,1.7626888751983643,2.131258487701416,2.2959654331207275,2.4349355697631836,2.2524027824401855,1.942970633506775,1.8309311866760254,1.5444821119308472,1.656799554824829,1.4458258152008057,1.7220816612243652,1.7270680665969849,1.6654753684997559,1.2969387769699097,1.1206703186035156,0.7904067635536194,0.7707745432853699,0.8638913035392761,0.7263237237930298,0.40580305457115173,0.0,0.3710176944732666,0.6919964551925659,1.0140509605407715,1.337922215461731,1.625964879989624,1.9768807888031006,1.6922186613082886,1.439379096031189,1.328758716583252,1.2697584629058838,1.2791533470153809,1.581693172454834,1.5309635400772095,1.1785016059875488,1.0188255310058594,0.76203453540802,0.9390655755996704,0.9127529859542847,1.1937459707260132,1.387332797050476,1.7223095893859863,1.0481698513031006,0.9693570733070374,1.0679733753204346,1.2612022161483765,1.4379677772521973,1.809074878692627,1.949391484260559,1.7137231826782227,1.4923988580703735,1.1602379083633423,0.9720863699913025,0.6767152547836304,0.5951422452926636,0.6452069282531738,0.8320158123970032,1.8024641275405884,1.6187236309051514,1.8952182531356812,1.854740023612976,2.1889426708221436,2.3342912197113037,2.3993165493011475,2.1948137283325195,1.8472503423690796,1.7789040803909302,1.5656784772872925,1.7223405838012695,1.564749002456665,1.8817392587661743,1.9204312562942505
B10,1.494361162185669,1.2912094593048096,1.5653936862945557,1.5263952016830444,1.8781566619873047,2.0144715309143066,2.121701717376709,1.9410920143127441,1.6203081607818604,1.5526201725006104,1.3070107698440552,1.4925668239593506,1.3627997636795044,1.6897070407867432,1.7773455381393433,1.3720786571502686,1.0231229066848755,0.8602935075759888,0.6191439032554626,0.6637357473373413,0.9171327948570251,0.9001203179359436,0.5744896531105042,0.3710176944732666,0.0,0.39526230096817017,0.6602689027786255,1.0013997554779053,1.2758995294570923,1.6321533918380737,1.6623536348342896,1.349107265472412,1.2451331615447998,1.0986552238464355,1.1340700387954712,1.387017846107483,1.3084993362426758,0.9452844262123108,0.6985635757446289,0.5051267743110657,0.7489500641822815,0.8757208585739136,1.1700432300567627,1.4466915130615234,1.7874155044555664,1.1013195514678955,1.0086241960525513,1.2082018852233887,1.3749374151229858,1.6171334981918335,1.9676433801651,2.0961897373199463,1.8344416618347168,1.548520803451538,1.252711534500122,1.02466881275177,0.8266234397888184,0.6480093598365784,0.8120752573013306,0.9068993330001831,1.513672113418579,1.3681327104568481,1.673578143119812,1.696051836013794,2.0426247119903564,2.240532875061035,2.33829402923584,2.1123485565185547,1.7818334102630615,1.6412211656570435,1.3832156658172607,1.468462347984314,1.2644399404525757,1.55585777759552,1.5731812715530396
B11,1.240617275238037,0.9757987856864929,1.2043097019195557,1.1374043226242065,1.4886888265609741,1.6228046417236328,1.7465614080429077,1.579534888267517,1.289734959602356,1.218769907951355,0.9589331746101379,1.177593469619751,1.106882095336914,1.4484905004501343,1.6024672985076904,1.0001906156539917,0.6408745050430298,0.5732326507568359,0.45135968923568726,0.7044468522071838,1.0081945657730103,1.1223161220550537,0.8728322982788086,0.6919964551925659,0.39526230096817017,0.0,0.3837394714355469,0.651689350605011,0.9632056951522827,1.2951831817626953,1.695120930671692,1.3692253828048706,1.3598414659500122,1.202582836151123,1.3288553953170776,1.545332431793213,1.4762156009674072,1.1303138732910156,0.7734670042991638,0.6616531610488892,0.794545590877533,0.9897390007972717,1.1908842325210571,1.5250715017318726,1.8225659132003784,0.9581661820411682,0.8540467619895935,1.145686388015747,1.303185224533081,1.613471508026123,1.926496982574463,2.0772390365600586,1.8341689109802246,1.5289374589920044,1.2787259817123413,0.9751328825950623,0.8651706576347351,0.5953565835952759,0.8457826375961304,0.8981069326400757,1.4295501708984375,1.2709258794784546,1.5418083667755127,1.5772218704223633,1.896108865737915,2.1403238773345947,2.218569040298462,1.9490269422531128,1.6133273839950562,1.4240177869796753,1.1941601037979126,1.2385735511779785,1.063084602355957,1.3560441732406616,1.4160335063934326
B12,1.4746688604354858,1.1500492095947266,1.2701442241668701,1.0874937772750854,1.384771704673767,1.4436653852462769,1.5122541189193726,1.3706905841827393,1.0770153999328613,1.11570143699646,0.9595367908477783,1.2727910280227661,1.3132277727127075,1.6688032150268555,1.8818745613098145,0.787804901599884,0.5329856276512146,0.4808417558670044,0.6099454760551453,0.8137158155441284,1.1845148801803589,1.3479464054107666,1.1167548894882202,1.0140509605407715,0.6602689027786255,0.3837394714355469,0.0,0.38744989037513733,0.6157417297363281,0.9758073687553406,1.8760905265808105,1.5168581008911133,1.4925649166107178,1.2543082237243652,1.3657710552215576,1.4919421672821045,1.3733878135681152,1.067002773284912,0.6711196899414062,0.7492637634277344,0.9242041707038879,1.2208871841430664,1.4258174896240234,1.7877607345581055,2.0839922428131104,1.2464808225631714,1.1802964210510254,1.501551628112793,1.6427247524261475,1.9686580896377563,2.2634482383728027,2.4013519287109375,2.1457698345184326,1.810402512550354,1.59561026096344,1.3063594102859497,1.2419379949569702,0.9682722091674805,1.189473032951355,1.1518727540969849,1.2926201820373535,1.225740909576416,1.522231936454773,1.6451208591461182,1.962368369102478,2.2527194023132324,2.3676910400390625,2.091475009918213,1.7948400974273682,1.539232850074768,1.2729679346084595,1.1967841386795044,0.9478169083595276,1.1522533893585205,1.1476970911026
B13,1.4043388366699219,1.0334919691085815,1.0402069091796875,0.7782486081123352,1.0274410247802734,1.0787683725357056,1.1317507028579712,0.986051619052887,0.7211847305297852,0.7900218367576599,0.6989225745201111,1.0596809387207031,1.2055660486221313,1.552027940750122,1.8294904232025146,0.5305349230766296,0.401214599609375,0.6153265237808228,0.8613798022270203,1.139061689376831,1.489624261856079,1.690665364265442,1.477148175239563,1.337922215461731,1.0013997554779053,0.651689350605011,0.38744989037513733,0.0,0.3838394582271576,0.6563793420791626,1.9117769002914429,1.563403606414795,1.6172678470611572,1.3945950269699097,1.5761617422103882,1.67421555519104,1.5953445434570312,1.333720088005066,0.9346342086791992,1.018557071685791,1.0739973783493042,1.3806123733520508,1.4995970726013184,1.8819642066955566,2.1304800510406494,1.3573812246322632,1.2610903978347778,1.5995374917984009,1.6951991319656372,2.0482633113861084,2.296107769012451,2.42857027053833,2.1859192848205566,1.8407495021820068,1.6861900091171265,1.3881230354309082,1.4115480184555054,1.1541979312896729,1.4176127910614014,1.3897753953933716,1.2407472133636475,1.171512484550476,1.401965856552124,1.5440242290496826,1.8152639865875244,2.143083095550537,2.247797727584839,1.9474095106124878,1.6797651052474976,1.3778111934661865,1.14893639087677,1.0008516311645508,0.8053121566772461,0.9693183898925781,1.030590534210205
