,A1,A2,A3,A4,A5,A6,A7,A8,A9,A10,A11,A12,A13,A14,A15,B1,B2,B3,B4,B5,B6,B7,B8,B9,B10,B11,B12,B13,B14,B15,C1,C2,C3,C4,C5,C6,C7,C8,C9,C10,C11,C12,C13,C14,C15,D1,D2,D3,D4,D5,D6,D7,D8,D9,D10,D11,D12,D13,D14,D15,E1,E2,E3,E4,E5,E6,E7,E8,E9,E10,E11,E12,E13,E14,E15
A1,0.0,0.39644354581832886,0.6463110446929932,0.831750750541687,1.1672090291976929,1.3617475032806396,1.6734038591384888,1.9434659481048584,2.244131088256836,2.5489633083343506,2.8252525329589844,3.1025776863098145,3.3754401206970215,3.7005934715270996,3.8553080558776855,3.306671142578125,2.9178578853607178,2.839501142501831,2.717676877975464,2.3891026973724365,2.5553693771362305,2.2805545330047607,2.426537036895752,2.3056957721710205,2.3380930423736572,2.483670234680176,2.3184752464294434,2.5956602096557617,2.5197510719299316,2.6865830421447754,0.2644420862197876,0.5358070731163025,0.6156429648399353,0.8367275595664978,1.176819086074829,1.3219276666641235,1.663632869720459,1.9004842042922974,2.21560001373291,2.506179094314575,2.784350872039795,3.0652506351470947,3.3269872665405273,3.6640501022338867,3.791529893875122,3.482949733734131,3.094377279281616,2.980666160583496,2.8825204372406006,2.5317468643188477,2.667818069458008,2.383317470550537,2.4765331745147705,2.3525049686431885,2.3148856163024902,2.46345591545105,2.2615201473236084,2.5249834060668945,2.4059929847717285,2.5406947135925293,0.8463366031646729,0.7469247579574585,1.0710954666137695,1.0457128286361694,1.2580958604812622,1.4861470460891724,1.6533267498016357,2.0001235008239746,2.195661783218384,2.551713228225708,2.782524824142456,3.05798077583313,3.331315517425537,3.6448490619659424,3.8258330821990967
A2,0.39644354581832886,0.0,0.38343545794487,0.5787432789802551,0.8446008563041687,1.1094551086425781,1.3808854818344116,1.6813894510269165,1.9709299802780151,2.272590398788452,2.563035011291504,2.814565420150757,3.106067180633545,3.4123075008392334,3.5702831745147705,2.914867877960205,2.527024030685425,2.4522593021392822,2.325446367263794,2.0028605461120605,2.181680679321289,1.9190956354141235,2.094036340713501,2.0002591609954834,2.074139356613159,2.2489778995513916,2.1324925422668457,2.4346511363983154,2.416135549545288,2.5976524353027344,0.367612361907959,0.21658413112163544,0.2883119285106659,0.4960491359233856,0.8181756734848022,1.0250195264816284,1.3337095975875854,1.607666254043579,1.9066838026046753,2.205695629119873,2.4899277687072754,2.752182722091675,3.028665542602539,3.349726915359497,3.4878318309783936,3.093451499938965,2.7054190635681152,2.598259210586548,2.4943716526031494,2.148560047149658,2.2970120906829834,2.0204343795776367,2.1433866024017334,2.04036808013916,2.044908285140991,2.2209534645080566,2.0663468837738037,2.357778549194336,2.2948873043060303,2.453674077987671,0.8061994314193726,0.5310381054878235,0.7913644909858704,0.8045251369476318,0.9473928809165955,1.2373863458633423,1.396610975265503,1.753331184387207,1.973730444908142,2.3064932823181152,2.5718345642089844,2.8216118812561035,3.1170647144317627,3.4219067096710205,3.58252215385437
A3,0.6463110446929932,0.38343545794487,0.0,0.38905590772628784,0.6015416383743286,0.837222158908844,1.147978663444519,1.4059840440750122,1.7340757846832275,2.0021042823791504,2.3154170513153076,2.5602948665618896,2.8548693656921387,3.167179822921753,3.2961959838867188,2.838329553604126,2.4550633430480957,2.338637113571167,2.172729969024658,1.8291820287704468,1.9523259401321411,1.6542528867721558,1.7874714136123657,1.6605908870697021,1.7111064195632935,1.8732918500900269,1.7492328882217407,2.0519909858703613,2.0425281524658203,2.2267088890075684,0.7244108319282532,0.5157515406608582,0.1438300609588623,0.4130707085132599,0.607106626033783,0.790634036064148,1.1275798082351685,1.3585397005081177,1.6951950788497925,1.9541711807250977,2.26849102973938,2.5140631198883057,2.8007588386535645,3.1218507289886475,3.2286667823791504,2.9985156059265137,2.615220069885254,2.4721100330352783,2.330007314682007,1.96979558467865,2.064718008041382,1.759662389755249,1.8389874696731567,1.706552267074585,1.6841884851455688,1.8477927446365356,1.683651328086853,1.9760359525680542,1.9227845668792725,2.0831849575042725,0.7441794872283936,0.44344839453697205,0.5420235395431519,0.43070659041404724,0.6184336543083191,0.8709148168563843,1.0747102499008179,1.4123467206954956,1.6602908372879028,1.98984956741333,2.2596709728240967,2.5251283645629883,2.8111650943756104,3.132866144180298,3.278306007385254
A4,0.831750750541687,0.5787432789802551,0.38905590772628784,0.0,0.37929150462150574,0.5415747165679932,0.8434682488441467,1.1190179586410522,1.4186904430389404,1.7200236320495605,2.0037598609924316,2.2720930576324463,2.5512447357177734,2.8721001148223877,3.0254106521606445,2.715097427368164,2.327514886856079,2.171687602996826,2.050623893737793,1.689810037612915,1.8187466859817505,1.5586262941360474,1.6715022325515747,1.6124526262283325,1.6320459842681885,1.8575294017791748,1.7368477582931519,2.0654845237731934,2.0864713191986084,2.2165610790252686,0.9093265533447266,0.7252316474914551,0.4508253037929535,0.2527894079685211,0.4742579460144043,0.49402278661727905,0.8564161658287048,1.0689119100570679,1.3943846225738525,1.6748348474502563,1.9603793621063232,2.2369742393493652,2.501131296157837,2.838432788848877,2.959895133972168,2.8445451259613037,2.4617297649383545,2.283228635787964,2.182840347290039,1.8134654760360718,1.917016863822937,1.6520023345947266,1.7155009508132935,1.6540604829788208,1.6087679862976074,1.836899995803833,1.6861763000488281,2.006269693374634,1.9947235584259033,2.1031529903411865,1.1320875883102417,0.8199821710586548,0.8295374512672424,0.6033728122711182,0.5695070624351501,0.796299934387207,0.8590668439865112,1.2273836135864258,1.4090447425842285,1.7504231929779053,2.0027849674224854,2.2522926330566406,2.545109987258911,2.847493886947632,3.018239974975586
A5,1.1672090291976929,0.8446008563041687,0.6015416383743286,0.37929150462150574,0.0,0.37032216787338257,0.5661265850067139,0.8686054944992065,1.1620110273361206,1.4405956268310547,1.7510334253311157,1.9818434715270996,2.284579038619995,2.584179401397705,2.7304530143737793,2.3879334926605225,2.007153272628784,1.8320742845535278,1.6906174421310425,1.324112892150879,1.4398843050003052,1.1833224296569824,1.3123407363891602,1.2894558906555176,1.352117657661438,1.614617943763733,1.5586048364639282,1.9058078527450562,1.9950636625289917,2.13468599319458,1.2038906812667847,0.9205766916275024,0.6414821147918701,0.3861876130104065,0.1812974214553833,0.2228303700685501,0.5268140435218811,0.7779852151870728,1.0968056917190552,1.3696869611740112,1.6764501333236694,1.921770691871643,2.2083652019500732,2.52653431892395,2.6486124992370605,2.5086429119110107,2.1309902667999268,1.940497636795044,1.8183561563491821,1.446158766746521,1.538907527923584,1.2747864723205566,1.3553475141525269,1.3228610754013062,1.3223116397857666,1.5861035585403442,1.500554084777832,1.8432241678237915,1.9013439416885376,2.029107093811035,1.2840397357940674,0.9362046122550964,0.7911392450332642,0.587462842464447,0.3170294165611267,0.5971558690071106,0.6166344881057739,0.9796183705329895,1.1998730897903442,1.4975699186325073,1.7938423156738281,2.0119528770446777,2.325859546661377,2.6209535598754883,2.7614388465881348
A6,1.3617475032806396,1.1094551086425781,0.837222158908844,0.5415747165679932,0.37032216787338257,0.0,0.3835715055465698,0.5828692317008972,0.9148380160331726,1.1905838251113892,1.486283540725708,1.754540205001831,2.0311379432678223,2.3591482639312744,2.4961891174316406,2.531069040298462,2.1629886627197266,1.9314537048339844,1.804017186164856,1.4256130456924438,1.4755076169967651,1.22744882106781,1.2565042972564697,1.2443253993988037,1.2103290557861328,1.4933068752288818,1.3987526893615723,1.74683678150177,1.8342626094818115,1.9164092540740967,1.4503527879714966,1.229382038116455,0.9203479290008545,0.6780984401702881,0.5418391227722168,0.21415477991104126,0.5115085244178772,0.5722689032554626,0.9400171041488647,1.1694210767745972,1.4730805158615112,1.7438024282455444,2.0055649280548096,2.3489482402801514,2.444828987121582,2.610450267791748,2.2481157779693604,2.0037343502044678,1.8924200534820557,1.5169469118118286,1.5505821704864502,1.3053916692733765,1.2924507856369019,1.283406138420105,1.1932753324508667,1.478899359703064,1.3644931316375732,1.7060012817382812,1.7732746601104736,1.8390357494354248,1.5211422443389893,1.2194722890853882,1.0636672973632812,0.7535216212272644,0.4984210729598999,0.5171306729316711,0.3586452901363373,0.7272520065307617,0.8773564100265503,1.2115366458892822,1.4710983037948608,1.7128291130065918,2.010282039642334,2.3132219314575195,2.477079391479492
A7,1.6734038591384888,1.3808854818344116,1.147978663444519,0.8434682488441467,0.5661265850067139,0.3835715055465698,0.0,0.36980992555618286,0.5974199175834656,0.9021217823028564,1.1902189254760742,1.4350671768188477,1.7270081043243408,2.033754587173462,2.1964423656463623,2.2302968502044678,1.8741477727890015,1.6101844310760498,1.5175645351409912,1.145614743232727,1.1992875337600708,1.0276979207992554,1.0664310455322266,1.172300934791565,1.1761980056762695,1.520537257194519,1.5034444332122803,1.8576768636703491,2.012314796447754,2.0756914615631104,1.7228431701660156,1.4636304378509521,1.2017977237701416,0.8963354825973511,0.6704171299934387,0.36034324765205383,0.23736260831356049,0.23426122963428497,0.5633668303489685,0.8344409465789795,1.1229029893875122,1.3946497440338135,1.660325050354004,1.9963232278823853,2.120082378387451,2.282413959503174,1.9312914609909058,1.6614166498184204,1.5791096687316895,1.2124735116958618,1.2576959133148193,1.0813699960708618,1.089449167251587,1.192196249961853,1.1554579734802246,1.500882625579834,1.472086787223816,1.823156714439392,1.9622385501861572,2.021463394165039,1.828744888305664,1.4953091144561768,1.2996058464050293,1.052836537361145,0.7081285119056702,0.7337539196014404,0.4334208369255066,0.6986774206161499,0.7823575735092163,1.0386452674865723,1.3264195919036865,1.496640920639038,1.8264799118041992,2.0924205780029297,2.2461419105529785
A8,1.9434659481048584,1.6813894510269165,1.4059840440750122,1.1190179586410522,0.8686054944992065,0.5828692317008972,0.36980992555618286,0.0,0.38978129625320435,0.6105104684829712,0.9185875058174133,1.1812368631362915,1.4556193351745605,1.786766767501831,1.9152048826217651,2.3708479404449463,2.045197010040283,1.737057089805603,1.6302353143692017,1.2742621898651123,1.2235358953475952,1.0585187673568726,0.9669131636619568,1.0762027502059937,0.983841598033905,1.3377960920333862,1.3146686553955078,1.6530218124389648,1.8293298482894897,1.8435869216918945,2.024916648864746,1.782415747642517,1.4834115505218506,1.2193759679794312,0.9870854020118713,0.6702094674110413,0.5644866228103638,0.2249939739704132,0.5251370072364807,0.6269583106040955,0.940666139125824,1.201696515083313,1.4523762464523315,1.8011431694030762,1.8743088245391846,2.383772850036621,2.0638175010681152,1.7509740591049194,1.6505340337753296,1.3054941892623901,1.2521291971206665,1.093645691871643,0.9795584678649902,1.098249912261963,0.9776238799095154,1.3311736583709717,1.3065690994262695,1.6397343873977661,1.810057282447815,1.8207656145095825,2.0494439601898193,1.7515169382095337,1.5238149166107178,1.2348254919052124,0.9198402762413025,0.7840230464935303,0.40911969542503357,0.4598735570907593,0.4242744445800781,0.680114209651947,0.9579297304153442,1.1488395929336548,1.4682633876800537,1.7529367208480835,1.907968521118164
A9,2.244131088256836,1.9709299802780151,1.7340757846832275,1.4186904430389404,1.1620110273361206,0.9148380160331726,0.5974199175834656,0.38978129625320435,0.0,0.37687525153160095,0.5952602028846741,0.8690469264984131,1.1364210844039917,1.4583451747894287,1.6359779834747314,2.2313144207000732,1.9331228733062744,1.5928149223327637,1.5570008754730225,1.2436326742172241,1.1950935125350952,1.1529535055160522,1.0614001750946045,1.2816191911697388,1.2127994298934937,1.5851274728775024,1.6102725267410278,1.9306325912475586,2.139600992202759,2.121415615081787,2.3042547702789307,2.057771682739258,1.7959932088851929,1.487259030342102,1.2586957216262817,0.9537701606750488,0.7265123724937439,0.39828839898109436,0.30041101574897766,0.35646960139274597,0.5729923248291016,0.8843955397605896,1.1020593643188477,1.4648526906967163,1.576054334640503,2.1997861862182617,1.9085685014724731,1.5652570724487305,1.5305215120315552,1.2306509017944336,1.1879481077194214,1.1516011953353882,1.0527812242507935,1.2842700481414795,1.20792818069458,1.5782132148742676,1.6102409362792969,1.9282481670379639,2.1356260776519775,2.1242587566375732,2.401654005050659,2.0817837715148926,1.857703685760498,1.596872091293335,1.2567369937896729,1.1624447107315063,0.7935331463813782,0.7764163613319397,0.6042120456695557,0.679657518863678,0.9075602889060974,0.9741812944412231,1.3190981149673462,1.5357235670089722,1.7039897441864014
A10,2.5489633083343506,2.272590398788452,2.0021042823791504,1.7200236320495605,1.4405956268310547,1.1905838251113892,0.9021217823028564,0.6105104684829712,0.37687525153160095,0.0,0.3814356029033661,0.5777294635772705,0.8644543290138245,1.1842093467712402,1.3067655563354492,2.2679829597473145,2.013669729232788,1.6489003896713257,1.5831172466278076,1.3125712871551514,1.1602784395217896,1.1479830741882324,0.9557055234909058,1.1984025239944458,1.0929046869277954,1.4507482051849365,1.520810604095459,1.8053776025772095,2.0577168464660645,2.01554799079895,2.618168830871582,2.356529712677002,2.0716304779052734,1.7952406406402588,1.5279080867767334,1.2484244108200073,1.0139693021774292,0.6726942658424377,0.5452659130096436,0.2353881150484085,0.4604186713695526,0.651500403881073,0.8788710236549377,1.2233844995498657,1.2685035467147827,2.202993869781494,1.9552075862884521,1.5899885892868042,1.5182151794433594,1.2666633129119873,1.120198130607605,1.1223421096801758,0.9308286905288696,1.1923103332519531,1.0971919298171997,1.4497188329696655,1.533886432647705,1.816978096961975,2.072685956954956,2.0436055660247803,2.6211259365081787,2.3210866451263428,2.0566487312316895,1.799678921699524,1.4688626527786255,1.3092392683029175,0.9712294936180115,0.7987598776817322,0.5906528830528259,0.4320841133594513,0.6632410883903503,0.6547248363494873,1.0143301486968994,1.2349579334259033,1.3590341806411743
A11,2.8252525329589844,2.563035011291504,2.3154170513153076,2.0037598609924316,1.7510334253311157,1.486283540725708,1.1902189254760742,0.9185875058174133,0.5952602028846741,0.3814356029033661,0.0,0.37782639265060425,0.5521805286407471,0.9086748957633972,1.0880740880966187,2.395639181137085,2.1718592643737793,1.7958165407180786,1.7979406118392944,1.5699318647384644,1.434726357460022,1.487722396850586,1.3036173582077026,1.5653406381607056,1.4453861713409424,1.785186529159546,1.844949722290039,2.10494065284729,2.349724292755127,2.2621138095855713,2.8947360515594482,2.6526379585266113,2.38364315032959,2.0819170475006104,1.8450545072555542,1.5447217226028442,1.306634545326233,0.977399468421936,0.7654584050178528,0.49715304374694824,0.35318228602409363,0.5660540461540222,0.6318058967590332,1.0131150484085083,1.0706226825714111,2.287482976913452,2.0773673057556152,1.699526309967041,1.6978124380111694,1.4986870288848877,1.3720452785491943,1.4479409456253052,1.2709261178970337,1.5552716255187988,1.4548697471618652,1.7903263568878174,1.870490550994873,2.1309471130371094,2.385063648223877,2.3159008026123047,2.963809013366699,2.657585620880127,2.4119791984558105,2.145528793334961,1.8152960538864136,1.6639846563339233,1.3089935779571533,1.1507623195648193,0.8680360317230225,0.6813541054725647,0.7136141657829285,0.5460737943649292,0.8735646605491638,0.9924737215042114,1.1704902648925781
A12,3.1025776863098145,2.814565420150757,2.5602948665618896,2.2720930576324463,1.9818434715270996,1.754540205001831,1.4350671768188477,1.1812368631362915,0.8690469264984131,0.5777294635772705,0.37782639265060425,0.0,0.3577703833580017,0.6102308034896851,0.7785269021987915,2.249300956726074,2.0782246589660645,1.6954425573349,1.6985907554626465,1.5386996269226074,1.3554787635803223,1.4802345037460327,1.284458875656128,1.589081883430481,1.5107057094573975,1.8343716859817505,1.9603254795074463,2.1964521408081055,2.484729766845703,2.4099698066711426,3.1569552421569824,2.8848445415496826,2.6206300258636475,2.326697826385498,2.051530361175537,1.7915890216827393,1.5082451105117798,1.208199143409729,0.9465413093566895,0.6171870827674866,0.4141913056373596,0.2983066439628601,0.34541094303131104,0.6746317744255066,0.7137512564659119,2.1072380542755127,1.949226975440979,1.5687847137451172,1.5603094100952148,1.4354673624038696,1.2630667686462402,1.4151294231414795,1.23844575881958,1.5636732578277588,1.5175652503967285,1.8344426155090332,1.9818527698516846,2.2213034629821777,2.517906904220581,2.4683542251586914,3.1778018474578857,2.8679802417755127,2.59246563911438,2.360401153564453,2.0174670219421387,1.8717995882034302,1.5447627305984497,1.3485180139541626,1.12727952003479,0.8453004360198975,0.899081289768219,0.6127270460128784,0.9020822644233704,0.9390029311180115,1.008213758468628
A13,3.3754401206970215,3.106067180633545,2.8548693656921387,2.5512447357177734,2.284579038619995,2.0311379432678223,1.7270081043243408,1.4556193351745605,1.1364210844039917,0.8644543290138245,0.5521805286407471,0.3577703833580017,0.0,0.391756534576416,0.5874482989311218,2.525503635406494,2.3784284591674805,1.9975745677947998,2.0297491550445557,1.886971354484558,1.7070739269256592,1.835580825805664,1.6243001222610474,1.9097143411636353,1.793944239616394,2.093672513961792,2.1974480152130127,2.405877113342285,2.6813299655914307,2.5628068447113037,3.4406092166900635,3.1877505779266357,2.9210803508758545,2.621053457260132,2.3669004440307617,2.0842056274414062,1.820947289466858,1.506667137145996,1.2525571584701538,0.9457976818084717,0.6882079839706421,0.600519597530365,0.3851744830608368,0.6437806487083435,0.6127353310585022,2.3556880950927734,2.2303466796875,1.853226661682129,1.8776901960372925,1.778346300125122,1.6095707416534424,1.7701847553253174,1.577942967414856,1.8873766660690308,1.8078590631484985,2.1022017002105713,2.232611894607544,2.4457476139068604,2.7358860969543457,2.645704984664917,3.4854934215545654,3.1814889907836914,2.9160499572753906,2.6639134883880615,2.3310534954071045,2.1671347618103027,1.8302642107009888,1.6230422258377075,1.3498175144195557,1.064041018486023,0.9884600043296814,0.6340206861495972,0.7972965836524963,0.693397581577301,0.8046377301216125
A14,3.7005934715270996,3.4123075008392334,3.167179822921753,2.8721001148223877,2.584179401397705,2.3591482639312744,2.033754587173462,1.786766767501831,1.4583451747894287,1.1842093467712402,0.9086748957633972,0.6102308034896851,0.391756534576416,0.0,0.3763042092323303,2.473461866378784,2.3862316608428955,2.016580820083618,2.0752694606781006,2.0021278858184814,1.81313955783844,2.002901315689087,1.8085304498672485,2.1210153102874756,2.045100212097168,2.3314316272735596,2.4782421588897705,2.670886516571045,2.971902847290039,2.863544464111328,3.750082492828369,3.4783060550689697,3.224658966064453,2.921107292175293,2.6489017009735107,2.3926258087158203,2.097203254699707,1.8110740184783936,1.5195190906524658,1.2179269790649414,0.9375160336494446,0.7185885310173035,0.42356371879577637,0.3776353895664215,0.31433022022247314,2.265042304992676,2.20432186126709,1.8447387218475342,1.8925161361694336,1.8709609508514404,1.697506308555603,1.9210084676742554,1.7554397583007812,2.0878562927246094,2.0554909706115723,2.3351197242736816,2.5087080001831055,2.7084121704101562,3.0232532024383545,2.948193311691284,3.7859511375427246,3.473506450653076,3.1943089962005615,2.9695394039154053,2.6247899532318115,2.478158712387085,2.1537957191467285,1.9426342248916626,1.70400869846344,1.394057273864746,1.3425025939941406,0.972649872303009,1.0762999057769775,0.8767905831336975,0.8604286909103394
A15,3.8553080558776855,3.5702831745147705,3.2961959838867188,3.0254106521606445,2.7304530143737793,2.4961891174316406,2.1964423656463623,1.9152048826217651,1.6359779834747314,1.3067655563354492,1.0880740880966187,0.7785269021987915,0.5874482989311218,0.3763042092323303,0.0,2.656414270401001,2.5829806327819824,2.215102434158325,2.2190659046173096,2.150362968444824,1.9066076278686523,2.069348096847534,1.8259702920913696,2.1020097732543945,2.0006532669067383,2.239095449447632,2.39989972114563,2.5482449531555176,2.8608598709106445,2.739555835723877,3.91835880279541,3.6403534412384033,3.3624043464660645,3.0875003337860107,2.796788454055786,2.546928882598877,2.2689521312713623,1.9649280309677124,1.7193454504013062,1.3740955591201782,1.1749811172485352,0.9168252944946289,0.725182831287384,0.629173219203949,0.28952449560165405,2.4520785808563232,2.40446400642395,2.050144672393799,2.0373852252960205,2.0213472843170166,1.78817880153656,1.9866167306900024,1.7713537216186523,2.0690407752990723,2.0171380043029785,2.2484371662139893,2.4385156631469727,2.595189094543457,2.9246208667755127,2.838721513748169,3.8746774196624756,3.584800958633423,3.284445285797119,3.056864023208618,2.7304389476776123,2.5450501441955566,2.248568534851074,1.9861774444580078,1.7639074325561523,1.4107387065887451,1.3298075199127197,0.959286093711853,0.9746923446655273,0.7651644349098206,0.5977663397789001
B1,3.306671142578125,2.914867877960205,2.838329553604126,2.715097427368164,2.3879334926605225,2.531069040298462,2.2302968502044678,2.3708479404449463,2.2313144207000732,2.2679829597473145,2.395639181137085,2.249300956726074,2.525503635406494,2.473461866378784,2.656414270401001,0.0,0.39293238520622253,0.6400279402732849,0.8228247761726379,1.16366446018219,1.347983479499817,1.6643455028533936,1.931046962738037,2.2355093955993652,2.536428451538086,2.817394733428955,3.076219081878662,3.3588995933532715,3.667668581008911,3.8184001445770264,3.1840744018554688,2.8159451484680176,2.784701347351074,2.550635814666748,2.2778475284576416,2.368825674057007,2.0318639278411865,2.1734416484832764,1.9447417259216309,2.0395638942718506,2.0573511123657227,1.952747106552124,2.1649272441864014,2.1247851848602295,2.3855533599853516,0.3150186836719513,0.332847535610199,0.6981233954429626,0.8105738162994385,1.1051875352859497,1.3411978483200073,1.6012675762176514,1.9132113456726074,2.1766862869262695,2.491691827774048,2.7594637870788574,3.0096311569213867,3.296229839324951,3.577657461166382,3.7583553791046143,3.245616912841797,2.896085023880005,2.6630399227142334,2.755052328109741,2.4332215785980225,2.6070311069488525,2.489589214324951,2.5444164276123047,2.6653225421905518,2.5828850269317627,2.8967270851135254,2.774836301803589,3.1019439697265625,3.1642909049987793,3.1168341636657715
B2,2.9178578853607178,2.527024030685425,2.4550633430480957,2.327514886856079,2.007153272628784,2.1629886627197266,1.8741477727890015,2.045197010040283,1.9331228733062744,2.013669729232788,2.1718592643737793,2.0782246589660645,2.3784284591674805,2.3862316608428955,2.5829806327819824,0.39293238520622253,0.0,0.38278689980506897,0.5760003328323364,0.8485934138298035,1.1071903705596924,1.3872584104537964,1.6840205192565918,1.977860689163208,2.2743306159973145,2.570533514022827,2.8013176918029785,3.102327823638916,3.3904173374176025,3.543682336807251,2.798161745071411,2.4322972297668457,2.4006199836730957,2.1601879596710205,1.8954030275344849,1.993202567100525,1.6666456460952759,1.8384103775024414,1.6378504037857056,1.7808841466903687,1.837233543395996,1.7917113304138184,2.035449981689453,2.0664217472076416,2.3285653591156006,0.5985295176506042,0.262079656124115,0.5433810949325562,0.6379968523979187,0.8223215341567993,1.1271246671676636,1.3396837711334229,1.6735440492630005,1.9258567094802856,2.228116035461426,2.512968063354492,2.7327027320861816,3.037062168121338,3.2968063354492188,3.476128339767456,2.884387493133545,2.526392698287964,2.3042006492614746,2.3890397548675537,2.0666325092315674,2.259716033935547,2.145712375640869,2.2344586849212646,2.3674087524414062,2.3275279998779297,2.654637098312378,2.5711255073547363,2.9143383502960205,3.010918378829956,2.99713134765625
B3,2.839501142501831,2.4522593021392822,2.338637113571167,2.171687602996826,1.8320742845535278,1.9314537048339844,1.6101844310760498,1.737057089805603,1.5928149223327637,1.6489003896713257,1.7958165407180786,1.6954425573349,1.9975745677947998,2.016580820083618,2.215102434158325,0.6400279402732849,0.38278689980506897,0.0,0.3896981477737427,0.6104652285575867,0.8290411829948425,1.14942467212677,1.4017518758773804,1.7328025102615356,1.9965262413024902,2.3141160011291504,2.5404715538024902,2.843191146850586,3.1396281719207764,3.2645599842071533,2.750931978225708,2.3883378505706787,2.304610252380371,2.0371854305267334,1.7471286058425903,1.783052682876587,1.4258631467819214,1.540897250175476,1.3049981594085693,1.4167522192001343,1.4615893363952637,1.4094481468200684,1.6595535278320312,1.7089120149612427,1.9671673774719238,0.6802298426628113,0.32790490984916687,0.21380089223384857,0.36170223355293274,0.5298509001731873,0.8242615461349487,1.086707353591919,1.3838355541229248,1.680002212524414,1.9545363187789917,2.2619662284851074,2.4818942546844482,2.788721799850464,3.0621864795684814,3.212881565093994,2.8265933990478516,2.46286940574646,2.2166149616241455,2.24206805229187,1.8919955492019653,2.038759231567383,1.8820775747299194,1.937735676765442,2.038120985031128,1.9746792316436768,2.2905170917510986,2.1935956478118896,2.5354502201080322,2.628525495529175,2.620363473892212
B4,2.717676877975464,2.325446367263794,2.172729969024658,2.050623893737793,1.6906174421310425,1.804017186164856,1.5175645351409912,1.6302353143692017,1.5570008754730225,1.5831172466278076,1.7979406118392944,1.6985907554626465,2.0297491550445557,2.0752694606781006,2.2190659046173096,0.8228247761726379,0.5760003328323364,0.3896981477737427,0.0,0.3788306415081024,0.5429238677024841,0.8423650860786438,1.1215628385543823,1.4205089807510376,1.7200390100479126,2.007903575897217,2.2555627822875977,2.54520845413208,2.8478786945343018,2.9992122650146484,2.641948938369751,2.2608489990234375,2.145256996154785,1.924078106880188,1.5958276987075806,1.6649463176727295,1.3300832509994507,1.446792483329773,1.284026026725769,1.3645713329315186,1.5001951456069946,1.42948317527771,1.7306586503982544,1.7945315837860107,1.9923044443130493,0.9156695604324341,0.613920271396637,0.5189511179924011,0.22860217094421387,0.3290736675262451,0.5722870826721191,0.7813878655433655,1.1099413633346558,1.3645145893096924,1.6741931438446045,1.9507395029067993,2.18918514251709,2.4827637672424316,2.7602500915527344,2.936586380004883,2.6011998653411865,2.2590315341949463,1.9772272109985352,2.021616220474243,1.6888209581375122,1.8176831007003784,1.7126463651657104,1.745052456855774,1.9047157764434814,1.8409018516540527,2.185720443725586,2.126603364944458,2.465329885482788,2.603085517883301,2.5700039863586426
B5,2.3891026973724365,2.0028605461120605,1.8291820287704468,1.689810037612915,1.324112892150879,1.4256130456924438,1.145614743232727,1.2742621898651123,1.2436326742172241,1.3125712871551514,1.5699318647384644,1.5386996269226074,1.886971354484558,2.0021278858184814,2.150362968444824,1.16366446018219,0.8485934138298035,0.6104652285575867,0.3788306415081024,0.0,0.37200692296028137,0.56756591796875,0.8725647926330566,1.1616524457931519,1.4389140605926514,1.751803994178772,1.9613969326019287,2.2725727558135986,2.553340435028076,2.6983025074005127,2.3334176540374756,1.9592514038085938,1.8127620220184326,1.5802961587905884,1.2415354251861572,1.2904068231582642,0.9578936696052551,1.086224913597107,0.9737372398376465,1.0990177392959595,1.2988640069961548,1.303383469581604,1.6301336288452148,1.7734870910644531,1.954978585243225,1.2508515119552612,0.9121567010879517,0.7233700752258301,0.5011633634567261,0.16494260728359222,0.4588128328323364,0.5335823893547058,0.8716484308242798,1.116727352142334,1.3928338289260864,1.697695016860962,1.8962409496307373,2.211054801940918,2.467371702194214,2.632296085357666,2.301039457321167,1.9523437023162842,1.6688932180404663,1.6745628118515015,1.3277980089187622,1.4539575576782227,1.3397611379623413,1.398900032043457,1.5712864398956299,1.5555564165115356,1.912848711013794,1.9024704694747925,2.2522552013397217,2.4289941787719727,2.433380603790283
B6,2.5553693771362305,2.181680679321289,1.9523259401321411,1.8187466859817505,1.4398843050003052,1.4755076169967651,1.1992875337600708,1.2235358953475952,1.1950935125350952,1.1602784395217896,1.434726357460022,1.3554787635803223,1.7070739269256592,1.81313955783844,1.9066076278686523,1.347983479499817,1.1071903705596924,0.8290411829948425,0.5429238677024841,0.37200692296028137,0.0,0.3832392990589142,0.5847597122192383,0.9179630875587463,1.1909161806106567,1.4914367198944092,1.7407262325286865,2.0270938873291016,2.3398218154907227,2.473039388656616,2.5312607288360596,2.160217523574829,1.9593392610549927,1.7517812252044678,1.3846524953842163,1.3867580890655518,1.0650560855865479,1.0835520029067993,0.9790686964988708,0.9750944972038269,1.2048639059066772,1.1371393203735352,1.482269525527954,1.605663537979126,1.7277553081512451,1.3828039169311523,1.1124699115753174,0.8705834150314331,0.5609208941459656,0.3317544758319855,0.13572247326374054,0.285946249961853,0.5689708590507507,0.8604537844657898,1.1480094194412231,1.4389783143997192,1.6827746629714966,1.9734230041503906,2.2666122913360596,2.4216113090515137,2.4004170894622803,2.07987904548645,1.755551815032959,1.7235982418060303,1.3836809396743774,1.4166204929351807,1.3000646829605103,1.2589079141616821,1.431443452835083,1.3464101552963257,1.7040561437606812,1.6812437772750854,2.0132641792297363,2.1986329555511475,2.1642966270446777
B7,2.2805545330047607,1.9190956354141235,1.6542528867721558,1.5586262941360474,1.1833224296569824,1.22744882106781,1.0276979207992554,1.0585187673568726,1.1529535055160522,1.1479830741882324,1.487722396850586,1.4802345037460327,1.835580825805664,2.002901315689087,2.069348096847534,1.6643455028533936,1.3872584104537964,1.14942467212677,0.8423650860786438,0.56756591796875,0.3832392990589142,0.0,0.3717360496520996,0.5958998799324036,0.9007577896118164,1.1897248029708862,1.4170253276824951,1.715699315071106,2.0071887969970703,2.1671559810638428,2.2773449420928955,1.9103498458862305,1.6734817028045654,1.512324333190918,1.1321556568145752,1.156421184539795,0.9094495177268982,0.9435122013092041,0.9847912192344666,1.0063257217407227,1.3249250650405884,1.321657419204712,1.67635178565979,1.8529962301254272,1.9331302642822266,1.7362914085388184,1.4400205612182617,1.2216428518295288,0.920666515827179,0.6270768046379089,0.4877253770828247,0.11393745988607407,0.39803963899612427,0.5513983368873596,0.8509738445281982,1.1333415508270264,1.3484474420547485,1.651292085647583,1.9206211566925049,2.0967068672180176,2.0672504901885986,1.7683699131011963,1.424379587173462,1.3822145462036133,1.0664520263671875,1.0773019790649414,1.027742862701416,0.9982550144195557,1.252740502357483,1.2348824739456177,1.613610863685608,1.6751551628112793,1.999935269355774,2.2445216178894043,2.229177951812744
B8,2.426537036895752,2.094036340713501,1.7874714136123657,1.6715022325515747,1.3123407363891602,1.2565042972564697,1.0664310455322266,0.9669131636619568,1.0614001750946045,0.9557055234909058,1.3036173582077026,1.284458875656128,1.6243001222610474,1.8085304498672485,1.8259702920913696,1.931046962738037,1.6840205192565918,1.4017518758773804,1.1215628385543823,0.8725647926330566,0.5847597122192383,0.3717360496520996,0.0,0.3914114832878113,0.6102629899978638,0.9207720160484314,1.1688075065612793,1.4498189687728882,1.7698076963424683,1.8930093050003052,2.4604861736297607,2.118154525756836,1.8342269659042358,1.6792570352554321,1.3078893423080444,1.2475167512893677,1.0283769369125366,0.9265497922897339,0.9806152582168579,0.8766498565673828,1.2146201133728027,1.1825257539749146,1.5281627178192139,1.7129276990890503,1.728985071182251,1.9565727710723877,1.6950287818908691,1.426973581314087,1.13870370388031,0.8818101286888123,0.6133346557617188,0.3634473383426666,0.0600946806371212,0.3409532308578491,0.5700387954711914,0.8747127652168274,1.1195034980773926,1.4038649797439575,1.7102622985839844,1.8478779792785645,2.2074272632598877,1.9380708932876587,1.5842543840408325,1.4686366319656372,1.17064368724823,1.056563377380371,0.9717453122138977,0.8087050318717957,1.0364404916763306,0.9502391815185547,1.3191368579864502,1.3880248069763184,1.6890558004379272,1.9528294801712036,1.921271800994873
B9,2.3056957721710205,2.0002591609954834,1.6605908870697021,1.6124526262283325,1.2894558906555176,1.2443253993988037,1.172300934791565,1.0762027502059937,1.2816191911697388,1.1984025239944458,1.5653406381607056,1.589081883430481,1.9097143411636353,2.1210153102874756,2.1020097732543945,2.2355093955993652,1.977860689163208,1.7328025102615356,1.4205089807510376,1.1616524457931519,0.9179630875587463,0.5958998799324036,0.3914114832878113,0.0,0.37541428208351135,0.5958623886108398,0.8526711463928223,1.1270228624343872,1.4363794326782227,1.6084134578704834,2.362259864807129,2.0338613986968994,1.7209665775299072,1.644753098487854,1.2896223068237305,1.2656458616256714,1.1589127779006958,1.0802996158599854,1.2493466138839722,1.1701136827468872,1.5343796014785767,1.5312567949295044,1.8650503158569336,2.06294584274292,2.04081130027771,2.2915449142456055,2.0203897953033447,1.7825312614440918,1.4735958576202393,1.207460880279541,0.9721174240112305,0.6467433571815491,0.43958157300949097,0.07307487726211548,0.322409063577652,0.5377187132835388,0.7836224436759949,1.0623087882995605,1.3564517498016357,1.5367133617401123,1.9845860004425049,1.768006682395935,1.3991198539733887,1.283529281616211,1.0675060749053955,0.894306480884552,0.9393135905265808,0.7649520039558411,1.0829070806503296,1.0650584697723389,1.414412260055542,1.5644611120224,1.8278374671936035,2.1380865573883057,2.106778621673584
B10,2.3380930423736572,2.074139356613159,1.7111064195632935,1.6320459842681885,1.352117657661438,1.2103290557861328,1.1761980056762695,0.983841598033905,1.2127994298934937,1.0929046869277954,1.4453861713409424,1.5107057094573975,1.793944239616394,2.045100212097168,2.0006532669067383,2.536428451538086,2.2743306159973145,1.9965262413024902,1.7200390100479126,1.4389140605926514,1.1909161806106567,0.9007577896118164,0.6102629899978638,0.37541428208351135,0.0,0.3834671378135681,0.5673321485519409,0.8574236035346985,1.1692217588424683,1.2838257551193237,2.4329304695129395,2.144721508026123,1.797574758529663,1.7191040515899658,1.4007371664047241,1.2930364608764648,1.2371113300323486,1.0658918619155884,1.2702323198318481,1.1396019458770752,1.499953269958496,1.5249278545379639,1.8250197172164917,2.054882049560547,1.9897050857543945,2.566256046295166,2.297905683517456,2.022749185562134,1.7478939294815063,1.4701842069625854,1.2217105627059937,0.941101610660553,0.6392128467559814,0.4249527156352997,0.055543202906847,0.36730536818504333,0.5369594097137451,0.8232160210609436,1.1290154457092285,1.2394949197769165,2.0647530555725098,1.8742070198059082,1.5297642946243286,1.3265455961227417,1.1409239768981934,0.8575387001037598,0.8620936870574951,0.5753266215324402,0.8536070585250854,0.8372111320495605,1.1410553455352783,1.3477023839950562,1.5733273029327393,1.9164358377456665,1.9070298671722412
B11,2.483670234680176,2.2489778995513916,1.8732918500900269,1.8575294017791748,1.614617943763733,1.4933068752288818,1.520537257194519,1.3377960920333862,1.5851274728775024,1.4507482051849365,1.785186529159546,1.8343716859817505,2.093672513961792,2.3314316272735596,2.239095449447632,2.817394733428955,2.570533514022827,2.3141160011291504,2.007903575897217,1.751803994178772,1.4914367198944092,1.1897248029708862,0.9207720160484314,0.5958623886108398,0.3834671378135681,0.0,0.37060680985450745,0.5457966923713684,0.8963747024536133,1.0654741525650024,2.5935556888580322,2.3202271461486816,1.9655898809432983,1.9547351598739624,1.6570879220962524,1.5872191190719604,1.5811656713485718,1.4318199157714844,1.6529754400253296,1.5137336254119873,1.864078402519226,1.8637580871582031,2.1518173217773438,2.3577911853790283,2.251927137374878,2.857436180114746,2.6023659706115723,2.3472514152526855,2.0439412593841553,1.789009928703308,1.5249080657958984,1.2336677312850952,0.9499555826187134,0.6456298828125,0.4061014652252197,0.0720914751291275,0.3365185260772705,0.49560850858688354,0.8480228185653687,1.004581093788147,2.104283332824707,1.979132890701294,1.634773850440979,1.4567515850067139,1.360306739807129,1.061638355255127,1.161501169204712,0.8957315683364868,1.1622225046157837,1.1430952548980713,1.3838236331939697,1.607278823852539,1.7739309072494507,2.127985715866089,2.086411714553833
B12,2.3184752464294434,2.1324925422668457,1.7492328882217407,1.7368477582931519,1.5586048364639282,1.3987526893615723,1.5034444332122803,1.3146686553955078,1.6102725267410278,1.520810604095459,1.844949722290039,1.9603254795074463,2.1974480152130127,2.4782421588897705,2.39989972114563,3.076219081878662,2.8013176918029785,2.5404715538024902,2.2555627822875977,1.9613969326019287,1.7407262325286865,1.4170253276824951,1.1688075065612793,0.8526711463928223,0.5673321485519409,0.37060680985450745,0.0,0.3573829233646393,0.6044248342514038,0.7653250694274902,2.4603490829467773,2.232637882232666,1.860098958015442,1.874281644821167,1.6309747695922852,1.5306059122085571,1.6041738986968994,1.4455671310424805,1.7231284379959106,1.615431547164917,1.9667083024978638,2.026103973388672,2.2948949337005615,2.542463779449463,2.4384357929229736,3.1220862865448,2.8435616493225098,2.578233480453491,2.301124334335327,2.0110394954681396,1.781673789024353,1.475297212600708,1.2023075819015503,0.9167855381965637,0.6003745794296265,0.4208730459213257,0.11266276985406876,0.3257733881473541,0.5737908482551575,0.6849062442779541,1.9760822057724,1.8850913047790527,1.581610918045044,1.3444178104400635,1.310970425605774,0.9654933214187622,1.0926172733306885,0.8557946085929871,1.0993021726608276,1.1716318130493164,1.3600398302078247,1.6511868238449097,1.7941232919692993,2.1732845306396484,2.182559013366699
B13,2.5956602096557617,2.4346511363983154,2.0519909858703613,2.0654845237731934,1.9058078527450562,1.74683678150177,1.8576768636703491,1.6530218124389648,1.9306325912475586,1.8053776025772095,2.10494065284729,2.1964521408081055,2.405877113342285,2.670886516571045,2.5482449531555176,3.3588995933532715,3.102327823638916,2.843191146850586,2.54520845413208,2.2725727558135986,2.0270938873291016,1.715699315071106,1.4498189687728882,1.1270228624343872,0.8574236035346985,0.5457966923713684,0.3573829233646393,0.0,0.3895587921142578,0.5690878629684448,2.7484817504882812,2.536057233810425,2.164876699447632,2.2084474563598633,1.9758540391921997,1.88365638256073,1.960839867591858,1.792689323425293,2.0556297302246094,1.9160854816436768,2.2508316040039062,2.2804226875305176,2.5319113731384277,2.7565956115722656,2.6122100353240967,3.3985702991485596,3.138012647628784,2.8747570514678955,2.5828962326049805,2.3152201175689697,2.0599365234375,1.766469120979309,1.478050708770752,1.183288812637329,0.8938935399055481,0.605911374092102,0.4201366603374481,0.1264539211988449,0.4168931245803833,0.503105640411377,2.199571132659912,2.1561272144317627,1.8619627952575684,1.6448948383331299,1.6498733758926392,1.3095961809158325,1.445827603340149,1.1960539817810059,1.3966610431671143,1.425015926361084,1.5558662414550781,1.837719440460205,1.9225245714187622,2.298248529434204,2.2770369052886963
