,A1,A2,A3,A4,A5,A6,A7,A8,A9,A10,A11,A12,A13,A14,A15,B1,B2,B3,B4,B5,B6,B7,B8,B9,B10,B11,B12,B13,B14,B15,C1,C2,C3,C4,C5,C6,C7,C8,C9,C10,C11,C12,C13,C14,C15,D1,D2,D3,D4,D5,D6,D7,D8,D9,D10,D11,D12,D13,D14,D15,E1,E2,E3,E4,E5,E6,E7,E8,E9,E10,E11,E12,E13,E14,E15
A1,0.0,0.38297542929649353,0.608703076839447,0.9233940839767456,1.2608946561813354,1.5417596101760864,1.8707714080810547,2.15124249458313,2.46443247795105,2.712047576904297,3.056398868560791,3.2208003997802734,3.535773754119873,3.806889295578003,4.085946559906006,0.7412751913070679,0.6154635548591614,1.0005968809127808,1.1889113187789917,1.499475359916687,1.7986278533935547,2.0576047897338867,2.397488594055176,2.611677646636963,2.9356729984283447,3.2011308670043945,3.36258602142334,3.707367420196533,3.8907063007354736,4.240031719207764,0.5647903084754944,0.577650785446167,0.7342144250869751,1.1057465076446533,1.3383090496063232,1.6971449851989746,1.9692288637161255,2.301098108291626,2.5835883617401123,2.850325345993042,3.1944212913513184,3.3202407360076904,3.6608967781066895,3.894144296646118,4.197582244873047,0.5570290684700012,0.5487826466560364,0.8422174453735352,1.1713696718215942,1.4312788248062134,1.7861658334732056,2.0464768409729004,2.3794145584106445,2.6414411067962646,2.900550603866577,3.239586114883423,3.3264553546905518,3.675037145614624,3.890000581741333,4.204290390014648,0.4228071868419647,0.5750815868377686,0.641424834728241,1.0346182584762573,1.2825994491577148,1.5993555784225464,1.8976515531539917,2.1851885318756104,2.4972245693206787,2.733649492263794,3.0943427085876465,3.243135929107666,3.5694518089294434,3.847147226333618,4.107982635498047
A2,0.38297542929649353,0.0,0.39051684737205505,0.6513921022415161,0.9659897089004517,1.277949333190918,1.576444149017334,1.8868849277496338,2.1713976860046387,2.443834066390991,2.776958465576172,2.921546697616577,3.250532627105713,3.502197265625,3.7971808910369873,0.8378463387489319,0.557209849357605,0.8460699319839478,0.9902793169021606,1.2311973571777344,1.5531820058822632,1.7687547206878662,2.1292333602905273,2.3201916217803955,2.6460139751434326,2.9109091758728027,3.046769380569458,3.4005255699157715,3.567941427230835,3.9242258071899414,0.7297876477241516,0.5838577747344971,0.5294259786605835,0.8754103183746338,1.023090124130249,1.3924041986465454,1.6383638381958008,1.9730077981948853,2.251197338104248,2.508038282394409,2.8595564365386963,2.9713432788848877,3.314445734024048,3.547334909439087,3.8490164279937744,0.48927220702171326,0.2760719060897827,0.4743877649307251,0.800586998462677,1.0504614114761353,1.406313419342041,1.6703766584396362,1.999097228050232,2.268045425415039,2.5212061405181885,2.8640618324279785,2.957214832305908,3.3018252849578857,3.5257067680358887,3.8349833488464355,0.4250870645046234,0.30141159892082214,0.27006444334983826,0.6572363972663879,0.9248727560043335,1.2432091236114502,1.543752670288086,1.8390085697174072,2.1408779621124268,2.393646240234375,2.7434587478637695,2.9000084400177,3.2271788120269775,3.504488468170166,3.7721621990203857
A3,0.608703076839447,0.39051684737205505,0.0,0.39629414677619934,0.6646067500114441,0.9741042852401733,1.2827341556549072,1.5778448581695557,1.8855020999908447,2.129504919052124,2.4821865558624268,2.629457950592041,2.9472780227661133,3.216179847717285,3.4946136474609375,0.7994706630706787,0.4313403069972992,0.6234883666038513,0.6473742723464966,0.929642379283905,1.208609700202942,1.4547301530838013,1.79446280002594,2.0030829906463623,2.3286590576171875,2.592686414718628,2.7581520080566406,3.1004557609558105,3.290905475616455,3.636096239089966,0.7513073682785034,0.421042263507843,0.40298569202423096,0.6199930310249329,0.7916887402534485,1.16990065574646,1.408718466758728,1.7615795135498047,2.0152151584625244,2.305230140686035,2.6309938430786133,2.750570774078369,3.0955045223236084,3.3152925968170166,3.62795352935791,0.8524766564369202,0.5285926461219788,0.6504596471786499,0.8223116397857666,0.9815525412559509,1.3459120988845825,1.542107105255127,1.9017375707626343,2.1197509765625,2.4005579948425293,2.7184383869171143,2.783745765686035,3.1431455612182617,3.335149049758911,3.66388201713562,0.8064673542976379,0.6017326712608337,0.38981494307518005,0.6904547214508057,0.782224714756012,1.150597333908081,1.3821690082550049,1.704492449760437,1.985711932182312,2.231083631515503,2.589827537536621,2.7021355628967285,3.0451412200927734,3.299259662628174,3.5746889114379883
A4,0.9233940839767456,0.6513921022415161,0.39629414677619934,0.0,0.39466607570648193,0.6316221952438354,0.9578297734260559,1.2424708604812622,1.5434978008270264,1.8048579692840576,2.1388907432556152,2.304931879043579,2.621567964553833,2.8894693851470947,3.172088861465454,1.1872248649597168,0.8115290999412537,0.8831155300140381,0.7292234897613525,0.891513466835022,1.1006680727005005,1.2733192443847656,1.610792875289917,1.7600517272949219,2.1077277660369873,2.33408522605896,2.4875240325927734,2.8300669193267822,2.996976852416992,3.3509809970855713,1.1462633609771729,0.7993054389953613,0.7182760238647461,0.7735025882720947,0.7519668936729431,1.1349232196807861,1.2707449197769165,1.6493921279907227,1.847048044204712,2.149106740951538,2.4599826335906982,2.5333945751190186,2.8933451175689697,3.0807173252105713,3.4107184410095215,1.1187617778778076,0.8008159399032593,0.7127189636230469,0.815760612487793,0.8037362098693848,1.186374545097351,1.3149757385253906,1.6852684020996094,1.8866527080535889,2.1457371711730957,2.4684107303619385,2.4977915287017822,2.857548952102661,3.036517858505249,3.360316514968872,1.0641298294067383,0.8422233462333679,0.478083997964859,0.5677657723426819,0.4964536130428314,0.8255947828292847,1.0448191165924072,1.3440542221069336,1.6415878534317017,1.861770749092102,2.231890916824341,2.347252368927002,2.681335926055908,2.9465579986572266,3.2083303928375244
A5,1.2608946561813354,0.9659897089004517,0.6646067500114441,0.39466607570648193,0.0,0.39215216040611267,0.6257659792900085,0.9552614688873291,1.2331966161727905,1.4935259819030762,1.8392421007156372,1.969663381576538,2.295631170272827,2.5546083450317383,2.8407275676727295,1.3469388484954834,0.9764137864112854,0.8751803040504456,0.5906274914741516,0.5922701954841614,0.7484974265098572,0.8812291026115417,1.224674105644226,1.3745440244674683,1.7176594734191895,1.956526279449463,2.109827756881714,2.45375919342041,2.63254714012146,2.9817371368408203,1.361195683479309,0.9919942617416382,0.8310151696205139,0.6844469904899597,0.5165464282035828,0.8402757048606873,0.917356014251709,1.3006283044815063,1.4715038537979126,1.7884700298309326,2.082829236984253,2.161552906036377,2.5193591117858887,2.705277442932129,3.0361831188201904,1.393789529800415,1.0328773260116577,0.9032043218612671,0.818837583065033,0.6878796815872192,1.0011873245239258,1.0463675260543823,1.426245927810669,1.5751745700836182,1.8601301908493042,2.1537909507751465,2.1758244037628174,2.5434792041778564,2.7064313888549805,3.0443432331085205,1.378980278968811,1.0838953256607056,0.7728720307350159,0.7014891505241394,0.41686564683914185,0.7381427884101868,0.8182690739631653,1.1616907119750977,1.3958032131195068,1.6380043029785156,1.9907660484313965,2.065436363220215,2.419679880142212,2.654139995574951,2.9381237030029297
A6,1.5417596101760864,1.277949333190918,0.9741042852401733,0.6316221952438354,0.39215216040611267,0.0,0.3784588575363159,0.6114968061447144,0.9323239922523499,1.1747883558273315,1.5151596069335938,1.6942551136016846,1.9981509447097778,2.280998945236206,2.5502638816833496,1.677006721496582,1.3153711557388306,1.2274149656295776,0.8865369558334351,0.8536441326141357,0.8285940885543823,0.8801400065422058,1.1448912620544434,1.2212547063827515,1.584291696548462,1.759145736694336,1.931136965751648,2.2560722827911377,2.424705743789673,2.7715675830841064,1.6812173128128052,1.3006163835525513,1.2036612033843994,1.045791506767273,0.8616925477981567,1.1048702001571655,1.0669597387313843,1.4361090660095215,1.5114213228225708,1.8462841510772705,2.090116500854492,2.119612693786621,2.485173225402832,2.618661880493164,2.9720659255981445,1.7306512594223022,1.3887255191802979,1.2333550453186035,1.1641972064971924,0.9395477175712585,1.2089884281158447,1.142409086227417,1.506563425064087,1.595235824584961,1.850998878479004,2.123896598815918,2.0793657302856445,2.4473228454589844,2.567680597305298,2.9063854217529297,1.6908338069915771,1.4328988790512085,1.0805816650390625,0.9846806526184082,0.6362058520317078,0.7798519730567932,0.7540937066078186,1.0202997922897339,1.2519131898880005,1.4233871698379517,1.7951868772506714,1.839808702468872,2.1836092472076416,2.418128490447998,2.6795706748962402
A7,1.8707714080810547,1.576444149017334,1.2827341556549072,0.9578297734260559,0.6257659792900085,0.3784588575363159,0.0,0.38158074021339417,0.6083328723907471,0.8833068609237671,1.2166367769241333,1.3502535820007324,1.67450749874115,1.936301827430725,2.221259593963623,1.940883755683899,1.5848568677902222,1.4195914268493652,1.0618923902511597,0.8829458951950073,0.7619360089302063,0.6489608883857727,0.8769035339355469,0.879494309425354,1.2456194162368774,1.409186601638794,1.5592365264892578,1.8914839029312134,2.053401470184326,2.404139995574951,1.9703474044799805,1.5929644107818604,1.4386229515075684,1.2053546905517578,0.9295759797096252,1.045800805091858,0.8830709457397461,1.2099928855895996,1.2103312015533447,1.5436654090881348,1.7574704885482788,1.7628096342086792,2.1288228034973145,2.246922731399536,2.604569435119629,1.9961756467819214,1.6427383422851562,1.447373390197754,1.282239556312561,0.9828643798828125,1.1343700885772705,0.9555114507675171,1.2849061489105225,1.3022961616516113,1.5579321384429932,1.796744465827942,1.7313063144683838,2.1015846729278564,2.205345869064331,2.551955223083496,1.981337308883667,1.6842067241668701,1.358941912651062,1.1788699626922607,0.7863093614578247,0.8198014497756958,0.6135883927345276,0.8593337535858154,0.9897215962409973,1.1704005002975464,1.512042760848999,1.5162396430969238,1.8762493133544922,2.0835824012756348,2.3651654720306396
A8,2.15124249458313,1.8868849277496338,1.5778448581695557,1.2424708604812622,0.9552614688873291,0.6114968061447144,0.38158074021339417,0.0,0.3815098702907562,0.5669854879379272,0.9115044474601746,1.1150050163269043,1.3959431648254395,1.6977224349975586,1.9490057229995728,2.2326388359069824,1.8873274326324463,1.7342143058776855,1.3523998260498047,1.2025822401046753,0.9862095713615417,0.8537164330482483,0.9252421855926514,0.839461088180542,1.188921332359314,1.2584482431411743,1.4460188150405884,1.7356635332107544,1.8966472148895264,2.2310943603515625,2.258045196533203,1.8739123344421387,1.7694034576416016,1.535770058631897,1.2943228483200073,1.385461688041687,1.1941860914230347,1.4735448360443115,1.3910486698150635,1.721508264541626,1.8632419109344482,1.8276411294937134,2.181877613067627,2.238755702972412,2.6114816665649414,2.329625368118286,1.9819101095199585,1.7971415519714355,1.657849907875061,1.3516708612442017,1.4880824089050293,1.2630014419555664,1.5480103492736816,1.4996224641799927,1.716269612312317,1.9078648090362549,1.7703819274902344,2.127436399459839,2.168710708618164,2.5141587257385254,2.2972524166107178,2.024873733520508,1.6796669960021973,1.5224863290786743,1.1344778537750244,1.1135549545288086,0.8766086101531982,0.9921022057533264,1.0744335651397705,1.1414223909378052,1.473743200302124,1.4137097597122192,1.752914547920227,1.9386876821517944,2.1923699378967285
A9,2.46443247795105,2.1713976860046387,1.8855020999908447,1.5434978008270264,1.2331966161727905,0.9323239922523499,0.6083328723907471,0.3815098702907562,0.0,0.3630540072917938,0.6174106597900391,0.774040162563324,1.088193655014038,1.3537877798080444,1.6361773014068604,2.5398342609405518,2.189854383468628,2.0065743923187256,1.6360341310501099,1.4138367176055908,1.1887458562850952,0.9409236311912537,0.9421635866165161,0.7088350057601929,1.0161207914352417,1.0118697881698608,1.1366360187530518,1.428642749786377,1.5485150814056396,1.8965030908584595,2.57346248626709,2.1934585571289062,2.0443246364593506,1.7894368171691895,1.4926215410232544,1.5112420320510864,1.2357760667800903,1.4410980939865112,1.272316813468933,1.5610731840133667,1.655307412147522,1.5584118366241455,1.906485676765442,1.9236873388290405,2.3018481731414795,2.5863840579986572,2.240949869155884,2.014991044998169,1.8268623352050781,1.4778143167495728,1.5223647356033325,1.2228649854660034,1.428876280784607,1.3093050718307495,1.479160189628601,1.6262900829315186,1.4440627098083496,1.788153886795044,1.8042967319488525,2.1466519832611084,2.5692927837371826,2.276376247406006,1.943971037864685,1.7257781028747559,1.333006501197815,1.2251874208450317,0.9023825526237488,0.918321967124939,0.8689655065536499,0.8894089460372925,1.165427565574646,1.0544681549072266,1.399078369140625,1.5636152029037476,1.8296231031417847
A10,2.712047576904297,2.443834066390991,2.129504919052124,1.8048579692840576,1.4935259819030762,1.1747883558273315,0.8833068609237671,0.5669854879379272,0.3630540072917938,0.0,0.39674949645996094,0.6030735969543457,0.8383300304412842,1.165424108505249,1.389264702796936,2.7429285049438477,2.411980152130127,2.215461015701294,1.8263036012649536,1.6196186542510986,1.3256750106811523,1.0980329513549805,0.9699952602386475,0.7148151993751526,0.9428160786628723,0.8442912101745605,1.0440312623977661,1.2643187046051025,1.420305609703064,1.7274004220962524,2.7859015464782715,2.4033122062683105,2.2883596420288086,2.011939287185669,1.7511018514633179,1.7422497272491455,1.4752540588378906,1.6425384283065796,1.4317047595977783,1.716922402381897,1.7373836040496826,1.641424536705017,1.9547603130340576,1.9254504442214966,2.303272247314453,2.876666307449341,2.522339105606079,2.326995372772217,2.1432063579559326,1.8118577003479004,1.8569868803024292,1.5520583391189575,1.7414169311523438,1.573634147644043,1.737926721572876,1.8211840391159058,1.600199580192566,1.9202468395233154,1.8653744459152222,2.2099852561950684,2.853766679763794,2.566148042678833,2.2328736782073975,2.047484874725342,1.6529107093811035,1.5764950513839722,1.2626315355300903,1.2711501121520996,1.192355990409851,1.1546987295150757,1.3718326091766357,1.1738423109054565,1.4828509092330933,1.5766359567642212,1.8226475715637207
A11,3.056398868560791,2.776958465576172,2.4821865558624268,2.1388907432556152,1.8392421007156372,1.5151596069335938,1.2166367769241333,0.9115044474601746,0.6174106597900391,0.39674949645996094,0.0,0.37286970019340515,0.5291079878807068,0.8441112041473389,1.0699548721313477,3.12129282951355,2.781714916229248,2.589360237121582,2.206242084503174,1.9821836948394775,1.7009495496749878,1.4383125305175781,1.2917382717132568,0.9728968143463135,1.1060658693313599,0.8764829039573669,0.9810303449630737,1.1314008235931396,1.2009239196777344,1.4988298416137695,3.1590797901153564,2.776174783706665,2.6477866172790527,2.3782856464385986,2.092071294784546,2.068230390548706,1.7659183740615845,1.8905308246612549,1.6296970844268799,1.8593541383743286,1.8260493278503418,1.6561270952224731,1.9389680624008179,1.8352903127670288,2.20986270904541,3.199981451034546,2.8554413318634033,2.6295619010925293,2.4392826557159424,2.0821123123168945,2.08813738822937,1.7531176805496216,1.8772128820419312,1.6719181537628174,1.7605929374694824,1.794827938079834,1.5116517543792725,1.7812542915344238,1.6690596342086792,1.9836273193359375,3.176978826522827,2.8915483951568604,2.5527756214141846,2.3361752033233643,1.9458552598953247,1.8049484491348267,1.472801923751831,1.3852148056030273,1.2389658689498901,1.1000391244888306,1.226858377456665,0.9648204445838928,1.2079957723617554,1.2640327215194702,1.4740790128707886
A12,3.2208003997802734,2.921546697616577,2.629457950592041,2.304931879043579,1.969663381576538,1.6942551136016846,1.3502535820007324,1.1150050163269043,0.774040162563324,0.6030735969543457,0.37286970019340515,0.0,0.37320616841316223,0.5893092155456543,0.8835287094116211,3.2302701473236084,2.898456335067749,2.6652190685272217,2.2950189113616943,2.020108699798584,1.7352858781814575,1.4242885112762451,1.2343602180480957,0.873146116733551,0.8989622592926025,0.6107023358345032,0.6292558908462524,0.7766295671463013,0.8429458141326904,1.1610021591186523,3.285968542098999,2.910048484802246,2.74537992477417,2.44555401802063,2.1376993656158447,2.046684980392456,1.712542176246643,1.7614052295684814,1.450650930404663,1.6308671236038208,1.5394465923309326,1.3467628955841064,1.6002033948898315,1.4736058712005615,1.844865322113037,3.319692850112915,2.9673750400543213,2.735539197921753,2.4978814125061035,2.140381336212158,2.080723762512207,1.7204028367996216,1.7855045795440674,1.520181655883789,1.5960673093795776,1.5585660934448242,1.2664152383804321,1.5172972679138184,1.3726578950881958,1.7039289474487305,3.317229747772217,3.004288673400879,2.692720651626587,2.4504151344299316,2.06196665763855,1.9223077297210693,1.5595369338989258,1.4872610569000244,1.257763385772705,1.1629797220230103,1.1953904628753662,0.87071692943573,1.1235814094543457,1.0905749797821045,1.3584038019180298
A13,3.535773754119873,3.250532627105713,2.9472780227661133,2.621567964553833,2.295631170272827,1.9981509447097778,1.67450749874115,1.3959431648254395,1.088193655014038,0.8383300304412842,0.5291079878807068,0.37320616841316223,0.0,0.3842138946056366,0.5532297492027283,3.5413661003112793,3.216218948364258,2.986187696456909,2.6061205863952637,2.348214626312256,2.0384421348571777,1.7487056255340576,1.5159014463424683,1.175533413887024,1.137758493423462,0.7780743837356567,0.8116961121559143,0.7803923487663269,0.8142266869544983,1.0341410636901855,3.597160577774048,3.218358278274536,3.0762619972229004,2.774081230163574,2.483701229095459,2.393101215362549,2.0675172805786133,2.1050808429718018,1.7827579975128174,1.946137547492981,1.8036985397338867,1.6026006937026978,1.800255298614502,1.6097280979156494,1.955706238746643,3.6622650623321533,3.3084874153137207,3.085730791091919,2.8592605590820312,2.5037899017333984,2.453272581100464,2.093449831008911,2.1510446071624756,1.8748372793197632,1.9271026849746704,1.8507840633392334,1.5340999364852905,1.728031039237976,1.5118614435195923,1.803826093673706,3.6521496772766113,3.347825527191162,3.0272345542907715,2.799071788787842,2.4079360961914062,2.2689454555511475,1.9136569499969482,1.8210103511810303,1.5980144739151,1.4534903764724731,1.4473310708999634,1.0968222618103027,1.2514913082122803,1.139754295349121,1.3343918323516846
A14,3.806889295578003,3.502197265625,3.216179847717285,2.8894693851470947,2.5546083450317383,2.280998945236206,1.936301827430725,1.6977224349975586,1.3537877798080444,1.165424108505249,0.8441112041473389,0.5893092155456543,0.3842138946056366,0.0,0.3812369704246521,3.8100407123565674,3.48146653175354,3.236948013305664,2.8713035583496094,2.5817511081695557,2.2918739318847656,1.9698961973190308,1.7431150674819946,1.3854671716690063,1.28696608543396,0.920089066028595,0.7982501983642578,0.676854133605957,0.5403301119804382,0.7402134537696838,3.8703064918518066,3.4960954189300537,3.3233509063720703,3.015801429748535,2.7000045776367188,2.5771617889404297,2.2269701957702637,2.211756706237793,1.8612226247787476,1.9558074474334717,1.7664486169815063,1.5129601955413818,1.6534088850021362,1.398585557937622,1.7171306610107422,3.890578031539917,3.5414581298828125,3.2968533039093018,3.045156478881836,2.6804251670837402,2.578895330429077,2.2046802043914795,2.1963021755218506,1.8883858919143677,1.8826695680618286,1.740420937538147,1.4032477140426636,1.5222344398498535,1.2469279766082764,1.5022163391113281,3.892437696456909,3.575561046600342,3.2685232162475586,3.009263753890991,2.6269454956054688,2.4579250812530518,2.090256452560425,1.9669420719146729,1.688228964805603,1.5342583656311035,1.425492763519287,1.0503848791122437,1.1259353160858154,0.905840277671814,1.0977007150650024
A15,4.085946559906006,3.7971808910369873,3.4946136474609375,3.172088861465454,2.8407275676727295,2.5502638816833496,2.221259593963623,1.9490057229995728,1.6361773014068604,1.389264702796936,1.0699548721313477,0.8835287094116211,0.5532297492027283,0.3812369704246521,0.0,4.072589874267578,3.753722906112671,3.5088510513305664,3.1327264308929443,2.860590696334839,2.5436065196990967,2.2449820041656494,1.9805212020874023,1.6467115879058838,1.5173413753509521,1.1305232048034668,1.0760127305984497,0.8484532237052917,0.7572852969169617,0.7673031091690063,4.135440349578857,3.758951425552368,3.6103873252868652,3.296546697616577,3.0022966861724854,2.879814863204956,2.542931079864502,2.526843309402466,2.1750547885894775,2.274697780609131,2.0549981594085693,1.8244924545288086,1.92362642288208,1.6425755023956299,1.923670768737793,4.201667308807373,3.8471271991729736,3.619035482406616,3.3769636154174805,3.0186591148376465,2.934084177017212,2.56323504447937,2.5685806274414062,2.2581160068511963,2.2604854106903076,2.104240655899048,1.7704389095306396,1.8630696535110474,1.5557435750961304,1.77168607711792,4.196699142456055,3.8859500885009766,3.571838855743408,3.332700729370117,2.9443840980529785,2.79121732711792,2.4289112091064453,2.3111259937286377,2.0511486530303955,1.8813588619232178,1.7815018892288208,1.410521149635315,1.4423454999923706,1.195720911026001,1.3023535013198853
B1,0.7412751913070679,0.8378463387489319,0.7994706630706787,1.1872248649597168,1.3469388484954834,1.677006721496582,1.940883755683899,2.2326388359069824,2.5398342609405518,2.7429285049438477,3.12129282951355,3.2302701473236084,3.5413661003112793,3.8100407123565674,4.072589874267578,0.0,0.38314351439476013,0.610851526260376,0.9432177543640137,1.275968313217163,1.5694515705108643,1.892100214958191,2.1912639141082764,2.4849467277526855,2.7532076835632324,3.0709848403930664,3.259474039077759,3.587707996368408,3.823775053024292,4.141957759857178,0.2004321664571762,0.4055865406990051,0.5916955471038818,0.8397843241691589,1.2198805809020996,1.463475227355957,1.8146926164627075,2.0824806690216064,2.3971776962280273,2.656736373901367,2.979257345199585,3.180123805999756,3.484530210494995,3.752589464187622,4.028060436248779,0.9385155439376831,0.7893567681312561,1.156075358390808,1.287874460220337,1.5842006206512451,1.8628931045532227,2.1043930053710938,2.4301183223724365,2.638493299484253,2.9530858993530273,3.2389416694641113,3.353347063064575,3.7088279724121094,3.907045364379883,4.247093677520752,0.9570502638816833,0.8779633045196533,1.0316135883331299,1.3508985042572021,1.5034042596817017,1.888343095779419,2.091855764389038,2.4437637329101562,2.6833062171936035,2.9606118202209473,3.29744815826416,3.38456130027771,3.7452352046966553,3.9663286209106445,4.2683024406433105
B2,0.6154635548591614,0.557209849357605,0.4313403069972992,0.8115290999412537,0.9764137864112854,1.3153711557388306,1.5848568677902222,1.8873274326324463,2.189854383468628,2.411980152130127,2.781714916229248,2.898456335067749,3.216218948364258,3.48146653175354,3.753722906112671,0.38314351439476013,0.0,0.397478848695755,0.6626626253128052,0.9925954937934875,1.3020273447036743,1.599465250968933,1.9230210781097412,2.1873972415924072,2.4783246517181396,2.7804737091064453,2.956850528717041,3.2936794757843018,3.51181697845459,3.841982126235962,0.3989092707633972,0.15702642500400543,0.25847139954566956,0.5597175359725952,0.900137722492218,1.2025951147079468,1.5231192111968994,1.8274257183074951,2.124587059020996,2.397388219833374,2.7252304553985596,2.896109104156494,3.217613458633423,3.469447374343872,3.75960373878479,0.8209369778633118,0.5434268116950989,0.8480628728866577,0.9740610122680664,1.2325026988983154,1.5390509366989136,1.7661570310592651,2.106443166732788,2.318049192428589,2.623950958251953,2.92141056060791,3.01999568939209,3.3778340816497803,3.575209617614746,3.9118990898132324,0.8260170221328735,0.644605815410614,0.6927059292793274,0.9966073036193848,1.1244590282440186,1.5102285146713257,1.7160295248031616,2.0638749599456787,2.311699151992798,2.583324670791626,2.9248533248901367,3.0197665691375732,3.3761205673217773,3.6072072982788086,3.902660846710205
B3,1.0005968809127808,0.8460699319839478,0.6234883666038513,0.8831155300140381,0.8751803040504456,1.2274149656295776,1.4195914268493652,1.7342143058776855,2.0065743923187256,2.215461015701294,2.589360237121582,2.6652190685272217,2.986187696456909,3.236948013305664,3.5088510513305664,0.610851526260376,0.397478848695755,0.0,0.40153416991233826,0.6710559725761414,0.9936972856521606,1.2953245639801025,1.6086231470108032,1.8973478078842163,2.1604959964752197,2.485865592956543,2.659867286682129,2.992377758026123,3.2252843379974365,3.543781280517578,0.7290787696838379,0.49619075655937195,0.3273831307888031,0.24309079349040985,0.6435859799385071,0.8642541766166687,1.210593342781067,1.4851939678192139,1.7891933917999268,2.059389591217041,2.3761987686157227,2.5724501609802246,2.879523992538452,3.1426994800567627,3.4218966960906982,1.0988662242889404,0.7648183107376099,0.9601597785949707,0.9167003631591797,1.130860447883606,1.3715369701385498,1.5616716146469116,1.891784429550171,2.0642106533050537,2.3935959339141846,2.659453868865967,2.7671170234680176,3.1249337196350098,3.312621593475342,3.6584620475769043,1.1463812589645386,0.8635331988334656,0.8755068778991699,1.0467547178268433,1.0760102272033691,1.4647243022918701,1.59419846534729,1.9657493829727173,2.1590733528137207,2.45074462890625,2.7682018280029297,2.830754041671753,3.2001938819885254,3.3996596336364746,3.7153403759002686
B4,1.1889113187789917,0.9902793169021606,0.6473742723464966,0.7292234897613525,0.5906274914741516,0.8865369558334351,1.0618923902511597,1.3523998260498047,1.6360341310501099,1.8263036012649536,2.206242084503174,2.2950189113616943,2.6061205863952637,2.8713035583496094,3.1327264308929443,0.9432177543640137,0.6626626253128052,0.40153416991233826,0.0,0.39764145016670227,0.6415227651596069,0.9627095460891724,1.2646524906158447,1.5447999238967896,1.8265830278396606,2.1320292949676514,2.3265202045440674,2.651996612548828,2.8894827365875244,3.2066245079040527,1.0309358835220337,0.6931090354919434,0.5780202746391296,0.28381332755088806,0.4975297152996063,0.7317355275154114,0.9998278617858887,1.3165949583053589,1.5616185665130615,1.8730010986328125,2.1607396602630615,2.3316633701324463,2.6530957221984863,2.8841605186462402,3.185819625854492,1.3564848899841309,0.9856218099594116,1.0622291564941406,0.9703507423400879,1.0385539531707764,1.2871066331863403,1.387132167816162,1.7417542934417725,1.8666915893554688,2.200117826461792,2.4517199993133545,2.5152032375335693,2.8832037448883057,3.0395655632019043,3.395204544067383,1.3724294900894165,1.0756807327270508,0.9336512088775635,1.0274590253829956,0.9096858501434326,1.2806142568588257,1.3442858457565308,1.711063027381897,1.8910664319992065,2.158520221710205,2.483896493911743,2.516472816467285,2.8886773586273193,3.078367233276367,3.388495922088623
B5,1.499475359916687,1.2311973571777344,0.929642379283905,0.891513466835022,0.5922701954841614,0.8536441326141357,0.8829458951950073,1.2025822401046753,1.4138367176055908,1.6196186542510986,1.9821836948394775,2.020108699798584,2.348214626312256,2.5817511081695557,2.860590696334839,1.275968313217163,0.9925954937934875,0.6710559725761414,0.39764145016670227,0.0,0.3974320590496063,0.6292693614959717,0.9688252210617065,1.2364686727523804,1.503867506980896,1.8274120092391968,1.9894870519638062,2.325669765472412,2.5545365810394287,2.8744800090789795,1.3742823600769043,1.055030345916748,0.8290548920631409,0.4547871947288513,0.3162614703178406,0.3806770145893097,0.6085320115089417,0.9235362410545349,1.165897250175476,1.4757767915725708,1.7674328088760376,1.9396553039550781,2.259408950805664,2.498368978500366,2.7948200702667236,1.5620359182357788,1.1826897859573364,1.148728609085083,0.9213665127754211,0.8893341422080994,1.0364195108413696,1.0756486654281616,1.4102543592453003,1.5003037452697754,1.8457876443862915,2.0762922763824463,2.150560140609741,2.515258312225342,2.674379825592041,3.030991315841675,1.6053603887557983,1.2562922239303589,1.1054348945617676,1.0524941682815552,0.8494957089424133,1.1592774391174316,1.1337041854858398,1.5063849687576294,1.6222862005233765,1.913334608078003,2.2043869495391846,2.2216882705688477,2.599970817565918,2.7688493728637695,3.096163749694824
B6,1.7986278533935547,1.5531820058822632,1.208609700202942,1.1006680727005005,0.7484974265098572,0.8285940885543823,0.7619360089302063,0.9862095713615417,1.1887458562850952,1.3256750106811523,1.7009495496749878,1.7352858781814575,2.0384421348571777,2.2918739318847656,2.5436065196990967,1.5694515705108643,1.3020273447036743,0.9936972856521606,0.6415227651596069,0.3974320590496063,0.0,0.37806257605552673,0.6240657567977905,0.9283817410469055,1.1902016401290894,1.5038613080978394,1.7137571573257446,2.0256569385528564,2.2835872173309326,2.5848805904388428,1.670343279838562,1.3311009407043457,1.179862380027771,0.8123913407325745,0.6843987703323364,0.6371676921844482,0.674045205116272,0.9419958591461182,1.067297339439392,1.41641366481781,1.6352198123931885,1.7981384992599487,2.113248109817505,2.314763069152832,2.6269149780273438,1.9266642332077026,1.5445857048034668,1.4985040426254272,1.2795186042785645,1.1614207029342651,1.273716688156128,1.195747971534729,1.5129131078720093,1.5106254816055298,1.8560409545898438,2.0356695652008057,2.055095672607422,2.423898458480835,2.52917218208313,2.9008376598358154,1.9509001970291138,1.6195194721221924,1.4195170402526855,1.3554561138153076,1.069871187210083,1.3129059076309204,1.188719391822815,1.5237796306610107,1.5902307033538818,1.8382713794708252,2.119314432144165,2.0730810165405273,2.454301595687866,2.5871899127960205,2.912827730178833
B7,2.0576047897338867,1.7687547206878662,1.4547301530838013,1.2733192443847656,0.8812291026115417,0.8801400065422058,0.6489608883857727,0.8537164330482483,0.9409236311912537,1.0980329513549805,1.4383125305175781,1.4242885112762451,1.7487056255340576,1.9698961973190308,2.2449820041656494,1.892100214958191,1.599465250968933,1.2953245639801025,0.9627095460891724,0.6292693614959717,0.37806257605552673,0.0,0.38953065872192383,0.6088135838508606,0.8872140645980835,1.199638843536377,1.3677034378051758,1.699073314666748,1.9353406429290771,2.2502658367156982,1.9846359491348267,1.6411855220794678,1.439409852027893,1.081925392150879,0.8233306407928467,0.6869401931762695,0.5013196468353271,0.72669917345047,0.749945342540741,1.112565040588379,1.315431833267212,1.4415003061294556,1.7703059911727905,1.9571988582611084,2.2798256874084473,2.128596067428589,1.7503684759140015,1.6250889301300049,1.3523831367492676,1.1402676105499268,1.1592596769332886,0.9788904190063477,1.252953052520752,1.18821120262146,1.5262962579727173,1.6811860799789429,1.684450626373291,2.052311658859253,2.1513476371765137,2.523690938949585,2.1609745025634766,1.8106768131256104,1.591098666191101,1.4340286254882812,1.100512146949768,1.2382752895355225,1.0173277854919434,1.3133914470672607,1.30474054813385,1.5538430213928223,1.7981947660446167,1.732432246208191,2.115302085876465,2.23248553276062,2.5685312747955322
B8,2.397488594055176,2.1292333602905273,1.79446280002594,1.610792875289917,1.224674105644226,1.1448912620544434,0.8769035339355469,0.9252421855926514,0.9421635866165161,0.9699952602386475,1.2917382717132568,1.2343602180480957,1.5159014463424683,1.7431150674819946,1.9805212020874023,2.1912639141082764,1.9230210781097412,1.6086231470108032,1.2646524906158447,0.9688252210617065,0.6240657567977905,0.38953065872192383,0.0,0.3743957579135895,0.5723615288734436,0.8951665163040161,1.127045750617981,1.4151545763015747,1.6982522010803223,1.9775971174240112,2.2943413257598877,1.9517351388931274,1.786325216293335,1.416697382926941,1.2008931636810303,1.028128743171692,0.8262866735458374,0.9145464897155762,0.799609363079071,1.14315927028656,1.2269212007522583,1.3530629873275757,1.6479053497314453,1.7934949398040771,2.1182756423950195,2.5018367767333984,2.1210975646972656,2.010209798812866,1.741595983505249,1.5212715864181519,1.5133126974105835,1.2836005687713623,1.5001431703567505,1.3451443910598755,1.659911870956421,1.7338485717773438,1.6873835325241089,2.038926362991333,2.0715763568878174,2.4538357257843018,2.529093027114868,2.185826301574707,1.9602813720703125,1.8150355815887451,1.4680745601654053,1.573138952255249,1.3065319061279297,1.5421130657196045,1.4695570468902588,1.662111759185791,1.8639838695526123,1.719204068183899,2.0915114879608154,2.1471505165100098,2.4828009605407715
B9,2.611677646636963,2.3201916217803955,2.0030829906463623,1.7600517272949219,1.3745440244674683,1.2212547063827515,0.879494309425354,0.839461088180542,0.7088350057601929,0.7148151993751526,0.9728968143463135,0.873146116733551,1.175533413887024,1.3854671716690063,1.6467115879058838,2.4849467277526855,2.1873972415924072,1.8973478078842163,1.5447999238967896,1.2364686727523804,0.9283817410469055,0.6088135838508606,0.3743957579135895,0.0,0.36688145995140076,0.5974533557891846,0.7999855875968933,1.1109108924865723,1.3614208698272705,1.665611982345581,2.5717413425445557,2.2153568267822266,2.0342867374420166,1.6865774393081665,1.412655234336853,1.2584811449050903,0.9678282141685486,1.027652382850647,0.7937293648719788,1.09989595413208,1.1275198459625244,1.1525980234146118,1.4637207984924316,1.5483629703521729,1.9005117416381836,2.698282480239868,2.3243038654327393,2.15828013420105,1.8843960762023926,1.599833607673645,1.5541176795959473,1.2535513639450073,1.4171972274780273,1.2037686109542847,1.4661321640014648,1.5088139772415161,1.4005392789840698,1.7458292245864868,1.7470760345458984,2.128401517868042,2.7198867797851562,2.3777239322662354,2.1216936111450195,1.9246604442596436,1.5514425039291382,1.5628786087036133,1.2367119789123535,1.3883136510849,1.2493648529052734,1.3929970264434814,1.556496262550354,1.373956561088562,1.7380462884902954,1.778536319732666,2.1119773387908936
B10,2.9356729984283447,2.6460139751434326,2.3286590576171875,2.1077277660369873,1.7176594734191895,1.584291696548462,1.2456194162368774,1.188921332359314,1.0161207914352417,0.9428160786628723,1.1060658693313599,0.8989622592926025,1.137758493423462,1.28696608543396,1.5173413753509521,2.7532076835632324,2.4783246517181396,2.1604959964752197,1.8265830278396606,1.503867506980896,1.1902016401290894,0.8872140645980835,0.5723615288734436,0.36688145995140076,0.0,0.38789188861846924,0.5968413352966309,0.8554593920707703,1.159063458442688,1.4156768321990967,2.855997323989868,2.512624740600586,2.3249964714050293,1.9582430124282837,1.6966158151626587,1.4804335832595825,1.1889309883117676,1.134249210357666,0.8336749076843262,1.0582833290100098,0.9599414467811584,1.0017908811569214,1.2476779222488403,1.3109791278839111,1.6444834470748901,3.006671190261841,2.6316332817077637,2.4748706817626953,2.176931619644165,1.9053453207015991,1.8112272024154663,1.5013039112091064,1.5983922481536865,1.3237462043762207,1.561684250831604,1.511826992034912,1.3984036445617676,1.7026430368423462,1.6539301872253418,2.034491777420044,3.0396568775177,2.6873080730438232,2.4538896083831787,2.253748655319214,1.8913923501968384,1.899839162826538,1.5638657808303833,1.69325590133667,1.4984596967697144,1.6239742040634155,1.7131736278533936,1.4771881103515625,1.8126074075698853,1.774453043937683,2.1161904335021973
B11,3.2011308670043945,2.9109091758728027,2.592686414718628,2.33408522605896,1.956526279449463,1.759145736694336,1.409186601638794,1.2584482431411743,1.0118697881698608,0.8442912101745605,0.8764829039573669,0.6107023358345032,0.7780743837356567,0.920089066028595,1.1305232048034668,3.0709848403930664,2.7804737091064453,2.485865592956543,2.1320292949676514,1.8274120092391968,1.5038613080978394,1.199638843536377,0.8951665163040161,0.5974533557891846,0.38789188861846924,0.0,0.37338823080062866,0.5485038161277771,0.8563211560249329,1.1060422658920288,3.1613099575042725,2.8040316104888916,2.6312057971954346,2.2795217037200928,2.005934715270996,1.8249872922897339,1.513558268547058,1.4769638776779175,1.1479202508926392,1.3269051313400269,1.1684389114379883,1.0983164310455322,1.3103668689727783,1.2570899724960327,1.605787754058838,3.291104793548584,2.9190831184387207,2.739201307296753,2.458221673965454,2.152658462524414,2.0633223056793213,1.723036766052246,1.793163537979126,1.4931663274765015,1.6607441902160645,1.5717484951019287,1.3733819723129272,1.639478087425232,1.5125752687454224,1.879280686378479,3.311278820037842,2.970283269882202,2.7066187858581543,2.4932379722595215,2.1137545108795166,2.068851947784424,1.7111434936523438,1.762993574142456,1.5363372564315796,1.5749632120132446,1.6189335584640503,1.321269154548645,1.612505316734314,1.525986909866333,1.8413208723068237
B12,3.36258602142334,3.046769380569458,2.7581520080566406,2.4875240325927734,2.109827756881714,1.931136965751648,1.5592365264892578,1.4460188150405884,1.1366360187530518,1.0440312623977661,0.9810303449630737,0.6292558908462524,0.8116961121559143,0.7982501983642578,1.0760127305984497,3.259474039077759,2.956850528717041,2.659867286682129,2.3265202045440674,1.9894870519638062,1.7137571573257446,1.3677034378051758,1.127045750617981,0.7999855875968933,0.5968413352966309,0.37338823080062866,0.0,0.37541088461875916,0.5766216516494751,0.8879633545875549,3.3471317291259766,2.994602680206299,2.7834041118621826,2.439931631088257,2.126413106918335,1.92490553855896,1.576445460319519,1.487512230873108,1.1206907033920288,1.2090812921524048,1.0057432651519775,0.8353953957557678,1.0285166501998901,0.9248390197753906,1.2891886234283447,3.3987860679626465,3.0376405715942383,2.821898937225342,2.517613172531128,2.192862033843994,2.0451841354370117,1.6832828521728516,1.6746810674667358,1.3358296155929565,1.4392582178115845,1.2877626419067383,1.0666310787200928,1.2951838970184326,1.148836612701416,1.5146864652633667,3.4301695823669434,3.0793588161468506,2.825868844985962,2.5694680213928223,2.201289176940918,2.10593581199646,1.732834815979004,1.7375080585479736,1.4477123022079468,1.478434681892395,1.436176061630249,1.1253448724746704,1.3886734247207642,1.2607675790786743,1.5995534658432007
B13,3.707367420196533,3.4005255699157715,3.1004557609558105,2.8300669193267822,2.45375919342041,2.2560722827911377,1.8914839029312134,1.7356635332107544,1.428642749786377,1.2643187046051025,1.1314008235931396,0.7766295671463013,0.7803923487663269,0.676854133605957,0.8484532237052917,3.587707996368408,3.2936794757843018,2.992377758026123,2.651996612548828,2.325669765472412,2.0256569385528564,1.699073314666748,1.4151545763015747,1.1109108924865723,0.8554593920707703,0.5485038161277771,0.37541088461875916,0.0,0.37972038984298706,0.5635700821876526,3.67950701713562,3.3255441188812256,3.129730701446533,2.7791645526885986,2.4809107780456543,2.273169755935669,1.9350003004074097,1.8293373584747314,1.4600145816802979,1.5164002180099487,1.247625708580017,1.0766299962997437,1.159379482269287,0.955622673034668,1.2697279453277588,3.7616965770721436,3.397111415863037,3.189373731613159,2.88858699798584,2.565565586090088,2.420247793197632,2.057920455932617,2.036888360977173,1.6885126829147339,1.7603973150253296,1.5604431629180908,1.3169763088226318,1.4683879613876343,1.234212875366211,1.5559930801391602,3.7898972034454346,3.4415338039398193,3.1835577487945557,2.9360010623931885,2.563081741333008,2.4668190479278564,2.092653512954712,2.0767550468444824,1.782044529914856,1.7665268182754517,1.6852928400039673,1.3380800485610962,1.5278468132019043,1.3150590658187866,1.6085141897201538
