,A1,A2,A3,A4,A5,A6,A7,A8,A9,A10,A11,A12,A13,A14,A15,B1,B2,B3,B4,B5,B6,B7,B8,B9,B10,B11,B12,B13,B14,B15,C1,C2,C3,C4,C5,C6,C7,C8,C9,C10,C11,C12,C13,C14,C15,D1,D2,D3,D4,D5,D6,D7,D8,D9,D10,D11,D12,D13,D14,D15,E1,E2,E3,E4,E5,E6,E7,E8,E9,E10,E11,E12,E13,E14,E15
A1,0.0,0.3920285701751709,0.6154474020004272,0.9287868142127991,1.268713355064392,1.5661827325820923,1.8787848949432373,2.1492152214050293,2.4500646591186523,2.697535991668701,3.0500941276550293,3.1899149417877197,3.555112600326538,3.7483530044555664,4.073827266693115,0.9464805126190186,0.8800281286239624,1.1365463733673096,1.398406744003296,1.585888385772705,1.9483336210250854,2.1234099864959717,2.4753735065460205,2.7023165225982666,2.9001986980438232,3.2394230365753174,3.242003917694092,3.5930674076080322,3.7473056316375732,4.0414299964904785,4.501684665679932,4.164450168609619,3.913942813873291,3.590884208679199,3.2622804641723633,2.988952875137329,2.6569621562957764,2.443221092224121,2.105464220046997,1.8809810876846313,1.5153697729110718,1.3866889476776123,1.0714993476867676,0.9701294302940369,0.7965760231018066,1.4223675727844238,1.4551173448562622,1.266222357749939,1.5576251745224,1.5275554656982422,1.8622066974639893,1.998552918434143,2.26177978515625,2.5835936069488525,2.6053686141967773,2.9564743041992188,2.9630026817321777,3.26263165473938,3.4119656085968018,3.683924913406372,4.306447982788086,3.9265897274017334,3.8114213943481445,3.5029358863830566,3.2599878311157227,3.07330060005188,2.757082223892212,2.7042224407196045,2.3771233558654785,2.282548427581787,2.022691249847412,1.8333524465560913,1.7597159147262573,1.5009167194366455,1.6081448793411255
A2,0.3920285701751709,0.0,0.37948277592658997,0.6406436562538147,0.9714488387107849,1.2832633256912231,1.567075490951538,1.8631343841552734,2.1408541202545166,2.390068292617798,2.734377861022949,2.858647584915161,3.2285661697387695,3.406029462814331,3.740121841430664,1.0744677782058716,0.8726847171783447,1.0418606996536255,1.2385362386703491,1.3496071100234985,1.7118486166000366,1.8351168632507324,2.200226306915283,2.3999528884887695,2.590803861618042,2.918525218963623,2.8979885578155518,3.251275062561035,3.3881959915161133,3.6853535175323486,4.1574249267578125,3.8233845233917236,3.565281867980957,3.25417160987854,2.9145963191986084,2.6569902896881104,2.3156204223632812,2.117703676223755,1.7926208972930908,1.5385785102844238,1.1838217973709106,1.0136442184448242,0.6902607679367065,0.5896210670471191,0.4719278812408447,1.3970590829849243,1.345600962638855,1.0813069343566895,1.2979971170425415,1.1996760368347168,1.5131205320358276,1.6258126497268677,1.8806381225585938,2.199244260787964,2.214661121368408,2.566276788711548,2.580448627471924,2.8820552825927734,3.0436344146728516,3.3187172412872314,3.9247307777404785,3.5461325645446777,3.429384708404541,3.1161563396453857,2.87831974029541,2.688997983932495,2.379082679748535,2.333418130874634,2.011864185333252,1.9418439865112305,1.707621693611145,1.5405889749526978,1.5294830799102783,1.3170137405395508,1.502726674079895
A3,0.6154474020004272,0.37948277592658997,0.0,0.3909224271774292,0.6650123000144958,0.9976602792739868,1.2848701477050781,1.5716392993927002,1.8767226934432983,2.100916624069214,2.457894802093506,2.585893392562866,2.9492552280426025,3.1433792114257812,3.4644522666931152,0.8583701848983765,0.5651234984397888,0.6969076991081238,0.8601194024085999,0.9963589310646057,1.353326678276062,1.5107861757278442,1.8664326667785645,2.0869534015655518,2.290618658065796,2.6279525756835938,2.642122507095337,2.9959285259246826,3.1616737842559814,3.462307929992676,3.91312313079834,3.568429946899414,3.3313207626342773,3.0067622661590576,2.686180353164673,2.4220759868621826,2.0871784687042236,1.902259349822998,1.555703043937683,1.3553916215896606,1.0045732259750366,0.8676708936691284,0.6599264740943909,0.6107337474822998,0.7123563885688782,1.3483365774154663,1.2120527029037476,0.9870094656944275,1.1814258098602295,1.0708210468292236,1.4186562299728394,1.4970225095748901,1.800009846687317,2.089369058609009,2.110044240951538,2.4531798362731934,2.4384803771972656,2.75546932220459,2.8851215839385986,3.1795332431793213,3.787152051925659,3.4086244106292725,3.271350145339966,2.975721597671509,2.7093913555145264,2.542598247528076,2.211427688598633,2.184555768966675,1.8799008131027222,1.7586498260498047,1.537011981010437,1.3043674230575562,1.294891357421875,1.0360461473464966,1.2474422454833984
A4,0.9287868142127991,0.6406436562538147,0.3909224271774292,0.0,0.3865208029747009,0.6460541486740112,0.957764208316803,1.2295165061950684,1.5217576026916504,1.775992512702942,2.124077796936035,2.278202533721924,2.6422367095947266,2.851210355758667,3.174868106842041,1.1191030740737915,0.7530009746551514,0.8439676761627197,0.8213081955909729,0.9085783958435059,1.2012943029403687,1.3128994703292847,1.6740977764129639,1.8460477590560913,2.0856831073760986,2.398238182067871,2.411952018737793,2.779005765914917,2.929677963256836,3.2523603439331055,3.581618309020996,3.24690580368042,2.9971394538879395,2.666358232498169,2.3455252647399902,2.064418077468872,1.7373689413070679,1.527939796447754,1.182761311531067,0.9870126247406006,0.6280525326728821,0.5853707790374756,0.4747495651245117,0.650989294052124,0.8548375964164734,1.6684898138046265,1.4695167541503906,1.221011757850647,1.3080352544784546,1.0901706218719482,1.3823426961898804,1.362160325050354,1.653926134109497,1.9024673700332642,1.8678672313690186,2.1873526573181152,2.1316945552825928,2.4336071014404297,2.5402309894561768,2.82601261138916,3.466125726699829,3.0850331783294678,2.9661645889282227,2.6897964477539062,2.4366891384124756,2.310166597366333,1.9903321266174316,2.022383689880371,1.7568715810775757,1.6651997566223145,1.5200403928756714,1.2858326435089111,1.3777415752410889,1.1549042463302612,1.435868263244629
A5,1.268713355064392,0.9714488387107849,0.6650123000144958,0.3865208029747009,0.0,0.3869853615760803,0.621787428855896,0.9243028163909912,1.2242642641067505,1.4364969730377197,1.7934958934783936,1.9267328977584839,2.288661241531372,2.4956376552581787,2.8133888244628906,1.251022219657898,0.8689634799957275,0.8005518317222595,0.6298872232437134,0.5956702828407288,0.8447462916374207,0.9279264807701111,1.2898120880126953,1.46208655834198,1.7022215127944946,2.017814874649048,2.0470640659332275,2.4125328063964844,2.580528497695923,2.9026906490325928,3.255711793899536,2.909829616546631,2.6792142391204834,2.3482954502105713,2.038480520248413,1.7740236520767212,1.4440057277679443,1.2842706441879272,0.9343682527542114,0.7952014207839966,0.5253651142120361,0.49136942625045776,0.63306725025177,0.783979594707489,1.0939981937408447,1.7054537534713745,1.430528998374939,1.2082984447479248,1.2043976783752441,0.9541524052619934,1.2186416387557983,1.1428550481796265,1.4633564949035645,1.6683257818222046,1.6470271348953247,1.9528549909591675,1.883335828781128,2.20432710647583,2.292727470397949,2.60288667678833,3.212327003479004,2.836317300796509,2.6890621185302734,2.4243547916412354,2.1435155868530273,2.031944513320923,1.6976467370986938,1.7469135522842407,1.5115233659744263,1.3852444887161255,1.2857834100723267,1.0208828449249268,1.1699082851409912,0.9846991896629333,1.3109999895095825
A6,1.5661827325820923,1.2832633256912231,0.9976602792739868,0.6460541486740112,0.3869853615760803,0.0,0.37288403511047363,0.5843797326087952,0.894160807132721,1.148566484451294,1.497577428817749,1.6853619813919067,2.038358449935913,2.280757427215576,2.589948892593384,1.512169361114502,1.128460168838501,1.0889947414398193,0.8107206225395203,0.7763280868530273,0.8528833985328674,0.8905746340751648,1.2103420495986938,1.314192533493042,1.6120537519454956,1.8872617483139038,1.9394023418426514,2.312762975692749,2.472534418106079,2.8180782794952393,2.9828622341156006,2.6485531330108643,2.411475419998169,2.0619256496429443,1.7685370445251465,1.4661235809326172,1.165105938911438,0.9601349830627441,0.5950005054473877,0.5692317485809326,0.40815648436546326,0.6246553659439087,0.8551791906356812,1.1077659130096436,1.407523274421692,2.082770824432373,1.7933475971221924,1.5833674669265747,1.5406279563903809,1.256527304649353,1.4514474868774414,1.283496618270874,1.5675857067108154,1.7013778686523438,1.6106750965118408,1.8636300563812256,1.723732829093933,2.0154616832733154,2.049978017807007,2.3471546173095703,3.0045061111450195,2.629056215286255,2.505452871322632,2.2812678813934326,2.016702175140381,1.9747021198272705,1.6644377708435059,1.7924987077713013,1.6241387128829956,1.5241103172302246,1.5105268955230713,1.255757451057434,1.4568959474563599,1.2925969362258911,1.6181491613388062
A7,1.8787848949432373,1.567075490951538,1.2848701477050781,0.957764208316803,0.621787428855896,0.37288403511047363,0.0,0.364592969417572,0.6157287359237671,0.8230616450309753,1.1735801696777344,1.3270808458328247,1.6868562698364258,1.9148130416870117,2.2291719913482666,1.7918646335601807,1.4166674613952637,1.2911417484283447,0.9739636778831482,0.7988107204437256,0.7498440742492676,0.6420130133628845,0.9347778558731079,0.9756379723548889,1.2730237245559692,1.5284785032272339,1.5729193687438965,1.9472811222076416,2.1045174598693848,2.4532854557037354,2.643174171447754,2.300856351852417,2.071566104888916,1.7311896085739136,1.4352253675460815,1.164567470550537,0.8490777015686035,0.7338847517967224,0.41886287927627563,0.4892362058162689,0.572944700717926,0.7224047183990479,1.0537774562835693,1.2714664936065674,1.610841989517212,2.2061800956726074,1.8771543502807617,1.674560308456421,1.5465762615203857,1.2405399084091187,1.3539423942565918,1.1188271045684814,1.382652997970581,1.4502156972885132,1.3577518463134766,1.5802475214004517,1.4269918203353882,1.7323147058486938,1.7569643259048462,2.0772488117218018,2.691840171813965,2.322864532470703,2.1743404865264893,1.9599764347076416,1.6775920391082764,1.65730619430542,1.3505768775939941,1.5130919218063354,1.4007996320724487,1.3059312105178833,1.3732049465179443,1.1517740488052368,1.4192169904708862,1.339666724205017,1.6829338073730469
A8,2.1492152214050293,1.8631343841552734,1.5716392993927002,1.2295165061950684,0.9243028163909912,0.5843797326087952,0.364592969417572,0.0,0.36396539211273193,0.5931675434112549,0.9359257221221924,1.1701135635375977,1.4999204874038696,1.7809727191925049,2.0679423809051514,1.9939696788787842,1.6294978857040405,1.5270488262176514,1.1677535772323608,1.0452042818069458,0.8807967305183411,0.7893838286399841,0.9610298871994019,0.9312671422958374,1.2826324701309204,1.483599305152893,1.5800899267196655,1.9428703784942627,2.105726480484009,2.466364860534668,2.4429683685302734,2.1104788780212402,1.8931798934936523,1.5250582695007324,1.278132438659668,0.9596230387687683,0.727742612361908,0.5859688520431519,0.3431498408317566,0.6544114351272583,0.8151553273200989,1.0536375045776367,1.3686033487319946,1.6179488897323608,1.944031000137329,2.526780128479004,2.1937055587768555,2.015989303588867,1.8941123485565186,1.598496675491333,1.6965866088867188,1.436185359954834,1.6687889099121094,1.6760741472244263,1.5406488180160522,1.693130373954773,1.4686682224273682,1.7277334928512573,1.6718333959579468,1.9741594791412354,2.624539375305176,2.266425609588623,2.1375811100006104,1.9834940433502197,1.7184052467346191,1.7778609991073608,1.5081406831741333,1.7266933917999268,1.6747056245803833,1.5820610523223877,1.6882705688476562,1.4609715938568115,1.719464898109436,1.6249089241027832,1.946414589881897
A9,2.4500646591186523,2.1408541202545166,1.8767226934432983,1.5217576026916504,1.2242642641067505,0.894160807132721,0.6157287359237671,0.36396539211273193,0.0,0.37164074182510376,0.6359388828277588,0.8983759880065918,1.2230064868927002,1.502219557762146,1.7961196899414062,2.3501136302948,1.9810558557510376,1.8688186407089233,1.5145866870880127,1.3472484350204468,1.1552568674087524,0.9680624008178711,1.063920497894287,0.9004931449890137,1.2330491542816162,1.3473315238952637,1.413049578666687,1.766127586364746,1.8862143754959106,2.2593729496002197,2.1092278957366943,1.7904324531555176,1.5506725311279297,1.184609055519104,0.9295598268508911,0.596804678440094,0.40210866928100586,0.3349934220314026,0.38974741101264954,0.7238925099372864,1.0087827444076538,1.237994909286499,1.5772571563720703,1.8387727737426758,2.1664764881134033,2.806379556655884,2.4635934829711914,2.269367218017578,2.1000380516052246,1.7801601886749268,1.8036226034164429,1.492588996887207,1.6566152572631836,1.59036123752594,1.4045085906982422,1.4828381538391113,1.2080804109573364,1.4283154010772705,1.3310391902923584,1.6285855770111084,2.2832908630371094,1.9311360120773315,1.8181337118148804,1.700164794921875,1.465159296989441,1.5892969369888306,1.3759654760360718,1.6541043519973755,1.6737267971038818,1.636042594909668,1.8121689558029175,1.6439056396484375,1.9440512657165527,1.9048264026641846,2.2366957664489746
A10,2.697535991668701,2.390068292617798,2.100916624069214,1.775992512702942,1.4364969730377197,1.148566484451294,0.8230616450309753,0.5931675434112549,0.37164074182510376,0.0,0.371330589056015,0.5929614305496216,0.9072693586349487,1.2033910751342773,1.47756826877594,2.5061967372894287,2.1553962230682373,1.9882190227508545,1.619331955909729,1.4104299545288086,1.137427806854248,0.9093700647354126,0.8712580800056458,0.6253674030303955,0.9512273073196411,1.0220439434051514,1.1438215970993042,1.4742456674575806,1.6307523250579834,1.9936116933822632,1.8771690130233765,1.531617522239685,1.3476561307907104,0.9817304015159607,0.7947282195091248,0.5651776194572449,0.490439772605896,0.6541997790336609,0.7390292882919312,1.0401432514190674,1.314743995666504,1.4880101680755615,1.8444311618804932,2.058811664581299,2.407322645187378,2.8916585445404053,2.5271294116973877,2.3708367347717285,2.171297073364258,1.881872534751892,1.880027174949646,1.5693004131317139,1.7294162511825562,1.611698031425476,1.4722654819488525,1.5093003511428833,1.2426047325134277,1.4649674892425537,1.3345558643341064,1.6527196168899536,2.2090535163879395,1.8839092254638672,1.720366358757019,1.638231635093689,1.3683909177780151,1.5229851007461548,1.3208593130111694,1.6012663841247559,1.6739205121994019,1.6010409593582153,1.813947319984436,1.65300452709198,1.9501895904541016,1.948070764541626,2.2597496509552
A11,3.0500941276550293,2.734377861022949,2.457894802093506,2.124077796936035,1.7934958934783936,1.497577428817749,1.1735801696777344,0.9359257221221924,0.6359388828277588,0.371330589056015,0.0,0.3762262761592865,0.6082769632339478,0.9333747029304504,1.1866750717163086,2.876755714416504,2.525465965270996,2.3585221767425537,1.9894418716430664,1.773139238357544,1.489462971687317,1.2417725324630737,1.142698049545288,0.8244197964668274,1.066855549812317,0.9999333024024963,1.1071348190307617,1.3840025663375854,1.4950982332229614,1.8571914434432983,1.5159084796905518,1.1822378635406494,1.000077486038208,0.6231424808502197,0.5264645218849182,0.3974637985229492,0.5672937631607056,0.8090404272079468,1.0182502269744873,1.3089910745620728,1.622206211090088,1.7991725206375122,2.1592700481414795,2.382385015487671,2.727752685546875,3.236238718032837,2.867229461669922,2.7077314853668213,2.483870029449463,2.188349485397339,2.1405837535858154,1.8083586692810059,1.9104797840118408,1.7293486595153809,1.5600876808166504,1.505687952041626,1.2011784315109253,1.3455263376235962,1.13705313205719,1.4282630681991577,1.9478648900985718,1.6522361040115356,1.5031609535217285,1.5002162456512451,1.2784286737442017,1.5181567668914795,1.397965431213379,1.716264009475708,1.8564269542694092,1.8226877450942993,2.0792250633239746,1.9584285020828247,2.2690110206604004,2.2955312728881836,2.6048076152801514
A12,3.1899149417877197,2.858647584915161,2.585893392562866,2.278202533721924,1.9267328977584839,1.6853619813919067,1.3270808458328247,1.1701135635375977,0.8983759880065918,0.5929614305496216,0.3762262761592865,0.0,0.37455224990844727,0.6120538711547852,0.9118154644966125,3.014936685562134,2.6708195209503174,2.459301710128784,2.1079206466674805,1.8381811380386353,1.5527558326721191,1.252610683441162,1.1012011766433716,0.7352443337440491,0.8491257429122925,0.6887983083724976,0.7612848877906799,1.0138291120529175,1.1244635581970215,1.4826735258102417,1.3682243824005127,0.9989014267921448,0.8570212125778198,0.5730690956115723,0.49468180537223816,0.6182273626327515,0.7227550148963928,1.0528455972671509,1.2486917972564697,1.4783464670181274,1.7941536903381348,1.9028304815292358,2.2740933895111084,2.4510650634765625,2.8071846961975098,3.2268598079681396,2.8481411933898926,2.699838399887085,2.4347941875457764,2.157827615737915,2.0598020553588867,1.7306140661239624,1.799034595489502,1.5706350803375244,1.4500175714492798,1.3625786304473877,1.110285997390747,1.2720624208450317,1.1049220561981201,1.4236217737197876,1.7906484603881836,1.5176537036895752,1.2975691556930542,1.2939844131469727,1.0372376441955566,1.2831923961639404,1.1950687170028687,1.5033257007598877,1.6976407766342163,1.669588327407837,1.9652318954467773,1.8939632177352905,2.213470697402954,2.3002140522003174,2.6015424728393555
A13,3.555112600326538,3.2285661697387695,2.9492552280426025,2.6422367095947266,2.288661241531372,2.038358449935913,1.6868562698364258,1.4999204874038696,1.2230064868927002,0.9072693586349487,0.6082769632339478,0.37455224990844727,0.0,0.3821398913860321,0.5795643925666809,3.344109296798706,3.008821487426758,2.791431188583374,2.4328863620758057,2.170646905899048,1.8595751523971558,1.5772387981414795,1.3696714639663696,1.0108214616775513,1.0574663877487183,0.7872959971427917,0.8941050171852112,1.015616536140442,1.106301188468933,1.4210771322250366,1.0609041452407837,0.6822600364685059,0.6603975296020508,0.47080743312835693,0.6459416747093201,0.8561645150184631,1.057145118713379,1.3719482421875,1.5919095277786255,1.8393864631652832,2.158843755722046,2.2768654823303223,2.647815465927124,2.8242955207824707,3.1812868118286133,3.5597691535949707,3.176593780517578,3.0459446907043457,2.7750062942504883,2.5119879245758057,2.402611255645752,2.0780210494995117,2.1258416175842285,1.868048906326294,1.7528250217437744,1.6105387210845947,1.360471248626709,1.4481490850448608,1.2225395441055298,1.4839680194854736,1.7392420768737793,1.532216191291809,1.3167699575424194,1.4119584560394287,1.2102478742599487,1.5027581453323364,1.4765374660491943,1.776642084121704,2.0072073936462402,1.9788390398025513,2.285966157913208,2.223125457763672,2.5306179523468018,2.6250736713409424,2.9094719886779785
A14,3.7483530044555664,3.406029462814331,3.1433792114257812,2.851210355758667,2.4956376552581787,2.280757427215576,1.9148130416870117,1.7809727191925049,1.502219557762146,1.2033910751342773,0.9333747029304504,0.6120538711547852,0.3821398913860321,0.0,0.36810624599456787,3.572179079055786,3.2378079891204834,2.9978139400482178,2.660182237625122,2.3630666732788086,2.0735108852386475,1.7584871053695679,1.550463080406189,1.193365216255188,1.1265069246292114,0.785216212272644,0.7759403586387634,0.781571090221405,0.7891764640808105,1.079335331916809,0.9383330941200256,0.5667185187339783,0.6062113046646118,0.640468955039978,0.787369966506958,1.1012071371078491,1.2661596536636353,1.6136542558670044,1.8425041437149048,2.039295196533203,2.365788698196411,2.437297821044922,2.8088297843933105,2.956336259841919,3.3120217323303223,3.6606523990631104,3.2774734497070312,3.144514799118042,2.839841365814209,2.587038993835449,2.425759792327881,2.1069717407226562,2.102182626724243,1.802351713180542,1.7173534631729126,1.5271564722061157,1.3370167016983032,1.399565577507019,1.2194346189498901,1.4682180881500244,1.5363293886184692,1.3767656087875366,1.1090376377105713,1.2330516576766968,1.0562092065811157,1.3572286367416382,1.4044950008392334,1.6842395067214966,1.9658033847808838,1.970300316810608,2.3067057132720947,2.3022401332855225,2.6177661418914795,2.7631006240844727,3.0443902015686035
A15,4.073827266693115,3.740121841430664,3.4644522666931152,3.174868106842041,2.8133888244628906,2.589948892593384,2.2291719913482666,2.0679423809051514,1.7961196899414062,1.47756826877594,1.1866750717163086,0.9118154644966125,0.5795643925666809,0.36810624599456787,0.0,3.8477766513824463,3.5242972373962402,3.2782046794891357,2.932631731033325,2.6468663215637207,2.332214117050171,2.040386199951172,1.7904999256134033,1.450421690940857,1.3658479452133179,1.0023808479309082,1.0567628145217896,0.9579247236251831,0.9769750237464905,1.1665894985198975,0.7874959111213684,0.46747517585754395,0.7225708961486816,0.8400663733482361,1.092341423034668,1.3897017240524292,1.5939544439315796,1.9265589714050293,2.155914545059204,2.377675771713257,2.7003400325775146,2.783752202987671,3.156092643737793,3.3025150299072266,3.6616241931915283,3.9545252323150635,3.5678153038024902,3.4570043087005615,3.155932664871216,2.9198389053344727,2.7658488750457764,2.4569647312164307,2.457395315170288,2.154587745666504,2.080719232559204,1.8787702322006226,1.691137433052063,1.7191641330718994,1.5070959329605103,1.7043620347976685,1.6804413795471191,1.5923888683319092,1.349388599395752,1.5335731506347656,1.3944454193115234,1.6945055723190308,1.7552229166030884,2.015723943710327,2.3031973838806152,2.2884764671325684,2.619903564453125,2.6059398651123047,2.9032585620880127,3.045069932937622,3.3073439598083496
B1,0.9464805126190186,1.0744677782058716,0.8583701848983765,1.1191030740737915,1.251022219657898,1.512169361114502,1.7918646335601807,1.9939696788787842,2.3501136302948,2.5061967372894287,2.876755714416504,3.014936685562134,3.344109296798706,3.572179079055786,3.8477766513824463,0.0,0.38779324293136597,0.6066917777061462,0.9151708483695984,1.234965205192566,1.5284602642059326,1.8319677114486694,2.1011788845062256,2.4067933559417725,2.605421304702759,2.9688615798950195,3.070542573928833,3.3972487449645996,3.6339073181152344,3.91178035736084,4.371862411499023,4.00945520401001,3.8283770084381104,3.4798247814178467,3.215067148208618,2.9379258155822754,2.640324354171753,2.469714403152466,2.104069948196411,2.023550271987915,1.7013823986053467,1.6402465105056763,1.5082587003707886,1.4204250574111938,1.4768706560134888,1.321014404296875,1.2682710886001587,1.2949295043945312,1.5996832847595215,1.6532139778137207,2.040865421295166,2.1569626331329346,2.5025668144226074,2.7693560123443604,2.8302483558654785,3.1614787578582764,3.1222033500671387,3.4523322582244873,3.5321853160858154,3.8439557552337646,4.449331283569336,4.077337741851807,3.908799886703491,3.6402735710144043,3.33193039894104,3.1826329231262207,2.8260252475738525,2.7824370861053467,2.488626003265381,2.2661843299865723,2.0037384033203125,1.6924774646759033,1.5196362733840942,1.1452592611312866,1.1221126317977905
B2,0.8800281286239624,0.8726847171783447,0.5651234984397888,0.7530009746551514,0.8689634799957275,1.128460168838501,1.4166674613952637,1.6294978857040405,1.9810558557510376,2.1553962230682373,2.525465965270996,2.6708195209503174,3.008821487426758,3.2378079891204834,3.5242972373962402,0.38779324293136597,0.0,0.38784265518188477,0.6214790940284729,0.9368120431900024,1.2427958250045776,1.5197376012802124,1.816529393196106,2.095841884613037,2.3140811920166016,2.6684536933898926,2.7564074993133545,3.0967631340026855,3.317095994949341,3.6104862689971924,4.022627353668213,3.6651482582092285,3.4698522090911865,3.1218762397766113,2.8473737239837646,2.566711902618408,2.2644989490509033,2.0878758430480957,1.7222844362258911,1.6359387636184692,1.3162695169448853,1.2717632055282593,1.1711862087249756,1.138222098350525,1.2577147483825684,1.3818753957748413,1.2421343326568604,1.1799781322479248,1.4201178550720215,1.3940290212631226,1.769716501235962,1.8417274951934814,2.1854641437530518,2.4393558502197266,2.475612163543701,2.799781084060669,2.7479441165924072,3.072796583175659,3.150390386581421,3.4589171409606934,4.07388973236084,3.700070858001709,3.5408859252929688,3.2759339809417725,2.976069211959839,2.840214729309082,2.4883687496185303,2.4714481830596924,2.1897833347320557,1.9881657361984253,1.7602496147155762,1.4443272352218628,1.3473740816116333,0.9838665723800659,1.0859416723251343
B3,1.1365463733673096,1.0418606996536255,0.6969076991081238,0.8439676761627197,0.8005518317222595,1.0889947414398193,1.2911417484283447,1.5270488262176514,1.8688186407089233,1.9882190227508545,2.3585221767425537,2.459301710128784,2.791431188583374,2.9978139400482178,3.2782046794891357,0.6066917777061462,0.38784265518188477,0.0,0.39312443137168884,0.6387504935264587,0.9634833335876465,1.2442620992660522,1.5244439840316772,1.830901026725769,2.0112757682800293,2.3775787353515625,2.469341278076172,2.793731689453125,3.0305023193359375,3.3053340911865234,3.825613498687744,3.456874132156372,3.2836029529571533,2.9495298862457275,2.6822140216827393,2.4368438720703125,2.1295759677886963,2.0115768909454346,1.6576658487319946,1.5868794918060303,1.3173234462738037,1.220260500907898,1.2037674188613892,1.1165796518325806,1.3162429332733154,1.212335228919983,0.9869085550308228,0.9671772718429565,1.1588304042816162,1.165744662284851,1.5385438203811646,1.6216824054718018,1.9823377132415771,2.2211387157440186,2.2989652156829834,2.6220083236694336,2.5895497798919678,2.933675765991211,3.017369270324707,3.3472812175750732,3.906651258468628,3.5417661666870117,3.3501405715942383,3.0824408531188965,2.7591230869293213,2.60932993888855,2.2480523586273193,2.2070093154907227,1.9318259954452515,1.6896969079971313,1.4559353590011597,1.1182457208633423,0.9942444562911987,0.618548572063446,0.7409108281135559
B4,1.398406744003296,1.2385362386703491,0.8601194024085999,0.8213081955909729,0.6298872232437134,0.8107206225395203,0.9739636778831482,1.1677535772323608,1.5145866870880127,1.619331955909729,1.9894418716430664,2.1079206466674805,2.4328863620758057,2.660182237625122,2.932631731033325,0.9151708483695984,0.6214790940284729,0.39312443137168884,0.0,0.3838988244533539,0.6245447397232056,0.9308719038963318,1.2014268636703491,1.4940189123153687,1.7134977579116821,2.0676820278167725,2.1850123405456543,2.517461061477661,2.7600367069244385,3.051854372024536,3.4686856269836426,3.101803779602051,2.93498158454895,2.5912230014801025,2.3414649963378906,2.0872201919555664,1.7995260953903198,1.688652753829956,1.341275691986084,1.3374621868133545,1.1241953372955322,1.1045902967453003,1.1962007284164429,1.2090034484863281,1.4776051044464111,1.541969895362854,1.2570160627365112,1.2038341760635376,1.284314751625061,1.2003425359725952,1.525450587272644,1.5209250450134277,1.8827123641967773,2.069744110107422,2.1138486862182617,2.4064266681671143,2.332327365875244,2.6678667068481445,2.715855836868286,3.0463292598724365,3.6182665824890137,3.2565109729766846,3.0672919750213623,2.8269474506378174,2.5007731914520264,2.3949506282806396,2.0372238159179688,2.049356460571289,1.820730209350586,1.5778318643569946,1.4221384525299072,1.0602645874023438,1.043904185295105,0.7259179353713989,0.9391894936561584
B5,1.585888385772705,1.3496071100234985,0.9963589310646057,0.9085783958435059,0.5956702828407288,0.7763280868530273,0.7988107204437256,1.0452042818069458,1.3472484350204468,1.4104299545288086,1.773139238357544,1.8381811380386353,2.170646905899048,2.3630666732788086,2.6468663215637207,1.234965205192566,0.9368120431900024,0.6387504935264587,0.3838988244533539,0.0,0.3906634449958801,0.6076996922492981,0.9124876856803894,1.2018812894821167,1.3840056657791138,1.7455344200134277,1.8357915878295898,2.1661434173583984,2.402899742126465,2.687512159347534,3.2063965797424316,2.833942413330078,2.669717311859131,2.3482069969177246,2.0869343280792236,1.876330852508545,1.5726503133773804,1.5265992879867554,1.2117193937301636,1.193353295326233,1.054078221321106,0.9716767072677612,1.1513886451721191,1.1417274475097656,1.46860933303833,1.5374830961227417,1.1935160160064697,1.1079506874084473,1.070806622505188,0.9485777020454407,1.224449872970581,1.19556725025177,1.5593682527542114,1.7254259586334229,1.7974737882614136,2.087977409362793,2.0383825302124023,2.388812303543091,2.4567365646362305,2.8023784160614014,3.320363759994507,2.9652514457702637,2.7534139156341553,2.5026800632476807,2.164043664932251,2.041417121887207,1.6796412467956543,1.679177165031433,1.4628345966339111,1.2065187692642212,1.0832215547561646,0.7208471894264221,0.7919154763221741,0.5947278141975403,0.9018293023109436
B6,1.9483336210250854,1.7118486166000366,1.353326678276062,1.2012943029403687,0.8447462916374207,0.8528833985328674,0.7498440742492676,0.8807967305183411,1.1552568674087524,1.137427806854248,1.489462971687317,1.5527558326721191,1.8595751523971558,2.0735108852386475,2.332214117050171,1.5284602642059326,1.2427958250045776,0.9634833335876465,0.6245447397232056,0.3906634449958801,0.0,0.3711546063423157,0.577636182308197,0.8866966962814331,1.1021195650100708,1.4532970190048218,1.6024010181427002,1.9233075380325317,2.1875481605529785,2.4764957427978516,2.912208318710327,2.5359764099121094,2.4029381275177,2.075361728668213,1.8574893474578857,1.6577221155166626,1.3999801874160767,1.4015051126480103,1.1315782070159912,1.2251946926116943,1.1882622241973877,1.1878912448883057,1.4376870393753052,1.483231782913208,1.8256523609161377,1.8784165382385254,1.518352746963501,1.4641941785812378,1.3736929893493652,1.233423113822937,1.432657241821289,1.3284815549850464,1.6679166555404663,1.754878282546997,1.8062869310379028,2.043778657913208,1.9499070644378662,2.287436008453369,2.3043465614318848,2.6540701389312744,3.1566097736358643,2.8151237964630127,2.5914928913116455,2.3829805850982666,2.0326766967773438,1.9664301872253418,1.6179122924804688,1.6700563430786133,1.5307987928390503,1.2634735107421875,1.2384865283966064,0.8992454409599304,1.0224637985229492,0.9001085162162781,1.1609034538269043
B7,2.1234099864959717,1.8351168632507324,1.5107861757278442,1.3128994703292847,0.9279264807701111,0.8905746340751648,0.6420130133628845,0.7893838286399841,0.9680624008178711,0.9093700647354126,1.2417725324630737,1.252610683441162,1.5772387981414795,1.7584871053695679,2.040386199951172,1.8319677114486694,1.5197376012802124,1.2442620992660522,0.9308719038963318,0.6076996922492981,0.3711546063423157,0.0,0.37435194849967957,0.6002480983734131,0.8047206401824951,1.1498957872390747,1.256730318069458,1.5940383672714233,1.8367558717727661,2.136539936065674,2.616882562637329,2.2399141788482666,2.0950989723205566,1.7889419794082642,1.551706314086914,1.3964636325836182,1.1269036531448364,1.2012540102005005,0.9963613748550415,1.0828437805175781,1.1436725854873657,1.1226012706756592,1.4352394342422485,1.4964215755462646,1.8619029521942139,2.0259592533111572,1.6496087312698364,1.5467994213104248,1.3651084899902344,1.1648000478744507,1.2657296657562256,1.0918054580688477,1.3966856002807617,1.4323891401290894,1.4809895753860474,1.6974296569824219,1.6106959581375122,1.9536288976669312,1.983657717704773,2.342555046081543,2.806187868118286,2.4687371253967285,2.2330634593963623,2.020144462585449,1.6649478673934937,1.6026300191879272,1.2599979639053345,1.3385138511657715,1.2462687492370605,1.0089231729507446,1.0822168588638306,0.8202967047691345,1.0619173049926758,1.064016342163086,1.365249514579773
B8,2.4753735065460205,2.200226306915283,1.8664326667785645,1.6740977764129639,1.2898120880126953,1.2103420495986938,0.9347778558731079,0.9610298871994019,1.063920497894287,0.8712580800056458,1.142698049545288,1.1012011766433716,1.3696714639663696,1.550463080406189,1.7904999256134033,2.1011788845062256,1.816529393196106,1.5244439840316772,1.2014268636703491,0.9124876856803894,0.577636182308197,0.37435194849967957,0.0,0.3691723048686981,0.54510098695755,0.8868306279182434,1.0829136371612549,1.3795311450958252,1.6697602272033691,1.950548529624939,2.425306797027588,2.041208505630493,1.9536678791046143,1.6622846126556396,1.4942814111709595,1.3911452293395996,1.1992511749267578,1.345205545425415,1.2129300832748413,1.37054443359375,1.480863094329834,1.4865448474884033,1.8075989484786987,1.8659881353378296,2.231780767440796,2.2811131477355957,1.8967877626419067,1.8420149087905884,1.644200325012207,1.4811009168624878,1.5414187908172607,1.3584506511688232,1.6248221397399902,1.5915563106536865,1.6496355533599854,1.8047960996627808,1.6987663507461548,2.0202791690826416,2.004784107208252,2.3643009662628174,2.766613483428955,2.4567933082580566,2.1954634189605713,2.029758930206299,1.663081169128418,1.6481459140777588,1.3392070531845093,1.4360586404800415,1.4216430187225342,1.1701768636703491,1.2963078022003174,1.0692734718322754,1.2794400453567505,1.3135360479354858,1.5618516206741333
B9,2.7023165225982666,2.3999528884887695,2.0869534015655518,1.8460477590560913,1.46208655834198,1.314192533493042,0.9756379723548889,0.9312671422958374,0.9004931449890137,0.6253674030303955,0.8244197964668274,0.7352443337440491,1.0108214616775513,1.193365216255188,1.450421690940857,2.4067933559417725,2.095841884613037,1.830901026725769,1.4940189123153687,1.2018812894821167,0.8866966962814331,0.6002480983734131,0.3691723048686981,0.0,0.37143343687057495,0.6101639270782471,0.8076105713844299,1.1242400407791138,1.3874647617340088,1.6984542608261108,2.0625405311584473,1.6792302131652832,1.5850696563720703,1.3019357919692993,1.1467711925506592,1.0902676582336426,0.9486044049263,1.1700289249420166,1.1397956609725952,1.331568717956543,1.5289794206619263,1.5685456991195679,1.9220174551010132,2.023786783218384,2.3936071395874023,2.5816445350646973,2.1964080333709717,2.102727174758911,1.8677690029144287,1.6546412706375122,1.6434258222579956,1.3927373886108398,1.5925661325454712,1.4826931953430176,1.4912850856781006,1.5788317918777466,1.4349665641784668,1.7286694049835205,1.6817108392715454,2.037566661834717,2.4212112426757812,2.1207921504974365,1.8611456155776978,1.7297866344451904,1.3749269247055054,1.4267157316207886,1.1661967039108276,1.3409805297851562,1.4104232788085938,1.2351572513580322,1.4481796026229858,1.292182207107544,1.5602898597717285,1.628499150276184,1.9012585878372192
B10,2.9001986980438232,2.590803861618042,2.290618658065796,2.0856831073760986,1.7022215127944946,1.6120537519454956,1.2730237245559692,1.2826324701309204,1.2330491542816162,0.9512273073196411,1.066855549812317,0.8491257429122925,1.0574663877487183,1.1265069246292114,1.3658479452133179,2.605421304702759,2.3140811920166016,2.0112757682800293,1.7134977579116821,1.3840056657791138,1.1021195650100708,0.8047206401824951,0.54510098695755,0.37143343687057495,0.0,0.3776952028274536,0.5694398880004883,0.835703432559967,1.1420881748199463,1.4094678163528442,2.0528624057769775,1.668739914894104,1.6190763711929321,1.4103273153305054,1.2797191143035889,1.3243167400360107,1.197108268737793,1.4667344093322754,1.4589087963104248,1.6004724502563477,1.795800805091858,1.7729358673095703,2.1208269596099854,2.1705126762390137,2.5403666496276855,2.6086947917938232,2.219590663909912,2.1485049724578857,1.8719228506088257,1.6978789567947388,1.6318446397781372,1.4068751335144043,1.5696035623550415,1.424145221710205,1.503275752067566,1.571169376373291,1.4934179782867432,1.7893023490905762,1.7766003608703613,2.1360602378845215,2.393706798553467,2.122959613800049,1.817440152168274,1.6797209978103638,1.307236909866333,1.3220136165618896,1.0860799551010132,1.204258680343628,1.3223564624786377,1.1346696615219116,1.3837671279907227,1.2963132858276367,1.5556607246398926,1.7008209228515625,1.9473594427108765
B11,3.2394230365753174,2.918525218963623,2.6279525756835938,2.398238182067871,2.017814874649048,1.8872617483139038,1.5284785032272339,1.483599305152893,1.3473315238952637,1.0220439434051514,0.9999333024024963,0.6887983083724976,0.7872959971427917,0.785216212272644,1.0023808479309082,2.9688615798950195,2.6684536933898926,2.3775787353515625,2.0676820278167725,1.7455344200134277,1.4532970190048218,1.1498957872390747,0.8868306279182434,0.6101639270782471,0.3776952028274536,0.0,0.3672574460506439,0.5510058403015137,0.8616520166397095,1.1345194578170776,1.7151075601577759,1.3357747793197632,1.331707239151001,1.183620810508728,1.1283208131790161,1.2692216634750366,1.2350223064422607,1.5558180809020996,1.6316182613372803,1.7975964546203613,2.0431368350982666,2.0455098152160645,2.406261682510376,2.480125665664673,2.8486931324005127,2.9724276065826416,2.5842888355255127,2.502497673034668,2.2081661224365234,2.017394781112671,1.9056099653244019,1.6499407291412354,1.7461448907852173,1.5292938947677612,1.5731853246688843,1.5504604578018188,1.4496259689331055,1.6882513761520386,1.6334269046783447,1.9718743562698364,2.1439313888549805,1.911443829536438,1.594096302986145,1.5236314535140991,1.1814013719558716,1.2809274196624756,1.1424572467803955,1.3123846054077148,1.514434814453125,1.3933387994766235,1.6866612434387207,1.6439672708511353,1.9169561862945557,2.0754334926605225,2.3229846954345703
B12,3.242003917694092,2.8979885578155518,2.642122507095337,2.411952018737793,2.0470640659332275,1.9394023418426514,1.5729193687438965,1.5800899267196655,1.413049578666687,1.1438215970993042,1.1071348190307617,0.7612848877906799,0.8941050171852112,0.7759403586387634,1.0567628145217896,3.070542573928833,2.7564074993133545,2.469341278076172,2.1850123405456543,1.8357915878295898,1.6024010181427002,1.256730318069458,1.0829136371612549,0.8076105713844299,0.5694398880004883,0.3672574460506439,0.0,0.3779990077018738,0.5887876749038696,0.9045373201370239,1.6972155570983887,1.337957501411438,1.2804380655288696,1.1925357580184937,1.0727946758270264,1.2735681533813477,1.209140658378601,1.5528453588485718,1.6574491262435913,1.7612437009811401,2.024890422821045,1.989399790763855,2.347505807876587,2.4108402729034424,2.770268440246582,2.968824625015259,2.588521718978882,2.4711384773254395,2.1423873901367188,1.9320032596588135,1.7548218965530396,1.4842900037765503,1.511283040046692,1.2490718364715576,1.3052407503128052,1.2526334524154663,1.208033561706543,1.4484978914260864,1.456197738647461,1.7970921993255615,1.9032641649246216,1.6694003343582153,1.3293451070785522,1.2167304754257202,0.8663603067398071,0.9407524466514587,0.8541976809501648,1.0307693481445312,1.2907713651657104,1.2450650930404663,1.5823571681976318,1.6173274517059326,1.9239263534545898,2.1274423599243164,2.3961446285247803
B13,3.5930674076080322,3.251275062561035,2.9959285259246826,2.779005765914917,2.4125328063964844,2.312762975692749,1.9472811222076416,1.9428703784942627,1.766127586364746,1.4742456674575806,1.3840025663375854,1.0138291120529175,1.015616536140442,0.781571090221405,0.9579247236251831,3.3972487449645996,3.0967631340026855,2.793731689453125,2.517461061477661,2.1661434173583984,1.9233075380325317,1.5940383672714233,1.3795311450958252,1.1242400407791138,0.835703432559967,0.5510058403015137,0.3779990077018738,0.0,0.3750908672809601,0.585588276386261,1.6358988285064697,1.307674527168274,1.3381681442260742,1.3450206518173218,1.3096439838409424,1.5665545463562012,1.5524554252624512,1.9057587385177612,2.0282366275787354,2.13686466217041,2.4021005630493164,2.3570404052734375,2.7106821537017822,2.7554543018341064,3.111724615097046,3.2297561168670654,2.8518893718719482,2.7583167552948,2.4178626537323,2.238530397415161,2.0399935245513916,1.7949976921081543,1.7895745038986206,1.504904866218567,1.5875518321990967,1.4876070022583008,1.4733096361160278,1.6612658500671387,1.6569561958312988,1.9636858701705933,1.9164483547210693,1.7499860525131226,1.388870120048523,1.336897373199463,1.0437463521957397,1.1298015117645264,1.1288838386535645,1.254333734512329,1.5467188358306885,1.50592839717865,1.8419426679611206,1.906078577041626,2.187697649002075,2.416685104370117,2.6583974361419678
