,A1,A2,A3,A4,A5,A6,A7,A8,A9,A10,A11,A12,A13,A14,A15,B1,B2,B3,B4,B5,B6,B7,B8,B9,B10,B11,B12,B13,B14,B15,C1,C2,C3,C4,C5,C6,C7,C8,C9,C10,C11,C12,C13,C14,C15,D1,D2,D3,D4,D5,D6,D7,D8,D9,D10,D11,D12,D13,D14,D15,E1,E2,E3,E4,E5,E6,E7,E8,E9,E10,E11,E12,E13,E14,E15
A1,0.0,0.3788253664970398,0.5826771259307861,0.8830925822257996,1.1500911712646484,1.4109346866607666,1.6841511726379395,1.9975969791412354,2.0914061069488525,2.4384968280792236,2.633419990539551,2.921623945236206,3.050055503845215,3.2069458961486816,3.4494168758392334,1.1509557962417603,0.8321329355239868,1.041154384613037,1.0002690553665161,1.238917589187622,1.4703871011734009,1.5742093324661255,1.9502657651901245,1.976555347442627,2.323068141937256,2.5194294452667236,2.8091156482696533,2.880511522293091,3.0520589351654053,3.290567636489868,1.097208857536316,0.7564674019813538,0.8521125316619873,0.8386390805244446,0.9725046157836914,1.265235424041748,1.3425567150115967,1.7296525239944458,1.7824928760528564,2.107632875442505,2.3497722148895264,2.6186797618865967,2.618834972381592,2.778327465057373,3.0599489212036133,1.6743627786636353,1.3377017974853516,1.16824209690094,0.9505414366722107,0.7798658609390259,0.9213336110115051,0.7298080325126648,1.0782663822174072,1.1412007808685303,1.3779791593551636,1.679046630859375,1.8719977140426636,1.8881196975708008,2.146995782852173,2.3878917694091797,1.2217122316360474,1.057553768157959,0.6874681711196899,0.750006914138794,0.5005472898483276,0.8165544271469116,0.9367795586585999,1.145627737045288,1.4259322881698608,1.6609666347503662,1.9015227556228638,2.09403920173645,2.338197708129883,2.5275931358337402,2.607412576675415
A2,0.3788253664970398,0.0,0.385910302400589,0.5877509117126465,0.89115309715271,1.1544783115386963,1.40132737159729,1.7399024963378906,1.799976110458374,2.1551525592803955,2.3518357276916504,2.6458547115325928,2.7449731826782227,2.9003844261169434,3.1630280017852783,1.138595461845398,0.766983687877655,0.8417621850967407,0.7052485942840576,0.8966528177261353,1.1146160364151,1.1969510316848755,1.5752602815628052,1.6115957498550415,1.9518260955810547,2.1621651649475098,2.441561222076416,2.5206515789031982,2.70586895942688,2.93491792678833,0.8948126435279846,0.5352222919464111,0.5027042031288147,0.4783877432346344,0.6308133602142334,0.942634105682373,1.0831323862075806,1.4526832103729248,1.5395262241363525,1.8722071647644043,2.1116509437561035,2.3814280033111572,2.4264824390411377,2.5933570861816406,2.844801425933838,1.3134568929672241,0.9661933779716492,0.8282327651977539,0.6094440221786499,0.5529969930648804,0.7674881219863892,0.7368033528327942,1.1227742433547974,1.195294737815857,1.4970479011535645,1.7617624998092651,2.0031931400299072,2.0585861206054688,2.277815103530884,2.513390302658081,0.9880993962287903,0.7404270172119141,0.40948545932769775,0.4310826361179352,0.3391791880130768,0.7232018113136292,0.8956156373023987,1.1971867084503174,1.3933517932891846,1.6929214000701904,1.9102227687835693,2.155683994293213,2.3615574836730957,2.5264320373535156,2.65291690826416
A3,0.5826771259307861,0.385910302400589,0.0,0.3812773823738098,0.5711687803268433,0.8717657923698425,1.113974690437317,1.4398573637008667,1.5618137121200562,1.8929996490478516,2.122539520263672,2.388143539428711,2.5119292736053467,2.699223041534424,2.9345617294311523,0.7802503705024719,0.408657968044281,0.4716203808784485,0.45856887102127075,0.7179052233695984,0.9902172684669495,1.1689810752868652,1.5177503824234009,1.6129032373428345,1.9535340070724487,2.1584794521331787,2.431931734085083,2.564002752304077,2.7426059246063232,2.931676149368286,0.6135927438735962,0.23594380915164948,0.46662288904190063,0.524193286895752,0.8414548635482788,1.0883303880691528,1.3170981407165527,1.6555181741714478,1.706839919090271,2.065429449081421,2.254379987716675,2.55417537689209,2.6226041316986084,2.749467372894287,2.99104380607605,1.430190086364746,1.0540461540222168,1.0350621938705444,0.7640355229377747,0.8429422974586487,0.9509565234184265,0.9334366917610168,1.301015019416809,1.2609621286392212,1.5940830707550049,1.7997870445251465,2.078422784805298,2.0869994163513184,2.2612245082855225,2.53764271736145,1.3032896518707275,0.9921408891677856,0.7263567447662354,0.5203129053115845,0.3028702437877655,0.5806175470352173,0.6134660243988037,0.9724822640419006,1.147887945175171,1.448313593864441,1.7023371458053589,1.9434322118759155,2.1106326580047607,2.3052151203155518,2.4645137786865234
A4,0.8830925822257996,0.5877509117126465,0.3812773823738098,0.0,0.3727569580078125,0.5709447860717773,0.8288465142250061,1.1559613943099976,1.2192238569259644,1.5698199272155762,1.7766972780227661,2.0612447261810303,2.171065330505371,2.339712142944336,2.5889906883239746,0.9084303379058838,0.5736624598503113,0.45702093839645386,0.14027239382266998,0.46819138526916504,0.64159095287323,0.8708046078681946,1.1924943923950195,1.2711284160614014,1.6201521158218384,1.8018947839736938,2.084158420562744,2.230229616165161,2.3925676345825195,2.5714263916015625,0.7166722416877747,0.4369909465312958,0.4520912170410156,0.3363349735736847,0.7118692398071289,0.8446030020713806,1.1393731832504272,1.4265187978744507,1.4576753377914429,1.8232518434524536,1.9752378463745117,2.2866110801696777,2.3868536949157715,2.494054079055786,2.7116034030914307,1.2327581644058228,0.8685537576675415,0.8917288780212402,0.5825139284133911,0.7992442846298218,0.8479053974151611,0.9630783200263977,1.2978044748306274,1.2447820901870728,1.6132514476776123,1.7655036449432373,2.0819976329803467,2.128167152404785,2.2553160190582275,2.5175106525421143,1.233130931854248,0.8882097005844116,0.7290370464324951,0.3818727433681488,0.4312441945075989,0.5350556373596191,0.6516096591949463,1.0236412286758423,1.0696858167648315,1.4241923093795776,1.6175988912582397,1.9114092588424683,2.0424349308013916,2.189807176589966,2.3863630294799805
A5,1.1500911712646484,0.89115309715271,0.5711687803268433,0.3727569580078125,0.0,0.3853526711463928,0.5485174059867859,0.8878675699234009,1.0415894985198975,1.346720814704895,1.6126892566680908,1.8502830266952515,1.9693728685379028,2.186540365219116,2.411051034927368,0.7703404426574707,0.5614904165267944,0.237538143992424,0.2468709647655487,0.408964067697525,0.6432662010192871,0.9345383644104004,1.1870884895324707,1.3540924787521362,1.6664990186691284,1.8570189476013184,2.106274366378784,2.304969310760498,2.474937677383423,2.603090286254883,0.5579685568809509,0.4907606542110443,0.6234551072120667,0.6738256216049194,1.0280940532684326,1.1383100748062134,1.4674055576324463,1.7138526439666748,1.7454240322113037,2.1074166297912598,2.2246217727661133,2.5423336029052734,2.6708788871765137,2.755528450012207,2.9501547813415527,1.382067084312439,1.034030556678772,1.1695479154586792,0.9152130484580994,1.1676394939422607,1.2072585821151733,1.3114384412765503,1.6324374675750732,1.5251456499099731,1.8944240808486938,2.005831241607666,2.337794780731201,2.347291946411133,2.438641309738159,2.7280428409576416,1.5640320777893066,1.1971609592437744,1.0820995569229126,0.7522435784339905,0.7383274435997009,0.7603941559791565,0.7009731531143188,1.0770224332809448,1.0726966857910156,1.4068611860275269,1.6294989585876465,1.9100967645645142,1.9827935695648193,2.158839464187622,2.395298480987549
A6,1.4109346866607666,1.1544783115386963,0.8717657923698425,0.5709447860717773,0.3853526711463928,0.0,0.3603771924972534,0.5975238084793091,0.7101780772209167,1.0325305461883545,1.2609431743621826,1.518591046333313,1.6645889282226562,1.8572027683258057,2.0700762271881104,0.9300017356872559,0.7949652075767517,0.5781124830245972,0.4700728952884674,0.6114828586578369,0.606643795967102,0.96351557970047,1.1238105297088623,1.2447552680969238,1.5579044818878174,1.6792821884155273,1.9470884799957275,2.166515588760376,2.287353754043579,2.397049903869629,0.9335395097732544,0.8545920252799988,0.928558349609375,0.841890275478363,1.1737685203552246,1.155983805656433,1.4935327768325806,1.684529423713684,1.650351881980896,2.0112195014953613,2.06326961517334,2.399473190307617,2.537146806716919,2.5746567249298096,2.7565383911132812,1.488761305809021,1.1846132278442383,1.3076391220092773,1.0256547927856445,1.296250343322754,1.2374019622802734,1.388437271118164,1.6459614038467407,1.4934171438217163,1.8662984371185303,1.9079158306121826,2.2645986080169678,2.286592960357666,2.3215723037719727,2.6028378009796143,1.693466067314148,1.346540927886963,1.265534520149231,0.8919199705123901,0.9342831969261169,0.8024706244468689,0.7725998759269714,1.07307767868042,0.93326336145401,1.2824969291687012,1.4333906173706055,1.7483829259872437,1.7806613445281982,1.9088441133499146,2.176107883453369
A7,1.6841511726379395,1.40132737159729,1.113974690437317,0.8288465142250061,0.5485174059867859,0.3603771924972534,0.0,0.3904898464679718,0.5531920790672302,0.8138905763626099,1.1165214776992798,1.324082374572754,1.4304108619689941,1.67258620262146,1.8891303539276123,1.1313527822494507,1.0492825508117676,0.7399876117706299,0.6983270049095154,0.6440754532814026,0.6185911893844604,0.9417259693145752,1.0084489583969116,1.2173218727111816,1.4656918048858643,1.6101489067077637,1.8241643905639648,2.085489511489868,2.229306221008301,2.2887697219848633,0.9759203195571899,1.027103066444397,1.0651086568832397,1.0645321607589722,1.35896897315979,1.338800072669983,1.6985749006271362,1.8424851894378662,1.846916675567627,2.1844325065612793,2.224067449569702,2.5432448387145996,2.7218174934387207,2.7621009349823,2.9042696952819824,1.4928559064865112,1.233451008796692,1.4467195272445679,1.2391225099563599,1.555511236190796,1.5432485342025757,1.719653606414795,1.9884780645370483,1.8504881858825684,2.2244255542755127,2.2592263221740723,2.619144916534424,2.641122341156006,2.662231922149658,2.9439003467559814,1.8806438446044922,1.516845941543579,1.5025112628936768,1.1576341390609741,1.2342824935913086,1.1535162925720215,1.0929875373840332,1.3952196836471558,1.2410026788711548,1.56187105178833,1.7106558084487915,2.01552414894104,1.997514247894287,2.125472068786621,2.4239494800567627
A8,1.9975969791412354,1.7399024963378906,1.4398573637008667,1.1559613943099976,0.8878675699234009,0.5975238084793091,0.3904898464679718,0.0,0.37923869490623474,0.5057312250137329,0.8225550055503845,0.9866322875022888,1.1558489799499512,1.4095402956008911,1.5729036331176758,1.2995004653930664,1.3011771440505981,1.0508290529251099,1.0381007194519043,1.0302796363830566,0.9370973110198975,1.2544479370117188,1.2349249124526978,1.4089326858520508,1.6226153373718262,1.6941392421722412,1.898061752319336,2.188120126724243,2.280771017074585,2.2968976497650146,1.3235377073287964,1.376209020614624,1.4442049264907837,1.402757167816162,1.696596384048462,1.6211557388305664,1.9701424837112427,2.079455852508545,2.03047251701355,2.3578548431396484,2.33601975440979,2.6652724742889404,2.8464620113372803,2.83658504486084,2.964357376098633,1.8191817998886108,1.5885226726531982,1.7871520519256592,1.5605335235595703,1.8638410568237305,1.7904406785964966,1.964403748512268,2.1868762969970703,2.0006051063537598,2.360278606414795,2.332761287689209,2.7019245624542236,2.708993673324585,2.674865961074829,2.958953619003296,2.204423666000366,1.8562029600143433,1.8361320495605469,1.4721016883850098,1.529597520828247,1.3670817613601685,1.2754464149475098,1.4973961114883423,1.259369969367981,1.5321784019470215,1.6298723220825195,1.9266530275344849,1.8430051803588867,1.9434705972671509,2.275251865386963
A9,2.0914061069488525,1.799976110458374,1.5618137121200562,1.2192238569259644,1.0415894985198975,0.7101780772209167,0.5531920790672302,0.37923869490623474,0.0,0.379340797662735,0.5800644755363464,0.8517873883247375,0.9636526703834534,1.1500542163848877,1.3774672746658325,1.5693897008895874,1.4990661144256592,1.2495601177215576,1.1177350282669067,1.0750725269317627,0.846808910369873,1.1214274168014526,1.0258591175079346,1.1374397277832031,1.3313769102096558,1.351428508758545,1.566652774810791,1.8537604808807373,1.9194369316101074,1.93648099899292,1.5201690196990967,1.5209065675735474,1.5011203289031982,1.3941490650177002,1.62762451171875,1.4734797477722168,1.8093252182006836,1.8552521467208862,1.7929565906524658,2.0918703079223633,2.037825345993042,2.3562211990356445,2.558699607849121,2.5393922328948975,2.6389708518981934,1.6785787343978882,1.504706859588623,1.6901413202285767,1.4929968118667603,1.8114078044891357,1.7211709022521973,1.9515184164047241,2.143717050552368,1.990479826927185,2.3483855724334717,2.308319568634033,2.6798477172851562,2.734677314758301,2.69146466255188,2.939465045928955,2.0920462608337402,1.7720979452133179,1.8108304738998413,1.463862657546997,1.6031628847122192,1.439559817314148,1.4405553340911865,1.6626466512680054,1.4000377655029297,1.7020097970962524,1.7329308986663818,2.065027952194214,1.995035171508789,2.0287551879882812,2.3568878173828125
A10,2.4384968280792236,2.1551525592803955,1.8929996490478516,1.5698199272155762,1.346720814704895,1.0325305461883545,0.8138905763626099,0.5057312250137329,0.379340797662735,0.0,0.3853881359100342,0.5127431750297546,0.6544190049171448,0.9113842844963074,1.081189751625061,1.7998696565628052,1.7897874116897583,1.5339229106903076,1.4591422080993652,1.3953864574432373,1.1932488679885864,1.4406471252441406,1.2841386795043945,1.4213709831237793,1.5429776906967163,1.5332852602005005,1.687795877456665,2.008517265319824,2.0530905723571777,2.0016958713531494,1.7806739807128906,1.8335343599319458,1.837110996246338,1.7613872289657593,1.9973224401474,1.8444159030914307,2.1787736415863037,2.2013683319091797,2.1345818042755127,2.4133872985839844,2.3261075019836426,2.633392095565796,2.850398063659668,2.804699659347534,2.875511407852173,1.9870615005493164,1.8380316495895386,2.0503463745117188,1.8676635026931763,2.189423084259033,2.096585750579834,2.3187694549560547,2.502161741256714,2.3268728256225586,2.675954818725586,2.606252670288086,2.978971242904663,3.016340494155884,2.9403486251831055,3.1932573318481445,2.4614434242248535,2.1389708518981934,2.1837430000305176,1.8353925943374634,1.9548816680908203,1.7791836261749268,1.736574649810791,1.9298025369644165,1.6424955129623413,1.8967732191085815,1.9123860597610474,2.2182724475860596,2.0883629322052,2.1123781204223633,2.4664247035980225
A11,2.633419990539551,2.3518357276916504,2.122539520263672,1.7766972780227661,1.6126892566680908,1.2609431743621826,1.1165214776992798,0.8225550055503845,0.5800644755363464,0.3853881359100342,0.0,0.3729616403579712,0.5399243831634521,0.6387950778007507,0.8162453770637512,2.0596506595611572,2.0317113399505615,1.8113785982131958,1.6847789287567139,1.6490482091903687,1.3854151964187622,1.6094449758529663,1.4195530414581299,1.4652525186538696,1.564929723739624,1.4606053829193115,1.6252342462539673,1.9298793077468872,1.902933120727539,1.8394657373428345,2.091787099838257,2.0949997901916504,2.0732123851776123,1.936283826828003,2.1404035091400146,1.9251019954681396,2.2262496948242188,2.2005913257598877,2.0857994556427,2.3321197032928467,2.1861414909362793,2.4862492084503174,2.702413558959961,2.6139869689941406,2.66221022605896,2.1323578357696533,2.0163817405700684,2.1883163452148438,2.0030736923217773,2.3070178031921387,2.1686434745788574,2.410186767578125,2.54178786277771,2.365205764770508,2.692686080932617,2.5818448066711426,2.94990873336792,3.011781692504883,2.901581048965454,3.122828483581543,2.5604095458984375,2.2738800048828125,2.3329780101776123,1.9909946918487549,2.136352062225342,1.9247630834579468,1.9267624616622925,2.077921152114868,1.7537734508514404,1.9943186044692993,1.934916377067566,2.250335216522217,2.110276460647583,2.0631418228149414,2.414489507675171
A12,2.921623945236206,2.6458547115325928,2.388143539428711,2.0612447261810303,1.8502830266952515,1.518591046333313,1.324082374572754,0.9866322875022888,0.8517873883247375,0.5127431750297546,0.3729616403579712,0.0,0.362305611371994,0.5691456198692322,0.5987356901168823,2.2441630363464355,2.2643556594848633,2.03183913230896,1.9572579860687256,1.9032025337219238,1.6752827167510986,1.896077275276184,1.6860077381134033,1.7770036458969116,1.835391640663147,1.7417782545089722,1.8499782085418701,2.1763527393341064,2.1514296531677246,2.032397508621216,2.2881453037261963,2.3394086360931396,2.343229055404663,2.244741916656494,2.4643332958221436,2.27099347114563,2.582841157913208,2.5588622093200684,2.4556899070739746,2.6971311569213867,2.545644760131836,2.8362395763397217,3.0604419708251953,2.962935447692871,2.994380474090576,2.4199953079223633,2.307645559310913,2.509490966796875,2.3311922550201416,2.643533229827881,2.5164384841918945,2.744623899459839,2.8858306407928467,2.6918296813964844,3.0176100730895996,2.8957221508026123,3.2635509967803955,3.3020853996276855,3.174445152282715,3.4077463150024414,2.9009759426116943,2.5999701023101807,2.656049966812134,2.3080358505249023,2.430354356765747,2.2201688289642334,2.1777544021606445,2.318889856338501,1.9918094873428345,2.1950626373291016,2.1457371711730957,2.4289965629577637,2.2423129081726074,2.2059950828552246,2.5730745792388916
A13,3.050055503845215,2.7449731826782227,2.5119292736053467,2.171065330505371,1.9693728685379028,1.6645889282226562,1.4304108619689941,1.1558489799499512,0.9636526703834534,0.6544190049171448,0.5399243831634521,0.362305611371994,0.0,0.38130268454551697,0.5526217818260193,2.453030824661255,2.4374616146087646,2.1669633388519287,2.063676357269287,1.9488916397094727,1.6966756582260132,1.8564226627349854,1.586506962776184,1.6879922151565552,1.6732068061828613,1.5780800580978394,1.62143075466156,1.9613653421401978,1.949193000793457,1.7849645614624023,2.3767030239105225,2.4458067417144775,2.400073766708374,2.3173515796661377,2.4964239597320557,2.2933616638183594,2.602465867996216,2.537717580795288,2.471583366394043,2.681241512298584,2.533193588256836,2.7923576831817627,3.049689292907715,2.972349166870117,2.964226007461548,2.3393867015838623,2.2799227237701416,2.5086886882781982,2.382695436477661,2.7158775329589844,2.623349189758301,2.8818254470825195,3.037348508834839,2.8809030055999756,3.216878652572632,3.1176247596740723,3.4858691692352295,3.5500452518463135,3.4406492710113525,3.6606459617614746,2.9081830978393555,2.615201950073242,2.7217330932617188,2.3995983600616455,2.564561605453491,2.3949856758117676,2.3809380531311035,2.56242036819458,2.253598928451538,2.4888722896575928,2.4499733448028564,2.7499303817749023,2.5819849967956543,2.5437586307525635,2.905744791030884
A14,3.2069458961486816,2.9003844261169434,2.699223041534424,2.339712142944336,2.186540365219116,1.8572027683258057,1.67258620262146,1.4095402956008911,1.1500542163848877,0.9113842844963074,0.6387950778007507,0.5691456198692322,0.38130268454551697,0.0,0.3855518400669098,2.6845779418945312,2.6440489292144775,2.3963794708251953,2.247237205505371,2.1514620780944824,1.853935718536377,1.9914710521697998,1.7047687768936157,1.7260838747024536,1.6893991231918335,1.511340856552124,1.5553531646728516,1.8654369115829468,1.781930923461914,1.6030919551849365,2.6324141025543213,2.658083438873291,2.586185932159424,2.455230474472046,2.6023662090301514,2.351369857788086,2.6267635822296143,2.5175445079803467,2.4186110496520996,2.5894458293914795,2.394335985183716,2.634112596511841,2.892136335372925,2.782414674758911,2.7446389198303223,2.4442403316497803,2.4148800373077393,2.6074821949005127,2.4860036373138428,2.8028383255004883,2.6805999279022217,2.9563865661621094,3.0712344646453857,2.924842596054077,3.2413151264190674,3.116957664489746,3.476045608520508,3.5670080184936523,3.437518835067749,3.624486207962036,2.9692790508270264,2.711254119873047,2.833707094192505,2.5235142707824707,2.713869571685791,2.5253846645355225,2.5525341033935547,2.710947275161743,2.3836288452148438,2.6170427799224854,2.5261101722717285,2.835242509841919,2.6728568077087402,2.580034017562866,2.9292473793029785
A15,3.4494168758392334,3.1630280017852783,2.9345617294311523,2.5889906883239746,2.411051034927368,2.0700762271881104,1.8891303539276123,1.5729036331176758,1.3774672746658325,1.081189751625061,0.8162453770637512,0.5987356901168823,0.5526217818260193,0.3855518400669098,0.0,2.827530860900879,2.8329553604125977,2.6047093868255615,2.4936282634735107,2.425699472427368,2.153062105178833,2.3238625526428223,2.0567402839660645,2.089674472808838,2.0706331729888916,1.8923736810684204,1.938166618347168,2.2443935871124268,2.142425775527954,1.951944351196289,2.8586437702178955,2.895644426345825,2.8637142181396484,2.736697196960449,2.913540840148926,2.6714184284210205,2.9503302574157715,2.859135866165161,2.735710620880127,2.916076898574829,2.7036383152008057,2.952458143234253,3.1923844814300537,3.052678346633911,3.0216214656829834,2.8000974655151367,2.746128797531128,2.9360461235046387,2.7862486839294434,3.094003677368164,2.9491281509399414,3.202336549758911,3.304046392440796,3.123046875,3.4269425868988037,3.2713494300842285,3.6276886463165283,3.6931800842285156,3.5313379764556885,3.724738597869873,3.2997887134552,3.0330967903137207,3.1260550022125244,2.7961623668670654,2.9522898197174072,2.7335798740386963,2.725743532180786,2.8464975357055664,2.5003650188446045,2.687948226928711,2.5795722007751465,2.8568217754364014,2.6517064571380615,2.546555280685425,2.9028918743133545
B1,1.1509557962417603,1.138595461845398,0.7802503705024719,0.9084303379058838,0.7703404426574707,0.9300017356872559,1.1313527822494507,1.2995004653930664,1.5693897008895874,1.7998696565628052,2.0596506595611572,2.2441630363464355,2.453030824661255,2.6845779418945312,2.827530860900879,0.0,0.37944933772087097,0.5857833027839661,0.8889233469963074,1.1579113006591797,1.4010895490646362,1.6951770782470703,1.9541021585464478,2.096231460571289,2.4237637519836426,2.582451343536377,2.8502676486968994,3.0498557090759277,3.189070463180542,3.319112777709961,0.8575420379638672,0.7930241823196411,1.1574159860610962,1.2139886617660522,1.5790129899978638,1.7368959188461304,1.9966424703598022,2.3060431480407715,2.27546763420105,2.6535301208496094,2.7624197006225586,3.1014626026153564,3.164008617401123,3.215088367462158,3.4633171558380127,2.0943284034729004,1.723294734954834,1.771109938621521,1.4615159034729004,1.555329442024231,1.5237356424331665,1.4431146383285522,1.7178525924682617,1.5069835186004639,1.8041373491287231,1.9010248184204102,2.1907434463500977,2.0822176933288574,2.17683744430542,2.5213358402252197,2.061168909072876,1.745161771774292,1.481231451034546,1.197316288948059,0.9171145558357239,0.8399994969367981,0.4943903982639313,0.678768515586853,0.8403115272521973,0.9983847141265869,1.3472603559494019,1.4977136850357056,1.5976924896240234,1.88211190700531,2.0617027282714844
B2,0.8321329355239868,0.766983687877655,0.408657968044281,0.5736624598503113,0.5614904165267944,0.7949652075767517,1.0492825508117676,1.3011771440505981,1.4990661144256592,1.7897874116897583,2.0317113399505615,2.2643556594848633,2.4374616146087646,2.6440489292144775,2.8329553604125977,0.37944933772087097,0.0,0.38399699330329895,0.5905455946922302,0.8973897695541382,1.1495088338851929,1.4111348390579224,1.7107059955596924,1.825262427330017,2.16628360748291,2.3391659259796143,2.616929054260254,2.7862141132354736,2.9374942779541016,3.097215175628662,0.6853946447372437,0.47555360198020935,0.8182648420333862,0.851104736328125,1.2079519033432007,1.3877884149551392,1.6355777978897095,1.9578903913497925,1.9512544870376587,2.3251914978027344,2.4646832942962646,2.791029691696167,2.853067636489868,2.93345046043396,3.182344436645508,1.7661796808242798,1.3906439542770386,1.4054713249206543,1.096405029296875,1.1819273233413696,1.184269905090332,1.124609112739563,1.4385987520217896,1.2889289855957031,1.613223910331726,1.759043574333191,2.051528215408325,1.9991216659545898,2.131788969039917,2.4469168186187744,1.6826986074447632,1.3715351819992065,1.1020690202713013,0.8292379379272461,0.5486983060836792,0.5633205771446228,0.3404010236263275,0.6881033182144165,0.8714239001274109,1.128056526184082,1.4289096593856812,1.6372344493865967,1.7798619270324707,2.0140769481658936,2.183372735977173
B3,1.041154384613037,0.8417621850967407,0.4716203808784485,0.45702093839645386,0.237538143992424,0.5781124830245972,0.7399876117706299,1.0508290529251099,1.2495601177215576,1.5339229106903076,1.8113785982131958,2.03183913230896,2.1669633388519287,2.3963794708251953,2.6047093868255615,0.5857833027839661,0.38399699330329895,0.0,0.3840217888355255,0.5774970054626465,0.8670530915260315,1.1307092905044556,1.4040923118591309,1.5755584239959717,1.8883570432662964,2.088557720184326,2.335876941680908,2.528998851776123,2.7050349712371826,2.837815761566162,0.43139562010765076,0.3714514672756195,0.6470374464988708,0.7607109546661377,1.120464563369751,1.2864688634872437,1.590842843055725,1.8703075647354126,1.9052890539169312,2.271167039871216,2.405205249786377,2.722726583480835,2.8325417041778564,2.9231064319610596,3.1343510150909424,1.5295048952102661,1.166235327720642,1.2778255939483643,1.0204768180847168,1.2178617715835571,1.2726892232894897,1.3138197660446167,1.6478067636489868,1.531376838684082,1.885371208190918,2.0166544914245605,2.3326566219329834,2.313201665878296,2.4235401153564453,2.7276017665863037,1.642868161201477,1.2853507995605469,1.1145144701004028,0.8169930577278137,0.6965168714523315,0.7552230954170227,0.6180235147476196,0.995667040348053,1.0629818439483643,1.362911343574524,1.6307384967803955,1.8771406412124634,1.96615731716156,2.1780033111572266,2.3954381942749023
B4,1.0002690553665161,0.7052485942840576,0.45856887102127075,0.14027239382266998,0.2468709647655487,0.4700728952884674,0.6983270049095154,1.0381007194519043,1.1177350282669067,1.4591422080993652,1.6847789287567139,1.9572579860687256,2.063676357269287,2.247237205505371,2.4936282634735107,0.8889233469963074,0.5905455946922302,0.3840217888355255,0.0,0.3709263801574707,0.5674774646759033,0.8267847299575806,1.1272255182266235,1.2401249408721924,1.5772228240966797,1.7650539875030518,2.035194158554077,2.201085090637207,2.3685593605041504,2.5289182662963867,0.6555431485176086,0.44899237155914307,0.4783655107021332,0.43310174345970154,0.795866847038269,0.9106037616729736,1.2282172441482544,1.4916890859603882,1.5278337001800537,1.8907866477966309,2.0289177894592285,2.3415160179138184,2.4583899974823,2.558764696121216,2.763068914413452,1.233263611793518,0.8744227290153503,0.9536174535751343,0.6735849380493164,0.9241802096366882,0.9734101295471191,1.1000409126281738,1.427836537361145,1.359292984008789,1.73088538646698,1.8657370805740356,2.190610408782959,2.2295305728912354,2.341204881668091,2.6102328300476074,1.328439474105835,0.9696457386016846,0.8480740785598755,0.5087423920631409,0.5606362819671631,0.6293365955352783,0.6894871592521667,1.0687590837478638,1.085736632347107,1.4406862258911133,1.637960433959961,1.933807134628296,2.0411062240600586,2.1927337646484375,2.4076740741729736
B5,1.238917589187622,0.8966528177261353,0.7179052233695984,0.46819138526916504,0.408964067697525,0.6114828586578369,0.6440754532814026,1.0302796363830566,1.0750725269317627,1.3953864574432373,1.6490482091903687,1.9032025337219238,1.9488916397094727,2.1514620780944824,2.425699472427368,1.1579113006591797,0.8973897695541382,0.5774970054626465,0.3709263801574707,0.0,0.38303884863853455,0.5658248066902161,0.8561882376670837,1.0557876825332642,1.3449842929840088,1.5886039733886719,1.8117539882659912,1.9925899505615234,2.2042319774627686,2.3412508964538574,0.6379492878913879,0.6025542616844177,0.4597252309322357,0.5619199275970459,0.8103432059288025,0.925344705581665,1.2719132900238037,1.4772700071334839,1.5844058990478516,1.9164717197418213,2.0645220279693604,2.3492302894592285,2.512852668762207,2.6375362873077393,2.7997734546661377,0.9919056296348572,0.6630415916442871,0.8847458958625793,0.7460607290267944,1.0722618103027344,1.2003217935562134,1.3811630010604858,1.7155208587646484,1.69001305103302,2.061997413635254,2.20092511177063,2.526524305343628,2.5853590965270996,2.694450855255127,2.952117681503296,1.3351870775222778,0.9534443616867065,0.9672706127166748,0.7147279381752014,0.8690370321273804,0.9937402606010437,1.0484930276870728,1.4307665824890137,1.422001838684082,1.777394413948059,1.9647917747497559,2.2692978382110596,2.346519947052002,2.488590717315674,2.728100061416626
B6,1.4703871011734009,1.1146160364151,0.9902172684669495,0.64159095287323,0.6432662010192871,0.606643795967102,0.6185911893844604,0.9370973110198975,0.846808910369873,1.1932488679885864,1.3854151964187622,1.6752827167510986,1.6966756582260132,1.853935718536377,2.153062105178833,1.4010895490646362,1.1495088338851929,0.8670530915260315,0.5674774646759033,0.38303884863853455,0.0,0.35950034856796265,0.5693644881248474,0.7145195603370667,1.0254801511764526,1.228068232536316,1.4757606983184814,1.6625806093215942,1.8463804721832275,1.98402738571167,1.0150201320648193,0.9379781484603882,0.7499340772628784,0.6653273701667786,0.8348603248596191,0.778461217880249,1.1441352367401123,1.2665871381759644,1.3436318635940552,1.6622543334960938,1.765551209449768,2.0534355640411377,2.2434680461883545,2.346813917160034,2.482931613922119,0.9081198573112488,0.6667550206184387,0.8733365535736084,0.7448130249977112,1.108605980873108,1.1687716245651245,1.4265586137771606,1.7070820331573486,1.6845526695251465,2.0584616661071777,2.155250310897827,2.494898796081543,2.591146945953369,2.6659247875213623,2.896852731704712,1.3177627325057983,0.9676026701927185,1.0637588500976562,0.7952898144721985,1.045153021812439,1.0815073251724243,1.202581524848938,1.5463687181472778,1.4564489126205444,1.8287607431411743,1.9452712535858154,2.2832071781158447,2.3419251441955566,2.426556348800659,2.6810576915740967
B7,1.5742093324661255,1.1969510316848755,1.1689810752868652,0.8708046078681946,0.9345383644104004,0.96351557970047,0.9417259693145752,1.2544479370117188,1.1214274168014526,1.4406471252441406,1.6094449758529663,1.896077275276184,1.8564226627349854,1.9914710521697998,2.3238625526428223,1.6951770782470703,1.4111348390579224,1.1307092905044556,0.8267847299575806,0.5658248066902161,0.35950034856796265,0.0,0.3854719400405884,0.5411778688430786,0.8102757930755615,1.089565396308899,1.3012266159057617,1.4465851783752441,1.6837046146392822,1.8425408601760864,1.1717958450317383,1.1051193475723267,0.8070475459098816,0.7601065635681152,0.7651233077049255,0.7112075686454773,1.043932318687439,1.1110814809799194,1.2819188833236694,1.5502092838287354,1.697224497795105,1.9372462034225464,2.1540157794952393,2.3048007488250732,2.41150164604187,0.5666505694389343,0.425751656293869,0.7059600949287415,0.7498977184295654,1.114514946937561,1.2544500827789307,1.541023850440979,1.824041724205017,1.871103048324585,2.2313640117645264,2.359811782836914,2.6808619499206543,2.808971405029297,2.907843589782715,3.113454580307007,1.161482572555542,0.8391042351722717,1.0583579540252686,0.909349262714386,1.220008373260498,1.3327268362045288,1.4945701360702515,1.8472979068756104,1.7859537601470947,2.161816120147705,2.2728114128112793,2.6140575408935547,2.687570095062256,2.7607367038726807,3.005258083343506
B8,1.9502657651901245,1.5752602815628052,1.5177503824234009,1.1924943923950195,1.1870884895324707,1.1238105297088623,1.0084489583969116,1.2349249124526978,1.0258591175079346,1.2841386795043945,1.4195530414581299,1.6860077381134033,1.586506962776184,1.7047687768936157,2.0567402839660645,1.9541021585464478,1.7107059955596924,1.4040923118591309,1.1272255182266235,0.8561882376670837,0.5693644881248474,0.3854719400405884,0.0,0.38109275698661804,0.5143030285835266,0.8044816851615906,0.9661493301391602,1.170077919960022,1.4121726751327515,1.517838954925537,1.4588732719421387,1.4432417154312134,1.1767840385437012,1.124314546585083,1.1266525983810425,0.9889642596244812,1.2961546182632446,1.2575531005859375,1.4064496755599976,1.6263505220413208,1.7087559700012207,1.9291799068450928,2.19285249710083,2.316624402999878,2.368269681930542,0.7540079951286316,0.7723598480224609,1.0450903177261353,1.102668285369873,1.4629616737365723,1.558197021484375,1.8676260709762573,2.117570400238037,2.1454107761383057,2.5051538944244385,2.592129707336426,2.9255759716033936,3.063175678253174,3.1254305839538574,3.322122573852539,1.4656827449798584,1.1851838827133179,1.4282153844833374,1.2619247436523438,1.5688247680664062,1.627110481262207,1.7706782817840576,2.1058976650238037,1.9861236810684204,2.356873035430908,2.432673931121826,2.785172700881958,2.8176136016845703,2.8604984283447266,3.132556200027466
B9,1.976555347442627,1.6115957498550415,1.6129032373428345,1.2711284160614014,1.3540924787521362,1.2447552680969238,1.2173218727111816,1.4089326858520508,1.1374397277832031,1.4213709831237793,1.4652525186538696,1.7770036458969116,1.6879922151565552,1.7260838747024536,2.089674472808838,2.096231460571289,1.825262427330017,1.5755584239959717,1.2401249408721924,1.0557876825332642,0.7145195603370667,0.5411778688430786,0.38109275698661804,0.0,0.3779839277267456,0.5641776919364929,0.8345015645027161,0.9612056016921997,1.154303789138794,1.33388090133667,1.6883230209350586,1.5916775465011597,1.3060835599899292,1.146552324295044,1.0813512802124023,0.828323245048523,1.0776060819625854,0.9584059715270996,1.079775333404541,1.270376443862915,1.334051251411438,1.550599217414856,1.8197499513626099,1.9418749809265137,1.9882310628890991,0.7814119458198547,0.8492546081542969,0.9928151369094849,1.0490020513534546,1.3700753450393677,1.4174094200134277,1.7595932483673096,1.9556363821029663,2.0114362239837646,2.349557399749756,2.423659563064575,2.745048999786377,2.919989824295044,2.9765329360961914,3.13712215423584,1.3290116786956787,1.1199198961257935,1.3858997821807861,1.2471510171890259,1.5920048952102661,1.6211642026901245,1.8283945322036743,2.1289448738098145,1.9953242540359497,2.368056297302246,2.394932746887207,2.759990692138672,2.813375234603882,2.813145160675049,3.0642106533050537
B10,2.323068141937256,1.9518260955810547,1.9535340070724487,1.6201521158218384,1.6664990186691284,1.5579044818878174,1.4656918048858643,1.6226153373718262,1.3313769102096558,1.5429776906967163,1.564929723739624,1.835391640663147,1.6732068061828613,1.6893991231918335,2.0706331729888916,2.4237637519836426,2.16628360748291,1.8883570432662964,1.5772228240966797,1.3449842929840088,1.0254801511764526,0.8102757930755615,0.5143030285835266,0.3779839277267456,0.0,0.37969645857810974,0.5013634562492371,0.6561975479125977,0.9194716215133667,1.0515847206115723,1.9590846300125122,1.9084994792938232,1.6109836101531982,1.4968303442001343,1.4051824808120728,1.172385334968567,1.379712700843811,1.1912164688110352,1.3426376581192017,1.4502637386322021,1.4867793321609497,1.6372123956680298,1.9503984451293945,2.0763492584228516,2.05485463142395,0.9194774031639099,1.097770094871521,1.2795370817184448,1.3983018398284912,1.7140846252441406,1.7822946310043335,2.1273064613342285,2.317770004272461,2.3836779594421387,2.7160756587982178,2.782837152481079,3.1014692783355713,3.285661458969116,3.3325657844543457,3.482736349105835,1.594129204750061,1.4176292419433594,1.720363974571228,1.6087335348129272,1.9539604187011719,1.9937386512756348,2.1863749027252197,2.4923524856567383,2.3457858562469482,2.714862823486328,2.7336676120758057,3.1003546714782715,3.1316967010498047,3.119274854660034,3.3846704959869385
B11,2.5194294452667236,2.1621651649475098,2.1584794521331787,1.8018947839736938,1.8570189476013184,1.6792821884155273,1.6101489067077637,1.6941392421722412,1.351428508758545,1.5332852602005005,1.4606053829193115,1.7417782545089722,1.5780800580978394,1.511340856552124,1.8923736810684204,2.582451343536377,2.3391659259796143,2.088557720184326,1.7650539875030518,1.5886039733886719,1.228068232536316,1.089565396308899,0.8044816851615906,0.5641776919364929,0.37969645857810974,0.0,0.3702484667301178,0.5195165276527405,0.6283376812934875,0.7752628326416016,2.221012830734253,2.1412758827209473,1.8687691688537598,1.6947600841522217,1.6167826652526855,1.3165183067321777,1.4877527952194214,1.245633602142334,1.3047128915786743,1.370591640472412,1.3106296062469482,1.4575915336608887,1.7848767042160034,1.856253743171692,1.7993977069854736,1.2438462972640991,1.3945887088775635,1.5160804986953735,1.582055687904358,1.8730372190475464,1.8700549602508545,2.224698543548584,2.3604094982147217,2.408413887023926,2.72237491607666,2.743718147277832,3.06108021736145,3.2615723609924316,3.273108959197998,3.3988165855407715,1.779911756515503,1.6375486850738525,1.9154796600341797,1.7792481184005737,2.120997190475464,2.1009912490844727,2.307044744491577,2.572108030319214,2.38297963142395,2.73810076713562,2.7039685249328613,3.075737237930298,3.0926928520202637,3.0341265201568604,3.2985832691192627
B12,2.8091156482696533,2.441561222076416,2.431931734085083,2.084158420562744,2.106274366378784,1.9470884799957275,1.8241643905639648,1.898061752319336,1.566652774810791,1.687795877456665,1.6252342462539673,1.8499782085418701,1.62143075466156,1.5553531646728516,1.938166618347168,2.8502676486968994,2.616929054260254,2.335876941680908,2.035194158554077,1.8117539882659912,1.4757606983184814,1.3012266159057617,0.9661493301391602,0.8345015645027161,0.5013634562492371,0.3702484667301178,0.0,0.3611273467540741,0.567834734916687,0.5752472877502441,2.424104690551758,2.3884737491607666,2.105621099472046,1.9793078899383545,1.8905795812606812,1.6246618032455444,1.7936547994613647,1.5387290716171265,1.640380859375,1.667028546333313,1.6131430864334106,1.7034893035888672,2.050640106201172,2.132046699523926,2.0255043506622314,1.3928579092025757,1.5979335308074951,1.7646960020065308,1.8759084939956665,2.1782639026641846,2.209200620651245,2.5625174045562744,2.714106559753418,2.7684497833251953,3.086452007293701,3.112816333770752,3.430617094039917,3.6294422149658203,3.6404037475585938,3.7679927349090576,2.0383284091949463,1.8980385065078735,2.2017900943756104,2.08131742477417,2.4233012199401855,2.4251954555511475,2.6123456954956055,2.8940811157226562,2.705038070678711,3.059887409210205,3.036068916320801,3.405808687210083,3.4047157764434814,3.3507418632507324,3.629150629043579
B13,2.880511522293091,2.5206515789031982,2.564002752304077,2.230229616165161,2.304969310760498,2.166515588760376,2.085489511489868,2.188120126724243,1.8537604808807373,2.008517265319824,1.9298793077468872,2.1763527393341064,1.9613653421401978,1.8654369115829468,2.2443935871124268,3.0498557090759277,2.7862141132354736,2.528998851776123,2.201085090637207,1.9925899505615234,1.6625806093215942,1.4465851783752441,1.170077919960022,0.9612056016921997,0.6561975479125977,0.5195165276527405,0.3611273467540741,0.0,0.38509470224380493,0.5652247071266174,2.6098031997680664,2.5390102863311768,2.226327896118164,2.077009677886963,1.9273031949996948,1.6478981971740723,1.7456971406936646,1.4364080429077148,1.5601726770401,1.5087202787399292,1.4692871570587158,1.487941861152649,1.8460038900375366,1.960498332977295,1.822024941444397,1.41640043258667,1.6710435152053833,1.7802486419677734,1.9327082633972168,2.195155143737793,2.2352683544158936,2.593991279602051,2.720571279525757,2.818005323410034,3.112619400024414,3.154263734817505,3.448831081390381,3.676447629928589,3.7037737369537354,3.8010647296905518,1.9778389930725098,1.9047188758850098,2.233820676803589,2.166914463043213,2.528177261352539,2.5505783557891846,2.7752623558044434,3.051717758178711,2.88228440284729,3.2415599822998047,3.2063095569610596,3.578874349594116,3.6051783561706543,3.5372743606567383,3.79252028465271
