,A1,A2,A3,A4,A5,A6,A7,A8,A9,A10,A11,A12,A13,A14,A15,B1,B2,B3,B4,B5,B6,B7,B8,B9,B10,B11,B12,B13,B14,B15,C1,C2,C3,C4,C5,C6,C7,C8,C9,C10,C11,C12,C13,C14,C15,D1,D2,D3,D4,D5,D6,D7,D8,D9,D10,D11,D12,D13,D14,D15,E1,E2,E3,E4,E5,E6,E7,E8,E9,E10,E11,E12,E13,E14,E15
A1,0.0,0.3798729479312897,0.6016131043434143,0.8883672952651978,1.179863452911377,1.4106287956237793,1.6921042203903198,2.031731128692627,2.0400846004486084,2.4253764152526855,2.563427686691284,2.8903379440307617,3.1319379806518555,3.3409833908081055,3.6208667755126953,1.0413093566894531,1.0510081052780151,1.3802305459976196,1.4013659954071045,1.779317021369934,1.8940919637680054,2.0968644618988037,2.377349615097046,2.212703227996826,2.567502021789551,2.581827163696289,2.88047456741333,3.0614001750946045,3.1999175548553467,3.492612838745117,1.6811413764953613,1.461689829826355,1.7356550693511963,1.5959147214889526,1.8865807056427002,1.9906967878341675,2.019040107727051,2.263576030731201,2.0406110286712646,2.309894561767578,2.3140079975128174,2.5122225284576416,2.7377939224243164,2.7655506134033203,3.1185142993927,1.7397165298461914,1.383015513420105,1.486386775970459,1.3084396123886108,1.4100409746170044,1.5920315980911255,1.4606987237930298,1.7528069019317627,1.6725268363952637,1.8800710439682007,2.051866292953491,2.1635727882385254,2.506784439086914,2.5485000610351562,2.9138686656951904,1.0479668378829956,0.7437787055969238,0.6652106642723083,0.7424039244651794,0.7571486234664917,1.1244913339614868,1.1735378503799438,1.5726466178894043,1.6724835634231567,1.9874767065048218,2.2429068088531494,2.485032081604004,2.8084938526153564,3.0175726413726807,3.3163506984710693
A2,0.3798729479312897,0.0,0.38285285234451294,0.5876129865646362,0.896278440952301,1.1514116525650024,1.38547682762146,1.7426328659057617,1.7433222532272339,2.1210856437683105,2.2767677307128906,2.583705425262451,2.8491528034210205,3.0454530715942383,3.339674234390259,0.7590450048446655,0.6896131038665771,1.0117731094360352,1.0304027795791626,1.4067208766937256,1.5458966493606567,1.7485966682434082,2.0512964725494385,1.9207756519317627,2.2868099212646484,2.3429360389709473,2.6466760635375977,2.8539607524871826,3.016892194747925,3.3093111515045166,1.3224564790725708,1.1100454330444336,1.3869483470916748,1.2648247480392456,1.5849422216415405,1.695697546005249,1.7766975164413452,2.0431301593780518,1.8451377153396606,2.1559674739837646,2.181039333343506,2.424395799636841,2.6499123573303223,2.728806734085083,3.0675179958343506,1.4875733852386475,1.142585277557373,1.2906907796859741,1.1014790534973145,1.2906194925308228,1.4488918781280518,1.393292784690857,1.6932417154312134,1.5743720531463623,1.8367170095443726,1.9694534540176392,2.1380257606506348,2.4523541927337646,2.514172077178955,2.874873161315918,1.0470635890960693,0.6766099333763123,0.7049622535705566,0.6392582058906555,0.7725352644920349,1.0704996585845947,1.1028110980987549,1.4860095977783203,1.5025149583816528,1.826143741607666,2.0393500328063965,2.280658006668091,2.602400302886963,2.782449245452881,3.0993425846099854
A3,0.6016131043434143,0.38285285234451294,0.0,0.37756893038749695,0.5855118632316589,0.860683262348175,1.1217089891433716,1.477753758430481,1.543979287147522,1.9160126447677612,2.1078991889953613,2.418915271759033,2.6860814094543457,2.9171059131622314,3.1888959407806396,0.6445916891098022,0.6764392852783203,0.9027984738349915,0.9486992955207825,1.317601203918457,1.4149469137191772,1.6838891506195068,1.965075969696045,1.8557847738265991,2.235419988632202,2.283189296722412,2.618981122970581,2.7976949214935303,2.997494697570801,3.2584400177001953,1.3959025144577026,1.2444024085998535,1.4990825653076172,1.3608695268630981,1.700136661529541,1.74334716796875,1.8649601936340332,2.0858254432678223,1.8506828546524048,2.163248062133789,2.1312408447265625,2.3992459774017334,2.5748255252838135,2.659986734390259,2.976351022720337,1.7468311786651611,1.4144243001937866,1.5464433431625366,1.2966731786727905,1.4828189611434937,1.5534512996673584,1.4724860191345215,1.7028045654296875,1.5056018829345703,1.7362737655639648,1.8024955987930298,1.9534605741500854,2.239356279373169,2.2626922130584717,2.6306393146514893,1.3902406692504883,1.0121313333511353,0.9509508013725281,0.7538908123970032,0.7544088959693909,0.9759902358055115,0.8799284100532532,1.2329965829849243,1.2552974224090576,1.5353751182556152,1.7750746011734009,1.9785128831863403,2.3226206302642822,2.492570400238037,2.814600706100464
A4,0.8883672952651978,0.5876129865646362,0.37756893038749695,0.0,0.37418249249458313,0.5706338286399841,0.810174822807312,1.1566929817199707,1.182084321975708,1.5577386617660522,1.7405940294265747,2.0485074520111084,2.3189518451690674,2.5423614978790283,2.8200418949127197,0.7478209733963013,0.6233540177345276,0.7115077376365662,0.6383041739463806,0.9972398281097412,1.050956130027771,1.3199542760849,1.5891977548599243,1.4852062463760376,1.8677912950515747,1.931179165840149,2.270920515060425,2.4589860439300537,2.675117015838623,2.9312071800231934,1.2447386980056763,1.0744919776916504,1.2545933723449707,1.0761693716049194,1.4089869260787964,1.4094806909561157,1.5614396333694458,1.7683193683624268,1.5427433252334595,1.8761895895004272,1.8539104461669922,2.154099225997925,2.325634241104126,2.454190969467163,2.7541558742523193,1.6036850214004517,1.2895078659057617,1.3903223276138306,1.1042877435684204,1.319433569908142,1.3269699811935425,1.3023685216903687,1.5101544857025146,1.2820793390274048,1.5558866262435913,1.590380072593689,1.8008911609649658,2.057382822036743,2.120715618133545,2.4709789752960205,1.414560079574585,1.041109323501587,0.9957172870635986,0.6905430555343628,0.7681679129600525,0.8557995557785034,0.7794968485832214,1.0796035528182983,1.0006937980651855,1.30511474609375,1.4873082637786865,1.7154533863067627,2.0388848781585693,2.2012622356414795,2.5265262126922607
A5,1.179863452911377,0.896278440952301,0.5855118632316589,0.37418249249458313,0.0,0.3770425021648407,0.5553910136222839,0.9258615374565125,1.0614426136016846,1.4016599655151367,1.6503205299377441,1.9338821172714233,2.2235569953918457,2.471672296524048,2.7314188480377197,0.7332133054733276,0.7114995718002319,0.6439220905303955,0.6593254804611206,0.9391914010047913,0.9742350578308105,1.31187105178833,1.5671308040618896,1.5285507440567017,1.9128899574279785,1.996224284172058,2.355581521987915,2.527315616607666,2.7835774421691895,3.005570411682129,1.3012624979019165,1.2303574085235596,1.3973488807678223,1.261558175086975,1.5996825695037842,1.56063711643219,1.76848304271698,1.9427392482757568,1.7159982919692993,2.050621271133423,1.9898735284805298,2.3154819011688232,2.4367525577545166,2.583833932876587,2.8508341312408447,1.860464096069336,1.584557294845581,1.70713472366333,1.4237953424453735,1.6508195400238037,1.6091433763504028,1.5920528173446655,1.7406471967697144,1.4550162553787231,1.6951014995574951,1.6453912258148193,1.8445490598678589,2.046877861022949,2.0681591033935547,2.415203809738159,1.7846287488937378,1.4099631309509277,1.3639191389083862,1.0479681491851807,1.058722734451294,1.0741201639175415,0.8777219653129578,1.074141502380371,0.9551576375961304,1.1676924228668213,1.3462512493133545,1.5041069984436035,1.8549442291259766,1.974105954170227,2.319293975830078
A6,1.4106287956237793,1.1514116525650024,0.860683262348175,0.5706338286399841,0.3770425021648407,0.0,0.3758445680141449,0.6365586519241333,0.7588273286819458,1.1083191633224487,1.3330830335617065,1.642250895500183,1.9015758037567139,2.1732964515686035,2.410360336303711,1.1059796810150146,1.027140736579895,0.8884835243225098,0.7606935501098633,0.95563805103302,0.8404787182807922,1.1814686059951782,1.3531969785690308,1.287620186805725,1.6565914154052734,1.7042837142944336,2.0768885612487793,2.214906930923462,2.4869155883789062,2.684422016143799,1.5125066041946411,1.410151481628418,1.4846686124801636,1.282387614250183,1.5652588605880737,1.4380651712417603,1.6347447633743286,1.7387278079986572,1.4855561256408691,1.7976875305175781,1.6976208686828613,2.034762144088745,2.1208767890930176,2.285158395767212,2.5284111499786377,1.9802494049072266,1.7082818746566772,1.7586851119995117,1.434314489364624,1.6158217191696167,1.489166498184204,1.467031717300415,1.5394526720046997,1.2123974561691284,1.4337801933288574,1.330530047416687,1.5530959367752075,1.7199033498764038,1.7624512910842896,2.0920894145965576,1.907822847366333,1.5554083585739136,1.4566072225570679,1.0946931838989258,1.0717225074768066,0.9515164494514465,0.7396842241287231,0.8145431280136108,0.6128280162811279,0.8193556666374207,0.972615122795105,1.1584900617599487,1.4954034090042114,1.6404949426651,1.9725261926651
A7,1.6921042203903198,1.38547682762146,1.1217089891433716,0.810174822807312,0.5553910136222839,0.3758445680141449,0.0,0.3990188539028168,0.5859227180480957,0.8704032897949219,1.1662043333053589,1.4146575927734375,1.7214049100875854,1.9756864309310913,2.2260191440582275,1.17516028881073,1.0674198865890503,0.7995166778564453,0.6822918653488159,0.729047417640686,0.5996518135070801,0.9722660779953003,1.153122067451477,1.1905841827392578,1.5502043962478638,1.6679279804229736,2.0310781002044678,2.195211172103882,2.4957547187805176,2.6788461208343506,1.392283320426941,1.3611711263656616,1.39122474193573,1.2467470169067383,1.5202515125274658,1.3867167234420776,1.6531286239624023,1.762007236480713,1.5675753355026245,1.8997268676757812,1.8287646770477295,2.1931917667388916,2.268615484237671,2.4794623851776123,2.692225217819214,1.9847793579101562,1.7714861631393433,1.8525892496109009,1.5637507438659668,1.793138861656189,1.6561123132705688,1.7066272497177124,1.77712082862854,1.45391845703125,1.6967841386795044,1.5554819107055664,1.8112154006958008,1.9218021631240845,1.9750218391418457,2.2732698917388916,2.114304542541504,1.7693966627120972,1.7330121994018555,1.3752562999725342,1.4151153564453125,1.2888128757476807,1.1073215007781982,1.1273882389068604,0.8483889698982239,0.9702515602111816,0.997866153717041,1.1268892288208008,1.4411883354187012,1.5054888725280762,1.8665462732315063
A8,2.031731128692627,1.7426328659057617,1.477753758430481,1.1566929817199707,0.9258615374565125,0.6365586519241333,0.3990188539028168,0.0,0.3774992525577545,0.5471663475036621,0.8643267154693604,1.1043118238449097,1.3862574100494385,1.673733115196228,1.8875514268875122,1.5730184316635132,1.4578388929367065,1.1725189685821533,1.0076489448547363,0.9492483139038086,0.6805484294891357,0.9937278032302856,1.0332189798355103,1.0911147594451904,1.3949966430664062,1.4898756742477417,1.854362964630127,1.9749630689620972,2.3047397136688232,2.441530466079712,1.7060699462890625,1.671566128730774,1.627774715423584,1.4555703401565552,1.6576893329620361,1.44312584400177,1.7020549774169922,1.726274847984314,1.533008098602295,1.82345712184906,1.713038444519043,2.0836760997772217,2.1025965213775635,2.340620994567871,2.5050032138824463,2.2398154735565186,2.045728921890259,2.0762131214141846,1.7742072343826294,1.9632891416549683,1.7571862936019897,1.8122308254241943,1.8022733926773071,1.4589650630950928,1.6591295003890991,1.4449869394302368,1.710493564605713,1.7437469959259033,1.808811902999878,2.062540292739868,2.394256591796875,2.0702056884765625,2.0032458305358887,1.6310378313064575,1.6444793939590454,1.4350138902664185,1.2549329996109009,1.145865559577942,0.8126577734947205,0.8141943216323853,0.7104464769363403,0.8013999462127686,1.0757930278778076,1.118423581123352,1.4794281721115112
A9,2.0400846004486084,1.7433222532272339,1.543979287147522,1.182084321975708,1.0614426136016846,0.7588273286819458,0.5859227180480957,0.3774992525577545,0.0,0.3896670639514923,0.5908191204071045,0.8870623707771301,1.1627752780914307,1.4187716245651245,1.6701050996780396,1.6905484199523926,1.495745301246643,1.2290078401565552,0.9613268375396729,0.8723097443580627,0.5138679146766663,0.7285264134407043,0.7036876082420349,0.7159501314163208,1.0244879722595215,1.1290212869644165,1.4905184507369995,1.6390149593353271,1.9600633382797241,2.1209797859191895,1.6603376865386963,1.5676608085632324,1.451140284538269,1.233750581741333,1.3715888261795044,1.111653208732605,1.3596129417419434,1.3612613677978516,1.194299340248108,1.4911623001098633,1.422755241394043,1.8037073612213135,1.8550946712493896,2.1239213943481445,2.2941696643829346,2.0354349613189697,1.8586349487304688,1.8401172161102295,1.544350266456604,1.7159593105316162,1.480242133140564,1.5843548774719238,1.5695563554763794,1.2600802183151245,1.5038644075393677,1.3262038230895996,1.6502270698547363,1.6975587606430054,1.8395906686782837,2.0712897777557373,2.2344014644622803,1.9473062753677368,1.8922840356826782,1.5263205766677856,1.5939838886260986,1.3545445203781128,1.27272629737854,1.180435061454773,0.8083264231681824,0.9121534824371338,0.7285931706428528,0.9484189748764038,1.1269794702529907,1.2156628370285034,1.5354408025741577
A10,2.4253764152526855,2.1210856437683105,1.9160126447677612,1.5577386617660522,1.4016599655151367,1.1083191633224487,0.8704032897949219,0.5471663475036621,0.3896670639514923,0.0,0.3823356330394745,0.5576478242874146,0.8657006025314331,1.1313425302505493,1.3625770807266235,2.0047659873962402,1.816327452659607,1.5079654455184937,1.2674450874328613,1.0816304683685303,0.7309427261352539,0.8429839015007019,0.6800678372383118,0.816264271736145,1.0049277544021606,1.143258810043335,1.4660038948059082,1.5919111967086792,1.9447097778320312,2.0519297122955322,1.8854713439941406,1.8373616933822632,1.676969289779663,1.4996240139007568,1.58476984500885,1.3006975650787354,1.56275475025177,1.512041687965393,1.4019403457641602,1.6552947759628296,1.5836195945739746,1.9586173295974731,1.9618945121765137,2.2634329795837402,2.3765408992767334,2.293876886367798,2.1616456508636475,2.1407370567321777,1.8700835704803467,2.0389211177825928,1.7817074060440063,1.9102896451950073,1.8568333387374878,1.5578879117965698,1.767096757888794,1.542862057685852,1.8601020574569702,1.8309767246246338,1.9733883142471313,2.151099681854248,2.5919241905212402,2.316967010498047,2.273787260055542,1.9108930826187134,1.978219985961914,1.7215791940689087,1.6309605836868286,1.4834225177764893,1.1137349605560303,1.1099169254302979,0.819405198097229,0.9336493015289307,1.0081119537353516,0.9986667037010193,1.3112674951553345
A11,2.563427686691284,2.2767677307128906,2.1078991889953613,1.7405940294265747,1.6503205299377441,1.3330830335617065,1.1662043333053589,0.8643267154693604,0.5908191204071045,0.3823356330394745,0.0,0.38414254784584045,0.5789614915847778,0.8478426337242126,1.0843505859375,2.267059803009033,2.043604612350464,1.7678143978118896,1.4745233058929443,1.3038983345031738,0.9354546666145325,0.9231107234954834,0.6161060929298401,0.6555756330490112,0.7216922044754028,0.8090176582336426,1.114536166191101,1.2170741558074951,1.5759094953536987,1.6720380783081055,2.0881752967834473,1.9875072240829468,1.7762714624404907,1.554479718208313,1.5552587509155273,1.2166770696640015,1.4158445596694946,1.279510498046875,1.1954381465911865,1.3904902935028076,1.3273694515228271,1.6885125637054443,1.6823489665985107,2.0121829509735107,2.100595712661743,2.3295562267303467,2.2064154148101807,2.1217634677886963,1.8550341129302979,1.9700223207473755,1.6704694032669067,1.815608024597168,1.7142008543014526,1.4566373825073242,1.6513829231262207,1.4388014078140259,1.779046654701233,1.7290807962417603,1.9333686828613281,2.0667600631713867,2.609166383743286,2.3748176097869873,2.315497636795044,1.9666900634765625,2.043238639831543,1.7494053840637207,1.7236580848693848,1.5531662702560425,1.1921790838241577,1.2120028734207153,0.8743019104003906,1.0587828159332275,1.0180861949920654,1.0721732378005981,1.2968649864196777
A12,2.8903379440307617,2.583705425262451,2.418915271759033,2.0485074520111084,1.9338821172714233,1.642250895500183,1.4146575927734375,1.1043118238449097,0.8870623707771301,0.5576478242874146,0.38414254784584045,0.0,0.3918343782424927,0.5850739479064941,0.841395914554596,2.5057570934295654,2.278007745742798,1.9682188034057617,1.6991420984268188,1.4569571018218994,1.124861240386963,1.0488317012786865,0.7078302502632141,0.8849389553070068,0.8391221761703491,1.0043972730636597,1.2139973640441895,1.325427532196045,1.6866306066513062,1.7398735284805298,2.2223010063171387,2.1662192344665527,1.923539400100708,1.7566251754760742,1.7263931035995483,1.4071921110153198,1.6328914165496826,1.49880051612854,1.4911892414093018,1.6681653261184692,1.6395102739334106,1.982548475265503,1.9622067213058472,2.309957504272461,2.358961820602417,2.5033187866210938,2.4300975799560547,2.363534688949585,2.134164333343506,2.2713887691497803,1.9838314056396484,2.163029670715332,2.070052146911621,1.8311783075332642,2.024653911590576,1.8059111833572388,2.1374223232269287,2.052870273590088,2.24898624420166,2.348987102508545,2.906435489654541,2.679701089859009,2.6524617671966553,2.309119701385498,2.407130718231201,2.125448703765869,2.0937106609344482,1.9233677387237549,1.5602619647979736,1.5464222431182861,1.1921945810317993,1.291672945022583,1.1929606199264526,1.135095477104187,1.3304288387298584
A13,3.1319379806518555,2.8491528034210205,2.6860814094543457,2.3189518451690674,2.2235569953918457,1.9015758037567139,1.7214049100875854,1.3862574100494385,1.1627752780914307,0.8657006025314331,0.5789614915847778,0.3918343782424927,0.0,0.37763285636901855,0.5090048313140869,2.834038496017456,2.605771541595459,2.3155934810638428,2.027578115463257,1.8145095109939575,1.4666959047317505,1.376880407333374,1.0001626014709473,1.0748671293258667,0.916499137878418,0.9620527625083923,1.103919506072998,1.1124188899993896,1.4769282341003418,1.4573280811309814,2.5787863731384277,2.4926795959472656,2.237527370452881,2.037013292312622,1.9651312828063965,1.616309642791748,1.7716611623764038,1.553745985031128,1.5464792251586914,1.6332440376281738,1.5734537839889526,1.8725225925445557,1.7976359128952026,2.1540486812591553,2.145975112915039,2.7689929008483887,2.688173770904541,2.574937582015991,2.3373024463653564,2.4200589656829834,2.0979502201080322,2.2572710514068604,2.1029205322265625,1.888984203338623,2.0278563499450684,1.7941933870315552,2.1070868968963623,1.9712843894958496,2.1932942867279053,2.2320449352264404,3.1099002361297607,2.905449628829956,2.8458049297332764,2.5088589191436768,2.5826549530029297,2.266747236251831,2.2542788982391357,2.0389788150787354,1.7020220756530762,1.6559151411056519,1.2782907485961914,1.373674750328064,1.1682640314102173,1.142602562904358,1.2243610620498657
A14,3.3409833908081055,3.0454530715942383,2.9171059131622314,2.5423614978790283,2.471672296524048,2.1732964515686035,1.9756864309310913,1.673733115196228,1.4187716245651245,1.1313425302505493,0.8478426337242126,0.5850739479064941,0.37763285636901855,0.0,0.3823460340499878,3.0343310832977295,2.7762563228607178,2.4848101139068604,2.1883559226989746,1.9422073364257812,1.6261080503463745,1.4543646574020386,1.0645664930343628,1.1726080179214478,0.9188159704208374,1.0267547369003296,1.0473519563674927,1.1047110557556152,1.4294981956481934,1.4085229635238647,2.6561362743377686,2.572697401046753,2.276651620864868,2.10383939743042,1.9752393960952759,1.6443097591400146,1.7900842428207397,1.571853756904602,1.6516538858413696,1.7233291864395142,1.7352675199508667,2.011370897293091,1.970300316810608,2.3413443565368652,2.325023651123047,2.7780232429504395,2.745243787765503,2.624197483062744,2.4311330318450928,2.5179755687713623,2.2098615169525146,2.4155759811401367,2.2830488681793213,2.114379644393921,2.2799034118652344,2.085176944732666,2.413642644882202,2.293245315551758,2.538360118865967,2.567164659500122,3.218769073486328,3.0441043376922607,3.018437385559082,2.701007604598999,2.815653085708618,2.5143370628356934,2.5379815101623535,2.3538997173309326,2.0107152462005615,2.0032947063446045,1.6332370042800903,1.7453367710113525,1.545163869857788,1.501383900642395,1.5658743381500244
A15,3.6208667755126953,3.339674234390259,3.1888959407806396,2.8200418949127197,2.7314188480377197,2.410360336303711,2.2260191440582275,1.8875514268875122,1.6701050996780396,1.3625770807266235,1.0843505859375,0.841395914554596,0.5090048313140869,0.3823460340499878,0.0,3.331116199493408,3.0926246643066406,2.798473834991455,2.5087697505950928,2.274733543395996,1.9432697296142578,1.8075777292251587,1.4181174039840698,1.4972081184387207,1.2442543506622314,1.2656629085540771,1.2620593309402466,1.2041844129562378,1.5147784948349,1.395241379737854,3.011834144592285,2.930032968521118,2.645010471343994,2.459360361099243,2.3374927043914795,1.9946229457855225,2.1147165298461914,1.8581339120864868,1.907585859298706,1.9243639707565308,1.8844350576400757,2.1232171058654785,2.0155177116394043,2.375546932220459,2.298516035079956,3.1460824012756348,3.0984489917755127,2.9643185138702393,2.753589153289795,2.814340353012085,2.4859166145324707,2.6587982177734375,2.480292558670044,2.3062925338745117,2.4171323776245117,2.18940806388855,2.482215642929077,2.305365562438965,2.5395421981811523,2.514134645462036,3.5332915782928467,3.355454921722412,3.3007893562316895,2.9767396450042725,3.057004451751709,2.7325193881988525,2.7382218837738037,2.5087056159973145,2.186537027359009,2.123187303543091,1.7416963577270508,1.8041125535964966,1.5330586433410645,1.471373200416565,1.4432320594787598
B1,1.0413093566894531,0.7590450048446655,0.6445916891098022,0.7478209733963013,0.7332133054733276,1.1059796810150146,1.17516028881073,1.5730184316635132,1.6905484199523926,2.0047659873962402,2.267059803009033,2.5057570934295654,2.834038496017456,3.0343310832977295,3.331116199493408,0.0,0.38065651059150696,0.6025941371917725,0.8891973495483398,1.1798275709152222,1.416840672492981,1.6858524084091187,2.0348129272460938,2.038675308227539,2.4226341247558594,2.562570095062256,2.8888823986053467,3.116213321685791,3.3447647094726562,3.6051137447357178,1.0276752710342407,1.0540739297866821,1.3817898035049438,1.4062589406967163,1.7828826904296875,1.8942636251449585,2.1074459552764893,2.3816003799438477,2.217700481414795,2.5752267837524414,2.584462881088257,2.8921585083007812,3.068669319152832,3.2018039226531982,3.4992198944091797,1.718250036239624,1.483472466468811,1.7425258159637451,1.5859647989273071,1.873558759689331,1.971356987953186,1.9863730669021606,2.2383909225463867,2.028923749923706,2.297239303588867,2.316704750061035,2.5021564960479736,2.7431325912475586,2.754696846008301,3.1147778034210205,1.7067265510559082,1.3474446535110474,1.4466520547866821,1.2844527959823608,1.3820098638534546,1.5699703693389893,1.4486805200576782,1.738511085510254,1.6698675155639648,1.8963698148727417,2.074984073638916,2.2161660194396973,2.569981336593628,2.653298854827881,3.013998508453369
B2,1.0510081052780151,0.6896131038665771,0.6764392852783203,0.6233540177345276,0.7114995718002319,1.027140736579895,1.0674198865890503,1.4578388929367065,1.495745301246643,1.816327452659607,2.043604612350464,2.278007745742798,2.605771541595459,2.7762563228607178,3.0926246643066406,0.38065651059150696,0.0,0.38464048504829407,0.5884925127029419,0.8994125127792358,1.1589571237564087,1.3781927824020386,1.7423878908157349,1.7387934923171997,2.1151702404022217,2.273360013961792,2.580063819885254,2.8320813179016113,3.0478007793426514,3.3238461017608643,0.739141583442688,0.6923751831054688,1.0089263916015625,1.0309333801269531,1.406870722770691,1.5395385026931763,1.756681203842163,2.0519120693206787,1.9221141338348389,2.291233777999878,2.3417751789093018,2.654484987258911,2.8570311069488525,3.0145437717437744,3.313765048980713,1.367293119430542,1.140776515007019,1.400800108909607,1.2585996389389038,1.5770800113677979,1.678517460823059,1.7483699321746826,2.020430088043213,1.836362600326538,2.1465983390808105,2.186230421066284,2.41794490814209,2.6606225967407227,2.7235002517700195,3.069389581680298,1.4797066450119019,1.1316722631454468,1.2810230255126953,1.1020655632019043,1.2905446290969849,1.4484963417053223,1.4003092050552368,1.691178560256958,1.5692542791366577,1.8410776853561401,1.9696331024169922,2.1575369834899902,2.4802191257476807,2.5717825889587402,2.927746057510376
B3,1.3802305459976196,1.0117731094360352,0.9027984738349915,0.7115077376365662,0.6439220905303955,0.8884835243225098,0.7995166778564453,1.1725189685821533,1.2290078401565552,1.5079654455184937,1.7678143978118896,1.9682188034057617,2.3155934810638428,2.4848101139068604,2.798473834991455,0.6025941371917725,0.38464048504829407,0.0,0.37433305382728577,0.5826985239982605,0.8609952330589294,1.111396074295044,1.4740294218063354,1.533897876739502,1.9064557552337646,2.098210573196411,2.411484479904175,2.6642708778381348,2.9125025272369385,3.1646289825439453,0.681856095790863,0.7301085591316223,0.9400357007980347,0.9755802154541016,1.3417547941207886,1.4198869466781616,1.6989386081695557,1.9644346237182617,1.8508387804031372,2.2303950786590576,2.2706165313720703,2.6138179302215576,2.786301374435425,2.9810597896575928,3.249563217163086,1.4747837781906128,1.299397587776184,1.5316932201385498,1.3663192987442017,1.6976248025894165,1.7273849248886108,1.833708643913269,2.0578479766845703,1.8324084281921387,2.146549940109253,2.1277289390563965,2.3859660625457764,2.5803472995758057,2.647193193435669,2.9743764400482178,1.753268837928772,1.4118722677230835,1.535649299621582,1.2876145839691162,1.4629690647125244,1.529138207435608,1.444419264793396,1.6586662530899048,1.4653096199035645,1.694466471672058,1.7665421962738037,1.925343632698059,2.2348532676696777,2.2855308055877686,2.651451587677002
B4,1.4013659954071045,1.0304027795791626,0.9486992955207825,0.6383041739463806,0.6593254804611206,0.7606935501098633,0.6822918653488159,1.0076489448547363,0.9613268375396729,1.2674450874328613,1.4745233058929443,1.6991420984268188,2.027578115463257,2.1883559226989746,2.5087697505950928,0.8891973495483398,0.5884925127029419,0.37433305382728577,0.0,0.3788793087005615,0.5781496167182922,0.80367511510849,1.1565338373184204,1.1755974292755127,1.5513825416564941,1.7344368696212769,2.0442605018615723,2.300672769546509,2.541456699371338,2.800313711166382,0.7805567979812622,0.6811949610710144,0.7599627375602722,0.680005669593811,1.0309745073318481,1.0624170303344727,1.3402317762374878,1.5921555757522583,1.4828943014144897,1.8650870323181152,1.920854091644287,2.267430067062378,2.4497199058532715,2.6604268550872803,2.9259142875671387,1.3287383317947388,1.1382195949554443,1.2960822582244873,1.091749906539917,1.4134621620178223,1.399503469467163,1.537192940711975,1.7465862035751343,1.5309516191482544,1.8672304153442383,1.857802391052246,2.1496405601501465,2.3411481380462646,2.4523122310638428,2.762463092803955,1.6149581670761108,1.2931491136550903,1.3922832012176514,1.1068305969238281,1.315933108329773,1.3180848360061646,1.2912075519561768,1.481934905052185,1.2470017671585083,1.514587640762329,1.5451853275299072,1.7582693099975586,2.0327560901641846,2.1137466430664062,2.4619641304016113
B5,1.779317021369934,1.4067208766937256,1.317601203918457,0.9972398281097412,0.9391914010047913,0.95563805103302,0.729047417640686,0.9492483139038086,0.8723097443580627,1.0816304683685303,1.3038983345031738,1.4569571018218994,1.8145095109939575,1.9422073364257812,2.274733543395996,1.1798275709152222,0.8994125127792358,0.5826985239982605,0.3788793087005615,0.0,0.37617239356040955,0.5501789450645447,0.9226537942886353,1.0543380975723267,1.3970028162002563,1.6449670791625977,1.9339793920516968,2.2095563411712646,2.473196268081665,2.7128522396087646,0.8048374652862549,0.8042513132095337,0.741900622844696,0.7357267141342163,1.009687066078186,1.005733609199524,1.3499138355255127,1.578132152557373,1.529803991317749,1.911133885383606,1.9843827486038208,2.3498892784118652,2.5131022930145264,2.7655837535858154,2.9973435401916504,1.4221296310424805,1.3205374479293823,1.4674333333969116,1.3000966310501099,1.6250523328781128,1.5681320428848267,1.7591875791549683,1.9316918849945068,1.7097495794296265,2.0476393699645996,1.9956169128417969,2.314570426940918,2.4561479091644287,2.5826659202575684,2.8630855083465576,1.907205581665039,1.6168020963668823,1.7320841550827026,1.4419561624526978,1.6542367935180664,1.6024739742279053,1.5703120231628418,1.691062569618225,1.3963491916656494,1.6120350360870361,1.556300163269043,1.7394378185272217,1.9723436832427979,1.9979766607284546,2.349030017852783
B6,1.8940919637680054,1.5458966493606567,1.4149469137191772,1.050956130027771,0.9742350578308105,0.8404787182807922,0.5996518135070801,0.6805484294891357,0.5138679146766663,0.7309427261352539,0.9354546666145325,1.124861240386963,1.4666959047317505,1.6261080503463745,1.9432697296142578,1.416840672492981,1.1589571237564087,0.8609952330589294,0.5781496167182922,0.37617239356040955,0.0,0.3755623698234558,0.6390432715415955,0.7561873197555542,1.1065301895141602,1.3287986516952515,1.642640233039856,1.8870309591293335,2.1732280254364014,2.3888742923736572,1.1705254316329956,1.1077152490615845,0.9810214638710022,0.8457908034324646,1.039431095123291,0.8953039050102234,1.2281856536865234,1.37006413936615,1.2920914888381958,1.654516339302063,1.692268967628479,2.0692055225372314,2.1988561153411865,2.4675004482269287,2.675041913986206,1.6252305507659912,1.4964083433151245,1.5543906688690186,1.3269847631454468,1.592814564704895,1.4502081871032715,1.629378318786621,1.7316054105758667,1.481789469718933,1.7999095916748047,1.7080646753311157,2.0413243770599365,2.14801025390625,2.2927324771881104,2.549558162689209,2.011782169342041,1.7278529405593872,1.773889422416687,1.4434267282485962,1.613050103187561,1.4758802652359009,1.4405183792114258,1.483677625656128,1.1473114490509033,1.338344693183899,1.2272344827651978,1.4293173551559448,1.6293827295303345,1.672098159790039,2.0084228515625
B7,2.0968644618988037,1.7485966682434082,1.6838891506195068,1.3199542760849,1.31187105178833,1.1814686059951782,0.9722660779953003,0.9937278032302856,0.7285264134407043,0.8429839015007019,0.9231107234954834,1.0488317012786865,1.376880407333374,1.4543646574020386,1.8075777292251587,1.6858524084091187,1.3781927824020386,1.111396074295044,0.80367511510849,0.5501789450645447,0.3755623698234558,0.0,0.39912620186805725,0.5796518921852112,0.8700310587882996,1.1647125482559204,1.4195221662521362,1.715234398841858,1.9804202318191528,2.214137554168701,1.219892144203186,1.1270490884780884,0.8775352239608765,0.7504950761795044,0.8146089315414429,0.6489015817642212,1.0145210027694702,1.1640421152114868,1.1876294612884521,1.5430355072021484,1.6531425714492798,2.019782543182373,2.1781482696533203,2.4752447605133057,2.672842025756836,1.4964736700057983,1.4360847473144531,1.456838607788086,1.285714864730835,1.5463694334030151,1.3988279104232788,1.6506271362304688,1.7581825256347656,1.568068504333496,1.9074870347976685,1.8456693887710571,2.207369089126587,2.3073246479034424,2.4988889694213867,2.7269649505615234,2.028254508972168,1.7994368076324463,1.8820726871490479,1.5839828252792358,1.8054001331329346,1.6607216596603394,1.6961612701416016,1.7399975061416626,1.3973684310913086,1.6049580574035645,1.4408299922943115,1.6690146923065186,1.8015917539596558,1.8395854234695435,2.1438496112823486
B8,2.377349615097046,2.0512964725494385,1.965075969696045,1.5891977548599243,1.5671308040618896,1.3531969785690308,1.153122067451477,1.0332189798355103,0.7036876082420349,0.6800678372383118,0.6161060929298401,0.7078302502632141,1.0001626014709473,1.0645664930343628,1.4181174039840698,2.0348129272460938,1.7423878908157349,1.4740294218063354,1.1565338373184204,0.9226537942886353,0.6390432715415955,0.39912620186805725,0.0,0.3738052248954773,0.5449328422546387,0.8625690340995789,1.1057535409927368,1.3806735277175903,1.673393964767456,1.8717143535614014,1.6178382635116577,1.5120700597763062,1.2384305000305176,1.0660127401351929,1.0253750085830688,0.7374230027198792,1.034404993057251,1.04380202293396,1.0886116027832031,1.3840770721435547,1.4759985208511353,1.8404428958892822,1.957448124885559,2.285865068435669,2.438413381576538,1.795996904373169,1.7380070686340332,1.6870841979980469,1.4958386421203613,1.6850353479385376,1.4607882499694824,1.7084826231002808,1.7327855825424194,1.5437674522399902,1.845785140991211,1.7450202703475952,2.1173810958862305,2.1625940799713135,2.383230686187744,2.5640249252319336,2.275162935256958,2.068490505218506,2.1041228771209717,1.7935030460357666,1.9790165424346924,1.766136646270752,1.8087197542190552,1.7729088068008423,1.4112694263458252,1.5678132772445679,1.3233615159988403,1.5514190196990967,1.599761962890625,1.6364837884902954,1.8969931602478027
B9,2.212703227996826,1.9207756519317627,1.8557847738265991,1.4852062463760376,1.5285507440567017,1.287620186805725,1.1905841827392578,1.0911147594451904,0.7159501314163208,0.816264271736145,0.6555756330490112,0.8849389553070068,1.0748671293258667,1.1726080179214478,1.4972081184387207,2.038675308227539,1.7387934923171997,1.533897876739502,1.1755974292755127,1.0543380975723267,0.7561873197555542,0.5796518921852112,0.3738052248954773,0.0,0.38794174790382385,0.5937566161155701,0.8901350498199463,1.157048225402832,1.4244407415390015,1.6599676609039307,1.7159779071807861,1.5316451787948608,1.2735211849212646,1.0047563314437866,0.932357668876648,0.5713685154914856,0.7701781988143921,0.7207844853401184,0.7173989415168762,1.019087791442871,1.1200169324874878,1.4825994968414307,1.6285024881362915,1.946573257446289,2.124488353729248,1.7314469814300537,1.623042345046997,1.5023738145828247,1.2725248336791992,1.3984894752502441,1.1320194005966187,1.3707258701324463,1.3726985454559326,1.2105963230133057,1.5184394121170044,1.4583486318588257,1.8400588035583496,1.9160244464874268,2.1683731079101562,2.3512659072875977,2.0566937923431396,1.8717753887176514,1.8655877113342285,1.5629088878631592,1.7391365766525269,1.5010014772415161,1.597516417503357,1.5658061504364014,1.2299860715866089,1.4376434087753296,1.2228187322616577,1.5216853618621826,1.5682629346847534,1.6895010471343994,1.921595811843872
B10,2.567502021789551,2.2868099212646484,2.235419988632202,1.8677912950515747,1.9128899574279785,1.6565914154052734,1.5502043962478638,1.3949966430664062,1.0244879722595215,1.0049277544021606,0.7216922044754028,0.8391221761703491,0.916499137878418,0.9188159704208374,1.2442543506622314,2.4226341247558594,2.1151702404022217,1.9064557552337646,1.5513825416564941,1.3970028162002563,1.1065301895141602,0.8700310587882996,0.5449328422546387,0.38794174790382385,0.0,0.3828905522823334,0.5616142749786377,0.8651617765426636,1.133971929550171,1.3539409637451172,2.0315027236938477,1.849881649017334,1.5494325160980225,1.302847146987915,1.1351655721664429,0.7740604877471924,0.8748674988746643,0.6893846392631531,0.8066400289535522,0.986186146736145,1.123949646949768,1.444581151008606,1.5698204040527344,1.9212393760681152,2.048856258392334,1.9514212608337402,1.8871917724609375,1.7246792316436768,1.5349370241165161,1.6101350784301758,1.3207910060882568,1.5758877992630005,1.524661660194397,1.4162201881408691,1.68247389793396,1.6171478033065796,1.9967637062072754,2.026785373687744,2.313030481338501,2.441284656524658,2.3199360370635986,2.1778910160064697,2.170046806335449,1.889454960823059,2.0633058547973633,1.8032724857330322,1.9222636222839355,1.852152705192566,1.525280237197876,1.692096471786499,1.425437331199646,1.706413745880127,1.6651616096496582,1.7733350992202759,1.9455490112304688
B11,2.581827163696289,2.3429360389709473,2.283189296722412,1.931179165840149,1.996224284172058,1.7042837142944336,1.6679279804229736,1.4898756742477417,1.1290212869644165,1.143258810043335,0.8090176582336426,1.0043972730636597,0.9620527625083923,1.0267547369003296,1.2656629085540771,2.562570095062256,2.273360013961792,2.098210573196411,1.7344368696212769,1.6449670791625977,1.3287986516952515,1.1647125482559204,0.8625690340995789,0.5937566161155701,0.3828905522823334,0.0,0.38241779804229736,0.5682734847068787,0.8494049310684204,1.070961356163025,2.290525197982788,2.0734446048736572,1.804863452911377,1.507311224937439,1.349595546722412,0.9774742722511292,0.9541212320327759,0.6369584202766418,0.6527289152145386,0.7052025198936462,0.789297342300415,1.091886281967163,1.193337321281433,1.5512523651123047,1.6681536436080933,2.1458921432495117,2.033778190612793,1.819799780845642,1.5909425020217896,1.5816689729690552,1.241036295890808,1.4354217052459717,1.2987443208694458,1.212897777557373,1.4218297004699707,1.3607813119888306,1.7287379503250122,1.7460949420928955,2.0624196529388428,2.162548542022705,2.3404605388641357,2.212566375732422,2.143281936645508,1.8681468963623047,1.9932949542999268,1.6927684545516968,1.8332918882369995,1.7225399017333984,1.4358961582183838,1.5917255878448486,1.3349727392196655,1.6437325477600098,1.5666403770446777,1.7424143552780151,1.863271951675415
B12,2.88047456741333,2.6466760635375977,2.618981122970581,2.270920515060425,2.355581521987915,2.0768885612487793,2.0310781002044678,1.854362964630127,1.4905184507369995,1.4660038948059082,1.114536166191101,1.2139973640441895,1.103919506072998,1.0473519563674927,1.2620593309402466,2.8888823986053467,2.580063819885254,2.411484479904175,2.0442605018615723,1.9339793920516968,1.642640233039856,1.4195221662521362,1.1057535409927368,0.8901350498199463,0.5616142749786377,0.38241779804229736,0.0,0.3911252021789551,0.5824014544487,0.8345227241516113,2.529103994369507,2.305481433868408,2.0017948150634766,1.725728988647461,1.4965146780014038,1.1553629636764526,1.0694732666015625,0.7152715921401978,0.8714627027511597,0.8090512156486511,0.9749773144721985,1.1761977672576904,1.2886483669281006,1.6497248411178589,1.726509928703308,2.2754194736480713,2.2084810733795166,1.9650551080703735,1.7906289100646973,1.7522176504135132,1.4303127527236938,1.6533153057098389,1.5160692930221558,1.5054543018341064,1.6943899393081665,1.6660618782043457,2.0175294876098633,2.0209805965423584,2.35780930519104,2.4192752838134766,2.525235176086426,2.4451608657836914,2.3957102298736572,2.1549856662750244,2.302659273147583,2.0140342712402344,2.185887336730957,2.0834994316101074,1.8111612796783447,1.9640252590179443,1.6985102891921997,1.9920754432678223,1.8733019828796387,2.0309221744537354,2.110262155532837
B13,3.0614001750946045,2.8539607524871826,2.7976949214935303,2.4589860439300537,2.527315616607666,2.214906930923462,2.195211172103882,1.9749630689620972,1.6390149593353271,1.5919111967086792,1.2170741558074951,1.325427532196045,1.1124188899993896,1.1047110557556152,1.2041844129562378,3.116213321685791,2.8320813179016113,2.6642708778381348,2.300672769546509,2.2095563411712646,1.8870309591293335,1.715234398841858,1.3806735277175903,1.157048225402832,0.8651617765426636,0.5682734847068787,0.3911252021789551,0.0,0.37410756945610046,0.5034732222557068,2.8489837646484375,2.6234195232391357,2.3421249389648438,2.0459322929382324,1.8459721803665161,1.492605209350586,1.3886173963546753,1.0040428638458252,1.0536668300628662,0.8773370385169983,0.9172239899635315,1.0474001169204712,1.055052638053894,1.4225867986679077,1.4286552667617798,2.620882272720337,2.5223774909973145,2.2645328044891357,2.056922197341919,1.974938988685608,1.6245219707489014,1.776666283607483,1.5565460920333862,1.541321039199829,1.6426326036453247,1.579976201057434,1.8927133083343506,1.8410712480545044,2.189260959625244,2.1954891681671143,2.7619075775146484,2.6766207218170166,2.5774457454681396,2.3297722339630127,2.4225714206695557,2.0987777709960938,2.254446506500244,2.0943000316619873,1.8534214496612549,1.9532793760299683,1.6795268058776855,1.9529813528060913,1.776495099067688,1.9620698690414429,1.9742940664291382
