,A1,A2,A3,A4,A5,A6,A7,A8,A9,A10,A11,A12,A13,A14,A15,B1,B2,B3,B4,B5,B6,B7,B8,B9,B10,B11,B12,B13,B14,B15,C1,C2,C3,C4,C5,C6,C7,C8,C9,C10,C11,C12,C13,C14,C15,D1,D2,D3,D4,D5,D6,D7,D8,D9,D10,D11,D12,D13,D14,D15,E1,E2,E3,E4,E5,E6,E7,E8,E9,E10,E11,E12,E13,E14,E15
A1,0.0,0.3829640746116638,0.6252620816230774,0.933509111404419,1.211629867553711,1.4609498977661133,1.7413147687911987,2.08054780960083,2.1966092586517334,2.5176918506622314,2.770723342895508,3.0246188640594482,3.213311195373535,3.518578290939331,3.69718861579895,0.9288854002952576,0.9525867104530334,1.2767407894134521,1.3444123268127441,1.7291018962860107,1.83091402053833,2.126514196395874,2.429452419281006,2.4073448181152344,2.7788217067718506,2.9198763370513916,3.245635747909546,3.378009557723999,3.556267499923706,3.7895777225494385,1.4330604076385498,1.2434161901474,1.5579023361206055,1.4925992488861084,1.8247696161270142,1.945124626159668,2.109501361846924,2.4341089725494385,2.355297565460205,2.6864161491394043,2.833575487136841,3.1289727687835693,3.139993190765381,3.3767096996307373,3.6840157508850098,1.3929592370986938,1.1083183288574219,1.3268625736236572,1.2736016511917114,1.4715473651885986,1.6965868473052979,1.7442681789398193,2.122598171234131,2.123056173324585,2.3848025798797607,2.625789165496826,2.840245008468628,2.9511685371398926,3.2271597385406494,3.467303514480591,0.9202271699905396,0.6778085827827454,0.780753493309021,0.916277289390564,1.0306925773620605,1.3751667737960815,1.4671390056610107,1.8597662448883057,1.9951224327087402,2.2336010932922363,2.5315351486206055,2.7140464782714844,2.802924633026123,3.1335806846618652,3.3488569259643555
A2,0.3829640746116638,0.0,0.39580851793289185,0.6159332990646362,0.9219611883163452,1.1740864515304565,1.4264476299285889,1.785091519355774,1.8803746700286865,2.1974687576293945,2.4554569721221924,2.7039177417755127,2.8745548725128174,3.190060615539551,3.3806240558624268,0.6946723461151123,0.6138047575950623,0.9118756055831909,0.9620093107223511,1.3463784456253052,1.4599206447601318,1.7524906396865845,2.0652453899383545,2.064941167831421,2.431293249130249,2.5949907302856445,2.9085187911987305,3.056209087371826,3.2522354125976562,3.473489761352539,1.1371923685073853,0.9274898171424866,1.218554973602295,1.148599624633789,1.502301573753357,1.611424207687378,1.813402533531189,2.131587028503418,2.0743556022644043,2.42134165763855,2.5777533054351807,2.881138324737549,2.927626609802246,3.1717159748077393,3.459528923034668,1.1949580907821655,0.8877586126327515,1.1169524192810059,1.025048017501831,1.2907284498214722,1.4680436849594116,1.5739505290985107,1.9383208751678467,1.9143019914627075,2.2152554988861084,2.428666353225708,2.679640769958496,2.795841932296753,3.039027452468872,3.298525810241699,0.9399887323379517,0.5951039791107178,0.7328420877456665,0.7282223105430603,0.9264894127845764,1.203684687614441,1.308364748954773,1.6999815702438354,1.771847128868103,2.0408833026885986,2.3041419982910156,2.5202736854553223,2.588475227355957,2.8961856365203857,3.1388442516326904
A3,0.6252620816230774,0.39580851793289185,0.0,0.3780895471572876,0.5878968834877014,0.8624809384346008,1.1255395412445068,1.4674938917160034,1.6142160892486572,1.9152981042861938,2.1898505687713623,2.422942876815796,2.627305507659912,2.9413087368011475,3.101635456085205,0.7665648460388184,0.7314373850822449,0.8762350082397461,0.9071735143661499,1.2734057903289795,1.315751552581787,1.653898000717163,1.9155632257461548,1.921157956123352,2.2962589263916016,2.436525583267212,2.7620651721954346,2.932657241821289,3.098170280456543,3.2969865798950195,1.3413950204849243,1.1456948518753052,1.3669300079345703,1.232633352279663,1.58922278881073,1.6066570281982422,1.8288264274597168,2.09342360496521,1.9861921072006226,2.3480660915374756,2.4520647525787354,2.783524751663208,2.827627420425415,3.031815528869629,3.321467876434326,1.5092203617095947,1.1786291599273682,1.3390969038009644,1.1401572227478027,1.3775511980056763,1.4642330408096313,1.5276120901107788,1.8502578735351562,1.755170226097107,2.0475146770477295,2.2208662033081055,2.4797496795654297,2.5536985397338867,2.7965927124023438,3.0762226581573486,1.2647627592086792,0.8945339918136597,0.8768570423126221,0.7276682257652283,0.791800320148468,1.0321540832519531,1.0339781045913696,1.4246238470077515,1.485186219215393,1.7174180746078491,1.9907029867172241,2.1815671920776367,2.2320268154144287,2.553588390350342,2.791604995727539
A4,0.933509111404419,0.6159332990646362,0.3780895471572876,0.0,0.3857099115848541,0.5627778172492981,0.8299503922462463,1.1739211082458496,1.270995020866394,1.5883913040161133,1.8476204872131348,2.095177412033081,2.2805416584014893,2.5913374423980713,2.770559072494507,0.9055782556533813,0.7289004921913147,0.7276768684387207,0.6227452158927917,0.9707556962966919,0.9582025408744812,1.2946113348007202,1.5447208881378174,1.5431735515594482,1.9182138442993164,2.0624544620513916,2.3848586082458496,2.5588512420654297,2.7314670085906982,2.927475929260254,1.274397373199463,1.0385171175003052,1.1561287641525269,0.9593486189842224,1.2988286018371582,1.2645883560180664,1.5036393404006958,1.7437615394592285,1.6405926942825317,2.0109755992889404,2.1162455081939697,2.4520623683929443,2.5221691131591797,2.7305595874786377,3.0031049251556396,1.4456977844238281,1.1074026823043823,1.1978890895843506,0.9337043166160583,1.1852571964263916,1.1940839290618896,1.297937035560608,1.5876177549362183,1.4693398475646973,1.793200969696045,1.9414222240447998,2.2297985553741455,2.316803216934204,2.52630615234375,2.81612491607666,1.3323631286621094,0.9493265151977539,0.8989813923835754,0.6111176609992981,0.7252668142318726,0.8301790356636047,0.8613576292991638,1.2225980758666992,1.2133435010910034,1.4904727935791016,1.7212485074996948,1.956371784210205,2.006012439727783,2.2964096069335938,2.5550830364227295
A5,1.211629867553711,0.9219611883163452,0.5878968834877014,0.3857099115848541,0.0,0.38081949949264526,0.5501888990402222,0.9053298234939575,1.0945252180099487,1.3560012578964233,1.6609853506088257,1.8613715171813965,2.078888177871704,2.405202627182007,2.546557903289795,0.9956403374671936,0.9060770273208618,0.7668695449829102,0.7226287126541138,0.9666491150856018,0.909498929977417,1.2799357175827026,1.470528483390808,1.521292805671692,1.882922887802124,2.024813652038574,2.3374481201171875,2.551940679550171,2.7050211429595947,2.858732223510742,1.4570324420928955,1.2928338050842285,1.377638578414917,1.1979608535766602,1.5236163139343262,1.4229824542999268,1.6948210000991821,1.8706402778625488,1.7457681894302368,2.122673988342285,2.177814483642578,2.535721778869629,2.62160062789917,2.7882347106933594,3.0463664531707764,1.772963523864746,1.4593126773834229,1.5525327920913696,1.2705471515655518,1.507848858833313,1.4436649084091187,1.5278494358062744,1.753364086151123,1.5581897497177124,1.870734691619873,1.950666904449463,2.25512433052063,2.288471221923828,2.4767961502075195,2.795262336730957,1.7150341272354126,1.3310343027114868,1.2652571201324463,0.959395170211792,0.9709411859512329,1.001678228378296,0.8936799168586731,1.2022294998168945,1.1278891563415527,1.343638300895691,1.5552102327346802,1.7623714208602905,1.7538291215896606,2.049480676651001,2.321561098098755
A6,1.4609498977661133,1.1740864515304565,0.8624809384346008,0.5627778172492981,0.38081949949264526,0.0,0.3719116747379303,0.6277602314949036,0.7682555913925171,1.0723412036895752,1.336200475692749,1.5752151012420654,1.7981966733932495,2.0961029529571533,2.245246410369873,1.3445203304290771,1.1856085062026978,1.0034443140029907,0.8199043869972229,0.9866605401039124,0.7838078737258911,1.1293985843658447,1.2419698238372803,1.234527587890625,1.5997631549835205,1.6971702575683594,2.0268845558166504,2.2305378913879395,2.356802463531494,2.5151424407958984,1.6664265394210815,1.4529991149902344,1.4447088241577148,1.1861999034881592,1.4410938024520874,1.2547509670257568,1.4922322034835815,1.6085221767425537,1.4395623207092285,1.8089723587036133,1.8291481733322144,2.1947875022888184,2.2787652015686035,2.426650047302246,2.680901050567627,1.890059471130371,1.5630143880844116,1.561963438987732,1.2250019311904907,1.3960776329040527,1.2452348470687866,1.301983118057251,1.462796926498413,1.225318193435669,1.5353827476501465,1.5854147672653198,1.9013731479644775,1.9338104724884033,2.105154514312744,2.427652597427368,1.8230242729187012,1.4533292055130005,1.3137835264205933,0.9540315270423889,0.9148402810096741,0.8011310696601868,0.6699004173278809,0.8996080756187439,0.7644608020782471,1.0119972229003906,1.1997451782226562,1.440528392791748,1.460871696472168,1.7386622428894043,2.0100343227386475
A7,1.7413147687911987,1.4264476299285889,1.1255395412445068,0.8299503922462463,0.5501888990402222,0.3719116747379303,0.0,0.40065547823905945,0.597938060760498,0.8114163279533386,1.1374417543411255,1.3151931762695312,1.5341322422027588,1.866713047027588,2.0039329528808594,1.432173252105713,1.2867332696914673,1.0018954277038574,0.8522912263870239,0.8767066597938538,0.6552045345306396,0.9884163737297058,1.052609920501709,1.1397401094436646,1.4656919240951538,1.599806785583496,1.8910274505615234,2.1415860652923584,2.2808117866516113,2.3909430503845215,1.7026174068450928,1.5516319274902344,1.4999747276306152,1.2866008281707764,1.5216625928878784,1.3072150945663452,1.5891612768173218,1.6550530195236206,1.5222057104110718,1.8871450424194336,1.894302487373352,2.2608509063720703,2.3901607990264893,2.521851062774658,2.737790107727051,2.049217939376831,1.7633410692214966,1.7821425199508667,1.4649721384048462,1.6668885946273804,1.4786911010742188,1.5792524814605713,1.6896127462387085,1.4219552278518677,1.7353883981704712,1.7157918214797974,2.0566203594207764,2.0641040802001953,2.1781229972839355,2.5229830741882324,2.1120688915252686,1.7405062913894653,1.6476659774780273,1.2863236665725708,1.2840473651885986,1.1437397003173828,1.0043646097183228,1.150240421295166,0.9129301905632019,1.110614538192749,1.2008225917816162,1.4471633434295654,1.3837567567825317,1.6160953044891357,1.9286538362503052
A8,2.08054780960083,1.785091519355774,1.4674938917160034,1.1739211082458496,0.9053298234939575,0.6277602314949036,0.40065547823905945,0.0,0.3716188371181488,0.4993675947189331,0.8123289346694946,0.9825631976127625,1.2505818605422974,1.5509847402572632,1.6550300121307373,1.8298691511154175,1.683489441871643,1.3938997983932495,1.2132558822631836,1.1771893501281738,0.8752977848052979,1.118445873260498,1.0321009159088135,1.0792959928512573,1.358746886253357,1.4209861755371094,1.709983468055725,1.9678764343261719,2.0515010356903076,2.130647659301758,2.077537775039673,1.9133350849151611,1.81644606590271,1.5693957805633545,1.7384902238845825,1.4557751417160034,1.689689040184021,1.664389729499817,1.482562780380249,1.8116439580917358,1.7441493272781372,2.114840030670166,2.241356134414673,2.3175368309020996,2.5159854888916016,2.3832039833068848,2.091695785522461,2.0565242767333984,1.7137019634246826,1.8515154123306274,1.599613070487976,1.6514354944229126,1.6696977615356445,1.3465229272842407,1.6102434396743774,1.5102423429489136,1.8491116762161255,1.8111687898635864,1.8864467144012451,2.2456276416778564,2.418311595916748,2.056962728500366,1.9126241207122803,1.5402789115905762,1.4751056432724,1.2572104930877686,1.0671669244766235,1.0696591138839722,0.7568982839584351,0.8669720888137817,0.8679003119468689,1.1103910207748413,1.0165268182754517,1.2203236818313599,1.5426080226898193
A9,2.1966092586517334,1.8803746700286865,1.6142160892486572,1.270995020866394,1.0945252180099487,0.7682555913925171,0.597938060760498,0.3716188371181488,0.0,0.37919872999191284,0.5772520899772644,0.8492796421051025,1.0466697216033936,1.3302032947540283,1.5044511556625366,1.9712556600570679,1.7584868669509888,1.4637407064437866,1.2066646814346313,1.1155418157577515,0.752414345741272,0.8949211835861206,0.7354969382286072,0.7237586975097656,0.9996659159660339,1.054801344871521,1.354283094406128,1.6029330492019653,1.7047016620635986,1.804182767868042,2.0699427127838135,1.8773740530014038,1.7100540399551392,1.4369233846664429,1.5298144817352295,1.2033230066299438,1.4077082872390747,1.3308465480804443,1.1600545644760132,1.4757368564605713,1.4179751873016357,1.7806823253631592,1.9379994869232178,2.0350637435913086,2.212296962738037,2.3007538318634033,2.027512788772583,1.9374109506607056,1.5972009897232056,1.706390142440796,1.407354474067688,1.4902162551879883,1.457518458366394,1.1458790302276611,1.428812026977539,1.3131837844848633,1.6755595207214355,1.6868407726287842,1.7172975540161133,2.067322015762329,2.3914973735809326,2.0552594661712646,1.9112008810043335,1.5336090326309204,1.5136511325836182,1.23384690284729,1.1347181797027588,1.087986707687378,0.728655219078064,0.9247398376464844,0.8366761207580566,1.1643420457839966,1.128355622291565,1.247515082359314,1.5745166540145874
A10,2.5176918506622314,2.1974687576293945,1.9152981042861938,1.5883913040161133,1.3560012578964233,1.0723412036895752,0.8114163279533386,0.4993675947189331,0.37919872999191284,0.0,0.38157904148101807,0.5082777142524719,0.7512474656105042,1.0656239986419678,1.194814682006836,2.2062487602233887,2.02197265625,1.6894781589508057,1.4768462181091309,1.3178924322128296,0.9883902072906494,1.070434808731079,0.8175839185714722,0.8981419801712036,1.0529265403747559,1.1014268398284912,1.3259849548339844,1.620661735534668,1.698068618774414,1.7180500030517578,2.3083674907684326,2.159881353378296,1.981377124786377,1.7450575828552246,1.8248766660690308,1.4955805540084839,1.7060426473617554,1.5783343315124512,1.4326881170272827,1.7051843404769897,1.6077861785888672,1.950425386428833,2.1315934658050537,2.183084487915039,2.3152523040771484,2.6147243976593018,2.3617780208587646,2.288213014602661,1.9597444534301758,2.078378438949585,1.7713719606399536,1.8547390699386597,1.7862803936004639,1.4615238904953003,1.7029424905776978,1.5197227001190186,1.8691272735595703,1.8318008184432983,1.8019338846206665,2.1627771854400635,2.753950595855713,2.4116835594177246,2.2806220054626465,1.9026298522949219,1.8740400075912476,1.6005995273590088,1.4647523164749146,1.3805655241012573,1.012677550315857,1.0967785120010376,0.9125422835350037,1.183045744895935,1.0464099645614624,1.079265832901001,1.4384514093399048
A11,2.770723342895508,2.4554569721221924,2.1898505687713623,1.8476204872131348,1.6609853506088257,1.336200475692749,1.1374417543411255,0.8123289346694946,0.5772520899772644,0.38157904148101807,0.0,0.3746652901172638,0.5564719438552856,0.7679643630981445,0.941443145275116,2.5252175331115723,2.3096706867218018,1.9907619953155518,1.7349114418029785,1.5673800706863403,1.213697910308838,1.2086057662963867,0.8717933893203735,0.8462651968002319,0.9024614095687866,0.8404297828674316,1.050845742225647,1.3266854286193848,1.3525164127349854,1.3592866659164429,2.5621702671051025,2.3849575519561768,2.16532826423645,1.9021719694137573,1.9111377000808716,1.5485894680023193,1.688199758529663,1.478933572769165,1.314885139465332,1.5179818868637085,1.366766333580017,1.6844062805175781,1.8754632472991943,1.892824649810791,1.9906201362609863,2.7871079444885254,2.538327217102051,2.410153865814209,2.0794079303741455,2.1413443088531494,1.7962080240249634,1.8576560020446777,1.7096047401428223,1.3883419036865234,1.5789498090744019,1.3382692337036133,1.6742703914642334,1.6411546468734741,1.5435627698898315,1.8932586908340454,2.9178988933563232,2.5991547107696533,2.4412293434143066,2.0680243968963623,2.03005313873291,1.709975004196167,1.6050949096679688,1.440709114074707,1.070804476737976,1.1342906951904297,0.8512823581695557,1.1372530460357666,1.0514761209487915,0.9735403060913086,1.309064507484436
A12,3.0246188640594482,2.7039177417755127,2.422942876815796,2.095177412033081,1.8613715171813965,1.5752151012420654,1.3151931762695312,0.9825631976127625,0.8492796421051025,0.5082777142524719,0.3746652901172638,0.0,0.35963794589042664,0.6165316104888916,0.6923499703407288,2.695910692214966,2.510303020477295,2.1634109020233154,1.9517126083374023,1.7456527948379517,1.428783893585205,1.415209174156189,1.0689454078674316,1.1404062509536743,1.128045678138733,1.1009716987609863,1.2108309268951416,1.5184264183044434,1.5319758653640747,1.44840669631958,2.7514302730560303,2.616415500640869,2.4018568992614746,2.1746556758880615,2.1978373527526855,1.8491603136062622,2.0162501335144043,1.804152488708496,1.6718695163726807,1.8603055477142334,1.7037978172302246,1.9973722696304321,2.200632095336914,2.188422441482544,2.249676465988159,3.056979179382324,2.822638511657715,2.7240774631500244,2.4022316932678223,2.4911880493164062,2.154474973678589,2.225623846054077,2.083897590637207,1.758751630783081,1.9358311891555786,1.6737786531448364,1.9901471138000488,1.9166629314422607,1.7884409427642822,2.136273145675659,3.2288668155670166,2.897494316101074,2.757913827896118,2.380983591079712,2.3420212268829346,2.0413661003112793,1.9043787717819214,1.7486294507980347,1.3820539712905884,1.3853304386138916,1.0899007320404053,1.2939311265945435,1.1116852760314941,0.9590751528739929,1.3065173625946045
A13,3.213311195373535,2.8745548725128174,2.627305507659912,2.2805416584014893,2.078888177871704,1.7981966733932495,1.5341322422027588,1.2505818605422974,1.0466697216033936,0.7512474656105042,0.5564719438552856,0.35963794589042664,0.0,0.4000588655471802,0.6181557178497314,2.8495593070983887,2.635237216949463,2.278458833694458,2.0523805618286133,1.7973512411117554,1.500973105430603,1.396671175956726,1.0141406059265137,1.1058151721954346,0.977301836013794,0.9749606847763062,0.9780917167663574,1.3059968948364258,1.3548117876052856,1.2269011735916138,2.798903703689575,2.6747560501098633,2.418023109436035,2.2120206356048584,2.183577299118042,1.8387235403060913,1.9904595613479614,1.742040991783142,1.670218586921692,1.816691279411316,1.686741590499878,1.9361525774002075,2.1835362911224365,2.189373254776001,2.199957847595215,3.092616319656372,2.892366409301758,2.779635190963745,2.483612537384033,2.574134349822998,2.229205369949341,2.3380656242370605,2.1786904335021973,1.8884460926055908,2.0738115310668945,1.8129347562789917,2.1295974254608154,2.0954575538635254,1.9235159158706665,2.2468063831329346,3.3423142433166504,3.0282788276672363,2.912856101989746,2.540677309036255,2.5440125465393066,2.2329061031341553,2.144895553588867,1.9967061281204224,1.6256617307662964,1.6762285232543945,1.3708877563476562,1.6028544902801514,1.451104760169983,1.2622202634811401,1.5846794843673706
A14,3.518578290939331,3.190060615539551,2.9413087368011475,2.5913374423980713,2.405202627182007,2.0961029529571533,1.866713047027588,1.5509847402572632,1.3302032947540283,1.0656239986419678,0.7679643630981445,0.6165316104888916,0.4000588655471802,0.0,0.3708857595920563,3.2128303050994873,2.987255811691284,2.642866611480713,2.39440655708313,2.1533050537109375,1.8393081426620483,1.7155710458755493,1.317948818206787,1.3267884254455566,1.1379889249801636,1.018473744392395,0.9538267850875854,1.219254493713379,1.167227864265442,0.9635418057441711,3.150926113128662,3.004265308380127,2.73215651512146,2.5041162967681885,2.4371728897094727,2.0774755477905273,2.169912338256836,1.8692139387130737,1.7774230241775513,1.84781014919281,1.6621618270874023,1.8604692220687866,2.0989460945129395,2.0474696159362793,2.007112503051758,3.386202812194824,3.1814215183258057,3.0318379402160645,2.7308475971221924,2.7748453617095947,2.4104666709899902,2.486445188522339,2.268993854522705,1.9872703552246094,2.109602212905884,1.8062835931777954,2.078792095184326,2.029677152633667,1.793129563331604,2.0842888355255127,3.605217933654785,3.305675506591797,3.162266492843628,2.795177936553955,2.7757716178894043,2.439263105392456,2.3550970554351807,2.150170087814331,1.7959110736846924,1.8070440292358398,1.4586155414581299,1.6538277864456177,1.5329856872558594,1.2610373497009277,1.5204132795333862
A15,3.69718861579895,3.3806240558624268,3.101635456085205,2.770559072494507,2.546557903289795,2.245246410369873,2.0039329528808594,1.6550300121307373,1.5044511556625366,1.194814682006836,0.941443145275116,0.6923499703407288,0.6181557178497314,0.3708857595920563,0.0,3.3859751224517822,3.1918907165527344,2.842550754547119,2.6193594932556152,2.39170503616333,2.0779261589050293,1.998993992805481,1.6121859550476074,1.6375043392181396,1.4885867834091187,1.3608899116516113,1.3200594186782837,1.5675382614135742,1.4644378423690796,1.2344164848327637,3.3981056213378906,3.261563301086426,3.0141665935516357,2.784752607345581,2.749350070953369,2.3879408836364746,2.493027687072754,2.2041029930114746,2.0805158615112305,2.1595630645751953,1.9403260946273804,2.1459641456604004,2.3516042232513428,2.2519795894622803,2.2149903774261475,3.6711997985839844,3.449892044067383,3.3152482509613037,2.998628854751587,3.043661594390869,2.6817586421966553,2.728381872177124,2.5100855827331543,2.2020082473754883,2.294602870941162,1.9674804210662842,2.2136685848236084,2.1059188842773438,1.864861011505127,2.1577529907226562,3.8533174991607666,3.538435935974121,3.380054473876953,3.008026599884033,2.9530646800994873,2.624636650085449,2.493265151977539,2.269219160079956,1.9252667427062988,1.865393877029419,1.5083338022232056,1.62398362159729,1.4526708126068115,1.1287933588027954,1.3553102016448975
B1,0.9288854002952576,0.6946723461151123,0.7665648460388184,0.9055782556533813,0.9956403374671936,1.3445203304290771,1.432173252105713,1.8298691511154175,1.9712556600570679,2.2062487602233887,2.5252175331115723,2.695910692214966,2.8495593070983887,3.2128303050994873,3.3859751224517822,0.0,0.3848062753677368,0.6248798370361328,0.9304553270339966,1.2094366550445557,1.4482083320617676,1.73502779006958,2.0688424110412598,2.189645528793335,2.521406888961792,2.7541136741638184,3.0198426246643066,3.227583646774292,3.459852933883667,3.6266064643859863,0.8715211153030396,0.9157825112342834,1.2334551811218262,1.3184442520141602,1.698993444442749,1.8165165185928345,2.111319065093994,2.4036831855773926,2.4016847610473633,2.7700886726379395,2.928579568862915,3.2465221881866455,3.3533785343170166,3.59114408493042,3.8432095050811768,1.3850888013839722,1.217943549156189,1.5368952751159668,1.481264352798462,1.8249788284301758,1.9365772008895874,2.110956907272339,2.435275077819824,2.3529438972473145,2.6894404888153076,2.8360745906829834,3.133039712905884,3.2172443866729736,3.415192127227783,3.7142186164855957,1.500713586807251,1.197508692741394,1.406136155128479,1.319279432296753,1.5151028633117676,1.71371591091156,1.7424283027648926,2.1122071743011475,2.0849852561950684,2.3302013874053955,2.542292833328247,2.757845640182495,2.7360777854919434,3.0213773250579834,3.306981086730957
B2,0.9525867104530334,0.6138047575950623,0.7314373850822449,0.7289004921913147,0.9060770273208618,1.1856085062026978,1.2867332696914673,1.683489441871643,1.7584868669509888,2.02197265625,2.3096706867218018,2.510303020477295,2.635237216949463,2.987255811691284,3.1918907165527344,0.3848062753677368,0.0,0.3968013525009155,0.6135563850402832,0.9215906858444214,1.1675246953964233,1.425596833229065,1.781410574913025,1.8800591230392456,2.20908784866333,2.447131872177124,2.7095837593078613,2.8994064331054688,3.145569086074829,3.328354597091675,0.6308692693710327,0.5680322051048279,0.861973226070404,0.9357057809829712,1.3149012327194214,1.4480026960372925,1.7395212650299072,2.0427517890930176,2.0645127296447754,2.425865411758423,2.608321189880371,2.9121477603912354,3.0307271480560303,3.2880983352661133,3.53033447265625,1.086273193359375,0.9004025459289551,1.1965302228927612,1.140596628189087,1.50407075881958,1.6061443090438843,1.818712592124939,2.1382930278778076,2.0791709423065186,2.431171178817749,2.5852417945861816,2.889996290206909,3.0047526359558105,3.185558795928955,3.4756338596343994,1.3004063367843628,0.9852102994918823,1.2045365571975708,1.083216905593872,1.3454303741455078,1.4973158836364746,1.5872259140014648,1.9430015087127686,1.8947621583938599,2.1834874153137207,2.3715362548828125,2.6260569095611572,2.628347635269165,2.889542818069458,3.182899236679077
B3,1.2767407894134521,0.9118756055831909,0.8762350082397461,0.7276768684387207,0.7668695449829102,1.0034443140029907,1.0018954277038574,1.3938997983932495,1.4637407064437866,1.6894781589508057,1.9907619953155518,2.1634109020233154,2.278458833694458,2.642866611480713,2.842550754547119,0.6248798370361328,0.3968013525009155,0.0,0.3749115765094757,0.5857666730880737,0.8506063222885132,1.118112564086914,1.4568421840667725,1.6062877178192139,1.9185739755630493,2.1746647357940674,2.418658494949341,2.639481544494629,2.88800048828125,3.040156602859497,0.7419610619544983,0.7143726348876953,0.8385277390480042,0.8799017667770386,1.2407119274139404,1.2965269088745117,1.6338680982589722,1.882325291633606,1.9081575870513916,2.277841091156006,2.4383127689361572,2.7541563510894775,2.9044017791748047,3.142934560775757,3.361208438873291,1.3042161464691162,1.1248663663864136,1.3446487188339233,1.219333291053772,1.5808628797531128,1.5894126892089844,1.8199741840362549,2.084749460220337,1.9744106531143188,2.3395159244537354,2.4405269622802734,2.771415948867798,2.867196559906006,3.0105063915252686,3.3207249641418457,1.603342056274414,1.2673280239105225,1.4173449277877808,1.1977249383926392,1.4280380010604858,1.4885835647583008,1.5376625061035156,1.8488277196884155,1.7282493114471436,2.0095856189727783,2.1495144367218018,2.4158010482788086,2.3819382190704346,2.6138718128204346,2.9281914234161377
B4,1.3444123268127441,0.9620093107223511,0.9071735143661499,0.6227452158927917,0.7226287126541138,0.8199043869972229,0.8522912263870239,1.2132558822631836,1.2066646814346313,1.4768462181091309,1.7349114418029785,1.9517126083374023,2.0523805618286133,2.39440655708313,2.6193594932556152,0.9304553270339966,0.6135563850402832,0.3749115765094757,0.0,0.38779810070991516,0.5607786774635315,0.8291569948196411,1.1728793382644653,1.271012783050537,1.5992541313171387,1.8399455547332764,2.099200963973999,2.299614667892456,2.545107126235962,2.7177786827087402,0.882696807384491,0.7065874338150024,0.6845387816429138,0.585337221622467,0.9307227730751038,0.9371262192726135,1.2721785306930542,1.5133000612258911,1.5342333316802979,1.9032219648361206,2.069685697555542,2.3812665939331055,2.533517837524414,2.7793354988098145,2.9950904846191406,1.236325979232788,1.012704849243164,1.1283458471298218,0.9426668882369995,1.2862573862075806,1.246317744255066,1.4947134256362915,1.7374438047409058,1.6344412565231323,2.0076236724853516,2.1105666160583496,2.4449102878570557,2.5628714561462402,2.6942222118377686,2.9950337409973145,1.5158371925354004,1.1793781518936157,1.2682119607925415,0.9942765831947327,1.2401529550552368,1.2278573513031006,1.32222580909729,1.6008847951889038,1.462382435798645,1.7795753479003906,1.899236798286438,2.1967172622680664,2.196741819381714,2.409412145614624,2.7200846672058105
B5,1.7291018962860107,1.3463784456253052,1.2734057903289795,0.9707556962966919,0.9666491150856018,0.9866605401039124,0.8767066597938538,1.1771893501281738,1.1155418157577515,1.3178924322128296,1.5673800706863403,1.7456527948379517,1.7973512411117554,2.1533050537109375,2.39170503616333,1.2094366550445557,0.9215906858444214,0.5857666730880737,0.38779810070991516,0.0,0.379096120595932,0.5453103184700012,0.9015938639640808,1.0907047986984253,1.3640798330307007,1.6535574197769165,1.8637568950653076,2.0950684547424316,2.3664677143096924,2.504368305206299,1.0073868036270142,0.9174445867538452,0.7562158107757568,0.7097698450088501,0.9418829083442688,0.891383945941925,1.2618755102157593,1.4349520206451416,1.5058670043945312,1.859279990196228,2.0239312648773193,2.3250434398651123,2.524937629699707,2.7640554904937744,2.9386141300201416,1.4402066469192505,1.2855406999588013,1.3640973567962646,1.192104697227478,1.5139317512512207,1.4044021368026733,1.6820950508117676,1.8582440614700317,1.7300883531570435,2.1079366207122803,2.155884265899658,2.5118649005889893,2.624019145965576,2.7012088298797607,3.0129008293151855,1.8507736921310425,1.5367900133132935,1.6231001615524292,1.3313734531402588,1.5608998537063599,1.477481722831726,1.5529921054840088,1.7666800022125244,1.5532503128051758,1.859991192817688,1.90519380569458,2.2213985919952393,2.1831600666046143,2.3411195278167725,2.676363468170166
B6,1.83091402053833,1.4599206447601318,1.315751552581787,0.9582025408744812,0.909498929977417,0.7838078737258911,0.6552045345306396,0.8752977848052979,0.752414345741272,0.9883902072906494,1.213697910308838,1.428783893585205,1.500973105430603,1.8393081426620483,2.0779261589050293,1.4482083320617676,1.1675246953964233,0.8506063222885132,0.5607786774635315,0.379096120595932,0.0,0.37200728058815,0.6283379793167114,0.7706072330474854,1.08396315574646,1.3319255113601685,1.5779316425323486,1.812385082244873,2.0498507022857666,2.1902644634246826,1.3490937948226929,1.1880104541778564,0.9971266388893127,0.8060555458068848,0.9680098295211792,0.7696473002433777,1.1143234968185425,1.2132564783096313,1.2215754985809326,1.5824024677276611,1.7018812894821167,2.0230164527893066,2.217726469039917,2.4299778938293457,2.606172800064087,1.6532840728759766,1.4427411556243896,1.4314830303192139,1.1770082712173462,1.4281405210494995,1.2344826459884644,1.4747350215911865,1.5919957160949707,1.419010043144226,1.788671851158142,1.8036234378814697,2.166010856628418,2.2665112018585205,2.3302717208862305,2.6474063396453857,1.9441864490509033,1.6193796396255493,1.6149214506149292,1.2738655805587769,1.438220739364624,1.2735013961791992,1.3238716125488281,1.4742697477340698,1.222054123878479,1.528462529182434,1.5447300672531128,1.8740241527557373,1.849926471710205,1.994096040725708,2.324685573577881
B7,2.126514196395874,1.7524906396865845,1.653898000717163,1.2946113348007202,1.2799357175827026,1.1293985843658447,0.9884163737297058,1.118445873260498,0.8949211835861206,1.070434808731079,1.2086057662963867,1.415209174156189,1.396671175956726,1.7155710458755493,1.998993992805481,1.73502779006958,1.425596833229065,1.118112564086914,0.8291569948196411,0.5453103184700012,0.37200728058815,0.0,0.40057572722435,0.5959727764129639,0.8242540955543518,1.1354485750198364,1.3234515190124512,1.555472731590271,1.8395192623138428,1.9748722314834595,1.461644172668457,1.3140076398849487,1.0243488550186157,0.8648988008499146,0.8821296691894531,0.6546396017074585,0.9862919449806213,1.0258842706680298,1.1257342100143433,1.4429113864898682,1.5969280004501343,1.8784040212631226,2.1196165084838867,2.3505916595458984,2.4832351207733154,1.714829683303833,1.5630202293395996,1.5062255859375,1.2946611642837524,1.5189173221588135,1.2949403524398804,1.5757020711898804,1.6404776573181152,1.5000079870224,1.86306893825531,1.8562713861465454,2.2207515239715576,2.3490049839019775,2.361544132232666,2.663437843322754,2.113374948501587,1.8284335136413574,1.8413158655166626,1.5184037685394287,1.7112808227539062,1.5108346939086914,1.6041673421859741,1.7044967412948608,1.4279557466506958,1.738721489906311,1.6901766061782837,2.0426011085510254,2.0214099884033203,2.102229356765747,2.43753981590271
B8,2.429452419281006,2.0652453899383545,1.9155632257461548,1.5447208881378174,1.470528483390808,1.2419698238372803,1.052609920501709,1.0321009159088135,0.7354969382286072,0.8175839185714722,0.8717933893203735,1.0689454078674316,1.0141406059265137,1.317948818206787,1.6121859550476074,2.0688424110412598,1.781410574913025,1.4568421840667725,1.1728793382644653,0.9015938639640808,0.6283379793167114,0.40057572722435,0.0,0.37222349643707275,0.5105075836181641,0.8138825297355652,0.9856542944908142,1.2617104053497314,1.5182340145111084,1.6151663064956665,1.8585209846496582,1.7076345682144165,1.4178404808044434,1.2244960069656372,1.1892471313476562,0.8798773288726807,1.1215291023254395,1.0137029886245728,1.063491940498352,1.3369824886322021,1.416638970375061,1.6997437477111816,1.9618853330612183,2.1446988582611084,2.2438366413116455,2.092538595199585,1.923322081565857,1.823678731918335,1.5754289627075195,1.73365318775177,1.4427433013916016,1.6712281703948975,1.6427909135818481,1.4508064985275269,1.7754002809524536,1.6917959451675415,2.0592360496520996,2.1602606773376465,2.118380069732666,2.427846908569336,2.4344429969787598,2.145400285720825,2.103454351425171,1.7573150396347046,1.886012077331543,1.6243394613265991,1.6717017889022827,1.6810234785079956,1.3536056280136108,1.617445468902588,1.4871360063552856,1.8395049571990967,1.8016767501831055,1.8196465969085693,2.156644105911255
B9,2.4073448181152344,2.064941167831421,1.921157956123352,1.5431735515594482,1.521292805671692,1.234527587890625,1.1397401094436646,1.0792959928512573,0.7237586975097656,0.8981419801712036,0.8462651968002319,1.1404062509536743,1.1058151721954346,1.3267884254455566,1.6375043392181396,2.189645528793335,1.8800591230392456,1.6062877178192139,1.271012783050537,1.0907047986984253,0.7706072330474854,0.5959727764129639,0.37222349643707275,0.0,0.3821849822998047,0.5707882046699524,0.8471797108650208,1.0521889925003052,1.282907247543335,1.4497201442718506,1.9909512996673584,1.774395227432251,1.479784607887268,1.2126563787460327,1.1202490329742432,0.7523472905158997,0.8906033635139465,0.7140863537788391,0.7052547335624695,0.9764910936355591,1.0509042739868164,1.3444353342056274,1.5946431159973145,1.7889901399612427,1.9061875343322754,2.0832746028900146,1.8852207660675049,1.715436577796936,1.441983938217163,1.5232090950012207,1.1904629468917847,1.3891446590423584,1.308967113494873,1.1313265562057495,1.4426904916763306,1.3692855834960938,1.7293812036514282,1.863839864730835,1.8249539136886597,2.114344596862793,2.33390736579895,2.067064046859741,1.974472999572754,1.634353518486023,1.7389358282089233,1.4346596002578735,1.5186471939086914,1.4801915884017944,1.1733829975128174,1.4600690603256226,1.329028844833374,1.7003891468048096,1.732550024986267,1.7520822286605835,2.055793046951294
B10,2.7788217067718506,2.431293249130249,2.2962589263916016,1.9182138442993164,1.882922887802124,1.5997631549835205,1.4656919240951538,1.358746886253357,0.9996659159660339,1.0529265403747559,0.9024614095687866,1.128045678138733,0.977301836013794,1.1379889249801636,1.4885867834091187,2.521406888961792,2.20908784866333,1.9185739755630493,1.5992541313171387,1.3640798330307007,1.08396315574646,0.8242540955543518,0.5105075836181641,0.3821849822998047,0.0,0.37453320622444153,0.5027493834495544,0.7518787384033203,1.032355546951294,1.1577653884887695,2.2541584968566895,2.064333438873291,1.735247015953064,1.508180856704712,1.3537354469299316,1.012143850326538,1.0913063287734985,0.8166484832763672,0.8834413290023804,1.0255844593048096,1.0807958841323853,1.3010660409927368,1.605119228363037,1.7795000076293945,1.8218413591384888,2.3506124019622803,2.1913318634033203,2.0095772743225098,1.7682619094848633,1.8318995237350464,1.4944682121276855,1.692272424697876,1.5563132762908936,1.3984962701797485,1.6601197719573975,1.5358819961547852,1.874688982963562,2.007148265838623,1.895612120628357,2.165067434310913,2.6643519401550293,2.4161102771759033,2.3348333835601807,2.0045158863067627,2.1130807399749756,1.7987470626831055,1.879881501197815,1.8020731210708618,1.4831547737121582,1.7276942729949951,1.5299659967422485,1.887241244316101,1.899145245552063,1.8402373790740967,2.1384379863739014
B11,2.9198763370513916,2.5949907302856445,2.436525583267212,2.0624544620513916,2.024813652038574,1.6971702575683594,1.599806785583496,1.4209861755371094,1.054801344871521,1.1014268398284912,0.8404297828674316,1.1009716987609863,0.9749606847763062,1.018473744392395,1.3608899116516113,2.7541136741638184,2.447131872177124,2.1746647357940674,1.8399455547332764,1.6535574197769165,1.3319255113601685,1.1354485750198364,0.8138825297355652,0.5707882046699524,0.37453320622444153,0.0,0.3768097460269928,0.5486651062965393,0.7195990681648254,0.8876392245292664,2.547520875930786,2.324502944946289,2.0114314556121826,1.7403401136398315,1.5794650316238403,1.2158466577529907,1.208447813987732,0.8667703866958618,0.8170364499092102,0.8703012466430664,0.8101496696472168,1.028195858001709,1.3224421739578247,1.4465893507003784,1.4773972034454346,2.5809102058410645,2.3905162811279297,2.1690542697906494,1.899699091911316,1.8936563730239868,1.5262583494186401,1.651186466217041,1.4342981576919556,1.2597506046295166,1.4508229494094849,1.2746806144714355,1.5885692834854126,1.715531587600708,1.5647528171539307,1.8192572593688965,2.796887159347534,2.55592679977417,2.4207541942596436,2.091503143310547,2.145386219024658,1.796464443206787,1.8615200519561768,1.7086371183395386,1.401904582977295,1.6039345264434814,1.3663709163665771,1.7086207866668701,1.7611199617385864,1.6667457818984985,1.9246180057525635
B12,3.245635747909546,2.9085187911987305,2.7620651721954346,2.3848586082458496,2.3374481201171875,2.0268845558166504,1.8910274505615234,1.709983468055725,1.354283094406128,1.3259849548339844,1.050845742225647,1.2108309268951416,0.9780917167663574,0.9538267850875854,1.3200594186782837,3.0198426246643066,2.7095837593078613,2.418658494949341,2.099200963973999,1.8637568950653076,1.5779316425323486,1.3234515190124512,0.9856542944908142,0.8471797108650208,0.5027493834495544,0.3768097460269928,0.0,0.35622844099998474,0.6102558970451355,0.6767060160636902,2.74802565574646,2.5552191734313965,2.2159345149993896,1.985909104347229,1.7926019430160522,1.4576255083084106,1.4484500885009766,1.0923124551773071,1.130788803100586,1.1111557483673096,1.0710042715072632,1.1863808631896973,1.5148686170578003,1.6208232641220093,1.566849708557129,2.8059520721435547,2.6530277729034424,2.43758487701416,2.1992526054382324,2.2063355445861816,1.8499603271484375,1.9980360269546509,1.7760772705078125,1.6261489391326904,1.7974435091018677,1.605080485343933,1.8919360637664795,2.0113043785095215,1.8096822500228882,2.0377111434936523,3.098006010055542,2.8671679496765137,2.757577419281006,2.4334418773651123,2.508453607559204,2.1656925678253174,2.2326817512512207,2.0811800956726074,1.7663909196853638,1.9478907585144043,1.681085228919983,2.0021793842315674,2.0214366912841797,1.8710721731185913,2.125652551651001
B13,3.378009557723999,3.056209087371826,2.932657241821289,2.5588512420654297,2.551940679550171,2.2305378913879395,2.1415860652923584,1.9678764343261719,1.6029330492019653,1.620661735534668,1.3266854286193848,1.5184264183044434,1.3059968948364258,1.219254493713379,1.5675382614135742,3.227583646774292,2.8994064331054688,2.639481544494629,2.299614667892456,2.0950684547424316,1.812385082244873,1.555472731590271,1.2617104053497314,1.0521889925003052,0.7518787384033203,0.5486651062965393,0.35622844099998474,0.0,0.39675718545913696,0.6048469543457031,2.9225986003875732,2.7019100189208984,2.353956699371338,2.1093127727508545,1.869875431060791,1.5514912605285645,1.4552022218704224,1.067259669303894,1.1130099296569824,0.9741599559783936,0.936924159526825,0.9438607692718506,1.2866928577423096,1.404744029045105,1.3069473505020142,2.8846569061279297,2.7384932041168213,2.481559991836548,2.2604126930236816,2.2142958641052246,1.8608556985855103,1.9883395433425903,1.7267030477523804,1.6344490051269531,1.7581404447555542,1.5838297605514526,1.8239153623580933,1.983746886253357,1.764912486076355,1.9363820552825928,3.1469147205352783,2.9497876167297363,2.8251662254333496,2.525968313217163,2.600588798522949,2.2500152587890625,2.3528082370758057,2.1812002658843994,1.9043898582458496,2.0920000076293945,1.8357170820236206,2.151283025741577,2.219815969467163,2.0676820278167725,2.282547950744629
