,A1,A2,A3,A4,A5,A6,A7,A8,A9,A10,A11,A12,A13,A14,A15,B1,B2,B3,B4,B5,B6,B7,B8,B9,B10,B11,B12,B13,B14,B15,C1,C2,C3,C4,C5,C6,C7,C8,C9,C10,C11,C12,C13,C14,C15,D1,D2,D3,D4,D5,D6,D7,D8,D9,D10,D11,D12,D13,D14,D15,E1,E2,E3,E4,E5,E6,E7,E8,E9,E10,E11,E12,E13,E14,E15
A1,0.0,0.3823966979980469,0.6100339889526367,0.9034101366996765,1.1748807430267334,1.392458438873291,1.6802040338516235,2.0059256553649902,2.0506742000579834,2.399880886077881,2.5983047485351562,2.8846845626831055,3.0581886768341064,3.2559525966644287,3.404690742492676,0.9173932671546936,0.9237109422683716,1.2661128044128418,1.307519555091858,1.6808292865753174,1.7700172662734985,2.064155101776123,2.3451569080352783,2.221652030944824,2.5898585319519043,2.683204174041748,3.020038604736328,3.097599744796753,3.192100763320923,3.37345027923584,1.4131957292556763,1.1701362133026123,1.4570244550704956,1.3514115810394287,1.650569200515747,1.755396842956543,1.9200763702392578,2.2119035720825195,2.0681140422821045,2.373389482498169,2.517080783843994,2.8021671772003174,2.8113749027252197,2.941958427429199,3.2047300338745117,1.3405895233154297,1.0084316730499268,1.154369592666626,1.0803402662277222,1.2259613275527954,1.4658523797988892,1.516165018081665,1.8738131523132324,1.8462026119232178,2.11067533493042,2.353149175643921,2.5694758892059326,2.606884479522705,2.841002941131592,3.1272342205047607,0.8690868020057678,0.6148722171783447,0.5895366072654724,0.7561306357383728,0.8175629377365112,1.1717712879180908,1.2745840549468994,1.6660186052322388,1.7782436609268188,2.041480541229248,2.330317497253418,2.5395593643188477,2.6355605125427246,2.902801275253296,3.1270289421081543
A2,0.3823966979980469,0.0,0.39216867089271545,0.5999807715415955,0.8959782719612122,1.1297107934951782,1.387115478515625,1.733543872833252,1.7654060125350952,2.1050212383270264,2.319542407989502,2.5948333740234375,2.74674654006958,2.956113576889038,3.1292760372161865,0.6523160934448242,0.561427116394043,0.8938179612159729,0.9350098967552185,1.3050131797790527,1.4210880994796753,1.7095427513122559,2.010901689529419,1.922034502029419,2.2893643379211426,2.4180328845977783,2.7421817779541016,2.842806339263916,2.973360776901245,3.152768135070801,1.0648236274719238,0.8198979496955872,1.1082018613815308,1.024021863937378,1.3553555011749268,1.464613676071167,1.6757434606552124,1.9784047603607178,1.860014796257019,2.193481922149658,2.3462204933166504,2.6455001831054688,2.7013368606567383,2.848593235015869,3.0794763565063477,1.094693899154663,0.759629487991333,0.9634819626808167,0.8726317286491394,1.1201585531234741,1.312949538230896,1.4448983669281006,1.7870633602142334,1.7200498580932617,2.030457019805908,2.2334773540496826,2.4943222999572754,2.543099880218506,2.7416913509368896,3.016742706298828,0.8660485148429871,0.5066323280334473,0.5926200747489929,0.6039032340049744,0.7892082929611206,1.0734673738479614,1.2019965648651123,1.5822322368621826,1.6137744188308716,1.9029079675674438,2.1542818546295166,2.3950698375701904,2.460768222808838,2.692129611968994,2.9363486766815186
A3,0.6100339889526367,0.39216867089271545,0.0,0.37534764409065247,0.5678382515907288,0.827326238155365,1.084159255027771,1.4249670505523682,1.514775037765503,1.840260624885559,2.0759525299072266,2.3322436809539795,2.5204851627349854,2.75301194190979,2.8978099822998047,0.6024072766304016,0.6105723977088928,0.8101856112480164,0.8645206093788147,1.2232621908187866,1.2835724353790283,1.6180791854858398,1.882734775543213,1.8056206703186035,2.1861090660095215,2.2931745052337646,2.6328864097595215,2.769190788269043,2.889864444732666,3.0261411666870117,1.1824517250061035,0.9940622448921204,1.2387492656707764,1.1122839450836182,1.464310884475708,1.4836584329605103,1.7343913316726685,1.9823040962219238,1.8110100030899048,2.1620845794677734,2.256115436553955,2.586545705795288,2.644066333770752,2.745676040649414,2.9552690982818604,1.3853647708892822,1.0493625402450562,1.2072890996932983,1.0057820081710815,1.243134617805481,1.3365041017532349,1.4426122903823853,1.7286213636398315,1.5858389139175415,1.881063461303711,2.0399527549743652,2.305311441421509,2.3091769218444824,2.475288152694702,2.772123336791992,1.2101318836212158,0.8376003503799438,0.779687225818634,0.6142153143882751,0.6641739010810852,0.9065624475479126,0.9335097670555115,1.3064159154891968,1.3326947689056396,1.5833388566970825,1.8520547151565552,2.066150426864624,2.1110472679138184,2.358825445175171,2.6150732040405273
A4,0.9034101366996765,0.5999807715415955,0.37534764409065247,0.0,0.3724847435951233,0.5366777181625366,0.8018000721931458,1.1358426809310913,1.1747734546661377,1.5096471309661865,1.7352310419082642,2.0007898807525635,2.1690900325775146,2.3931546211242676,2.553612470626831,0.7491868734359741,0.5973419547080994,0.6282027959823608,0.5526339411735535,0.9012428522109985,0.9160995483398438,1.2531821727752686,1.5081874132156372,1.4350415468215942,1.8149511814117432,1.9349117279052734,2.2680583000183105,2.4161343574523926,2.555210828781128,2.6894190311431885,1.0810362100601196,0.8731796145439148,1.0126575231552124,0.8381554484367371,1.1845835447311401,1.1551495790481567,1.4352788925170898,1.6635655164718628,1.5012283325195312,1.8676512241363525,1.961227297782898,2.2990734577178955,2.3927903175354004,2.50715708732605,2.6882574558258057,1.294539451599121,0.97555011510849,1.0827702283859253,0.8273830413818359,1.10172700881958,1.1115837097167969,1.2769895792007446,1.524407148361206,1.3494502305984497,1.6798169612884521,1.8024346828460693,2.104008197784424,2.1329104900360107,2.273066997528076,2.545823097229004,1.2617137432098389,0.889793872833252,0.8398818373680115,0.5380353331565857,0.6793148517608643,0.7671968936920166,0.8497000932693481,1.1686149835586548,1.1009587049484253,1.393952488899231,1.6075658798217773,1.8663116693496704,1.905694603919983,2.110239028930664,2.3657150268554688
A5,1.1748807430267334,0.8959782719612122,0.5678382515907288,0.3724847435951233,0.0,0.37404388189315796,0.5267441868782043,0.8899000287055969,1.0355149507522583,1.318135142326355,1.5961154699325562,1.8122880458831787,2.0112438201904297,2.2787134647369385,2.4208755493164062,0.7894145250320435,0.7552357912063599,0.6392682790756226,0.6579729914665222,0.9052647352218628,0.897165060043335,1.2578874826431274,1.4800350666046143,1.4653522968292236,1.8388179540634155,1.9589329957962036,2.287893295288086,2.4834985733032227,2.6304914951324463,2.7174720764160156,1.2022756338119507,1.099128246307373,1.2271559238433838,1.0936213731765747,1.432159662246704,1.351699948310852,1.6646846532821655,1.843666434288025,1.6605111360549927,2.033451795578003,2.0734875202178955,2.432948112487793,2.5410048961639404,2.6153669357299805,2.7611348628997803,1.5936872959136963,1.3092347383499146,1.4355708360671997,1.1720863580703735,1.435877799987793,1.3828294277191162,1.5323578119277954,1.716042399406433,1.4715818166732788,1.777424693107605,1.8319332599639893,2.1406779289245605,2.118347644805908,2.201042652130127,2.491887331008911,1.6295485496520996,1.2535392045974731,1.1933603286743164,0.8797438740730286,0.9156865477561951,0.9402701258659363,0.8907918334007263,1.1473270654678345,1.0341179370880127,1.2555365562438965,1.4647051095962524,1.6891597509384155,1.6683512926101685,1.8735764026641846,2.163524627685547
A6,1.392458438873291,1.1297107934951782,0.827326238155365,0.5366777181625366,0.37404388189315796,0.0,0.3627025783061981,0.6162070035934448,0.7061705589294434,1.0257232189178467,1.2628319263458252,1.5113898515701294,1.7236757278442383,1.9645386934280396,2.086923360824585,1.1472702026367188,1.0414413213729858,0.8725083470344543,0.7311705350875854,0.9060178399085999,0.7431588172912598,1.0987659692764282,1.2380385398864746,1.177469253540039,1.5491691827774048,1.6282007694244385,1.9694149494171143,2.1672229766845703,2.2940990924835205,2.362691879272461,1.4232546091079712,1.27628493309021,1.2975491285324097,1.083322525024414,1.359816074371338,1.186166763305664,1.4825782775878906,1.593721866607666,1.3742084503173828,1.7393220663070679,1.7411439418792725,2.1088309288024902,2.2228572368621826,2.2802255153656006,2.407163381576538,1.713972806930542,1.4271129369735718,1.4590232372283936,1.139805555343628,1.349385142326355,1.2034032344818115,1.339630365371704,1.4521504640579224,1.165982961654663,1.4665590524673462,1.483446478843689,1.8064510822296143,1.7935718297958374,1.861171007156372,2.136845827102661,1.7334179878234863,1.382785677909851,1.26081383228302,0.8960460424423218,0.9015482068061829,0.7746718525886536,0.7299230098724365,0.886987566947937,0.6946303844451904,0.9480129480361938,1.1186705827713013,1.3792182207107544,1.3877378702163696,1.5753740072250366,1.8412837982177734
A7,1.6802040338516235,1.387115478515625,1.084159255027771,0.8018000721931458,0.5267441868782043,0.3627025783061981,0.0,0.39355525374412537,0.595893383026123,0.8096520900726318,1.1232305765151978,1.2997968196868896,1.5086933374404907,1.8005729913711548,1.9364172220230103,1.2460813522338867,1.1628389358520508,0.8862807154655457,0.8026987910270691,0.8375843167304993,0.6835640072822571,1.0108797550201416,1.130013108253479,1.173858642578125,1.5121769905090332,1.6295433044433594,1.936870813369751,2.1840462684631348,2.3475191593170166,2.3829824924468994,1.448724627494812,1.3881962299346924,1.3845298290252686,1.2366536855697632,1.4984827041625977,1.3174947500228882,1.6444964408874512,1.731062412261963,1.5453888177871704,1.9081993103027344,1.8907183408737183,2.2596957683563232,2.412416458129883,2.461060047149658,2.5392704010009766,1.8748531341552734,1.6376514434814453,1.7059922218322754,1.416878581047058,1.6567201614379883,1.4877945184707642,1.6547636985778809,1.7288968563079834,1.417120099067688,1.706645131111145,1.6532365083694458,1.9906251430511475,1.9574264287948608,1.9547251462936401,2.2176787853240967,2.0202207565307617,1.6647624969482422,1.5920315980911255,1.2322627305984497,1.2613266706466675,1.128163456916809,1.0560075044631958,1.1402592658996582,0.8790375590324402,1.0494862794876099,1.1404688358306885,1.3844804763793945,1.3021875619888306,1.4312907457351685,1.7425813674926758
A8,2.0059256553649902,1.733543872833252,1.4249670505523682,1.1358426809310913,0.8899000287055969,0.6162070035934448,0.39355525374412537,0.0,0.37564313411712646,0.489461213350296,0.793688178062439,0.9516857862472534,1.2101157903671265,1.498587727546692,1.5889451503753662,1.6372742652893066,1.5457768440246582,1.261391282081604,1.1252034902572632,1.0905836820602417,0.8317968845367432,1.0800299644470215,1.0551825761795044,1.0878210067749023,1.37693190574646,1.4366775751113892,1.7358430624008179,2.007452964782715,2.1472721099853516,2.12880277633667,1.8030333518981934,1.7308952808380127,1.668283462524414,1.484110713005066,1.6815950870513916,1.4279582500457764,1.7208499908447266,1.717247486114502,1.5032212734222412,1.8305115699768066,1.7440341711044312,2.1130762100219727,2.2730979919433594,2.279445171356201,2.312628984451294,2.1804609298706055,1.9468683004379272,1.957773208618164,1.6428929567337036,1.8281806707382202,1.5899831056594849,1.7240430116653442,1.7071267366409302,1.356290578842163,1.5934779644012451,1.457480788230896,1.7912988662719727,1.7370518445968628,1.6711642742156982,1.9159997701644897,2.3085482120513916,1.970815658569336,1.8553740978240967,1.4827066659927368,1.4685910940170288,1.250822901725769,1.1488933563232422,1.093904972076416,0.7675038576126099,0.850720226764679,0.8355135321617126,1.078756332397461,0.9695281982421875,1.0506024360656738,1.3610987663269043
A9,2.0506742000579834,1.7654060125350952,1.514775037765503,1.1747734546661377,1.0355149507522583,0.7061705589294434,0.595893383026123,0.37564313411712646,0.0,0.38005316257476807,0.5654757618904114,0.8377002477645874,1.0324854850769043,1.2598861455917358,1.3901393413543701,1.763621211051941,1.5934627056121826,1.3114084005355835,1.0772645473480225,1.0042320489883423,0.6606147885322571,0.8387768864631653,0.7422839403152466,0.7213503122329712,1.0115448236465454,1.0706413984298706,1.3783612251281738,1.6392279863357544,1.7909364700317383,1.798662781715393,1.7931569814682007,1.6773674488067627,1.5366184711456299,1.3165980577468872,1.4428369998931885,1.144904375076294,1.4110546112060547,1.3679834604263306,1.171647310256958,1.4900376796722412,1.4181137084960938,1.7789297103881836,1.9689666032791138,2.0104496479034424,2.0326344966888428,2.0558884143829346,1.8433313369750977,1.7959378957748413,1.485766053199768,1.6448339223861694,1.3636646270751953,1.5261484384536743,1.4756702184677124,1.1424219608306885,1.4054361581802368,1.264155387878418,1.626222014427185,1.6430745124816895,1.5977580547332764,1.7898967266082764,2.2101757526397705,1.9075576066970825,1.7980057001113892,1.4275540113449097,1.4654827117919922,1.1942294836044312,1.1903165578842163,1.1115220785140991,0.7405192852020264,0.9227725863456726,0.8213241100311279,1.151322841644287,1.1216799020767212,1.135838270187378,1.3800935745239258
A10,2.399880886077881,2.1050212383270264,1.840260624885559,1.5096471309661865,1.318135142326355,1.0257232189178467,0.8096520900726318,0.489461213350296,0.38005316257476807,0.0,0.3761809468269348,0.4970831573009491,0.7222836017608643,1.016911268234253,1.1375058889389038,2.0261998176574707,1.8779077529907227,1.5540218353271484,1.3612982034683228,1.2089179754257202,0.9001525640487671,0.9830090999603271,0.794746458530426,0.889037013053894,1.0634652376174927,1.1259230375289917,1.362828016281128,1.676233172416687,1.845848798751831,1.791334867477417,2.0236480236053467,1.9605928659439087,1.805372714996338,1.6286139488220215,1.732222080230713,1.4352494478225708,1.6937892436981201,1.607934832572937,1.444181203842163,1.721811056137085,1.6109697818756104,1.9500083923339844,2.1651694774627686,2.1790318489074707,2.1390140056610107,2.3577170372009277,2.174675464630127,2.143439769744873,1.849424958229065,2.01414155960083,1.722359538078308,1.8834161758422852,1.7941465377807617,1.4549603462219238,1.6718698740005493,1.4610666036605835,1.8048688173294067,1.7931413650512695,1.6644595861434937,1.8250665664672852,2.573763847351074,2.2678773403167725,2.1730270385742188,1.8018702268600464,1.8324888944625854,1.5621824264526367,1.5226603746414185,1.3983752727508545,1.0274171829223633,1.097927451133728,0.9022197127342224,1.1713895797729492,1.0501512289047241,0.9457272291183472,1.2154126167297363
A11,2.5983047485351562,2.319542407989502,2.0759525299072266,1.7352310419082642,1.5961154699325562,1.2628319263458252,1.1232305765151978,0.793688178062439,0.5654757618904114,0.3761809468269348,0.0,0.3752292990684509,0.5718491673469543,0.7415964603424072,0.8255793452262878,2.321145534515381,2.142256498336792,1.839881181716919,1.595374345779419,1.4477112293243408,1.100712776184082,1.1119043827056885,0.8114694952964783,0.8138768672943115,0.8895177245140076,0.8524228930473328,1.0746359825134277,1.3858916759490967,1.522606372833252,1.4331134557724,2.2813148498535156,2.178333044052124,1.978822112083435,1.763526201248169,1.7991963624954224,1.4607603549957275,1.6511317491531372,1.4802749156951904,1.3117619752883911,1.5237916707992554,1.3637487888336182,1.677276372909546,1.9037710428237915,1.9021003246307373,1.8201854228973389,2.511366844177246,2.3312859535217285,2.23917555809021,1.9400821924209595,2.0466532707214355,1.7137715816497803,1.8484796285629272,1.6869219541549683,1.3636964559555054,1.5307692289352417,1.2703150510787964,1.6004903316497803,1.6229246854782104,1.4713554382324219,1.567171573638916,2.6942696571350098,2.420522451400757,2.2991526126861572,1.9372342824935913,1.9604887962341309,1.643886923789978,1.6347383260726929,1.4447025060653687,1.0783876180648804,1.1377588510513306,0.8472086787223816,1.1311473846435547,1.0816001892089844,0.9096080660820007,1.0713918209075928
A12,2.8846845626831055,2.5948333740234375,2.3322436809539795,2.0007898807525635,1.8122880458831787,1.5113898515701294,1.2997968196868896,0.9516857862472534,0.8377002477645874,0.4970831573009491,0.3752292990684509,0.0,0.3635832667350769,0.647649884223938,0.6965530514717102,2.5194427967071533,2.3673245906829834,2.0338478088378906,1.8337790966033936,1.6429252624511719,1.3362280130386353,1.3206709623336792,1.0206249952316284,1.1240873336791992,1.136269450187683,1.1306709051132202,1.2624340057373047,1.6034797430038452,1.755782127380371,1.613277554512024,2.474652051925659,2.420441150665283,2.2282662391662598,2.0537617206573486,2.099381685256958,1.779675006866455,1.9855170249938965,1.8172552585601807,1.6760014295578003,1.873482346534729,1.7031500339508057,1.9933644533157349,2.2278473377227783,2.203519821166992,2.0799343585968018,2.78707218170166,2.624950885772705,2.5639615058898926,2.2752058506011963,2.404998779296875,2.080292224884033,2.2203056812286377,2.0587656497955322,1.7301963567733765,1.8764851093292236,1.5898008346557617,1.892722725868225,1.8760554790496826,1.6615867614746094,1.7410882711410522,3.0206503868103027,2.732490062713623,2.6271684169769287,2.259303331375122,2.2774651050567627,1.9765549898147583,1.9317870140075684,1.736409306526184,1.3773826360702515,1.3672963380813599,1.0637130737304688,1.2597339153289795,1.1142189502716064,0.8380060791969299,1.0243669748306274
A13,3.0581886768341064,2.74674654006958,2.5204851627349854,2.1690900325775146,2.0112438201904297,1.7236757278442383,1.5086933374404907,1.2101157903671265,1.0324854850769043,0.7222836017608643,0.5718491673469543,0.3635832667350769,0.0,0.39346402883529663,0.6116843223571777,2.6695501804351807,2.4821858406066895,2.134305477142334,1.918559193611145,1.6742873191833496,1.3904415369033813,1.277580738067627,0.9378107786178589,1.1009397506713867,1.0068775415420532,1.0583785772323608,1.088727355003357,1.4482256174087524,1.656773567199707,1.5273083448410034,2.5100629329681396,2.4697272777557373,2.232760190963745,2.0871498584747314,2.0819945335388184,1.7756974697113037,1.9614202976226807,1.7790056467056274,1.7097876071929932,1.879289150238037,1.7453066110610962,1.995352029800415,2.2722322940826416,2.290107488632202,2.1377182006835938,2.7987799644470215,2.6813948154449463,2.614147186279297,2.3603763580322266,2.4982120990753174,2.1730027198791504,2.3496501445770264,2.1889233589172363,1.8953264951705933,2.0620713233947754,1.7863962650299072,2.095909595489502,2.127683162689209,1.9262672662734985,1.9560458660125732,3.1101348400115967,2.8431873321533203,2.773818016052246,2.4161736965179443,2.4820027351379395,2.181838035583496,2.1853935718536377,2.012834072113037,1.6436245441436768,1.6843018531799316,1.3789693117141724,1.6014268398284912,1.4756417274475098,1.1865708827972412,1.3295866250991821
A14,3.2559525966644287,2.956113576889038,2.75301194190979,2.3931546211242676,2.2787134647369385,1.9645386934280396,1.8005729913711548,1.498587727546692,1.2598861455917358,1.016911268234253,0.7415964603424072,0.647649884223938,0.39346402883529663,0.0,0.3786187767982483,2.947051763534546,2.7308247089385986,2.403118133544922,2.146695852279663,1.9137840270996094,1.6089915037155151,1.4553576707839966,1.0705550909042358,1.1509665250778198,0.9457448720932007,0.9114320874214172,0.8410384058952332,1.1823887825012207,1.3679046630859375,1.2020928859710693,2.7515664100646973,2.6758430004119873,2.403775215148926,2.231658458709717,2.1670515537261963,1.842915415763855,1.9601212739944458,1.7121140956878662,1.6661725044250488,1.7575889825820923,1.6020416021347046,1.7933143377304077,2.0839345455169678,2.1022067070007324,1.9035544395446777,2.942563533782959,2.8333652019500732,2.716536045074463,2.469489574432373,2.5604538917541504,2.214364528656006,2.3732829093933105,2.1647050380706787,1.909221887588501,2.036001682281494,1.7451510429382324,2.024691343307495,2.0987343788146973,1.896692156791687,1.8521283864974976,3.2305691242218018,2.996260643005371,2.912614107131958,2.569185256958008,2.637777805328369,2.311694622039795,2.3472394943237305,2.143794059753418,1.7893602848052979,1.8385798931121826,1.5010749101638794,1.7267072200775146,1.664590835571289,1.362187385559082,1.4031554460525513
A15,3.404690742492676,3.1292760372161865,2.8978099822998047,2.553612470626831,2.4208755493164062,2.086923360824585,1.9364172220230103,1.5889451503753662,1.3901393413543701,1.1375058889389038,0.8255793452262878,0.6965530514717102,0.6116843223571777,0.3786187767982483,0.0,3.136549472808838,2.9449245929718018,2.628713607788086,2.3763694763183594,2.1790835857391357,1.8511360883712769,1.750356912612915,1.3697788715362549,1.3911973237991333,1.2231935262680054,1.0864899158477783,1.0519994497299194,1.3482348918914795,1.4339630603790283,1.1825860738754272,3.0232791900634766,2.9322469234466553,2.682321548461914,2.480196475982666,2.433415174484253,2.088355541229248,2.1915106773376465,1.9163702726364136,1.8130723237991333,1.8745578527450562,1.649322748184204,1.832014560699463,2.08111572265625,2.0293729305267334,1.7992770671844482,3.2126317024230957,3.0704824924468994,2.9390478134155273,2.662384033203125,2.721785068511963,2.361619710922241,2.4694981575012207,2.2197999954223633,1.950072169303894,2.009882926940918,1.6764247417449951,1.9068135023117065,1.9430054426193237,1.6891072988510132,1.6136571168899536,3.4281954765319824,3.187411069869995,3.0623059272766113,2.7141222953796387,2.733464002609253,2.3912124633789062,2.3875064849853516,2.1316299438476562,1.8033307790756226,1.7821506261825562,1.4152719974517822,1.574632167816162,1.5220478773117065,1.187676191329956,1.144945502281189
B1,0.9173932671546936,0.6523160934448242,0.6024072766304016,0.7491868734359741,0.7894145250320435,1.1472702026367188,1.2460813522338867,1.6372742652893066,1.763621211051941,2.0261998176574707,2.321145534515381,2.5194427967071533,2.6695501804351807,2.947051763534546,3.136549472808838,0.0,0.3797127902507782,0.6139659881591797,0.9024382829666138,1.1811704635620117,1.394149899482727,1.6875797510147095,2.018409013748169,2.046013832092285,2.405977249145508,2.590050220489502,2.8915634155273438,3.060889959335327,3.2434287071228027,3.383406639099121,0.8384606838226318,0.8492876291275024,1.189814805984497,1.24696946144104,1.6158864498138428,1.71669602394104,2.012504816055298,2.301335334777832,2.2007203102111816,2.5688962936401367,2.6920082569122314,3.0218584537506104,3.126561403274536,3.2541444301605225,3.4345993995666504,1.3393861055374146,1.1270135641098022,1.4330775737762451,1.3510165214538574,1.6697304248809814,1.7810252904891968,1.9604275226593018,2.249924659729004,2.09688401222229,2.421015739440918,2.5430045127868652,2.838742256164551,2.839440107345581,2.9620132446289062,3.2544524669647217,1.4416347742080688,1.095707893371582,1.2308658361434937,1.121593952178955,1.2599705457687378,1.4717180728912354,1.4926670789718628,1.8358992338180542,1.7908061742782593,2.022599458694458,2.25201153755188,2.466785430908203,2.4356284141540527,2.641540050506592,2.945645332336426
B2,0.9237109422683716,0.561427116394043,0.6105723977088928,0.5973419547080994,0.7552357912063599,1.0414413213729858,1.1628389358520508,1.5457768440246582,1.5934627056121826,1.8779077529907227,2.142256498336792,2.3673245906829834,2.4821858406066895,2.7308247089385986,2.9449245929718018,0.3797127902507782,0.0,0.395196795463562,0.5995985865592957,0.9020550847053528,1.131932258605957,1.3957345485687256,1.7452284097671509,1.760437250137329,2.1110801696777344,2.311744451522827,2.6006667613983154,2.7515060901641846,2.9471523761749268,3.1122591495513916,0.5779566168785095,0.4889952838420868,0.815330982208252,0.8780065178871155,1.242484450340271,1.3692411184310913,1.6608511209487915,1.9677482843399048,1.9032008647918701,2.267383575439453,2.4227259159088135,2.737118721008301,2.861366033554077,3.0217623710632324,3.197714328765869,1.0061638355255127,0.7981212735176086,1.10270094871521,1.041764259338379,1.3908416032791138,1.4982998371124268,1.7242523431777954,2.017721176147461,1.8891050815582275,2.239665985107422,2.368255138397217,2.68082332611084,2.7255289554595947,2.8571863174438477,3.120269536972046,1.215678095817566,0.8722549676895142,1.0587066411972046,0.9288734197616577,1.1649556159973145,1.330788493156433,1.4342625141143799,1.7648265361785889,1.6802423000335693,1.9642430543899536,2.1550514698028564,2.4161908626556396,2.4085819721221924,2.581522226333618,2.8687727451324463
B3,1.2661128044128418,0.8938179612159729,0.8101856112480164,0.6282027959823608,0.6392682790756226,0.8725083470344543,0.8862807154655457,1.261391282081604,1.3114084005355835,1.5540218353271484,1.839881181716919,2.0338478088378906,2.134305477142334,2.403118133544922,2.628713607788086,0.6139659881591797,0.395196795463562,0.0,0.3734006881713867,0.5708429217338562,0.8280331492424011,1.0896409749984741,1.4367992877960205,1.5123000144958496,1.8499664068222046,2.0751569271087646,2.3466362953186035,2.535649538040161,2.7574448585510254,2.896331548690796,0.5836829543113708,0.6022592186927795,0.7679873704910278,0.8362769484519958,1.1849589347839355,1.2472765445709229,1.5852065086364746,1.8501101732254028,1.7926448583602905,2.168409824371338,2.2981011867523193,2.6251869201660156,2.7868571281433105,2.9372291564941406,3.070787191390991,1.1705915927886963,1.010498285293579,1.2576531171798706,1.1446093320846558,1.5045832395553589,1.5187448263168335,1.7752916812896729,2.008981466293335,1.8282268047332764,2.1872284412384033,2.2554187774658203,2.5940802097320557,2.631887912750244,2.714259147644043,2.96415638923645,1.5075160264968872,1.1648222208023071,1.304732322692871,1.0772877931594849,1.2991639375686646,1.3641546964645386,1.4434964656829834,1.7119191884994507,1.5491788387298584,1.8194957971572876,1.9579460620880127,2.2294085025787354,2.1824769973754883,2.311387300491333,2.614532947540283
B4,1.307519555091858,0.9350098967552185,0.8645206093788147,0.5526339411735535,0.6579729914665222,0.7311705350875854,0.8026987910270691,1.1252034902572632,1.0772645473480225,1.3612982034683228,1.595374345779419,1.8337790966033936,1.918559193611145,2.146695852279663,2.3763694763183594,0.9024382829666138,0.5995985865592957,0.3734006881713867,0.0,0.3757231831550598,0.5394451022148132,0.8087245225906372,1.1470556259155273,1.1723319292068481,1.517824649810791,1.7330752611160278,2.0110809803009033,2.1811883449554443,2.3962631225585938,2.5497384071350098,0.7511529922485352,0.609367847442627,0.597415030002594,0.5327399373054504,0.8677613139152527,0.8812597990036011,1.224145531654358,1.4776262044906616,1.4243054389953613,1.79853355884552,1.9388281106948853,2.2588601112365723,2.429365873336792,2.594639301300049,2.725368022918701,1.082387924194336,0.8976279497146606,1.0394985675811768,0.8779540657997131,1.2278319597244263,1.1921006441116333,1.4744207859039307,1.6863212585449219,1.5160109996795654,1.8879398107528687,1.9575861692428589,2.3043806552886963,2.377419948577881,2.470609426498413,2.6942410469055176,1.399607539176941,1.0772168636322021,1.1745620965957642,0.9022341370582581,1.1601855754852295,1.1477807760238647,1.2900081872940063,1.5232763290405273,1.330815076828003,1.6437238454818726,1.7477269172668457,2.056429624557495,2.049253225326538,2.158263683319092,2.4297072887420654
B5,1.6808292865753174,1.3050131797790527,1.2232621908187866,0.9012428522109985,0.9052647352218628,0.9060178399085999,0.8375843167304993,1.0905836820602417,1.0042320489883423,1.2089179754257202,1.4477112293243408,1.6429252624511719,1.6742873191833496,1.9137840270996094,2.1790835857391357,1.1811704635620117,0.9020550847053528,0.5708429217338562,0.3757231831550598,0.0,0.3747585415840149,0.5301977396011353,0.8999477624893188,1.0338306427001953,1.3299285173416138,1.6009860038757324,1.8317409753799438,2.0365164279937744,2.297340154647827,2.4364733695983887,0.8443556427955627,0.8187745213508606,0.6715824007987976,0.6903014779090881,0.9114935398101807,0.8893485069274902,1.2492319345474243,1.4593491554260254,1.4582390785217285,1.8204933404922485,1.9535653591156006,2.2642629146575928,2.4820308685302734,2.653883934020996,2.7364726066589355,1.2523387670516968,1.1610218286514282,1.281140923500061,1.1480575799942017,1.4819225072860718,1.3869199752807617,1.695643424987793,1.8500950336456299,1.6581435203552246,2.0283470153808594,2.0401103496551514,2.406346321105957,2.486492872238159,2.5313477516174316,2.7252161502838135,1.709434151649475,1.4171841144561768,1.5278993844985962,1.247128963470459,1.4955036640167236,1.421993613243103,1.5513039827346802,1.7189562320709229,1.4585678577423096,1.7492632865905762,1.7790634632110596,2.099074602127075,2.051877975463867,2.0930912494659424,2.372894287109375
B6,1.7700172662734985,1.4210880994796753,1.2835724353790283,0.9160995483398438,0.897165060043335,0.7431588172912598,0.6835640072822571,0.8317968845367432,0.6606147885322571,0.9001525640487671,1.100712776184082,1.3362280130386353,1.3904415369033813,1.6089915037155151,1.8511360883712769,1.394149899482727,1.131932258605957,0.8280331492424011,0.5394451022148132,0.3747585415840149,0.0,0.3639843761920929,0.626014769077301,0.7064046859741211,1.0363128185272217,1.2668566703796387,1.5281544923782349,1.7445720434188843,1.980867624282837,2.097092866897583,1.1915839910507202,1.0901485681533813,0.9052459597587585,0.7661919593811035,0.924578845500946,0.7496306300163269,1.1024243831634521,1.228245496749878,1.174720048904419,1.537894368171692,1.626644492149353,1.9524763822555542,2.1719019412994385,2.3201522827148438,2.3867833614349365,1.4662721157073975,1.3211477994918823,1.3408753871917725,1.124302864074707,1.3953287601470947,1.2125329971313477,1.4976075887680054,1.5861679315567017,1.359118938446045,1.7161064147949219,1.6934232711791992,2.0647928714752197,2.147754430770874,2.1784489154815674,2.359173536300659,1.8004299402236938,1.5108097791671753,1.532781958580017,1.2048821449279785,1.4025746583938599,1.2409398555755615,1.3632380962371826,1.4601390361785889,1.161014437675476,1.4525281190872192,1.4422627687454224,1.7792716026306152,1.7549753189086914,1.782355785369873,2.037775993347168
B7,2.064155101776123,1.7095427513122559,1.6180791854858398,1.2531821727752686,1.2578874826431274,1.0987659692764282,1.0108797550201416,1.0800299644470215,0.8387768864631653,0.9830090999603271,1.1119043827056885,1.3206709623336792,1.277580738067627,1.4553576707839966,1.750356912612915,1.6875797510147095,1.3957345485687256,1.0896409749984741,0.8087245225906372,0.5301977396011353,0.3639843761920929,0.0,0.3955090343952179,0.5933252573013306,0.8209769129753113,1.1303596496582031,1.3198031187057495,1.5405985116958618,1.8295671939849854,1.9623973369598389,1.320932388305664,1.244175672531128,0.9629199504852295,0.8762632608413696,0.8990650177001953,0.7244987487792969,1.0388728380203247,1.1298723220825195,1.1741026639938354,1.4950536489486694,1.6114280223846436,1.897456169128418,2.163111925125122,2.343900442123413,2.373124122619629,1.533534049987793,1.4660545587539673,1.455960988998413,1.296160340309143,1.5471845865249634,1.346006989479065,1.6590728759765625,1.7128609418869019,1.5187286138534546,1.8680435419082642,1.82088303565979,2.195169687271118,2.3143301010131836,2.3253467082977295,2.456415891647339,1.972642183303833,1.7284399271011353,1.7841517925262451,1.4828253984451294,1.7104578018188477,1.528164029121399,1.6824272871017456,1.7443835735321045,1.424247145652771,1.7087734937667847,1.6318166255950928,1.9816465377807617,1.9529861211776733,1.9133083820343018,2.144657611846924
B8,2.3451569080352783,2.010901689529419,1.882734775543213,1.5081874132156372,1.4800350666046143,1.2380385398864746,1.130013108253479,1.0551825761795044,0.7422839403152466,0.794746458530426,0.8114694952964783,1.0206249952316284,0.9378107786178589,1.0705550909042358,1.3697788715362549,2.018409013748169,1.7452284097671509,1.4367992877960205,1.1470556259155273,0.8999477624893188,0.626014769077301,0.3955090343952179,0.0,0.37698403000831604,0.49717390537261963,0.8023171424865723,0.9706363677978516,1.238134741783142,1.5281822681427002,1.6178791522979736,1.713832139968872,1.621805191040039,1.3344038724899292,1.192102074623108,1.1546086072921753,0.8838735222816467,1.1182465553283691,1.0661009550094604,1.087934136390686,1.3579305410385132,1.4085620641708374,1.6854273080825806,1.9751243591308594,2.1286959648132324,2.105804204940796,1.8823771476745605,1.7968153953552246,1.7269500494003296,1.5280301570892334,1.7113001346588135,1.439034104347229,1.7115875482559204,1.6726744174957275,1.454238772392273,1.7575339078903198,1.6425578594207764,2.011890172958374,2.136068105697632,2.1034533977508545,2.1922385692596436,2.2547950744628906,2.020634412765503,2.0198025703430176,1.6991729736328125,1.8763164281845093,1.6272673606872559,1.7588491439819336,1.731576919555664,1.3795042037963867,1.6219148635864258,1.462282419204712,1.811497688293457,1.7879409790039062,1.6874979734420776,1.8790314197540283
B9,2.221652030944824,1.922034502029419,1.8056206703186035,1.4350415468215942,1.4653522968292236,1.177469253540039,1.173858642578125,1.0878210067749023,0.7213503122329712,0.889037013053894,0.8138768672943115,1.1240873336791992,1.1009397506713867,1.1509665250778198,1.3911973237991333,2.046013832092285,1.760437250137329,1.5123000144958496,1.1723319292068481,1.0338306427001953,0.7064046859741211,0.5933252573013306,0.37698403000831604,0.0,0.3828541040420532,0.5696800947189331,0.8458947539329529,1.0465667247772217,1.2784521579742432,1.4032989740371704,1.808337688446045,1.6380316019058228,1.352537989616394,1.1177812814712524,1.044814944267273,0.6994202136993408,0.8681294322013855,0.7517759203910828,0.7187048196792603,0.9944638013839722,1.0467594861984253,1.3380926847457886,1.6124008893966675,1.7755502462387085,1.7833157777786255,1.8387666940689087,1.7099230289459229,1.5667428970336914,1.3337188959121704,1.448523998260498,1.1369620561599731,1.3837474584579468,1.311841607093811,1.114742636680603,1.414371132850647,1.3258628845214844,1.6907743215560913,1.8511825799942017,1.8643900156021118,1.9437836408615112,2.0888478755950928,1.879464864730835,1.8274590969085693,1.5160470008850098,1.6738704442977905,1.3899766206741333,1.557432770729065,1.507548451423645,1.1813350915908813,1.4574077129364014,1.3081612586975098,1.6777933835983276,1.7300554513931274,1.671499490737915,1.8135734796524048
B10,2.5898585319519043,2.2893643379211426,2.1861090660095215,1.8149511814117432,1.8388179540634155,1.5491691827774048,1.5121769905090332,1.37693190574646,1.0115448236465454,1.0634652376174927,0.8895177245140076,1.136269450187683,1.0068775415420532,0.9457448720932007,1.2231935262680054,2.405977249145508,2.1110801696777344,1.8499664068222046,1.517824649810791,1.3299285173416138,1.0363128185272217,0.8209769129753113,0.49717390537261963,0.3828541040420532,0.0,0.3775683045387268,0.5028674006462097,0.7414463758468628,1.0413343906402588,1.1615393161773682,2.098113775253296,1.9466971158981323,1.6240484714508057,1.4231754541397095,1.2768605947494507,0.9589226841926575,1.0317351818084717,0.815456748008728,0.8798961043357849,1.027854561805725,1.0639301538467407,1.2771501541137695,1.6017283201217651,1.7765371799468994,1.7164114713668823,2.0986380577087402,2.014134645462036,1.850657343864441,1.6536166667938232,1.7381755113601685,1.4195315837860107,1.652522325515747,1.5260331630706787,1.365249514579773,1.6110690832138062,1.4786639213562012,1.8170952796936035,2.002756357192993,1.9794085025787354,1.9899709224700928,2.394073009490967,2.215071201324463,2.174182176589966,1.8791108131408691,2.0395894050598145,1.7434748411178589,1.9114480018615723,1.8218706846237183,1.4929195642471313,1.7292355298995972,1.5158054828643799,1.8683557510375977,1.914412021636963,1.7849817276000977,1.8811043500900269
B11,2.683204174041748,2.4180328845977783,2.2931745052337646,1.9349117279052734,1.9589329957962036,1.6282007694244385,1.6295433044433594,1.4366775751113892,1.0706413984298706,1.1259230375289917,0.8524228930473328,1.1306709051132202,1.0583785772323608,0.9114320874214172,1.0864899158477783,2.590050220489502,2.311744451522827,2.0751569271087646,1.7330752611160278,1.6009860038757324,1.2668566703796387,1.1303596496582031,0.8023171424865723,0.5696800947189331,0.3775683045387268,0.0,0.37688183784484863,0.5731870532035828,0.7561523914337158,0.8362365365028381,2.3723182678222656,2.1862618923187256,1.8866926431655884,1.6328500509262085,1.4931268692016602,1.1411375999450684,1.1478205919265747,0.8356198668479919,0.796329140663147,0.8539587259292603,0.7769681811332703,0.9880074262619019,1.3047231435775757,1.4384372234344482,1.3513681888580322,2.327241897583008,2.2002813816070557,1.993139624595642,1.7573431730270386,1.7710932493209839,1.416116714477539,1.5742194652557373,1.3638584613800049,1.20350182056427,1.3748726844787598,1.2016141414642334,1.5108778476715088,1.7131295204162598,1.6847951412200928,1.6553486585617065,2.5072574615478516,2.3371739387512207,2.2356109619140625,1.9413117170333862,2.0460903644561768,1.7123188972473145,1.8631175756454468,1.7075433731079102,1.4029942750930786,1.6027005910873413,1.3558659553527832,1.691420316696167,1.7894258499145508,1.6608073711395264,1.6877235174179077
B12,3.020038604736328,2.7421817779541016,2.6328864097595215,2.2680583000183105,2.287893295288086,1.9694149494171143,1.936870813369751,1.7358430624008179,1.3783612251281738,1.362828016281128,1.0746359825134277,1.2624340057373047,1.088727355003357,0.8410384058952332,1.0519994497299194,2.8915634155273438,2.6006667613983154,2.3466362953186035,2.0110809803009033,1.8317409753799438,1.5281544923782349,1.3198031187057495,0.9706363677978516,0.8458947539329529,0.5028674006462097,0.37688183784484863,0.0,0.36252766847610474,0.6621842980384827,0.7267845869064331,2.5973289012908936,2.434844732284546,2.104832887649536,1.8896933794021606,1.7060500383377075,1.387993574142456,1.362013578414917,1.038694143295288,1.1001886129379272,1.078108310699463,1.0257569551467896,1.1234201192855835,1.4698618650436401,1.6174637079238892,1.464977741241455,2.5454163551330566,2.462754487991333,2.2565391063690186,2.058589458465576,2.0761468410491943,1.7348963022232056,1.9057502746582031,1.690767765045166,1.5642286539077759,1.7118829488754272,1.525733470916748,1.801628828048706,2.0123403072357178,1.9527080059051514,1.8684146404266357,2.792313575744629,2.641507148742676,2.5676043033599854,2.2842230796813965,2.4099814891815186,2.082738161087036,2.2388107776641846,2.0806381702423096,1.7713817358016968,1.9512531757354736,1.6762553453445435,1.9898788928985596,2.06329083442688,1.8786325454711914,1.8815006017684937
B13,3.097599744796753,2.842806339263916,2.769190788269043,2.4161343574523926,2.4834985733032227,2.1672229766845703,2.1840462684631348,2.007452964782715,1.6392279863357544,1.676233172416687,1.3858916759490967,1.6034797430038452,1.4482256174087524,1.1823887825012207,1.3482348918914795,3.060889959335327,2.7515060901641846,2.535649538040161,2.1811883449554443,2.0365164279937744,1.7445720434188843,1.5405985116958618,1.238134741783142,1.0465667247772217,0.7414463758468628,0.5731870532035828,0.36252766847610474,0.0,0.39478781819343567,0.6217980980873108,2.749265432357788,2.551539659500122,2.2105679512023926,1.9781733751296997,1.7460286617279053,1.4484080076217651,1.329042911529541,0.965684175491333,1.0741268396377563,0.9345328211784363,0.9239933490753174,0.9046765565872192,1.262254238128662,1.460901141166687,1.3151966333389282,2.586427688598633,2.5125043392181396,2.260927438735962,2.087885618209839,2.05120587348938,1.7211792469024658,1.8682358264923096,1.6358345746994019,1.5881235599517822,1.7051918506622314,1.5649279356002808,1.7987964153289795,2.059326171875,2.0473458766937256,1.9275113344192505,2.7868313789367676,2.6817848682403564,2.6011910438537598,2.3543448448181152,2.486895799636841,2.16282320022583,2.3554842472076416,2.2021849155426025,1.9325278997421265,2.133021593093872,1.8796355724334717,2.1933112144470215,2.3131613731384277,2.1557810306549072,2.1240484714508057
