,A1,A2,A3,A4,A5,A6,A7,A8,A9,A10,A11,A12,A13,A14,A15,B1,B2,B3,B4,B5,B6,B7,B8,B9,B10,B11,B12,B13,B14,B15,C1,C2,C3,C4,C5,C6,C7,C8,C9,C10,C11,C12,C13,C14,C15,D1,D2,D3,D4,D5,D6,D7,D8,D9,D10,D11,D12,D13,D14,D15,E1,E2,E3,E4,E5,E6,E7,E8,E9,E10,E11,E12,E13,E14,E15
A1,0.0,0.36000755429267883,0.4840458035469055,0.4920511245727539,0.647871732711792,0.8557522892951965,0.9639397859573364,1.151700735092163,1.314771056175232,1.40322744846344,1.5656605958938599,1.7612452507019043,1.8454300165176392,1.893699049949646,2.194706439971924,0.9976750016212463,1.3290448188781738,1.3163142204284668,1.0291156768798828,1.2267820835113525,1.5393518209457397,1.43853759765625,1.3991037607192993,1.73541259765625,1.885632872581482,1.8002084493637085,1.9761468172073364,2.2533936500549316,2.2885098457336426,2.365558385848999,1.425580620765686,1.6965354681015015,1.8028262853622437,1.4985578060150146,1.4885953664779663,1.8522437810897827,1.8406975269317627,1.6715880632400513,1.9294075965881348,2.190324068069458,2.116377353668213,2.1522610187530518,2.456437110900879,2.5972983837127686,2.6478896141052246,1.4069210290908813,1.4013596773147583,1.6977986097335815,1.5579317808151245,1.3001205921173096,1.5900741815567017,1.8184335231781006,1.7105042934417725,1.753247618675232,2.064953565597534,2.2093505859375,2.193025588989258,2.3447511196136475,2.556736946105957,2.744297742843628,0.48259270191192627,0.3129829466342926,0.6768648028373718,0.7916996479034424,0.6906321048736572,0.8589073419570923,1.1273366212844849,1.2516850233078003,1.3171803951263428,1.4676687717437744,1.6737316846847534,1.8065029382705688,1.8880031108856201,1.999504566192627,2.258671760559082
A2,0.36000755429267883,0.0,0.3795551657676697,0.5554919838905334,0.5457053184509277,0.64287930727005,0.8682019114494324,1.0835376977920532,1.1452388763427734,1.2217566967010498,1.4585814476013184,1.6277265548706055,1.6480073928833008,1.7126386165618896,2.0350258350372314,0.8719225525856018,1.1973658800125122,1.105888843536377,0.8586991429328918,1.1484676599502563,1.4025940895080566,1.2639434337615967,1.3051389455795288,1.6511194705963135,1.7349265813827515,1.6538448333740234,1.8890576362609863,2.1371543407440186,2.122725248336792,2.2198307514190674,1.518647313117981,1.8138914108276367,1.8537724018096924,1.5254149436950684,1.5845520496368408,1.929605484008789,1.8512964248657227,1.688902735710144,1.990092396736145,2.212822914123535,2.087697744369507,2.1556849479675293,2.479642391204834,2.5783305168151855,2.5998857021331787,1.6236538887023926,1.6741347312927246,1.941380500793457,1.748007893562317,1.5172690153121948,1.8352454900741577,2.0173847675323486,1.866556167602539,1.9465054273605347,2.2746031284332275,2.3701725006103516,2.338819980621338,2.5311930179595947,2.747889757156372,2.9002678394317627,0.7518681287765503,0.6634212136268616,1.0209208726882935,1.071409821510315,0.8862661123275757,1.0902765989303589,1.381143569946289,1.4308581352233887,1.4577441215515137,1.6687699556350708,1.8797719478607178,1.9509309530258179,2.039769411087036,2.203857421875,2.450411558151245
A3,0.4840458035469055,0.3795551657676697,0.0,0.3766751289367676,0.5402218103408813,0.5098649859428406,0.5904282331466675,0.8871452212333679,1.0030688047409058,0.9935278296470642,1.1906189918518066,1.42465078830719,1.4590528011322021,1.4605655670166016,1.7817809581756592,1.1866366863250732,1.4715231657028198,1.3319761753082275,1.0304982662200928,1.2924107313156128,1.52535080909729,1.3138388395309448,1.2851604223251343,1.655794382095337,1.7351220846176147,1.5738675594329834,1.7922453880310059,2.077875852584839,2.0517947673797607,2.0873095989227295,1.764472484588623,2.0165414810180664,2.058136463165283,1.7104867696762085,1.7056655883789062,2.0371150970458984,1.9567147493362427,1.7300951480865479,2.0001301765441895,2.2507550716400146,2.1028406620025635,2.1089065074920654,2.4491450786590576,2.579181432723999,2.562298536300659,1.7994060516357422,1.7852535247802734,2.03822922706604,1.8529852628707886,1.563827633857727,1.8349393606185913,2.0356554985046387,1.8499854803085327,1.8674774169921875,2.216475248336792,2.3268206119537354,2.2388880252838135,2.415257453918457,2.6705384254455566,2.8139560222625732,0.915500819683075,0.6881223320960999,0.9925974011421204,1.0749123096466064,0.8000267148017883,0.8978139162063599,1.239251971244812,1.2910525798797607,1.2283936738967896,1.4311237335205078,1.6921297311782837,1.733746886253357,1.7707246541976929,1.9560827016830444,2.222877025604248
A4,0.4920511245727539,0.5554919838905334,0.3766751289367676,0.0,0.37384939193725586,0.5457162857055664,0.5167982578277588,0.6822440028190613,0.9078984260559082,0.9908566474914551,1.0951128005981445,1.3030025959014893,1.4290779829025269,1.4706945419311523,1.7454015016555786,1.1349397897720337,1.3779462575912476,1.2815414667129517,0.9249868988990784,1.08748197555542,1.3554558753967285,1.1746629476547241,1.0566587448120117,1.4150196313858032,1.560754656791687,1.4078645706176758,1.5626100301742554,1.8696964979171753,1.9031989574432373,1.9346613883972168,1.5482608079910278,1.7524516582489014,1.805685043334961,1.4598026275634766,1.3964232206344604,1.7214778661727905,1.6688041687011719,1.4206699132919312,1.6616274118423462,1.935531497001648,1.8163951635360718,1.798012137413025,2.126192092895508,2.2840654850006104,2.2884576320648193,1.5351152420043945,1.4967166185379028,1.717530608177185,1.5262178182601929,1.2175263166427612,1.4760178327560425,1.6707541942596436,1.4795464277267456,1.4911659955978394,1.8407188653945923,1.9526196718215942,1.8692772388458252,2.0441224575042725,2.2945950031280518,2.442241668701172,0.7381978034973145,0.5455647706985474,0.7675308585166931,0.7578034400939941,0.43467891216278076,0.5899348855018616,0.8985296487808228,0.9218603372573853,0.9047031402587891,1.1257977485656738,1.3475395441055298,1.4039759635925293,1.484663963317871,1.6580803394317627,1.9021118879318237
A5,0.647871732711792,0.5457053184509277,0.5402218103408813,0.37384939193725586,0.0,0.37895575165748596,0.5505260825157166,0.600307822227478,0.7030399441719055,0.8933150172233582,1.0638290643692017,1.1742867231369019,1.2724294662475586,1.3976367712020874,1.669622540473938,0.8636779189109802,1.0579134225845337,0.9213435053825378,0.5626049041748047,0.768006443977356,1.0060847997665405,0.8262451887130737,0.7802960276603699,1.1388068199157715,1.2536202669143677,1.1543066501617432,1.3547788858413696,1.619760274887085,1.640815258026123,1.7291829586029053,1.3879388570785522,1.6054081916809082,1.591143250465393,1.2260775566101074,1.2379817962646484,1.5434552431106567,1.4290074110031128,1.2090623378753662,1.5057923793792725,1.7303985357284546,1.5793708562850952,1.622502088546753,1.9571690559387207,2.0637006759643555,2.0687103271484375,1.5086573362350464,1.5521703958511353,1.7321064472198486,1.4755747318267822,1.2305593490600586,1.5395934581756592,1.6614257097244263,1.4434412717819214,1.5409659147262573,1.8854427337646484,1.9287941455841064,1.8693461418151855,2.098689317703247,2.321937084197998,2.434713840484619,0.8128654956817627,0.7822185158729553,1.0275298357009888,0.9076319932937622,0.6092337965965271,0.8865150213241577,1.1219301223754883,1.0408416986465454,1.0719730854034424,1.3595017194747925,1.5159342288970947,1.5241384506225586,1.668707251548767,1.8743544816970825,2.0694315433502197
A6,0.8557522892951965,0.64287930727005,0.5098649859428406,0.5457162857055664,0.37895575165748596,0.0,0.3694877624511719,0.5555961728096008,0.5242339372634888,0.5917825698852539,0.8550465106964111,0.9977834224700928,1.0077608823776245,1.0938953161239624,1.4038273096084595,1.1027562618255615,1.2785104513168335,1.043726921081543,0.7491841912269592,1.020459532737732,1.1544746160507202,0.8727439641952515,0.8844423890113831,1.2523096799850464,1.2682162523269653,1.0967040061950684,1.3612141609191895,1.6177836656570435,1.5590394735336304,1.6142425537109375,1.7432024478912354,1.964924693107605,1.918329119682312,1.5467604398727417,1.5786364078521729,1.8552504777908325,1.6950562000274658,1.4546897411346436,1.7521485090255737,1.9544726610183716,1.744147539138794,1.7705520391464233,2.1270041465759277,2.213468313217163,2.1584861278533936,1.8874648809432983,1.923246145248413,2.1014039516448975,1.8407280445098877,1.5860177278518677,1.8730494976043701,1.9894304275512695,1.7385196685791016,1.809276819229126,2.16764235496521,2.1952388286590576,2.0870003700256348,2.3238649368286133,2.5746171474456787,2.6583056449890137,1.148191213607788,1.0402086973190308,1.305269479751587,1.2413487434387207,0.899979293346405,1.0809983015060425,1.3658684492111206,1.2724193334579468,1.1971161365509033,1.4973390102386475,1.7018744945526123,1.6478610038757324,1.7410941123962402,1.9941365718841553,2.2010083198547363
A7,0.9639397859573364,0.8682019114494324,0.5904282331466675,0.5167982578277588,0.5505260825157166,0.3694877624511719,0.0,0.3701033294200897,0.5290983319282532,0.492385596036911,0.607962965965271,0.8537998795509338,0.9464671015739441,0.9549551010131836,1.236635446548462,1.3968863487243652,1.563246488571167,1.353615641593933,1.022425889968872,1.2056407928466797,1.3495144844055176,1.0533424615859985,0.9376156330108643,1.3015093803405762,1.3546864986419678,1.1043291091918945,1.298512578010559,1.6076021194458008,1.5725423097610474,1.5488338470458984,1.9062496423721313,2.082491397857666,2.061840772628784,1.6929136514663696,1.6443508863449097,1.9071118831634521,1.7762397527694702,1.4803187847137451,1.7199066877365112,1.9606422185897827,1.7566083669662476,1.7040828466415405,2.0626378059387207,2.1982312202453613,2.1209731101989746,1.9588290452957153,1.9301989078521729,2.093449354171753,1.857413649559021,1.554381251335144,1.7825371026992798,1.9193663597106934,1.6508162021636963,1.6505995988845825,2.0182907581329346,2.0695669651031494,1.9109275341033936,2.1206910610198975,2.4042043685913086,2.487041473388672,1.2383702993392944,1.0580660104751587,1.245082139968872,1.1948505640029907,0.8146219253540039,0.8839629292488098,1.1744657754898071,1.077212929725647,0.9131882786750793,1.2044520378112793,1.4419543743133545,1.362224817276001,1.4103745222091675,1.6790103912353516,1.8980262279510498
A8,1.151700735092163,1.0835376977920532,0.8871452212333679,0.6822440028190613,0.600307822227478,0.5555961728096008,0.3701033294200897,0.0,0.3731655776500702,0.5387706160545349,0.5219682455062866,0.639903724193573,0.8481797575950623,0.955350399017334,1.1571860313415527,1.3890689611434937,1.4764320850372314,1.2776029109954834,0.9431961178779602,1.0217714309692383,1.1288187503814697,0.8407859206199646,0.6319767236709595,0.9724265933036804,1.0595921277999878,0.8037163615226746,0.9463299512863159,1.2713948488235474,1.2847267389297485,1.26654851436615,1.7902164459228516,1.9137160778045654,1.8596482276916504,1.496003270149231,1.4236209392547607,1.6385836601257324,1.489035964012146,1.168967843055725,1.3914119005203247,1.6218997240066528,1.4065496921539307,1.3378279209136963,1.6984025239944458,1.8355908393859863,1.755549430847168,1.8611834049224854,1.8447614908218384,1.9446496963500977,1.6759330034255981,1.3964159488677979,1.6107392311096191,1.6886861324310303,1.3846772909164429,1.41245436668396,1.7750731706619263,1.7766609191894531,1.610975742340088,1.854896068572998,2.1271631717681885,2.1789498329162598,1.298138976097107,1.1977707147598267,1.3263615369796753,1.1711406707763672,0.8009597659111023,0.9256299138069153,1.1164406538009644,0.9082652926445007,0.7811622023582458,1.1303614377975464,1.2828607559204102,1.1526635885238647,1.2787846326828003,1.5668607950210571,1.7245066165924072
A9,1.314771056175232,1.1452388763427734,1.0030688047409058,0.9078984260559082,0.7030399441719055,0.5242339372634888,0.5290983319282532,0.3731655776500702,0.0,0.3688482642173767,0.536292314529419,0.5124192833900452,0.5844854116439819,0.7857886552810669,1.013680338859558,1.360457181930542,1.4034088850021362,1.1289469003677368,0.8700375556945801,1.0108240842819214,1.0102492570877075,0.6545200943946838,0.5988910794258118,0.916492760181427,0.871856153011322,0.6102006435394287,0.8868995308876038,1.1409200429916382,1.0642030239105225,1.0911608934402466,1.8922885656356812,2.03952693939209,1.927281141281128,1.5591692924499512,1.5680145025253296,1.7567555904388428,1.538772463798523,1.2580949068069458,1.52641761302948,1.6880366802215576,1.4142894744873047,1.4086074829101562,1.7747875452041626,1.841302752494812,1.7262372970581055,2.063835382461548,2.101656198501587,2.1950924396514893,1.8928513526916504,1.6600637435913086,1.9078558683395386,1.9460517168045044,1.6332200765609741,1.7157115936279297,2.06711745262146,2.01934552192688,1.865979790687561,2.1433112621307373,2.396749973297119,2.41389536857605,1.498785376548767,1.4330918788909912,1.6203027963638306,1.4634127616882324,1.1052944660186768,1.273734450340271,1.4761828184127808,1.2583940029144287,1.1491026878356934,1.5006330013275146,1.640008568763733,1.4803458452224731,1.612084984779358,1.9192105531692505,2.056095600128174
A10,1.40322744846344,1.2217566967010498,0.9935278296470642,0.9908566474914551,0.8933150172233582,0.5917825698852539,0.492385596036911,0.5387706160545349,0.3688482642173767,0.0,0.37695249915122986,0.530250608921051,0.4776962399482727,0.5069776773452759,0.8144361972808838,1.6203725337982178,1.7102789878845215,1.4197908639907837,1.168799877166748,1.3580888509750366,1.368748664855957,1.0061768293380737,0.9622927308082581,1.2693926095962524,1.1943378448486328,0.8856266140937805,1.1453531980514526,1.4007465839385986,1.2684941291809082,1.2153587341308594,2.2045493125915527,2.3681206703186035,2.2779643535614014,1.906601905822754,1.901019811630249,2.104818344116211,1.9012917280197144,1.6076382398605347,1.8530734777450562,2.0304768085479736,1.7530144453048706,1.7077933549880981,2.074246883392334,2.156034469604492,2.007176637649536,2.3384628295898438,2.3441052436828613,2.466270685195923,2.189690589904785,1.9214378595352173,2.1474735736846924,2.2234859466552734,1.9125175476074219,1.9398001432418823,2.300874948501587,2.283961772918701,2.092818260192871,2.3411126136779785,2.6250252723693848,2.645230770111084,1.6769174337387085,1.534543514251709,1.731166958808899,1.6444939374923706,1.2640868425369263,1.346665620803833,1.5995224714279175,1.4277936220169067,1.2319141626358032,1.549580693244934,1.7534343004226685,1.5783133506774902,1.6279306411743164,1.952060341835022,2.1232120990753174
A11,1.5656605958938599,1.4585814476013184,1.1906189918518066,1.0951128005981445,1.0638290643692017,0.8550465106964111,0.607962965965271,0.5219682455062866,0.536292314529419,0.37695249915122986,0.0,0.37042900919914246,0.5359216332435608,0.4998893141746521,0.6703651547431946,1.8474147319793701,1.9188770055770874,1.6616820096969604,1.3778023719787598,1.4829614162445068,1.501454472541809,1.1591298580169678,0.9986864328384399,1.2640821933746338,1.239290475845337,0.8798060417175293,1.0217283964157104,1.3219293355941772,1.2400412559509277,1.0978809595108032,2.305384635925293,2.4185469150543213,2.34120774269104,1.9811204671859741,1.909670352935791,2.082186222076416,1.9030144214630127,1.5701664686203003,1.7496886253356934,1.9484144449234009,1.6814625263214111,1.5583252906799316,1.9148800373077393,2.0399506092071533,1.8703322410583496,2.3760523796081543,2.3390696048736572,2.4267585277557373,2.1650354862213135,1.8776874542236328,2.045536994934082,2.113579750061035,1.7863515615463257,1.762376070022583,2.1156022548675537,2.098447799682617,1.8612643480300903,2.092202663421631,2.39583683013916,2.3992302417755127,1.7856333255767822,1.6282958984375,1.7518291473388672,1.6448047161102295,1.2671349048614502,1.284263014793396,1.4861141443252563,1.281386137008667,1.0294245481491089,1.3352998495101929,1.522282600402832,1.2951983213424683,1.3239036798477173,1.670038104057312,1.8173516988754272
A12,1.7612452507019043,1.6277265548706055,1.42465078830719,1.3030025959014893,1.1742867231369019,0.9977834224700928,0.8537998795509338,0.639903724193573,0.5124192833900452,0.530250608921051,0.37042900919914246,0.0,0.36874786019325256,0.5546708106994629,0.6037009954452515,1.846863031387329,1.8457894325256348,1.5739206075668335,1.340093970298767,1.3967773914337158,1.3308014869689941,0.9935576319694519,0.8529130816459656,1.0351611375808716,0.9492990374565125,0.5713046789169312,0.7230827808380127,0.9810424447059631,0.8741579055786133,0.7350077033042908,2.283836841583252,2.3714253902435303,2.2424404621124268,1.8951340913772583,1.8506982326507568,1.9684993028640747,1.7435516119003296,1.4275614023208618,1.6073448657989502,1.748517632484436,1.4416474103927612,1.3400803804397583,1.6920949220657349,1.77061927318573,1.56974196434021,2.416609287261963,2.4181416034698486,2.4608426094055176,2.1635630130767822,1.9239771366119385,2.100501298904419,2.1044819355010986,1.7570050954818726,1.788241982460022,2.121971607208252,2.0379703044891357,1.8108665943145752,2.085284948348999,2.360445022583008,2.3184328079223633,1.9263204336166382,1.833404302597046,1.9589377641677856,1.789894700050354,1.4302011728286743,1.514215111732483,1.6658045053482056,1.397864580154419,1.2085380554199219,1.5426673889160156,1.654334545135498,1.3925081491470337,1.4937280416488647,1.8446695804595947,1.9294825792312622
A13,1.8454300165176392,1.6480073928833008,1.4590528011322021,1.4290779829025269,1.2724294662475586,1.0077608823776245,0.9464671015739441,0.8481797575950623,0.5844854116439819,0.4776962399482727,0.5359216332435608,0.36874786019325256,0.0,0.3588389754295349,0.5058464407920837,1.890231728553772,1.8950308561325073,1.5756053924560547,1.3965145349502563,1.5288556814193726,1.4250096082687378,1.0613571405410767,1.0466336011886597,1.2376126050949097,1.057698130607605,0.7226905226707458,0.9828583598136902,1.1539716720581055,0.9360895752906799,0.8373868465423584,2.4497878551483154,2.5769736766815186,2.4293673038482666,2.074496269226074,2.085692882537842,2.218385696411133,1.9645535945892334,1.682007074356079,1.9032946825027466,2.01460862159729,1.68606698513031,1.639315128326416,1.9889235496520996,2.020062208175659,1.8053786754608154,2.6341440677642822,2.662155866622925,2.7317066192626953,2.425065279006958,2.194007396697998,2.403905153274536,2.416468858718872,2.076308250427246,2.1280605792999268,2.467682123184204,2.3831841945648193,2.1710994243621826,2.449918270111084,2.720806837081909,2.6783525943756104,2.073134422302246,1.972023367881775,2.150749683380127,2.0137202739715576,1.6430768966674805,1.7414919137954712,1.9417263269424438,1.7043746709823608,1.512468695640564,1.8429615497589111,1.9894100427627563,1.7435615062713623,1.8182051181793213,2.1705398559570312,2.2780697345733643
A14,1.893699049949646,1.7126386165618896,1.4605655670166016,1.4706945419311523,1.3976367712020874,1.0938953161239624,0.9549551010131836,0.955350399017334,0.7857886552810669,0.5069776773452759,0.4998893141746521,0.5546708106994629,0.3588389754295349,0.0,0.3616065979003906,2.101283550262451,2.1558096408843994,1.841747522354126,1.6308876276016235,1.7909454107284546,1.7348477840423584,1.365748405456543,1.3180482387542725,1.5446959733963013,1.4017434120178223,1.0498816967010498,1.2629703283309937,1.4689552783966064,1.265781044960022,1.1025739908218384,2.674832344055176,2.812425136566162,2.698044538497925,2.335034132003784,2.3176779747009277,2.4757962226867676,2.2505600452423096,1.945503830909729,2.1477184295654297,2.2949867248535156,1.9833574295043945,1.8945188522338867,2.244568109512329,2.3119924068450928,2.0912859439849854,2.80743408203125,2.7988038063049316,2.893831253051758,2.6145811080932617,2.345710277557373,2.5334410667419434,2.5863840579986572,2.252037286758423,2.2499494552612305,2.598198652267456,2.5534775257110596,2.3117053508758545,2.555410146713257,2.854527711868286,2.826883554458618,2.1737098693847656,2.012679100036621,2.1835899353027344,2.099748134613037,1.7167119979858398,1.7449097633361816,1.9747216701507568,1.779227375984192,1.5253161191940308,1.8165174722671509,2.0139517784118652,1.767224669456482,1.767472743988037,2.1231353282928467,2.2628912925720215
A15,2.194706439971924,2.0350258350372314,1.7817809581756592,1.7454015016555786,1.669622540473938,1.4038273096084595,1.236635446548462,1.1571860313415527,1.013680338859558,0.8144361972808838,0.6703651547431946,0.6037009954452515,0.5058464407920837,0.3616065979003906,0.0,2.3649466037750244,2.3814163208007812,2.0736091136932373,1.8706618547439575,1.9763325452804565,1.8850986957550049,1.5325894355773926,1.4485201835632324,1.6058599948883057,1.4521920680999756,1.0913752317428589,1.2233513593673706,1.396546721458435,1.1911311149597168,0.9421876668930054,2.873499870300293,2.973146915435791,2.841987371444702,2.493218421936035,2.453516721725464,2.56632661819458,2.33479642868042,2.0223312377929688,2.1786108016967773,2.3032097816467285,1.9815508127212524,1.8540230989456177,2.1792819499969482,2.243610143661499,1.9816166162490845,2.998035430908203,2.9801089763641357,3.036877393722534,2.753722667694092,2.4946768283843994,2.6481685638427734,2.6690797805786133,2.3201255798339844,2.30535888671875,2.6328938007354736,2.5573623180389404,2.286949634552002,2.530337333679199,2.8281068801879883,2.7602951526641846,2.4354279041290283,2.2860324382781982,2.4215855598449707,2.3085761070251465,1.9334642887115479,1.946690559387207,2.1307497024536133,1.8990346193313599,1.63511061668396,1.9149253368377686,2.072298049926758,1.7764981985092163,1.7758502960205078,2.1431190967559814,2.2347068786621094
B1,0.9976750016212463,0.8719225525856018,1.1866366863250732,1.1349397897720337,0.8636779189109802,1.1027562618255615,1.3968863487243652,1.3890689611434937,1.360457181930542,1.6203725337982178,1.8474147319793701,1.846863031387329,1.890231728553772,2.101283550262451,2.3649466037750244,0.0,0.37189507484436035,0.5133395791053772,0.5166791081428528,0.6760640740394592,0.9040239453315735,1.00986909866333,1.1675368547439575,1.3626500368118286,1.463455319404602,1.5838788747787476,1.7939553260803223,1.9292348623275757,1.9728293418884277,2.1948795318603516,0.9042819738388062,1.2313885688781738,1.1731873750686646,0.90074622631073,1.1429983377456665,1.4325014352798462,1.3200733661651611,1.3290233612060547,1.6698181629180908,1.7836233377456665,1.7061707973480225,1.911318302154541,2.171050548553467,2.1811676025390625,2.2833731174468994,1.2956340312957764,1.5253932476043701,1.6968116760253906,1.4278613328933716,1.388036847114563,1.7648460865020752,1.8139396905899048,1.702760934829712,1.9384546279907227,2.1999402046203613,2.1970138549804688,2.27445387840271,2.52400803565979,2.6443915367126465,2.7665581703186035,0.9188879132270813,1.1655359268188477,1.4198297262191772,1.2619825601577759,1.2104703187942505,1.5628652572631836,1.6971224546432495,1.6362313032150269,1.8106833696365356,2.0693538188934326,2.1342639923095703,2.1993911266326904,2.415682077407837,2.569761037826538,2.7224156856536865
B2,1.3290448188781738,1.1973658800125122,1.4715231657028198,1.3779462575912476,1.0579134225845337,1.2785104513168335,1.563246488571167,1.4764320850372314,1.4034088850021362,1.7102789878845215,1.9188770055770874,1.8457894325256348,1.8950308561325073,2.1558096408843994,2.3814163208007812,0.37189507484436035,0.0,0.37229156494140625,0.5503113865852356,0.5622507333755493,0.6759772896766663,0.8950408697128296,1.095289945602417,1.1933523416519165,1.277543306350708,1.4791110754013062,1.670379877090454,1.7433563470840454,1.804046392440796,2.068898916244507,0.881793737411499,1.1479966640472412,0.98444002866745,0.7374260425567627,1.0588732957839966,1.2693275213241577,1.099992036819458,1.1790181398391724,1.525758147239685,1.5699100494384766,1.488221287727356,1.7478537559509277,1.9792230129241943,1.9386299848556519,2.055508852005005,1.37479829788208,1.6433182954788208,1.7378941774368286,1.4259735345840454,1.454037070274353,1.821975588798523,1.7951672077178955,1.6701295375823975,1.9565905332565308,2.193563938140869,2.1281206607818604,2.225017786026001,2.50502610206604,2.5951950550079346,2.680673360824585,1.2042176723480225,1.4693257808685303,1.685213565826416,1.4619808197021484,1.4057492017745972,1.7733688354492188,1.863150715827942,1.737451434135437,1.9297059774398804,2.2131927013397217,2.2285594940185547,2.2594056129455566,2.5145111083984375,2.6825077533721924,2.7907042503356934
B3,1.3163142204284668,1.105888843536377,1.3319761753082275,1.2815414667129517,0.9213435053825378,1.043726921081543,1.353615641593933,1.2776029109954834,1.1289469003677368,1.4197908639907837,1.6616820096969604,1.5739206075668335,1.5756053924560547,1.841747522354126,2.0736091136932373,0.5133395791053772,0.37229156494140625,0.0,0.3762395977973938,0.5574524402618408,0.551856279373169,0.6399469971656799,0.9256032109260559,1.0665183067321777,1.0615426301956177,1.2285934686660767,1.482767105102539,1.5524998903274536,1.5497421026229858,1.8094557523727417,1.2105106115341187,1.4562069177627563,1.2752012014389038,0.9763680100440979,1.2483298778533936,1.448997139930725,1.216624140739441,1.213478684425354,1.5815635919570923,1.626682162284851,1.461121678352356,1.7002607583999634,1.974214792251587,1.922346830368042,1.972909688949585,1.6497259140014648,1.8737163543701172,1.9752776622772217,1.6469197273254395,1.6090396642684937,1.9702239036560059,1.9517040252685547,1.7646808624267578,2.0229334831237793,2.29793381690979,2.219928741455078,2.2578635215759277,2.5558900833129883,2.685201644897461,2.7431132793426514,1.313976526260376,1.499869465827942,1.7512882947921753,1.547136664390564,1.3967409133911133,1.7456413507461548,1.8846156597137451,1.7305784225463867,1.8559973239898682,2.1711583137512207,2.2228047847747803,2.201768159866333,2.4338219165802,2.6456520557403564,2.762957811355591
B4,1.0291156768798828,0.8586991429328918,1.0304982662200928,0.9249868988990784,0.5626049041748047,0.7491841912269592,1.022425889968872,0.9431961178779602,0.8700375556945801,1.168799877166748,1.3778023719787598,1.340093970298767,1.3965145349502563,1.6308876276016235,1.8706618547439575,0.5166791081428528,0.5503113865852356,0.3762395977973938,0.0,0.38000693917274475,0.5518521070480347,0.5198333859443665,0.6839850544929504,0.927524983882904,0.9994134306907654,1.0742722749710083,1.3057254552841187,1.4596086740493774,1.4852015972137451,1.686479926109314,1.1505879163742065,1.3826513290405273,1.2636590003967285,0.9080923199653625,1.0789510011672974,1.331438660621643,1.137863039970398,1.037446141242981,1.3981704711914062,1.5196563005447388,1.3589715957641602,1.5286567211151123,1.8322720527648926,1.8473366498947144,1.8875340223312378,1.4784294366836548,1.6434789896011353,1.7634031772613525,1.444293737411499,1.3348807096481323,1.688178539276123,1.708823323249817,1.5025626420974731,1.7197877168655396,2.0205531120300293,1.9785103797912598,1.9863908290863037,2.2677369117736816,2.4276909828186035,2.504556179046631,1.0399466753005981,1.1856099367141724,1.4230135679244995,1.2169737815856934,1.0306769609451294,1.37410306930542,1.5223006010055542,1.3740458488464355,1.4880177974700928,1.7996447086334229,1.8684494495391846,1.8559998273849487,2.0741662979125977,2.282318115234375,2.4161670207977295
B5,1.2267820835113525,1.1484676599502563,1.2924107313156128,1.08748197555542,0.768006443977356,1.020459532737732,1.2056407928466797,1.0217714309692383,1.0108240842819214,1.3580888509750366,1.4829614162445068,1.3967773914337158,1.5288556814193726,1.7909454107284546,1.9763325452804565,0.6760640740394592,0.5622507333755493,0.5574524402618408,0.38000693917274475,0.0,0.37128275632858276,0.5346931219100952,0.5774192214012146,0.7049220204353333,0.887876033782959,1.0360652208328247,1.168400764465332,1.3052712678909302,1.4190641641616821,1.635542631149292,0.951227068901062,1.1026897430419922,0.9477624893188477,0.5830273032188416,0.7468306422233582,0.96039879322052,0.7590698003768921,0.688951313495636,1.052085041999817,1.1591119766235352,1.0422940254211426,1.23872709274292,1.5095064640045166,1.5279306173324585,1.617456078529358,1.2885514497756958,1.4690420627593994,1.5163824558258057,1.1661040782928467,1.1140919923782349,1.4545913934707642,1.412091851234436,1.2087724208831787,1.477185845375061,1.7444525957107544,1.664116382598877,1.7096015214920044,2.0041604042053223,2.1281092166900635,2.1946299076080322,1.0957733392715454,1.2994426488876343,1.4532697200775146,1.1648993492126465,1.0399500131607056,1.3969451189041138,1.4527733325958252,1.2551618814468384,1.437163233757019,1.7423936128616333,1.7336111068725586,1.725378394126892,1.9962257146835327,2.1822707653045654,2.267404556274414
B6,1.5393518209457397,1.4025940895080566,1.52535080909729,1.3554558753967285,1.0060847997665405,1.1544746160507202,1.3495144844055176,1.1288187503814697,1.0102492570877075,1.368748664855957,1.501454472541809,1.3308014869689941,1.4250096082687378,1.7348477840423584,1.8850986957550049,0.9040239453315735,0.6759772896766663,0.551856279373169,0.5518521070480347,0.37128275632858276,0.0,0.37288692593574524,0.5610853433609009,0.5488578081130981,0.6130189895629883,0.8627539277076721,1.0241634845733643,1.067726969718933,1.1527931690216064,1.4237747192382812,1.2284231185913086,1.3405520915985107,1.099252700805664,0.7904893159866333,0.9904376864433289,1.088992714881897,0.7842017412185669,0.7499108910560608,1.1083590984344482,1.1153827905654907,0.9143416881561279,1.1695637702941895,1.4349273443222046,1.3740856647491455,1.4251551628112793,1.617782473564148,1.8113088607788086,1.8171712160110474,1.450452208518982,1.4288965463638306,1.7422395944595337,1.6455281972885132,1.4090324640274048,1.691940188407898,1.9474029541015625,1.802598237991333,1.827994465827942,2.1552574634552,2.270772933959961,2.281684160232544,1.4585864543914795,1.6396034955978394,1.804685354232788,1.5158511400222778,1.352453589439392,1.6893733739852905,1.7494828701019287,1.504697561264038,1.6450674533843994,1.9770543575286865,1.9560637474060059,1.8851374387741089,2.163766384124756,2.385573148727417,2.4392833709716797
B7,1.43853759765625,1.2639434337615967,1.3138388395309448,1.1746629476547241,0.8262451887130737,0.8727439641952515,1.0533424615859985,0.8407859206199646,0.6545200943946838,1.0061768293380737,1.1591298580169678,0.9935576319694519,1.0613571405410767,1.365748405456543,1.5325894355773926,1.00986909866333,0.8950408697128296,0.6399469971656799,0.5198333859443665,0.5346931219100952,0.37288692593574524,0.0,0.3724549412727356,0.5368403196334839,0.49268314242362976,0.5927579402923584,0.8549996614456177,0.9626902937889099,0.9670087099075317,1.190685510635376,1.4841327667236328,1.6195275783538818,1.4233314990997314,1.0804752111434937,1.2067557573318481,1.343534231185913,1.0571907758712769,0.8987200856208801,1.2417038679122925,1.3035951852798462,1.0390578508377075,1.2026441097259521,1.5252617597579956,1.4995157718658447,1.4675389528274536,1.8035094738006592,1.9441851377487183,1.9854482412338257,1.6322588920593262,1.525158166885376,1.825740933418274,1.7750368118286133,1.494545340538025,1.713084101676941,2.0129358768463135,1.893441081047058,1.846872091293335,2.1695945262908936,2.3388609886169434,2.343611001968384,1.464869737625122,1.5623695850372314,1.7515289783477783,1.5022982358932495,1.2539323568344116,1.5522724390029907,1.668243408203125,1.4190828800201416,1.4768015146255493,1.8294799327850342,1.862852931022644,1.7508262395858765,1.9877041578292847,2.247870922088623,2.327650547027588
B8,1.3991037607192993,1.3051389455795288,1.2851604223251343,1.0566587448120117,0.7802960276603699,0.8844423890113831,0.9376156330108643,0.6319767236709595,0.5988910794258118,0.9622927308082581,0.9986864328384399,0.8529130816459656,1.0466336011886597,1.3180482387542725,1.4485201835632324,1.1675368547439575,1.095289945602417,0.9256032109260559,0.6839850544929504,0.5774192214012146,0.5610853433609009,0.3724549412727356,0.0,0.37455663084983826,0.5359340906143188,0.5115347504615784,0.6391308307647705,0.8627405762672424,0.9629193544387817,1.1053194999694824,1.4676363468170166,1.5470366477966309,1.3944565057754517,1.0472826957702637,1.0523544549942017,1.1844292879104614,0.9443634152412415,0.674955427646637,0.9760398268699646,1.1105281114578247,0.8630204200744629,0.9315990805625916,1.279011607170105,1.3320637941360474,1.302634596824646,1.6809443235397339,1.7647064924240112,1.7806825637817383,1.4382091760635376,1.2884732484817505,1.5464918613433838,1.4974645376205444,1.1868915557861328,1.3728015422821045,1.6826082468032837,1.5718591213226318,1.4942175149917603,1.8120229244232178,2.0005695819854736,2.0089900493621826,1.3831812143325806,1.4537056684494019,1.5767595767974854,1.299515724182129,1.0422688722610474,1.3096634149551392,1.3801617622375488,1.0926162004470825,1.1526113748550415,1.5050870180130005,1.5110853910446167,1.3869023323059082,1.6407957077026367,1.8961451053619385,1.9603129625320435
B9,1.73541259765625,1.6511194705963135,1.655794382095337,1.4150196313858032,1.1388068199157715,1.2523096799850464,1.3015093803405762,0.9724265933036804,0.916492760181427,1.2693926095962524,1.2640821933746338,1.0351611375808716,1.2376126050949097,1.5446959733963013,1.6058599948883057,1.3626500368118286,1.1933523416519165,1.0665183067321777,0.927524983882904,0.7049220204353333,0.5488578081130981,0.5368403196334839,0.37455663084983826,0.0,0.36869537830352783,0.5408652424812317,0.5206822156906128,0.6197350025177002,0.8222408890724182,1.0245152711868286,1.522430658340454,1.531394362449646,1.3168303966522217,1.0289218425750732,1.0439274311065674,1.0533275604248047,0.7542811632156372,0.5344244837760925,0.7977303266525269,0.8266565203666687,0.5236098170280457,0.6738357543945312,0.9905446171760559,0.9827617406845093,0.9665059447288513,1.773669719696045,1.8841255903244019,1.827762246131897,1.4667809009552002,1.395340919494629,1.620737910270691,1.485373616218567,1.1740041971206665,1.4126895666122437,1.667991042137146,1.4764353036880493,1.4261410236358643,1.7741374969482422,1.9150753021240234,1.8728139400482178,1.654809594154358,1.7710156440734863,1.8609158992767334,1.5436683893203735,1.3403993844985962,1.6071248054504395,1.6124622821807861,1.2889509201049805,1.3869879245758057,1.7242398262023926,1.6563074588775635,1.5082467794418335,1.8047336339950562,2.049401044845581,2.0492634773254395
B10,1.885632872581482,1.7349265813827515,1.7351220846176147,1.560754656791687,1.2536202669143677,1.2682162523269653,1.3546864986419678,1.0595921277999878,0.871856153011322,1.1943378448486328,1.239290475845337,0.9492990374565125,1.057698130607605,1.4017434120178223,1.4521920680999756,1.463455319404602,1.277543306350708,1.0615426301956177,0.9994134306907654,0.887876033782959,0.6130189895629883,0.49268314242362976,0.5359340906143188,0.36869537830352783,0.0,0.3798708915710449,0.5339068174362183,0.49495363235473633,0.5440988540649414,0.8255318999290466,1.7804855108261108,1.8279783725738525,1.5830827951431274,1.2958542108535767,1.3761788606643677,1.3875287771224976,1.0575838088989258,0.8953633904457092,1.1508985757827759,1.1221733093261719,0.7748659253120422,0.932689905166626,1.231771469116211,1.1468212604522705,1.0421255826950073,2.0860579013824463,2.213663101196289,2.179232120513916,1.8149157762527466,1.7384591102600098,1.978150486946106,1.853615641593933,1.5395644903182983,1.760987401008606,2.0253286361694336,1.8271703720092773,1.7504533529281616,2.100356340408325,2.2528021335601807,2.1838390827178955,1.8790781497955322,1.9719023704528809,2.1095659732818604,1.8237251043319702,1.578171730041504,1.8372180461883545,1.8953734636306763,1.5804728269577026,1.6182260513305664,1.9726252555847168,1.9460053443908691,1.7611157894134521,2.0225143432617188,2.3029346466064453,2.313094139099121
B11,1.8002084493637085,1.6538448333740234,1.5738675594329834,1.4078645706176758,1.1543066501617432,1.0967040061950684,1.1043291091918945,0.8037163615226746,0.6102006435394287,0.8856266140937805,0.8798060417175293,0.5713046789169312,0.7226905226707458,1.0498816967010498,1.0913752317428589,1.5838788747787476,1.4791110754013062,1.2285934686660767,1.0742722749710083,1.0360652208328247,0.8627539277076721,0.5927579402923584,0.5115347504615784,0.5408652424812317,0.3798708915710449,0.0,0.3795989751815796,0.5363386869430542,0.496864914894104,0.6158196926116943,1.956201195716858,2.018528938293457,1.8241569995880127,1.503208041191101,1.5200104713439941,1.5783517360687256,1.293330192565918,1.038709282875061,1.262242078781128,1.3173309564590454,0.9752674698829651,0.9943217039108276,1.3373054265975952,1.332481026649475,1.168062448501587,2.1866071224212646,2.2601380348205566,2.254220724105835,1.9118082523345947,1.7614624500274658,1.976775050163269,1.9009535312652588,1.5599048137664795,1.7064208984375,2.0057129859924316,1.8474164009094238,1.700852632522583,2.0309057235717773,2.2371327877044678,2.1740686893463135,1.8599951267242432,1.8803805112838745,2.0131092071533203,1.7631309032440186,1.4628162384033203,1.6633771657943726,1.753880262374878,1.4409329891204834,1.3961585760116577,1.75483238697052,1.7732421159744263,1.549788236618042,1.7649271488189697,2.076256036758423,2.1088578701019287
B12,1.9761468172073364,1.8890576362609863,1.7922453880310059,1.5626100301742554,1.3547788858413696,1.3612141609191895,1.298512578010559,0.9463299512863159,0.8868995308876038,1.1453531980514526,1.0217283964157104,0.7230827808380127,0.9828583598136902,1.2629703283309937,1.2233513593673706,1.7939553260803223,1.670379877090454,1.482767105102539,1.3057254552841187,1.168400764465332,1.0241634845733643,0.8549996614456177,0.6391308307647705,0.5206822156906128,0.5339068174362183,0.3795989751815796,0.0,0.36614277958869934,0.5556658506393433,0.5845514535903931,2.000347137451172,1.9942208528518677,1.8075430393218994,1.5227710008621216,1.4676605463027954,1.4607250690460205,1.2058205604553223,0.9243146181106567,1.0436359643936157,1.0951597690582275,0.762169361114502,0.6764546036720276,1.0114160776138306,1.0495330095291138,0.8634118437767029,2.1746091842651367,2.2200217247009277,2.159370183944702,1.827895164489746,1.6906039714813232,1.8454023599624634,1.7276546955108643,1.3748000860214233,1.5063470602035522,1.772064208984375,1.5762485265731812,1.4066685438156128,1.7437070608139038,1.9392613172531128,1.8413945436477661,1.9697504043579102,2.000208616256714,2.0683205127716064,1.7845169305801392,1.5189858675003052,1.6905262470245361,1.7062081098556519,1.3552039861679077,1.3301867246627808,1.6647881269454956,1.6134090423583984,1.3597992658615112,1.6110366582870483,1.9081456661224365,1.8816026449203491
B13,2.2533936500549316,2.1371543407440186,2.077875852584839,1.8696964979171753,1.619760274887085,1.6177836656570435,1.6076021194458008,1.2713948488235474,1.1409200429916382,1.4007465839385986,1.3219293355941772,0.9810424447059631,1.1539716720581055,1.4689552783966064,1.396546721458435,1.9292348623275757,1.7433563470840454,1.5524998903274536,1.4596086740493774,1.3052712678909302,1.067726969718933,0.9626902937889099,0.8627405762672424,0.6197350025177002,0.49495363235473633,0.5363386869430542,0.36614277958869934,0.0,0.36334335803985596,0.5398730635643005,2.1311287879943848,2.1097097396850586,1.8699755668640137,1.623429298400879,1.6222946643829346,1.5535681247711182,1.2541921138763428,1.0605897903442383,1.1712888479232788,1.106032371520996,0.7414184808731079,0.7594089508056641,1.0117120742797852,0.924132764339447,0.6846104264259338,2.3710739612579346,2.4563112258911133,2.3682219982147217,2.0201172828674316,1.9394350051879883,2.1024532318115234,1.9381990432739258,1.6023041009902954,1.7790957689285278,2.007301092147827,1.7603256702423096,1.6270394325256348,1.9770339727401733,2.128162384033203,1.9892975091934204,2.2327802181243896,2.2981109619140625,2.3821325302124023,2.083077907562256,1.836507797241211,2.035855770111084,2.0447335243225098,1.691104769706726,1.6914963722229004,2.023322105407715,1.9495570659637451,1.697116494178772,1.958411455154419,2.2490713596343994,2.193892478942871
