,A1,A2,A3,A4,A5,A6,A7,A8,A9,A10,A11,A12,A13,A14,A15,B1,B2,B3,B4,B5,B6,B7,B8,B9,B10,B11,B12,B13,B14,B15,C1,C2,C3,C4,C5,C6,C7,C8,C9,C10,C11,C12,C13,C14,C15,D1,D2,D3,D4,D5,D6,D7,D8,D9,D10,D11,D12,D13,D14,D15,E1,E2,E3,E4,E5,E6,E7,E8,E9,E10,E11,E12,E13,E14,E15
A1,0.0,0.3799525499343872,0.5450454354286194,0.5341008305549622,0.6909404993057251,0.9176575541496277,1.0321450233459473,1.1614230871200562,1.3681752681732178,1.5060665607452393,1.6187036037445068,1.7938501834869385,1.9628151655197144,2.058666467666626,2.2979962825775146,1.7746751308441162,1.7855902910232544,1.7459635734558105,1.4131314754486084,1.2214162349700928,1.4226975440979004,1.3389533758163452,0.9672423601150513,1.0859644412994385,1.3805485963821411,1.234508991241455,1.0544157028198242,1.3953347206115723,1.5982006788253784,1.5352402925491333,1.0140111446380615,0.8960435390472412,1.2805765867233276,1.3418285846710205,1.218928575515747,1.4308964014053345,1.7217106819152832,1.7783335447311401,1.8496851921081543,2.067521095275879,2.25699520111084,2.326247215270996,2.46113657951355,2.6406660079956055,2.8599984645843506,0.9703189730644226,1.3463459014892578,1.4483031034469604,1.235190987586975,1.4113315343856812,1.734563946723938,1.7446712255477905,1.7536932229995728,2.0506057739257812,2.2338180541992188,2.2352702617645264,2.377363443374634,2.6322484016418457,2.7226195335388184,2.8903071880340576,1.8373020887374878,1.7690094709396362,1.8536343574523926,1.5985275506973267,1.2967301607131958,1.516963005065918,1.6130225658416748,1.292805790901184,1.2737621068954468,1.6481702327728271,1.677626371383667,1.4681473970413208,1.7055771350860596,2.007399797439575,2.0530309677124023
A2,0.3799525499343872,0.0,0.3857547342777252,0.5643633008003235,0.5700791478157043,0.6860340237617493,0.9202405214309692,1.0897828340530396,1.1968804597854614,1.3227953910827637,1.5181115865707397,1.6769438982009888,1.7835426330566406,1.9050697088241577,2.18406081199646,1.878129005432129,1.9613368511199951,1.9156782627105713,1.5472968816757202,1.4356436729431152,1.670390009880066,1.5350762605667114,1.1870191097259521,1.385117769241333,1.6400099992752075,1.4332019090652466,1.308443546295166,1.6714067459106445,1.8151683807373047,1.70756995677948,1.3382292985916138,1.266850471496582,1.6510432958602905,1.6810554265975952,1.552514672279358,1.7889982461929321,2.07326078414917,2.0966267585754395,2.1707346439361572,2.413663864135742,2.590771436691284,2.6350793838500977,2.784775972366333,2.98181414604187,3.1840105056762695,1.2300093173980713,1.6083259582519531,1.6333094835281372,1.3936854600906372,1.6268746852874756,1.9285657405853271,1.868174433708191,1.882292628288269,2.2188804149627686,2.3702054023742676,2.3194491863250732,2.4875917434692383,2.762798309326172,2.811065435409546,2.953852891921997,1.8030707836151123,1.6588265895843506,1.7291302680969238,1.5342369079589844,1.1851433515548706,1.326941967010498,1.471643328666687,1.1829931735992432,1.060948371887207,1.4312032461166382,1.529680609703064,1.3056660890579224,1.47664213180542,1.8079816102981567,1.8987983465194702
A3,0.5450454354286194,0.3857547342777252,0.0,0.3915112614631653,0.5625560879707336,0.5298563838005066,0.6492674946784973,0.9220068454742432,1.0660206079483032,1.0936163663864136,1.2666010856628418,1.4954997301101685,1.589289903640747,1.6445029973983765,1.9362602233886719,1.7694551944732666,1.8599776029586792,1.7439699172973633,1.3698396682739258,1.327803611755371,1.5159097909927368,1.3049765825271606,0.9854698777198792,1.236991047859192,1.420738935470581,1.1592479944229126,1.1073812246322632,1.4781150817871094,1.5534847974777222,1.4425370693206787,1.5465271472930908,1.3874585628509521,1.7570847272872925,1.8106014728546143,1.610145926475525,1.8045668601989746,2.128692626953125,2.1354591846466064,2.1427929401397705,2.401071310043335,2.6146416664123535,2.619319200515747,2.7354609966278076,2.9674630165100098,3.180121421813965,1.503193974494934,1.8752819299697876,1.9454106092453003,1.6865650415420532,1.8638408184051514,2.196397066116333,2.1522841453552246,2.113882303237915,2.4409024715423584,2.6321487426757812,2.571979522705078,2.698485851287842,2.9926066398620605,3.069124221801758,3.18588924407959,1.9142591953277588,1.7568539381027222,1.9011833667755127,1.7461814880371094,1.3841521739959717,1.5451462268829346,1.751853585243225,1.5037394762039185,1.3755322694778442,1.7402580976486206,1.879547119140625,1.6720569133758545,1.8130093812942505,2.151493549346924,2.2656071186065674
A4,0.5341008305549622,0.5643633008003235,0.3915112614631653,0.0,0.38992008566856384,0.5485250949859619,0.5206363797187805,0.6707144975662231,0.9269104599952698,1.0212386846542358,1.0929265022277832,1.300122618675232,1.4785829782485962,1.5434114933013916,1.7736682891845703,1.396831750869751,1.4719585180282593,1.3764077425003052,1.0037201642990112,0.9444775581359863,1.166235089302063,0.9972104430198669,0.6875553131103516,0.9789475798606873,1.1994842290878296,1.0166435241699219,1.0150597095489502,1.3683257102966309,1.4726293087005615,1.4620729684829712,1.3760876655578613,1.20125412940979,1.540395736694336,1.5435551404953003,1.2982286214828491,1.5116651058197021,1.826380968093872,1.7922992706298828,1.7946066856384277,2.0775399208068848,2.276400089263916,2.2567567825317383,2.3869521617889404,2.632124900817871,2.826215982437134,1.373435378074646,1.7123817205429077,1.8063544034957886,1.5126347541809082,1.6227113008499146,1.9778695106506348,1.9495131969451904,1.8571946620941162,2.1662278175354004,2.3949050903320312,2.3368680477142334,2.4205989837646484,2.7222964763641357,2.8328402042388916,2.935573101043701,1.6564109325408936,1.5550453662872314,1.7427440881729126,1.5650306940078735,1.2363090515136719,1.4795571565628052,1.684006690979004,1.453757405281067,1.416983723640442,1.7870004177093506,1.9066601991653442,1.7602401971817017,1.9472781419754028,2.2488765716552734,2.3726894855499268
A5,0.6909404993057251,0.5700791478157043,0.5625560879707336,0.38992008566856384,0.0,0.38134443759918213,0.5460652709007263,0.5559020638465881,0.6898499131202698,0.9008692502975464,1.0426726341247559,1.145646572113037,1.3076739311218262,1.4643964767456055,1.6940515041351318,1.370246171951294,1.5219029188156128,1.4994513988494873,1.117959976196289,1.093322992324829,1.3947969675064087,1.2709417343139648,1.0100992918014526,1.31062650680542,1.5510594844818115,1.391947627067566,1.4013906717300415,1.7508183717727661,1.8579331636428833,1.8467681407928467,1.4688162803649902,1.3874365091323853,1.725338339805603,1.654110312461853,1.4408503770828247,1.7190836668014526,1.9852300882339478,1.9069890975952148,1.9639354944229126,2.269155740737915,2.415220022201538,2.3849127292633057,2.5637385845184326,2.805586099624634,2.9599180221557617,1.3943957090377808,1.7190945148468018,1.731297254562378,1.3974153995513916,1.549009919166565,1.8780345916748047,1.7776092290878296,1.680080533027649,2.025378942489624,2.222069501876831,2.1129002571105957,2.2181246280670166,2.536949634552002,2.609241247177124,2.687915802001953,1.3534519672393799,1.2059950828552246,1.3766831159591675,1.2330213785171509,0.8809800744056702,1.1023370027542114,1.3384449481964111,1.1558358669281006,1.1078808307647705,1.4612057209014893,1.6194278001785278,1.52161705493927,1.6848756074905396,1.9662845134735107,2.134843587875366
A6,0.9176575541496277,0.6860340237617493,0.5298563838005066,0.5485250949859619,0.38134443759918213,0.0,0.380131334066391,0.5635635852813721,0.5632087588310242,0.6414350271224976,0.8876063227653503,1.039928913116455,1.1037453413009644,1.2310998439788818,1.5237456560134888,1.5454082489013672,1.738899827003479,1.6557883024215698,1.2655961513519287,1.3341599702835083,1.5938382148742676,1.3883049488067627,1.1625418663024902,1.5001543760299683,1.670573115348816,1.4403438568115234,1.4981138706207275,1.8554996252059937,1.8922772407531738,1.837093710899353,1.8146803379058838,1.7041090726852417,2.05203914642334,2.011876106262207,1.7797584533691406,2.0287539958953857,2.3196394443511963,2.241365432739258,2.2598586082458496,2.5700886249542236,2.7393229007720947,2.6864101886749268,2.8429477214813232,3.1061015129089355,3.266970157623291,1.7393420934677124,2.0801992416381836,2.0861291885375977,1.7604447603225708,1.9284902811050415,2.251976490020752,2.1342763900756836,2.0378355979919434,2.390585422515869,2.5784175395965576,2.4454240798950195,2.5525155067443848,2.8817009925842285,2.937845468521118,2.9943552017211914,1.5760393142700195,1.356347680091858,1.547232985496521,1.4853843450546265,1.1142104864120483,1.2438287734985352,1.5373419523239136,1.3957557678222656,1.2548528909683228,1.582381248474121,1.8028051853179932,1.682965636253357,1.7744386196136475,2.082833766937256,2.27968692779541
A7,1.0321450233459473,0.9202405214309692,0.6492674946784973,0.5206363797187805,0.5460652709007263,0.380131334066391,0.0,0.37962958216667175,0.556887686252594,0.519275963306427,0.6182266473770142,0.8727540969848633,0.996229887008667,1.0313135385513306,1.2937840223312378,1.3194001913070679,1.5004734992980957,1.3563759326934814,0.9745431542396545,1.1130841970443726,1.3264268636703491,1.0779814720153809,0.9221572279930115,1.2935665845870972,1.4056272506713867,1.1833690404891968,1.3251903057098389,1.6545854806900024,1.6495027542114258,1.6455059051513672,1.8710256814956665,1.69839346408844,2.0132839679718018,1.9812941551208496,1.6930720806121826,1.9020190238952637,2.2109172344207764,2.113121509552002,2.0736005306243896,2.393897533416748,2.5857889652252197,2.4964818954467773,2.6245036125183105,2.914479970932007,3.0782687664031982,1.857747197151184,2.1818113327026367,2.240622043609619,1.9085646867752075,2.0084071159362793,2.3581035137176514,2.278113842010498,2.1337931156158447,2.457052707672119,2.6905274391174316,2.5707380771636963,2.6263439655303955,2.961209297180176,3.060708522796631,3.10304856300354,1.6494176387786865,1.4768059253692627,1.7356904745101929,1.6699206829071045,1.3313828706741333,1.5223875045776367,1.817265510559082,1.6806761026382446,1.5926471948623657,1.9252210855484009,2.1288504600524902,2.022116184234619,2.1391522884368896,2.439337730407715,2.6283798217773438
A8,1.1614230871200562,1.0897828340530396,0.9220068454742432,0.6707144975662231,0.5559020638465881,0.5635635852813721,0.37962958216667175,0.0,0.38102981448173523,0.5472044348716736,0.5274491310119629,0.6388487219810486,0.8743695020675659,0.993565022945404,1.1671274900436401,1.0043708086013794,1.2387598752975464,1.1656020879745483,0.7928069829940796,0.9623066186904907,1.2428337335586548,1.078095555305481,0.9824625849723816,1.3513715267181396,1.4987585544586182,1.3639026880264282,1.517297387123108,1.823458194732666,1.8519172668457031,1.91026771068573,1.841005802154541,1.7072901725769043,1.987921953201294,1.8844366073608398,1.5887936353683472,1.8353716135025024,2.100659132003784,1.9460901021957397,1.9312149286270142,2.277405023574829,2.4237284660339355,2.306661605834961,2.4724347591400146,2.7678563594818115,2.8909153938293457,1.8245095014572144,2.106133222579956,2.142881393432617,1.7809501886367798,1.8411831855773926,2.1824371814727783,2.0811614990234375,1.8893951177597046,2.2054831981658936,2.4497053623199463,2.3050734996795654,2.3295717239379883,2.6763572692871094,2.7838566303253174,2.79721999168396,1.3133569955825806,1.170353889465332,1.4710206985473633,1.4203639030456543,1.1279371976852417,1.3612253665924072,1.6589086055755615,1.5728336572647095,1.5504704713821411,1.8606058359146118,2.059267997741699,2.019059419631958,2.1548149585723877,2.4125537872314453,2.622084856033325
A9,1.3681752681732178,1.1968804597854614,1.0660206079483032,0.9269104599952698,0.6898499131202698,0.5632087588310242,0.556887686252594,0.38102981448173523,0.0,0.3781379461288452,0.5528497099876404,0.5215659737586975,0.6297077536582947,0.8613399863243103,1.0795029401779175,1.2484030723571777,1.5400625467300415,1.4953685998916626,1.144499659538269,1.3290925025939941,1.6200307607650757,1.4502619504928589,1.3514199256896973,1.7211344242095947,1.8652347326278687,1.6988918781280518,1.8447545766830444,2.166959047317505,2.1782095432281494,2.198688268661499,2.098849058151245,2.007016658782959,2.3058457374572754,2.186206102371216,1.918250322341919,2.1883468627929688,2.4384820461273193,2.274519681930542,2.2854502201080322,2.6355223655700684,2.7605032920837402,2.640265464782715,2.8249073028564453,3.11806058883667,3.2223503589630127,2.033867359161377,2.320376396179199,2.300626516342163,1.9296481609344482,2.0361645221710205,2.3484718799591064,2.190272092819214,2.010859727859497,2.3529293537139893,2.5580220222473145,2.3663294315338135,2.4156572818756104,2.773084878921509,2.835617780685425,2.820721387863159,1.2789260149002075,1.0373660326004028,1.329953670501709,1.3726164102554321,1.0697556734085083,1.2073880434036255,1.5554258823394775,1.536461353302002,1.457656741142273,1.7216997146606445,1.977574348449707,1.9617804288864136,2.0376970767974854,2.286357879638672,2.5390419960021973
A10,1.5060665607452393,1.3227953910827637,1.0936163663864136,1.0212386846542358,0.9008692502975464,0.6414350271224976,0.519275963306427,0.5472044348716736,0.3781379461288452,0.0,0.3823936879634857,0.540334939956665,0.5071049928665161,0.5927030444145203,0.9047870635986328,1.4178929328918457,1.6956372261047363,1.5673249959945679,1.2269468307495117,1.467214822769165,1.6917296648025513,1.447535753250122,1.3836467266082764,1.7662705183029175,1.8401987552642822,1.6248104572296143,1.8167062997817993,2.1282665729522705,2.0752553939819336,2.074022054672241,2.32586407661438,2.184710741043091,2.4896883964538574,2.4146294593811035,2.1210200786590576,2.348888397216797,2.6329400539398193,2.484811544418335,2.445152521133423,2.789702892303467,2.9524288177490234,2.817739963531494,2.9634265899658203,3.275167226791382,3.399738073348999,2.2844974994659424,2.5928425788879395,2.6030924320220947,2.244358539581299,2.3492233753204346,2.677281379699707,2.5406103134155273,2.3655290603637695,2.700636386871338,2.91813063621521,2.737726926803589,2.7796578407287598,3.1364433765411377,3.209111452102661,3.193898916244507,1.644859790802002,1.4019668102264404,1.6958991289138794,1.7481932640075684,1.433281421661377,1.5461593866348267,1.9004342555999756,1.8626669645309448,1.7411786317825317,2.0111751556396484,2.2811357975006104,2.2259347438812256,2.2773797512054443,2.554487466812134,2.8029017448425293
A11,1.6187036037445068,1.5181115865707397,1.2666010856628418,1.0929265022277832,1.0426726341247559,0.8876063227653503,0.6182266473770142,0.5274491310119629,0.5528497099876404,0.3823936879634857,0.0,0.38276416063308716,0.5367569923400879,0.49863412976264954,0.6817399263381958,1.1419034004211426,1.4190163612365723,1.2595765590667725,0.9650389552116394,1.2745922803878784,1.4628974199295044,1.2273410558700562,1.2590101957321167,1.6381055116653442,1.6734204292297363,1.5114994049072266,1.7601710557937622,2.0297083854675293,1.9613118171691895,2.0271103382110596,2.3386480808258057,2.1680588722229004,2.4310476779937744,2.343000650405884,2.0144007205963135,2.214881181716919,2.490994453430176,2.3134028911590576,2.2342982292175293,2.586975336074829,2.7500226497650146,2.577944755554199,2.7087626457214355,3.039921998977661,3.1516339778900146,2.341886281967163,2.6223928928375244,2.6683754920959473,2.3040647506713867,2.34578275680542,2.686568021774292,2.5798540115356445,2.3605785369873047,2.6621909141540527,2.917344808578491,2.749022960662842,2.73986554145813,3.097400188446045,3.2104344367980957,3.1808249950408936,1.6413692235946655,1.468174934387207,1.8106842041015625,1.84392249584198,1.5715956687927246,1.7495720386505127,2.0869152545928955,2.048280954360962,1.9873462915420532,2.2685272693634033,2.5106170177459717,2.4748783111572266,2.5647811889648438,2.827838897705078,3.0659067630767822
A12,1.7938501834869385,1.6769438982009888,1.4954997301101685,1.300122618675232,1.145646572113037,1.039928913116455,0.8727540969848633,0.6388487219810486,0.5215659737586975,0.540334939956665,0.38276416063308716,0.0,0.3704298436641693,0.556547999382019,0.6113696098327637,1.0823171138763428,1.4257725477218628,1.3568347692489624,1.0972501039505005,1.3986016511917114,1.6399576663970947,1.4756381511688232,1.5109940767288208,1.8816156387329102,1.9573578834533691,1.8355926275253296,2.0644569396972656,2.337252378463745,2.3001792430877686,2.3810102939605713,2.4376115798950195,2.316521644592285,2.5670008659362793,2.4237656593322754,2.1128594875335693,2.35170316696167,2.5854809284210205,2.367766857147217,2.3276891708374023,2.6948649883270264,2.8091847896575928,2.6215720176696777,2.7930502891540527,3.1196022033691406,3.189452886581421,2.4144394397735596,2.666231393814087,2.6695525646209717,2.2876455783843994,2.323486566543579,2.63761305809021,2.4903922080993652,2.2469236850738525,2.5489580631256104,2.788106918334961,2.5801937580108643,2.5581376552581787,2.924903392791748,3.0199296474456787,2.952223539352417,1.394521713256836,1.2090821266174316,1.57213294506073,1.665715217590332,1.4435882568359375,1.5996965169906616,1.9451009035110474,1.973488688468933,1.93703031539917,2.1743555068969727,2.430011034011841,2.4515953063964844,2.529054880142212,2.7528910636901855,3.0198512077331543
A13,1.9628151655197144,1.7835426330566406,1.589289903640747,1.4785829782485962,1.3076739311218262,1.1037453413009644,0.996229887008667,0.8743695020675659,0.6297077536582947,0.5071049928665161,0.5367569923400879,0.3704298436641693,0.0,0.3796837627887726,0.5683111548423767,1.4520198106765747,1.793021559715271,1.701660394668579,1.4321815967559814,1.7308368682861328,1.9606558084487915,1.7548134326934814,1.7677541971206665,2.148897886276245,2.2064383029937744,2.034177780151367,2.2624692916870117,2.5501840114593506,2.4820048809051514,2.518198251724243,2.699505567550659,2.5811855792999268,2.858299732208252,2.7339911460876465,2.432302713394165,2.671990394592285,2.9211554527282715,2.7191367149353027,2.6792235374450684,3.042623281478882,3.1679434776306152,2.9868204593658447,3.151226282119751,3.4789206981658936,3.556452751159668,2.652883291244507,2.927762985229492,2.9099979400634766,2.5311121940612793,2.6079013347625732,2.914464235305786,2.7434582710266113,2.524789333343506,2.8465895652770996,3.0605835914611816,2.8342809677124023,2.839305877685547,3.2081832885742188,3.2725138664245605,3.1969845294952393,1.628648281097412,1.3765236139297485,1.7055617570877075,1.8506842851638794,1.6053893566131592,1.6841800212860107,2.0552449226379395,2.1050121784210205,2.007032632827759,2.217672824859619,2.513247489929199,2.523174524307251,2.548570394515991,2.781848430633545,3.0701794624328613
A14,2.058666467666626,1.9050697088241577,1.6445029973983765,1.5434114933013916,1.4643964767456055,1.2310998439788818,1.0313135385513306,0.993565022945404,0.8613399863243103,0.5927030444145203,0.49863412976264954,0.556547999382019,0.3796837627887726,0.0,0.38897353410720825,1.5239604711532593,1.8298588991165161,1.66285240650177,1.4221776723861694,1.7583250999450684,1.9212942123413086,1.6682547330856323,1.7295727729797363,2.105468273162842,2.0979974269866943,1.9106107950210571,2.182539939880371,2.441659927368164,2.3211793899536133,2.362586259841919,2.8260931968688965,2.659876585006714,2.9285383224487305,2.839874029159546,2.5112340450286865,2.7071030139923096,2.981337785720825,2.7913198471069336,2.7003254890441895,3.055149793624878,3.2144486904144287,3.018131732940674,3.141606330871582,3.4854485988616943,3.581524610519409,2.813469648361206,3.099445104598999,3.1224524974823,2.7520294189453125,2.809896945953369,3.138305902481079,3.0017428398132324,2.77821683883667,3.0863187313079834,3.3259055614471436,3.123835325241089,3.1122660636901855,3.4782910346984863,3.5694403648376465,3.503542900085449,1.9391597509384155,1.7180026769638062,2.0575244426727295,2.1698763370513916,1.9085050821304321,2.015169858932495,2.381343364715576,2.39339542388916,2.2893199920654297,2.528336524963379,2.814568042755127,2.7907156944274902,2.8257148265838623,3.083796977996826,3.354912042617798
A15,2.2979962825775146,2.18406081199646,1.9362602233886719,1.7736682891845703,1.6940515041351318,1.5237456560134888,1.2937840223312378,1.1671274900436401,1.0795029401779175,0.9047870635986328,0.6817399263381958,0.6113696098327637,0.5683111548423767,0.38897353410720825,0.0,1.4164549112319946,1.7346022129058838,1.5852266550064087,1.4242395162582397,1.7925214767456055,1.9387423992156982,1.729804277420044,1.8595205545425415,2.2192766666412354,2.197319984436035,2.0680041313171387,2.3663809299468994,2.593158483505249,2.4735209941864014,2.5680978298187256,2.970438003540039,2.8056230545043945,3.0374157428741455,2.9179322719573975,2.5763537883758545,2.7635767459869385,3.009567975997925,2.7816364765167236,2.675701141357422,3.036930799484253,3.17242431640625,2.937760353088379,3.0630288124084473,3.418233871459961,3.4809556007385254,2.976675033569336,3.230436325073242,3.259443759918213,2.8808534145355225,2.8931403160095215,3.2148542404174805,3.082476854324341,2.8200485706329346,3.0988571643829346,3.355419635772705,3.1451377868652344,3.0885210037231445,3.4545390605926514,3.566084384918213,3.468636989593506,1.9394662380218506,1.7672914266586304,2.134622573852539,2.2609686851501465,2.051443338394165,2.1847472190856934,2.540191411972046,2.5793561935424805,2.520826816558838,2.7485530376434326,3.022953510284424,3.0347509384155273,3.0881032943725586,3.3211510181427,3.5984179973602295
B1,1.7746751308441162,1.878129005432129,1.7694551944732666,1.396831750869751,1.370246171951294,1.5454082489013672,1.3194001913070679,1.0043708086013794,1.2484030723571777,1.4178929328918457,1.1419034004211426,1.0823171138763428,1.4520198106765747,1.5239604711532593,1.4164549112319946,0.0,0.38314852118492126,0.5488851070404053,0.5579419136047363,0.7393162846565247,0.9550504088401794,1.0622919797897339,1.211098313331604,1.431355357170105,1.5522619485855103,1.6569143533706665,1.853436827659607,2.0188071727752686,2.088017702102661,2.3129336833953857,1.9612809419631958,1.835762858390808,1.938149333000183,1.724988341331482,1.3947898149490356,1.5919784307479858,1.7325754165649414,1.4378553628921509,1.382041335105896,1.7551774978637695,1.812501072883606,1.5790833234786987,1.7775481939315796,2.101306438446045,2.129167079925537,2.040924310684204,2.171809434890747,2.26252818107605,1.915603756904602,1.7691341638565063,2.0825774669647217,2.05100154876709,1.7294461727142334,1.9034900665283203,2.233165740966797,2.118368625640869,1.977686882019043,2.3050060272216797,2.5201711654663086,2.4810283184051514,1.2603051662445068,1.383002519607544,1.7224252223968506,1.6334905624389648,1.557663917541504,1.8872294425964355,2.0874972343444824,2.0492985248565674,2.1957855224609375,2.4662413597106934,2.579068183898926,2.631692886352539,2.8417673110961914,3.018653631210327,3.204690456390381
B2,1.7855902910232544,1.9613368511199951,1.8599776029586792,1.4719585180282593,1.5219029188156128,1.738899827003479,1.5004734992980957,1.2387598752975464,1.5400625467300415,1.6956372261047363,1.4190163612365723,1.4257725477218628,1.793021559715271,1.8298588991165161,1.7346022129058838,0.38314852118492126,0.0,0.3864172697067261,0.5766276717185974,0.6052262187004089,0.7218380570411682,0.948695957660675,1.1296478509902954,1.2526274919509888,1.370793342590332,1.5572682619094849,1.7306684255599976,1.8393044471740723,1.9414175748825073,2.2077252864837646,1.821584939956665,1.6700124740600586,1.7079721689224243,1.505934715270996,1.1660301685333252,1.3037819862365723,1.424173355102539,1.1236706972122192,1.0219074487686157,1.39060640335083,1.4586495161056519,1.2140874862670898,1.3964446783065796,1.7254505157470703,1.7690463066101074,1.9549226760864258,2.050445556640625,2.1970460414886475,1.889242172241211,1.6858614683151245,2.0020198822021484,2.040341854095459,1.7272261381149292,1.844255805015564,2.2019622325897217,2.150463342666626,1.988983392715454,2.280508041381836,2.538386106491089,2.536134958267212,1.4982876777648926,1.6685866117477417,1.9722518920898438,1.8194661140441895,1.7569700479507446,2.1144683361053467,2.2707552909851074,2.1854970455169678,2.361429452896118,2.6502187252044678,2.717679977416992,2.7505736351013184,2.9960780143737793,3.174464225769043,3.321833372116089
B3,1.7459635734558105,1.9156782627105713,1.7439699172973633,1.3764077425003052,1.4994513988494873,1.6557883024215698,1.3563759326934814,1.1656020879745483,1.4953685998916626,1.5673249959945679,1.2595765590667725,1.3568347692489624,1.701660394668579,1.66285240650177,1.5852266550064087,0.5488851070404053,0.3864172697067261,0.0,0.390936017036438,0.5637863874435425,0.5372903943061829,0.657772958278656,0.9337050914764404,1.0819159746170044,1.108960509300232,1.2780848741531372,1.5130584239959717,1.6041275262832642,1.647143840789795,1.9239833354949951,1.9244964122772217,1.705810785293579,1.7735105752944946,1.650660753250122,1.2759273052215576,1.3526633977890015,1.5524520874023438,1.3150980472564697,1.1247960329055786,1.4746177196502686,1.6284446716308594,1.389973521232605,1.4842785596847534,1.8391369581222534,1.9369419813156128,2.075106620788574,2.2202041149139404,2.3947980403900146,2.090566396713257,1.9246151447296143,2.267155885696411,2.314700126647949,2.030031204223633,2.173764228820801,2.527074098587036,2.480380058288574,2.3462822437286377,2.6413753032684326,2.889618158340454,2.8979692459106445,1.7530490159988403,1.8570598363876343,2.181551694869995,2.0430686473846436,1.9146196842193604,2.2584738731384277,2.4519872665405273,2.340970754623413,2.4666519165039062,2.7814369201660156,2.8739981651306152,2.8636720180511475,3.0939245223999023,3.309931993484497,3.457740068435669
B4,1.4131314754486084,1.5472968816757202,1.3698396682739258,1.0037201642990112,1.117959976196289,1.2655961513519287,0.9745431542396545,0.7928069829940796,1.144499659538269,1.2269468307495117,0.9650389552116394,1.0972501039505005,1.4321815967559814,1.4221776723861694,1.4242395162582397,0.5579419136047363,0.5766276717185974,0.390936017036438,0.0,0.39103439450263977,0.5521283149719238,0.525485098361969,0.6837971806526184,0.9453157186508179,1.0343884229660034,1.1018829345703125,1.3195323944091797,1.4944202899932861,1.5433874130249023,1.7566709518432617,1.74626624584198,1.5342282056808472,1.6834198236465454,1.5760040283203125,1.2044436931610107,1.3490220308303833,1.5989524126052856,1.4024176597595215,1.2787249088287354,1.6338480710983276,1.8019814491271973,1.626078486442566,1.7464115619659424,2.075295925140381,2.199557065963745,1.8573673963546753,2.0557265281677246,2.203047752380371,1.8790451288223267,1.7796826362609863,2.1394433975219727,2.1526567935943604,1.8988195657730103,2.1044468879699707,2.431969165802002,2.3650052547454834,2.2869889736175537,2.6013548374176025,2.8099489212036133,2.8332290649414062,1.5666513442993164,1.6110750436782837,1.9291794300079346,1.7929829359054565,1.6118159294128418,1.9421718120574951,2.1564555168151855,2.0329043865203857,2.1238250732421875,2.4486873149871826,2.5609192848205566,2.531078577041626,2.7453765869140625,2.9790375232696533,3.134589672088623
B5,1.2214162349700928,1.4356436729431152,1.327803611755371,0.9444775581359863,1.093322992324829,1.3341599702835083,1.1130841970443726,0.9623066186904907,1.3290925025939941,1.467214822769165,1.2745922803878784,1.3986016511917114,1.7308368682861328,1.7583250999450684,1.7925214767456055,0.7393162846565247,0.6052262187004089,0.5637863874435425,0.39103439450263977,0.0,0.38063156604766846,0.5463194251060486,0.5637762546539307,0.7128835320472717,0.9201206564903259,1.0553619861602783,1.1687902212142944,1.3346539735794067,1.4773387908935547,1.6940932273864746,1.3839662075042725,1.171930193901062,1.2977169752120972,1.1881749629974365,0.8142349720001221,0.9737328886985779,1.2281229496002197,1.062795639038086,0.9784306883811951,1.3250292539596558,1.4978657960891724,1.3844503164291382,1.5218743085861206,1.8140788078308105,1.9655927419662476,1.5243395566940308,1.700927734375,1.8817399740219116,1.588066816329956,1.4615583419799805,1.8266657590866089,1.8877743482589722,1.6608775854110718,1.844167709350586,2.1769602298736572,2.1608986854553223,2.097416639328003,2.384359121322632,2.6069726943969727,2.6765995025634766,1.5636935234069824,1.6566863059997559,1.9196112155914307,1.7092846632003784,1.5486127138137817,1.906493067741394,2.0599567890167236,1.8887906074523926,2.0211594104766846,2.3557779788970947,2.4126524925231934,2.37115740776062,2.6252355575561523,2.849144458770752,2.963758945465088
B6,1.4226975440979004,1.670390009880066,1.5159097909927368,1.166235089302063,1.3947969675064087,1.5938382148742676,1.3264268636703491,1.2428337335586548,1.6200307607650757,1.6917296648025513,1.4628974199295044,1.6399576663970947,1.9606558084487915,1.9212942123413086,1.9387423992156982,0.9550504088401794,0.7218380570411682,0.5372903943061829,0.5521283149719238,0.38063156604766846,0.0,0.38221073150634766,0.5654780864715576,0.5711836218833923,0.6580846905708313,0.8993982076644897,1.0530215501785278,1.120529294013977,1.2421634197235107,1.5231643915176392,1.537028431892395,1.2594621181488037,1.3222582340240479,1.2883418798446655,0.9072534441947937,0.9137589931488037,1.196324110031128,1.0739494562149048,0.8612493872642517,1.1704905033111572,1.4133394956588745,1.2841402292251587,1.3314590454101562,1.6451460123062134,1.836760401725769,1.7323468923568726,1.8937727212905884,2.127655506134033,1.8747235536575317,1.7209395170211792,2.0801212787628174,2.1894032955169678,1.9718838930130005,2.1128530502319336,2.4592559337615967,2.477438449859619,2.3931937217712402,2.657060384750366,2.906461238861084,2.985034227371216,1.932103157043457,2.0297434329986572,2.2996480464935303,2.0872724056243896,1.9234495162963867,2.2778940200805664,2.4297237396240234,2.239929437637329,2.362370491027832,2.70764422416687,2.755479335784912,2.688863515853882,2.9482438564300537,3.185746431350708,3.2811474800109863
B7,1.3389533758163452,1.5350762605667114,1.3049765825271606,0.9972104430198669,1.2709417343139648,1.3883049488067627,1.0779814720153809,1.078095555305481,1.4502619504928589,1.447535753250122,1.2273410558700562,1.4756381511688232,1.7548134326934814,1.6682547330856323,1.729804277420044,1.0622919797897339,0.948695957660675,0.657772958278656,0.525485098361969,0.5463194251060486,0.38221073150634766,0.0,0.37959879636764526,0.5551373362541199,0.5224577188491821,0.6213980913162231,0.8773833513259888,0.9974067807197571,1.0259222984313965,1.2729456424713135,1.6948943138122559,1.3927648067474365,1.534292459487915,1.5504331588745117,1.1777567863464355,1.199520230293274,1.5252254009246826,1.4373106956481934,1.2345322370529175,1.522128701210022,1.7865843772888184,1.6625268459320068,1.68634831905365,2.0024611949920654,2.2068066596984863,1.8598321676254272,2.0828957557678223,2.298368215560913,2.0293421745300293,1.9407758712768555,2.3130388259887695,2.3885042667388916,2.189328193664551,2.378441572189331,2.7066290378570557,2.696432113647461,2.6432502269744873,2.9285058975219727,3.1490938663482666,3.2201242446899414,2.0237691402435303,2.051236629486084,2.3378779888153076,2.1603190898895264,1.9380439519882202,2.2615227699279785,2.4578697681427,2.2659621238708496,2.327263116836548,2.6840317249298096,2.7723536491394043,2.6750247478485107,2.9013640880584717,3.1707332134246826,3.2825541496276855
B8,0.9672423601150513,1.1870191097259521,0.9854698777198792,0.6875553131103516,1.0100992918014526,1.1625418663024902,0.9221572279930115,0.9824625849723816,1.3514199256896973,1.3836467266082764,1.2590101957321167,1.5109940767288208,1.7677541971206665,1.7295727729797363,1.8595205545425415,1.211098313331604,1.1296478509902954,0.9337050914764404,0.6837971806526184,0.5637762546539307,0.5654780864715576,0.37959879636764526,0.0,0.3839329183101654,0.5521013736724854,0.5317531824111938,0.6481480002403259,0.8833726644515991,0.9945947527885437,1.153316617012024,1.407029628753662,1.1051238775253296,1.3183835744857788,1.3661998510360718,1.0277674198150635,1.0998647212982178,1.454413890838623,1.4235997200012207,1.2993218898773193,1.5688740015029907,1.8305659294128418,1.7773818969726562,1.8324943780899048,2.105685234069824,2.329845428466797,1.5497267246246338,1.8117355108261108,2.02016282081604,1.7634656429290771,1.7274832725524902,2.1030476093292236,2.1747701168060303,2.0248007774353027,2.243757724761963,2.5444788932800293,2.5447988510131836,2.5423595905303955,2.821866273880005,3.01503586769104,3.1181702613830566,1.9393693208694458,1.9434962272644043,2.1864233016967773,1.978973627090454,1.7280598878860474,2.0406081676483154,2.21653151512146,1.9874482154846191,2.03346848487854,2.400979995727539,2.4739344120025635,2.3474013805389404,2.5792183876037598,2.859220504760742,2.951599359512329
B9,1.0859644412994385,1.385117769241333,1.236991047859192,0.9789475798606873,1.31062650680542,1.5001543760299683,1.2935665845870972,1.3513715267181396,1.7211344242095947,1.7662705183029175,1.6381055116653442,1.8816156387329102,2.148897886276245,2.105468273162842,2.2192766666412354,1.431355357170105,1.2526274919509888,1.0819159746170044,0.9453157186508179,0.7128835320472717,0.5711836218833923,0.5551373362541199,0.3839329183101654,0.0,0.3769533932209015,0.5529528260231018,0.5249308943748474,0.6375395059585571,0.8637409806251526,1.0767323970794678,1.2830270528793335,0.9311152100563049,1.0692499876022339,1.1917128562927246,0.8785055875778198,0.8325326442718506,1.209484577178955,1.256003737449646,1.102542757987976,1.3043766021728516,1.6075061559677124,1.605074405670166,1.6141246557235718,1.8530656099319458,2.11879825592041,1.4911428689956665,1.7131989002227783,1.9821734428405762,1.7854076623916626,1.7077332735061646,2.070399045944214,2.2073581218719482,2.0814712047576904,2.250576972961426,2.5585992336273193,2.6147139072418213,2.6044626235961914,2.8473899364471436,3.0661425590515137,3.2022461891174316,2.1751794815063477,2.2238364219665527,2.439836025238037,2.189244508743286,1.9689046144485474,2.295893669128418,2.4238994121551514,2.162632465362549,2.2411136627197266,2.6097798347473145,2.6332645416259766,2.492532730102539,2.7559149265289307,3.026878595352173,3.0759451389312744
B10,1.3805485963821411,1.6400099992752075,1.420738935470581,1.1994842290878296,1.5510594844818115,1.670573115348816,1.4056272506713867,1.4987585544586182,1.8652347326278687,1.8401987552642822,1.6734204292297363,1.9573578834533691,2.2064383029937744,2.0979974269866943,2.197319984436035,1.5522619485855103,1.370793342590332,1.108960509300232,1.0343884229660034,0.9201206564903259,0.6580846905708313,0.5224577188491821,0.5521013736724854,0.3769533932209015,0.0,0.38274961709976196,0.5381909012794495,0.5030335187911987,0.5890566110610962,0.8935715556144714,1.649613618850708,1.2870408296585083,1.391351342201233,1.5343334674835205,1.2153081893920898,1.1056430339813232,1.4678657054901123,1.5042686462402344,1.2703839540481567,1.448076605796814,1.7830418348312378,1.7376102209091187,1.6795134544372559,1.9451311826705933,2.2214860916137695,1.8628627061843872,2.0836079120635986,2.3585691452026367,2.160097122192383,2.0758848190307617,2.4382872581481934,2.574587821960449,2.4311492443084717,2.593061685562134,2.9126129150390625,2.9605600833892822,2.929774045944214,3.1786880493164062,3.408590316772461,3.527601718902588,2.443073272705078,2.476022481918335,2.72387433052063,2.502133369445801,2.2686641216278076,2.5869057178497314,2.7458150386810303,2.497246742248535,2.550147771835327,2.9219894409179688,2.970202684402466,2.820612907409668,3.0649850368499756,3.351170301437378,3.4108002185821533
B11,1.234508991241455,1.4332019090652466,1.1592479944229126,1.0166435241699219,1.391947627067566,1.4403438568115234,1.1833690404891968,1.3639026880264282,1.6988918781280518,1.6248104572296143,1.5114994049072266,1.8355926275253296,2.034177780151367,1.9106107950210571,2.0680041313171387,1.6569143533706665,1.5572682619094849,1.2780848741531372,1.1018829345703125,1.0553619861602783,0.8993982076644897,0.6213980913162231,0.5317531824111938,0.5529528260231018,0.38274961709976196,0.0,0.3832913637161255,0.5333320498466492,0.4918670952320099,0.6569675207138062,1.7346092462539673,1.3822333812713623,1.5738590955734253,1.7277714014053345,1.4216487407684326,1.3785338401794434,1.7560962438583374,1.794290542602539,1.6026462316513062,1.7996834516525269,2.122429132461548,2.082137107849121,2.0496881008148193,2.315049171447754,2.5857973098754883,1.9001222848892212,2.1765074729919434,2.418192148208618,2.2044503688812256,2.186052083969116,2.555117130279541,2.6526076793670654,2.530853748321533,2.7399985790252686,3.0367026329040527,3.0569067001342773,3.0620574951171875,3.330116033554077,3.5266776084899902,3.642704725265503,2.454484462738037,2.428525924682617,2.672811508178711,2.476602554321289,2.197237491607666,2.479228973388672,2.6665947437286377,2.415419578552246,2.4119374752044678,2.7874755859375,2.867448568344116,2.6897478103637695,2.9009969234466553,3.212509870529175,3.2842862606048584
B12,1.0544157028198242,1.308443546295166,1.1073812246322632,1.0150597095489502,1.4013906717300415,1.4981138706207275,1.3251903057098389,1.517297387123108,1.8447545766830444,1.8167062997817993,1.7601710557937622,2.0644569396972656,2.2624692916870117,2.182539939880371,2.3663809299468994,1.853436827659607,1.7306684255599976,1.5130584239959717,1.3195323944091797,1.1687902212142944,1.0530215501785278,0.8773833513259888,0.6481480002403259,0.5249308943748474,0.5381909012794495,0.3832913637161255,0.0,0.3709476888179779,0.5575149655342102,0.6074111461639404,1.48683500289917,1.1268707513809204,1.334771752357483,1.5509414672851562,1.3081833124160767,1.2514421939849854,1.6328569650650024,1.7424639463424683,1.6007366180419922,1.750765323638916,2.075702667236328,2.1050384044647217,2.079958200454712,2.294975519180298,2.5903120040893555,1.6585829257965088,1.940244197845459,2.2001259326934814,2.0343031883239746,2.0386738777160645,2.3927319049835205,2.516545534133911,2.445558547973633,2.6484928131103516,2.9229531288146973,2.9771816730499268,3.0147910118103027,3.258021831512451,3.4444477558135986,3.59844708442688,2.510977268218994,2.494441032409668,2.6915290355682373,2.4552109241485596,2.178293466567993,2.4548721313476562,2.5977694988250732,2.3066275119781494,2.308926582336426,2.6865575313568115,2.7258353233337402,2.519224166870117,2.7496743202209473,3.0606000423431396,3.0914862155914307
B13,1.3953347206115723,1.6714067459106445,1.4781150817871094,1.3683257102966309,1.7508183717727661,1.8554996252059937,1.6545854806900024,1.823458194732666,2.166959047317505,2.1282665729522705,2.0297083854675293,2.337252378463745,2.5501840114593506,2.441659927368164,2.593158483505249,2.0188071727752686,1.8393044471740723,1.6041275262832642,1.4944202899932861,1.3346539735794067,1.120529294013977,0.9974067807197571,0.8833726644515991,0.6375395059585571,0.5030335187911987,0.5333320498466492,0.3709476888179779,0.0,0.37953507900238037,0.5775216221809387,1.6539080142974854,1.2756456136703491,1.3878673315048218,1.6417219638824463,1.4096876382827759,1.2532832622528076,1.6186076402664185,1.7602531909942627,1.5642398595809937,1.6527259349822998,2.0095479488372803,2.0455281734466553,1.957689642906189,2.1575424671173096,2.4786815643310547,1.8716317415237427,2.107952117919922,2.406841516494751,2.2715368270874023,2.229931354522705,2.5738344192504883,2.738065481185913,2.6595473289489746,2.8214914798736572,3.112111806869507,3.195341110229492,3.206820487976074,3.430710792541504,3.64499831199646,3.8056042194366455,2.7833995819091797,2.797300338745117,3.0036025047302246,2.7557878494262695,2.5010499954223633,2.7943167686462402,2.9248619079589844,2.630938768386841,2.6559858322143555,3.032510280609131,3.0531070232391357,2.8496341705322266,3.094114303588867,3.3974897861480713,3.4113004207611084
