,A1,A2,A3,A4,A5,A6,A7,A8,A9,A10,A11,A12,A13,A14,A15,B1,B2,B3,B4,B5,B6,B7,B8,B9,B10,B11,B12,B13,B14,B15,C1,C2,C3,C4,C5,C6,C7,C8,C9,C10,C11,C12,C13,C14,C15,D1,D2,D3,D4,D5,D6,D7,D8,D9,D10,D11,D12,D13,D14,D15,E1,E2,E3,E4,E5,E6,E7,E8,E9,E10,E11,E12,E13,E14,E15
A1,0.0,0.38132891058921814,0.5557502508163452,0.5402327179908752,0.653878927230835,0.8852222561836243,1.0370569229125977,1.1229664087295532,1.3280866146087646,1.5200732946395874,1.6245598793029785,1.7307676076889038,1.9227300882339478,2.080449104309082,2.241361379623413,1.8016537427902222,1.7249433994293213,1.7103040218353271,1.5677382946014404,1.260188102722168,1.0921210050582886,1.1234724521636963,0.9350304007530212,0.5716837644577026,0.6110624074935913,0.776663064956665,0.5648701786994934,0.38050776720046997,0.809617817401886,0.9814634323120117,1.6346803903579712,1.6199074983596802,2.007678985595703,2.125901460647583,2.0008695125579834,2.17726993560791,2.5099942684173584,2.548142194747925,2.6085927486419678,2.8719351291656494,3.079861879348755,3.0875954627990723,3.234003782272339,3.4686105251312256,3.6576828956604004,1.4369251728057861,1.8242480754852295,1.8073768615722656,1.5856225490570068,1.843759298324585,2.131230115890503,2.028783082962036,2.045044183731079,2.4209158420562744,2.542658567428589,2.435035467147827,2.5947370529174805,2.908338785171509,2.947470188140869,3.025002956390381,1.1493241786956787,1.1332982778549194,0.7590997815132141,0.7094996571540833,0.9976919889450073,0.8809719085693359,0.6425439715385437,0.9700588583946228,1.195649266242981,1.0877212285995483,1.136651873588562,1.4643502235412598,1.5789384841918945,1.550547480583191,1.8014914989471436
A2,0.38132891058921814,0.0,0.3894323408603668,0.5531410574913025,0.5179315805435181,0.6245962381362915,0.8907184600830078,1.0198824405670166,1.125672698020935,1.306991696357727,1.4927740097045898,1.5849578380584717,1.7137984037399292,1.8991237878799438,2.099675178527832,1.7014533281326294,1.682002067565918,1.7301125526428223,1.5297529697418213,1.2060072422027588,1.1624220609664917,1.1660656929016113,0.8633273243904114,0.5921511054039001,0.77616947889328,0.7771058678627014,0.4315584599971771,0.4992554187774658,0.8756818175315857,0.9010926485061646,1.8231019973754883,1.8305015563964844,2.2219319343566895,2.28631591796875,2.119908332824707,2.328868865966797,2.65659761428833,2.6414995193481445,2.69201922416687,2.9917349815368652,3.181882858276367,3.148000478744507,3.3113021850585938,3.570733070373535,3.7302846908569336,1.5070345401763916,1.8993027210235596,1.8746047019958496,1.720062255859375,2.021421194076538,2.2758121490478516,2.198823928833008,2.2693347930908203,2.634897232055664,2.7442798614501953,2.673678159713745,2.8583197593688965,3.1493823528289795,3.1853697299957275,3.2949109077453613,1.3043807744979858,1.1886861324310303,0.8059285283088684,0.9233461618423462,1.1427156925201416,0.9063709378242493,0.7524596452713013,1.1334656476974487,1.2477003335952759,1.0717706680297852,1.2175105810165405,1.540198802947998,1.562801480293274,1.5273441076278687,1.834469199180603
A3,0.5557502508163452,0.3894323408603668,0.0,0.38697558641433716,0.5576716065406799,0.5096574425697327,0.6482680439949036,0.8993268609046936,1.0537608861923218,1.1261597871780396,1.2929126024246216,1.4702075719833374,1.5855860710144043,1.699965476989746,1.9274086952209473,1.4047971963882446,1.3443931341171265,1.4417707920074463,1.2843616008758545,0.9130117893218994,0.913640022277832,1.0221408605575562,0.7420563697814941,0.46285146474838257,0.8193840384483337,0.9079158306121826,0.6618795990943909,0.8021978735923767,1.1962759494781494,1.2607365846633911,1.5726951360702515,1.6433476209640503,2.0275487899780273,2.0428285598754883,1.8972622156143188,2.155216693878174,2.450726270675659,2.4134225845336914,2.5076141357421875,2.8161027431488037,2.9675352573394775,2.9408931732177734,3.1392123699188232,3.382741928100586,3.521190643310547,1.5333362817764282,1.896009087562561,1.9511510133743286,1.816270351409912,2.071040153503418,2.3529019355773926,2.3322153091430664,2.3701038360595703,2.7200942039489746,2.87809681892395,2.826590061187744,2.9708340167999268,3.264037847518921,3.3424413204193115,3.447127103805542,1.2781963348388672,1.215933084487915,0.8418118953704834,1.021992564201355,1.3150349855422974,1.1422697305679321,1.0547209978103638,1.430692195892334,1.5754363536834717,1.442252278327942,1.5880075693130493,1.9048144817352295,1.9416263103485107,1.916663646697998,2.2202348709106445
A4,0.5402327179908752,0.5531410574913025,0.38697558641433716,0.0,0.39437931776046753,0.5443800687789917,0.5304939150810242,0.6579468250274658,0.9269471168518066,1.0509518384933472,1.112205147743225,1.2742664813995361,1.472203254699707,1.579146385192871,1.744156837463379,1.679910659790039,1.5450133085250854,1.6426125764846802,1.5604023933410645,1.1756267547607422,1.0936155319213867,1.2765517234802246,1.0711040496826172,0.7125387787818909,0.9856254458427429,1.1688956022262573,0.9208675026893616,0.8966256976127625,1.3265529870986938,1.4235644340515137,1.596397042274475,1.7035341262817383,2.0807290077209473,2.128861427307129,2.051037311553955,2.3045156002044678,2.5871121883392334,2.591087579727173,2.7189900875091553,2.9984164237976074,3.145932197570801,3.1605639457702637,3.3615286350250244,3.575951099395752,3.7293787002563477,1.7875721454620361,2.1507179737091064,2.2056076526641846,2.0174055099487305,2.2416887283325195,2.550901412963867,2.4974687099456787,2.4895999431610107,2.8525664806365967,3.013536214828491,2.9163124561309814,3.0413060188293457,3.360917806625366,3.430459976196289,3.4959309101104736,1.4623548984527588,1.4753438234329224,1.0941996574401855,1.1496257781982422,1.48411226272583,1.3567523956298828,1.1686679124832153,1.5095652341842651,1.713418960571289,1.558838963508606,1.6169687509536743,1.9662894010543823,2.040541648864746,1.9599627256393433,2.2305080890655518
A5,0.653878927230835,0.5179315805435181,0.5576716065406799,0.39437931776046753,0.0,0.38428932428359985,0.5556426644325256,0.5305914878845215,0.6790431141853333,0.924104630947113,1.0468517541885376,1.0987533330917358,1.2828258275985718,1.4786487817764282,1.631032109260559,1.935036301612854,1.8495972156524658,1.97175931930542,1.8395580053329468,1.4589600563049316,1.429264783859253,1.551218867301941,1.275543212890625,0.9578754901885986,1.1998646259307861,1.2838222980499268,0.9493886828422546,0.917307436466217,1.3086291551589966,1.307153344154358,1.9850178956985474,2.073585271835327,2.4565417766571045,2.5074241161346436,2.405038595199585,2.6509971618652344,2.9472250938415527,2.937948226928711,3.0429189205169678,3.335557222366333,3.492546796798706,3.484522819519043,3.6787285804748535,3.912353277206421,4.061246871948242,1.9878919124603271,2.372019052505493,2.3740129470825195,2.1980111598968506,2.469214677810669,2.749579429626465,2.6636009216308594,2.6955082416534424,3.0684328079223633,3.1892051696777344,3.084731340408325,3.247796058654785,3.5620334148406982,3.5956737995147705,3.6702253818511963,1.7230160236358643,1.6680532693862915,1.277342438697815,1.3440643548965454,1.6129844188690186,1.406356692314148,1.1824339628219604,1.5269031524658203,1.671427845954895,1.4374572038650513,1.4975589513778687,1.8609991073608398,1.879310965538025,1.7458795309066772,2.0344436168670654
A6,0.8852222561836243,0.6245962381362915,0.5096574425697327,0.5443800687789917,0.38428932428359985,0.0,0.3843565881252289,0.554854691028595,0.5693913698196411,0.6858019232749939,0.9197356700897217,1.0288825035095215,1.1099828481674194,1.2840631008148193,1.5112651586532593,1.7142181396484375,1.6629215478897095,1.8462353944778442,1.6928472518920898,1.3081386089324951,1.384333848953247,1.5120278596878052,1.1970943212509155,0.9696385860443115,1.3028974533081055,1.3334811925888062,1.0041277408599854,1.1163192987442017,1.4896808862686157,1.4443849325180054,2.003580331802368,2.1192331314086914,2.49642276763916,2.489243745803833,2.3610994815826416,2.6420860290527344,2.9200713634490967,2.86181378364563,2.972158193588257,3.291995048522949,3.4200832843780518,3.3820443153381348,3.5998313426971436,3.844822406768799,3.961581230163574,2.009059190750122,2.376425266265869,2.4078783988952637,2.285919666290283,2.563676118850708,2.831789493560791,2.7914435863494873,2.8467471599578857,3.20440673828125,3.340602159500122,3.27591609954834,3.43825626373291,3.735337495803833,3.7903518676757812,3.8905324935913086,1.783362865447998,1.6901392936706543,1.3162968158721924,1.487181305885315,1.7468942403793335,1.5105242729187012,1.3740220069885254,1.7498029470443726,1.848189353942871,1.6204609870910645,1.7538117170333862,2.096312999725342,2.0704681873321533,1.9664041996002197,2.2876899242401123
A7,1.0370569229125977,0.8907184600830078,0.6482680439949036,0.5304939150810242,0.5556426644325256,0.3843565881252289,0.0,0.3819160759449005,0.5631438493728638,0.5422856211662292,0.6456892490386963,0.8661371469497681,0.9974971413612366,1.0714513063430786,1.284076452255249,1.6917762756347656,1.5648391246795654,1.781165361404419,1.7070542573928833,1.3026790618896484,1.362470269203186,1.583439826965332,1.3350640535354614,1.0791438817977905,1.437008023262024,1.55424165725708,1.2725857496261597,1.3478730916976929,1.7576874494552612,1.7698756456375122,1.866952657699585,2.0438144207000732,2.4011642932891846,2.375354290008545,2.3020126819610596,2.6085641384124756,2.8522651195526123,2.8021347522735596,2.960517406463623,3.265932321548462,3.363231658935547,3.3548824787139893,3.5964207649230957,3.811171054840088,3.9210662841796875,2.165872573852539,2.512829542160034,2.593384265899658,2.4541208744049072,2.6859374046325684,2.9846811294555664,2.9633941650390625,2.9740772247314453,3.3266923427581787,3.496643543243408,3.421705722808838,3.546618700027466,3.857574939727783,3.9373979568481445,4.014235019683838,1.8774884939193726,1.8533097505569458,1.4852631092071533,1.628357172012329,1.9442354440689087,1.766487717628479,1.6189765930175781,1.983426570892334,2.1344237327575684,1.9331262111663818,2.0289254188537598,2.382673978805542,2.395407199859619,2.2839255332946777,2.5839741230010986
A8,1.1229664087295532,1.0198824405670166,0.8993268609046936,0.6579468250274658,0.5305914878845215,0.554854691028595,0.3819160759449005,0.0,0.38361746072769165,0.5584761500358582,0.5404351949691772,0.6198969483375549,0.8644492626190186,1.005804419517517,1.1216151714324951,2.0690040588378906,1.9297749996185303,2.1275582313537598,2.061579704284668,1.6567996740341187,1.6675843000411987,1.8809796571731567,1.6338976621627808,1.3310513496398926,1.6319464445114136,1.7588515281677246,1.4448727369308472,1.4333343505859375,1.8358595371246338,1.832643747329712,2.118354082107544,2.2896296977996826,2.6480884552001953,2.6580541133880615,2.609405994415283,2.898122549057007,3.1495606899261475,3.1275906562805176,3.2869794368743896,3.577709436416626,3.687652111053467,3.6963813304901123,3.92819881439209,4.1358418464660645,4.260740280151367,2.4167728424072266,2.7812416553497314,2.8299660682678223,2.6583807468414307,2.897062063217163,3.1990532875061035,3.136605739593506,3.138312816619873,3.505520820617676,3.654569149017334,3.5445210933685303,3.677432060241699,4.002870559692383,4.056142330169678,4.110881805419922,2.113891363143921,2.0992119312286377,1.7145237922668457,1.7931491136550903,2.10142183303833,1.918266773223877,1.7030248641967773,2.040487051010132,2.200754165649414,1.9608392715454102,1.9994887113571167,2.370093584060669,2.384737253189087,2.216886520385742,2.4934771060943604
A9,1.3280866146087646,1.125672698020935,1.0537608861923218,0.9269471168518066,0.6790431141853333,0.5693913698196411,0.5631438493728638,0.38361746072769165,0.0,0.3885144889354706,0.5624532699584961,0.498565673828125,0.6109231114387512,0.8684704899787903,1.0256352424621582,2.1775062084198,2.092803716659546,2.3219287395477295,2.2097458839416504,1.8141918182373047,1.8905189037322998,2.0622527599334717,1.7626147270202637,1.5147544145584106,1.8301984071731567,1.8811718225479126,1.5336074829101562,1.575561285018921,1.9395703077316284,1.8588757514953613,2.419114589691162,2.579961061477661,2.945371389389038,2.9340901374816895,2.849987506866455,3.146324634552002,3.40356183052063,3.349978446960449,3.491004705429077,3.8043460845947266,3.911024332046509,3.887409210205078,4.122750282287598,4.35183572769165,4.459233283996582,2.571394681930542,2.941284418106079,2.967599630355835,2.8292832374572754,3.102522611618042,3.37888765335083,3.3168880939483643,3.358057737350464,3.7250008583068848,3.8537962436676025,3.7604424953460693,3.9206955432891846,4.232968807220459,4.272254467010498,4.348877906799316,2.323976516723633,2.251171350479126,1.8706481456756592,1.9977980852127075,2.263395071029663,2.0237510204315186,1.8319587707519531,2.1812963485717773,2.2807655334472656,2.0013232231140137,2.0777218341827393,2.438002824783325,2.392385959625244,2.2086360454559326,2.5095016956329346
A10,1.5200732946395874,1.306991696357727,1.1261597871780396,1.0509518384933472,0.924104630947113,0.6858019232749939,0.5422856211662292,0.5584761500358582,0.3885144889354706,0.0,0.3847169280052185,0.523665726184845,0.48630955815315247,0.6018221974372864,0.8686762452125549,2.004045009613037,1.9117921590805054,2.1922190189361572,2.1058573722839355,1.7166430950164795,1.8505247831344604,2.058295249938965,1.7748937606811523,1.574884295463562,1.9416152238845825,2.001452684402466,1.6860144138336182,1.7895265817642212,2.1687917709350586,2.1035666465759277,2.356388568878174,2.556586265563965,2.9031476974487305,2.842773914337158,2.7659714221954346,3.0929980278015137,3.3182568550109863,3.2339437007904053,3.399272918701172,3.7214789390563965,3.7916152477264404,3.760653018951416,4.022089958190918,4.242711544036865,4.322386741638184,2.6342618465423584,2.979093551635742,3.049917221069336,2.9392385482788086,3.1925182342529297,3.4745967388153076,3.4549367427825928,3.4897308349609375,3.8423264026641846,4.000019073486328,3.9314510822296143,4.071829795837402,4.377826690673828,4.447092056274414,4.5319623947143555,2.3855133056640625,2.3218369483947754,1.9601572751998901,2.1344926357269287,2.4205100536346436,2.1948630809783936,2.0520927906036377,2.4205596446990967,2.5232365131378174,2.2713661193847656,2.3804967403411865,2.73437762260437,2.6895124912261963,2.537044048309326,2.8508691787719727
A11,1.6245598793029785,1.4927740097045898,1.2929126024246216,1.112205147743225,1.0468517541885376,0.9197356700897217,0.6456892490386963,0.5404351949691772,0.5624532699584961,0.3847169280052185,0.0,0.37551653385162354,0.5327343344688416,0.5007109642028809,0.6439051628112793,2.169959783554077,2.014045476913452,2.287381172180176,2.261708974838257,1.8639929294586182,1.9450478553771973,2.2042205333709717,1.9689524173736572,1.7207928895950317,2.071089744567871,2.1955089569091797,1.8963273763656616,1.9404438734054565,2.344853162765503,2.3246841430664062,2.33554744720459,2.568288803100586,2.897420644760132,2.8483431339263916,2.8253824710845947,3.153782606124878,3.359553337097168,3.3032352924346924,3.501173734664917,3.799703598022461,3.8585524559020996,3.863525629043579,4.131839752197266,4.323861122131348,4.4120192527771,2.8087542057037354,3.149245023727417,3.2386996746063232,3.0950963497161865,3.3166544437408447,3.623835563659668,3.5970702171325684,3.5924534797668457,3.9476051330566406,4.121047019958496,4.027513027191162,4.141874313354492,4.464843273162842,4.54111385345459,4.596862316131592,2.5066542625427246,2.497817277908325,2.130239725112915,2.2535722255706787,2.574883222579956,2.39119553565979,2.2120704650878906,2.562328815460205,2.7119007110595703,2.4706368446350098,2.530801296234131,2.8985939025878906,2.892624855041504,2.7212300300598145,3.007481575012207
A12,1.7307676076889038,1.5849578380584717,1.4702075719833374,1.2742664813995361,1.0987533330917358,1.0288825035095215,0.8661371469497681,0.6198969483375549,0.498565673828125,0.523665726184845,0.37551653385162354,0.0,0.3739343583583832,0.5549318790435791,0.5646964311599731,2.480501174926758,2.348320484161377,2.608067750930786,2.5526158809661865,2.151557683944702,2.22092342376709,2.447744131088257,2.1829912662506104,1.9196230173110962,2.2408957481384277,2.3373305797576904,2.00384259223938,2.015717029571533,2.3952951431274414,2.3350605964660645,2.6429734230041504,2.852350950241089,3.1948318481445312,3.170503854751587,3.13681960105896,3.4506895542144775,3.676295757293701,3.628891706466675,3.8095006942749023,4.110088348388672,4.1874799728393555,4.187258720397949,4.443687438964844,4.646562576293945,4.743936538696289,3.0032150745391846,3.363496780395508,3.4149844646453857,3.262033700942993,3.508751153945923,3.8050782680511475,3.746070146560669,3.7567026615142822,4.123734951019287,4.269202709197998,4.158529281616211,4.295406341552734,4.621602535247803,4.669149875640869,4.721405982971191,2.7173988819122314,2.684943914413452,2.3041090965270996,2.4068551063537598,2.702100992202759,2.4899134635925293,2.278106927871704,2.6134567260742188,2.7412469387054443,2.4616920948028564,2.4997944831848145,2.86883544921875,2.839035749435425,2.6263298988342285,2.902188301086426
A13,1.9227300882339478,1.7137984037399292,1.5855860710144043,1.472203254699707,1.2828258275985718,1.1099828481674194,0.9974971413612366,0.8644492626190186,0.6109231114387512,0.48630955815315247,0.5327343344688416,0.3739343583583832,0.0,0.38356783986091614,0.5442572236061096,2.4642300605773926,2.3725497722625732,2.6673922538757324,2.586841583251953,2.2005910873413086,2.333463191986084,2.5415613651275635,2.2503502368927,2.0426676273345947,2.392791271209717,2.4427103996276855,2.1053409576416016,2.1795053482055664,2.541771173477173,2.441118001937866,2.809271812438965,3.0213654041290283,3.363513708114624,3.3046059608459473,3.2431507110595703,3.572744846343994,3.7915127277374268,3.7073922157287598,3.8806312084198,4.201833724975586,4.2634124755859375,4.233805179595947,4.50150203704834,4.718410015106201,4.790985107421875,3.1019508838653564,3.4539875984191895,3.508737325668335,3.392875909805298,3.6558268070220947,3.9352166652679443,3.897185802459717,3.9350461959838867,4.295045375823975,4.439278602600098,4.3551025390625,4.503918647766113,4.816248416900635,4.868716716766357,4.944188117980957,2.856025218963623,2.786595582962036,2.418487548828125,2.5745112895965576,2.8498127460479736,2.607114791870117,2.4363365173339844,2.7903993129730225,2.8785500526428223,2.5906336307525635,2.6746692657470703,3.0314509868621826,2.96199107170105,2.7624127864837646,3.063350200653076
A14,2.080449104309082,1.8991237878799438,1.699965476989746,1.579146385192871,1.4786487817764282,1.2840631008148193,1.0714513063430786,1.005804419517517,0.8684704899787903,0.6018221974372864,0.5007109642028809,0.5549318790435791,0.38356783986091614,0.0,0.3691876232624054,2.4040510654449463,2.278554677963257,2.5997259616851807,2.566969633102417,2.1888527870178223,2.3332200050354004,2.5845062732696533,2.3302578926086426,2.1335716247558594,2.505959987640381,2.591524362564087,2.2843379974365234,2.3717498779296875,2.7587246894836426,2.6944847106933594,2.7354161739349365,2.985715866088867,3.3026063442230225,3.213789224624634,3.1824429035186768,3.5309700965881348,3.7156589031219482,3.623059034347534,3.8278141021728516,4.14161491394043,4.1707072257995605,4.153435707092285,4.441684722900391,4.637070178985596,4.693087577819824,3.198953151702881,3.5294651985168457,3.6250898838043213,3.512906312942505,3.745375156402588,4.040173530578613,4.0301289558410645,4.0444135665893555,4.394033432006836,4.567485332489014,4.490700721740723,4.6119866371154785,4.9267802238464355,5.005971431732178,5.074465274810791,2.9284849166870117,2.8914146423339844,2.5353918075561523,2.6991329193115234,3.0040321350097656,2.7920830249786377,2.6381380558013916,2.999159812927246,3.1141161918640137,2.853205680847168,2.9393856525421143,3.300509452819824,3.2547554969787598,3.0738306045532227,3.374216079711914
A15,2.241361379623413,2.099675178527832,1.9274086952209473,1.744156837463379,1.631032109260559,1.5112651586532593,1.284076452255249,1.1216151714324951,1.0256352424621582,0.8686762452125549,0.6439051628112793,0.5646964311599731,0.5442572236061096,0.3691876232624054,0.0,2.7179477214813232,2.564192056655884,2.8693318367004395,2.8581559658050537,2.470383882522583,2.573453664779663,2.8395345211029053,2.598329544067383,2.3624508380889893,2.7113592624664307,2.823307991027832,2.5080153942108154,2.545135259628296,2.935878038406372,2.8813834190368652,2.9192006587982178,3.176576852798462,3.4884748458862305,3.4222118854522705,3.4210402965545654,3.7613935470581055,3.9443721771240234,3.877173662185669,4.093896389007568,4.392091274261475,4.424764156341553,4.430235862731934,4.715744972229004,4.897146224975586,4.965338706970215,3.4477479457855225,3.787134885787964,3.874983310699463,3.7354698181152344,3.9602997303009033,4.266631603240967,4.234729290008545,4.230313301086426,4.587923049926758,4.757440567016602,4.654531955718994,4.769567012786865,5.097634315490723,5.166507244110107,5.212730884552002,3.1504149436950684,3.136190176010132,2.7680511474609375,2.8900914192199707,3.204582452774048,3.00492000579834,2.8126072883605957,3.1548385620117188,3.289308547973633,3.017425537109375,3.0621118545532227,3.431493043899536,3.399982213973999,3.187944173812866,3.463724136352539
B1,1.8016537427902222,1.7014533281326294,1.4047971963882446,1.679910659790039,1.935036301612854,1.7142181396484375,1.6917762756347656,2.0690040588378906,2.1775062084198,2.004045009613037,2.169959783554077,2.480501174926758,2.4642300605773926,2.4040510654449463,2.7179477214813232,0.0,0.37949517369270325,0.5505141615867615,0.43068167567253113,0.5536251068115234,0.8905215859413147,0.9584659934043884,0.9955376982688904,1.2465041875839233,1.507270336151123,1.5372759103775024,1.6241040229797363,1.921154499053955,2.1586389541625977,2.2611336708068848,1.3472461700439453,1.4433679580688477,1.6584821939468384,1.4241282939910889,1.1752004623413086,1.5185389518737793,1.6699714660644531,1.43513822555542,1.5555955171585083,1.9262170791625977,1.9460077285766602,1.827045202255249,2.1102511882781982,2.3590164184570312,2.385375499725342,1.5243895053863525,1.629150629043579,1.9045521020889282,1.9704416990280151,2.077051877975464,2.302370548248291,2.507586717605591,2.542492151260376,2.7538833618164062,3.013876438140869,3.1152775287628174,3.1719326972961426,3.3755111694335938,3.5803353786468506,3.7438883781433105,1.4315437078475952,1.401458978652954,1.3770463466644287,1.6993340253829956,1.903760552406311,1.870306134223938,2.051927328109741,2.3535239696502686,2.4475347995758057,2.476078510284424,2.714594602584839,2.923902988433838,2.9577763080596924,3.0681097507476807,3.3754501342773438
B2,1.7249433994293213,1.682002067565918,1.3443931341171265,1.5450133085250854,1.8495972156524658,1.6629215478897095,1.5648391246795654,1.9297749996185303,2.092803716659546,1.9117921590805054,2.014045476913452,2.348320484161377,2.3725497722625732,2.278554677963257,2.564192056655884,0.37949517369270325,0.0,0.4020063877105713,0.5407770872116089,0.5184016227722168,0.7544568777084351,0.9704891443252563,1.0620661973953247,1.202155351638794,1.4753971099853516,1.6000823974609375,1.6695815324783325,1.9072597026824951,2.194617748260498,2.336984157562256,1.0631455183029175,1.238965630531311,1.4507644176483154,1.2109196186065674,1.05617356300354,1.4372957944869995,1.5660368204116821,1.3840340375900269,1.5840460062026978,1.9161850214004517,1.921042799949646,1.8755890130996704,2.1730000972747803,2.373553991317749,2.4212467670440674,1.6232954263687134,1.7462899684906006,2.0377864837646484,2.0391416549682617,2.109210968017578,2.38154673576355,2.5673627853393555,2.5479981899261475,2.7730679512023926,3.055407762527466,3.1203131675720215,3.146695375442505,3.378330945968628,3.591775894165039,3.720288038253784,1.4192856550216675,1.4787395000457764,1.4071763753890991,1.6679373979568481,1.936272382736206,1.9403011798858643,2.064229726791382,2.3644442558288574,2.5139448642730713,2.536426305770874,2.730431318283081,2.9668099880218506,3.0362327098846436,3.119192361831665,3.4116711616516113
B3,1.7103040218353271,1.7301125526428223,1.4417707920074463,1.6426125764846802,1.97175931930542,1.8462353944778442,1.781165361404419,2.1275582313537598,2.3219287395477295,2.1922190189361572,2.287381172180176,2.608067750930786,2.6673922538757324,2.5997259616851807,2.8693318367004395,0.5505141615867615,0.4020063877105713,0.0,0.3919070065021515,0.5680813193321228,0.6269046068191528,0.7725715637207031,1.0057815313339233,1.172818660736084,1.3391780853271484,1.4865944385528564,1.6424193382263184,1.850285530090332,2.0920581817626953,2.2840850353240967,0.8312941193580627,0.9179733395576477,1.110467553138733,0.8868234753608704,0.6691262722015381,1.0407862663269043,1.201197862625122,1.0488048791885376,1.2292035818099976,1.55360746383667,1.603686809539795,1.5794298648834229,1.847196340560913,2.0511460304260254,2.140704393386841,1.35270357131958,1.4249050617218018,1.749316692352295,1.7460592985153198,1.7651572227478027,2.0398082733154297,2.247345209121704,2.206648826599121,2.4089832305908203,2.7077648639678955,2.784480333328247,2.7900829315185547,3.0110230445861816,3.241541862487793,3.3704140186309814,1.1491211652755737,1.2646715641021729,1.2780035734176636,1.4953539371490479,1.7381764650344849,1.813311219215393,1.966490626335144,2.21826434135437,2.383664846420288,2.4645538330078125,2.6463418006896973,2.849881172180176,2.9540441036224365,3.0730130672454834,3.340182304382324
B4,1.5677382946014404,1.5297529697418213,1.2843616008758545,1.5604023933410645,1.8395580053329468,1.6928472518920898,1.7070542573928833,2.061579704284668,2.2097458839416504,2.1058573722839355,2.261708974838257,2.5526158809661865,2.586841583251953,2.566969633102417,2.8581559658050537,0.43068167567253113,0.5407770872116089,0.3919070065021515,0.0,0.406023234128952,0.5962493419647217,0.5667824149131775,0.7229620814323425,0.9979909062385559,1.1685616970062256,1.2202450037002563,1.3834772109985352,1.6485238075256348,1.8520393371582031,2.0050199031829834,1.1112366914749146,1.1156107187271118,1.3633369207382202,1.2024192810058594,0.9011790156364441,1.2032575607299805,1.430981993675232,1.2604889869689941,1.3338191509246826,1.6959543228149414,1.7940540313720703,1.7029147148132324,1.9355844259262085,2.1970717906951904,2.285715103149414,1.1185100078582764,1.2309858798980713,1.5136187076568604,1.554552435874939,1.650367021560669,1.8894535303115845,2.08742618560791,2.1126036643981934,2.32981276512146,2.5904345512390137,2.6857845783233643,2.7425894737243652,2.9501137733459473,3.152101993560791,3.313494920730591,1.013249158859253,1.0126957893371582,1.0417968034744263,1.3357690572738647,1.5254267454147339,1.547125220298767,1.7463810443878174,2.0114803314208984,2.1251723766326904,2.2007837295532227,2.423085927963257,2.609853982925415,2.679056406021118,2.815610647201538,3.098820209503174
B5,1.260188102722168,1.2060072422027588,0.9130117893218994,1.1756267547607422,1.4589600563049316,1.3081386089324951,1.3026790618896484,1.6567996740341187,1.8141918182373047,1.7166430950164795,1.8639929294586182,2.151557683944702,2.2005910873413086,2.1888527870178223,2.470383882522583,0.5536251068115234,0.5184016227722168,0.5680813193321228,0.406023234128952,0.0,0.4021530747413635,0.5501124262809753,0.5501643419265747,0.7086066603660583,0.993909478187561,1.0902702808380127,1.153862476348877,1.4046670198440552,1.6812920570373535,1.8192187547683716,1.0828475952148438,1.1599279642105103,1.4747579097747803,1.357316493988037,1.1404215097427368,1.4604060649871826,1.7016555070877075,1.580787181854248,1.694560170173645,2.034569263458252,2.1336302757263184,2.0784480571746826,2.3152072429656982,2.557563543319702,2.6565287113189697,1.2391529083251953,1.4555695056915283,1.678405523300171,1.6516979932785034,1.795758843421936,2.0695934295654297,2.2022740840911865,2.218468189239502,2.485863208770752,2.7278449535369873,2.7726993560791016,2.847614288330078,3.0919876098632812,3.263962507247925,3.4018375873565674,1.0325950384140015,1.0333439111709595,0.9064599275588989,1.2001042366027832,1.4605038166046143,1.4311474561691284,1.5552635192871094,1.8657805919647217,2.0024733543395996,2.0185387134552,2.2204737663269043,2.454052686691284,2.517864942550659,2.6049344539642334,2.8981034755706787
B6,1.0921210050582886,1.1624220609664917,0.913640022277832,1.0936155319213867,1.429264783859253,1.384333848953247,1.362470269203186,1.6675843000411987,1.8905189037322998,1.8505247831344604,1.9450478553771973,2.22092342376709,2.333463191986084,2.3332200050354004,2.573453664779663,0.8905215859413147,0.7544568777084351,0.6269046068191528,0.5962493419647217,0.4021530747413635,0.0,0.39594408869743347,0.5769073963165283,0.5853314399719238,0.7571791410446167,0.9818192720413208,1.0997868776321411,1.24958336353302,1.5300604104995728,1.7450056076049805,0.7908228039741516,0.8233885765075684,1.18122136592865,1.154220461845398,0.9838452935218811,1.2607920169830322,1.5392173528671265,1.5094515085220337,1.6281964778900146,1.92093026638031,2.0633692741394043,2.0679590702056885,2.2713124752044678,2.48834490776062,2.637981414794922,1.0909123420715332,1.3232617378234863,1.54513418674469,1.4396065473556519,1.5431586503982544,1.8603228330612183,1.9642480611801147,1.928392767906189,2.210893392562866,2.4654886722564697,2.4754457473754883,2.528477907180786,2.7963006496429443,2.9697647094726562,3.0794336795806885,0.7559446096420288,0.8865162134170532,0.7574934959411621,0.9343743920326233,1.2446168661117554,1.3037537336349487,1.3868106603622437,1.6548389196395874,1.8548665046691895,1.9091261625289917,2.057335615158081,2.2882449626922607,2.4097321033477783,2.499366283416748,2.756889820098877
B7,1.1234724521636963,1.1660656929016113,1.0221408605575562,1.2765517234802246,1.551218867301941,1.5120278596878052,1.583439826965332,1.8809796571731567,2.0622527599334717,2.058295249938965,2.2042205333709717,2.447744131088257,2.5415613651275635,2.5845062732696533,2.8395345211029053,0.9584659934043884,0.9704891443252563,0.7725715637207031,0.5667824149131775,0.5501124262809753,0.39594408869743347,0.0,0.3952529728412628,0.5985456705093384,0.6247491240501404,0.7299452424049377,0.9582088589668274,1.155229091644287,1.336711049079895,1.5487205982208252,1.0525377988815308,0.9461950063705444,1.2867906093597412,1.2924546003341675,1.0216277837753296,1.2167537212371826,1.5469061136245728,1.5050828456878662,1.526653528213501,1.8361561298370361,2.029980421066284,1.9887360334396362,2.146402359008789,2.407029867172241,2.568913221359253,0.7160606384277344,0.9703915119171143,1.169596552848816,1.1063481569290161,1.2569620609283447,1.5370783805847168,1.6535674333572388,1.6748563051223755,1.9505268335342407,2.1809091567993164,2.227032423019409,2.3154451847076416,2.5557219982147217,2.718155860900879,2.865473508834839,0.4946413040161133,0.5232142806053162,0.5220031142234802,0.7722029089927673,0.9786873459815979,1.045314073562622,1.2248291969299316,1.4628567695617676,1.6127828359603882,1.7158273458480835,1.904990792274475,2.0858848094940186,2.194944381713867,2.336822748184204,2.5933022499084473
B8,0.9350304007530212,0.8633273243904114,0.7420563697814941,1.0711040496826172,1.275543212890625,1.1970943212509155,1.3350640535354614,1.6338976621627808,1.7626147270202637,1.7748937606811523,1.9689524173736572,2.1829912662506104,2.2503502368927,2.3302578926086426,2.598329544067383,0.9955376982688904,1.0620661973953247,1.0057815313339233,0.7229620814323425,0.5501643419265747,0.5769073963165283,0.3952529728412628,0.0,0.40172067284584045,0.5879121422767639,0.5534681081771851,0.6606791019439697,0.9527071118354797,1.1633726358413696,1.2942733764648438,1.352903127670288,1.3023669719696045,1.6606273651123047,1.6529303789138794,1.3917553424835205,1.6077570915222168,1.9290580749511719,1.8569436073303223,1.8745864629745483,2.204378128051758,2.384976387023926,2.3126730918884277,2.4800970554351807,2.7590112686157227,2.898851156234741,0.8854489922523499,1.2080825567245483,1.3143854141235352,1.2689450979232788,1.5132466554641724,1.7592825889587402,1.8276793956756592,1.9042508602142334,2.205716848373413,2.388042688369751,2.4218225479125977,2.558896541595459,2.8015294075012207,2.9229607582092285,3.0807623863220215,0.7549666166305542,0.6057913303375244,0.4122225046157837,0.7889319062232971,0.979319155216217,0.8922354578971863,1.0589256286621094,1.3686599731445312,1.465714454650879,1.4941811561584473,1.7228734493255615,1.9310816526412964,1.9840365648269653,2.098747730255127,2.39056658744812
B9,0.5716837644577026,0.5921511054039001,0.46285146474838257,0.7125387787818909,0.9578754901885986,0.9696385860443115,1.0791438817977905,1.3310513496398926,1.5147544145584106,1.574884295463562,1.7207928895950317,1.9196230173110962,2.0426676273345947,2.1335716247558594,2.3624508380889893,1.2465041875839233,1.202155351638794,1.172818660736084,0.9979909062385559,0.7086066603660583,0.5853314399719238,0.5985456705093384,0.40172067284584045,0.0,0.41574472188949585,0.5795176029205322,0.5472596883773804,0.70609450340271,1.0345512628555298,1.2055243253707886,1.288892149925232,1.277007818222046,1.6644343137741089,1.7092502117156982,1.528106927871704,1.7451965808868408,2.0669939517974854,2.0510671138763428,2.111933708190918,2.4087259769439697,2.592238187789917,2.5703580379486084,2.7398452758789062,2.9877824783325195,3.1494951248168945,1.094049096107483,1.4503436088562012,1.5270568132400513,1.3847103118896484,1.6180225610733032,1.9077235460281372,1.9116382598876953,1.9400641918182373,2.2782235145568848,2.4551215171813965,2.425511360168457,2.5559146404266357,2.838310480117798,2.9393131732940674,3.055774450302124,0.8167397975921631,0.784065842628479,0.4298820197582245,0.6428887248039246,0.9532639384269714,0.8766545653343201,0.8869817852973938,1.2217726707458496,1.3954706192016602,1.3775355815887451,1.5358442068099976,1.7987792491912842,1.8875229358673096,1.9443000555038452,2.2211854457855225
B10,0.6110624074935913,0.77616947889328,0.8193840384483337,0.9856254458427429,1.1998646259307861,1.3028974533081055,1.437008023262024,1.6319464445114136,1.8301984071731567,1.9416152238845825,2.071089744567871,2.2408957481384277,2.392791271209717,2.505959987640381,2.7113592624664307,1.507270336151123,1.4753971099853516,1.3391780853271484,1.1685616970062256,0.993909478187561,0.7571791410446167,0.6247491240501404,0.5879121422767639,0.41574472188949585,0.0,0.39774975180625916,0.5661982893943787,0.5790343880653381,0.7928026914596558,1.071049451828003,1.3279823064804077,1.2054075002670288,1.583183765411377,1.7092477083206177,1.5198088884353638,1.6469769477844238,2.0051355361938477,2.044344425201416,2.0552785396575928,2.3154892921447754,2.5522143840789795,2.5466983318328857,2.6633315086364746,2.9115898609161377,3.1129348278045654,0.8432657718658447,1.21943199634552,1.2411876916885376,1.0323512554168701,1.2737566232681274,1.5672911405563354,1.5283706188201904,1.5507999658584595,1.9038753509521484,2.0631260871887207,2.017086982727051,2.159559965133667,2.4456777572631836,2.5321452617645264,2.6475043296813965,0.5468191504478455,0.5542086362838745,0.25581684708595276,0.22931191325187683,0.5692633390426636,0.6190180778503418,0.6489337682723999,0.898417055606842,1.1178380250930786,1.1943562030792236,1.320022702217102,1.5350667238235474,1.6832026243209839,1.7890726327896118,2.0222578048706055
B11,0.776663064956665,0.7771058678627014,0.9079158306121826,1.1688956022262573,1.2838222980499268,1.3334811925888062,1.55424165725708,1.7588515281677246,1.8811718225479126,2.001452684402466,2.1955089569091797,2.3373305797576904,2.4427103996276855,2.591524362564087,2.823307991027832,1.5372759103775024,1.6000823974609375,1.4865944385528564,1.2202450037002563,1.0902702808380127,0.9818192720413208,0.7299452424049377,0.5534681081771851,0.5795176029205322,0.39774975180625916,0.0,0.3827003836631775,0.5793831944465637,0.6390048265457153,0.8252570033073425,1.64925217628479,1.5101213455200195,1.8723721504211426,1.9660860300064087,1.7133452892303467,1.8292864561080933,2.1955490112304688,2.1886115074157715,2.1456947326660156,2.4345104694366455,2.680262804031372,2.620403528213501,2.7218711376190186,3.0087170600891113,3.193085193634033,0.7576034665107727,1.1570247411727905,1.0982706546783447,0.976272702217102,1.311560034751892,1.5265538692474365,1.4875807762145996,1.6089428663253784,1.9471299648284912,2.0574450492858887,2.0546908378601074,2.251321315765381,2.4990885257720947,2.5593652725219727,2.720942497253418,0.7062859535217285,0.46137672662734985,0.2316112518310547,0.46932610869407654,0.5034657120704651,0.34090733528137207,0.5665302872657776,0.8388487696647644,0.916470468044281,0.992601215839386,1.2210228443145752,1.392410159111023,1.4692425727844238,1.620071291923523,1.8863170146942139
B12,0.5648701786994934,0.4315584599971771,0.6618795990943909,0.9208675026893616,0.9493886828422546,1.0041277408599854,1.2725857496261597,1.4448727369308472,1.5336074829101562,1.6860144138336182,1.8963273763656616,2.00384259223938,2.1053409576416016,2.2843379974365234,2.5080153942108154,1.6241040229797363,1.6695815324783325,1.6424193382263184,1.3834772109985352,1.153862476348877,1.0997868776321411,0.9582088589668274,0.6606791019439697,0.5472596883773804,0.5661982893943787,0.3827003836631775,0.0,0.39895474910736084,0.6129055023193359,0.6768415570259094,1.8038748502731323,1.7319092750549316,2.1138808727264404,2.1904385089874268,1.9671695232391357,2.129716634750366,2.481602191925049,2.4620022773742676,2.4552950859069824,2.7565762996673584,2.9777514934539795,2.918962001800537,3.048271656036377,3.3306686878204346,3.4996094703674316,1.1368385553359985,1.533584475517273,1.4709460735321045,1.3460628986358643,1.6820380687713623,1.9004671573638916,1.8326600790023804,1.948508858680725,2.3010759353637695,2.394824981689453,2.3610942363739014,2.5676190853118896,2.831141710281372,2.8675777912139893,3.011833906173706,1.0336750745773315,0.8317999839782715,0.4987262189388275,0.6854845881462097,0.7955871820449829,0.5124450325965881,0.5223416686058044,0.8979440331459045,0.9572004079818726,0.8786989450454712,1.1097091436386108,1.356746792793274,1.382218837738037,1.4524482488632202,1.756678581237793
B13,0.38050776720046997,0.4992554187774658,0.8021978735923767,0.8966256976127625,0.917307436466217,1.1163192987442017,1.3478730916976929,1.4333343505859375,1.575561285018921,1.7895265817642212,1.9404438734054565,2.015717029571533,2.1795053482055664,2.3717498779296875,2.545135259628296,1.921154499053955,1.9072597026824951,1.850285530090332,1.6485238075256348,1.4046670198440552,1.24958336353302,1.155229091644287,0.9527071118354797,0.70609450340271,0.5790343880653381,0.5793831944465637,0.39895474910736084,0.0,0.4318026900291443,0.6319502592086792,1.8354896306991577,1.7496479749679565,2.1305408477783203,2.2683913707733154,2.0944364070892334,2.223832368850708,2.58304500579834,2.619821548461914,2.6239824295043945,2.887748956680298,3.1291182041168213,3.111692428588867,3.222809076309204,3.4818387031555176,3.6813299655914307,1.275747299194336,1.6745847463607788,1.5829110145568848,1.3697398900985718,1.6810288429260254,1.9225620031356812,1.7865453958511353,1.858339786529541,2.235177516937256,2.311215400695801,2.2151427268981934,2.4202239513397217,2.7128379344940186,2.72170090675354,2.827329397201538,1.0933947563171387,0.9922307133674622,0.6694778203964233,0.5999211072921753,0.7399733066558838,0.5539843440055847,0.2742559313774109,0.6402987837791443,0.8198082447052002,0.7339465022087097,0.8347733020782471,1.1284106969833374,1.2359411716461182,1.2645429372787476,1.5213547945022583
