,A1,A2,A3,A4,A5,A6,A7,A8,A9,A10,A11,A12,A13,A14,A15,B1,B2,B3,B4,B5,B6,B7,B8,B9,B10,B11,B12,B13,B14,B15,C1,C2,C3,C4,C5,C6,C7,C8,C9,C10,C11,C12,C13,C14,C15,D1,D2,D3,D4,D5,D6,D7,D8,D9,D10,D11,D12,D13,D14,D15,E1,E2,E3,E4,E5,E6,E7,E8,E9,E10,E11,E12,E13,E14,E15
A1,0.0,0.3947813808917999,0.5792529582977295,0.8864402770996094,1.1893672943115234,1.3621177673339844,1.1499218940734863,1.178554892539978,1.551900029182434,1.6129186153411865,1.4747695922851562,1.721577763557434,2.0009984970092773,1.96224844455719,1.911242127418518,2.237961530685425,2.1421244144439697,1.9722603559494019,1.6944541931152344,1.8418023586273193,1.6296550035476685,1.7806776762008667,2.1129343509674072,2.104064702987671,2.020906686782837,2.2918508052825928,2.540163278579712,2.4759230613708496,2.502392292022705,2.765289783477783,3.52422833442688,3.240205764770508,3.0228118896484375,2.6608099937438965,2.50516414642334,2.3153960704803467,2.6454012393951416,2.809746026992798,2.5611631870269775,2.5988597869873047,2.9785659313201904,2.997401475906372,2.806891441345215,3.023277521133423,3.320448875427246,3.6804585456848145,3.296356678009033,3.1805946826934814,2.909850835800171,2.5632433891296387,2.6172163486480713,2.9568676948547363,2.8314175605773926,2.5737338066101074,2.84566330909729,3.1116509437561035,2.905212640762329,2.8478944301605225,3.2190353870391846,3.3292043209075928,2.457242727279663,2.1204276084899902,2.1858208179473877,2.161586046218872,1.8994406461715698,2.2171242237091064,2.3353383541107178,2.0142667293548584,2.0406718254089355,2.4094884395599365,2.383718490600586,2.179335355758667,2.424839973449707,2.71055006980896,2.587568521499634
A2,0.3947813808917999,0.0,0.3736993968486786,0.6024019718170166,0.8568330407142639,1.101235032081604,0.9753496646881104,0.957698404788971,1.3090639114379883,1.4457179307937622,1.3665345907211304,1.5629956722259521,1.8406875133514404,1.8747726678848267,1.8434255123138428,1.9474369287490845,1.8078598976135254,1.6477375030517578,1.3422811031341553,1.4772891998291016,1.3031446933746338,1.4876078367233276,1.7947087287902832,1.7991880178451538,1.7681902647018433,2.036409616470337,2.26682448387146,2.238478899002075,2.2993545532226562,2.537642240524292,3.132385730743408,2.8519859313964844,2.637615203857422,2.273751735687256,2.134005546569824,1.945838212966919,2.2768170833587646,2.4526302814483643,2.2268643379211426,2.2684919834136963,2.6439590454101562,2.685284376144409,2.5192694664001465,2.727980136871338,3.019017219543457,3.386780023574829,3.005577802658081,2.8798255920410156,2.587991952896118,2.255866527557373,2.291682481765747,2.6447665691375732,2.552621364593506,2.298542022705078,2.5586354732513428,2.8451449871063232,2.6732568740844727,2.610830307006836,2.9715640544891357,3.105384349822998,2.4067928791046143,2.0414273738861084,2.067716121673584,1.979621410369873,1.685715913772583,1.9849612712860107,2.1568868160247803,1.86348557472229,1.84319007396698,2.221564292907715,2.2552740573883057,2.05674147605896,2.262204170227051,2.57285213470459,2.4999892711639404
A3,0.5792529582977295,0.3736993968486786,0.0,0.38261598348617554,0.6386088728904724,0.793048620223999,0.6086407899856567,0.6409658789634705,0.9936608672142029,1.0854977369308472,1.0245133638381958,1.2554690837860107,1.5035470724105835,1.525747537612915,1.5303810834884644,2.0177769660949707,1.8509140014648438,1.628599762916565,1.313681960105896,1.3702161312103271,1.127144455909729,1.341881275177002,1.6428024768829346,1.5778708457946777,1.5262670516967773,1.834151268005371,2.0371994972229004,1.9632278680801392,2.0413918495178223,2.3056249618530273,3.0556764602661133,2.761199474334717,2.5256595611572266,2.174828290939331,1.9820066690444946,1.788906216621399,2.1242868900299072,2.2608795166015625,1.9957942962646484,2.051180124282837,2.428629159927368,2.42863130569458,2.247671365737915,2.483001232147217,2.76631498336792,3.1633496284484863,2.787174940109253,2.6426916122436523,2.375352144241333,2.0195090770721436,2.0536701679229736,2.3880274295806885,2.2671291828155518,1.999019980430603,2.266508102416992,2.5367014408111572,2.3404464721679688,2.2813000679016113,2.6495888233184814,2.767554759979248,2.136363983154297,1.7766437530517578,1.7639809846878052,1.6965250968933105,1.3893102407455444,1.6763032674789429,1.8225715160369873,1.512152910232544,1.492549180984497,1.8677219152450562,1.8867294788360596,1.6854255199432373,1.9019333124160767,2.204883098602295,2.127725124359131
A4,0.8864402770996094,0.6024019718170166,0.38261598348617554,0.0,0.39136019349098206,0.538628101348877,0.5455232262611389,0.6663113832473755,0.9089154601097107,1.0335348844528198,1.1096667051315308,1.31484055519104,1.497501015663147,1.5774142742156982,1.6529616117477417,2.0578670501708984,1.8244305849075317,1.618348240852356,1.2618664503097534,1.2294164896011353,1.0413764715194702,1.342418909072876,1.5757025480270386,1.4724923372268677,1.5060065984725952,1.8331778049468994,1.9755948781967163,1.9140506982803345,2.060295343399048,2.3075437545776367,2.7774405479431152,2.460578680038452,2.24868106842041,1.8917564153671265,1.6780202388763428,1.5365347862243652,1.8955836296081543,2.000666618347168,1.7556283473968506,1.8683909177780151,2.231411933898926,2.2223148345947266,2.09106707572937,2.349759101867676,2.6023545265197754,2.8056089878082275,2.4254801273345947,2.2971816062927246,2.024404525756836,1.6775015592575073,1.7437255382537842,2.08457088470459,1.9676952362060547,1.734244465827942,2.02358341217041,2.2869396209716797,2.1208410263061523,2.1007392406463623,2.4603562355041504,2.5716466903686523,1.9303334951400757,1.5501518249511719,1.5265835523605347,1.3987263441085815,1.0900367498397827,1.3889166116714478,1.5802634954452515,1.319319486618042,1.3037822246551514,1.6829030513763428,1.7529834508895874,1.6094269752502441,1.8065593242645264,2.104660987854004,2.0783510208129883
A5,1.1893672943115234,0.8568330407142639,0.6386088728904724,0.39136019349098206,0.0,0.3821870684623718,0.5583317279815674,0.5212340950965881,0.6442677974700928,0.8864973783493042,1.0169562101364136,1.117258071899414,1.2881170511245728,1.4549216032028198,1.53130304813385,1.8140681982040405,1.5482560396194458,1.3195773363113403,0.96329665184021,0.8630416989326477,0.6816645860671997,1.0210940837860107,1.210057020187378,1.0998902320861816,1.1824144124984741,1.5010744333267212,1.6188859939575195,1.5899994373321533,1.763388752937317,1.9824734926223755,2.4457175731658936,2.142815589904785,1.9027345180511475,1.5584756135940552,1.3456294536590576,1.164807677268982,1.5150213241577148,1.6335402727127075,1.3891088962554932,1.4833447933197021,1.8483378887176514,1.8601291179656982,1.7341583967208862,1.978171706199646,2.2329602241516113,2.6153512001037598,2.25056791305542,2.0772080421447754,1.785034418106079,1.4454550743103027,1.4428346157073975,1.794008731842041,1.723875641822815,1.463426113128662,1.7140967845916748,2.0117359161376953,1.8787047863006592,1.822481632232666,2.167391538619995,2.317249059677124,2.0577499866485596,1.680542230606079,1.5739487409591675,1.388290524482727,1.0276317596435547,1.2384755611419678,1.485886812210083,1.2590391635894775,1.1370905637741089,1.507185459136963,1.647767186164856,1.4859449863433838,1.6094763278961182,1.9382084608078003,1.9658315181732178
A6,1.3621177673339844,1.101235032081604,0.793048620223999,0.538628101348877,0.3821870684623718,0.0,0.3781585097312927,0.5383525490760803,0.5271766781806946,0.6332191824913025,0.873138964176178,1.0265008211135864,1.0982232093811035,1.2383185625076294,1.3963910341262817,2.1282663345336914,1.8582684993743896,1.5971509218215942,1.2663847208023071,1.088107705116272,0.8588519096374512,1.1970230340957642,1.3494337797164917,1.1314946413040161,1.1926286220550537,1.554276943206787,1.6136637926101685,1.508058786392212,1.715856909751892,1.967461109161377,2.5429296493530273,2.2184529304504395,1.977651596069336,1.6617414951324463,1.3731248378753662,1.2343289852142334,1.580038070678711,1.6142823696136475,1.3203874826431274,1.4672733545303345,1.81609046459198,1.7497377395629883,1.6204240322113037,1.9164091348648071,2.1424684524536133,2.419060707092285,2.0570883750915527,1.8804149627685547,1.6378380060195923,1.263325572013855,1.300233006477356,1.6127660274505615,1.4746142625808716,1.214031457901001,1.5063263177871704,1.759400486946106,1.5838991403579712,1.5664560794830322,1.9270553588867188,2.0331335067749023,1.7333735227584839,1.3716604709625244,1.2239127159118652,1.0656416416168213,0.695081889629364,0.9104124903678894,1.118612289428711,0.8771488666534424,0.785555899143219,1.1625943183898926,1.2830660343170166,1.157317876815796,1.3128767013549805,1.6132628917694092,1.6389005184173584
A7,1.1499218940734863,0.9753496646881104,0.6086407899856567,0.5455232262611389,0.5583317279815674,0.3781585097312927,0.0,0.3785855770111084,0.5501049757003784,0.5196122527122498,0.6166690587997437,0.8801319003105164,1.0084195137023926,1.0461875200271606,1.166908621788025,2.1939103603363037,1.979360818862915,1.6914921998977661,1.3876510858535767,1.2889903783798218,0.9812209606170654,1.243257999420166,1.4738168716430664,1.2736274003982544,1.219728708267212,1.585920810699463,1.7034116983413696,1.552986979484558,1.6908823251724243,1.9829005002975464,2.883120059967041,2.5724053382873535,2.314176559448242,2.002264976501465,1.7271695137023926,1.5475335121154785,1.872429370880127,1.92606782913208,1.6053627729415894,1.6982873678207397,2.059924364089966,1.9834195375442505,1.79448401927948,2.079416036605835,2.3327548503875732,2.748316764831543,2.390305280685425,2.212045431137085,1.9930120706558228,1.6102834939956665,1.6373034715652466,1.9267706871032715,1.760892629623413,1.4748075008392334,1.7523211240768433,1.9894380569458008,1.7601001262664795,1.7143951654434204,2.0905258655548096,2.1814942359924316,1.770017385482788,1.4296693801879883,1.3120248317718506,1.2595933675765991,0.92608642578125,1.1551696062088013,1.2644617557525635,0.9378103017807007,0.8953466415405273,1.264859676361084,1.2839175462722778,1.0916316509246826,1.3131214380264282,1.6056777238845825,1.550479769706726
A8,1.178554892539978,0.957698404788971,0.6409658789634705,0.6663113832473755,0.5212340950965881,0.5383525490760803,0.3785855770111084,0.0,0.3827255964279175,0.5506795048713684,0.525903046131134,0.6555433869361877,0.894956648349762,1.0059789419174194,1.0297576189041138,1.8529280424118042,1.6635048389434814,1.35438871383667,1.085646152496338,1.0321964025497437,0.6824137568473816,0.8881585597991943,1.1582705974578857,1.013060450553894,0.9210797548294067,1.2637419700622559,1.434212565422058,1.3276463747024536,1.4250231981277466,1.6993941068649292,2.7553296089172363,2.4801948070526123,2.1911416053771973,1.8892782926559448,1.6602743864059448,1.40896737575531,1.7009724378585815,1.8137547969818115,1.4996325969696045,1.5129117965698242,1.890476942062378,1.8659628629684448,1.6443595886230469,1.8801236152648926,2.1699588298797607,2.886059045791626,2.5405631065368652,2.3247480392456055,2.076127529144287,1.7110536098480225,1.6555542945861816,1.9597086906433105,1.8555446863174438,1.5295039415359497,1.742814540863037,2.0297598838806152,1.8284215927124023,1.708805799484253,2.0714502334594727,2.2192206382751465,2.1329610347747803,1.7931873798370361,1.6465729475021362,1.5570740699768066,1.19192636013031,1.3514201641082764,1.5038396120071411,1.1987547874450684,1.043635606765747,1.395767331123352,1.4616841077804565,1.2022995948791504,1.3432916402816772,1.683164119720459,1.6504634618759155
A9,1.551900029182434,1.3090639114379883,0.9936608672142029,0.9089154601097107,0.6442677974700928,0.5271766781806946,0.5501049757003784,0.3827255964279175,0.0,0.37750858068466187,0.5546016693115234,0.5401146411895752,0.649767279624939,0.8759033679962158,0.977708637714386,1.912246823310852,1.6859291791915894,1.358999252319336,1.117858648300171,0.9433061480522156,0.6016145348548889,0.8328861594200134,0.9955175518989563,0.7437594532966614,0.6963961124420166,1.071995496749878,1.1558765172958374,1.0230352878570557,1.1954036951065063,1.4618953466415405,2.534837245941162,2.261399507522583,1.957062840461731,1.692421793937683,1.428384780883789,1.1776400804519653,1.4438062906265259,1.5096838474273682,1.1671459674835205,1.1922627687454224,1.5582561492919922,1.500200867652893,1.2787631750106812,1.540492296218872,1.812509298324585,2.610344409942627,2.28670072555542,2.037679672241211,1.8077081441879272,1.447802186012268,1.3482760190963745,1.6259808540344238,1.5307810306549072,1.1833089590072632,1.3711390495300293,1.6631451845169067,1.4719685316085815,1.3345565795898438,1.6925714015960693,1.853627324104309,2.0840606689453125,1.7629170417785645,1.5449954271316528,1.4243899583816528,1.0514647960662842,1.1077966690063477,1.2774105072021484,1.0211238861083984,0.7685476541519165,1.09160578250885,1.2232122421264648,0.9731569886207581,1.0371931791305542,1.3952878713607788,1.4278151988983154
A10,1.6129186153411865,1.4457179307937622,1.0854977369308472,1.0335348844528198,0.8864973783493042,0.6332191824913025,0.5196122527122498,0.5506795048713684,0.37750858068466187,0.0,0.3843052387237549,0.5395251512527466,0.5151623487472534,0.6077620983123779,0.8124608397483826,2.263465642929077,2.0552144050598145,1.720601201057434,1.4880567789077759,1.3191367387771606,0.9769835472106934,1.1702995300292969,1.3343546390533447,1.0459349155426025,0.9321199059486389,1.306596040725708,1.3626574277877808,1.1339080333709717,1.2879385948181152,1.6001049280166626,2.830718755722046,2.5425491333007812,2.247567892074585,1.9971448183059692,1.6941356658935547,1.4861656427383423,1.7452366352081299,1.751534104347229,1.3835158348083496,1.4413408041000366,1.77796471118927,1.6466883420944214,1.4089057445526123,1.705511212348938,1.9505077600479126,2.6467175483703613,2.3284473419189453,2.091322422027588,1.9177621603012085,1.5391594171524048,1.4899380207061768,1.7149401903152466,1.5425890684127808,1.2052397727966309,1.4241842031478882,1.6468844413757324,1.3828727006912231,1.2801929712295532,1.656916618347168,1.7540956735610962,1.8558956384658813,1.5725135803222656,1.3421534299850464,1.3097295761108398,0.9816060066223145,1.0393362045288086,1.0956813097000122,0.7819418907165527,0.5937607884407043,0.9000635743141174,0.9283148646354675,0.6524831652641296,0.8188745379447937,1.1396414041519165,1.1097114086151123
A11,1.4747695922851562,1.3665345907211304,1.0245133638381958,1.1096667051315308,1.0169562101364136,0.873138964176178,0.6166690587997437,0.525903046131134,0.5546016693115234,0.3843052387237549,0.0,0.38047361373901367,0.5541513562202454,0.5111985802650452,0.5511226058006287,2.1891696453094482,2.042367458343506,1.6947468519210815,1.5012893676757812,1.4237496852874756,1.0435962677001953,1.138586401939392,1.381488561630249,1.1658940315246582,0.9414758086204529,1.279376745223999,1.4262112379074097,1.2001829147338867,1.240172028541565,1.5745303630828857,3.0785319805145264,2.812532901763916,2.501405954360962,2.244954824447632,1.9795446395874023,1.7252016067504883,1.9669855833053589,2.025580644607544,1.6635468006134033,1.6504029035568237,1.9991880655288696,1.9028973579406738,1.6193196773529053,1.8653631210327148,2.1478049755096436,3.0287892818450928,2.7094945907592773,2.4698400497436523,2.284507989883423,1.9089771509170532,1.8389028310775757,2.0717978477478027,1.917266845703125,1.568609356880188,1.7519252300262451,1.9851516485214233,1.7143725156784058,1.566646695137024,1.9309227466583252,2.0423624515533447,2.110638380050659,1.834381103515625,1.6447763442993164,1.651742935180664,1.3299670219421387,1.4205822944641113,1.4541397094726562,1.1153544187545776,0.9672465920448303,1.2385367155075073,1.2025319337844849,0.8680487275123596,1.0393896102905273,1.3470865488052368,1.2418062686920166
A12,1.721577763557434,1.5629956722259521,1.2554690837860107,1.31484055519104,1.117258071899414,1.0265008211135864,0.8801319003105164,0.6555433869361877,0.5401146411895752,0.5395251512527466,0.38047361373901367,0.0,0.37602728605270386,0.5382917523384094,0.4832313060760498,1.9848055839538574,1.84913969039917,1.4837455749511719,1.3568438291549683,1.266365647315979,0.8948296904563904,0.8985151648521423,1.1020430326461792,0.8928525447845459,0.6025432348251343,0.9166930913925171,1.0711312294006348,0.8531369566917419,0.8668395280838013,1.1962039470672607,2.891287088394165,2.6601579189300537,2.324162721633911,2.103647470474243,1.8665341138839722,1.5705316066741943,1.7543946504592896,1.833652138710022,1.477508544921875,1.391933798789978,1.7307194471359253,1.6614083051681519,1.3453119993209839,1.546927809715271,1.8513349294662476,3.019747495651245,2.7236528396606445,2.4462740421295166,2.251844882965088,1.902454137802124,1.756806492805481,1.9767470359802246,1.8783994913101196,1.5044338703155518,1.610559105873108,1.8770029544830322,1.6424424648284912,1.4220824241638184,1.7582281827926636,1.9251492023468018,2.385629653930664,2.1088647842407227,1.8777918815612793,1.8364790678024292,1.494489312171936,1.5077210664749146,1.5829250812530518,1.297475814819336,1.0470293760299683,1.2692815065383911,1.3089728355407715,0.9540920257568359,0.984449028968811,1.3303327560424805,1.2920337915420532
A13,2.0009984970092773,1.8406875133514404,1.5035470724105835,1.497501015663147,1.2881170511245728,1.0982232093811035,1.0084195137023926,0.894956648349762,0.649767279624939,0.5151623487472534,0.5541513562202454,0.37602728605270386,0.0,0.3780045807361603,0.542033851146698,2.2663657665252686,2.0988941192626953,1.7364104986190796,1.605665683746338,1.435622215270996,1.098008394241333,1.1474641561508179,1.253840684890747,0.9538183212280273,0.7250041365623474,1.0325355529785156,1.0572913885116577,0.7465330958366394,0.8483284115791321,1.1827059984207153,2.8778469562530518,2.637805700302124,2.306326389312744,2.1207053661346436,1.8419790267944336,1.587027668952942,1.7488422393798828,1.751937985420227,1.3743927478790283,1.328641414642334,1.6250773668289185,1.4792282581329346,1.162513256072998,1.4117361307144165,1.6712063550949097,2.8097288608551025,2.5379202365875244,2.2486531734466553,2.103097438812256,1.760681390762329,1.6151461601257324,1.775794267654419,1.6462647914886475,1.2766019105911255,1.366236925125122,1.5862743854522705,1.3219941854476929,1.1004881858825684,1.438425898551941,1.5772511959075928,2.2376861572265625,1.9991230964660645,1.721476435661316,1.6975953578948975,1.39241623878479,1.3281201124191284,1.3535325527191162,1.1093679666519165,0.8333563208580017,0.9669119715690613,1.005833625793457,0.6517534255981445,0.6167310476303101,0.9620139002799988,0.9588992595672607
A14,1.96224844455719,1.8747726678848267,1.525747537612915,1.5774142742156982,1.4549216032028198,1.2383185625076294,1.0461875200271606,1.0059789419174194,0.8759033679962158,0.6077620983123779,0.5111985802650452,0.5382917523384094,0.3780045807361603,0.0,0.3623140752315521,2.5223228931427,2.3821797370910645,2.0175559520721436,1.8752490282058716,1.7450426816940308,1.3823031187057495,1.4287705421447754,1.590109944343567,1.3150646686553955,1.0566719770431519,1.3467648029327393,1.409262776374817,1.0860400199890137,1.109221339225769,1.4610130786895752,3.2417051792144775,2.989060878753662,2.6659348011016846,2.4647481441497803,2.173417329788208,1.9330676794052124,2.116774559020996,2.1128756999969482,1.7313991785049438,1.7052206993103027,1.9972864389419556,1.8309179544448853,1.5171334743499756,1.7657636404037476,2.0124337673187256,3.036482334136963,2.7585630416870117,2.492800712585449,2.371689558029175,2.0126278400421143,1.916877031326294,2.0661652088165283,1.8862528800964355,1.5390151739120483,1.6643904447555542,1.8330211639404297,1.520790934562683,1.3451710939407349,1.6808371543884277,1.757286548614502,2.1644697189331055,1.9587149620056152,1.709781289100647,1.7671247720718384,1.4997410774230957,1.4830139875411987,1.425229549407959,1.132704257965088,0.9671605229377747,1.0845688581466675,0.982667088508606,0.6050882935523987,0.7204779982566833,0.9681512713432312,0.8240125179290771
A15,1.911242127418518,1.8434255123138428,1.5303810834884644,1.6529616117477417,1.53130304813385,1.3963910341262817,1.166908621788025,1.0297576189041138,0.977708637714386,0.8124608397483826,0.5511226058006287,0.4832313060760498,0.542033851146698,0.3623140752315521,0.0,2.3588883876800537,2.2716352939605713,1.9035754203796387,1.808505892753601,1.7453311681747437,1.3729442358016968,1.3327399492263794,1.537977695465088,1.3361217975616455,1.0076121091842651,1.2390345335006714,1.3844033479690552,1.0995885133743286,1.0066438913345337,1.3585951328277588,3.342313289642334,3.115152359008789,2.776176929473877,2.5718181133270264,2.320371389389038,2.035975694656372,2.2010793685913086,2.2524192333221436,1.8846334218978882,1.793464183807373,2.097482681274414,1.9838602542877197,1.6414287090301514,1.8297191858291626,2.114809513092041,3.3331189155578613,3.050802230834961,2.7755045890808105,2.624905586242676,2.2696828842163086,2.1425445079803467,2.3164126873016357,2.174898862838745,1.8108571767807007,1.9055858850479126,2.110882043838501,1.824389934539795,1.6048011779785156,1.9216771125793457,2.038699150085449,2.4785492420196533,2.254706859588623,2.0298006534576416,2.072993040084839,1.7777760028839111,1.7860935926437378,1.764737844467163,1.4602552652359009,1.2780755758285522,1.423433542251587,1.3445169925689697,0.9659427404403687,1.0363190174102783,1.2927204370498657,1.1471409797668457
B1,2.237961530685425,1.9474369287490845,2.0177769660949707,2.0578670501708984,1.8140681982040405,2.1282663345336914,2.1939103603363037,1.8529280424118042,1.912246823310852,2.263465642929077,2.1891696453094482,1.9848055839538574,2.2663657665252686,2.5223228931427,2.3588883876800537,0.0,0.3927564322948456,0.5816143751144409,0.8774705529212952,1.1861584186553955,1.3441163301467896,1.1288341283798218,1.1684975624084473,1.5416617393493652,1.598038673400879,1.464910864830017,1.7168666124343872,1.9906878471374512,1.9548006057739258,1.9034093618392944,2.3683526515960693,2.3348419666290283,2.068121910095215,1.8839508295059204,2.0320208072662354,1.7130037546157837,1.730263590812683,2.0987167358398438,2.0667872428894043,1.8368011713027954,2.076676368713379,2.3601267337799072,2.2245888710021973,2.1454551219940186,2.4520156383514404,3.7597618103027344,3.4803788661956787,3.2328174114227295,2.8874289989471436,2.7054901123046875,2.474809408187866,2.7856311798095703,2.938054084777832,2.6522178649902344,2.65154767036438,3.036897659301758,3.03505277633667,2.797884225845337,3.0087103843688965,3.316241979598999,3.857377767562866,3.4862096309661865,3.335501194000244,3.110186815261841,2.737659215927124,2.795076608657837,3.0847480297088623,2.8979291915893555,2.619192600250244,2.8900365829467773,3.1000380516052246,2.8289613723754883,2.767001152038574,3.1405158042907715,3.216644287109375
B2,2.1421244144439697,1.8078598976135254,1.8509140014648438,1.8244305849075317,1.5482560396194458,1.8582684993743896,1.979360818862915,1.6635048389434814,1.6859291791915894,2.0552144050598145,2.042367458343506,1.84913969039917,2.0988941192626953,2.3821797370910645,2.2716352939605713,0.3927564322948456,0.0,0.3716150224208832,0.595586895942688,0.8551478981971741,1.0893858671188354,0.9580492973327637,0.9429709911346436,1.2969672679901123,1.4322144985198975,1.3526339530944824,1.551268219947815,1.8272762298583984,1.8642507791519165,1.8284378051757812,2.0333590507507324,1.9687039852142334,1.7048289775848389,1.4996811151504517,1.6501473188400269,1.3461394309997559,1.3836044073104858,1.7525413036346436,1.738492727279663,1.5466924905776978,1.7934856414794922,2.075849771499634,1.9777675867080688,1.9324157238006592,2.2214839458465576,3.3801846504211426,3.1001923084259033,2.8608484268188477,2.5096731185913086,2.3400285243988037,2.1166982650756836,2.435232162475586,2.5964431762695312,2.33117938041687,2.3419008255004883,2.7271885871887207,2.7446842193603516,2.5339698791503906,2.745307445526123,3.0465145111083984,3.5683071613311768,3.19622540473938,3.040938377380371,2.791667938232422,2.427690029144287,2.4760935306549072,2.785830497741699,2.627037525177002,2.349170684814453,2.6195642948150635,2.855196475982666,2.6156036853790283,2.55025315284729,2.9219911098480225,3.023672103881836
B3,1.9722603559494019,1.6477375030517578,1.628599762916565,1.618348240852356,1.3195773363113403,1.5971509218215942,1.6914921998977661,1.35438871383667,1.358999252319336,1.720601201057434,1.6947468519210815,1.4837455749511719,1.7364104986190796,2.0175559520721436,1.9035754203796387,0.5816143751144409,0.3716150224208832,0.0,0.3788406252861023,0.6336634159088135,0.7771741151809692,0.5910050272941589,0.6247320771217346,0.9775586128234863,1.0711179971694946,1.0120558738708496,1.241942048072815,1.4884694814682007,1.5168983936309814,1.5165961980819702,2.1132068634033203,2.008795976638794,1.7028623819351196,1.4852265119552612,1.5521045923233032,1.2033182382583618,1.270821213722229,1.614525318145752,1.5276603698730469,1.3193933963775635,1.609221339225769,1.8513885736465454,1.7046946287155151,1.6856096982955933,2.000842809677124,3.253323554992676,2.9668099880218506,2.707677125930786,2.3741238117218018,2.164767026901245,1.9334889650344849,2.2473301887512207,2.375959873199463,2.0792272090911865,2.0949594974517822,2.4787871837615967,2.4622597694396973,2.2361457347869873,2.466078281402588,2.7605717182159424,3.322103977203369,2.9593443870544434,2.7851130962371826,2.5604145526885986,2.18552827835083,2.2236716747283936,2.5098140239715576,2.332432508468628,2.043959379196167,2.310711145401001,2.5300557613372803,2.272888660430908,2.2074694633483887,2.5811123847961426,2.671015501022339
B4,1.6944541931152344,1.3422811031341553,1.313681960105896,1.2618664503097534,0.96329665184021,1.2663847208023071,1.3876510858535767,1.085646152496338,1.117858648300171,1.4880567789077759,1.5012893676757812,1.3568438291549683,1.605665683746338,1.8752490282058716,1.808505892753601,0.8774705529212952,0.595586895942688,0.3788406252861023,0.0,0.3866889178752899,0.5341404676437378,0.5471822619438171,0.6592854261398315,0.8993613719940186,1.0321329832077026,1.1075211763381958,1.307586431503296,1.491255283355713,1.5789858102798462,1.6468030214309692,2.083278179168701,1.9127365350723267,1.6241486072540283,1.3415204286575317,1.3524882793426514,1.02737557888031,1.2033485174179077,1.5135046243667603,1.3954941034317017,1.2749528884887695,1.606157898902893,1.8015278577804565,1.6716924905776978,1.7339216470718384,2.036400079727173,3.0232160091400146,2.7120680809020996,2.4772024154663086,2.1364731788635254,1.901703119277954,1.7200547456741333,2.0629565715789795,2.1571803092956543,1.8714072704315186,1.9486825466156006,2.3251304626464844,2.2910149097442627,2.109555721282959,2.3735904693603516,2.638162612915039,2.987091064453125,2.616644859313965,2.463197946548462,2.233470916748047,1.8618485927581787,1.9376353025436401,2.232208490371704,2.0510456562042236,1.7938427925109863,2.0924086570739746,2.306709051132202,2.0739803314208984,2.0515921115875244,2.424293041229248,2.506305456161499
B5,1.8418023586273193,1.4772891998291016,1.3702161312103271,1.2294164896011353,0.8630416989326477,1.088107705116272,1.2889903783798218,1.0321964025497437,0.9433061480522156,1.3191367387771606,1.4237496852874756,1.266365647315979,1.435622215270996,1.7450426816940308,1.7453311681747437,1.1861584186553955,0.8551478981971741,0.6336634159088135,0.3866889178752899,0.0,0.38511085510253906,0.5652284026145935,0.5219469666481018,0.6406263709068298,0.890265703201294,1.0190010070800781,1.114646553993225,1.2864705324172974,1.459120512008667,1.529209852218628,1.8383255004882812,1.6334855556488037,1.3270798921585083,1.0439832210540771,0.9970707893371582,0.6560108661651611,0.8687257170677185,1.1465201377868652,1.0161387920379639,0.9383672475814819,1.2782601118087769,1.4514437913894653,1.3557332754135132,1.4570915699005127,1.733136534690857,2.6538493633270264,2.3517894744873047,2.1029534339904785,1.7686738967895508,1.5394108295440674,1.3376421928405762,1.6769734621047974,1.7823264598846436,1.5062307119369507,1.5770446062088013,1.9537487030029297,1.9420127868652344,1.7767307758331299,2.0311567783355713,2.293610095977783,2.7608425617218018,2.401515245437622,2.2146315574645996,1.960627794265747,1.5961623191833496,1.6219598054885864,1.9342533349990845,1.7976462841033936,1.517966628074646,1.7914263010025024,2.044264554977417,1.848341941833496,1.7950377464294434,2.158402442932129,2.281306743621826
B6,1.6296550035476685,1.3031446933746338,1.127144455909729,1.0413764715194702,0.6816645860671997,0.8588519096374512,0.9812209606170654,0.6824137568473816,0.6016145348548889,0.9769835472106934,1.0435962677001953,0.8948296904563904,1.098008394241333,1.3823031187057495,1.3729442358016968,1.3441163301467896,1.0893858671188354,0.7771741151809692,0.5341404676437378,0.38511085510253906,0.0,0.3793637454509735,0.5347667932510376,0.5192326903343201,0.6310350894927979,0.8667707443237305,1.0171929597854614,1.0911060571670532,1.235576868057251,1.3856157064437866,2.170740842819214,1.946443796157837,1.6292897462844849,1.35333251953125,1.2152838706970215,0.8797298669815063,1.11397123336792,1.3216097354888916,1.0833030939102173,1.0065487623214722,1.3846781253814697,1.4784185886383057,1.3011895418167114,1.4511713981628418,1.7548936605453491,2.73604679107666,2.4214274883270264,2.1647138595581055,1.8635698556900024,1.5723438262939453,1.3954355716705322,1.7211791276931763,1.7536232471466064,1.430601954460144,1.5357469320297241,1.8966035842895508,1.8121258020401,1.6328705549240112,1.9307398796081543,2.1692004203796387,2.5672969818115234,2.2163491249084473,2.022942543029785,1.8220958709716797,1.4406746625900269,1.4866831302642822,1.7493314743041992,1.556005835533142,1.2789437770843506,1.57358717918396,1.7779029607772827,1.5418555736541748,1.522370457649231,1.8944199085235596,1.975366234779358
B7,1.7806776762008667,1.4876078367233276,1.341881275177002,1.342418909072876,1.0210940837860107,1.1970230340957642,1.243257999420166,0.8881585597991943,0.8328861594200134,1.1702995300292969,1.138586401939392,0.8985151648521423,1.1474641561508179,1.4287705421447754,1.3327399492263794,1.1288341283798218,0.9580492973327637,0.5910050272941589,0.5471822619438171,0.5652284026145935,0.3793637454509735,0.0,0.37512579560279846,0.5467640161514282,0.5195937752723694,0.610679030418396,0.8721349239349365,1.003714919090271,1.0462604761123657,1.156450629234314,2.292231798171997,2.1234958171844482,1.783399224281311,1.5554933547973633,1.4741368293762207,1.1030277013778687,1.2351250648498535,1.4845763444900513,1.2650249004364014,1.0739320516586304,1.4274040460586548,1.5622179508209229,1.3355904817581177,1.4006085395812988,1.740111231803894,3.033142566680908,2.738612413406372,2.45900297164917,2.1666133403778076,1.894002914428711,1.6711336374282837,1.966398000717163,2.023843765258789,1.6820595264434814,1.7222844362258911,2.0889124870300293,2.0057761669158936,1.767781138420105,2.038250207901001,2.306264877319336,2.8915867805480957,2.550687789916992,2.3462443351745605,2.1679224967956543,1.7860764265060425,1.8062669038772583,2.0430827140808105,1.8366316556930542,1.536855697631836,1.796768307685852,1.9839508533477783,1.7027438879013062,1.6456491947174072,2.0208988189697266,2.0899715423583984
B8,2.1129343509674072,1.7947087287902832,1.6428024768829346,1.5757025480270386,1.210057020187378,1.3494337797164917,1.4738168716430664,1.1582705974578857,0.9955175518989563,1.3343546390533447,1.381488561630249,1.1020430326461792,1.253840684890747,1.590109944343567,1.537977695465088,1.1684975624084473,0.9429709911346436,0.6247320771217346,0.6592854261398315,0.5219469666481018,0.5347667932510376,0.37512579560279846,0.0,0.38506513833999634,0.5551351308822632,0.5289304256439209,0.6561754941940308,0.8975404500961304,1.012692928314209,1.0293587446212769,1.9836758375167847,1.8434555530548096,1.486832618713379,1.313902497291565,1.2641352415084839,0.8816730380058289,0.9215566515922546,1.1879408359527588,1.016607642173767,0.7646642923355103,1.0891618728637695,1.2758347988128662,1.0890573263168335,1.1035090684890747,1.4312658309936523,2.8472955226898193,2.583259105682373,2.2828781604766846,1.9928816556930542,1.768884301185608,1.49001944065094,1.7588753700256348,1.87632417678833,1.5539498329162598,1.5264900922775269,1.9055750370025635,1.8833328485488892,1.6305770874023438,1.850611686706543,2.1510183811187744,2.9910969734191895,2.6594948768615723,2.4237184524536133,2.2091288566589355,1.8409316539764404,1.7936601638793945,2.056619167327881,1.9120182991027832,1.5760642290115356,1.7847976684570312,2.0283901691436768,1.782480239868164,1.6552035808563232,2.019672155380249,2.149571180343628
B9,2.104064702987671,1.7991880178451538,1.5778708457946777,1.4724923372268677,1.0998902320861816,1.1314946413040161,1.2736274003982544,1.013060450553894,0.7437594532966614,1.0459349155426025,1.1658940315246582,0.8928525447845459,0.9538183212280273,1.3150646686553955,1.3361217975616455,1.5416617393493652,1.2969672679901123,0.9775586128234863,0.8993613719940186,0.6406263709068298,0.5192326903343201,0.5467640161514282,0.38506513833999634,0.0,0.379526287317276,0.5556744933128357,0.5393677353858948,0.6511437892913818,0.879861056804657,0.9766042232513428,2.027693510055542,1.8381948471069336,1.481253981590271,1.3086909055709839,1.1491005420684814,0.7962383031845093,0.8896885514259338,1.0415124893188477,0.7673194408416748,0.5774639248847961,0.946869432926178,1.026210069656372,0.8072036504745483,0.9360153079032898,1.2499663829803467,2.582915782928467,2.3185532093048096,2.0075955390930176,1.7496732473373413,1.495206594467163,1.2212287187576294,1.470748782157898,1.5452970266342163,1.2017604112625122,1.1901423931121826,1.5601646900177002,1.5090059041976929,1.2621029615402222,1.510434865951538,1.7919793128967285,2.6769282817840576,2.364711046218872,2.1020636558532715,1.900667667388916,1.5425493717193604,1.4567824602127075,1.6996397972106934,1.569681167602539,1.2176810503005981,1.4043394327163696,1.6575913429260254,1.4294875860214233,1.2871308326721191,1.6484798192977905,1.7962642908096313
B10,2.020906686782837,1.7681902647018433,1.5262670516967773,1.5060065984725952,1.1824144124984741,1.1926286220550537,1.219728708267212,0.9210797548294067,0.6963961124420166,0.9321199059486389,0.9414758086204529,0.6025432348251343,0.7250041365623474,1.0566719770431519,1.0076121091842651,1.598038673400879,1.4322144985198975,1.0711179971694946,1.0321329832077026,0.890265703201294,0.6310350894927979,0.5195937752723694,0.5551351308822632,0.379526287317276,0.0,0.38007649779319763,0.5324767231941223,0.5106419920921326,0.6068410277366638,0.8027214407920837,2.3979439735412598,2.2171213626861572,1.8582894802093506,1.6847429275512695,1.5163898468017578,1.169022560119629,1.263304352760315,1.4011430740356445,1.0988155603408813,0.8987777829170227,1.2350733280181885,1.265882134437561,0.9610007405281067,1.073377013206482,1.4136905670166016,2.869645357131958,2.60150146484375,2.2901153564453125,2.058288812637329,1.7714897394180298,1.525071144104004,1.7510520219802856,1.770653486251831,1.39974844455719,1.3996104001998901,1.7361946105957031,1.6149568557739258,1.335493803024292,1.6055119037628174,1.8667324781417847,2.719477891921997,2.4202046394348145,2.1608476638793945,2.0204052925109863,1.65846848487854,1.5977050065994263,1.7755810022354126,1.584883451461792,1.245727777481079,1.4311139583587646,1.6108362674713135,1.3157958984375,1.1941481828689575,1.5606497526168823,1.6484777927398682
B11,2.2918508052825928,2.036409616470337,1.834151268005371,1.8331778049468994,1.5010744333267212,1.554276943206787,1.585920810699463,1.2637419700622559,1.071995496749878,1.306596040725708,1.279376745223999,0.9166930913925171,1.0325355529785156,1.3467648029327393,1.2390345335006714,1.464910864830017,1.3526339530944824,1.0120558738708496,1.1075211763381958,1.0190010070800781,0.8667707443237305,0.610679030418396,0.5289304256439209,0.5556744933128357,0.38007649779319763,0.0,0.3786601126194,0.5527392029762268,0.5147556066513062,0.5466738939285278,2.3775603771209717,2.256697416305542,1.8858000040054321,1.7651816606521606,1.6657750606536865,1.300427794456482,1.2938470840454102,1.4751343727111816,1.2384339570999146,0.9381276369094849,1.2080121040344238,1.3117828369140625,1.0077435970306396,0.9794155359268188,1.340244174003601,3.0789568424224854,2.83711838722229,2.5090436935424805,2.274658441543579,2.0297482013702393,1.7377382516860962,1.938277006149292,2.013030767440796,1.6557753086090088,1.5801990032196045,1.9210058450698853,1.844752550125122,1.5270311832427979,1.731316089630127,2.03049898147583,3.091489315032959,2.794724702835083,2.528388738632202,2.376314640045166,2.017531156539917,1.9322036504745483,2.117861032485962,1.949080228805542,1.5982099771499634,1.744443416595459,1.9359925985336304,1.6409841775894165,1.4711657762527466,1.8165677785873413,1.9209952354431152
B12,2.540163278579712,2.26682448387146,2.0371994972229004,1.9755948781967163,1.6188859939575195,1.6136637926101685,1.7034116983413696,1.434212565422058,1.1558765172958374,1.3626574277877808,1.4262112379074097,1.0711312294006348,1.0572913885116577,1.409262776374817,1.3844033479690552,1.7168666124343872,1.551268219947815,1.241942048072815,1.307586431503296,1.114646553993225,1.0171929597854614,0.8721349239349365,0.6561754941940308,0.5393677353858948,0.5324767231941223,0.3786601126194,0.0,0.3740481734275818,0.5379469394683838,0.483615905046463,2.19225811958313,2.075554847717285,1.7031328678131104,1.6389142274856567,1.5173523426055908,1.1888861656188965,1.1197373867034912,1.2302573919296265,0.9996920228004456,0.6775874495506287,0.8872240781784058,0.963386595249176,0.6558321118354797,0.6040257811546326,0.96392822265625,2.816803216934204,2.607184648513794,2.2609329223632812,2.0563771724700928,1.8458548784255981,1.5205693244934082,1.6668577194213867,1.7684824466705322,1.4301998615264893,1.2874178886413574,1.6181858777999878,1.583424687385559,1.2505860328674316,1.4054111242294312,1.7270866632461548,3.0359036922454834,2.7598540782928467,2.461695671081543,2.29244065284729,1.9597291946411133,1.8062611818313599,1.9923605918884277,1.8855321407318115,1.5126700401306152,1.5912728309631348,1.8276698589324951,1.5811725854873657,1.342413067817688,1.6614333391189575,1.8298232555389404
B13,2.4759230613708496,2.238478899002075,1.9632278680801392,1.9140506982803345,1.5899994373321533,1.508058786392212,1.552986979484558,1.3276463747024536,1.0230352878570557,1.1339080333709717,1.2001829147338867,0.8531369566917419,0.7465330958366394,1.0860400199890137,1.0995885133743286,1.9906878471374512,1.8272762298583984,1.4884694814682007,1.491255283355713,1.2864705324172974,1.0911060571670532,1.003714919090271,0.8975404500961304,0.6511437892913818,0.5106419920921326,0.5527392029762268,0.3740481734275818,0.0,0.3758431077003479,0.5389134287834167,2.44834566116333,2.2911343574523926,1.928085446357727,1.840659260749817,1.6469309329986572,1.3477917909622192,1.3464248180389404,1.382235050201416,1.0755958557128906,0.852794885635376,1.07227623462677,1.0123096704483032,0.6423139572143555,0.7374111413955688,1.0516694784164429,2.7812581062316895,2.56583571434021,2.2220075130462646,2.0567479133605957,1.8066364526748657,1.520129680633545,1.6401396989822388,1.665174961090088,1.3054159879684448,1.1959940195083618,1.4834399223327637,1.3717880249023438,1.0274837017059326,1.2284549474716187,1.5097403526306152,2.80361008644104,2.5532026290893555,2.2429497241973877,2.12109375,1.8045260906219482,1.6413896083831787,1.7669163942337036,1.6425036191940308,1.2785907983779907,1.3244047164916992,1.5184167623519897,1.2552729845046997,1.0055440664291382,1.3182672262191772,1.468801736831665
