,A1,A2,A3,A4,A5,A6,A7,A8,A9,A10,A11,A12,A13,A14,A15,B1,B2,B3,B4,B5,B6,B7,B8,B9,B10,B11,B12,B13,B14,B15,C1,C2,C3,C4,C5,C6,C7,C8,C9,C10,C11,C12,C13,C14,C15,D1,D2,D3,D4,D5,D6,D7,D8,D9,D10,D11,D12,D13,D14,D15,E1,E2,E3,E4,E5,E6,E7,E8,E9,E10,E11,E12,E13,E14,E15
A1,0.0,0.3819851279258728,0.5988613963127136,0.869979739189148,1.190455675125122,1.3610949516296387,1.145963191986084,1.155038595199585,1.5336503982543945,1.593251347541809,1.4324593544006348,1.6664975881576538,1.9566012620925903,1.9228181838989258,1.867702603340149,3.053645610809326,2.9974656105041504,2.6595003604888916,2.7567880153656006,2.674152374267578,2.3986339569091797,2.2310750484466553,2.294633150100708,2.1377551555633545,1.8258965015411377,1.805762767791748,1.8635908365249634,1.6183875799179077,1.3441663980484009,1.4582951068878174,3.298992872238159,3.034127950668335,2.872997522354126,2.4983327388763428,2.3715298175811768,2.2555220127105713,2.5972015857696533,2.7663214206695557,2.591587543487549,2.6573994159698486,3.0201609134674072,3.0801331996917725,2.97101092338562,3.171450614929199,3.4596168994903564,4.297869682312012,3.9426214694976807,3.736631393432617,3.5316686630249023,3.1543197631835938,3.0958945751190186,3.3585667610168457,3.2292003631591797,2.877444267272949,3.040409564971924,3.2992660999298096,3.0329720973968506,2.835357666015625,3.1608383655548096,3.3240432739257812,2.8228468894958496,2.470376491546631,2.527423858642578,2.5052263736724854,2.2334091663360596,2.5134007930755615,2.6222171783447266,2.2892990112304688,2.255127429962158,2.61836576461792,2.6054441928863525,2.3331985473632812,2.5221641063690186,2.8450722694396973,2.7418580055236816
A2,0.3819851279258728,0.0,0.3785237669944763,0.6009112000465393,0.8610513210296631,1.096606731414795,0.9443767070770264,0.8882405161857605,1.2523672580718994,1.383160948753357,1.2641993761062622,1.4439053535461426,1.7362709045410156,1.7697430849075317,1.7310547828674316,2.729905128479004,2.660292863845825,2.3293116092681885,2.4403669834136963,2.3465425968170166,2.0946621894836426,1.918366551399231,1.9475009441375732,1.796144962310791,1.4994823932647705,1.4543342590332031,1.491041660308838,1.2625001668930054,0.9844507575035095,1.079223394393921,2.9240448474884033,2.657970666885376,2.4914941787719727,2.1170129776000977,1.9939253330230713,1.878672480583191,2.2202374935150146,2.3910977840423584,2.2301106452941895,2.2977569103240967,2.6545565128326416,2.724491596221924,2.632601022720337,2.8277721405029297,3.108527183532715,4.052318572998047,3.7073261737823486,3.4782328605651855,3.270206928253174,2.9014837741851807,2.8100011348724365,3.0677719116210938,2.9633047580718994,2.600351333618164,2.7344541549682617,3.0084469318389893,2.7612056732177734,2.5392115116119385,2.850705862045288,3.037665843963623,2.8128182888031006,2.4428603649139404,2.4460806846618652,2.3875341415405273,2.07856822013855,2.321547508239746,2.4597408771514893,2.1390976905822754,2.0467097759246826,2.4072487354278564,2.4360251426696777,2.147658109664917,2.2912471294403076,2.6344096660614014,2.5672597885131836
A3,0.5988613963127136,0.3785237669944763,0.0,0.3782147169113159,0.6397850513458252,0.7808160781860352,0.5734480619430542,0.5832923650741577,0.9472527503967285,1.0256733894348145,0.9348744750022888,1.161759376525879,1.4181691408157349,1.433191180229187,1.4409233331680298,2.6447110176086426,2.5362234115600586,2.186088800430298,2.241943836212158,2.120868444442749,1.8417644500732422,1.716396450996399,1.7762562036514282,1.5754705667495728,1.2749406099319458,1.3206850290298462,1.3620949983596802,1.0709432363510132,0.8394114375114441,1.0544599294662476,2.93034291267395,2.641292095184326,2.4419727325439453,2.075498104095459,1.8937206268310547,1.7638185024261475,2.1167776584625244,2.2541372776031494,2.041869640350342,2.127079486846924,2.4954209327697754,2.521620750427246,2.406435012817383,2.6333374977111816,2.9117820262908936,3.710157871246338,3.359496831893921,3.143925905227661,2.941821336746216,2.5662312507629395,2.500892400741577,2.7598235607147217,2.6345205307006836,2.2808780670166016,2.445528030395508,2.709662914276123,2.454212188720703,2.26012921333313,2.591247081756592,2.7623682022094727,2.453122615814209,2.0807173252105713,2.0706748962402344,2.016085386276245,1.7092984914779663,1.9568709135055542,2.0848710536956787,1.7630724906921387,1.6854497194290161,2.0500330924987793,2.075058698654175,1.8030729293823242,1.9656322002410889,2.301757335662842,2.2398486137390137
A4,0.869979739189148,0.6009112000465393,0.3782147169113159,0.0,0.3870910704135895,0.5433510541915894,0.5262247920036316,0.6276757717132568,0.8854700922966003,1.0006258487701416,1.0537209510803223,1.2527462244033813,1.445391058921814,1.5147671699523926,1.5973652601242065,2.2891714572906494,2.1908836364746094,1.8365248441696167,1.898430585861206,1.8131663799285889,1.529856562614441,1.3711637258529663,1.4626349210739136,1.3066930770874023,0.971193790435791,1.0063097476959229,1.1297744512557983,0.8858093023300171,0.5911861062049866,0.8571130037307739,2.718916654586792,2.4030940532684326,2.225827693939209,1.8645652532577515,1.650017499923706,1.5841751098632812,1.9516419172286987,2.040188789367676,1.8393019437789917,1.9850465059280396,2.335834503173828,2.3364756107330322,2.267102003097534,2.521333694458008,2.7665207386016846,3.529442548751831,3.1807284355163574,2.9578404426574707,2.723008632659912,2.35774827003479,2.273653268814087,2.5605921745300293,2.475553512573242,2.1238768100738525,2.2792606353759766,2.578899621963501,2.3653359413146973,2.1672065258026123,2.489997148513794,2.6949656009674072,2.4323768615722656,2.045537233352661,2.01355242729187,1.8900306224822998,1.5613218545913696,1.794715166091919,1.9831715822219849,1.7062517404556274,1.5949426889419556,1.963625431060791,2.0556201934814453,1.813775658607483,1.9377397298812866,2.2858569622039795,2.2831037044525146
A5,1.190455675125122,0.8610513210296631,0.6397850513458252,0.3870910704135895,0.0,0.37093693017959595,0.5377160906791687,0.5024482607841492,0.6201581954956055,0.846686065196991,0.9724172949790955,1.0667723417282104,1.2302085161209106,1.3873213529586792,1.4878880977630615,2.062098979949951,1.9200929403305054,1.572155475616455,1.6279377937316895,1.496280550956726,1.2460557222366333,1.1099354028701782,1.1382883787155151,0.947910487651825,0.6479304432868958,0.7029026746749878,0.7647980451583862,0.5012444853782654,0.2567345201969147,0.6038339734077454,2.4054834842681885,2.0884594917297363,1.8825327157974243,1.5301915407180786,1.2955771684646606,1.2108583450317383,1.5786669254302979,1.661224603652954,1.453649640083313,1.6009795665740967,1.949729084968567,1.951790452003479,1.8903759717941284,2.14324951171875,2.3826041221618652,3.25950026512146,2.9258549213409424,2.6759352684020996,2.449451446533203,2.0956506729125977,1.971588373184204,2.242215156555176,2.1796014308929443,1.815583348274231,1.9355732202529907,2.246117353439331,2.052048683166504,1.8288335800170898,2.1355812549591064,2.3617379665374756,2.46356201171875,2.078383684158325,1.9759242534637451,1.8263609409332275,1.4648531675338745,1.6262387037277222,1.835695743560791,1.5819846391677856,1.391197919845581,1.7395532131195068,1.8775259256362915,1.6217403411865234,1.6811167001724243,2.044241189956665,2.0834805965423584
A6,1.3610949516296387,1.096606731414795,0.7808160781860352,0.5433510541915894,0.37093693017959595,0.0,0.3684244155883789,0.5386490225791931,0.5287761688232422,0.6090161204338074,0.847709596157074,1.0031423568725586,1.0709319114685059,1.187368392944336,1.3678282499313354,2.115185499191284,1.9424749612808228,1.577580213546753,1.5462392568588257,1.397321343421936,1.0894575119018555,1.040583848953247,1.1538026332855225,0.9101277589797974,0.6070712208747864,0.83751380443573,0.9371117353439331,0.644437849521637,0.5663645267486572,0.9353935718536377,2.6124069690704346,2.2780704498291016,2.054987907409668,1.7312886714935303,1.4382245540618896,1.3591862916946411,1.7165567874908447,1.7411528825759888,1.4716778993606567,1.651528239250183,1.9988429546356201,1.9322993755340576,1.8453750610351562,2.143200159072876,2.3693535327911377,2.986279010772705,2.6384572982788086,2.4152731895446777,2.185497999191284,1.817326545715332,1.7438229322433472,2.030486583709717,1.9382824897766113,1.5942063331604004,1.7733269929885864,2.0718085765838623,1.8715827465057373,1.702884316444397,2.0365912914276123,2.236398696899414,2.1111886501312256,1.726192831993103,1.6163511276245117,1.4561688899993896,1.0966131687164307,1.279433012008667,1.4907394647598267,1.2484183311462402,1.090442419052124,1.4523251056671143,1.5937323570251465,1.38512122631073,1.478370189666748,1.8221728801727295,1.8722301721572876
A7,1.145963191986084,0.9443767070770264,0.5734480619430542,0.5262247920036316,0.5377160906791687,0.3684244155883789,0.0,0.38002559542655945,0.5529030561447144,0.508400022983551,0.5976967215538025,0.863086998462677,0.9933688044548035,1.012425422668457,1.1470508575439453,2.477790117263794,2.3087947368621826,1.9450808763504028,1.9095182418823242,1.7436394691467285,1.4340484142303467,1.4082636833190918,1.5093549489974976,1.238088846206665,0.9643807411193848,1.1687180995941162,1.2130556106567383,0.8676374554634094,0.7839834690093994,1.1265199184417725,2.8886706829071045,2.5729525089263916,2.3346145153045654,2.0000319480895996,1.7363361120224,1.601315975189209,1.9509775638580322,2.020512580871582,1.7373508214950562,1.8592108488082886,2.226900577545166,2.1780025959014893,2.0392231941223145,2.3170554637908936,2.576688289642334,3.1525399684906006,2.7967350482940674,2.5955023765563965,2.3986337184906006,2.0170390605926514,1.9854782819747925,2.2465147972106934,2.0998263359069824,1.7627413272857666,1.970677375793457,2.2250895500183105,1.972676396369934,1.8244801759719849,2.177464723587036,2.3323817253112793,1.9962340593338013,1.6168456077575684,1.5499459505081177,1.4742443561553955,1.1514443159103394,1.3856031894683838,1.5166490077972412,1.208483099937439,1.1276308298110962,1.49894380569458,1.5491076707839966,1.3154637813568115,1.485176920890808,1.8125513792037964,1.7893096208572388
A8,1.155038595199585,0.8882405161857605,0.5832923650741577,0.6276757717132568,0.5024482607841492,0.5386490225791931,0.38002559542655945,0.0,0.38506320118904114,0.5455789566040039,0.5038654208183289,0.6281717419624329,0.8658479452133179,0.969782292842865,1.0101970434188843,2.5018439292907715,2.317563533782959,1.9743051528930664,1.9742231369018555,1.7661806344985962,1.5131269693374634,1.4823527336120605,1.4856524467468262,1.1905680894851685,0.9820697903633118,1.129177212715149,1.0559278726577759,0.686698317527771,0.6787113547325134,0.9531927704811096,2.6830382347106934,2.3977577686309814,2.1364617347717285,1.7984106540679932,1.5797711610794067,1.3801714181900024,1.7141567468643188,1.8433929681777954,1.5784928798675537,1.6340035200119019,2.012937307357788,2.0185954570770264,1.8626008033752441,2.0952305793762207,2.382723331451416,3.216571569442749,2.879765748977661,2.6459522247314453,2.478344678878784,2.1076180934906006,2.028721332550049,2.2489962577819824,2.1093194484710693,1.7484878301620483,1.902350664138794,2.1466786861419678,1.8816126585006714,1.6831111907958984,2.0173349380493164,2.17976713180542,2.2678303718566895,1.902472734451294,1.7929538488388062,1.7375942468643188,1.4005099534988403,1.565816879272461,1.6787140369415283,1.360153079032898,1.2034515142440796,1.5457803010940552,1.5911165475845337,1.2888370752334595,1.4054620265960693,1.7547448873519897,1.7210783958435059
A9,1.5336503982543945,1.2523672580718994,0.9472527503967285,0.8854700922966003,0.6201581954956055,0.5287761688232422,0.5529030561447144,0.38506320118904114,0.0,0.3730289936065674,0.5427150726318359,0.5180041193962097,0.6143625974655151,0.8302353024482727,0.9567341208457947,2.3475282192230225,2.117656707763672,1.7846150398254395,1.7358499765396118,1.4785982370376587,1.2455872297286987,1.2905360460281372,1.2715835571289062,0.9210782051086426,0.8019599318504333,1.0333982706069946,0.916403591632843,0.5464145541191101,0.7249531149864197,1.0099055767059326,2.538569211959839,2.246572256088257,1.9570740461349487,1.6539334058761597,1.3926829099655151,1.1797503232955933,1.4944608211517334,1.5805554389953613,1.2719082832336426,1.3415664434432983,1.716344952583313,1.6809152364730835,1.5121535062789917,1.7731177806854248,2.047475576400757,2.8513362407684326,2.5231685638427734,2.2761833667755127,2.118129253387451,1.7547816038131714,1.6627395153045654,1.8687183856964111,1.733312726020813,1.3679015636444092,1.5179688930511475,1.765846848487854,1.5135036706924438,1.3161298036575317,1.6557101011276245,1.827108383178711,2.175499439239502,1.820254921913147,1.6408932209014893,1.5552619695663452,1.2019723653793335,1.2890000343322754,1.4171327352523804,1.1370753049850464,0.8993662595748901,1.2206511497497559,1.3224660158157349,1.0282975435256958,1.0809160470962524,1.444454312324524,1.471003770828247
A10,1.593251347541809,1.383160948753357,1.0256733894348145,1.0006258487701416,0.846686065196991,0.6090161204338074,0.508400022983551,0.5455789566040039,0.3730289936065674,0.0,0.3896499574184418,0.5477312207221985,0.5207420587539673,0.580349862575531,0.8061344623565674,2.5666322708129883,2.3319802284240723,1.9866979122161865,1.8804123401641846,1.6290181875228882,1.349776029586792,1.4495704174041748,1.5070545673370361,1.1516315937042236,1.0135501623153687,1.3065953254699707,1.252862572669983,0.8942060470581055,1.0171973705291748,1.342086911201477,2.8843722343444824,2.5823628902435303,2.292968273162842,2.002316474914551,1.7161318063735962,1.5220075845718384,1.8244415521621704,1.8751168251037598,1.5339900255203247,1.6175769567489624,1.9812898635864258,1.8936246633529663,1.6930533647537231,1.9800329208374023,2.245522975921631,2.743454694747925,2.396247625350952,2.193737506866455,2.0474207401275635,1.6665760278701782,1.6558499336242676,1.865952968597412,1.672230839729309,1.3435142040252686,1.5742892026901245,1.7809950113296509,1.4989300966262817,1.3861337900161743,1.7536818981170654,1.8687310218811035,1.8129199743270874,1.4629069566726685,1.2942070960998535,1.2533133029937744,0.9308494329452515,1.068974256515503,1.1403565406799316,0.818371593952179,0.6776106953620911,1.0298690795898438,1.0690186023712158,0.8143699169158936,0.9810975790023804,1.304324984550476,1.293627381324768
A11,1.4324593544006348,1.2641993761062622,0.9348744750022888,1.0537209510803223,0.9724172949790955,0.847709596157074,0.5976967215538025,0.5038654208183289,0.5427150726318359,0.3896499574184418,0.0,0.384082555770874,0.5598715543746948,0.5060058832168579,0.5515897870063782,2.8691327571868896,2.646353244781494,2.304192066192627,2.232023000717163,1.9769032001495361,1.714249849319458,1.7819881439208984,1.8050111532211304,1.4524576663970947,1.308215618133545,1.5411441326141357,1.4410405158996582,1.0624613761901855,1.1527527570724487,1.4340420961380005,3.0416083335876465,2.766469717025757,2.469038724899292,2.1628878116607666,1.9253437519073486,1.6829336881637573,1.9748653173446655,2.0899150371551514,1.7689459323883057,1.7823681831359863,2.159297466278076,2.1236212253570557,1.8909457921981812,2.1269917488098145,2.4291584491729736,3.0393788814544678,2.699742078781128,2.502385377883911,2.389646530151367,2.0138351917266846,2.0047810077667236,2.180783748626709,1.9630976915359497,1.6389122009277344,1.8485479354858398,2.0154972076416016,1.6945582628250122,1.5701557397842407,1.9278204441070557,2.008781909942627,1.9448968172073364,1.6161463260650635,1.491878867149353,1.533099889755249,1.254403829574585,1.4107686281204224,1.4132639169692993,1.0527958869934082,0.974311351776123,1.2825425863265991,1.2198835611343384,0.9101862907409668,1.1211837530136108,1.4204238653182983,1.3136204481124878
A12,1.6664975881576538,1.4439053535461426,1.161759376525879,1.2527462244033813,1.0667723417282104,1.0031423568725586,0.863086998462677,0.6281717419624329,0.5180041193962097,0.5477312207221985,0.384082555770874,0.0,0.3683275580406189,0.5346828699111938,0.49335354566574097,2.8261799812316895,2.576643943786621,2.2617361545562744,2.1970272064208984,1.8983467817306519,1.6961134672164917,1.7862236499786377,1.732713222503662,1.360816240310669,1.307452917098999,1.5200663805007935,1.3286399841308594,0.9771777391433716,1.1733810901641846,1.3937894105911255,2.82119083404541,2.5739030838012695,2.2497410774230957,1.9690155982971191,1.7583216428756714,1.4641144275665283,1.7124327421188354,1.8555599451065063,1.5392862558364868,1.4879339933395386,1.861292839050293,1.8546278476715088,1.595768928527832,1.794564127922058,2.1151282787323,2.9356884956359863,2.6217968463897705,2.3914473056793213,2.3109374046325684,1.9573802947998047,1.9023019075393677,2.029022455215454,1.8231052160263062,1.4866591691970825,1.6381452083587646,1.786027431488037,1.460273265838623,1.292334794998169,1.628111481666565,1.7123117446899414,2.1882402896881104,1.8780341148376465,1.69186270236969,1.7179113626480103,1.4247419834136963,1.4885172843933105,1.4910680055618286,1.1674659252166748,0.9840647578239441,1.2282456159591675,1.1942353248596191,0.82843416929245,0.9292981624603271,1.2504783868789673,1.1672115325927734
A13,1.9566012620925903,1.7362709045410156,1.4181691408157349,1.445391058921814,1.2302085161209106,1.0709319114685059,0.9933688044548035,0.8658479452133179,0.6143625974655151,0.5207420587539673,0.5598715543746948,0.3683275580406189,0.0,0.3749423027038574,0.5402739644050598,2.7985239028930664,2.5194830894470215,2.2118165493011475,2.087428331375122,1.7646147012710571,1.5664118528366089,1.7302857637405396,1.699204683303833,1.307273507118225,1.3076763153076172,1.5850985050201416,1.4130650758743286,1.0877844095230103,1.3331042528152466,1.5846589803695679,2.8848330974578857,2.625368118286133,2.2902066707611084,2.0449411869049072,1.792145013809204,1.5180795192718506,1.7415244579315186,1.8215703964233398,1.4641242027282715,1.4398187398910522,1.7902830839157104,1.7151271104812622,1.4323772192001343,1.6725480556488037,1.9677296876907349,2.580756902694702,2.266141891479492,2.047830104827881,1.986763596534729,1.6376116275787354,1.6153507232666016,1.7230005264282227,1.4858760833740234,1.1714988946914673,1.3640868663787842,1.4836797714233398,1.1463454961776733,1.0389783382415771,1.3981887102127075,1.4537615776062012,1.9749850034713745,1.6863478422164917,1.4458913803100586,1.4697730541229248,1.199168086051941,1.1992766857147217,1.1720683574676514,0.8814767003059387,0.6676044464111328,0.8678183555603027,0.8453192114830017,0.4824158549308777,0.5791378021240234,0.9057947397232056,0.8686710596084595
A14,1.9228181838989258,1.7697430849075317,1.433191180229187,1.5147671699523926,1.3873213529586792,1.187368392944336,1.012425422668457,0.969782292842865,0.8302353024482727,0.580349862575531,0.5060058832168579,0.5346828699111938,0.3749423027038574,0.0,0.36486610770225525,3.074434518814087,2.808222770690918,2.483266830444336,2.3424723148345947,2.042757034301758,1.8026689291000366,1.9660667181015015,1.9888662099838257,1.6044270992279053,1.5477432012557983,1.8405009508132935,1.7155355215072632,1.363594651222229,1.5426785945892334,1.826254963874817,3.243804454803467,2.97651743888855,2.6496987342834473,2.390521764755249,2.1308326721191406,1.870999813079834,2.109888792037964,2.1867523193359375,1.825485110282898,1.814447283744812,2.1626217365264893,2.073075771331787,1.784570336341858,2.026275396347046,2.3171401023864746,2.692256450653076,2.3629002571105957,2.195101499557495,2.1448283195495605,1.7864500284194946,1.8342442512512207,1.949670433998108,1.668734073638916,1.4006918668746948,1.6480352878570557,1.7303845882415771,1.3763773441314697,1.343991994857788,1.7030903100967407,1.7045906782150269,1.715254783630371,1.4464396238327026,1.2491538524627686,1.3599653244018555,1.1526134014129639,1.222200870513916,1.1124958992004395,0.7672606706619263,0.7329703569412231,0.9339615702629089,0.7706409096717834,0.4597974419593811,0.7551776766777039,0.9782561659812927,0.8283913135528564
A15,1.867702603340149,1.7310547828674316,1.4409233331680298,1.5973652601242065,1.4878880977630615,1.3678282499313354,1.1470508575439453,1.0101970434188843,0.9567341208457947,0.8061344623565674,0.5515897870063782,0.49335354566574097,0.5402739644050598,0.36486610770225525,0.0,3.277677297592163,3.018620729446411,2.6993439197540283,2.5956716537475586,2.289172887802124,2.06931734085083,2.19996976852417,2.1814286708831787,1.79890775680542,1.7426096200942993,1.9873287677764893,1.8167515993118286,1.4610106945037842,1.6318268775939941,1.870210886001587,3.2913005352020264,3.052461862564087,2.718543529510498,2.4516425132751465,2.2378103733062744,1.9381847381591797,2.1609933376312256,2.2954583168029785,1.960303544998169,1.8868165016174316,2.241084098815918,2.2081377506256104,1.9027844667434692,2.087632179260254,2.409675121307373,2.9804701805114746,2.6675379276275635,2.487767219543457,2.4590492248535156,2.110872745513916,2.1301662921905518,2.2193856239318848,1.944485068321228,1.6685477495193481,1.8685286045074463,1.9306576251983643,1.5620908737182617,1.4907341003417969,1.8226062059402466,1.8089773654937744,1.9965375661849976,1.7439498901367188,1.5796741247177124,1.715353012084961,1.5083500146865845,1.5839457511901855,1.469997525215149,1.1285151243209839,1.0802483558654785,1.2541470527648926,1.065935492515564,0.7329557538032532,0.961233913898468,1.1646968126296997,0.9451610445976257
B1,3.053645610809326,2.729905128479004,2.6447110176086426,2.2891714572906494,2.062098979949951,2.115185499191284,2.477790117263794,2.5018439292907715,2.3475282192230225,2.5666322708129883,2.8691327571868896,2.8261799812316895,2.7985239028930664,3.074434518814087,3.277677297592163,0.0,0.37467774748802185,0.6005384922027588,0.8874041438102722,1.1931644678115845,1.37116539478302,1.1437629461288452,1.1029621362686157,1.4942203760147095,1.5625611543655396,1.3838938474655151,1.5909005403518677,1.9024311304092407,1.8856076002120972,1.8225210905075073,1.6709198951721191,1.332911729812622,1.4679014682769775,1.4588221311569214,1.317010521888733,1.698177695274353,1.7946174144744873,1.547053575515747,1.6843677759170532,2.0215039253234863,2.0227766036987305,1.951607346534729,2.246192455291748,2.4603097438812256,2.402149200439453,3.2527570724487305,3.0523874759674072,2.7739765644073486,2.449902057647705,2.34818172454834,2.0696375370025635,2.329387664794922,2.582768201828003,2.3768980503082275,2.2832322120666504,2.658876419067383,2.777449607849121,2.5698816776275635,2.647174835205078,2.9938132762908936,3.709676504135132,3.376859188079834,3.1985747814178467,2.8553414344787598,2.5673580169677734,2.5101401805877686,2.868481159210205,2.8859050273895264,2.610168218612671,2.773749828338623,3.124858856201172,3.024012327194214,2.8742024898529053,3.161763906478882,3.4139630794525146
B2,2.9974656105041504,2.660292863845825,2.5362234115600586,2.1908836364746094,1.9200929403305054,1.9424749612808228,2.3087947368621826,2.317563533782959,2.117656707763672,2.3319802284240723,2.646353244781494,2.576643943786621,2.5194830894470215,2.808222770690918,3.018620729446411,0.37467774748802185,0.0,0.37320345640182495,0.6036874651908875,0.8573854565620422,1.0939786434173584,0.9367155432701111,0.8479278683662415,1.2202311754226685,1.3565126657485962,1.2346477508544922,1.3928351402282715,1.6963969469070435,1.7459434270858765,1.712749719619751,1.5908396244049072,1.2359806299209595,1.2844001054763794,1.2879244089126587,1.0903689861297607,1.4530723094940186,1.5346792936325073,1.2478926181793213,1.358489751815796,1.707970142364502,1.702019453048706,1.598047137260437,1.8926736116409302,2.1191978454589844,2.0546798706054688,2.914466381072998,2.7172226905822754,2.425605297088623,2.1145472526550293,2.0173959732055664,1.7204930782318115,1.965773582458496,2.225536584854126,2.025277614593506,1.9162321090698242,2.2886240482330322,2.4187188148498535,2.2175564765930176,2.2844624519348145,2.6291444301605225,3.487657070159912,3.1628756523132324,2.9544126987457275,2.618302583694458,2.328174591064453,2.2329986095428467,2.582502841949463,2.61330509185791,2.319272756576538,2.4558920860290527,2.8156323432922363,2.7224791049957275,2.5499463081359863,2.825300931930542,3.0912299156188965
B3,2.6595003604888916,2.3293116092681885,2.186088800430298,1.8365248441696167,1.572155475616455,1.577580213546753,1.9450808763504028,1.9743051528930664,1.7846150398254395,1.9866979122161865,2.304192066192627,2.2617361545562744,2.2118165493011475,2.483266830444336,2.6993439197540283,0.6005384922027588,0.37320345640182495,0.0,0.38606107234954834,0.6378999948501587,0.7810476422309875,0.5694248676300049,0.542269766330719,0.9170330166816711,1.003676176071167,0.9093808531761169,1.1184296607971191,1.3845913410186768,1.4164104461669922,1.4311615228652954,1.7249709367752075,1.3437117338180542,1.3171064853668213,1.219994306564331,0.944902777671814,1.2775866985321045,1.4412442445755005,1.189004898071289,1.2096494436264038,1.577983021736145,1.6537649631500244,1.5392043590545654,1.775656819343567,2.0415477752685547,2.0344953536987305,2.8314685821533203,2.5941057205200195,2.3087193965911865,1.988065481185913,1.8295313119888306,1.557850956916809,1.8444916009902954,2.0535941123962402,1.8180925846099854,1.76275634765625,2.149259328842163,2.22918438911438,2.028881549835205,2.1519217491149902,2.4857940673828125,3.162471055984497,2.8263487815856934,2.6309401988983154,2.301276206970215,1.9972983598709106,1.9346617460250854,2.2870845794677734,2.2922420501708984,2.010483980178833,2.1818037033081055,2.5275328159332275,2.4254000186920166,2.2855992317199707,2.5778112411499023,2.822239398956299
B4,2.7567880153656006,2.4403669834136963,2.241943836212158,1.898430585861206,1.6279377937316895,1.5462392568588257,1.9095182418823242,1.9742231369018555,1.7358499765396118,1.8804123401641846,2.232023000717163,2.1970272064208984,2.087428331375122,2.3424723148345947,2.5956716537475586,0.8874041438102722,0.6036874651908875,0.38606107234954834,0.0,0.3935889005661011,0.5474912524223328,0.5272888541221619,0.6174941658973694,0.8759122490882874,1.000197410583496,1.0506078004837036,1.2402805089950562,1.4335237741470337,1.51596999168396,1.6099153757095337,1.9924453496932983,1.621256947517395,1.5348113775253296,1.4521243572235107,1.1247297525405884,1.3897823095321655,1.550372838973999,1.260392427444458,1.1869170665740967,1.5738495588302612,1.6525278091430664,1.4544734954833984,1.6620510816574097,1.9715503454208374,1.9496244192123413,2.4723501205444336,2.2294094562530518,1.95953369140625,1.6241847276687622,1.4770532846450806,1.2254295349121094,1.5328679084777832,1.7458763122558594,1.5480600595474243,1.5246185064315796,1.9019607305526733,2.0009639263153076,1.8520219326019287,1.983154058456421,2.2942512035369873,2.895571231842041,2.581181764602661,2.36612868309021,2.023545026779175,1.7484437227249146,1.644511342048645,2.0004498958587646,2.054993152618408,1.7869707345962524,1.9213206768035889,2.2835636138916016,2.230696201324463,2.0885660648345947,2.348996877670288,2.6151013374328613
B5,2.674152374267578,2.3465425968170166,2.120868444442749,1.8131663799285889,1.496280550956726,1.397321343421936,1.7436394691467285,1.7661806344985962,1.4785982370376587,1.6290181875228882,1.9769032001495361,1.8983467817306519,1.7646147012710571,2.042757034301758,2.289172887802124,1.1931644678115845,0.8573854565620422,0.6378999948501587,0.3935889005661011,0.0,0.372639924287796,0.5473671555519104,0.508945107460022,0.6122020483016968,0.8497379422187805,0.9796120524406433,1.0607893466949463,1.2175133228302002,1.3885719776153564,1.5027458667755127,1.9442710876464844,1.5893747806549072,1.4142420291900635,1.3242149353027344,0.9662758708000183,1.1448296308517456,1.2964756488800049,1.0095611810684204,0.8524611592292786,1.2359468936920166,1.3383785486221313,1.1137863397598267,1.2842097282409668,1.6117030382156372,1.6148191690444946,2.2512378692626953,2.0020148754119873,1.7023082971572876,1.402904987335205,1.2248393297195435,0.9335985779762268,1.2221421003341675,1.4161243438720703,1.1883188486099243,1.1473958492279053,1.5317671298980713,1.6187485456466675,1.4591916799545288,1.5948458909988403,1.905663013458252,2.739260196685791,2.4285166263580322,2.175971031188965,1.8639005422592163,1.5707200765609741,1.4222420454025269,1.7535895109176636,1.7979660034179688,1.491346001625061,1.6012145280838013,1.967155933380127,1.9004216194152832,1.7271039485931396,1.9870134592056274,2.2604944705963135
B6,2.3986339569091797,2.0946621894836426,1.8417644500732422,1.529856562614441,1.2460557222366333,1.0894575119018555,1.4340484142303467,1.5131269693374634,1.2455872297286987,1.349776029586792,1.714249849319458,1.6961134672164917,1.5664118528366089,1.8026689291000366,2.06931734085083,1.37116539478302,1.0939786434173584,0.7810476422309875,0.5474912524223328,0.372639924287796,0.0,0.37499216198921204,0.5485185980796814,0.5233456492424011,0.6187019348144531,0.8538869023323059,1.0044268369674683,1.0625137090682983,1.1905620098114014,1.3840025663375854,2.197840452194214,1.831437587738037,1.6458576917648315,1.479422926902771,1.1004436016082764,1.2249394655227661,1.4584897756576538,1.2414753437042236,1.0119688510894775,1.372341275215149,1.5580551624298096,1.3465653657913208,1.4300453662872314,1.783776879310608,1.8462809324264526,2.30224609375,2.006765365600586,1.7412171363830566,1.4293678998947144,1.1704769134521484,0.9684213399887085,1.310225248336792,1.4147791862487793,1.1556692123413086,1.2264775037765503,1.6020104885101318,1.614113688468933,1.4775676727294922,1.6910136938095093,1.9683040380477905,2.425748348236084,2.099307060241699,1.8725377321243286,1.556411623954773,1.247483730316162,1.1586843729019165,1.506826400756836,1.5225178003311157,1.2515385150909424,1.4233037233352661,1.7672520875930786,1.702507734298706,1.595881462097168,1.8729966878890991,2.1119985580444336
B7,2.2310750484466553,1.918366551399231,1.716396450996399,1.3711637258529663,1.1099354028701782,1.040583848953247,1.4082636833190918,1.4823527336120605,1.2905360460281372,1.4495704174041748,1.7819881439208984,1.7862236499786377,1.7302857637405396,1.9660667181015015,2.19996976852417,1.1437629461288452,0.9367155432701111,0.5694248676300049,0.5272888541221619,0.5473671555519104,0.37499216198921204,0.0,0.3832307457923889,0.5504393577575684,0.5100668668746948,0.5974775552749634,0.861828088760376,0.9886000156402588,1.0169953107833862,1.1642440557479858,2.050473213195801,1.6689709424972534,1.5354564189910889,1.329939365386963,0.9737615585327148,1.1697564125061035,1.4387346506118774,1.2566425800323486,1.109256625175476,1.4682304859161377,1.6613913774490356,1.52153742313385,1.6405128240585327,1.9599955081939697,2.034632682800293,2.670630931854248,2.3788301944732666,2.1129252910614014,1.7968482971191406,1.5442335605621338,1.3369591236114502,1.6682634353637695,1.7795096635818481,1.4996693134307861,1.545283317565918,1.9295244216918945,1.9257415533065796,1.7455981969833374,1.9563738107681274,2.25404953956604,2.6379916667938232,2.288470506668091,2.1052730083465576,1.7928613424301147,1.4669662714004517,1.453833818435669,1.8015730381011963,1.7671345472335815,1.509477138519287,1.7321391105651855,2.049668312072754,1.941842794418335,1.8592634201049805,2.1672418117523193,2.376262664794922
B8,2.294633150100708,1.9475009441375732,1.7762562036514282,1.4626349210739136,1.1382883787155151,1.1538026332855225,1.5093549489974976,1.4856524467468262,1.2715835571289062,1.5070545673370361,1.8050111532211304,1.732713222503662,1.699204683303833,1.9888662099838257,2.1814286708831787,1.1029621362686157,0.8479278683662415,0.542269766330719,0.6174941658973694,0.508945107460022,0.5485185980796814,0.3832307457923889,0.0,0.39442214369773865,0.546927273273468,0.5096278190612793,0.6254084706306458,0.8662312626838684,0.9764286279678345,1.0270698070526123,1.698203206062317,1.3250017166137695,1.1604468822479248,0.9634833335876465,0.5992293953895569,0.8262448906898499,1.0689220428466797,0.8889185190200806,0.7960503101348877,1.1502721309661865,1.3247580528259277,1.2370762825012207,1.3910207748413086,1.670641303062439,1.746335506439209,2.713376998901367,2.4484689235687256,2.1432833671569824,1.864586591720581,1.6339653730392456,1.3606511354446411,1.634290099143982,1.7710950374603271,1.4691957235336304,1.4310251474380493,1.8194655179977417,1.829603910446167,1.5947506427764893,1.7631289958953857,2.0899569988250732,2.878807783126831,2.530001163482666,2.3165667057037354,2.0326714515686035,1.6891206502914429,1.6339669227600098,1.9551995992660522,1.9017664194107056,1.5892460346221924,1.7861974239349365,2.1060359477996826,1.9553117752075195,1.817345380783081,2.1370060443878174,2.3538384437561035
B9,2.1377551555633545,1.796144962310791,1.5754705667495728,1.3066930770874023,0.947910487651825,0.9101277589797974,1.238088846206665,1.1905680894851685,0.9210782051086426,1.1516315937042236,1.4524576663970947,1.360816240310669,1.307273507118225,1.6044270992279053,1.79890775680542,1.4942203760147095,1.2202311754226685,0.9170330166816711,0.8759122490882874,0.6122020483016968,0.5233456492424011,0.5504393577575684,0.39442214369773865,0.0,0.3703675866127014,0.552003800868988,0.5232273936271667,0.6078567504882812,0.8305644392967224,0.9701506495475769,1.8987596035003662,1.5542199611663818,1.3087786436080933,1.0810984373092651,0.7095460295677185,0.7354483604431152,1.0205129384994507,0.9064099192619324,0.6568277478218079,0.9691933393478394,1.228776454925537,1.1248422861099243,1.1716835498809814,1.4807158708572388,1.618223786354065,2.5535695552825928,2.268554210662842,1.9647868871688843,1.7221266031265259,1.442408561706543,1.1979973316192627,1.4570484161376953,1.5211519002914429,1.1805810928344727,1.1863584518432617,1.5605344772338867,1.5098448991775513,1.2734777927398682,1.4948041439056396,1.7963862419128418,2.6027238368988037,2.2561581134796143,2.024174213409424,1.7778886556625366,1.4205636978149414,1.359708309173584,1.6475043296813965,1.562082052230835,1.2311738729476929,1.4388432502746582,1.7395155429840088,1.56822669506073,1.4360265731811523,1.7678775787353516,1.968376874923706
B10,1.8258965015411377,1.4994823932647705,1.2749406099319458,0.971193790435791,0.6479304432868958,0.6070712208747864,0.9643807411193848,0.9820697903633118,0.8019599318504333,1.0135501623153687,1.308215618133545,1.307452917098999,1.3076763153076172,1.5477432012557983,1.7426096200942993,1.5625611543655396,1.3565126657485962,1.003676176071167,1.000197410583496,0.8497379422187805,0.6187019348144531,0.5100668668746948,0.546927273273468,0.3703675866127014,0.0,0.3783954381942749,0.5397583246231079,0.5081437826156616,0.572311282157898,0.8044488430023193,2.1037685871124268,1.748602271080017,1.5421197414398193,1.2569373846054077,0.9151331782341003,0.9477891325950623,1.2875252962112427,1.2293198108673096,1.0074266195297241,1.2807073593139648,1.5702885389328003,1.4901454448699951,1.507826805114746,1.8123427629470825,1.9754669666290283,2.777686357498169,2.4647469520568848,2.1925806999206543,1.9304215908050537,1.615014672279358,1.434202790260315,1.7302329540252686,1.7500736713409424,1.4065959453582764,1.4851163625717163,1.8454192876815796,1.7470647096633911,1.5326756238937378,1.7983019351959229,2.072244882583618,2.472665786743164,2.1040992736816406,1.9248664379119873,1.6811621189117432,1.31253182888031,1.3515273332595825,1.6446149349212646,1.5118348598480225,1.2400707006454468,1.5218615531921387,1.7810382843017578,1.599984884262085,1.5526039600372314,1.8988711833953857,2.0507164001464844
B11,1.805762767791748,1.4543342590332031,1.3206850290298462,1.0063097476959229,0.7029026746749878,0.83751380443573,1.1687180995941162,1.129177212715149,1.0333982706069946,1.3065953254699707,1.5411441326141357,1.5200663805007935,1.5850985050201416,1.8405009508132935,1.9873287677764893,1.3838938474655151,1.2346477508544922,0.9093808531761169,1.0506078004837036,0.9796120524406433,0.8538869023323059,0.5974775552749634,0.5096278190612793,0.552003800868988,0.3783954381942749,0.0,0.39202311635017395,0.566937267780304,0.5115476250648499,0.5694431066513062,1.8451863527297974,1.4892719984054565,1.3317338228225708,1.0161292552947998,0.7303181886672974,0.8464691042900085,1.1890233755111694,1.1663588285446167,1.0604243278503418,1.3191250562667847,1.58061683177948,1.572326421737671,1.647402048110962,1.9017045497894287,2.0554795265197754,3.0798487663269043,2.784227132797241,2.4951844215393066,2.2286274433135986,1.9401986598968506,1.7198201417922974,2.000983715057373,2.0609002113342285,1.7162522077560425,1.7356141805648804,2.1052310466766357,2.0278220176696777,1.772636890411377,1.9987995624542236,2.30066180229187,2.827869415283203,2.4527015686035156,2.2915477752685547,2.0483450889587402,1.6812635660171509,1.7284162044525146,2.0225038528442383,1.8796242475509644,1.6035470962524414,1.8807159662246704,2.1349217891693115,1.9264516830444336,1.8622344732284546,2.218087673187256,2.3632376194000244
B12,1.8635908365249634,1.491041660308838,1.3620949983596802,1.1297744512557983,0.7647980451583862,0.9371117353439331,1.2130556106567383,1.0559278726577759,0.916403591632843,1.252862572669983,1.4410405158996582,1.3286399841308594,1.4130650758743286,1.7155355215072632,1.8167515993118286,1.5909005403518677,1.3928351402282715,1.1184296607971191,1.2402805089950562,1.0607893466949463,1.0044268369674683,0.861828088760376,0.6254084706306458,0.5232273936271667,0.5397583246231079,0.39202311635017395,0.0,0.3800544738769531,0.5422053933143616,0.5046091079711914,1.6811347007751465,1.3630635738372803,1.1275477409362793,0.7949306964874268,0.5372578501701355,0.49367985129356384,0.8595545291900635,0.9233526587486267,0.811500072479248,0.9897263050079346,1.281113862991333,1.332834005355835,1.3756015300750732,1.5876590013504028,1.7776297330856323,3.040663480758667,2.761739730834961,2.4490725994110107,2.2300124168395996,1.9468438625335693,1.699739933013916,1.9223276376724243,1.968635082244873,1.6060149669647217,1.5772839784622192,1.9247608184814453,1.8305822610855103,1.5338523387908936,1.739560604095459,2.0444495677948,2.9177308082580566,2.5515191555023193,2.3562352657318115,2.152085781097412,1.7775501012802124,1.7826493978500366,2.03594708442688,1.872662901878357,1.5544514656066895,1.8026396036148071,2.04127836227417,1.7912724018096924,1.6838384866714478,2.0452258586883545,2.1839075088500977
B13,1.6183875799179077,1.2625001668930054,1.0709432363510132,0.8858093023300171,0.5012444853782654,0.644437849521637,0.8676374554634094,0.686698317527771,0.5464145541191101,0.8942060470581055,1.0624613761901855,0.9771777391433716,1.0877844095230103,1.363594651222229,1.4610106945037842,1.9024311304092407,1.6963969469070435,1.3845913410186768,1.4335237741470337,1.2175133228302002,1.0625137090682983,0.9886000156402588,0.8662312626838684,0.6078567504882812,0.5081437826156616,0.566937267780304,0.3800544738769531,0.0,0.37589171528816223,0.5491360425949097,2.0352706909179688,1.7321149110794067,1.4725478887557983,1.1442185640335083,0.8951749205589294,0.7389220595359802,1.099124550819397,1.1916218996047974,0.9756382703781128,1.100669503211975,1.4506977796554565,1.472521424293518,1.4183794260025024,1.6541321277618408,1.892172932624817,2.994939088821411,2.6914713382720947,2.4016878604888916,2.2018790245056152,1.8773859739303589,1.6882878541946411,1.9129711389541626,1.885079026222229,1.508231282234192,1.55235755443573,1.8696632385253906,1.7062498331069946,1.4347648620605469,1.7034074068069458,1.9617619514465332,2.6224029064178467,2.2548787593841553,2.072216749191284,1.909241795539856,1.5336519479751587,1.5795544385910034,1.7940791845321655,1.5820186138153076,1.2896627187728882,1.575078010559082,1.765154242515564,1.4926173686981201,1.4419831037521362,1.8136438131332397,1.9075168371200562
