,A1,A2,A3,A4,A5,A6,A7,A8,A9,A10,A11,A12,A13,A14,A15,B1,B2,B3,B4,B5,B6,B7,B8,B9,B10,B11,B12,B13,B14,B15,C1,C2,C3,C4,C5,C6,C7,C8,C9,C10,C11,C12,C13,C14,C15,D1,D2,D3,D4,D5,D6,D7,D8,D9,D10,D11,D12,D13,D14,D15,E1,E2,E3,E4,E5,E6,E7,E8,E9,E10,E11,E12,E13,E14,E15
A1,0.0,0.40042567253112793,0.5760701298713684,0.8760690093040466,1.1818153858184814,1.3301304578781128,1.1225318908691406,1.175606608390808,1.537866234779358,1.579429030418396,1.4624139070510864,1.7120301723480225,1.9812597036361694,1.9595752954483032,1.9389787912368774,2.2464184761047363,2.225146532058716,1.969671368598938,1.770330548286438,1.9277592897415161,1.6340049505233765,1.6853982210159302,2.0503029823303223,2.0231616497039795,1.8300634622573853,2.0843687057495117,2.359957456588745,2.260780096054077,2.2212629318237305,2.530791997909546,3.658329486846924,3.3931965827941895,3.1448893547058105,2.7995035648345947,2.608269214630127,2.4090046882629395,2.7269928455352783,2.8580245971679688,2.569643497467041,2.59960675239563,2.973559856414795,2.9467146396636963,2.730630874633789,2.956533908843994,3.268599271774292,3.8010923862457275,3.419208288192749,3.282898187637329,2.998870611190796,2.652148723602295,2.686004877090454,3.0169057846069336,2.89316725730896,2.6168038845062256,2.865981101989746,3.130483865737915,2.9061739444732666,2.8261427879333496,3.189882278442383,3.3138649463653564,2.473496437072754,2.126027822494507,2.1962063312530518,2.15256929397583,1.8798093795776367,2.1876790523529053,2.3186967372894287,2.002716541290283,2.012866735458374,2.378323793411255,2.3679423332214355,2.1427199840545654,2.3767151832580566,2.6756060123443604,2.566420078277588
A2,0.40042567253112793,0.0,0.36793237924575806,0.5939789414405823,0.8470700979232788,1.0755060911178589,0.952635645866394,0.9469672441482544,1.2906906604766846,1.4137965440750122,1.3488225936889648,1.540928602218628,1.8150415420532227,1.8678288459777832,1.86066734790802,1.902484655380249,1.8493283987045288,1.5988600254058838,1.3781676292419434,1.5399991273880005,1.26728093624115,1.3397854566574097,1.700510859489441,1.694838047027588,1.5443105697631836,1.8003214597702026,2.069964647293091,2.012018918991089,2.0068359375,2.2948226928710938,3.2669031620025635,3.009380340576172,2.7608184814453125,2.4138681888580322,2.2404258251190186,2.0351877212524414,2.354210138320923,2.5031421184539795,2.234262466430664,2.2608330249786377,2.6371896266937256,2.637000560760498,2.440681219100952,2.6579642295837402,2.971238613128662,3.5247514247894287,3.1508071422576904,2.9993937015533447,2.6958117485046387,2.3624696731567383,2.3708250522613525,2.7154293060302734,2.6271753311157227,2.3483707904815674,2.5807862281799316,2.87070369720459,2.680217981338501,2.5889008045196533,2.944026231765747,3.0982258319854736,2.4180331230163574,2.0451297760009766,2.0743632316589355,1.9670188426971436,1.6634643077850342,1.94963538646698,2.1349475383758545,1.8494045734405518,1.810876488685608,2.1838788986206055,2.2343368530273438,2.0154197216033936,2.2103874683380127,2.533677339553833,2.4779114723205566
A3,0.5760701298713684,0.36793237924575806,0.0,0.3796747028827667,0.6347351670265198,0.7685734629631042,0.5899932384490967,0.6397931575775146,0.9805868268013,1.0595661401748657,1.017425298690796,1.2433620691299438,1.486882209777832,1.5299859046936035,1.5618131160736084,2.0027403831481934,1.9039685726165771,1.6104925870895386,1.372609257698059,1.4474512338638306,1.1227339506149292,1.2322328090667725,1.5707000494003296,1.4904183149337769,1.3264280557632446,1.6282075643539429,1.8595247268676758,1.7530269622802734,1.7735624313354492,2.0878522396087646,3.1643190383911133,2.888956069946289,2.630594491958618,2.2971458435058594,2.077910900115967,1.8785285949707031,2.196826219558716,2.3024954795837402,2.0034234523773193,2.050938844680786,2.4213926792144775,2.3794820308685303,2.175684928894043,2.420306444168091,2.719207525253296,3.2773778438568115,2.9040465354919434,2.7429378032684326,2.463623523712158,2.111661911010742,2.1248092651367188,2.450087547302246,2.3328914642333984,2.0470924377441406,2.290553092956543,2.560772180557251,2.3485240936279297,2.2662620544433594,2.628336191177368,2.7631237506866455,2.169358968734741,1.8024849891662598,1.7926914691925049,1.7077432870864868,1.3891130685806274,1.6597539186477661,1.8174188137054443,1.5126328468322754,1.4715572595596313,1.841391682624817,1.875775694847107,1.6501256227493286,1.854862093925476,2.1717870235443115,2.110461473464966
A4,0.8760690093040466,0.5939789414405823,0.3796747028827667,0.0,0.3789697289466858,0.5229586958885193,0.5497286319732666,0.6710783243179321,0.9004098773002625,1.0215330123901367,1.1129093170166016,1.3053141832351685,1.489606261253357,1.5937886238098145,1.6918656826019287,1.9755302667617798,1.8089873790740967,1.5386757850646973,1.2349892854690552,1.2479671239852905,0.9606744050979614,1.181645154953003,1.4750194549560547,1.3670393228530884,1.2968295812606812,1.6306604146957397,1.8084936141967773,1.7232426404953003,1.8212765455245972,2.118973970413208,2.8792953491210938,2.583409547805786,2.3498380184173584,2.0048158168792725,1.7726777791976929,1.61872136592865,1.9635757207870483,2.0488502979278564,1.7716028690338135,1.8716617822647095,2.2361347675323486,2.1915674209594727,2.037989616394043,2.306020975112915,2.5806643962860107,2.9402108192443848,2.564091682434082,2.4173197746276855,2.124880313873291,1.7828725576400757,1.8204033374786377,2.160221576690674,2.054929494857788,1.7986176013946533,2.061182737350464,2.335123062133789,2.1554198265075684,2.1083593368530273,2.466362237930298,2.6040115356445312,1.938003420829773,1.5549930334091187,1.5326710939407349,1.3935976028442383,1.0740808248519897,1.3578890562057495,1.5571343898773193,1.2998279333114624,1.2660555839538574,1.6400701999664307,1.7219699621200562,1.55409836769104,1.7489210367202759,2.0602121353149414,2.0501811504364014
A5,1.1818153858184814,0.8470700979232788,0.6347351670265198,0.3789697289466858,0.0,0.3802069425582886,0.567363440990448,0.5370123386383057,0.6511628031730652,0.8874983191490173,1.0290695428848267,1.1188907623291016,1.2913947105407715,1.476941466331482,1.575500249862671,1.748751163482666,1.5417653322219849,1.2558335065841675,0.9481972455978394,0.8971129059791565,0.5971021056175232,0.8657062649726868,1.1203609704971313,1.002052903175354,0.9833272695541382,1.31952702999115,1.4700162410736084,1.419396162033081,1.5554766654968262,1.8250821828842163,2.5444071292877197,2.2602155208587646,2.0049784183502197,1.67320716381073,1.4432748556137085,1.257367491722107,1.5924065113067627,1.6882002353668213,1.4122509956359863,1.4974647760391235,1.8642677068710327,1.8397012948989868,1.693475604057312,1.9504363536834717,2.2271206378936768,2.732222080230713,2.3742353916168213,2.1876707077026367,1.885778784751892,1.5523852109909058,1.5283231735229492,1.872287392616272,1.8069936037063599,1.52756667137146,1.7535005807876587,2.0566818714141846,1.9080396890640259,1.8291645050048828,2.1731505393981934,2.346453905105591,2.0460214614868164,1.6672897338867188,1.5659260749816895,1.369223713874817,1.005019187927246,1.199675440788269,1.4546287059783936,1.2377351522445679,1.102186918258667,1.4641528129577637,1.6175607442855835,1.4400835037231445,1.5626885890960693,1.8995640277862549,1.9465316534042358
A6,1.3301304578781128,1.0755060911178589,0.7685734629631042,0.5229586958885193,0.3802069425582886,0.0,0.3787536025047302,0.5394104719161987,0.5282903909683228,0.6309583187103271,0.8755838871002197,1.0211501121520996,1.100637435913086,1.2576265335083008,1.434494972229004,2.084685802459717,1.859132170677185,1.5608108043670654,1.265418291091919,1.1239479780197144,0.8189752697944641,1.098290205001831,1.2911956310272217,1.064437747001648,1.0404819250106812,1.4172110557556152,1.4973360300064087,1.3661354780197144,1.5421959161758423,1.8409316539764404,2.627232074737549,2.315500497817993,2.0697672367095947,1.762149691581726,1.467024564743042,1.3304386138916016,1.657086968421936,1.6693896055221558,1.3571587800979614,1.4999881982803345,1.8418705463409424,1.7406202554702759,1.5986546277999878,1.9052249193191528,2.1464457511901855,2.5315918922424316,2.166642427444458,1.9873098134994507,1.7278993129730225,1.3639756441116333,1.3854140043258667,1.6957134008407593,1.565222978591919,1.2925750017166138,1.5640027523040771,1.821650505065918,1.6326336860656738,1.5972933769226074,1.9576741456985474,2.0845367908477783,1.7473475933074951,1.3865374326705933,1.2454094886779785,1.093122959136963,0.7205963730812073,0.9138639569282532,1.1134190559387207,0.8651530742645264,0.756386399269104,1.1288386583328247,1.2498257160186768,1.092460036277771,1.25502610206604,1.5680232048034668,1.6042221784591675
A7,1.1225318908691406,0.952635645866394,0.5899932384490967,0.5497286319732666,0.567363440990448,0.3787536025047302,0.0,0.3755744993686676,0.5426638722419739,0.5054783225059509,0.61213618516922,0.8671543598175049,1.000338077545166,1.0592854022979736,1.200094223022461,2.1928699016571045,2.02370548248291,1.6956617832183838,1.449127435684204,1.3689401149749756,1.012265682220459,1.1862989664077759,1.4314188957214355,1.2169090509414673,1.070615291595459,1.4354559183120728,1.5642565488815308,1.3796777725219727,1.4760310649871826,1.8136584758758545,2.96002197265625,2.662649154663086,2.3972060680389404,2.1005749702453613,1.8139039278030396,1.6393736600875854,1.9396685361862183,1.9624197483062744,1.6237709522247314,1.7155370712280273,2.0596296787261963,1.944417953491211,1.7428991794586182,2.0353407859802246,2.296400785446167,2.8460512161254883,2.482773780822754,2.301132917404175,2.068795919418335,1.6961853504180908,1.710371732711792,1.9919706583023071,1.830486536026001,1.5358985662460327,1.7938283681869507,2.0278499126434326,1.785988688468933,1.7235780954360962,2.0934295654296875,2.1978890895843506,1.8533564805984497,1.5105901956558228,1.4001210927963257,1.3401739597320557,0.9987473487854004,1.199623942375183,1.3110294342041016,0.9851644039154053,0.9110686779022217,1.270626187324524,1.2969058752059937,1.0633608102798462,1.272813320159912,1.5832664966583252,1.5374995470046997
A8,1.175606608390808,0.9469672441482544,0.6397931575775146,0.6710783243179321,0.5370123386383057,0.5394104719161987,0.3755744993686676,0.0,0.3761402368545532,0.5372145771980286,0.5227913856506348,0.6413246989250183,0.881091296672821,1.0111042261123657,1.0581743717193604,1.8901393413543701,1.7457157373428345,1.396918773651123,1.2069737911224365,1.157004714012146,0.7775192260742188,0.8590242862701416,1.125352144241333,0.9549563527107239,0.7483847141265869,1.0905888080596924,1.2693270444869995,1.122475028038025,1.176546335220337,1.5014115571975708,2.828212022781372,2.567049980163574,2.268827199935913,1.9875531196594238,1.7403866052627563,1.4977048635482788,1.7635726928710938,1.837841510772705,1.5004310607910156,1.514501690864563,1.8719192743301392,1.8049471378326416,1.5668232440948486,1.8125345706939697,2.1099464893341064,2.961148738861084,2.617401361465454,2.3952510356903076,2.146801710128784,1.790542721748352,1.7252007722854614,2.0106565952301025,1.9023606777191162,1.5682735443115234,1.760998249053955,2.0364198684692383,1.8189038038253784,1.6823440790176392,2.0358922481536865,2.192654609680176,2.202686309814453,1.856671690940857,1.7180886268615723,1.6125726699829102,1.2422083616256714,1.3770272731781006,1.5386024713516235,1.2448594570159912,1.0645735263824463,1.403555989265442,1.4863622188568115,1.2040941715240479,1.3213480710983276,1.6732966899871826,1.6591371297836304
A9,1.537866234779358,1.2906906604766846,0.9805868268013,0.9004098773002625,0.6511628031730652,0.5282903909683228,0.5426638722419739,0.3761402368545532,0.0,0.3732231855392456,0.5535876154899597,0.5325509905815125,0.6450331807136536,0.8836889266967773,1.0070691108703613,1.9557232856750488,1.7583733797073364,1.4134681224822998,1.2254263162612915,1.0608329772949219,0.7127360701560974,0.8474246859550476,0.9932135939598083,0.7175564169883728,0.5833206176757812,0.9634214043617249,1.034376621246338,0.8592537641525269,1.0171915292739868,1.3268414735794067,2.586625099182129,2.320387125015259,2.0177271366119385,1.769207239151001,1.4927423000335693,1.2619580030441284,1.5027005672454834,1.527864933013916,1.1712311506271362,1.2090566158294678,1.5489296913146973,1.4474843740463257,1.2190831899642944,1.4959568977355957,1.7698456048965454,2.658582925796509,2.332853317260742,2.0855746269226074,1.8588811159133911,1.5080522298812866,1.4099403619766235,1.6686819791793823,1.5637034177780151,1.2147613763809204,1.3905118703842163,1.6663367748260498,1.4580734968185425,1.3126381635665894,1.6648141145706177,1.8312151432037354,2.1354668140411377,1.8103340864181519,1.603777527809143,1.476050615310669,1.1039316654205322,1.1388728618621826,1.3081936836242676,1.060623288154602,0.7927355766296387,1.0978342294692993,1.2384893894195557,0.9674115777015686,1.01332426071167,1.3796300888061523,1.4289685487747192
A10,1.579429030418396,1.4137965440750122,1.0595661401748657,1.0215330123901367,0.8874983191490173,0.6309583187103271,0.5054783225059509,0.5372145771980286,0.3732231855392456,0.0,0.3787471055984497,0.5353202223777771,0.5227198004722595,0.6284111142158508,0.8488583564758301,2.315735101699829,2.129451036453247,1.7815098762512207,1.5913828611373901,1.424881935119629,1.0807222127914429,1.2085422277450562,1.348978877067566,1.0480027198791504,0.8846979141235352,1.2397135496139526,1.275870680809021,1.0102788209915161,1.1445554494857788,1.4871413707733154,2.8711748123168945,2.5871288776397705,2.299084186553955,2.0633761882781982,1.7529265880584717,1.5667177438735962,1.7994593381881714,1.766248345375061,1.3954386711120605,1.4695048332214355,1.7722662687301636,1.6007554531097412,1.36598539352417,1.6712229251861572,1.9083178043365479,2.6888856887817383,2.3584396839141846,2.131274461746216,1.9541046619415283,1.5861598253250122,1.5436848402023315,1.755826473236084,1.575843334197998,1.2454723119735718,1.4594906568527222,1.6636297702789307,1.387182593345642,1.2857728004455566,1.6530619859695435,1.7484878301620483,1.9585094451904297,1.6677206754684448,1.4563486576080322,1.4171782732009888,1.0847179889678955,1.1270073652267456,1.1846790313720703,0.876896321773529,0.672658383846283,0.9564148783683777,0.9875978231430054,0.6735242009162903,0.8111891746520996,1.1469755172729492,1.1236340999603271
A11,1.4624139070510864,1.3488225936889648,1.017425298690796,1.1129093170166016,1.0290695428848267,0.8755838871002197,0.61213618516922,0.5227913856506348,0.5535876154899597,0.3787471055984497,0.0,0.37754732370376587,0.5463959574699402,0.5208700299263,0.5885384678840637,2.2899270057678223,2.163733720779419,1.7987579107284546,1.6641734838485718,1.5690267086029053,1.2004092931747437,1.2197550535202026,1.4096848964691162,1.170819878578186,0.8943076133728027,1.192352294921875,1.306817650794983,1.03248131275177,1.0354933738708496,1.4027339220046997,3.1196649074554443,2.8611905574798584,2.551520586013794,2.317776918411255,2.0385665893554688,1.804540753364563,2.015561580657959,2.027194023132324,1.656855583190918,1.657863974571228,1.9666152000427246,1.8258819580078125,1.5390548706054688,1.7910528182983398,2.0616354942321777,3.0607810020446777,2.734734535217285,2.4999337196350098,2.3190572261810303,1.9549893140792847,1.8879762887954712,2.0985751152038574,1.9332005977630615,1.5896985530853271,1.7631893157958984,1.9706321954727173,1.6852545738220215,1.5340744256973267,1.883101463317871,1.9863009452819824,2.2453129291534424,1.9551537036895752,1.7798341512680054,1.7649281024932861,1.4315632581710815,1.5029762983322144,1.5513943433761597,1.2241567373275757,1.0476832389831543,1.3066627979278564,1.2918974161148071,0.9373685717582703,1.0581871271133423,1.3790830373764038,1.2897783517837524
A12,1.7120301723480225,1.540928602218628,1.2433620691299438,1.3053141832351685,1.1188907623291016,1.0211501121520996,0.8671543598175049,0.6413246989250183,0.5325509905815125,0.5353202223777771,0.37754732370376587,0.0,0.36590608954429626,0.5392003655433655,0.5124657154083252,2.1134331226348877,1.9861128330230713,1.619144082069397,1.5433951616287231,1.4247809648513794,1.0886672735214233,1.037530779838562,1.157767415046692,0.9212795495986938,0.6126778721809387,0.8614370226860046,0.9535369277000427,0.6726800799369812,0.6621273756027222,1.027427315711975,2.910137414932251,2.6838228702545166,2.351963520050049,2.1550886631011963,1.902725100517273,1.6315083503723145,1.7860212326049805,1.813671350479126,1.449924349784851,1.385270357131958,1.679029107093811,1.5639355182647705,1.2447761297225952,1.4561110734939575,1.7457927465438843,3.0203065872192383,2.7218148708343506,2.4490973949432373,2.269190549850464,1.9302160739898682,1.7920467853546143,1.9833601713180542,1.867175579071045,1.4993458986282349,1.5980379581451416,1.8317278623580933,1.580223560333252,1.3569447994232178,1.6774579286575317,1.8327151536941528,2.4929590225219727,2.201688289642334,1.9857985973358154,1.922680139541626,1.5730727910995483,1.5708234310150146,1.6610846519470215,1.3886687755584717,1.1210747957229614,1.3334102630615234,1.3950214385986328,1.0380467176437378,1.0246981382369995,1.3733336925506592,1.3566653728485107
A13,1.9812597036361694,1.8150415420532227,1.486882209777832,1.489606261253357,1.2913947105407715,1.100637435913086,1.000338077545166,0.881091296672821,0.6450331807136536,0.5227198004722595,0.5463959574699402,0.36590608954429626,0.0,0.37502655386924744,0.5509446263313293,2.377594232559204,2.2105953693389893,1.8556301593780518,1.7582519054412842,1.5682871341705322,1.2641738653182983,1.2783894538879395,1.31951904296875,1.00924551486969,0.8021445870399475,1.0467764139175415,1.0036499500274658,0.6535605192184448,0.7637390494346619,1.0935733318328857,2.8776838779449463,2.637481212615967,2.319016456604004,2.1542110443115234,1.8677974939346313,1.6425472497940063,1.7738603353500366,1.7267318964004517,1.354562759399414,1.337867021560669,1.5812757015228271,1.3913451433181763,1.0860528945922852,1.3440344333648682,1.5769046545028687,2.7949256896972656,2.513589859008789,2.236633539199829,2.105011463165283,1.77357816696167,1.6426520347595215,1.777438759803772,1.6269252300262451,1.2700804471969604,1.362735390663147,1.5447732210159302,1.2630987167358398,1.0502680540084839,1.3743174076080322,1.4931620359420776,2.3631014823913574,2.1099042892456055,1.851487636566162,1.8130868673324585,1.4984452724456787,1.4271420240402222,1.463050127029419,1.2233716249465942,0.9390867352485657,1.0665688514709473,1.1164278984069824,0.7625198364257812,0.6832420825958252,1.0214152336120605,1.0301331281661987
A14,1.9595752954483032,1.8678288459777832,1.5299859046936035,1.5937886238098145,1.476941466331482,1.2576265335083008,1.0592854022979736,1.0111042261123657,0.8836889266967773,0.6284111142158508,0.5208700299263,0.5392003655433655,0.37502655386924744,0.0,0.3685389757156372,2.6517045497894287,2.512624740600586,2.148684024810791,2.047069787979126,1.8902928829193115,1.5578311681747437,1.5634180307388306,1.6542543172836304,1.3639416694641113,1.116288185119629,1.3469882011413574,1.3456531763076782,0.9898378252983093,1.002554178237915,1.3432217836380005,3.245652914047241,2.995828151702881,2.684417486190796,2.5092272758483887,2.210871934890747,1.9984463453292847,2.1453497409820557,2.089867115020752,1.7158582210540771,1.7124621868133545,1.947081446647644,1.7375836372375488,1.4358036518096924,1.6835805177688599,1.897715449333191,3.026463508605957,2.736995220184326,2.4846243858337402,2.375871181488037,2.0312340259552,1.9467103481292725,2.0683252811431885,1.8712694644927979,1.540081262588501,1.6638400554656982,1.7925670146942139,1.466923475265503,1.3007783889770508,1.6142168045043945,1.6639108657836914,2.353992462158203,2.127479314804077,1.8966888189315796,1.930017113685608,1.6436342000961304,1.615731120109558,1.5788339376449585,1.2922906875610352,1.098461627960205,1.2140159606933594,1.1410191059112549,0.7643886804580688,0.7943036556243896,1.0494829416275024,0.924335777759552
A15,1.9389787912368774,1.86066734790802,1.5618131160736084,1.6918656826019287,1.575500249862671,1.434494972229004,1.200094223022461,1.0581743717193604,1.0070691108703613,0.8488583564758301,0.5885384678840637,0.5124657154083252,0.5509446263313293,0.3685389757156372,0.0,2.5401432514190674,2.45123291015625,2.0826826095581055,2.038128137588501,1.9339776039123535,1.5991262197494507,1.5167089700698853,1.627101182937622,1.4010438919067383,1.086061954498291,1.2377091646194458,1.3023712635040283,0.9749258160591125,0.8485130071640015,1.187134861946106,3.361855983734131,3.1419177055358887,2.8090033531188965,2.6372106075286865,2.3744850158691406,2.1154839992523193,2.2399208545684814,2.2356820106506348,1.8702960014343262,1.7965781688690186,2.0385329723358154,1.8802423477172852,1.5412077903747559,1.722508192062378,1.974795937538147,3.33365535736084,3.048165798187256,2.780332088470459,2.6500537395477295,2.310262680053711,2.1898953914642334,2.3271913528442383,2.167381525039673,1.8170886039733887,1.900832176208496,2.0608274936676025,1.760106086730957,1.5407088994979858,1.8272063732147217,1.916286826133728,2.680866003036499,2.4349288940429688,2.223740816116333,2.237543821334839,1.9250799417495728,1.9167598485946655,1.9181760549545288,1.6247389316558838,1.4129629135131836,1.5534924268722534,1.5068877935409546,1.1290305852890015,1.1270556449890137,1.3883659839630127,1.2677247524261475
B1,2.2464184761047363,1.902484655380249,2.0027403831481934,1.9755302667617798,1.748751163482666,2.084685802459717,2.1928699016571045,1.8901393413543701,1.9557232856750488,2.315735101699829,2.2899270057678223,2.1134331226348877,2.377594232559204,2.6517045497894287,2.5401432514190674,0.0,0.3881688714027405,0.5694560408592224,0.8676414489746094,1.1706287860870361,1.329223394393921,1.1196738481521606,1.1643387079238892,1.5278637409210205,1.583449125289917,1.4602090120315552,1.7024328708648682,1.9805606603622437,1.9641367197036743,1.9401248693466187,2.318251132965088,2.29278564453125,2.0168933868408203,1.8189616203308105,1.9502806663513184,1.6419004201889038,1.7028651237487793,2.0618646144866943,2.01528000831604,1.811508297920227,2.072444438934326,2.3387229442596436,2.2162997722625732,2.1731529235839844,2.491960287094116,3.7075724601745605,3.4545435905456543,3.199740171432495,2.8612470626831055,2.6888976097106934,2.462418794631958,2.7664599418640137,2.9190688133239746,2.6379849910736084,2.6283090114593506,3.009751319885254,3.011857748031616,2.779576063156128,2.981417655944824,3.3023526668548584,3.7371766567230225,3.358146905899048,3.2355566024780273,2.9549925327301025,2.6108007431030273,2.6639208793640137,2.998326539993286,2.8683884143829346,2.6020705699920654,2.8696372509002686,3.1262004375457764,2.9002013206481934,2.8425185680389404,3.210099935531616,3.3343076705932617
B2,2.225146532058716,1.8493283987045288,1.9039685726165771,1.8089873790740967,1.5417653322219849,1.859132170677185,2.02370548248291,1.7457157373428345,1.7583733797073364,2.129451036453247,2.163733720779419,1.9861128330230713,2.2105953693389893,2.512624740600586,2.45123291015625,0.3881688714027405,0.0,0.37081941962242126,0.5980210304260254,0.844461977481842,1.07918119430542,0.9525912404060364,0.9390159249305725,1.2839511632919312,1.418424367904663,1.3453152179718018,1.5297913551330566,1.8124003410339355,1.8675744533538818,1.8562953472137451,1.9727381467819214,1.9206132888793945,1.646834373474121,1.4337165355682373,1.5700733661651611,1.2766387462615967,1.3517563343048096,1.710291862487793,1.685598611831665,1.515630841255188,1.7787128686904907,2.0440258979797363,1.9613518714904785,1.9467958211898804,2.2463715076446533,3.3278164863586426,3.0797016620635986,2.8284454345703125,2.4869370460510254,2.3308441638946533,2.103504180908203,2.410201072692871,2.5772416591644287,2.316249370574951,2.308436632156372,2.691368579864502,2.7166545391082764,2.5070366859436035,2.705122947692871,3.025153875350952,3.4600636959075928,3.088207244873047,2.9505066871643066,2.6505327224731445,2.3189938068389893,2.3488945960998535,2.6969614028930664,2.600916862487793,2.332188844680786,2.5856213569641113,2.8660054206848145,2.672025442123413,2.605304479598999,2.964109182357788,3.1161787509918213
B3,1.969671368598938,1.5988600254058838,1.6104925870895386,1.5386757850646973,1.2558335065841675,1.5608108043670654,1.6956617832183838,1.396918773651123,1.4134681224822998,1.7815098762512207,1.7987579107284546,1.619144082069397,1.8556301593780518,2.148684024810791,2.0826826095581055,0.5694560408592224,0.37081941962242126,0.0,0.3812597393989563,0.6345625519752502,0.7718899846076965,0.5878557562828064,0.6348710656166077,0.9762194156646729,1.064133882522583,1.015520691871643,1.236518383026123,1.4869158267974854,1.530784249305725,1.5603642463684082,2.0821492671966553,1.981837272644043,1.672270655632019,1.438664197921753,1.4869238138198853,1.150759220123291,1.2652308940887451,1.5935866832733154,1.4923638105392456,1.3167328834533691,1.6239477396011353,1.8445488214492798,1.7132534980773926,1.730847954750061,2.0554733276367188,3.221973180770874,2.9548983573913574,2.69201397895813,2.3627045154571533,2.161787509918213,1.9375303983688354,2.2464215755462646,2.3731837272644043,2.0809364318847656,2.091110944747925,2.471092700958252,2.4560353755950928,2.2359964847564697,2.459602117538452,2.7670059204101562,3.225696325302124,2.8544492721557617,2.705674171447754,2.4315314292907715,2.078916072845459,2.1127758026123047,2.4402830600738525,2.3133842945098877,2.0368528366088867,2.3002405166625977,2.560298442840576,2.343088388442993,2.2840912342071533,2.6499931812286377,2.7823984622955322
B4,1.770330548286438,1.3781676292419434,1.372609257698059,1.2349892854690552,0.9481972455978394,1.265418291091919,1.449127435684204,1.2069737911224365,1.2254263162612915,1.5913828611373901,1.6641734838485718,1.5433951616287231,1.7582519054412842,2.047069787979126,2.038128137588501,0.8676414489746094,0.5980210304260254,0.3812597393989563,0.0,0.3847360610961914,0.527346134185791,0.5503666996955872,0.6728737950325012,0.9005513191223145,1.0289734601974487,1.1158721446990967,1.3027794361114502,1.492630124092102,1.5967645645141602,1.6934454441070557,2.0268332958221436,1.8609172105789185,1.5750775337219238,1.2777485847473145,1.2706187963485718,0.9731703400611877,1.1930147409439087,1.480547308921814,1.3572020530700684,1.2762095928192139,1.6147092580795288,1.7858483791351318,1.6814894676208496,1.777226209640503,2.0834710597991943,2.9697041511535645,2.679067850112915,2.4416489601135254,2.097472906112671,1.8804291486740112,1.7024990320205688,2.0424387454986572,2.1457772254943848,1.8711602687835693,1.9377210140228271,2.3135085105895996,2.289644956588745,2.117431402206421,2.3711910247802734,2.6533992290496826,2.8788890838623047,2.504565715789795,2.3715786933898926,2.0877432823181152,1.7445932626724243,1.8077677488327026,2.146043539047241,2.027477502822876,1.7828068733215332,2.0672531127929688,2.3264760971069336,2.14040470123291,2.1194229125976562,2.4795210361480713,2.611009359359741
B5,1.9277592897415161,1.5399991273880005,1.4474512338638306,1.2479671239852905,0.8971129059791565,1.1239479780197144,1.3689401149749756,1.157004714012146,1.0608329772949219,1.424881935119629,1.5690267086029053,1.4247809648513794,1.5682871341705322,1.8902928829193115,1.9339776039123535,1.1706287860870361,0.844461977481842,0.6345625519752502,0.3847360610961914,0.0,0.38039255142211914,0.568777322769165,0.5356850624084473,0.6478913426399231,0.8931047320365906,1.0298044681549072,1.1108818054199219,1.2896767854690552,1.4759581089019775,1.5717179775238037,1.7838841676712036,1.5818225145339966,1.2800896167755127,0.9839105010032654,0.9188729524612427,0.6039242148399353,0.8596007227897644,1.112380862236023,0.9802824854850769,0.9428490400314331,1.2849624156951904,1.4336289167404175,1.365018367767334,1.4954979419708252,1.7744899988174438,2.610687255859375,2.3293113708496094,2.075852870941162,1.7418179512023926,1.530325174331665,1.327354073524475,1.6603580713272095,1.7751213312149048,1.5078409910202026,1.5634950399398804,1.9404184818267822,1.938181757926941,1.7791614532470703,2.023150682449341,2.305752992630005,2.6753897666931152,2.318645715713501,2.1425745487213135,1.8455605506896973,1.50931978225708,1.5089410543441772,1.8551838397979736,1.7786153554916382,1.5078024864196777,1.757240891456604,2.0484657287597656,1.893344759941101,1.839890718460083,2.186366081237793,2.355013608932495
B6,1.6340049505233765,1.26728093624115,1.1227339506149292,0.9606744050979614,0.5971021056175232,0.8189752697944641,1.012265682220459,0.7775192260742188,0.7127360701560974,1.0807222127914429,1.2004092931747437,1.0886672735214233,1.2641738653182983,1.5578311681747437,1.5991262197494507,1.329223394393921,1.07918119430542,0.7718899846076965,0.527346134185791,0.38039255142211914,0.0,0.38456326723098755,0.5413172841072083,0.5228239893913269,0.6358780860900879,0.8789032697677612,1.0147773027420044,1.0986413955688477,1.2575682401657104,1.4325731992721558,2.1168019771575928,1.8898978233337402,1.5832664966583252,1.2919102907180786,1.1349149942398071,0.8331236243247986,1.104490876197815,1.284446120262146,1.045209527015686,1.021034598350525,1.3957809209823608,1.4646626710891724,1.3206195831298828,1.5012023448944092,1.8032745122909546,2.6893372535705566,2.380685567855835,2.1298775672912598,1.8182001113891602,1.541095495223999,1.3766072988510132,1.7067819833755493,1.7445306777954102,1.435682773590088,1.5413519144058228,1.9003026485443115,1.8243684768676758,1.661126732826233,1.9517427682876587,2.203580379486084,2.488567352294922,2.1269748210906982,1.9553754329681396,1.705546498298645,1.337498664855957,1.3781946897506714,1.6854883432388306,1.5418975353240967,1.2764354944229126,1.5659151077270508,1.8104594945907593,1.6137288808822632,1.5993869304656982,1.9612579345703125,2.084402561187744
B7,1.6853982210159302,1.3397854566574097,1.2322328090667725,1.181645154953003,0.8657062649726868,1.098290205001831,1.1862989664077759,0.8590242862701416,0.8474246859550476,1.2085422277450562,1.2197550535202026,1.037530779838562,1.2783894538879395,1.5634180307388306,1.5167089700698853,1.1196738481521606,0.9525912404060364,0.5878557562828064,0.5503666996955872,0.568777322769165,0.38456326723098755,0.0,0.37563517689704895,0.540424108505249,0.511841356754303,0.6132866144180298,0.8632321357727051,1.0024549961090088,1.0610136985778809,1.1995627880096436,2.259791135787964,2.0878853797912598,1.7526769638061523,1.5072611570358276,1.4071624279022217,1.0549356937408447,1.2288399934768677,1.4568575620651245,1.2261817455291748,1.0822205543518066,1.4429651498794556,1.5548704862594604,1.3511711359024048,1.4533500671386719,1.7951786518096924,3.0044491291046143,2.7133302688598633,2.4401729106903076,2.1438748836517334,1.8767460584640503,1.6718250513076782,1.9700218439102173,2.0203919410705566,1.6862592697143555,1.7358253002166748,2.0962696075439453,2.0114448070526123,1.787980318069458,2.0570526123046875,2.330986499786377,2.821342706680298,2.4614579677581787,2.287886381149292,2.0625619888305664,1.6867223978042603,1.716214656829834,1.997829556465149,1.826038122177124,1.5377715826034546,1.8105132579803467,2.0349247455596924,1.7863926887512207,1.74172842502594,2.11466383934021,2.218271255493164
B8,2.0503029823303223,1.700510859489441,1.5707000494003296,1.4750194549560547,1.1203609704971313,1.2911956310272217,1.4314188957214355,1.125352144241333,0.9932135939598083,1.348978877067566,1.4096848964691162,1.157767415046692,1.31951904296875,1.6542543172836304,1.627101182937622,1.1643387079238892,0.9390159249305725,0.6348710656166077,0.6728737950325012,0.5356850624084473,0.5413172841072083,0.37563517689704895,0.0,0.3775818347930908,0.5461530685424805,0.5249132513999939,0.6376238465309143,0.8849095106124878,1.0136746168136597,1.0574951171875,1.9718685150146484,1.8286263942718506,1.47313392162323,1.2858425378799438,1.2173142433166504,0.8401360511779785,0.9203858971595764,1.1680572032928467,0.9782389402389526,0.7633592486381531,1.1020766496658325,1.2653738260269165,1.0907684564590454,1.1428197622299194,1.4781062602996826,2.838265895843506,2.5827548503875732,2.2827274799346924,2.0017967224121094,1.777543544769287,1.5119078159332275,1.774666666984558,1.877183437347412,1.5532780885696411,1.5296459197998047,1.9003154039382935,1.8686858415603638,1.6203352212905884,1.840659499168396,2.1485462188720703,2.9370334148406982,2.594782829284668,2.3806025981903076,2.1330649852752686,1.773235559463501,1.7232933044433594,2.015796661376953,1.900341272354126,1.57121741771698,1.7829241752624512,2.0533089637756348,1.8304680585861206,1.7140703201293945,2.072636842727661,2.230370283126831
B9,2.0231616497039795,1.694838047027588,1.4904183149337769,1.3670393228530884,1.002052903175354,1.064437747001648,1.2169090509414673,0.9549563527107239,0.7175564169883728,1.0480027198791504,1.170819878578186,0.9212795495986938,1.00924551486969,1.3639416694641113,1.4010438919067383,1.5278637409210205,1.2839511632919312,0.9762194156646729,0.9005513191223145,0.6478913426399231,0.5228239893913269,0.540424108505249,0.3775818347930908,0.0,0.37619441747665405,0.5552237629890442,0.5281808972358704,0.6456084847450256,0.8823899030685425,1.0039277076721191,2.018890142440796,1.8230551481246948,1.4745745658874512,1.287893533706665,1.1138538122177124,0.7746951580047607,0.8983879685401917,1.0281085968017578,0.74078369140625,0.6036132574081421,0.9713246822357178,1.0259402990341187,0.8267499804496765,0.9881354570388794,1.304336667060852,2.5845766067504883,2.319634199142456,2.0151102542877197,1.7617343664169312,1.505690574645996,1.2512824535369873,1.4989863634109497,1.5552546977996826,1.2113499641418457,1.2135767936706543,1.5729444026947021,1.508872389793396,1.271237850189209,1.524099349975586,1.8098564147949219,2.643867254257202,2.3200480937957764,2.0783891677856445,1.853016972541809,1.4968218803405762,1.411843180656433,1.6774030923843384,1.564723014831543,1.2187328338623047,1.4126994609832764,1.6836836338043213,1.468545913696289,1.3417736291885376,1.698333978652954,1.8656506538391113
B10,1.8300634622573853,1.5443105697631836,1.3264280557632446,1.2968295812606812,0.9833272695541382,1.0404819250106812,1.070615291595459,0.7483847141265869,0.5833206176757812,0.8846979141235352,0.8943076133728027,0.6126778721809387,0.8021445870399475,1.116288185119629,1.086061954498291,1.583449125289917,1.418424367904663,1.064133882522583,1.0289734601974487,0.8931047320365906,0.6358780860900879,0.511841356754303,0.5461530685424805,0.37619441747665405,0.0,0.38313862681388855,0.5336086750030518,0.5201761722564697,0.6235713362693787,0.8446152806282043,2.389178991317749,2.1988797187805176,1.849521517753601,1.656650424003601,1.4742754697799683,1.142414927482605,1.269642949104309,1.3889554738998413,1.075805425643921,0.9284040927886963,1.2672556638717651,1.2787630558013916,0.9972425103187561,1.1448615789413452,1.4842077493667603,2.8711462020874023,2.5910606384277344,2.294388771057129,2.058159828186035,1.7663475275039673,1.5495072603225708,1.7847788333892822,1.782616376876831,1.4155243635177612,1.4466208219528198,1.7710703611373901,1.6351197957992554,1.3773248195648193,1.6563024520874023,1.9105545282363892,2.6907551288604736,2.3646914958953857,2.1411383152008057,1.9685492515563965,1.5960395336151123,1.5607911348342896,1.7750285863876343,1.5880180597305298,1.2597591876983643,1.482253909111023,1.6817409992218018,1.3986563682556152,1.3073335886001587,1.6782435178756714,1.7773771286010742
B11,2.0843687057495117,1.8003214597702026,1.6282075643539429,1.6306604146957397,1.31952702999115,1.4172110557556152,1.4354559183120728,1.0905888080596924,0.9634214043617249,1.2397135496139526,1.192352294921875,0.8614370226860046,1.0467764139175415,1.3469882011413574,1.2377091646194458,1.4602090120315552,1.3453152179718018,1.015520691871643,1.1158721446990967,1.0298044681549072,0.8789032697677612,0.6132866144180298,0.5249132513999939,0.5552237629890442,0.38313862681388855,0.0,0.3781535029411316,0.5520671010017395,0.5235077142715454,0.5870847702026367,2.3876447677612305,2.2567968368530273,1.8896726369857788,1.7485977411270142,1.6343047618865967,1.272568702697754,1.3020696640014648,1.471041202545166,1.2152807712554932,0.9558727741241455,1.2410792112350464,1.3278523683547974,1.0317497253417969,1.04695463180542,1.4124752283096313,3.095243215560913,2.8448688983917236,2.527509927749634,2.298102617263794,2.0423171520233154,1.7784583568572998,1.983637809753418,2.0279929637908936,1.6669604778289795,1.621289610862732,1.947242021560669,1.847525954246521,1.5421613454818726,1.7597782611846924,2.048612117767334,3.068464994430542,2.7447826862335205,2.514416217803955,2.3326022624969482,1.9638594388961792,1.9037609100341797,2.1227312088012695,1.953822135925293,1.6115387678146362,1.7956018447875977,2.004202127456665,1.7155165672302246,1.5747545957565308,1.9298497438430786,2.040686845779419
B12,2.359957456588745,2.069964647293091,1.8595247268676758,1.8084936141967773,1.4700162410736084,1.4973360300064087,1.5642565488815308,1.2693270444869995,1.034376621246338,1.275870680809021,1.306817650794983,0.9535369277000427,1.0036499500274658,1.3456531763076782,1.3023712635040283,1.7024328708648682,1.5297913551330566,1.236518383026123,1.3027794361114502,1.1108818054199219,1.0147773027420044,0.8632321357727051,0.6376238465309143,0.5281808972358704,0.5336086750030518,0.3781535029411316,0.0,0.3711342215538025,0.5431394577026367,0.513983428478241,2.2053658962249756,2.0756494998931885,1.7084386348724365,1.6238702535629272,1.491538643836975,1.159743309020996,1.1199671030044556,1.2236498594284058,0.972903311252594,0.6862249374389648,0.9166708588600159,0.9796792268753052,0.6737179756164551,0.6730963587760925,1.036457896232605,2.8425588607788086,2.6224308013916016,2.286323308944702,2.0926146507263184,1.8653250932693481,1.568273901939392,1.7185450792312622,1.7811858654022217,1.431697964668274,1.3236005306243896,1.6372015476226807,1.5697276592254639,1.242595911026001,1.418573021888733,1.728308916091919,3.026226758956909,2.7283902168273926,2.4593024253845215,2.273458242416382,1.928992509841919,1.7964996099472046,2.0022284984588623,1.8852897882461548,1.5167455673217773,1.6293848752975464,1.8696614503860474,1.616272211074829,1.406010627746582,1.7346305847167969,1.8993723392486572
B13,2.260780096054077,2.012018918991089,1.7530269622802734,1.7232426404953003,1.419396162033081,1.3661354780197144,1.3796777725219727,1.122475028038025,0.8592537641525269,1.0102788209915161,1.03248131275177,0.6726800799369812,0.6535605192184448,0.9898378252983093,0.9749258160591125,1.9805606603622437,1.8124003410339355,1.4869158267974854,1.492630124092102,1.2896767854690552,1.0986413955688477,1.0024549961090088,0.8849095106124878,0.6456084847450256,0.5201761722564697,0.5520671010017395,0.3711342215538025,0.0,0.3747541606426239,0.5500579476356506,2.4556965827941895,2.2845985889434814,1.931472659111023,1.826195478439331,1.624734878540039,1.3305600881576538,1.3494057655334473,1.3736238479614258,1.0557844638824463,0.8735982179641724,1.0974836349487305,1.027531623840332,0.6706488728523254,0.7979302406311035,1.1126209497451782,2.807816505432129,2.571394443511963,2.245065689086914,2.083012819290161,1.816965937614441,1.5639748573303223,1.694469928741455,1.6803321838378906,1.313665509223938,1.2533233165740967,1.5211673974990845,1.374983787536621,1.0494284629821777,1.2760788202285767,1.5342563390731812,2.818387269973755,2.53939151763916,2.263345241546631,2.127351760864258,1.7897377014160156,1.6594310998916626,1.8060203790664673,1.6558350324630737,1.2963200807571411,1.395244836807251,1.585410475730896,1.3027156591415405,1.0946537256240845,1.4244242906570435,1.5561063289642334
