,A1,A2,A3,A4,A5,A6,A7,A8,A9,A10,A11,A12,A13,A14,A15,B1,B2,B3,B4,B5,B6,B7,B8,B9,B10,B11,B12,B13,B14,B15,C1,C2,C3,C4,C5,C6,C7,C8,C9,C10,C11,C12,C13,C14,C15,D1,D2,D3,D4,D5,D6,D7,D8,D9,D10,D11,D12,D13,D14,D15,E1,E2,E3,E4,E5,E6,E7,E8,E9,E10,E11,E12,E13,E14,E15
A1,0.0,0.3689618706703186,0.5372477769851685,0.4952506124973297,0.6948997974395752,0.9189867377281189,0.985655665397644,1.0621612071990967,1.2969424724578857,1.469954252243042,1.5010300874710083,1.6785187721252441,1.9178879261016846,2.022589921951294,2.132167100906372,2.832064628601074,2.5394768714904785,2.304116725921631,2.2859842777252197,2.165522575378418,1.887522578239441,1.76105535030365,1.6691972017288208,1.5575076341629028,1.2457462549209595,1.18283212184906,1.1456594467163086,0.8711955547332764,0.6089723110198975,0.5487301349639893,2.1466190814971924,1.8459068536758423,1.816840410232544,2.18176007270813,2.170898675918579,1.8911317586898804,2.124624729156494,2.4436216354370117,2.319110870361328,2.2008984088897705,2.5556201934814453,2.755396842956543,2.630845308303833,2.7456107139587402,3.0908265113830566,2.7138140201568604,2.360297203063965,2.3035335540771484,2.24676775932312,1.993810772895813,1.787570595741272,1.8619434833526611,1.6917855739593506,1.3883548974990845,1.3113571405410767,1.5071889162063599,1.2292835712432861,0.9089932441711426,1.196579933166504,1.304804801940918,1.2812749147415161,1.1060736179351807,1.0909686088562012,1.4465221166610718,1.5438235998153687,1.4148012399673462,1.6317564249038696,1.9129343032836914,1.931837558746338,1.9388147592544556,2.20443058013916,2.425597667694092,2.4357898235321045,2.5735349655151367,2.864091396331787
A2,0.3689618706703186,0.0,0.35554635524749756,0.43474411964416504,0.49485260248184204,0.62501060962677,0.7886877655982971,0.9024024605751038,1.0611488819122314,1.2084358930587769,1.3116545677185059,1.483970046043396,1.6726073026657104,1.7913732528686523,1.9418303966522217,2.5219430923461914,2.215169906616211,1.9868717193603516,1.9975812435150146,1.871482491493225,1.572351336479187,1.4650208950042725,1.41670823097229,1.2707663774490356,0.9402462244033813,0.9260298013687134,0.9263718724250793,0.6047199368476868,0.30892884731292725,0.49757471680641174,2.047987937927246,1.7335131168365479,1.6417632102966309,1.9922488927841187,1.9900925159454346,1.6717764139175415,1.8678648471832275,2.2006168365478516,2.073601484298706,1.9119079113006592,2.2606096267700195,2.478086233139038,2.3378725051879883,2.424316167831421,2.7789406776428223,2.3768539428710938,2.0350756645202637,1.9794135093688965,1.9126217365264893,1.6472232341766357,1.4630763530731201,1.5479776859283447,1.3663477897644043,1.045161485671997,1.01318359375,1.2277332544326782,0.9358873963356018,0.6553230285644531,1.0366636514663696,1.1732581853866577,1.1006096601486206,0.8749222159385681,0.7765098810195923,1.1423046588897705,1.2576992511749268,1.0874079465866089,1.2794599533081055,1.5830892324447632,1.6123828887939453,1.5969083309173584,1.8508977890014648,2.090799570083618,2.1041104793548584,2.2276437282562256,2.5152370929718018
A3,0.5372477769851685,0.35554635524749756,0.0,0.36874839663505554,0.5556157231330872,0.5367624759674072,0.5996615886688232,0.859731137752533,1.0297693014144897,1.0814014673233032,1.1743820905685425,1.4296114444732666,1.59723961353302,1.6529362201690674,1.8386238813400269,2.440640926361084,2.1114213466644287,1.9247300624847412,1.925248384475708,1.7414305210113525,1.461438536643982,1.4175385236740112,1.2982726097106934,1.101034164428711,0.8387705683708191,0.8918673992156982,0.7434388995170593,0.38712406158447266,0.4390837252140045,0.5487942099571228,1.7679212093353271,1.4295607805252075,1.3766701221466064,1.719639539718628,1.6806354522705078,1.3756353855133057,1.6139469146728516,1.922532558441162,1.7843525409698486,1.6682243347167969,2.0283424854278564,2.2189526557922363,2.1011412143707275,2.2278690338134766,2.5652313232421875,2.252023458480835,1.92014479637146,1.8161847591400146,1.7463784217834473,1.5270382165908813,1.3010743856430054,1.3428210020065308,1.202690601348877,0.9162362813949585,0.7940853238105774,1.0280636548995972,0.8264828324317932,0.48621827363967896,0.8106768727302551,1.0430299043655396,1.058996319770813,0.755366325378418,0.7383722066879272,1.0775072574615479,1.0917863845825195,0.9342133402824402,1.1905837059020996,1.4487799406051636,1.4257053136825562,1.4522120952606201,1.738381266593933,1.9272390604019165,1.9306917190551758,2.09679913520813,2.381626605987549
A4,0.4952506124973297,0.43474411964416504,0.36874839663505554,0.0,0.3416462540626526,0.5398141145706177,0.509328305721283,0.6114006638526917,0.8688175678253174,1.0152308940887451,1.014369010925293,1.2276482582092285,1.4667006731033325,1.5441564321517944,1.6579992771148682,2.4146158695220947,2.1356191635131836,1.9056651592254639,1.8570696115493774,1.7260690927505493,1.4795624017715454,1.354391098022461,1.207186222076416,1.1261603832244873,0.8489168882369995,0.7649502158164978,0.6727522015571594,0.5071669816970825,0.39234402775764465,0.20786233246326447,2.0846641063690186,1.7304707765579224,1.7106437683105469,2.039081573486328,1.9570634365081787,1.6474740505218506,1.9031777381896973,2.185943603515625,1.998189091682434,1.8840575218200684,2.262547492980957,2.41752290725708,2.2566957473754883,2.4043216705322266,2.7449240684509277,2.3333427906036377,1.9593234062194824,1.916917324066162,1.9156005382537842,1.662844181060791,1.417763352394104,1.5454233884811401,1.4651458263397217,1.123249888420105,1.0559149980545044,1.349760890007019,1.1618016958236694,0.8440557718276978,1.1713945865631104,1.4066270589828491,1.4125878810882568,1.117924451828003,1.0508434772491455,1.401415228843689,1.4215763807296753,1.2012652158737183,1.4269288778305054,1.7261364459991455,1.672908902168274,1.6306904554367065,1.9331854581832886,2.148888349533081,2.100341796875,2.232708692550659,2.5494205951690674
A5,0.6948997974395752,0.49485260248184204,0.5556157231330872,0.3416462540626526,0.0,0.3753492832183838,0.4733152985572815,0.41841232776641846,0.6046015620231628,0.8265213370323181,0.870972216129303,1.0028184652328491,1.230352520942688,1.366353154182434,1.4714198112487793,2.1667373180389404,1.9098414182662964,1.647016167640686,1.6055105924606323,1.5226953029632568,1.265757441520691,1.0872712135314941,1.0075567960739136,0.9775708317756653,0.6495556831359863,0.49821436405181885,0.5862418413162231,0.5032020211219788,0.2372380942106247,0.2531024217605591,2.273607015609741,1.9146102666854858,1.8398725986480713,2.148913621902466,2.071868896484375,1.7239331007003784,1.9346773624420166,2.2245795726776123,2.0188722610473633,1.8477001190185547,2.22163724899292,2.3858413696289062,2.1818935871124268,2.2957563400268555,2.6518421173095703,2.1332955360412598,1.7458233833312988,1.756993293762207,1.7835413217544556,1.4870063066482544,1.2712067365646362,1.469103217124939,1.3995063304901123,1.0110583305358887,1.043089747428894,1.3700587749481201,1.1685889959335327,0.9246315360069275,1.32235586643219,1.5502479076385498,1.495477318763733,1.1947051286697388,1.028574824333191,1.3726688623428345,1.4300833940505981,1.1427412033081055,1.30398690700531,1.6508777141571045,1.6067407131195068,1.492607593536377,1.7788270711898804,2.0409817695617676,1.971822738647461,2.056065797805786,2.386159896850586
A6,0.9189867377281189,0.62501060962677,0.5367624759674072,0.5398141145706177,0.3753492832183838,0.0,0.3220660388469696,0.5109034180641174,0.5363190770149231,0.5897708535194397,0.7577463984489441,0.9622063040733337,1.0867165327072144,1.183813452720642,1.3805053234100342,1.9269965887069702,1.6237244606018066,1.4052270650863647,1.400191068649292,1.2522180080413818,0.9693049192428589,0.8832404613494873,0.804778516292572,0.65583735704422,0.32718273997306824,0.3844902217388153,0.371534526348114,0.23925387859344482,0.3712230920791626,0.5791548490524292,2.0379767417907715,1.674277901649475,1.5653806924819946,1.8456344604492188,1.7638455629348755,1.3970485925674438,1.5859848260879517,1.872343897819519,1.6653289794921875,1.476214051246643,1.848041296005249,2.0182204246520996,1.8180596828460693,1.9259024858474731,2.2818944454193115,1.8101544380187988,1.4441941976547241,1.410954475402832,1.415932059288025,1.135738730430603,0.910269021987915,1.093867301940918,1.0432497262954712,0.6549471020698547,0.6994271278381348,1.0538349151611328,0.9161337018013,0.7350159883499146,1.1244423389434814,1.3931258916854858,1.3469691276550293,1.0019750595092773,0.8155088424682617,1.1143975257873535,1.1241254806518555,0.8017994165420532,0.9691106081008911,1.304879069328308,1.237895131111145,1.1264541149139404,1.4245054721832275,1.6709967851638794,1.6042687892913818,1.7081245183944702,2.0311598777770996
A7,0.985655665397644,0.7886877655982971,0.5996615886688232,0.509328305721283,0.4733152985572815,0.3220660388469696,0.0,0.40930360555648804,0.5443882346153259,0.5446120500564575,0.5772649049758911,0.8730263710021973,1.041741967201233,1.0708260536193848,1.2459053993225098,1.9585195779800415,1.6743649244308472,1.4737160205841064,1.4142721891403198,1.2433671951293945,1.025235652923584,0.9503383636474609,0.7408825159072876,0.6440402269363403,0.4609166979789734,0.4499066472053528,0.16727344691753387,0.3239310085773468,0.5773546099662781,0.5729367733001709,2.0173215866088867,1.6339762210845947,1.5939652919769287,1.8601106405258179,1.7200806140899658,1.3799066543579102,1.6261086463928223,1.8664215803146362,1.621023416519165,1.495998740196228,1.8853174448013306,2.000394582748413,1.802470326423645,1.9714317321777344,2.30525279045105,1.8760958909988403,1.497376561164856,1.45395028591156,1.502504587173462,1.264313817024231,0.985470712184906,1.1655939817428589,1.193928837776184,0.8489482402801514,0.81145840883255,1.1804237365722656,1.1162309646606445,0.8881087899208069,1.1998345851898193,1.5158113241195679,1.533179759979248,1.1693620681762695,1.0555919408798218,1.3401188850402832,1.2793277502059937,0.9785867929458618,1.1855987310409546,1.477064847946167,1.349400520324707,1.2541568279266357,1.582689881324768,1.7827553749084473,1.6779979467391968,1.8060593605041504,2.1387999057769775
A8,1.0621612071990967,0.9024024605751038,0.859731137752533,0.6114006638526917,0.41841232776641846,0.5109034180641174,0.40930360555648804,0.0,0.33383238315582275,0.5834828615188599,0.49845436215400696,0.6209353804588318,0.8978453278541565,1.0152225494384766,1.0739781856536865,1.9159626960754395,1.7069387435913086,1.4369100332260132,1.3315378427505493,1.2726739645004272,1.0901702642440796,0.8735851645469666,0.7070332169532776,0.8171108961105347,0.599916934967041,0.33292391896247864,0.4320237636566162,0.6594139337539673,0.6349377632141113,0.5238962769508362,2.4240524768829346,2.0419836044311523,1.9947513341903687,2.2608020305633545,2.120396614074707,1.7727558612823486,1.9975199699401855,2.234076976776123,1.9681975841522217,1.8144117593765259,2.1977312564849854,2.30153226852417,2.056565046310425,2.2076053619384766,2.548626184463501,1.9751681089401245,1.5602561235427856,1.6165478229522705,1.727180004119873,1.4391411542892456,1.1939308643341064,1.4613754749298096,1.4995661973953247,1.114511489868164,1.1621793508529663,1.5361019372940063,1.4242513179779053,1.2074973583221436,1.5681182146072388,1.8520472049713135,1.827286720275879,1.4879051446914673,1.319585919380188,1.6249375343322754,1.6196465492248535,1.285666584968567,1.4294123649597168,1.7677912712097168,1.655253529548645,1.4838773012161255,1.7911465167999268,2.040470838546753,1.9011282920837402,1.964386224746704,2.3196821212768555
A9,1.2969424724578857,1.0611488819122314,1.0297693014144897,0.8688175678253174,0.6046015620231628,0.5363190770149231,0.5443882346153259,0.33383238315582275,0.0,0.3677319884300232,0.42577821016311646,0.44624316692352295,0.6276705861091614,0.8042696714401245,0.909405529499054,1.603074073791504,1.3989927768707275,1.1122933626174927,1.0228215456008911,0.9910841584205627,0.8013084530830383,0.5450677871704102,0.4607805013656616,0.6267106533050537,0.4399201273918152,0.15609008073806763,0.46959173679351807,0.7367857098579407,0.7573295831680298,0.795319676399231,2.4871609210968018,2.1087474822998047,2.014308214187622,2.248544216156006,2.113299608230591,1.7433183193206787,1.9178247451782227,2.148336410522461,1.8732471466064453,1.6714036464691162,2.0379247665405273,2.145500659942627,1.8668508529663086,1.9844679832458496,2.3321828842163086,1.6812474727630615,1.261349081993103,1.3611645698547363,1.499911904335022,1.188827395439148,0.9778497219085693,1.3033207654953003,1.3710635900497437,0.9869404435157776,1.1130821704864502,1.4900426864624023,1.4047998189926147,1.2670658826828003,1.641830325126648,1.9247652292251587,1.8689314126968384,1.5259183645248413,1.3057795763015747,1.566188097000122,1.5653458833694458,1.1931997537612915,1.2710262537002563,1.620932698249817,1.5046724081039429,1.270649790763855,1.5570731163024902,1.8313758373260498,1.6697643995285034,1.6914395093917847,2.0534682273864746
A10,1.469954252243042,1.2084358930587769,1.0814014673233032,1.0152308940887451,0.8265213370323181,0.5897708535194397,0.5446120500564575,0.5834828615188599,0.3677319884300232,0.0,0.3498208820819855,0.5504292845726013,0.5471981167793274,0.5990868210792542,0.8482658267021179,1.416213035583496,1.1568703651428223,0.9427805542945862,0.8716644048690796,0.7167366147041321,0.5318461060523987,0.4489877223968506,0.22221186757087708,0.2826656103134155,0.3377035856246948,0.37684640288352966,0.3877469301223755,0.7131543159484863,0.9290956854820251,1.0122957229614258,2.2770450115203857,1.8986822366714478,1.8022223711013794,1.992834210395813,1.830488681793213,1.4642333984375,1.630723476409912,1.8272279500961304,1.5319342613220215,1.3390567302703857,1.7061940431594849,1.7891606092453003,1.5084707736968994,1.650877833366394,1.9881556034088135,1.4051556587219238,0.9971200823783875,1.0404839515686035,1.1928178071975708,0.925975501537323,0.6727824211120605,1.0026017427444458,1.1473705768585205,0.8194029331207275,0.9265828132629395,1.302945613861084,1.3125460147857666,1.2204110622406006,1.5347293615341187,1.8517043590545654,1.827347755432129,1.4612520933151245,1.2668616771697998,1.4664125442504883,1.394517183303833,1.02131187915802,1.104245901107788,1.4037978649139404,1.2332305908203125,0.9998822808265686,1.309791088104248,1.5395801067352295,1.353578805923462,1.40711510181427,1.7684000730514526
A11,1.5010300874710083,1.3116545677185059,1.1743820905685425,1.014369010925293,0.870972216129303,0.7577463984489441,0.5772649049758911,0.49845436215400696,0.42577821016311646,0.3498208820819855,0.0,0.3909498453140259,0.5564173460006714,0.5511683821678162,0.6707056760787964,1.560800552368164,1.3706676959991455,1.1506465673446655,0.9950574040412903,0.8925319314002991,0.8199948668479919,0.6780010461807251,0.3442877233028412,0.5824931263923645,0.6271072030067444,0.5066877007484436,0.4534524083137512,0.8602434992790222,1.0410865545272827,0.9890148639678955,2.4245705604553223,2.034461259841919,1.9976882934570312,2.1940219402313232,1.9935182332992554,1.6569039821624756,1.8724844455718994,2.037825345993042,1.7172818183898926,1.5858137607574463,1.9600485563278198,1.9944682121276855,1.7162946462631226,1.9076058864593506,2.2198476791381836,1.6504954099655151,1.2362639904022217,1.3024100065231323,1.4923630952835083,1.2558908462524414,0.9892467856407166,1.2937753200531006,1.457337498664856,1.1340373754501343,1.184540033340454,1.5672410726547241,1.5740101337432861,1.418568730354309,1.7153987884521484,2.048638105392456,2.0551202297210693,1.6833906173706055,1.5238794088363647,1.7568262815475464,1.6712555885314941,1.3184396028518677,1.4379758834838867,1.7258574962615967,1.5365763902664185,1.3273171186447144,1.6437338590621948,1.847226619720459,1.6388139724731445,1.6966958045959473,2.060518980026245
A12,1.6785187721252441,1.483970046043396,1.4296114444732666,1.2276482582092285,1.0028184652328491,0.9622063040733337,0.8730263710021973,0.6209353804588318,0.44624316692352295,0.5504292845726013,0.3909498453140259,0.0,0.3713889718055725,0.5496938824653625,0.49522045254707336,1.431939959526062,1.333889126777649,1.0439069271087646,0.8461269736289978,0.9063705205917358,0.8782005906105042,0.5961580276489258,0.43925368785858154,0.8145559430122375,0.8107129335403442,0.5982098579406738,0.7674242258071899,1.1306017637252808,1.18687105178833,1.1408172845840454,2.7866384983062744,2.399880886077881,2.334277629852295,2.530179262161255,2.3458080291748047,1.9943957328796387,2.1727943420410156,2.344709634780884,2.023175001144409,1.8480862379074097,2.2014265060424805,2.2403955459594727,1.9230561256408691,2.070845365524292,2.387667179107666,1.6721086502075195,1.2434055805206299,1.4184229373931885,1.6518723964691162,1.374268651008606,1.1718156337738037,1.5336437225341797,1.6871627569198608,1.3418747186660767,1.4635752439498901,1.8441665172576904,1.8125929832458496,1.681649923324585,2.024921417236328,2.332897901535034,2.296643018722534,1.9418987035751343,1.7323126792907715,1.968137502670288,1.9312301874160767,1.5533568859100342,1.6101715564727783,1.9317865371704102,1.7683733701705933,1.4949398040771484,1.770638108253479,2.0211410522460938,1.7922916412353516,1.7751832008361816,2.1479616165161133
A13,1.9178879261016846,1.6726073026657104,1.59723961353302,1.4667006731033325,1.230352520942688,1.0867165327072144,1.041741967201233,0.8978453278541565,0.6276705861091614,0.5471981167793274,0.5564173460006714,0.3713889718055725,0.0,0.3255861699581146,0.4361647963523865,1.0658165216445923,0.9719284176826477,0.6950935125350952,0.48073992133140564,0.5672213435173035,0.6183059215545654,0.394605427980423,0.3423490524291992,0.7187280058860779,0.8344541788101196,0.7476682066917419,0.897505521774292,1.2468594312667847,1.3702131509780884,1.4080301523208618,2.781369209289551,2.4056804180145264,2.306511878967285,2.457563877105713,2.2723963260650635,1.9184162616729736,2.0463674068450928,2.1916663646698,1.864020824432373,1.6597234010696411,1.9808305501937866,2.006221055984497,1.6606338024139404,1.7829235792160034,2.0908286571502686,1.3228455781936646,0.8998376131057739,1.1213264465332031,1.3982948064804077,1.1403008699417114,0.98481684923172,1.3707475662231445,1.5725796222686768,1.2789713144302368,1.4387781620025635,1.7966489791870117,1.8161768913269043,1.753886103630066,2.0770034790039062,2.38744854927063,2.341571092605591,1.9864041805267334,1.7600955963134766,1.9355536699295044,1.8790873289108276,1.495854377746582,1.4979828596115112,1.7891634702682495,1.6088542938232422,1.2930915355682373,1.5363619327545166,1.7789041996002197,1.5184955596923828,1.4631085395812988,1.834234595298767
A14,2.022589921951294,1.7913732528686523,1.6529362201690674,1.5441564321517944,1.366353154182434,1.183813452720642,1.0708260536193848,1.0152225494384766,0.8042696714401245,0.5990868210792542,0.5511683821678162,0.5496938824653625,0.3255861699581146,0.0,0.3851403594017029,1.0776705741882324,0.9623820185661316,0.798198401927948,0.5767425298690796,0.5032481551170349,0.6585419178009033,0.6127829551696777,0.3889716863632202,0.6973983645439148,0.9275994300842285,0.9038495421409607,0.9136183261871338,1.291799783706665,1.5063365697860718,1.520126461982727,2.6634485721588135,2.288194179534912,2.221554756164551,2.3403356075286865,2.1160404682159424,1.7908962965011597,1.9378490447998047,2.0339832305908203,1.6807314157485962,1.5289053916931152,1.8482019901275635,1.8198446035385132,1.4805055856704712,1.6610742807388306,1.9382338523864746,1.277732491493225,0.8827409744262695,1.0380762815475464,1.3391532897949219,1.154904842376709,0.9608959555625916,1.3064686059951782,1.5681110620498657,1.3255717754364014,1.431870460510254,1.7807929515838623,1.8623462915420532,1.7951722145080566,2.0631508827209473,2.4010536670684814,2.395733594894409,2.0251264572143555,1.8401859998703003,1.9941940307617188,1.8801826238632202,1.519712209701538,1.5543559789657593,1.7933944463729858,1.56533682346344,1.284476637840271,1.54731023311615,1.7247209548950195,1.438581109046936,1.4272239208221436,1.7892950773239136
A15,2.132167100906372,1.9418303966522217,1.8386238813400269,1.6579992771148682,1.4714198112487793,1.3805053234100342,1.2459053993225098,1.0739781856536865,0.909405529499054,0.8482658267021179,0.6707056760787964,0.49522045254707336,0.4361647963523865,0.3851403594017029,0.0,1.2340762615203857,1.2368435859680176,1.0258740186691284,0.7482426762580872,0.8377866744995117,0.9944613575935364,0.8290739059448242,0.647260844707489,1.025734305381775,1.1742286682128906,1.047000765800476,1.1137343645095825,1.5123369693756104,1.6505061388015747,1.595012903213501,2.9840877056121826,2.600461721420288,2.5563035011291504,2.6941802501678467,2.4621903896331787,2.142573595046997,2.3101000785827637,2.407353639602661,2.0490753650665283,1.911863923072815,2.232099771499634,2.19081711769104,1.8494091033935547,2.030515193939209,2.29555344581604,1.5872305631637573,1.1984061002731323,1.4053845405578613,1.715636134147644,1.5108436346054077,1.325969934463501,1.6810717582702637,1.9213236570358276,1.6420960426330566,1.7500931024551392,2.115732431411743,2.1592979431152344,2.054988145828247,2.3485066890716553,2.6835577487945557,2.6736083030700684,2.3046717643737793,2.112757444381714,2.303864002227783,2.214350461959839,1.8453755378723145,1.885377049446106,2.15240216255188,1.9377979040145874,1.6503887176513672,1.906288504600525,2.1022582054138184,1.8133299350738525,1.774261713027954,2.1356232166290283
B1,2.832064628601074,2.5219430923461914,2.440640926361084,2.4146158695220947,2.1667373180389404,1.9269965887069702,1.9585195779800415,1.9159626960754395,1.603074073791504,1.416213035583496,1.560800552368164,1.431939959526062,1.0658165216445923,1.0776705741882324,1.2340762615203857,0.0,0.4366302490234375,0.5430448055267334,0.592380702495575,0.7473879456520081,0.9889082312583923,1.0817866325378418,1.2492977380752563,1.3793994188308716,1.6054147481918335,1.6735926866531372,1.7981433868408203,2.060195207595825,2.235714912414551,2.383774518966675,3.208927869796753,2.891364336013794,2.716829776763916,2.7417495250701904,2.5807175636291504,2.26688289642334,2.233485221862793,2.283785104751587,1.995144248008728,1.738965392112732,1.8770309686660767,1.8519985675811768,1.4687448740005493,1.4370287656784058,1.6451139450073242,0.7095842361450195,0.6272113919258118,0.97481369972229,1.3057886362075806,1.2114187479019165,1.2994147539138794,1.599446177482605,1.8618208169937134,1.7594935894012451,1.975792646408081,2.2133448123931885,2.3287131786346436,2.41894793510437,2.678453207015991,2.9567618370056152,2.8799691200256348,2.5670740604400635,2.3215346336364746,2.340386152267456,2.2653229236602783,1.938307523727417,1.7909425497055054,1.944554090499878,1.7721596956253052,1.413699984550476,1.4436804056167603,1.614161491394043,1.3026639223098755,1.0532174110412598,1.3133412599563599
B2,2.5394768714904785,2.215169906616211,2.1114213466644287,2.1356191635131836,1.9098414182662964,1.6237244606018066,1.6743649244308472,1.7069387435913086,1.3989927768707275,1.1568703651428223,1.3706676959991455,1.333889126777649,0.9719284176826477,0.9623820185661316,1.2368435859680176,0.4366302490234375,0.0,0.372435986995697,0.5560791492462158,0.4896293580532074,0.6572725176811218,0.8739798069000244,1.0370290279388428,1.0523061752319336,1.2971111536026,1.4349827766418457,1.5161710977554321,1.730804204940796,1.948364496231079,2.133086919784546,2.789846658706665,2.480806827545166,2.2908804416656494,2.3156073093414307,2.1718924045562744,1.8511040210723877,1.8045992851257324,1.875910997390747,1.6026517152786255,1.3201061487197876,1.4735912084579468,1.4918574094772339,1.1128872632980347,1.0727424621582031,1.3404686450958252,0.3887386918067932,0.20532673597335815,0.5503763556480408,0.8731233477592468,0.7861565351486206,0.8937217593193054,1.1699912548065186,1.4337475299835205,1.3657528162002563,1.5752140283584595,1.789982795715332,1.9262914657592773,2.0386452674865723,2.2739546298980713,2.5470316410064697,2.47739577293396,2.1686339378356934,1.9375076293945312,1.9320361614227295,1.8406145572662354,1.5286588668823242,1.3809561729431152,1.5140888690948486,1.336008071899414,0.9817977547645569,1.0239533185958862,1.1966502666473389,0.8876438736915588,0.6669862866401672,0.9856840968132019
B3,2.304116725921631,1.9868717193603516,1.9247300624847412,1.9056651592254639,1.647016167640686,1.4052270650863647,1.4737160205841064,1.4369100332260132,1.1122933626174927,0.9427805542945862,1.1506465673446655,1.0439069271087646,0.6950935125350952,0.798198401927948,1.0258740186691284,0.5430448055267334,0.372435986995697,0.0,0.2940741777420044,0.4192454516887665,0.5077189803123474,0.569720983505249,0.8133951425552368,0.9172236323356628,1.0878016948699951,1.1641911268234253,1.3222407102584839,1.552297592163086,1.7023626565933228,1.8744317293167114,2.8445281982421875,2.5121285915374756,2.3272058963775635,2.4108054637908936,2.276038646697998,1.9221848249435425,1.9196300506591797,2.048351287841797,1.7679928541183472,1.475178837776184,1.6936489343643188,1.751076579093933,1.3791238069534302,1.3635612726211548,1.6679881811141968,0.7324141263961792,0.3775818347930908,0.7458840012550354,1.036597490310669,0.8133758902549744,0.8685117959976196,1.226349115371704,1.4374594688415527,1.267804503440857,1.506011962890625,1.7716668844223022,1.8381599187850952,1.9119389057159424,2.2065467834472656,2.475700616836548,2.385375738143921,2.0708839893341064,1.8102493286132812,1.8652805089950562,1.8211917877197266,1.466221809387207,1.331574559211731,1.5558080673217773,1.4075970649719238,1.0265153646469116,1.126065969467163,1.3836225271224976,1.112289309501648,0.9236350059509277,1.2693486213684082
B4,2.2859842777252197,1.9975812435150146,1.925248384475708,1.8570696115493774,1.6055105924606323,1.400191068649292,1.4142721891403198,1.3315378427505493,1.0228215456008911,0.8716644048690796,0.9950574040412903,0.8461269736289978,0.48073992133140564,0.5767425298690796,0.7482426762580872,0.592380702495575,0.5560791492462158,0.2940741777420044,0.0,0.3853183388710022,0.5778300762176514,0.5367765426635742,0.690370500087738,0.9108824133872986,1.0943888425827026,1.1084007024765015,1.2586147785186768,1.5524674654006958,1.7002726793289185,1.8128547668457031,2.9223783016204834,2.5712687969207764,2.4250895977020264,2.521054267883301,2.3519716262817383,2.0038487911224365,2.0504322052001953,2.1639082431793213,1.8501394987106323,1.6010462045669556,1.8510987758636475,1.8674815893173218,1.4898920059204102,1.5407536029815674,1.8282791376113892,0.940483570098877,0.5650678277015686,0.9030792117118835,1.2278928756713867,1.0116806030273438,0.9811376333236694,1.3586289882659912,1.5929611921310425,1.383291482925415,1.5904817581176758,1.8948705196380615,1.9576107263565063,1.9803385734558105,2.2815134525299072,2.5749242305755615,2.506027936935425,2.1700663566589355,1.9227041006088257,2.02017879486084,1.9608254432678223,1.5916149616241455,1.5073891878128052,1.7488219738006592,1.5725802183151245,1.209023356437683,1.3625620603561401,1.5980767011642456,1.306221842765808,1.1588854789733887,1.510788917541504
B5,2.165522575378418,1.871482491493225,1.7414305210113525,1.7260690927505493,1.5226953029632568,1.2522180080413818,1.2433671951293945,1.2726739645004272,0.9910841584205627,0.7167366147041321,0.8925319314002991,0.9063705205917358,0.5672213435173035,0.5032481551170349,0.8377866744995117,0.7473879456520081,0.4896293580532074,0.4192454516887665,0.3853183388710022,0.0,0.34587162733078003,0.5448822975158691,0.5741605162620544,0.650598406791687,0.9315939545631409,1.039656400680542,1.078632116317749,1.3551878929138184,1.595637559890747,1.7246336936950684,2.568189859390259,2.2225966453552246,2.0845184326171875,2.1599762439727783,1.9775288105010986,1.6401264667510986,1.6920870542526245,1.788633108139038,1.467095136642456,1.2340292930603027,1.500071406364441,1.5079066753387451,1.1397589445114136,1.2361727952957153,1.533403754234314,0.7861377000808716,0.38050538301467896,0.5863941311836243,0.9189003705978394,0.7538227438926697,0.6719797253608704,1.021803379058838,1.302497386932373,1.1422255039215088,1.3086743354797363,1.5979228019714355,1.7168723344802856,1.7498207092285156,2.000980854034424,2.310845136642456,2.274055004119873,1.927693486213684,1.7171976566314697,1.7877683639526367,1.6761924028396606,1.3278707265853882,1.2751811742782593,1.4710885286331177,1.2537404298782349,0.9212561845779419,1.119350552558899,1.3033726215362549,1.001631736755371,0.936652421951294,1.3003920316696167
B6,1.887522578239441,1.572351336479187,1.461438536643982,1.4795624017715454,1.265757441520691,0.9693049192428589,1.025235652923584,1.0901702642440796,0.8013084530830383,0.5318461060523987,0.8199948668479919,0.8782005906105042,0.6183059215545654,0.6585419178009033,0.9944613575935364,0.9889082312583923,0.6572725176811218,0.5077189803123474,0.5778300762176514,0.34587162733078003,0.0,0.37643176317214966,0.49105098843574524,0.42269283533096313,0.6421619057655334,0.8072317242622375,0.8730748891830444,1.0797481536865234,1.305202603340149,1.4857021570205688,2.372065305709839,2.0270533561706543,1.8596991300582886,1.9751352071762085,1.8356047868728638,1.467224359512329,1.5168135166168213,1.6824617385864258,1.3983452320098877,1.120689034461975,1.4199212789535522,1.5107169151306152,1.1797558069229126,1.23898184299469,1.5841140747070312,0.8860428929328918,0.4824012219905853,0.5826965570449829,0.7962532639503479,0.5230483412742615,0.4156903922557831,0.8111387491226196,1.0244450569152832,0.8186927437782288,1.0207202434539795,1.3170560598373413,1.3964834213256836,1.440840721130371,1.7194114923477173,2.00984787940979,1.9514350891113281,1.6132017374038696,1.3839589357376099,1.4646235704421997,1.385157585144043,1.0188426971435547,0.9607385993003845,1.206639289855957,1.0281291007995605,0.684253454208374,0.9205835461616516,1.168269395828247,0.935345470905304,0.9092267155647278,1.2798172235488892
B7,1.76105535030365,1.4650208950042725,1.4175385236740112,1.354391098022461,1.0872712135314941,0.8832404613494873,0.9503383636474609,0.8735851645469666,0.5450677871704102,0.4489877223968506,0.6780010461807251,0.5961580276489258,0.394605427980423,0.6127829551696777,0.8290739059448242,1.0817866325378418,0.8739798069000244,0.569720983505249,0.5367765426635742,0.5448822975158691,0.37643176317214966,0.0,0.37534743547439575,0.550664484500885,0.593285322189331,0.5988026857376099,0.813441812992096,1.0599321126937866,1.167488694190979,1.309822678565979,2.6002798080444336,2.239724636077881,2.0881128311157227,2.2513885498046875,2.1180124282836914,1.7397133111953735,1.8251512050628662,2.0192837715148926,1.7349309921264648,1.4708703756332397,1.7855075597763062,1.881853699684143,1.551680564880371,1.6111030578613281,1.9551794528961182,1.1794798374176025,0.7576503753662109,0.9510104656219482,1.1568659543991089,0.8396157622337341,0.7288424372673035,1.1252974271774292,1.2682280540466309,0.964365541934967,1.1808452606201172,1.5172920227050781,1.509640097618103,1.4971342086791992,1.841172218322754,2.1201679706573486,2.0389232635498047,1.703866720199585,1.4455277919769287,1.5993726253509521,1.5799293518066406,1.1903185844421387,1.1489180326461792,1.4655203819274902,1.3307805061340332,0.9970342516899109,1.2233351469039917,1.5144063234329224,1.3023090362548828,1.2422919273376465,1.610874891281128
B8,1.6691972017288208,1.41670823097229,1.2982726097106934,1.207186222076416,1.0075567960739136,0.804778516292572,0.7408825159072876,0.7070332169532776,0.4607805013656616,0.22221186757087708,0.3442877233028412,0.43925368785858154,0.3423490524291992,0.3889716863632202,0.647260844707489,1.2492977380752563,1.0370290279388428,0.8133951425552368,0.690370500087738,0.5741605162620544,0.49105098843574524,0.37534743547439575,0.0,0.40245509147644043,0.5454373359680176,0.5319690108299255,0.5835286974906921,0.9338993430137634,1.1289974451065063,1.1860864162445068,2.446631908416748,2.068699359893799,1.9768413305282593,2.1419968605041504,1.9601781368255615,1.6029746532440186,1.7559821605682373,1.9201048612594604,1.6020874977111816,1.4115077257156372,1.762252926826477,1.81049644947052,1.4992396831512451,1.6464707851409912,1.969710111618042,1.3241020441055298,0.9024583101272583,1.0074323415756226,1.224709391593933,0.9710431098937988,0.7460275888442993,1.1061269044876099,1.2965320348739624,0.9961620569229126,1.1188112497329712,1.485637903213501,1.51669180393219,1.4397708177566528,1.744909405708313,2.065809488296509,2.0406765937805176,1.6754992008209229,1.4749908447265625,1.6566039323806763,1.5772680044174194,1.2021087408065796,1.2527459859848022,1.5382181406021118,1.3494417667388916,1.0797024965286255,1.3697391748428345,1.5942585468292236,1.366607427597046,1.3838624954223633,1.753427505493164
B9,1.5575076341629028,1.2707663774490356,1.101034164428711,1.1261603832244873,0.9775708317756653,0.65583735704422,0.6440402269363403,0.8171108961105347,0.6267106533050537,0.2826656103134155,0.5824931263923645,0.8145559430122375,0.7187280058860779,0.6973983645439148,1.025734305381775,1.3793994188308716,1.0523061752319336,0.9172236323356628,0.9108824133872986,0.650598406791687,0.42269283533096313,0.550664484500885,0.40245509147644043,0.0,0.3681989014148712,0.5887938737869263,0.49138662219047546,0.7141959071159363,1.0240226984024048,1.1668776273727417,2.0764567852020264,1.7085468769073486,1.5890733003616333,1.751128911972046,1.5920448303222656,1.2210719585418701,1.3634244203567505,1.5547987222671509,1.265520453453064,1.0573136806488037,1.4243780374526978,1.5189642906188965,1.2514262199401855,1.39198637008667,1.732161283493042,1.2350471019744873,0.8660712838172913,0.8191426396369934,0.9331169128417969,0.7016823291778564,0.41280466318130493,0.7253177762031555,0.9085103273391724,0.6410369277000427,0.7393931150436401,1.093718409538269,1.168147325515747,1.1311978101730347,1.3978465795516968,1.7210019826889038,1.7078932523727417,1.340263843536377,1.1626653671264648,1.3043584823608398,1.1897263526916504,0.8267542719841003,0.9071239233016968,1.163118839263916,0.9657715559005737,0.7475362420082092,1.0737018585205078,1.2729159593582153,1.096030831336975,1.1898161172866821,1.538486123085022
B10,1.2457462549209595,0.9402462244033813,0.8387705683708191,0.8489168882369995,0.6495556831359863,0.32718273997306824,0.4609166979789734,0.599916934967041,0.4399201273918152,0.3377035856246948,0.6271072030067444,0.8107129335403442,0.8344541788101196,0.9275994300842285,1.1742286682128906,1.6054147481918335,1.2971111536026,1.0878016948699951,1.0943888425827026,0.9315939545631409,0.6421619057655334,0.593285322189331,0.5454373359680176,0.3681989014148712,0.0,0.32439711689949036,0.3709350526332855,0.47189080715179443,0.6751323342323303,0.8686245083808899,2.110719919204712,1.74507474899292,1.6101616621017456,1.8377147912979126,1.7320619821548462,1.348709225654602,1.49809730052948,1.7549992799758911,1.5153629779815674,1.290703296661377,1.6564760208129883,1.807965636253357,1.5673577785491943,1.6654523611068726,2.023972272872925,1.4928998947143555,1.1184989213943481,1.1076714992523193,1.1569077968597412,0.8608142137527466,0.6327056288719177,0.9005371332168579,0.9342131614685059,0.5520858764648438,0.6863611340522766,1.0581722259521484,1.0057969093322754,0.9241589307785034,1.2782177925109863,1.565089464187622,1.512346625328064,1.1581006050109863,0.939775288105011,1.1599540710449219,1.1330995559692383,0.7565738558769226,0.8544827103614807,1.191144347190857,1.0817334651947021,0.8911857604980469,1.1947959661483765,1.4525384902954102,1.3406037092208862,1.416866660118103,1.7561596632003784
B11,1.18283212184906,0.9260298013687134,0.8918673992156982,0.7649502158164978,0.49821436405181885,0.3844902217388153,0.4499066472053528,0.33292391896247864,0.15609008073806763,0.37684640288352966,0.5066877007484436,0.5982098579406738,0.7476682066917419,0.9038495421409607,1.047000765800476,1.6735926866531372,1.4349827766418457,1.1641911268234253,1.1084007024765015,1.039656400680542,0.8072317242622375,0.5988026857376099,0.5319690108299255,0.5887938737869263,0.32439711689949036,0.0,0.39447546005249023,0.5956003069877625,0.6228899359703064,0.7114998698234558,2.3633925914764404,1.9893412590026855,1.8855408430099487,2.131288766860962,2.0129168033599854,1.6396660804748535,1.8131283521652222,2.061758041381836,1.8051406145095825,1.5989376306533813,1.9676382541656494,2.0967960357666016,1.836560845375061,1.9464532136917114,2.3004965782165527,1.6900923252105713,1.282647728919983,1.346440076828003,1.4469554424285889,1.1347379684448242,0.9204462766647339,1.2186915874481201,1.2542039155960083,0.8609393239021301,0.9813786149024963,1.3545384407043457,1.2539910078048706,1.114014983177185,1.49601149559021,1.772192358970642,1.7131288051605225,1.3718527555465698,1.1519091129302979,1.4197101593017578,1.4266314506530762,1.0604718923568726,1.1525607109069824,1.506385326385498,1.4055958986282349,1.1955270767211914,1.4855962991714478,1.7599772214889526,1.6246472597122192,1.665871024131775,2.019357681274414
B12,1.1456594467163086,0.9263718724250793,0.7434388995170593,0.6727522015571594,0.5862418413162231,0.371534526348114,0.16727344691753387,0.4320237636566162,0.46959173679351807,0.3877469301223755,0.4534524083137512,0.7674242258071899,0.897505521774292,0.9136183261871338,1.1137343645095825,1.7981433868408203,1.5161710977554321,1.3222407102584839,1.2586147785186768,1.078632116317749,0.8730748891830444,0.813441812992096,0.5835286974906921,0.49138662219047546,0.3709350526332855,0.39447546005249023,0.0,0.411329060792923,0.6908533573150635,0.717644453048706,2.053595781326294,1.667789101600647,1.6151103973388672,1.855242371559143,1.7000415325164795,1.350751280784607,1.5816758871078491,1.8052512407302856,1.539258360862732,1.4021072387695312,1.7909196615219116,1.8919652700424194,1.6735823154449463,1.8446394205093384,2.1773900985717773,1.7243092060089111,1.3412226438522339,1.3074700832366943,1.3820571899414062,1.1444343328475952,0.8589417934417725,1.0731902122497559,1.1454044580459595,0.8052401542663574,0.7987703084945679,1.1808091402053833,1.1541582345962524,0.9695110321044922,1.27318274974823,1.5993268489837646,1.611537218093872,1.2396913766860962,1.1060131788253784,1.3612438440322876,1.2832294702529907,0.9569116234779358,1.1391699314117432,1.4282608032226562,1.277553915977478,1.150552749633789,1.4825793504714966,1.6824449300765991,1.5532904863357544,1.6708712577819824,2.010925769805908
B13,0.8711955547332764,0.6047199368476868,0.38712406158447266,0.5071669816970825,0.5032020211219788,0.23925387859344482,0.3239310085773468,0.6594139337539673,0.7367857098579407,0.7131543159484863,0.8602434992790222,1.1306017637252808,1.2468594312667847,1.291799783706665,1.5123369693756104,2.060195207595825,1.730804204940796,1.552297592163086,1.5524674654006958,1.3551878929138184,1.0797481536865234,1.0599321126937866,0.9338993430137634,0.7141959071159363,0.47189080715179443,0.5956003069877625,0.411329060792923,0.0,0.4570554792881012,0.6276667714118958,1.8142277002334595,1.4482581615447998,1.3618509769439697,1.6545668840408325,1.5714508295059204,1.220862627029419,1.4414023160934448,1.7287530899047852,1.5394020080566406,1.3894195556640625,1.764770269393921,1.9349687099456787,1.7743970155715942,1.9045844078063965,2.2482101917266846,1.88197660446167,1.5400183200836182,1.448269248008728,1.4162087440490723,1.1839667558670044,0.9377203583717346,1.039211630821228,0.9742396473884583,0.6380097270011902,0.570735514163971,0.9115242958068848,0.8007752299308777,0.5703199505805969,0.9179192781448364,1.213330626487732,1.2125797271728516,0.8500048518180847,0.737436056137085,1.032331943511963,0.9964843392372131,0.7254395484924316,0.9605825543403625,1.246929407119751,1.1703625917434692,1.1327089071273804,1.4420206546783447,1.6430079936981201,1.600817084312439,1.7508699893951416,2.0558857917785645
