,A1,A2,A3,A4,A5,A6,A7,A8,A9,A10,A11,A12,A13,A14,A15,B1,B2,B3,B4,B5,B6,B7,B8,B9,B10,B11,B12,B13,B14,B15,C1,C2,C3,C4,C5,C6,C7,C8,C9,C10,C11,C12,C13,C14,C15,D1,D2,D3,D4,D5,D6,D7,D8,D9,D10,D11,D12,D13,D14,D15,E1,E2,E3,E4,E5,E6,E7,E8,E9,E10,E11,E12,E13,E14,E15
A1,0.0,0.43243226408958435,0.5815240740776062,0.5457738041877747,0.6686385869979858,0.9197840094566345,1.0131357908248901,0.9695147275924683,1.1640669107437134,1.3866599798202515,1.390708327293396,1.362458348274231,1.6533493995666504,1.8132723569869995,1.82990562915802,1.9793332815170288,1.8278989791870117,1.522070288658142,1.4244842529296875,1.47514009475708,1.2384663820266724,0.9426590800285339,1.0622749328613281,1.1063172817230225,0.7739281058311462,0.6480618715286255,0.9576653838157654,0.8937370777130127,0.6222831010818481,0.8675856590270996,2.667635202407837,2.3966867923736572,1.9875637292861938,1.9585418701171875,2.1536598205566406,1.859046459197998,1.517680287361145,1.7339974641799927,1.7755869626998901,1.4156224727630615,1.2799482345581055,1.6525542736053467,1.483916163444519,1.150079369544983,1.3579380512237549,1.004461407661438,0.9049432873725891,1.2072007656097412,1.5194584131240845,1.4977670907974243,1.5108932256698608,1.8110967874526978,2.0141799449920654,1.9782055616378784,2.0980889797210693,2.369725227355957,2.4927515983581543,2.5165021419525146,2.6793723106384277,2.9899723529815674,2.6317529678344727,2.293599843978882,2.369354248046875,2.399705171585083,2.1078035831451416,1.8664482831954956,2.111821413040161,2.0303993225097656,1.6628715991973877,1.5819141864776611,1.8193962574005127,1.6388955116271973,1.281396746635437,1.4443504810333252,1.6308369636535645
A2,0.43243226408958435,0.0,0.36168986558914185,0.49669376015663147,0.37785205245018005,0.5581271648406982,0.7818215489387512,0.7564119696617126,0.8186960220336914,1.0525143146514893,1.1455284357070923,1.0675424337387085,1.3036589622497559,1.5091512203216553,1.577551007270813,1.7858734130859375,1.5641775131225586,1.2937310934066772,1.2664700746536255,1.246295690536499,0.9379532933235168,0.7474926710128784,0.9301244616508484,0.8649762272834778,0.4848395586013794,0.5982003808021545,0.8798633813858032,0.7395436763763428,0.642399787902832,0.972572386264801,2.2627553939819336,1.98786199092865,1.5910251140594482,1.5588891506195068,1.7303882837295532,1.43337881565094,1.0971181392669678,1.3231006860733032,1.3493683338165283,0.9874700903892517,0.885125994682312,1.2729216814041138,1.1010411977767944,0.8175857663154602,1.0877230167388916,0.6434915661811829,0.4994661211967468,0.7781804800033569,1.10252845287323,1.0997763872146606,1.0907131433486938,1.3807164430618286,1.5995336771011353,1.5805948972702026,1.679862141609192,1.9459716081619263,2.0879344940185547,2.1162827014923096,2.2593777179718018,2.574230909347534,2.3302197456359863,1.9829429388046265,2.011049509048462,2.0762171745300293,1.8109445571899414,1.5294950008392334,1.7666337490081787,1.7452062368392944,1.4005515575408936,1.2454816102981567,1.5213559865951538,1.4209383726119995,1.0688238143920898,1.1498948335647583,1.431160569190979
A3,0.5815240740776062,0.36168986558914185,0.0,0.350507527589798,0.42827993631362915,0.4282833933830261,0.5099567770957947,0.6249085664749146,0.7369439005851746,0.8626295924186707,0.9047812223434448,0.9328433871269226,1.1583176851272583,1.2824954986572266,1.3540502786636353,1.8793344497680664,1.6497597694396973,1.3499608039855957,1.4035991430282593,1.4405916929244995,1.1010080575942993,0.9420777559280396,1.2094855308532715,1.1721528768539429,0.8058689832687378,0.9398565292358398,1.2402933835983276,1.0864825248718262,0.9668009281158447,1.3031889200210571,2.1797714233398438,1.8848544359207153,1.459022879600525,1.4968585968017578,1.7184315919876099,1.3884259462356567,1.0926403999328613,1.3843673467636108,1.4337338209152222,1.086011290550232,1.0698621273040771,1.4666180610656738,1.3134722709655762,1.1025751829147339,1.4001926183700562,0.7637588381767273,0.47260457277297974,0.8680961728096008,1.1559174060821533,1.0243370532989502,1.0265247821807861,1.3850529193878174,1.5461069345474243,1.443093180656433,1.5916937589645386,1.8925485610961914,1.9722415208816528,1.9732593297958374,2.171797752380371,2.479336977005005,2.0522117614746094,1.7138497829437256,1.794589638710022,1.8215628862380981,1.5303230285644531,1.2875959873199463,1.5440905094146729,1.4707022905349731,1.1093146800994873,1.030240535736084,1.2836424112319946,1.133020043373108,0.8153619170188904,0.9486317038536072,1.1824373006820679
A4,0.5457738041877747,0.49669376015663147,0.350507527589798,0.0,0.3843565881252289,0.5688299536705017,0.5116019248962402,0.47257447242736816,0.7571206092834473,0.932254433631897,0.8652859330177307,0.8833709955215454,1.2025078535079956,1.315354585647583,1.2987451553344727,2.2045199871063232,1.9800347089767456,1.6845941543579102,1.703014612197876,1.722497820854187,1.3945212364196777,1.2113614082336426,1.4170469045639038,1.3546909093856812,0.9705477952957153,1.039881706237793,1.3006668090820312,1.092121958732605,0.8937361240386963,1.2296950817108154,2.452937126159668,2.1337738037109375,1.712049126625061,1.789989709854126,1.9751735925674438,1.6174473762512207,1.3616009950637817,1.6588799953460693,1.6506956815719604,1.2803406715393066,1.2946995496749878,1.6842044591903687,1.4650471210479736,1.2259184122085571,1.5338475704193115,1.062097191810608,0.7612826228141785,1.0978622436523438,1.4262735843658447,1.3185758590698242,1.2520465850830078,1.615604281425476,1.8146424293518066,1.6820417642593384,1.802687168121338,2.1299691200256348,2.219665765762329,2.1843509674072266,2.3833327293395996,2.7110636234283447,2.2149658203125,1.8992817401885986,1.9877324104309082,1.9545128345489502,1.661697506904602,1.4579771757125854,1.6681265830993652,1.5415693521499634,1.173415184020996,1.130938172340393,1.3195903301239014,1.1118431091308594,0.7464330792427063,0.946449875831604,1.0873161554336548
A5,0.6686385869979858,0.37785205245018005,0.42827993631362915,0.3843565881252289,0.0,0.3683392405509949,0.5497473478317261,0.4066334664821625,0.5085564255714417,0.792363703250885,0.8497284650802612,0.7252312898635864,1.015975832939148,1.2330906391143799,1.2576199769973755,2.08120059967041,1.8160512447357178,1.5726133584976196,1.5945736169815063,1.532444715499878,1.1894949674606323,1.0815622806549072,1.2541817426681519,1.1002107858657837,0.7270941734313965,0.900474488735199,1.0915714502334595,0.8270372748374939,0.7489205598831177,1.1128472089767456,2.2373757362365723,1.920566201210022,1.5268819332122803,1.5767004489898682,1.7026598453521729,1.3522144556045532,1.1010323762893677,1.374800443649292,1.3191641569137573,0.9396530985832214,0.9759634137153625,1.3487672805786133,1.0973726511001587,0.8817510604858398,1.2149150371551514,0.8570915460586548,0.5645628571510315,0.7881449460983276,1.1455726623535156,1.1194705963134766,1.0006946325302124,1.3224600553512573,1.5757955312728882,1.4951752424240112,1.5620862245559692,1.872727394104004,2.0169405937194824,1.9935481548309326,2.1425387859344482,2.4833757877349854,2.189687728881836,1.8621169328689575,1.8755563497543335,1.8894246816635132,1.6372438669204712,1.3745131492614746,1.5584806203842163,1.5170899629592896,1.1824681758880615,1.0152884721755981,1.2518298625946045,1.1589946746826172,0.7798961400985718,0.8482567667961121,1.1201778650283813
A6,0.9197840094566345,0.5581271648406982,0.4282833933830261,0.5688299536705017,0.3683392405509949,0.0,0.37591153383255005,0.4480437934398651,0.3362942039966583,0.4959248900413513,0.6522897481918335,0.5794252157211304,0.7591308951377869,0.9575302600860596,1.0619478225708008,1.9676569700241089,1.670196533203125,1.4387844800949097,1.5475748777389526,1.4944921731948853,1.1156142950057983,1.0926294326782227,1.3419671058654785,1.1868311166763306,0.8480244278907776,1.1090632677078247,1.3199756145477295,1.0844488143920898,1.0778896808624268,1.437709927558899,1.908798098564148,1.5834054946899414,1.1764875650405884,1.2650452852249146,1.419543981552124,1.0512677431106567,0.831650972366333,1.1553950309753418,1.1272926330566406,0.7802302837371826,0.8998057246208191,1.2681795358657837,1.071761965751648,0.9671270251274109,1.3126204013824463,0.7571864128112793,0.36619287729263306,0.6220047473907471,0.9251016974449158,0.8093318343162537,0.6875609755516052,1.057676076889038,1.2652921676635742,1.1431657075881958,1.239487886428833,1.5647034645080566,1.6742287874221802,1.6465808153152466,1.8221954107284546,2.154172420501709,1.836814045906067,1.5028748512268066,1.513054370880127,1.546007513999939,1.297518253326416,1.0160917043685913,1.2217291593551636,1.2098886966705322,0.8888981342315674,0.6910786032676697,0.9721614122390747,0.9345046877861023,0.6217935681343079,0.6166266202926636,0.9661121964454651
A7,1.0131357908248901,0.7818215489387512,0.5099567770957947,0.5116019248962402,0.5497473478317261,0.37591153383255005,0.0,0.34478774666786194,0.47619467973709106,0.46819162368774414,0.398112028837204,0.521183431148529,0.762081503868103,0.8165726661682129,0.8490363359451294,2.2434146404266357,1.9637709856033325,1.701690435409546,1.8260753154754639,1.8231775760650635,1.447985053062439,1.3839911222457886,1.6525648832321167,1.5354841947555542,1.1758185625076294,1.3768099546432495,1.615341067314148,1.3703793287277222,1.2839112281799316,1.644394874572754,2.087744951248169,1.7418171167373657,1.323004961013794,1.4931371212005615,1.675241231918335,1.286706805229187,1.1320247650146484,1.4797574281692505,1.4553937911987305,1.1305644512176514,1.2739206552505493,1.6392040252685547,1.4366627931594849,1.3269230127334595,1.6740388870239258,1.0869492292404175,0.6893776059150696,0.9867755770683289,1.2559852600097656,1.0564134120941162,0.9380846619606018,1.3372200727462769,1.4949003458023071,1.2782530784606934,1.4098541736602783,1.7690153121948242,1.8153809309005737,1.7393752336502075,1.9711228609085083,2.2978501319885254,1.7274459600448608,1.4232789278030396,1.5085235834121704,1.4483064413070679,1.1629232168197632,0.9729401469230652,1.1647732257843018,1.0329627990722656,0.670212984085083,0.6381814479827881,0.8164954781532288,0.6420413851737976,0.30874887108802795,0.48067981004714966,0.6757327914237976
A8,0.9695147275924683,0.7564119696617126,0.6249085664749146,0.47257447242736816,0.4066334664821625,0.4480437934398651,0.34478774666786194,0.0,0.3946445882320404,0.5885841846466064,0.5069471001625061,0.42962098121643066,0.7944117784500122,0.9406939744949341,0.8938765525817871,2.3930065631866455,2.1080048084259033,1.8645424842834473,1.9389750957489014,1.8883552551269531,1.5233588218688965,1.4483728408813477,1.6516046524047852,1.4873991012573242,1.123401403427124,1.3045604228973389,1.4844937324523926,1.1880816221237183,1.0962029695510864,1.452459454536438,2.266155481338501,1.913594126701355,1.5203709602355957,1.67045259475708,1.7883235216140747,1.3958790302276611,1.24593985080719,1.566170573234558,1.4762533903121948,1.1235686540603638,1.2688632011413574,1.62089204788208,1.3515924215316772,1.2148078680038452,1.566643238067627,1.1704037189483643,0.7997040152549744,1.0162748098373413,1.3406953811645508,1.2349992990493774,1.0547091960906982,1.4146705865859985,1.645419955253601,1.4691482782363892,1.5369963645935059,1.893470287322998,1.9960203170776367,1.9119858741760254,2.098494052886963,2.4485294818878174,1.9906275272369385,1.6977534294128418,1.7351057529449463,1.6681309938430786,1.4163260459899902,1.2165204286575317,1.348459005355835,1.2394077777862549,0.9133865237236023,0.8112958073616028,0.9577904343605042,0.8209042549133301,0.42818042635917664,0.5494735836982727,0.7330970168113708
A9,1.1640669107437134,0.8186960220336914,0.7369439005851746,0.7571206092834473,0.5085564255714417,0.3362942039966583,0.47619467973709106,0.3946445882320404,0.0,0.3584727942943573,0.5310608148574829,0.29645317792892456,0.5126176476478577,0.7844231724739075,0.8519948720932007,2.224241256713867,1.90015709400177,1.7096644639968872,1.8254919052124023,1.7230637073516846,1.3454066514968872,1.3689519166946411,1.5781153440475464,1.3586184978485107,1.0456398725509644,1.3235679864883423,1.46519136428833,1.1675220727920532,1.1976746320724487,1.5546849966049194,1.9154057502746582,1.563172698020935,1.1963722705841064,1.343078851699829,1.4165277481079102,1.0228363275527954,0.9183937311172485,1.2335771322250366,1.1111778020858765,0.7855386734008789,1.0100979804992676,1.3243215084075928,1.067208170890808,1.0323026180267334,1.3925293684005737,1.0066100358963013,0.6494920253753662,0.7294378876686096,1.0217475891113281,0.9454728364944458,0.7034839391708374,1.039075493812561,1.292561411857605,1.1421598196029663,1.1691666841506958,1.5179780721664429,1.6516169309616089,1.5773670673370361,1.7304940223693848,2.0869221687316895,1.813499093055725,1.5085747241973877,1.4709892272949219,1.4664313793182373,1.2614423036575317,0.9957162737846375,1.1095354557037354,1.1143289804458618,0.846886396408081,0.5869355797767639,0.81526118516922,0.8513559103012085,0.5519561767578125,0.4273935556411743,0.8153761029243469
A10,1.3866599798202515,1.0525143146514893,0.8626295924186707,0.932254433631897,0.792363703250885,0.4959248900413513,0.46819162368774414,0.5885841846466064,0.3584727942943573,0.0,0.35124972462654114,0.334985613822937,0.3155985474586487,0.4678819179534912,0.6277269721031189,2.2761099338531494,1.9443694353103638,1.7536070346832275,1.9340308904647827,1.8663235902786255,1.4790672063827515,1.5328458547592163,1.7957732677459717,1.6065759658813477,1.3053770065307617,1.59492826461792,1.7728784084320068,1.5015678405761719,1.5226532220840454,1.884151577949524,1.7410815954208374,1.371957540512085,0.994318425655365,1.2306604385375977,1.342759132385254,0.9363173842430115,0.9193254113197327,1.2672443389892578,1.1843706369400024,0.9318656921386719,1.1952940225601196,1.4913079738616943,1.2958775758743286,1.3174148797988892,1.6692531108856201,1.1412112712860107,0.7664710283279419,0.8784568309783936,1.0738614797592163,0.8772733807563782,0.6485247015953064,1.0185680389404297,1.1813466548919678,0.9295111894607544,1.0060590505599976,1.3845784664154053,1.4432698488235474,1.333675742149353,1.5472766160964966,1.8894459009170532,1.4615250825881958,1.1662057638168335,1.1557567119598389,1.1185561418533325,0.9041731357574463,0.6605417728424072,0.7769114971160889,0.7626709342002869,0.5120501518249512,0.23569214344024658,0.48920634388923645,0.5819278955459595,0.4401988089084625,0.20663459599018097,0.6357168555259705
A11,1.390708327293396,1.1455284357070923,0.9047812223434448,0.8652859330177307,0.8497284650802612,0.6522897481918335,0.398112028837204,0.5069471001625061,0.5310608148574829,0.35124972462654114,0.0,0.35100990533828735,0.5245941877365112,0.4782254993915558,0.45094528794288635,2.532459259033203,2.2232961654663086,1.9958550930023193,2.1563720703125,2.1231906414031982,1.7377394437789917,1.7297433614730835,1.9926210641860962,1.8301175832748413,1.490429401397705,1.7250456809997559,1.9229578971862793,1.6375681161880493,1.5855607986450195,1.9467490911483765,2.0501835346221924,1.6773918867111206,1.2991843223571777,1.557323932647705,1.6885327100753784,1.2833548784255981,1.2549195289611816,1.6075176000595093,1.528041124343872,1.2517372369766235,1.4855773448944092,1.8061422109603882,1.5835399627685547,1.550171971321106,1.9091626405715942,1.382880449295044,0.9834849238395691,1.1767336130142212,1.4052382707595825,1.1909831762313843,0.9944952130317688,1.3698149919509888,1.5184743404388428,1.2329158782958984,1.3281538486480713,1.7129123210906982,1.7369987964630127,1.5971487760543823,1.8406542539596558,2.1755361557006836,1.533813714981079,1.2780306339263916,1.3442447185516357,1.2058167457580566,0.9577001929283142,0.8355736136436462,0.9205385446548462,0.7462221384048462,0.44616785645484924,0.4562537670135498,0.48152342438697815,0.335645467042923,0.14364150166511536,0.19761016964912415,0.31987929344177246
A12,1.362458348274231,1.0675424337387085,0.9328433871269226,0.8833709955215454,0.7252312898635864,0.5794252157211304,0.521183431148529,0.42962098121643066,0.29645317792892456,0.334985613822937,0.35100990533828735,0.0,0.39375895261764526,0.5959192514419556,0.5812918543815613,2.4946672916412354,2.1669156551361084,1.9740500450134277,2.1069109439849854,2.0147323608398438,1.6342130899429321,1.6547300815582275,1.870060920715332,1.6519339084625244,1.3341665267944336,1.5931035280227661,1.7316462993621826,1.414899230003357,1.4160984754562378,1.7706513404846191,2.0146238803863525,1.6420884132385254,1.2932097911834717,1.5106443166732788,1.570532202720642,1.1651484966278076,1.142849326133728,1.466402292251587,1.323157548904419,1.0358563661575317,1.2945914268493652,1.5875877141952515,1.3212858438491821,1.3092719316482544,1.6689778566360474,1.2923239469528198,0.9192183613777161,1.0080327987670898,1.2675405740737915,1.1495472192764282,0.8860616087913513,1.2156975269317627,1.442922830581665,1.2244240045547485,1.243984580039978,1.6169543266296387,1.7168371677398682,1.5903193950653076,1.7675467729568481,2.127159833908081,1.7280596494674683,1.4613864421844482,1.4395246505737305,1.3582615852355957,1.165162205696106,0.9681782722473145,1.0128817558288574,0.9579682946205139,0.7240154147148132,0.5285068154335022,0.6305637359619141,0.6608412265777588,0.41357001662254333,0.2423766404390335,0.5647239685058594
A13,1.6533493995666504,1.3036589622497559,1.1583176851272583,1.2025078535079956,1.015975832939148,0.7591308951377869,0.762081503868103,0.7944117784500122,0.5126176476478577,0.3155985474586487,0.5245941877365112,0.39375895261764526,0.0,0.3838062286376953,0.5545995831489563,2.4598965644836426,2.105811834335327,1.9590096473693848,2.1492578983306885,2.039393663406372,1.6588177680969238,1.7590677738189697,1.996280550956726,1.7626214027404785,1.4949990510940552,1.8067357540130615,1.936517357826233,1.640395998954773,1.7046866416931152,2.0572307109832764,1.6844772100448608,1.3033173084259033,0.9996726512908936,1.2733286619186401,1.2990230321884155,0.9009140133857727,1.0051692724227905,1.3170593976974487,1.165702223777771,0.976642906665802,1.3020622730255127,1.5352482795715332,1.3235605955123901,1.4167612791061401,1.761006236076355,1.3459718227386475,1.0075405836105347,1.00325345993042,1.156798243522644,1.009832501411438,0.7137819528579712,0.9940702319145203,1.1765530109405518,0.9189431071281433,0.9079446792602539,1.2886247634887695,1.369269847869873,1.216477394104004,1.3955599069595337,1.7538080215454102,1.4396899938583374,1.1864936351776123,1.0973831415176392,1.0454479455947876,0.9195781946182251,0.7016480565071106,0.6747328042984009,0.7425014972686768,0.6412118077278137,0.32584741711616516,0.4333418905735016,0.6953006982803345,0.6517490148544312,0.3311786651611328,0.696617066860199
A14,1.8132723569869995,1.5091512203216553,1.2824954986572266,1.315354585647583,1.2330906391143799,0.9575302600860596,0.8165726661682129,0.9406939744949341,0.7844231724739075,0.4678819179534912,0.4782254993915558,0.5959192514419556,0.3838062286376953,0.0,0.3335493206977844,2.6381421089172363,2.2985761165618896,2.125819444656372,2.3463034629821777,2.286714553833008,1.9019222259521484,1.9789260625839233,2.2547073364257812,2.062434434890747,1.7717748880386353,2.061817169189453,2.2352614402770996,1.9504212141036987,1.9662606716156006,2.32747745513916,1.7666394710540771,1.3849321603775024,1.0807241201400757,1.4216578006744385,1.506134271621704,1.1251704692840576,1.2475435733795166,1.5780726671218872,1.4793699979782104,1.3081130981445312,1.6136531829833984,1.8649373054504395,1.6824272871017456,1.7555749416351318,2.103560447692871,1.5780912637710571,1.2150593996047974,1.2982689142227173,1.4224187135696411,1.18351411819458,0.9566075205802917,1.2597464323043823,1.3467973470687866,0.9982070326805115,1.0616421699523926,1.4447487592697144,1.423788070678711,1.2261292934417725,1.4853012561798096,1.808889389038086,1.1748381853103638,0.96638023853302,0.9690657258033752,0.7917141318321228,0.6362636089324951,0.5684006214141846,0.4946267008781433,0.388798326253891,0.3753037452697754,0.33120372891426086,0.05665306746959686,0.43166279792785645,0.617297351360321,0.39513346552848816,0.5155763626098633
A15,1.82990562915802,1.577551007270813,1.3540502786636353,1.2987451553344727,1.2576199769973755,1.0619478225708008,0.8490363359451294,0.8938765525817871,0.8519948720932007,0.6277269721031189,0.45094528794288635,0.5812918543815613,0.5545995831489563,0.3335493206977844,0.0,2.8878016471862793,2.5568337440490723,2.3627817630767822,2.551368474960327,2.493655204772949,2.106348991394043,2.14162540435791,2.398043632507324,2.2019994258880615,1.8843220472335815,2.140385627746582,2.304985523223877,1.9939355850219727,1.9701870679855347,2.325618028640747,2.093900442123413,1.7105910778045654,1.4084434509277344,1.735346794128418,1.80702805519104,1.4162142276763916,1.5090923309326172,1.843353271484375,1.717429280281067,1.5057883262634277,1.800530195236206,2.0697054862976074,1.8397002220153809,1.8731019496917725,2.2306201457977295,1.7648178339004517,1.379001259803772,1.491544485092163,1.6716432571411133,1.4598267078399658,1.2185548543930054,1.531302809715271,1.658638596534729,1.326095461845398,1.3703088760375977,1.7536687850952148,1.750119686126709,1.5416837930679321,1.7849165201187134,2.114194393157959,1.4159061908721924,1.2480528354644775,1.2817682027816772,1.0466989278793335,0.8929483294487,0.8884746432304382,0.8019908666610718,0.5962454080581665,0.5427426099777222,0.599855899810791,0.34363409876823425,0.3944639265537262,0.565704882144928,0.450402170419693,0.29325804114341736
B1,1.9793332815170288,1.7858734130859375,1.8793344497680664,2.2045199871063232,2.08120059967041,1.9676569700241089,2.2434146404266357,2.3930065631866455,2.224241256713867,2.2761099338531494,2.532459259033203,2.4946672916412354,2.4598965644836426,2.6381421089172363,2.8878016471862793,0.0,0.3902811110019684,0.5440521836280823,0.571715772151947,0.7079759240150452,0.9435500502586365,1.0730788707733154,1.1639821529388428,1.355301022529602,1.5315320491790771,1.6274791955947876,1.777159571647644,1.9755691289901733,2.1118922233581543,2.2203941345214844,1.974560260772705,2.0111918449401855,1.848197102546692,1.4949294328689575,1.7133206129074097,1.8167352676391602,1.5044840574264526,1.3488110303878784,1.6714942455291748,1.6972318887710571,1.4216138124465942,1.437574863433838,1.7385228872299194,1.7077386379241943,1.6303327083587646,1.2443808317184448,1.6022262573242188,1.5707581043243408,1.3951175212860107,1.4807074069976807,1.7761752605438232,1.728577733039856,1.6580761671066284,1.922180414199829,2.0494861602783203,1.9955639839172363,2.0888493061065674,2.335731029510498,2.3683738708496094,2.468775987625122,2.7734949588775635,2.4489169120788574,2.4113881587982178,2.717263698577881,2.5557289123535156,2.254648208618164,2.5387141704559326,2.7026772499084473,2.4974524974823,2.310387372970581,2.6402359008789062,2.6924784183502197,2.5178325176239014,2.4722349643707275,2.842092752456665
B2,1.8278989791870117,1.5641775131225586,1.6497597694396973,1.9800347089767456,1.8160512447357178,1.670196533203125,1.9637709856033325,2.1080048084259033,1.90015709400177,1.9443694353103638,2.2232961654663086,2.1669156551361084,2.105811834335327,2.2985761165618896,2.5568337440490723,0.3902811110019684,0.0,0.3727291226387024,0.5635048151016235,0.5545946359634399,0.6727428436279297,0.9133826494216919,1.0570802688598633,1.15066397190094,1.3042563199996948,1.4810391664505005,1.6229844093322754,1.7601617574691772,1.9275277853012085,2.08085560798645,1.6425169706344604,1.6515223979949951,1.487625241279602,1.1257203817367554,1.3308850526809692,1.4311941862106323,1.128976583480835,0.9601176381111145,1.2889490127563477,1.334739089012146,1.0908961296081543,1.1017136573791504,1.4082083702087402,1.4269723892211914,1.3919020891189575,0.9600707292556763,1.3089619874954224,1.226715087890625,1.0165776014328003,1.1232523918151855,1.4084243774414062,1.3395957946777344,1.2793632745742798,1.559363603591919,1.6686432361602783,1.6202131509780884,1.736631989479065,1.9768905639648438,2.000696897506714,2.125613212585449,2.47476863861084,2.1449010372161865,2.0753862857818604,2.3867478370666504,2.2404353618621826,1.9228215217590332,2.190274238586426,2.378068208694458,2.1887824535369873,1.972486972808838,2.3041799068450928,2.389740228652954,2.2226428985595703,2.145420551300049,2.534173011779785
B3,1.522070288658142,1.2937310934066772,1.3499608039855957,1.6845941543579102,1.5726133584976196,1.4387844800949097,1.701690435409546,1.8645424842834473,1.7096644639968872,1.7536070346832275,1.9958550930023193,1.9740500450134277,1.9590096473693848,2.125819444656372,2.3627817630767822,0.5440521836280823,0.3727291226387024,0.0,0.3802635669708252,0.5521056652069092,0.5443781614303589,0.6641795039176941,0.9047330617904663,1.0560134649276733,1.1172289848327637,1.2656220197677612,1.4809558391571045,1.607396125793457,1.712514877319336,1.8871617317199707,1.7597233057022095,1.6999431848526,1.4467837810516357,1.150496482849121,1.423035740852356,1.4205503463745117,1.0663025379180908,1.017492413520813,1.334162950515747,1.2789016962051392,1.0333917140960693,1.1756184101104736,1.401851773262024,1.3431025743484497,1.3699495792388916,0.7527456879615784,1.076806664466858,1.1102702617645264,0.9892143607139587,1.0108067989349365,1.3085856437683105,1.3510770797729492,1.3141193389892578,1.5095528364181519,1.6651644706726074,1.7001887559890747,1.7856109142303467,1.9875565767288208,2.0742063522338867,2.235265016555786,2.3584039211273193,2.0148696899414062,2.002443552017212,2.2687277793884277,2.0773303508758545,1.7722712755203247,2.069607734680176,2.2015256881713867,1.9727990627288818,1.7968552112579346,2.1266186237335205,2.1575536727905273,1.9771268367767334,1.9452065229415894,2.3044679164886475
B4,1.4244842529296875,1.2664700746536255,1.4035991430282593,1.703014612197876,1.5945736169815063,1.5475748777389526,1.8260753154754639,1.9389750957489014,1.8254919052124023,1.9340308904647827,2.1563720703125,2.1069109439849854,2.1492578983306885,2.3463034629821777,2.551368474960327,0.571715772151947,0.5635048151016235,0.3802635669708252,0.0,0.38301950693130493,0.5558199882507324,0.5312621593475342,0.6416133046150208,0.8972071409225464,1.0234854221343994,1.072341799736023,1.2643178701400757,1.4681260585784912,1.5632113218307495,1.6731840372085571,2.0945146083831787,2.024506092071533,1.7619729042053223,1.468196153640747,1.694475531578064,1.674768090248108,1.2908791303634644,1.227881669998169,1.4979053735733032,1.4007103443145752,1.083101749420166,1.220787525177002,1.4238957166671753,1.287662148475647,1.2451207637786865,0.8246870040893555,1.1907284259796143,1.2273520231246948,1.1834336519241333,1.2778462171554565,1.5301218032836914,1.5771405696868896,1.6106919050216675,1.8164918422698975,1.945412516593933,1.9918652772903442,2.11806058883667,2.3114593029022217,2.378723382949829,2.5593090057373047,2.6948530673980713,2.3434793949127197,2.3319432735443115,2.5782382488250732,2.370181083679199,2.0565943717956543,2.350356340408325,2.4623942375183105,2.2000746726989746,2.016472339630127,2.3509788513183594,2.35298228263855,2.120525598526001,2.114368200302124,2.469494342803955
B5,1.47514009475708,1.246295690536499,1.4405916929244995,1.722497820854187,1.532444715499878,1.4944921731948853,1.8231775760650635,1.8883552551269531,1.7230637073516846,1.8663235902786255,2.1231906414031982,2.0147323608398438,2.039393663406372,2.286714553833008,2.493655204772949,0.7079759240150452,0.5545946359634399,0.5521056652069092,0.38301950693130493,0.0,0.38759756088256836,0.5448912382125854,0.5348244905471802,0.6518840789794922,0.8855148553848267,1.0031311511993408,1.0966933965682983,1.286971926689148,1.4664849042892456,1.5703870058059692,1.976089358329773,1.9050122499465942,1.6790999174118042,1.361399531364441,1.5039572715759277,1.5099753141403198,1.141162395477295,1.0083034038543701,1.2377245426177979,1.1766842603683472,0.8309363126754761,0.8867530226707458,1.1217923164367676,1.0295957326889038,0.9324652552604675,0.7413650155067444,1.1433147192001343,1.0533210039138794,0.9917986392974854,1.2004586458206177,1.4017961025238037,1.3780317306518555,1.4692645072937012,1.7288024425506592,1.797669768333435,1.8198682069778442,2.0086917877197266,2.2040860652923584,2.217824935913086,2.414310932159424,2.7136666774749756,2.361133575439453,2.2908716201782227,2.5523555278778076,2.373678684234619,2.03226900100708,2.2910642623901367,2.445140838623047,2.200805425643921,1.9589605331420898,2.3002076148986816,2.3509812355041504,2.1028923988342285,2.0511035919189453,2.4427976608276367
B6,1.2384663820266724,0.9379532933235168,1.1010080575942993,1.3945212364196777,1.1894949674606323,1.1156142950057983,1.447985053062439,1.5233588218688965,1.3454066514968872,1.4790672063827515,1.7377394437789917,1.6342130899429321,1.6588177680969238,1.9019222259521484,2.106348991394043,0.9435500502586365,0.6727428436279297,0.5443781614303589,0.5558199882507324,0.38759756088256836,0.0,0.3770717680454254,0.5658519268035889,0.5531131625175476,0.634920597076416,0.8649469017982483,1.0185580253601074,1.1025859117507935,1.269571304321289,1.455512285232544,1.7796063423156738,1.6455235481262207,1.3683042526245117,1.1033706665039062,1.269898533821106,1.195786476135254,0.8012739419937134,0.7612518668174744,0.976258397102356,0.847870409488678,0.5308405756950378,0.7295330166816711,0.8911281824111938,0.8006980419158936,0.8437256813049316,0.36139070987701416,0.7620617151260376,0.6883583664894104,0.6750381588935852,0.8544277548789978,1.038642406463623,1.0787367820739746,1.1997675895690918,1.407570242881775,1.4877866506576538,1.5717436075210571,1.7523013353347778,1.9131314754486084,1.961162805557251,2.1937105655670166,2.3868002891540527,2.0293869972229004,1.9659967422485352,2.201735258102417,2.0134060382843018,1.6695008277893066,1.9274282455444336,2.0688865184783936,1.8194698095321655,1.574665904045105,1.9154967069625854,1.9665409326553345,1.7214845418930054,1.6642082929611206,2.057480573654175
B7,0.9426590800285339,0.7474926710128784,0.9420777559280396,1.2113614082336426,1.0815622806549072,1.0926294326782227,1.3839911222457886,1.4483728408813477,1.3689519166946411,1.5328458547592163,1.7297433614730835,1.6547300815582275,1.7590677738189697,1.9789260625839233,2.14162540435791,1.0730788707733154,0.9133826494216919,0.6641795039176941,0.5312621593475342,0.5448912382125854,0.3770717680454254,0.0,0.37581562995910645,0.5459199547767639,0.5186739563941956,0.6026228070259094,0.8572624325752258,0.9898025393486023,1.0592963695526123,1.2260839939117432,2.1021158695220947,1.939758539199829,1.61168372631073,1.4015036821365356,1.6025665998458862,1.4670418500900269,1.0583860874176025,1.1039299964904785,1.2826266288757324,1.0661221742630005,0.7578241229057312,1.032385230064392,1.0957655906677246,0.8710928559303284,0.9293637871742249,0.4387734532356262,0.7666786909103394,0.8595952987670898,0.9708836674690247,1.0695422887802124,1.235873818397522,1.3691188097000122,1.5030876398086548,1.642204761505127,1.7532289028167725,1.8886377811431885,2.0431902408599854,2.17703914642334,2.2655694484710693,2.512568712234497,2.531735897064209,2.1697239875793457,2.1620595455169678,2.3495733737945557,2.118161678314209,1.7971158027648926,2.0755951404571533,2.1508374214172363,1.8533942699432373,1.6593139171600342,1.9883954524993896,1.9645614624023438,1.6828089952468872,1.6947076320648193,2.042128324508667
B8,1.0622749328613281,0.9301244616508484,1.2094855308532715,1.4170469045639038,1.2541817426681519,1.3419671058654785,1.6525648832321167,1.6516046524047852,1.5781153440475464,1.7957732677459717,1.9926210641860962,1.870060920715332,1.996280550956726,2.2547073364257812,2.398043632507324,1.1639821529388428,1.0570802688598633,0.9047330617904663,0.6416133046150208,0.5348244905471802,0.5658519268035889,0.37581562995910645,0.0,0.38230404257774353,0.5595284104347229,0.5084233283996582,0.6271464824676514,0.880791425704956,0.9981335997581482,1.0597779750823975,2.339726686477661,2.1944243907928467,1.8990484476089478,1.6619930267333984,1.7997080087661743,1.6949877738952637,1.2997413873672485,1.2779582738876343,1.4104703664779663,1.212820291519165,0.8569139242172241,1.0424621105194092,1.1021791696548462,0.8349415063858032,0.7570813298225403,0.7224177718162537,1.0510491132736206,1.0544947385787964,1.1747581958770752,1.3641530275344849,1.4891088008880615,1.565604567527771,1.7441511154174805,1.9277098178863525,1.994715929031372,2.1033098697662354,2.3038439750671387,2.4458892345428467,2.4903554916381836,2.7406363487243652,2.8727030754089355,2.5108325481414795,2.4747748374938965,2.66818904876709,2.448711395263672,2.1162571907043457,2.3727917671203613,2.4619553089141846,2.164316415786743,1.9430418014526367,2.270423412322998,2.2560958862304688,1.944140076637268,1.9482524394989014,2.3022310733795166
B9,1.1063172817230225,0.8649762272834778,1.1721528768539429,1.3546909093856812,1.1002107858657837,1.1868311166763306,1.5354841947555542,1.4873991012573242,1.3586184978485107,1.6065759658813477,1.8301175832748413,1.6519339084625244,1.7626214027404785,2.062434434890747,2.2019994258880615,1.355301022529602,1.15066397190094,1.0560134649276733,0.8972071409225464,0.6518840789794922,0.5531131625175476,0.5459199547767639,0.38230404257774353,0.0,0.38455209136009216,0.5291235446929932,0.5054646730422974,0.6457911133766174,0.8853969573974609,0.9950979351997375,2.1840953826904297,2.0152299404144287,1.740046501159668,1.5222797393798828,1.5885376930236816,1.4693195819854736,1.1065406799316406,1.0750398635864258,1.1260067224502563,0.9217489957809448,0.5718848705291748,0.7418875694274902,0.738946795463562,0.47149884700775146,0.3951488733291626,0.6413374543190002,0.9322780966758728,0.8152998089790344,0.9681830406188965,1.2296863794326782,1.2801334857940674,1.3211896419525146,1.5636050701141357,1.7578895092010498,1.7727071046829224,1.8868495225906372,2.1305956840515137,2.2538068294525146,2.26615309715271,2.5406198501586914,2.7611031532287598,2.404284954071045,2.3230347633361816,2.5135066509246826,2.3205103874206543,1.9727519750595093,2.189894199371338,2.308347225189209,2.0322577953338623,1.7627605199813843,2.086237668991089,2.1176066398620605,1.79977285861969,1.757131576538086,2.1387040615081787
B10,0.7739281058311462,0.4848395586013794,0.8058689832687378,0.9705477952957153,0.7270941734313965,0.8480244278907776,1.1758185625076294,1.123401403427124,1.0456398725509644,1.3053770065307617,1.490429401397705,1.3341665267944336,1.4949990510940552,1.7717748880386353,1.8843220472335815,1.5315320491790771,1.3042563199996948,1.1172289848327637,1.0234854221343994,0.8855148553848267,0.634920597076416,0.5186739563941956,0.5595284104347229,0.38455209136009216,0.0,0.3763003945350647,0.5393014550209045,0.5064857602119446,0.6431271433830261,0.875690221786499,2.1745481491088867,1.9503298997879028,1.6157526969909668,1.4778900146484375,1.5870839357376099,1.3760653734207153,1.0088545083999634,1.10565185546875,1.1338701248168945,0.8260457515716553,0.5716639757156372,0.900302529335022,0.7789382934570312,0.4473540484905243,0.6291466951370239,0.4934236407279968,0.641270101070404,0.6585701107978821,0.9295534491539001,1.0935242176055908,1.1086450815200806,1.263338327407837,1.5148463249206543,1.6200867891311646,1.6652517318725586,1.8536365032196045,2.062016010284424,2.1423587799072266,2.209256887435913,2.509906530380249,2.5419833660125732,2.1856448650360107,2.1427054405212402,2.282850742340088,2.061631917953491,1.7324340343475342,1.9558851718902588,2.0239245891571045,1.7208573818206787,1.4819715023040771,1.7928166389465332,1.7813918590545654,1.4461561441421509,1.4394391775131226,1.793817400932312
B11,0.6480618715286255,0.5982003808021545,0.9398565292358398,1.039881706237793,0.900474488735199,1.1090632677078247,1.3768099546432495,1.3045604228973389,1.3235679864883423,1.59492826461792,1.7250456809997559,1.5931035280227661,1.8067357540130615,2.061817169189453,2.140385627746582,1.6274791955947876,1.4810391664505005,1.2656220197677612,1.072341799736023,1.0031311511993408,0.8649469017982483,0.6026228070259094,0.5084233283996582,0.5291235446929932,0.3763003945350647,0.0,0.373861700296402,0.5201069116592407,0.5052940845489502,0.6241676211357117,2.5276455879211426,2.312063217163086,1.9664909839630127,1.8232675790786743,1.9525399208068848,1.7477039098739624,1.371848702430725,1.458512306213379,1.503006100654602,1.201020359992981,0.931801974773407,1.2181187868118286,1.1081370115280151,0.737425684928894,0.8023356795310974,0.7931067943572998,0.9370755553245544,1.031270980834961,1.2918531894683838,1.4327988624572754,1.4691643714904785,1.6377307176589966,1.8754053115844727,1.9728034734725952,2.0349769592285156,2.2240641117095947,2.4220244884490967,2.504580020904541,2.582047939300537,2.8780524730682373,2.8457999229431152,2.488598108291626,2.4782705307006836,2.599614381790161,2.355161190032959,2.044567584991455,2.281097650527954,2.30950927734375,1.9801024198532104,1.7840476036071777,2.079511880874634,2.012526750564575,1.6557347774505615,1.7062435150146484,2.011214256286621
B12,0.9576653838157654,0.8798633813858032,1.2402933835983276,1.3006668090820312,1.0915714502334595,1.3199756145477295,1.615341067314148,1.4844937324523926,1.46519136428833,1.7728784084320068,1.9229578971862793,1.7316462993621826,1.936517357826233,2.2352614402770996,2.304985523223877,1.777159571647644,1.6229844093322754,1.4809558391571045,1.2643178701400757,1.0966933965682983,1.0185580253601074,0.8572624325752258,0.6271464824676514,0.5054646730422974,0.5393014550209045,0.373861700296402,0.0,0.3760349154472351,0.5387297868728638,0.5123632550239563,2.6388916969299316,2.433816909790039,2.128269672393799,1.9658702611923218,2.024764060974121,1.8483659029006958,1.5027445554733276,1.5316671133041382,1.5184149742126465,1.2497285604476929,0.975322961807251,1.16652250289917,1.0291739702224731,0.6597189903259277,0.6026896238327026,1.007358431816101,1.1725016832351685,1.1454099416732788,1.3938851356506348,1.6163665056228638,1.6096569299697876,1.7112271785736084,1.9921245574951172,2.1316497325897217,2.141481876373291,2.303586483001709,2.5492472648620605,2.634897470474243,2.662923574447632,2.9649202823638916,3.0727341175079346,2.718815326690674,2.664315938949585,2.7976059913635254,2.5799143314361572,2.253833293914795,2.4568581581115723,2.5178849697113037,2.208704710006714,1.9696780443191528,2.260932445526123,2.2333693504333496,1.8673409223556519,1.8792308568954468,2.203068256378174
B13,0.8937370777130127,0.7395436763763428,1.0864825248718262,1.092121958732605,0.8270372748374939,1.0844488143920898,1.3703793287277222,1.1880816221237183,1.1675220727920532,1.5015678405761719,1.6375681161880493,1.414899230003357,1.640395998954773,1.9504212141036987,1.9939355850219727,1.9755691289901733,1.7601617574691772,1.607396125793457,1.4681260585784912,1.286971926689148,1.1025859117507935,0.9898025393486023,0.880791425704956,0.6457911133766174,0.5064857602119446,0.5201069116592407,0.3760349154472351,0.0,0.3692179024219513,0.5314693450927734,2.534968376159668,2.289116382598877,1.9749056100845337,1.873830795288086,1.906579613685608,1.6770190000534058,1.374855875968933,1.4603973627090454,1.378791332244873,1.0667924880981445,0.8925261497497559,1.1255520582199097,0.8767459392547607,0.5062615871429443,0.6297428607940674,0.9816663861274719,1.027052640914917,0.9881172776222229,1.2962267398834229,1.499832272529602,1.4203317165374756,1.553281545639038,1.8703088760375977,1.9631516933441162,1.9519026279449463,2.1547303199768066,2.4034852981567383,2.4499335289001465,2.485778570175171,2.813455820083618,2.8743858337402344,2.5316784381866455,2.4681174755096436,2.566922426223755,2.3573720455169678,2.0408899784088135,2.211052656173706,2.261655330657959,1.9612020254135132,1.712397575378418,1.9804514646530151,1.9619451761245728,1.588883399963379,1.5868175029754639,1.902714729309082
