,A1,A2,A3,A4,A5,A6,A7,A8,A9,A10,A11,A12,A13,A14,A15,B1,B2,B3,B4,B5,B6,B7,B8,B9,B10,B11,B12,B13,B14,B15,C1,C2,C3,C4,C5,C6,C7,C8,C9,C10,C11,C12,C13,C14,C15,D1,D2,D3,D4,D5,D6,D7,D8,D9,D10,D11,D12,D13,D14,D15,E1,E2,E3,E4,E5,E6,E7,E8,E9,E10,E11,E12,E13,E14,E15
A1,0.0,0.3893134295940399,0.5429320931434631,0.5635214447975159,0.691795825958252,0.9267643690109253,1.0257198810577393,1.1065430641174316,1.301969051361084,1.4692350625991821,1.5443925857543945,1.6792893409729004,1.891484260559082,2.057147264480591,2.151911497116089,2.8054676055908203,2.5281240940093994,2.3062374591827393,2.3074488639831543,2.2275304794311523,1.9097601175308228,1.8145437240600586,1.9075089693069458,1.6963834762573242,1.3819659948349,1.4662975072860718,1.5316877365112305,1.1950496435165405,1.0804064273834229,1.3533753156661987,0.8931006193161011,0.7208056449890137,0.9952297806739807,1.273045539855957,1.2128905057907104,1.2392334938049316,1.528291940689087,1.6871416568756104,1.6855982542037964,1.8231127262115479,2.0644028186798096,2.1749417781829834,2.2672836780548096,2.532702684402466,2.70941424369812,2.851224899291992,2.5478415489196777,2.330904722213745,2.380836009979248,2.293499231338501,1.9569551944732666,1.9053888320922852,2.0410540103912354,1.8102020025253296,1.5011215209960938,1.66335129737854,1.7391407489776611,1.3907036781311035,1.3488448858261108,1.64103102684021,1.4316214323043823,1.1819592714309692,1.3738338947296143,1.7061406373977661,1.6197497844696045,1.5141608715057373,1.8330421447753906,2.0404014587402344,1.960472583770752,2.024545669555664,2.339200019836426,2.4458916187286377,2.4443767070770264,2.7096076011657715,2.9371843338012695
A2,0.3893134295940399,0.0,0.3726051151752472,0.5494377017021179,0.5241280794143677,0.6459022760391235,0.8635115027427673,0.9940984845161438,1.0846365690231323,1.2382724285125732,1.4014196395874023,1.523737907409668,1.673904538154602,1.8796157836914062,2.0130465030670166,2.5020577907562256,2.200915575027466,2.005718946456909,2.035169839859009,1.9263554811477661,1.5930731296539307,1.5533338785171509,1.6640634536743164,1.4152356386184692,1.1119471788406372,1.2845138311386108,1.347623586654663,0.9959172010421753,0.9974822402000427,1.3039298057556152,0.6739794611930847,0.3888292610645294,0.6217259764671326,0.9200068116188049,0.8736348152160645,0.8652471899986267,1.1421318054199219,1.3233356475830078,1.3352947235107422,1.4516658782958984,1.6842378377914429,1.8164594173431396,1.911362648010254,2.1603097915649414,2.345905065536499,2.4805915355682373,2.1906089782714844,1.9573943614959717,2.002502202987671,1.9363888502120972,1.5993372201919556,1.5270342826843262,1.6825395822525024,1.4781289100646973,1.147020697593689,1.313132643699646,1.4346553087234497,1.112781286239624,1.0743447542190552,1.4054170846939087,1.442059874534607,1.1270891427993774,1.2388622760772705,1.5799707174301147,1.4841303825378418,1.2962619066238403,1.6099035739898682,1.845232367515564,1.7293230295181274,1.7425888776779175,2.0797693729400635,2.198371171951294,2.155280351638794,2.410183906555176,2.6618094444274902
A3,0.5429320931434631,0.3726051151752472,0.0,0.38528209924697876,0.5421814322471619,0.5311170816421509,0.6225536465644836,0.8628778457641602,1.0034968852996826,1.058408260345459,1.196010947227478,1.4000495672225952,1.5377562046051025,1.6848827600479126,1.8539327383041382,2.272507667541504,2.005871534347534,1.7688138484954834,1.774225115776062,1.7171719074249268,1.392696738243103,1.2832285165786743,1.41453218460083,1.2329505681991577,0.885874330997467,1.0015294551849365,1.144595742225647,0.8492791056632996,0.7806086540222168,1.132414698600769,1.009148120880127,0.6523872017860413,0.8262427449226379,1.1241041421890259,0.991703450679779,0.8716006278991699,1.2062510251998901,1.3968088626861572,1.306770920753479,1.3953850269317627,1.6949522495269775,1.8010609149932861,1.826645016670227,2.1059939861297607,2.3123579025268555,2.397289276123047,2.0702497959136963,1.876090168952942,1.9765859842300415,1.8755059242248535,1.5156320333480835,1.5297359228134155,1.7122727632522583,1.4660707712173462,1.169779896736145,1.43105149269104,1.5393681526184082,1.218178629875183,1.2858831882476807,1.617292881011963,1.0775136947631836,0.7607464790344238,0.8770462870597839,1.2184711694717407,1.1475409269332886,0.9944000840187073,1.2984082698822021,1.5306448936462402,1.465718150138855,1.5035587549209595,1.808997392654419,1.9428800344467163,1.9497861862182617,2.1930034160614014,2.427455186843872
A4,0.5635214447975159,0.5494377017021179,0.38528209924697876,0.0,0.37125346064567566,0.5498961210250854,0.4924880862236023,0.5910837650299072,0.8474221229553223,0.9650118350982666,0.9926292300224304,1.1715742349624634,1.3886069059371948,1.5134737491607666,1.62075674533844,2.4780890941619873,2.2169549465179443,1.9471813440322876,1.9933284521102905,1.985778570175171,1.6425296068191528,1.5182068347930908,1.7055219411849976,1.5639537572860718,1.1995152235031128,1.2975962162017822,1.4947339296340942,1.225335955619812,1.1094714403152466,1.4589920043945312,1.2112525701522827,0.9118717908859253,1.023476481437683,1.3769277334213257,1.3195223808288574,1.1714223623275757,1.462336778640747,1.7058570384979248,1.6379023790359497,1.6709645986557007,1.9703280925750732,2.1188910007476807,2.1222143173217773,2.377835273742676,2.6144444942474365,2.5371391773223877,2.2014288902282715,2.0517802238464355,2.113643169403076,1.9536939859390259,1.6231064796447754,1.6657260656356812,1.7751173973083496,1.4756721258163452,1.2357659339904785,1.495269775390625,1.5084044933319092,1.1517548561096191,1.267914056777954,1.548856258392334,1.072102665901184,0.7553582191467285,1.007941484451294,1.272956371307373,1.111147165298462,1.0451055765151978,1.3967231512069702,1.543911337852478,1.4512766599655151,1.5759268999099731,1.8773621320724487,1.9421086311340332,1.973021388053894,2.260667085647583,2.452070474624634
A5,0.691795825958252,0.5241280794143677,0.5421814322471619,0.37125346064567566,0.0,0.3829329311847687,0.5217285752296448,0.4987005293369293,0.6158860921859741,0.8419421315193176,0.9472733736038208,1.020561933517456,1.2175523042678833,1.4240217208862305,1.5146318674087524,2.464001417160034,2.162818670272827,1.9262511730194092,2.0316624641418457,1.9910101890563965,1.6193220615386963,1.577170968055725,1.7930573225021362,1.60239839553833,1.2592401504516602,1.4550896883010864,1.631149411201477,1.3363726139068604,1.3194689750671387,1.6723732948303223,1.0622979402542114,0.8020370006561279,0.7924960255622864,1.1727465391159058,1.2096834182739258,1.0486016273498535,1.2651749849319458,1.552871584892273,1.5505192279815674,1.5417875051498413,1.7991702556610107,2.002020835876465,2.0275256633758545,2.238237142562866,2.4876229763031006,2.339768409729004,2.033034563064575,1.8707855939865112,1.8744021654129028,1.718467116355896,1.416938066482544,1.4114773273468018,1.4761015176773071,1.1886051893234253,0.9451878070831299,1.1613646745681763,1.1539292335510254,0.7906011939048767,0.9030715227127075,1.1797153949737549,1.3756120204925537,1.0166906118392944,1.2057808637619019,1.4552850723266602,1.2427647113800049,1.0943111181259155,1.462868094444275,1.606810450553894,1.4290510416030884,1.5233337879180908,1.8672230243682861,1.902183175086975,1.8679583072662354,2.1759660243988037,2.382019519805908
A6,0.9267643690109253,0.6459022760391235,0.5311170816421509,0.5498961210250854,0.3829329311847687,0.0,0.3722189962863922,0.5523505806922913,0.5159048438072205,0.5993019938468933,0.8313249945640564,0.9645970463752747,1.0515974760055542,1.2614076137542725,1.4362256526947021,2.0833561420440674,1.7802358865737915,1.5467180013656616,1.664670705795288,1.6248180866241455,1.247490406036377,1.2260375022888184,1.4678220748901367,1.287919044494629,0.9533761739730835,1.1959362030029297,1.3981397151947021,1.1481374502182007,1.1939027309417725,1.5541188716888428,1.1389669179916382,0.804503321647644,0.7143797278404236,1.0639405250549316,1.053382158279419,0.791130542755127,1.0147697925567627,1.3184340000152588,1.2624613046646118,1.2093608379364014,1.4996452331542969,1.6992384195327759,1.6833363771438599,1.8975216150283813,2.162726640701294,1.9992070198059082,1.6778440475463867,1.5197417736053467,1.5644431114196777,1.4114999771118164,1.0805960893630981,1.1203540563583374,1.2416259050369263,0.9555091857910156,0.7050861716270447,1.0149259567260742,1.0703903436660767,0.7694265246391296,0.9529224038124084,1.259609580039978,1.2688027620315552,0.8831119537353516,0.9664067029953003,1.2069754600524902,1.0106817483901978,0.7769492864608765,1.129204511642456,1.307073950767517,1.122731328010559,1.1656889915466309,1.5187382698059082,1.5864394903182983,1.5378986597061157,1.8240082263946533,2.052112579345703
A7,1.0257198810577393,0.8635115027427673,0.6225536465644836,0.4924880862236023,0.5217285752296448,0.3722189962863922,0.0,0.37461504340171814,0.5288219451904297,0.4992089569568634,0.5748466849327087,0.8194684386253357,0.9608106017112732,1.0684852600097656,1.2411528825759888,2.101888656616211,1.847467064857483,1.5555639266967773,1.6586889028549194,1.699165940284729,1.3422044515609741,1.2303078174591064,1.5023349523544312,1.4122117757797241,1.0525373220443726,1.1989414691925049,1.474901556968689,1.2815239429473877,1.2345304489135742,1.6012521982192993,1.4575097560882568,1.1120665073394775,1.0801283121109009,1.4263378381729126,1.3736827373504639,1.0975428819656372,1.3467496633529663,1.638702630996704,1.5232244729995728,1.4546411037445068,1.782875895500183,1.959031105041504,1.8878319263458252,2.119032859802246,2.3991053104400635,2.146723508834839,1.7927087545394897,1.7003997564315796,1.777390956878662,1.5685404539108276,1.2494947910308838,1.380409598350525,1.4804704189300537,1.1464083194732666,0.98756343126297,1.3273539543151855,1.3182008266448975,1.0160720348358154,1.2580246925354004,1.5234651565551758,0.9939785003662109,0.6177594661712646,0.7993409633636475,0.9708219170570374,0.7237175107002258,0.619668185710907,0.9962538480758667,1.1016396284103394,0.9659114480018616,1.1154431104660034,1.4172658920288086,1.4550539255142212,1.4902855157852173,1.7882403135299683,1.965323805809021
A8,1.1065430641174316,0.9940984845161438,0.8628778457641602,0.5910837650299072,0.4987005293369293,0.5523505806922913,0.37461504340171814,0.0,0.38013356924057007,0.5485278367996216,0.4850751757621765,0.5834901928901672,0.843711793422699,0.9792301058769226,1.0456634759902954,2.387389659881592,2.1207449436187744,1.8365790843963623,1.9835877418518066,2.0276267528533936,1.6587145328521729,1.579939842224121,1.8669134378433228,1.762284517288208,1.4092063903808594,1.5720771551132202,1.836668610572815,1.6160523891448975,1.5659726858139038,1.9325642585754395,1.5501500368118286,1.2662028074264526,1.1959508657455444,1.5694665908813477,1.5951189994812012,1.3419517278671265,1.5358519554138184,1.8603101968765259,1.8022513389587402,1.7092658281326294,2.001338243484497,2.2217018604278564,2.1667239665985107,2.360766649246216,2.6542396545410156,2.2820322513580322,1.94945228099823,1.878974199295044,1.88744056224823,1.644147515296936,1.3813049793243408,1.4883509874343872,1.4969180822372437,1.1384062767028809,1.03791344165802,1.3199586868286133,1.2110093832015991,0.8896583318710327,1.1569846868515015,1.3539892435073853,1.2629538774490356,0.9224762916564941,1.1574687957763672,1.2791988849639893,0.972470223903656,0.9233564138412476,1.2973710298538208,1.3272119760513306,1.1298232078552246,1.329380989074707,1.6341301202774048,1.591477632522583,1.6085636615753174,1.9482804536819458,2.091041088104248
A9,1.301969051361084,1.0846365690231323,1.0034968852996826,0.8474221229553223,0.6158860921859741,0.5159048438072205,0.5288219451904297,0.38013356924057007,0.0,0.36538684368133545,0.523017168045044,0.4840845465660095,0.6088628172874451,0.8686222434043884,0.9762312769889832,2.2130258083343506,1.9150667190551758,1.669022560119629,1.8733477592468262,1.8899661302566528,1.508551001548767,1.5115951299667358,1.8210721015930176,1.6884397268295288,1.3740782737731934,1.6142951250076294,1.8622485399246216,1.647139072418213,1.6821274757385254,2.0470545291900635,1.520932912826538,1.2518839836120605,1.0716975927352905,1.418014645576477,1.4935823678970337,1.204490065574646,1.3170113563537598,1.6712905168533325,1.6429016590118408,1.491146445274353,1.7503033876419067,2.011190176010132,1.9527403116226196,2.101123571395874,2.410203218460083,1.950871229171753,1.6416206359863281,1.5727901458740234,1.540293574333191,1.2902443408966064,1.058297872543335,1.1553267240524292,1.1270675659179688,0.7632695436477661,0.7128455638885498,0.9971307516098022,0.8729800581932068,0.6059849858283997,0.9409394264221191,1.1248574256896973,1.4993572235107422,1.132641315460205,1.2651196718215942,1.375796914100647,1.0639294385910034,0.9030875563621521,1.2544504404067993,1.2956746816635132,1.012749195098877,1.1500009298324585,1.4919066429138184,1.4333274364471436,1.3710052967071533,1.7197667360305786,1.886406421661377
A10,1.4692350625991821,1.2382724285125732,1.058408260345459,0.9650118350982666,0.8419421315193176,0.5993019938468933,0.4992089569568634,0.5485278367996216,0.36538684368133545,0.0,0.38432204723358154,0.534184455871582,0.5040194392204285,0.6760016083717346,0.908035933971405,1.9034193754196167,1.6355688571929932,1.358154058456421,1.5676313638687134,1.632235050201416,1.2687753438949585,1.2432996034622192,1.5834128856658936,1.513068437576294,1.213598608970642,1.4302978515625,1.7199571132659912,1.572494387626648,1.6083203554153442,1.9657431840896606,1.7110625505447388,1.389604091644287,1.2223104238510132,1.5339592695236206,1.541587233543396,1.1978566646575928,1.3310681581497192,1.6683224439620972,1.5645089149475098,1.3784953355789185,1.6808080673217773,1.912302851676941,1.7898589372634888,1.9523687362670898,2.2756361961364746,1.7745281457901,1.4279232025146484,1.4067696332931519,1.4449583292007446,1.1704256534576416,0.9158651828765869,1.1223883628845215,1.1535801887512207,0.7913407683372498,0.7909884452819824,1.1500102281570435,1.0839289426803589,0.8920753598213196,1.2306034564971924,1.434205412864685,1.3236374855041504,0.977180004119873,1.0429890155792236,1.0861319303512573,0.7686058878898621,0.5957512259483337,0.9188613891601562,0.935882031917572,0.6494506001472473,0.8119564056396484,1.1359846591949463,1.088923692703247,1.0665632486343384,1.4053678512573242,1.5664085149765015
A11,1.5443925857543945,1.4014196395874023,1.196010947227478,0.9926292300224304,0.9472733736038208,0.8313249945640564,0.5748466849327087,0.4850751757621765,0.523017168045044,0.38432204723358154,0.0,0.3749381899833679,0.5313665270805359,0.5275315642356873,0.6768330335617065,2.1535537242889404,1.9289976358413696,1.6170684099197388,1.8039062023162842,1.9217153787612915,1.5794084072113037,1.4868792295455933,1.8260166645050049,1.8016401529312134,1.4784594774246216,1.6227747201919556,1.943343162536621,1.8042839765548706,1.7661210298538208,2.1256866455078125,1.9473766088485718,1.6306413412094116,1.5134741067886353,1.8548009395599365,1.8555949926376343,1.532765507698059,1.697179913520813,2.029686212539673,1.9156767129898071,1.7492140531539917,2.0618181228637695,2.281630277633667,2.1483216285705566,2.321369171142578,2.645627737045288,2.0944504737854004,1.7441534996032715,1.7653406858444214,1.8011560440063477,1.498262643814087,1.2802551984786987,1.497895359992981,1.490549087524414,1.1155822277069092,1.1444196701049805,1.474578619003296,1.3435477018356323,1.121212363243103,1.4633666276931763,1.626806616783142,1.253438949584961,0.9623317122459412,1.1327098608016968,1.1064223051071167,0.7368238568305969,0.7619336843490601,1.0718263387680054,0.9817535877227783,0.760438859462738,1.047404408454895,1.2910692691802979,1.1793725490570068,1.2486310005187988,1.596584677696228,1.6828011274337769
A12,1.6792893409729004,1.523737907409668,1.4000495672225952,1.1715742349624634,1.020561933517456,0.9645970463752747,0.8194684386253357,0.5834901928901672,0.4840845465660095,0.534184455871582,0.3749381899833679,0.0,0.37128013372421265,0.5143362879753113,0.5049195289611816,2.3565964698791504,2.102963924407959,1.8277753591537476,2.062157392501831,2.1516361236572266,1.794167399406433,1.764600157737732,2.1092495918273926,2.044455051422119,1.733888030052185,1.9282317161560059,2.2239511013031006,2.0516440868377686,2.0470097064971924,2.412646532058716,1.99356210231781,1.7276360988616943,1.5547136068344116,1.8959037065505981,1.9684010744094849,1.6589624881744385,1.7580111026763916,2.116690158843994,2.062157154083252,1.8686639070510864,2.133401870727539,2.399420976638794,2.289466142654419,2.415205955505371,2.7486677169799805,2.0905840396881104,1.781411051750183,1.8101941347122192,1.7670297622680664,1.4461735486984253,1.2996279001235962,1.4747718572616577,1.3753939867019653,1.003146767616272,1.103440761566162,1.3626710176467896,1.1464134454727173,0.9657015204429626,1.3255513906478882,1.4121545553207397,1.6166274547576904,1.3108282089233398,1.4791796207427979,1.4711182117462158,1.1029385328292847,1.0733758211135864,1.3770872354507446,1.2805274724960327,0.989029049873352,1.2386900186538696,1.5033650398254395,1.3332372903823853,1.3276864290237427,1.7025947570800781,1.7769992351531982
A13,1.891484260559082,1.673904538154602,1.5377562046051025,1.3886069059371948,1.2175523042678833,1.0515974760055542,0.9608106017112732,0.843711793422699,0.6088628172874451,0.5040194392204285,0.5313665270805359,0.37128013372421265,0.0,0.3709370195865631,0.5318309664726257,2.0881528854370117,1.8347358703613281,1.5834987163543701,1.8630708456039429,1.9572689533233643,1.6164730787277222,1.6345810890197754,1.9965170621871948,1.9457443952560425,1.680832028388977,1.9054492712020874,2.2004268169403076,2.065114736557007,2.111905813217163,2.468010663986206,2.0902864933013916,1.8128801584243774,1.5897955894470215,1.8866809606552124,1.9569919109344482,1.61275053024292,1.660934329032898,2.0185320377349854,1.9502568244934082,1.7029213905334473,1.9527723789215088,2.227609395980835,2.08286452293396,2.173255205154419,2.5211782455444336,1.7549463510513306,1.4535222053527832,1.5271923542022705,1.4831407070159912,1.1365901231765747,1.0402854681015015,1.2668819427490234,1.1577227115631104,0.8058915734291077,1.0005946159362793,1.2724140882492065,1.0823018550872803,1.0058430433273315,1.384434700012207,1.4717211723327637,1.7290472984313965,1.4211679697036743,1.4987590312957764,1.4550256729125977,1.1057732105255127,1.0119423866271973,1.248556137084961,1.1382323503494263,0.7879289388656616,0.9920453429222107,1.249334692955017,1.0507067441940308,0.9902074933052063,1.3698018789291382,1.4483438730239868
A14,2.057147264480591,1.8796157836914062,1.6848827600479126,1.5134737491607666,1.4240217208862305,1.2614076137542725,1.0684852600097656,0.9792301058769226,0.8686222434043884,0.6760016083717346,0.5275315642356873,0.5143362879753113,0.3709370195865631,0.0,0.3617843687534332,2.0949652194976807,1.9012795686721802,1.610018253326416,1.8683819770812988,2.0290353298187256,1.7222284078598022,1.6768910884857178,2.0465805530548096,2.062668800354004,1.7948787212371826,1.95719575881958,2.2888543605804443,2.196652889251709,2.1990082263946533,2.5476009845733643,2.3646929264068604,2.058326244354248,1.8763855695724487,2.1814165115356445,2.20731520652771,1.850836992263794,1.9403233528137207,2.281967878341675,2.1642279624938965,1.921335220336914,2.2040510177612305,2.446598529815674,2.2607529163360596,2.371642589569092,2.7222843170166016,1.927706003189087,1.6051270961761475,1.732252836227417,1.7414848804473877,1.3845449686050415,1.2870464324951172,1.5666794776916504,1.4910070896148682,1.1498467922210693,1.3290666341781616,1.6292847394943237,1.4527629613876343,1.3546134233474731,1.7310340404510498,1.826869249343872,1.637813687324524,1.3940834999084473,1.4840008020401,1.3520697355270386,0.9961373209953308,1.0235663652420044,1.2048782110214233,0.9926904439926147,0.7094889283180237,1.0135602951049805,1.170807957649231,0.9179782271385193,0.98287433385849,1.3431295156478882,1.3426378965377808
A15,2.151911497116089,2.0130465030670166,1.8539327383041382,1.62075674533844,1.5146318674087524,1.4362256526947021,1.2411528825759888,1.0456634759902954,0.9762312769889832,0.908035933971405,0.6768330335617065,0.5049195289611816,0.5318309664726257,0.3617843687534332,0.0,2.4532148838043213,2.253154754638672,1.9690887928009033,2.2273340225219727,2.379589080810547,2.0604662895202637,2.015615224838257,2.3807690143585205,2.378117322921753,2.0904626846313477,2.2524189949035645,2.579941987991333,2.4567556381225586,2.438704252243042,2.796238899230957,2.4949791431427,2.2195277214050293,2.039302349090576,2.3654589653015137,2.427116632461548,2.092604160308838,2.1747000217437744,2.5308144092559814,2.44722056388855,2.2139041423797607,2.479152202606201,2.742351531982422,2.5804808139801025,2.680272102355957,3.0312018394470215,2.200871467590332,1.905145287513733,2.0268406867980957,1.9877029657363892,1.6260311603546143,1.5603543519973755,1.7975621223449707,1.6647441387176514,1.3223779201507568,1.5123775005340576,1.7632226943969727,1.521030068397522,1.4178447723388672,1.7861112356185913,1.8239518404006958,1.8436946868896484,1.6072821617126465,1.758615493774414,1.6423205137252808,1.2729742527008057,1.3323050737380981,1.5470056533813477,1.3320955038070679,1.0681252479553223,1.3705718517303467,1.529107928276062,1.2565410137176514,1.3082692623138428,1.669518232345581,1.638420820236206
B1,2.8054676055908203,2.5020577907562256,2.272507667541504,2.4780890941619873,2.464001417160034,2.0833561420440674,2.101888656616211,2.387389659881592,2.2130258083343506,1.9034193754196167,2.1535537242889404,2.3565964698791504,2.0881528854370117,2.0949652194976807,2.4532148838043213,0.0,0.3920985758304596,0.5508838295936584,0.5676892399787903,0.6827285289764404,0.9208493828773499,1.0315669775009155,1.1078537702560425,1.298275113105774,1.4752464294433594,1.5655311346054077,1.6996430158615112,1.90883207321167,2.1034064292907715,2.2267093658447266,2.739778995513916,2.4190592765808105,2.2807912826538086,2.2839882373809814,2.1056761741638184,1.8120108842849731,1.826494574546814,1.863364815711975,1.5590752363204956,1.34688401222229,1.5362706184387207,1.4747471809387207,1.0960313081741333,1.1905733346939087,1.397173285484314,1.2752246856689453,1.0699028968811035,1.1587978601455688,1.5225598812103271,1.5379154682159424,1.42986261844635,1.6745620965957642,1.937425971031189,1.9311052560806274,1.9489505290985107,2.219595193862915,2.4070231914520264,2.4312241077423096,2.641946315765381,2.8904008865356445,2.14568829536438,2.0293831825256348,1.6866928339004517,1.5970574617385864,1.7280009984970093,1.525167465209961,1.2108876705169678,1.355069875717163,1.4359019994735718,1.1197549104690552,0.9618315100669861,1.2766008377075195,1.2353788614273071,0.962937593460083,1.2152210474014282
B2,2.5281240940093994,2.200915575027466,2.005871534347534,2.2169549465179443,2.162818670272827,1.7802358865737915,1.847467064857483,2.1207449436187744,1.9150667190551758,1.6355688571929932,1.9289976358413696,2.102963924407959,1.8347358703613281,1.9012795686721802,2.253154754638672,0.3920985758304596,0.0,0.3744015395641327,0.5525333881378174,0.5213965773582458,0.6383383870124817,0.8662949800491333,0.9968312978744507,1.0816549062728882,1.2387446165084839,1.4163042306900024,1.542625069618225,1.6874690055847168,1.9187854528427124,2.0776937007904053,2.400081157684326,2.094180107116699,1.9267126321792603,1.9227526187896729,1.7745369672775269,1.47225821018219,1.4537968635559082,1.5131152868270874,1.2364590167999268,0.9820679426193237,1.1722155809402466,1.1645090579986572,0.78961580991745,0.8847328424453735,1.1533793210983276,1.006105899810791,0.7640516757965088,0.7845733165740967,1.1587671041488647,1.1960686445236206,1.0673794746398926,1.2882733345031738,1.5651681423187256,1.578359842300415,1.582768440246582,1.836985468864441,2.0400021076202393,2.0765879154205322,2.2713897228240967,2.5179991722106934,2.046919822692871,1.8665926456451416,1.5414798259735107,1.515891671180725,1.5932053327560425,1.3228954076766968,1.0791398286819458,1.2731528282165527,1.2662779092788696,0.9066038727760315,0.8863583207130432,1.1896926164627075,1.0648120641708374,0.8763957619667053,1.206465482711792
B3,2.3062374591827393,2.005718946456909,1.7688138484954834,1.9471813440322876,1.9262511730194092,1.5467180013656616,1.5555639266967773,1.8365790843963623,1.669022560119629,1.358154058456421,1.6170684099197388,1.8277753591537476,1.5834987163543701,1.610018253326416,1.9690887928009033,0.5508838295936584,0.3744015395641327,0.0,0.38171786069869995,0.5399640798568726,0.5202310681343079,0.618937075138092,0.8576993346214294,0.9975671172142029,1.0566260814666748,1.2017443180084229,1.4089369773864746,1.5450106859207153,1.7191311120986938,1.9135607481002808,2.3016154766082764,1.9609977006912231,1.817710041999817,1.8838648796081543,1.7230504751205444,1.3843458890914917,1.4426604509353638,1.5612239837646484,1.2619092464447021,1.0217620134353638,1.307038426399231,1.334527611732483,0.9905498623847961,1.160499930381775,1.4471551179885864,1.1948093175888062,0.8583900928497314,0.9072906970977783,1.2559351921081543,1.1916080713272095,0.9957695007324219,1.2810946702957153,1.5416581630706787,1.4645510911941528,1.4650452136993408,1.7781801223754883,1.9410197734832764,1.9248586893081665,2.156071186065674,2.412086009979248,1.7059251070022583,1.536167860031128,1.221298336982727,1.156846284866333,1.2299102544784546,0.988875150680542,0.7142466902732849,0.9038389921188354,0.9350926280021667,0.6018205881118774,0.5675277709960938,0.913116455078125,0.8724702000617981,0.7614309191703796,1.0677030086517334
B4,2.3074488639831543,2.035169839859009,1.774225115776062,1.9933284521102905,2.0316624641418457,1.664670705795288,1.6586889028549194,1.9835877418518066,1.8733477592468262,1.5676313638687134,1.8039062023162842,2.062157392501831,1.8630708456039429,1.8683819770812988,2.2273340225219727,0.5676892399787903,0.5525333881378174,0.38171786069869995,0.0,0.3720545768737793,0.5444743037223816,0.4946160614490509,0.5906190276145935,0.8463600277900696,0.9721994400024414,1.0109766721725464,1.189146637916565,1.40581476688385,1.5590180158615112,1.6953703165054321,2.3410699367523193,1.9919310808181763,1.9154233932495117,1.96187424659729,1.7351977825164795,1.4401893615722656,1.5592358112335205,1.6115429401397705,1.2608294486999512,1.1225818395614624,1.422005295753479,1.3542578220367432,1.022607684135437,1.2696787118911743,1.4857850074768066,1.5210835933685303,1.2119362354278564,1.2004200220108032,1.5665464401245117,1.5396523475646973,1.3027310371398926,1.5458122491836548,1.8440204858779907,1.758884310722351,1.6971842050552368,2.017130136489868,2.2084052562713623,2.1504273414611816,2.354383707046509,2.6418259143829346,1.612400770187378,1.5070302486419678,1.1460905075073242,1.101597785949707,1.2865020036697388,1.0873488187789917,0.7729923725128174,1.022180438041687,1.1629846096038818,0.8870713710784912,0.8191925883293152,1.1947581768035889,1.226289987564087,1.1056013107299805,1.3717961311340332
B5,2.2275304794311523,1.9263554811477661,1.7171719074249268,1.985778570175171,1.9910101890563965,1.6248180866241455,1.699165940284729,2.0276267528533936,1.8899661302566528,1.632235050201416,1.9217153787612915,2.1516361236572266,1.9572689533233643,2.0290353298187256,2.379589080810547,0.6827285289764404,0.5213965773582458,0.5399640798568726,0.3720545768737793,0.0,0.38832712173461914,0.5345956683158875,0.5080564022064209,0.6211092472076416,0.8561035394668579,0.9754638671875,1.0488107204437256,1.244340419769287,1.4757215976715088,1.5896689891815186,2.1343562602996826,1.8164620399475098,1.734125018119812,1.717041254043579,1.4837476015090942,1.2295584678649902,1.31174898147583,1.303895354270935,0.951744794845581,0.8460206389427185,1.1105308532714844,0.996487021446228,0.6766406893730164,0.9645794034004211,1.1497156620025635,1.4344377517700195,1.1684809923171997,1.0512381792068481,1.4211329221725464,1.4759247303009033,1.2270231246948242,1.3889826536178589,1.7265028953552246,1.6982204914093018,1.590085744857788,1.866434931755066,2.1099295616149902,2.0696215629577637,2.222075939178467,2.520240068435669,1.7645196914672852,1.612870454788208,1.2527059316635132,1.31441330909729,1.477921962738037,1.2071737051010132,0.9800946712493896,1.2859115600585938,1.3524445295333862,1.0345475673675537,1.0785104036331177,1.4352595806121826,1.3836917877197266,1.284014105796814,1.6002482175827026
B6,1.9097601175308228,1.5930731296539307,1.392696738243103,1.6425296068191528,1.6193220615386963,1.247490406036377,1.3422044515609741,1.6587145328521729,1.508551001548767,1.2687753438949585,1.5794084072113037,1.794167399406433,1.6164730787277222,1.7222284078598022,2.0604662895202637,0.9208493828773499,0.6383383870124817,0.5202310681343079,0.5444743037223816,0.38832712173461914,0.0,0.3745908737182617,0.5549265146255493,0.519896924495697,0.6050195097923279,0.8435775637626648,0.9820486307144165,1.069106101989746,1.3020380735397339,1.4954886436462402,1.8320672512054443,1.500644564628601,1.3916484117507935,1.4237171411514282,1.2230161428451538,0.9122194647789001,1.015957236289978,1.0963624715805054,0.7681679129600525,0.6059864163398743,0.9537486433982849,0.9552894234657288,0.6969735622406006,0.9851496815681458,1.2384033203125,1.3478691577911377,1.0308806896209717,0.8765268921852112,1.2065684795379639,1.215469479560852,0.9105597138404846,1.0779368877410889,1.4108080863952637,1.3441444635391235,1.2175990343093872,1.516618013381958,1.7458851337432861,1.686872124671936,1.850477695465088,2.149660110473633,1.566010594367981,1.3472996950149536,1.0250762701034546,1.13290274143219,1.2211220264434814,0.8974111080169678,0.764893651008606,1.0955607891082764,1.0870949029922485,0.780071496963501,0.952282190322876,1.2680363655090332,1.1910070180892944,1.1978578567504883,1.5257021188735962
B7,1.8145437240600586,1.5533338785171509,1.2832285165786743,1.5182068347930908,1.577170968055725,1.2260375022888184,1.2303078174591064,1.579939842224121,1.5115951299667358,1.2432996034622192,1.4868792295455933,1.764600157737732,1.6345810890197754,1.6768910884857178,2.015615224838257,1.0315669775009155,0.8662949800491333,0.618937075138092,0.4946160614490509,0.5345956683158875,0.3745908737182617,0.0,0.37467584013938904,0.5319857001304626,0.5063902735710144,0.583342969417572,0.8289543986320496,0.9732951521873474,1.1083660125732422,1.30418860912323,1.904861330986023,1.5385324954986572,1.502177119255066,1.5934399366378784,1.3503905534744263,1.0505483150482178,1.2571572065353394,1.3462624549865723,0.9994266033172607,0.9268162250518799,1.295567512512207,1.2696810960769653,1.0363065004348755,1.3475407361984253,1.5743526220321655,1.6655353307724,1.317780613899231,1.218629240989685,1.5351159572601318,1.4827399253845215,1.1571248769760132,1.3613847494125366,1.668446660041809,1.5279760360717773,1.3902240991592407,1.7320873737335205,1.923509955406189,1.801302194595337,1.9870803356170654,2.2993812561035156,1.2401931285858154,1.0801922082901,0.7203254103660583,0.8100584745407104,0.98112952709198,0.7330012917518616,0.5448808073997498,0.907319188117981,1.011291265487671,0.7993785738945007,0.911346971988678,1.2446503639221191,1.2768127918243408,1.3027340173721313,1.5780267715454102
B8,1.9075089693069458,1.6640634536743164,1.41453218460083,1.7055219411849976,1.7930573225021362,1.4678220748901367,1.5023349523544312,1.8669134378433228,1.8210721015930176,1.5834128856658936,1.8260166645050049,2.1092495918273926,1.9965170621871948,2.0465805530548096,2.3807690143585205,1.1078537702560425,0.9968312978744507,0.8576993346214294,0.5906190276145935,0.5080564022064209,0.5549265146255493,0.37467584013938904,0.0,0.38330399990081787,0.5588472485542297,0.5079206824302673,0.6027883291244507,0.8651376962661743,1.0257152318954468,1.1190462112426758,1.9508618116378784,1.6074432134628296,1.627419114112854,1.6546850204467773,1.3541370630264282,1.1407684087753296,1.3577134609222412,1.3454906940460205,0.9687339067459106,1.0108182430267334,1.337314486503601,1.2073601484298706,1.0088322162628174,1.360432744026184,1.5070637464523315,1.8716623783111572,1.5640817880630493,1.4202872514724731,1.7543281316757202,1.7656009197235107,1.44354248046875,1.5892268419265747,1.9287071228027344,1.8272461891174316,1.6478983163833618,1.9564894437789917,2.1900510787963867,2.0635759830474854,2.200300455093384,2.531255006790161,1.3819581270217896,1.279389500617981,0.9086466431617737,1.0492043495178223,1.288460612297058,1.071878433227539,0.894192099571228,1.2473952770233154,1.3836756944656372,1.1652395725250244,1.2420241832733154,1.5948443412780762,1.623233437538147,1.602908968925476,1.884839415550232
B9,1.6963834762573242,1.4152356386184692,1.2329505681991577,1.5639537572860718,1.60239839553833,1.287919044494629,1.4122117757797241,1.762284517288208,1.6884397268295288,1.513068437576294,1.8016401529312134,2.044455051422119,1.9457443952560425,2.062668800354004,2.378117322921753,1.298275113105774,1.0816549062728882,0.9975671172142029,0.8463600277900696,0.6211092472076416,0.519896924495697,0.5319857001304626,0.38330399990081787,0.0,0.3723478317260742,0.5400658845901489,0.5027253031730652,0.6307811141014099,0.9100602269172668,1.0318371057510376,1.6115821599960327,1.2931103706359863,1.3060081005096436,1.290898084640503,0.9839268326759338,0.8044614791870117,1.0185052156448364,0.9763832688331604,0.6050578355789185,0.7280897498130798,1.0432342290878296,0.9239916205406189,0.8244656920433044,1.1901261806488037,1.3258819580078125,1.7989858388900757,1.5160434246063232,1.2909157276153564,1.5840809345245361,1.6386220455169678,1.2999567985534668,1.3618528842926025,1.7177464962005615,1.6484215259552002,1.4176496267318726,1.6851496696472168,1.9548360109329224,1.8331130743026733,1.9194320440292358,2.2587034702301025,1.4956306219100952,1.3133310079574585,0.9917323589324951,1.2283762693405151,1.391717791557312,1.1046198606491089,1.0426580905914307,1.4152324199676514,1.459887981414795,1.2250330448150635,1.402796983718872,1.723946213722229,1.6842955350875854,1.7106232643127441,2.026441812515259
B10,1.3819659948349,1.1119471788406372,0.885874330997467,1.1995152235031128,1.2592401504516602,0.9533761739730835,1.0525373220443726,1.4092063903808594,1.3740782737731934,1.213598608970642,1.4784594774246216,1.733888030052185,1.680832028388977,1.7948787212371826,2.0904626846313477,1.4752464294433594,1.2387446165084839,1.0566260814666748,0.9721994400024414,0.8561035394668579,0.6050195097923279,0.5063902735710144,0.5588472485542297,0.3723478317260742,0.0,0.3879495859146118,0.5381635427474976,0.5092602968215942,0.7095357179641724,0.9527255892753601,1.4312249422073364,1.0678826570510864,1.0998262166976929,1.1884616613388062,0.906152606010437,0.6646818518638611,0.969619870185852,1.040695071220398,0.7335467338562012,0.8129517436027527,1.1751916408538818,1.1603434085845947,1.080112099647522,1.417578101158142,1.6053755283355713,1.8739393949508667,1.5501154661178589,1.3471875190734863,1.5946472883224487,1.5778014659881592,1.2067172527313232,1.2903505563735962,1.6094030141830444,1.4679465293884277,1.2204704284667969,1.5276564359664917,1.753294825553894,1.578599214553833,1.6899999380111694,2.0335469245910645,1.198391318321228,0.9697229862213135,0.6906307339668274,0.9853388071060181,1.1009491682052612,0.8179833889007568,0.8607189059257507,1.2254924774169922,1.2495813369750977,1.091261625289917,1.3218077421188354,1.5981464385986328,1.5858420133590698,1.6889795064926147,1.9805924892425537
B11,1.4662975072860718,1.2845138311386108,1.0015294551849365,1.2975962162017822,1.4550896883010864,1.1959362030029297,1.1989414691925049,1.5720771551132202,1.6142951250076294,1.4302978515625,1.6227747201919556,1.9282317161560059,1.9054492712020874,1.95719575881958,2.2524189949035645,1.5655311346054077,1.4163042306900024,1.2017443180084229,1.0109766721725464,0.9754638671875,0.8435775637626648,0.583342969417572,0.5079206824302673,0.5400658845901489,0.3879495859146118,0.0,0.3785572648048401,0.5339488387107849,0.5555428266525269,0.7347567081451416,1.669901728630066,1.306812047958374,1.4168614149093628,1.5174129009246826,1.202491044998169,1.0250509977340698,1.3478480577468872,1.381000280380249,1.0578244924545288,1.1727349758148193,1.525863766670227,1.4520460367202759,1.349618911743164,1.7071940898895264,1.8637824058532715,2.1785449981689453,1.8418127298355103,1.6770515441894531,1.9515340328216553,1.916285753250122,1.5499061346054077,1.6682486534118652,1.979280948638916,1.8109668493270874,1.576785683631897,1.8980618715286255,2.101564407348633,1.8963266611099243,2.016489028930664,2.3624727725982666,1.0023574829101562,0.8968501091003418,0.5833898782730103,0.8713589310646057,1.1005356311798096,0.9350295662879944,0.9118601679801941,1.2583974599838257,1.3880504369735718,1.2809669971466064,1.4301882982254028,1.7268954515457153,1.7893682718276978,1.8660833835601807,2.123518943786621
B12,1.5316877365112305,1.347623586654663,1.144595742225647,1.4947339296340942,1.631149411201477,1.3981397151947021,1.474901556968689,1.836668610572815,1.8622485399246216,1.7199571132659912,1.943343162536621,2.2239511013031006,2.2004268169403076,2.2888543605804443,2.579941987991333,1.6996430158615112,1.542625069618225,1.4089369773864746,1.189146637916565,1.0488107204437256,0.9820486307144165,0.8289543986320496,0.6027883291244507,0.5027253031730652,0.5381635427474976,0.3785572648048401,0.0,0.37628912925720215,0.5289360284805298,0.5446506142616272,1.5980578660964966,1.2858240604400635,1.4360178709030151,1.4504934549331665,1.0926874876022339,1.0290312767028809,1.332838535308838,1.2659211158752441,0.9543277621269226,1.1761475801467896,1.4699337482452393,1.3258600234985352,1.2974083423614502,1.6662354469299316,1.7532517910003662,2.2956886291503906,1.9982470273971558,1.7797187566757202,2.0523736476898193,2.0818963050842285,1.7205679416656494,1.7707804441452026,2.108727216720581,1.992769718170166,1.720727801322937,1.9905574321746826,2.241943120956421,2.0504798889160156,2.1078290939331055,2.464848518371582,1.3245738744735718,1.225231647491455,0.9502143859863281,1.249077558517456,1.4717427492141724,1.2760423421859741,1.2571310997009277,1.6168633699417114,1.723183512687683,1.571815848350525,1.7323065996170044,2.045750379562378,2.0684733390808105,2.1206085681915283,2.4057693481445312
B13,1.1950496435165405,0.9959172010421753,0.8492791056632996,1.225335955619812,1.3363726139068604,1.1481374502182007,1.2815239429473877,1.6160523891448975,1.647139072418213,1.572494387626648,1.8042839765548706,2.0516440868377686,2.065114736557007,2.196652889251709,2.4567556381225586,1.90883207321167,1.6874690055847168,1.5450106859207153,1.40581476688385,1.244340419769287,1.069106101989746,0.9732951521873474,0.8651376962661743,0.6307811141014099,0.5092602968215942,0.5339488387107849,0.37628912925720215,0.0,0.37716418504714966,0.5441113710403442,1.2300094366073608,0.9196537733078003,1.1094924211502075,1.1450809240341187,0.7943129539489746,0.7821469902992249,1.1220427751541138,1.087681770324707,0.8585073351860046,1.1089327335357666,1.3896515369415283,1.3138989210128784,1.3580113649368286,1.7047555446624756,1.810414433479309,2.3033220767974854,2.0094118118286133,1.7592213153839111,1.9741278886795044,1.9980731010437012,1.6267287731170654,1.62382173538208,1.9397172927856445,1.815217137336731,1.5040678977966309,1.7460500001907349,1.9945261478424072,1.778848648071289,1.7985328435897827,2.1593518257141113,1.3245213031768799,1.1468141078948975,0.9607634544372559,1.3206813335418701,1.4602915048599243,1.2369282245635986,1.326602578163147,1.6787108182907104,1.7165412902832031,1.5922846794128418,1.8241642713546753,2.0952036380767822,2.0868418216705322,2.1971592903137207,2.489445447921753
