,A1,A2,A3,A4,A5,A6,A7,A8,A9,A10,A11,A12,A13,A14,A15,B1,B2,B3,B4,B5,B6,B7,B8,B9,B10,B11,B12,B13,B14,B15,C1,C2,C3,C4,C5,C6,C7,C8,C9,C10,C11,C12,C13,C14,C15,D1,D2,D3,D4,D5,D6,D7,D8,D9,D10,D11,D12,D13,D14,D15,E1,E2,E3,E4,E5,E6,E7,E8,E9,E10,E11,E12,E13,E14,E15
A1,0.0,0.40518519282341003,0.5685789585113525,0.5717408061027527,0.7079676985740662,0.9566860795021057,1.0649296045303345,1.12946355342865,1.3423033952713013,1.5214097499847412,1.58358895778656,1.737145185470581,1.9615989923477173,2.1049082279205322,2.1909029483795166,1.885029911994934,1.8323869705200195,1.4835033416748047,1.3739793300628662,1.592888355255127,1.4831112623214722,1.1329783201217651,1.295474886894226,1.5099087953567505,1.2759521007537842,1.0902830362319946,1.4429067373275757,1.5065377950668335,1.2625139951705933,1.426517367362976,2.6382391452789307,2.3805510997772217,2.104015827178955,2.361966848373413,2.460869550704956,2.1295528411865234,2.073821544647217,2.4451630115509033,2.4146888256073,2.1192243099212646,2.3070449829101562,2.61653208732605,2.466048002243042,2.430245876312256,2.7819249629974365,3.1444716453552246,2.764765501022339,2.684389352798462,2.779639720916748,2.567910671234131,2.2428157329559326,2.3546197414398193,2.4654321670532227,2.1450648307800293,1.9591801166534424,2.2480831146240234,2.2137701511383057,1.8623559474945068,2.0300729274749756,2.2907392978668213,2.059715986251831,1.7417263984680176,1.813051462173462,2.1695308685302734,2.1026418209075928,1.8948144912719727,2.1703224182128906,2.45103120803833,2.343395233154297,2.3186726570129395,2.6616017818450928,2.804835557937622,2.7243192195892334,2.9546151161193848,3.2235920429229736
A2,0.40518519282341003,0.0,0.36618730425834656,0.5406966805458069,0.5404952168464661,0.6585732698440552,0.873040497303009,1.0059767961502075,1.1220557689666748,1.2749110460281372,1.4257062673568726,1.580452561378479,1.7395285367965698,1.9186562299728394,2.053809642791748,1.6834051609039307,1.5650043487548828,1.2282968759536743,1.1294268369674683,1.2837603092193604,1.1259713172912598,0.782895028591156,0.9692181348800659,1.1338520050048828,0.8764615654945374,0.7394861578941345,1.1080222129821777,1.1462363004684448,0.9535543322563171,1.1691300868988037,2.3811378479003906,2.1094448566436768,1.8206660747528076,2.049518585205078,2.1273996829986572,1.7832396030426025,1.7127445936203003,2.073939085006714,2.031275749206543,1.7241994142532349,1.912358045578003,2.216888666152954,2.0616140365600586,2.0274157524108887,2.380154848098755,2.8103835582733154,2.4364655017852783,2.3264410495758057,2.42561674118042,2.2393014430999756,1.8988324403762817,1.9878140687942505,2.125720500946045,1.8263452053070068,1.6067860126495361,1.9015833139419556,1.9110126495361328,1.5633995532989502,1.716335654258728,2.009056329727173,2.0146095752716064,1.6510101556777954,1.6738430261611938,2.018228530883789,1.927925705909729,1.6627144813537598,1.927822232246399,2.217164993286133,2.0738041400909424,2.011915922164917,2.370204210281372,2.5102033615112305,2.3936710357666016,2.6188554763793945,2.9024839401245117
A3,0.5685789585113525,0.36618730425834656,0.0,0.3700275123119354,0.5420621037483215,0.550110399723053,0.6330217123031616,0.8722817301750183,1.0412442684173584,1.10173761844635,1.223920464515686,1.4537492990493774,1.6009080410003662,1.7211843729019165,1.8868547677993774,1.6763919591903687,1.5212711095809937,1.1627397537231445,1.1779909133911133,1.3491919040679932,1.1283022165298462,0.8483998775482178,1.1450250148773193,1.269596815109253,0.9852021336555481,0.9825378060340881,1.3505536317825317,1.337476372718811,1.198394775390625,1.4685570001602173,2.1971449851989746,1.8953977823257446,1.649458408355713,1.9218822717666626,1.9690569639205933,1.6224011182785034,1.6250007152557373,1.9926581382751465,1.9264178276062012,1.660309910774231,1.9039067029953003,2.1843156814575195,2.0389342308044434,2.0698013305664062,2.4160287380218506,2.635289192199707,2.2448205947875977,2.1744720935821533,2.3074159622192383,2.1018004417419434,1.7643193006515503,1.9131269454956055,2.065330743789673,1.7543301582336426,1.5775792598724365,1.9164373874664307,1.9234850406646729,1.6071399450302124,1.8166619539260864,2.102799415588379,1.6533315181732178,1.2863609790802002,1.328519344329834,1.6697803735733032,1.5778931379318237,1.3391785621643066,1.6202208995819092,1.8968524932861328,1.777876853942871,1.7522279024124146,2.0972037315368652,2.2363922595977783,2.161831855773926,2.3950905799865723,2.6573615074157715
A4,0.5717408061027527,0.5406966805458069,0.3700275123119354,0.0,0.37225767970085144,0.5662853121757507,0.5239424705505371,0.6190472841262817,0.8903937339782715,1.0109813213348389,1.0310733318328857,1.2345666885375977,1.4559558629989624,1.556732416152954,1.6607630252838135,2.0434043407440186,1.8895941972732544,1.5311963558197021,1.541544795036316,1.7040435075759888,1.4701241254806519,1.188979983329773,1.4531511068344116,1.5507266521453857,1.2283958196640015,1.198909878730774,1.5542172193527222,1.4898277521133423,1.2860568761825562,1.5703761577606201,2.519197702407837,2.1957998275756836,1.9782347679138184,2.2573328018188477,2.2721354961395264,1.9122073650360107,1.9430948495864868,2.2973814010620117,2.1895592212677,1.919190526008606,2.185944080352783,2.441499710083008,2.2551634311676025,2.2983572483062744,2.656158208847046,2.6788182258605957,2.2957358360290527,2.267125129699707,2.361713171005249,2.1137475967407227,1.8138593435287476,1.9859340190887451,2.074216842651367,1.7315908670425415,1.6152920722961426,1.9395629167556763,1.8741811513900757,1.5611048936843872,1.8105121850967407,2.047407627105713,1.6979846954345703,1.3461846113204956,1.481821060180664,1.7982258796691895,1.6592118740081787,1.4799479246139526,1.8048282861709595,2.0291969776153564,1.8941951990127563,1.932910680770874,2.2786812782287598,2.3715426921844482,2.3149969577789307,2.5853159427642822,2.817291736602783
A5,0.7079676985740662,0.5404952168464661,0.5420621037483215,0.37225767970085144,0.0,0.3813381493091583,0.5209988355636597,0.49034780263900757,0.6354480385780334,0.8578259944915771,0.9501186013221741,1.058948040008545,1.2643940448760986,1.4456557035446167,1.5379573106765747,2.1324644088745117,1.9465930461883545,1.6141846179962158,1.5850328207015991,1.6769185066223145,1.4252102375030518,1.1487966775894165,1.3542503118515015,1.3895598649978638,1.041306495666504,1.004031777381897,1.3215306997299194,1.203678846359253,0.9758105278015137,1.2833833694458008,2.6266534328460693,2.2956724166870117,2.0599071979522705,2.2931482791900635,2.285182237625122,1.9067729711532593,1.9052150249481201,2.2345924377441406,2.099475622177124,1.794783353805542,2.0483157634735107,2.290531873703003,2.0644497871398926,2.083691120147705,2.450972557067871,2.529654026031494,2.1680262088775635,2.11021089553833,2.158860683441162,1.9191131591796875,1.6263413429260254,1.752943515777588,1.8111114501953125,1.4716318845748901,1.3378220796585083,1.6299751996994019,1.552030324935913,1.2210159301757812,1.4562902450561523,1.688995599746704,1.9765111207962036,1.5967376232147217,1.7093013525009155,2.004128932952881,1.8220189809799194,1.5967273712158203,1.9237830638885498,2.1372547149658203,1.9407405853271484,1.9557985067367554,2.326663017272949,2.389376163482666,2.279832124710083,2.564009666442871,2.8056466579437256
A6,0.9566860795021057,0.6585732698440552,0.550110399723053,0.5662853121757507,0.3813381493091583,0.0,0.3679485023021698,0.548570454120636,0.5393747091293335,0.6236478686332703,0.8439422845840454,1.0082825422286987,1.1030404567718506,1.2911049127578735,1.4691650867462158,1.972926139831543,1.72982656955719,1.4209423065185547,1.4499331712722778,1.4900013208389282,1.1804192066192627,0.9784231781959534,1.231410026550293,1.1948994398117065,0.829786479473114,0.9347031712532043,1.232381820678711,1.0711513757705688,0.9568260312080383,1.3092796802520752,2.334516763687134,1.9871129989624023,1.76688551902771,1.9850412607192993,1.942854881286621,1.557940125465393,1.580154538154602,1.8943842649459839,1.736037254333496,1.4446452856063843,1.7267125844955444,1.9484935998916626,1.7259769439697266,1.7841569185256958,2.1448261737823486,2.197100877761841,1.8271868228912354,1.7546035051345825,1.8326243162155151,1.6113673448562622,1.292128324508667,1.4310064315795898,1.5389121770858765,1.2159589529037476,1.0603482723236084,1.3967113494873047,1.3802379369735718,1.0785456895828247,1.3251845836639404,1.5940403938293457,1.8356566429138184,1.4302191734313965,1.4951343536376953,1.7650055885314941,1.5663257837295532,1.296510100364685,1.6114976406097412,1.8247885704040527,1.6040080785751343,1.5951272249221802,1.973132610321045,2.0343105792999268,1.9071093797683716,2.1881515979766846,2.4359917640686035
A7,1.0649296045303345,0.873040497303009,0.6330217123031616,0.5239424705505371,0.5209988355636597,0.3679485023021698,0.0,0.3909595310688019,0.5524413585662842,0.5182984471321106,0.5962471961975098,0.8662605285644531,1.0024691820144653,1.089677333831787,1.2670137882232666,2.1470088958740234,1.9042671918869019,1.5799610614776611,1.6699455976486206,1.7485125064849854,1.4267661571502686,1.2488430738449097,1.5481051206588745,1.526484489440918,1.170500636100769,1.2903271913528442,1.5979278087615967,1.4324430227279663,1.3149253129959106,1.6667779684066772,2.378389835357666,2.0079352855682373,1.8419402837753296,2.102158784866333,2.032832384109497,1.6566203832626343,1.7523947954177856,2.0646212100982666,1.884279489517212,1.642449975013733,1.9644055366516113,2.1579105854034424,1.9425855875015259,2.0542266368865967,2.4031083583831787,2.168217420578003,1.7862441539764404,1.7867153882980347,1.8816702365875244,1.6174750328063965,1.334376335144043,1.5515148639678955,1.6350034475326538,1.2920039892196655,1.2320095300674438,1.5835671424865723,1.522817611694336,1.2697936296463013,1.5707330703735352,1.7947659492492676,1.5652252435684204,1.1733849048614502,1.314408302307129,1.5608584880828857,1.3354297876358032,1.1415501832962036,1.4943935871124268,1.6614781618118286,1.4666533470153809,1.5402088165283203,1.8944392204284668,1.9327458143234253,1.869311809539795,2.171879768371582,2.3785650730133057
A8,1.12946355342865,1.0059767961502075,0.8722817301750183,0.6190472841262817,0.49034780263900757,0.548570454120636,0.3909595310688019,0.0,0.3805316388607025,0.5537165999412537,0.4910340905189514,0.617377519607544,0.8764705657958984,0.9976034760475159,1.0647168159484863,2.4750702381134033,2.245166540145874,1.9194120168685913,1.9623022079467773,2.032149076461792,1.724455714225769,1.5139622688293457,1.758514642715454,1.7276936769485474,1.3575420379638672,1.4149025678634644,1.6973596811294556,1.4986233711242676,1.3134574890136719,1.6555728912353516,2.7637250423431396,2.392300844192505,2.2207043170928955,2.465890407562256,2.389112710952759,2.005831480026245,2.082041025161743,2.380011558532715,2.1788387298583984,1.9139212369918823,2.2231197357177734,2.40377140045166,2.146709442138672,2.236030340194702,2.594672441482544,2.2785913944244385,1.9272173643112183,1.9446725845336914,1.9706861972808838,1.6782299280166626,1.4485700130462646,1.642884373664856,1.6385947465896606,1.273777961730957,1.2664517164230347,1.5628271102905273,1.414423942565918,1.158093810081482,1.4780699014663696,1.6401007175445557,1.8553465604782104,1.4895507097244263,1.6759262084960938,1.9050523042678833,1.6533106565475464,1.496167540550232,1.8571048974990845,1.9874250888824463,1.7681223154067993,1.8685650825500488,2.223116874694824,2.2187445163726807,2.143781900405884,2.4691357612609863,2.6576497554779053
A9,1.3423033952713013,1.1220557689666748,1.0412442684173584,0.8903937339782715,0.6354480385780334,0.5393747091293335,0.5524413585662842,0.3805316388607025,0.0,0.3701339662075043,0.5179303884506226,0.5073155164718628,0.641238272190094,0.8871321082115173,0.9973899722099304,2.4945263862609863,2.2267346382141113,1.9374942779541016,1.9728889465332031,1.972989797592163,1.6443544626235962,1.4800283908843994,1.686964988708496,1.5794326066970825,1.2103978395462036,1.3189527988433838,1.53812575340271,1.2764606475830078,1.1409152746200562,1.501717448234558,2.7437429428100586,2.3683664798736572,2.1927528381347656,2.3899850845336914,2.282115936279297,1.8934199810028076,1.9528861045837402,2.211965560913086,1.9791144132614136,1.70199716091156,2.0045511722564697,2.153679370880127,1.8640172481536865,1.9532285928726196,2.3084537982940674,2.01010799407959,1.68132746219635,1.6654013395309448,1.6520437002182007,1.3732374906539917,1.149115800857544,1.303838849067688,1.27763032913208,0.9149294495582581,0.9052887558937073,1.185019850730896,1.0382425785064697,0.7890751361846924,1.1230926513671875,1.2873406410217285,2.062598466873169,1.6746901273727417,1.8109484910964966,2.0133068561553955,1.7347677946090698,1.5253580808639526,1.8662465810775757,1.9855880737304688,1.7086690664291382,1.7745249271392822,2.1434080600738525,2.110837936401367,1.979997158050537,2.3111965656280518,2.5073258876800537
A10,1.5214097499847412,1.2749110460281372,1.10173761844635,1.0109813213348389,0.8578259944915771,0.6236478686332703,0.5182984471321106,0.5537165999412537,0.3701339662075043,0.0,0.3820524513721466,0.5506945848464966,0.5215122699737549,0.6837924122810364,0.9206056594848633,2.440779685974121,2.140559434890747,1.8677462339401245,1.9709858894348145,1.9606448411941528,1.5986578464508057,1.5007729530334473,1.7589266300201416,1.625977635383606,1.2699168920516968,1.4663254022598267,1.6873583793640137,1.423791766166687,1.3687758445739746,1.742451548576355,2.52127742767334,2.1280574798583984,1.9990516901016235,2.202571392059326,2.054400682449341,1.6752065420150757,1.7957016229629517,2.0359013080596924,1.7761473655700684,1.5496571063995361,1.8928446769714355,2.0075931549072266,1.7358038425445557,1.8912930488586426,2.2265658378601074,1.7286313772201538,1.375350832939148,1.397313117980957,1.433070421218872,1.1403506994247437,0.9090282917022705,1.1454522609710693,1.1661056280136108,0.8154901266098022,0.8578493595123291,1.1912676095962524,1.1010990142822266,0.937380850315094,1.2787837982177734,1.453259825706482,1.8243438005447388,1.4391791820526123,1.5661064386367798,1.7225855588912964,1.4184608459472656,1.2193596363067627,1.5577119588851929,1.6420130729675293,1.354433298110962,1.4503213167190552,1.8065159320831299,1.7554044723510742,1.6470184326171875,1.9887179136276245,2.1646270751953125
A11,1.58358895778656,1.4257062673568726,1.223920464515686,1.0310733318328857,0.9501186013221741,0.8439422845840454,0.5962471961975098,0.4910340905189514,0.5179303884506226,0.3820524513721466,0.0,0.3787769675254822,0.5356705784797668,0.5290390253067017,0.6746380925178528,2.6972923278808594,2.4196105003356934,2.1213717460632324,2.2321815490722656,2.266310930252075,1.914704442024231,1.7842292785644531,2.058349609375,1.9648398160934448,1.6002830266952515,1.751539945602417,2.0005297660827637,1.750847578048706,1.6415810585021973,2.006483793258667,2.7621469497680664,2.362699031829834,2.25900936126709,2.496577024459839,2.350308418273926,1.9801887273788452,2.127819299697876,2.3792285919189453,2.121607780456543,1.9143905639648438,2.2647287845611572,2.3776612281799316,2.1103596687316895,2.273045778274536,2.6064822673797607,1.9144632816314697,1.5761945247650146,1.6696693897247314,1.6920908689498901,1.3647109270095825,1.2062933444976807,1.4707781076431274,1.4346859455108643,1.083496332168579,1.2005363702774048,1.4971433877944946,1.3349889516830444,1.1950314044952393,1.5548616647720337,1.6703944206237793,1.7575058937072754,1.4134279489517212,1.6237953901290894,1.7628426551818848,1.4456255435943604,1.3454561233520508,1.7061479091644287,1.7454109191894531,1.4978585243225098,1.6701596975326538,1.9941500425338745,1.9206475019454956,1.875423789024353,2.2283835411071777,2.362355947494507
A12,1.737145185470581,1.580452561378479,1.4537492990493774,1.2345666885375977,1.058948040008545,1.0082825422286987,0.8662605285644531,0.617377519607544,0.5073155164718628,0.5506945848464966,0.3787769675254822,0.0,0.38084661960601807,0.5192381143569946,0.5020569562911987,2.946153402328491,2.6656274795532227,2.376474618911743,2.4475245475769043,2.45233416557312,2.107121467590332,1.9660210609436035,2.1895194053649902,2.0675506591796875,1.7024067640304565,1.8251500129699707,2.0297985076904297,1.7443851232528687,1.613390326499939,1.9625575542449951,3.0634641647338867,2.6663818359375,2.545440673828125,2.753239154815674,2.599252223968506,2.2224669456481934,2.3385446071624756,2.568119525909424,2.292509078979492,2.0609917640686035,2.3897347450256348,2.484797477722168,2.1787776947021484,2.316425323486328,2.651170492172241,1.9411953687667847,1.653026819229126,1.7345261573791504,1.6758480072021484,1.3436917066574097,1.245892882347107,1.454153299331665,1.3268336057662964,0.9784063696861267,1.1456544399261475,1.363207459449768,1.1207141876220703,1.0130928754806519,1.3739997148513794,1.4178314208984375,2.1339809894561768,1.7920889854431152,1.995057225227356,2.1312649250030518,1.8049083948135376,1.6886250972747803,2.0393104553222656,2.068148374557495,1.7870519161224365,1.9420534372329712,2.272596597671509,2.1675660610198975,2.0822410583496094,2.4436771869659424,2.573218584060669
A13,1.9615989923477173,1.7395285367965698,1.6009080410003662,1.4559558629989624,1.2643940448760986,1.1030404567718506,1.0024691820144653,0.8764705657958984,0.641238272190094,0.5215122699737549,0.5356705784797668,0.38084661960601807,0.0,0.37193259596824646,0.5434168577194214,2.9360663890838623,2.6196086406707764,2.3672842979431152,2.4647600650787354,2.4214115142822266,2.0558626651763916,1.9782732725143433,2.1985814571380615,2.0201563835144043,1.6761871576309204,1.8665885925292969,2.0293872356414795,1.7131080627441406,1.6600333452224731,2.01755952835083,2.9392733573913574,2.5379202365875244,2.4416749477386475,2.6146581172943115,2.4196889400482178,2.0561575889587402,2.1898438930511475,2.3731613159179688,2.064600944519043,1.862709641456604,2.1979470252990723,2.243807792663574,1.928962230682373,2.1034364700317383,2.414682149887085,1.5670777559280396,1.2959842681884766,1.3842722177505493,1.3070741891860962,0.9692524671554565,0.9153093099594116,1.135814905166626,0.9934166073799133,0.6685560345649719,0.9137027263641357,1.12052321434021,0.9123525023460388,0.904026210308075,1.2592824697494507,1.301841378211975,2.1796000003814697,1.8313554525375366,1.9897390604019165,2.082467555999756,1.7356774806976318,1.5961074829101562,1.9153462648391724,1.9126935005187988,1.5909593105316162,1.7350276708602905,2.055056095123291,1.9134999513626099,1.7991923093795776,2.1649978160858154,2.2814524173736572
A14,2.1049082279205322,1.9186562299728394,1.7211843729019165,1.556732416152954,1.4456557035446167,1.2911049127578735,1.089677333831787,0.9976034760475159,0.8871321082115173,0.6837924122810364,0.5290390253067017,0.5192381143569946,0.37193259596824646,0.0,0.37263646721839905,3.070526361465454,2.7547905445098877,2.4943668842315674,2.633085250854492,2.618295431137085,2.244661808013916,2.1762053966522217,2.437649726867676,2.2807300090789795,1.9347161054611206,2.1370463371276855,2.331887722015381,2.03373384475708,1.9785221815109253,2.343580961227417,2.9681057929992676,2.5568535327911377,2.506495237350464,2.707756519317627,2.496116876602173,2.1500046253204346,2.3355295658111572,2.5199410915374756,2.2072994709014893,2.0507426261901855,2.4105284214019775,2.443861246109009,2.155400037765503,2.3682124614715576,2.666116237640381,1.5760643482208252,1.3034178018569946,1.4787914752960205,1.4444489479064941,1.0918763875961304,1.0839537382125854,1.3691749572753906,1.2506170272827148,0.9676876664161682,1.2290925979614258,1.4530832767486572,1.2634084224700928,1.2745028734207153,1.628758430480957,1.6639739274978638,2.00111722946167,1.6973947286605835,1.8973344564437866,1.9426475763320923,1.5793129205703735,1.5240308046340942,1.8441030979156494,1.7826430797576904,1.493417501449585,1.7123287916183472,1.990464687347412,1.8220700025558472,1.779779076576233,2.1525537967681885,2.2204036712646484
A15,2.1909029483795166,2.053809642791748,1.8868547677993774,1.6607630252838135,1.5379573106765747,1.4691650867462158,1.2670137882232666,1.0647168159484863,0.9973899722099304,0.9206056594848633,0.6746380925178528,0.5020569562911987,0.5434168577194214,0.37263646721839905,0.0,3.3460323810577393,3.0481302738189697,2.7692956924438477,2.8797719478607178,2.8805813789367676,2.518697738647461,2.4113423824310303,2.6545073986053467,2.5140576362609863,2.1561460494995117,2.3101351261138916,2.5052649974823,2.2043466567993164,2.099431037902832,2.4483296871185303,3.315201997756958,2.905261993408203,2.840419054031372,3.0498886108398438,2.852278232574463,2.497860908508301,2.664971351623535,2.8609795570373535,2.552849054336548,2.3735129833221436,2.7216053009033203,2.7651240825653076,2.459388494491577,2.645259141921997,2.9527430534362793,1.8647866249084473,1.6328405141830444,1.8074657917022705,1.7257118225097656,1.3749266862869263,1.3997864723205566,1.6452690362930298,1.4646213054656982,1.182101845741272,1.4541573524475098,1.6266567707061768,1.3639638423919678,1.3762080669403076,1.7267730236053467,1.69972562789917,2.2299156188964844,1.9453480243682861,2.1823132038116455,2.242780923843384,1.8866126537322998,1.8557292222976685,2.188769578933716,2.128431797027588,1.8555569648742676,2.081110715866089,2.358398914337158,2.18674373626709,2.14968204498291,2.5229568481445312,2.5822815895080566
B1,1.885029911994934,1.6834051609039307,1.6763919591903687,2.0434043407440186,2.1324644088745117,1.972926139831543,2.1470088958740234,2.4750702381134033,2.4945263862609863,2.440779685974121,2.6972923278808594,2.946153402328491,2.9360663890838623,3.070526361465454,3.3460323810577393,0.0,0.3996469974517822,0.577988862991333,0.5871904492378235,0.7123608589172363,0.9666954278945923,1.074175477027893,1.1323550939559937,1.3391658067703247,1.515315294265747,1.5728027820587158,1.7034226655960083,1.9275048971176147,2.053600788116455,2.1189992427825928,1.2751843929290771,1.3242950439453125,0.9986770749092102,1.0658226013183594,1.4091228246688843,1.377515435218811,1.176885962486267,1.4443243741989136,1.713044285774231,1.6195518970489502,1.579027771949768,1.908146858215332,2.0575406551361084,2.001509428024292,2.163071393966675,3.2394304275512695,2.8980071544647217,2.6973516941070557,2.94624400138855,2.9296181201934814,2.560737371444702,2.5899569988250732,2.914924383163452,2.7700846195220947,2.4721078872680664,2.7527213096618652,2.9702401161193848,2.7117486000061035,2.753302574157715,3.1208667755126953,2.330439805984497,2.099717378616333,1.8191813230514526,2.0863656997680664,2.2345759868621826,1.9336216449737549,1.8796542882919312,2.2612950801849365,2.2807493209838867,2.011998414993286,2.198962450027466,2.5177419185638428,2.4083869457244873,2.38901686668396,2.727400541305542
B2,1.8323869705200195,1.5650043487548828,1.5212711095809937,1.8895941972732544,1.9465930461883545,1.72982656955719,1.9042671918869019,2.245166540145874,2.2267346382141113,2.140559434890747,2.4196105003356934,2.6656274795532227,2.6196086406707764,2.7547905445098877,3.0481302738189697,0.3996469974517822,0.0,0.36966612935066223,0.5385314226150513,0.5288063883781433,0.6622280478477478,0.8723369836807251,0.9935804009437561,1.10645592212677,1.2612357139587402,1.4061423540115356,1.532749891281128,1.6969177722930908,1.861390233039856,1.976277232170105,1.0756629705429077,1.039575219154358,0.6784891486167908,0.7425505518913269,1.0508133172988892,0.9847985506057739,0.7826289534568787,1.0752341747283936,1.3210012912750244,1.233497142791748,1.2264432907104492,1.5466058254241943,1.6884835958480835,1.6705776453018188,1.8417267799377441,2.84295392036438,2.506572961807251,2.3014934062957764,2.556154727935791,2.5492372512817383,2.184955358505249,2.2150700092315674,2.5504636764526367,2.4217686653137207,2.131019115447998,2.4152538776397705,2.6465964317321777,2.4129104614257812,2.463273763656616,2.828913450241089,2.1582934856414795,1.8926416635513306,1.6035418510437012,1.84904146194458,1.9572993516921997,1.6261179447174072,1.5693103075027466,1.9449348449707031,1.9309570789337158,1.6439449787139893,1.8474785089492798,2.1530025005340576,2.022336483001709,2.012061595916748,2.357226610183716
B3,1.4835033416748047,1.2282968759536743,1.1627397537231445,1.5311963558197021,1.6141846179962158,1.4209423065185547,1.5799610614776611,1.9194120168685913,1.9374942779541016,1.8677462339401245,2.1213717460632324,2.376474618911743,2.3672842979431152,2.4943668842315674,2.7692956924438477,0.577988862991333,0.36966612935066223,0.0,0.37325623631477356,0.5353267788887024,0.5426841974258423,0.6258123517036438,0.8568933010101318,1.0179951190948486,1.0750545263290405,1.1985408067703247,1.404542088508606,1.5486557483673096,1.6547907590866089,1.8053412437438965,1.2574652433395386,1.1189221143722534,0.7643353939056396,0.9603726267814636,1.1913721561431885,1.0154222249984741,0.8813864588737488,1.2430377006530762,1.3997201919555664,1.251535177230835,1.334261178970337,1.6638250350952148,1.7298567295074463,1.7290681600570679,1.9610339403152466,2.770338535308838,2.4076812267303467,2.2335808277130127,2.4737660884857178,2.4176642894744873,2.044983148574829,2.111076831817627,2.418691396713257,2.2434730529785156,1.9681062698364258,2.280200481414795,2.468862533569336,2.210346221923828,2.2984097003936768,2.6577749252319336,1.910912275314331,1.6212719678878784,1.374132752418518,1.6670151948928833,1.751700758934021,1.4263460636138916,1.4434583187103271,1.825296401977539,1.800022006034851,1.565598726272583,1.8146017789840698,2.098414182662964,1.9887109994888306,2.0422215461730957,2.374494791030884
B4,1.3739793300628662,1.1294268369674683,1.1779909133911133,1.541544795036316,1.5850328207015991,1.4499331712722778,1.6699455976486206,1.9623022079467773,1.9728889465332031,1.9709858894348145,2.2321815490722656,2.4475245475769043,2.4647600650787354,2.633085250854492,2.8797719478607178,0.5871904492378235,0.5385314226150513,0.37325623631477356,0.0,0.3669217824935913,0.5617193579673767,0.5186247825622559,0.6012749671936035,0.8671648502349854,0.9858543276786804,1.0013790130615234,1.1829389333724976,1.400963544845581,1.4853954315185547,1.5699641704559326,1.579829454421997,1.4731955528259277,1.1069538593292236,1.2336046695709229,1.4782012701034546,1.2918368577957153,1.079250454902649,1.4220600128173828,1.589147925376892,1.3804233074188232,1.400705337524414,1.7620494365692139,1.8065108060836792,1.729569911956787,1.9736475944519043,2.9706835746765137,2.616001844406128,2.416400671005249,2.6184029579162598,2.5641260147094727,2.1867294311523438,2.2104361057281494,2.4974734783172607,2.3185465335845947,2.012653350830078,2.2934908866882324,2.476698875427246,2.1900386810302734,2.23734712600708,2.600658416748047,2.20469069480896,1.899533748626709,1.6920305490493774,2.0059118270874023,2.066174268722534,1.7328470945358276,1.7882345914840698,2.16481614112854,2.106354236602783,1.8734793663024902,2.1478240489959717,2.4125843048095703,2.2700846195220947,2.337313652038574,2.680452585220337
B5,1.592888355255127,1.2837603092193604,1.3491919040679932,1.7040435075759888,1.6769185066223145,1.4900013208389282,1.7485125064849854,2.032149076461792,1.972989797592163,1.9606448411941528,2.266310930252075,2.45233416557312,2.4214115142822266,2.618295431137085,2.8805813789367676,0.7123608589172363,0.5288063883781433,0.5353267788887024,0.3669217824935913,0.0,0.38680142164230347,0.5285953283309937,0.4914689064025879,0.6288427710533142,0.8538126945495605,0.9410260915756226,1.0210907459259033,1.2286932468414307,1.3970820903778076,1.4696577787399292,1.5521481037139893,1.4466272592544556,1.0743950605392456,1.099834680557251,1.320875883102417,1.142472743988037,0.8542757630348206,1.1559290885925293,1.3374840021133423,1.1174116134643555,1.0734670162200928,1.442246437072754,1.5031473636627197,1.3961361646652222,1.622448205947876,2.7912943363189697,2.4631049633026123,2.2246134281158447,2.4164798259735107,2.4043350219726562,2.0333127975463867,2.0078518390655518,2.311911106109619,2.1784133911132812,1.8495757579803467,2.0965464115142822,2.3223047256469727,2.0626461505889893,2.067012071609497,2.4364914894104004,2.3874351978302,2.05983304977417,1.8373773097991943,2.1161320209503174,2.143012285232544,1.7756096124649048,1.8106017112731934,2.172673225402832,2.071897268295288,1.7979371547698975,2.0764684677124023,2.325591802597046,2.1332411766052246,2.183600664138794,2.5416440963745117
B6,1.4831112623214722,1.1259713172912598,1.1283022165298462,1.4701241254806519,1.4252102375030518,1.1804192066192627,1.4267661571502686,1.724455714225769,1.6443544626235962,1.5986578464508057,1.914704442024231,2.107121467590332,2.0558626651763916,2.244661808013916,2.518697738647461,0.9666954278945923,0.6622280478477478,0.5426841974258423,0.5617193579673767,0.38680142164230347,0.0,0.36498066782951355,0.5414546132087708,0.5239453911781311,0.6084171533584595,0.8301080465316772,0.9661287069320679,1.0605876445770264,1.2381854057312012,1.4037350416183472,1.5055599212646484,1.3026278018951416,0.9542930722236633,1.0331079959869385,1.1543850898742676,0.884322464466095,0.6593086123466492,1.0098484754562378,1.0926470756530762,0.837033212184906,0.9150291085243225,1.2639168500900269,1.2645890712738037,1.2284436225891113,1.501147747039795,2.4349734783172607,2.0951530933380127,1.8727062940597534,2.0675787925720215,2.0356059074401855,1.6615296602249146,1.6638805866241455,1.9684169292449951,1.82266366481781,1.5104445219039917,1.7881646156311035,2.0056581497192383,1.759319543838501,1.804781436920166,2.1704697608947754,2.140631914138794,1.785736322402954,1.584363579750061,1.8498188257217407,1.8289331197738647,1.4476232528686523,1.5169763565063477,1.861669659614563,1.7258963584899902,1.468972086906433,1.779878854751587,1.9999730587005615,1.8038339614868164,1.8968209028244019,2.2464759349823
B7,1.1329783201217651,0.782895028591156,0.8483998775482178,1.188979983329773,1.1487966775894165,0.9784231781959534,1.2488430738449097,1.5139622688293457,1.4800283908843994,1.5007729530334473,1.7842292785644531,1.9660210609436035,1.9782732725143433,2.1762053966522217,2.4113423824310303,1.074175477027893,0.8723369836807251,0.6258123517036438,0.5186247825622559,0.5285953283309937,0.36498066782951355,0.0,0.3850437104701996,0.5375744104385376,0.4966717064380646,0.5794879794120789,0.8292275071144104,0.9560917615890503,1.029706358909607,1.1966094970703125,1.7805163860321045,1.563245415687561,1.2198288440704346,1.3610787391662598,1.4856981039047241,1.1883798837661743,1.0130887031555176,1.368967890739441,1.414607048034668,1.12476646900177,1.2304418087005615,1.5752958059310913,1.5164167881011963,1.4568631649017334,1.7657110691070557,2.596130847930908,2.2402503490448,2.045398235321045,2.2067244052886963,2.1253349781036377,1.7494053840637207,1.7710294723510742,2.026751756668091,1.827690839767456,1.5225419998168945,1.808720350265503,1.969025731086731,1.6749539375305176,1.7401039600372314,2.0988407135009766,2.1114001274108887,1.7457972764968872,1.6036747694015503,1.913983941078186,1.8790305852890015,1.5213712453842163,1.6604210138320923,2.003042221069336,1.865425705909729,1.6668689250946045,2.0018389225006104,2.203219175338745,2.02958607673645,2.1674511432647705,2.5016064643859863
B8,1.295474886894226,0.9692181348800659,1.1450250148773193,1.4531511068344116,1.3542503118515015,1.231410026550293,1.5481051206588745,1.758514642715454,1.686964988708496,1.7589266300201416,2.058349609375,2.1895194053649902,2.1985814571380615,2.437649726867676,2.6545073986053467,1.1323550939559937,0.9935804009437561,0.8568933010101318,0.6012749671936035,0.4914689064025879,0.5414546132087708,0.3850437104701996,0.0,0.37423083186149597,0.5458170771598816,0.4770545959472656,0.5827552080154419,0.8370687961578369,0.943406879901886,0.9928641319274902,1.9925462007522583,1.8254584074020386,1.4640825986862183,1.526150107383728,1.6793440580368042,1.4184974431991577,1.1614943742752075,1.4631469249725342,1.546924114227295,1.2359427213668823,1.2329751253128052,1.594003438949585,1.5433686971664429,1.3904715776443481,1.6831923723220825,2.7908055782318115,2.4624876976013184,2.228161334991455,2.356142520904541,2.3079755306243896,1.9414993524551392,1.895588994026184,2.1410746574401855,1.9748705625534058,1.635543704032898,1.8583322763442993,2.0396697521209717,1.741200566291809,1.728403091430664,2.090575695037842,2.4949262142181396,2.1304619312286377,1.9847384691238403,2.29034423828125,2.254049777984619,1.8871612548828125,2.010589838027954,2.3508999347686768,2.1953237056732178,1.9704222679138184,2.3018558025360107,2.4983437061309814,2.286849021911621,2.4053590297698975,2.753406524658203
B9,1.5099087953567505,1.1338520050048828,1.269596815109253,1.5507266521453857,1.3895598649978638,1.1948994398117065,1.526484489440918,1.7276936769485474,1.5794326066970825,1.625977635383606,1.9648398160934448,2.0675506591796875,2.0201563835144043,2.2807300090789795,2.5140576362609863,1.3391658067703247,1.10645592212677,1.0179951190948486,0.8671648502349854,0.6288427710533142,0.5239453911781311,0.5375744104385376,0.37423083186149597,0.0,0.37234529852867126,0.514392077922821,0.4769686162471771,0.6126159429550171,0.849731981754303,0.9479584693908691,1.9874004125595093,1.7906895875930786,1.4535518884658813,1.4650683403015137,1.548554539680481,1.2706393003463745,1.0065996646881104,1.2569421529769897,1.2881813049316406,0.9481204152107239,0.9384531378746033,1.2790603637695312,1.191901445388794,1.029285192489624,1.3413447141647339,2.489835262298584,2.1859567165374756,1.9248499870300293,2.034987211227417,2.01737904548645,1.661755919456482,1.5734950304031372,1.8293856382369995,1.7043405771255493,1.3487341403961182,1.5445902347564697,1.7664909362792969,1.5037800073623657,1.461766242980957,1.8304412364959717,2.552825689315796,2.169708013534546,2.022592544555664,2.289693593978882,2.210785150527954,1.8240355253219604,1.9427958726882935,2.253403425216675,2.0515425205230713,1.810623049736023,2.150103807449341,2.312770128250122,2.0604913234710693,2.1849029064178467,2.533046245574951
B10,1.2759521007537842,0.8764615654945374,0.9852021336555481,1.2283958196640015,1.041306495666504,0.829786479473114,1.170500636100769,1.3575420379638672,1.2103978395462036,1.2699168920516968,1.6002830266952515,1.7024067640304565,1.6761871576309204,1.9347161054611206,2.1561460494995117,1.515315294265747,1.2612357139587402,1.0750545263290405,0.9858543276786804,0.8538126945495605,0.6084171533584595,0.4966717064380646,0.5458170771598816,0.37234529852867126,0.0,0.38396644592285156,0.5392571687698364,0.5004355907440186,0.6503371596336365,0.8853123188018799,2.0686228275299072,1.8087308406829834,1.4989126920700073,1.5829944610595703,1.6129674911499023,1.2738008499145508,1.1044762134552002,1.3896541595458984,1.3338675498962402,0.9768100380897522,1.1011570692062378,1.4006996154785156,1.2379919290542603,1.156480312347412,1.5090726613998413,2.3147552013397217,1.9882735013961792,1.7678900957107544,1.8631826639175415,1.7887372970581055,1.4287649393081665,1.3903728723526,1.6121726036071777,1.4304380416870117,1.0964277982711792,1.3430759906768799,1.5119256973266602,1.222458839416504,1.2519701719284058,1.6155643463134766,2.3277928829193115,1.9284194707870483,1.833506464958191,2.1052520275115967,1.9848555326461792,1.6127244234085083,1.7925912141799927,2.0808427333831787,1.8576816320419312,1.6730082035064697,2.0408542156219482,2.170192003250122,1.9392497539520264,2.1210646629333496,2.446441888809204
B11,1.0902830362319946,0.7394861578941345,0.9825378060340881,1.198909878730774,1.004031777381897,0.9347031712532043,1.2903271913528442,1.4149025678634644,1.3189527988433838,1.4663254022598267,1.751539945602417,1.8251500129699707,1.8665885925292969,2.1370463371276855,2.3101351261138916,1.5728027820587158,1.4061423540115356,1.1985408067703247,1.0013790130615234,0.9410260915756226,0.8301080465316772,0.5794879794120789,0.4770545959472656,0.514392077922821,0.38396644592285156,0.0,0.37330418825149536,0.5127143263816833,0.48702535033226013,0.622155487537384,2.3276116847991943,2.095611810684204,1.7626510858535767,1.8596246242523193,1.9396655559539795,1.6163328886032104,1.4219653606414795,1.7170265913009644,1.6997668743133545,1.3444360494613647,1.4175736904144287,1.7344545125961304,1.5789601802825928,1.4399622678756714,1.7828001976013184,2.664274215698242,2.339380979537964,2.128579616546631,2.1965723037719727,2.1037349700927734,1.756226658821106,1.7109133005142212,1.8863259553909302,1.6819608211517334,1.3583753108978271,1.5661143064498901,1.6844953298568726,1.3540786504745483,1.3547191619873047,1.6999307870864868,2.508554697036743,2.1172702312469482,2.048680305480957,2.35476016998291,2.2505502700805664,1.8988546133041382,2.0976767539978027,2.398648977279663,2.193378448486328,2.0277700424194336,2.3953278064727783,2.5327858924865723,2.315551519393921,2.4994425773620605,2.82438063621521
B12,1.4429067373275757,1.1080222129821777,1.3505536317825317,1.5542172193527222,1.3215306997299194,1.232381820678711,1.5979278087615967,1.6973596811294556,1.53812575340271,1.6873583793640137,2.0005297660827637,2.0297985076904297,2.0293872356414795,2.331887722015381,2.5052649974823,1.7034226655960083,1.532749891281128,1.404542088508606,1.1829389333724976,1.0210907459259033,0.9661287069320679,0.8292275071144104,0.5827552080154419,0.4769686162471771,0.5392571687698364,0.37330418825149536,0.0,0.36883115768432617,0.5107887387275696,0.4822077453136444,2.4577553272247314,2.251832962036133,1.9151885509490967,1.9417253732681274,2.0167083740234375,1.7211562395095825,1.4762585163116455,1.707525610923767,1.7011553049087524,1.3402481079101562,1.3281819820404053,1.6294065713882446,1.4726086854934692,1.2573391199111938,1.5790839195251465,2.697009563446045,2.410001039505005,2.157127618789673,2.1948747634887695,2.151423454284668,1.8233623504638672,1.7037558555603027,1.8771640062332153,1.7334915399551392,1.3826792240142822,1.5099139213562012,1.673205852508545,1.3749319314956665,1.2764701843261719,1.6219922304153442,2.8330986499786377,2.4377059936523438,2.347590446472168,2.6334614753723145,2.5215587615966797,2.1513309478759766,2.3229739665985107,2.6158199310302734,2.3868279457092285,2.1878249645233154,2.548328399658203,2.6748464107513428,2.415552854537964,2.5781261920928955,2.9125194549560547
B13,1.5065377950668335,1.1462363004684448,1.337476372718811,1.4898277521133423,1.203678846359253,1.0711513757705688,1.4324430227279663,1.4986233711242676,1.2764606475830078,1.423791766166687,1.750847578048706,1.7443851232528687,1.7131080627441406,2.03373384475708,2.2043466567993164,1.9275048971176147,1.6969177722930908,1.5486557483673096,1.400963544845581,1.2286932468414307,1.0605876445770264,0.9560917615890503,0.8370687961578369,0.6126159429550171,0.5004355907440186,0.5127143263816833,0.36883115768432617,0.0,0.36598703265190125,0.5370174646377563,2.5156288146972656,2.2633204460144043,1.9603261947631836,1.994571328163147,2.000744104385376,1.6740400791168213,1.4821993112564087,1.6907951831817627,1.602989673614502,1.2319726943969727,1.286470651626587,1.532257318496704,1.3015975952148438,1.1327446699142456,1.4842852354049683,2.3938066959381104,2.119757890701294,1.8752888441085815,1.8776875734329224,1.8227587938308716,1.5139378309249878,1.3821165561676025,1.524325966835022,1.381870985031128,1.0347013473510742,1.1476160287857056,1.3050042390823364,1.015466570854187,0.9187136292457581,1.2739338874816895,2.7652084827423096,2.356696367263794,2.295609474182129,2.5537126064300537,2.393547773361206,2.029149055480957,2.226046085357666,2.4794957637786865,2.211449146270752,2.0400705337524414,2.412257432937622,2.4922335147857666,2.220931053161621,2.4183497428894043,2.732828140258789
