,A1,A2,A3,A4,A5,A6,A7,A8,A9,A10,A11,A12,A13,A14,A15,B1,B2,B3,B4,B5,B6,B7,B8,B9,B10,B11,B12,B13,B14,B15,C1,C2,C3,C4,C5,C6,C7,C8,C9,C10,C11,C12,C13,C14,C15,D1,D2,D3,D4,D5,D6,D7,D8,D9,D10,D11,D12,D13,D14,D15,E1,E2,E3,E4,E5,E6,E7,E8,E9,E10,E11,E12,E13,E14,E15
A1,0.0,0.3789913058280945,0.5463271141052246,0.5112201571464539,0.6165178418159485,0.8563953638076782,0.9727773070335388,1.0150071382522583,1.1993763446807861,1.4093739986419678,1.5042821168899536,1.6316782236099243,1.843460202217102,2.0001542568206787,2.110586643218994,1.1939363479614258,1.4069428443908691,1.151766061782837,0.9991559386253357,1.3732588291168213,1.4757347106933594,1.2258845567703247,1.3462380170822144,1.6979715824127197,1.6823312044143677,1.5885825157165527,1.8969719409942627,2.121849536895752,2.0482680797576904,2.1219561100006104,1.6708409786224365,1.7020219564437866,1.4022328853607178,1.5589407682418823,1.8937424421310425,1.7984555959701538,1.6468336582183838,1.9695831537246704,2.188368797302246,2.0657835006713867,2.137542963027954,2.4924230575561523,2.579273223876953,2.501312494277954,2.7223353385925293,1.068466305732727,1.0106277465820312,0.9183115363121033,1.2273621559143066,1.4268646240234375,1.3728423118591309,1.457064151763916,1.7380881309509277,1.8588942289352417,1.8842675685882568,2.0787546634674072,2.3210418224334717,2.4035022258758545,2.4890923500061035,2.718647003173828,2.436089515686035,2.3902947902679443,2.0049240589141846,2.051880121231079,2.324758529663086,2.133441686630249,1.8327709436416626,2.11217999458313,2.2873036861419678,1.988168716430664,1.9530831575393677,2.3367180824279785,2.3273580074310303,2.0740060806274414,2.2776057720184326
A2,0.3789913058280945,0.0,0.3801977336406708,0.5383127927780151,0.5040280222892761,0.6055521368980408,0.8392288684844971,0.9462013840675354,1.0203629732131958,1.2134963274002075,1.3976656198501587,1.5143274068832397,1.6576926708221436,1.8472458124160767,2.0096781253814697,1.0670320987701416,1.245690941810608,0.9916316270828247,0.7508984208106995,1.0925220251083374,1.2063350677490234,0.9271968007087708,0.9934014081954956,1.3587844371795654,1.3568202257156372,1.2328035831451416,1.5269869565963745,1.769687294960022,1.707043170928955,1.7622038125991821,1.708588719367981,1.7438126802444458,1.4012033939361572,1.49027681350708,1.8310933113098145,1.726250171661377,1.5040827989578247,1.8127087354660034,2.0500643253326416,1.8893499374389648,1.9124044179916382,2.2858543395996094,2.374228000640869,2.2514801025390625,2.4568517208099365,1.3405842781066895,1.2440102100372314,1.053666591644287,1.3702495098114014,1.5914320945739746,1.461361289024353,1.4905673265457153,1.8225810527801514,1.9347196817398071,1.8833335638046265,2.0818233489990234,2.363581418991089,2.4068617820739746,2.4471793174743652,2.705906867980957,2.1620676517486572,2.1355395317077637,1.757398247718811,1.8275538682937622,2.127786159515381,1.9600650072097778,1.6823782920837402,1.9812177419662476,2.180647134780884,1.9235327243804932,1.9149914979934692,2.3043112754821777,2.327531099319458,2.1238596439361572,2.3328168392181396
A3,0.5463271141052246,0.3801977336406708,0.0,0.3797396421432495,0.5451653599739075,0.5037415623664856,0.5902354717254639,0.8239023685455322,0.959616482257843,1.0398919582366943,1.209798812866211,1.4173909425735474,1.544724464416504,1.6644457578659058,1.8562299013137817,1.011320948600769,1.0862970352172852,0.7535337209701538,0.6385273933410645,0.9922268986701965,0.9946950674057007,0.71473628282547,0.9218530654907227,1.230173945426941,1.1698014736175537,1.138387680053711,1.468546748161316,1.6430933475494385,1.5915470123291016,1.7277659177780151,1.440346598625183,1.4235821962356567,1.0646203756332397,1.1833927631378174,1.4981623888015747,1.3612878322601318,1.1572009325027466,1.4911550283432007,1.6992892026901245,1.5420676469802856,1.605417251586914,1.9688576459884644,2.043999671936035,1.9554481506347656,2.182584762573242,1.1601872444152832,1.037221074104309,0.7649637460708618,1.0687555074691772,1.2973891496658325,1.1377596855163574,1.1269572973251343,1.4734487533569336,1.590963363647461,1.5169271230697632,1.7061762809753418,1.9980478286743164,2.0422005653381348,2.0708961486816406,2.327411651611328,1.946545958518982,1.8700183629989624,1.4864252805709839,1.580254077911377,1.8444653749465942,1.6379576921463013,1.3747317790985107,1.696010947227478,1.8562254905700684,1.5835312604904175,1.6163511276245117,2.000816583633423,1.9959012269973755,1.8145965337753296,2.057013988494873
A4,0.5112201571464539,0.5383127927780151,0.3797396421432495,0.0,0.3789690434932709,0.5388073921203613,0.49365735054016113,0.5733234882354736,0.8306734561920166,0.9671833515167236,1.0239651203155518,1.2154314517974854,1.4259440898895264,1.529354214668274,1.6518667936325073,1.3552203178405762,1.438783049583435,1.0906248092651367,1.017612099647522,1.3691902160644531,1.338571310043335,1.0338670015335083,1.2524515390396118,1.55312180519104,1.4275884628295898,1.367122769355774,1.7294682264328003,1.8775099515914917,1.7583824396133423,1.8990639448165894,1.620824933052063,1.5446919202804565,1.21131432056427,1.4213627576828003,1.6975386142730713,1.510791301727295,1.3747076988220215,1.7404651641845703,1.8895856142044067,1.7173625230789185,1.845458745956421,2.197627067565918,2.2227838039398193,2.153487205505371,2.4225735664367676,1.0138826370239258,0.799511730670929,0.6376380324363708,1.008816123008728,1.1387739181518555,0.9738059639930725,1.0910968780517578,1.4090274572372437,1.4601198434829712,1.4493290185928345,1.6941584348678589,1.9279183149337769,1.960265874862671,2.0582900047302246,2.3197920322418213,2.0221638679504395,1.968945860862732,1.5845122337341309,1.5957657098770142,1.8491146564483643,1.6636239290237427,1.3424921035766602,1.6073646545410156,1.7857574224472046,1.4938474893569946,1.4461990594863892,1.8322551250457764,1.843129277229309,1.6078344583511353,1.8095811605453491
A5,0.6165178418159485,0.5040280222892761,0.5451653599739075,0.3789690434932709,0.0,0.3786931335926056,0.5423060059547424,0.4767378568649292,0.5862925052642822,0.8472329378128052,0.9606674313545227,1.0369435548782349,1.2356669902801514,1.4265832901000977,1.5406122207641602,1.5089343786239624,1.6121760606765747,1.2868919372558594,1.1127066612243652,1.4259151220321655,1.4284747838974,1.0747548341751099,1.198113203048706,1.524897575378418,1.3943521976470947,1.2355360984802246,1.5901384353637695,1.7699222564697266,1.6054235696792603,1.6850731372833252,1.9505122900009155,1.8896127939224243,1.537682294845581,1.7017314434051514,1.985887050628662,1.7891539335250854,1.5988423824310303,1.9539518356323242,2.1120033264160156,1.890051245689392,1.9774445295333862,2.351073980331421,2.3585281372070312,2.231029748916626,2.4968974590301514,1.371658444404602,1.1415876150131226,1.0111888647079468,1.3841345310211182,1.491765022277832,1.2873289585113525,1.4146391153335571,1.7497093677520752,1.7601358890533447,1.7132846117019653,1.986762523651123,2.2229089736938477,2.2075483798980713,2.2984676361083984,2.5912768840789795,1.9428688287734985,1.9600290060043335,1.5854299068450928,1.5554887056350708,1.8600459098815918,1.743226170539856,1.4096640348434448,1.643774390220642,1.889197826385498,1.6542983055114746,1.5635285377502441,1.9492484331130981,2.0282716751098633,1.810416579246521,1.9605320692062378
A6,0.8563953638076782,0.6055521368980408,0.5037415623664856,0.5388073921203613,0.3786931335926056,0.0,0.37692978978157043,0.5267763137817383,0.4899131655693054,0.6131922006607056,0.8548938035964966,0.9886974096298218,1.0763628482818604,1.2578595876693726,1.4591652154922485,1.4140082597732544,1.4412199258804321,1.1099653244018555,0.941165030002594,1.191109299659729,1.1375701427459717,0.7619410753250122,0.9001367092132568,1.1894071102142334,1.0237125158309937,0.8787825703620911,1.2495766878128052,1.4020220041275024,1.248983383178711,1.3654985427856445,1.8679753541946411,1.7957961559295654,1.4220072031021118,1.5336909294128418,1.7975152730941772,1.5856919288635254,1.3474396467208862,1.687739372253418,1.8424160480499268,1.5881633758544922,1.6473486423492432,2.027799606323242,2.0288994312286377,1.8748193979263306,2.1361329555511475,1.5265398025512695,1.297476053237915,1.067898154258728,1.407713532447815,1.5422768592834473,1.2810485363006592,1.3276104927062988,1.6971209049224854,1.710964560508728,1.582805871963501,1.843448281288147,2.1176280975341797,2.071744441986084,2.1087429523468018,2.4208576679229736,1.6039384603500366,1.612423300743103,1.238542079925537,1.2488577365875244,1.567441701889038,1.4540042877197266,1.156482458114624,1.4284354448318481,1.6744282245635986,1.478481411933899,1.4470998048782349,1.8293733596801758,1.9188106060028076,1.7678319215774536,1.945468544960022
A7,0.9727773070335388,0.8392288684844971,0.5902354717254639,0.49365735054016113,0.5423060059547424,0.37692978978157043,0.0,0.3831632733345032,0.545565664768219,0.511229932308197,0.6265645027160645,0.8898028135299683,1.0186796188354492,1.08725905418396,1.2781099081039429,1.539111852645874,1.5134590864181519,1.1400887966156006,1.0951697826385498,1.356089472770691,1.2149128913879395,0.8731369972229004,1.127409815788269,1.3498843908309937,1.11838960647583,1.0764517784118652,1.4635473489761353,1.5336618423461914,1.3713968992233276,1.5674525499343872,1.745919108390808,1.6041722297668457,1.2477792501449585,1.4286123514175415,1.639291763305664,1.3760578632354736,1.2072417736053467,1.578499436378479,1.6678553819656372,1.4168174266815186,1.5595372915267944,1.9136483669281006,1.8759046792984009,1.7776033878326416,2.0803210735321045,1.343627691268921,1.0660196542739868,0.8358771800994873,1.1626691818237305,1.2389079332351685,0.9387889504432678,1.0170366764068604,1.3771027326583862,1.3513870239257812,1.2308918237686157,1.5182486772537231,1.76681649684906,1.7135452032089233,1.7809842824935913,2.0931384563446045,1.5415165424346924,1.5001050233840942,1.1216336488723755,1.1033599376678467,1.3660783767700195,1.2137763500213623,0.8827943205833435,1.1516131162643433,1.3653919696807861,1.1320743560791016,1.0955810546875,1.4830632209777832,1.5513441562652588,1.3928091526031494,1.5854554176330566
A8,1.0150071382522583,0.9462013840675354,0.8239023685455322,0.5733234882354736,0.4767378568649292,0.5267763137817383,0.3831632733345032,0.0,0.3826809823513031,0.5456426739692688,0.5090165734291077,0.6441779136657715,0.8942312598228455,1.0100489854812622,1.096120834350586,1.8293582201004028,1.852457880973816,1.485661506652832,1.3985263109207153,1.6783583164215088,1.574779748916626,1.2150706052780151,1.411288857460022,1.6623622179031372,1.4267264604568481,1.3092303276062012,1.6927578449249268,1.7780460119247437,1.5533040761947632,1.6996018886566162,2.059865951538086,1.9118150472640991,1.572994351387024,1.7859132289886475,1.9974101781845093,1.7263752222061157,1.584146499633789,1.9585450887680054,2.031024694442749,1.7712606191635132,1.926060676574707,2.2761425971984863,2.209953546524048,2.102015256881714,2.4181199073791504,1.4335633516311646,1.1098076105117798,1.0052635669708252,1.3628824949264526,1.3643527030944824,1.0813685655593872,1.2688416242599487,1.5882278680801392,1.5014915466308594,1.4415459632873535,1.768825650215149,1.960224986076355,1.8864649534225464,2.013246774673462,2.3291220664978027,1.7012150287628174,1.7244371175765991,1.3697710037231445,1.2538379430770874,1.5249955654144287,1.4395910501480103,1.0702269077301025,1.236258625984192,1.5008862018585205,1.2888193130493164,1.134374737739563,1.5096604824066162,1.6307035684585571,1.4223101139068604,1.5315682888031006
A9,1.1993763446807861,1.0203629732131958,0.959616482257843,0.8306734561920166,0.5862925052642822,0.4899131655693054,0.545565664768219,0.3826809823513031,0.0,0.38437604904174805,0.5430261492729187,0.5231180191040039,0.6532641053199768,0.8933573961257935,1.0344061851501465,1.9038207530975342,1.9159287214279175,1.5743870735168457,1.425113558769226,1.6436173915863037,1.5495773553848267,1.1710315942764282,1.2851331233978271,1.5211549997329712,1.2745015621185303,1.0797746181488037,1.4431371688842773,1.5351828336715698,1.269100308418274,1.3705604076385498,2.275489091873169,2.148346185684204,1.7875041961669922,1.9391804933547974,2.155560255050659,1.8868520259857178,1.6827154159545898,2.0308663845062256,2.1166656017303467,1.8138408660888672,1.9124575853347778,2.276313304901123,2.199714183807373,2.0291683673858643,2.3308050632476807,1.7823768854141235,1.477486491203308,1.3298755884170532,1.6809289455413818,1.7133556604385376,1.4067233800888062,1.5392165184020996,1.884074330329895,1.7966442108154297,1.6728156805038452,1.9948866367340088,2.2127954959869385,2.098677635192871,2.1817688941955566,2.523142099380493,1.492983341217041,1.586532473564148,1.2547179460525513,1.1185952425003052,1.4468765258789062,1.4346851110458374,1.0958480834960938,1.2475574016571045,1.5667800903320312,1.4361004829406738,1.2972019910812378,1.6520825624465942,1.828201174736023,1.6798869371414185,1.766351580619812
A10,1.4093739986419678,1.2134963274002075,1.0398919582366943,0.9671833515167236,0.8472329378128052,0.6131922006607056,0.511229932308197,0.5456426739692688,0.38437604904174805,0.0,0.38249456882476807,0.5563697814941406,0.5348942875862122,0.6519458889961243,0.9080986380577087,1.9238260984420776,1.8598963022232056,1.5100963115692139,1.4298467636108398,1.5999120473861694,1.4217733144760132,1.072269320487976,1.2464851140975952,1.3968238830566406,1.0819975137710571,0.9738141298294067,1.3426026105880737,1.3445727825164795,1.0789172649383545,1.277330756187439,2.1755549907684326,2.0096237659454346,1.6573926210403442,1.7966536283493042,1.9590989351272583,1.658312201499939,1.4620814323425293,1.7975143194198608,1.8351179361343384,1.5064448118209839,1.627311110496521,1.9715824127197266,1.8582773208618164,1.694735050201416,2.0185139179229736,1.8300378322601318,1.5194998979568481,1.3186649084091187,1.62086021900177,1.6423348188400269,1.2918733358383179,1.371985912322998,1.7179566621780396,1.6096889972686768,1.4213736057281494,1.7394806146621704,1.9660605192184448,1.8157289028167725,1.8664307594299316,2.2226369380950928,1.161258339881897,1.2231135368347168,0.894565999507904,0.7454720139503479,1.0664339065551758,1.0560190677642822,0.7304099202156067,0.8988097310066223,1.2161216735839844,1.1249812841415405,1.0351184606552124,1.3772233724594116,1.559431791305542,1.4791333675384521,1.591357707977295
A11,1.5042821168899536,1.3976656198501587,1.209798812866211,1.0239651203155518,0.9606674313545227,0.8548938035964966,0.6265645027160645,0.5090165734291077,0.5430261492729187,0.38249456882476807,0.0,0.3940052092075348,0.5556665062904358,0.5240874290466309,0.6533167362213135,2.1571707725524902,2.101034164428711,1.7288645505905151,1.6934852600097656,1.9051578044891357,1.7145076990127563,1.3773880004882812,1.594428539276123,1.749590516090393,1.4283313751220703,1.3529868125915527,1.7224737405776978,1.702600359916687,1.4289612770080566,1.6354748010635376,2.2658936977386475,2.0553598403930664,1.7345943450927734,1.9404468536376953,2.0723748207092285,1.7436447143554688,1.6241213083267212,1.9790630340576172,1.9664437770843506,1.6575849056243896,1.848230004310608,2.1627273559570312,2.015125274658203,1.9057494401931763,2.257692575454712,1.7550143003463745,1.4026371240615845,1.2808763980865479,1.5735195875167847,1.5070722103118896,1.1541069746017456,1.3236154317855835,1.619673728942871,1.4406780004501343,1.3094887733459473,1.667892336845398,1.826235294342041,1.6600018739700317,1.784175992012024,2.1334524154663086,1.3571497201919556,1.4025704860687256,1.1064202785491943,0.8826354146003723,1.113000512123108,1.1052947044372559,0.734229326248169,0.7841867804527283,1.1005635261535645,0.98679518699646,0.7809169888496399,1.117786169052124,1.324520468711853,1.2012759447097778,1.2580797672271729
A12,1.6316782236099243,1.5143274068832397,1.4173909425735474,1.2154314517974854,1.0369435548782349,0.9886974096298218,0.8898028135299683,0.6441779136657715,0.5231180191040039,0.5563697814941406,0.3940052092075348,0.0,0.381509006023407,0.5460113286972046,0.5397040247917175,2.3851962089538574,2.3654239177703857,2.0057482719421387,1.9077532291412354,2.1146483421325684,1.9662681818008423,1.6048626899719238,1.7498340606689453,1.9286121129989624,1.6213730573654175,1.4604185819625854,1.8051730394363403,1.8132609128952026,1.4896892309188843,1.6187564134597778,2.609844207763672,2.4211952686309814,2.089154005050659,2.2823920249938965,2.4391002655029297,2.1209139823913574,1.973802089691162,2.323084831237793,2.329601526260376,2.005078077316284,2.160496711730957,2.4865639209747314,2.334136724472046,2.183154582977295,2.5233898162841797,2.0227363109588623,1.666601300239563,1.5862846374511719,1.9089598655700684,1.839767336845398,1.5079846382141113,1.7024885416030884,1.9964706897735596,1.8096020221710205,1.698115348815918,2.060096502304077,2.204737663269043,2.0254759788513184,2.158764362335205,2.5119872093200684,1.473766565322876,1.6099400520324707,1.3495529890060425,1.0796705484390259,1.3417789936065674,1.4173033237457275,1.0737266540527344,1.0548670291900635,1.4091720581054688,1.3518112897872925,1.1047191619873047,1.3888779878616333,1.6457229852676392,1.5152324438095093,1.4954482316970825
A13,1.843460202217102,1.6576926708221436,1.544724464416504,1.4259440898895264,1.2356669902801514,1.0763628482818604,1.0186796188354492,0.8942312598228455,0.6532641053199768,0.5348942875862122,0.5556665062904358,0.381509006023407,0.0,0.38436439633369446,0.5673667192459106,2.436553478240967,2.37622332572937,2.03682017326355,1.9333792924880981,2.0751819610595703,1.9006942510604858,1.5584908723831177,1.6694999933242798,1.7869921922683716,1.4555250406265259,1.2914938926696777,1.5964893102645874,1.5550602674484253,1.2043380737304688,1.3417569398880005,2.7000961303710938,2.513942241668701,2.1735548973083496,2.3171093463897705,2.453197717666626,2.1319305896759033,1.9495972394943237,2.2644708156585693,2.259944438934326,1.9035412073135376,2.021848678588867,2.337994337081909,2.1634111404418945,1.970380425453186,2.30069899559021,2.2763664722442627,1.933918833732605,1.7926278114318848,2.095663070678711,2.0566468238830566,1.6981933116912842,1.8255579471588135,2.137608051300049,1.957987666130066,1.7753732204437256,2.117689609527588,2.289935350418091,2.0744309425354004,2.150500535964966,2.5216891765594482,1.144076943397522,1.3376049995422363,1.129690408706665,0.8312143683433533,1.1195062398910522,1.270459532737732,0.9928686022758484,0.9569052457809448,1.3358476161956787,1.367175579071045,1.182802438735962,1.430801510810852,1.7151304483413696,1.6679052114486694,1.66454017162323
A14,2.0001542568206787,1.8472458124160767,1.6644457578659058,1.529354214668274,1.4265832901000977,1.2578595876693726,1.08725905418396,1.0100489854812622,0.8933573961257935,0.6519458889961243,0.5240874290466309,0.5460113286972046,0.38436439633369446,0.0,0.3818965256214142,2.547595500946045,2.446169137954712,2.093442916870117,2.0585498809814453,2.1994128227233887,1.9702017307281494,1.6601555347442627,1.8370293378829956,1.9109175205230713,1.5467280149459839,1.4723860025405884,1.783164143562317,1.6766694784164429,1.3535499572753906,1.5693360567092896,2.6515793800354004,2.42020845413208,2.110975503921509,2.278256416320801,2.3592042922973633,2.0098273754119873,1.8820127248764038,2.1908023357391357,2.123563051223755,1.7720710039138794,1.9466478824615479,2.2224466800689697,2.0037009716033936,1.8593498468399048,2.2182259559631348,2.2525503635406494,1.899374008178711,1.7639498710632324,2.0201809406280518,1.9346812963485718,1.5638258457183838,1.6900228261947632,1.9627963304519653,1.7377418279647827,1.5429314374923706,1.8889703750610352,2.022970199584961,1.7718324661254883,1.8617010116577148,2.2327725887298584,1.0719175338745117,1.2067842483520508,1.0386404991149902,0.6885802745819092,0.8697200417518616,1.03662109375,0.7764407992362976,0.6249381899833679,1.0020817518234253,1.0813878774642944,0.8798015117645264,1.074411392211914,1.3841140270233154,1.3840947151184082,1.3636795282363892
A15,2.110586643218994,2.0096781253814697,1.8562299013137817,1.6518667936325073,1.5406122207641602,1.4591652154922485,1.2781099081039429,1.096120834350586,1.0344061851501465,0.9080986380577087,0.6533167362213135,0.5397040247917175,0.5673667192459106,0.3818965256214142,0.0,2.800067186355591,2.7292158603668213,2.363107204437256,2.3227789402008057,2.5017759799957275,2.292593479156494,1.9656367301940918,2.144761085510254,2.2547247409820557,1.9016220569610596,1.8023619651794434,2.122493028640747,2.0410664081573486,1.7057303190231323,1.8847259283065796,2.8746187686920166,2.631028413772583,2.335434913635254,2.5433497428894043,2.6287941932678223,2.2743773460388184,2.1801886558532715,2.5077216625213623,2.432492256164551,2.0988636016845703,2.299247980117798,2.5704150199890137,2.34621524810791,2.2253682613372803,2.5901362895965576,2.318286418914795,1.9448763132095337,1.8830199241638184,2.1479082107543945,2.008373737335205,1.6618776321411133,1.859248161315918,2.0953471660614014,1.8298436403274536,1.7036489248275757,2.07019305229187,2.147028684616089,1.896592378616333,2.0512428283691406,2.4057555198669434,1.4317280054092407,1.57357656955719,1.4136847257614136,1.0641268491744995,1.196053385734558,1.35408353805542,1.0757355690002441,0.8675286769866943,1.2050954103469849,1.2609703540802002,0.9618099331855774,1.104878544807434,1.440216302871704,1.387148141860962,1.2702959775924683
B1,1.1939363479614258,1.0670320987701416,1.011320948600769,1.3552203178405762,1.5089343786239624,1.4140082597732544,1.539111852645874,1.8293582201004028,1.9038207530975342,1.9238260984420776,2.1571707725524902,2.3851962089538574,2.436553478240967,2.547595500946045,2.800067186355591,0.0,0.37898528575897217,0.5472967624664307,0.5151169896125793,0.6240867376327515,0.866095244884491,0.9809198975563049,1.0287209749221802,1.2139052152633667,1.4245164394378662,1.5170097351074219,1.648904800415039,1.8641035556793213,2.0147528648376465,2.1185922622680664,1.1217005252838135,1.3568581342697144,1.1302543878555298,0.9609832167625427,1.3256386518478394,1.451246976852417,1.2267498970031738,1.3309253454208374,1.6870472431182861,1.7028133869171143,1.6081289052963257,1.8964415788650513,2.143437623977661,2.086034059524536,2.1496591567993164,1.6056238412857056,1.7112174034118652,1.414979338645935,1.485241174697876,1.8508504629135132,1.820759892463684,1.6268976926803589,1.8899790048599243,2.1632401943206787,2.065999984741211,2.0771918296813965,2.4249534606933594,2.5586678981781006,2.471514940261841,2.6369287967681885,2.483917236328125,2.3306937217712402,2.0079185962677,2.2515127658843994,2.4702370166778564,2.207402229309082,2.086178779602051,2.4596004486083984,2.5303795337677,2.2693099975585938,2.429731845855713,2.7802765369415283,2.6938233375549316,2.572676420211792,2.885256767272949
B2,1.4069428443908691,1.245690941810608,1.0862970352172852,1.438783049583435,1.6121760606765747,1.4412199258804321,1.5134590864181519,1.852457880973816,1.9159287214279175,1.8598963022232056,2.101034164428711,2.3654239177703857,2.37622332572937,2.446169137954712,2.7292158603668213,0.37898528575897217,0.0,0.38527238368988037,0.5435926914215088,0.5090325474739075,0.6155573129653931,0.8494426012039185,0.9588657021522522,1.034131407737732,1.232141375541687,1.4125579595565796,1.5290921926498413,1.679474949836731,1.8660459518432617,2.02089262008667,0.9796015024185181,1.181441068649292,0.959270715713501,0.696821391582489,1.0288779735565186,1.1718381643295288,0.9268295168876648,0.972121000289917,1.341314673423767,1.378953218460083,1.2615097761154175,1.5287063121795654,1.7938505411148071,1.7548396587371826,1.80165696144104,1.6860709190368652,1.7629820108413696,1.4213695526123047,1.4470747709274292,1.8070310354232788,1.7449430227279663,1.4889881610870361,1.7502120733261108,2.025615692138672,1.8786425590515137,1.8536428213119507,2.2212860584259033,2.342129945755005,2.2096409797668457,2.3699891567230225,2.27052903175354,2.0779428482055664,1.783762812614441,2.0665581226348877,2.2480201721191406,1.9693989753723145,1.9048768281936646,2.2848682403564453,2.318959951400757,2.081749677658081,2.2910053730010986,2.6172661781311035,2.518298625946045,2.446876287460327,2.7770304679870605
B3,1.151766061782837,0.9916316270828247,0.7535337209701538,1.0906248092651367,1.2868919372558594,1.1099653244018555,1.1400887966156006,1.485661506652832,1.5743870735168457,1.5100963115692139,1.7288645505905151,2.0057482719421387,2.03682017326355,2.093442916870117,2.363107204437256,0.5472967624664307,0.38527238368988037,0.0,0.3793669044971466,0.5476629734039307,0.5127371549606323,0.597413182258606,0.8321627378463745,0.9680128693580627,1.0521032810211182,1.220579981803894,1.4263259172439575,1.5561952590942383,1.6743285655975342,1.860073447227478,0.948258101940155,1.0403834581375122,0.7262467741966248,0.589530348777771,0.9449488520622253,0.968291163444519,0.7105745673179626,0.9047808647155762,1.2212424278259277,1.1905015707015991,1.155708909034729,1.4711198806762695,1.6676918268203735,1.6278375387191772,1.7556630373001099,1.4187203645706177,1.4372085332870483,1.0788925886154175,1.1524637937545776,1.4904985427856445,1.3900209665298462,1.160226583480835,1.4606398344039917,1.7013438940048218,1.5558059215545654,1.5842534303665161,1.9458367824554443,2.044438362121582,1.949238657951355,2.1435928344726562,2.025104522705078,1.841540813446045,1.5132535696029663,1.7610325813293457,1.9504965543746948,1.6703896522521973,1.5631358623504639,1.9400157928466797,1.9901176691055298,1.7369304895401,1.9229484796524048,2.2605555057525635,2.175507068634033,2.0875322818756104,2.407705545425415
B4,0.9991559386253357,0.7508984208106995,0.6385273933410645,1.017612099647522,1.1127066612243652,0.941165030002594,1.0951697826385498,1.3985263109207153,1.425113558769226,1.4298467636108398,1.6934852600097656,1.9077532291412354,1.9333792924880981,2.0585498809814453,2.3227789402008057,0.5151169896125793,0.5435926914215088,0.3793669044971466,0.0,0.38454824686050415,0.5474110841751099,0.49813616275787354,0.5835462808609009,0.8406007885932922,0.9765512943267822,1.0330184698104858,1.2275038957595825,1.4381808042526245,1.5371904373168945,1.6539206504821777,1.2963100671768188,1.4011205434799194,1.070957064628601,0.9688519239425659,1.3194010257720947,1.311410903930664,1.0152229070663452,1.2155911922454834,1.5313471555709839,1.4339752197265625,1.3558008670806885,1.7068883180618286,1.884372353553772,1.772945761680603,1.8956645727157593,1.5606192350387573,1.5471627712249756,1.2173798084259033,1.384474515914917,1.7020736932754517,1.5730255842208862,1.4122852087020874,1.744431734085083,1.9443055391311646,1.8000248670578003,1.8856215476989746,2.239492177963257,2.304990291595459,2.2297110557556152,2.4574530124664307,2.0120203495025635,1.8946515321731567,1.5548841953277588,1.7732951641082764,2.023040533065796,1.796377420425415,1.650288462638855,2.0172243118286133,2.133486032485962,1.9027677774429321,2.0374388694763184,2.3980777263641357,2.3656346797943115,2.258288860321045,2.5442841053009033
B5,1.3732588291168213,1.0925220251083374,0.9922268986701965,1.3691902160644531,1.4259151220321655,1.191109299659729,1.356089472770691,1.6783583164215088,1.6436173915863037,1.5999120473861694,1.9051578044891357,2.1146483421325684,2.0751819610595703,2.1994128227233887,2.5017759799957275,0.6240867376327515,0.5090325474739075,0.5476629734039307,0.38454824686050415,0.0,0.379451721906662,0.5431855916976929,0.48381608724594116,0.5937939286231995,0.8567714691162109,0.9681041836738586,1.0468547344207764,1.2512807846069336,1.4386488199234009,1.5455795526504517,1.4323303699493408,1.5576897859573364,1.2565127611160278,1.0480290651321411,1.3527623414993286,1.3838768005371094,1.0427792072296143,1.1350528001785278,1.4793249368667603,1.387947678565979,1.210798740386963,1.5442912578582764,1.7604166269302368,1.6148473024368286,1.6692521572113037,1.9112578630447388,1.8996179103851318,1.5500823259353638,1.6810020208358765,2.0011134147644043,1.8523396253585815,1.6427923440933228,1.9701330661773682,2.173762321472168,1.9778255224227905,2.0282628536224365,2.4038543701171875,2.4507253170013428,2.3184380531311035,2.543813705444336,1.957548975944519,1.8313162326812744,1.5407929420471191,1.8124158382415771,2.0496127605438232,1.8379621505737305,1.7622748613357544,2.1326684951782227,2.2355334758758545,2.052868604660034,2.2282402515411377,2.567777633666992,2.5421271324157715,2.4862289428710938,2.7792115211486816
B6,1.4757347106933594,1.2063350677490234,0.9946950674057007,1.338571310043335,1.4284747838974,1.1375701427459717,1.2149128913879395,1.574779748916626,1.5495773553848267,1.4217733144760132,1.7145076990127563,1.9662681818008423,1.9006942510604858,1.9702017307281494,2.292593479156494,0.866095244884491,0.6155573129653931,0.5127371549606323,0.5474110841751099,0.379451721906662,0.0,0.3820050060749054,0.5309372544288635,0.49082857370376587,0.6233705282211304,0.8634465336799622,0.9909908771514893,1.0848625898361206,1.2687963247299194,1.463126301765442,1.3452776670455933,1.3899554014205933,1.079218864440918,0.8759444952011108,1.1170352697372437,1.0893052816390991,0.7211371064186096,0.8273640275001526,1.1385716199874878,1.0135751962661743,0.8478264212608337,1.2012277841567993,1.3920187950134277,1.2592469453811646,1.3517401218414307,1.8658056259155273,1.8145391941070557,1.4406487941741943,1.5469995737075806,1.8373669385910034,1.6505149602890015,1.4082518815994263,1.7379820346832275,1.9185924530029297,1.6806150674819946,1.7241169214248657,2.105811357498169,2.1273586750030518,1.9719878435134888,2.2083945274353027,1.6709271669387817,1.5008771419525146,1.219115138053894,1.5195480585098267,1.719718098640442,1.489638328552246,1.4548780918121338,1.8282194137573242,1.9005775451660156,1.737497329711914,1.9477591514587402,2.2646875381469727,2.233574390411377,2.217555522918701,2.51827335357666
B7,1.2258845567703247,0.9271968007087708,0.71473628282547,1.0338670015335083,1.0747548341751099,0.7619410753250122,0.8731369972229004,1.2150706052780151,1.1710315942764282,1.072269320487976,1.3773880004882812,1.6048626899719238,1.5584908723831177,1.6601555347442627,1.9656367301940918,0.9809198975563049,0.8494426012039185,0.597413182258606,0.49813616275787354,0.5431855916976929,0.3820050060749054,0.0,0.3807184398174286,0.543048083782196,0.512032687664032,0.6297131776809692,0.8881309628486633,1.0170745849609375,1.0875526666641235,1.2729029655456543,1.4917881488800049,1.485613226890564,1.1243160963058472,1.0456839799880981,1.3057509660720825,1.1851770877838135,0.8363652229309082,1.071337103843689,1.3153975009918213,1.1088839769363403,1.033357858657837,1.4191138744354248,1.5247881412506104,1.364062786102295,1.536063551902771,1.7263671159744263,1.6140509843826294,1.2590364217758179,1.4499493837356567,1.7008135318756104,1.4729191064834595,1.3074651956558228,1.6744967699050903,1.8001388311386108,1.5780720710754395,1.7039728164672852,2.0632503032684326,2.053102731704712,1.9552364349365234,2.231868267059326,1.5145689249038696,1.4038565158843994,1.0672355890274048,1.2988437414169312,1.5542879104614258,1.358796238899231,1.2402592897415161,1.6038219928741455,1.738356351852417,1.568536400794983,1.7162853479385376,2.0600199699401855,2.0726633071899414,2.022672414779663,2.2910361289978027
B8,1.3462380170822144,0.9934014081954956,0.9218530654907227,1.2524515390396118,1.198113203048706,0.9001367092132568,1.127409815788269,1.411288857460022,1.2851331233978271,1.2464851140975952,1.594428539276123,1.7498340606689453,1.6694999933242798,1.8370293378829956,2.144761085510254,1.0287209749221802,0.9588657021522522,0.8321627378463745,0.5835462808609009,0.48381608724594116,0.5309372544288635,0.3807184398174286,0.0,0.38294774293899536,0.5435465574264526,0.5076621770858765,0.6463392376899719,0.8970461487770081,1.010668158531189,1.0904715061187744,1.7726502418518066,1.8175867795944214,1.4670413732528687,1.3425884246826172,1.6167041063308716,1.5373990535736084,1.1734519004821777,1.3406602144241333,1.6128240823745728,1.4055485725402832,1.2492849826812744,1.625144124031067,1.7502769231796265,1.5292021036148071,1.6413919925689697,2.01824951171875,1.9166877269744873,1.5813968181610107,1.793708324432373,2.0537750720977783,1.830880880355835,1.6839567422866821,2.05138897895813,2.1754302978515625,1.9524015188217163,2.080864429473877,2.4417061805725098,2.420430898666382,2.3121986389160156,2.5934226512908936,1.6065915822982788,1.5584717988967896,1.2613930702209473,1.4835344552993774,1.773577094078064,1.6347484588623047,1.5275286436080933,1.8685482740402222,2.039459705352783,1.9052499532699585,2.0303478240966797,2.3740897178649902,2.418391704559326,2.370114326477051,2.6172053813934326
B9,1.6979715824127197,1.3587844371795654,1.230173945426941,1.55312180519104,1.524897575378418,1.1894071102142334,1.3498843908309937,1.6623622179031372,1.5211549997329712,1.3968238830566406,1.749590516090393,1.9286121129989624,1.7869921922683716,1.9109175205230713,2.2547247409820557,1.2139052152633667,1.034131407737732,0.9680128693580627,0.8406007885932922,0.5937939286231995,0.49082857370376587,0.543048083782196,0.38294774293899536,0.0,0.3862730860710144,0.5444655418395996,0.5231003165245056,0.6627560257911682,0.9027584791183472,1.0370973348617554,1.836031436920166,1.8670549392700195,1.5448740720748901,1.360345482826233,1.5665229558944702,1.4972792863845825,1.1186786890029907,1.1955875158309937,1.4513132572174072,1.2395650148391724,1.0036829710006714,1.3542675971984863,1.4915372133255005,1.2391867637634277,1.2996423244476318,2.2573299407958984,2.1562373638153076,1.796988606452942,1.9610434770584106,2.2167694568634033,1.9780932664871216,1.7790273427963257,2.1315293312072754,2.254621982574463,1.982155203819275,2.0716326236724854,2.444885730743408,2.403101921081543,2.2389767169952393,2.5148892402648926,1.4591580629348755,1.3754891157150269,1.1469932794570923,1.4337254762649536,1.679161787033081,1.546661615371704,1.5307260751724243,1.8671870231628418,2.0006704330444336,1.9167038202285767,2.093961000442505,2.4015769958496094,2.44084095954895,2.4523584842681885,2.7107901573181152
B10,1.6823312044143677,1.3568202257156372,1.1698014736175537,1.4275884628295898,1.3943521976470947,1.0237125158309937,1.11838960647583,1.4267264604568481,1.2745015621185303,1.0819975137710571,1.4283313751220703,1.6213730573654175,1.4555250406265259,1.5467280149459839,1.9016220569610596,1.4245164394378662,1.232141375541687,1.0521032810211182,0.9765512943267822,0.8567714691162109,0.6233705282211304,0.512032687664032,0.5435465574264526,0.3862730860710144,0.0,0.37998202443122864,0.5466253161430359,0.5293890833854675,0.6522446274757385,0.9023647308349609,1.8757063150405884,1.8290290832519531,1.4909180402755737,1.3799246549606323,1.5433847904205322,1.3837007284164429,1.0248709917068481,1.1730927228927612,1.3422423601150513,1.0498336553573608,0.8947552442550659,1.2667710781097412,1.3090406656265259,1.043105125427246,1.2077172994613647,2.172766923904419,2.0153005123138428,1.6642693281173706,1.8457919359207153,2.0478274822235107,1.763429045677185,1.591012716293335,1.9510676860809326,2.017270088195801,1.7228188514709473,1.854483723640442,2.2092316150665283,2.123016834259033,1.9754446744918823,2.283137559890747,1.107242465019226,1.0270216464996338,0.770289957523346,1.0475001335144043,1.3005224466323853,1.189540147781372,1.1697722673416138,1.4917523860931396,1.6415642499923706,1.5868141651153564,1.7524763345718384,2.048161745071411,2.115525960922241,2.1460983753204346,2.3844220638275146
B11,1.5885825157165527,1.2328035831451416,1.138387680053711,1.367122769355774,1.2355360984802246,0.8787825703620911,1.0764517784118652,1.3092303276062012,1.0797746181488037,0.9738141298294067,1.3529868125915527,1.4604185819625854,1.2914938926696777,1.4723860025405884,1.8023619651794434,1.5170097351074219,1.4125579595565796,1.220579981803894,1.0330184698104858,0.9681041836738586,0.8634465336799622,0.6297131776809692,0.5076621770858765,0.5444655418395996,0.37998202443122864,0.0,0.388944536447525,0.5491923689842224,0.522098958492279,0.6443043947219849,2.113506317138672,2.0798580646514893,1.7180453538894653,1.6457771062850952,1.8544981479644775,1.685914158821106,1.3345600366592407,1.5245287418365479,1.7017086744308472,1.3999226093292236,1.2732499837875366,1.6449311971664429,1.665444254875183,1.3814071416854858,1.5489957332611084,2.240125894546509,2.0580673217773438,1.74081552028656,1.9848049879074097,2.1721537113189697,1.8792119026184082,1.7744498252868652,2.1517698764801025,2.191171407699585,1.927414894104004,2.1103804111480713,2.4466071128845215,2.3478057384490967,2.2460663318634033,2.5718882083892822,1.1659084558486938,1.204016089439392,0.9404529333114624,1.1057723760604858,1.4287593364715576,1.3861122131347656,1.2883870601654053,1.5731971263885498,1.7963743209838867,1.7450498342514038,1.835718035697937,2.1523337364196777,2.266850233078003,2.259075403213501,2.457043409347534
B12,1.8969719409942627,1.5269869565963745,1.468546748161316,1.7294682264328003,1.5901384353637695,1.2495766878128052,1.4635473489761353,1.6927578449249268,1.4431371688842773,1.3426026105880737,1.7224737405776978,1.8051730394363403,1.5964893102645874,1.783164143562317,2.122493028640747,1.648904800415039,1.5290921926498413,1.4263259172439575,1.2275038957595825,1.0468547344207764,0.9909908771514893,0.8881309628486633,0.6463392376899719,0.5231003165245056,0.5466253161430359,0.388944536447525,0.0,0.3785494267940521,0.5475537180900574,0.5408697128295898,2.324345827102661,2.325242042541504,1.981552243232727,1.8460320234298706,2.041860342025757,1.9171251058578491,1.5482903718948364,1.6570613384246826,1.8534104824066162,1.5720053911209106,1.3597909212112427,1.6950565576553345,1.7457524538040161,1.4195283651351929,1.4984729290008545,2.5797696113586426,2.421832323074341,2.0929958820343018,2.315279245376587,2.5247979164123535,2.2409486770629883,2.104274272918701,2.4741108417510986,2.5320191383361816,2.2483675479888916,2.3980534076690674,2.747636079788208,2.6463351249694824,2.5044474601745605,2.8198487758636475,1.2778791189193726,1.3326399326324463,1.1606502532958984,1.3600213527679443,1.653680443763733,1.637578010559082,1.6053715944290161,1.875823736190796,2.082007884979248,2.066709041595459,2.1824986934661865,2.477656364440918,2.5931456089019775,2.614380359649658,2.8156070709228516
B13,2.121849536895752,1.769687294960022,1.6430933475494385,1.8775099515914917,1.7699222564697266,1.4020220041275024,1.5336618423461914,1.7780460119247437,1.5351828336715698,1.3445727825164795,1.702600359916687,1.8132609128952026,1.5550602674484253,1.6766694784164429,2.0410664081573486,1.8641035556793213,1.679474949836731,1.5561952590942383,1.4381808042526245,1.2512807846069336,1.0848625898361206,1.0170745849609375,0.8970461487770081,0.6627560257911682,0.5293890833854675,0.5491923689842224,0.3785494267940521,0.0,0.3834212124347687,0.5684367418289185,2.3799450397491455,2.3354649543762207,2.009593963623047,1.8764899969100952,2.006471633911133,1.8497449159622192,1.5014991760253906,1.5811506509780884,1.7104759216308594,1.3999236822128296,1.1882374286651611,1.486203908920288,1.4817553758621216,1.1263025999069214,1.2173268795013428,2.6869916915893555,2.507988214492798,2.1704084873199463,2.3643746376037598,2.5445423126220703,2.236570119857788,2.080778121948242,2.4342989921569824,2.4638173580169678,2.1434857845306396,2.282377243041992,2.6220364570617676,2.4853696823120117,2.314852476119995,2.6356775760650635,0.9761145710945129,1.017426609992981,0.9295457601547241,1.1548510789871216,1.3989347219467163,1.4138436317443848,1.4563037157058716,1.6979024410247803,1.8766257762908936,1.9189115762710571,2.0634710788726807,2.315962791442871,2.439373016357422,2.514223098754883,2.7107090950012207
