,A1,A2,A3,A4,A5,A6,A7,A8,A9,A10,A11,A12,A13,A14,A15,B1,B2,B3,B4,B5,B6,B7,B8,B9,B10,B11,B12,B13,B14,B15,C1,C2,C3,C4,C5,C6,C7,C8,C9,C10,C11,C12,C13,C14,C15,D1,D2,D3,D4,D5,D6,D7,D8,D9,D10,D11,D12,D13,D14,D15,E1,E2,E3,E4,E5,E6,E7,E8,E9,E10,E11,E12,E13,E14,E15
A1,0.0,0.38295167684555054,0.5509771108627319,0.5296744108200073,0.6358973979949951,0.8748195767402649,1.0026086568832397,1.0614036321640015,1.2466961145401,1.4512779712677002,1.5445613861083984,1.6772661209106445,1.9074950218200684,2.06622576713562,2.143662214279175,1.107184648513794,1.3243962526321411,1.1045185327529907,0.903021514415741,1.2516891956329346,1.3951479196548462,1.1682897806167603,1.2444329261779785,1.602420687675476,1.613195538520813,1.5078201293945312,1.7927714586257935,2.0451157093048096,1.9947137832641602,2.0324227809906006,1.7781243324279785,1.8417836427688599,1.51753830909729,1.577001929283142,1.9374743700027466,1.8870158195495605,1.6584501266479492,1.9312188625335693,2.190699815750122,2.049339771270752,2.0726349353790283,2.426065444946289,2.528726816177368,2.4369122982025146,2.620305299758911,1.735164761543274,1.6418142318725586,1.3918676376342773,1.677318811416626,1.9362363815307617,1.7843971252441406,1.7377697229385376,2.092635154724121,2.216134548187256,2.102795362472534,2.289388656616211,2.5844483375549316,2.6111717224121094,2.6397266387939453,2.900857448577881,1.049498438835144,0.858895480632782,0.8608503341674805,1.2181552648544312,1.3160737752914429,1.2339990139007568,1.4134604930877686,1.6810537576675415,1.7274806499481201,1.7841531038284302,2.0263473987579346,2.1937499046325684,2.2666563987731934,2.4319796562194824,2.628648519515991
A2,0.38295167684555054,0.0,0.3738727569580078,0.5368449091911316,0.5125206112861633,0.6153889894485474,0.8502030968666077,0.9734113216400146,1.0567140579223633,1.2455129623413086,1.4226303100585938,1.5392858982086182,1.7075144052505493,1.9015312194824219,2.0272748470306396,0.9255002737045288,1.0925133228302002,0.8889009952545166,0.6012799739837646,0.9121503233909607,1.0711175203323364,0.8436732888221741,0.8688105344772339,1.232932448387146,1.2750189304351807,1.1655471324920654,1.4271249771118164,1.6945947408676147,1.6741410493850708,1.700760006904602,1.678592562675476,1.7449065446853638,1.4049073457717896,1.3885729312896729,1.7424756288528442,1.7000540494918823,1.4207594394683838,1.6598920822143555,1.9383296966552734,1.7852646112442017,1.7616052627563477,2.121720552444458,2.2380528450012207,2.118250608444214,2.280977725982666,1.8100296258926392,1.7249135971069336,1.4145357608795166,1.645957112312317,1.9260386228561401,1.7562204599380493,1.6344397068023682,1.9920508861541748,2.1336019039154053,1.9696255922317505,2.1218373775482178,2.445110559463501,2.46158504486084,2.441326141357422,2.70871901512146,1.2959153652191162,1.062882900238037,0.9481886625289917,1.3210160732269287,1.4342856407165527,1.261021614074707,1.3925995826721191,1.7141947746276855,1.736118197441101,1.7142969369888306,1.981214165687561,2.1773650646209717,2.195308208465576,2.3360118865966797,2.5789129734039307
A3,0.5509771108627319,0.3738727569580078,0.0,0.3793365955352783,0.5521523952484131,0.5269321203231812,0.6160390973091125,0.8544564247131348,0.9956902265548706,1.0793724060058594,1.2482601404190063,1.446747064590454,1.5939006805419922,1.72788405418396,1.8894189596176147,0.9085783958435059,0.9685659408569336,0.6648723483085632,0.5132719278335571,0.8645541667938232,0.9013844132423401,0.6569259762763977,0.8436540365219116,1.154223084449768,1.1271353960037231,1.1081819534301758,1.4107940196990967,1.6083592176437378,1.598661184310913,1.7088202238082886,1.425066590309143,1.4329527616500854,1.0770721435546875,1.1147494316101074,1.4519953727722168,1.370366096496582,1.1184810400009155,1.4039766788482666,1.648038387298584,1.498414158821106,1.5338971614837646,1.8845432996749878,1.9818428754806519,1.9083958864212036,2.1001243591308594,1.4925910234451294,1.3897238969802856,1.0608444213867188,1.2874295711517334,1.5584073066711426,1.385882019996643,1.2630999088287354,1.6219370365142822,1.7633792161941528,1.6142337322235107,1.7708548307418823,2.086186170578003,2.1179723739624023,2.116356611251831,2.3727328777313232,1.0992437601089478,0.8808765411376953,0.657667875289917,1.0120973587036133,1.170856237411499,0.9907854199409485,1.0569826364517212,1.395432710647583,1.4577991962432861,1.4123257398605347,1.6504526138305664,1.8767626285552979,1.9152930974960327,2.025068521499634,2.259154796600342
A4,0.5296744108200073,0.5368449091911316,0.3793365955352783,0.0,0.3774254620075226,0.537868320941925,0.5054444074630737,0.6004512906074524,0.8540753126144409,0.9870186448097229,1.0491408109664917,1.242747187614441,1.4664982557296753,1.5767625570297241,1.6733298301696777,1.2716737985610962,1.3429728746414185,1.0197479724884033,0.8866704702377319,1.2195833921432495,1.2214703559875488,0.914890468120575,1.0938001871109009,1.406644344329834,1.3015738725662231,1.2254009246826172,1.5694432258605957,1.7448228597640991,1.6554652452468872,1.7714289426803589,1.7116484642028809,1.6678829193115234,1.308647871017456,1.4200347661972046,1.7302980422973633,1.5881344079971313,1.3613513708114624,1.684873342514038,1.8778618574142456,1.6829785108566284,1.7638270854949951,2.1166532039642334,2.155182361602783,2.076016664505005,2.31437349319458,1.5598742961883545,1.376282811164856,1.0970122814178467,1.3976330757141113,1.5980278253555298,1.375082015991211,1.3382707834243774,1.7108643054962158,1.7784554958343506,1.637619137763977,1.8635029792785645,2.141249895095825,2.1291160583496094,2.1754677295684814,2.4586093425750732,0.9032973647117615,0.5942721366882324,0.4954968988895416,0.861006498336792,0.9095410704612732,0.7380992770195007,0.927115797996521,1.211220145225525,1.2238597869873047,1.259000301361084,1.5196200609207153,1.683161735534668,1.7391225099563599,1.9072684049606323,2.113342046737671
A5,0.6358973979949951,0.5125206112861633,0.5521523952484131,0.3774254620075226,0.0,0.36862459778785706,0.5392964482307434,0.4956468343734741,0.6141746044158936,0.8661414980888367,0.9726736545562744,1.0579453706741333,1.2810416221618652,1.4694517850875854,1.5468395948410034,1.3829604387283325,1.4610017538070679,1.179866909980774,0.9414819478988647,1.2064895629882812,1.243876338005066,0.9031634330749512,0.9600197076797485,1.2954785823822021,1.2012377977371216,1.0241477489471436,1.3536934852600098,1.5674854516983032,1.4419939517974854,1.4964025020599365,1.9670084714889526,1.9396374225616455,1.5716561079025269,1.6147338151931763,1.920087456703186,1.7804187536239624,1.4964714050292969,1.7832574844360352,1.9896010160446167,1.7550468444824219,1.7776436805725098,2.146219253540039,2.175806999206543,2.033482074737549,2.263160467147827,1.9212839603424072,1.7353914976119995,1.4391311407089233,1.7122914791107178,1.9114465713500977,1.6593124866485596,1.5816293954849243,1.95831298828125,2.011098861694336,1.8126648664474487,2.0313327312469482,2.323761224746704,2.2673990726470947,2.2743961811065674,2.585949659347534,1.2512009143829346,0.9097909927368164,0.8573481440544128,1.2050158977508545,1.1871742010116577,0.9488970041275024,1.1695358753204346,1.4552228450775146,1.3807487487792969,1.3850812911987305,1.6988292932510376,1.830888271331787,1.8156261444091797,2.0111451148986816,2.255373477935791
A6,0.8748195767402649,0.6153889894485474,0.5269321203231812,0.537868320941925,0.36862459778785706,0.0,0.37346410751342773,0.5240444540977478,0.49982497096061707,0.6356475949287415,0.865570604801178,0.9868270754814148,1.1065433025360107,1.3007099628448486,1.4623181819915771,1.2901995182037354,1.2781434059143066,0.9956725239753723,0.7762206792831421,0.96992427110672,0.9389652013778687,0.5760819315910339,0.6611406803131104,0.9578836560249329,0.8347506523132324,0.6942082643508911,1.0412923097610474,1.2275712490081787,1.1379835605621338,1.239109992980957,1.8053221702575684,1.7571139335632324,1.3883602619171143,1.386555790901184,1.6598533391952515,1.5097486972808838,1.196217656135559,1.4639066457748413,1.6627540588378906,1.4137253761291504,1.4179376363754272,1.7876782417297363,1.8174933195114136,1.6674555540084839,1.8948040008544922,1.875532627105713,1.702563762664795,1.365909457206726,1.5759198665618896,1.7820789813995361,1.5233556032180786,1.3760249614715576,1.7434730529785156,1.8122262954711914,1.573037028312683,1.7558348178863525,2.0689926147460938,2.0110485553741455,1.9764621257781982,2.287581443786621,1.4145779609680176,1.0939236879348755,0.9174630641937256,1.236495852470398,1.2645808458328247,0.963206946849823,1.0821752548217773,1.4155230522155762,1.3467038869857788,1.2515671253204346,1.5675297975540161,1.7451791763305664,1.6860382556915283,1.833438754081726,2.1178224086761475
A7,1.0026086568832397,0.8502030968666077,0.6160390973091125,0.5054444074630737,0.5392964482307434,0.37346410751342773,0.0,0.37685704231262207,0.5371514558792114,0.512877345085144,0.6398336887359619,0.8870975375175476,1.031110167503357,1.120923638343811,1.2871270179748535,1.455872893333435,1.3991105556488037,1.057300329208374,0.9632988572120667,1.1873021125793457,1.0609101057052612,0.7083155512809753,0.9329977035522461,1.1540802717208862,0.935979962348938,0.8915998339653015,1.2620055675506592,1.352843999862671,1.237903356552124,1.4272276163101196,1.755942463874817,1.636200189590454,1.2690509557724,1.3563727140426636,1.5909531116485596,1.3754183053970337,1.1209509372711182,1.4469282627105713,1.5767302513122559,1.3139969110488892,1.4145342111587524,1.763140082359314,1.7412511110305786,1.647231101989746,1.9251797199249268,1.6594640016555786,1.43369460105896,1.1198047399520874,1.3511277437210083,1.4990042448043823,1.2066832780838013,1.1104570627212524,1.4823142290115356,1.502782940864563,1.281814694404602,1.516161561012268,1.7962534427642822,1.7283855676651,1.7468985319137573,2.061230421066284,1.2156240940093994,0.8975054621696472,0.692706823348999,0.9439292550086975,0.9442278146743774,0.6151405572891235,0.7218499779701233,1.0467808246612549,0.9818609952926636,0.8939006924629211,1.2040592432022095,1.3816429376602173,1.3537997007369995,1.5038843154907227,1.7658929824829102
A8,1.0614036321640015,0.9734113216400146,0.8544564247131348,0.6004512906074524,0.4956468343734741,0.5240444540977478,0.37685704231262207,0.0,0.37562158703804016,0.5315110087394714,0.4972187578678131,0.6458961367607117,0.9094773530960083,1.025078535079956,1.0846291780471802,1.7391492128372192,1.7303946018218994,1.4004220962524414,1.2516955137252808,1.4789462089538574,1.3944803476333618,1.0265311002731323,1.1620067358016968,1.4063102006912231,1.1807258129119873,1.0331560373306274,1.3987479209899902,1.5023733377456665,1.3033305406570435,1.4447301626205444,2.1144564151763916,1.9970293045043945,1.6310237646102905,1.7294881343841553,1.967416524887085,1.742931604385376,1.4914156198501587,1.809590458869934,1.9272061586380005,1.6389405727386475,1.730202317237854,2.078465223312378,2.0222508907318115,1.8942234516143799,2.186807155609131,1.9300047159194946,1.6673094034194946,1.3984050750732422,1.6701551675796509,1.7789371013641357,1.463442325592041,1.4278708696365356,1.7932294607162476,1.758689045906067,1.5390604734420776,1.8116751909255981,2.0590884685516357,1.9414353370666504,1.9828457832336426,2.3203675746917725,1.2818098068237305,0.9120543599128723,0.8590417504310608,1.0964068174362183,0.9677647948265076,0.6514253616333008,0.9051679372787476,1.137931227684021,0.9696564078330994,0.9745087623596191,1.3179140090942383,1.39763605594635,1.3502631187438965,1.5805127620697021,1.8229341506958008
A9,1.2466961145401,1.0567140579223633,0.9956902265548706,0.8540753126144409,0.6141746044158936,0.49982497096061707,0.5371514558792114,0.37562158703804016,0.0,0.37426048517227173,0.5203824639320374,0.5043559670448303,0.6708448529243469,0.9056437015533447,1.0082331895828247,1.7875603437423706,1.7526016235351562,1.464024543762207,1.2664673328399658,1.406754970550537,1.3236205577850342,0.9601601362228394,0.9978529810905457,1.2061326503753662,0.9769290685653687,0.7508955001831055,1.0927499532699585,1.2018911838531494,0.9705041646957397,1.0788781642913818,2.235649347305298,2.132711887359619,1.7671416997909546,1.793782353401184,2.013777017593384,1.8006211519241333,1.5017433166503906,1.7678377628326416,1.8922375440597534,1.5765327215194702,1.60344660282135,1.9542875289916992,1.8930789232254028,1.7045009136199951,1.9817850589752197,2.195270299911499,1.9554725885391235,1.653409719467163,1.875514268875122,2.0019805431365967,1.6833032369613647,1.5785130262374878,1.932196855545044,1.908833622932434,1.6321160793304443,1.863986849784851,2.1328630447387695,1.986751914024353,1.9655022621154785,2.318284511566162,1.6372690200805664,1.2719475030899048,1.1761047840118408,1.4257516860961914,1.3238650560379028,0.9821755886077881,1.1656103134155273,1.4227534532546997,1.2258104085922241,1.1406015157699585,1.5022083520889282,1.5885705947875977,1.4550414085388184,1.6654902696609497,1.959455132484436
A10,1.4512779712677002,1.2455129623413086,1.0793724060058594,0.9870186448097229,0.8661414980888367,0.6356475949287415,0.512877345085144,0.5315110087394714,0.37426048517227173,0.0,0.3711802661418915,0.5276108384132385,0.535900354385376,0.6732853055000305,0.8973439931869507,1.8310797214508057,1.7205657958984375,1.417258858680725,1.3029224872589111,1.4082906246185303,1.229986548423767,0.8940830826759338,1.0208595991134644,1.1310977935791016,0.8157834410667419,0.7156070470809937,1.0605193376541138,1.0574287176132202,0.844531774520874,1.079723596572876,2.112123966217041,1.9589141607284546,1.6108700037002563,1.6493639945983887,1.8108420372009277,1.5566409826278687,1.2829139232635498,1.551218867301941,1.6157768964767456,1.2783504724502563,1.3518308401107788,1.6796399354934692,1.575783133506775,1.416254997253418,1.7291252613067627,2.0693070888519287,1.820857048034668,1.5185353755950928,1.6911368370056152,1.7815200090408325,1.4498902559280396,1.3220617771148682,1.650033712387085,1.603879451751709,1.3004857301712036,1.5285704135894775,1.7868601083755493,1.6241440773010254,1.5959900617599487,1.9536380767822266,1.6781437397003174,1.3447227478027344,1.1750911474227905,1.3550206422805786,1.2761625051498413,0.9090585112571716,0.9858835339546204,1.2458429336547852,1.0546311140060425,0.8718445301055908,1.2244915962219238,1.343863606452942,1.1766469478607178,1.3403831720352173,1.6615846157073975
A11,1.5445613861083984,1.4226303100585938,1.2482601404190063,1.0491408109664917,0.9726736545562744,0.865570604801178,0.6398336887359619,0.4972187578678131,0.5203824639320374,0.3711802661418915,0.0,0.37256941199302673,0.5517797470092773,0.5442847609519958,0.6503967642784119,2.082399845123291,1.9947178363800049,1.6613644361495972,1.570124864578247,1.7281988859176636,1.5525492429733276,1.2097057104110718,1.3660393953323364,1.4980570077896118,1.179099678993225,1.0808004140853882,1.4206829071044922,1.3999160528182983,1.1488810777664185,1.3747023344039917,2.304373025894165,2.1196887493133545,1.7767730951309204,1.8823795318603516,2.038513422012329,1.7530659437179565,1.5312790870666504,1.833796501159668,1.8608229160308838,1.5264843702316284,1.6588718891143799,1.9659066200256348,1.8223649263381958,1.6986205577850342,2.037209987640381,2.0919787883758545,1.792946457862854,1.5459601879119873,1.7614567279815674,1.7893153429031372,1.4326361417770386,1.3981044292449951,1.717140793800354,1.6012147665023804,1.3368288278579712,1.6294353008270264,1.8293694257736206,1.6342507600784302,1.680189609527588,2.0424041748046875,1.5913928747177124,1.2540156841278076,1.161889672279358,1.2786266803741455,1.1027103662490845,0.7581766247749329,0.9104610681533813,1.0713825225830078,0.7980767488479614,0.7071502208709717,1.071867823600769,1.0994629859924316,0.9456769824028015,1.1921693086624146,1.4665374755859375
A12,1.6772661209106445,1.5392858982086182,1.446747064590454,1.242747187614441,1.0579453706741333,0.9868270754814148,0.8870975375175476,0.6458961367607117,0.5043559670448303,0.5276108384132385,0.37256941199302673,0.0,0.38079363107681274,0.5410008430480957,0.5189736485481262,2.2685303688049316,2.205122470855713,1.897778034210205,1.7444097995758057,1.8724570274353027,1.736527681350708,1.3872907161712646,1.4505778551101685,1.5868297815322876,1.2906520366668701,1.098325490951538,1.395140528678894,1.3951432704925537,1.0803375244140625,1.2294689416885376,2.6046319007873535,2.4452481269836426,2.0941903591156006,2.161668539047241,2.3298192024230957,2.0621063709259033,1.805851697921753,2.0764951705932617,2.1218652725219727,1.772412896156311,1.8482987880706787,2.1590914726257324,2.011073112487793,1.8283191919326782,2.1502785682678223,2.44352388381958,2.1502022743225098,1.8961931467056274,2.1165926456451416,2.1593973636627197,1.8043371438980103,1.7540653944015503,2.0724856853485107,1.958319902420044,1.6752893924713135,1.948283314704895,2.1509854793548584,1.928183913230896,1.941602349281311,2.314962863922119,1.862691044807434,1.5006077289581299,1.454686164855957,1.6104754209518433,1.4112017154693604,1.083815336227417,1.2768244743347168,1.4252972602844238,1.123430848121643,1.0598872900009155,1.4171032905578613,1.3957051038742065,1.1936798095703125,1.462064266204834,1.7394665479660034
A13,1.9074950218200684,1.7075144052505493,1.5939006805419922,1.4664982557296753,1.2810416221618652,1.1065433025360107,1.031110167503357,0.9094773530960083,0.6708448529243469,0.535900354385376,0.5517797470092773,0.38079363107681274,0.0,0.3701780438423157,0.545265793800354,2.33111310005188,2.2148149013519287,1.9336349964141846,1.7977168560028076,1.8538047075271606,1.6768170595169067,1.3686710596084595,1.411248803138733,1.4578925371170044,1.1357100009918213,0.9769884943962097,1.2142575979232788,1.13096022605896,0.7979570627212524,1.0022456645965576,2.6214351654052734,2.4501559734344482,2.1164286136627197,2.1424002647399902,2.263850450515747,1.9919936656951904,1.7297451496124268,1.9522745609283447,1.9653282165527344,1.5994977951049805,1.6497713327407837,1.9311039447784424,1.7526124715805054,1.5421409606933594,1.8647040128707886,2.559393882751465,2.2842211723327637,2.009413719177246,2.171003818511963,2.2110960483551025,1.8600575923919678,1.753442406654358,2.038947582244873,1.927267074584961,1.6014529466629028,1.82829749584198,2.032820701599121,1.784612774848938,1.7410560846328735,2.118601083755493,2.124143600463867,1.7762662172317505,1.663561224937439,1.8072377443313599,1.6534234285354614,1.303530216217041,1.4049779176712036,1.57634699344635,1.2917057275772095,1.121233344078064,1.4578273296356201,1.4703339338302612,1.1950782537460327,1.3965188264846802,1.7226033210754395
A14,2.06622576713562,1.9015312194824219,1.72788405418396,1.5767625570297241,1.4694517850875854,1.3007099628448486,1.120923638343811,1.025078535079956,0.9056437015533447,0.6732853055000305,0.5442847609519958,0.5410008430480957,0.3701780438423157,0.0,0.37826770544052124,2.4889111518859863,2.3462488651275635,2.0393776893615723,1.9650031328201294,2.0434441566467285,1.8197367191314697,1.5246689319610596,1.6431442499160767,1.6670037508010864,1.3099009990692139,1.2387534379959106,1.4903490543365479,1.3485846519470215,1.0556213855743408,1.3230080604553223,2.6400229930877686,2.4215352535247803,2.1090550422668457,2.1836965084075928,2.2657294273376465,1.9550801515579224,1.7507097721099854,1.994052529335022,1.9450329542160034,1.581201434135437,1.7060374021530151,1.9514381885528564,1.7228484153747559,1.5760709047317505,1.9334579706192017,2.476306438446045,2.174790620803833,1.9399518966674805,2.08852219581604,2.0662951469421387,1.7055795192718506,1.6431299448013306,1.8921985626220703,1.72138249874115,1.4129209518432617,1.6703077554702759,1.818322777748108,1.5358814001083374,1.5428351163864136,1.9200241565704346,2.0995543003082275,1.7808287143707275,1.6666603088378906,1.7329978942871094,1.5549286603927612,1.2313206195831299,1.2896957397460938,1.3905056715011597,1.0848112106323242,0.9008864164352417,1.198120355606079,1.1670506000518799,0.8559134602546692,1.0662308931350708,1.3799587488174438
A15,2.143662214279175,2.0272748470306396,1.8894189596176147,1.6733298301696777,1.5468395948410034,1.4623181819915771,1.2871270179748535,1.0846291780471802,1.0082331895828247,0.8973439931869507,0.6503967642784119,0.5189736485481262,0.545265793800354,0.37826770544052124,0.0,2.7118687629699707,2.609647274017334,2.2897281646728516,2.1885087490081787,2.303225517272949,2.1138224601745605,1.789971113204956,1.890506386756897,1.96342134475708,1.6242210865020752,1.4962867498397827,1.7565715312957764,1.6581614017486572,1.332151174545288,1.5326670408248901,2.9131124019622803,2.6997241973876953,2.3762245178222656,2.476449728012085,2.5856478214263916,2.274836778640747,2.072476387023926,2.337284803390503,2.3027522563934326,1.9430285692214966,2.069472074508667,2.3257343769073486,2.1008503437042236,1.9501395225524902,2.3026535511016846,2.6610841751098633,2.334178924560547,2.1293554306030273,2.323401927947998,2.2851626873016357,1.9171537160873413,1.9104483127593994,2.17120623588562,1.9755747318267822,1.7030775547027588,1.9929324388504028,2.11611008644104,1.8269078731536865,1.8769354820251465,2.248971700668335,2.1441121101379395,1.8144559860229492,1.777561068534851,1.8386001586914062,1.5928208827972412,1.3077603578567505,1.4488025903701782,1.4886506795883179,1.1339612007141113,1.0701795816421509,1.3605822324752808,1.2346118688583374,0.9566076993942261,1.248757243156433,1.492165446281433
B1,1.107184648513794,0.9255002737045288,0.9085783958435059,1.2716737985610962,1.3829604387283325,1.2901995182037354,1.455872893333435,1.7391492128372192,1.7875603437423706,1.8310797214508057,2.082399845123291,2.2685303688049316,2.33111310005188,2.4889111518859863,2.7118687629699707,0.0,0.3818725049495697,0.5512490272521973,0.5337382555007935,0.644556999206543,0.883184015750885,1.007275104522705,1.064955711364746,1.2556992769241333,1.4560081958770752,1.5412406921386719,1.6724504232406616,1.9043771028518677,2.0549120903015137,2.1148180961608887,1.048987627029419,1.2886053323745728,1.0911014080047607,0.9101083874702454,1.2636326551437378,1.4217268228530884,1.2235621213912964,1.3049999475479126,1.6563889980316162,1.685272216796875,1.6061253547668457,1.8801829814910889,2.13091778755188,2.093989372253418,2.134462356567383,1.6586618423461914,1.765537142753601,1.4624109268188477,1.5056051015853882,1.8765631914138794,1.8620108366012573,1.647705078125,1.8976655006408691,2.1773531436920166,2.0718915462493896,2.0741140842437744,2.4182844161987305,2.556760311126709,2.4810149669647217,2.642972469329834,1.7169831991195679,1.654253602027893,1.4076472520828247,1.6793030500411987,1.9559024572372437,1.8306865692138672,1.7786171436309814,2.122920513153076,2.267470121383667,2.1609582901000977,2.3301167488098145,2.6265475749969482,2.6691017150878906,2.690534830093384,2.9328956604003906
B2,1.3243962526321411,1.0925133228302002,0.9685659408569336,1.3429728746414185,1.4610017538070679,1.2781434059143066,1.3991105556488037,1.7303946018218994,1.7526016235351562,1.7205657958984375,1.9947178363800049,2.205122470855713,2.2148149013519287,2.3462488651275635,2.609647274017334,0.3818725049495697,0.0,0.37384259700775146,0.5318565368652344,0.5106502175331116,0.6184101700782776,0.8485535383224487,0.9661705493927002,1.0555092096328735,1.243984341621399,1.4122742414474487,1.5255141258239746,1.6975029706954956,1.8868499994277954,1.9949870109558105,0.8402645587921143,1.0413310527801514,0.8581901788711548,0.5869356393814087,0.9140236973762512,1.0926522016525269,0.8982533812522888,0.9331142902374268,1.2889864444732666,1.3496439456939697,1.2674285173416138,1.5173754692077637,1.782556414604187,1.7742249965667725,1.8034800291061401,1.5749273300170898,1.6807302236557007,1.3569155931472778,1.3232849836349487,1.6888549327850342,1.6801401376724243,1.4133660793304443,1.629968523979187,1.9281675815582275,1.8095359802246094,1.7648783922195435,2.115495443344116,2.266629695892334,2.1641249656677246,2.3058054447174072,1.8014642000198364,1.7291202545166016,1.4217395782470703,1.650688648223877,1.9399093389511108,1.7847269773483276,1.6655367612838745,2.0187768936157227,2.170131206512451,2.0093672275543213,2.1553502082824707,2.4774551391601562,2.500081777572632,2.4778048992156982,2.733112335205078
B3,1.1045185327529907,0.8889009952545166,0.6648723483085632,1.0197479724884033,1.179866909980774,0.9956725239753723,1.057300329208374,1.4004220962524414,1.464024543762207,1.417258858680725,1.6613644361495972,1.897778034210205,1.9336349964141846,2.0393776893615723,2.2897281646728516,0.5512490272521973,0.37384259700775146,0.0,0.3774299621582031,0.5544877648353577,0.5331426858901978,0.6189650893211365,0.8554100394248962,0.999352753162384,1.0803555250167847,1.2414697408676147,1.4377437829971313,1.586500883102417,1.7180536985397339,1.865891695022583,0.8609268665313721,0.9414975643157959,0.6481914520263672,0.5106858611106873,0.8772544264793396,0.9312698841094971,0.7116902470588684,0.8948333263397217,1.2030243873596191,1.1912686824798584,1.1882433891296387,1.4810388088226318,1.6784894466400146,1.6743800640106201,1.7821561098098755,1.3478636741638184,1.386617660522461,1.039244532585144,1.0642659664154053,1.4144879579544067,1.3587327003479004,1.1147998571395874,1.383623480796814,1.6453756093978882,1.5220715999603271,1.5377846956253052,1.8831501007080078,2.0082929134368896,1.9451102018356323,2.121168851852417,1.4836519956588745,1.3890933990478516,1.0645889043807983,1.2942783832550049,1.5723549127578735,1.4120818376541138,1.2963242530822754,1.6518362760543823,1.7993656396865845,1.6532042026519775,1.8067381381988525,2.1191601753234863,2.154116153717041,2.151623010635376,2.3981316089630127
B4,0.903021514415741,0.6012799739837646,0.5132719278335571,0.8866704702377319,0.9414819478988647,0.7762206792831421,0.9632988572120667,1.2516955137252808,1.2664673328399658,1.3029224872589111,1.570124864578247,1.7444097995758057,1.7977168560028076,1.9650031328201294,2.1885087490081787,0.5337382555007935,0.5318565368652344,0.3774299621582031,0.0,0.37831008434295654,0.5388715267181396,0.5050528645515442,0.6016542911529541,0.8581791520118713,0.9854686260223389,1.0401325225830078,1.2323845624923706,1.4565048217773438,1.5598381757736206,1.642287015914917,1.2232108116149902,1.3179421424865723,1.0085920095443726,0.8688347935676575,1.2157832384109497,1.2424226999282837,0.9507993459701538,1.1172436475753784,1.439368724822998,1.357397437095642,1.2917109727859497,1.6254171133041382,1.8086563348770142,1.7264018058776855,1.832900881767273,1.647367000579834,1.6399506330490112,1.2861868143081665,1.3833329677581787,1.712096929550171,1.5984373092651367,1.3710734844207764,1.679819107055664,1.898205280303955,1.727390170097351,1.780745506286621,2.134317398071289,2.2056944370269775,2.127995014190674,2.3476181030273438,1.5414685010910034,1.3761273622512817,1.1066763401031494,1.4134312868118286,1.6276702880859375,1.428067684173584,1.4019125699996948,1.7683876752853394,1.850075125694275,1.7214964628219604,1.939150333404541,2.2142040729522705,2.2138826847076416,2.2620222568511963,2.5320589542388916
B5,1.2516891956329346,0.9121503233909607,0.8645541667938232,1.2195833921432495,1.2064895629882812,0.96992427110672,1.1873021125793457,1.4789462089538574,1.406754970550537,1.4082906246185303,1.7281988859176636,1.8724570274353027,1.8538047075271606,2.0434441566467285,2.303225517272949,0.644556999206543,0.5106502175331116,0.5544877648353577,0.37831008434295654,0.0,0.3681797683238983,0.5364478826522827,0.4878729283809662,0.6147242784500122,0.863935112953186,0.9628270268440247,1.0444509983062744,1.2699925899505615,1.450595736503601,1.5112440586090088,1.2991702556610107,1.4113287925720215,1.1483880281448364,0.8940695524215698,1.177738904953003,1.2508281469345093,0.9298749566078186,0.9710264205932617,1.3235946893692017,1.2643262147903442,1.1023950576782227,1.4166141748428345,1.6448054313659668,1.5340498685836792,1.5751932859420776,1.8998758792877197,1.9139269590377808,1.551523208618164,1.5774503946304321,1.9043186902999878,1.7982001304626465,1.512850046157837,1.7824681997299194,2.0191397666931152,1.8134685754776,1.8041213750839233,2.1731717586517334,2.243246555328369,2.10478138923645,2.309494972229004,1.9061564207077026,1.731889247894287,1.445109248161316,1.730386734008789,1.9405306577682495,1.7065935134887695,1.645585060119629,2.0208899974823,2.0843231678009033,1.9001009464263916,2.117405652999878,2.4063808917999268,2.360642433166504,2.376089096069336,2.676826238632202
B6,1.3951479196548462,1.0711175203323364,0.9013844132423401,1.2214703559875488,1.243876338005066,0.9389652013778687,1.0609101057052612,1.3944803476333618,1.3236205577850342,1.229986548423767,1.5525492429733276,1.736527681350708,1.6768170595169067,1.8197367191314697,2.1138224601745605,0.883184015750885,0.6184101700782776,0.5331426858901978,0.5388715267181396,0.3681797683238983,0.0,0.37129855155944824,0.5167917013168335,0.49535301327705383,0.6317309737205505,0.8553994297981262,0.9718405604362488,1.0936132669448853,1.2861554622650146,1.4346450567245483,1.2089735269546509,1.2289495468139648,0.9580798149108887,0.7139483690261841,0.9329784512519836,0.9411057233810425,0.5921242833137512,0.6556989550590515,0.9808283448219299,0.8972411751747131,0.7656816840171814,1.0954619646072388,1.2994881868362427,1.2201217412948608,1.3025007247924805,1.7628062963485718,1.7494158744812012,1.3812777996063232,1.3651273250579834,1.6596896648406982,1.5380886793136597,1.2209694385528564,1.4740382432937622,1.70110023021698,1.4769734144210815,1.449493408203125,1.8204872608184814,1.886588215827942,1.7384618520736694,1.9427571296691895,1.8686944246292114,1.6923552751541138,1.3643333911895752,1.5967570543289185,1.8054674863815308,1.5523535013198853,1.4311578273773193,1.8032572269439697,1.8700445890426636,1.6417187452316284,1.8363754749298096,2.141711950302124,2.083331346511841,2.06363582611084,2.370828866958618
B7,1.1682897806167603,0.8436732888221741,0.6569259762763977,0.914890468120575,0.9031634330749512,0.5760819315910339,0.7083155512809753,1.0265311002731323,0.9601601362228394,0.8940830826759338,1.2097057104110718,1.3872907161712646,1.3686710596084595,1.5246689319610596,1.789971113204956,1.007275104522705,0.8485535383224487,0.6189650893211365,0.5050528645515442,0.5364478826522827,0.37129855155944824,0.0,0.37745964527130127,0.5378444790840149,0.5096527338027954,0.6297914385795593,0.874786913394928,1.0189670324325562,1.1065610647201538,1.2630411386489868,1.4050053358078003,1.3757703304290771,1.0409393310546875,0.9207780957221985,1.165343999862671,1.0724411010742188,0.7153339982032776,0.9158175587654114,1.1665135622024536,0.978348970413208,0.9226053357124329,1.288957118988037,1.400748610496521,1.2855695486068726,1.4523721933364868,1.7425473928451538,1.6559067964553833,1.2830204963684082,1.3580138683319092,1.6179965734481812,1.4276540279388428,1.1604030132293701,1.477108120918274,1.6380280256271362,1.3915369510650635,1.4562344551086426,1.813464641571045,1.8237167596817017,1.7180564403533936,1.9774324893951416,1.6488291025161743,1.4188016653060913,1.117922067642212,1.3809447288513184,1.533036708831787,1.2503772974014282,1.1906440258026123,1.5651980638504028,1.5852384567260742,1.3838444948196411,1.627925992012024,1.8974285125732422,1.8323228359222412,1.8680317401885986,2.1766066551208496
B8,1.2444329261779785,0.8688105344772339,0.8436540365219116,1.0938001871109009,0.9600197076797485,0.6611406803131104,0.9329977035522461,1.1620067358016968,0.9978529810905457,1.0208595991134644,1.3660393953323364,1.4505778551101685,1.411248803138733,1.6431442499160767,1.890506386756897,1.064955711364746,0.9661705493927002,0.8554100394248962,0.6016542911529541,0.4878729283809662,0.5167917013168335,0.37745964527130127,0.0,0.3758494257926941,0.5311915874481201,0.49308979511260986,0.6339000463485718,0.8984158039093018,1.007460355758667,1.0533368587493896,1.669275164604187,1.694036841392517,1.3780348300933838,1.197969675064087,1.4412575960159302,1.3967032432556152,1.0278849601745605,1.1313140392303467,1.40898597240448,1.2214778661727905,1.0613584518432617,1.4201269149780273,1.553891658782959,1.3614625930786133,1.4711623191833496,2.0917999744415283,2.016197443008423,1.644451379776001,1.7260476350784302,1.9947701692581177,1.8020198345184326,1.5338371992111206,1.8417069911956787,1.9989432096481323,1.730533242225647,1.7801035642623901,2.1402153968811035,2.1264102458953857,1.9844958782196045,2.2517030239105225,1.9176840782165527,1.660555124282837,1.4064427614212036,1.706512689590454,1.8275343179702759,1.530895471572876,1.5260961055755615,1.895094394683838,1.8717544078826904,1.6773566007614136,1.9526097774505615,2.195087432861328,2.091937780380249,2.150416374206543,2.4783034324645996
B9,1.602420687675476,1.232932448387146,1.154223084449768,1.406644344329834,1.2954785823822021,0.9578836560249329,1.1540802717208862,1.4063102006912231,1.2061326503753662,1.1310977935791016,1.4980570077896118,1.5868297815322876,1.4578925371170044,1.6670037508010864,1.96342134475708,1.2556992769241333,1.0555092096328735,0.999352753162384,0.8581791520118713,0.6147242784500122,0.49535301327705383,0.5378444790840149,0.3758494257926941,0.0,0.37532034516334534,0.5215562582015991,0.49564671516418457,0.6607416868209839,0.8922337293624878,0.984194278717041,1.6971091032028198,1.6978392601013184,1.4244202375411987,1.193251132965088,1.3477190732955933,1.3086278438568115,0.9438863396644592,0.9433594942092896,1.1948589086532593,1.013993263244629,0.7714992165565491,1.106500506401062,1.2577810287475586,1.0424705743789673,1.108338713645935,2.211993455886841,2.1498219966888428,1.7777941226959229,1.7885218858718872,2.0393829345703125,1.85812246799469,1.5434997081756592,1.7996768951416016,1.9645572900772095,1.6714731454849243,1.6563541889190674,2.0182464122772217,2.0036070346832275,1.805356502532959,2.052560329437256,2.184979200363159,1.9413100481033325,1.6520600318908691,1.906218409538269,2.038463830947876,1.7276065349578857,1.658958077430725,2.0226848125457764,2.0008864402770996,1.746852159500122,1.9947484731674194,2.256276845932007,2.1176562309265137,2.123293161392212,2.4715511798858643
B10,1.613195538520813,1.2750189304351807,1.1271353960037231,1.3015738725662231,1.2012377977371216,0.8347506523132324,0.935979962348938,1.1807258129119873,0.9769290685653687,0.8157834410667419,1.179099678993225,1.2906520366668701,1.1357100009918213,1.3099009990692139,1.6242210865020752,1.4560081958770752,1.243984341621399,1.0803555250167847,0.9854686260223389,0.863935112953186,0.6317309737205505,0.5096527338027954,0.5311915874481201,0.37532034516334534,0.0,0.3695110082626343,0.5219148397445679,0.5278618931770325,0.6660163998603821,0.8865676522254944,1.7607146501541138,1.6817853450775146,1.3849178552627563,1.2365834712982178,1.3583905696868896,1.2178844213485718,0.8634781837463379,0.9570499658584595,1.1122499704360962,0.834121584892273,0.6940630078315735,1.0507742166519165,1.0917195081710815,0.8762016296386719,1.0675992965698242,2.117950677871704,1.9992603063583374,1.6372594833374023,1.6659902334213257,1.8615059852600098,1.6329374313354492,1.3372282981872559,1.6039623022079468,1.7097392082214355,1.3877748250961304,1.41828453540802,1.7629413604736328,1.7007699012756348,1.5213360786437988,1.8083391189575195,2.0556437969207764,1.7915304899215698,1.503950834274292,1.7206664085388184,1.8106275796890259,1.4772142171859741,1.4001762866973877,1.7445863485336304,1.6900633573532104,1.414677381515503,1.6718226671218872,1.9163818359375,1.7553493976593018,1.765957236289978,2.121812343597412
B11,1.5078201293945312,1.1655471324920654,1.1081819534301758,1.2254009246826172,1.0241477489471436,0.6942082643508911,0.8915998339653015,1.0331560373306274,0.7508955001831055,0.7156070470809937,1.0808004140853882,1.098325490951538,0.9769884943962097,1.2387534379959106,1.4962867498397827,1.5412406921386719,1.4122742414474487,1.2414697408676147,1.0401325225830078,0.9628270268440247,0.8553994297981262,0.6297914385795593,0.49308979511260986,0.5215562582015991,0.3695110082626343,0.0,0.3734867572784424,0.5499103665351868,0.53268963098526,0.6375314593315125,2.015009880065918,1.96028733253479,1.6342902183532715,1.5071474313735962,1.681400179862976,1.5439022779464722,1.1835036277770996,1.3065707683563232,1.4789233207702637,1.1918084621429443,1.0587774515151978,1.406920075416565,1.425885796546936,1.168267846107483,1.3532109260559082,2.310250759124756,2.1645309925079346,1.8046034574508667,1.8987553119659424,2.0940868854522705,1.8360546827316284,1.5856072902679443,1.8891701698303223,1.9634923934936523,1.6403303146362305,1.727094292640686,2.057656764984131,1.9587597846984863,1.806389570236206,2.120964765548706,2.0661160945892334,1.758436679840088,1.5304653644561768,1.7919920682907104,1.8275340795516968,1.480351448059082,1.4960815906524658,1.8307106494903564,1.7208648920059204,1.4950538873672485,1.8036696910858154,1.9964864253997803,1.819920301437378,1.8996562957763672,2.2537074089050293
B12,1.7927714586257935,1.4271249771118164,1.4107940196990967,1.5694432258605957,1.3536934852600098,1.0412923097610474,1.2620055675506592,1.3987479209899902,1.0927499532699585,1.0605193376541138,1.4206829071044922,1.395140528678894,1.2142575979232788,1.4903490543365479,1.7565715312957764,1.6724504232406616,1.5255141258239746,1.4377437829971313,1.2323845624923706,1.0444509983062744,0.9718405604362488,0.874786913394928,0.6339000463485718,0.49564671516418457,0.5219148397445679,0.3734867572784424,0.0,0.37888383865356445,0.5266540050506592,0.49918001890182495,2.1770524978637695,2.15108323097229,1.8565430641174316,1.6655373573303223,1.8066656589508057,1.7144395112991333,1.3537875413894653,1.377018928527832,1.557015299797058,1.3019436597824097,1.072636604309082,1.374794363975525,1.426193356513977,1.1148711442947388,1.2099237442016602,2.5957415103912354,2.4796173572540283,2.1133923530578613,2.1671085357666016,2.375669479370117,2.1390221118927,1.855609655380249,2.1254138946533203,2.2212319374084473,1.8872201442718506,1.9167746305465698,2.251180410385132,2.1557250022888184,1.9494346380233765,2.2413949966430664,2.4179224967956543,2.1188149452209473,1.88227117061615,2.1451897621154785,2.19675874710083,1.8504927158355713,1.8457306623458862,2.182100296020508,2.074408531188965,1.8255587816238403,2.1191132068634033,2.3184609413146973,2.115168571472168,2.166193962097168,2.534402847290039
B13,2.0451157093048096,1.6945947408676147,1.6083592176437378,1.7448228597640991,1.5674854516983032,1.2275712490081787,1.352843999862671,1.5023733377456665,1.2018911838531494,1.0574287176132202,1.3999160528182983,1.3951432704925537,1.13096022605896,1.3485846519470215,1.6581614017486572,1.9043771028518677,1.6975029706954956,1.586500883102417,1.4565048217773438,1.2699925899505615,1.0936132669448853,1.0189670324325562,0.8984158039093018,0.6607416868209839,0.5278618931770325,0.5499103665351868,0.37888383865356445,0.0,0.3672839403152466,0.5487338900566101,2.241366147994995,2.1610803604125977,1.8890657424926758,1.715592384338379,1.7836637496948242,1.6477060317993164,1.3216137886047363,1.3234760761260986,1.4152657985687256,1.129636526107788,0.917078971862793,1.1691486835479736,1.1456034183502197,0.8040140271186829,0.943690836429596,2.629351854324341,2.496340751647949,2.1429622173309326,2.159602642059326,2.322782278060913,2.077049732208252,1.784911870956421,2.012909412384033,2.076608657836914,1.7218177318572998,1.727864146232605,2.037147283554077,1.9112299680709839,1.6748383045196533,1.967323660850525,2.536543607711792,2.243927478790283,1.9863251447677612,2.196868658065796,2.2376210689544678,1.8825279474258423,1.8299620151519775,2.1410140991210938,2.0221943855285645,1.7283833026885986,1.9945051670074463,2.1912648677825928,1.9522186517715454,1.9623442888259888,2.341686964035034
