,A1,A2,A3,A4,A5,A6,A7,A8,A9,A10,A11,A12,A13,A14,A15,B1,B2,B3,B4,B5,B6,B7,B8,B9,B10,B11,B12,B13,B14,B15,C1,C2,C3,C4,C5,C6,C7,C8,C9,C10,C11,C12,C13,C14,C15,D1,D2,D3,D4,D5,D6,D7,D8,D9,D10,D11,D12,D13,D14,D15,E1,E2,E3,E4,E5,E6,E7,E8,E9,E10,E11,E12,E13,E14,E15
A1,0.0,0.38657015562057495,0.5562679767608643,0.5247107744216919,0.6289196014404297,0.8717038035392761,0.9909655451774597,1.0360931158065796,1.2197073698043823,1.4307527542114258,1.512412428855896,1.6181573867797852,1.8460289239883423,1.9884473085403442,2.0690276622772217,1.0739355087280273,1.306815505027771,1.1082369089126587,0.8384663462638855,1.1699110269546509,1.3379380702972412,1.0956571102142334,1.1041754484176636,1.4824975728988647,1.518777847290039,1.3727682828903198,1.6103198528289795,1.8866294622421265,1.811505675315857,1.8161128759384155,1.8744561672210693,1.9686789512634277,1.6246498823165894,1.6110334396362305,1.980780839920044,1.9405854940414429,1.650506854057312,1.8863675594329834,2.182126760482788,2.022113800048828,1.9637556076049805,2.3226206302642822,2.441114902496338,2.2643048763275146,2.414318323135376,1.9088058471679688,1.8089807033538818,1.5137298107147217,1.775884985923767,2.0430960655212402,1.8727785348892212,1.7818037271499634,2.148237943649292,2.285154104232788,2.1384618282318115,2.302520275115967,2.6158554553985596,2.619523763656616,2.5868937969207764,2.873311996459961,1.1469613313674927,0.9753026366233826,0.9288265705108643,1.2861602306365967,1.402979850769043,1.315321445465088,1.4614462852478027,1.748831033706665,1.8081474304199219,1.8502081632614136,2.088529109954834,2.2746825218200684,2.334174156188965,2.464909791946411,2.6922807693481445
A2,0.38657015562057495,0.0,0.38507992029190063,0.5397356748580933,0.4956764876842499,0.6091336011886597,0.8436371088027954,0.9518676400184631,1.0267584323883057,1.2266234159469604,1.3968385457992554,1.4890848398208618,1.65053129196167,1.8343026638031006,1.9665693044662476,0.9818527102470398,1.1416469812393188,0.9559090733528137,0.6192104816436768,0.8819910287857056,1.0469101667404175,0.7952194213867188,0.7332274913787842,1.117055892944336,1.1708890199661255,1.0093823671340942,1.226447582244873,1.5138278007507324,1.4620318412780762,1.4591439962387085,1.8324679136276245,1.9084197282791138,1.5518677234649658,1.482473611831665,1.8277301788330078,1.7766194343566895,1.4443778991699219,1.6500400304794312,1.9453376531600952,1.7591890096664429,1.661068081855774,2.02506947517395,2.1395668983459473,1.9304624795913696,2.068488359451294,1.9971036911010742,1.9022331237792969,1.5575140714645386,1.765071988105774,2.045551300048828,1.8554401397705078,1.695380449295044,2.0590872764587402,2.2097086906433105,2.012507915496826,2.1410529613494873,2.479722261428833,2.471204996109009,2.3873820304870605,2.6757309436798096,1.398046612739563,1.1803345680236816,1.033311367034912,1.4021273851394653,1.5273650884628296,1.3519865274429321,1.4539477825164795,1.7922214269638062,1.8273253440856934,1.7925447225570679,2.0528266429901123,2.270402431488037,2.275991439819336,2.3774404525756836,2.646089792251587
A3,0.5562679767608643,0.38507992029190063,0.0,0.3779100179672241,0.5441169142723083,0.5177212953567505,0.598308801651001,0.8341720104217529,0.9741503596305847,1.0607659816741943,1.2215842008590698,1.4052839279174805,1.5433558225631714,1.6581133604049683,1.8282402753829956,0.9539180397987366,1.0160667896270752,0.7222815155982971,0.5037242770195007,0.8307655453681946,0.8705112338066101,0.5740782022476196,0.7104333639144897,1.0500482320785522,1.0215033292770386,0.9552972316741943,1.2418909072875977,1.448797583580017,1.3956571817398071,1.4916905164718628,1.5476974248886108,1.574604868888855,1.2035833597183228,1.1850167512893677,1.5210871696472168,1.4354884624481201,1.1255346536636353,1.3843144178390503,1.6525517702102661,1.4710663557052612,1.4359081983566284,1.7993913888931274,1.8961610794067383,1.737674593925476,1.915279507637024,1.661467432975769,1.553390383720398,1.1941781044006348,1.3947263956069946,1.666384220123291,1.4744433164596558,1.3117475509643555,1.677536964416504,1.8280458450317383,1.6444731950759888,1.7787082195281982,2.109741449356079,2.1155765056610107,2.0521862506866455,2.3337836265563965,1.1922333240509033,0.9897590279579163,0.7414236664772034,1.0866103172302246,1.255687952041626,1.0721300840377808,1.1080948114395142,1.4616503715515137,1.536260962486267,1.4775038957595825,1.707968831062317,1.9525319337844849,1.9778382778167725,2.0478219985961914,2.306830406188965
A4,0.5247107744216919,0.5397356748580933,0.3779100179672241,0.0,0.3862003684043884,0.542961835861206,0.4986141622066498,0.5848801136016846,0.8428696990013123,0.9748945832252502,1.024907112121582,1.1987602710723877,1.4169210195541382,1.5047662258148193,1.607440710067749,1.2804641723632812,1.374889612197876,1.0598642826080322,0.8756919503211975,1.2064658403396606,1.226073145866394,0.8918477296829224,1.022361159324646,1.3639966249465942,1.2698382139205933,1.1450310945510864,1.469336748123169,1.6620925664901733,1.52549147605896,1.6116580963134766,1.7870808839797974,1.7772186994552612,1.4006373882293701,1.4655925035476685,1.7916038036346436,1.6599838733673096,1.3865593671798706,1.6913222074508667,1.9186153411865234,1.7093396186828613,1.7268164157867432,2.093424081802368,2.1426279544830322,1.9865204095840454,2.205554246902466,1.7031769752502441,1.5237749814987183,1.209135890007019,1.488356351852417,1.6961323022842407,1.4623302221298218,1.3876721858978271,1.7703678607940674,1.8514022827148438,1.6805493831634521,1.8859639167785645,2.1837730407714844,2.1477322578430176,2.137249231338501,2.4465720653533936,0.96718829870224,0.6854080557823181,0.5479574799537659,0.9253801703453064,0.9954109787940979,0.8261141777038574,0.9809737801551819,1.2860325574874878,1.312024712562561,1.3314403295516968,1.5894601345062256,1.773269534111023,1.8130913972854614,1.948264479637146,2.185523748397827
A5,0.6289196014404297,0.4956764876842499,0.5441169142723083,0.3862003684043884,0.0,0.36614105105400085,0.5433635711669922,0.4877563714981079,0.5930644273757935,0.8495557904243469,0.9550151824951172,1.0138013362884521,1.2256091833114624,1.4051246643066406,1.493845820426941,1.431387186050415,1.5258755683898926,1.2564656734466553,0.9894375801086426,1.2387442588806152,1.2849432229995728,0.9325243234634399,0.9309445023536682,1.2805167436599731,1.1923869848251343,0.9632563591003418,1.2627105712890625,1.4906851053237915,1.315739631652832,1.3310022354125977,2.078071117401123,2.0690767765045166,1.6864796876907349,1.7012161016464233,2.009664535522461,1.8677880764007568,1.552443265914917,1.8235893249511719,2.0474438667297363,1.7932485342025757,1.7637382745742798,2.139742374420166,2.16809344291687,1.9500133991241455,2.161550283432007,2.071256637573242,1.8864526748657227,1.5591416358947754,1.8117371797561646,2.0139787197113037,1.7518330812454224,1.6423157453536987,2.0241317749023438,2.089646339416504,1.8637187480926514,2.0589184761047363,2.371767282485962,2.2928028106689453,2.2403554916381836,2.570559501647949,1.3173410892486572,0.9932899475097656,0.9079267382621765,1.2746789455413818,1.277673363685608,1.044223666191101,1.2349843978881836,1.544669270515442,1.4878745079040527,1.4749743938446045,1.7854398488998413,1.947634220123291,1.917500376701355,2.0759549140930176,2.350592613220215
A6,0.8717038035392761,0.6091336011886597,0.5177212953567505,0.542961835861206,0.36614105105400085,0.0,0.37883007526397705,0.5225275158882141,0.48903924226760864,0.6242409944534302,0.8546125292778015,0.9634358286857605,1.064827799797058,1.2475690841674805,1.424264907836914,1.3902946710586548,1.3920536041259766,1.1130671501159668,0.8843328952789307,1.0623115301132202,1.028328776359558,0.657285213470459,0.6867344379425049,0.9841702580451965,0.8412968516349792,0.6344897150993347,0.9741162657737732,1.1556018590927124,0.9919416308403015,1.0720717906951904,1.9403852224349976,1.8976871967315674,1.5160236358642578,1.5079768896102905,1.7751214504241943,1.6090593338012695,1.2786977291107178,1.5390981435775757,1.7374933958053589,1.459289789199829,1.4278956651687622,1.802941918373108,1.8125624656677246,1.5884816646575928,1.8132990598678589,2.016977548599243,1.8423333168029785,1.4839013814926147,1.6760125160217285,1.8792959451675415,1.609297275543213,1.439002513885498,1.8068938255310059,1.8835307359695435,1.6191760301589966,1.7798702716827393,2.1090989112854004,2.0267274379730225,1.9337598085403442,2.26110577583313,1.4741783142089844,1.1649342775344849,0.9669319987297058,1.2999224662780762,1.3409817218780518,1.0459098815917969,1.143526315689087,1.4948499202728271,1.4438918828964233,1.338217854499817,1.6460611820220947,1.8526923656463623,1.7828960418701172,1.8895251750946045,2.196258306503296
A7,0.9909655451774597,0.8436371088027954,0.598308801651001,0.4986141622066498,0.5433635711669922,0.37883007526397705,0.0,0.3837316632270813,0.5508296489715576,0.5160406231880188,0.6343882083892822,0.8766815066337585,1.0045827627182007,1.0675978660583496,1.2479846477508545,1.5179210901260376,1.4887694120407104,1.1437687873840332,1.023455023765564,1.2556616067886353,1.1441924571990967,0.7694264650344849,0.9557629823684692,1.2038406133651733,0.983273983001709,0.8819686770439148,1.2537906169891357,1.3485716581344604,1.1604901552200317,1.3265913724899292,1.8370684385299683,1.7374621629714966,1.3542062044143677,1.4376357793807983,1.6846870183944702,1.4686740636825562,1.1970046758651733,1.5229920148849487,1.671379566192627,1.3961752653121948,1.4614627361297607,1.8237861394882202,1.797291874885559,1.6385973691940308,1.9122563600540161,1.7653238773345947,1.5442513227462769,1.2082175016403198,1.427955985069275,1.5784703493118286,1.28095281124115,1.1639580726623535,1.5401268005371094,1.5717421770095825,1.3286919593811035,1.5440053939819336,1.8429778814315796,1.7514421939849854,1.7174656391143799,2.0531742572784424,1.2405860424041748,0.9291307330131531,0.7025021910667419,0.9850138425827026,1.0023630857467651,0.6845110654830933,0.7742495536804199,1.1187366247177124,1.0734771490097046,0.9775779247283936,1.2799723148345947,1.4834935665130615,1.4432035684585571,1.5566374063491821,1.8430590629577637
A8,1.0360931158065796,0.9518676400184631,0.8341720104217529,0.5848801136016846,0.4877563714981079,0.5225275158882141,0.3837316632270813,0.0,0.38279131054878235,0.5290634632110596,0.48852401971817017,0.615940511226654,0.8701465129852295,0.9673694968223572,1.0374161005020142,1.7873204946517944,1.8124992847442627,1.4824596643447876,1.309056043624878,1.5507653951644897,1.487007975578308,1.1060631275177002,1.206423044204712,1.4813573360443115,1.2692848443984985,1.0752114057540894,1.4282467365264893,1.548530101776123,1.290743112564087,1.3866850137710571,2.190157890319824,2.096224069595337,1.7138997316360474,1.8106462955474854,2.06638240814209,1.8457955121994019,1.5801492929458618,1.9022599458694458,2.0446083545684814,1.7525298595428467,1.811171531677246,2.1745376586914062,2.124166965484619,1.9374490976333618,2.216526746749878,2.0331008434295654,1.7752273082733154,1.4815155267715454,1.7467206716537476,1.8599237203598022,1.5420116186141968,1.4884666204452515,1.8615427017211914,1.8409186601638794,1.6029187440872192,1.8577598333358765,2.1285452842712402,1.9909014701843262,1.9832459688186646,2.338775157928467,1.2837779521942139,0.911800742149353,0.8452973961830139,1.1300896406173706,1.020611047744751,0.7162309885025024,0.9596284627914429,1.2219363451004028,1.0770795345306396,1.0697757005691528,1.4133625030517578,1.527341604232788,1.466674566268921,1.6660336256027222,1.9386162757873535
A9,1.2197073698043823,1.0267584323883057,0.9741503596305847,0.8428696990013123,0.5930644273757935,0.48903924226760864,0.5508296489715576,0.38279131054878235,0.0,0.3780435621738434,0.5325121879577637,0.4962967038154602,0.6377585530281067,0.8746833801269531,0.9932019710540771,1.878236174583435,1.8734021186828613,1.5813583135604858,1.3730154037475586,1.5287901163101196,1.459031581878662,1.0907028913497925,1.101820945739746,1.330022931098938,1.1070088148117065,0.8450090289115906,1.16619074344635,1.2777732610702515,0.9791417717933655,1.03648042678833,2.354186534881592,2.2597923278808594,1.878991723060608,1.9204410314559937,2.1482412815093994,1.9237289428710938,1.6252650022506714,1.9031119346618652,2.033141851425171,1.70589280128479,1.7201189994812012,2.078906774520874,2.0056726932525635,1.7658253908157349,2.0368192195892334,2.3122732639312744,2.0733766555786133,1.7520722150802612,1.9671995639801025,2.0929341316223145,1.7695306539535522,1.6538158655166626,2.010673761367798,1.9978288412094116,1.705676794052124,1.919363260269165,2.2089641094207764,2.043541193008423,1.9732632637023926,2.3357176780700684,1.6550956964492798,1.2890489101409912,1.1838932037353516,1.4709311723709106,1.380831003189087,1.0468864440917969,1.22898268699646,1.5126997232437134,1.3376833200454712,1.2475167512893677,1.6079376935958862,1.7333500385284424,1.5944230556488037,1.7706284523010254,2.0868823528289795
A10,1.4307527542114258,1.2266234159469604,1.0607659816741943,0.9748945832252502,0.8495557904243469,0.6242409944534302,0.5160406231880188,0.5290634632110596,0.3780435621738434,0.0,0.37484094500541687,0.5323929786682129,0.5099778771400452,0.6341509819030762,0.8769818544387817,1.939802885055542,1.86443030834198,1.5468230247497559,1.4204273223876953,1.5542930364608765,1.3955312967300415,1.0433269739151,1.1495671272277832,1.2976560592651367,0.9922199845314026,0.83782559633255,1.1846712827682495,1.1868956089019775,0.8858592510223389,1.0739270448684692,2.226423978805542,2.078087091445923,1.7127454280853271,1.7842860221862793,1.9584099054336548,1.6900904178619385,1.4288461208343506,1.7214699983596802,1.7904707193374634,1.447373628616333,1.5229731798171997,1.860987663269043,1.7415167093276978,1.5412551164627075,1.8545358180999756,2.166865587234497,1.9172145128250122,1.6014080047607422,1.7743265628814697,1.860831379890442,1.5235453844070435,1.3961511850357056,1.726858377456665,1.6863698959350586,1.3717752695083618,1.5873098373413086,1.8632185459136963,1.6779983043670654,1.6072720289230347,1.9753608703613281,1.683053731918335,1.3429806232452393,1.1690077781677246,1.3857775926589966,1.3094192743301392,0.9424469470977783,1.0342952013015747,1.3175829648971558,1.1419801712036133,0.9645471572875977,1.317168116569519,1.4700648784637451,1.299129605293274,1.4323948621749878,1.7689162492752075
A11,1.512412428855896,1.3968385457992554,1.2215842008590698,1.024907112121582,0.9550151824951172,0.8546125292778015,0.6343882083892822,0.48852401971817017,0.5325121879577637,0.37484094500541687,0.0,0.3767951726913452,0.5346868634223938,0.4929114580154419,0.6146552562713623,2.1509196758270264,2.1050169467926025,1.7580106258392334,1.6490501165390015,1.8416374921798706,1.6918113231658936,1.3276678323745728,1.4682488441467285,1.6496309041976929,1.3486233949661255,1.2026495933532715,1.5531094074249268,1.5595308542251587,1.2471991777420044,1.4154397249221802,2.3697426319122314,2.2012901306152344,1.8398699760437012,1.9754042625427246,2.157048225402832,1.8713419437408447,1.6550507545471191,1.9846233129501343,2.037212371826172,1.71029794216156,1.8347915410995483,2.1650822162628174,2.0314009189605713,1.869610071182251,2.198612689971924,2.155029773712158,1.8567408323287964,1.5946177244186401,1.8178284168243408,1.8460099697113037,1.4882107973098755,1.45588219165802,1.7847825288772583,1.6798402070999146,1.4083114862442017,1.6916468143463135,1.9162124395370483,1.7046351432800293,1.7150806188583374,2.0896613597869873,1.552509069442749,1.2004860639572144,1.1118208169937134,1.277485728263855,1.1023691892623901,0.7525189518928528,0.9367119669914246,1.1308989524841309,0.8773753046989441,0.7920931577682495,1.1658350229263306,1.234439492225647,1.0784343481063843,1.2998764514923096,1.5963218212127686
A12,1.6181573867797852,1.4890848398208618,1.4052839279174805,1.1987602710723877,1.0138013362884521,0.9634358286857605,0.8766815066337585,0.615940511226654,0.4962967038154602,0.5323929786682129,0.3767951726913452,0.0,0.38315895199775696,0.5400112867355347,0.5197943449020386,2.339211940765381,2.3213164806365967,2.001223087310791,1.8337501287460327,2.0017752647399902,1.8918994665145874,1.524904727935791,1.5784772634506226,1.7666808366775513,1.4902092218399048,1.2641485929489136,1.5702757835388184,1.6033934354782104,1.248679757118225,1.3294737339019775,2.6882212162017822,2.5418426990509033,2.172518491744995,2.2741899490356445,2.4671530723571777,2.1939918994903564,1.9470566511154175,2.250429391860962,2.316877841949463,1.9720690250396729,2.0509634017944336,2.3850433826446533,2.245110273361206,2.03328013420105,2.3456554412841797,2.5099680423736572,2.2153866291046143,1.948455810546875,2.178666114807129,2.2208573818206787,1.8645203113555908,1.8204022645950317,2.1499805450439453,2.0470502376556396,1.7608896493911743,2.027195692062378,2.255833864212036,2.0220937728881836,2.0046050548553467,2.3837366104125977,1.806158185005188,1.4300485849380493,1.397703766822815,1.6028718948364258,1.4018398523330688,1.077623963356018,1.3043456077575684,1.484025478363037,1.199967384338379,1.1470729112625122,1.519426703453064,1.5439649820327759,1.3509145975112915,1.6005605459213257,1.8971889019012451
A13,1.8460289239883423,1.65053129196167,1.5433558225631714,1.4169210195541382,1.2256091833114624,1.064827799797058,1.0045827627182007,0.8701465129852295,0.6377585530281067,0.5099778771400452,0.5346868634223938,0.38315895199775696,0.0,0.38807108998298645,0.5644811987876892,2.4262290000915527,2.353184700012207,2.049295663833618,1.9052929878234863,2.008709192276001,1.8533531427383423,1.518925428390503,1.564700722694397,1.6716053485870361,1.3604480028152466,1.1655514240264893,1.435893177986145,1.389384150505066,1.016357660293579,1.1415305137634277,2.7205934524536133,2.5498502254486084,2.195906639099121,2.2737016677856445,2.417086362838745,2.1263763904571533,1.8853363990783691,2.1561198234558105,2.1784045696258545,1.8126112222671509,1.8914693593978882,2.1971991062164307,2.015017509460449,1.7938019037246704,2.1157565116882324,2.6190266609191895,2.339414119720459,2.0555849075317383,2.2281291484832764,2.263383388519287,1.9071353673934937,1.8137885332107544,2.1090381145477295,2.0032458305358887,1.6761482954025269,1.9015353918075562,2.12923002243042,1.8692920207977295,1.8016176223754883,2.178632974624634,2.073550224304199,1.712566614151001,1.6093910932540894,1.7959187030792236,1.6361411809921265,1.2833439111709595,1.4193135499954224,1.6190943717956543,1.3444645404815674,1.1864092350006104,1.5424795150756836,1.5995951890945435,1.3374366760253906,1.5247710943222046,1.8603521585464478
A14,1.9884473085403442,1.8343026638031006,1.6581133604049683,1.5047662258148193,1.4051246643066406,1.2475690841674805,1.0675978660583496,0.9673694968223572,0.8746833801269531,0.6341509819030762,0.4929114580154419,0.5400112867355347,0.38807108998298645,0.0,0.38061925768852234,2.550184726715088,2.455395460128784,2.119642496109009,2.0357563495635986,2.1697628498077393,1.9723345041275024,1.642001748085022,1.7691022157669067,1.8658747673034668,1.5217424631118774,1.4034415483474731,1.705403447151184,1.6155407428741455,1.2710299491882324,1.467583179473877,2.680887460708618,2.466752052307129,2.1327874660491943,2.2681548595428467,2.382655143737793,2.0600430965423584,1.8783804178237915,2.1794817447662354,2.1555566787719727,1.803428292274475,1.9555822610855103,2.2401928901672363,2.029189348220825,1.8750369548797607,2.228285312652588,2.4750750064849854,2.1675848960876465,1.927897572517395,2.0961077213287354,2.0681278705596924,1.702494740486145,1.6636708974838257,1.9283883571624756,1.7627085447311401,1.459253191947937,1.7254915237426758,1.900709867477417,1.6121432781219482,1.6086821556091309,1.987135887145996,1.9967559576034546,1.6622477769851685,1.5616589784622192,1.6689200401306152,1.4778296947479248,1.1443339586257935,1.24946928024292,1.378541350364685,1.0727341175079346,0.9046567678451538,1.2392282485961914,1.254664659500122,0.9657732248306274,1.1759419441223145,1.4965121746063232
A15,2.0690276622772217,1.9665693044662476,1.8282402753829956,1.607440710067749,1.493845820426941,1.424264907836914,1.2479846477508545,1.0374161005020142,0.9932019710540771,0.8769818544387817,0.6146552562713623,0.5197943449020386,0.5644811987876892,0.38061925768852234,0.0,2.7614450454711914,2.709603786468506,2.366044044494629,2.255117177963257,2.4247772693634033,2.262876033782959,1.9101303815841675,2.0179882049560547,2.1606273651123047,1.838079810142517,1.6739550828933716,1.9766157865524292,1.9302458763122559,1.568068504333496,1.704027533531189,2.9412777423858643,2.738191843032837,2.3962559700012207,2.55112886428833,2.6942906379699707,2.3782689571380615,2.1953508853912354,2.5127804279327393,2.5086236000061035,2.163151741027832,2.3098652362823486,2.606928825378418,2.40645694732666,2.2450621128082275,2.5919408798217773,2.653172016143799,2.3205654621124268,2.1128573417663574,2.327564239501953,2.2828400135040283,1.9137822389602661,1.9308984279632568,2.207385540008545,2.0182478427886963,1.752376675605774,2.0502169132232666,2.202660322189331,1.9096484184265137,1.9502288103103638,2.325472831726074,2.0223004817962646,1.676068663597107,1.6634984016418457,1.7670987844467163,1.504441261291504,1.2172274589538574,1.4105173349380493,1.475856900215149,1.1188695430755615,1.0750646591186523,1.4043149948120117,1.3264721632003784,1.0676822662353516,1.3658324480056763,1.6271873712539673
B1,1.0739355087280273,0.9818527102470398,0.9539180397987366,1.2804641723632812,1.431387186050415,1.3902946710586548,1.5179210901260376,1.7873204946517944,1.878236174583435,1.939802885055542,2.1509196758270264,2.339211940765381,2.4262290000915527,2.550184726715088,2.7614450454711914,0.0,0.3884342908859253,0.5638623833656311,0.5226070880889893,0.6188586354255676,0.8699111342430115,0.9888550639152527,1.0254297256469727,1.2106657028198242,1.421441912651062,1.499448299407959,1.5966874361038208,1.824865460395813,1.9633831977844238,2.031773328781128,1.1972825527191162,1.441862940788269,1.2313199043273926,0.9994165301322937,1.3461650609970093,1.5019865036010742,1.252061367034912,1.286258339881897,1.6614912748336792,1.6728394031524658,1.5197532176971436,1.7792829275131226,2.0436503887176514,1.944904088973999,1.9554764032363892,1.7471624612808228,1.8508851528167725,1.5365697145462036,1.578020453453064,1.9569262266159058,1.9366867542266846,1.711066484451294,1.9639785289764404,2.2553327083587646,2.1488547325134277,2.1398355960845947,2.475693464279175,2.610387086868286,2.4985687732696533,2.6722867488861084,1.7306938171386719,1.7164520025253296,1.4628705978393555,1.698391079902649,2.0008373260498047,1.9111438989639282,1.8327250480651855,2.1650991439819336,2.350886583328247,2.2663207054138184,2.401045083999634,2.70503568649292,2.7749183177948,2.754803419113159,2.987065315246582
B2,1.306815505027771,1.1416469812393188,1.0160667896270752,1.374889612197876,1.5258755683898926,1.3920536041259766,1.4887694120407104,1.8124992847442627,1.8734021186828613,1.86443030834198,2.1050169467926025,2.3213164806365967,2.353184700012207,2.455395460128784,2.709603786468506,0.3884342908859253,0.0,0.3880177438259125,0.5385559797286987,0.4886948764324188,0.6059625744819641,0.8408716917037964,0.9445468783378601,1.019593596458435,1.2172108888626099,1.3849380016326904,1.4708962440490723,1.630894422531128,1.8108257055282593,1.933129072189331,0.9820924997329712,1.191778302192688,1.0037940740585327,0.6985146999359131,1.0035829544067383,1.1794356107711792,0.937897801399231,0.91281658411026,1.292170524597168,1.3374990224838257,1.1790225505828857,1.4106639623641968,1.691882848739624,1.6284666061401367,1.6284301280975342,1.6597245931625366,1.7753955125808716,1.4442121982574463,1.403889775276184,1.783577561378479,1.7760300636291504,1.4986146688461304,1.711620569229126,2.027177572250366,1.9113664627075195,1.849963903427124,2.189809560775757,2.343496799468994,2.2033379077911377,2.349172592163086,1.8453506231307983,1.8189728260040283,1.5036420822143555,1.7004139423370361,2.018594980239868,1.8961236476898193,1.7516508102416992,2.094897508621216,2.290039539337158,2.1499054431915283,2.25923228263855,2.5922398567199707,2.6431121826171875,2.5746445655822754,2.816030740737915
B3,1.1082369089126587,0.9559090733528137,0.7222815155982971,1.0598642826080322,1.2564656734466553,1.1130671501159668,1.1437687873840332,1.4824596643447876,1.5813583135604858,1.5468230247497559,1.7580106258392334,2.001223087310791,2.049295663833618,2.119642496109009,2.366044044494629,0.5638623833656311,0.3880177438259125,0.0,0.3782190978527069,0.5437365174293518,0.5177661776542664,0.5957543253898621,0.830986499786377,0.9711988568305969,1.053090214729309,1.2114243507385254,1.391287922859192,1.5271353721618652,1.636974573135376,1.7983100414276123,0.9279196858406067,1.0389540195465088,0.7507653832435608,0.5552118420600891,0.917290210723877,0.9829375743865967,0.7145287394523621,0.8495259284973145,1.1912835836410522,1.1695500612258911,1.0980757474899292,1.3864632844924927,1.5977070331573486,1.5388152599334717,1.6289652585983276,1.409920334815979,1.4621938467025757,1.1052651405334473,1.1135966777801514,1.4781793355941772,1.427298665046692,1.166340708732605,1.427971601486206,1.7106298208236694,1.5881544351577759,1.580612063407898,1.9200413227081299,2.0465657711029053,1.9415830373764038,2.1241981983184814,1.5226490497589111,1.4749350547790527,1.1377358436584473,1.3314920663833618,1.6419048309326172,1.5126310586929321,1.3644342422485352,1.7107259035110474,1.9023088216781616,1.7704004049301147,1.8852068185806274,2.2109522819519043,2.2687504291534424,2.2165982723236084,2.454460859298706
B4,0.8384663462638855,0.6192104816436768,0.5037242770195007,0.8756919503211975,0.9894375801086426,0.8843328952789307,1.023455023765564,1.309056043624878,1.3730154037475586,1.4204273223876953,1.6490501165390015,1.8337501287460327,1.9052929878234863,2.0357563495635986,2.255117177963257,0.5226070880889893,0.5385559797286987,0.3782190978527069,0.0,0.38766080141067505,0.5465106964111328,0.4990246295928955,0.582935094833374,0.8432600498199463,0.9714743494987488,1.0182795524597168,1.187398910522461,1.4044952392578125,1.4864331483840942,1.5790531635284424,1.2975445985794067,1.4100514650344849,1.0957359075546265,0.9265303611755371,1.2708669900894165,1.2971751689910889,0.9728521108627319,1.1083106994628906,1.4485881328582764,1.3512909412384033,1.2261276245117188,1.5548056364059448,1.7439439296722412,1.6014385223388672,1.6891309022903442,1.6969187259674072,1.6983157396316528,1.3313744068145752,1.4165959358215332,1.7581294775009155,1.648263692855835,1.4066540002822876,1.713719367980957,1.952995777130127,1.7844473123550415,1.8173251152038574,2.170001745223999,2.242673397064209,2.124220609664917,2.348923921585083,1.5346107482910156,1.4204686880111694,1.1328589916229248,1.4147582054138184,1.6661661863327026,1.5043693780899048,1.4450550079345703,1.8087539672851562,1.9392520189285278,1.8279887437820435,2.0087640285491943,2.3039021492004395,2.3303797245025635,2.3308684825897217,2.594204902648926
B5,1.1699110269546509,0.8819910287857056,0.8307655453681946,1.2064658403396606,1.2387442588806152,1.0623115301132202,1.2556616067886353,1.5507653951644897,1.5287901163101196,1.5542930364608765,1.8416374921798706,2.0017752647399902,2.008709192276001,2.1697628498077393,2.4247772693634033,0.6188586354255676,0.4886948764324188,0.5437365174293518,0.38766080141067505,0.0,0.3688598573207855,0.5460914969444275,0.4867515563964844,0.593583345413208,0.8476366400718689,0.9505658149719238,1.0028523206710815,1.2135894298553467,1.3884369134902954,1.4670954942703247,1.3893260955810547,1.5097826719284058,1.242087960243225,0.9772326350212097,1.2488642930984497,1.3125816583633423,0.9710695743560791,0.977886974811554,1.3329834938049316,1.2529783248901367,1.0314958095550537,1.3310961723327637,1.5607719421386719,1.3915187120437622,1.4076693058013916,1.9514625072479248,1.9813576936721802,1.6080503463745117,1.6200294494628906,1.9654172658920288,1.8674594163894653,1.5698199272155762,1.8340877294540405,2.097538471221924,1.8992137908935547,1.8657286167144775,2.2328131198883057,2.3124945163726807,2.133178949356079,2.331770420074463,1.914068341255188,1.7879858016967773,1.484339714050293,1.7518651485443115,2.0005440711975098,1.8033910989761353,1.7137657403945923,2.0901339054107666,2.2063770294189453,2.0421643257141113,2.221888780593872,2.5367398262023926,2.5239341259002686,2.488917589187622,2.776902198791504
B6,1.3379380702972412,1.0469101667404175,0.8705112338066101,1.226073145866394,1.2849432229995728,1.028328776359558,1.1441924571990967,1.487007975578308,1.459031581878662,1.3955312967300415,1.6918113231658936,1.8918994665145874,1.8533531427383423,1.9723345041275024,2.262876033782959,0.8699111342430115,0.6059625744819641,0.5177661776542664,0.5465106964111328,0.3688598573207855,0.0,0.3812642991542816,0.5229897499084473,0.4866010844707489,0.6183543801307678,0.847103476524353,0.9508950710296631,1.049253225326538,1.2284990549087524,1.3970509767532349,1.2666771411895752,1.3022369146347046,1.0287396907806396,0.7809743285179138,0.9911733269691467,0.9951339364051819,0.6366683840751648,0.6624019145965576,0.9896093606948853,0.8852956295013428,0.6925103068351746,1.0171383619308472,1.2204478979110718,1.0847718715667725,1.153172254562378,1.8084737062454224,1.8195816278457642,1.4402873516082764,1.4048702716827393,1.7243175506591797,1.6166577339172363,1.2857515811920166,1.5281271934509277,1.7885013818740845,1.5741015672683716,1.5150119066238403,1.8850600719451904,1.9649131298065186,1.771918773651123,1.964540719985962,1.8976839780807495,1.7641998529434204,1.417253017425537,1.6380615234375,1.8870505094528198,1.6658340692520142,1.5185166597366333,1.8946372270584106,2.014066219329834,1.8041976690292358,1.960902452468872,2.2940263748168945,2.266566753387451,2.193787097930908,2.4869205951690674
B7,1.0956571102142334,0.7952194213867188,0.5740782022476196,0.8918477296829224,0.9325243234634399,0.657285213470459,0.7694264650344849,1.1060631275177002,1.0907028913497925,1.0433269739151,1.3276678323745728,1.524904727935791,1.518925428390503,1.642001748085022,1.9101303815841675,0.9888550639152527,0.8408716917037964,0.5957543253898621,0.4990246295928955,0.5460914969444275,0.3812642991542816,0.0,0.38553908467292786,0.552052915096283,0.5123944282531738,0.626650869846344,0.866744339466095,0.9925683736801147,1.0493346452713013,1.221434473991394,1.4251682758331299,1.4115650653839111,1.0676941871643066,0.943134605884552,1.1908915042877197,1.0949022769927979,0.7250816822052002,0.9138230085372925,1.1738405227661133,0.9709170460700989,0.875385582447052,1.2441723346710205,1.3511722087860107,1.1805773973464966,1.3425568342208862,1.763974666595459,1.6986565589904785,1.308488130569458,1.362187385559082,1.6446783542633057,1.4673906564712524,1.17933189868927,1.4900449514389038,1.6856120824813843,1.4443076848983765,1.4744633436203003,1.8409032821655273,1.8616312742233276,1.7071101665496826,1.9607954025268555,1.6473902463912964,1.4598619937896729,1.1297849416732788,1.3885856866836548,1.5867111682891846,1.3371474742889404,1.242797613143921,1.6282528638839722,1.7046003341674805,1.5161900520324707,1.7210506200790405,2.0255260467529297,1.988160252571106,1.967523455619812,2.269435167312622
B8,1.1041754484176636,0.7332274913787842,0.7104333639144897,1.022361159324646,0.9309445023536682,0.6867344379425049,0.9557629823684692,1.206423044204712,1.101820945739746,1.1495671272277832,1.4682488441467285,1.5784772634506226,1.564700722694397,1.7691022157669067,2.0179882049560547,1.0254297256469727,0.9445468783378601,0.830986499786377,0.582935094833374,0.4867515563964844,0.5229897499084473,0.38553908467292786,0.0,0.3850228488445282,0.5306946039199829,0.48633983731269836,0.6066710948944092,0.861211359500885,0.9524749517440796,1.0114120244979858,1.7204684019088745,1.7535921335220337,1.4269583225250244,1.2497655153274536,1.4932001829147339,1.4366298913955688,1.0598293542861938,1.156459093093872,1.4319841861724854,1.2229299545288086,1.029404640197754,1.3830070495605469,1.5050830841064453,1.2533490657806396,1.3515671491622925,2.1204168796539307,2.0617165565490723,1.6729615926742554,1.7400143146514893,2.029174566268921,1.8458002805709839,1.5618661642074585,1.8680340051651,2.0575127601623535,1.7947677373886108,1.8156177997589111,2.186044692993164,2.1838150024414062,1.9964892864227295,2.2541067600250244,1.8918532133102417,1.674605131149292,1.3954143524169922,1.7002767324447632,1.8645018339157104,1.601227045059204,1.5692535638809204,1.9540528059005737,1.9872736930847168,1.8091905117034912,2.0516059398651123,2.333707332611084,2.2637507915496826,2.2702577114105225,2.5908350944519043
B9,1.4824975728988647,1.117055892944336,1.0500482320785522,1.3639966249465942,1.2805167436599731,0.9841702580451965,1.2038406133651733,1.4813573360443115,1.330022931098938,1.2976560592651367,1.6496309041976929,1.7666808366775513,1.6716053485870361,1.8658747673034668,2.1606273651123047,1.2106657028198242,1.019593596458435,0.9711988568305969,0.8432600498199463,0.593583345413208,0.4866010844707489,0.552052915096283,0.3850228488445282,0.0,0.377633661031723,0.529841423034668,0.48652321100234985,0.6252692341804504,0.8590251803398132,0.9691911935806274,1.7477033138275146,1.7566567659378052,1.4751062393188477,1.2524020671844482,1.4056941270828247,1.3548179864883423,0.9928862452507019,0.9859071373939514,1.2244595289230347,1.0201313495635986,0.7495101094245911,1.0706713199615479,1.2029837369918823,0.927169144153595,0.9778649210929871,2.249772071838379,2.2141895294189453,1.8263237476348877,1.8185895681381226,2.098567247390747,1.9330699443817139,1.6022504568099976,1.8525046110153198,2.0587477684020996,1.7769924402236938,1.726720929145813,2.0994739532470703,2.1072239875793457,1.8631415367126465,2.0867373943328857,2.191155433654785,1.9853308200836182,1.6726462841033936,1.9354057312011719,2.113203763961792,1.8324520587921143,1.7417466640472412,2.125081777572632,2.1624069213867188,1.9270302057266235,2.1427836418151855,2.4482367038726807,2.3480536937713623,2.3006954193115234,2.635195732116699
B10,1.518777847290039,1.1708890199661255,1.0215033292770386,1.2698382139205933,1.1923869848251343,0.8412968516349792,0.983273983001709,1.2692848443984985,1.1070088148117065,0.9922199845314026,1.3486233949661255,1.4902092218399048,1.3604480028152466,1.5217424631118774,1.838079810142517,1.421441912651062,1.2172108888626099,1.053090214729309,0.9714743494987488,0.8476366400718689,0.6183543801307678,0.5123944282531738,0.5306946039199829,0.377633661031723,0.0,0.37253135442733765,0.5291893482208252,0.5023258328437805,0.6217326521873474,0.8591437935829163,1.7758508920669556,1.705997109413147,1.4001808166503906,1.2618236541748047,1.3841207027435303,1.2348049879074097,0.8868658542633057,0.9806041717529297,1.1296422481536865,0.8331998586654663,0.6782081127166748,1.0322048664093018,1.051456332206726,0.7776973843574524,0.9724428057670593,2.148289680480957,2.0602312088012695,1.678153395652771,1.6814824342727661,1.9084025621414185,1.6991499662399292,1.3787219524383545,1.6365480422973633,1.7906315326690674,1.4770195484161377,1.4590729475021362,1.8245296478271484,1.787124752998352,1.55022394657135,1.8106266260147095,2.0750677585601807,1.8423166275024414,1.5238410234451294,1.758536458015442,1.8977129459381104,1.5876001119613647,1.4861654043197632,1.8589715957641602,1.8650423288345337,1.601977825164795,1.8266164064407349,2.122911214828491,1.996596336364746,1.9482063055038452,2.2937192916870117
B11,1.3727682828903198,1.0093823671340942,0.9552972316741943,1.1450310945510864,0.9632563591003418,0.6344897150993347,0.8819686770439148,1.0752114057540894,0.8450090289115906,0.83782559633255,1.2026495933532715,1.2641485929489136,1.1655514240264893,1.4034415483474731,1.6739550828933716,1.499448299407959,1.3849380016326904,1.2114243507385254,1.0182795524597168,0.9505658149719238,0.847103476524353,0.626650869846344,0.48633983731269836,0.529841423034668,0.37253135442733765,0.0,0.3764269948005676,0.530188262462616,0.4803904592990875,0.5960379838943481,2.031562328338623,1.9819724559783936,1.6437619924545288,1.5297690629959106,1.7058461904525757,1.554003357887268,1.1966372728347778,1.3285508155822754,1.4957610368728638,1.1897871494293213,1.049435019493103,1.3974179029464722,1.3968960046768188,1.0894889831542969,1.272667646408081,2.3276660442352295,2.2042031288146973,1.821884274482727,1.8954064846038818,2.114591121673584,1.8690075874328613,1.5947550535202026,1.8958789110183716,2.0109500885009766,1.6892441511154175,1.7361783981323242,2.0913922786712646,2.0098094940185547,1.8021252155303955,2.098632574081421,2.046231269836426,1.7665307521820068,1.5050971508026123,1.790840983390808,1.8739880323410034,1.5484694242477417,1.5377143621444702,1.9065532684326172,1.8570220470428467,1.636773705482483,1.9183459281921387,2.169963836669922,2.02630615234375,2.047168731689453,2.399259090423584
B12,1.6103198528289795,1.226447582244873,1.2418909072875977,1.469336748123169,1.2627105712890625,0.9741162657737732,1.2537906169891357,1.4282467365264893,1.16619074344635,1.1846712827682495,1.5531094074249268,1.5702757835388184,1.435893177986145,1.705403447151184,1.9766157865524292,1.5966874361038208,1.4708962440490723,1.391287922859192,1.187398910522461,1.0028523206710815,0.9508950710296631,0.866744339466095,0.6066710948944092,0.48652321100234985,0.5291893482208252,0.3764269948005676,0.0,0.38206973671913147,0.5338355898857117,0.5054816007614136,2.2076327800750732,2.188908338546753,1.8812264204025269,1.7045336961746216,1.8525218963623047,1.7464276552200317,1.3895443677902222,1.4239630699157715,1.5974600315093994,1.3218107223510742,1.0907491445541382,1.3875261545181274,1.4171768426895142,1.0613855123519897,1.1459084749221802,2.616680860519409,2.5262653827667236,2.1390650272369385,2.1777937412261963,2.4172544479370117,2.19524884223938,1.8931998014450073,2.164154291152954,2.305626392364502,1.9798743724822998,1.9741508960723877,2.333129405975342,2.2642412185668945,2.0111875534057617,2.276054620742798,2.3865418434143066,2.1169538497924805,1.8554601669311523,2.1463828086853027,2.2454676628112793,1.9240535497665405,1.9033536911010742,2.2748794555664062,2.2291359901428223,1.9955912828445435,2.2672617435455322,2.5262792110443115,2.366075277328491,2.366273880004883,2.7261598110198975
B13,1.8866294622421265,1.5138278007507324,1.448797583580017,1.6620925664901733,1.4906851053237915,1.1556018590927124,1.3485716581344604,1.548530101776123,1.2777732610702515,1.1868956089019775,1.5595308542251587,1.6033934354782104,1.389384150505066,1.6155407428741455,1.9302458763122559,1.824865460395813,1.630894422531128,1.5271353721618652,1.4044952392578125,1.2135894298553467,1.049253225326538,0.9925683736801147,0.861211359500885,0.6252692341804504,0.5023258328437805,0.530188262462616,0.38206973671913147,0.0,0.38581719994544983,0.5589713454246521,2.240494728088379,2.1666061878204346,1.8831647634506226,1.726745367050171,1.8001912832260132,1.6515696048736572,1.3351086378097534,1.3518807888031006,1.4363529682159424,1.131598949432373,0.9323551654815674,1.183677077293396,1.1337450742721558,0.7581823468208313,0.8957223296165466,2.6404166221618652,2.5408072471618652,2.164114236831665,2.1596016883850098,2.3605353832244873,2.134491205215454,1.8174313306808472,2.0438759326934814,2.1634747982025146,1.8176791667938232,1.7781497240066528,2.1202707290649414,2.032093048095703,1.7444032430648804,1.9967666864395142,2.5245540142059326,2.2571868896484375,1.9694764614105225,2.2136573791503906,2.3062527179718018,1.968119502067566,1.8998838663101196,2.255267858505249,2.2008142471313477,1.9178389310836792,2.1653330326080322,2.430957317352295,2.238029718399048,2.195204734802246,2.563938856124878
