,A1,A2,A3,A4,A5,A6,A7,A8,A9,A10,A11,A12,A13,A14,A15,B1,B2,B3,B4,B5,B6,B7,B8,B9,B10,B11,B12,B13,B14,B15,C1,C2,C3,C4,C5,C6,C7,C8,C9,C10,C11,C12,C13,C14,C15,D1,D2,D3,D4,D5,D6,D7,D8,D9,D10,D11,D12,D13,D14,D15,E1,E2,E3,E4,E5,E6,E7,E8,E9,E10,E11,E12,E13,E14,E15
A1,0.0,0.38688239455223083,0.5880780220031738,0.8840523958206177,1.1621164083480835,1.4729645252227783,1.785582184791565,1.9940181970596313,2.3245561122894287,2.4423229694366455,2.8219616413116455,3.0136008262634277,3.3484349250793457,3.587390661239624,3.789567470550537,3.045997381210327,2.7107291221618652,2.8311119079589844,2.487617015838623,2.605893611907959,2.470916271209717,2.3824636936187744,2.5990679264068604,2.707040309906006,2.497116804122925,2.710212230682373,2.5774714946746826,2.910216808319092,2.8393993377685547,3.0614516735076904,1.5920041799545288,1.3691095113754272,1.6919312477111816,1.62798273563385,1.85056471824646,2.082199811935425,2.193774938583374,2.546250820159912,2.789544105529785,2.6893668174743652,3.0538735389709473,3.0885612964630127,3.3937830924987793,3.539250612258911,3.6421256065368652,3.4319891929626465,3.1097371578216553,3.003150224685669,2.6076927185058594,2.5522844791412354,2.2181081771850586,2.0290303230285645,2.044046640396118,2.046419620513916,1.8367236852645874,1.910842776298523,1.7136367559432983,1.9914233684539795,1.8425753116607666,2.1113221645355225,0.48738405108451843,0.6129077076911926,0.47803372144699097,0.8614885807037354,0.9979804158210754,1.3165384531021118,1.6172919273376465,1.7918219566345215,2.0576012134552,2.1842546463012695,2.4999988079071045,2.734480857849121,2.9218125343322754,3.2393300533294678,3.312056064605713
A2,0.38688239455223083,0.0,0.3944682776927948,0.5931315422058105,0.8857452273368835,1.2134100198745728,1.4867254495620728,1.7444177865982056,2.0578324794769287,2.132716178894043,2.517768621444702,2.685457944869995,3.020756244659424,3.249939441680908,3.439061403274536,2.7263314723968506,2.384669542312622,2.478745698928833,2.1245880126953125,2.2311220169067383,2.085782051086426,2.001324415206909,2.216977596282959,2.337968349456787,2.1429994106292725,2.3767621517181396,2.2745535373687744,2.6239049434661865,2.590437650680542,2.8281149864196777,1.5771962404251099,1.2859760522842407,1.5453892946243286,1.4061334133148193,1.5956141948699951,1.7878830432891846,1.866377592086792,2.2261459827423096,2.452802896499634,2.33131742477417,2.6913788318634033,2.7123489379882812,3.0199668407440186,3.1574342250823975,3.2641568183898926,3.0683953762054443,2.7439322471618652,2.626363515853882,2.2330496311187744,2.167431116104126,1.8359555006027222,1.6444473266601562,1.6753768920898438,1.6959136724472046,1.4906790256500244,1.609818458557129,1.4509286880493164,1.7696934938430786,1.6843695640563965,1.9700419902801514,0.5693316459655762,0.4168095290660858,0.1624976247549057,0.5402973890304565,0.67353355884552,1.029630184173584,1.2991825342178345,1.529639482498169,1.7873644828796387,1.8692433834075928,2.198694944381714,2.406643867492676,2.608518600463867,2.9107038974761963,2.9845309257507324
A3,0.5880780220031738,0.3944682776927948,0.0,0.3963845670223236,0.5798113942146301,0.9127065539360046,1.2138203382492065,1.422633409500122,1.741176962852478,1.865484595298767,2.240934133529663,2.447429656982422,2.7760744094848633,3.027639627456665,3.236879348754883,2.8201375007629395,2.456622362136841,2.5148918628692627,2.1627719402313232,2.2091338634490967,2.0666587352752686,1.916024923324585,2.1460483074188232,2.2084078788757324,1.9628350734710693,2.1643433570861816,2.0129103660583496,2.3413617610931396,2.2785112857818604,2.4924776554107666,1.4143422842025757,1.102607011795044,1.3366529941558838,1.2520995140075684,1.3836555480957031,1.6341174840927124,1.7001643180847168,2.0693836212158203,2.281123161315918,2.1788315773010254,2.5374186038970947,2.5954034328460693,2.8855926990509033,3.06300950050354,3.165454626083374,3.147826910018921,2.802637815475464,2.680978298187256,2.3002045154571533,2.1921753883361816,1.8896819353103638,1.6378542184829712,1.713814616203308,1.6714417934417725,1.3935983180999756,1.4844942092895508,1.2571386098861694,1.548815369606018,1.4314115047454834,1.6737141609191895,0.8907033801078796,0.7568116188049316,0.36370933055877686,0.5251219868659973,0.463205486536026,0.755380392074585,1.0472410917282104,1.2045087814331055,1.4744455814361572,1.6164525747299194,1.9400179386138916,2.192213535308838,2.4014570713043213,2.725825786590576,2.836681842803955
A4,0.8840523958206177,0.5931315422058105,0.3963845670223236,0.0,0.391763299703598,0.6345653533935547,0.9276031851768494,1.1739702224731445,1.5038049221038818,1.58811354637146,1.9732069969177246,2.1468300819396973,2.494422674179077,2.7185707092285156,2.9380874633789062,2.4691104888916016,2.098120927810669,2.152541399002075,1.813727617263794,1.8573036193847656,1.753976821899414,1.611694097518921,1.8855986595153809,1.9689449071884155,1.7263555526733398,1.9731537103652954,1.8531347513198853,2.1942508220672607,2.1825571060180664,2.3828492164611816,1.2677172422409058,0.909016489982605,1.0611951351165771,0.9003474712371826,1.0234005451202393,1.245362401008606,1.3225764036178589,1.685472011566162,1.9146044254302979,1.8314828872680664,2.2021024227142334,2.2781412601470947,2.5877673625946045,2.771833658218384,2.9084272384643555,2.8242084980010986,2.4673163890838623,2.3723859786987305,1.9958051443099976,1.906248688697815,1.6431704759597778,1.402276635169983,1.5562880039215088,1.5636513233184814,1.281752347946167,1.4618979692459106,1.28485906124115,1.611685037612915,1.5672883987426758,1.7879008054733276,1.0135399103164673,0.7777763605117798,0.46655577421188354,0.24961751699447632,0.2297694832086563,0.45948609709739685,0.7908362746238708,1.0075087547302246,1.321662425994873,1.4280916452407837,1.79210364818573,2.0189731121063232,2.2766966819763184,2.5773439407348633,2.714994430541992
A5,1.1621164083480835,0.8857452273368835,0.5798113942146301,0.391763299703598,0.0,0.39567896723747253,0.6398475766181946,0.8780213594436646,1.1752773523330688,1.285964846611023,1.6613664627075195,1.8722681999206543,2.1995303630828857,2.455798625946045,2.6736905574798584,2.5937564373016357,2.2151355743408203,2.203235626220703,1.8601970672607422,1.8214534521102905,1.6857807636260986,1.4674663543701172,1.7195243835449219,1.7327399253845215,1.4484624862670898,1.6512020826339722,1.4928187131881714,1.8215076923370361,1.7940342426300049,1.9948546886444092,1.4340471029281616,1.0725852251052856,1.1325163841247559,1.001774787902832,0.9772411584854126,1.2174402475357056,1.2114568948745728,1.5902965068817139,1.7589284181594849,1.6570792198181152,2.0065975189208984,2.0948095321655273,2.370720386505127,2.582784414291382,2.6945135593414307,2.856722593307495,2.4953322410583496,2.368070125579834,2.019256353378296,1.8635432720184326,1.6252926588058472,1.3223235607147217,1.4888333082199097,1.4168713092803955,1.0784635543823242,1.2204502820968628,1.0041784048080444,1.302497148513794,1.2716071605682373,1.4559497833251953,1.37767493724823,1.1396994590759277,0.8017855286598206,0.6145317554473877,0.265350878238678,0.23183049261569977,0.48274290561676025,0.6449728608131409,0.939229428768158,1.0814770460128784,1.4313819408416748,1.6905776262283325,1.943127155303955,2.260819435119629,2.4213955402374268
A6,1.4729645252227783,1.2134100198745728,0.9127065539360046,0.6345653533935547,0.39567896723747253,0.0,0.38088566064834595,0.5406149625778198,0.8885446190834045,1.027741551399231,1.3954732418060303,1.6096574068069458,1.953800916671753,2.193525791168213,2.449171543121338,2.490859031677246,2.108214855194092,2.0852999687194824,1.7840228080749512,1.710281491279602,1.6417673826217651,1.4002240896224976,1.7017027139663696,1.6905977725982666,1.3778735399246216,1.5893840789794922,1.4201428890228271,1.7204262018203735,1.7154722213745117,1.8575600385665894,1.2930421829223633,0.9439806938171387,0.8744969964027405,0.7667891383171082,0.6369678974151611,0.9192808866500854,0.9341782927513123,1.2874830961227417,1.4719146490097046,1.4380850791931152,1.7935947179794312,1.9446126222610474,2.222935199737549,2.4722297191619873,2.619384288787842,2.796077251434326,2.4207441806793213,2.333723306655884,2.0105998516082764,1.8673452138900757,1.70359206199646,1.4108200073242188,1.6571909189224243,1.605726957321167,1.263359785079956,1.4416007995605469,1.2467608451843262,1.5088164806365967,1.5014097690582275,1.6109992265701294,1.6341484785079956,1.4003500938415527,1.0984134674072266,0.8190396428108215,0.592700719833374,0.2136627733707428,0.4255606532096863,0.46055036783218384,0.8412982225418091,1.0168055295944214,1.3820502758026123,1.6461899280548096,1.9470129013061523,2.2470345497131348,2.4593679904937744
A7,1.785582184791565,1.4867254495620728,1.2138203382492065,0.9276031851768494,0.6398475766181946,0.38088566064834595,0.0,0.39380356669425964,0.6146513223648071,0.6654212474822998,1.0467334985733032,1.246924877166748,1.5871431827545166,1.8325506448745728,2.0757339000701904,2.39151930809021,2.016148567199707,1.9249067306518555,1.6320197582244873,1.4841779470443726,1.4008301496505737,1.1106034517288208,1.4011530876159668,1.351024866104126,1.0251775979995728,1.2413086891174316,1.0993497371673584,1.4054441452026367,1.458688497543335,1.610028624534607,1.6157773733139038,1.2771538496017456,1.1246329545974731,0.9612736701965332,0.7003737092018127,0.8542336225509644,0.7242704629898071,1.0782524347305298,1.1805901527404785,1.109445571899414,1.4440830945968628,1.5978214740753174,1.8576408624649048,2.120694637298584,2.263732433319092,2.595402479171753,2.2249834537506104,2.1166396141052246,1.8322982788085938,1.6463528871536255,1.535159707069397,1.2280455827713013,1.5077077150344849,1.4402433633804321,1.1071126461029053,1.3088200092315674,1.1770896911621094,1.4202064275741577,1.4963109493255615,1.5820841789245605,1.9340627193450928,1.6565041542053223,1.382408618927002,1.0771540403366089,0.8169359564781189,0.4741376042366028,0.27457207441329956,0.31839796900749207,0.6054670214653015,0.6992387175559998,1.073987364768982,1.3082114458084106,1.6352537870407104,1.9129341840744019,2.1463136672973633
A8,1.9940181970596313,1.7444177865982056,1.422633409500122,1.1739702224731445,0.8780213594436646,0.5406149625778198,0.39380356669425964,0.0,0.3861559331417084,0.6427081823348999,0.9430542588233948,1.2152462005615234,1.5341050624847412,1.7933273315429688,2.0805444717407227,2.646690607070923,2.275660514831543,2.185458183288574,1.9336179494857788,1.7628263235092163,1.7218576669692993,1.4151906967163086,1.6980268955230713,1.589064359664917,1.2353274822235107,1.3726378679275513,1.157119631767273,1.3772870302200317,1.3799614906311035,1.4425886869430542,1.5729024410247803,1.2887927293777466,1.0851585865020752,1.0499612092971802,0.7392364740371704,0.966057538986206,0.8859632015228271,1.1535241603851318,1.2431292533874512,1.262843132019043,1.5603926181793213,1.7788481712341309,2.001357078552246,2.3060522079467773,2.4510695934295654,2.8831543922424316,2.5105385780334473,2.427164077758789,2.167912244796753,1.9852067232131958,1.9089211225509644,1.6044367551803589,1.8854371309280396,1.7893977165222168,1.4439181089401245,1.589869499206543,1.4093382358551025,1.5782362222671509,1.6059544086456299,1.605621576309204,2.173269748687744,1.937932014465332,1.6360807418823242,1.3526438474655151,1.1037943363189697,0.7288116216659546,0.6357397437095642,0.36318978667259216,0.6275023818016052,0.8568307757377625,1.152396559715271,1.4347835779190063,1.7550148963928223,2.0382156372070312,2.3142685890197754
A9,2.3245561122894287,2.0578324794769287,1.741176962852478,1.5038049221038818,1.1752773523330688,0.8885446190834045,0.6146513223648071,0.3861559331417084,0.0,0.3857000470161438,0.5926238894462585,0.9173614978790283,1.1931731700897217,1.4842560291290283,1.7648173570632935,2.747114896774292,2.3922171592712402,2.2414534091949463,2.009798526763916,1.7714669704437256,1.7151693105697632,1.3715031147003174,1.6015504598617554,1.4184198379516602,1.0579886436462402,1.1210322380065918,0.8936501145362854,1.0525529384613037,1.0928535461425781,1.1259368658065796,1.9446851015090942,1.670426368713379,1.441805362701416,1.3871994018554688,1.0381731986999512,1.1641170978546143,0.9821181893348694,1.1851000785827637,1.1514779329299927,1.1496913433074951,1.3710942268371582,1.601225733757019,1.764628291130066,2.093928098678589,2.2164454460144043,2.8778512477874756,2.520536184310913,2.4150326251983643,2.2060041427612305,1.982326865196228,1.9553827047348022,1.6474158763885498,1.9260010719299316,1.7960443496704102,1.471960186958313,1.5914835929870605,1.452919840812683,1.5608001947402954,1.643541693687439,1.5927599668502808,2.515432119369507,2.2584972381591797,1.9604394435882568,1.6765855550765991,1.3968206644058228,1.0457587242126465,0.8254506587982178,0.5513507127761841,0.5469745993614197,0.7179473638534546,0.9166503548622131,1.1827623844146729,1.503143072128296,1.7632784843444824,2.072125196456909
A10,2.4423229694366455,2.132716178894043,1.865484595298767,1.58811354637146,1.285964846611023,1.027741551399231,0.6654212474822998,0.6427081823348999,0.3857000470161438,0.0,0.38970574736595154,0.6093735098838806,0.9283709526062012,1.1985710859298706,1.4535329341888428,2.4840824604034424,2.1453397274017334,1.9496105909347534,1.7304743528366089,1.4519593715667725,1.3941035270690918,1.0465720891952515,1.2666057348251343,1.0868409872055054,0.7557520270347595,0.8815775513648987,0.7809420824050903,0.9836646914482117,1.1508193016052246,1.2365081310272217,2.1396262645721436,1.8425471782684326,1.5963454246520996,1.4511661529541016,1.09221351146698,1.0863845348358154,0.8046547770500183,0.9800968170166016,0.8596912622451782,0.7923384308815002,0.9958091974258423,1.215667963027954,1.3870121240615845,1.7130237817764282,1.8521037101745605,2.5366718769073486,2.1906564235687256,2.074958086013794,1.8995914459228516,1.6640986204147339,1.687733769416809,1.407517433166504,1.7092119455337524,1.6129006147384644,1.341477870941162,1.5161164999008179,1.469817042350769,1.6093897819519043,1.7705775499343872,1.7645410299301147,2.586601972579956,2.289268732070923,2.034933567047119,1.7197158336639404,1.4594331979751587,1.1388909816741943,0.840229868888855,0.7374480962753296,0.6721105575561523,0.6120792627334595,0.819074273109436,0.9685074090957642,1.3318958282470703,1.5377753973007202,1.8451595306396484
A11,2.8219616413116455,2.517768621444702,2.240934133529663,1.9732069969177246,1.6613664627075195,1.3954732418060303,1.0467334985733032,0.9430542588233948,0.5926238894462585,0.38970574736595154,0.0,0.3771752119064331,0.6007919311523438,0.9063938856124878,1.1811107397079468,2.6865999698638916,2.373730421066284,2.1415293216705322,1.97077476978302,1.6510146856307983,1.6148216724395752,1.2748615741729736,1.431807041168213,1.1881290674209595,0.9075051546096802,0.91361403465271,0.8300620913505554,0.8803360462188721,1.0892863273620605,1.088768720626831,2.443345785140991,2.1720683574676514,1.897940993309021,1.7831419706344604,1.4083213806152344,1.3753784894943237,1.0938386917114258,1.1549776792526245,0.932452917098999,0.9100033044815063,0.9680122137069702,1.2231556177139282,1.2993525266647339,1.6590595245361328,1.7835811376571655,2.6742136478424072,2.350925922393799,2.240161895751953,2.1249160766601562,1.879230260848999,1.9586137533187866,1.6999298334121704,1.9908512830734253,1.8774118423461914,1.6358990669250488,1.7751072645187378,1.7465263605117798,1.8241125345230103,1.9992562532424927,1.9375110864639282,2.974825382232666,2.6789662837982178,2.4217514991760254,2.108513355255127,1.8443503379821777,1.520006775856018,1.2220804691314697,1.0724985599517822,0.9283156394958496,0.8621560335159302,0.9050297141075134,0.9930179715156555,1.325036883354187,1.4734035730361938,1.8210712671279907
A12,3.0136008262634277,2.685457944869995,2.447429656982422,2.1468300819396973,1.8722681999206543,1.6096574068069458,1.246924877166748,1.2152462005615234,0.9173614978790283,0.6093735098838806,0.3771752119064331,0.0,0.3828476667404175,0.58998703956604,0.8698121905326843,2.471095561981201,2.1899733543395996,1.9204930067062378,1.799041748046875,1.4499469995498657,1.4554942846298218,1.1601722240447998,1.2991204261779785,1.0877602100372314,0.9110579490661621,0.9752988815307617,1.033859372138977,1.0934964418411255,1.373868703842163,1.3926457166671753,2.624380111694336,2.3515820503234863,2.056455612182617,1.891727089881897,1.5243858098983765,1.3915313482284546,1.0794914960861206,1.0464394092559814,0.7258523106575012,0.6965600252151489,0.6398629546165466,0.9274852275848389,0.9900996685028076,1.3577275276184082,1.5272183418273926,2.3996782302856445,2.096687078475952,2.00323224067688,1.9434109926223755,1.7152180671691895,1.8664683103561401,1.66586172580719,1.974960446357727,1.9139142036437988,1.7329237461090088,1.918776512145996,1.9542734622955322,2.060725212097168,2.275305986404419,2.2460734844207764,3.1179518699645996,2.7998998165130615,2.5844991207122803,2.2465062141418457,2.019463062286377,1.7132995128631592,1.4080536365509033,1.3465903997421265,1.2258284091949463,1.0657780170440674,1.1113698482513428,1.0709034204483032,1.4090726375579834,1.470369577407837,1.8062169551849365
A13,3.3484349250793457,3.020756244659424,2.7760744094848633,2.494422674179077,2.1995303630828857,1.953800916671753,1.5871431827545166,1.5341050624847412,1.1931731700897217,0.9283709526062012,0.6007919311523438,0.3828476667404175,0.0,0.3754154443740845,0.6004979014396667,2.7465004920959473,2.4919214248657227,2.1922802925109863,2.0939455032348633,1.7243109941482544,1.7096041440963745,1.424709439277649,1.4763609170913696,1.2099419832229614,1.09397292137146,1.0406339168548584,1.1243857145309448,1.0647932291030884,1.3710182905197144,1.3493846654891968,2.985304355621338,2.7172231674194336,2.4222302436828613,2.271103620529175,1.900681972503662,1.7724690437316895,1.4599089622497559,1.4044432640075684,1.056173324584961,1.0099459886550903,0.8212824463844299,1.0439276695251465,0.9592990279197693,1.3267041444778442,1.4419289827346802,2.576857805252075,2.3098089694976807,2.197658061981201,2.1904187202453613,1.9411084651947021,2.1170921325683594,1.9262452125549316,2.2015175819396973,2.1112122535705566,1.9590702056884766,2.1023101806640625,2.1578330993652344,2.2106223106384277,2.4439096450805664,2.3798089027404785,3.4720351696014404,3.1509997844696045,2.9278903007507324,2.602073907852173,2.3541696071624756,2.05674409866333,1.7320280075073242,1.6452386379241943,1.4584156274795532,1.2874388694763184,1.216853141784668,1.1142951250076294,1.3821555376052856,1.3714224100112915,1.7230221033096313
A14,3.587390661239624,3.249939441680908,3.027639627456665,2.7185707092285156,2.455798625946045,2.193525791168213,1.8325506448745728,1.7933273315429688,1.4842560291290283,1.1985710859298706,0.9063938856124878,0.58998703956604,0.3754154443740845,0.0,0.3807532787322998,2.6374454498291016,2.4225430488586426,2.107572317123413,2.076589345932007,1.706039309501648,1.7553105354309082,1.533799171447754,1.587416410446167,1.3803800344467163,1.3376017808914185,1.3401819467544556,1.4740437269210815,1.4315738677978516,1.7450929880142212,1.713712215423584,3.148441791534424,2.8944692611694336,2.575927257537842,2.4076900482177734,2.046875476837158,1.8596484661102295,1.5619944334030151,1.4180395603179932,1.0435585975646973,1.0521934032440186,0.772899329662323,1.0089304447174072,0.8954290747642517,1.2394605875015259,1.412598967552185,2.446526527404785,2.2069406509399414,2.137648344039917,2.1850922107696533,1.97781503200531,2.212369203567505,2.076772689819336,2.3687942028045654,2.3283276557922363,2.210697650909424,2.3897902965545654,2.470749616622925,2.5489931106567383,2.7915279865264893,2.7437398433685303,3.6698341369628906,3.3410918712615967,3.148625373840332,2.8020033836364746,2.591266632080078,2.2941102981567383,1.986385703086853,1.9349251985549927,1.7881693840026855,1.6005700826644897,1.5626611709594727,1.4203795194625854,1.683687686920166,1.6162031888961792,1.9420244693756104
A15,3.789567470550537,3.439061403274536,3.236879348754883,2.9380874633789062,2.6736905574798584,2.449171543121338,2.0757339000701904,2.0805444717407227,1.7648173570632935,1.4535329341888428,1.1811107397079468,0.8698121905326843,0.6004979014396667,0.3807532787322998,0.0,2.7257509231567383,2.5411622524261475,2.192176103591919,2.1686713695526123,1.7864352464675903,1.7978041172027588,1.606231451034546,1.5699902772903442,1.3553941249847412,1.4037184715270996,1.3695361614227295,1.5729018449783325,1.5122647285461426,1.8560707569122314,1.8601348400115967,3.46589994430542,3.1938486099243164,2.890925645828247,2.6948118209838867,2.3441455364227295,2.138653039932251,1.8175249099731445,1.6924240589141846,1.3049063682556152,1.229904294013977,0.8814165592193604,0.9826740622520447,0.7350216507911682,1.0241363048553467,1.1462836265563965,2.3982486724853516,2.2048754692077637,2.1004297733306885,2.202425956726074,1.9764316082000732,2.2359676361083984,2.1296863555908203,2.383296251296997,2.3406808376312256,2.277639389038086,2.4423046112060547,2.5712032318115234,2.632918119430542,2.910057783126831,2.872972011566162,3.870789051055908,3.5271687507629395,3.348304033279419,3.0119235515594482,2.7930142879486084,2.5274083614349365,2.193305253982544,2.1751513481140137,1.988380789756775,1.74893319606781,1.659412145614624,1.4362512826919556,1.6398762464523315,1.4886459112167358,1.7805967330932617
B1,3.045997381210327,2.7263314723968506,2.8201375007629395,2.4691104888916016,2.5937564373016357,2.490859031677246,2.39151930809021,2.646690607070923,2.747114896774292,2.4840824604034424,2.6865999698638916,2.471095561981201,2.7465004920959473,2.6374454498291016,2.7257509231567383,0.0,0.382868230342865,0.5820053219795227,0.8701799511909485,1.15469229221344,1.4529098272323608,1.7618995904922485,1.969079613685608,2.294856071472168,2.394200563430786,2.766916513442993,2.9675779342651367,3.265331268310547,3.523888111114502,3.689542055130005,2.8235011100769043,2.6135823726654053,2.449810028076172,2.09112811088562,2.120041847229004,1.7677472829818726,1.7813434600830078,1.6774675846099854,1.8148558139801025,1.8028103113174438,1.9471087455749512,1.908284068107605,2.2348570823669434,2.193018674850464,2.5140442848205566,0.9578586220741272,0.7934410572052002,1.1407839059829712,1.1049582958221436,1.4567086696624756,1.6422542333602905,1.8879667520523071,2.1380832195281982,2.4743857383728027,2.52473783493042,2.904163122177124,3.053610324859619,3.3942978382110596,3.593249797821045,3.8031516075134277,2.7633421421051025,2.466655969619751,2.617591142654419,2.305230140686035,2.4730072021484375,2.433976411819458,2.404360294342041,2.7073261737823486,2.878577709197998,2.671684741973877,2.968554735183716,2.865936517715454,3.1804285049438477,3.19913387298584,3.2996788024902344
B2,2.7107291221618652,2.384669542312622,2.456622362136841,2.098120927810669,2.2151355743408203,2.108214855194092,2.016148567199707,2.275660514831543,2.3922171592712402,2.1453397274017334,2.373730421066284,2.1899733543395996,2.4919214248657227,2.4225430488586426,2.5411622524261475,0.382868230342865,0.0,0.3959089517593384,0.5739154815673828,0.8864539265632629,1.1871190071105957,1.4629491567611694,1.71561861038208,2.029613733291626,2.088850498199463,2.468668222427368,2.6433873176574707,2.951449394226074,3.192415475845337,3.359309434890747,2.484907627105713,2.256882667541504,2.0928492546081543,1.725172758102417,1.7493910789489746,1.4043471813201904,1.422749400138855,1.3582885265350342,1.5290751457214355,1.5121530294418335,1.7116966247558594,1.7001274824142456,2.054910182952881,2.060678482055664,2.3758254051208496,1.0895353555679321,0.8001948595046997,1.071328043937683,0.9256706237792969,1.2406461238861084,1.389034628868103,1.588950514793396,1.8685675859451294,2.1868512630462646,2.200758934020996,2.5811715126037598,2.707810878753662,3.0508310794830322,3.2365639209747314,3.4419806003570557,2.455644130706787,2.1484792232513428,2.270512342453003,1.943711280822754,2.101144313812256,2.0523033142089844,2.029787063598633,2.332226514816284,2.5165016651153564,2.326897382736206,2.6408636569976807,2.568145751953125,2.893941879272461,2.945523738861084,3.0630290508270264
B3,2.8311119079589844,2.478745698928833,2.5148918628692627,2.152541399002075,2.203235626220703,2.0852999687194824,1.9249067306518555,2.185458183288574,2.2414534091949463,1.9496105909347534,2.1415293216705322,1.9204930067062378,2.1922802925109863,2.107572317123413,2.192176103591919,0.5820053219795227,0.3959089517593384,0.0,0.3946535587310791,0.5808249711990356,0.9122036099433899,1.2024801969528198,1.4167792797088623,1.7247225046157837,1.8246357440948486,2.192225217819214,2.4032061100006104,2.693220615386963,2.9627695083618164,3.1322901248931885,2.647247791290283,2.3892476558685303,2.1950745582580566,1.8227629661560059,1.7664612531661987,1.398946762084961,1.3179038763046265,1.2340692281723022,1.3086318969726562,1.2423186302185059,1.3858312368392944,1.3389015197753906,1.680719017982483,1.6708134412765503,1.9918822050094604,0.8522608876228333,0.5020188093185425,0.7612417340278625,0.6970682144165039,0.972684383392334,1.2124521732330322,1.4159278869628906,1.7077292203903198,2.008660078048706,2.043483257293701,2.419847249984741,2.578261137008667,2.898695230484009,3.1193645000457764,3.3089523315429688,2.6317434310913086,2.295280694961548,2.370429515838623,2.029266119003296,2.1154298782348633,2.0384225845336914,1.941308856010437,2.234177589416504,2.3630566596984863,2.130852460861206,2.408360242843628,2.292383909225464,2.6099178791046143,2.6272599697113037,2.7451372146606445
B4,2.487617015838623,2.1245880126953125,2.1627719402313232,1.813727617263794,1.8601970672607422,1.7840228080749512,1.6320197582244873,1.9336179494857788,2.009798526763916,1.7304743528366089,1.97077476978302,1.799041748046875,2.0939455032348633,2.076589345932007,2.1686713695526123,0.8701799511909485,0.5739154815673828,0.3946535587310791,0.0,0.38752445578575134,0.6173170804977417,0.9113000631332397,1.1490341424942017,1.4747740030288696,1.5530961751937866,1.9334959983825684,2.130030632019043,2.448493480682373,2.6978654861450195,2.896235704421997,2.4505679607391357,2.15891170501709,1.9993388652801514,1.6105974912643433,1.5585466623306274,1.230074405670166,1.1201621294021606,1.1540218591690063,1.2437410354614258,1.1027156114578247,1.3149365186691284,1.2460426092147827,1.6112537384033203,1.6234478950500488,1.9035165309906006,1.0423272848129272,0.6689717769622803,0.7249315977096558,0.4675200581550598,0.69427490234375,0.8574811220169067,1.0418611764907837,1.3390226364135742,1.6409403085708618,1.669159173965454,2.0480315685272217,2.2051661014556885,2.5353987216949463,2.7520627975463867,2.9585413932800293,2.317192792892456,1.964948296546936,2.0244739055633545,1.6929007768630981,1.7600609064102173,1.7135754823684692,1.6110910177230835,1.9343621730804443,2.0627024173736572,1.8285378217697144,2.1229231357574463,2.0281097888946533,2.3394615650177,2.393068313598633,2.498971462249756
B5,2.605893611907959,2.2311220169067383,2.2091338634490967,1.8573036193847656,1.8214534521102905,1.710281491279602,1.4841779470443726,1.7628263235092163,1.7714669704437256,1.4519593715667725,1.6510146856307983,1.4499469995498657,1.7243109941482544,1.706039309501648,1.7864352464675903,1.15469229221344,0.8864539265632629,0.5808249711990356,0.38752445578575134,0.0,0.39046159386634827,0.6276387572288513,0.8652675151824951,1.153258204460144,1.245440125465393,1.6134350299835205,1.8329533338546753,2.127274513244629,2.4011757373809814,2.589402198791504,2.527670383453369,2.2220571041107178,2.02317476272583,1.6544991731643677,1.5126945972442627,1.1796143054962158,0.9665907025337219,0.9802640676498413,0.9610317349433899,0.7615113854408264,0.9374205470085144,0.861526370048523,1.231889009475708,1.2774728536605835,1.566743016242981,1.1204768419265747,0.7528107762336731,0.7130100727081299,0.5642843842506409,0.5828143358230591,0.842309832572937,0.9496265053749084,1.2829805612564087,1.5245177745819092,1.5368536710739136,1.9027175903320312,2.070314407348633,2.367465019226074,2.609722375869751,2.7832343578338623,2.5020647048950195,2.1391751766204834,2.131927251815796,1.7850793600082397,1.7694917917251587,1.6664700508117676,1.4864495992660522,1.7724571228027344,1.8447983264923096,1.5793323516845703,1.8375074863433838,1.7125492095947266,2.030961513519287,2.0631766319274902,2.1954169273376465
B6,2.470916271209717,2.085782051086426,2.0666587352752686,1.753976821899414,1.6857807636260986,1.6417673826217651,1.4008301496505737,1.7218576669692993,1.7151693105697632,1.3941035270690918,1.6148216724395752,1.4554942846298218,1.7096041440963745,1.7553105354309082,1.7978041172027588,1.4529098272323608,1.1871190071105957,0.9122036099433899,0.6173170804977417,0.39046159386634827,0.0,0.3769909739494324,0.5323728322982788,0.8746985793113708,1.008480429649353,1.3739421367645264,1.6164007186889648,1.9326691627502441,2.201951265335083,2.4350199699401855,2.604175090789795,2.2677178382873535,2.1101481914520264,1.7431656122207642,1.5953387022018433,1.3291157484054565,1.069801688194275,1.1951539516448975,1.1365457773208618,0.8306766152381897,0.9974145889282227,0.8290618658065796,1.1694824695587158,1.192484974861145,1.405562162399292,1.2684608697891235,0.94676274061203,0.7332384586334229,0.5287073850631714,0.29599544405937195,0.5203607678413391,0.6053187251091003,0.9180376529693604,1.151362419128418,1.2059929370880127,1.564784049987793,1.7723264694213867,2.063666343688965,2.330202579498291,2.5229122638702393,2.4127535820007324,2.036621332168579,2.008587121963501,1.6967755556106567,1.6271131038665771,1.5693612098693848,1.342489242553711,1.6549887657165527,1.6767882108688354,1.3712660074234009,1.6075708866119385,1.4606436491012573,1.746525526046753,1.7877800464630127,1.8822898864746094
B7,2.3824636936187744,2.001324415206909,1.916024923324585,1.611694097518921,1.4674663543701172,1.4002240896224976,1.1106034517288208,1.4151906967163086,1.3715031147003174,1.0465720891952515,1.2748615741729736,1.1601722240447998,1.424709439277649,1.533799171447754,1.606231451034546,1.7618995904922485,1.4629491567611694,1.2024801969528198,0.9113000631332397,0.6276387572288513,0.3769909739494324,0.0,0.39181947708129883,0.6041218042373657,0.6476585865020752,1.026181697845459,1.2460988759994507,1.5661815404891968,1.8290201425552368,2.0597949028015137,2.48104190826416,2.1353793144226074,1.9648274183273315,1.6324695348739624,1.4253566265106201,1.2130323648452759,0.8963849544525146,1.0791727304458618,0.9770849943161011,0.6269489526748657,0.8325755000114441,0.7268350124359131,1.048615574836731,1.1708457469940186,1.3477572202682495,1.619197964668274,1.2953848838806152,1.0893136262893677,0.9030324816703796,0.6199699640274048,0.7067528963088989,0.5682897567749023,0.9137685298919678,1.0241373777389526,0.9887669086456299,1.3276625871658325,1.5051088333129883,1.7712129354476929,2.038403272628784,2.199899673461914,2.3940515518188477,2.02421498298645,1.923508644104004,1.6078147888183594,1.4604920148849487,1.3510607481002808,1.0641740560531616,1.3374911546707153,1.3203037977218628,1.0043420791625977,1.2397044897079468,1.1179602146148682,1.4321928024291992,1.5149861574172974,1.6577003002166748
B8,2.5990679264068604,2.216977596282959,2.1460483074188232,1.8855986595153809,1.7195243835449219,1.7017027139663696,1.4011530876159668,1.6980268955230713,1.6015504598617554,1.2666057348251343,1.431807041168213,1.2991204261779785,1.4763609170913696,1.587416410446167,1.5699902772903442,1.969079613685608,1.71561861038208,1.4167792797088623,1.1490341424942017,0.8652675151824951,0.5323728322982788,0.39181947708129883,0.0,0.38443395495414734,0.6402932405471802,0.9389023184776306,1.242380142211914,1.5356453657150269,1.8255460262298584,2.0893161296844482,2.841451644897461,2.48720383644104,2.334047317504883,2.0078179836273193,1.7990078926086426,1.602372169494629,1.2763899564743042,1.437854528427124,1.271093487739563,0.8938596248626709,0.9523692727088928,0.7084596753120422,0.9251959323883057,0.965606689453125,1.0582350492477417,1.630668044090271,1.371903657913208,1.0769809484481812,0.9792428612709045,0.6107808351516724,0.7208176851272583,0.6263223886489868,0.8321965932846069,0.9028052091598511,0.9819110631942749,1.2691675424575806,1.5241849422454834,1.746982455253601,2.0623555183410645,2.2272536754608154,2.6332647800445557,2.2590408325195312,2.1619906425476074,1.8867278099060059,1.7090336084365845,1.639786720275879,1.3198418617248535,1.575616478919983,1.4734134674072266,1.1059691905975342,1.234351634979248,1.0095425844192505,1.2500568628311157,1.2665925025939941,1.350170373916626
B9,2.707040309906006,2.337968349456787,2.2084078788757324,1.9689449071884155,1.7327399253845215,1.6905977725982666,1.351024866104126,1.589064359664917,1.4184198379516602,1.0868409872055054,1.1881290674209595,1.0877602100372314,1.2099419832229614,1.3803800344467163,1.3553941249847412,2.294856071472168,2.029613733291626,1.7247225046157837,1.4747740030288696,1.153258204460144,0.8746985793113708,0.6041218042373657,0.38443395495414734,0.0,0.3752468526363373,0.5785378217697144,0.9194962978363037,1.1759419441223145,1.4856876134872437,1.7460905313491821,2.9036266803741455,2.5518832206726074,2.382711887359619,2.100039005279541,1.8410816192626953,1.6902711391448975,1.3376855850219727,1.4994804859161377,1.2747423648834229,0.9070001244544983,0.9048366546630859,0.7173001766204834,0.8175057768821716,0.9524325728416443,0.9726697206497192,1.9616689682006836,1.7066774368286133,1.4290595054626465,1.3547730445861816,0.9933645129203796,1.0733720064163208,0.8871680498123169,1.0603487491607666,0.9887480139732361,0.9920523166656494,1.1966476440429688,1.4262363910675049,1.5792937278747559,1.907323956489563,2.019148826599121,2.802009344100952,2.4399783611297607,2.2855005264282227,2.0173614025115967,1.7765309810638428,1.6603126525878906,1.2940841913223267,1.4645804166793823,1.278908371925354,0.895444929599762,0.9254124760627747,0.6484286189079285,0.8997834324836731,0.9195787310600281,1.0707006454467773
B10,2.497116804122925,2.1429994106292725,1.9628350734710693,1.7263555526733398,1.4484624862670898,1.3778735399246216,1.0251775979995728,1.2353274822235107,1.0579886436462402,0.7557520270347595,0.9075051546096802,0.9110579490661621,1.09397292137146,1.3376017808914185,1.4037184715270996,2.394200563430786,2.088850498199463,1.8246357440948486,1.5530961751937866,1.245440125465393,1.008480429649353,0.6476585865020752,0.6402932405471802,0.3752468526363373,0.0,0.38694480061531067,0.6186984777450562,0.9296853542327881,1.2048242092132568,1.4576023817062378,2.619666337966919,2.2723515033721924,2.1011710166931152,1.8554222583770752,1.5742855072021484,1.4840867519378662,1.1385153532028198,1.3487160205841064,1.157606601715088,0.8348656892776489,0.9310168623924255,0.891108512878418,1.0260101556777954,1.2495251893997192,1.2960902452468872,2.1995272636413574,1.9027208089828491,1.6674323081970215,1.5280427932739258,1.1928726434707642,1.206861972808838,0.9315721392631531,1.1485719680786133,1.0209957361221313,0.8810808062553406,1.0693161487579346,1.2102428674697876,1.3607474565505981,1.653926968574524,1.7380561828613281,2.629711866378784,2.284886121749878,2.083038091659546,1.8110041618347168,1.5346391201019287,1.372206449508667,0.990189790725708,1.1080576181411743,0.9102321863174438,0.5330562591552734,0.622638463973999,0.48257407546043396,0.8338308334350586,0.985744297504425,1.2093993425369263
B11,2.710212230682373,2.3767621517181396,2.1643433570861816,1.9731537103652954,1.6512020826339722,1.5893840789794922,1.2413086891174316,1.3726378679275513,1.1210322380065918,0.8815775513648987,0.91361403465271,0.9752988815307617,1.0406339168548584,1.3401819467544556,1.3695361614227295,2.766916513442993,2.468668222427368,2.192225217819214,1.9334959983825684,1.6134350299835205,1.3739421367645264,1.026181697845459,0.9389023184776306,0.5785378217697144,0.38694480061531067,0.0,0.378746896982193,0.6042363047599792,0.9108716249465942,1.1821999549865723,2.8565828800201416,2.5166635513305664,2.3487181663513184,2.1457831859588623,1.8449687957763672,1.7975656986236572,1.457526445388794,1.6495673656463623,1.422196388244629,1.135641098022461,1.1479383707046509,1.1152265071868896,1.1251300573349,1.360916256904602,1.3199013471603394,2.51914644241333,2.243906259536743,1.9923008680343628,1.8848283290863037,1.5332673788070679,1.5432125329971313,1.2620198726654053,1.4080932140350342,1.1956424713134766,1.0551713705062866,1.1140650510787964,1.2359280586242676,1.2745380401611328,1.5817309617996216,1.6027003526687622,2.894768714904785,2.5652313232421875,2.3296515941619873,2.089085340499878,1.7711749076843262,1.602607011795044,1.21444571018219,1.2321971654891968,0.9267283082008362,0.5935055613517761,0.40818142890930176,0.11261171847581863,0.4908527731895447,0.6805077791213989,0.9654372334480286
B12,2.5774714946746826,2.2745535373687744,2.0129103660583496,1.8531347513198853,1.4928187131881714,1.4201428890228271,1.0993497371673584,1.157119631767273,0.8936501145362854,0.7809420824050903,0.8300620913505554,1.033859372138977,1.1243857145309448,1.4740437269210815,1.5729018449783325,2.9675779342651367,2.6433873176574707,2.4032061100006104,2.130030632019043,1.8329533338546753,1.6164007186889648,1.2460988759994507,1.242380142211914,0.9194962978363037,0.6186984777450562,0.378746896982193,0.0,0.38307318091392517,0.5886316895484924,0.8755539059638977,2.6801254749298096,2.353116273880005,2.1978485584259033,2.050650119781494,1.7443196773529053,1.775370717048645,1.4724061489105225,1.6962989568710327,1.5152338743209839,1.2931047677993774,1.366926908493042,1.412495493888855,1.447299599647522,1.7155247926712036,1.689538836479187,2.815350294113159,2.514963388442993,2.2860937118530273,2.135504722595215,1.8013131618499756,1.763620138168335,1.4395051002502441,1.5892690420150757,1.3400583267211914,1.1051104068756104,1.1003879308700562,1.1044869422912598,1.0932725667953491,1.3441330194473267,1.307757019996643,2.809570550918579,2.5088870525360107,2.2278354167938232,2.0076353549957275,1.6576342582702637,1.4602365493774414,1.0922911167144775,1.0028131008148193,0.6410809755325317,0.43719273805618286,0.09954442083835602,0.3680860996246338,0.614475667476654,0.9164602756500244,1.2080250978469849
B13,2.910216808319092,2.6239049434661865,2.3413617610931396,2.1942508220672607,1.8215076923370361,1.7204262018203735,1.4054441452026367,1.3772870302200317,1.0525529384613037,0.9836646914482117,0.8803360462188721,1.0934964418411255,1.0647932291030884,1.4315738677978516,1.5122647285461426,3.265331268310547,2.951449394226074,2.693220615386963,2.448493480682373,2.127274513244629,1.9326691627502441,1.5661815404891968,1.5356453657150269,1.1759419441223145,0.9296853542327881,0.6042363047599792,0.38307318091392517,0.0,0.37261509895324707,0.5945214629173279,2.936149835586548,2.629875898361206,2.4547410011291504,2.343486785888672,2.014697551727295,2.051589012145996,1.7507829666137695,1.9253617525100708,1.7040139436721802,1.5211883783340454,1.5230580568313599,1.5916980504989624,1.5459394454956055,1.8314025402069092,1.771772027015686,3.080420970916748,2.7935431003570557,2.5698132514953613,2.4556031227111816,2.1182565689086914,2.1142430305480957,1.8043107986450195,1.9461697340011597,1.6852790117263794,1.4715945720672607,1.4221054315567017,1.410521388053894,1.3154951333999634,1.539890170097351,1.4188100099563599,3.1625723838806152,2.8728795051574707,2.5776045322418213,2.361790418624878,2.006533145904541,1.7868702411651611,1.4356958866119385,1.2773061990737915,0.9059308767318726,0.801946222782135,0.45503130555152893,0.5660372972488403,0.6580904126167297,0.8969011306762695,1.2309786081314087
