,A1,A2,A3,A4,A5,A6,A7,A8,A9,A10,A11,A12,A13,A14,A15,B1,B2,B3,B4,B5,B6,B7,B8,B9,B10,B11,B12,B13,B14,B15,C1,C2,C3,C4,C5,C6,C7,C8,C9,C10,C11,C12,C13,C14,C15,D1,D2,D3,D4,D5,D6,D7,D8,D9,D10,D11,D12,D13,D14,D15,E1,E2,E3,E4,E5,E6,E7,E8,E9,E10,E11,E12,E13,E14,E15
A1,0.0,0.377226859331131,0.5664023756980896,0.8516664505004883,1.1021928787231445,1.4049736261367798,1.6663814783096313,1.9338217973709106,2.2961883544921875,2.281299591064453,2.655738353729248,2.751797676086426,3.089864492416382,3.2145497798919678,3.3593926429748535,2.7852180004119873,2.4946069717407227,2.604849338531494,2.3010528087615967,2.4983530044555664,2.4023780822753906,2.4451255798339844,2.6204826831817627,2.705815315246582,2.4396045207977295,2.5017101764678955,2.276569128036499,2.5150647163391113,2.3322947025299072,2.5413758754730225,0.7014908790588379,0.8929406404495239,0.7853221297264099,1.1701529026031494,1.2434027194976807,1.5929988622665405,1.810606598854065,2.08658504486084,2.411564588546753,2.3888072967529297,2.745623826980591,2.8567733764648438,3.1611037254333496,3.3156144618988037,3.4447262287139893,3.9728987216949463,3.6100075244903564,3.4669525623321533,3.135972023010254,2.949122190475464,2.6270816326141357,2.3857359886169434,2.1833298206329346,1.8819406032562256,1.8212416172027588,1.5345104932785034,1.523041844367981,1.4370355606079102,1.5357403755187988,1.797338604927063,3.0858383178710938,2.8061230182647705,2.6326212882995605,2.6238040924072266,2.338541269302368,2.3821513652801514,2.0795955657958984,2.124368906021118,1.987038016319275,1.9712053537368774,1.9784085750579834,2.1230790615081787,2.084639549255371,2.338085412979126,2.2515549659729004
A2,0.377226859331131,0.0,0.3711569607257843,0.5767517685890198,0.833416223526001,1.144752025604248,1.3627500534057617,1.6650811433792114,2.0064194202423096,1.9537767171859741,2.3196983337402344,2.3957698345184326,2.7292118072509766,2.8447070121765137,2.985095977783203,2.5263888835906982,2.2171719074249268,2.294541597366333,1.9717456102371216,2.146432638168335,2.0342578887939453,2.0724337100982666,2.2435646057128906,2.334495782852173,2.0750625133514404,2.1561522483825684,1.9539300203323364,2.2204749584198,2.0755045413970947,2.3089404106140137,0.5690301060676575,0.5972427129745483,0.47092390060424805,0.8596140146255493,0.9357779026031494,1.3046125173568726,1.4943337440490723,1.8012117147445679,2.113415241241455,2.0565576553344727,2.4060022830963135,2.4977633953094482,2.8005831241607666,2.944927215576172,3.072885036468506,3.6311025619506836,3.263791561126709,3.1315979957580566,2.8085737228393555,2.6264772415161133,2.3205318450927734,2.065976858139038,1.8952423334121704,1.5938935279846191,1.4881033897399902,1.1865875720977783,1.1481977701187134,1.0733588933944702,1.1832858324050903,1.4693796634674072,2.8154444694519043,2.5220742225646973,2.333103656768799,2.2930715084075928,1.998565435409546,2.0198113918304443,1.7088569402694702,1.750570297241211,1.6160175800323486,1.5989285707473755,1.6269609928131104,1.7904657125473022,1.7921110391616821,2.0640149116516113,2.0251424312591553
A3,0.5664023756980896,0.3711569607257843,0.0,0.3943128287792206,0.544093668460846,0.8755714893341064,1.1210685968399048,1.3847129344940186,1.7449229955673218,1.7480261325836182,2.1257567405700684,2.2552313804626465,2.590475559234619,2.7512333393096924,2.9052207469940186,2.6563384532928467,2.318969488143921,2.3922770023345947,2.068134069442749,2.1991865634918213,2.073272228240967,2.0452609062194824,2.204881429672241,2.2412307262420654,1.9508013725280762,1.9734176397323608,1.7259838581085205,1.951029896736145,1.7673628330230713,1.9874554872512817,0.9243809580802917,0.8704005479812622,0.618538498878479,0.9141563177108765,0.8361036777496338,1.1765532493591309,1.327488660812378,1.5953325033187866,1.8950587511062622,1.883212924003601,2.2339091300964355,2.3704142570495605,2.661677598953247,2.8475112915039062,2.9766218662261963,3.4637749195098877,3.102828025817871,2.9738454818725586,2.6275980472564697,2.4722506999969482,2.1521244049072266,1.9443353414535522,1.7814509868621826,1.5327736139297485,1.4256792068481445,1.1914221048355103,1.1541613340377808,1.192280888557434,1.2806353569030762,1.6167012453079224,2.547137498855591,2.255223274230957,2.102468729019165,2.094912052154541,1.8364036083221436,1.9159235954284668,1.6324212551116943,1.7529513835906982,1.6780314445495605,1.6081957817077637,1.679443120956421,1.7983554601669312,1.835680603981018,2.065004825592041,2.019773483276367
A4,0.8516664505004883,0.5767517685890198,0.3943128287792206,0.0,0.36482688784599304,0.582968533039093,0.8441196084022522,1.1187934875488281,1.4699958562850952,1.451316237449646,1.8305325508117676,1.947550892829895,2.30202317237854,2.4529998302459717,2.639141082763672,2.3317525386810303,1.9810014963150024,2.0620243549346924,1.7543730735778809,1.8811718225479126,1.7894055843353271,1.7459495067596436,1.9467039108276367,1.9973187446594238,1.6871057748794556,1.7374624013900757,1.493808627128601,1.737949252128601,1.5841723680496216,1.7858341932296753,0.972496747970581,0.8072993159294128,0.4625358283519745,0.5969967842102051,0.4481624662876129,0.7843097448348999,0.9659898281097412,1.2396897077560425,1.5605672597885132,1.5487574338912964,1.9125049114227295,2.0574116706848145,2.3713011741638184,2.5604283809661865,2.724888801574707,3.137068748474121,2.7809219360351562,2.6279006004333496,2.2899184226989746,2.1094772815704346,1.7845581769943237,1.5656009912490845,1.3892412185668945,1.1405726671218872,1.0515069961547852,0.8547025918960571,0.900697648525238,1.0296982526779175,1.2048232555389404,1.5585033893585205,2.4589953422546387,2.1312947273254395,1.9991716146469116,1.92982017993927,1.6911303997039795,1.7340734004974365,1.4250562191009521,1.5639042854309082,1.4645668268203735,1.3251484632492065,1.3645097017288208,1.4370622634887695,1.4731534719467163,1.6833772659301758,1.6470355987548828
A5,1.1021928787231445,0.833416223526001,0.544093668460846,0.36482688784599304,0.0,0.3752312660217285,0.5836530327796936,0.8476085662841797,1.2013174295425415,1.2199511528015137,1.6013236045837402,1.7656571865081787,2.1029164791107178,2.2978463172912598,2.4735610485076904,2.518056631088257,2.1487972736358643,2.1878726482391357,1.8668044805526733,1.9244979619979858,1.7871932983398438,1.6773285865783691,1.831376314163208,1.8176674842834473,1.4950599670410156,1.479474425315857,1.204209566116333,1.4205645322799683,1.2499562501907349,1.4767793416976929,1.2859433889389038,1.0794504880905151,0.784069836139679,0.8428815007209778,0.5687483549118042,0.8137174844741821,0.8569437265396118,1.1038686037063599,1.3721085786819458,1.3749496936798096,1.720033884048462,1.889283537864685,2.1727020740509033,2.3926947116851807,2.535733699798584,2.9450554847717285,2.5893590450286865,2.4659886360168457,2.108179807662964,1.9796591997146606,1.664432168006897,1.4981064796447754,1.3852999210357666,1.2183327674865723,1.0698388814926147,0.947540819644928,0.914938747882843,1.1212687492370605,1.2193613052368164,1.5938189029693604,2.106606960296631,1.7848798036575317,1.6683857440948486,1.6327685117721558,1.421393871307373,1.5261504650115967,1.2657783031463623,1.4774891138076782,1.4652431011199951,1.3131660223007202,1.437610149383545,1.5022003650665283,1.6158313751220703,1.7992355823516846,1.8009750843048096
A6,1.4049736261367798,1.144752025604248,0.8755714893341064,0.582968533039093,0.3752312660217285,0.0,0.36421871185302734,0.5431816577911377,0.9111797213554382,0.9719600081443787,1.357551097869873,1.5517430305480957,1.9067200422286987,2.118283748626709,2.337045907974243,2.3975319862365723,2.0195086002349854,2.071058511734009,1.7870814800262451,1.8197718858718872,1.7234359979629517,1.5651301145553589,1.7518218755722046,1.7199074029922485,1.3664593696594238,1.3357013463974,1.0324816703796387,1.217518925666809,1.0468180179595947,1.218159556388855,1.5307199954986572,1.2969675064086914,0.9767139554023743,0.8848113417625427,0.5210754871368408,0.574142575263977,0.5802897810935974,0.7514522075653076,1.0373096466064453,1.100203275680542,1.4574759006500244,1.6757620573043823,1.9723045825958252,2.2218387126922607,2.403866767883301,2.664921760559082,2.323636293411255,2.1705610752105713,1.80649995803833,1.6671103239059448,1.3328945636749268,1.2057301998138428,1.0826860666275024,0.9888242483139038,0.8891315460205078,0.9038527011871338,0.9687163829803467,1.2650214433670044,1.4143699407577515,1.7836922407150269,2.040616512298584,1.6905990839004517,1.635390043258667,1.5571773052215576,1.4113986492156982,1.5090303421020508,1.2614222764968872,1.5179901123046875,1.5090785026550293,1.2730507850646973,1.3712947368621826,1.3456145524978638,1.4638231992721558,1.579904556274414,1.5768518447875977
A7,1.6663814783096313,1.3627500534057617,1.1210685968399048,0.8441196084022522,0.5836530327796936,0.36421871185302734,0.0,0.3706659972667694,0.6471513509750366,0.640955924987793,1.0253479480743408,1.2228507995605469,1.5631952285766602,1.7901403903961182,1.996113657951355,2.380349636077881,1.9959838390350342,1.9852529764175415,1.689164400100708,1.650147795677185,1.511467456817627,1.3020620346069336,1.4479666948318481,1.3779189586639404,1.0217143297195435,0.9715730547904968,0.6778728365898132,0.9116764664649963,0.8263539671897888,1.0613561868667603,1.7148380279541016,1.4229410886764526,1.1662455797195435,1.018650770187378,0.6793016791343689,0.6549798846244812,0.43914225697517395,0.6357131004333496,0.8208053708076477,0.8153403401374817,1.1484318971633911,1.3532902002334595,1.6300698518753052,1.8848739862442017,2.052556276321411,2.366244077682495,2.014721393585205,1.897818684577942,1.5334051847457886,1.4374374151229858,1.1461790800094604,1.036715030670166,1.0318769216537476,1.0069676637649536,0.8045730590820312,0.8789108991622925,0.8658822178840637,1.2121559381484985,1.315895915031433,1.6707935333251953,1.7549433708190918,1.391577959060669,1.323704719543457,1.206960678100586,1.0780423879623413,1.1782137155532837,0.9674245715141296,1.2710148096084595,1.327834129333496,1.0834286212921143,1.2576265335083008,1.2463147640228271,1.4549078941345215,1.5728458166122437,1.6506896018981934
A8,1.9338217973709106,1.6650811433792114,1.3847129344940186,1.1187934875488281,0.8476085662841797,0.5431816577911377,0.3706659972667694,0.0,0.3889392018318176,0.5956730842590332,0.9431629180908203,1.2297652959823608,1.553458571434021,1.828908085823059,2.062680721282959,2.5625672340393066,2.180371046066284,2.183892250061035,1.92811119556427,1.8624967336654663,1.7515835762023926,1.493622899055481,1.6305216550827026,1.5041453838348389,1.1419577598571777,1.0022159814834595,0.653589129447937,0.7295765280723572,0.5733431577682495,0.720999002456665,2.0414388179779053,1.7680506706237793,1.4826979637145996,1.3194069862365723,0.9600945115089417,0.8254793286323547,0.5885735750198364,0.532362699508667,0.6321797966957092,0.7812928557395935,1.0761218070983887,1.3645652532577515,1.6123801469802856,1.9188426733016968,2.101973533630371,2.2264175415039062,1.9031639099121094,1.7729346752166748,1.3873118162155151,1.3297713994979858,1.0294969081878662,1.0432113409042358,1.049633264541626,1.1383990049362183,1.0157082080841064,1.182607889175415,1.2164280414581299,1.5749304294586182,1.678434133529663,2.0273094177246094,1.6538020372390747,1.2889947891235352,1.3249884843826294,1.2346466779708862,1.2161242961883545,1.3643468618392944,1.2245932817459106,1.5604814291000366,1.6434322595596313,1.3682091236114502,1.5248208045959473,1.4395428895950317,1.6377520561218262,1.67604398727417,1.7291563749313354
A9,2.2961883544921875,2.0064194202423096,1.7449229955673218,1.4699958562850952,1.2013174295425415,0.9111797213554382,0.6471513509750366,0.3889392018318176,0.0,0.37903672456741333,0.6157403588294983,0.9575204849243164,1.2435368299484253,1.552604079246521,1.7949793338775635,2.6040537357330322,2.22969913482666,2.189577579498291,1.959075689315796,1.8246818780899048,1.708762526512146,1.3961780071258545,1.4926114082336426,1.3112068176269531,0.9714937210083008,0.7752498388290405,0.4725400507450104,0.45717281103134155,0.4814000725746155,0.5965654850006104,2.348543167114258,2.044044256210327,1.7921193838119507,1.5827898979187012,1.2501168251037598,1.0555237531661987,0.7347320318222046,0.5801821947097778,0.41750338673591614,0.5763072967529297,0.767236590385437,1.0916144847869873,1.2954351902008057,1.6319661140441895,1.8190536499023438,1.8592848777770996,1.5442694425582886,1.4395021200180054,1.0495635271072388,1.0673553943634033,0.8403703570365906,0.9533315896987915,1.0823023319244385,1.2666082382202148,1.1223104000091553,1.356779932975769,1.3725274801254272,1.7475024461746216,1.8305151462554932,2.147272825241089,1.4673796892166138,1.0949710607528687,1.1845415830612183,1.0402753353118896,1.1223217248916626,1.2620903253555298,1.2048221826553345,1.5593763589859009,1.690146565437317,1.4035744667053223,1.5863240957260132,1.4745802879333496,1.7243528366088867,1.7243106365203857,1.833730697631836
A10,2.281299591064453,1.9537767171859741,1.7480261325836182,1.451316237449646,1.2199511528015137,0.9719600081443787,0.640955924987793,0.5956730842590332,0.37903672456741333,0.0,0.38642340898513794,0.6364337801933289,0.964098334312439,1.2340890169143677,1.4737499952316284,2.347165584564209,1.9763753414154053,1.8904119729995728,1.6469128131866455,1.4801629781723022,1.3434981107711792,1.0213741064071655,1.1177151203155518,0.9637724161148071,0.6126793622970581,0.5180079340934753,0.3552325367927551,0.5895976424217224,0.7684110999107361,0.9589094519615173,2.227301597595215,1.889017939567566,1.6911789178848267,1.4458097219467163,1.167048454284668,0.9816566109657288,0.6136015057563782,0.5998762249946594,0.44581910967826843,0.2975645959377289,0.5244396328926086,0.7744022607803345,1.024980068206787,1.323476791381836,1.520818829536438,1.731302261352539,1.377943515777588,1.2910624742507935,0.9296308159828186,0.9164997339248657,0.7424005270004272,0.7538850903511047,0.9705705046653748,1.126744031906128,0.9037749171257019,1.1405032873153687,1.1262613534927368,1.4999510049819946,1.5829507112503052,1.8681565523147583,1.533488154411316,1.1552659273147583,1.1463050842285156,0.8933619260787964,0.9184755086898804,0.9625043272972107,0.8881537318229675,1.2254911661148071,1.35909903049469,1.0726083517074585,1.2812323570251465,1.2004563808441162,1.5029302835464478,1.543748140335083,1.7215970754623413
A11,2.655738353729248,2.3196983337402344,2.1257567405700684,1.8305325508117676,1.6013236045837402,1.357551097869873,1.0253479480743408,0.9431629180908203,0.6157403588294983,0.38642340898513794,0.0,0.38141068816185,0.6299864649772644,0.9476951956748962,1.1985958814620972,2.4405887126922607,2.0922133922576904,1.9605135917663574,1.7564654350280762,1.520182728767395,1.3856195211410522,1.0243823528289795,1.0510152578353882,0.833081841468811,0.5824595093727112,0.46246564388275146,0.5367480516433716,0.6456857919692993,0.9490414261817932,1.0882116556167603,2.565573215484619,2.2129769325256348,2.0435872077941895,1.7771583795547485,1.526906967163086,1.317325472831726,0.9567818641662598,0.88347989320755,0.5913307070732117,0.4028319716453552,0.2444358766078949,0.5093635320663452,0.6810065507888794,1.0212366580963135,1.2284083366394043,1.3654882907867432,1.0092040300369263,0.9771155714988708,0.6399812698364258,0.7528321743011475,0.7477737069129944,0.8527715802192688,1.1631041765213013,1.379033088684082,1.1667871475219727,1.4297572374343872,1.4030653238296509,1.7595343589782715,1.8194360733032227,2.0581750869750977,1.4760065078735352,1.127079725265503,1.1553351879119873,0.8437989354133606,0.9801726937294006,0.9853261113166809,1.0231647491455078,1.3330472707748413,1.5060425996780396,1.2383099794387817,1.4521052837371826,1.3544820547103882,1.684238076210022,1.6879589557647705,1.9105777740478516
A12,2.751797676086426,2.3957698345184326,2.2552313804626465,1.947550892829895,1.7656571865081787,1.5517430305480957,1.2228507995605469,1.2297652959823608,0.9575204849243164,0.6364337801933289,0.38141068816185,0.0,0.38529589772224426,0.6025781631469727,0.8836519122123718,2.218010663986206,1.8921979665756226,1.707740306854248,1.5208122730255127,1.2355806827545166,1.1022666692733765,0.7376522421836853,0.751434326171875,0.594553530216217,0.45690804719924927,0.5769869089126587,0.8019515872001648,0.9977158904075623,1.307704210281372,1.4670895338058472,2.564441680908203,2.194589614868164,2.0795247554779053,1.7851423025131226,1.6027824878692627,1.4023531675338745,1.0692415237426758,1.0717369318008423,0.8409842848777771,0.5251502394676208,0.2945253252983093,0.14392253756523132,0.44397130608558655,0.702889084815979,0.9608319997787476,1.2740610837936401,0.8931042551994324,0.8831088542938232,0.6660715937614441,0.7222214341163635,0.824850857257843,0.8297477960586548,1.1899665594100952,1.3765931129455566,1.1382471323013306,1.389454960823059,1.3546994924545288,1.6768817901611328,1.7435898780822754,1.9264429807662964,1.7137658596038818,1.3887147903442383,1.3429456949234009,0.9694191813468933,1.0408052206039429,0.9060835838317871,0.9409202337265015,1.1669107675552368,1.3224480152130127,1.0743587017059326,1.277377963066101,1.2006484270095825,1.5596647262573242,1.5846619606018066,1.8675751686096191
A13,3.089864492416382,2.7292118072509766,2.590475559234619,2.30202317237854,2.1029164791107178,1.9067200422286987,1.5631952285766602,1.553458571434021,1.2435368299484253,0.964098334312439,0.6299864649772644,0.38529589772224426,0.0,0.3801485300064087,0.6014158725738525,2.464137315750122,2.166813373565674,1.9406713247299194,1.7767328023910522,1.448624610900879,1.2935670614242554,0.9516874551773071,0.8312457203865051,0.6027171015739441,0.6754007935523987,0.7321470379829407,1.038663625717163,1.165371298789978,1.52027428150177,1.6722906827926636,2.8946497440338135,2.5189993381500244,2.428696632385254,2.1459083557128906,1.9732272624969482,1.786180019378662,1.4490971565246582,1.4389985799789429,1.1678415536880493,0.8948899507522583,0.5782439708709717,0.32830673456192017,0.07305122911930084,0.40704333782196045,0.6324589252471924,1.061670184135437,0.6927152872085571,0.842680037021637,0.7554939985275269,0.9358088970184326,1.1372126340866089,1.187982201576233,1.5578643083572388,1.7528773546218872,1.511060118675232,1.7417255640029907,1.6683062314987183,1.959720492362976,1.9791620969772339,2.117098808288574,1.6755847930908203,1.409816026687622,1.3721518516540527,0.9962537288665771,1.1402075290679932,1.0002813339233398,1.150231957435608,1.3377141952514648,1.542446255683899,1.3573555946350098,1.57854163646698,1.52862548828125,1.892805576324463,1.9122498035430908,2.2139194011688232
A14,3.2145497798919678,2.8447070121765137,2.7512333393096924,2.4529998302459717,2.2978463172912598,2.118283748626709,1.7901403903961182,1.828908085823059,1.552604079246521,1.2340890169143677,0.9476951956748962,0.6025781631469727,0.3801485300064087,0.0,0.36960625648498535,2.2835533618927,2.024778366088867,1.7549936771392822,1.6295323371887207,1.2710368633270264,1.1439822912216187,0.8656463623046875,0.7368470430374146,0.6593725085258484,0.8414282202720642,1.0252618789672852,1.3441513776779175,1.5212481021881104,1.8652377128601074,2.024526596069336,2.9386770725250244,2.5587315559387207,2.5126726627349854,2.2113733291625977,2.09714412689209,1.9166772365570068,1.616660237312317,1.6457606554031372,1.4195243120193481,1.1095552444458008,0.8368873000144958,0.478512167930603,0.36434558033943176,0.15515919029712677,0.5143285989761353,1.117156744003296,0.7895211577415466,0.9255168437957764,0.9619709253311157,1.0569875240325928,1.2978219985961914,1.2807878255844116,1.6501222848892212,1.8154343366622925,1.5781195163726807,1.789554476737976,1.7247968912124634,1.971949577331543,2.0052902698516846,2.085773468017578,2.0137507915496826,1.7595093250274658,1.677410364151001,1.2891218662261963,1.3628062009811401,1.1298587322235107,1.245648741722107,1.330019235610962,1.4899595975875854,1.3399361371994019,1.5190445184707642,1.4854626655578613,1.84378182888031,1.8745123147964478,2.213346481323242
A15,3.3593926429748535,2.985095977783203,2.9052207469940186,2.639141082763672,2.4735610485076904,2.337045907974243,1.996113657951355,2.062680721282959,1.7949793338775635,1.4737499952316284,1.1985958814620972,0.8836519122123718,0.6014158725738525,0.36960625648498535,0.0,2.508868932723999,2.2656733989715576,1.9629790782928467,1.8146271705627441,1.4485832452774048,1.2595672607421875,1.0319644212722778,0.7780733108520508,0.6802526712417603,0.9837266206741333,1.1505895853042603,1.509717345237732,1.6895232200622559,2.0468087196350098,2.241032361984253,3.073316812515259,2.6917226314544678,2.6825497150421143,2.4126548767089844,2.31497859954834,2.179196834564209,1.8745098114013672,1.942769169807434,1.7229331731796265,1.4012330770492554,1.142063021659851,0.7896889448165894,0.586066484451294,0.25592970848083496,0.21174798905849457,1.3163663148880005,1.034175157546997,1.2479116916656494,1.2942928075790405,1.4205420017242432,1.646621823310852,1.6123539209365845,1.9745619297027588,2.105515241622925,1.8324240446090698,1.991922378540039,1.8659356832504272,2.0680923461914062,2.0409131050109863,2.0719034671783447,2.0052976608276367,1.8017144203186035,1.6758458614349365,1.3058089017868042,1.3696157932281494,1.1204360723495483,1.3090440034866333,1.3436216115951538,1.5515567064285278,1.4863054752349854,1.7065067291259766,1.7410961389541626,2.109402894973755,2.181511878967285,2.5284969806671143
B1,2.7852180004119873,2.5263888835906982,2.6563384532928467,2.3317525386810303,2.518056631088257,2.3975319862365723,2.380349636077881,2.5625672340393066,2.6040537357330322,2.347165584564209,2.4405887126922607,2.218010663986206,2.464137315750122,2.2835533618927,2.508868932723999,0.0,0.3845897614955902,0.5719109177589417,0.8966789245605469,1.146568775177002,1.4970402717590332,1.7109686136245728,2.0396149158477783,2.3483810424804688,2.259033679962158,2.584998846054077,2.6342642307281494,2.9367291927337646,3.0479865074157715,3.1625685691833496,2.227274179458618,2.023249387741089,2.069844961166382,1.74665105342865,1.9594082832336426,1.8427002429962158,1.982952356338501,2.1223011016845703,2.2944042682647705,2.1172122955322266,2.2747671604156494,2.176790237426758,2.4917359352111816,2.425215482711792,2.714043617248535,2.910644054412842,2.6678881645202637,2.427645683288574,2.4040145874023438,2.0661933422088623,2.010420083999634,1.703781247138977,1.6206589937210083,1.4665969610214233,1.5772815942764282,1.613271951675415,1.8680189847946167,1.8911981582641602,2.2187678813934326,2.24772572517395,3.8081276416778564,3.4478421211242676,3.3130929470062256,2.978438138961792,2.8036582469940186,2.528938055038452,2.2455825805664062,2.1123316287994385,1.796919345855713,1.650391936302185,1.288934588432312,1.1698555946350098,0.938644289970398,0.9831975102424622,1.1593722105026245
B2,2.4946069717407227,2.2171719074249268,2.318969488143921,1.9810014963150024,2.1487972736358643,2.0195086002349854,1.9959838390350342,2.180371046066284,2.22969913482666,1.9763753414154053,2.0922133922576904,1.8921979665756226,2.166813373565674,2.024778366088867,2.2656733989715576,0.3845897614955902,0.0,0.37721991539001465,0.6092657446861267,0.8790087699890137,1.2172216176986694,1.3985623121261597,1.7475974559783936,2.038177967071533,1.9161893129348755,2.230868339538574,2.261843681335449,2.565680742263794,2.668386459350586,2.789616346359253,1.9757555723190308,1.7381834983825684,1.7516469955444336,1.4048606157302856,1.5925402641296387,1.4663501977920532,1.5991523265838623,1.7501367330551147,1.933106780052185,1.7559460401535034,1.9397094249725342,1.8658041954040527,2.200610637664795,2.1712398529052734,2.463200569152832,2.6817615032196045,2.411778450012207,2.1718759536743164,2.103687047958374,1.7655682563781738,1.6765828132629395,1.350907325744629,1.263087511062622,1.0941203832626343,1.1928073167800903,1.2442762851715088,1.5137859582901,1.5776857137680054,1.9139567613601685,1.9865999221801758,3.4459989070892334,3.082104206085205,2.9517629146575928,2.6262476444244385,2.451604127883911,2.1952061653137207,1.9014406204223633,1.8008862733840942,1.4953811168670654,1.3080294132232666,0.9413328766822815,0.7930285930633545,0.5597743391990662,0.6595312356948853,0.8908058404922485
B3,2.604849338531494,2.294541597366333,2.3922770023345947,2.0620243549346924,2.1878726482391357,2.071058511734009,1.9852529764175415,2.183892250061035,2.189577579498291,1.8904119729995728,1.9605135917663574,1.707740306854248,1.9406713247299194,1.7549936771392822,1.9629790782928467,0.5719109177589417,0.37721991539001465,0.0,0.39105942845344543,0.5756700038909912,0.9322293400764465,1.1509983539581299,1.4697741270065308,1.7861244678497314,1.72203528881073,2.065157890319824,2.1544294357299805,2.473764181137085,2.6229965686798096,2.7733688354492188,2.068995475769043,1.788192629814148,1.8387764692306519,1.494585633277893,1.665946125984192,1.5510375499725342,1.6064560413360596,1.7804676294326782,1.910154104232788,1.6716710329055786,1.8057034015655518,1.664495587348938,1.971860408782959,1.8934950828552246,2.1658337116241455,2.499523162841797,2.2221970558166504,2.026977300643921,1.9872405529022217,1.6841812133789062,1.653969168663025,1.3261860609054565,1.3412851095199585,1.2073217630386353,1.1967604160308838,1.2463959455490112,1.4390647411346436,1.4947441816329956,1.787035346031189,1.816443920135498,3.2932016849517822,2.9436228275299072,2.7913994789123535,2.445991039276123,2.2712252140045166,1.9789761304855347,1.7160176038742065,1.5767706632614136,1.2891677618026733,1.1404908895492554,0.8167262673377991,0.7463933229446411,0.7044072151184082,0.8547629117965698,1.1706894636154175
B4,2.3010528087615967,1.9717456102371216,2.068134069442749,1.7543730735778809,1.8668044805526733,1.7870814800262451,1.689164400100708,1.92811119556427,1.959075689315796,1.6469128131866455,1.7564654350280762,1.5208122730255127,1.7767328023910522,1.6295323371887207,1.8146271705627441,0.8966789245605469,0.6092657446861267,0.39105942845344543,0.0,0.37221986055374146,0.6371634602546692,0.8879666328430176,1.2073405981063843,1.5273630619049072,1.4466092586517334,1.7930957078933716,1.8750360012054443,2.2192981243133545,2.360686779022217,2.5486488342285156,1.7773821353912354,1.4654875993728638,1.5306377410888672,1.2026468515396118,1.3767086267471313,1.3160803318023682,1.3530967235565186,1.5902329683303833,1.7368993759155273,1.4709370136260986,1.6405216455459595,1.500700831413269,1.8193265199661255,1.7636454105377197,2.0048513412475586,2.482646942138672,2.1656317710876465,2.002931594848633,1.904205083847046,1.628649115562439,1.558163046836853,1.2016799449920654,1.2315058708190918,1.0470187664031982,0.9378079175949097,0.9214674830436707,1.0662083625793457,1.1118321418762207,1.3974109888076782,1.442182183265686,3.004263401031494,2.658277988433838,2.479609251022339,2.150847911834717,1.942373275756836,1.654535174369812,1.367663025856018,1.2156602144241333,0.9097917675971985,0.7763843536376953,0.4535006284713745,0.5344019532203674,0.6199718117713928,0.9020458459854126,1.214142084121704
B5,2.4983530044555664,2.146432638168335,2.1991865634918213,1.8811718225479126,1.9244979619979858,1.8197718858718872,1.650147795677185,1.8624967336654663,1.8246818780899048,1.4801629781723022,1.520182728767395,1.2355806827545166,1.448624610900879,1.2710368633270264,1.4485832452774048,1.146568775177002,0.8790087699890137,0.5756700038909912,0.37221986055374146,0.0,0.37437063455581665,0.5942971110343933,0.8955141305923462,1.2220189571380615,1.193826675415039,1.5565117597579956,1.6985719203948975,2.0349018573760986,2.227367639541626,2.421083927154541,2.0228049755096436,1.6782395839691162,1.7242510318756104,1.3922441005706787,1.4897364377975464,1.3917244672775269,1.327878713607788,1.5378062725067139,1.6056885719299316,1.2952567338943481,1.3936915397644043,1.195669412612915,1.4868435859680176,1.4016979932785034,1.6427884101867676,2.1675803661346436,1.8483673334121704,1.7230784893035889,1.6520830392837524,1.4184335470199585,1.4163330793380737,1.0940377712249756,1.2372031211853027,1.1474454402923584,0.9684292078018188,1.0283644199371338,1.0991507768630981,1.2051752805709839,1.4226974248886108,1.4604322910308838,2.7763402462005615,2.4425556659698486,2.2677929401397705,1.9130662679672241,1.7376114130020142,1.4247379302978516,1.1954805850982666,1.0559277534484863,0.8376915454864502,0.6891798973083496,0.5250171422958374,0.5886734127998352,0.8389686942100525,1.0434918403625488,1.4011409282684326
B6,2.4023780822753906,2.0342578887939453,2.073272228240967,1.7894055843353271,1.7871932983398438,1.7234359979629517,1.511467456817627,1.7515835762023926,1.708762526512146,1.3434981107711792,1.3856195211410522,1.1022666692733765,1.2935670614242554,1.1439822912216187,1.2595672607421875,1.4970402717590332,1.2172216176986694,0.9322293400764465,0.6371634602546692,0.37437063455581665,0.0,0.36715248227119446,0.5899937152862549,0.9373929500579834,0.9468690156936646,1.319726586341858,1.4948424100875854,1.8511606454849243,2.0602340698242188,2.2978222370147705,1.9626669883728027,1.5956906080245972,1.659271240234375,1.3741915225982666,1.4405367374420166,1.3969594240188599,1.2725143432617188,1.5251206159591675,1.5685434341430664,1.2212458848953247,1.309058427810669,1.0803343057632446,1.3410526514053345,1.2544983625411987,1.4342397451400757,2.156416893005371,1.8098723888397217,1.747877597808838,1.6405662298202515,1.4728329181671143,1.4664055109024048,1.1633288860321045,1.349894642829895,1.2575490474700928,0.9777313470840454,0.9832442402839661,0.922269880771637,1.0223815441131592,1.1587799787521362,1.1870763301849365,2.504019260406494,2.1874301433563232,1.9763261079788208,1.6295114755630493,1.42477285861969,1.091644287109375,0.8783386945724487,0.698555588722229,0.5402305722236633,0.47554415464401245,0.5411317348480225,0.7491040229797363,1.07207190990448,1.312101125717163,1.6497092247009277
B7,2.4451255798339844,2.0724337100982666,2.0452609062194824,1.7459495067596436,1.6773285865783691,1.5651301145553589,1.3020620346069336,1.493622899055481,1.3961780071258545,1.0213741064071655,1.0243823528289795,0.7376522421836853,0.9516874551773071,0.8656463623046875,1.0319644212722778,1.7109686136245728,1.3985623121261597,1.1509983539581299,0.8879666328430176,0.5942971110343933,0.36715248227119446,0.0,0.3736754357814789,0.6440382599830627,0.6109530925750732,0.9830632209777832,1.1781364679336548,1.5163607597351074,1.7517423629760742,1.9793992042541504,2.0973737239837646,1.719111442565918,1.7125087976455688,1.4154236316680908,1.3853309154510498,1.287766933441162,1.0784167051315308,1.284267783164978,1.2650172710418701,0.9004030823707581,0.9531327486038208,0.7263240814208984,1.004624366760254,0.9838424921035767,1.1915088891983032,1.8552334308624268,1.4932892322540283,1.4438623189926147,1.3062397241592407,1.1787402629852295,1.1887037754058838,0.9370419979095459,1.1955519914627075,1.1895629167556763,0.8858875632286072,0.9925680756568909,0.9265043139457703,1.1415109634399414,1.2486395835876465,1.3521275520324707,2.1908864974975586,1.867499589920044,1.6888254880905151,1.3246747255325317,1.1732689142227173,0.8641610145568848,0.7001920342445374,0.680213212966919,0.6855519413948059,0.4912583529949188,0.678839385509491,0.7710895538330078,1.1508837938308716,1.3235774040222168,1.655547857284546
B8,2.6204826831817627,2.2435646057128906,2.204881429672241,1.9467039108276367,1.831376314163208,1.7518218755722046,1.4479666948318481,1.6305216550827026,1.4926114082336426,1.1177151203155518,1.0510152578353882,0.751434326171875,0.8312457203865051,0.7368470430374146,0.7780733108520508,2.0396149158477783,1.7475974559783936,1.4697741270065308,1.2073405981063843,0.8955141305923462,0.5899937152862549,0.3736754357814789,0.0,0.36828377842903137,0.5441285371780396,0.8928572535514832,1.1764154434204102,1.4987993240356445,1.7777851819992065,2.035659074783325,2.30014967918396,1.9192042350769043,1.9358257055282593,1.6858707666397095,1.6358965635299683,1.572784662246704,1.3191039562225342,1.516543984413147,1.437576413154602,1.064946174621582,1.027917742729187,0.7343736290931702,0.8830925822257996,0.8056455850601196,0.9113242030143738,1.8209656476974487,1.459538459777832,1.5053907632827759,1.3880823850631714,1.3574209213256836,1.4160608053207397,1.229053020477295,1.519021987915039,1.5318495035171509,1.203409194946289,1.2744004726409912,1.1125246286392212,1.2913535833358765,1.290415644645691,1.3490667343139648,2.0097217559814453,1.7261466979980469,1.5135198831558228,1.1431126594543457,1.002256989479065,0.6505878567695618,0.6430508494377136,0.6067972183227539,0.7796525359153748,0.7319062948226929,1.0034035444259644,1.1415901184082031,1.5207897424697876,1.6953507661819458,2.025425672531128
B9,2.705815315246582,2.334495782852173,2.2412307262420654,1.9973187446594238,1.8176674842834473,1.7199074029922485,1.3779189586639404,1.5041453838348389,1.3112068176269531,0.9637724161148071,0.833081841468811,0.594553530216217,0.6027171015739441,0.6593725085258484,0.6802526712417603,2.3483810424804688,2.038177967071533,1.7861244678497314,1.5273630619049072,1.2220189571380615,0.9373929500579834,0.6440382599830627,0.36828377842903137,0.0,0.36765220761299133,0.6080082058906555,0.9497878551483154,1.226416826248169,1.5401116609573364,1.8005118370056152,2.473276376724243,2.0943026542663574,2.066520929336548,1.8359800577163696,1.7154072523117065,1.6367318630218506,1.3251835107803345,1.4711384773254395,1.3235008716583252,0.9752789735794067,0.8702977895736694,0.6104864478111267,0.6624778509140015,0.6886565685272217,0.7391090989112854,1.657219648361206,1.2903345823287964,1.3923972845077515,1.241371989250183,1.302018642425537,1.3731257915496826,1.2716070413589478,1.5892354249954224,1.6572273969650269,1.3276883363723755,1.4357916116714478,1.2559595108032227,1.484100341796875,1.439975619316101,1.5455808639526367,1.6627148389816284,1.391943097114563,1.1988886594772339,0.8149121999740601,0.7586132884025574,0.47396039962768555,0.6420000791549683,0.7721006274223328,1.0394443273544312,0.9608157277107239,1.27000892162323,1.364284634590149,1.7511852979660034,1.8890005350112915,2.196725368499756
B10,2.4396045207977295,2.0750625133514404,1.9508013725280762,1.6871057748794556,1.4950599670410156,1.3664593696594238,1.0217143297195435,1.1419577598571777,0.9714937210083008,0.6126793622970581,0.5824595093727112,0.45690804719924927,0.6754007935523987,0.8414282202720642,0.9837266206741333,2.259033679962158,1.9161893129348755,1.72203528881073,1.4466092586517334,1.193826675415039,0.9468690156936646,0.6109530925750732,0.5441285371780396,0.36765220761299133,0.0,0.3757132291793823,0.6368966698646545,0.957926332950592,1.2360992431640625,1.4952930212020874,2.256983995437622,1.8833914995193481,1.802497148513794,1.5643842220306396,1.3989449739456177,1.302497148513794,0.9733554124832153,1.1182037591934204,0.995681643486023,0.6545992493629456,0.656907856464386,0.5489492416381836,0.7481046319007874,0.9124106168746948,1.0457956790924072,1.6979492902755737,1.3166414499282837,1.3397226333618164,1.0996782779693604,1.118194580078125,1.103641390800476,0.998593807220459,1.290930986404419,1.364790678024292,1.0386652946472168,1.1778302192687988,1.033316731452942,1.329176664352417,1.3346830606460571,1.5236271619796753,1.5838054418563843,1.257372260093689,1.099698781967163,0.7299116253852844,0.656361997127533,0.4755273461341858,0.4972253441810608,0.7673993110656738,0.9902811050415039,0.8115584850311279,1.118650197982788,1.170752763748169,1.5477641820907593,1.6736220121383667,1.945246696472168
B11,2.5017101764678955,2.1561522483825684,1.9734176397323608,1.7374624013900757,1.479474425315857,1.3357013463974,0.9715730547904968,1.0022159814834595,0.7752498388290405,0.5180079340934753,0.46246564388275146,0.5769869089126587,0.7321470379829407,1.0252618789672852,1.1505895853042603,2.584998846054077,2.230868339538574,2.065157890319824,1.7930957078933716,1.5565117597579956,1.319726586341858,0.9830632209777832,0.8928572535514832,0.6080082058906555,0.3757132291793823,0.0,0.3726663589477539,0.6222241520881653,0.9367971420288086,1.206335425376892,2.4215035438537598,2.064303398132324,1.9383397102355957,1.7360219955444336,1.5042128562927246,1.4040805101394653,1.0434895753860474,1.1142233610153198,0.9286208748817444,0.6916215419769287,0.6591963171958923,0.7026240825653076,0.7989310026168823,1.063982605934143,1.1495529413223267,1.6783955097198486,1.313351035118103,1.3683464527130127,1.0775655508041382,1.184203863143921,1.150610327720642,1.1475112438201904,1.4243196249008179,1.540168046951294,1.2415320873260498,1.394675612449646,1.246700406074524,1.5618971586227417,1.5330421924591064,1.7588672637939453,1.231139898300171,0.8918542861938477,0.7875765562057495,0.4351167678833008,0.5213278532028198,0.5778164267539978,0.707673192024231,1.046556830406189,1.3045845031738281,1.1300888061523438,1.4378389120101929,1.4601895809173584,1.8177456855773926,1.911445140838623,2.1435890197753906
B12,2.276569128036499,1.9539300203323364,1.7259838581085205,1.493808627128601,1.204209566116333,1.0324816703796387,0.6778728365898132,0.653589129447937,0.4725400507450104,0.3552325367927551,0.5367480516433716,0.8019515872001648,1.038663625717163,1.3441513776779175,1.509717345237732,2.6342642307281494,2.261843681335449,2.1544294357299805,1.8750360012054443,1.6985719203948975,1.4948424100875854,1.1781364679336548,1.1764154434204102,0.9497878551483154,0.6368966698646545,0.3726663589477539,0.0,0.38468092679977417,0.602737545967102,0.8975763320922852,2.280362844467163,1.9477498531341553,1.7647185325622559,1.5867791175842285,1.2995973825454712,1.2013616561889648,0.84665846824646,0.8885460495948792,0.7510692477226257,0.6421082615852356,0.758124589920044,0.9448862671852112,1.1021963357925415,1.40044105052948,1.5155504941940308,1.8738319873809814,1.5225887298583984,1.5123618841171265,1.1603118181228638,1.2260375022888184,1.0868277549743652,1.103520393371582,1.3041391372680664,1.415191411972046,1.1530910730361938,1.3081090450286865,1.1981451511383057,1.5423372983932495,1.5433454513549805,1.829976201057434,1.2152844667434692,0.8375951051712036,0.8012123107910156,0.6021480560302734,0.651557981967926,0.8187324404716492,0.8330610990524292,1.2061572074890137,1.4157763719558716,1.2026631832122803,1.4792364835739136,1.471510887145996,1.7864947319030762,1.8672723770141602,2.0403754711151123
B13,2.5150647163391113,2.2204749584198,1.951029896736145,1.737949252128601,1.4205645322799683,1.217518925666809,0.9116764664649963,0.7295765280723572,0.45717281103134155,0.5895976424217224,0.6456857919692993,0.9977158904075623,1.165371298789978,1.5212481021881104,1.6895232200622559,2.9367291927337646,2.565680742263794,2.473764181137085,2.2192981243133545,2.0349018573760986,1.8511606454849243,1.5163607597351074,1.4987993240356445,1.226416826248169,0.957926332950592,0.6222241520881653,0.38468092679977417,0.0,0.3748297393321991,0.6094347834587097,2.5920934677124023,2.2780539989471436,2.0626072883605957,1.8962457180023193,1.5762969255447388,1.4467685222625732,1.104761004447937,1.026070475578308,0.8098849058151245,0.8449442386627197,0.876710832118988,1.1326509714126587,1.2141729593276978,1.559395432472229,1.66165292263031,1.8246142864227295,1.5165414810180664,1.522756576538086,1.1611535549163818,1.3036561012268066,1.1832743883132935,1.3079582452774048,1.5004053115844727,1.6687971353530884,1.4607847929000854,1.6477218866348267,1.5661367177963257,1.9136656522750854,1.9092036485671997,2.2008724212646484,1.0152755975723267,0.6446872353553772,0.788025438785553,0.7081164717674255,0.9033613204956055,1.134002685546875,1.20681893825531,1.5795754194259644,1.7995414733886719,1.5784626007080078,1.8365422487258911,1.7868486642837524,2.0833404064178467,2.114475965499878,2.2595696449279785
