,A1,A2,A3,A4,A5,A6,A7,A8,A9,A10,A11,A12,A13,A14,A15,B1,B2,B3,B4,B5,B6,B7,B8,B9,B10,B11,B12,B13,B14,B15,C1,C2,C3,C4,C5,C6,C7,C8,C9,C10,C11,C12,C13,C14,C15,D1,D2,D3,D4,D5,D6,D7,D8,D9,D10,D11,D12,D13,D14,D15,E1,E2,E3,E4,E5,E6,E7,E8,E9,E10,E11,E12,E13,E14,E15
A1,0.0,0.37544217705726624,0.5710485577583313,0.8468964099884033,1.1216139793395996,1.3988209962844849,1.7024227380752563,1.918337345123291,2.26060152053833,2.2834219932556152,2.6746113300323486,2.785658597946167,3.158724546432495,3.3146567344665527,3.5592315196990967,3.139435291290283,2.918732166290283,2.589852809906006,2.5622332096099854,2.194059371948242,2.1980738639831543,2.0031707286834717,2.014800548553467,1.6945778131484985,1.6855512857437134,1.510106086730957,1.6593729257583618,1.4715468883514404,1.7882561683654785,1.7713114023208618,1.490523338317871,1.469237208366394,1.2993704080581665,1.1191966533660889,1.2422373294830322,1.1199220418930054,1.4585288763046265,1.4220805168151855,1.801485300064087,1.9992011785507202,2.3296453952789307,2.5780484676361084,2.9094181060791016,3.1489973068237305,3.4669196605682373,2.544084310531616,2.2283334732055664,2.3467676639556885,2.322331190109253,2.3449959754943848,2.5726966857910156,2.441894769668579,2.8166797161102295,2.845327854156494,2.5623366832733154,2.777926206588745,2.656765937805176,2.7908761501312256,2.8684329986572266,2.786694288253784,3.6812686920166016,3.3313519954681396,3.222581148147583,2.8919496536254883,2.7538537979125977,2.571441888809204,2.2265021800994873,2.2950522899627686,2.14997935295105,1.8260561227798462,1.6756864786148071,1.2977676391601562,1.2770652770996094,0.9242338538169861,0.9366354942321777
A2,0.37544217705726624,0.0,0.38293224573135376,0.57831871509552,0.8653011322021484,1.1729949712753296,1.4257147312164307,1.6914578676223755,2.0088493824005127,1.9878311157226562,2.3797976970672607,2.46412992477417,2.8358571529388428,2.9815118312835693,3.2130205631256104,2.7843563556671143,2.5556929111480713,2.2278354167938232,2.188983678817749,1.8208627700805664,1.8293489217758179,1.6393380165100098,1.672990083694458,1.3732365369796753,1.3660365343093872,1.2490911483764648,1.4311779737472534,1.3193891048431396,1.6635466814041138,1.6956207752227783,1.4446351528167725,1.3451610803604126,1.1159310340881348,0.8812425136566162,0.926659107208252,0.7541646361351013,1.0882725715637207,1.055884599685669,1.4349297285079956,1.6289030313491821,1.9624274969100952,2.214019298553467,2.5399880409240723,2.786550283432007,3.1000783443450928,2.425159454345703,2.0826597213745117,2.1567325592041016,2.0919554233551025,2.080688714981079,2.2800536155700684,2.1181559562683105,2.4863638877868652,2.4939630031585693,2.2015531063079834,2.4066855907440186,2.283097267150879,2.4166009426116943,2.5007033348083496,2.4294049739837646,3.3079726696014404,2.957935333251953,2.8563859462738037,2.525151491165161,2.399282693862915,2.2286226749420166,1.8921209573745728,1.9911984205245972,1.8759510517120361,1.5368322134017944,1.4477087259292603,1.0734730958938599,1.1458934545516968,0.8589197993278503,0.9457382559776306
A3,0.5710485577583313,0.38293224573135376,0.0,0.3992474377155304,0.5661487579345703,0.8918019533157349,1.1773383617401123,1.4141024351119995,1.7342420816421509,1.7630847692489624,2.1560006141662598,2.288557291030884,2.649049758911133,2.8348069190979004,3.073770523071289,2.822500467300415,2.55814528465271,2.265565872192383,2.2027111053466797,1.8502134084701538,1.8708703517913818,1.6304945945739746,1.7243174314498901,1.4206867218017578,1.310618281364441,1.1901546716690063,1.275618314743042,1.1381901502609253,1.4435415267944336,1.4210169315338135,1.3171072006225586,1.1609779596328735,1.0166404247283936,0.705795168876648,0.8603407740592957,0.7282728552818298,1.031251311302185,1.1052483320236206,1.4834818840026855,1.5945193767547607,1.954714298248291,2.151125431060791,2.4997243881225586,2.7158868312835693,3.0167224407196045,2.077857494354248,1.7436368465423584,1.8150888681411743,1.7918378114700317,1.7876375913619995,2.0295324325561523,1.9119932651519775,2.290391445159912,2.335425853729248,2.0822691917419434,2.3297934532165527,2.2639944553375244,2.4268932342529297,2.559823751449585,2.5315847396850586,3.2364256381988525,2.8898732662200928,2.7410175800323486,2.4218173027038574,2.245023727416992,2.0608999729156494,1.6998895406723022,1.7662981748580933,1.5957064628601074,1.2662639617919922,1.1160780191421509,0.7336721420288086,0.7651029229164124,0.4868391454219818,0.6507665514945984
A4,0.8468964099884033,0.57831871509552,0.3992474377155304,0.0,0.3729632496833801,0.6042887568473816,0.8647782206535339,1.1159417629241943,1.4389030933380127,1.4381237030029297,1.8286261558532715,1.9451149702072144,2.3174712657928467,2.4853734970092773,2.741806745529175,2.690729856491089,2.4080283641815186,2.1185410022735596,1.9922810792922974,1.6408065557479858,1.5979946851730347,1.3153225183486938,1.389691948890686,1.0685473680496216,0.9265602827072144,0.7957456111907959,0.895103394985199,0.8193793892860413,1.155171513557434,1.218552827835083,1.082342505455017,0.8690323233604431,0.6658656001091003,0.3279590904712677,0.47941121459007263,0.488746702671051,0.8251710534095764,1.0035643577575684,1.3449310064315796,1.4219375848770142,1.798443078994751,1.9908543825149536,2.315347671508789,2.5532913208007812,2.8215644359588623,1.9109745025634766,1.5525410175323486,1.6232846975326538,1.5265554189682007,1.542237639427185,1.738295555114746,1.612254023551941,1.9887193441390991,2.052882671356201,1.7906570434570312,2.0582046508789062,1.9858452081680298,2.191924571990967,2.3154237270355225,2.3332855701446533,2.9870455265045166,2.629114866256714,2.491602659225464,2.2016687393188477,2.022523880004883,1.8992129564285278,1.537688136100769,1.680433988571167,1.512655258178711,1.147888422012329,1.0736908912658691,0.7134238481521606,0.782684326171875,0.6461728811264038,0.7096706628799438
A5,1.1216139793395996,0.8653011322021484,0.5661487579345703,0.3729632496833801,0.0,0.39610227942466736,0.6250845193862915,0.8879215121269226,1.1790342330932617,1.2096278667449951,1.6005254983901978,1.7565792798995972,2.1069607734680176,2.3173763751983643,2.5624356269836426,2.6164324283599854,2.30648136138916,2.061635732650757,1.9286730289459229,1.6103599071502686,1.6087013483047485,1.3068416118621826,1.4705140590667725,1.2018362283706665,0.9646551012992859,0.9156938195228577,0.8976786732673645,0.8664786219596863,1.124971628189087,1.1372638940811157,1.2185802459716797,0.9251980781555176,0.830049455165863,0.4437413811683655,0.6064241528511047,0.5943155884742737,0.7762572169303894,1.0342265367507935,1.3403433561325073,1.3250811100006104,1.7072900533676147,1.8355060815811157,2.178731918334961,2.377700090408325,2.6360106468200684,1.651153564453125,1.2906466722488403,1.3077378273010254,1.245198369026184,1.226048469543457,1.4651498794555664,1.3698302507400513,1.7514538764953613,1.8351649045944214,1.6195409297943115,1.915393590927124,1.9102864265441895,2.125595808029175,2.3035473823547363,2.3531792163848877,2.825822353363037,2.480072498321533,2.294811964035034,2.0124049186706543,1.78817880153656,1.643304467201233,1.2664031982421875,1.3749967813491821,1.1661875247955322,0.8115965723991394,0.7101233005523682,0.3763873875141144,0.5136427283287048,0.5651425123214722,0.7447128295898438
A6,1.3988209962844849,1.1729949712753296,0.8918019533157349,0.6042887568473816,0.39610227942466736,0.0,0.38097959756851196,0.5239852666854858,0.865180253982544,0.9563372731208801,1.330963134765625,1.5295813083648682,1.8807461261749268,2.100789785385132,2.382054328918457,2.7772483825683594,2.4479174613952637,2.2271556854248047,2.030327558517456,1.7369556427001953,1.6671395301818848,1.3145800828933716,1.4531545639038086,1.1776797771453857,0.8646710515022278,0.7629185318946838,0.5952966809272766,0.5823729038238525,0.7726710438728333,0.82370924949646,1.0018082857131958,0.6512557864189148,0.6655269861221313,0.4089234173297882,0.6426094174385071,0.8298944234848022,0.9786146283149719,1.306281328201294,1.557444453239441,1.4878507852554321,1.8669527769088745,1.9591870307922363,2.273090362548828,2.470952033996582,2.6800003051757812,1.349911093711853,0.9785923957824707,1.0412331819534302,0.9322721362113953,1.0036356449127197,1.2315856218338013,1.2049058675765991,1.5807385444641113,1.7379944324493408,1.5579103231430054,1.8987927436828613,1.9191622734069824,2.1899797916412354,2.366798162460327,2.474637031555176,2.8098971843719482,2.4613804817199707,2.2642555236816406,2.0377838611602783,1.7819620370864868,1.7071657180786133,1.3388051986694336,1.48909330368042,1.2409262657165527,0.9106733202934265,0.8270501494407654,0.6287687420845032,0.6241481900215149,0.7769805192947388,0.808426022529602
A7,1.7024227380752563,1.4257147312164307,1.1773383617401123,0.8647782206535339,0.6250845193862915,0.38097959756851196,0.0,0.391670286655426,0.5971505641937256,0.5943620204925537,0.9825815558433533,1.1632411479949951,1.5118837356567383,1.7363284826278687,2.0071935653686523,2.535066604614258,2.1911072731018066,2.0062804222106934,1.7732222080230713,1.5222200155258179,1.4469308853149414,1.087691307067871,1.283652901649475,1.092065691947937,0.7334065437316895,0.7906986474990845,0.6209604144096375,0.8049540519714355,0.9358308911323547,1.0536478757858276,1.2680959701538086,0.8979476690292358,0.8694918155670166,0.666824460029602,0.7056626081466675,0.8852491974830627,0.8885481953620911,1.2638128995895386,1.4289697408676147,1.2842663526535034,1.6426366567611694,1.6914564371109009,1.98186194896698,2.170999050140381,2.349491596221924,1.364345908164978,0.9929163455963135,0.938965916633606,0.7226664423942566,0.7167231440544128,0.8814712166786194,0.8249843120574951,1.2009987831115723,1.3632436990737915,1.2023473978042603,1.5600026845932007,1.6171973943710327,1.9080758094787598,2.10789155960083,2.25777006149292,2.456313371658325,2.112257242202759,1.905170202255249,1.7053686380386353,1.438936710357666,1.411800503730774,1.0678645372390747,1.2759931087493896,1.0656814575195312,0.7573571801185608,0.8243972659111023,0.7693095207214355,0.8873251676559448,1.1062294244766235,1.1859978437423706
A8,1.918337345123291,1.6914578676223755,1.4141024351119995,1.1159417629241943,0.8879215121269226,0.5239852666854858,0.391670286655426,0.0,0.38233059644699097,0.6025535464286804,0.9045194387435913,1.1796780824661255,1.4943441152572632,1.7476993799209595,2.0519790649414062,2.875805377960205,2.5239179134368896,2.36311936378479,2.107043743133545,1.879939317703247,1.7739992141723633,1.4033770561218262,1.559971809387207,1.3579018115997314,0.9896427989006042,0.9528847336769104,0.6368406414985657,0.7571175694465637,0.7177597284317017,0.8084068894386292,1.182309627532959,0.8239150047302246,0.9518648386001587,0.863736093044281,1.002293586730957,1.2418577671051025,1.2792223691940308,1.652964472770691,1.816495418548584,1.6561139822006226,2.0011088848114014,2.015857219696045,2.287290334701538,2.454645872116089,2.5932884216308594,1.0211308002471924,0.6599856019020081,0.6810333132743835,0.4514356255531311,0.6412451267242432,0.8349278569221497,0.9364880323410034,1.2654716968536377,1.5177310705184937,1.4285469055175781,1.8087226152420044,1.8982642889022827,2.2157959938049316,2.415330648422241,2.5970566272735596,2.6630477905273438,2.332047700881958,2.1031653881073,1.9595744609832764,1.6616766452789307,1.6694167852401733,1.3475639820098877,1.5221803188323975,1.2574349641799927,1.0210515260696411,1.0061373710632324,0.9995945692062378,0.9824022054672241,1.2361310720443726,1.235780119895935
A9,2.26060152053833,2.0088493824005127,1.7342420816421509,1.4389030933380127,1.1790342330932617,0.865180253982544,0.5971505641937256,0.38233059644699097,0.0,0.3772937059402466,0.5724087953567505,0.9036313891410828,1.1670773029327393,1.458042025566101,1.7498109340667725,2.79480242729187,2.4327080249786377,2.326052665710449,2.047851324081421,1.882264256477356,1.7862590551376343,1.4373096227645874,1.6368863582611084,1.5176433324813843,1.148646593093872,1.211084246635437,0.9224179983139038,1.1156097650527954,1.0364296436309814,1.1290473937988281,1.535767674446106,1.1860883235931396,1.2915183305740356,1.2029355764389038,1.2657618522644043,1.4740910530090332,1.4179941415786743,1.7996997833251953,1.8937482833862305,1.6677278280258179,1.970292091369629,1.9201232194900513,2.158902406692505,2.291550874710083,2.3830807209014893,1.0302802324295044,0.7376850247383118,0.5924251675605774,0.20844575762748718,0.36644119024276733,0.4841606914997101,0.6925163865089417,0.9610159993171692,1.2636343240737915,1.258311152458191,1.6450002193450928,1.7977451086044312,2.124027967453003,2.3514022827148438,2.574246883392334,2.4287662506103516,2.121011257171631,1.8636748790740967,1.7754238843917847,1.4543819427490234,1.5136067867279053,1.2493784427642822,1.4326810836791992,1.1949272155761719,1.0483622550964355,1.1167106628417969,1.2226670980453491,1.2613368034362793,1.5580964088439941,1.5986400842666626
A10,2.2834219932556152,1.9878311157226562,1.7630847692489624,1.4381237030029297,1.2096278667449951,0.9563372731208801,0.5943620204925537,0.6025535464286804,0.3772937059402466,0.0,0.3940417468547821,0.6016656160354614,0.9271464347839355,1.1797370910644531,1.4611802101135254,2.466352701187134,2.108283758163452,2.0056650638580322,1.7039111852645874,1.5611015558242798,1.4502077102661133,1.1188452243804932,1.340151309967041,1.2910171747207642,0.9458135962486267,1.1196262836456299,0.9282141923904419,1.2198013067245483,1.2286070585250854,1.3954291343688965,1.6683162450790405,1.3130275011062622,1.3107006549835205,1.2162350416183472,1.1628748178482056,1.350270390510559,1.2274459600448608,1.602974534034729,1.635058045387268,1.391201138496399,1.6674443483352661,1.6206996440887451,1.8298017978668213,1.9860588312149048,2.0691256523132324,1.4071733951568604,1.1082091331481934,0.9376950860023499,0.5726612210273743,0.4964144825935364,0.36583420634269714,0.3731688857078552,0.6751924753189087,0.9398912787437439,0.897179126739502,1.2832560539245605,1.427976369857788,1.763029932975769,1.9850844144821167,2.223536968231201,2.089766263961792,1.7688755989074707,1.5394096374511719,1.4533352851867676,1.1645729541778564,1.2807555198669434,1.0531145334243774,1.3185193538665771,1.1743885278701782,1.0080618858337402,1.1957330703735352,1.2866114377975464,1.419980525970459,1.685203194618225,1.7563388347625732
A11,2.6746113300323486,2.3797976970672607,2.1560006141662598,1.8286261558532715,1.6005254983901978,1.330963134765625,0.9825815558433533,0.9045194387435913,0.5724087953567505,0.3940417468547821,0.0,0.3800726532936096,0.5980319976806641,0.8934216499328613,1.1872224807739258,2.5816197395324707,2.225940704345703,2.178601026535034,1.8509756326675415,1.777540922164917,1.651528239250183,1.359838843345642,1.5645090341567993,1.5755971670150757,1.2596476078033447,1.440198302268982,1.2356539964675903,1.5325958728790283,1.4763435125350952,1.646816611289978,1.9540873765945435,1.6185154914855957,1.6451853513717651,1.5938563346862793,1.5345607995986938,1.7295770645141602,1.5807315111160278,1.9446383714675903,1.926084041595459,1.6502231359481812,1.8692978620529175,1.7669613361358643,1.9136801958084106,2.034961223602295,2.0425193309783936,1.488999843597412,1.266541838645935,1.0655701160430908,0.7054169178009033,0.6473130583763123,0.2994154989719391,0.4713561236858368,0.5125046372413635,0.8734092712402344,0.9609878063201904,1.316968560218811,1.514341115951538,1.8579447269439697,2.0823676586151123,2.3682048320770264,1.9936002492904663,1.708799123764038,1.4686877727508545,1.4861817359924316,1.2015507221221924,1.40147066116333,1.2650232315063477,1.5202584266662598,1.4055650234222412,1.3204060792922974,1.5192458629608154,1.6564903259277344,1.7751777172088623,2.0589911937713623,2.1174862384796143
A12,2.785658597946167,2.46412992477417,2.288557291030884,1.9451149702072144,1.7565792798995972,1.5295813083648682,1.1632411479949951,1.1796780824661255,0.9036313891410828,0.6016656160354614,0.3800726532936096,0.0,0.3894304633140564,0.5786877870559692,0.8768965005874634,2.339993953704834,1.999814510345459,1.9670029878616333,1.6109007596969604,1.585066795349121,1.4311972856521606,1.1938602924346924,1.3864374160766602,1.48513662815094,1.233473300933838,1.4849132299423218,1.366491436958313,1.7121106386184692,1.7099943161010742,1.928526759147644,2.1353049278259277,1.8092033863067627,1.7629393339157104,1.7242212295532227,1.5832209587097168,1.7589519023895264,1.5679965019226074,1.9005120992660522,1.8145743608474731,1.5368168354034424,1.7008402347564697,1.601280689239502,1.6840810775756836,1.8286865949630737,1.8032830953598022,1.8645433187484741,1.6261054277420044,1.4289942979812622,1.0643330812454224,0.9572072625160217,0.585947573184967,0.5049707889556885,0.3865683376789093,0.658139705657959,0.7320700883865356,1.0391254425048828,1.2246246337890625,1.576255202293396,1.7790521383285522,2.0933802127838135,1.6890417337417603,1.3975282907485962,1.2119123935699463,1.2726430892944336,1.062321662902832,1.3431416749954224,1.2770062685012817,1.5875880718231201,1.5594724416732788,1.4643975496292114,1.7274377346038818,1.8414597511291504,2.0117974281311035,2.2656869888305664,2.335526466369629
A13,3.158724546432495,2.8358571529388428,2.649049758911133,2.3174712657928467,2.1069607734680176,1.8807461261749268,1.5118837356567383,1.4943441152572632,1.1670773029327393,0.9271464347839355,0.5980319976806641,0.3894304633140564,0.0,0.3717934191226959,0.6085135340690613,2.438300371170044,2.1082334518432617,2.142258882522583,1.7929797172546387,1.837191104888916,1.7113128900527954,1.5254637002944946,1.7243443727493286,1.8580278158187866,1.62020742893219,1.8727471828460693,1.7397379875183105,2.0743792057037354,2.037652015686035,2.235246181488037,2.4905574321746826,2.166773557662964,2.1437065601348877,2.1013879776000977,1.9675394296646118,2.125786304473877,1.9077666997909546,2.2263197898864746,2.1057000160217285,1.7995761632919312,1.9064412117004395,1.743964672088623,1.7702778577804565,1.8548502922058105,1.751434326171875,2.028245210647583,1.8443207740783691,1.6107958555221558,1.285043716430664,1.1590219736099243,0.7683805227279663,0.7736639380455017,0.45999282598495483,0.7065747976303101,0.9308281540870667,1.1538434028625488,1.4004923105239868,1.7179579734802246,1.9338197708129883,2.2738752365112305,1.5838850736618042,1.3602861166000366,1.1548442840576172,1.3262979984283447,1.1319249868392944,1.454473614692688,1.4721739292144775,1.7456754446029663,1.743859887123108,1.7219430208206177,1.9911525249481201,2.153898239135742,2.3233792781829834,2.601881742477417,2.6830573081970215
A14,3.3146567344665527,2.9815118312835693,2.8348069190979004,2.4853734970092773,2.3173763751983643,2.100789785385132,1.7363284826278687,1.7476993799209595,1.458042025566101,1.1797370910644531,0.8934216499328613,0.5786877870559692,0.3717934191226959,0.0,0.37625452876091003,2.391141414642334,2.0910754203796387,2.128929376602173,1.7581384181976318,1.8376754522323608,1.6682617664337158,1.5352230072021484,1.679404616355896,1.8688108921051025,1.693171739578247,1.9636160135269165,1.882049322128296,2.2409002780914307,2.2270376682281494,2.4666128158569336,2.640003204345703,2.337087869644165,2.2739522457122803,2.2668073177337646,2.0890603065490723,2.2537779808044434,2.03385853767395,2.3245158195495605,2.16436767578125,1.8829747438430786,1.9465161561965942,1.80901300907135,1.7665871381759644,1.8796601295471191,1.7366435527801514,2.3490195274353027,2.1531879901885986,1.9474607706069946,1.5983871221542358,1.4899297952651978,1.0992053747177124,1.028040885925293,0.7328709363937378,0.8398726582527161,1.0022246837615967,1.1318960189819336,1.3232042789459229,1.6356483697891235,1.7972131967544556,2.162553071975708,1.4650473594665527,1.2541074752807617,1.153212308883667,1.374065637588501,1.276254653930664,1.6387168169021606,1.689096212387085,1.9961339235305786,2.0342507362365723,1.984230399131775,2.2748870849609375,2.4029057025909424,2.5879554748535156,2.8381764888763428,2.9058215618133545
A15,3.5592315196990967,3.2130205631256104,3.073770523071289,2.741806745529175,2.5624356269836426,2.382054328918457,2.0071935653686523,2.0519790649414062,1.7498109340667725,1.4611802101135254,1.1872224807739258,0.8768965005874634,0.6085135340690613,0.37625452876091003,0.0,2.2601072788238525,1.984147071838379,2.0859687328338623,1.738640308380127,1.8916802406311035,1.770308256149292,1.707605004310608,1.8782713413238525,2.112830638885498,1.9628877639770508,2.2656657695770264,2.2083194255828857,2.5699899196624756,2.5733416080474854,2.8005988597869873,2.982754707336426,2.6695711612701416,2.588346242904663,2.549947500228882,2.349261522293091,2.468667984008789,2.206552743911743,2.463711738586426,2.2558817863464355,1.9572598934173584,1.9500774145126343,1.766398549079895,1.6575291156768799,1.7216647863388062,1.51140296459198,2.6361658573150635,2.4466216564178467,2.2046101093292236,1.8809186220169067,1.7203221321105957,1.3366752862930298,1.2351789474487305,0.888466477394104,0.8684474229812622,1.0880792140960693,1.104472041130066,1.3332569599151611,1.581040859222412,1.7540689706802368,2.1264853477478027,1.184515118598938,1.050232172012329,0.9743495583534241,1.281404972076416,1.2493077516555786,1.633136510848999,1.7660340070724487,2.052743673324585,2.1479222774505615,2.143561840057373,2.462317705154419,2.617777109146118,2.8337416648864746,3.090557813644409,3.190401077270508
B1,3.139435291290283,2.7843563556671143,2.822500467300415,2.690729856491089,2.6164324283599854,2.7772483825683594,2.535066604614258,2.875805377960205,2.79480242729187,2.466352701187134,2.5816197395324707,2.339993953704834,2.438300371170044,2.391141414642334,2.2601072788238525,0.0,0.3688620924949646,0.5789390206336975,0.8439117074012756,1.1290539503097534,1.414899230003357,1.7244062423706055,1.9433029890060425,2.2276315689086914,2.3058083057403564,2.670821189880371,2.8642990589141846,3.1501924991607666,3.39656925201416,3.573201894760132,3.5577569007873535,3.258105993270874,2.9815714359283447,2.7594480514526367,2.4369516372680664,2.2160327434539795,1.874428391456604,1.7377030849456787,1.367010474205017,1.2965893745422363,0.9128636121749878,0.9167551398277283,0.6940422058105469,0.8043014407157898,1.0387603044509888,3.7346160411834717,3.4131336212158203,3.1653168201446533,2.946099042892456,2.646479606628418,2.513496160507202,2.16361141204834,2.154534101486206,1.7855890989303589,1.6275935173034668,1.306606411933899,1.2269275188446045,0.861727237701416,0.9708507061004639,0.8437468409538269,1.3111212253570557,1.2317814826965332,1.3972711563110352,1.1758856773376465,1.5082244873046875,1.504411220550537,1.726694941520691,1.8890044689178467,2.235229969024658,2.2077949047088623,2.560276508331299,2.6104061603546143,2.9857308864593506,3.080029010772705,3.3364148139953613
B2,2.918732166290283,2.5556929111480713,2.55814528465271,2.4080283641815186,2.30648136138916,2.4479174613952637,2.1911072731018066,2.5239179134368896,2.4327080249786377,2.108283758163452,2.225940704345703,1.999814510345459,2.1082334518432617,2.0910754203796387,1.984147071838379,0.3688620924949646,0.0,0.3845612704753876,0.5735037922859192,0.8706838488578796,1.1744377613067627,1.4400579929351807,1.703291893005371,1.973578691482544,2.0095081329345703,2.379716157913208,2.5467238426208496,2.835930824279785,3.067122220993042,3.236959934234619,3.25719952583313,2.944375514984131,2.6873457431793213,2.458847761154175,2.1484453678131104,1.9439759254455566,1.5837433338165283,1.5006475448608398,1.1335293054580688,0.989410400390625,0.609820544719696,0.5548120737075806,0.3510938882827759,0.5451173186302185,0.8445419669151306,3.369901657104492,3.0520875453948975,2.7994868755340576,2.581118583679199,2.278611183166504,2.1485188007354736,1.8011541366577148,1.8016815185546875,1.4381015300750732,1.2798014879226685,0.9816599488258362,0.9497048258781433,0.6298667192459106,0.863258957862854,0.8373826146125793,1.1524560451507568,1.0003786087036133,1.1016120910644531,0.8308828473091125,1.1479861736297607,1.1474045515060425,1.3682204484939575,1.5518091917037964,1.890647530555725,1.8640379905700684,2.2260284423828125,2.293480157852173,2.66585111618042,2.7840332984924316,3.0385656356811523
B3,2.589852809906006,2.2278354167938232,2.265565872192383,2.1185410022735596,2.061635732650757,2.2271556854248047,2.0062804222106934,2.36311936378479,2.326052665710449,2.0056650638580322,2.178601026535034,1.9670029878616333,2.142258882522583,2.128929376602173,2.0859687328338623,0.5789390206336975,0.3845612704753876,0.0,0.39658254384994507,0.5696578025817871,0.9040677547454834,1.1915208101272583,1.4275314807891846,1.6776450872421265,1.7533024549484253,2.108354330062866,2.3134512901306152,2.587141513824463,2.848276138305664,3.0270652770996094,2.987022638320923,2.6937828063964844,2.4098434448242188,2.187187671661377,1.8616529703140259,1.6403460502624512,1.3052743673324585,1.1759268045425415,0.7970688343048096,0.7468952536582947,0.3840559720993042,0.5858492851257324,0.5752120614051819,0.8676159381866455,1.1773812770843506,3.264451026916504,2.9253599643707275,2.710566520690918,2.4847378730773926,2.2109546661376953,2.108847141265869,1.7460503578186035,1.817098617553711,1.4871799945831299,1.2425663471221924,1.004843831062317,0.8628877997398376,0.5812917351722717,0.7491109371185303,0.6344365477561951,1.4238675832748413,1.1948137283325195,1.2916929721832275,0.9720642566680908,1.2295663356781006,1.201344609260559,1.3176891803741455,1.5345959663391113,1.8358250856399536,1.7378053665161133,2.0815067291259766,2.088531494140625,2.4582321643829346,2.5358998775482178,2.776146411895752
B4,2.5622332096099854,2.188983678817749,2.2027111053466797,1.9922810792922974,1.9286730289459229,2.030327558517456,1.7732222080230713,2.107043743133545,2.047851324081421,1.7039111852645874,1.8509756326675415,1.6109007596969604,1.7929797172546387,1.7581384181976318,1.738640308380127,0.8439117074012756,0.5735037922859192,0.39658254384994507,0.0,0.37504419684410095,0.6060548424720764,0.8887747526168823,1.132885217666626,1.4208238124847412,1.4795608520507812,1.85469651222229,2.0444235801696777,2.3509154319763184,2.589777946472168,2.796813726425171,2.7601675987243652,2.461549997329712,2.1872262954711914,2.0039255619049072,1.6681811809539795,1.5209641456604004,1.1839033365249634,1.1595662832260132,0.790241003036499,0.6538704633712769,0.40255531668663025,0.5617130398750305,0.5258890390396118,0.8877473473548889,1.1143525838851929,3.0288920402526855,2.6923348903656006,2.4846909046173096,2.2202045917510986,1.966040015220642,1.8178948163986206,1.4477379322052002,1.5002470016479492,1.180181860923767,0.9067890048027039,0.662289023399353,0.4678184390068054,0.26787325739860535,0.5227790474891663,0.6172932982444763,1.2446620464324951,0.9457963705062866,1.0534886121749878,0.7698386311531067,1.0172176361083984,1.0951744318008423,1.1911600828170776,1.4853512048721313,1.7472004890441895,1.6229290962219238,1.9833898544311523,1.993709683418274,2.345855236053467,2.448338508605957,2.6534619331359863
B5,2.194059371948242,1.8208627700805664,1.8502134084701538,1.6408065557479858,1.6103599071502686,1.7369556427001953,1.5222200155258179,1.879939317703247,1.882264256477356,1.5611015558242798,1.777540922164917,1.585066795349121,1.837191104888916,1.8376754522323608,1.8916802406311035,1.1290539503097534,0.8706838488578796,0.5696578025817871,0.37504419684410095,0.0,0.3886451721191406,0.6313819289207458,0.882461428642273,1.1135365962982178,1.1883900165557861,1.5447566509246826,1.7625906467437744,2.045039176940918,2.3115952014923096,2.5153493881225586,2.4390408992767334,2.153064489364624,1.860597848892212,1.6698682308197021,1.3268858194351196,1.161390781402588,0.845969557762146,0.8091936111450195,0.45896679162979126,0.41346338391304016,0.3951074481010437,0.7024881839752197,0.8394819498062134,1.1799638271331787,1.4402108192443848,2.8374974727630615,2.483834981918335,2.3139243125915527,2.0569944381713867,1.8334262371063232,1.7363946437835693,1.368998646736145,1.5133676528930664,1.2590786218643188,0.9231967329978943,0.8287896513938904,0.6066699028015137,0.6022716760635376,0.7458766102790833,0.767562985420227,1.581634521484375,1.25347101688385,1.2994989156723022,0.9827492833137512,1.116763710975647,1.1331236362457275,1.104819655418396,1.410083293914795,1.6177723407745361,1.4251563549041748,1.7557401657104492,1.7095147371292114,2.0543267726898193,2.1237595081329346,2.3179237842559814
B6,2.1980738639831543,1.8293489217758179,1.8708703517913818,1.5979946851730347,1.6087013483047485,1.6671395301818848,1.4469308853149414,1.7739992141723633,1.7862590551376343,1.4502077102661133,1.651528239250183,1.4311972856521606,1.7113128900527954,1.6682617664337158,1.770308256149292,1.414899230003357,1.1744377613067627,0.9040677547454834,0.6060548424720764,0.3886451721191406,0.0,0.38063856959342957,0.5309275388717651,0.8365095257759094,0.9633819460868835,1.3242571353912354,1.5642732381820679,1.875706672668457,2.135045051574707,2.3847641944885254,2.2514095306396484,1.9855175018310547,1.6803879737854004,1.566473126411438,1.202701210975647,1.144336462020874,0.905403196811676,0.9533746242523193,0.7054051756858826,0.6937353014945984,0.7701878547668457,1.0152426958084106,1.0946911573410034,1.4455103874206543,1.6341274976730347,2.769258975982666,2.4141194820404053,2.2812881469726562,1.979578971862793,1.809633731842041,1.6721768379211426,1.313210129737854,1.4550806283950806,1.254188895225525,0.8901270031929016,0.8498401045799255,0.5443110466003418,0.7045094966888428,0.732563316822052,0.8523238301277161,1.6568973064422607,1.3034749031066895,1.3826900720596313,1.1453876495361328,1.2488787174224854,1.3511037826538086,1.283772349357605,1.633164644241333,1.7811052799224854,1.545961618423462,1.8589434623718262,1.779612421989441,2.0854153633117676,2.1468586921691895,2.28163743019104
B7,2.0031707286834717,1.6393380165100098,1.6304945945739746,1.3153225183486938,1.3068416118621826,1.3145800828933716,1.087691307067871,1.4033770561218262,1.4373096227645874,1.1188452243804932,1.359838843345642,1.1938602924346924,1.5254637002944946,1.5352230072021484,1.707605004310608,1.7244062423706055,1.4400579929351807,1.1915208101272583,0.8887747526168823,0.6313819289207458,0.38063856959342957,0.0,0.38482579588890076,0.5794615745544434,0.6028043627738953,0.9811127781867981,1.1914294958114624,1.512368083000183,1.7591230869293213,2.0105507373809814,1.9047716856002808,1.6238137483596802,1.340453028678894,1.2356878519058228,0.8878612518310547,0.9121236801147461,0.7125685811042786,0.9024915099143982,0.7913872003555298,0.7257581949234009,0.952500581741333,1.1437325477600098,1.2991681098937988,1.6162611246109009,1.7955760955810547,2.4082679748535156,2.051215648651123,1.9411879777908325,1.6329046487808228,1.4979095458984375,1.3833178281784058,1.049330472946167,1.2577146291732788,1.1488209962844849,0.7832520008087158,0.9123739004135132,0.7239379286766052,0.9927273392677307,1.081618070602417,1.2312018871307373,1.8195008039474487,1.44883394241333,1.4425184726715088,1.2174023389816284,1.2050315141677856,1.3020436763763428,1.147339940071106,1.5082439184188843,1.5804451704025269,1.308585286140442,1.5946829319000244,1.5049242973327637,1.7802660465240479,1.8604069948196411,1.9697818756103516
B8,2.014800548553467,1.672990083694458,1.7243174314498901,1.389691948890686,1.4705140590667725,1.4531545639038086,1.283652901649475,1.559971809387207,1.6368863582611084,1.340151309967041,1.5645090341567993,1.3864374160766602,1.7243443727493286,1.679404616355896,1.8782713413238525,1.9433029890060425,1.703291893005371,1.4275314807891846,1.132885217666626,0.882461428642273,0.5309275388717651,0.38482579588890076,0.0,0.38448935747146606,0.6108399629592896,0.9130220413208008,1.1942895650863647,1.5071767568588257,1.7685978412628174,2.063222885131836,1.8360731601715088,1.6125487089157104,1.2921031713485718,1.2875726222991943,0.9316833019256592,1.0308030843734741,0.9580587148666382,1.0948388576507568,1.0233005285263062,1.0610400438308716,1.2564799785614014,1.486372709274292,1.596630573272705,1.9340455532073975,2.092681407928467,2.5763542652130127,2.219938039779663,2.1647884845733643,1.8382929563522339,1.7657338380813599,1.6408705711364746,1.3398712873458862,1.5334739685058594,1.4568569660186768,1.1042355298995972,1.2031725645065308,0.9468618035316467,1.1997343301773071,1.1731488704681396,1.3052014112472534,2.052924394607544,1.6881111860275269,1.7392927408218384,1.5522829294204712,1.5661609172821045,1.6851202249526978,1.5267964601516724,1.8834902048110962,1.9315781593322754,1.6336164474487305,1.8789509534835815,1.733652949333191,1.9663029909133911,1.9960830211639404,2.044772148132324
B9,1.6945778131484985,1.3732365369796753,1.4206867218017578,1.0685473680496216,1.2018362283706665,1.1776797771453857,1.092065691947937,1.3579018115997314,1.5176433324813843,1.2910171747207642,1.5755971670150757,1.48513662815094,1.8580278158187866,1.8688108921051025,2.112830638885498,2.2276315689086914,1.973578691482544,1.6776450872421265,1.4208238124847412,1.1135365962982178,0.8365095257759094,0.5794615745544434,0.38448935747146606,0.0,0.372743159532547,0.5678369998931885,0.902044415473938,1.1697134971618652,1.4635919332504272,1.7525112628936768,1.4737625122070312,1.269559383392334,0.9262431859970093,0.9504653215408325,0.6117725968360901,0.7957769632339478,0.8627630472183228,1.038572907447815,1.1061009168624878,1.178483247756958,1.455535650253296,1.6913374662399292,1.867217779159546,2.188868761062622,2.374701976776123,2.3684892654418945,2.005709171295166,2.005143165588379,1.7057392597198486,1.6864672899246216,1.6334788799285889,1.382622241973877,1.6464934349060059,1.6374069452285767,1.2993371486663818,1.477050542831421,1.2720612287521362,1.5281504392623901,1.5329042673110962,1.6278352737426758,2.3743674755096436,2.0035808086395264,2.001587152481079,1.7909438610076904,1.7388834953308105,1.8054101467132568,1.5724406242370605,1.89838445186615,1.878996729850769,1.5401877164840698,1.7163760662078857,1.5136295557022095,1.6986947059631348,1.692253828048706,1.7018646001815796
B10,1.6855512857437134,1.3660365343093872,1.310618281364441,0.9265602827072144,0.9646551012992859,0.8646710515022278,0.7334065437316895,0.9896427989006042,1.148646593093872,0.9458135962486267,1.2596476078033447,1.233473300933838,1.62020742893219,1.693171739578247,1.9628877639770508,2.3058083057403564,2.0095081329345703,1.7533024549484253,1.4795608520507812,1.1883900165557861,0.9633819460868835,0.6028043627738953,0.6108399629592896,0.372743159532547,0.0,0.38794490694999695,0.6086266040802002,0.9235336184501648,1.1837782859802246,1.4584619998931885,1.306456208229065,1.0338634252548218,0.7563136219978333,0.7379019260406494,0.4541836380958557,0.7287009954452515,0.774570643901825,1.0690102577209473,1.169854760169983,1.1464173793792725,1.4687092304229736,1.6388826370239258,1.8520539999008179,2.137404680252075,2.3125693798065186,2.0053811073303223,1.642825722694397,1.6337885856628418,1.3340880870819092,1.3273301124572754,1.29916512966156,1.0862782001495361,1.3876773118972778,1.4408481121063232,1.1428064107894897,1.4048871994018555,1.2928024530410767,1.5906320810317993,1.6729402542114258,1.8096122741699219,2.3318593502044678,1.9602863788604736,1.8889180421829224,1.6891183853149414,1.5631287097930908,1.6230707168579102,1.3543455600738525,1.6705434322357178,1.6012784242630005,1.2651855945587158,1.4280340671539307,1.260512113571167,1.4286060333251953,1.4854198694229126,1.5023250579833984
B11,1.510106086730957,1.2490911483764648,1.1901546716690063,0.7957456111907959,0.9156938195228577,0.7629185318946838,0.7906986474990845,0.9528847336769104,1.211084246635437,1.1196262836456299,1.440198302268982,1.4849132299423218,1.8727471828460693,1.9636160135269165,2.2656657695770264,2.670821189880371,2.379716157913208,2.108354330062866,1.85469651222229,1.5447566509246826,1.3242571353912354,0.9811127781867981,0.9130220413208008,0.5678369998931885,0.38794490694999695,0.0,0.3794599175453186,0.6050387620925903,0.9051713943481445,1.1965305805206299,0.9330251812934875,0.7047522068023682,0.3946945071220398,0.5398589372634888,0.424618661403656,0.8072794079780579,1.0038864612579346,1.2770068645477295,1.459811806678772,1.4782685041427612,1.820390224456787,1.9998698234558105,2.2313461303710938,2.51131272315979,2.692521810531616,1.9027941226959229,1.5487688779830933,1.6298408508300781,1.3671691417694092,1.450271725654602,1.4840567111968994,1.3501473665237427,1.669739842414856,1.7771689891815186,1.5061169862747192,1.7872910499572754,1.6789220571517944,1.9732203483581543,2.038691997528076,2.15501070022583,2.7127833366394043,2.342106342315674,2.2586092948913574,2.062208652496338,1.9093384742736816,1.944509744644165,1.63968026638031,1.9157371520996094,1.7835524082183838,1.4295876026153564,1.4955708980560303,1.266391396522522,1.3365055322647095,1.3399642705917358,1.266203761100769
B12,1.6593729257583618,1.4311779737472534,1.275618314743042,0.895103394985199,0.8976786732673645,0.5952966809272766,0.6209604144096375,0.6368406414985657,0.9224179983139038,0.9282141923904419,1.2356539964675903,1.366491436958313,1.7397379875183105,1.882049322128296,2.2083194255828857,2.8642990589141846,2.5467238426208496,2.3134512901306152,2.0444235801696777,1.7625906467437744,1.5642732381820679,1.1914294958114624,1.1942895650863647,0.902044415473938,0.6086266040802002,0.3794599175453186,0.0,0.38265880942344666,0.57674640417099,0.8807235360145569,0.8011319041252136,0.4901078939437866,0.42475974559783936,0.5711056590080261,0.6465714573860168,1.0172263383865356,1.1780130863189697,1.506118655204773,1.69163179397583,1.641798973083496,1.9941421747207642,2.1142847537994385,2.357880115509033,2.6024906635284424,2.759831190109253,1.5400396585464478,1.1976383924484253,1.31062650680542,1.055322527885437,1.2084764242172241,1.2758076190948486,1.2347910404205322,1.5581611394882202,1.7405924797058105,1.535076379776001,1.8680028915405273,1.8312487602233887,2.152327060699463,2.261530637741089,2.41418194770813,2.7787013053894043,2.417470932006836,2.28281569480896,2.117546319961548,1.9062801599502563,1.9461785554885864,1.6276599168777466,1.876415491104126,1.6848117113113403,1.359230399131775,1.3801401853561401,1.2028601169586182,1.2039577960968018,1.2821468114852905,1.1812509298324585
B13,1.4715468883514404,1.3193891048431396,1.1381901502609253,0.8193793892860413,0.8664786219596863,0.5823729038238525,0.8049540519714355,0.7571175694465637,1.1156097650527954,1.2198013067245483,1.5325958728790283,1.7121106386184692,2.0743792057037354,2.2409002780914307,2.5699899196624756,3.1501924991607666,2.835930824279785,2.587141513824463,2.3509154319763184,2.045039176940918,1.875706672668457,1.512368083000183,1.5071767568588257,1.1697134971618652,0.9235336184501648,0.6050387620925903,0.38265880942344666,0.0,0.3744058907032013,0.6113288998603821,0.4670329689979553,0.11337069422006607,0.32198700308799744,0.5187727212905884,0.7806801199913025,1.115798830986023,1.3580025434494019,1.6547231674194336,1.9039039611816406,1.8881020545959473,2.2588016986846924,2.3906733989715576,2.6637654304504395,2.900080919265747,3.0808863639831543,1.4672822952270508,1.145224928855896,1.3474913835525513,1.1908838748931885,1.3888120651245117,1.5376073122024536,1.5404529571533203,1.880295991897583,2.0741426944732666,1.8769500255584717,2.2133939266204834,2.1777217388153076,2.4813830852508545,2.592153310775757,2.7138373851776123,3.132077693939209,2.771456480026245,2.6208457946777344,2.4343302249908447,2.2062129974365234,2.198779582977295,1.8513176441192627,2.046736240386963,1.8096038103103638,1.4819217920303345,1.4022748470306396,1.1725730895996094,1.064579725265503,1.0819642543792725,0.889532744884491
