,A1,A2,A3,A4,A5,A6,A7,A8,A9,A10,A11,A12,A13,A14,A15,B1,B2,B3,B4,B5,B6,B7,B8,B9,B10,B11,B12,B13,B14,B15,C1,C2,C3,C4,C5,C6,C7,C8,C9,C10,C11,C12,C13,C14,C15,D1,D2,D3,D4,D5,D6,D7,D8,D9,D10,D11,D12,D13,D14,D15,E1,E2,E3,E4,E5,E6,E7,E8,E9,E10,E11,E12,E13,E14,E15
A1,0.0,0.40189892053604126,0.6108285188674927,0.9850677251815796,1.328660249710083,1.5338051319122314,1.8468517065048218,2.130469560623169,2.468191146850586,2.740931272506714,3.069262981414795,3.3164443969726562,3.5878360271453857,3.863384962081909,4.167255401611328,3.923924446105957,3.599212169647217,3.3778955936431885,2.9918906688690186,2.9149913787841797,2.571133852005005,2.2529261112213135,2.0257532596588135,1.6468253135681152,1.4944431781768799,1.1320703029632568,0.9639087915420532,0.9583106637001038,0.7753255367279053,0.9398481845855713,1.3418909311294556,1.1039469242095947,1.3643765449523926,1.4024982452392578,1.6671198606491089,1.7988431453704834,2.127918243408203,2.2562320232391357,2.6267924308776855,2.7452783584594727,3.1372523307800293,3.301208019256592,3.546708106994629,3.813244342803955,4.0876336097717285,4.090672492980957,3.745404005050659,3.40969181060791,3.10267972946167,2.942467212677002,2.5689313411712646,2.2891530990600586,2.0636250972747803,1.7195168733596802,1.7722866535186768,1.5367628335952759,1.4699715375900269,1.5580718517303467,1.5524674654006958,1.6419360637664795,0.6231589913368225,0.6151362657546997,0.8755159378051758,1.0819740295410156,1.4200154542922974,1.7638945579528809,1.8368843793869019,2.2396068572998047,2.477234125137329,2.779134750366211,3.0789084434509277,3.268186569213867,3.604640483856201,3.8112072944641113,4.135342121124268
A2,0.40189892053604126,0.0,0.39658987522125244,0.6569682359695435,1.047206163406372,1.2719708681106567,1.572676420211792,1.8526887893676758,2.1910839080810547,2.4463725090026855,2.785432815551758,3.004930019378662,3.295240879058838,3.5546560287475586,3.8641388416290283,3.641291379928589,3.3087892532348633,3.0786149501800537,2.6993119716644287,2.5887370109558105,2.226891279220581,1.930057406425476,1.6699316501617432,1.3012882471084595,1.1276297569274902,0.7484967112541199,0.6448728442192078,0.6425392627716064,0.6177078485488892,0.8608455061912537,1.163045048713684,0.853845477104187,1.034828782081604,1.0368388891220093,1.2803467512130737,1.3980059623718262,1.7327989339828491,1.8623740673065186,2.2359797954559326,2.367661714553833,2.7559139728546143,2.9365694522857666,3.1798782348632812,3.456465721130371,3.7231757640838623,3.7620975971221924,3.4105615615844727,3.0661394596099854,2.7759382724761963,2.5958292484283447,2.2097995281219482,1.9524089097976685,1.698417067527771,1.3723475933074951,1.4274827241897583,1.2061107158660889,1.2130753993988037,1.3170433044433594,1.3982115983963013,1.5519205331802368,0.7914144992828369,0.5504928827285767,0.815291166305542,0.8821437358856201,1.2554244995117188,1.5442322492599487,1.5906037092208862,1.9790817499160767,2.2178280353546143,2.489969253540039,2.802173376083374,2.9642114639282227,3.3060946464538574,3.5060768127441406,3.8281514644622803
A3,0.6108285188674927,0.39658987522125244,0.0,0.4076676666736603,0.7214669585227966,0.9697226881980896,1.2486335039138794,1.5586769580841064,1.8773832321166992,2.164781093597412,2.4824061393737793,2.7265915870666504,3.0048086643218994,3.271584987640381,3.5851848125457764,3.3180630207061768,2.997380495071411,2.768620014190674,2.384493589401245,2.3094418048858643,1.9760017395019531,1.6475447416305542,1.4475215673446655,1.0608325004577637,0.9768756031990051,0.6657767295837402,0.6120316386222839,0.8200465440750122,0.8357513546943665,1.1645058393478394,1.4613561630249023,1.1018667221069336,1.2360025644302368,1.108896017074585,1.3643310070037842,1.3853106498718262,1.6928108930587769,1.7534960508346558,2.1167428493499756,2.190402030944824,2.586970567703247,2.7277495861053467,2.9682905673980713,3.2260022163391113,3.5047857761383057,3.4986820220947266,3.1626696586608887,2.8268938064575195,2.5144765377044678,2.380189895629883,2.0144259929656982,1.733852505683899,1.5507065057754517,1.2367321252822876,1.4068173170089722,1.2897459268569946,1.3117218017578125,1.5114736557006836,1.6088130474090576,1.824500322341919,0.9199700355529785,0.6465290188789368,0.6967708468437195,0.6658328771591187,1.0661029815673828,1.3432440757751465,1.321860432624817,1.7300630807876587,1.9256829023361206,2.2251503467559814,2.5090651512145996,2.681488513946533,3.0282773971557617,3.218839168548584,3.5511088371276855
A4,0.9850677251815796,0.6569682359695435,0.4076676666736603,0.0,0.4149450361728668,0.7108193635940552,0.9421605467796326,1.254594087600708,1.5630449056625366,1.8351339101791382,2.1591532230377197,2.374086856842041,2.6726059913635254,2.921128749847412,3.2424581050872803,2.9894309043884277,2.662281036376953,2.423163414001465,2.046450138092041,1.9371787309646606,1.5869855880737305,1.2762367725372314,1.0482115745544434,0.6630409955978394,0.6038079857826233,0.3524235785007477,0.5164898633956909,0.7907590866088867,0.9679094552993774,1.311930537223816,1.494276523590088,1.104640245437622,1.1129580736160278,0.8879930973052979,1.092892050743103,1.0351850986480713,1.3268145322799683,1.3540927171707153,1.7161540985107422,1.784241795539856,2.18038272857666,2.329011917114258,2.5671486854553223,2.8318440914154053,3.1059112548828125,3.1295104026794434,2.789872169494629,2.445347309112549,2.147210121154785,2.001854181289673,1.6259400844573975,1.368708848953247,1.1760940551757812,0.9059626460075378,1.1361647844314575,1.101718544960022,1.2189010381698608,1.4489929676055908,1.6265907287597656,1.8972384929656982,1.2291877269744873,0.8724564909934998,0.8655380606651306,0.6314446926116943,1.0108972787857056,1.177045464515686,1.0874264240264893,1.4672549962997437,1.644403338432312,1.9085431098937988,2.1981799602508545,2.3374712467193604,2.6921448707580566,2.871697425842285,3.2040092945098877
A5,1.328660249710083,1.047206163406372,0.7214669585227966,0.4149450361728668,0.0,0.38837671279907227,0.5401250720024109,0.8874475359916687,1.171397089958191,1.472678542137146,1.7762012481689453,2.015369415283203,2.299654722213745,2.5573062896728516,2.8790340423583984,2.6010122299194336,2.278020143508911,2.049588441848755,1.664360761642456,1.5999815464019775,1.2868809700012207,0.9433983564376831,0.8056135177612305,0.4462472200393677,0.5722681283950806,0.603979229927063,0.7570633888244629,1.1041817665100098,1.275609016418457,1.6433167457580566,1.8124139308929443,1.4160048961639404,1.3962008953094482,1.0867477655410767,1.2770293951034546,1.1223514080047607,1.3225172758102417,1.2646983861923218,1.5790107250213623,1.5719512701034546,1.9675804376602173,2.0589253902435303,2.302431583404541,2.536661386489868,2.829988718032837,2.786778450012207,2.461515426635742,2.131134271621704,1.808579683303833,1.7148089408874512,1.3771079778671265,1.093376636505127,1.0216758251190186,0.8122206926345825,1.1682454347610474,1.2660326957702637,1.3842118978500366,1.6794462203979492,1.860667109489441,2.174272298812866,1.487531065940857,1.1415547132492065,0.9890730381011963,0.652407705783844,0.9296093583106995,1.0005885362625122,0.7940707802772522,1.165371298789978,1.2794345617294312,1.5640840530395508,1.8234487771987915,1.973210096359253,2.3298065662384033,2.50409197807312,2.8430073261260986
A6,1.5338051319122314,1.2719708681106567,0.9697226881980896,0.7108193635940552,0.38837671279907227,0.0,0.3968348801136017,0.5977820754051208,0.950227677822113,1.2135112285614014,1.540347933769226,1.8044036626815796,2.056842088699341,2.3459830284118652,2.639923334121704,2.4441640377044678,2.0962560176849365,1.925937533378601,1.528305172920227,1.5205358266830444,1.2321580648422241,0.9193907976150513,0.7938308715820312,0.5764679312705994,0.6055189967155457,0.7817223072052002,0.8148844838142395,1.1850290298461914,1.3310353755950928,1.7033510208129883,1.8559494018554688,1.4703764915466309,1.465401530265808,1.115885853767395,1.351656198501587,1.211535930633545,1.3137471675872803,1.2836025953292847,1.5309747457504272,1.5186102390289307,1.9015909433364868,1.9447617530822754,2.232208251953125,2.425264835357666,2.7517573833465576,2.5991790294647217,2.2641944885253906,1.959163784980774,1.6185580492019653,1.5176883935928345,1.223549723625183,0.8802143335342407,0.8899217844009399,0.6627599596977234,1.0437839031219482,1.2210826873779297,1.2901314496994019,1.6380813121795654,1.7978909015655518,2.146231174468994,1.5391299724578857,1.1992830038070679,0.9577900171279907,0.5764024257659912,0.6760559678077698,0.6481595635414124,0.4073472321033478,0.7973461151123047,0.9565733671188354,1.2635949850082397,1.5458754301071167,1.7466124296188354,2.0763099193573,2.291794538497925,2.61126446723938
A7,1.8468517065048218,1.572676420211792,1.2486335039138794,0.9421605467796326,0.5401250720024109,0.3968348801136017,0.0,0.40448594093322754,0.6331084370613098,0.9572436213493347,1.240769386291504,1.5013014078140259,1.768975019454956,2.0368905067443848,2.3540711402893066,2.08453369140625,1.752776861190796,1.553731918334961,1.157752275466919,1.1581333875656128,0.9121357798576355,0.573100209236145,0.6126244068145752,0.5314933061599731,0.769594669342041,1.0216747522354126,1.161522626876831,1.5136562585830688,1.7000274658203125,2.0681326389312744,2.1893796920776367,1.8028950691223145,1.7373402118682861,1.3698077201843262,1.5188766717910767,1.2862553596496582,1.3389623165130615,1.1921411752700806,1.394119381904602,1.2903095483779907,1.6596871614456177,1.6650629043579102,1.9244232177734375,2.108013391494751,2.42954158782959,2.288022518157959,1.9759137630462646,1.6697402000427246,1.3211168050765991,1.2924256324768066,1.0360958576202393,0.7383996248245239,0.8818375468254089,0.8290912508964539,1.2569948434829712,1.4952946901321411,1.6223663091659546,1.9587920904159546,2.1525466442108154,2.5070648193359375,1.916543960571289,1.5762619972229004,1.342472791671753,0.9681897759437561,1.0450997352600098,0.9239552617073059,0.5629887580871582,0.800788938999176,0.7887769341468811,1.0732252597808838,1.2950385808944702,1.4520699977874756,1.806448221206665,1.980828046798706,2.320756435394287
A8,2.130469560623169,1.8526887893676758,1.5586769580841064,1.254594087600708,0.8874475359916687,0.5977820754051208,0.40448594093322754,0.0,0.39788877964019775,0.6182393431663513,0.9498449563980103,1.2199277877807617,1.4600094556808472,1.7561146020889282,2.043046236038208,1.8935881853103638,1.5272431373596191,1.4038817882537842,1.013074517250061,1.0666345357894897,0.8696537613868713,0.6634840965270996,0.7062186002731323,0.8001461625099182,0.928738534450531,1.2548365592956543,1.342078447341919,1.6763596534729004,1.8616337776184082,2.215590238571167,2.2951855659484863,1.9316198825836182,1.853508710861206,1.4687883853912354,1.6186163425445557,1.3963218927383423,1.3402127027511597,1.2155436277389526,1.3150676488876343,1.2034811973571777,1.53351891040802,1.4812145233154297,1.7879090309143066,1.921889066696167,2.2751424312591553,2.022934675216675,1.6957690715789795,1.4194990396499634,1.0601557493209839,1.0189201831817627,0.8449868559837341,0.5136605501174927,0.8043478727340698,0.8246598243713379,1.2199400663375854,1.5308570861816406,1.6375417709350586,1.9920257329940796,2.1804487705230713,2.5579237937927246,2.1036548614501953,1.76552414894104,1.50526762008667,1.132412314414978,1.0660741329193115,0.8049237132072449,0.44138777256011963,0.4492935836315155,0.4054815173149109,0.6872437000274658,0.951848030090332,1.1550710201263428,1.479209542274475,1.7015560865402222,2.015794277191162
A9,2.468191146850586,2.1910839080810547,1.8773832321166992,1.5630449056625366,1.171397089958191,0.950227677822113,0.6331084370613098,0.39788877964019775,0.0,0.38977891206741333,0.6090534925460815,0.9036822319030762,1.1409434080123901,1.423440933227539,1.7309331893920898,1.5027397871017456,1.1483216285705566,1.021193265914917,0.6294708847999573,0.773107647895813,0.7276015877723694,0.609055757522583,0.8464884757995605,1.0338021516799927,1.2499793767929077,1.5839732885360718,1.7155905961990356,2.0477397441864014,2.2465245723724365,2.602325677871704,2.672452449798584,2.307840347290039,2.202347993850708,1.8154401779174805,1.9138388633728027,1.6422003507614136,1.5490868091583252,1.3384476900100708,1.3614449501037598,1.1445295810699463,1.4152930974960327,1.2814266681671143,1.5529838800430298,1.6439392566680908,1.9997386932373047,1.7045775651931763,1.4154307842254639,1.1640491485595703,0.7868037223815918,0.8948488831520081,0.8523333072662354,0.6613198518753052,1.0418355464935303,1.168041706085205,1.5590356588363647,1.8892825841903687,2.021052598953247,2.366708755493164,2.5688934326171875,2.947815179824829,2.477583169937134,2.143301010131836,1.8777108192443848,1.5085632801055908,1.4491331577301025,1.1823110580444336,0.8249260187149048,0.7152050733566284,0.4081484377384186,0.5734484195709229,0.6832542419433594,0.8412309885025024,1.1880677938461304,1.364122986793518,1.7012410163879395
A10,2.740931272506714,2.4463725090026855,2.164781093597412,1.8351339101791382,1.472678542137146,1.2135112285614014,0.9572436213493347,0.6182393431663513,0.38977891206741333,0.0,0.3908868432044983,0.6217625737190247,0.8535080552101135,1.1489790678024292,1.4275972843170166,1.3801968097686768,0.9851548671722412,0.9564492106437683,0.6492534875869751,0.780731737613678,0.7915938496589661,0.8444048166275024,1.0074986219406128,1.2762360572814941,1.423332929611206,1.7936931848526,1.911612629890442,2.2125656604766846,2.426252841949463,2.7606985569000244,2.779184103012085,2.441051721572876,2.3083293437957764,1.9224467277526855,1.9950605630874634,1.7324566841125488,1.5536752939224243,1.3647836446762085,1.2816475629806519,1.0703736543655396,1.2647391557693481,1.0741955041885376,1.3892418146133423,1.428140640258789,1.8075664043426514,1.4242339134216309,1.1057298183441162,0.8863276839256287,0.5215959548950195,0.6179490089416504,0.7335498929023743,0.641368567943573,1.0611717700958252,1.258650779724121,1.5857253074645996,1.9549435377120972,2.089538097381592,2.4250638484954834,2.6348793506622314,3.023138999938965,2.7023072242736816,2.360535144805908,2.1042184829711914,1.7354615926742554,1.6164718866348267,1.2823339700698853,0.9940416812896729,0.7167342305183411,0.4121467173099518,0.24192498624324799,0.39031982421875,0.5469779372215271,0.8642194271087646,1.0971444845199585,1.3995641469955444
A11,3.069262981414795,2.785432815551758,2.4824061393737793,2.1591532230377197,1.7762012481689453,1.540347933769226,1.240769386291504,0.9498449563980103,0.6090534925460815,0.3908868432044983,0.0,0.3897685110569,0.5347636342048645,0.8393129110336304,1.1278409957885742,1.007907509803772,0.6189149022102356,0.6793714165687561,0.48346033692359924,0.7648879289627075,0.960745096206665,1.0606619119644165,1.3148566484451294,1.5897750854492188,1.783478856086731,2.1462345123291016,2.2769181728363037,2.5881428718566895,2.797373056411743,3.138928174972534,3.16703724861145,2.824465751647949,2.6896936893463135,2.3033297061920166,2.360607385635376,2.077221393585205,1.8936313390731812,1.6624337434768677,1.538778305053711,1.2633260488510132,1.372065782546997,1.0895522832870483,1.3373395204544067,1.289119005203247,1.6655288934707642,1.1613459587097168,0.9216775298118591,0.8021203279495239,0.4836800694465637,0.7939903736114502,1.0256069898605347,1.0122438669204712,1.4288884401321411,1.6422420740127563,1.9742205142974854,2.343642234802246,2.479236364364624,2.815917730331421,3.0235681533813477,3.4120001792907715,3.045729160308838,2.71368408203125,2.440627336502075,2.0782358646392822,1.9588767290115356,1.635270595550537,1.3370530605316162,1.065195083618164,0.7014268636703491,0.5215547680854797,0.24276986718177795,0.29588302969932556,0.600638747215271,0.7764791250228882,1.1026618480682373
A12,3.3164443969726562,3.004930019378662,2.7265915870666504,2.374086856842041,2.015369415283203,1.8044036626815796,1.5013014078140259,1.2199277877807617,0.9036822319030762,0.6217625737190247,0.3897685110569,0.0,0.3826631009578705,0.5506137609481812,0.879789412021637,0.888795018196106,0.4970448315143585,0.591342031955719,0.5929129123687744,0.7227526307106018,0.9735866785049438,1.1977466344833374,1.4230931997299194,1.7568415403366089,1.9412332773208618,2.320611000061035,2.484593152999878,2.764540433883667,3.008190870285034,3.3324358463287354,3.3102128505706787,2.9845001697540283,2.804478406906128,2.42720627784729,2.426936149597168,2.1279563903808594,1.895290732383728,1.6446253061294556,1.4381303787231445,1.1444486379623413,1.1416760683059692,0.7999500036239624,1.026666522026062,0.9262262582778931,1.309012532234192,0.8085443377494812,0.5378803610801697,0.44831398129463196,0.2921081483364105,0.6605294942855835,1.0013483762741089,1.122881531715393,1.5064327716827393,1.7894928455352783,2.082073926925659,2.4640896320343018,2.6360814571380615,2.9451353549957275,3.181058883666992,3.568479299545288,3.31188702583313,2.9600226879119873,2.718186855316162,2.342531204223633,2.2364068031311035,1.8946892023086548,1.614197015762329,1.3201320171356201,1.0117698907852173,0.7188117504119873,0.5029290914535522,0.11576665937900543,0.4091458320617676,0.5070078372955322,0.8343527913093567
A13,3.5878360271453857,3.295240879058838,3.0048086643218994,2.6726059913635254,2.299654722213745,2.056842088699341,1.768975019454956,1.4600094556808472,1.1409434080123901,0.8535080552101135,0.5347636342048645,0.3826631009578705,0.0,0.37464988231658936,0.5953530073165894,0.7780799865722656,0.4511461555957794,0.7653283476829529,0.8469827175140381,1.0731993913650513,1.3449463844299316,1.5345525741577148,1.769838571548462,2.082618474960327,2.2555088996887207,2.6326169967651367,2.76344895362854,3.0549070835113525,3.2736997604370117,3.600860834121704,3.593019723892212,3.2709860801696777,3.1139345169067383,2.7345120906829834,2.761164426803589,2.478489875793457,2.2401134967803955,2.011892557144165,1.7986841201782227,1.52049720287323,1.4905650615692139,1.1281394958496094,1.316488265991211,1.1228333711624146,1.4819785356521606,0.738321840763092,0.608721137046814,0.7349724769592285,0.6683475971221924,0.9878309965133667,1.3485136032104492,1.430753231048584,1.82793128490448,2.082526206970215,2.365619659423828,2.751455783843994,2.890686273574829,3.2127697467803955,3.4247615337371826,3.8154842853546143,3.5426511764526367,3.209432601928711,2.9390199184417725,2.580004930496216,2.4304358959198,2.0802953243255615,1.8226743936538696,1.494107961654663,1.169692039489746,0.8843803405761719,0.5500789880752563,0.35738298296928406,0.15405532717704773,0.31865447759628296,0.5773553848266602
A14,3.863384962081909,3.5546560287475586,3.271584987640381,2.921128749847412,2.5573062896728516,2.3459830284118652,2.0368905067443848,1.7561146020889282,1.423440933227539,1.1489790678024292,0.8393129110336304,0.5506137609481812,0.37464988231658936,0.0,0.3838135004043579,0.646487832069397,0.4654221534729004,0.7733113169670105,1.0028877258300781,1.1512823104858398,1.4698996543884277,1.717728614807129,1.9601761102676392,2.2998852729797363,2.4892733097076416,2.869623899459839,3.0334935188293457,3.3103091716766357,3.553277015686035,3.8741672039031982,3.840240955352783,3.523455858230591,3.33526873588562,2.962493419647217,2.9455785751342773,2.6441752910614014,2.3887741565704346,2.1331405639648438,1.878296136856079,1.5809924602508545,1.461519718170166,1.0744777917861938,1.1664568185806274,0.8901872634887695,1.2050237655639648,0.3819797933101654,0.4330025911331177,0.6991943120956421,0.8073181509971619,1.1255698204040527,1.5082192420959473,1.6643486022949219,2.036132574081421,2.330491304397583,2.6018941402435303,2.9892420768737793,3.1583220958709717,3.461743116378784,3.695638656616211,4.083923816680908,3.8508825302124023,3.504380464553833,3.252714157104492,2.882611036300659,2.7569925785064697,2.406583786010742,2.1405155658721924,1.822069525718689,1.5058517456054688,1.2031835317611694,0.904465913772583,0.6028010249137878,0.4031376838684082,0.07342725992202759,0.3246738612651825
A15,4.167255401611328,3.8641388416290283,3.5851848125457764,3.2424581050872803,2.8790340423583984,2.639923334121704,2.3540711402893066,2.043046236038208,1.7309331893920898,1.4275972843170166,1.1278409957885742,0.879789412021637,0.5953530073165894,0.3838135004043579,0.0,0.8716309070587158,0.7946798801422119,1.1434247493743896,1.3645458221435547,1.5295437574386597,1.8302780389785767,2.0735867023468018,2.2956204414367676,2.6338467597961426,2.7960455417633057,3.1811130046844482,3.3197693824768066,3.5920541286468506,3.8232243061065674,4.136654853820801,4.094437599182129,3.791304588317871,3.6107780933380127,3.2415099143981934,3.2350378036499023,2.9523425102233887,2.6760847568511963,2.4498796463012695,2.173954486846924,1.9061732292175293,1.7609072923660278,1.3790794610977173,1.4687906503677368,1.1515077352523804,1.418841004371643,0.49486055970191956,0.6636345982551575,1.0044865608215332,1.138300895690918,1.4034470319747925,1.8067487478256226,1.9537386894226074,2.3230385780334473,2.608165740966797,2.8517544269561768,3.244107723236084,3.392313003540039,3.6954476833343506,3.9147908687591553,4.3037428855896,4.114673614501953,3.777547597885132,3.514936685562134,3.1560304164886475,2.9937639236450195,2.629650354385376,2.396312713623047,2.0445632934570312,1.7478830814361572,1.4304206371307373,1.1280874013900757,0.9066054821014404,0.5705240964889526,0.4269115626811981,0.0813501626253128
B1,3.923924446105957,3.641291379928589,3.3180630207061768,2.9894309043884277,2.6010122299194336,2.4441640377044678,2.08453369140625,1.8935881853103638,1.5027397871017456,1.3801968097686768,1.007907509803772,0.888795018196106,0.7780799865722656,0.646487832069397,0.8716309070587158,0.0,0.40391969680786133,0.6060292720794678,0.9451902508735657,1.1805355548858643,1.5785114765167236,1.7583218812942505,2.098715305328369,2.390347719192505,2.660428047180176,3.008129358291626,3.19640851020813,3.507244825363159,3.737220287322998,4.084893703460693,4.106956481933594,3.757270574569702,3.588517665863037,3.208150863647461,3.2016098499298096,2.8700790405273438,2.6825003623962402,2.370680332183838,2.1868467330932617,1.8329200744628906,1.7648979425430298,1.4054020643234253,1.3895677328109741,1.1623916625976562,1.3905832767486572,0.8361244797706604,0.9891095161437988,1.1167840957641602,1.1148182153701782,1.5163155794143677,1.8139249086380005,1.9246505498886108,2.30920147895813,2.573754072189331,2.9119863510131836,3.278817653656006,3.451847791671753,3.7726216316223145,4.003611087799072,4.389066696166992,3.9744882583618164,3.642277479171753,3.3733577728271484,3.009214162826538,2.9313738346099854,2.6306729316711426,2.307945728302002,2.070643901824951,1.6931695938110352,1.5129661560058594,1.1645475625991821,0.9263967275619507,0.9085750579833984,0.6127243638038635,0.8403095602989197
B2,3.599212169647217,3.3087892532348633,2.997380495071411,2.662281036376953,2.278020143508911,2.0962560176849365,1.752776861190796,1.5272431373596191,1.1483216285705566,0.9851548671722412,0.6189149022102356,0.4970448315143585,0.4511461555957794,0.4654221534729004,0.7946798801422119,0.40391969680786133,0.0,0.39621952176094055,0.6405321955680847,0.8953738212585449,1.260663628578186,1.4443715810775757,1.7565475702285767,2.0584347248077393,2.301412343978882,2.660332441329956,2.835176706314087,3.1403846740722656,3.370619297027588,3.7128098011016846,3.726027011871338,3.382200002670288,3.2160744667053223,2.834312915802002,2.8391823768615723,2.5205190181732178,2.3228237628936768,2.033249616622925,1.8517183065414429,1.514736533164978,1.4863100051879883,1.12722647190094,1.2097628116607666,1.0312615633010864,1.3472410440444946,0.7642450332641602,0.7458678483963013,0.8048840165138245,0.7343671917915344,1.138188362121582,1.4403340816497803,1.5381802320480347,1.9301406145095825,2.1926193237304688,2.521716594696045,2.893130302429199,3.060343027114868,3.3816158771514893,3.610142230987549,3.9969232082366943,3.6250925064086914,3.2876062393188477,3.0230541229248047,2.6551403999328613,2.564344644546509,2.250260353088379,1.9380695819854736,1.682979702949524,1.3166170120239258,1.1137241125106812,0.7807796001434326,0.5256375074386597,0.588445782661438,0.4026445150375366,0.7561344504356384
B3,3.3778955936431885,3.0786149501800537,2.768620014190674,2.423163414001465,2.049588441848755,1.925937533378601,1.553731918334961,1.4038817882537842,1.021193265914917,0.9564492106437683,0.6793714165687561,0.591342031955719,0.7653283476829529,0.7733113169670105,1.1434247493743896,0.6060292720794678,0.39621952176094055,0.0,0.400570809841156,0.5794351100921631,0.9816140532493591,1.1674079895019531,1.5106326341629028,1.8072396516799927,2.090524196624756,2.432842254638672,2.648029088973999,2.948591709136963,3.1968472003936768,3.5408775806427,3.556373357772827,3.202910900115967,3.021667957305908,2.645878791809082,2.6254992485046387,2.2846882343292236,2.1214091777801514,1.793581247329712,1.6499210596084595,1.285707712173462,1.2930080890655518,0.9865665435791016,1.0280461311340332,0.959714412689209,1.2534465789794922,0.9692769646644592,0.8873822689056396,0.7892096042633057,0.6770159602165222,1.0710340738296509,1.287118911743164,1.401082158088684,1.762263298034668,2.033241033554077,2.38455867767334,2.737640857696533,2.9349632263183594,3.243910789489746,3.4917259216308594,3.8704771995544434,3.4645302295684814,3.116130828857422,2.877103328704834,2.499678134918213,2.467761516571045,2.1837165355682373,1.8403676748275757,1.6532655954360962,1.297987699508667,1.1494158506393433,0.9087063670158386,0.6431649923324585,0.8789235949516296,0.7252450585365295,1.0905038118362427
B4,2.9918906688690186,2.6993119716644287,2.384493589401245,2.046450138092041,1.664360761642456,1.528305172920227,1.157752275466919,1.013074517250061,0.6294708847999573,0.6492534875869751,0.48346033692359924,0.5929129123687744,0.8469827175140381,1.0028877258300781,1.3645458221435547,0.9451902508735657,0.6405321955680847,0.400570809841156,0.0,0.41064223647117615,0.7197871804237366,0.8234718441963196,1.176536202430725,1.447162389755249,1.7284995317459106,2.066291093826294,2.2651538848876953,2.5774660110473633,2.812333822250366,3.1621756553649902,3.1991159915924072,2.838183879852295,2.679738998413086,2.299123764038086,2.3131825923919678,1.9854336977005005,1.8515602350234985,1.5445003509521484,1.4638688564300537,1.1258577108383179,1.252387285232544,1.0113407373428345,1.1615746021270752,1.1879937648773193,1.5159993171691895,1.2495102882385254,1.0548690557479858,0.8524356484413147,0.5688872933387756,0.9098799824714661,1.0373034477233887,1.071065902709961,1.4432196617126465,1.6769260168075562,2.0493476390838623,2.3931972980499268,2.575164556503296,2.895353078842163,3.1311802864074707,3.508835554122925,3.066537857055664,2.7219951152801514,2.477587938308716,2.1020050048828125,2.074385643005371,1.8037853240966797,1.450483798980713,1.29737389087677,0.9474306702613831,0.8759040236473083,0.7215952277183533,0.5936577916145325,0.9429312348365784,0.9448686838150024,1.3200645446777344
B5,2.9149913787841797,2.5887370109558105,2.3094418048858643,1.9371787309646606,1.5999815464019775,1.5205358266830444,1.1581333875656128,1.0666345357894897,0.773107647895813,0.780731737613678,0.7648879289627075,0.7227526307106018,1.0731993913650513,1.1512823104858398,1.5295437574386597,1.1805355548858643,0.8953738212585449,0.5794351100921631,0.41064223647117615,0.0,0.4113317131996155,0.6624283194541931,0.9688737392425537,1.2919186353683472,1.5741393566131592,1.9145164489746094,2.165076494216919,2.4395666122436523,2.716397285461426,3.0472543239593506,3.0393505096435547,2.6899073123931885,2.4840526580810547,2.1183156967163086,2.0692296028137207,1.718240737915039,1.5737899541854858,1.2287033796310425,1.132299780845642,0.7691145539283752,0.8979324102401733,0.7345746159553528,0.8672792315483093,1.0103400945663452,1.3093109130859375,1.2932980060577393,1.051891803741455,0.747076153755188,0.547426164150238,0.7662715911865234,0.8182469606399536,0.9584848880767822,1.2565484046936035,1.5473006963729858,1.8953269720077515,2.230576753616333,2.4621334075927734,2.747253894805908,3.01822566986084,3.3868353366851807,3.036252737045288,2.66658353805542,2.475029230117798,2.0848164558410645,2.1065242290496826,1.8428232669830322,1.4994587898254395,1.3782224655151367,1.1106607913970947,1.0025736093521118,0.9733210206031799,0.7681807279586792,1.1298450231552124,1.1128383874893188,1.4698809385299683
B6,2.571133852005005,2.226891279220581,1.9760017395019531,1.5869855880737305,1.2868809700012207,1.2321580648422241,0.9121357798576355,0.8696537613868713,0.7276015877723694,0.7915938496589661,0.960745096206665,0.9735866785049438,1.3449463844299316,1.4698996543884277,1.8302780389785767,1.5785114765167236,1.260663628578186,0.9816140532493591,0.7197871804237366,0.4113317131996155,0.0,0.37762102484703064,0.5746881365776062,0.9264417290687561,1.1874393224716187,1.5300194025039673,1.7966371774673462,2.0505146980285645,2.3439042568206787,2.663728952407837,2.641024112701416,2.2953810691833496,2.078077554702759,1.7175393104553223,1.6596001386642456,1.3081941604614258,1.1827644109725952,0.8400987386703491,0.8211864829063416,0.5173212289810181,0.8139070868492126,0.8166122436523438,1.0248605012893677,1.2565752267837524,1.5441763401031494,1.60416841506958,1.2983053922653198,0.9395495057106018,0.7155318856239319,0.7098082304000854,0.5437815189361572,0.6652022004127502,0.8830310106277466,1.1783393621444702,1.520804762840271,1.8405430316925049,2.090510129928589,2.3605122566223145,2.6427972316741943,3.0042195320129395,2.7007689476013184,2.318690061569214,2.1623458862304688,1.7686684131622314,1.8239728212356567,1.5808773040771484,1.2571969032287598,1.1978598833084106,1.0376352071762085,0.9852083325386047,1.1112557649612427,0.9970590472221375,1.3711838722229004,1.4341061115264893,1.7729557752609253
B7,2.2529261112213135,1.930057406425476,1.6475447416305542,1.2762367725372314,0.9433983564376831,0.9193907976150513,0.573100209236145,0.6634840965270996,0.609055757522583,0.8444048166275024,1.0606619119644165,1.1977466344833374,1.5345525741577148,1.717728614807129,2.0735867023468018,1.7583218812942505,1.4443715810775757,1.1674079895019531,0.8234718441963196,0.6624283194541931,0.37762102484703064,0.0,0.4135298430919647,0.6446735262870789,0.9708420038223267,1.2800977230072021,1.536097526550293,1.8262807130813599,2.0907773971557617,2.4316446781158447,2.4673891067504883,2.098149299621582,1.9288843870162964,1.5632853507995605,1.5692334175109863,1.2377350330352783,1.2110822200775146,0.9150924682617188,1.0386312007904053,0.8272007703781128,1.1725963354110718,1.1888471841812134,1.3959232568740845,1.6150858402252197,1.9048649072647095,1.9044489860534668,1.6055059432983398,1.265564203262329,0.973293125629425,0.9773529767990112,0.7382182478904724,0.6572647094726562,0.8470033407211304,1.026865839958191,1.4251887798309326,1.7091467380523682,1.929992437362671,2.2211642265319824,2.478916883468628,2.834752082824707,2.39688777923584,2.0274710655212402,1.8551907539367676,1.4680577516555786,1.5594216585159302,1.3712201118469238,1.020755648612976,1.074461817741394,0.9421900510787964,1.0372400283813477,1.1948249340057373,1.190436840057373,1.5757721662521362,1.670853614807129,2.024587631225586
B8,2.0257532596588135,1.6699316501617432,1.4475215673446655,1.0482115745544434,0.8056135177612305,0.7938308715820312,0.6126244068145752,0.7062186002731323,0.8464884757995605,1.0074986219406128,1.3148566484451294,1.4230931997299194,1.769838571548462,1.9601761102676392,2.2956204414367676,2.098715305328369,1.7565475702285767,1.5106326341629028,1.176536202430725,0.9688737392425537,0.5746881365776062,0.4135298430919647,0.0,0.3929397463798523,0.6160277724266052,0.9577597379684448,1.2307865619659424,1.4783029556274414,1.7753796577453613,2.0933420658111572,2.0868730545043945,1.7309305667877197,1.5335427522659302,1.169962763786316,1.1600277423858643,0.8365674614906311,0.8229771256446838,0.5910199284553528,0.817514955997467,0.7665162086486816,1.1625698804855347,1.2812817096710205,1.5305514335632324,1.7883272171020508,2.0708916187286377,2.1210694313049316,1.778384804725647,1.4184519052505493,1.1612030267715454,1.0090761184692383,0.6366548538208008,0.5194852352142334,0.4945279061794281,0.6758539080619812,1.044981837272644,1.3178540468215942,1.5686267614364624,1.8356486558914185,2.1136393547058105,2.4648029804229736,2.155003309249878,1.7646249532699585,1.6473556756973267,1.2587685585021973,1.3738617897033691,1.198838472366333,0.9233861565589905,1.021557331085205,1.044559359550476,1.1313375234603882,1.3948063850402832,1.4140781164169312,1.7793041467666626,1.920628547668457,2.246640205383301
B9,1.6468253135681152,1.3012882471084595,1.0608325004577637,0.6630409955978394,0.4462472200393677,0.5764679312705994,0.5314933061599731,0.8001461625099182,1.0338021516799927,1.2762360572814941,1.5897750854492188,1.7568415403366089,2.082618474960327,2.2998852729797363,2.6338467597961426,2.390347719192505,2.0584347248077393,1.8072396516799927,1.447162389755249,1.2919186353683472,0.9264417290687561,0.6446735262870789,0.3929397463798523,0.0,0.4001053273677826,0.6391149163246155,0.9276868104934692,1.2036887407302856,1.4757378101348877,1.8105320930480957,1.8678169250488281,1.4885194301605225,1.3477821350097656,1.002335786819458,1.0687661170959473,0.8092400431632996,0.9562510251998901,0.8316909670829773,1.1473984718322754,1.1462947130203247,1.5434492826461792,1.6720808744430542,1.9081791639328003,2.1689724922180176,2.445803165435791,2.485581874847412,2.1493351459503174,1.796724557876587,1.5141019821166992,1.380338430404663,1.0087833404541016,0.8026068806648254,0.6882641911506653,0.6367118954658508,1.014961838722229,1.1926887035369873,1.4123761653900146,1.681006908416748,1.9327361583709717,2.2640721797943115,1.8169100284576416,1.4338619709014893,1.334000825881958,0.9632482528686523,1.1711137294769287,1.1090946197509766,0.8642832636833191,1.1148017644882202,1.1991392374038696,1.3864455223083496,1.6580827236175537,1.7345026731491089,2.101379871368408,2.2545876502990723,2.5892386436462402
B10,1.4944431781768799,1.1276297569274902,0.9768756031990051,0.6038079857826233,0.5722681283950806,0.6055189967155457,0.769594669342041,0.928738534450531,1.2499793767929077,1.423332929611206,1.783478856086731,1.9412332773208618,2.2555088996887207,2.4892733097076416,2.7960455417633057,2.660428047180176,2.301412343978882,2.090524196624756,1.7284995317459106,1.5741393566131592,1.1874393224716187,0.9708420038223267,0.6160277724266052,0.4001053273677826,0.0,0.39343807101249695,0.6293449997901917,0.8655218482017517,1.162589430809021,1.4776910543441772,1.4984831809997559,1.1275854110717773,0.9861598014831543,0.6198217272758484,0.7621977925300598,0.6142944097518921,0.785544216632843,0.8431935906410217,1.1692982912063599,1.2824671268463135,1.6710026264190674,1.8304811716079712,2.1059763431549072,2.3654286861419678,2.6508054733276367,2.6694459915161133,2.304938316345215,1.957983374595642,1.6917415857315063,1.475516676902771,1.0840380191802979,0.8516055941581726,0.5818932056427002,0.3497488498687744,0.6497266292572021,0.7947133183479309,1.018419861793518,1.283867359161377,1.5420160293579102,1.8796045780181885,1.584663987159729,1.1840652227401733,1.1349021196365356,0.7818580269813538,0.976387083530426,0.9359027743339539,0.8302082419395447,1.089874029159546,1.297971248626709,1.4715678691864014,1.8041402101516724,1.9118385314941406,2.250303268432617,2.448106527328491,2.7551753520965576
B11,1.1320703029632568,0.7484967112541199,0.6657767295837402,0.3524235785007477,0.603979229927063,0.7817223072052002,1.0216747522354126,1.2548365592956543,1.5839732885360718,1.7936931848526,2.1462345123291016,2.320611000061035,2.6326169967651367,2.869623899459839,3.1811130046844482,3.008129358291626,2.660332441329956,2.432842254638672,2.066291093826294,1.9145164489746094,1.5300194025039673,1.2800977230072021,0.9577597379684448,0.6391149163246155,0.39343807101249695,0.0,0.39242619276046753,0.5854865312576294,0.8778834342956543,1.1892756223678589,1.2679061889648438,0.8820004463195801,0.8066698312759399,0.5470448732376099,0.748222827911377,0.7329627871513367,1.0293711423873901,1.1325360536575317,1.49564790725708,1.629081130027771,2.0160694122314453,2.19909930229187,2.454145669937134,2.729830265045166,2.9998619556427,3.052354335784912,2.692423105239868,2.3418803215026855,2.073721170425415,1.8669373989105225,1.4709733724594116,1.2429566383361816,0.9617615342140198,0.6838094592094421,0.83113694190979,0.780059814453125,0.9636530876159668,1.172067642211914,1.4030922651290894,1.6924662590026855,1.3013126850128174,0.9056454300880432,0.9601936936378479,0.7019762396812439,1.0186488628387451,1.1221349239349365,1.0831242799758911,1.4098527431488037,1.6336606740951538,1.8438045978546143,2.170090913772583,2.2899491786956787,2.633155584335327,2.8265953063964844,3.14048433303833
B12,0.9639087915420532,0.6448728442192078,0.6120316386222839,0.5164898633956909,0.7570633888244629,0.8148844838142395,1.161522626876831,1.342078447341919,1.7155905961990356,1.911612629890442,2.2769181728363037,2.484593152999878,2.76344895362854,3.0334935188293457,3.3197693824768066,3.19640851020813,2.835176706314087,2.648029088973999,2.2651538848876953,2.165076494216919,1.7966371774673462,1.536097526550293,1.2307865619659424,0.9276868104934692,0.6293449997901917,0.39242619276046753,0.0,0.38347676396369934,0.5548722147941589,0.910334587097168,1.074508786201477,0.6813063025474548,0.777737557888031,0.5775563716888428,0.9273848533630371,1.0237016677856445,1.2666192054748535,1.4324415922164917,1.7611305713653564,1.906789779663086,2.2901973724365234,2.445145845413208,2.7321248054504395,2.981327533721924,3.2759177684783936,3.2425119876861572,2.8751425743103027,2.54488468170166,2.2578041553497314,2.0440919399261475,1.6744837760925293,1.3949896097183228,1.1402837038040161,0.7728000283241272,0.8301668763160706,0.7018696069717407,0.7233595252037048,0.975394070148468,1.1242170333862305,1.4196112155914307,0.9668185114860535,0.5632431507110596,0.6248664855957031,0.4578423500061035,0.7596893906593323,0.961635172367096,1.0463359355926514,1.3945667743682861,1.6796728372573853,1.9213546514511108,2.263690710067749,2.438584566116333,2.757315158843994,2.98803973197937,3.2871081829071045
B13,0.9583106637001038,0.6425392627716064,0.8200465440750122,0.7907590866088867,1.1041817665100098,1.1850290298461914,1.5136562585830688,1.6763596534729004,2.0477397441864014,2.2125656604766846,2.5881428718566895,2.764540433883667,3.0549070835113525,3.3103091716766357,3.5920541286468506,3.507244825363159,3.1403846740722656,2.948591709136963,2.5774660110473633,2.4395666122436523,2.0505146980285645,1.8262807130813599,1.4783029556274414,1.2036887407302856,0.8655218482017517,0.5854865312576294,0.38347676396369934,0.0,0.3827042281627655,0.6216498017311096,0.710807204246521,0.31578195095062256,0.47353148460388184,0.4853133261203766,0.8115153312683105,1.037977933883667,1.3044465780258179,1.5442924499511719,1.876177191734314,2.081423759460449,2.4474411010742188,2.6450767517089844,2.9270639419555664,3.195394992828369,3.471799850463867,3.4941043853759766,3.1160950660705566,2.779695510864258,2.5228331089019775,2.26767897605896,1.8845734596252441,1.6480579376220703,1.3257207870483398,0.9868937134742737,0.8798843622207642,0.5850440859794617,0.6056830286979675,0.7063606977462769,0.8749457001686096,1.1220734119415283,0.9660732746124268,0.6113961338996887,0.8564066886901855,0.8145000338554382,1.0635087490081787,1.2561105489730835,1.3881133794784546,1.697610855102539,2.0053458213806152,2.210683822631836,2.570422410964966,2.7254884243011475,3.037130832672119,3.2698235511779785,3.556917667388916
