,A1,A2,A3,A4,A5,A6,A7,A8,A9,A10,A11,A12,A13,A14,A15,B1,B2,B3,B4,B5,B6,B7,B8,B9,B10,B11,B12,B13,B14,B15,C1,C2,C3,C4,C5,C6,C7,C8,C9,C10,C11,C12,C13,C14,C15,D1,D2,D3,D4,D5,D6,D7,D8,D9,D10,D11,D12,D13,D14,D15,E1,E2,E3,E4,E5,E6,E7,E8,E9,E10,E11,E12,E13,E14,E15
A1,0.0,0.3824702799320221,0.6101481914520264,0.9144937992095947,1.2274301052093506,1.3622784614562988,1.662919044494629,1.9361218214035034,2.3001034259796143,2.474738359451294,2.8430516719818115,3.094736337661743,3.2779059410095215,3.6363587379455566,3.8032124042510986,3.5021612644195557,3.199472188949585,3.0686728954315186,2.7020182609558105,2.703963279724121,2.3942079544067383,2.102379322052002,1.8764495849609375,1.642159342765808,1.3433104753494263,1.2721949815750122,0.908908486366272,0.9323310852050781,1.0391676425933838,1.035959243774414,3.372189998626709,3.1620800495147705,2.9532582759857178,2.6167523860931396,2.643883228302002,2.4218428134918213,2.0660319328308105,1.9665539264678955,1.5939490795135498,1.6459784507751465,1.4185348749160767,1.2568180561065674,1.4499469995498657,1.2003228664398193,1.46962571144104,0.5066947937011719,0.41949886083602905,0.7026469707489014,1.0428029298782349,1.05729079246521,1.4019664525985718,1.6412888765335083,1.970537781715393,2.25784969329834,2.5293126106262207,2.847841262817383,3.0469048023223877,3.389347553253174,3.5318362712860107,3.8805482387542725,3.390070915222168,3.174346446990967,3.026979923248291,2.68571138381958,2.7544307708740234,2.5310370922088623,2.1710100173950195,2.096665859222412,1.7320326566696167,1.7925795316696167,1.58183753490448,1.4279284477233887,1.6759138107299805,1.7358323335647583,1.6891697645187378
A2,0.3824702799320221,0.0,0.40514469146728516,0.665017306804657,0.9445652961730957,1.0204129219055176,1.3465157747268677,1.5886965990066528,1.9553114175796509,2.148123264312744,2.505472183227539,2.771512985229492,2.9688210487365723,3.3192152976989746,3.505526304244995,3.185166835784912,2.8994991779327393,2.7653045654296875,2.3970165252685547,2.42733097076416,2.1414694786071777,1.8211517333984375,1.6423366069793701,1.3918150663375854,1.1471914052963257,1.1001845598220825,0.7471292018890381,0.9139583110809326,0.983521580696106,1.053500771522522,3.09197998046875,2.8643646240234375,2.6794135570526123,2.3279812335968018,2.3631742000579834,2.1347672939300537,1.7695850133895874,1.677551507949829,1.3132787942886353,1.34514319896698,1.1730003356933594,0.9796772599220276,1.23037850856781,1.0176879167556763,1.3236682415008545,0.5555996298789978,0.3393317461013794,0.4763704240322113,0.749832034111023,0.7147194743156433,1.0359885692596436,1.2966649532318115,1.6092735528945923,1.9133715629577637,2.168543577194214,2.4985129833221436,2.701263427734375,3.0378634929656982,3.1967101097106934,3.5405538082122803,3.1016738414764404,2.863382577896118,2.7301459312438965,2.3778655529022217,2.4429705142974854,2.213736057281494,1.8508878946304321,1.7727888822555542,1.4142851829528809,1.4565908908843994,1.2863537073135376,1.112278699874878,1.3950703144073486,1.5176434516906738,1.500484824180603
A3,0.6101481914520264,0.40514469146728516,0.0,0.38226598501205444,0.6556811928749084,0.8510388135910034,1.1600462198257446,1.4637798070907593,1.8001757860183716,2.0178463459014893,2.369845390319824,2.5930674076080322,2.8109536170959473,3.1560041904449463,3.3191518783569336,2.984078884124756,2.690244436264038,2.5207386016845703,2.1600160598754883,2.1386170387268066,1.8261539936065674,1.5243152379989624,1.2918517589569092,1.0347286462783813,0.7591734528541565,0.7164265513420105,0.3958797752857208,0.6475589871406555,0.8294554352760315,1.0448753833770752,2.7949917316436768,2.6020023822784424,2.4185705184936523,2.081843376159668,2.165065288543701,1.9915884733200073,1.6209992170333862,1.6213451623916626,1.2978097200393677,1.4258943796157837,1.347823143005371,1.2193281650543213,1.531313180923462,1.3725805282592773,1.6955982446670532,0.7933944463729858,0.4162018299102783,0.24048221111297607,0.5471538305282593,0.5216707587242126,0.896183431148529,1.088604211807251,1.431062936782837,1.686274528503418,1.9858652353286743,2.2775778770446777,2.483877182006836,2.825411081314087,2.955259084701538,3.3131661415100098,2.8075625896453857,2.600950241088867,2.4807918071746826,2.142171621322632,2.260427713394165,2.083965301513672,1.7127604484558105,1.723907470703125,1.4041035175323486,1.5261255502700806,1.4467474222183228,1.3207666873931885,1.6532535552978516,1.8361393213272095,1.8473652601242065
A4,0.9144937992095947,0.665017306804657,0.38226598501205444,0.0,0.3250808119773865,0.5575941801071167,0.8051881194114685,1.1443240642547607,1.4699541330337524,1.666382908821106,2.0255789756774902,2.2347023487091064,2.4426963329315186,2.791713237762451,2.9453306198120117,2.6235697269439697,2.3200831413269043,2.1646485328674316,1.8018938302993774,1.7903361320495605,1.4870946407318115,1.1889092922210693,0.9934476613998413,0.8059641122817993,0.5633848905563354,0.7239209413528442,0.5854312777519226,0.9242175221443176,1.1356760263442993,1.3987122774124146,2.458110809326172,2.2514891624450684,2.051631212234497,1.715624213218689,1.7860950231552124,1.6191215515136719,1.252073049545288,1.284530520439148,0.994764506816864,1.193066954612732,1.1958473920822144,1.156061053276062,1.5126149654388428,1.4448044300079346,1.8029664754867554,0.9014955759048462,0.5635151863098145,0.2131914347410202,0.20576265454292297,0.4139639139175415,0.7367715239524841,0.8168140053749084,1.2025705575942993,1.4217591285705566,1.7181971073150635,2.0118398666381836,2.181932210922241,2.5379254817962646,2.647718906402588,2.9992525577545166,2.476447820663452,2.266610860824585,2.121755838394165,1.7861225605010986,1.894191861152649,1.7257838249206543,1.3574573993682861,1.4021894931793213,1.110253930091858,1.301730751991272,1.2863826751708984,1.2444674968719482,1.611596703529358,1.8495992422103882,1.930924415588379
A5,1.2274301052093506,0.9445652961730957,0.6556811928749084,0.3250808119773865,0.0,0.35400739312171936,0.556625247001648,0.9056708216667175,1.1962143182754517,1.4245564937591553,1.763893961906433,1.9563813209533691,2.188612461090088,2.525146007537842,2.6821250915527344,2.336029291152954,2.0441465377807617,1.865122675895691,1.5053982734680176,1.4921507835388184,1.2013846635818481,0.8800068497657776,0.7239859104156494,0.5431320667266846,0.43900299072265625,0.6883599758148193,0.7065020203590393,1.0793169736862183,1.2660534381866455,1.5719552040100098,2.153061628341675,1.9474691152572632,1.7718058824539185,1.430216908454895,1.5411968231201172,1.4101756811141968,1.0421422719955444,1.1594908237457275,0.9490451812744141,1.1744935512542725,1.2829127311706543,1.2649763822555542,1.6394649744033813,1.6187233924865723,1.971750259399414,1.2043085098266602,0.8841516971588135,0.5342509746551514,0.2673496901988983,0.39816713333129883,0.5713439583778381,0.5306828022003174,0.9253257513046265,1.1086400747299194,1.416952133178711,1.695622205734253,1.8647711277008057,2.2204997539520264,2.3258426189422607,2.6804440021514893,2.165682077407837,1.9512473344802856,1.8256478309631348,1.4876656532287598,1.6266430616378784,1.4922319650650024,1.1248376369476318,1.2381774187088013,1.0127882957458496,1.2316797971725464,1.3149176836013794,1.2975900173187256,1.67267906665802,1.9573644399642944,2.0616254806518555
A6,1.3622784614562988,1.0204129219055176,0.8510388135910034,0.5575941801071167,0.35400739312171936,0.0,0.37927669286727905,0.6178692579269409,0.9539976119995117,1.1944563388824463,1.5290827751159668,1.7742645740509033,2.0081915855407715,2.3406264781951904,2.5364279747009277,2.1807587146759033,1.9151594638824463,1.763941764831543,1.3977420330047607,1.4733303785324097,1.255689263343811,0.8956404328346252,0.8991893529891968,0.7453630566596985,0.7706412672996521,0.969182550907135,0.9503094553947449,1.3344972133636475,1.4469876289367676,1.714347243309021,2.1242964267730713,1.8688349723815918,1.7226965427398682,1.354364275932312,1.4316941499710083,1.2491730451583862,0.8737301230430603,0.9450806975364685,0.7533266544342041,0.9096779227256775,1.0859335660934448,1.0578103065490723,1.4315588474273682,1.462051272392273,1.8028614521026611,1.2795066833496094,1.022494912147522,0.7217096090316772,0.3813060522079468,0.4177935719490051,0.3628665506839752,0.3314691483974457,0.7033202648162842,0.9532156586647034,1.199578046798706,1.5320427417755127,1.6955329179763794,2.0456769466400146,2.190119743347168,2.5275285243988037,2.1254830360412598,1.8584387302398682,1.736978530883789,1.3751552104949951,1.4611074924468994,1.2762062549591064,0.9054814577102661,0.9596064686775208,0.7371941804885864,0.910992443561554,1.0492098331451416,1.0365231037139893,1.405081033706665,1.7221295833587646,1.8540173768997192
A7,1.662919044494629,1.3465157747268677,1.1600462198257446,0.8051881194114685,0.556625247001648,0.37927669286727905,0.0,0.39957284927368164,0.6805081963539124,0.8699851036071777,1.2215884923934937,1.4379228353500366,1.6551181077957153,1.996907353401184,2.1748623847961426,1.8416430950164795,1.5562058687210083,1.4308815002441406,1.0607036352157593,1.1618939638137817,0.9815216660499573,0.6545809507369995,0.7846496105194092,0.8020474910736084,0.8957716226577759,1.1944851875305176,1.252035140991211,1.6313046216964722,1.784454345703125,2.0732128620147705,1.8217968940734863,1.5457950830459595,1.3703182935714722,1.002884864807129,1.053972601890564,0.8857558369636536,0.5140548944473267,0.6949390172958374,0.6486903429031372,0.9003051519393921,1.165092945098877,1.2479933500289917,1.613006830215454,1.7124637365341187,2.061969041824341,1.5058293342590332,1.2820768356323242,0.9911432862281799,0.6282802820205688,0.7849568724632263,0.6816777586936951,0.4186398684978485,0.7296431064605713,0.8496768474578857,1.0640168190002441,1.3785523176193237,1.4688102006912231,1.8382635116577148,1.9433033466339111,2.268176555633545,1.833345890045166,1.5657272338867188,1.398396611213684,1.0422812700271606,1.105810284614563,0.9383480548858643,0.5688266158103943,0.7278546690940857,0.6269788146018982,0.9113741517066956,1.1281368732452393,1.2269374132156372,1.5820051431655884,1.9180068969726562,2.102841854095459
A8,1.9361218214035034,1.5886965990066528,1.4637798070907593,1.1443240642547607,0.9056708216667175,0.6178692579269409,0.39957284927368164,0.0,0.3798384964466095,0.6076606512069702,0.9243457913398743,1.212044596672058,1.4415786266326904,1.7630679607391357,1.9938791990280151,1.6400117874145508,1.408927083015442,1.3169968128204346,0.9684229493141174,1.188379168510437,1.1304670572280884,0.8205773234367371,1.0800822973251343,1.091936707496643,1.2534717321395874,1.505270004272461,1.5543943643569946,1.9392619132995605,2.036303997039795,2.30175518989563,1.7812780141830444,1.4549099206924438,1.3461954593658447,0.9748628735542297,0.9933270215988159,0.7881125807762146,0.4922392964363098,0.6324828863143921,0.7204346060752869,0.839078962802887,1.1929407119750977,1.2678804397583008,1.5952752828598022,1.7496628761291504,2.0629420280456543,1.7612797021865845,1.576588749885559,1.3104063272476196,0.9510287046432495,1.0184962749481201,0.7794865369796753,0.541854202747345,0.6213155388832092,0.7428051233291626,0.8178711533546448,1.181512713432312,1.2479201555252075,1.5985389947891235,1.7499388456344604,2.045823812484741,1.7747176885604858,1.448154330253601,1.3067554235458374,0.9430420398712158,0.9299956560134888,0.7084665298461914,0.3788262605667114,0.4873271882534027,0.5469224452972412,0.7331188917160034,1.060551643371582,1.1745555400848389,1.479022741317749,1.8419204950332642,2.051912784576416
A9,2.3001034259796143,1.9553114175796509,1.8001757860183716,1.4699541330337524,1.1962143182754517,0.9539976119995117,0.6805081963539124,0.3798384964466095,0.0,0.38234472274780273,0.5957440733909607,0.8584684133529663,1.1300063133239746,1.4238955974578857,1.6648355722427368,1.278028130531311,1.0804543495178223,0.981694757938385,0.6677029132843018,0.9590784311294556,1.0194028615951538,0.7911099791526794,1.1540310382843018,1.24079167842865,1.4718151092529297,1.734735131263733,1.8452812433242798,2.225414752960205,2.3243603706359863,2.611584186553955,1.4743726253509521,1.1262720823287964,1.0767759084701538,0.7309458255767822,0.7867093086242676,0.68721604347229,0.5591508746147156,0.814306914806366,1.0289177894592285,1.1517672538757324,1.5308921337127686,1.6271265745162964,1.9359357357025146,2.1108334064483643,2.4102823734283447,2.129897356033325,1.9356489181518555,1.6520793437957764,1.2888011932373047,1.3455088138580322,1.0780689716339111,0.7827686071395874,0.713241457939148,0.6479297280311584,0.6034269332885742,0.9147240519523621,0.9043228030204773,1.2570276260375977,1.3923754692077637,1.6745718717575073,1.458815097808838,1.1082768440246582,0.9861536622047424,0.6384283304214478,0.6234034895896912,0.5025556683540344,0.3561731278896332,0.6238369345664978,0.8541043400764465,1.0208163261413574,1.3832511901855469,1.5162205696105957,1.7888082265853882,2.157564878463745,2.3778316974639893
A10,2.474738359451294,2.148123264312744,2.0178463459014893,1.666382908821106,1.4245564937591553,1.1944563388824463,0.8699851036071777,0.6076606512069702,0.38234472274780273,0.0,0.39373499155044556,0.677855908870697,0.844825804233551,1.180564522743225,1.4137928485870361,1.1179211139678955,0.8925706744194031,0.9391239285469055,0.6763789653778076,1.0254261493682861,1.1418198347091675,1.0067479610443115,1.3720664978027344,1.5230462551116943,1.712607741355896,2.0185739994049072,2.1119887828826904,2.4931461811065674,2.62056040763855,2.8999366760253906,1.4943386316299438,1.1115732192993164,0.9991136789321899,0.7141068577766418,0.5731768608093262,0.4010719954967499,0.49032118916511536,0.6878538131713867,1.0167142152786255,1.149757981300354,1.5374984741210938,1.713135004043579,1.9935625791549683,2.2178795337677,2.52144718170166,2.233415126800537,2.0882723331451416,1.8386790752410889,1.478452205657959,1.6083757877349854,1.3823301792144775,1.0985150337219238,1.08821702003479,1.0168406963348389,0.9326619505882263,1.1872531175613403,1.064590573310852,1.3946688175201416,1.4784411191940308,1.7029839754104614,1.4988020658493042,1.1609697341918945,0.9376258254051208,0.6640948057174683,0.41669967770576477,0.12684442102909088,0.3122429847717285,0.5255204439163208,0.8657506108283997,1.0628581047058105,1.4116466045379639,1.6266120672225952,1.8733384609222412,2.2292604446411133,2.4933743476867676
A11,2.8430516719818115,2.505472183227539,2.369845390319824,2.0255789756774902,1.763893961906433,1.5290827751159668,1.2215884923934937,0.9243457913398743,0.5957440733909607,0.39373499155044556,0.0,0.3953954577445984,0.6049566268920898,0.8657811880111694,1.1547863483428955,0.8191280961036682,0.7148733735084534,0.806503176689148,0.6918841004371643,1.080062747001648,1.3050026893615723,1.22929847240448,1.628937005996704,1.7884689569473267,2.0237021446228027,2.3114612102508545,2.4327666759490967,2.812483787536621,2.919889450073242,3.2045600414276123,1.3731870651245117,0.9785072207450867,0.9862449765205383,0.8062030076980591,0.7121155858039856,0.6994764804840088,0.8752485513687134,1.0635838508605957,1.3994115591049194,1.4890215396881104,1.885438323020935,2.043617010116577,2.3019497394561768,2.537619113922119,2.8166120052337646,2.616783618927002,2.4644887447357178,2.2035210132598877,1.8400896787643433,1.9314024448394775,1.6650686264038086,1.3782395124435425,1.2666348218917847,1.122482419013977,0.9228173494338989,1.083580732345581,0.8672354817390442,1.1328738927841187,1.2144004106521606,1.3810347318649292,1.3588818311691284,1.000117301940918,0.8391253352165222,0.6804854869842529,0.3997720777988434,0.40774068236351013,0.6955289840698242,0.8660787343978882,1.2259495258331299,1.3579049110412598,1.727567434310913,1.926910400390625,2.13737154006958,2.495685577392578,2.759394407272339
A12,3.094736337661743,2.771512985229492,2.5930674076080322,2.2347023487091064,1.9563813209533691,1.7742645740509033,1.4379228353500366,1.212044596672058,0.8584684133529663,0.677855908870697,0.3953954577445984,0.0,0.3737756609916687,0.5878088474273682,0.8219945430755615,0.4423116147518158,0.3509272634983063,0.5115337371826172,0.5808295011520386,0.9248592257499695,1.233345866203308,1.273250699043274,1.6758559942245483,1.89670729637146,2.1501100063323975,2.4555776119232178,2.624246120452881,2.9929473400115967,3.126490354537964,3.437979221343994,1.058992862701416,0.673449695110321,0.7287458777427673,0.7047528624534607,0.6551682949066162,0.8342891335487366,1.0751949548721313,1.3338563442230225,1.6789909601211548,1.824535846710205,2.212294578552246,2.387576103210449,2.662091016769409,2.888734817504883,3.1825873851776123,2.8772356510162354,2.7045416831970215,2.426152229309082,2.065352201461792,2.173762798309326,1.926516056060791,1.600053071975708,1.4960733652114868,1.2663567066192627,1.0928244590759277,1.120349407196045,0.8123406767845154,1.0412061214447021,1.0026596784591675,1.1385494470596313,1.054286241531372,0.7420310974121094,0.5550290942192078,0.586242139339447,0.367999404668808,0.649691641330719,0.9449023008346558,1.1959580183029175,1.5433160066604614,1.7220035791397095,2.0815484523773193,2.2872698307037354,2.516295909881592,2.875051975250244,3.136997938156128
A13,3.2779059410095215,2.9688210487365723,2.8109536170959473,2.4426963329315186,2.188612461090088,2.0081915855407715,1.6551181077957153,1.4415786266326904,1.1300063133239746,0.844825804233551,0.6049566268920898,0.3737756609916687,0.0,0.38028937578201294,0.5839225053787231,0.49006882309913635,0.41610726714134216,0.7712156176567078,0.8685556054115295,1.1790603399276733,1.4762279987335205,1.5476685762405396,1.9330545663833618,2.1786444187164307,2.398210048675537,2.7291228771209717,2.878920078277588,3.249284029006958,3.4017481803894043,3.7056403160095215,1.2647970914840698,0.9148349761962891,0.8843663334846497,0.9358655214309692,0.7382712960243225,0.8859922289848328,1.2141493558883667,1.4056850671768188,1.7804968357086182,1.9230581521987915,2.2976574897766113,2.518972873687744,2.7689452171325684,3.025357723236084,3.3190629482269287,3.012065887451172,2.8763811588287354,2.6247241497039795,2.2697150707244873,2.4205000400543213,2.1964242458343506,1.8781356811523438,1.8143337965011597,1.6137070655822754,1.4468151330947876,1.4925181865692139,1.1764816045761108,1.3653265237808228,1.2935124635696411,1.350188970565796,1.2839938402175903,1.0416100025177002,0.7928550839424133,0.8842403888702393,0.5735862851142883,0.7668874263763428,1.1206918954849243,1.3063122034072876,1.6675621271133423,1.8517744541168213,2.1863620281219482,2.4369704723358154,2.645721912384033,2.98860502243042,3.278104066848755
A14,3.6363587379455566,3.3192152976989746,3.1560041904449463,2.791713237762451,2.525146007537842,2.3406264781951904,1.996907353401184,1.7630679607391357,1.4238955974578857,1.180564522743225,0.8657811880111694,0.5878088474273682,0.38028937578201294,0.0,0.36903393268585205,0.3920478820800781,0.5982604026794434,0.9161402583122253,1.122685194015503,1.400037407875061,1.7388226985931396,1.8364230394363403,2.228886842727661,2.47324538230896,2.7183096408843994,3.0354926586151123,3.203214645385742,3.5719153881073,3.711848497390747,4.020275592803955,1.3020219802856445,1.0130376815795898,1.0942670106887817,1.2179503440856934,1.0890299081802368,1.263774037361145,1.579872965812683,1.7736468315124512,2.147529125213623,2.2693827152252197,2.6504552364349365,2.8587939739227295,3.0987606048583984,3.359640598297119,3.6391642093658447,3.382085084915161,3.23889422416687,2.9779562950134277,2.6195406913757324,2.7470080852508545,2.5008091926574707,2.182363271713257,2.070373296737671,1.839612603187561,1.6289145946502686,1.6007269620895386,1.24702787399292,1.3322558403015137,1.2237414121627808,1.1715980768203735,1.30558180809021,1.1077330112457275,0.9599196910858154,1.136945128440857,0.9005759954452515,1.1194605827331543,1.4694956541061401,1.6497809886932373,2.018911600112915,2.174098014831543,2.520711898803711,2.759399890899658,2.949737071990967,3.2935993671417236,3.580660104751587
A15,3.8032124042510986,3.505526304244995,3.3191518783569336,2.9453306198120117,2.6821250915527344,2.5364279747009277,2.1748623847961426,1.9938791990280151,1.6648355722427368,1.4137928485870361,1.1547863483428955,0.8219945430755615,0.5839225053787231,0.36903393268585205,0.0,0.5203983783721924,0.6586980223655701,0.9895680546760559,1.2458267211914062,1.4448963403701782,1.786040186882019,1.9515777826309204,2.3189780712127686,2.6037304401397705,2.836482524871826,3.172698736190796,3.36033296585083,3.718243360519409,3.8873538970947266,4.210786819458008,1.2550535202026367,1.0454319715499878,1.0834081172943115,1.3042867183685303,1.173318862915039,1.4086562395095825,1.744450330734253,1.9601866006851196,2.333077907562256,2.4973864555358887,2.864466667175293,3.096229314804077,3.348098039627075,3.6045258045196533,3.901834487915039,3.5420730113983154,3.395967483520508,3.1348626613616943,2.785618305206299,2.941730499267578,2.7245383262634277,2.3865702152252197,2.3103482723236084,2.056161403656006,1.8891996145248413,1.8293601274490356,1.4699994325637817,1.5546376705169678,1.367666482925415,1.2994894981384277,1.2855801582336426,1.1923660039901733,1.0131170749664307,1.269364356994629,1.076464056968689,1.3367863893508911,1.6727854013442993,1.8847414255142212,2.23891019821167,2.435058832168579,2.7653911113739014,3.0194497108459473,3.228989362716675,3.570150136947632,3.8617382049560547
B1,3.5021612644195557,3.185166835784912,2.984078884124756,2.6235697269439697,2.336029291152954,2.1807587146759033,1.8416430950164795,1.6400117874145508,1.278028130531311,1.1179211139678955,0.8191280961036682,0.4423116147518158,0.49006882309913635,0.3920478820800781,0.5203983783721924,0.0,0.3815617561340332,0.5749649405479431,0.8547235727310181,1.0843260288238525,1.4473644495010376,1.5733805894851685,1.961767315864563,2.21218204498291,2.482320547103882,2.7864584922790527,2.988614320755005,3.3464436531066895,3.4877004623413086,3.814391851425171,0.924613893032074,0.6436040997505188,0.8126857876777649,0.9692690372467041,0.9651023745536804,1.220731496810913,1.4855490922927856,1.7567813396453857,2.10615611076355,2.263376235961914,2.648573637008667,2.8293979167938232,3.103341817855835,3.3308653831481934,3.6239960193634033,3.292625665664673,3.109412908554077,2.8214313983917236,2.4648518562316895,2.571044445037842,2.325334310531616,1.9867479801177979,1.8628238439559937,1.5846309661865234,1.4028573036193848,1.3125879764556885,0.950655460357666,1.0514934062957764,0.8878631591796875,0.9036831259727478,0.9187374114990234,0.7259673476219177,0.6322299838066101,0.8691587448120117,0.7644087076187134,1.080220341682434,1.3745341300964355,1.634739637374878,1.981791377067566,2.1632468700408936,2.5222702026367188,2.728855609893799,2.954000234603882,3.3123605251312256,3.574639081954956
B2,3.199472188949585,2.8994991779327393,2.690244436264038,2.3200831413269043,2.0441465377807617,1.9151594638824463,1.5562058687210083,1.408927083015442,1.0804543495178223,0.8925706744194031,0.7148733735084534,0.3509272634983063,0.41610726714134216,0.5982604026794434,0.6586980223655701,0.3815617561340332,0.0,0.3948019742965698,0.5887697339057922,0.8192176222801208,1.1525529623031616,1.2940374612808228,1.6684497594833374,1.9455311298370361,2.1858458518981934,2.5157549381256104,2.711177349090576,3.066516876220703,3.2351269721984863,3.5651769638061523,0.86175936460495,0.5204713940620422,0.5000647902488708,0.6513354182243347,0.6035552024841309,0.904796838760376,1.1774392127990723,1.471430778503418,1.814129114151001,2.015048027038574,2.3848025798797607,2.585888385772705,2.8757760524749756,3.094092607498169,3.4086992740631104,2.977891683578491,2.7979018688201904,2.516758918762207,2.16729474067688,2.3106296062469482,2.102351188659668,1.7516758441925049,1.697648048400879,1.4370126724243164,1.3301013708114624,1.3071199655532837,0.9921103119850159,1.2108557224273682,1.065989375114441,1.1915678977966309,0.8936861753463745,0.694739818572998,0.4034378230571747,0.6140895485877991,0.4881206452846527,0.837005078792572,1.1063487529754639,1.3998420238494873,1.723799467086792,1.9542949199676514,2.291759490966797,2.5133538246154785,2.7657670974731445,3.1206247806549072,3.385220527648926
B3,3.0686728954315186,2.7653045654296875,2.5207386016845703,2.1646485328674316,1.865122675895691,1.763941764831543,1.4308815002441406,1.3169968128204346,0.981694757938385,0.9391239285469055,0.806503176689148,0.5115337371826172,0.7712156176567078,0.9161402583122253,0.9895680546760559,0.5749649405479431,0.3948019742965698,0.0,0.37027692794799805,0.5140438675880432,0.8842493295669556,1.0401091575622559,1.4117872714996338,1.6790525913238525,1.9559656381607056,2.258533000946045,2.489621639251709,2.8325891494750977,2.9913175106048584,3.336474895477295,0.5748688578605652,0.17947547137737274,0.3580905497074127,0.4798227548599243,0.6847048401832581,1.00890052318573,1.168733835220337,1.527916431427002,1.8215210437774658,2.038329839706421,2.4055428504943848,2.561312437057495,2.8780570030212402,3.0573503971099854,3.37538480758667,2.9056527614593506,2.6816816329956055,2.3715195655822754,2.027657985687256,2.1299219131469727,1.9160163402557373,1.5537678003311157,1.474840760231018,1.1639728546142578,1.0999364852905273,1.0120590925216675,0.7308320999145508,0.9854837656021118,0.8257582187652588,1.058119773864746,0.5851947069168091,0.3360314965248108,0.08909085392951965,0.38983267545700073,0.5578243136405945,0.930050253868103,1.089214563369751,1.4447530508041382,1.7272876501083374,1.9615988731384277,2.307180166244507,2.4804744720458984,2.7582507133483887,3.122976541519165,3.3550143241882324
B4,2.7020182609558105,2.3970165252685547,2.1600160598754883,1.8018938302993774,1.5053982734680176,1.3977420330047607,1.0607036352157593,0.9684229493141174,0.6677029132843018,0.6763789653778076,0.6918841004371643,0.5808295011520386,0.8685556054115295,1.122685194015503,1.2458267211914062,0.8547235727310181,0.5887697339057922,0.37027692794799805,0.0,0.388220876455307,0.6580824851989746,0.7212130427360535,1.1146488189697266,1.3659327030181885,1.6278483867645264,1.9392149448394775,2.147148847579956,2.499218702316284,2.659315347671509,2.9968032836914062,0.8430216908454895,0.49961304664611816,0.4283590614795685,0.18902374804019928,0.48638424277305603,0.748043954372406,0.8275870084762573,1.2077409029006958,1.4736906290054321,1.7018555402755737,2.06048321723938,2.208042621612549,2.534461498260498,2.701694965362549,3.026596784591675,2.538923501968384,2.315048933029175,2.007108449935913,1.6601691246032715,1.7702932357788086,1.5673668384552002,1.2032145261764526,1.1695811748504639,0.8989105224609375,0.8994951844215393,0.933674156665802,0.7563325762748718,1.102718710899353,1.0491437911987305,1.3342105150222778,0.8557831048965454,0.5736645460128784,0.3436669111251831,0.03864750266075134,0.3913949131965637,0.689423680305481,0.7550259232521057,1.136522889137268,1.3856878280639648,1.6364847421646118,1.9707834720611572,2.1361794471740723,2.429452896118164,2.792208433151245,3.0176117420196533
B5,2.703963279724121,2.42733097076416,2.1386170387268066,1.7903361320495605,1.4921507835388184,1.4733303785324097,1.1618939638137817,1.188379168510437,0.9590784311294556,1.0254261493682861,1.080062747001648,0.9248592257499695,1.1790603399276733,1.400037407875061,1.4448963403701782,1.0843260288238525,0.8192176222801208,0.5140438675880432,0.388220876455307,0.0,0.37905940413475037,0.6235533356666565,0.9373801946640015,1.2435901165008545,1.507503867149353,1.8183023929595947,2.0769846439361572,2.3984150886535645,2.5873935222625732,2.949496269226074,0.6799069046974182,0.51580411195755,0.39958491921424866,0.33553236722946167,0.7136984467506409,1.0134940147399902,1.0340837240219116,1.440943717956543,1.6520060300827026,1.9274816513061523,2.2530670166015625,2.389577627182007,2.7385361194610596,2.8684849739074707,3.2088334560394287,2.5829403400421143,2.324866533279419,2.001472234725952,1.6853336095809937,1.7983978986740112,1.6461600065231323,1.2736706733703613,1.287671446800232,0.9867637753486633,1.0960984230041504,1.0551316738128662,0.9388518929481506,1.258286952972412,1.138074517250061,1.4523779153823853,0.7188906073570251,0.6032593846321106,0.4532631039619446,0.4021570086479187,0.7553175687789917,1.0361101627349854,1.022696614265442,1.423383355140686,1.6089563369750977,1.8921650648117065,2.1973094940185547,2.3408095836639404,2.662841320037842,3.019996166229248,3.223033905029297
B6,2.3942079544067383,2.1414694786071777,1.8261539936065674,1.4870946407318115,1.2013846635818481,1.255689263343811,0.9815216660499573,1.1304670572280884,1.0194028615951538,1.1418198347091675,1.3050026893615723,1.233345866203308,1.4762279987335205,1.7388226985931396,1.786040186882019,1.4473644495010376,1.1525529623031616,0.8842493295669556,0.6580824851989746,0.37905940413475037,0.0,0.38055357336997986,0.5830360651016235,0.9278324246406555,1.1601805686950684,1.4849892854690552,1.7522252798080444,2.058321952819824,2.273193597793579,2.6418097019195557,1.002825379371643,0.8943617939949036,0.7143518924713135,0.5452187061309814,0.8656700253486633,1.0791550874710083,0.9849616289138794,1.3849431276321411,1.5156989097595215,1.824102759361267,2.105640172958374,2.2260844707489014,2.5910110473632812,2.6834988594055176,3.036501884460449,2.301307201385498,2.0233027935028076,1.696839690208435,1.4100953340530396,1.5381098985671997,1.4493486881256104,1.0901262760162354,1.2015271186828613,0.9629920721054077,1.187680721282959,1.2140482664108276,1.199415683746338,1.5392876863479614,1.462040662765503,1.8004230260849,1.0450198650360107,0.9582437872886658,0.8214443922042847,0.6622654795646667,0.9831450581550598,1.1635570526123047,1.0303412675857544,1.4191004037857056,1.5165681838989258,1.824492335319519,2.085364580154419,2.2054178714752197,2.5529065132141113,2.896519660949707,3.077629804611206
B7,2.102379322052002,1.8211517333984375,1.5243152379989624,1.1889092922210693,0.8800068497657776,0.8956404328346252,0.6545809507369995,0.8205773234367371,0.7911099791526794,1.0067479610443115,1.22929847240448,1.273250699043274,1.5476685762405396,1.8364230394363403,1.9515777826309204,1.5733805894851685,1.2940374612808228,1.0401091575622559,0.7212130427360535,0.6235533356666565,0.38055357336997986,0.0,0.41057470440864563,0.6537237763404846,0.9172475934028625,1.2272851467132568,1.461020588874817,1.796030879020691,1.9786021709442139,2.3336832523345947,1.2732287645339966,1.0924787521362305,0.9561605453491211,0.6514825820922852,0.9288050532341003,1.0163172483444214,0.8057593703269958,1.1806524991989136,1.2579691410064697,1.5361030101776123,1.8148248195648193,1.8954287767410278,2.263134002685547,2.3418564796447754,2.6860952377319336,2.0255141258239746,1.739671230316162,1.4019858837127686,1.093843698501587,1.1842467784881592,1.070600986480713,0.7099207639694214,0.8485506176948547,0.6799188256263733,0.961143970489502,1.0902199745178223,1.1600197553634644,1.5231724977493286,1.5377203226089478,1.8933404684066772,1.287708044052124,1.1030128002166748,0.9971170425415039,0.7072716951370239,0.9891797304153442,1.0619325637817383,0.8298261761665344,1.1874679327011108,1.2360135316848755,1.5168704986572266,1.7754859924316406,1.860979676246643,2.2102365493774414,2.554762840270996,2.7205772399902344
B8,1.8764495849609375,1.6423366069793701,1.2918517589569092,0.9934476613998413,0.7239859104156494,0.8991893529891968,0.7846496105194092,1.0800822973251343,1.1540310382843018,1.3720664978027344,1.628937005996704,1.6758559942245483,1.9330545663833618,2.228886842727661,2.3189780712127686,1.961767315864563,1.6684497594833374,1.4117872714996338,1.1146488189697266,0.9373801946640015,0.5830360651016235,0.41057470440864563,0.0,0.38458913564682007,0.5829882621765137,0.9073194861412048,1.1803017854690552,1.475852131843567,1.7020303010940552,2.073843479156494,1.551815390586853,1.4405397176742554,1.2772610187530518,1.0190116167068481,1.2662335634231567,1.3276066780090332,1.0699595212936401,1.3898203372955322,1.3659456968307495,1.666750192642212,1.8719104528427124,1.924818754196167,2.3023269176483154,2.324115514755249,2.67728328704834,1.861133098602295,1.5391417741775513,1.1978681087493896,0.9683761596679688,1.063008427619934,1.071408748626709,0.7908906936645508,1.0324174165725708,0.9498641490936279,1.2902493476867676,1.4130576848983765,1.5327123403549194,1.8800969123840332,1.887714147567749,2.2537379264831543,1.575669527053833,1.4555331468582153,1.3603562116622925,1.1050057411193848,1.3790721893310547,1.42262864112854,1.1459932327270508,1.4531164169311523,1.4039386510849,1.6917552947998047,1.8815032243728638,1.9288947582244873,2.298185110092163,2.616070032119751,2.7463183403015137
B9,1.642159342765808,1.3918150663375854,1.0347286462783813,0.8059641122817993,0.5431320667266846,0.7453630566596985,0.8020474910736084,1.091936707496643,1.24079167842865,1.5230462551116943,1.7884689569473267,1.89670729637146,2.1786444187164307,2.47324538230896,2.6037304401397705,2.21218204498291,1.9455311298370361,1.6790525913238525,1.3659327030181885,1.2435901165008545,0.9278324246406555,0.6537237763404846,0.38458913564682007,0.0,0.36937713623046875,0.5800638198852539,0.8607361912727356,1.166926622390747,1.348791241645813,1.7209190130233765,1.8400325775146484,1.7156306505203247,1.5991498231887817,1.304194450378418,1.5442228317260742,1.5427476167678833,1.2276475429534912,1.4854910373687744,1.3847663402557373,1.6275923252105713,1.7975825071334839,1.7741448879241943,2.147864580154419,2.1221675872802734,2.4554860591888428,1.7064532041549683,1.352982759475708,0.9971523284912109,0.8094221949577332,0.7812318205833435,0.813293993473053,0.6376558542251587,0.8907762765884399,0.9193642139434814,1.2874879837036133,1.4506617784500122,1.6494442224502563,1.9812095165252686,2.0499064922332764,2.425795793533325,1.844018816947937,1.6884207725524902,1.641008734703064,1.3477249145507812,1.6082375049591064,1.5965458154678345,1.275087833404541,1.5177606344223022,1.4035429954528809,1.6296226978302002,1.791548728942871,1.765428066253662,2.130422830581665,2.435499429702759,2.5220911502838135
B10,1.3433104753494263,1.1471914052963257,0.7591734528541565,0.5633848905563354,0.43900299072265625,0.7706412672996521,0.8957716226577759,1.2534717321395874,1.4718151092529297,1.712607741355896,2.0237021446228027,2.1501100063323975,2.398210048675537,2.7183096408843994,2.836482524871826,2.482320547103882,2.1858458518981934,1.9559656381607056,1.6278483867645264,1.507503867149353,1.1601805686950684,0.9172475934028625,0.5829882621765137,0.36937713623046875,0.0,0.40479403734207153,0.6175734996795654,0.9078920483589172,1.1647371053695679,1.5267525911331177,2.1309521198272705,2.001814126968384,1.8310985565185547,1.537917137145996,1.7179406881332397,1.671794056892395,1.3363385200500488,1.5260343551635742,1.3494086265563965,1.6060810089111328,1.69816255569458,1.6758360862731934,2.0436928272247314,1.9831740856170654,2.328066110610962,1.424410343170166,1.061179518699646,0.7259609699249268,0.6493093967437744,0.695882260799408,0.8922107219696045,0.8194249868392944,1.1551094055175781,1.2495312690734863,1.6061692237854004,1.8032726049423218,1.9878226518630981,2.3310317993164062,2.395052671432495,2.766494035720825,2.148888349533081,2.0033068656921387,1.9088664054870605,1.6137325763702393,1.8303977251052856,1.7741643190383911,1.4300997257232666,1.617384910583496,1.429835319519043,1.666515827178955,1.7501546144485474,1.7191685438156128,2.0908782482147217,2.360445022583008,2.4335498809814453
B11,1.2721949815750122,1.1001845598220825,0.7164265513420105,0.7239209413528442,0.6883599758148193,0.969182550907135,1.1944851875305176,1.505270004272461,1.734735131263733,2.0185739994049072,2.3114612102508545,2.4555776119232178,2.7291228771209717,3.0354926586151123,3.172698736190796,2.7864584922790527,2.5157549381256104,2.258533000946045,1.9392149448394775,1.8183023929595947,1.4849892854690552,1.2272851467132568,0.9073194861412048,0.5800638198852539,0.40479403734207153,0.0,0.3821600377559662,0.5990127921104431,0.8082727193832397,1.1931135654449463,2.4046998023986816,2.2951040267944336,2.168839454650879,1.8723504543304443,2.078986167907715,2.026409149169922,1.6775758266448975,1.8430339097976685,1.632346749305725,1.8285683393478394,1.8842706680297852,1.7816431522369385,2.1283512115478516,2.0054001808166504,2.3137357234954834,1.4918301105499268,1.1067930459976196,0.8104936480522156,0.8513274788856506,0.7243114709854126,0.9452097415924072,0.9968659281730652,1.2659021615982056,1.4038578271865845,1.7625385522842407,1.9475092887878418,2.187920570373535,2.5031611919403076,2.5979695320129395,2.976780891418457,2.4082281589508057,2.262786865234375,2.2199788093566895,1.9206143617630005,2.1559946537017822,2.094482421875,1.7426337003707886,1.9011280536651611,1.688586950302124,1.8608530759811401,1.9192825555801392,1.8101999759674072,2.1606431007385254,2.404984712600708,2.417618989944458
B12,0.908908486366272,0.7471292018890381,0.3958797752857208,0.5854312777519226,0.7065020203590393,0.9503094553947449,1.252035140991211,1.5543943643569946,1.8452812433242798,2.1119887828826904,2.4327666759490967,2.624246120452881,2.878920078277588,3.203214645385742,3.36033296585083,2.988614320755005,2.711177349090576,2.489621639251709,2.147148847579956,2.0769846439361572,1.7522252798080444,1.461020588874817,1.1803017854690552,0.8607361912727356,0.6175734996795654,0.3821600377559662,0.0,0.38501641154289246,0.5845838785171509,0.9171711802482605,2.696986675262451,2.5475780963897705,2.4018547534942627,2.0794260501861572,2.2325479984283447,2.1166677474975586,1.7477521896362305,1.8293436765670776,1.5539886951446533,1.700960636138916,1.6844347715377808,1.540266990661621,1.8608452081680298,1.696089506149292,1.9930928945541382,1.1812330484390259,0.8029959797859192,0.5734423995018005,0.746491551399231,0.5922141075134277,0.9116348028182983,1.0793591737747192,1.375405192375183,1.5934076309204102,1.9248112440109253,2.1658973693847656,2.40657114982605,2.7293097972869873,2.853060245513916,3.224673271179199,2.70137882232666,2.5221457481384277,2.4522864818573,2.1274819374084473,2.3102645874023438,2.1880834102630615,1.8192908763885498,1.8993207216262817,1.626008152961731,1.7547087669372559,1.7413101196289062,1.5946366786956787,1.9276620149612427,2.132479429244995,2.118433713912964
B13,0.9323310852050781,0.9139583110809326,0.6475589871406555,0.9242175221443176,1.0793169736862183,1.3344972133636475,1.6313046216964722,1.9392619132995605,2.225414752960205,2.4931461811065674,2.812483787536621,2.9929473400115967,3.249284029006958,3.5719153881073,3.718243360519409,3.3464436531066895,3.066516876220703,2.8325891494750977,2.499218702316284,2.3984150886535645,2.058321952819824,1.796030879020691,1.475852131843567,1.166926622390747,0.9078920483589172,0.5990127921104431,0.38501641154289246,0.0,0.3851531744003296,0.7026151418685913,2.99930477142334,2.879044771194458,2.7329702377319336,2.426212787628174,2.5899362564086914,2.4856584072113037,2.120319128036499,2.197845935821533,1.9086971282958984,2.0496156215667725,1.9900219440460205,1.8263990879058838,2.1148810386657715,1.9010452032089233,2.1661911010742188,1.3203673362731934,0.975273609161377,0.860136091709137,1.1058094501495361,0.9650676250457764,1.2786600589752197,1.4571422338485718,1.7332282066345215,1.9397226572036743,2.2779488563537598,2.4960269927978516,2.749873399734497,3.062330961227417,3.179337501525879,3.5560250282287598,3.005147695541382,2.851630687713623,2.7928810119628906,2.4806265830993652,2.6791977882385254,2.5673305988311768,2.199542284011841,2.2793407440185547,1.995631217956543,2.114736795425415,2.0678012371063232,1.898193120956421,2.2077434062957764,2.3710033893585205,2.3122782707214355
