,A1,A2,A3,A4,A5,A6,A7,A8,A9,A10,A11,A12,A13,A14,A15,B1,B2,B3,B4,B5,B6,B7,B8,B9,B10,B11,B12,B13,B14,B15,C1,C2,C3,C4,C5,C6,C7,C8,C9,C10,C11,C12,C13,C14,C15,D1,D2,D3,D4,D5,D6,D7,D8,D9,D10,D11,D12,D13,D14,D15,E1,E2,E3,E4,E5,E6,E7,E8,E9,E10,E11,E12,E13,E14,E15
A1,0.0,0.400750994682312,0.5897688865661621,0.8566810488700867,1.1187347173690796,1.3913730382919312,1.6193244457244873,1.932930588722229,2.2291855812072754,2.517261028289795,2.8258841037750244,3.03576397895813,3.355898141860962,3.5134241580963135,3.8527767658233643,3.546337366104126,3.1738545894622803,3.0329182147979736,2.8932955265045166,2.574176073074341,2.4222211837768555,2.0694775581359863,1.9265652894973755,1.557593822479248,1.4601341485977173,1.1620298624038696,0.9498968720436096,1.0383241176605225,0.7275298237800598,0.9178017377853394,4.179189205169678,3.8976712226867676,3.5894408226013184,3.3278045654296875,3.055527687072754,2.751347541809082,2.61470890045166,2.253926992416382,2.1630024909973145,1.7880399227142334,1.7913440465927124,1.5481595993041992,1.3119888305664062,1.5560051202774048,1.3859574794769287,2.020191192626953,2.1761181354522705,1.9832751750946045,1.9285709857940674,2.0529654026031494,2.056014060974121,2.369588851928711,2.367926597595215,2.7411155700683594,2.7679221630096436,3.144294023513794,3.280238151550293,3.4425182342529297,3.767665386199951,4.00413703918457,4.122649669647217,3.825118064880371,3.5467679500579834,3.2572455406188965,3.0234498977661133,2.714599132537842,2.5495705604553223,2.1870992183685303,2.0277814865112305,1.6647173166275024,1.5585649013519287,1.4511278867721558,1.127371907234192,1.384114384651184,1.2584108114242554
A2,0.400750994682312,0.0,0.38563624024391174,0.5901205539703369,0.8125455379486084,1.089258074760437,1.2710262537002563,1.6068634986877441,1.8750063180923462,2.1836376190185547,2.472350597381592,2.6891136169433594,3.015294313430786,3.1536495685577393,3.5000452995300293,3.1624526977539062,2.7918033599853516,2.6534323692321777,2.5340676307678223,2.2099380493164062,2.0866708755493164,1.7249789237976074,1.6284502744674683,1.270379662513733,1.2421469688415527,1.007761001586914,0.8519725799560547,1.0793651342391968,0.8674840927124023,1.1529608964920044,3.901134490966797,3.643378973007202,3.3294930458068848,3.0687081813812256,2.8093929290771484,2.4933338165283203,2.4015982151031494,2.029675245285034,1.998421311378479,1.6299101114273071,1.7057204246520996,1.5286842584609985,1.3376085758209229,1.6475048065185547,1.561482548713684,2.1505298614501953,2.2403512001037598,2.00063419342041,1.9009191989898682,1.9660263061523438,1.9216926097869873,2.2028088569641113,2.1492748260498047,2.5072474479675293,2.4906723499298096,2.8639755249023438,2.974987506866455,3.118399143218994,3.45369291305542,3.6713979244232178,3.8424816131591797,3.560260057449341,3.278912305831909,2.9767954349517822,2.768476724624634,2.4470086097717285,2.325134754180908,1.9513633251190186,1.8523900508880615,1.495546817779541,1.4697507619857788,1.4319300651550293,1.176927089691162,1.4984936714172363,1.4670405387878418
A3,0.5897688865661621,0.38563624024391174,0.0,0.3995860815048218,0.5486740469932556,0.8651610016822815,1.0782275199890137,1.3893964290618896,1.6893208026885986,1.9595497846603394,2.2791528701782227,2.4682679176330566,2.7905941009521484,2.9568145275115967,3.288135290145874,3.0246529579162598,2.656238317489624,2.5004708766937256,2.3327059745788574,2.02101993560791,1.8442562818527222,1.5000296831130981,1.337786078453064,0.9695989489555359,0.8875069618225098,0.6254380345344543,0.4949495792388916,0.7571201920509338,0.6300680041313171,0.9755821228027344,3.5936474800109863,3.3180041313171387,3.0050292015075684,2.7482481002807617,2.475050687789917,2.17148756980896,2.0531718730926514,1.6916885375976562,1.6462504863739014,1.2802592515945435,1.3723477125167847,1.1877717971801758,1.0565472841262817,1.3824659585952759,1.3577173948287964,1.8890305757522583,1.9365532398223877,1.7049964666366577,1.5597835779190063,1.6411070823669434,1.5703741312026978,1.8672165870666504,1.8189060688018799,2.1853344440460205,2.1945886611938477,2.566699266433716,2.710627794265747,2.8650176525115967,3.190704822540283,3.4299306869506836,3.588109016418457,3.309218406677246,3.0110349655151367,2.734776496887207,2.4962990283966064,2.2001571655273438,2.0563580989837646,1.6942775249481201,1.5912853479385376,1.220863699913025,1.2322231531143188,1.150773048400879,0.953220009803772,1.3037991523742676,1.3183377981185913
A4,0.8566810488700867,0.5901205539703369,0.3995860815048218,0.0,0.37591615319252014,0.539750337600708,0.8152883648872375,1.0891871452331543,1.410254716873169,1.6816755533218384,2.0012173652648926,2.227642059326172,2.5287554264068604,2.707552671432495,3.041985034942627,2.8390438556671143,2.4927239418029785,2.2913925647735596,2.149017333984375,1.8080651760101318,1.6631624698638916,1.3307758569717407,1.182178258895874,0.8776596784591675,0.7783325910568237,0.6887550354003906,0.49907949566841125,0.8462486267089844,0.8577992916107178,1.15802001953125,3.393342971801758,3.127507209777832,2.837784767150879,2.5477347373962402,2.315441608428955,1.9757959842681885,1.8806416988372803,1.495215892791748,1.460343599319458,1.0971373319625854,1.1982494592666626,1.1165094375610352,0.9747958183288574,1.3362950086593628,1.3791412115097046,1.8567622900009155,1.8618048429489136,1.5705267190933228,1.4487138986587524,1.4421708583831787,1.3905375003814697,1.6414870023727417,1.5936365127563477,1.9497112035751343,1.9513472318649292,2.3322999477386475,2.4432785511016846,2.6222543716430664,2.9402594566345215,3.1802563667297363,3.273637533187866,2.9821388721466064,2.7046074867248535,2.4063808917999268,2.187779188156128,1.86884605884552,1.7353825569152832,1.3624228239059448,1.2717748880386353,0.9207974076271057,0.9622567892074585,0.9971618056297302,0.8704200983047485,1.234298586845398,1.3488225936889648
A5,1.1187347173690796,0.8125455379486084,0.5486740469932556,0.37591615319252014,0.0,0.3771530091762543,0.5413296222686768,0.8493412137031555,1.146091341972351,1.411727786064148,1.7321434020996094,1.9234068393707275,2.2429616451263428,2.412574291229248,2.743190288543701,2.524921417236328,2.1714069843292236,1.9838497638702393,1.812657117843628,1.4903531074523926,1.3189644813537598,0.9810503125190735,0.8324877619743347,0.5111925601959229,0.5179296135902405,0.530805766582489,0.5734047889709473,0.9470499753952026,1.0248225927352905,1.3632081747055054,3.0901238918304443,2.835146188735962,2.5258283615112305,2.2590205669403076,2.0107293128967285,1.6853138208389282,1.6215769052505493,1.2468613386154175,1.290243148803711,0.9621590971946716,1.1768572330474854,1.1398732662200928,1.1217989921569824,1.4863170385360718,1.5915898084640503,1.9914308786392212,1.9309172630310059,1.648429274559021,1.4409300088882446,1.41622793674469,1.26835036277771,1.4970453977584839,1.3755087852478027,1.7173467874526978,1.6816580295562744,2.0525801181793213,2.1755850315093994,2.3243982791900635,2.653503656387329,2.8863182067871094,3.073974370956421,2.8124146461486816,2.5069077014923096,2.2266876697540283,2.007749557495117,1.7087680101394653,1.615485429763794,1.2528390884399414,1.250988245010376,0.9203325510025024,1.0943019390106201,1.1222219467163086,1.0976243019104004,1.466206431388855,1.6065306663513184
A6,1.3913730382919312,1.089258074760437,0.8651610016822815,0.539750337600708,0.3771530091762543,0.0,0.3620995581150055,0.5529683232307434,0.8973943591117859,1.1462962627410889,1.4756035804748535,1.706158995628357,1.9951748847961426,2.1877410411834717,2.5163190364837646,2.391366481781006,2.070587635040283,1.8266146183013916,1.6771389245986938,1.3284642696380615,1.1894869804382324,0.896604061126709,0.7597771286964417,0.6051995158195496,0.5751790404319763,0.7727919816970825,0.7588478326797485,1.1131221055984497,1.2665525674819946,1.5605376958847046,2.889958620071411,2.642784357070923,2.3639087677001953,2.060595750808716,1.8623360395431519,1.5005667209625244,1.461982011795044,1.071083426475525,1.1300543546676636,0.8377156853675842,1.0619308948516846,1.1441943645477295,1.1370668411254883,1.4981757402420044,1.6605585813522339,1.9867942333221436,1.8824920654296875,1.5574225187301636,1.3744455575942993,1.253633737564087,1.122497320175171,1.2812074422836304,1.1583685874938965,1.4805855751037598,1.4406663179397583,1.8198212385177612,1.9095155000686646,2.091975212097168,2.4076552391052246,2.6466822624206543,2.7535674571990967,2.4778761863708496,2.1919474601745605,1.8911930322647095,1.6891545057296753,1.3672454357147217,1.2871261835098267,0.9148064255714417,0.9533132314682007,0.6803734302520752,0.9244636297225952,1.0671119689941406,1.1307978630065918,1.4734055995941162,1.6879767179489136
A7,1.6193244457244873,1.2710262537002563,1.0782275199890137,0.8152883648872375,0.5413296222686768,0.3620995581150055,0.0,0.378401517868042,0.6124626398086548,0.9159924983978271,1.2073420286178589,1.4293495416641235,1.745619535446167,1.8995240926742554,2.2404656410217285,2.0424275398254395,1.7138928174972534,1.4844329357147217,1.3498507738113403,0.9970170855522156,0.8990012407302856,0.5818048119544983,0.5856780409812927,0.5350438356399536,0.7105240821838379,0.9551533460617065,1.0500401258468628,1.4097310304641724,1.5480694770812988,1.86892569065094,2.713088035583496,2.5033812522888184,2.206413745880127,1.928955078125,1.7388907670974731,1.387284755706787,1.4340033531188965,1.0731889009475708,1.2494003772735596,1.0322850942611694,1.3280079364776611,1.4356920719146729,1.4767374992370605,1.8337976932525635,2.0058343410491943,2.3119754791259766,2.17806339263916,1.861617088317871,1.6382049322128296,1.4969977140426636,1.2982521057128906,1.3971019983291626,1.1793779134750366,1.444756269454956,1.3157950639724731,1.671932339668274,1.731165885925293,1.8613512516021729,2.1999499797821045,2.4062986373901367,2.6433486938476562,2.406933307647705,2.1073009967803955,1.8058990240097046,1.6472671031951904,1.3335604667663574,1.347429633140564,1.0082578659057617,1.1668719053268433,0.9660186171531677,1.2607208490371704,1.4057550430297852,1.4849885702133179,1.8301796913146973,2.0385687351226807
A8,1.932930588722229,1.6068634986877441,1.3893964290618896,1.0891871452331543,0.8493412137031555,0.5529683232307434,0.378401517868042,0.0,0.3833766579627991,0.5962746739387512,0.9277108311653137,1.1679439544677734,1.4456589221954346,1.6435905694961548,1.9691636562347412,1.923850655555725,1.643587350845337,1.3497649431228638,1.2052215337753296,0.8538646101951599,0.7601994276046753,0.5877408981323242,0.5721962451934814,0.729175329208374,0.8303200006484985,1.1641119718551636,1.2521190643310547,1.5752506256103516,1.77848482131958,2.0679309368133545,2.413550853729248,2.206484317779541,1.9407546520233154,1.6325896978378296,1.4936939477920532,1.1175954341888428,1.1998145580291748,0.859774649143219,1.0778229236602783,0.9577704071998596,1.2632899284362793,1.4654074907302856,1.5518550872802734,1.8812052011489868,2.1083831787109375,2.31795597076416,2.130553960800171,1.8039411306381226,1.5822057723999023,1.3683109283447266,1.160741925239563,1.1636663675308228,0.9201895594596863,1.1346328258514404,0.991740882396698,1.3500148057937622,1.3891973495483398,1.5581769943237305,1.878376841545105,2.102972984313965,2.269131898880005,2.0285580158233643,1.7322355508804321,1.4277317523956299,1.2761003971099854,0.9616081714630127,1.0153394937515259,0.7155230641365051,0.971008837223053,0.8905586004257202,1.2404875755310059,1.434951663017273,1.5985398292541504,1.9070065021514893,2.167154312133789
A9,2.2291855812072754,1.8750063180923462,1.6893208026885986,1.410254716873169,1.146091341972351,0.8973943591117859,0.6124626398086548,0.3833766579627991,0.0,0.3738124966621399,0.5979366302490234,0.8612492084503174,1.1589350700378418,1.3054574728012085,1.64994478225708,1.5516777038574219,1.2884247303009033,0.9771180152893066,0.8838585019111633,0.5167071223258972,0.5757905840873718,0.5168545842170715,0.7111477255821228,0.9539226293563843,1.148194432258606,1.478195071220398,1.605644702911377,1.9367648363113403,2.1248669624328613,2.429676055908203,2.2516417503356934,2.103524684906006,1.8371206521987915,1.5600223541259766,1.466633677482605,1.1220316886901855,1.3147063255310059,1.054138422012329,1.3499376773834229,1.2962011098861694,1.6197060346603394,1.832392930984497,1.9336334466934204,2.26123046875,2.4903976917266846,2.689948320388794,2.4851698875427246,2.164336681365967,1.9297778606414795,1.7020504474639893,1.4683020114898682,1.4103789329528809,1.1082578897476196,1.2141412496566772,0.9591441750526428,1.2508691549301147,1.2150007486343384,1.3148448467254639,1.656323790550232,1.8310890197753906,2.1367621421813965,1.9477347135543823,1.6552033424377441,1.3515021800994873,1.2863942384719849,1.0049813985824585,1.1820987462997437,0.9692987203598022,1.28950834274292,1.2622497081756592,1.614576816558838,1.8166824579238892,1.9794349670410156,2.290029764175415,2.5475780963897705
A10,2.517261028289795,2.1836376190185547,1.9595497846603394,1.6816755533218384,1.411727786064148,1.1462962627410889,0.9159924983978271,0.5962746739387512,0.3738124966621399,0.0,0.38522225618362427,0.5966108441352844,0.8496178388595581,1.0703948736190796,1.380054235458374,1.4939988851547241,1.295974612236023,0.9443551301956177,0.7921409010887146,0.5329622030258179,0.5404431819915771,0.6955868005752563,0.807853639125824,1.141823410987854,1.2870277166366577,1.6538337469100952,1.7991505861282349,2.092646837234497,2.326772928237915,2.611349582672119,1.896254062652588,1.7499239444732666,1.5087701082229614,1.2169833183288574,1.1785459518432617,0.8446851968765259,1.096718430519104,0.9267172813415527,1.258612871170044,1.3121352195739746,1.6346948146820068,1.8965719938278198,2.049704074859619,2.344177007675171,2.614213705062866,2.7247443199157715,2.4727718830108643,2.1690151691436768,1.9214974641799927,1.6635165214538574,1.4110246896743774,1.2684643268585205,0.9405447840690613,0.938052773475647,0.6340000033378601,0.8911833167076111,0.8435782790184021,0.9751629829406738,1.3024473190307617,1.508674144744873,1.7910499572753906,1.620989441871643,1.3083369731903076,1.039198398590088,0.9804917573928833,0.771591067314148,1.0096279382705688,0.9145886301994324,1.2826439142227173,1.3417640924453735,1.7139973640441895,1.9124728441238403,2.1341559886932373,2.414703369140625,2.699209690093994
A11,2.8258841037750244,2.472350597381592,2.2791528701782227,2.0012173652648926,1.7321434020996094,1.4756035804748535,1.2073420286178589,0.9277108311653137,0.5979366302490234,0.38522225618362427,0.0,0.370863139629364,0.5898012518882751,0.7320957779884338,1.0693649053573608,1.184052586555481,1.0579125881195068,0.6729773879051208,0.649736225605011,0.49808403849601746,0.7099672555923462,0.926791787147522,1.1350537538528442,1.466325283050537,1.652139663696289,2.008842945098877,2.159700870513916,2.4656026363372803,2.685098171234131,2.9786136150360107,1.8192635774612427,1.7573089599609375,1.544946312904358,1.3017208576202393,1.3403962850570679,1.0789128541946411,1.3914517164230347,1.284285306930542,1.625994086265564,1.6968551874160767,2.015432119369507,2.2814407348632812,2.4270946979522705,2.7243714332580566,2.9909114837646484,3.1035869121551514,2.8469440937042236,2.541424036026001,2.3009226322174072,2.032195568084717,1.785119891166687,1.6136518716812134,1.2866071462631226,1.2040177583694458,0.854568362236023,0.9695357084274292,0.7871946096420288,0.8086370229721069,1.1394075155258179,1.263357162475586,1.6900222301483154,1.5858311653137207,1.311630368232727,1.057063341140747,1.1275678873062134,0.9759616255760193,1.2879490852355957,1.2466535568237305,1.625146746635437,1.7076585292816162,2.0717387199401855,2.2879531383514404,2.5014052391052246,2.783953905105591,3.0687942504882812
A12,3.03576397895813,2.6891136169433594,2.4682679176330566,2.227642059326172,1.9234068393707275,1.706158995628357,1.4293495416641235,1.1679439544677734,0.8612492084503174,0.5966108441352844,0.370863139629364,0.0,0.3739154040813446,0.5207852125167847,0.8208800554275513,1.03728187084198,0.9519224166870117,0.6196624040603638,0.4752272367477417,0.5599068403244019,0.6950070858001709,1.0184259414672852,1.2103253602981567,1.5748425722122192,1.7743499279022217,2.1309657096862793,2.3301119804382324,2.61501407623291,2.846851110458374,3.1440863609313965,1.5196120738983154,1.4881304502487183,1.2579680681228638,1.0854341983795166,1.1380946636199951,0.9743165969848633,1.3331996202468872,1.3211991786956787,1.6924400329589844,1.8160252571105957,2.152984142303467,2.4126369953155518,2.6035516262054443,2.886051654815674,3.1671664714813232,3.241307497024536,2.9598824977874756,2.6851468086242676,2.408576250076294,2.1611039638519287,1.8750882148742676,1.6891348361968994,1.336959719657898,1.1891125440597534,0.8140155076980591,0.8060284852981567,0.6474000811576843,0.5251044034957886,0.8888673186302185,1.002502679824829,1.6338742971420288,1.6006413698196411,1.2956727743148804,1.1453704833984375,1.2008931636810303,1.155234694480896,1.4543750286102295,1.460686445236206,1.8362181186676025,1.917436957359314,2.294952154159546,2.472055673599243,2.7039313316345215,2.9843785762786865,3.264326810836792
A13,3.355898141860962,3.015294313430786,2.7905941009521484,2.5287554264068604,2.2429616451263428,1.9951748847961426,1.745619535446167,1.4456589221954346,1.1589350700378418,0.8496178388595581,0.5898012518882751,0.3739154040813446,0.0,0.3695870637893677,0.5553922653198242,1.141517162322998,1.1795920133590698,0.8658509254455566,0.8093753457069397,0.9239400625228882,1.0523431301116943,1.3772289752960205,1.5340347290039062,1.907196283340454,2.0705370903015137,2.439997673034668,2.6210341453552246,2.890866756439209,3.143580675125122,3.423360586166382,1.306813359260559,1.3377561569213867,1.2002328634262085,1.0389796495437622,1.2136703729629517,1.106272578239441,1.4682104587554932,1.5182808637619019,1.865211844444275,2.0366897583007812,2.345571994781494,2.6378302574157715,2.8360273838043213,3.0968620777130127,3.3971433639526367,3.41860032081604,3.114776134490967,2.844982147216797,2.5885355472564697,2.312946319580078,2.050687074661255,1.8088817596435547,1.490134596824646,1.2592523097991943,0.9156705737113953,0.7741609811782837,0.48137858510017395,0.29786309599876404,0.5838162302970886,0.6754357814788818,1.3138511180877686,1.3399142026901245,1.0764695405960083,0.990429699420929,1.135988712310791,1.1789605617523193,1.510772466659546,1.6012524366378784,1.9808186292648315,2.1223297119140625,2.4915435314178467,2.6875252723693848,2.9461452960968018,3.201862096786499,3.5026097297668457
A14,3.5134241580963135,3.1536495685577393,2.9568145275115967,2.707552671432495,2.412574291229248,2.1877410411834717,1.8995240926742554,1.6435905694961548,1.3054574728012085,1.0703948736190796,0.7320957779884338,0.5207852125167847,0.3695870637893677,0.0,0.3703242242336273,0.820294976234436,0.9498682618141174,0.6996760368347168,0.7765868306159973,0.9704204797744751,1.1873067617416382,1.4978816509246826,1.7243049144744873,2.0805413722991943,2.291987419128418,2.645785093307495,2.8397438526153564,3.131230115890503,3.3581624031066895,3.6573421955108643,1.4758363962173462,1.5823986530303955,1.4379558563232422,1.3489420413970947,1.4994772672653198,1.4174143075942993,1.78724205493927,1.8194692134857178,2.1819705963134766,2.3240413665771484,2.6492514610290527,2.9228930473327637,3.10801362991333,3.387880325317383,3.6722676753997803,3.733609437942505,3.4424655437469482,3.166105031967163,2.903038740158081,2.6377158164978027,2.366427421569824,2.1480751037597656,1.8141310214996338,1.60917067527771,1.2512727975845337,1.1189453601837158,0.8468371033668518,0.5723174810409546,0.7930998802185059,0.6977143287658691,1.5571722984313965,1.6327110528945923,1.4117302894592285,1.320280909538269,1.4956588745117188,1.50689697265625,1.8472386598587036,1.902001976966858,2.2852365970611572,2.399273633956909,2.769800901412964,2.968869686126709,3.2026426792144775,3.478140115737915,3.7658395767211914
A15,3.8527767658233643,3.5000452995300293,3.288135290145874,3.041985034942627,2.743190288543701,2.5163190364837646,2.2404656410217285,1.9691636562347412,1.64994478225708,1.380054235458374,1.0693649053573608,0.8208800554275513,0.5553922653198242,0.3703242242336273,0.0,1.0056085586547852,1.218224048614502,1.0374789237976074,1.079830527305603,1.3158906698226929,1.4876534938812256,1.8224639892578125,2.018882989883423,2.3881754875183105,2.5829715728759766,2.9422171115875244,3.1447880268096924,3.418491840362549,3.6621029376983643,3.9523911476135254,1.262642741203308,1.4553471803665161,1.3828401565551758,1.36349356174469,1.5766949653625488,1.573207139968872,1.9412436485290527,2.0376198291778564,2.390942335128784,2.5746824741363525,2.889793634414673,3.17590069770813,3.3829116821289062,3.643754720687866,3.9441778659820557,3.9589879512786865,3.6462137699127197,3.3879940509796143,3.1224606037139893,2.8540639877319336,2.5827677249908447,2.335325241088867,2.016885757446289,1.7582144737243652,1.4303807020187378,1.2042738199234009,0.9320297837257385,0.6110208630561829,0.6506198048591614,0.40046149492263794,1.4396699666976929,1.6032383441925049,1.4195500612258911,1.423462986946106,1.6227519512176514,1.7106928825378418,2.0474660396575928,2.1552376747131348,2.5345187187194824,2.6762306690216064,3.0464391708374023,3.2383828163146973,3.493638277053833,3.75419282913208,4.050739765167236
B1,3.546337366104126,3.1624526977539062,3.0246529579162598,2.8390438556671143,2.524921417236328,2.391366481781006,2.0424275398254395,1.923850655555725,1.5516777038574219,1.4939988851547241,1.184052586555481,1.03728187084198,1.141517162322998,0.820294976234436,1.0056085586547852,0.0,0.3983460068702698,0.5747020244598389,0.8349728584289551,1.0892493724822998,1.378199577331543,1.594504714012146,1.9259036779403687,2.2060365676879883,2.512253761291504,2.8029885292053223,3.0320475101470947,3.357121706008911,3.5127792358398438,3.8526930809020996,2.090970993041992,2.2173497676849365,1.9927759170532227,1.9800881147384644,2.012777328491211,1.9389110803604126,2.2936198711395264,2.2654130458831787,2.648927927017212,2.7087695598602295,3.0697805881500244,3.274184465408325,3.4320785999298096,3.751810312271118,3.986772298812866,4.156172752380371,3.908193826675415,3.6278629302978516,3.3379828929901123,3.124049425125122,2.8241281509399414,2.690243721008301,2.323690891265869,2.211500406265259,1.8368582725524902,1.784050464630127,1.5982959270477295,1.303744912147522,1.5508173704147339,1.388734221458435,2.3722658157348633,2.4459502696990967,2.2148404121398926,2.080784559249878,2.2145869731903076,2.143470525741577,2.457157611846924,2.4061696529388428,2.7733824253082275,2.7909257411956787,3.1571242809295654,3.329834461212158,3.4934942722320557,3.8161306381225586,4.053514003753662
B2,3.1738545894622803,2.7918033599853516,2.656238317489624,2.4927239418029785,2.1714069843292236,2.070587635040283,1.7138928174972534,1.643587350845337,1.2884247303009033,1.295974612236023,1.0579125881195068,0.9519224166870117,1.1795920133590698,0.9498682618141174,1.218224048614502,0.3983460068702698,0.0,0.3901269733905792,0.6014025807380676,0.8115548491477966,1.0905293226242065,1.2569904327392578,1.6058231592178345,1.8553632497787476,2.1806626319885254,2.449936628341675,2.686753273010254,3.0154268741607666,3.1532649993896484,3.500131368637085,2.182819366455078,2.2387733459472656,1.9616386890411377,1.918190598487854,1.880844235420227,1.7697887420654297,2.0983681678771973,2.0268592834472656,2.4062936305999756,2.428288221359253,2.796468734741211,2.9716150760650635,3.120532512664795,3.4490444660186768,3.666670322418213,3.8703601360321045,3.6426169872283936,3.3637888431549072,3.0666117668151855,2.8779520988464355,2.571910858154297,2.481297731399536,2.1107113361358643,2.0571417808532715,1.690305471420288,1.7108681201934814,1.5826855897903442,1.3379188776016235,1.6488642692565918,1.5725419521331787,2.481614828109741,2.499272346496582,2.2289633750915527,2.059223175048828,2.1347084045410156,2.019160747528076,2.298550844192505,2.1967036724090576,2.5453031063079834,2.5190787315368652,2.880187749862671,3.0331826210021973,3.1744143962860107,3.508568525314331,3.7273120880126953
B3,3.0329182147979736,2.6534323692321777,2.5004708766937256,2.2913925647735596,1.9838497638702393,1.8266146183013916,1.4844329357147217,1.3497649431228638,0.9771180152893066,0.9443551301956177,0.6729773879051208,0.6196624040603638,0.8658509254455566,0.6996760368347168,1.0374789237976074,0.5747020244598389,0.3901269733905792,0.0,0.3993604779243469,0.5301447510719299,0.8645685315132141,1.0636942386627197,1.396311640739441,1.682039737701416,1.9718636274337769,2.2762529850006104,2.484508991241455,2.8124897480010986,2.978091239929199,3.310297727584839,2.0097196102142334,2.0349607467651367,1.7771415710449219,1.6683576107025146,1.6609630584716797,1.5004843473434448,1.8350108861923218,1.7503656148910522,2.1242117881774902,2.1600003242492676,2.5155904293060303,2.722996950149536,2.8685359954833984,3.1905829906463623,3.4249162673950195,3.6018149852752686,3.3643698692321777,3.072922945022583,2.7950782775878906,2.5768377780914307,2.289130926132202,2.171203136444092,1.8100552558898926,1.7451210021972656,1.374356985092163,1.4156577587127686,1.257706880569458,1.0660333633422852,1.397793173789978,1.3719476461410522,2.159447193145752,2.1454641819000244,1.8790768384933472,1.6841377019882202,1.7690917253494263,1.6434705257415771,1.9365622997283936,1.8512886762619019,2.2117674350738525,2.219738245010376,2.5837128162384033,2.762594223022461,2.926953077316284,3.24678373336792,3.489771604537964
B4,2.8932955265045166,2.5340676307678223,2.3327059745788574,2.149017333984375,1.812657117843628,1.6771389245986938,1.3498507738113403,1.2052215337753296,0.8838585019111633,0.7921409010887146,0.649736225605011,0.4752272367477417,0.8093753457069397,0.7765868306159973,1.079830527305603,0.8349728584289551,0.6014025807380676,0.3993604779243469,0.0,0.3788878321647644,0.5547298789024353,0.836704671382904,1.1183006763458252,1.436622142791748,1.7156866788864136,2.0269556045532227,2.2692668437957764,2.571507453918457,2.7588069438934326,3.085920810699463,1.7968229055404663,1.7674458026885986,1.4667248725891113,1.3687334060668945,1.3063050508499146,1.1693741083145142,1.4984506368637085,1.445297122001648,1.830700159072876,1.8922228813171387,2.2604293823242188,2.4589591026306152,2.642674684524536,2.9495749473571777,3.197577714920044,3.3411035537719727,3.0892727375030518,2.822870969772339,2.516554117202759,2.3224072456359863,2.006319999694824,1.8987324237823486,1.5243700742721558,1.4631245136260986,1.102166771888733,1.1521878242492676,1.0906978845596313,0.9148837327957153,1.2742315530776978,1.3309718370437622,2.1010818481445312,2.072838068008423,1.755584716796875,1.597710371017456,1.6056216955184937,1.5105764865875244,1.7628580331802368,1.6836528778076172,2.0332891941070557,2.0285227298736572,2.4043970108032227,2.543398380279541,2.7278623580932617,3.042140245437622,3.2824833393096924
B5,2.574176073074341,2.2099380493164062,2.02101993560791,1.8080651760101318,1.4903531074523926,1.3284642696380615,0.9970170855522156,0.8538646101951599,0.5167071223258972,0.5329622030258179,0.49808403849601746,0.5599068403244019,0.9239400625228882,0.9704204797744751,1.3158906698226929,1.0892493724822998,0.8115548491477966,0.5301447510719299,0.3788878321647644,0.0,0.3821282684803009,0.5585086345672607,0.8742952942848206,1.1720033884048462,1.445205569267273,1.760904312133789,1.9672167301177979,2.2881827354431152,2.4676525592803955,2.793199062347412,2.014998435974121,1.9318320751190186,1.636183738708496,1.4534938335418701,1.3666150569915771,1.1262093782424927,1.4115606546401978,1.2651374340057373,1.6291239261627197,1.637930989265442,1.9973536729812622,2.1943421363830566,2.343292474746704,2.6643543243408203,2.899517059326172,3.078829050064087,2.8501319885253906,2.560303211212158,2.2780258655548096,2.0750012397766113,1.7844557762145996,1.7032372951507568,1.344464659690857,1.355576992034912,1.0161192417144775,1.1830796003341675,1.1274844408035278,1.0728099346160889,1.442007064819336,1.5504608154296875,2.1348438262939453,2.037672519683838,1.725113868713379,1.4961968660354614,1.4783809185028076,1.3024427890777588,1.5339900255203247,1.3975597620010376,1.7376337051391602,1.713997483253479,2.081162452697754,2.2414026260375977,2.4090723991394043,2.728464126586914,2.9700686931610107
B6,2.4222211837768555,2.0866708755493164,1.8442562818527222,1.6631624698638916,1.3189644813537598,1.1894869804382324,0.8990012407302856,0.7601994276046753,0.5757905840873718,0.5404431819915771,0.7099672555923462,0.6950070858001709,1.0523431301116943,1.1873067617416382,1.4876534938812256,1.378199577331543,1.0905293226242065,0.8645685315132141,0.5547298789024353,0.3821282684803009,0.0,0.3708759844303131,0.5684254765510559,0.9135496616363525,1.1663029193878174,1.4906678199768066,1.7332706451416016,2.023664712905884,2.226849317550659,2.5450315475463867,1.9311238527297974,1.7807577848434448,1.4509737491607666,1.2635024785995483,1.0938640832901,0.8495296835899353,1.0943820476531982,0.953830897808075,1.3264576196670532,1.3516398668289185,1.72605299949646,1.907728672027588,2.096644163131714,2.4016036987304688,2.6488046646118164,2.7978312969207764,2.558480978012085,2.294844388961792,1.9818742275238037,1.8110690116882324,1.4893923997879028,1.4360361099243164,1.0673975944519043,1.1182197332382202,0.8237589597702026,1.0405709743499756,1.1091971397399902,1.107338786125183,1.4671610593795776,1.6463252305984497,2.1653287410736084,2.046204090118408,1.6944355964660645,1.5026817321777344,1.390902042388916,1.240898847579956,1.3999817371368408,1.2578339576721191,1.5680878162384033,1.519059181213379,1.8936089277267456,2.004451036453247,2.1908581256866455,2.5035624504089355,2.7397797107696533
B7,2.0694775581359863,1.7249789237976074,1.5000296831130981,1.3307758569717407,0.9810503125190735,0.896604061126709,0.5818048119544983,0.5877408981323242,0.5168545842170715,0.6955868005752563,0.926791787147522,1.0184259414672852,1.3772289752960205,1.4978816509246826,1.8224639892578125,1.594504714012146,1.2569904327392578,1.0636942386627197,0.836704671382904,0.5585086345672607,0.3708759844303131,0.0,0.38436010479927063,0.618567168712616,0.9252305626869202,1.213461995124817,1.4448983669281006,1.7633323669433594,1.9290674924850464,2.2626090049743652,2.2896645069122314,2.1156115531921387,1.7828736305236816,1.5745407342910767,1.3686001300811768,1.0850565433502197,1.2382233142852783,0.9920464158058167,1.3078718185424805,1.2280774116516113,1.596712589263916,1.729313850402832,1.8737469911575317,2.2037837505340576,2.4147212505340576,2.6395010948181152,2.4448392391204834,2.1684913635253906,1.8696882724761963,1.7303297519683838,1.4322272539138794,1.4603989124298096,1.131394386291504,1.2921267747879028,1.063157081604004,1.3481873273849487,1.4233887195587158,1.4601719379425049,1.8192893266677856,1.999830722808838,2.449207305908203,2.288341522216797,1.9481174945831299,1.7111514806747437,1.5740798711776733,1.3523331880569458,1.4538320302963257,1.220360279083252,1.4776707887649536,1.3505425453186035,1.7012887001037598,1.802467942237854,1.9379773139953613,2.27337384223938,2.4838411808013916
B8,1.9265652894973755,1.6284502744674683,1.337786078453064,1.182178258895874,0.8324877619743347,0.7597771286964417,0.5856780409812927,0.5721962451934814,0.7111477255821228,0.807853639125824,1.1350537538528442,1.2103253602981567,1.5340347290039062,1.7243049144744873,2.018882989883423,1.9259036779403687,1.6058231592178345,1.396311640739441,1.1183006763458252,0.8742952942848206,0.5684254765510559,0.38436010479927063,0.0,0.3870270848274231,0.599768340587616,0.928491473197937,1.1774846315383911,1.457061767578125,1.6667399406433105,1.9799913167953491,2.2840325832366943,2.047494888305664,1.7182042598724365,1.4844409227371216,1.2292851209640503,0.9300422072410583,0.9735044836997986,0.6848288178443909,0.9620523452758789,0.8734674453735352,1.2505706548690796,1.3755725622177124,1.5585930347442627,1.8692700862884521,2.0996012687683105,2.2853877544403076,2.0808868408203125,1.823133111000061,1.5042483806610107,1.3924388885498047,1.0781071186065674,1.1529980897903442,0.8542808890342712,1.092872142791748,0.9688236117362976,1.2989680767059326,1.4573805332183838,1.562915325164795,1.892826795578003,2.131134510040283,2.4534316062927246,2.2594826221466064,1.9054259061813354,1.6935924291610718,1.4770451784133911,1.273024320602417,1.2807403802871704,1.0392394065856934,1.2379635572433472,1.0851404666900635,1.435409665107727,1.4900305271148682,1.6557871103286743,1.9753319025039673,2.1915016174316406
B9,1.557593822479248,1.270379662513733,0.9695989489555359,0.8776596784591675,0.5111925601959229,0.6051995158195496,0.5350438356399536,0.729175329208374,0.9539226293563843,1.141823410987854,1.466325283050537,1.5748425722122192,1.907196283340454,2.0805413722991943,2.3881754875183105,2.2060365676879883,1.8553632497787476,1.682039737701416,1.436622142791748,1.1720033884048462,0.9135496616363525,0.618567168712616,0.3870270848274231,0.0,0.3755868375301361,0.5969810485839844,0.8659731149673462,1.167300820350647,1.326356291770935,1.6613550186157227,2.658069372177124,2.4069623947143555,2.0736138820648193,1.8455636501312256,1.5667020082473755,1.2799986600875854,1.2478069067001343,0.9225624799728394,1.0782277584075928,0.8599711060523987,1.1934689283370972,1.2179232835769653,1.3500276803970337,1.6809905767440796,1.8586468696594238,2.1344382762908936,1.9904863834381104,1.739988088607788,1.4375420808792114,1.398543119430542,1.1300477981567383,1.3115426301956177,1.0957247018814087,1.4003820419311523,1.3309013843536377,1.6738322973251343,1.8363265991210938,1.948046326637268,2.2793662548065186,2.5146396160125732,2.8094048500061035,2.5916755199432373,2.2482616901397705,2.017934799194336,1.7864876985549927,1.5491276979446411,1.4979472160339355,1.1958465576171875,1.2951277494430542,1.0380001068115234,1.3235877752304077,1.3262664079666138,1.4154428243637085,1.7597615718841553,1.928877592086792
B10,1.4601341485977173,1.2421469688415527,0.8875069618225098,0.7783325910568237,0.5179296135902405,0.5751790404319763,0.7105240821838379,0.8303200006484985,1.148194432258606,1.2870277166366577,1.652139663696289,1.7743499279022217,2.0705370903015137,2.291987419128418,2.5829715728759766,2.512253761291504,2.1806626319885254,1.9718636274337769,1.7156866788864136,1.445205569267273,1.1663029193878174,0.9252305626869202,0.599768340587616,0.3755868375301361,0.0,0.3839647173881531,0.601764440536499,0.857612133026123,1.0887839794158936,1.385338544845581,2.73211932182312,2.439547061920166,2.134641647338867,1.8748741149902344,1.5969738960266113,1.3006559610366821,1.1679325103759766,0.8181441426277161,0.8354347944259644,0.54270339012146,0.8375310897827148,0.8429224491119385,0.9953755140304565,1.314244270324707,1.5149554014205933,1.7603307962417603,1.617922067642212,1.3702753782272339,1.0728121995925903,1.064565896987915,0.8326166272163391,1.084559679031372,0.9692474603652954,1.329333782196045,1.3607964515686035,1.7226992845535278,1.9174894094467163,2.089346170425415,2.390498161315918,2.6640079021453857,2.8149807453155518,2.5616507530212402,2.2290520668029785,2.009554386138916,1.7310658693313599,1.5020159482955933,1.3623857498168945,1.0588278770446777,1.0574195384979248,0.7631400227546692,1.01451575756073,0.9698564410209656,1.0932106971740723,1.4178361892700195,1.6058382987976074
B11,1.1620298624038696,1.007761001586914,0.6254380345344543,0.6887550354003906,0.530805766582489,0.7727919816970825,0.9551533460617065,1.1641119718551636,1.478195071220398,1.6538337469100952,2.008842945098877,2.1309657096862793,2.439997673034668,2.645785093307495,2.9422171115875244,2.8029885292053223,2.449936628341675,2.2762529850006104,2.0269556045532227,1.760904312133789,1.4906678199768066,1.213461995124817,0.928491473197937,0.5969810485839844,0.3839647173881531,0.0,0.37596264481544495,0.598352313041687,0.7547853589057922,1.0797128677368164,3.0789268016815186,2.7778432369232178,2.463808059692383,2.2251343727111816,1.9243168830871582,1.657223105430603,1.4957259893417358,1.1724482774734497,1.1235548257827759,0.7976945638656616,0.9719952940940857,0.8157740831375122,0.9005125164985657,1.2107088565826416,1.330828070640564,1.673866868019104,1.6091598272323608,1.4050796031951904,1.1383005380630493,1.237851858139038,1.0718666315078735,1.3837485313415527,1.3224977254867554,1.689632534980774,1.7384326457977295,2.0937883853912354,2.297975540161133,2.4588582515716553,2.763653039932251,3.0329861640930176,3.1946825981140137,2.935363531112671,2.6059763431549072,2.3869330883026123,2.102675437927246,1.870205283164978,1.7057218551635742,1.3925977945327759,1.31907320022583,0.9731916189193726,1.1028450727462769,0.9587910771369934,0.962035059928894,1.2959178686141968,1.4012964963912964
B12,0.9498968720436096,0.8519725799560547,0.4949495792388916,0.49907949566841125,0.5734047889709473,0.7588478326797485,1.0500401258468628,1.2521190643310547,1.605644702911377,1.7991505861282349,2.159700870513916,2.3301119804382324,2.6210341453552246,2.8397438526153564,3.1447880268096924,3.0320475101470947,2.686753273010254,2.484508991241455,2.2692668437957764,1.9672167301177979,1.7332706451416016,1.4448983669281006,1.1774846315383911,0.8659731149673462,0.601764440536499,0.37596264481544495,0.0,0.37777233123779297,0.5308088064193726,0.8282896876335144,3.307224988937378,2.99926495552063,2.7114741802215576,2.4369254112243652,2.1675162315368652,1.8684771060943604,1.689691185951233,1.3402382135391235,1.2170939445495605,0.845726728439331,0.8907396793365479,0.6962274312973022,0.6239099502563477,0.9650131464004517,1.0418941974639893,1.4693589210510254,1.466551423072815,1.2326282262802124,1.0650850534439087,1.1644104719161987,1.113178014755249,1.4362382888793945,1.4490976333618164,1.8299872875213623,1.9085644483566284,2.281229257583618,2.4620842933654785,2.6597108840942383,2.9553287029266357,3.2323923110961914,3.2875351905822754,2.9947285652160645,2.6955440044403076,2.4510254859924316,2.1702053546905518,1.9088680744171143,1.7072325944900513,1.3755735158920288,1.218670129776001,0.845674991607666,0.8546388149261475,0.7058259844779968,0.6165394186973572,0.9721082448959351,1.0787476301193237
B13,1.0383241176605225,1.0793651342391968,0.7571201920509338,0.8462486267089844,0.9470499753952026,1.1131221055984497,1.4097310304641724,1.5752506256103516,1.9367648363113403,2.092646837234497,2.4656026363372803,2.61501407623291,2.890866756439209,3.131230115890503,3.418491840362549,3.357121706008911,3.0154268741607666,2.8124897480010986,2.571507453918457,2.2881827354431152,2.023664712905884,1.7633323669433594,1.457061767578125,1.167300820350647,0.857612133026123,0.598352313041687,0.37777233123779297,0.0,0.37023961544036865,0.5444005727767944,3.4653143882751465,3.1298370361328125,2.8555967807769775,2.589437484741211,2.3084328174591064,2.041734457015991,1.8048549890518188,1.4986613988876343,1.293628215789795,0.9545631408691406,0.8771755695343018,0.5503268241882324,0.46466976404190063,0.7032614350318909,0.7445980906486511,1.1729308366775513,1.221604347229004,1.0642062425613403,0.9303827285766602,1.1407545804977417,1.1512837409973145,1.509528636932373,1.5950580835342407,1.9761241674423218,2.1127617359161377,2.4725353717803955,2.6870739459991455,2.9019813537597656,3.176408052444458,3.4746041297912598,3.470676898956299,3.1690564155578613,2.8729286193847656,2.6593801975250244,2.348161220550537,2.122180223464966,1.8726028203964233,1.581255555152893,1.3604435920715332,1.0158401727676392,0.9282882809638977,0.6361968517303467,0.5109237432479858,0.774036705493927,0.8215791583061218
