,A1,A2,A3,A4,A5,A6,A7,A8,A9,A10,A11,A12,A13,A14,A15,B1,B2,B3,B4,B5,B6,B7,B8,B9,B10,B11,B12,B13,B14,B15,C1,C2,C3,C4,C5,C6,C7,C8,C9,C10,C11,C12,C13,C14,C15,D1,D2,D3,D4,D5,D6,D7,D8,D9,D10,D11,D12,D13,D14,D15,E1,E2,E3,E4,E5,E6,E7,E8,E9,E10,E11,E12,E13,E14,E15
A1,0.0,0.38810110092163086,0.6213388442993164,0.9001650810241699,1.1417027711868286,1.5216703414916992,1.6738040447235107,2.013672113418579,2.284276008605957,2.557124376296997,2.8803300857543945,3.106757402420044,3.426668167114258,3.6968019008636475,3.9374759197235107,3.6868679523468018,3.3709819316864014,3.2139852046966553,2.843419075012207,2.7229511737823486,2.3751983642578125,2.0597567558288574,1.8691768646240234,1.4993085861206055,1.4547624588012695,1.0854673385620117,1.0532714128494263,1.1225391626358032,0.9487146735191345,1.2880408763885498,3.639949321746826,3.3206489086151123,3.111290693283081,2.7403111457824707,2.6764726638793945,2.311721086502075,2.0815823078155518,1.9104294776916504,1.568712592124939,1.5926990509033203,1.2372997999191284,1.3449500799179077,1.342353343963623,1.282741665840149,1.5970209836959839,0.8481971025466919,0.7701520323753357,1.0720630884170532,1.1328811645507812,1.2947092056274414,1.586704969406128,1.6925463676452637,1.9018994569778442,2.0634212493896484,2.256403923034668,2.5860185623168945,2.604065418243408,2.9619927406311035,2.9672324657440186,3.294711112976074,3.5650858879089355,3.2661736011505127,3.002648115158081,2.6633994579315186,2.5100841522216797,2.1268534660339355,1.8783143758773804,1.640539526939392,1.3071908950805664,1.2465205192565918,0.8725768327713013,0.9385054707527161,0.9545218348503113,0.9210297465324402,1.2767277956008911
A2,0.38810110092163086,0.0,0.38474565744400024,0.6019042134284973,0.8068274855613708,1.192891240119934,1.3338189125061035,1.659651517868042,1.9348946809768677,2.1890649795532227,2.5222747325897217,2.7403335571289062,3.0556507110595703,3.330562114715576,3.5618398189544678,3.3522610664367676,3.0255656242370605,2.869448661804199,2.5055670738220215,2.3632924556732178,2.0146265029907227,1.7049206495285034,1.4919734001159668,1.1246660947799683,1.0681180953979492,0.7014632821083069,0.7257683277130127,0.8541948199272156,0.801082193851471,1.1849513053894043,3.34712290763855,3.0155892372131348,2.8334202766418457,2.4545958042144775,2.39736008644104,2.0504066944122314,1.7821630239486694,1.6256574392318726,1.2590986490249634,1.2951327562332153,0.9516562223434448,1.0513019561767578,1.1425843238830566,1.104214072227478,1.4645389318466187,0.8170090913772583,0.711613655090332,0.8989088535308838,0.8720534443855286,1.1098064184188843,1.3774325847625732,1.435728907585144,1.694212555885315,1.8380669355392456,2.083233118057251,2.4088876247406006,2.4681990146636963,2.8260483741760254,2.8642139434814453,3.213984727859497,3.2637815475463867,2.9832763671875,2.720289468765259,2.3713159561157227,2.259120225906372,1.8922361135482788,1.6208105087280273,1.4491544961929321,1.106621265411377,1.1552132368087769,0.8392998576164246,0.9888683557510376,1.1364248991012573,1.1689099073410034,1.5505214929580688
A3,0.6213388442993164,0.38474565744400024,0.0,0.37789538502693176,0.5461626052856445,0.9136955738067627,1.1124204397201538,1.435287356376648,1.73009192943573,2.0096240043640137,2.333667516708374,2.5949599742889404,2.8944551944732666,3.1839547157287598,3.4278740882873535,3.1673669815063477,2.839719533920288,2.725654125213623,2.3528006076812744,2.243368625640869,1.9350835084915161,1.5855506658554077,1.4170929193496704,1.0408622026443481,0.9942275285720825,0.7060142755508423,0.6360087990760803,0.9022839665412903,0.8574104309082031,1.2301019430160522,3.1643309593200684,2.85148549079895,2.6755216121673584,2.2969884872436523,2.2971994876861572,1.9774852991104126,1.703362226486206,1.6333816051483154,1.2755297422409058,1.4146233797073364,1.1397061347961426,1.2810850143432617,1.4520949125289917,1.4318547248840332,1.8060246706008911,1.188812017440796,1.0200766324996948,1.1307282447814941,0.982018232345581,1.1723086833953857,1.3348342180252075,1.297554612159729,1.5165456533432007,1.594595193862915,1.8326234817504883,2.123800277709961,2.1569924354553223,2.507916212081909,2.5286927223205566,2.8835091590881348,2.9987542629241943,2.7139079570770264,2.42757511138916,2.097625494003296,1.9600900411605835,1.5778862237930298,1.3496780395507812,1.1688969135284424,0.8742204308509827,0.9825519919395447,0.7443076968193054,1.0289396047592163,1.1705615520477295,1.3118140697479248,1.6740995645523071
A4,0.9001650810241699,0.6019042134284973,0.37789538502693176,0.0,0.3855477273464203,0.6810138821601868,0.7828745245933533,1.1411471366882324,1.3979861736297607,1.6978871822357178,2.003072738647461,2.2592694759368896,2.573387384414673,2.847249746322632,3.106537342071533,2.809849262237549,2.490717649459839,2.3644330501556396,1.9881829023361206,1.894805908203125,1.591801404953003,1.2330859899520874,1.1123099327087402,0.7395883798599243,0.8134827613830566,0.6370357871055603,0.7310504913330078,1.0643651485443115,1.1352750062942505,1.5082165002822876,2.7945313453674316,2.478217840194702,2.3011550903320312,1.921590805053711,1.921187400817871,1.6093599796295166,1.33103346824646,1.2913062572479248,0.9493535161018372,1.1561435461044312,0.9633942246437073,1.176061749458313,1.4106029272079468,1.4743318557739258,1.8513612747192383,1.2637349367141724,1.024766445159912,1.0039809942245483,0.748392641544342,0.916536808013916,1.0089857578277588,0.9305465221405029,1.1764827966690063,1.2635692358016968,1.5366291999816895,1.8430804014205933,1.9296380281448364,2.2825896739959717,2.3528897762298584,2.718156099319458,2.6720287799835205,2.3854689598083496,2.1213219165802,1.774325966835022,1.6582953929901123,1.2980530261993408,1.022571086883545,0.8913436532020569,0.5770963430404663,0.787995457649231,0.6711907982826233,0.9783450961112976,1.22279691696167,1.4090588092803955,1.7714170217514038
A5,1.1417027711868286,0.8068274855613708,0.5461626052856445,0.3855477273464203,0.0,0.3931627571582794,0.6357919573783875,0.9066886305809021,1.2305235862731934,1.4859912395477295,1.8230702877044678,2.0946433544158936,2.3742387294769287,2.6797168254852295,2.9132251739501953,2.6977221965789795,2.352297306060791,2.2656702995300293,1.9053914546966553,1.7772204875946045,1.5038459300994873,1.1506860256195068,0.9800692200660706,0.6428512930870056,0.5810092091560364,0.5185890197753906,0.5179682374000549,0.8998355865478516,1.0408729314804077,1.3678557872772217,2.767730236053467,2.4484260082244873,2.3264517784118652,1.9451392889022827,1.9896783828735352,1.7327545881271362,1.4063836336135864,1.4249876737594604,1.07892906665802,1.2834057807922363,1.125914454460144,1.2465709447860718,1.5397998094558716,1.5530598163604736,1.9336680173873901,1.493039846420288,1.321164608001709,1.2791510820388794,1.002704381942749,1.2233681678771973,1.2639505863189697,1.0874452590942383,1.3457818031311035,1.342107892036438,1.6539545059204102,1.902463436126709,1.991763710975647,2.323391914367676,2.3889596462249756,2.7676663398742676,2.545459270477295,2.2942023277282715,1.9989031553268433,1.666700839996338,1.5998480319976807,1.2598336935043335,1.030492901802063,1.0134341716766357,0.8050427436828613,1.1036005020141602,1.0409531593322754,1.3631542921066284,1.5916146039962769,1.7739543914794922,2.138056516647339
A6,1.5216703414916992,1.192891240119934,0.9136955738067627,0.6810138821601868,0.3931627571582794,0.0,0.3749891519546509,0.5609070658683777,0.8999666571617126,1.1651254892349243,1.4860076904296875,1.7914235591888428,2.0505549907684326,2.3647215366363525,2.6061744689941406,2.363449811935425,2.015336751937866,1.9706833362579346,1.6176503896713257,1.5159937143325806,1.310774803161621,0.9501819014549255,0.8640969395637512,0.6410029530525208,0.6538867354393005,0.8033555746078491,0.826915442943573,1.1974748373031616,1.3776891231536865,1.663642406463623,2.4644086360931396,2.1589293479919434,2.0701181888580322,1.699796438217163,1.8046610355377197,1.6134974956512451,1.2842261791229248,1.4083611965179443,1.1276600360870361,1.3967764377593994,1.3430488109588623,1.4779084920883179,1.8134571313858032,1.8591569662094116,2.2309911251068115,1.8403129577636719,1.644104242324829,1.5368419885635376,1.2065365314483643,1.3768121004104614,1.3021752834320068,1.0172566175460815,1.2392959594726562,1.1427311897277832,1.4779292345046997,1.6705553531646729,1.785678505897522,2.0919525623321533,2.1829187870025635,2.5690929889678955,2.1741764545440674,1.938594937324524,1.6315943002700806,1.3109855651855469,1.2794427871704102,0.9813376069068909,0.7967279553413391,0.911974310874939,0.8402124643325806,1.2090436220169067,1.2662874460220337,1.605117678642273,1.8538066148757935,2.0775601863861084,2.426811456680298
A7,1.6738040447235107,1.3338189125061035,1.1124204397201538,0.7828745245933533,0.6357919573783875,0.3749891519546509,0.0,0.3901260197162628,0.6190225481987,0.9345054626464844,1.227001667022705,1.5113232135772705,1.8091228008270264,2.0927579402923584,2.358651638031006,2.066622495651245,1.729972243309021,1.6445934772491455,1.2788769006729126,1.1931747198104858,0.9807968139648438,0.6008769273757935,0.6231168508529663,0.4848802387714386,0.7000164985656738,0.9191176891326904,1.0791971683502197,1.4322106838226318,1.6468207836151123,1.9554675817489624,2.140284538269043,1.8192400932312012,1.7227916717529297,1.3464850187301636,1.4343715906143188,1.2555363178253174,0.9211931824684143,1.0888229608535767,0.8702513575553894,1.1849597692489624,1.230298638343811,1.41468346118927,1.7649160623550415,1.8819386959075928,2.237135410308838,1.8608894348144531,1.6300151348114014,1.441964864730835,1.0783231258392334,1.2023409605026245,1.056382179260254,0.7341361045837402,0.9873021245002747,0.9181122779846191,1.2938854694366455,1.5140976905822754,1.704530119895935,2.008606433868408,2.1616742610931396,2.5451159477233887,1.9559803009033203,1.7142589092254639,1.457544207572937,1.0978013277053833,1.1165952682495117,0.8829461336135864,0.6092085838317871,0.8332167267799377,0.7790514230728149,1.1639752388000488,1.2877014875411987,1.5826061964035034,1.8847181797027588,2.111642599105835,2.454514503479004
A8,2.013672113418579,1.659651517868042,1.435287356376648,1.1411471366882324,0.9066886305809021,0.5609070658683777,0.3901260197162628,0.0,0.37685224413871765,0.607326090335846,0.9297418594360352,1.2374231815338135,1.4904314279556274,1.8053842782974243,2.048933267593384,1.8386600017547607,1.4758628606796265,1.4466294050216675,1.122064471244812,1.0057458877563477,0.8929146528244019,0.600810170173645,0.6444088220596313,0.7037284970283508,0.8195658326148987,1.1400765180587769,1.265522837638855,1.587849736213684,1.8418874740600586,2.101914167404175,2.020718812942505,1.7058967351913452,1.691948413848877,1.344906210899353,1.4874043464660645,1.4072059392929077,1.0730148553848267,1.29928457736969,1.136487364768982,1.4175642728805542,1.508601188659668,1.6315720081329346,2.006990432739258,2.105630874633789,2.445920705795288,2.1763179302215576,1.9771934747695923,1.7738401889801025,1.415929913520813,1.5556975603103638,1.3850135803222656,1.038954257965088,1.2532117366790771,1.106295108795166,1.4781219959259033,1.6166493892669678,1.8240101337432861,2.082850456237793,2.249274253845215,2.6312999725341797,1.7382885217666626,1.556984543800354,1.2905359268188477,0.9647646546363831,1.0979020595550537,0.9746100902557373,0.8111414313316345,1.125582218170166,1.1477551460266113,1.53565514087677,1.6738765239715576,1.9726890325546265,2.2722463607788086,2.4988365173339844,2.8436660766601562
A9,2.284276008605957,1.9348946809768677,1.73009192943573,1.3979861736297607,1.2305235862731934,0.8999666571617126,0.6190225481987,0.37685224413871765,0.0,0.38992083072662354,0.6104380488395691,0.9254093170166016,1.2096455097198486,1.4904508590698242,1.7701812982559204,1.4759920835494995,1.1223801374435425,1.0806405544281006,0.7508842349052429,0.6915726065635681,0.686420202255249,0.48229315876960754,0.7238833904266357,0.9003706574440002,1.1072566509246826,1.4340418577194214,1.6107983589172363,1.927542805671692,2.1902713775634766,2.4618778228759766,1.6542431116104126,1.334054946899414,1.3468445539474487,1.0208477973937988,1.1922470331192017,1.1960524320602417,0.9078871011734009,1.2124669551849365,1.1664173603057861,1.4624407291412354,1.6401879787445068,1.7944107055664062,2.1667020320892334,2.3158023357391357,2.63616943359375,2.378054141998291,2.1541194915771484,1.9005956649780273,1.537114143371582,1.6164085865020752,1.3752363920211792,1.0180617570877075,1.1861084699630737,1.0297712087631226,1.3921152353286743,1.5064069032669067,1.776401400566101,2.00531005859375,2.226811647415161,2.594841718673706,1.4463485479354858,1.2778767347335815,1.0791133642196655,0.7442894577980042,0.9764609932899475,0.9843276143074036,0.833258330821991,1.2119340896606445,1.2849748134613037,1.6528209447860718,1.8471879959106445,2.1130318641662598,2.4362435340881348,2.6721553802490234,3.0011682510375977
A10,2.557124376296997,2.1890649795532227,2.0096240043640137,1.6978871822357178,1.4859912395477295,1.1651254892349243,0.9345054626464844,0.607326090335846,0.38992083072662354,0.0,0.3919030725955963,0.649601399898529,0.8890657424926758,1.2090462446212769,1.4419598579406738,1.3526571989059448,0.9670863151550293,0.9533622860908508,0.737886369228363,0.5554885268211365,0.6712596416473389,0.6725317239761353,0.822156548500061,1.1019960641860962,1.2353777885437012,1.6070128679275513,1.7832489013671875,2.0544118881225586,2.354642152786255,2.5890414714813232,1.6822993755340576,1.3624063730239868,1.475527048110962,1.2065705060958862,1.3616783618927002,1.4321802854537964,1.1492329835891724,1.4221389293670654,1.3946255445480347,1.6247551441192627,1.8266884088516235,1.9150493144989014,2.2974069118499756,2.4311165809631348,2.7253878116607666,2.587209463119507,2.4033164978027344,2.137002468109131,1.7923262119293213,1.9102001190185547,1.6960948705673218,1.3688336610794067,1.5555469989776611,1.4077082872390747,1.7588884830474854,1.840530514717102,2.116637945175171,2.3149657249450684,2.5421218872070312,2.9027185440063477,1.4545631408691406,1.3857769966125488,1.2267497777938843,0.9707851409912109,1.2791956663131714,1.3418152332305908,1.2216222286224365,1.5993708372116089,1.655453085899353,2.02650785446167,2.19643497467041,2.4537737369537354,2.78482985496521,3.00019907951355,3.3409717082977295
A11,2.8803300857543945,2.5222747325897217,2.333667516708374,2.003072738647461,1.8230702877044678,1.4860076904296875,1.227001667022705,0.9297418594360352,0.6104380488395691,0.3919030725955963,0.0,0.398215115070343,0.6194487810134888,0.8981831669807434,1.1867461204528809,0.9652760028839111,0.5784334540367126,0.6406374573707581,0.5237182974815369,0.5054806470870972,0.8200922012329102,0.9058247804641724,1.1500566005706787,1.4348748922348022,1.611060619354248,1.9728808403015137,2.156883478164673,2.439480781555176,2.732344627380371,2.973809242248535,1.344366431236267,1.0550071001052856,1.2415539026260376,1.0573170185089111,1.2649675607681274,1.441902756690979,1.247094988822937,1.5709667205810547,1.6288419961929321,1.8732554912567139,2.1182057857513428,2.236158609390259,2.6094226837158203,2.772507667541504,3.0571889877319336,2.902930974960327,2.6946003437042236,2.406468629837036,2.0590178966522217,2.122373342514038,1.8542824983596802,1.523853063583374,1.639100432395935,1.4657703638076782,1.7692053318023682,1.794196605682373,2.099971294403076,2.2496676445007324,2.5128982067108154,2.849402904510498,1.134905457496643,1.1238576173782349,1.0570749044418335,0.8793964385986328,1.2503576278686523,1.4261939525604248,1.3600391149520874,1.7577098608016968,1.8691357374191284,2.220168113708496,2.437429904937744,2.6817989349365234,3.0170204639434814,3.2501718997955322,3.5724029541015625
A12,3.106757402420044,2.7403335571289062,2.5949599742889404,2.2592694759368896,2.0946433544158936,1.7914235591888428,1.5113232135772705,1.2374231815338135,0.9254093170166016,0.649601399898529,0.398215115070343,0.0,0.38620150089263916,0.5907823443412781,0.8702770471572876,0.8680510520935059,0.5249302983283997,0.4628402888774872,0.5628787875175476,0.44709545373916626,0.8283205032348633,1.0665682554244995,1.2817810773849487,1.6205452680587769,1.7983115911483765,2.1650547981262207,2.388000249862671,2.637559652328491,2.954904079437256,3.1917474269866943,1.3342220783233643,1.036165714263916,1.2877085208892822,1.168006420135498,1.2947028875350952,1.5178731679916382,1.3548485040664673,1.6334410905838013,1.7429291009902954,1.9276494979858398,2.215649366378784,2.3051846027374268,2.665839433670044,2.8476035594940186,3.0955405235290527,3.028149366378784,2.840585231781006,2.5243303775787354,2.2032482624053955,2.2713561058044434,2.020744800567627,1.740721583366394,1.8799333572387695,1.7614176273345947,2.061952590942383,2.1083145141601562,2.438369035720825,2.582287073135376,2.866213321685791,3.192667245864868,1.3256710767745972,1.375244379043579,1.3918275833129883,1.235875129699707,1.6071031093597412,1.7893376350402832,1.6849786043167114,2.0740694999694824,2.150390625,2.4880518913269043,2.690426826477051,2.8999886512756348,3.2545547485351562,3.4623982906341553,3.7869505882263184
A13,3.426668167114258,3.0556507110595703,2.8944551944732666,2.573387384414673,2.3742387294769287,2.0505549907684326,1.8091228008270264,1.4904314279556274,1.2096455097198486,0.8890657424926758,0.6194487810134888,0.38620150089263916,0.0,0.3797845244407654,0.5772186517715454,0.8503313064575195,0.5704454779624939,0.7019767165184021,0.9023197293281555,0.8309445381164551,1.1975352764129639,1.4208428859710693,1.6032878160476685,1.9408575296401978,2.074228048324585,2.454533100128174,2.6454086303710938,2.8826992511749268,3.2051451206207275,3.412806987762451,1.4535315036773682,1.235183596611023,1.5461440086364746,1.4835667610168457,1.6436083316802979,1.8914378881454468,1.7364227771759033,2.0182712078094482,2.1137728691101074,2.2919375896453857,2.567761182785034,2.631455421447754,2.997649908065796,3.157099723815918,3.400317668914795,3.370818853378296,3.1959316730499268,2.888758420944214,2.5657920837402344,2.646296262741089,2.3948917388916016,2.0985159873962402,2.2206051349639893,2.0647149085998535,2.3472514152526855,2.3419036865234375,2.6551992893218994,2.76204776763916,3.0379080772399902,3.3513376712799072,1.3149371147155762,1.4638572931289673,1.4956974983215332,1.426996111869812,1.81522536277771,2.0314931869506836,1.978418231010437,2.3757758140563965,2.4761545658111572,2.8244340419769287,3.030111789703369,3.257448673248291,3.6044907569885254,3.819265365600586,4.147002220153809
A14,3.6968019008636475,3.330562114715576,3.1839547157287598,2.847249746322632,2.6797168254852295,2.3647215366363525,2.0927579402923584,1.8053842782974243,1.4904508590698242,1.2090462446212769,0.8981831669807434,0.5907823443412781,0.3797845244407654,0.0,0.38334569334983826,0.692291796207428,0.5890117883682251,0.6716001033782959,1.0010164976119995,0.9989885687828064,1.3814401626586914,1.6490451097488403,1.86367666721344,2.2094502449035645,2.3769783973693848,2.7483842372894287,2.9658362865448,3.2041311264038086,3.528554677963257,3.749633312225342,1.317354440689087,1.1491504907608032,1.503320574760437,1.527703881263733,1.6591323614120483,1.9607367515563965,1.8707505464553833,2.1468143463134766,2.3006250858306885,2.465275764465332,2.7746734619140625,2.852864980697632,3.2031972408294678,3.3914108276367188,3.6156582832336426,3.5947511196136475,3.410330295562744,3.081911087036133,2.770946741104126,2.8194775581359863,2.5515637397766113,2.2828006744384766,2.3795642852783203,2.2463271617889404,2.4993441104888916,2.487079620361328,2.822240114212036,2.906838893890381,3.2092339992523193,3.5014235973358154,1.3675233125686646,1.5519955158233643,1.6715596914291382,1.6317486763000488,2.0167531967163086,2.2682135105133057,2.211162567138672,2.604551315307617,2.710766077041626,3.0375304222106934,3.2599668502807617,3.4607622623443604,3.8171472549438477,4.029338359832764,4.344318866729736
A15,3.9374759197235107,3.5618398189544678,3.4278740882873535,3.106537342071533,2.9132251739501953,2.6061744689941406,2.358651638031006,2.048933267593384,1.7701812982559204,1.4419598579406738,1.1867461204528809,0.8702770471572876,0.5772186517715454,0.38334569334983826,0.0,1.0384143590927124,0.9587988257408142,1.038662075996399,1.3532936573028564,1.2810519933700562,1.6303945779800415,1.9190151691436768,2.078941822052002,2.439101457595825,2.563711643218994,2.943549633026123,3.1517491340637207,3.3587710857391357,3.6979589462280273,3.890824317932129,1.6746044158935547,1.5255017280578613,1.881179928779602,1.900646686553955,2.0106942653656006,2.2972750663757324,2.184054374694824,2.430083990097046,2.5639822483062744,2.693124532699585,2.9952311515808105,3.0300121307373047,3.378011465072632,3.545630931854248,3.7490053176879883,3.8069941997528076,3.652266263961792,3.3271687030792236,3.0286946296691895,3.1083943843841553,2.8668384552001953,2.6044883728027344,2.727569580078125,2.596489906311035,2.863387107849121,2.8511345386505127,3.177183151245117,3.2599267959594727,3.551521062850952,3.8455307483673096,1.679206132888794,1.8964502811431885,1.9966850280761719,1.967629075050354,2.3568296432495117,2.5943713188171387,2.5350804328918457,2.930008888244629,3.0193817615509033,3.3575291633605957,3.558590888977051,3.7622783184051514,4.120974063873291,4.319345951080322,4.646031379699707
B1,3.6868679523468018,3.3522610664367676,3.1673669815063477,2.809849262237549,2.6977221965789795,2.363449811935425,2.066622495651245,1.8386600017547607,1.4759920835494995,1.3526571989059448,0.9652760028839111,0.8680510520935059,0.8503313064575195,0.692291796207428,1.0384143590927124,0.0,0.3896881639957428,0.5891680717468262,0.8730015754699707,1.1244075298309326,1.511305332183838,1.682888150215149,2.0041356086730957,2.287341356277466,2.5271594524383545,2.8669867515563965,3.0791029930114746,3.3752713203430176,3.6583359241485596,3.9205143451690674,0.6709058284759521,0.6367778182029724,1.014966607093811,1.1618326902389526,1.383081316947937,1.7433258295059204,1.7583844661712646,2.1013877391815186,2.303426504135132,2.5435526371002197,2.855600595474243,3.021332263946533,3.363973379135132,3.5857198238372803,3.8430111408233643,3.6660518646240234,3.4187424182891846,3.0933895111083984,2.763148546218872,2.7259111404418945,2.388181686401367,2.107025384902954,2.0923497676849365,1.9287350177764893,2.0929622650146484,2.019331932067871,2.361875534057617,2.395486831665039,2.726482391357422,2.979619026184082,0.8494256734848022,1.0259195566177368,1.273427963256836,1.3110954761505127,1.6558421850204468,1.984084129333496,1.9869076013565063,2.3615903854370117,2.5386853218078613,2.823728561401367,3.1097073554992676,3.3052284717559814,3.6431703567504883,3.895143747329712,4.171330451965332
B2,3.3709819316864014,3.0255656242370605,2.839719533920288,2.490717649459839,2.352297306060791,2.015336751937866,1.729972243309021,1.4758628606796265,1.1223801374435425,0.9670863151550293,0.5784334540367126,0.5249302983283997,0.5704454779624939,0.5890117883682251,0.9587988257408142,0.3896881639957428,0.0,0.39432579278945923,0.60646653175354,0.8025100827217102,1.1971614360809326,1.3561365604400635,1.6550180912017822,1.9447827339172363,2.161895751953125,2.5119636058807373,2.714744806289673,3.004112720489502,3.2929177284240723,3.5455145835876465,0.9047644138336182,0.7129206657409668,1.0395152568817139,1.049517273902893,1.2791093587875366,1.5863596200942993,1.5235487222671509,1.8667863607406616,2.0221199989318848,2.2630972862243652,2.5555615425109863,2.7016048431396484,3.0572376251220703,3.257690191268921,3.523789167404175,3.3623557090759277,3.1306004524230957,2.8160719871520996,2.477975368499756,2.479011297225952,2.1637847423553467,1.8606058359146118,1.8946378231048584,1.723189115524292,1.9448086023330688,1.9061493873596191,2.241652727127075,2.320549488067627,2.6293864250183105,2.919163703918457,0.8684003949165344,0.9825538396835327,1.116538643836975,1.0818884372711182,1.4578580856323242,1.7432702779769897,1.7233160734176636,2.113701105117798,2.268972635269165,2.5819811820983887,2.844003677368164,3.0589771270751953,3.398664712905884,3.6438138484954834,3.9397382736206055
B3,3.2139852046966553,2.869448661804199,2.725654125213623,2.3644330501556396,2.2656702995300293,1.9706833362579346,1.6445934772491455,1.4466294050216675,1.0806405544281006,0.9533622860908508,0.6406374573707581,0.4628402888774872,0.7019767165184021,0.6716001033782959,1.038662075996399,0.5891680717468262,0.39432579278945923,0.0,0.38772130012512207,0.568903923034668,0.9435274004936218,1.1695996522903442,1.4762853384017944,1.7823307514190674,2.034419298171997,2.3686509132385254,2.618255138397217,2.8951621055603027,3.191645860671997,3.463857650756836,0.9118916988372803,0.5991029143333435,0.883618950843811,0.8651325106620789,0.9933638572692871,1.306464433670044,1.262203335762024,1.5711162090301514,1.7698276042938232,1.9796276092529297,2.302553653717041,2.454120635986328,2.7916147708892822,3.0197668075561523,3.2654099464416504,3.12380313873291,2.8958027362823486,2.5596306324005127,2.2428648471832275,2.235299825668335,1.935104250907898,1.6816964149475098,1.7513171434402466,1.656105637550354,1.9008984565734863,1.9397141933441162,2.3016984462738037,2.423401117324829,2.7448694705963135,3.044980764389038,1.1785390377044678,1.2001864910125732,1.3285644054412842,1.1931356191635132,1.5403302907943726,1.7752424478530884,1.6751744747161865,2.049161911010742,2.1541802883148193,2.4490792751312256,2.6939117908477783,2.870440721511841,3.2280983924865723,3.448457956314087,3.743821859359741
B4,2.843419075012207,2.5055670738220215,2.3528006076812744,1.9881829023361206,1.9053914546966553,1.6176503896713257,1.2788769006729126,1.122064471244812,0.7508842349052429,0.737886369228363,0.5237182974815369,0.5628787875175476,0.9023197293281555,1.0010164976119995,1.3532936573028564,0.8730015754699707,0.60646653175354,0.38772130012512207,0.0,0.3885658383369446,0.6878951787948608,0.8257735371589661,1.1717511415481567,1.4417062997817993,1.7188422679901123,2.0354089736938477,2.283275604248047,2.5782456398010254,2.8576958179473877,3.1455202102661133,1.0273858308792114,0.6625292301177979,0.7875244617462158,0.6075969338417053,0.7659514546394348,1.0108542442321777,0.9197483062744141,1.2616875171661377,1.4333933591842651,1.6828808784484863,1.9845913648605347,2.164165735244751,2.5053975582122803,2.7311439514160156,2.999784231185913,2.7930619716644287,2.5500574111938477,2.225937604904175,1.8947936296463013,1.8833332061767578,1.5768650770187378,1.3024324178695679,1.3842551708221436,1.2932206392288208,1.568221092224121,1.6491496562957764,2.0072314739227295,2.169973134994507,2.4778060913085938,2.7984724044799805,1.1986274719238281,1.1063377857208252,1.1537835597991943,0.9258959293365479,1.2430400848388672,1.4303151369094849,1.2986148595809937,1.6689187288284302,1.766531229019165,2.0650975704193115,2.309424638748169,2.495551347732544,2.849172592163086,3.07603120803833,3.373568534851074
B5,2.7229511737823486,2.3632924556732178,2.243368625640869,1.894805908203125,1.7772204875946045,1.5159937143325806,1.1931747198104858,1.0057458877563477,0.6915726065635681,0.5554885268211365,0.5054806470870972,0.44709545373916626,0.8309445381164551,0.9989885687828064,1.2810519933700562,1.1244075298309326,0.8025100827217102,0.568903923034668,0.3885658383369446,0.0,0.40307092666625977,0.6662450432777405,0.9203217029571533,1.2516485452651978,1.4854540824890137,1.8249703645706177,2.08721661567688,2.3453638553619385,2.653172492980957,2.922001361846924,1.3901857137680054,1.0231815576553345,1.1468744277954102,0.923909068107605,0.9760029911994934,1.1243321895599365,0.9243916273117065,1.1873468160629272,1.3044346570968628,1.4957916736602783,1.7946314811706543,1.9152766466140747,2.2673823833465576,2.473252058029175,2.7270548343658447,2.6139843463897705,2.4144601821899414,2.0894007682800293,1.772395133972168,1.8325544595718384,1.5939388275146484,1.342098355293274,1.521464467048645,1.4663920402526855,1.7947137355804443,1.9189937114715576,2.257023811340332,2.4517533779144287,2.733424663543701,3.0746006965637207,1.4994608163833618,1.433325171470642,1.4129388332366943,1.1512720584869385,1.4652804136276245,1.5755492448806763,1.3927574157714844,1.7568109035491943,1.7871071100234985,2.1099350452423096,2.2975897789001465,2.4838733673095703,2.8472743034362793,3.041982889175415,3.3655872344970703
B6,2.3751983642578125,2.0146265029907227,1.9350835084915161,1.591801404953003,1.5038459300994873,1.310774803161621,0.9807968139648438,0.8929146528244019,0.686420202255249,0.6712596416473389,0.8200922012329102,0.8283205032348633,1.1975352764129639,1.3814401626586914,1.6303945779800415,1.511305332183838,1.1971614360809326,0.9435274004936218,0.6878951787948608,0.40307092666625977,0.0,0.3902806043624878,0.5823244452476501,0.9163510203361511,1.174155354499817,1.4860789775848389,1.785270094871521,2.028533458709717,2.335716485977173,2.619866371154785,1.6889903545379639,1.3059085607528687,1.3280771970748901,1.029029130935669,0.9827322363853455,0.9824497699737549,0.6907770037651062,0.8638180494308472,0.9343218803405762,1.0998038053512573,1.396498680114746,1.515949010848999,1.8651670217514038,2.0780951976776123,2.3329055309295654,2.218526840209961,2.031216621398926,1.703955888748169,1.399708867073059,1.4944782257080078,1.3135108947753906,1.1104044914245605,1.370766282081604,1.3911513090133667,1.750778079032898,1.9515148401260376,2.2724573612213135,2.516011953353882,2.775510787963867,3.1315364837646484,1.822098970413208,1.695184588432312,1.622786283493042,1.2972842454910278,1.5373650789260864,1.5460366010665894,1.2842319011688232,1.5993499755859375,1.5513254404067993,1.8646717071533203,2.0047366619110107,2.170727491378784,2.5410830974578857,2.7078819274902344,3.0424230098724365
B7,2.0597567558288574,1.7049206495285034,1.5855506658554077,1.2330859899520874,1.1506860256195068,0.9501819014549255,0.6008769273757935,0.600810170173645,0.48229315876960754,0.6725317239761353,0.9058247804641724,1.0665682554244995,1.4208428859710693,1.6490451097488403,1.9190151691436768,1.682888150215149,1.3561365604400635,1.1695996522903442,0.8257735371589661,0.6662450432777405,0.3902806043624878,0.0,0.39391520619392395,0.6186245679855347,0.9250747561454773,1.2161779403686523,1.4924559593200684,1.7791998386383057,2.055866241455078,2.359003782272339,1.7911380529403687,1.4245531558990479,1.3745200634002686,1.014169692993164,1.0224181413650513,0.9199216961860657,0.5581732392311096,0.77104651927948,0.730753481388092,0.9984982013702393,1.224230408668518,1.394169569015503,1.753368854522705,1.946709394454956,2.2463181018829346,2.0123281478881836,1.7950530052185059,1.5006804466247559,1.1565020084381104,1.251970648765564,1.0604745149612427,0.797744870185852,1.0804412364959717,1.086395502090454,1.467261791229248,1.6908270120620728,1.9799964427947998,2.250868320465088,2.4816458225250244,2.8486037254333496,1.8132734298706055,1.6236544847488403,1.4824389219284058,1.1184076070785522,1.2849805355072021,1.2184361219406128,0.9300577044487,1.2303099632263184,1.1782454252243042,1.5118143558502197,1.6568853855133057,1.8592950105667114,2.216092109680176,2.406648874282837,2.743720769882202
B8,1.8691768646240234,1.4919734001159668,1.4170929193496704,1.1123099327087402,0.9800692200660706,0.8640969395637512,0.6231168508529663,0.6444088220596313,0.7238833904266357,0.822156548500061,1.1500566005706787,1.2817810773849487,1.6032878160476685,1.86367666721344,2.078941822052002,2.0041356086730957,1.6550180912017822,1.4762853384017944,1.1717511415481567,0.9203217029571533,0.5823244452476501,0.39391520619392395,0.0,0.3791015148162842,0.5932894945144653,0.9116441607475281,1.2067914009094238,1.4478398561477661,1.7542903423309326,2.038888931274414,2.169283628463745,1.7983826398849487,1.7633692026138306,1.4052478075027466,1.3787055015563965,1.2245699167251587,0.8423119187355042,0.8907859325408936,0.7011756896972656,0.8626964092254639,1.016520619392395,1.0977648496627808,1.478616714477539,1.6268154382705688,1.9278783798217773,1.779884934425354,1.6239405870437622,1.3580275774002075,1.0449169874191284,1.254244089126587,1.1871283054351807,0.9913011193275452,1.3335484266281128,1.365674614906311,1.7537553310394287,1.9958680868148804,2.2471044063568115,2.537370204925537,2.7321290969848633,3.1096644401550293,2.143897294998169,1.9714804887771606,1.791174292564392,1.4327999353408813,1.5783658027648926,1.4429032802581787,1.1444098949432373,1.3828489780426025,1.2469820976257324,1.5824384689331055,1.637437343597412,1.8407593965530396,2.188014268875122,2.3366823196411133,2.699166774749756
B9,1.4993085861206055,1.1246660947799683,1.0408622026443481,0.7395883798599243,0.6428512930870056,0.6410029530525208,0.4848802387714386,0.7037284970283508,0.9003706574440002,1.1019960641860962,1.4348748922348022,1.6205452680587769,1.9408575296401978,2.2094502449035645,2.439101457595825,2.287341356277466,1.9447827339172363,1.7823307514190674,1.4417062997817993,1.2516485452651978,0.9163510203361511,0.6186245679855347,0.3791015148162842,0.0,0.38770592212677,0.6005870699882507,0.9045963287353516,1.1841058731079102,1.4495213031768799,1.7675213813781738,2.3858025074005127,2.0278120040893555,1.9345872402191162,1.5550822019577026,1.5299146175384521,1.2945083379745483,0.9224694967269897,0.9127024412155151,0.594218909740448,0.7919281125068665,0.8122072219848633,0.9434033632278442,1.3093148469924927,1.434159755706787,1.7750434875488281,1.4979841709136963,1.3229856491088867,1.1080676317214966,0.7811844944953918,1.025911808013916,1.0228729248046875,0.857179582118988,1.2150919437408447,1.2768012285232544,1.6507829427719116,1.927653193473816,2.132319211959839,2.4512650966644287,2.608426094055176,2.9882590770721436,2.3261823654174805,2.107544422149658,1.8891160488128662,1.5195120573043823,1.573386549949646,1.3467833995819092,1.0254937410354614,1.1667603254318237,0.9637108445167542,1.287158727645874,1.294892430305481,1.516876220703125,1.8463164567947388,1.9955757856369019,2.3642210960388184
B10,1.4547624588012695,1.0681180953979492,0.9942275285720825,0.8134827613830566,0.5810092091560364,0.6538867354393005,0.7000164985656738,0.8195658326148987,1.1072566509246826,1.2353777885437012,1.611060619354248,1.7983115911483765,2.074228048324585,2.3769783973693848,2.563711643218994,2.5271594524383545,2.161895751953125,2.034419298171997,1.7188422679901123,1.4854540824890137,1.174155354499817,0.9250747561454773,0.5932894945144653,0.38770592212677,0.0,0.390359491109848,0.6275648474693298,0.8631119132041931,1.1720848083496094,1.4474583864212036,2.6935770511627197,2.3379440307617188,2.278367519378662,1.9029302597045898,1.8984233140945435,1.679555892944336,1.3034651279449463,1.2767424583435059,0.9378427863121033,1.033604621887207,0.9506440758705139,0.9401531219482422,1.3045165538787842,1.3263447284698486,1.6732271909713745,1.4962515830993652,1.405007243156433,1.2680726051330566,1.0072005987167358,1.3147742748260498,1.3756070137023926,1.2192010879516602,1.561058759689331,1.5852264165878296,1.9538705348968506,2.2039883136749268,2.3710193634033203,2.6863033771514893,2.807090997695923,3.1921563148498535,2.543409585952759,2.350645065307617,2.0957159996032715,1.749204158782959,1.8082529306411743,1.560810923576355,1.2891484498977661,1.4077410697937012,1.1998635530471802,1.5178030729293823,1.4577836990356445,1.7005598545074463,1.9883809089660645,2.10945463180542,2.491912364959717
B11,1.0854673385620117,0.7014632821083069,0.7060142755508423,0.6370357871055603,0.5185890197753906,0.8033555746078491,0.9191176891326904,1.1400765180587769,1.4340418577194214,1.6070128679275513,1.9728808403015137,2.1650547981262207,2.454533100128174,2.7483842372894287,2.943549633026123,2.8669867515563965,2.5119636058807373,2.3686509132385254,2.0354089736938477,1.8249703645706177,1.4860789775848389,1.2161779403686523,0.9116441607475281,0.6005870699882507,0.390359491109848,0.0,0.39061784744262695,0.6080708503723145,0.863953173160553,1.1903128623962402,2.978501319885254,2.625356912612915,2.521773099899292,2.1388235092163086,2.1055235862731934,1.828499436378479,1.479293942451477,1.3788996934890747,0.9957159161567688,1.0390496253967285,0.8136615753173828,0.7984259128570557,1.0963244438171387,1.071793556213379,1.4451450109481812,1.1677525043487549,1.10377037525177,1.056325912475586,0.8692522048950195,1.2068029642105103,1.366424560546875,1.2951747179031372,1.6306512355804443,1.7058258056640625,2.0422298908233643,2.3273632526397705,2.4571170806884766,2.7936911582946777,2.883527994155884,3.261777877807617,2.853912830352783,2.6300933361053467,2.367460012435913,2.0148587226867676,2.0112621784210205,1.7082599401474,1.4249415397644043,1.4353621006011963,1.1559666395187378,1.4010592699050903,1.2471014261245728,1.465096116065979,1.7183300256729126,1.8011205196380615,2.1883955001831055
B12,1.0532714128494263,0.7257683277130127,0.6360087990760803,0.7310504913330078,0.5179682374000549,0.826915442943573,1.0791971683502197,1.265522837638855,1.6107983589172363,1.7832489013671875,2.156883478164673,2.388000249862671,2.6454086303710938,2.9658362865448,3.1517491340637207,3.0791029930114746,2.714744806289673,2.618255138397217,2.283275604248047,2.08721661567688,1.785270094871521,1.4924559593200684,1.2067914009094238,0.9045963287353516,0.6275648474693298,0.39061784744262695,0.0,0.384721964597702,0.5796438455581665,0.8847223520278931,3.2090024948120117,2.8722527027130127,2.775921583175659,2.3928098678588867,2.404224395751953,2.138615131378174,1.7919894456863403,1.7338535785675049,1.353139042854309,1.425519585609436,1.178073763847351,1.1426756381988525,1.3911056518554688,1.2824264764785767,1.6498565673828125,1.3546053171157837,1.320475459098816,1.360494613647461,1.1943050622940063,1.5018221139907837,1.6482445001602173,1.5412030220031738,1.833206057548523,1.8558449745178223,2.1688954830169678,2.4188296794891357,2.494302272796631,2.823248863220215,2.8650777339935303,3.2403478622436523,2.9793710708618164,2.75726580619812,2.4554555416107178,2.131006956100464,2.0960021018981934,1.7651731967926025,1.5447907447814941,1.5203558206558228,1.2763140201568604,1.511311411857605,1.3358590602874756,1.5997706651687622,1.783841848373413,1.877644419670105,2.254990339279175
B13,1.1225391626358032,0.8541948199272156,0.9022839665412903,1.0643651485443115,0.8998355865478516,1.1974748373031616,1.4322106838226318,1.587849736213684,1.927542805671692,2.0544118881225586,2.439480781555176,2.637559652328491,2.8826992511749268,3.2041311264038086,3.3587710857391357,3.3752713203430176,3.004112720489502,2.8951621055603027,2.5782456398010254,2.3453638553619385,2.028533458709717,1.7791998386383057,1.4478398561477661,1.1841058731079102,0.8631119132041931,0.6080708503723145,0.384721964597702,0.0,0.37449946999549866,0.6016851663589478,3.5355582237243652,3.187715530395508,3.1038408279418945,2.7214860916137695,2.7072010040283203,2.435933828353882,2.0849058628082275,1.9796339273452759,1.5950266122817993,1.5827932357788086,1.2973237037658691,1.1529709100723267,1.3379939794540405,1.1316882371902466,1.4623689651489258,1.3209298849105835,1.3966190814971924,1.4840563535690308,1.3997840881347656,1.738888144493103,1.94045090675354,1.8756877183914185,2.185598611831665,2.2293434143066406,2.544801712036133,2.802098512649536,2.8765320777893066,3.2061312198638916,3.2404439449310303,3.6133439540863037,3.319230318069458,3.1129660606384277,2.8139491081237793,2.490412712097168,2.473416805267334,2.1486032009124756,1.9229977130889893,1.8957188129425049,1.6316405534744263,1.8341312408447266,1.6088591814041138,1.8226699829101562,1.9803249835968018,2.009597063064575,2.3845927715301514
