,A1,A2,A3,A4,A5,A6,A7,A8,A9,A10,A11,A12,A13,A14,A15,B1,B2,B3,B4,B5,B6,B7,B8,B9,B10,B11,B12,B13,B14,B15,C1,C2,C3,C4,C5,C6,C7,C8,C9,C10,C11,C12,C13,C14,C15,D1,D2,D3,D4,D5,D6,D7,D8,D9,D10,D11,D12,D13,D14,D15,E1,E2,E3,E4,E5,E6,E7,E8,E9,E10,E11,E12,E13,E14,E15
A1,0.0,0.3734743893146515,0.5853179693222046,0.8680667877197266,1.1558771133422852,1.4635670185089111,1.705430030822754,2.0508835315704346,2.2103047370910645,1.963850975036621,1.6755553483963013,1.3098657131195068,1.165017008781433,0.8006625175476074,0.7951341867446899,2.3437881469726562,2.153972864151001,1.9381659030914307,1.645692229270935,1.619463562965393,1.3387916088104248,1.567369818687439,1.4827381372451782,1.4311261177062988,1.1981126070022583,1.458509922027588,1.4771648645401,1.838600754737854,1.9877642393112183,2.236809492111206,1.7809562683105469,1.450013279914856,1.2981505393981934,1.1298025846481323,0.879641592502594,0.8588752150535583,0.5443629026412964,0.7629201412200928,0.9069540500640869,1.0117716789245605,0.79110187292099,0.8856555819511414,0.7403983473777771,1.0597400665283203,1.0547162294387817,1.500043272972107,1.672924280166626,1.4651376008987427,1.65256929397583,1.708627462387085,1.9029706716537476,2.1943180561065674,2.389920711517334,2.6818530559539795,2.5014162063598633,2.4234652519226074,2.1148316860198975,2.1409213542938232,1.965713620185852,1.9018629789352417,2.2509121894836426,2.1418964862823486,1.776685118675232,1.7393581867218018,1.4237473011016846,1.4184448719024658,1.4254528284072876,1.3791495561599731,1.7661908864974976,1.8720760345458984,1.9306315183639526,1.8611160516738892,1.9084311723709106,2.03560209274292,1.9343223571777344
A2,0.3734743893146515,0.0,0.368457168340683,0.5700441002845764,0.8719758987426758,1.1679023504257202,1.3835082054138184,1.7377076148986816,1.8717941045761108,1.6316801309585571,1.321913242340088,0.9655004143714905,0.7976158261299133,0.42900046706199646,0.5099899768829346,2.0461666584014893,1.88716459274292,1.6952762603759766,1.4291709661483765,1.472730040550232,1.2548786401748657,1.5518925189971924,1.5552376508712769,1.5437729358673096,1.2523781061172485,1.425203800201416,1.3528509140014648,1.698904275894165,1.7843173742294312,2.0406112670898438,1.7070980072021484,1.422917366027832,1.2040332555770874,1.1069070100784302,0.7906656265258789,0.846061110496521,0.5887818932533264,0.8003132343292236,1.083443522453308,1.1899070739746094,1.0112578868865967,1.0144007205963135,0.8647165298461914,1.108161449432373,1.0093315839767456,1.6582955121994019,1.7554396390914917,1.4904356002807617,1.6079415082931519,1.60499906539917,1.7405017614364624,2.025120735168457,2.172374963760376,2.470950126647949,2.3124420642852783,2.2858572006225586,2.0132358074188232,2.0848207473754883,1.9704242944717407,1.9310429096221924,1.9474377632141113,1.8460094928741455,1.4892222881317139,1.50283944606781,1.1945387125015259,1.2749234437942505,1.2877715826034546,1.338110327720642,1.7364429235458374,1.8122377395629883,1.7968369722366333,1.680476427078247,1.6680619716644287,1.7600891590118408,1.6162103414535522
A3,0.5853179693222046,0.368457168340683,0.0,0.36649003624916077,0.5754435658454895,0.9044764637947083,1.1357778310775757,1.4770880937576294,1.6698487997055054,1.4613975286483765,1.1940371990203857,0.8382627964019775,0.7134391069412231,0.46183449029922485,0.4738617241382599,1.8215038776397705,1.6747444868087769,1.4340070486068726,1.1975014209747314,1.1990478038787842,1.0147144794464111,1.3332692384719849,1.3617278337478638,1.441628336906433,1.180219292640686,1.317854881286621,1.1987805366516113,1.5109009742736816,1.5866472721099854,1.7964227199554443,1.4443624019622803,1.1654714345932007,0.8967345356941223,0.7887110114097595,0.4424368441104889,0.5625452995300293,0.4726245105266571,0.7642993927001953,1.0765447616577148,1.0780587196350098,0.8992040157318115,0.7954537868499756,0.6978247761726379,0.8910252451896667,0.8260851502418518,1.4332489967346191,1.4708843231201172,1.1898212432861328,1.2634495496749878,1.269487977027893,1.3922772407531738,1.6964507102966309,1.856758952140808,2.1360127925872803,1.9584516286849976,1.9264233112335205,1.652815580368042,1.7448625564575195,1.6468205451965332,1.6450566053390503,1.6998790502548218,1.5634409189224243,1.1997134685516357,1.1631616353988647,0.8531374335289001,0.9197773337364197,0.9855837821960449,1.0739977359771729,1.4619783163070679,1.4877562522888184,1.4654077291488647,1.3317201137542725,1.3541585206985474,1.4544168710708618,1.365296483039856
A4,0.8680667877197266,0.5700441002845764,0.36649003624916077,0.0,0.3734797239303589,0.6077370643615723,0.8769977688789368,1.2050570249557495,1.3508895635604858,1.1103050708770752,0.8561044931411743,0.491133451461792,0.495077908039093,0.4086330235004425,0.6223453283309937,1.486748456954956,1.338173747062683,1.1351044178009033,0.9040208458900452,0.9984127879142761,0.8901034593582153,1.2526867389678955,1.3788871765136719,1.4621204137802124,1.1551920175552368,1.1859816312789917,0.9820890426635742,1.267364501953125,1.2854335308074951,1.5156664848327637,1.6256072521209717,1.398019790649414,1.0729739665985107,0.9991711378097534,0.6345540881156921,0.6952220797538757,0.6526436805725098,0.7992048263549805,1.184854507446289,1.22678542137146,1.148393988609314,1.0597050189971924,1.0365883111953735,1.1945836544036865,1.1074508428573608,1.6129276752471924,1.5870401859283447,1.2548035383224487,1.2768497467041016,1.17615807056427,1.2498435974121094,1.5077002048492432,1.6195626258850098,1.9304920434951782,1.8081499338150024,1.8162286281585693,1.5924081802368164,1.694940447807312,1.668992042541504,1.6517095565795898,1.3865132331848145,1.3029471635818481,0.9432867765426636,1.0097640752792358,0.7805303931236267,0.9785529971122742,1.1161179542541504,1.3012866973876953,1.6648690700531006,1.6247227191925049,1.5321704149246216,1.3140718936920166,1.2849926948547363,1.2908244132995605,1.1618732213974
A5,1.1558771133422852,0.8719758987426758,0.5754435658454895,0.3734797239303589,0.0,0.36357226967811584,0.5757792592048645,0.9035389423370361,1.128442406654358,0.9760669469833374,0.7704660892486572,0.510363757610321,0.5194386839866638,0.6324204206466675,0.7098358869552612,1.3019979000091553,1.22452974319458,0.9769604802131653,0.8582878112792969,0.9403889775276184,0.947125256061554,1.3159013986587524,1.4761191606521606,1.6470993757247925,1.3846691846847534,1.369926929473877,1.1091628074645996,1.3099647760391235,1.2655596733093262,1.4182345867156982,1.4019776582717896,1.2387330532073975,0.8811473250389099,0.8922446370124817,0.6058652400970459,0.7788848280906677,0.8990088105201721,1.085668921470642,1.4500892162322998,1.4085044860839844,1.3127251863479614,1.1245582103729248,1.1053704023361206,1.151059865951538,1.0444070100784302,1.6386146545410156,1.5378522872924805,1.2088276147842407,1.1241884231567383,1.019497036933899,1.000704288482666,1.2854593992233276,1.3671890497207642,1.637932538986206,1.4916040897369385,1.5413007736206055,1.349212646484375,1.5209078788757324,1.5455416440963745,1.6010147333145142,1.147024154663086,0.9891261458396912,0.6287297010421753,0.6548952460289001,0.4303818941116333,0.7078920602798462,0.875968873500824,1.1423109769821167,1.4612019062042236,1.3733272552490234,1.2230029106140137,0.9699574708938599,0.9205566048622131,0.9225351810455322,0.8325287103652954
A6,1.4635670185089111,1.1679023504257202,0.9044764637947083,0.6077370643615723,0.36357226967811584,0.0,0.37330830097198486,0.6189497709274292,0.8130382895469666,0.6494497656822205,0.5588812828063965,0.4453769624233246,0.6552401185035706,0.8849321603775024,1.0360605716705322,0.9386352896690369,0.8799433708190918,0.6611356139183044,0.6287858486175537,0.8118736147880554,0.9450810551643372,1.306859016418457,1.5472279787063599,1.729083776473999,1.462287425994873,1.3497647047042847,1.021550178527832,1.1339733600616455,1.0019818544387817,1.1347596645355225,1.6488877534866333,1.530282735824585,1.164596438407898,1.17779541015625,0.9183861017227173,1.014196753501892,1.1521024703979492,1.2490878105163574,1.6263492107391357,1.599658727645874,1.5753484964370728,1.4070179462432861,1.4424360990524292,1.4836798906326294,1.3901493549346924,1.8275146484375,1.6726312637329102,1.3241157531738281,1.1892664432525635,0.9778888821601868,0.8787107467651367,1.0822807550430298,1.0921103954315186,1.3926254510879517,1.319358468055725,1.4169703722000122,1.30006742477417,1.4776735305786133,1.5831151008605957,1.6280406713485718,0.7956357598304749,0.7025780081748962,0.3522980809211731,0.5666242837905884,0.5718016028404236,0.9089125990867615,1.1328381299972534,1.4376643896102905,1.7121286392211914,1.560420036315918,1.3610332012176514,1.0354574918746948,0.9487367868423462,0.8052667379379272,0.7054945826530457
A7,1.705430030822754,1.3835082054138184,1.1357778310775757,0.8769977688789368,0.5757792592048645,0.37330830097198486,0.0,0.37079599499702454,0.6059982180595398,0.6201375126838684,0.5347123742103577,0.6136533617973328,0.7107869982719421,1.0321868658065796,1.1220794916152954,0.9207969307899475,1.0098365545272827,0.8512539863586426,0.9437828063964844,1.1368271112442017,1.3062191009521484,1.6592413187026978,1.8979246616363525,2.0969607830047607,1.833544373512268,1.7199182510375977,1.3825781345367432,1.4570306539535522,1.2642549276351929,1.3444403409957886,1.6055011749267578,1.569846272468567,1.2234752178192139,1.3407398462295532,1.139732003211975,1.3171446323394775,1.4631580114364624,1.5981924533843994,1.977097988128662,1.9383280277252197,1.8735746145248413,1.6629226207733154,1.644018292427063,1.6134634017944336,1.456539511680603,2.1077029705047607,1.9326539039611816,1.6063082218170166,1.414928913116455,1.2296085357666016,1.0364713668823242,1.2289164066314697,1.147057294845581,1.3761082887649536,1.3005739450454712,1.4877145290374756,1.4318727254867554,1.6771934032440186,1.81546151638031,1.9136708974838257,0.7046870589256287,0.5133249163627625,0.2978377044200897,0.5611464381217957,0.6155685782432556,0.9819186329841614,1.1295900344848633,1.483027696609497,1.7168184518814087,1.5711084604263306,1.296754002571106,0.9719818830490112,0.7592942714691162,0.5569578409194946,0.34669676423072815
A8,2.0508835315704346,1.7377076148986816,1.4770880937576294,1.2050570249557495,0.9035389423370361,0.6189497709274292,0.37079599499702454,0.0,0.3988160490989685,0.5883171558380127,0.7171329259872437,0.9049016237258911,1.0657490491867065,1.3938853740692139,1.491303563117981,0.6764539480209351,0.8782821297645569,0.7710524201393127,0.9997538328170776,1.1991987228393555,1.451972246170044,1.7680490016937256,2.0459649562835693,2.2725167274475098,2.032632350921631,1.8641364574432373,1.5048601627349854,1.4862301349639893,1.230971097946167,1.2268471717834473,1.8075199127197266,1.8147149085998535,1.4770280122756958,1.5930172204971313,1.430324673652649,1.5762286186218262,1.7595372200012207,1.8614667654037476,2.2309114933013916,2.1748886108398438,2.146965503692627,1.9300575256347656,1.9510623216629028,1.9015614986419678,1.7701992988586426,2.2924318313598633,2.0678343772888184,1.750807285308838,1.5101287364959717,1.280125617980957,1.0080198049545288,1.1056275367736816,0.9215875267982483,1.1127506494522095,1.107892632484436,1.3617351055145264,1.399699330329895,1.6611073017120361,1.867833137512207,1.9813902378082275,0.41202905774116516,0.18509235978126526,0.3338622748851776,0.6273254752159119,0.8543801307678223,1.188401222229004,1.372016429901123,1.7354413270950317,1.9130178689956665,1.7099099159240723,1.4069218635559082,1.0522496700286865,0.8437720537185669,0.5037719011306763,0.41624394059181213
A9,2.2103047370910645,1.8717941045761108,1.6698487997055054,1.3508895635604858,1.128442406654358,0.8130382895469666,0.6059982180595398,0.3988160490989685,0.0,0.3824905753135681,0.6179769039154053,0.9343191385269165,1.1412993669509888,1.496361494064331,1.660897970199585,0.539396345615387,0.8065417408943176,0.8724119663238525,1.0930300951004028,1.38003671169281,1.6331346035003662,1.9486744403839111,2.2539875507354736,2.4323225021362305,2.158552408218384,1.9513636827468872,1.579708456993103,1.542624831199646,1.231830358505249,1.2727813720703125,2.1659927368164062,2.162289619445801,1.8186994791030884,1.92177414894104,1.7093548774719238,1.8244261741638184,1.9490222930908203,1.9992557764053345,2.3868517875671387,2.3878061771392822,2.38733172416687,2.2119531631469727,2.2269439697265625,2.215179681777954,2.0608856678009033,2.5918939113616943,2.384023427963257,2.0473763942718506,1.8393412828445435,1.5696887969970703,1.3245302438735962,1.3531278371810913,1.1187752485275269,1.3401130437850952,1.4239904880523682,1.6837180852890015,1.742861270904541,1.9692742824554443,2.1854262351989746,2.255302667617798,0.39038363099098206,0.5136957168579102,0.6555877327919006,1.0067918300628662,1.1942332983016968,1.548681616783142,1.717272400856018,2.07846999168396,2.282940149307251,2.0989038944244385,1.7955189943313599,1.4469456672668457,1.2141538858413696,0.8810304403305054,0.6840029954910278
A10,1.963850975036621,1.6316801309585571,1.4613975286483765,1.1103050708770752,0.9760669469833374,0.6494497656822205,0.6201375126838684,0.5883171558380127,0.3824905753135681,0.0,0.3839997947216034,0.6703987121582031,0.9646461606025696,1.2823926210403442,1.513956904411316,0.535804033279419,0.6129288077354431,0.7096048593521118,0.8260101675987244,1.1640814542770386,1.3788491487503052,1.6991780996322632,2.007371664047241,2.1402511596679688,1.8439242839813232,1.6284520626068115,1.2614195346832275,1.258147954940796,0.9645131230354309,1.1032204627990723,2.2146642208099365,2.145052194595337,1.785098671913147,1.82649564743042,1.5587502717971802,1.6172308921813965,1.6940113306045532,1.6960406303405762,2.0869498252868652,2.129865884780884,2.1604175567626953,2.0354247093200684,2.0701568126678467,2.12101149559021,1.9890753030776978,2.4208006858825684,2.2469828128814697,1.8907893896102905,1.7426722049713135,1.4519490003585815,1.2849724292755127,1.3194259405136108,1.1575076580047607,1.4662036895751953,1.5471434593200684,1.7347935438156128,1.7361090183258057,1.9051055908203125,2.087306499481201,2.1004769802093506,0.5108934640884399,0.705032467842102,0.6591154336929321,1.036794900894165,1.1664963960647583,1.5239578485488892,1.72075617313385,2.053955316543579,2.3083839416503906,2.1405527591705322,1.884280800819397,1.5324127674102783,1.3514987230300903,1.0643364191055298,0.8590695858001709
A11,1.6755553483963013,1.321913242340088,1.1940371990203857,0.8561044931411743,0.7704660892486572,0.5588812828063965,0.5347123742103577,0.7171329259872437,0.6179769039154053,0.3839997947216034,0.0,0.3728002905845642,0.6062056422233582,0.9400600790977478,1.179177165031433,0.9097791314125061,0.9304805397987366,0.933525562286377,0.9296725392341614,1.2423468828201294,1.3681278228759766,1.7257575988769531,1.985895037651062,2.0908665657043457,1.766803503036499,1.620425820350647,1.2827284336090088,1.3872240781784058,1.1702044010162354,1.3671270608901978,2.040079116821289,1.951183557510376,1.6018977165222168,1.6608593463897705,1.3670152425765991,1.4662874937057495,1.4900373220443726,1.533282995223999,1.937896966934204,2.002715587615967,1.982992172241211,1.8618688583374023,1.8398518562316895,1.9001737833023071,1.7291653156280518,2.3376657962799072,2.2121293544769287,1.85611891746521,1.7448674440383911,1.5096158981323242,1.3896868228912354,1.5147435665130615,1.418827772140503,1.7217144966125488,1.7285089492797852,1.892524242401123,1.8290899991989136,2.005855083465576,2.1294336318969727,2.1448161602020264,0.8288813233375549,0.8786131739616394,0.7086981534957886,1.041540503501892,1.042947769165039,1.4028711318969727,1.5399339199066162,1.856998324394226,2.149177312850952,2.04133939743042,1.7991853952407837,1.4861979484558105,1.2829092741012573,1.0797758102416992,0.7993718981742859
A12,1.3098657131195068,0.9655004143714905,0.8382627964019775,0.491133451461792,0.510363757610321,0.4453769624233246,0.6136533617973328,0.9049016237258911,0.9343191385269165,0.6703987121582031,0.3728002905845642,0.0,0.373658686876297,0.6196877956390381,0.8930677771568298,1.134201169013977,1.0504529476165771,0.9564021825790405,0.824493408203125,1.0794020891189575,1.115667462348938,1.4862558841705322,1.7038272619247437,1.7899487018585205,1.4598491191864014,1.3710335493087769,1.0718873739242554,1.2640126943588257,1.1444021463394165,1.3807755708694458,1.8706610202789307,1.7226289510726929,1.3755468130111694,1.3844144344329834,1.0560486316680908,1.1350584030151367,1.1243115663528442,1.182984709739685,1.5880422592163086,1.6593127250671387,1.626668930053711,1.5274450778961182,1.505080223083496,1.6076605319976807,1.4621317386627197,2.0327682495117188,1.9481408596038818,1.5940146446228027,1.5379425287246704,1.3422226905822754,1.3040921688079834,1.4870184659957886,1.4845479726791382,1.8070036172866821,1.7602357864379883,1.8563990592956543,1.7220964431762695,1.8655232191085815,1.93022620677948,1.9241095781326294,1.0505088567733765,1.0418342351913452,0.7506553530693054,0.9911937713623047,0.8907996416091919,1.2115123271942139,1.3529611825942993,1.625449299812317,1.9540767669677734,1.874143362045288,1.6891334056854248,1.4053198099136353,1.2687674760818481,1.1523221731185913,0.9265204071998596
A13,1.165017008781433,0.7976158261299133,0.7134391069412231,0.495077908039093,0.5194386839866638,0.6552401185035706,0.7107869982719421,1.0657490491867065,1.1412993669509888,0.9646461606025696,0.6062056422233582,0.373658686876297,0.0,0.37693509459495544,0.5821868777275085,1.442873477935791,1.4033571481704712,1.2760303020477295,1.151648998260498,1.345516562461853,1.3299500942230225,1.704689383506775,1.8634413480758667,1.9483765363693237,1.6251333951950073,1.614108920097351,1.3589973449707031,1.591001272201538,1.502517580986023,1.722573161125183,1.674904704093933,1.5357294082641602,1.2232345342636108,1.2913492918014526,0.9844119548797607,1.1570658683776855,1.1165810823440552,1.266988754272461,1.655166506767273,1.7147639989852905,1.5993014574050903,1.4717941284179688,1.3590584993362427,1.4300116300582886,1.218276023864746,2.064260244369507,2.0151872634887695,1.6877089738845825,1.6386635303497314,1.519641399383545,1.4856590032577515,1.7289645671844482,1.742254614830017,2.024616241455078,1.9211034774780273,2.0219507217407227,1.8588526248931885,2.0322065353393555,2.0561704635620117,2.0838370323181152,1.3125988245010376,1.216067910194397,0.9229863286018372,1.077804446220398,0.8652909994125366,1.1500608921051025,1.1871380805969238,1.4405758380889893,1.7858206033706665,1.7745035886764526,1.5940498113632202,1.3739891052246094,1.2075055837631226,1.1847301721572876,0.9303452968597412
A14,0.8006625175476074,0.42900046706199646,0.46183449029922485,0.4086330235004425,0.6324204206466675,0.8849321603775024,1.0321868658065796,1.3938853740692139,1.496361494064331,1.2823926210403442,0.9400600790977478,0.6196877956390381,0.37693509459495544,0.0,0.36935582756996155,1.7393637895584106,1.6379600763320923,1.479432463645935,1.275301456451416,1.4043889045715332,1.2880665063858032,1.6401680707931519,1.7316526174545288,1.7707985639572144,1.4505079984664917,1.5215505361557007,1.3443869352340698,1.6423910856246948,1.6367653608322144,1.8839157819747925,1.6638107299804688,1.4547914266586304,1.1797327995300293,1.182592749595642,0.8531196713447571,0.994351863861084,0.8580440282821655,1.0370770692825317,1.3952008485794067,1.481146216392517,1.3341891765594482,1.2559473514556885,1.112412691116333,1.253015160560608,1.0672944784164429,1.8902865648269653,1.9082716703414917,1.602907657623291,1.6303385496139526,1.5656541585922241,1.613901138305664,1.8840919733047485,1.9628283977508545,2.2562642097473145,2.1234071254730225,2.164896011352539,1.9454611539840698,2.0748746395111084,2.032876491546631,2.0305566787719727,1.6254079341888428,1.5256439447402954,1.1941657066345215,1.2759190797805786,0.995253324508667,1.1855053901672363,1.1981221437454224,1.3615446090698242,1.7440863847732544,1.7833712100982666,1.6780115365982056,1.5109907388687134,1.4150090217590332,1.4591610431671143,1.2561185359954834
A15,0.7951341867446899,0.5099899768829346,0.4738617241382599,0.6223453283309937,0.7098358869552612,1.0360605716705322,1.1220794916152954,1.491303563117981,1.660897970199585,1.513956904411316,1.179177165031433,0.8930677771568298,0.5821868777275085,0.36935582756996155,0.0,1.9433677196502686,1.8761242628097534,1.670248031616211,1.499202013015747,1.567884922027588,1.4467332363128662,1.786549687385559,1.8315296173095703,1.912388801574707,1.637749433517456,1.7547746896743774,1.5946654081344604,1.8857135772705078,1.8914284706115723,2.096346378326416,1.3604742288589478,1.1591088771820068,0.936610996723175,1.003860354423523,0.7586792707443237,1.0071508884429932,0.9283049702644348,1.2076400518417358,1.5151249170303345,1.5312674045562744,1.3003284931182861,1.1530091762542725,0.9211095571517944,0.9862039089202881,0.7389692068099976,1.8298168182373047,1.85868239402771,1.5965574979782104,1.6071021556854248,1.6194385290145874,1.6591253280639648,1.9753600358963013,2.0720882415771484,2.3188681602478027,2.13053822517395,2.167637586593628,1.9289666414260864,2.0887439250946045,2.0178487300872803,2.0664515495300293,1.7868787050247192,1.6116387844085693,1.2874019145965576,1.2755558490753174,0.9323832392692566,1.0397967100143433,0.9504544138908386,1.072074055671692,1.4545403718948364,1.552797555923462,1.4690971374511719,1.377641201019287,1.2949962615966797,1.430667519569397,1.267167568206787
B1,2.3437881469726562,2.0461666584014893,1.8215038776397705,1.486748456954956,1.3019979000091553,0.9386352896690369,0.9207969307899475,0.6764539480209351,0.539396345615387,0.535804033279419,0.9097791314125061,1.134201169013977,1.442873477935791,1.7393637895584106,1.9433677196502686,0.0,0.3770577013492584,0.5721830129623413,0.8716617226600647,1.1460039615631104,1.460328459739685,1.7032722234725952,2.050596237182617,2.2338061332702637,1.999857783317566,1.723522424697876,1.3552278280258179,1.2013211250305176,0.8483720421791077,0.8106286525726318,2.40848708152771,2.3638503551483154,2.007418394088745,2.0263988971710205,1.8137881755828857,1.8309835195541382,1.981595754623413,1.956147313117981,2.309753179550171,2.3037941455841064,2.385228157043457,2.2470693588256836,2.3489339351654053,2.378321409225464,2.301727294921875,2.499277353286743,2.2615935802459717,1.9284391403198242,1.7303247451782227,1.3948006629943848,1.1695300340652466,1.05843985080719,0.7951608300209045,1.0850870609283447,1.2794638872146606,1.4869550466537476,1.5871658325195312,1.7404104471206665,1.9991503953933716,2.0219693183898926,0.2766862213611603,0.6539477109909058,0.7901636362075806,1.1067129373550415,1.3722283840179443,1.6861265897750854,1.9452979564666748,2.280653715133667,2.474989891052246,2.233212947845459,1.9767203330993652,1.600659728050232,1.4799224138259888,1.1353636980056763,1.0841000080108643
B2,2.153972864151001,1.88716459274292,1.6747444868087769,1.338173747062683,1.22452974319458,0.8799433708190918,1.0098365545272827,0.8782821297645569,0.8065417408943176,0.6129288077354431,0.9304805397987366,1.0504529476165771,1.4033571481704712,1.6379600763320923,1.8761242628097534,0.3770577013492584,0.0,0.36954328417778015,0.5791551470756531,0.8730449676513672,1.172098159790039,1.3898203372955322,1.747982144355774,1.9020596742630005,1.671203851699829,1.3711987733840942,1.0111501216888428,0.8359317183494568,0.4751497805118561,0.522060215473175,2.434691905975342,2.3327438831329346,1.969973087310791,1.9221463203430176,1.680688738822937,1.6275606155395508,1.7561640739440918,1.6776503324508667,2.0123026371002197,2.026787757873535,2.1526594161987305,2.0611801147460938,2.2017035484313965,2.283388614654541,2.2473387718200684,2.275916814804077,2.0605387687683105,1.7185548543930054,1.5769743919372559,1.217837929725647,1.0823761224746704,0.9599501490592957,0.8116790056228638,1.1828041076660156,1.356379747390747,1.470577359199524,1.511679768562317,1.5924925804138184,1.821729063987732,1.7846571207046509,0.557988166809082,0.8625069856643677,0.8482160568237305,1.1374812126159668,1.362433671951294,1.6521108150482178,1.9456310272216797,2.2463386058807373,2.470771551132202,2.2335045337677,2.0294582843780518,1.656817078590393,1.5984222888946533,1.3000141382217407,1.2601354122161865
B3,1.9381659030914307,1.6952762603759766,1.4340070486068726,1.1351044178009033,0.9769604802131653,0.6611356139183044,0.8512539863586426,0.7710524201393127,0.8724119663238525,0.7096048593521118,0.933525562286377,0.9564021825790405,1.2760303020477295,1.479432463645935,1.670248031616211,0.5721830129623413,0.36954328417778015,0.0,0.36733588576316833,0.5754561424255371,0.9038304686546326,1.1427483558654785,1.4834315776824951,1.6910524368286133,1.4868857860565186,1.2328712940216064,0.875008225440979,0.7456936240196228,0.49769827723503113,0.49373432993888855,2.1134486198425293,2.0017786026000977,1.6444299221038818,1.582299828529358,1.3702117204666138,1.323459506034851,1.5061393976211548,1.4742809534072876,1.7978509664535522,1.7580924034118652,1.8624075651168823,1.7400472164154053,1.8946706056594849,1.9592692852020264,1.9517492055892944,1.9413988590240479,1.7128162384033203,1.373902440071106,1.2124395370483398,0.8601507544517517,0.7247262001037598,0.6681685447692871,0.620961606502533,1.0110915899276733,1.0984838008880615,1.171112298965454,1.1655532121658325,1.2609423398971558,1.477064847946167,1.469857096672058,0.5855239629745483,0.7279291749000549,0.6206884980201721,0.8295679092407227,1.0600996017456055,1.315672516822815,1.632708191871643,1.9183993339538574,2.1312315464019775,1.8844069242477417,1.7045865058898926,1.3385215997695923,1.3355989456176758,1.0822597742080688,1.1116007566452026
B4,1.645692229270935,1.4291709661483765,1.1975014209747314,0.9040208458900452,0.8582878112792969,0.6287858486175537,0.9437828063964844,0.9997538328170776,1.0930300951004028,0.8260101675987244,0.9296725392341614,0.824493408203125,1.151648998260498,1.275301456451416,1.499202013015747,0.8716617226600647,0.5791551470756531,0.36733588576316833,0.0,0.37441495060920715,0.6056622266769409,0.8814493417739868,1.213292121887207,1.3713380098342896,1.1354775428771973,0.8911922574043274,0.5251818895339966,0.5133227705955505,0.415181040763855,0.615011990070343,2.1004981994628906,1.927585244178772,1.5714585781097412,1.4488639831542969,1.1855162382125854,1.0713924169540405,1.2018405199050903,1.1253671646118164,1.4510693550109863,1.4494661092758179,1.5780750513076782,1.5103827714920044,1.6792564392089844,1.8065545558929443,1.8207926750183105,1.7354387044906616,1.563611626625061,1.205435037612915,1.13961923122406,0.8079227209091187,0.826990008354187,0.8555014133453369,0.9361280798912048,1.3245347738265991,1.3560792207717896,1.3519569635391235,1.2493088245391846,1.2794690132141113,1.4132661819458008,1.340367078781128,0.8960967659950256,1.001365303993225,0.7707667946815491,0.9412941932678223,1.0532761812210083,1.2830283641815186,1.5975291728973389,1.8397935628890991,2.100327253341675,1.8932714462280273,1.7661223411560059,1.4293134212493896,1.4560028314590454,1.2716100215911865,1.2609785795211792
B5,1.619463562965393,1.472730040550232,1.1990478038787842,0.9984127879142761,0.9403889775276184,0.8118736147880554,1.1368271112442017,1.1991987228393555,1.38003671169281,1.1640814542770386,1.2423468828201294,1.0794020891189575,1.345516562461853,1.4043889045715332,1.567884922027588,1.1460039615631104,0.8730449676513672,0.5754561424255371,0.37441495060920715,0.0,0.36580711603164673,0.5816531777381897,0.9091751575469971,1.1457799673080444,0.9964353442192078,0.7977988719940186,0.5309390425682068,0.5156902074813843,0.6181045174598694,0.6859420537948608,1.987381100654602,1.7906163930892944,1.4598562717437744,1.2766504287719727,1.0736849308013916,0.9005669951438904,1.1094799041748047,1.051119089126587,1.305853247642517,1.222368597984314,1.375393271446228,1.3000669479370117,1.5333012342453003,1.6593068838119507,1.7461827993392944,1.4119163751602173,1.2154924869537354,0.8702881336212158,0.8229326009750366,0.4903269112110138,0.6409419775009155,0.7022137641906738,0.9284211993217468,1.2792500257492065,1.2518439292907715,1.147755742073059,0.98345947265625,0.9480592012405396,1.0528788566589355,0.9661867022514343,1.1371619701385498,1.1626043319702148,0.9195630550384521,0.9406298398971558,1.0428059101104736,1.1689996719360352,1.5198484659194946,1.7115190029144287,1.9434559345245361,1.7135957479476929,1.6497769355773926,1.3449302911758423,1.4680477380752563,1.3460074663162231,1.4219436645507812
B6,1.3387916088104248,1.2548786401748657,1.0147144794464111,0.8901034593582153,0.947125256061554,0.9450810551643372,1.3062191009521484,1.451972246170044,1.6331346035003662,1.3788491487503052,1.3681278228759766,1.115667462348938,1.3299500942230225,1.2880665063858032,1.4467332363128662,1.460328459739685,1.172098159790039,0.9038304686546326,0.6056622266769409,0.36580711603164673,0.0,0.3774600923061371,0.6291757225990295,0.8250827789306641,0.6594422459602356,0.5649505853652954,0.4355008900165558,0.6308650970458984,0.8596923351287842,1.0087084770202637,1.9626485109329224,1.7069631814956665,1.4009346961975098,1.1513789892196655,0.9200761318206787,0.6487792730331421,0.8078899383544922,0.7157464623451233,0.9416077733039856,0.8693520426750183,1.050253987312317,1.0426639318466187,1.3001211881637573,1.4929145574569702,1.614882469177246,1.1750980615615845,1.066501259803772,0.7186766266822815,0.8247767686843872,0.6257422566413879,0.8931581377983093,1.0280054807662964,1.2851731777191162,1.618959903717041,1.5448228120803833,1.399001955986023,1.1568957567214966,1.0714492797851562,1.048486351966858,0.895940899848938,1.4447191953659058,1.4436559677124023,1.1441664695739746,1.1290961503982544,1.1130831241607666,1.180686116218567,1.5020732879638672,1.628235936164856,1.8975250720977783,1.7206603288650513,1.7186211347579956,1.4661322832107544,1.6116235256195068,1.5573437213897705,1.6054447889328003
B7,1.567369818687439,1.5518925189971924,1.3332692384719849,1.2526867389678955,1.3159013986587524,1.306859016418457,1.6592413187026978,1.7680490016937256,1.9486744403839111,1.6991780996322632,1.7257575988769531,1.4862558841705322,1.704689383506775,1.6401680707931519,1.786549687385559,1.7032722234725952,1.3898203372955322,1.1427483558654785,0.8814493417739868,0.5816531777381897,0.3774600923061371,0.0,0.3725211024284363,0.614721953868866,0.6249745488166809,0.5299058556556702,0.59811931848526,0.6804431676864624,1.0020545721054077,1.0923734903335571,2.19622540473938,1.9278504848480225,1.6581482887268066,1.3660809993743896,1.1992992162704468,0.88055419921875,1.0321794748306274,0.8810885548591614,0.9541028141975403,0.8408814072608948,1.120985984802246,1.1732972860336304,1.493405818939209,1.699904441833496,1.8812181949615479,1.0829545259475708,0.9774401783943176,0.7108771204948425,0.8922942876815796,0.7374153137207031,1.060465931892395,1.1215262413024902,1.4258085489273071,1.7349735498428345,1.6759957075119019,1.4584578275680542,1.215002417564392,1.012882947921753,0.9507943391799927,0.6849691271781921,1.7163180112838745,1.7350451946258545,1.468758463859558,1.4234893321990967,1.4366974830627441,1.4469105005264282,1.779024600982666,1.859915018081665,2.0943522453308105,1.8985998630523682,1.9464668035507202,1.717211127281189,1.9105867147445679,1.8605985641479492,1.9471336603164673
B8,1.4827381372451782,1.5552376508712769,1.3617278337478638,1.3788871765136719,1.4761191606521606,1.5472279787063599,1.8979246616363525,2.0459649562835693,2.2539875507354736,2.007371664047241,1.985895037651062,1.7038272619247437,1.8634413480758667,1.7316526174545288,1.8315296173095703,2.050596237182617,1.747982144355774,1.4834315776824951,1.213292121887207,0.9091751575469971,0.6291757225990295,0.3725211024284363,0.0,0.40443551540374756,0.5923203229904175,0.7088412642478943,0.8933378458023071,1.0402952432632446,1.3686844110488892,1.4614837169647217,2.177436113357544,1.8729248046875,1.6578376293182373,1.3194936513900757,1.2033538818359375,0.852669358253479,0.9780383706092834,0.8541643023490906,0.7752944827079773,0.5741356015205383,0.8945417404174805,1.010615348815918,1.3628621101379395,1.5979726314544678,1.8336530923843384,0.7995514273643494,0.8001317977905273,0.6356020569801331,0.9404634833335876,0.9327287077903748,1.291430115699768,1.4065937995910645,1.7380915880203247,2.015134572982788,1.905432105064392,1.6497939825057983,1.354498028755188,1.1241568326950073,0.9361758232116699,0.6391234993934631,2.0411899089813232,2.0185654163360596,1.728132724761963,1.6292412281036377,1.5791906118392944,1.5135090351104736,1.8110878467559814,1.8155449628829956,2.0437004566192627,1.8868223428726196,2.003514051437378,1.8359946012496948,2.0654001235961914,2.076134443283081,2.172290086746216
B9,1.4311261177062988,1.5437729358673096,1.441628336906433,1.4621204137802124,1.6470993757247925,1.729083776473999,2.0969607830047607,2.2725167274475098,2.4323225021362305,2.1402511596679688,2.0908665657043457,1.7899487018585205,1.9483765363693237,1.7707985639572144,1.912388801574707,2.2338061332702637,1.9020596742630005,1.6910524368286133,1.3713380098342896,1.1457799673080444,0.8250827789306641,0.614721953868866,0.40443551540374756,0.0,0.3806581199169159,0.6092215180397034,0.9265769124031067,1.1327580213546753,1.4861985445022583,1.650895357131958,2.4510176181793213,2.121971368789673,1.9098008871078491,1.5698126554489136,1.3970266580581665,1.028083324432373,1.0009613037109375,0.7605612277984619,0.5650688409805298,0.5608425736427307,0.9434309005737305,1.1807142496109009,1.4934968948364258,1.7909657955169678,2.0061886310577393,1.05363929271698,1.1568998098373413,1.006343960762024,1.3215012550354004,1.2869199514389038,1.6309174299240112,1.7322441339492798,2.035227060317993,2.3458220958709717,2.2632153034210205,2.029323101043701,1.7439547777175903,1.5209565162658691,1.3392668962478638,1.0314686298370361,2.252875566482544,2.2687065601348877,1.961806058883667,1.9153690338134766,1.8327385187149048,1.8001708984375,2.067655563354492,2.0604026317596436,2.3283023834228516,2.214144706726074,2.326982021331787,2.1572890281677246,2.3519864082336426,2.3537251949310303,2.3983154296875
B10,1.1981126070022583,1.2523781061172485,1.180219292640686,1.1551920175552368,1.3846691846847534,1.462287425994873,1.833544373512268,2.032632350921631,2.158552408218384,1.8439242839813232,1.766803503036499,1.4598491191864014,1.6251333951950073,1.4505079984664917,1.637749433517456,1.999857783317566,1.671203851699829,1.4868857860565186,1.1354775428771973,0.9964353442192078,0.6594422459602356,0.6249745488166809,0.5923203229904175,0.3806581199169159,0.0,0.38101309537887573,0.6673481464385986,0.9645417928695679,1.281741976737976,1.5123565196990967,2.355660915374756,2.0344817638397217,1.784508228302002,1.479713797569275,1.2290968894958496,0.8785927891731262,0.7739794254302979,0.4540315866470337,0.44578778743743896,0.6058453917503357,0.9192383885383606,1.1376594305038452,1.3913819789886475,1.7013275623321533,1.8534464836120605,1.2298192977905273,1.3079402446746826,1.0653961896896362,1.3330316543579102,1.241148591041565,1.5452884435653687,1.664743423461914,1.9228020906448364,2.265784502029419,2.1979615688323975,2.0215532779693604,1.7504924535751343,1.5937368869781494,1.4622002840042114,1.2023512125015259,2.0213370323181152,2.0536670684814453,1.7330007553100586,1.7404680252075195,1.6393413543701172,1.6698296070098877,1.9238487482070923,1.960745096206665,2.270280599594116,2.172196388244629,2.234276294708252,2.0358715057373047,2.17667555809021,2.1580748558044434,2.151885509490967
B11,1.458509922027588,1.425203800201416,1.317854881286621,1.1859816312789917,1.369926929473877,1.3497647047042847,1.7199182510375977,1.8641364574432373,1.9513636827468872,1.6284520626068115,1.620425820350647,1.3710335493087769,1.614108920097351,1.5215505361557007,1.7547746896743774,1.723522424697876,1.3711987733840942,1.2328712940216064,0.8911922574043274,0.7977988719940186,0.5649505853652954,0.5299058556556702,0.7088412642478943,0.6092215180397034,0.38101309537887573,0.0,0.37435147166252136,0.6142930388450623,0.9455578327178955,1.1875085830688477,2.476422071456909,2.1907236576080322,1.8999757766723633,1.6285643577575684,1.3611055612564087,1.0399771928787231,1.0050474405288696,0.7002260684967041,0.8216545581817627,0.9378256797790527,1.2365777492523193,1.3840588331222534,1.6385598182678223,1.9094146490097046,2.0311875343322754,1.4539918899536133,1.4400296211242676,1.1562862396240234,1.3471821546554565,1.1541426181793213,1.4167277812957764,1.4622206687927246,1.685637354850769,2.049769639968872,2.0410897731781006,1.8889180421829224,1.673429012298584,1.5175957679748535,1.4726442098617554,1.2090619802474976,1.784404993057251,1.8744995594024658,1.5917599201202393,1.6542534828186035,1.6284213066101074,1.7187854051589966,2.011732339859009,2.111311435699463,2.408297061920166,2.261970281600952,2.2739083766937256,2.0231473445892334,2.140390396118164,2.0580990314483643,2.050386667251587
B12,1.4771648645401,1.3528509140014648,1.1987805366516113,0.9820890426635742,1.1091628074645996,1.021550178527832,1.3825781345367432,1.5048601627349854,1.579708456993103,1.2614195346832275,1.2827284336090088,1.0718873739242554,1.3589973449707031,1.3443869352340698,1.5946654081344604,1.3552278280258179,1.0111501216888428,0.875008225440979,0.5251818895339966,0.5309390425682068,0.4355008900165558,0.59811931848526,0.8933378458023071,0.9265769124031067,0.6673481464385986,0.37435147166252136,0.0,0.3751929998397827,0.6232495903968811,0.8979397416114807,2.319415807723999,2.072899580001831,1.7474478483200073,1.530424952507019,1.242313027381897,0.9907630681991577,1.0143990516662598,0.7927698493003845,1.0514271259307861,1.1257667541503906,1.3485110998153687,1.406096339225769,1.6243727207183838,1.8468047380447388,1.919490098953247,1.5660574436187744,1.4836176633834839,1.148105502128601,1.2415801286697388,0.9785060882568359,1.167066216468811,1.2054041624069214,1.3793243169784546,1.7599241733551025,1.7711963653564453,1.674885869026184,1.4982223510742188,1.4109376668930054,1.4398483037948608,1.2464479207992554,1.413508653640747,1.5182952880859375,1.2495616674423218,1.3580749034881592,1.3720921277999878,1.5236141681671143,1.8271570205688477,1.9873279333114624,2.281186580657959,2.113285779953003,2.0680248737335205,1.7800614833831787,1.8580303192138672,1.736755132675171,1.7159767150878906
B13,1.838600754737854,1.698904275894165,1.5109009742736816,1.267364501953125,1.3099647760391235,1.1339733600616455,1.4570306539535522,1.4862301349639893,1.542624831199646,1.258147954940796,1.3872240781784058,1.2640126943588257,1.591001272201538,1.6423910856246948,1.8857135772705078,1.2013211250305176,0.8359317183494568,0.7456936240196228,0.5133227705955505,0.5156902074813843,0.6308650970458984,0.6804431676864624,1.0402952432632446,1.1327580213546753,0.9645417928695679,0.6142930388450623,0.3751929998397827,0.0,0.37187424302101135,0.5819809436798096,2.4869048595428467,2.27465558052063,1.94167160987854,1.7427057027816772,1.4946234226226807,1.2646501064300537,1.35625159740448,1.156319499015808,1.3792039155960083,1.4065724611282349,1.648569107055664,1.67258882522583,1.914646029472351,2.0986475944519043,2.177945613861084,1.7361449003219604,1.5863820314407349,1.268295407295227,1.295908808708191,0.9704158902168274,1.1055153608322144,1.0258901119232178,1.1722983121871948,1.5533636808395386,1.631171464920044,1.53778076171875,1.431328296661377,1.3241939544677734,1.4335192441940308,1.2435134649276733,1.3053650856018066,1.4643009901046753,1.2710026502609253,1.3957853317260742,1.5051120519638062,1.667842984199524,2.003750801086426,2.1923317909240723,2.4463934898376465,2.227599859237671,2.159843683242798,1.8433480262756348,1.926998496055603,1.753394603729248,1.7707935571670532
