,A1,A2,A3,A4,A5,A6,A7,A8,A9,A10,A11,A12,A13,A14,A15,B1,B2,B3,B4,B5,B6,B7,B8,B9,B10,B11,B12,B13,B14,B15,C1,C2,C3,C4,C5,C6,C7,C8,C9,C10,C11,C12,C13,C14,C15,D1,D2,D3,D4,D5,D6,D7,D8,D9,D10,D11,D12,D13,D14,D15,E1,E2,E3,E4,E5,E6,E7,E8,E9,E10,E11,E12,E13,E14,E15
A1,0.0,0.38410529494285583,0.6310052871704102,0.8149411678314209,1.1564385890960693,1.3967519998550415,1.7265307903289795,1.9939086437225342,2.211162805557251,2.5499229431152344,2.667097330093384,3.0313801765441895,3.059584856033325,3.421504259109497,3.5713675022125244,1.0685935020446777,1.1167916059494019,0.8195257186889648,0.9994292855262756,1.0192846059799194,1.1456804275512695,1.4329161643981934,1.5814634561538696,1.9411450624465942,2.1383674144744873,2.29120135307312,2.548022508621216,2.5013675689697266,2.867687463760376,2.878096342086792,2.281226873397827,2.1793053150177,2.1505095958709717,1.7857732772827148,1.8407319784164429,1.5673872232437134,1.5723793506622314,1.441389560699463,1.2647974491119385,1.5241159200668335,1.2805651426315308,1.5921857357025146,1.5583134889602661,1.7619813680648804,2.0116019248962402,3.235631227493286,2.901128053665161,2.6009199619293213,2.4665026664733887,2.1008317470550537,2.0364742279052734,1.6875824928283691,1.7046332359313965,1.6687488555908203,1.4385348558425903,1.7808239459991455,1.7473304271697998,2.0577354431152344,2.2254042625427246,2.305117607116699,2.5221734046936035,2.166107177734375,2.197606325149536,2.1170010566711426,2.0639522075653076,2.2812159061431885,2.1674232482910156,2.495309829711914,2.4117026329040527,2.605937957763672,2.865093231201172,3.178117513656616,3.405806541442871,3.7142412662506104,3.911816120147705
A2,0.38410529494285583,0.0,0.3866778314113617,0.5659066438674927,0.8690831661224365,1.1600263118743896,1.4424830675125122,1.7505725622177124,1.9476401805877686,2.2821013927459717,2.432837963104248,2.794823169708252,2.862834930419922,3.2258315086364746,3.387568235397339,1.0228760242462158,0.9379477500915527,0.5752604007720947,0.7442969083786011,0.6878482699394226,0.8977311849594116,1.1516419649124146,1.3717483282089233,1.7076698541641235,1.919075846672058,2.10978364944458,2.38541316986084,2.392302989959717,2.76669979095459,2.813401699066162,2.174673080444336,2.013779878616333,1.9553091526031494,1.583060622215271,1.5774004459381104,1.302815318107605,1.2455418109893799,1.1293073892593384,0.9140047430992126,1.1932790279388428,0.9983413815498352,1.344741702079773,1.3852579593658447,1.621222972869873,1.8899861574172974,2.9024477005004883,2.579557180404663,2.27986478805542,2.1192150115966797,1.756435751914978,1.6664246320724487,1.3107980489730835,1.3234013319015503,1.2930365800857544,1.0864378213882446,1.4432436227798462,1.460448145866394,1.764205813407898,1.972752571105957,2.0706772804260254,2.1636061668395996,1.8035147190093994,1.8272497653961182,1.7341722249984741,1.689194679260254,1.910111427307129,1.8202086687088013,2.1584360599517822,2.0998709201812744,2.3225607872009277,2.5729727745056152,2.9006545543670654,3.1042585372924805,3.4261763095855713,3.6142666339874268
A3,0.6310052871704102,0.3866778314113617,0.0,0.3743838369846344,0.5728800892829895,0.8927517533302307,1.1824285984039307,1.4865314960479736,1.732757329940796,2.0350310802459717,2.2067818641662598,2.5488593578338623,2.609304189682007,2.9812469482421875,3.1146247386932373,1.3961284160614014,1.2595670223236084,0.880833089351654,0.9487754106521606,0.7263742089271545,0.8637018799781799,0.9988822340965271,1.1928075551986694,1.5344053506851196,1.6821634769439697,1.9096598625183105,2.147292375564575,2.17610239982605,2.544745922088623,2.5740811824798584,2.066807270050049,1.879607915878296,1.877854347229004,1.5190012454986572,1.5356017351150513,1.3415751457214355,1.273333191871643,1.2648589611053467,1.034515380859375,1.3459776639938354,1.228786587715149,1.5820990800857544,1.689730167388916,1.9185166358947754,2.2085211277008057,2.6449787616729736,2.32092022895813,1.9998514652252197,1.885000467300415,1.5114368200302124,1.4696325063705444,1.1591706275939941,1.2366769313812256,1.308156132698059,1.1790937185287476,1.5460245609283447,1.6191649436950684,1.8759067058563232,2.134694814682007,2.2035083770751953,2.1625187397003174,1.818122148513794,1.8469924926757812,1.6780085563659668,1.64094078540802,1.792331576347351,1.6827905178070068,1.984121561050415,1.8766437768936157,2.1137278079986572,2.3311173915863037,2.669910192489624,2.876770496368408,3.1866118907928467,3.4014523029327393
A4,0.8149411678314209,0.5659066438674927,0.3743838369846344,0.0,0.3883421719074249,0.5978940725326538,0.9122582077980042,1.1923021078109741,1.4111915826797485,1.7400230169296265,1.8821133375167847,2.2397284507751465,2.2995731830596924,2.665020227432251,2.8220391273498535,1.4265296459197998,1.240295171737671,0.8834569454193115,0.7935322523117065,0.5193639993667603,0.5162925720214844,0.6572932004928589,0.8334829211235046,1.1797404289245605,1.3594791889190674,1.5643866062164307,1.8284260034561157,1.8590813875198364,2.233293294906616,2.2951931953430176,1.7066926956176758,1.5119911432266235,1.5043281316757202,1.1468250751495361,1.1886438131332397,1.0299240350723267,1.0273078680038452,1.0976396799087524,0.9639665484428406,1.330285906791687,1.2889858484268188,1.6710084676742554,1.7763137817382812,2.0578274726867676,2.3132071495056152,2.4438157081604004,2.097944498062134,1.8119641542434692,1.697656273841858,1.3402540683746338,1.3609085083007812,1.0520228147506714,1.2256866693496704,1.2622405290603638,1.2225606441497803,1.5888625383377075,1.732689380645752,2.00488018989563,2.279066562652588,2.395167112350464,2.195150852203369,1.8361414670944214,1.7867249250411987,1.5990195274353027,1.4805477857589722,1.6008483171463013,1.4283103942871094,1.7203428745269775,1.6044710874557495,1.80340576171875,2.0515127182006836,2.370313882827759,2.595608949661255,2.902214765548706,3.107231378555298
A5,1.1564385890960693,0.8690831661224365,0.5728800892829895,0.3883421719074249,0.0,0.3951440155506134,0.6140837669372559,0.9413143396377563,1.1879857778549194,1.4709569215774536,1.6692148447036743,2.0000030994415283,2.0902516841888428,2.4607787132263184,2.6006250381469727,1.7282674312591553,1.4878261089324951,1.1407873630523682,1.0316226482391357,0.665183961391449,0.6632481813430786,0.5561686158180237,0.7646552920341492,1.0507745742797852,1.1649476289749146,1.4418425559997559,1.6766325235366821,1.776431918144226,2.1394288539886475,2.213045120239258,1.7301785945892334,1.4724681377410889,1.4897525310516357,1.1693599224090576,1.166654109954834,1.1013562679290771,1.0280219316482544,1.189649224281311,1.0339329242706299,1.3795439004898071,1.4170509576797485,1.7824907302856445,1.95681893825531,2.227850914001465,2.5002353191375732,2.0942542552948,1.7582013607025146,1.4493108987808228,1.355974793434143,0.9900739789009094,1.0468980073928833,0.8036777973175049,1.0433543920516968,1.1762019395828247,1.2251572608947754,1.568083643913269,1.7664107084274292,1.9844896793365479,2.3005599975585938,2.3998489379882812,2.043698787689209,1.7122862339019775,1.6661250591278076,1.4114103317260742,1.3142743110656738,1.3613418340682983,1.1974793672561646,1.4539295434951782,1.313056468963623,1.5574415922164917,1.7601311206817627,2.1039130687713623,2.3075878620147705,2.615412473678589,2.8355276584625244
A6,1.3967519998550415,1.1600263118743896,0.8927517533302307,0.5978940725326538,0.3951440155506134,0.0,0.38909241557121277,0.6015746593475342,0.8724634647369385,1.1693540811538696,1.3186492919921875,1.6594208478927612,1.7216880321502686,2.0919528007507324,2.238924264907837,1.949140191078186,1.7064759731292725,1.388727068901062,1.18674635887146,0.8487735390663147,0.6458879113197327,0.41133999824523926,0.4219301640987396,0.7111726403236389,0.7918851375579834,1.0537199974060059,1.2860255241394043,1.3852514028549194,1.7484207153320312,1.8389266729354858,1.3724100589752197,1.110233187675476,1.1868952512741089,0.9109106063842773,0.9943817853927612,1.0473800897598267,1.0810939073562622,1.3288843631744385,1.274877667427063,1.637632131576538,1.7137824296951294,2.0881171226501465,2.2453560829162598,2.544245958328247,2.7908127307891846,1.9558022022247314,1.589544415473938,1.3278309106826782,1.2929271459579468,0.9770256876945496,1.1628201007843018,0.992030918598175,1.3108502626419067,1.4204622507095337,1.5322424173355103,1.8598213195800781,2.093864917755127,2.3173604011535645,2.6368696689605713,2.7591938972473145,2.2991490364074707,1.9727119207382202,1.8636473417282104,1.5894423723220825,1.4143072366714478,1.3830664157867432,1.1223819255828857,1.310745120048523,1.1052519083023071,1.2757312059402466,1.5011180639266968,1.812802791595459,2.05757999420166,2.3433444499969482,2.5722687244415283
A7,1.7265307903289795,1.4424830675125122,1.1824285984039307,0.9122582077980042,0.6140837669372559,0.38909241557121277,0.0,0.3883071541786194,0.6006683111190796,0.8590516448020935,1.0843026638031006,1.4035378694534302,1.536641240119934,1.897217035293579,2.056624174118042,2.160001516342163,1.867637038230896,1.582055926322937,1.3565458059310913,1.0032559633255005,0.8456565737724304,0.46994155645370483,0.5398082137107849,0.6030633449554443,0.641394317150116,0.9782140254974365,1.2057573795318604,1.4052815437316895,1.740755319595337,1.8818423748016357,1.4317291975021362,1.0973464250564575,1.1437387466430664,0.9403486847877502,0.926788330078125,1.0729368925094604,1.0453234910964966,1.3609168529510498,1.3292933702468872,1.6528370380401611,1.805968999862671,2.155996561050415,2.358048915863037,2.6587460041046143,2.89957857131958,1.5729079246520996,1.2080554962158203,0.9578320384025574,0.9170213937759399,0.6371942162513733,0.9005888104438782,0.8382420539855957,1.208260178565979,1.34859037399292,1.5501891374588013,1.8296712636947632,2.1167948246002197,2.2993323802948,2.6411287784576416,2.7723772525787354,2.143550157546997,1.8488978147506714,1.7086830139160156,1.3962398767471313,1.20785391330719,1.0871137380599976,0.8133548498153687,0.9479148387908936,0.7296262383460999,0.9533880949020386,1.1511869430541992,1.489958643913269,1.703277826309204,2.005115270614624,2.228677988052368
A8,1.9939086437225342,1.7505725622177124,1.4865314960479736,1.1923021078109741,0.9413143396377563,0.6015746593475342,0.3883071541786194,0.0,0.37567394971847534,0.5856446623802185,0.7464243769645691,1.0637766122817993,1.1580095291137695,1.52467942237854,1.6800119876861572,2.456634759902954,2.1772267818450928,1.902808427810669,1.64336097240448,1.3216931819915771,1.076507806777954,0.7201988101005554,0.5584210157394409,0.46901440620422363,0.2849160134792328,0.6505185961723328,0.8275301456451416,1.0625522136688232,1.376122236251831,1.534459114074707,1.2031068801879883,0.8725863695144653,1.02281653881073,0.9322444200515747,1.0153287649154663,1.26045560836792,1.3181486129760742,1.6600909233093262,1.6790834665298462,2.00819993019104,2.1666247844696045,2.5215673446655273,2.7080912590026855,3.0208077430725098,3.2488443851470947,1.5089370012283325,1.1257814168930054,0.9569323062896729,1.0288366079330444,0.8658652901649475,1.2047665119171143,1.2038065195083618,1.581478476524353,1.7112635374069214,1.9271818399429321,2.2001986503601074,2.4958510398864746,2.680032968521118,3.0215086936950684,3.1585276126861572,2.484147548675537,2.202664852142334,2.0343074798583984,1.719163417816162,1.496648907661438,1.312957525253296,0.9845567345619202,0.9867110848426819,0.672159731388092,0.7498567700386047,0.94476717710495,1.2322182655334473,1.5017398595809937,1.76192307472229,2.0082972049713135
A9,2.211162805557251,1.9476401805877686,1.732757329940796,1.4111915826797485,1.1879857778549194,0.8724634647369385,0.6006683111190796,0.37567394971847534,0.0,0.3892703950405121,0.5252363681793213,0.878127932548523,1.0547951459884644,1.3812181949615479,1.603670597076416,2.5258991718292236,2.221296548843384,1.9972426891326904,1.6961103677749634,1.4142067432403564,1.1648037433624268,0.8128061890602112,0.687567949295044,0.37769946455955505,0.32920289039611816,0.5817525386810303,0.82728511095047,1.1104625463485718,1.3901983499526978,1.6269657611846924,1.1320844888687134,0.756425142288208,0.8225651979446411,0.8352981805801392,0.8552855253219604,1.1807374954223633,1.255846619606018,1.6291983127593994,1.7168275117874146,2.0185399055480957,2.2249107360839844,2.5629875659942627,2.7499845027923584,3.0794239044189453,3.277299165725708,1.3714228868484497,0.9917184710502625,0.9418567419052124,0.9593210816383362,0.9045535326004028,1.235155463218689,1.262229323387146,1.6415373086929321,1.721221685409546,1.9852486848831177,2.2193737030029297,2.5465738773345947,2.7273786067962646,3.063779354095459,3.233994245529175,2.462998628616333,2.1930904388427734,1.9677834510803223,1.6728951930999756,1.3965904712677002,1.1757032871246338,0.8100053668022156,0.740462601184845,0.4667154848575592,0.422475129365921,0.717447817325592,0.9726217985153198,1.2409076690673828,1.5217195749282837,1.7251768112182617
A10,2.5499229431152344,2.2821013927459717,2.0350310802459717,1.7400230169296265,1.4709569215774536,1.1693540811538696,0.8590516448020935,0.5856446623802185,0.3892703950405121,0.0,0.3722330629825592,0.5795042514801025,0.8293367028236389,1.1356720924377441,1.329327940940857,2.8969902992248535,2.5836758613586426,2.354128360748291,2.066657066345215,1.7675691843032837,1.5413763523101807,1.1735644340515137,1.0478790998458862,0.7534937858581543,0.5363552570343018,0.7435413002967834,0.8184995055198669,1.1759425401687622,1.3732038736343384,1.613793134689331,1.3625593185424805,1.0185797214508057,1.1310566663742065,1.209546446800232,1.2175666093826294,1.5526756048202515,1.5936418771743774,1.9714006185531616,2.0404229164123535,2.319410800933838,2.544593572616577,2.868725061416626,3.0807530879974365,3.3993444442749023,3.6055965423583984,1.0938299894332886,0.7286051511764526,0.7750317454338074,0.9150854349136353,0.9824948906898499,1.3534085750579834,1.4784919023513794,1.8527710437774658,1.9764540195465088,2.265721559524536,2.4758198261260986,2.8161418437957764,2.9611501693725586,3.311142921447754,3.4656262397766113,2.611351251602173,2.383201837539673,2.1664865016937256,1.8469663858413696,1.6037954092025757,1.308035135269165,0.9929212927818298,0.7710245251655579,0.441232830286026,0.29162120819091797,0.3848784565925598,0.6487668752670288,0.9242472052574158,1.178959846496582,1.4243898391723633
A11,2.667097330093384,2.432837963104248,2.2067818641662598,1.8821133375167847,1.6692148447036743,1.3186492919921875,1.0843026638031006,0.7464243769645691,0.5252363681793213,0.3722330629825592,0.0,0.3909755349159241,0.5618168711662292,0.8597399592399597,1.1099153757095337,3.0060577392578125,2.712578535079956,2.4980807304382324,2.182246446609497,1.9208775758743286,1.6354868412017822,1.3122916221618652,1.09578275680542,0.7681014537811279,0.5448280572891235,0.537060022354126,0.5672948360443115,0.9205701351165771,1.074736475944519,1.3631154298782349,1.1132336854934692,0.821641743183136,0.9945236444473267,1.1689642667770386,1.2587378025054932,1.6237415075302124,1.7445729970932007,2.120335578918457,2.234112501144409,2.5312485694885254,2.7437853813171387,3.080258369445801,3.2602672576904297,3.5957791805267334,3.783026933670044,1.381494402885437,1.0488097667694092,1.143354892730713,1.274246096611023,1.327505111694336,1.6874982118606567,1.767828106880188,2.146212100982666,2.2315871715545654,2.5072522163391113,2.7302072048187256,3.065321922302246,3.2378134727478027,3.576286792755127,3.7479443550109863,2.920863389968872,2.6752893924713135,2.434441328048706,2.139043092727661,1.8585100173950195,1.5899401903152466,1.242477536201477,1.0378726720809937,0.7655168175697327,0.44988808035850525,0.6067453622817993,0.6480536460876465,1.0037838220596313,1.1837226152420044,1.4105088710784912
A12,3.0313801765441895,2.794823169708252,2.5488593578338623,2.2397284507751465,2.0000030994415283,1.6594208478927612,1.4035378694534302,1.0637766122817993,0.878127932548523,0.5795042514801025,0.3909755349159241,0.0,0.37606123089790344,0.5756679177284241,0.8064205646514893,3.389435052871704,3.0893397331237793,2.872509479522705,2.5627639293670654,2.2906806468963623,2.018340826034546,1.6821434497833252,1.4735500812530518,1.156444787979126,0.8965862989425659,0.878300666809082,0.7525573372840881,1.1051081418991089,1.137467861175537,1.4172954559326172,1.4158275127410889,1.175408124923706,1.3555458784103394,1.5561798810958862,1.6307107210159302,2.0004971027374268,2.1004562377929688,2.4805541038513184,2.585597038269043,2.867922306060791,3.0946156978607178,3.4218013286590576,3.6181771755218506,3.947831869125366,4.139026641845703,1.2981226444244385,1.0399504899978638,1.2208369970321655,1.4207369089126587,1.5474326610565186,1.918338656425476,2.056178331375122,2.42907452583313,2.539759874343872,2.8329105377197266,3.0384998321533203,3.383450746536255,3.53129506111145,3.878387451171875,4.040473461151123,3.151768207550049,2.9379000663757324,2.700939416885376,2.393625259399414,2.1343863010406494,1.8236531019210815,1.5141931772232056,1.2358012199401855,0.9786810874938965,0.6667727828025818,0.6013632416725159,0.45333826541900635,0.8119676113128662,0.8861366510391235,1.1536442041397095
A13,3.059584856033325,2.862834930419922,2.609304189682007,2.2995731830596924,2.0902516841888428,1.7216880321502686,1.536641240119934,1.1580095291137695,1.0547951459884644,0.8293367028236389,0.5618168711662292,0.37606123089790344,0.0,0.37855440378189087,0.5641127824783325,3.4927713871002197,3.220844030380249,2.98842716217041,2.679715633392334,2.414813756942749,2.105756998062134,1.7986562252044678,1.5229555368423462,1.253053903579712,0.9520077705383301,0.8417566418647766,0.5697915554046631,0.861570417881012,0.8085528612136841,1.073744535446167,1.3125998973846436,1.1595306396484375,1.4253677129745483,1.6324634552001953,1.7861403226852417,2.145873785018921,2.289839744567871,2.660107374191284,2.7623274326324463,3.072582483291626,3.2676727771759033,3.6137776374816895,3.7883639335632324,4.1215620040893555,4.317032337188721,1.633317232131958,1.3683221340179443,1.4940457344055176,1.7180700302124023,1.7905902862548828,2.1719257831573486,2.275416135787964,2.65579891204834,2.7684803009033203,3.0325522422790527,3.2681689262390137,3.595595121383667,3.764362096786499,4.108731269836426,4.264035224914551,3.44038987159729,3.205981492996216,2.980193853378296,2.671029567718506,2.4082465171813965,2.1232187747955322,1.790869116783142,1.555403470993042,1.2654489278793335,0.9683062434196472,0.9531446695327759,0.8216660022735596,1.1687731742858887,1.1754112243652344,1.44550621509552
A14,3.421504259109497,3.2258315086364746,2.9812469482421875,2.665020227432251,2.4607787132263184,2.0919528007507324,1.897217035293579,1.52467942237854,1.3812181949615479,1.1356720924377441,0.8597399592399597,0.5756679177284241,0.37855440378189087,0.0,0.36839357018470764,3.8187544345855713,3.5436904430389404,3.328334093093872,3.0074546337127686,2.757540225982666,2.4446051120758057,2.1446239948272705,1.8716779947280884,1.5804327726364136,1.3114224672317505,1.161704421043396,0.9028202891349792,1.1262985467910767,0.9642115831375122,1.2331801652908325,1.5345200300216675,1.4288725852966309,1.6676926612854004,1.9221982955932617,2.066702127456665,2.4399633407592773,2.593380928039551,2.9665913581848145,3.0909507274627686,3.3902945518493652,3.5999364852905273,3.939269781112671,4.112382888793945,4.451170921325684,4.63394021987915,1.785086989402771,1.579474925994873,1.7686973810195923,1.9928205013275146,2.1093270778656006,2.485578775405884,2.606717824935913,2.984233856201172,3.086047410964966,3.3648974895477295,3.585165500640869,3.922900438308716,4.086449146270752,4.429438591003418,4.594318389892578,3.7253735065460205,3.5051143169403076,3.2617478370666504,2.961625337600708,2.6898980140686035,2.39009952545166,2.0690484046936035,1.7995907068252563,1.5500736236572266,1.2200255393981934,1.16376531124115,0.9107815027236938,1.2057321071624756,1.1041229963302612,1.335146427154541
A15,3.5713675022125244,3.387568235397339,3.1146247386932373,2.8220391273498535,2.6006250381469727,2.238924264907837,2.056624174118042,1.6800119876861572,1.603670597076416,1.329327940940857,1.1099153757095337,0.8064205646514893,0.5641127824783325,0.36839357018470764,0.0,4.049488544464111,3.781240224838257,3.54099440574646,3.238607406616211,2.9663009643554688,2.659022092819214,2.349411964416504,2.0688059329986572,1.814870834350586,1.4973117113113403,1.3861985206604004,1.0606863498687744,1.2545816898345947,1.0441874265670776,1.2155389785766602,1.783268690109253,1.6924490928649902,1.9673558473587036,2.1899776458740234,2.347865581512451,2.7097573280334473,2.8485193252563477,3.220663070678711,3.3139877319335938,3.620570421218872,3.8177692890167236,4.1621270179748535,4.344788074493408,4.673539161682129,4.875145435333252,1.887437343597412,1.7093987464904785,1.8737037181854248,2.148444890975952,2.2595303058624268,2.646505355834961,2.7864086627960205,3.162689685821533,3.298562526702881,3.5683116912841797,3.798504114151001,4.128592014312744,4.281080722808838,4.632760524749756,4.775129795074463,3.9187684059143066,3.707561492919922,3.4903411865234375,3.170428991317749,2.925808906555176,2.615442991256714,2.3073782920837402,2.0340840816497803,1.7530912160873413,1.469375491142273,1.355531096458435,1.1376837491989136,1.3959723711013794,1.247296929359436,1.518420696258545
B1,1.0685935020446777,1.0228760242462158,1.3961284160614014,1.4265296459197998,1.7282674312591553,1.949140191078186,2.160001516342163,2.456634759902954,2.5258991718292236,2.8969902992248535,3.0060577392578125,3.389435052871704,3.4927713871002197,3.8187544345855713,4.049488544464111,0.0,0.38694649934768677,0.605243444442749,0.8307217359542847,1.160146951675415,1.3964807987213135,1.743572473526001,1.9913922548294067,2.2458901405334473,2.56685733795166,2.682774782180786,3.0284829139709473,3.020043134689331,3.388253688812256,3.4969701766967773,2.580911874771118,2.4632408618927,2.2654805183410645,1.9297552108764648,1.8416820764541626,1.4578994512557983,1.425100326538086,1.0911695957183838,1.0594691038131714,1.111828088760376,0.837538480758667,1.0035756826400757,0.7696950435638428,1.0480592250823975,1.1439563035964966,3.4869155883789062,3.184434413909912,2.9535164833068848,2.700575590133667,2.397580862045288,2.229898691177368,1.850257396697998,1.7599538564682007,1.5112340450286865,1.2448221445083618,1.4363701343536377,1.3464323282241821,1.7133052349090576,1.7574409246444702,1.9677046537399292,2.2683370113372803,1.9194961786270142,1.890273928642273,1.9927767515182495,1.9189757108688354,2.25577449798584,2.221696138381958,2.5999808311462402,2.6621387004852295,2.843097686767578,3.146695613861084,3.4348068237304688,3.6108558177948,3.9530389308929443,4.062996864318848
B2,1.1167916059494019,0.9379477500915527,1.2595670223236084,1.240295171737671,1.4878261089324951,1.7064759731292725,1.867637038230896,2.1772267818450928,2.221296548843384,2.5836758613586426,2.712578535079956,3.0893397331237793,3.220844030380249,3.5436904430389404,3.781240224838257,0.38694649934768677,0.0,0.37899941205978394,0.5488665699958801,0.8703842759132385,1.14815092086792,1.4583569765090942,1.746142029762268,1.9682490825653076,2.2964608669281006,2.434459924697876,2.788888692855835,2.8205630779266357,3.189891815185547,3.3243327140808105,2.3939719200134277,2.230250835418701,2.0114376544952393,1.6772233247756958,1.5358359813690186,1.1508761644363403,1.0641694068908691,0.7142853140830994,0.6945721507072449,0.7594101428985596,0.5598654747009277,0.8095299005508423,0.7035467624664307,1.0575132369995117,1.188941240310669,3.1259207725524902,2.833533525466919,2.6136698722839355,2.3436920642852783,2.0562663078308105,1.878201961517334,1.5038611888885498,1.420164942741394,1.1482666730880737,0.9249049425125122,1.1260044574737549,1.1212290525436401,1.4912141561508179,1.5963133573532104,1.8343149423599243,1.9492743015289307,1.5880378484725952,1.5255343914031982,1.6205908060073853,1.534080982208252,1.8749686479568481,1.8554171323776245,2.237048864364624,2.3214690685272217,2.5153849124908447,2.8111982345581055,3.1040797233581543,3.261906385421753,3.610583782196045,3.712982416152954
B3,0.8195257186889648,0.5752604007720947,0.880833089351654,0.8834569454193115,1.1407873630523682,1.388727068901062,1.582055926322937,1.902808427810669,1.9972426891326904,2.354128360748291,2.4980807304382324,2.872509479522705,2.98842716217041,3.328334093093872,3.54099440574646,0.605243444442749,0.37899941205978394,0.0,0.3784389793872833,0.5878845453262329,0.8964284062385559,1.1987676620483398,1.4870967864990234,1.7494957447052002,2.0444953441619873,2.210007905960083,2.5430209636688232,2.5761265754699707,2.9511663913726807,3.0614445209503174,2.22379994392395,2.046412229537964,1.8801203966140747,1.5201866626739502,1.4153016805648804,1.057220220565796,0.9621908068656921,0.6995288729667664,0.5587743520736694,0.7736400961875916,0.5762454867362976,0.9321364164352417,0.9326332807540894,1.2475526332855225,1.4572962522506714,2.922891616821289,2.617168426513672,2.366776466369629,2.1289117336273193,1.8096890449523926,1.6577098369598389,1.2748677730560303,1.2291635274887085,1.0388658046722412,0.8165193796157837,1.1184407472610474,1.1486718654632568,1.5032352209091187,1.67397141456604,1.8612725734710693,1.9212366342544556,1.5465915203094482,1.5117133855819702,1.5212864875793457,1.4448410272598267,1.7465773820877075,1.6997047662734985,2.0752196311950684,2.110593557357788,2.322512149810791,2.6038289070129395,2.914904832839966,3.088078737258911,3.431105136871338,3.566124200820923
B4,0.9994292855262756,0.7442969083786011,0.9487754106521606,0.7935322523117065,1.0316226482391357,1.18674635887146,1.3565458059310913,1.64336097240448,1.6961103677749634,2.066657066345215,2.182246446609497,2.5627639293670654,2.679715633392334,3.0074546337127686,3.238607406616211,0.8307217359542847,0.5488665699958801,0.3784389793872833,0.0,0.38493937253952026,0.6004935503005981,0.9241318106651306,1.1975723505020142,1.4286521673202515,1.7526944875717163,1.8901622295379639,2.2409610748291016,2.2783567905426025,2.6487436294555664,2.7873029708862305,1.8842439651489258,1.7015528678894043,1.5121263265609741,1.1595196723937988,1.0528961420059204,0.6885406374931335,0.6701654195785522,0.4855802655220032,0.5303394198417664,0.8408932685852051,0.8049182295799255,1.168983817100525,1.1949149370193481,1.5451924800872803,1.7143582105636597,2.7025680541992188,2.382111072540283,2.166978597640991,1.9326896667480469,1.6363245248794556,1.5402896404266357,1.1694118976593018,1.2227669954299927,1.0187394618988037,0.9343599081039429,1.232464075088501,1.3650929927825928,1.7055137157440186,1.9091089963912964,2.125574827194214,1.9789519309997559,1.5957945585250854,1.4733686447143555,1.4475821256637573,1.2802001237869263,1.5479556322097778,1.4416266679763794,1.8068994283676147,1.8422572612762451,2.0157947540283203,2.3204214572906494,2.6086466312408447,2.7947394847869873,3.131901979446411,3.256728410720825
B5,1.0192846059799194,0.6878482699394226,0.7263742089271545,0.5193639993667603,0.665183961391449,0.8487735390663147,1.0032559633255005,1.3216931819915771,1.4142067432403564,1.7675691843032837,1.9208775758743286,2.2906806468963623,2.414813756942749,2.757540225982666,2.9663009643554688,1.160146951675415,0.8703842759132385,0.5878845453262329,0.38493937253952026,0.0,0.3965531885623932,0.617212176322937,0.9414713978767395,1.186504602432251,1.4701454639434814,1.6629265546798706,1.9919055700302124,2.0654096603393555,2.438530206680298,2.568955659866333,1.7751450538635254,1.5425605773925781,1.4039201736450195,1.0419081449508667,0.9340949058532715,0.661801278591156,0.5688438415527344,0.5784490704536438,0.5004242658615112,0.8836571574211121,0.9165933728218079,1.3001255989074707,1.417877197265625,1.741938829421997,1.9599277973175049,2.3842406272888184,2.059614658355713,1.8178073167800903,1.6054084300994873,1.2855088710784912,1.216005802154541,0.8514915704727173,0.9753550887107849,0.874832272529602,0.8666514754295349,1.2054486274719238,1.3947893381118774,1.6908286809921265,1.9547793865203857,2.135204553604126,1.8614832162857056,1.4836574792861938,1.3758785724639893,1.2563581466674805,1.0997352600097656,1.3090933561325073,1.1861516237258911,1.5412479639053345,1.538266658782959,1.7475789785385132,2.02551531791687,2.3391175270080566,2.5238990783691406,2.860304117202759,3.012312650680542
B6,1.1456804275512695,0.8977311849594116,0.8637018799781799,0.5162925720214844,0.6632481813430786,0.6458879113197327,0.8456565737724304,1.076507806777954,1.1648037433624268,1.5413763523101807,1.6354868412017822,2.018340826034546,2.105756998062134,2.4446051120758057,2.659022092819214,1.3964807987213135,1.14815092086792,0.8964284062385559,0.6004935503005981,0.3965531885623932,0.0,0.3915414810180664,0.5998328924179077,0.8726201057434082,1.1713964939117432,1.3142460584640503,1.6504589319229126,1.6950452327728271,2.068065643310547,2.204622507095337,1.3837250471115112,1.170201063156128,1.0656261444091797,0.6940341591835022,0.7067340612411499,0.5363425016403198,0.6599999070167542,0.8135255575180054,0.8666567802429199,1.2447524070739746,1.2978644371032715,1.6791179180145264,1.767741084098816,2.1051881313323975,2.300098419189453,2.313998222351074,1.9588862657546997,1.7495944499969482,1.5905681848526,1.2926722764968872,1.339988350868225,1.0343979597091675,1.263062596321106,1.194848656654358,1.250031590461731,1.5752602815628052,1.7860691547393799,2.0775833129882812,2.3457300662994385,2.530301332473755,2.179046630859375,1.8094252347946167,1.6539430618286133,1.494825839996338,1.2651147842407227,1.3859487771987915,1.1555368900299072,1.4581221342086792,1.3960942029953003,1.533007025718689,1.8405177593231201,2.12060809135437,2.349421739578247,2.663323163986206,2.8251519203186035
B7,1.4329161643981934,1.1516419649124146,0.9988822340965271,0.6572932004928589,0.5561686158180237,0.41133999824523926,0.46994155645370483,0.7201988101005554,0.8128061890602112,1.1735644340515137,1.3122916221618652,1.6821434497833252,1.7986562252044678,2.1446239948272705,2.349411964416504,1.743572473526001,1.4583569765090942,1.1987676620483398,0.9241318106651306,0.617212176322937,0.3915414810180664,0.0,0.38911721110343933,0.5931653380393982,0.854594349861145,1.0722931623458862,1.392579197883606,1.5106496810913086,1.874916672706604,2.0302906036376953,1.3166909217834473,1.0219519138336182,0.9608784317970276,0.6446607112884521,0.6193351149559021,0.6498883366584778,0.6938520669937134,0.980543851852417,1.010050892829895,1.3685672283172607,1.494695782661438,1.863139033317566,2.014235496520996,2.341291904449463,2.5535707473754883,1.9342502355575562,1.5742435455322266,1.3650394678115845,1.230219841003418,0.9446844458580017,1.0692577362060547,0.8449433445930481,1.163220763206482,1.179011583328247,1.3306877613067627,1.6334375143051147,1.8988609313964844,2.141094207763672,2.448986530303955,2.619004487991333,2.103954792022705,1.7617243528366089,1.5925196409225464,1.359078049659729,1.118799090385437,1.135847568511963,0.8619924783706665,1.121878743171692,1.0192722082138062,1.1825844049453735,1.467788577079773,1.7679671049118042,1.9900782108306885,2.3050119876861572,2.4837474822998047
B8,1.5814634561538696,1.3717483282089233,1.1928075551986694,0.8334829211235046,0.7646552920341492,0.4219301640987396,0.5398082137107849,0.5584210157394409,0.687567949295044,1.0478790998458862,1.09578275680542,1.4735500812530518,1.5229555368423462,1.8716779947280884,2.0688059329986572,1.9913922548294067,1.746142029762268,1.4870967864990234,1.1975723505020142,0.9414713978767395,0.5998328924179077,0.38911721110343933,0.0,0.37910887598991394,0.5939826369285583,0.7439103126525879,1.0564876794815063,1.132580041885376,1.5024659633636475,1.6517746448516846,0.9799115657806396,0.7091130018234253,0.7764703035354614,0.5233519077301025,0.711016833782196,0.8593893051147461,1.0248222351074219,1.314934492111206,1.3786051273345947,1.744395136833191,1.8501681089401245,2.2261831760406494,2.3499138355255127,2.682291030883789,2.886174440383911,1.983340859413147,1.6019690036773682,1.4301203489303589,1.385299801826477,1.14423406124115,1.3623312711715698,1.1982431411743164,1.5361987352371216,1.5673521757125854,1.7131987810134888,2.0213589668273926,2.2790141105651855,2.526817798614502,2.832052230834961,2.9974613189697266,2.479647159576416,2.1446337699890137,1.964964747428894,1.7198573350906372,1.4605045318603516,1.4149850606918335,1.0815205574035645,1.2401399612426758,1.0492421388626099,1.1018105745315552,1.399099588394165,1.6496878862380981,1.928128957748413,2.2029263973236084,2.4030416011810303
B9,1.9411450624465942,1.7076698541641235,1.5344053506851196,1.1797404289245605,1.0507745742797852,0.7111726403236389,0.6030633449554443,0.46901440620422363,0.37769946455955505,0.7534937858581543,0.7681014537811279,1.156444787979126,1.253053903579712,1.5804327726364136,1.814870834350586,2.2458901405334473,1.9682490825653076,1.7494957447052002,1.4286521673202515,1.186504602432251,0.8726201057434082,0.5931653380393982,0.37910887598991394,0.0,0.386306494474411,0.514914333820343,0.8699033856391907,1.0354247093200684,1.3696941137313843,1.5907537937164307,0.8832369446754456,0.5174955725669861,0.5648732781410217,0.48766806721687317,0.6215938925743103,0.9220364093780518,1.0865764617919922,1.4344509840011597,1.5505605936050415,1.8841367959976196,2.050934314727783,2.4078991413116455,2.5520622730255127,2.8943002223968506,3.0797908306121826,1.736192226409912,1.3571820259094238,1.2676353454589844,1.2326951026916504,1.0884894132614136,1.3567777872085571,1.2730787992477417,1.6369600296020508,1.6628910303115845,1.8774397373199463,2.1433844566345215,2.443128824234009,2.667966365814209,2.9830806255340576,3.1669113636016846,2.5114810466766357,2.201657295227051,1.9749289751052856,1.7193595170974731,1.4201607704162598,1.2973954677581787,0.9218009114265442,0.9880995154380798,0.7946510314941406,0.7583508491516113,1.0875202417373657,1.3044185638427734,1.5875767469406128,1.8600691556930542,2.0426368713378906
B10,2.1383674144744873,1.919075846672058,1.6821634769439697,1.3594791889190674,1.1649476289749146,0.7918851375579834,0.641394317150116,0.2849160134792328,0.32920289039611816,0.5363552570343018,0.5448280572891235,0.8965862989425659,0.9520077705383301,1.3114224672317505,1.4973117113113403,2.56685733795166,2.2964608669281006,2.0444953441619873,1.7526944875717163,1.4701454639434814,1.1713964939117432,0.854594349861145,0.5939826369285583,0.386306494474411,0.0,0.37052538990974426,0.5811513662338257,0.8268594145774841,1.1346513032913208,1.3345812559127808,0.9659445881843567,0.640231728553772,0.8510969877243042,0.8527582287788391,1.0013543367385864,1.297878623008728,1.4234954118728638,1.774417757987976,1.8440054655075073,2.177978277206421,2.3402016162872314,2.699009895324707,2.8638253211975098,3.1919643878936768,3.400033712387085,1.5936765670776367,1.2120996713638306,1.1263753175735474,1.209821343421936,1.10249662399292,1.4427157640457153,1.435522198677063,1.8148642778396606,1.9082086086273193,2.129271984100342,2.3990366458892822,2.699831962585449,2.899162530899048,3.232363224029541,3.3876595497131348,2.699061632156372,2.4132730960845947,2.2136077880859375,1.9162997007369995,1.6554005146026611,1.4654980897903442,1.1044012308120728,1.0634193420410156,0.757197380065918,0.681272029876709,0.9190844893455505,1.128173828125,1.4418354034423828,1.672983169555664,1.9093090295791626
B11,2.29120135307312,2.10978364944458,1.9096598625183105,1.5643866062164307,1.4418425559997559,1.0537199974060059,0.9782140254974365,0.6505185961723328,0.5817525386810303,0.7435413002967834,0.537060022354126,0.878300666809082,0.8417566418647766,1.161704421043396,1.3861985206604004,2.682774782180786,2.434459924697876,2.210007905960083,1.8901622295379639,1.6629265546798706,1.3142460584640503,1.0722931623458862,0.7439103126525879,0.514914333820343,0.37052538990974426,0.0,0.3888552486896515,0.5628321766853333,0.8638011813163757,1.1193294525146484,0.6483062505722046,0.38163846731185913,0.7042837142944336,0.8304343223571777,1.0677216053009033,1.388069987297058,1.5938961505889893,1.935182809829712,2.0568506717681885,2.396902084350586,2.5508196353912354,2.9140264987945557,3.0450968742370605,3.3888540267944336,3.5721449851989746,1.836561918258667,1.4692552089691162,1.4497663974761963,1.5302708148956299,1.4511971473693848,1.779179573059082,1.7476329803466797,2.121633291244507,2.1721155643463135,2.3842689990997314,2.655512571334839,2.952359437942505,3.1747541427612305,3.4935927391052246,3.6687474250793457,2.9946630001068115,2.698364019393921,2.470858097076416,2.2007479667663574,1.9048992395401,1.7306244373321533,1.3508859872817993,1.2953546047210693,1.0302878618240356,0.8261908292770386,1.0888410806655884,1.1819936037063599,1.5322405099868774,1.7165868282318115,1.9280635118484497
B12,2.548022508621216,2.38541316986084,2.147292375564575,1.8284260034561157,1.6766325235366821,1.2860255241394043,1.2057573795318604,0.8275301456451416,0.82728511095047,0.8184995055198669,0.5672948360443115,0.7525573372840881,0.5697915554046631,0.9028202891349792,1.0606863498687744,3.0284829139709473,2.788888692855835,2.5430209636688232,2.2409610748291016,1.9919055700302124,1.6504589319229126,1.392579197883606,1.0564876794815063,0.8699033856391907,0.5811513662338257,0.3888552486896515,0.0,0.3761141896247864,0.5743649005889893,0.8194081783294678,0.8644883632659912,0.7288045287132263,1.0757297277450562,1.2151316404342651,1.4508323669433594,1.7689539194107056,1.9562757015228271,2.3003270626068115,2.395442485809326,2.7380387783050537,2.886462926864624,3.2525343894958496,3.394069194793701,3.729318380355835,3.9272406101226807,1.8612474203109741,1.5183396339416504,1.5199477672576904,1.6863758563995361,1.639221429824829,2.0012216567993164,2.015197277069092,2.394798994064331,2.485903024673462,2.699678897857666,2.9749953746795654,3.2709572315216064,3.4780561923980713,3.808230400085449,3.9634194374084473,3.2712550163269043,2.991464138031006,2.781445026397705,2.486466884613037,2.2144267559051514,2.0018763542175293,1.6362253427505493,1.5193239450454712,1.2078619003295898,0.9803675413131714,1.1291598081588745,1.1606274843215942,1.5268149375915527,1.6386691331863403,1.8917049169540405
B13,2.5013675689697266,2.392302989959717,2.17610239982605,1.8590813875198364,1.776431918144226,1.3852514028549194,1.4052815437316895,1.0625522136688232,1.1104625463485718,1.1759425401687622,0.9205701351165771,1.1051081418991089,0.861570417881012,1.1262985467910767,1.2545816898345947,3.020043134689331,2.8205630779266357,2.5761265754699707,2.2783567905426025,2.0654096603393555,1.6950452327728271,1.5106496810913086,1.132580041885376,1.0354247093200684,0.8268594145774841,0.5628321766853333,0.3761141896247864,0.0,0.37688949704170227,0.5707693099975586,0.7181277871131897,0.7556523680686951,1.1415212154388428,1.2674463987350464,1.5745160579681396,1.8545526266098022,2.091158390045166,2.4046871662139893,2.507843255996704,2.8683598041534424,2.978811264038086,3.3559441566467285,3.461613416671753,3.7995765209198,3.9899661540985107,2.2339985370635986,1.8852434158325195,1.8607139587402344,2.010293960571289,1.9190605878829956,2.2618248462677,2.225123167037964,2.595000743865967,2.6647439002990723,2.839951515197754,3.1379690170288086,3.40859055519104,3.643127679824829,3.9584734439849854,4.11522102355957,3.5090723037719727,3.2064785957336426,3.0017285346984863,2.7244608402252197,2.445087194442749,2.275308847427368,1.9008660316467285,1.8331890106201172,1.534620761871338,1.31946861743927,1.4997245073318481,1.5200847387313843,1.889513611793518,1.986158013343811,2.226186513900757
