,A1,A2,A3,A4,A5,A6,A7,A8,A9,A10,A11,A12,A13,A14,A15,B1,B2,B3,B4,B5,B6,B7,B8,B9,B10,B11,B12,B13,B14,B15,C1,C2,C3,C4,C5,C6,C7,C8,C9,C10,C11,C12,C13,C14,C15,D1,D2,D3,D4,D5,D6,D7,D8,D9,D10,D11,D12,D13,D14,D15,E1,E2,E3,E4,E5,E6,E7,E8,E9,E10,E11,E12,E13,E14,E15
A1,0.0,0.38266658782958984,0.6282656192779541,0.865740954875946,1.1778367757797241,1.454335331916809,1.7616829872131348,2.060925245285034,2.303683042526245,2.556358814239502,2.840007781982422,3.1615548133850098,3.317735433578491,3.653348922729492,3.8641409873962402,1.0524744987487793,0.9248659014701843,1.1980050802230835,1.2384793758392334,1.5165263414382935,1.7829207181930542,1.9337419271469116,2.2884714603424072,2.408783435821533,2.6730353832244873,2.9712095260620117,3.2151284217834473,3.3973886966705322,3.721972703933716,3.876615285873413,0.3238392174243927,0.4019537568092346,0.6744465231895447,0.8795566558837891,1.2300125360488892,1.4807478189468384,1.8326104879379272,2.117814779281616,2.3427751064300537,2.642162322998047,2.879894733428955,3.214801073074341,3.3891613483428955,3.707653760910034,3.960665702819824,2.8627939224243164,2.563347816467285,2.3847732543945312,2.033294677734375,1.8869657516479492,1.5601861476898193,1.3789771795272827,1.1991288661956787,0.8353238105773926,0.9630817174911499,0.8534622192382812,1.0100486278533936,1.344481110572815,1.4172056913375854,1.7544934749603271,2.791609287261963,2.47371506690979,2.2249152660369873,1.881428837776184,1.6407440900802612,1.290623426437378,1.0796639919281006,0.7391200065612793,0.5171955227851868,0.49944639205932617,0.42611706256866455,0.7504158616065979,0.8070473074913025,1.143310308456421,1.3815640211105347
A2,0.38266658782958984,0.0,0.38464683294296265,0.5913950204849243,0.9049842953681946,1.2047884464263916,1.4708887338638306,1.7993830442428589,2.019568681716919,2.255969524383545,2.5536837577819824,2.8563365936279297,3.020502805709839,3.3605363368988037,3.563183546066284,1.0165066719055176,0.7715224027633667,1.0456703901290894,0.9907904267311096,1.2998825311660767,1.5114573240280151,1.683117151260376,2.0191614627838135,2.124007225036621,2.416350841522217,2.694481372833252,2.96018123626709,3.148622512817383,3.47050404548645,3.6483404636383057,0.3623060882091522,0.11128725856542587,0.31959518790245056,0.563993513584137,0.8797224164009094,1.1676009893417358,1.4889363050460815,1.7970174551010132,2.02400279045105,2.3038625717163086,2.561434507369995,2.8819193840026855,3.053070545196533,3.3790018558502197,3.6207799911499023,2.544508934020996,2.2507379055023193,2.0442044734954834,1.7001872062683105,1.527803897857666,1.1919450759887695,1.0089133977890015,0.8244667649269104,0.4675413966178894,0.6874815225601196,0.6608086228370667,0.9305632710456848,1.238660454750061,1.405176043510437,1.7324026823043823,2.4951531887054443,2.1795973777770996,1.9136136770248413,1.5899752378463745,1.3159888982772827,0.9989442229270935,0.7321772575378418,0.4504234492778778,0.13484574854373932,0.35630813241004944,0.5767722129821777,0.8918260335922241,1.065544843673706,1.3996151685714722,1.6370155811309814
A3,0.6282656192779541,0.38464683294296265,0.0,0.37891119718551636,0.5768767595291138,0.9117001295089722,1.1723079681396484,1.4938031435012817,1.755976915359497,1.9713964462280273,2.275717258453369,2.5809221267700195,2.7167611122131348,3.0624876022338867,3.256371259689331,1.331400752067566,1.0266281366348267,1.2097314596176147,1.0525630712509155,1.290531873703003,1.438167691230774,1.5326966047286987,1.867751955986023,1.9154731035232544,2.209414005279541,2.4702343940734863,2.7133209705352783,2.9311904907226562,3.2337043285369873,3.422638177871704,0.6195871233940125,0.48809748888015747,0.2389666736125946,0.433247834444046,0.6778342723846436,0.9457046985626221,1.2833387851715088,1.5485268831253052,1.8189417123794556,2.094766855239868,2.335421085357666,2.66890549659729,2.8122470378875732,3.1409127712249756,3.3805794715881348,2.4023642539978027,2.076172351837158,1.8747349977493286,1.555419921875,1.3620986938476562,1.0894852876663208,0.836505651473999,0.7612876296043396,0.4716200530529022,0.6490204930305481,0.8030157685279846,1.017833948135376,1.342124581336975,1.5550004243850708,1.835179090499878,2.4184885025024414,2.0716490745544434,1.848724365234375,1.520029067993164,1.2860468626022339,1.0116697549819946,0.7790735960006714,0.649523138999939,0.3705751895904541,0.6344624161720276,0.8764140009880066,1.2309709787368774,1.3973535299301147,1.7112025022506714,1.9748119115829468
A4,0.865740954875946,0.5913950204849243,0.37891119718551636,0.0,0.38721179962158203,0.61783766746521,0.9110806584358215,1.2178564071655273,1.4419196844100952,1.6955585479736328,1.9784924983978271,2.2976560592651367,2.4666876792907715,2.7969114780426025,3.0172951221466064,1.269775152206421,0.9106142520904541,0.9847872257232666,0.7562046051025391,0.9405783414840698,1.0682586431503296,1.1558152437210083,1.494803547859192,1.5645713806152344,1.8512483835220337,2.1259963512420654,2.3779609203338623,2.57857084274292,2.892237901687622,3.0742721557617188,0.9245388507843018,0.6527884602546692,0.4092274010181427,0.15033107995986938,0.4563541114330292,0.6214976906776428,0.997894287109375,1.2566821575164795,1.4901024103164673,1.7940936088562012,2.019517183303833,2.361578941345215,2.5336203575134277,2.8468470573425293,3.107365131378174,2.054481267929077,1.7297486066818237,1.5580453872680664,1.2229722738265991,1.0897877216339111,0.8412198424339294,0.6911338567733765,0.7657786011695862,0.5975898504257202,0.899114191532135,1.0810115337371826,1.3537694215774536,1.64834463596344,1.8852314949035645,2.170269250869751,2.0580155849456787,1.7061653137207031,1.5006238222122192,1.158400535583496,0.9669426679611206,0.6975814700126648,0.5770454406738281,0.5660247206687927,0.5307055711746216,0.9064729809761047,1.1611921787261963,1.4816181659698486,1.6298977136611938,1.9773898124694824,2.2006049156188965
A5,1.1778367757797241,0.9049842953681946,0.5768767595291138,0.38721179962158203,0.0,0.3825770914554596,0.5993853807449341,0.9221676588058472,1.1962084770202637,1.399988055229187,1.7042622566223145,2.011187791824341,2.1444106101989746,2.487197160720825,2.687896966934204,1.6467033624649048,1.2757370471954346,1.3144607543945312,1.0219192504882812,1.1259034872055054,1.1309834718704224,1.123455286026001,1.4239006042480469,1.4001972675323486,1.7016115188598633,1.9339522123336792,2.1673340797424316,2.4077816009521484,2.6924800872802734,2.900146961212158,1.189965009689331,0.9820894598960876,0.639597475528717,0.4686880111694336,0.38948628306388855,0.47581055760383606,0.8100157976150513,1.0057820081710815,1.304913878440857,1.578609824180603,1.7945152521133423,2.138777732849121,2.268986225128174,2.5914955139160156,2.8382787704467773,1.9386379718780518,1.5858629941940308,1.4025124311447144,1.1262439489364624,0.9458993673324585,0.8152578473091125,0.591556966304779,0.7989305853843689,0.762505054473877,0.9644208550453186,1.2430458068847656,1.470815658569336,1.7464265823364258,2.0201425552368164,2.258260726928711,2.032942295074463,1.6615289449691772,1.504387378692627,1.2001478672027588,1.0534281730651855,0.9082205295562744,0.8110359907150269,0.9202046990394592,0.8355625867843628,1.1635288000106812,1.4456084966659546,1.7855321168899536,1.9574769735336304,2.2832794189453125,2.5338785648345947
A6,1.454335331916809,1.2047884464263916,0.9117001295089722,0.61783766746521,0.3825770914554596,0.0,0.3838474750518799,0.6095438003540039,0.8748579025268555,1.133697748184204,1.3965964317321777,1.7355811595916748,1.8924249410629272,2.212437629699707,2.447195291519165,1.7776992321014404,1.4036465883255005,1.336924433708191,1.0211330652236938,0.9885928630828857,0.9294964671134949,0.8150325417518616,1.1083027124404907,1.071183681488037,1.3431503772735596,1.5912731885910034,1.8092341423034668,2.043663263320923,2.332120418548584,2.5275304317474365,1.5187596082687378,1.2696385383605957,0.9730276465415955,0.6898038387298584,0.5900421142578125,0.36202022433280945,0.6943628191947937,0.7795056104660034,1.040117621421814,1.3545589447021484,1.5169817209243774,1.8847945928573608,2.0364725589752197,2.3320610523223877,2.6083576679229736,1.6737662553787231,1.3060604333877563,1.1966806650161743,0.9396283626556396,0.8751248121261597,0.864724338054657,0.7902830839157104,1.0894379615783691,1.0978493690490723,1.336849570274353,1.6071182489395142,1.8501362800598145,2.123457670211792,2.398149251937866,2.64009690284729,1.7824841737747192,1.395951747894287,1.313312292098999,1.0108450651168823,0.9915875196456909,0.9083670973777771,0.9664058089256287,1.1216623783111572,1.1382876634597778,1.4999879598617554,1.7657675743103027,2.096588373184204,2.2391581535339355,2.5849063396453857,2.8105602264404297
A7,1.7616829872131348,1.4708887338638306,1.1723079681396484,0.9110806584358215,0.5993853807449341,0.3838474750518799,0.0,0.3796459436416626,0.6257588863372803,0.8009250164031982,1.11031973361969,1.4120666980743408,1.5572105646133423,1.8941426277160645,2.1069881916046143,2.0501387119293213,1.663420557975769,1.5954660177230835,1.2393170595169067,1.1962978839874268,1.0107917785644531,0.8683993816375732,1.049018383026123,0.9003391265869141,1.2151734828948975,1.38692045211792,1.618423581123352,1.8843884468078613,2.144207239151001,2.3824117183685303,1.7749985456466675,1.532081127166748,1.193581223487854,0.9471471905708313,0.6792091727256775,0.418591171503067,0.477867066860199,0.45647624135017395,0.7932319641113281,1.0441417694091797,1.2229570150375366,1.574211597442627,1.6912096738815308,2.0046441555023193,2.260028123855591,1.47218918800354,1.0998451709747314,0.9495402574539185,0.7909849286079407,0.6780537962913513,0.8206138610839844,0.7671445608139038,1.1311227083206177,1.2522205114364624,1.4474421739578247,1.7581076622009277,1.9966024160385132,2.225986957550049,2.535104513168335,2.7441773414611816,1.6742050647735596,1.2986445426940918,1.2448716163635254,1.0368192195892334,1.0320751667022705,1.0847820043563843,1.1272917985916138,1.368898868560791,1.3832494020462036,1.7228925228118896,2.0271103382110596,2.3502259254455566,2.5316431522369385,2.8662965297698975,3.103484630584717
A8,2.060925245285034,1.7993830442428589,1.4938031435012817,1.2178564071655273,0.9221676588058472,0.6095438003540039,0.3796459436416626,0.0,0.38165283203125,0.5758413076400757,0.8151115775108337,1.1594117879867554,1.2983920574188232,1.6097748279571533,1.8535126447677612,2.3212063312530518,1.9434199333190918,1.8203648328781128,1.4776551723480225,1.3422062397003174,1.121569037437439,0.8570368885993958,0.9602981209754944,0.7281959652900696,0.9674602150917053,1.116835355758667,1.29312002658844,1.5803648233413696,1.8196449279785156,2.051755428314209,2.1070892810821533,1.8622392416000366,1.5409424304962158,1.269409418106079,1.0461474657058716,0.7295663356781006,0.7288755178451538,0.48862144351005554,0.7318847179412842,0.9778580069541931,1.0435116291046143,1.4168957471847534,1.5249255895614624,1.7994426488876343,2.0806009769439697,1.381669521331787,1.0027987957000732,0.973300039768219,0.9098467826843262,0.9225850105285645,1.140372633934021,1.141440987586975,1.5095614194869995,1.6203919649124146,1.817087173461914,2.126943826675415,2.3556809425354004,2.594593048095703,2.8989439010620117,3.1036994457244873,1.6326334476470947,1.260831594467163,1.3204177618026733,1.1519759893417358,1.2622177600860596,1.3415725231170654,1.4552638530731201,1.686174988746643,1.7218847274780273,2.072699785232544,2.358813524246216,2.688502311706543,2.845471143722534,3.1876938343048096,3.4171838760375977
A9,2.303683042526245,2.019568681716919,1.755976915359497,1.4419196844100952,1.1962084770202637,0.8748579025268555,0.6257588863372803,0.38165283203125,0.0,0.3787374496459961,0.5469124913215637,0.8966633081436157,1.125084638595581,1.401745080947876,1.6787452697753906,2.4104065895080566,2.039024591445923,1.8701319694519043,1.521856665611267,1.3367645740509033,1.032090187072754,0.7537102103233337,0.7052463889122009,0.38741806149482727,0.6524506211280823,0.7656692266464233,1.0021913051605225,1.2697126865386963,1.5242453813552856,1.7752248048782349,2.3490805625915527,2.066629409790039,1.7648836374282837,1.462297797203064,1.2176421880722046,0.8660635352134705,0.7265110611915588,0.3894275724887848,0.4222387969493866,0.6683506369590759,0.6859967112541199,1.0715539455413818,1.2314096689224243,1.4854494333267212,1.7914915084838867,1.0180128812789917,0.6484069228172302,0.6996864676475525,0.7416228652000427,0.8730713725090027,1.1682394742965698,1.2806190252304077,1.662137508392334,1.8172944784164429,2.0457615852355957,2.3440420627593994,2.6060445308685303,2.8219797611236572,3.138129472732544,3.3503458499908447,1.309098720550537,0.9631499648094177,1.094028353691101,1.023268461227417,1.210075855255127,1.3814595937728882,1.5532066822052002,1.830357551574707,1.9298062324523926,2.2925705909729004,2.5918939113616943,2.897217035293579,3.0613982677459717,3.414898157119751,3.622666120529175
A10,2.556358814239502,2.255969524383545,1.9713964462280273,1.6955585479736328,1.399988055229187,1.133697748184204,0.8009250164031982,0.5758413076400757,0.3787374496459961,0.0,0.3655208349227905,0.6117884516716003,0.7895748615264893,1.107980728149414,1.3439136743545532,2.7167649269104004,2.3367092609405518,2.1970746517181396,1.834260106086731,1.6844733953475952,1.3617894649505615,1.119381070137024,1.0207762718200684,0.6597265601158142,0.8723458647727966,0.8153677582740784,1.0085350275039673,1.3209304809570312,1.498286247253418,1.7987176179885864,2.5664141178131104,2.30810809135437,1.9748605489730835,1.714120864868164,1.4121448993682861,1.113921046257019,0.8828720450401306,0.5093749165534973,0.5802505016326904,0.5859124064445496,0.5732409358024597,0.8987707495689392,0.9551193714141846,1.239043951034546,1.5063105821609497,1.098628282546997,0.7891305685043335,0.7838600277900696,0.9546065330505371,0.999443531036377,1.3448272943496704,1.4187408685684204,1.7982498407363892,1.998599886894226,2.176068067550659,2.498971939086914,2.7373664379119873,2.924572229385376,3.257915735244751,3.435981273651123,1.4889671802520752,1.1965724229812622,1.329298734664917,1.326263666152954,1.4698565006256104,1.6756502389907837,1.7968769073486328,2.0959084033966064,2.1596052646636963,2.497711181640625,2.81575083732605,3.1254258155822754,3.3160040378570557,3.654942035675049,3.882309675216675
A11,2.840007781982422,2.5536837577819824,2.275717258453369,1.9784924983978271,1.7042622566223145,1.3965964317321777,1.11031973361969,0.8151115775108337,0.5469124913215637,0.3655208349227905,0.0,0.39366793632507324,0.6377214193344116,0.8635385632514954,1.1678558588027954,2.944408893585205,2.5757791996002197,2.3944478034973145,2.049149751663208,1.8429256677627563,1.5110867023468018,1.2249411344528198,1.0454516410827637,0.6778340339660645,0.722307026386261,0.5506840944290161,0.666696310043335,0.9959792494773865,1.1404328346252441,1.4478235244750977,2.875046730041504,2.6031723022460938,2.2872116565704346,2.000626802444458,1.7289249897003174,1.398784875869751,1.1880499124526978,0.81507807970047,0.7344661951065063,0.707744300365448,0.483644038438797,0.779927134513855,0.8480581045150757,1.0375275611877441,1.350063681602478,1.0465202331542969,0.8062491416931152,0.9486615061759949,1.161600112915039,1.2942075729370117,1.6420644521713257,1.754198431968689,2.1364285945892334,2.32489275932312,2.5219743251800537,2.837636709213257,3.0834360122680664,3.279364824295044,3.6088147163391113,3.794330596923828,1.4573438167572021,1.2133718729019165,1.439564824104309,1.4772535562515259,1.6917023658752441,1.9071595668792725,2.0777084827423096,2.3703773021698,2.461702346801758,2.8144404888153076,3.121858835220337,3.4302148818969727,3.6027495861053467,3.9519777297973633,4.165919780731201
A12,3.1615548133850098,2.8563365936279297,2.5809221267700195,2.2976560592651367,2.011187791824341,1.7355811595916748,1.4120666980743408,1.1594117879867554,0.8966633081436157,0.6117884516716003,0.39366793632507324,0.0,0.36906296014785767,0.5581555962562561,0.8349002599716187,3.2512240409851074,2.880620002746582,2.709625720977783,2.3556365966796875,2.1675686836242676,1.8113656044006348,1.563240885734558,1.3409850597381592,0.9857166409492493,1.0171763896942139,0.7278150916099548,0.7965840101242065,1.0887451171875,1.1313954591751099,1.4820921421051025,3.1708078384399414,2.9034764766693115,2.575589895248413,2.3088014125823975,2.0011627674102783,1.7007205486297607,1.4259417057037354,1.0693533420562744,0.9679172039031982,0.773537814617157,0.5168454051017761,0.594609260559082,0.5169845223426819,0.6897445917129517,0.9717456698417664,1.1213890314102173,0.990037739276886,1.0978702306747437,1.3915481567382812,1.4942612648010254,1.868190050125122,1.9848419427871704,2.3581042289733887,2.5855350494384766,2.758368492126465,3.0818586349487305,3.322174072265625,3.4874188899993896,3.830646276473999,3.993828296661377,1.5885684490203857,1.4196624755859375,1.6447685956954956,1.7514199018478394,1.9455931186676025,2.2018699645996094,2.3516125679016113,2.6691391468048096,2.75620174407959,3.093827724456787,3.4177186489105225,3.7184667587280273,3.91320538520813,4.2550740242004395,4.474854946136475
A13,3.317735433578491,3.020502805709839,2.7167611122131348,2.4666876792907715,2.1444106101989746,1.8924249410629272,1.5572105646133423,1.2983920574188232,1.125084638595581,0.7895748615264893,0.6377214193344116,0.36906296014785767,0.0,0.377554327249527,0.5584376454353333,3.503257989883423,3.1240339279174805,2.97702956199646,2.6164238452911377,2.4472908973693848,2.1073687076568604,1.8472399711608887,1.6644645929336548,1.2964355945587158,1.3302029371261597,1.0576512813568115,1.0378079414367676,1.3494023084640503,1.3175994157791138,1.6595791578292847,3.3147172927856445,3.077575206756592,2.7290124893188477,2.4913716316223145,2.173387289047241,1.8984326124191284,1.639732837677002,1.2819106578826904,1.2669315338134766,1.0739054679870605,0.8730527758598328,0.9124001860618591,0.7002146244049072,0.8375998735427856,1.0124831199645996,1.4866349697113037,1.3375792503356934,1.4020694494247437,1.6781506538391113,1.7221375703811646,2.089803457260132,2.1488659381866455,2.514601707458496,2.7404308319091797,2.871828556060791,3.211723804473877,3.4188482761383057,3.5799341201782227,3.92390513420105,4.060094356536865,1.9555000066757202,1.7726976871490479,1.9786745309829712,2.057168960571289,2.2231223583221436,2.457409381866455,2.572950601577759,2.879591464996338,2.9244918823242188,3.245349407196045,3.5684664249420166,3.8844876289367676,4.084807872772217,4.413968086242676,4.654449462890625
A14,3.653348922729492,3.3605363368988037,3.0624876022338867,2.7969114780426025,2.487197160720825,2.212437629699707,1.8941426277160645,1.6097748279571533,1.401745080947876,1.107980728149414,0.8635385632514954,0.5581555962562561,0.377554327249527,0.0,0.37267982959747314,3.7940282821655273,3.421982526779175,3.249037027359009,2.898402452468872,2.6984646320343018,2.351815938949585,2.0786421298980713,1.8536938428878784,1.5053564310073853,1.4549522399902344,1.129280924797058,1.0152841806411743,1.2708221673965454,1.1385138034820557,1.4738702774047852,3.6635842323303223,3.415010452270508,3.075721263885498,2.8210697174072266,2.514962911605835,2.220568895339966,1.962992548942566,1.6004332304000854,1.5232129096984863,1.3206509351730347,1.0518624782562256,1.0015045404434204,0.7806959748268127,0.7346529960632324,0.8926658034324646,1.6062582731246948,1.526071548461914,1.6528321504592896,1.949035406112671,2.038092613220215,2.411066770553589,2.497898578643799,2.8677008152008057,3.0921106338500977,3.2375142574310303,3.573573589324951,3.7883806228637695,3.9515933990478516,4.295567512512207,4.435604572296143,2.068857192993164,1.9381656646728516,2.189619302749634,2.299187660217285,2.5017192363739014,2.747727870941162,2.8921594619750977,3.2003209590911865,3.265333890914917,3.596170663833618,3.916002035140991,4.229756832122803,4.42157506942749,4.758082866668701,4.989396572113037
A15,3.8641409873962402,3.563183546066284,3.256371259689331,3.0172951221466064,2.687896966934204,2.447195291519165,2.1069881916046143,1.8535126447677612,1.6787452697753906,1.3439136743545532,1.1678558588027954,0.8349002599716187,0.5584376454353333,0.37267982959747314,0.0,4.04957914352417,3.670898675918579,3.5229430198669434,3.1616904735565186,2.9900622367858887,2.6398255825042725,2.3851842880249023,2.1724307537078857,1.8158358335494995,1.8042035102844238,1.481146216392517,1.387588620185852,1.6353611946105957,1.4801855087280273,1.8076869249343872,3.849710702896118,3.620650291442871,3.2660324573516846,3.040252923965454,2.7107350826263428,2.4488518238067627,2.1710822582244873,1.8244822025299072,1.786496877670288,1.541471004486084,1.3247929811477661,1.2210854291915894,0.9135674238204956,0.8732714056968689,0.8708704710006714,1.8851120471954346,1.8138829469680786,1.886910319328308,2.195368766784668,2.2351608276367188,2.609455108642578,2.667628049850464,3.0228090286254883,3.2657217979431152,3.37538743019104,3.7200448513031006,3.9136946201324463,4.054036617279053,4.403761863708496,4.515637397766113,2.3624680042266846,2.2396273612976074,2.4619829654693604,2.5795681476593018,2.747579336166382,3.0002713203430176,3.110379219055176,3.4256789684295654,3.4651730060577393,3.775341272354126,4.103935718536377,4.4185662269592285,4.628620624542236,4.951704978942871,5.198046684265137
B1,1.0524744987487793,1.0165066719055176,1.331400752067566,1.269775152206421,1.6467033624649048,1.7776992321014404,2.0501387119293213,2.3212063312530518,2.4104065895080566,2.7167649269104004,2.944408893585205,3.2512240409851074,3.503257989883423,3.7940282821655273,4.04957914352417,0.0,0.39023447036743164,0.5953027606010437,0.8991420269012451,1.180054783821106,1.5068295001983643,1.8015289306640625,2.0918750762939453,2.346536636352539,2.57515811920166,2.894984006881714,3.1895899772644043,3.2727110385894775,3.6369235515594482,3.7579565048217773,1.1736739873886108,0.9204345345497131,1.2203023433685303,1.1830891370773315,1.4969708919525146,1.6456443071365356,1.9145102500915527,2.232151746749878,2.2999048233032227,2.603661060333252,2.8401033878326416,3.1298177242279053,3.3918306827545166,3.668318033218384,3.9424006938934326,2.594864845275879,2.4057457447052,2.27185320854187,1.9058676958084106,1.89556884765625,1.5492464303970337,1.620972990989685,1.4821864366531372,1.2699567079544067,1.5744227170944214,1.4333817958831787,1.7432548999786377,1.9475020170211792,2.0383594036102295,2.4051265716552734,2.3570430278778076,2.149658441543579,1.8554394245147705,1.5800647735595703,1.3643666505813599,1.0519994497299194,1.0236852169036865,0.7611547708511353,1.0271886587142944,1.1393462419509888,1.151764988899231,1.1470295190811157,1.1642391681671143,1.5189940929412842,1.5273820161819458
B2,0.9248659014701843,0.7715224027633667,1.0266281366348267,0.9106142520904541,1.2757370471954346,1.4036465883255005,1.663420557975769,1.9434199333190918,2.039024591445923,2.3367092609405518,2.5757791996002197,2.880620002746582,3.1240339279174805,3.421982526779175,3.670898675918579,0.39023447036743164,0.0,0.3748874366283417,0.5530325770378113,0.8848683834075928,1.1838748455047607,1.4709256887435913,1.7714006900787354,1.9981673955917358,2.2488515377044678,2.5586299896240234,2.8560056686401367,2.962775468826294,3.3196747303009033,3.461141586303711,1.0269798040390015,0.6894941329956055,0.9029676914215088,0.811768651008606,1.112087368965149,1.2575997114181519,1.5303926467895508,1.8495837450027466,1.9371325969696045,2.2410457134246826,2.482816457748413,2.780334711074829,3.0293378829956055,3.314932346343994,3.585981607437134,2.28139328956604,2.0662481784820557,1.9172440767288208,1.5476831197738647,1.520283579826355,1.175978660583496,1.245376467704773,1.1472866535186768,0.9588358998298645,1.3055644035339355,1.2426912784576416,1.5838074684143066,1.8080099821090698,1.9607189893722534,2.313826322555542,2.0925517082214355,1.8497380018234253,1.555311679840088,1.2577650547027588,1.020304799079895,0.6849236488342285,0.6461991667747498,0.40997496247291565,0.7469131946563721,0.9684236645698547,1.0916163921356201,1.1982817649841309,1.2899324893951416,1.66334068775177,1.7496371269226074
B3,1.1980050802230835,1.0456703901290894,1.2097314596176147,0.9847872257232666,1.3144607543945312,1.336924433708191,1.5954660177230835,1.8203648328781128,1.8701319694519043,2.1970746517181396,2.3944478034973145,2.709625720977783,2.97702956199646,3.249037027359009,3.5229430198669434,0.5953027606010437,0.3748874366283417,0.0,0.3797624111175537,0.5874993801116943,0.9311622977256775,1.218335509300232,1.5054932832717896,1.7751833200454712,1.9860378503799438,2.3123738765716553,2.602536678314209,2.6785433292388916,3.0437850952148438,3.1627843379974365,1.343385100364685,0.9877663850784302,1.117275595664978,0.9011141657829285,1.1661772727966309,1.1942191123962402,1.456926703453064,1.7338781356811523,1.7615975141525269,2.0877487659454346,2.2932753562927246,2.5944325923919678,2.870540142059326,3.128441095352173,3.421553134918213,2.046823501586914,1.8486326932907104,1.7593498229980469,1.3918336629867554,1.4571794271469116,1.1721512079238892,1.3255512714385986,1.3308632373809814,1.1976590156555176,1.5727308988571167,1.5674442052841187,1.9131299257278442,2.147744655609131,2.319091796875,2.6666259765625,1.8186475038528442,1.5857515335083008,1.3270840644836426,1.021977424621582,0.8860626816749573,0.5720845460891724,0.7462404370307922,0.6500384211540222,1.0122559070587158,1.2999998331069946,1.4330315589904785,1.5607796907424927,1.6185978651046753,1.9989279508590698,2.0632617473602295
B4,1.2384793758392334,0.9907904267311096,1.0525630712509155,0.7562046051025391,1.0219192504882812,1.0211330652236938,1.2393170595169067,1.4776551723480225,1.521856665611267,1.834260106086731,2.049149751663208,2.3556365966796875,2.6164238452911377,2.898402452468872,3.1616904735565186,0.8991420269012451,0.5530325770378113,0.3797624111175537,0.0,0.3826048672199249,0.6329469084739685,0.9282581806182861,1.2194501161575317,1.4505800008773804,1.7002485990524292,2.0071725845336914,2.309242010116577,2.4147560596466064,2.7703874111175537,2.920289993286133,1.3362990617752075,0.958442747592926,0.9494594931602478,0.6590911149978638,0.8364313244819641,0.8313201069831848,1.0771881341934204,1.360669493675232,1.4066143035888672,1.727969765663147,1.9476103782653809,2.252685308456421,2.5140016078948975,2.785317897796631,3.070798635482788,1.7492048740386963,1.5225269794464111,1.4051904678344727,1.0323724746704102,1.0818111896514893,0.813450276851654,0.993592381477356,1.0730654001235962,1.0133335590362549,1.3994935750961304,1.4753994941711426,1.8310836553573608,2.061349630355835,2.283957004547119,2.607346296310425,1.5872821807861328,1.31339693069458,1.0459918975830078,0.7159600257873535,0.5427771210670471,0.19729666411876678,0.4834394156932831,0.5747308135032654,0.9189997911453247,1.2665818929672241,1.4839105606079102,1.6713870763778687,1.7895761728286743,2.1670804023742676,2.2842159271240234
B5,1.5165263414382935,1.2998825311660767,1.290531873703003,0.9405783414840698,1.1259034872055054,0.9885928630828857,1.1962978839874268,1.3422062397003174,1.3367645740509033,1.6844733953475952,1.8429256677627563,2.1675686836242676,2.4472908973693848,2.6984646320343018,2.9900622367858887,1.180054783821106,0.8848683834075928,0.5874993801116943,0.3826048672199249,0.0,0.3936966359615326,0.637689471244812,0.9287839531898499,1.207318902015686,1.3996548652648926,1.7323588132858276,2.016122579574585,2.0945475101470947,2.4581117630004883,2.5827929973602295,1.652955412864685,1.2848889827728271,1.2357383966445923,0.8883662223815918,1.0100339651107788,0.8489104509353638,1.073009967803955,1.266409993171692,1.2426742315292358,1.5956867933273315,1.7559109926223755,2.074282169342041,2.358813524246216,2.596109390258789,2.9088616371154785,1.5354955196380615,1.3116474151611328,1.2877804040908813,0.9361717104911804,1.1091676950454712,0.961556077003479,1.1865599155426025,1.3591526746749878,1.3280198574066162,1.7072956562042236,1.820685625076294,2.164029359817505,2.4096786975860596,2.638862371444702,2.9564852714538574,1.3534455299377441,1.0663028955459595,0.8875998258590698,0.5315874814987183,0.6003750562667847,0.4407023787498474,0.8124353289604187,0.927720844745636,1.2375272512435913,1.6072251796722412,1.8125141859054565,2.018326759338379,2.104281187057495,2.4888410568237305,2.595341682434082
B6,1.7829207181930542,1.5114573240280151,1.438167691230774,1.0682586431503296,1.1309834718704224,0.9294964671134949,1.0107917785644531,1.121569037437439,1.032090187072754,1.3617894649505615,1.5110867023468018,1.8113656044006348,2.1073687076568604,2.351815938949585,2.6398255825042725,1.5068295001983643,1.1838748455047607,0.9311622977256775,0.6329469084739685,0.3936966359615326,0.0,0.3821685016155243,0.5930262207984924,0.861421525478363,1.0923587083816528,1.3932230472564697,1.707013726234436,1.7953258752822876,2.1519198417663574,2.310319662094116,1.8728621006011963,1.5072790384292603,1.370060682296753,1.0128133296966553,0.9741538763046265,0.722025990486145,0.8067543506622314,0.9560633301734924,0.871200442314148,1.2140761613845825,1.377078890800476,1.6845415830612183,1.974414587020874,2.2110049724578857,2.5201849937438965,1.1535447835922241,0.9246205687522888,0.9045994877815247,0.5741667151451111,0.8308627605438232,0.8075466752052307,1.1004003286361694,1.3535538911819458,1.4221643209457397,1.7803014516830444,1.9495007991790771,2.295025587081909,2.514233350753784,2.782620906829834,3.074296712875366,1.0276120901107788,0.7049074172973633,0.538490891456604,0.16527797281742096,0.44144341349601746,0.5594123601913452,0.9069879055023193,1.1482911109924316,1.4243865013122559,1.8000943660736084,2.057034969329834,2.2782394886016846,2.407325267791748,2.7847251892089844,2.9137625694274902
B7,1.9337419271469116,1.683117151260376,1.5326966047286987,1.1558152437210083,1.123455286026001,0.8150325417518616,0.8683993816375732,0.8570368885993958,0.7537102103233337,1.119381070137024,1.2249411344528198,1.563240885734558,1.8472399711608887,2.0786421298980713,2.3851842880249023,1.8015289306640625,1.4709256887435913,1.218335509300232,0.9282581806182861,0.637689471244812,0.3821685016155243,0.0,0.37221720814704895,0.592208743095398,0.7819756269454956,1.1136997938156128,1.3890557289123535,1.503210425376892,1.853776216506958,2.0073492527008057,2.042644500732422,1.7013176679611206,1.516739010810852,1.1470533609390259,1.0781387090682983,0.7298674583435059,0.8138323426246643,0.8125985264778137,0.7201951146125793,1.100061297416687,1.1836427450180054,1.5331381559371948,1.8076223134994507,2.0251073837280273,2.356065273284912,1.0818867683410645,0.7874776721000671,0.8711068034172058,0.6262837052345276,0.9101107716560364,0.9992230534553528,1.2253303527832031,1.5365535020828247,1.601584792137146,1.932634711265564,2.143536329269409,2.4604198932647705,2.7028276920318604,2.977452278137207,3.2544264793395996,1.0604369640350342,0.6852957606315613,0.7175219655036926,0.4630752205848694,0.7651596069335938,0.854097306728363,1.1660146713256836,1.3876863718032837,1.605639100074768,1.9955285787582397,2.24880313873291,2.5092580318450928,2.6237990856170654,3.0022003650665283,3.150714874267578
B8,2.2884714603424072,2.0191614627838135,1.867751955986023,1.494803547859192,1.4239006042480469,1.1083027124404907,1.049018383026123,0.9602981209754944,0.7052463889122009,1.0207762718200684,1.0454516410827637,1.3409850597381592,1.6644645929336548,1.8536938428878784,2.1724307537078857,2.0918750762939453,1.7714006900787354,1.5054932832717896,1.2194501161575317,0.9287839531898499,0.5930262207984924,0.37221720814704895,0.0,0.37388908863067627,0.5133852958679199,0.8149914145469666,1.1271955966949463,1.20477294921875,1.5595115423202515,1.7284103631973267,2.379486560821533,2.033278465270996,1.835083246231079,1.4748984575271606,1.343073844909668,0.989771842956543,0.921779215335846,0.8245254158973694,0.5675123929977417,0.8956878185272217,0.9168784022331238,1.2356352806091309,1.5434426069259644,1.7240478992462158,2.065556764602661,0.7408187985420227,0.4904092252254486,0.709208071231842,0.6201184988021851,0.9815641045570374,1.169628620147705,1.4404165744781494,1.771479606628418,1.8907567262649536,2.210733413696289,2.434471368789673,2.7576420307159424,2.9757959842681885,3.2676658630371094,3.532989263534546,0.7594754695892334,0.3907681107521057,0.6067807674407959,0.5752783417701721,0.9325342178344727,1.1323935985565186,1.4401209354400635,1.7037240266799927,1.9317200183868408,2.3152852058410645,2.5856692790985107,2.835427761077881,2.96484112739563,3.341996431350708,3.4849917888641357
B9,2.408783435821533,2.124007225036621,1.9154731035232544,1.5645713806152344,1.4001972675323486,1.071183681488037,0.9003391265869141,0.7281959652900696,0.38741806149482727,0.6597265601158142,0.6778340339660645,0.9857166409492493,1.2964355945587158,1.5053564310073853,1.8158358335494995,2.346536636352539,1.9981673955917358,1.7751833200454712,1.4505800008773804,1.207318902015686,0.861421525478363,0.592208743095398,0.37388908863067627,0.0,0.3782642185688019,0.5763920545578003,0.8962329626083374,1.0698906183242798,1.3811320066452026,1.6072744131088257,2.4736552238464355,2.153526782989502,1.8979754447937012,1.5610640048980713,1.3552515506744385,0.9895586967468262,0.8393083810806274,0.598763108253479,0.338020920753479,0.6376615166664124,0.6107026934623718,0.9775151014328003,1.2395203113555908,1.4423775672912598,1.7798311710357666,0.7090373635292053,0.35738804936408997,0.5868480801582336,0.643497109413147,0.9292598962783813,1.209688425064087,1.423635721206665,1.7901030778884888,1.944694995880127,2.2205774784088135,2.4863619804382324,2.7837765216827393,2.994340419769287,3.3050150871276855,3.541339159011841,0.9458841681480408,0.609465479850769,0.8283970355987549,0.8307974338531494,1.1121798753738403,1.3296147584915161,1.5743298530578613,1.8611446619033813,2.031534194946289,2.4078516960144043,2.699876070022583,2.976301670074463,3.1281445026397705,3.495464563369751,3.670119047164917
B10,2.6730353832244873,2.416350841522217,2.209414005279541,1.8512483835220337,1.7016115188598633,1.3431503772735596,1.2151734828948975,0.9674602150917053,0.6524506211280823,0.8723458647727966,0.722307026386261,1.0171763896942139,1.3302029371261597,1.4549522399902344,1.8042035102844238,2.57515811920166,2.2488515377044678,1.9860378503799438,1.7002485990524292,1.3996548652648926,1.0923587083816528,0.7819756269454956,0.5133852958679199,0.3782642185688019,0.0,0.3751622140407562,0.6209412813186646,0.7346380352973938,1.074036955833435,1.2582058906555176,2.7687013149261475,2.4459388256073,2.2108752727508545,1.859801173210144,1.6958569288253784,1.3188422918319702,1.2132076025009155,0.9571909308433533,0.6978437304496765,0.9061983227729797,0.7280411124229431,1.044366717338562,1.3148473501205444,1.4252898693084717,1.7929202318191528,0.7897924184799194,0.5817538499832153,0.9176563620567322,0.9966143369674683,1.3053284883499146,1.5703107118606567,1.7857693433761597,2.148987293243408,2.279118776321411,2.5646755695343018,2.823632001876831,3.1193299293518066,3.3451294898986816,3.646834135055542,3.890550136566162,0.9887884259223938,0.7379041314125061,1.0599149465560913,1.0825716257095337,1.4174261093139648,1.6088491678237915,1.8907616138458252,2.149418354034424,2.333998441696167,2.7191569805145264,2.9909181594848633,3.2683167457580566,3.3927762508392334,3.7675981521606445,3.9276554584503174
B11,2.9712095260620117,2.694481372833252,2.4702343940734863,2.1259963512420654,1.9339522123336792,1.5912731885910034,1.38692045211792,1.116835355758667,0.7656692266464233,0.8153677582740784,0.5506840944290161,0.7278150916099548,1.0576512813568115,1.129280924797058,1.481146216392517,2.894984006881714,2.5586299896240234,2.3123738765716553,2.0071725845336914,1.7323588132858276,1.3932230472564697,1.1136997938156128,0.8149914145469666,0.5763920545578003,0.3751622140407562,0.0,0.37826862931251526,0.5492722988128662,0.8188776969909668,1.0845770835876465,3.0415749549865723,2.7268998622894287,2.4641706943511963,2.1311750411987305,1.914514183998108,1.551390290260315,1.3645583391189575,1.0560630559921265,0.7833757996559143,0.8234769701957703,0.5216782689094543,0.7614927887916565,1.005740761756897,1.0687404870986938,1.4417606592178345,0.7462100386619568,0.6356956958770752,0.9651145935058594,1.1667026281356812,1.4380563497543335,1.757694959640503,1.965484619140625,2.3388431072235107,2.510000705718994,2.7685327529907227,3.0479440689086914,3.3350718021392822,3.5390679836273193,3.857902765274048,4.0795817375183105,1.0829415321350098,0.919651985168457,1.251766324043274,1.352935552597046,1.6593806743621826,1.8957151174545288,2.1482503414154053,2.4363186359405518,2.6038670539855957,2.979348659515381,3.2710561752319336,3.5517666339874268,3.698577642440796,4.067324161529541,4.239869117736816
B12,3.2151284217834473,2.96018123626709,2.7133209705352783,2.3779609203338623,2.1673340797424316,1.8092341423034668,1.618423581123352,1.29312002658844,1.0021913051605225,1.0085350275039673,0.666696310043335,0.7965840101242065,1.0378079414367676,1.0152841806411743,1.387588620185852,3.1895899772644043,2.8560056686401367,2.602536678314209,2.309242010116577,2.016122579574585,1.707013726234436,1.3890557289123535,1.1271955966949463,0.8962329626083374,0.6209412813186646,0.37826862931251526,0.0,0.3589589595794678,0.5274823904037476,0.791858434677124,3.3013954162597656,3.0004608631134033,2.732834815979004,2.4011940956115723,2.199770927429199,1.8299102783203125,1.6773349046707153,1.3424897193908691,1.1258631944656372,1.1535675525665283,0.8209246397018433,0.9949676990509033,1.1506117582321167,1.127264142036438,1.492484211921692,1.1040968894958496,1.011826753616333,1.3288475275039673,1.5192608833312988,1.7725915908813477,2.0898754596710205,2.2658193111419678,2.6446478366851807,2.7978312969207764,3.0447304248809814,3.333549737930298,3.6033711433410645,3.82239031791687,4.13685417175293,4.352530002593994,1.4162107706069946,1.2726335525512695,1.615362524986267,1.6873228549957275,2.0017635822296143,2.2075490951538086,2.4619388580322266,2.72882342338562,2.8781943321228027,3.2562062740325928,3.535871744155884,3.8319895267486572,3.962789297103882,4.33172082901001,4.509201526641846
B13,3.3973886966705322,3.148622512817383,2.9311904907226562,2.57857084274292,2.4077816009521484,2.043663263320923,1.8843884468078613,1.5803648233413696,1.2697126865386963,1.3209304809570312,0.9959792494773865,1.0887451171875,1.3494023084640503,1.2708221673965454,1.6353611946105957,3.2727110385894775,2.962775468826294,2.6785433292388916,2.4147560596466064,2.0945475101470947,1.7953258752822876,1.503210425376892,1.20477294921875,1.0698906183242798,0.7346380352973938,0.5492722988128662,0.3589589595794678,0.0,0.3755280375480652,0.5484275817871094,3.4993021488189697,3.179584264755249,2.9404351711273193,2.5923125743865967,2.416184663772583,2.041445732116699,1.895437479019165,1.5934075117111206,1.320295810699463,1.3545697927474976,1.0273388624191284,1.136236310005188,1.3420261144638062,1.250137209892273,1.6156610250473022,1.1236095428466797,1.1301532983779907,1.4892827272415161,1.6716294288635254,1.9714113473892212,2.271869421005249,2.488771438598633,2.8589529991149902,3.0062203407287598,3.2789978981018066,3.549055576324463,3.837941884994507,4.057484149932861,4.366847038269043,4.59868860244751,1.3507665395736694,1.290317177772522,1.6644965410232544,1.7718627452850342,2.1180527210235596,2.331237316131592,2.6196346282958984,2.8816897869110107,3.0675506591796875,3.4523189067840576,3.7230169773101807,4.001794815063477,4.1191487312316895,4.495947360992432,4.649672985076904
