,A1,A2,A3,A4,A5,A6,A7,A8,A9,A10,A11,A12,A13,A14,A15,B1,B2,B3,B4,B5,B6,B7,B8,B9,B10,B11,B12,B13,B14,B15,C1,C2,C3,C4,C5,C6,C7,C8,C9,C10,C11,C12,C13,C14,C15,D1,D2,D3,D4,D5,D6,D7,D8,D9,D10,D11,D12,D13,D14,D15,E1,E2,E3,E4,E5,E6,E7,E8,E9,E10,E11,E12,E13,E14,E15
A1,0.0,0.3802165687084198,0.5549595952033997,0.7721347808837891,1.0769197940826416,1.3439853191375732,1.653376817703247,1.9539477825164795,2.145509719848633,1.8703209161758423,1.6053180694580078,1.2239857912063599,1.1469404697418213,0.8202551603317261,0.8367371559143066,2.3811566829681396,2.2897584438323975,1.9951339960098267,1.9296778440475464,1.8117326498031616,1.7366489171981812,1.8964643478393555,1.8711628913879395,2.2097861766815186,2.2782180309295654,2.2557132244110107,2.0973448753356934,2.3078129291534424,2.3782925605773926,2.4328999519348145,1.823588252067566,1.4740970134735107,1.459490418434143,1.5267484188079834,1.4800755977630615,1.7249501943588257,1.6487140655517578,1.974429965019226,2.0105392932891846,1.7054526805877686,1.7291449308395386,1.6433597803115845,1.2895057201385498,1.2872940301895142,1.0332715511322021,3.27085542678833,3.187350273132324,2.861382484436035,2.9102444648742676,2.5821378231048584,2.656578540802002,2.431225299835205,2.5046226978302,2.738987684249878,2.7885091304779053,3.05391526222229,3.043102979660034,2.9311795234680176,3.0877115726470947,2.851801633834839,3.483833074569702,3.145707368850708,2.943476915359497,2.7417304515838623,2.4419186115264893,2.284534215927124,1.9233630895614624,1.805146336555481,1.6800496578216553,1.8403489589691162,2.2136242389678955,2.4939768314361572,2.4589931964874268,2.7985568046569824,2.7854278087615967
A2,0.3802165687084198,0.0,0.36557430028915405,0.5428271889686584,0.8485730290412903,1.131447196006775,1.4024442434310913,1.729915738105774,1.8909497261047363,1.587445855140686,1.34296715259552,0.9818335175514221,0.8221679925918579,0.4759308993816376,0.4697452783584595,2.4931602478027344,2.3485536575317383,2.028958797454834,1.9377329349517822,1.753732681274414,1.6491782665252686,1.7388737201690674,1.6776682138442993,2.0232491493225098,2.1301958560943604,2.1704678535461426,2.0612995624542236,2.2598416805267334,2.379673480987549,2.4154841899871826,1.9780462980270386,1.6360520124435425,1.5344997644424438,1.5909662246704102,1.4561203718185425,1.683526873588562,1.5434226989746094,1.850402593612671,1.9130815267562866,1.65623140335083,1.7567028999328613,1.704329013824463,1.3769928216934204,1.4439442157745361,1.1775342226028442,2.9492454528808594,2.892791509628296,2.562025547027588,2.6384692192077637,2.325242280960083,2.432837724685669,2.2458882331848145,2.356269359588623,2.6217100620269775,2.6397597789764404,2.8696861267089844,2.817838668823242,2.703361749649048,2.8284716606140137,2.582223892211914,3.180396556854248,2.849740982055664,2.6612868309020996,2.4342780113220215,2.1513075828552246,1.971529245376587,1.617835521697998,1.4909297227859497,1.3274611234664917,1.4846175909042358,1.853293776512146,2.1500155925750732,2.131640911102295,2.48163104057312,2.501157522201538
A3,0.5549595952033997,0.36557430028915405,0.0,0.3719663619995117,0.5667329430580139,0.8983352780342102,1.1561756134033203,1.4875837564468384,1.702571988105774,1.4373958110809326,1.2526875734329224,0.8956043720245361,0.7660272717475891,0.5532506108283997,0.47192198038101196,2.180975914001465,2.0110621452331543,1.6882824897766113,1.5836628675460815,1.389223575592041,1.2900660037994385,1.3898694515228271,1.3622008562088013,1.71816086769104,1.7931442260742188,1.8262969255447388,1.7078007459640503,1.8963587284088135,2.0219428539276123,2.0591516494750977,1.6951909065246582,1.3646043539047241,1.2116994857788086,1.273546814918518,1.116590976715088,1.367565393447876,1.2563282251358032,1.5861659049987793,1.7003380060195923,1.4475815296173096,1.5295398235321045,1.4371579885482788,1.1294740438461304,1.197821021080017,0.9168835878372192,2.729947805404663,2.6372084617614746,2.309821844100952,2.3557991981506348,2.0300393104553223,2.1200170516967773,1.9101531505584717,2.0189931392669678,2.2706198692321777,2.2879631519317627,2.5307652950286865,2.499929904937744,2.3854362964630127,2.5361387729644775,2.306098222732544,2.9603052139282227,2.633082628250122,2.4141786098480225,2.208240509033203,1.8990061283111572,1.739546775817871,1.3765922784805298,1.2727018594741821,1.1949557065963745,1.3471390008926392,1.7262961864471436,1.9815565347671509,1.9596270322799683,2.299705743789673,2.292656421661377
A4,0.7721347808837891,0.5428271889686584,0.3719663619995117,0.0,0.363980233669281,0.5915199518203735,0.8912665843963623,1.1972373723983765,1.3797624111175537,1.1103938817977905,0.8927318453788757,0.5269577503204346,0.4791487455368042,0.4003984332084656,0.5434610247612,2.214125156402588,2.036379098892212,1.6900691986083984,1.64352548122406,1.4077357053756714,1.3771653175354004,1.4250224828720093,1.4446353912353516,1.817663311958313,1.871379017829895,1.9447537660598755,1.8187220096588135,1.9433919191360474,2.0595922470092773,2.0296390056610107,1.8555978536605835,1.513008713722229,1.3285685777664185,1.288765788078308,1.0660631656646729,1.2244893312454224,1.0279009342193604,1.3169156312942505,1.3974183797836304,1.1751333475112915,1.333388090133667,1.3271338939666748,1.0603079795837402,1.240951657295227,1.048966646194458,2.632714033126831,2.5575270652770996,2.206782817840576,2.2337188720703125,1.9036338329315186,1.966739296913147,1.7868260145187378,1.8686058521270752,2.158442735671997,2.201394557952881,2.4248087406158447,2.3808116912841797,2.315013885498047,2.4686684608459473,2.2713379859924316,2.726870536804199,2.380904197692871,2.190201997756958,2.0026566982269287,1.7151117324829102,1.604139804840088,1.2504068613052368,1.2374439239501953,1.1477237939834595,1.1957887411117554,1.5580991506576538,1.7934728860855103,1.7150747776031494,2.0413200855255127,2.0141985416412354
A5,1.0769197940826416,0.8485730290412903,0.5667329430580139,0.363980233669281,0.0,0.37275293469429016,0.5933208465576172,0.9254739880561829,1.1611065864562988,0.9371123313903809,0.8453202843666077,0.5822469592094421,0.5430863499641418,0.660582423210144,0.6866698265075684,2.059502124786377,1.8338017463684082,1.4832754135131836,1.4146883487701416,1.1315122842788696,1.1045292615890503,1.1027098894119263,1.15234375,1.5272537469863892,1.5612961053848267,1.6658735275268555,1.5619953870773315,1.6560670137405396,1.8029643297195435,1.7593967914581299,1.7687610387802124,1.464821219444275,1.204730749130249,1.1571249961853027,0.8619558811187744,1.009589433670044,0.8032799363136292,1.0934630632400513,1.259955883026123,1.092743992805481,1.2663649320602417,1.2372241020202637,1.0406944751739502,1.2385421991348267,1.060817837715149,2.3298239707946777,2.2298574447631836,1.8807028532028198,1.8855092525482178,1.548789381980896,1.608019232749939,1.427158236503601,1.529378056526184,1.8243414163589478,1.848348617553711,2.063183546066284,2.0183639526367188,1.9550540447235107,2.1199960708618164,1.939761996269226,2.4289560317993164,2.0915892124176025,1.8729314804077148,1.6973382234573364,1.3885068893432617,1.2970805168151855,0.9429120421409607,0.9794800877571106,0.9848513007164001,1.0029711723327637,1.3568122386932373,1.5419552326202393,1.46700918674469,1.783199429512024,1.7425761222839355
A6,1.3439853191375732,1.131447196006775,0.8983352780342102,0.5915199518203735,0.37275293469429016,0.0,0.3670009672641754,0.6105988621711731,0.8361294865608215,0.6592702269554138,0.5862869024276733,0.4441017806529999,0.600106418132782,0.8493432402610779,0.9859396815299988,2.0805253982543945,1.8577303886413574,1.5019989013671875,1.5078462362289429,1.2123662233352661,1.277130365371704,1.2371832132339478,1.351919174194336,1.7137274742126465,1.7065396308898926,1.8317221403121948,1.7120455503463745,1.7294081449508667,1.8486735820770264,1.7293356657028198,1.932600498199463,1.6329954862594604,1.368280291557312,1.2216914892196655,0.8931543231010437,0.8933398127555847,0.5798393487930298,0.787696123123169,0.9290241003036499,0.8295168280601501,1.0902737379074097,1.1590299606323242,1.046135425567627,1.3304102420806885,1.2499555349349976,2.307044506072998,2.214803457260132,1.8509243726730347,1.8129756450653076,1.4758795499801636,1.476754903793335,1.3288925886154175,1.3755944967269897,1.7044275999069214,1.770199179649353,1.9654332399368286,1.9214019775390625,1.9256128072738647,2.104306221008301,1.9785751104354858,2.2230279445648193,1.8634498119354248,1.672888994216919,1.5452096462249756,1.2660377025604248,1.268782615661621,0.9625683426856995,1.1247332096099854,1.1460896730422974,1.0373295545578003,1.3320045471191406,1.456244707107544,1.296750545501709,1.5728999376296997,1.4808578491210938
A7,1.653376817703247,1.4024442434310913,1.1561756134033203,0.8912665843963623,0.5933208465576172,0.3670009672641754,0.0,0.3760131895542145,0.6133810877799988,0.4966696500778198,0.6554186940193176,0.6999955177307129,0.7633709907531738,1.0795024633407593,1.1507388353347778,2.188063144683838,1.9188408851623535,1.5772536993026733,1.551255226135254,1.2133287191390991,1.2584811449050903,1.1181724071502686,1.2266230583190918,1.556378722190857,1.5581800937652588,1.7476720809936523,1.687440276145935,1.6685291528701782,1.835537075996399,1.6994528770446777,2.0955591201782227,1.8393837213516235,1.5282506942749023,1.3978031873703003,1.0341147184371948,0.9975950121879578,0.6852316856384277,0.7849855422973633,1.01173734664917,1.031615972518921,1.3094674348831177,1.372117519378662,1.3231894969940186,1.5948506593704224,1.51004159450531,1.9620497226715088,1.8733866214752197,1.5061118602752686,1.4642333984375,1.1389418840408325,1.1602435111999512,1.0734169483184814,1.1721550226211548,1.5269057750701904,1.5462549924850464,1.6885520219802856,1.6021026372909546,1.6190096139907837,1.7774286270141602,1.6711435317993164,1.8682435750961304,1.5172573328018188,1.314603328704834,1.1804230213165283,0.9013893008232117,0.9372714161872864,0.6775608062744141,0.9317677021026611,1.0169978141784668,0.8360058665275574,1.0716968774795532,1.1321228742599487,0.9690511226654053,1.2375668287277222,1.155788540840149
A8,1.9539477825164795,1.729915738105774,1.4875837564468384,1.1972373723983765,0.9254739880561829,0.6105988621711731,0.3760131895542145,0.0,0.37221071124076843,0.5110307335853577,0.7478673458099365,0.9087690711021423,1.0675525665283203,1.3983887434005737,1.512572169303894,2.192429542541504,1.930274486541748,1.6067665815353394,1.647084355354309,1.3267227411270142,1.4525867700576782,1.3060017824172974,1.476941704750061,1.7736150026321411,1.7211445569992065,1.9077036380767822,1.8283771276474,1.7348613739013672,1.864978313446045,1.6595556735992432,2.2383832931518555,2.0013022422790527,1.694707989692688,1.497946858406067,1.1440023183822632,0.9814187288284302,0.654973030090332,0.5617661476135254,0.7894888520240784,0.9371490478515625,1.246198296546936,1.3734230995178223,1.414624571800232,1.7227541208267212,1.7119330167770386,2.0049855709075928,1.9079025983810425,1.5495221614837646,1.4367825984954834,1.1296173334121704,1.0495978593826294,1.005372166633606,1.0163713693618774,1.387503981590271,1.457579493522644,1.575493335723877,1.5086928606033325,1.6100658178329468,1.7930036783218384,1.7631466388702393,1.6905906200408936,1.3219152688980103,1.1434369087219238,1.11107337474823,0.8880155682563782,1.064933180809021,0.9128183722496033,1.2322096824645996,1.3443139791488647,1.1041818857192993,1.2461111545562744,1.2041791677474976,0.9498513340950012,1.1163054704666138,0.9311696290969849
A9,2.145509719848633,1.8909497261047363,1.702571988105774,1.3797624111175537,1.1611065864562988,0.8361294865608215,0.6133810877799988,0.37221071124076843,0.0,0.36579805612564087,0.6787191033363342,0.9777197241783142,1.1322883367538452,1.4951105117797852,1.6490211486816406,2.5489587783813477,2.294172763824463,1.9734946489334106,2.018976926803589,1.695238471031189,1.800891637802124,1.6255059242248535,1.7538726329803467,2.037402391433716,2.0209836959838867,2.2398433685302734,2.1857357025146484,2.091059446334839,2.2285401821136475,2.011122226715088,2.6013996601104736,2.350923538208008,2.0530953407287598,1.8528356552124023,1.5031884908676147,1.3299788236618042,0.9855890870094299,0.8288697004318237,0.9372084736824036,1.1458622217178345,1.5015926361083984,1.6849961280822754,1.7181285619735718,2.0447001457214355,2.032541275024414,1.9914509057998657,1.9581509828567505,1.5987838506698608,1.5195387601852417,1.2717198133468628,1.2220748662948608,1.2737809419631958,1.2956589460372925,1.6693097352981567,1.723588228225708,1.7765253782272339,1.6541976928710938,1.7842707633972168,1.9120234251022339,1.8927503824234009,1.5382481813430786,1.1550050973892212,1.0766535997390747,1.0390634536743164,0.9300899505615234,1.1220624446868896,1.0414785146713257,1.3705519437789917,1.4179120063781738,1.1075760126113892,1.1638927459716797,1.1008745431900024,0.7758744359016418,0.9007145166397095,0.7299663424491882
A10,1.8703209161758423,1.587445855140686,1.4373958110809326,1.1103938817977905,0.9371123313903809,0.6592702269554138,0.4966696500778198,0.5110307335853577,0.36579805612564087,0.0,0.3872324824333191,0.693112850189209,0.7932703495025635,1.1636624336242676,1.3279390335083008,2.617539644241333,2.3675317764282227,2.0262959003448486,2.034946918487549,1.7030316591262817,1.7530754804611206,1.591528296470642,1.6614741086959839,1.972726583480835,2.008359432220459,2.2273614406585693,2.181807518005371,2.1477432250976562,2.3051698207855225,2.134618043899536,2.556755304336548,2.2775180339813232,1.990547776222229,1.829979658126831,1.4794260263442993,1.3836802244186401,1.0221025943756104,0.9877809286117554,1.0795035362243652,1.1859667301177979,1.5433478355407715,1.7045320272445679,1.6600772142410278,1.9720145463943481,1.908839225769043,2.0251283645629883,2.0191187858581543,1.6463797092437744,1.6394290924072266,1.3785516023635864,1.4095478057861328,1.4276454448699951,1.5039161443710327,1.8781801462173462,1.9047709703445435,1.9806898832321167,1.8397654294967651,1.9052029848098755,2.005542039871216,1.9179019927978516,1.7511615753173828,1.3815284967422485,1.2965431213378906,1.155818223953247,1.011781930923462,1.0778183937072754,0.9204921126365662,1.1864070892333984,1.154381275177002,0.8579667806625366,0.9835262298583984,1.0439718961715698,0.7848408222198486,1.0307742357254028,0.9822322726249695
A11,1.6053180694580078,1.34296715259552,1.2526875734329224,0.8927318453788757,0.8453202843666077,0.5862869024276733,0.6554186940193176,0.7478673458099365,0.6787191033363342,0.3872324824333191,0.0,0.3851824700832367,0.5862872004508972,0.9165005087852478,1.1693017482757568,2.617936849594116,2.408576726913452,2.0559113025665283,2.0860631465911865,1.7827401161193848,1.8372271060943604,1.7421367168426514,1.806554913520813,2.150604009628296,2.190187931060791,2.3659908771514893,2.2793614864349365,2.2796778678894043,2.4048638343811035,2.2494218349456787,2.5023646354675293,2.185659885406494,1.9445701837539673,1.77756929397583,1.4621800184249878,1.39254629611969,1.0295649766921997,1.060307264328003,1.0573253631591797,1.0732980966567993,1.4296150207519531,1.6137278079986572,1.514420986175537,1.8315776586532593,1.7698843479156494,2.370600461959839,2.364992618560791,1.9902335405349731,1.9949909448623657,1.712875485420227,1.7373250722885132,1.698508620262146,1.7452237606048584,2.1081650257110596,2.168034076690674,2.2903006076812744,2.1800878047943115,2.2267351150512695,2.3425862789154053,2.227006673812866,2.132575035095215,1.7613890171051025,1.6816885471343994,1.536898136138916,1.371864676475525,1.3896580934524536,1.1645323038101196,1.354121446609497,1.2525309324264526,1.0270307064056396,1.2273242473602295,1.3705178499221802,1.1457586288452148,1.4029052257537842,1.354987621307373
A12,1.2239857912063599,0.9818335175514221,0.8956043720245361,0.5269577503204346,0.5822469592094421,0.4441017806529999,0.6999955177307129,0.9087690711021423,0.9777197241783142,0.693112850189209,0.3851824700832367,0.0,0.3646503984928131,0.6041576266288757,0.8846448659896851,2.430809736251831,2.242981195449829,1.8863259553909302,1.9016177654266357,1.6258106231689453,1.6608296632766724,1.6296465396881104,1.684971809387207,2.0511085987091064,2.0919620990753174,2.2220380306243896,2.1078546047210693,2.1549649238586426,2.2666866779327393,2.1543147563934326,2.2266769409179688,1.8903151750564575,1.679323434829712,1.5426580905914307,1.2614550590515137,1.2691818475723267,0.951932430267334,1.1073638200759888,1.1177057027816772,1.0030570030212402,1.295021891593933,1.4248745441436768,1.253818154335022,1.5397381782531738,1.4461150169372559,2.533442735671997,2.4976906776428223,2.126314640045166,2.1373796463012695,1.8250954151153564,1.8587632179260254,1.7504117488861084,1.8006705045700073,2.138695001602173,2.204143524169922,2.378312349319458,2.301969051361084,2.3051655292510986,2.4438157081604004,2.2932567596435547,2.42687726020813,2.0607666969299316,1.9317233562469482,1.769920825958252,1.5439201593399048,1.5068708658218384,1.2097786664962769,1.3200318813323975,1.2093453407287598,1.094200849533081,1.384230613708496,1.580140233039856,1.4152148962020874,1.7080483436584473,1.6627731323242188
A13,1.1469404697418213,0.8221679925918579,0.7660272717475891,0.4791487455368042,0.5430863499641418,0.600106418132782,0.7633709907531738,1.0675525665283203,1.1322883367538452,0.7932703495025635,0.5862872004508972,0.3646503984928131,0.0,0.3737976849079132,0.5861374735832214,2.5779924392700195,2.364438533782959,2.0102367401123047,1.9568595886230469,1.664141297340393,1.6167598962783813,1.556851863861084,1.533177137374878,1.889751672744751,1.9912638664245605,2.1476433277130127,2.084198474884033,2.1771016120910645,2.3369030952453613,2.2711031436920166,2.2815768718719482,1.9559531211853027,1.729186773300171,1.6681348085403442,1.3807734251022339,1.4638445377349854,1.1741431951522827,1.3652063608169556,1.4394749402999878,1.3257189989089966,1.5884013175964355,1.6566135883331299,1.4499598741531372,1.6800830364227295,1.5091674327850342,2.379215717315674,2.3655591011047363,2.0029919147491455,2.0725293159484863,1.778609275817871,1.8839157819747925,1.7911757230758667,1.9107389450073242,2.2454495429992676,2.254319190979004,2.4097108840942383,2.2972843647003174,2.249976634979248,2.3472886085510254,2.1495206356048584,2.4319345951080322,2.0896072387695312,1.95042085647583,1.7266714572906494,1.497125506401062,1.3721537590026855,1.0604020357131958,1.0841121673583984,0.9058753848075867,0.8562973737716675,1.183441400527954,1.4465456008911133,1.3630191087722778,1.7009859085083008,1.729228138923645
A14,0.8202551603317261,0.4759308993816376,0.5532506108283997,0.4003984332084656,0.660582423210144,0.8493432402610779,1.0795024633407593,1.3983887434005737,1.4951105117797852,1.1636624336242676,0.9165005087852478,0.6041576266288757,0.3737976849079132,0.0,0.37187686562538147,2.610501527786255,2.427107810974121,2.081716537475586,2.0117831230163574,1.7601739168167114,1.6815896034240723,1.6832208633422852,1.630108118057251,1.9871963262557983,2.1038544178009033,2.2164061069488525,2.136986494064331,2.2805323600769043,2.4265270233154297,2.4041709899902344,2.213097333908081,1.8722162246704102,1.698111653327942,1.6849998235702515,1.4580575227737427,1.606491208076477,1.3728224039077759,1.6187883615493774,1.6748236417770386,1.49040949344635,1.691033959388733,1.7175384759902954,1.4471720457077026,1.6179370880126953,1.4040921926498413,2.6501662731170654,2.6292884349823,2.2792794704437256,2.3637452125549316,2.064115285873413,2.1788270473480225,2.048501491546631,2.1677916049957275,2.477792263031006,2.4889423847198486,2.674382209777832,2.5812721252441406,2.5014488697052,2.6026899814605713,2.375365734100342,2.790252685546875,2.4540247917175293,2.301393508911133,2.0676162242889404,1.8205952644348145,1.6586556434631348,1.3259531259536743,1.2623659372329712,1.0555058717727661,1.1192121505737305,1.4670361280441284,1.7637461423873901,1.717233419418335,2.0640804767608643,2.0993268489837646
A15,0.8367371559143066,0.4697452783584595,0.47192198038101196,0.5434610247612,0.6866698265075684,0.9859396815299988,1.1507388353347778,1.512572169303894,1.6490211486816406,1.3279390335083008,1.1693017482757568,0.8846448659896851,0.5861374735832214,0.37187686562538147,0.0,2.5880792140960693,2.3802835941314697,2.0497658252716064,1.9140114784240723,1.663273811340332,1.510758399963379,1.5053353309631348,1.388547420501709,1.7250773906707764,1.881684422492981,1.9977238178253174,1.9605889320373535,2.1466329097747803,2.329864025115967,2.357330322265625,2.117760419845581,1.8083792924880981,1.6157684326171875,1.6796910762786865,1.459346890449524,1.6718783378601074,1.4845480918884277,1.7629363536834717,1.8855617046356201,1.700223684310913,1.8650224208831787,1.823030710220337,1.5461385250091553,1.6545307636260986,1.3781169652938843,2.506436347961426,2.473686695098877,2.146510362625122,2.2597644329071045,1.9721050262451172,2.1300625801086426,1.9908075332641602,2.1584060192108154,2.4451537132263184,2.411363363265991,2.5943033695220947,2.4938805103302,2.3642003536224365,2.4476640224456787,2.185458183288574,2.803652286529541,2.4937260150909424,2.308438539505005,2.0470573902130127,1.7791593074798584,1.5583053827285767,1.2198594808578491,1.0617327690124512,0.8623464703559875,1.0441442728042603,1.4113941192626953,1.7231510877609253,1.7489418983459473,2.1122305393218994,2.178091049194336
B1,2.3811566829681396,2.4931602478027344,2.180975914001465,2.214125156402588,2.059502124786377,2.0805253982543945,2.188063144683838,2.192429542541504,2.5489587783813477,2.617539644241333,2.617936849594116,2.430809736251831,2.5779924392700195,2.610501527786255,2.5880792140960693,0.0,0.37792232632637024,0.6303278803825378,0.8660727739334106,1.1756465435028076,1.4557583332061768,1.7380363941192627,2.050050973892212,2.2016024589538574,1.8965002298355103,1.6273518800735474,1.2586455345153809,1.1510672569274902,0.8054475784301758,0.8348518013954163,0.8225402235984802,0.9866882562637329,1.0194306373596191,0.9256495237350464,1.2059621810913086,1.2440041303634644,1.616224765777588,1.7853035926818848,1.9452966451644897,1.765797734260559,1.4470093250274658,1.118484616279602,1.299027681350708,1.1405503749847412,1.3500896692276,3.4745891094207764,3.1741626262664795,2.9616777896881104,2.7391138076782227,2.4357082843780518,2.2346136569976807,1.8801426887512207,1.6947177648544312,1.5668237209320068,1.792179822921753,2.172677516937256,2.458913564682007,2.4562439918518066,2.813386917114258,2.8133115768432617,3.4578001499176025,3.1907527446746826,2.883943557739258,2.9445862770080566,2.6211910247802734,2.715843439102173,2.495408058166504,2.5884170532226562,2.825366497039795,2.8622376918792725,3.1338303089141846,3.1276004314422607,3.0161941051483154,3.164951801300049,2.933682441711426
B2,2.2897584438323975,2.3485536575317383,2.0110621452331543,2.036379098892212,1.8338017463684082,1.8577303886413574,1.9188408851623535,1.930274486541748,2.294172763824463,2.3675317764282227,2.408576726913452,2.242981195449829,2.364438533782959,2.427107810974121,2.3802835941314697,0.37792232632637024,0.0,0.357056587934494,0.5465717315673828,0.8441798686981201,1.133274793624878,1.3887914419174194,1.712589144706726,1.8522512912750244,1.5371602773666382,1.2903250455856323,0.9320597052574158,0.7840534448623657,0.4469108283519745,0.49362912774086,0.8353428244590759,0.9702401161193848,0.8648149967193604,0.7931638360023499,0.989136278629303,1.043140172958374,1.4080201387405396,1.5812276601791382,1.8017221689224243,1.6540305614471436,1.3970141410827637,1.069185733795166,1.2443333864212036,1.1352168321609497,1.2774947881698608,3.103121280670166,2.7988643646240234,2.5929558277130127,2.371427536010742,2.0732452869415283,1.8828315734863281,1.5250359773635864,1.3682003021240234,1.2401313781738281,1.4356485605239868,1.8189870119094849,2.096388339996338,2.081301212310791,2.4368176460266113,2.4374477863311768,3.1262640953063965,2.870783805847168,2.551978588104248,2.6053919792175293,2.2803330421447754,2.372103214263916,2.1691737174987793,2.2669808864593506,2.527747392654419,2.5616376399993896,2.817817211151123,2.7967591285705566,2.70322847366333,2.850270986557007,2.633405923843384
B3,1.9951339960098267,2.028958797454834,1.6882824897766113,1.6900691986083984,1.4832754135131836,1.5019989013671875,1.5772536993026733,1.6067665815353394,1.9734946489334106,2.0262959003448486,2.0559113025665283,1.8863259553909302,2.0102367401123047,2.081716537475586,2.0497658252716064,0.6303278803825378,0.357056587934494,0.0,0.3783290386199951,0.5763155817985535,0.9070248603820801,1.1578779220581055,1.485533595085144,1.683169960975647,1.4027595520019531,1.2148445844650269,0.8598228693008423,0.7480579614639282,0.5465419292449951,0.5112467408180237,0.8399065136909485,0.8327232599258423,0.6346244215965271,0.489645391702652,0.6340001821517944,0.7083438634872437,1.0677950382232666,1.2759042978286743,1.506361484527588,1.3432801961898804,1.1209944486618042,0.7926158905029297,0.9459233283996582,0.8961406946182251,1.0192888975143433,2.8937571048736572,2.615077495574951,2.375368118286133,2.1750714778900146,1.8518016338348389,1.6802173852920532,1.3197394609451294,1.1822859048843384,1.1520382165908813,1.342137336730957,1.7230818271636963,1.9543062448501587,1.939839482307434,2.28229022026062,2.257756233215332,2.904235363006592,2.6257965564727783,2.3149361610412598,2.3434598445892334,2.010392189025879,2.092322587966919,1.866128921508789,1.9715797901153564,2.2128100395202637,2.236614942550659,2.503718376159668,2.5017104148864746,2.3994200229644775,2.566645860671997,2.3604049682617188
B4,1.9296778440475464,1.9377329349517822,1.5836628675460815,1.64352548122406,1.4146883487701416,1.5078462362289429,1.551255226135254,1.647084355354309,2.018976926803589,2.034946918487549,2.0860631465911865,1.9016177654266357,1.9568595886230469,2.0117831230163574,1.9140114784240723,0.8660727739334106,0.5465717315673828,0.3783290386199951,0.0,0.3628675639629364,0.5920536518096924,0.8836880326271057,1.184209942817688,1.3527100086212158,1.0776770114898682,0.8571231961250305,0.49301862716674805,0.4910779893398285,0.4492993652820587,0.6157591938972473,0.7834383249282837,0.8154855966567993,0.5330079793930054,0.6117381453514099,0.6820610165596008,0.8873394131660461,1.1873785257339478,1.4366756677627563,1.7135955095291138,1.5516377687454224,1.387243628501892,1.0592982769012451,1.1114485263824463,1.0187523365020752,1.006033182144165,2.6996805667877197,2.414022445678711,2.1933977603912354,2.0273141860961914,1.71420419216156,1.6065391302108765,1.2428109645843506,1.2099711894989014,1.1817896366119385,1.2683943510055542,1.6403743028640747,1.8435497283935547,1.761681079864502,2.084211826324463,2.021155834197998,2.8615381717681885,2.603116750717163,2.2717185020446777,2.257265329360962,1.909245252609253,1.9359780550003052,1.7096883058547974,1.7610080242156982,2.0230178833007812,2.095125198364258,2.366729974746704,2.380307197570801,2.3329806327819824,2.525578260421753,2.3656888008117676
B5,1.8117326498031616,1.753732681274414,1.389223575592041,1.4077357053756714,1.1315122842788696,1.2123662233352661,1.2133287191390991,1.3267227411270142,1.695238471031189,1.7030316591262817,1.7827401161193848,1.6258106231689453,1.664141297340393,1.7601739168167114,1.663273811340332,1.1756465435028076,0.8441798686981201,0.5763155817985535,0.3628675639629364,0.0,0.3722425103187561,0.5855281352996826,0.9137946963310242,1.1365463733673096,0.8981705904006958,0.8081629872322083,0.5567854046821594,0.5477280020713806,0.6817994117736816,0.7269287109375,1.0747535228729248,1.0026801824569702,0.6435816287994385,0.6691509485244751,0.528901219367981,0.7353761792182922,0.9506152272224426,1.20424222946167,1.5161471366882324,1.3873642683029175,1.3132752180099487,1.0491554737091064,1.077017068862915,1.0856820344924927,1.0224943161010742,2.383258581161499,2.117985248565674,1.87161123752594,1.7215607166290283,1.3923770189285278,1.3115736246109009,0.9574286341667175,0.9828202128410339,1.0510811805725098,1.0971037149429321,1.4430712461471558,1.5910340547561646,1.5089643001556396,1.815101981163025,1.7372839450836182,2.5422592163085938,2.275865316390991,1.9473296403884888,1.9107893705368042,1.5582736730575562,1.579596757888794,1.3504754304885864,1.4235191345214844,1.6924688816070557,1.743530511856079,2.0071170330047607,2.0188286304473877,1.9737728834152222,2.176009178161621,2.033668041229248
B6,1.7366489171981812,1.6491782665252686,1.2900660037994385,1.3771653175354004,1.1045292615890503,1.277130365371704,1.2584811449050903,1.4525867700576782,1.800891637802124,1.7530754804611206,1.8372271060943604,1.6608296632766724,1.6167598962783813,1.6815896034240723,1.510758399963379,1.4557583332061768,1.133274793624878,0.9070248603820801,0.5920536518096924,0.3722425103187561,0.0,0.3644803762435913,0.60130375623703,0.8260591626167297,0.6551040410995483,0.5917820930480957,0.4725371301174164,0.653372049331665,0.9027623534202576,1.041094183921814,1.1684507131576538,1.1019097566604614,0.7474687099456787,0.9133148193359375,0.7684629559516907,1.0407123565673828,1.1782608032226562,1.4553427696228027,1.7731952667236328,1.63638436794281,1.6012850999832153,1.3427516222000122,1.288619041442871,1.2603791952133179,1.088027000427246,2.2412993907928467,1.9858392477035522,1.7544617652893066,1.6685374975204468,1.3586946725845337,1.376980185508728,1.0612865686416626,1.200941562652588,1.2841435670852661,1.2281979322433472,1.5277079343795776,1.6164426803588867,1.4548120498657227,1.7116550207138062,1.5675312280654907,2.572309732437134,2.3254599571228027,1.9909064769744873,1.892877459526062,1.5337717533111572,1.4692778587341309,1.2310255765914917,1.214463710784912,1.491304874420166,1.6100608110427856,1.8836861848831177,1.931289792060852,1.9522013664245605,2.1893508434295654,2.108717441558838
B7,1.8964643478393555,1.7388737201690674,1.3898694515228271,1.4250224828720093,1.1027098894119263,1.2371832132339478,1.1181724071502686,1.3060017824172974,1.6255059242248535,1.591528296470642,1.7421367168426514,1.6296465396881104,1.556851863861084,1.6832208633422852,1.5053353309631348,1.7380363941192627,1.3887914419174194,1.1578779220581055,0.8836880326271057,0.5855281352996826,0.3644803762435913,0.0,0.3650611340999603,0.5993609428405762,0.47463515400886536,0.6398925185203552,0.7019741535186768,0.784883439540863,1.1005429029464722,1.1750074625015259,1.5293371677398682,1.4522444009780884,1.0884675979614258,1.193145990371704,0.959828794002533,1.154064416885376,1.2050929069519043,1.4271833896636963,1.7733081579208374,1.7015165090560913,1.7407594919204712,1.542851209640503,1.5096831321716309,1.5494433641433716,1.3803755044937134,1.8773468732833862,1.6249699592590332,1.3905525207519531,1.317996621131897,1.0180094242095947,1.0906223058700562,0.8261750340461731,1.060833215713501,1.1899369955062866,1.0554500818252563,1.2904330492019653,1.3160368204116821,1.1333881616592407,1.3659974336624146,1.2135835886001587,2.2479124069213867,2.0205774307250977,1.6818008422851562,1.5661770105361938,1.2134596109390259,1.1387372016906738,0.9469032287597656,0.9565899968147278,1.2835592031478882,1.3733782768249512,1.6026172637939453,1.616227626800537,1.6648162603378296,1.8917287588119507,1.8393938541412354
B8,1.8711628913879395,1.6776682138442993,1.3622008562088013,1.4446353912353516,1.15234375,1.351919174194336,1.2266230583190918,1.476941704750061,1.7538726329803467,1.6614741086959839,1.806554913520813,1.684971809387207,1.533177137374878,1.630108118057251,1.388547420501709,2.050050973892212,1.712589144706726,1.485533595085144,1.184209942817688,0.9137946963310242,0.60130375623703,0.3650611340999603,0.0,0.3758966028690338,0.513096809387207,0.7528202533721924,0.9243364334106445,1.088139295578003,1.419394850730896,1.5304149389266968,1.7306407690048218,1.6421434879302979,1.300335168838501,1.4592421054840088,1.2296123504638672,1.4568055868148804,1.457698941230774,1.6916897296905518,2.02411150932312,1.9438283443450928,2.0127627849578857,1.8245469331741333,1.7363193035125732,1.7610489130020142,1.5298563241958618,1.7587296962738037,1.541940689086914,1.323020577430725,1.3481773138046265,1.0948903560638428,1.2748583555221558,1.0881117582321167,1.374271035194397,1.519232988357544,1.3357380628585815,1.5060040950775146,1.4574905633926392,1.2112696170806885,1.3520231246948242,1.1104261875152588,2.303842067718506,2.0976266860961914,1.773992657661438,1.588818907737732,1.2543439865112305,1.0704759359359741,0.8813885450363159,0.7583353519439697,1.0798794031143188,1.2473434209823608,1.4766050577163696,1.5396226644515991,1.661720871925354,1.922791600227356,1.9411629438400269
B9,2.2097861766815186,2.0232491493225098,1.71816086769104,1.817663311958313,1.5272537469863892,1.7137274742126465,1.556378722190857,1.7736150026321411,2.037402391433716,1.972726583480835,2.150604009628296,2.0511085987091064,1.889751672744751,1.9871963262557983,1.7250773906707764,2.2016024589538574,1.8522512912750244,1.683169960975647,1.3527100086212158,1.1365463733673096,0.8260591626167297,0.5993609428405762,0.3758966028690338,0.0,0.36912304162979126,0.6723052859306335,0.9774543046951294,1.1334595680236816,1.4950048923492432,1.644925832748413,1.9026196002960205,1.8794888257980347,1.5504074096679688,1.7357017993927002,1.538073182106018,1.7530701160430908,1.7831671237945557,1.9903626441955566,2.3391194343566895,2.27970290184021,2.3340742588043213,2.128343105316162,2.0648300647735596,2.062042236328125,1.8365530967712402,1.6734648942947388,1.4208853244781494,1.2894091606140137,1.323738932609558,1.1512997150421143,1.3547948598861694,1.2049540281295776,1.5146359205245972,1.593425989151001,1.3444064855575562,1.46744704246521,1.4157437086105347,1.1064822673797607,1.2110286951065063,0.961228609085083,2.3575942516326904,2.206416606903076,1.8734396696090698,1.7002251148223877,1.4010837078094482,1.2170708179473877,1.126536250114441,0.9938945770263672,1.3278170824050903,1.500783085823059,1.6689412593841553,1.6886422634124756,1.855751872062683,2.081693649291992,2.117626667022705
B10,2.2782180309295654,2.1301958560943604,1.7931442260742188,1.871379017829895,1.5612961053848267,1.7065396308898926,1.5581800937652588,1.7211445569992065,2.0209836959838867,2.008359432220459,2.190187931060791,2.0919620990753174,1.9912638664245605,2.1038544178009033,1.881684422492981,1.8965002298355103,1.5371602773666382,1.4027595520019531,1.0776770114898682,0.8981705904006958,0.6551040410995483,0.47463515400886536,0.513096809387207,0.36912304162979126,0.0,0.3841401934623718,0.6883544325828552,0.7849735617637634,1.152867317199707,1.307523488998413,1.6931878328323364,1.7116271257400513,1.3777761459350586,1.5399378538131714,1.3719106912612915,1.5621474981307983,1.6533962488174438,1.8464921712875366,2.20528507232666,2.1508026123046875,2.163968801498413,1.936883807182312,1.9239637851715088,1.9115275144577026,1.7372905015945435,1.8283193111419678,1.5277153253555298,1.3969017267227173,1.3296314477920532,1.1276451349258423,1.2316491603851318,1.0161120891571045,1.2780985832214355,1.2958287000656128,1.0651220083236694,1.2491114139556885,1.2887940406799316,1.0192948579788208,1.2286006212234497,1.0796979665756226,2.3682010173797607,2.2080767154693604,1.8556454181671143,1.7516230344772339,1.4376990795135498,1.3463236093521118,1.2525229454040527,1.2114040851593018,1.5631698369979858,1.6857908964157104,1.8600237369537354,1.83607816696167,1.9448415040969849,2.13700270652771,2.1092615127563477
B11,2.2557132244110107,2.1704678535461426,1.8262969255447388,1.9447537660598755,1.6658735275268555,1.8317221403121948,1.7476720809936523,1.9077036380767822,2.2398433685302734,2.2273614406585693,2.3659908771514893,2.2220380306243896,2.1476433277130127,2.2164061069488525,1.9977238178253174,1.6273518800735474,1.2903250455856323,1.2148445844650269,0.8571231961250305,0.8081629872322083,0.5917820930480957,0.6398925185203552,0.7528202533721924,0.6723052859306335,0.3841401934623718,0.0,0.3815648555755615,0.5779646039009094,0.9102861881256104,1.1562787294387817,1.3904343843460083,1.4728202819824219,1.1795248985290527,1.388590931892395,1.3123552799224854,1.5379287004470825,1.7068837881088257,1.931402564048767,2.2748472690582275,2.176666021347046,2.121041774749756,1.8417527675628662,1.8319225311279297,1.7535117864608765,1.593959093093872,2.2096095085144043,1.900371789932251,1.7737113237380981,1.6789437532424927,1.4585981369018555,1.497947096824646,1.2211424112319946,1.4000303745269775,1.3525620698928833,1.191717505455017,1.448130488395691,1.5680677890777588,1.3338651657104492,1.578566074371338,1.4564188718795776,2.6994974613189697,2.524078369140625,2.1679153442382812,2.0896339416503906,1.7620257139205933,1.6907011270523071,1.5523971319198608,1.502803921699524,1.8291338682174683,1.9720797538757324,2.1846609115600586,2.181022882461548,2.2619166374206543,2.4585282802581787,2.397230625152588
B12,2.0973448753356934,2.0612995624542236,1.7078007459640503,1.8187220096588135,1.5619953870773315,1.7120455503463745,1.687440276145935,1.8283771276474,2.1857357025146484,2.181807518005371,2.2793614864349365,2.1078546047210693,2.084198474884033,2.136986494064331,1.9605889320373535,1.2586455345153809,0.9320597052574158,0.8598228693008423,0.49301862716674805,0.5567854046821594,0.4725371301174164,0.7019741535186768,0.9243364334106445,0.9774543046951294,0.6883544325828552,0.3815648555755615,0.0,0.3638343811035156,0.6072090268135071,0.8851854205131531,1.0405141115188599,1.1339222192764282,0.8523587584495544,1.053259015083313,1.0432612895965576,1.2777957916259766,1.5066372156143188,1.7502825260162354,2.069507360458374,1.9381177425384521,1.83059823513031,1.5227060317993164,1.528735637664795,1.4244884252548218,1.3086766004562378,2.4687178134918213,2.1653575897216797,1.9965393543243408,1.8666431903839111,1.5987300872802734,1.5690373182296753,1.2374850511550903,1.3260900974273682,1.270376205444336,1.2155110836029053,1.5414952039718628,1.71263587474823,1.5439804792404175,1.8327420949935913,1.7372406721115112,2.8217248916625977,2.6085634231567383,2.2573516368865967,2.206763744354248,1.8624306917190552,1.8312623500823975,1.6446173191070557,1.6319420337677002,1.932543396949768,2.05483341217041,2.302452564239502,2.3111610412597656,2.3377232551574707,2.5371880531311035,2.4314651489257812
B13,2.3078129291534424,2.2598416805267334,1.8963587284088135,1.9433919191360474,1.6560670137405396,1.7294081449508667,1.6685291528701782,1.7348613739013672,2.091059446334839,2.1477432250976562,2.2796778678894043,2.1549649238586426,2.1771016120910645,2.2805323600769043,2.1466329097747803,1.1510672569274902,0.7840534448623657,0.7480579614639282,0.4910779893398285,0.5477280020713806,0.653372049331665,0.784883439540863,1.088139295578003,1.1334595680236816,0.7849735617637634,0.5779646039009094,0.3638343811035156,0.0,0.3698609173297882,0.5817877054214478,1.187902808189392,1.2865170240402222,0.9982255101203918,1.0797553062438965,1.0467385053634644,1.1791938543319702,1.428736925125122,1.6090022325515747,1.937814474105835,1.8555302619934082,1.7471059560775757,1.4652783870697021,1.5545141696929932,1.503106713294983,1.4655941724777222,2.424478530883789,2.101708173751831,1.9389784336090088,1.7463529109954834,1.4855073690414429,1.3798596858978271,1.03888738155365,1.0630666017532349,0.942866325378418,0.9267134070396423,1.2800884246826172,1.508955955505371,1.401435375213623,1.734201192855835,1.7119961977005005,2.6547234058380127,2.4492292404174805,2.097520351409912,2.1054580211639404,1.778618335723877,1.8206579685211182,1.6746973991394043,1.7380362749099731,2.0604772567749023,2.1221866607666016,2.336331844329834,2.290713310241699,2.280564546585083,2.433880567550659,2.2864038944244385
