,A1,A2,A3,A4,A5,A6,A7,A8,A9,A10,A11,A12,A13,A14,A15,B1,B2,B3,B4,B5,B6,B7,B8,B9,B10,B11,B12,B13,B14,B15,C1,C2,C3,C4,C5,C6,C7,C8,C9,C10,C11,C12,C13,C14,C15,D1,D2,D3,D4,D5,D6,D7,D8,D9,D10,D11,D12,D13,D14,D15,E1,E2,E3,E4,E5,E6,E7,E8,E9,E10,E11,E12,E13,E14,E15
A1,0.0,0.39534705877304077,0.6378186941146851,0.9136617183685303,1.1987559795379639,1.5390249490737915,1.6339514255523682,1.7822288274765015,1.6821448802947998,1.4715286493301392,1.4681538343429565,1.1295448541641235,1.3096903562545776,1.1263054609298706,1.4066133499145508,1.572242021560669,1.4918004274368286,1.6415481567382812,1.4571641683578491,1.7540720701217651,1.6964552402496338,1.5687390565872192,1.3879565000534058,1.006397008895874,0.9181019067764282,0.5750879645347595,0.6769067049026489,0.669984757900238,0.9149468541145325,1.1702219247817993,2.084784984588623,1.7330436706542969,1.8340694904327393,1.6174780130386353,1.7723912000656128,1.8350366353988647,1.9415541887283325,2.2477290630340576,2.149381637573242,2.166318893432617,2.1942691802978516,1.9823647737503052,2.226989507675171,2.0918781757354736,2.4432120323181152,2.663578987121582,2.595318555831909,2.210299015045166,2.2501509189605713,1.9558027982711792,1.9519290924072266,1.9822227954864502,2.3243870735168457,2.6259286403656006,2.707101345062256,3.049419641494751,3.0379250049591064,3.400759220123291,3.477295398712158,3.8274495601654053,3.3850457668304443,3.084393262863159,2.8877205848693848,2.5119857788085938,2.3637373447418213,1.992681622505188,1.866679072380066,1.6397604942321777,1.8024673461914062,2.0192227363586426,2.233046770095825,2.577955961227417,2.8005542755126953,3.166170358657837,3.4078054428100586
A2,0.39534705877304077,0.0,0.3893570899963379,0.6001410484313965,0.9111658334732056,1.245564579963684,1.393783688545227,1.495690941810608,1.4100744724273682,1.1485702991485596,1.1645785570144653,0.8340049982070923,1.0401017665863037,0.9466893076896667,1.232279896736145,1.388312816619873,1.3491004705429077,1.4402610063552856,1.284522533416748,1.5670688152313232,1.5070689916610718,1.3200792074203491,1.202332615852356,0.8238694667816162,0.8505514860153198,0.6449044942855835,0.7737579345703125,0.9283961057662964,1.1256933212280273,1.4479855298995972,2.1817150115966797,1.840510606765747,1.9210991859436035,1.646250605583191,1.8018815517425537,1.7880656719207764,1.8579058647155762,2.1933279037475586,2.154740571975708,2.1311185359954834,2.207510471343994,1.9760892391204834,2.2481696605682373,2.1189637184143066,2.4688873291015625,2.6386733055114746,2.5693933963775635,2.1831398010253906,2.1774215698242188,1.893201470375061,1.8255263566970825,1.7868863344192505,2.122417449951172,2.4167468547821045,2.5464932918548584,2.8889105319976807,2.9187676906585693,3.2867400646209717,3.3939223289489746,3.755683422088623,3.2079343795776367,2.8971383571624756,2.670337677001953,2.306811571121216,2.114250659942627,1.746016025543213,1.6778461933135986,1.4808242321014404,1.712310791015625,1.8870022296905518,2.1441335678100586,2.460578680038452,2.700808525085449,3.0566563606262207,3.298349142074585
A3,0.6378186941146851,0.3893570899963379,0.0,0.3817759156227112,0.5780014991760254,0.9511469602584839,1.1319156885147095,1.2994810342788696,1.3136297464370728,1.0832765102386475,1.226804256439209,0.9874246120452881,1.2699542045593262,1.270464539527893,1.560685634613037,1.5784478187561035,1.4850351810455322,1.4818384647369385,1.2551785707473755,1.4634748697280884,1.309190034866333,1.0756428241729736,0.9038698077201843,0.5172133445739746,0.6858449578285217,0.6138505339622498,0.8961915373802185,1.1156409978866577,1.3911705017089844,1.7136750221252441,2.2055001258850098,1.8440407514572144,1.843381404876709,1.5240603685379028,1.6102070808410645,1.5414570569992065,1.6523445844650269,2.0103981494903564,2.025616407394409,2.037893772125244,2.1749212741851807,1.9951121807098389,2.311352252960205,2.2467288970947266,2.6166915893554688,2.278437376022339,2.221473455429077,1.8423491716384888,1.842133641242981,1.5866508483886719,1.5367833375930786,1.4729504585266113,1.8265154361724854,2.092909574508667,2.2210609912872314,2.5495011806488037,2.569608449935913,2.9367308616638184,3.035907030105591,3.403550386428833,2.842296838760376,2.5235726833343506,2.3117287158966064,1.941307783126831,1.7668251991271973,1.4107067584991455,1.3586403131484985,1.1256349086761475,1.3536262512207031,1.5045160055160522,1.7639415264129639,2.0753681659698486,2.3160855770111084,2.6702191829681396,2.9120640754699707
A4,0.9136617183685303,0.6001410484313965,0.3817759156227112,0.0,0.372689425945282,0.648881196975708,0.8187634944915771,0.9310731291770935,0.9445847868919373,0.7157666087150574,0.9189391136169434,0.7755021452903748,1.1130857467651367,1.227387547492981,1.5400679111480713,1.3602302074432373,1.257285237312317,1.1796269416809082,0.9650064706802368,1.1423218250274658,1.004804015159607,0.7471582293510437,0.6850894689559937,0.3954960107803345,0.6183463335037231,0.7293908596038818,0.9314456582069397,1.2436013221740723,1.4734302759170532,1.835764765739441,2.1002659797668457,1.7684791088104248,1.7621139287948608,1.4135314226150513,1.525140404701233,1.4008426666259766,1.4400599002838135,1.8043111562728882,1.8618513345718384,1.824761152267456,1.9948002099990845,1.804291844367981,2.135392904281616,2.089540481567383,2.452252149581909,2.3003835678100586,2.200730562210083,1.8227152824401855,1.7430760860443115,1.4769978523254395,1.3354160785675049,1.2299314737319946,1.5548375844955444,1.8414816856384277,2.004462957382202,2.345743179321289,2.4165613651275635,2.7846953868865967,2.930058002471924,3.2952022552490234,2.666428565979004,2.363945484161377,2.1071619987487793,1.760276436805725,1.5391751527786255,1.165363073348999,1.13036048412323,0.9920830130577087,1.3039404153823853,1.4514145851135254,1.769936203956604,2.0344157218933105,2.316134214401245,2.6385412216186523,2.9050941467285156
A5,1.1987559795379639,0.9111658334732056,0.5780014991760254,0.372689425945282,0.0,0.3975461721420288,0.6779761910438538,0.860880434513092,1.02611243724823,0.8524860739707947,1.1543209552764893,1.0951288938522339,1.4280184507369995,1.5766493082046509,1.8666043281555176,1.6680952310562134,1.5488299131393433,1.398293375968933,1.1529016494750977,1.223086953163147,0.9778848886489868,0.6430967450141907,0.5464167594909668,0.40113452076911926,0.7690802812576294,0.9649558067321777,1.2342758178710938,1.5445454120635986,1.8121393918991089,2.1632511615753174,2.283146858215332,1.9467989206314087,1.8671197891235352,1.4920458793640137,1.5194592475891113,1.3213305473327637,1.4003347158432007,1.7782905101776123,1.9032717943191528,1.9000474214553833,2.127419948577881,1.989524483680725,2.346231460571289,2.350789785385132,2.718254804611206,2.0287156105041504,1.9520492553710938,1.5960583686828613,1.514430046081543,1.3056944608688354,1.1734663248062134,0.9972628951072693,1.3375771045684814,1.5727163553237915,1.7525638341903687,2.0697646141052246,2.1395342350006104,2.5048635005950928,2.6449239253997803,3.0186707973480225,2.3431293964385986,2.024137496948242,1.7781500816345215,1.4266406297683716,1.2099064588546753,0.8600056767463684,0.8973700404167175,0.7283045649528503,1.0551890134811401,1.1341408491134644,1.463383674621582,1.7035876512527466,1.9839684963226318,2.299340009689331,2.559152364730835
A6,1.5390249490737915,1.245564579963684,0.9511469602584839,0.648881196975708,0.3975461721420288,0.0,0.38701358437538147,0.5331089496612549,0.8145685195922852,0.7458733320236206,1.1195918321609497,1.1945061683654785,1.5359994173049927,1.761457920074463,2.0560779571533203,1.6796143054962158,1.5402565002441406,1.2994519472122192,1.0674991607666016,1.024688720703125,0.7512648701667786,0.37441784143447876,0.48302334547042847,0.6248448491096497,0.9289690256118774,1.222219705581665,1.4367226362228394,1.7856546640396118,2.0274553298950195,2.3918819427490234,2.2665951251983643,1.9688318967819214,1.859758734703064,1.473770260810852,1.4912471771240234,1.2235416173934937,1.2316452264785767,1.598506212234497,1.790092945098877,1.7541351318359375,2.0287744998931885,1.91359281539917,2.28041934967041,2.32671856880188,2.6797773838043213,2.0193092823028564,1.8994150161743164,1.5689181089401245,1.3979160785675049,1.2108827829360962,0.9781959652900696,0.7192220687866211,1.008684515953064,1.2475037574768066,1.4718831777572632,1.792422890663147,1.9201515913009644,2.2789714336395264,2.4679253101348877,2.8339810371398926,2.0883681774139404,1.7941997051239014,1.499722957611084,1.1867341995239258,0.9166937470436096,0.5537877082824707,0.6537789702415466,0.6600468158721924,1.043154239654541,1.0961432456970215,1.4690908193588257,1.6332067251205444,1.9515281915664673,2.2161149978637695,2.5005109310150146
A7,1.6339514255523682,1.393783688545227,1.1319156885147095,0.8187634944915771,0.6779761910438538,0.38701358437538147,0.0,0.37904709577560425,0.6571274995803833,0.770469069480896,1.1340019702911377,1.2625117301940918,1.6263593435287476,1.8571406602859497,2.188448190689087,1.6194044351577759,1.406412124633789,1.1305261850357056,0.8481691479682922,0.7150695323944092,0.3801615834236145,0.10069599747657776,0.36028146743774414,0.680950939655304,0.8450266122817993,1.2056167125701904,1.367782473564148,1.7317105531692505,1.9649076461791992,2.3207008838653564,1.9599055051803589,1.6889989376068115,1.5570205450057983,1.1765474081039429,1.2042847871780396,0.9231358170509338,0.8653554916381836,1.223151445388794,1.4306021928787231,1.3854639530181885,1.681760311126709,1.6008968353271484,1.9757176637649536,2.069694995880127,2.4209091663360596,1.9788635969161987,1.7890592813491821,1.455832839012146,1.2210911512374878,0.9881324768066406,0.6793330311775208,0.49576279520988464,0.7536377310752869,1.0771265029907227,1.2553330659866333,1.6112523078918457,1.7493996620178223,2.106633424758911,2.3219857215881348,2.668480634689331,1.9996775388717651,1.7584960460662842,1.4535061120986938,1.1625301837921143,0.9371896982192993,0.5565909147262573,0.4484512209892273,0.620795726776123,0.988388180732727,1.1324259042739868,1.5106784105300903,1.6568677425384521,2.007329225540161,2.240330219268799,2.5636446475982666
A8,1.7822288274765015,1.495690941810608,1.2994810342788696,0.9310731291770935,0.860880434513092,0.5331089496612549,0.37904709577560425,0.0,0.3933549225330353,0.5564993619918823,0.9153798818588257,1.1447255611419678,1.4717416763305664,1.7646414041519165,2.071442127227783,1.435987949371338,1.2740938663482666,0.945035457611084,0.7849647402763367,0.6294195055961609,0.5021384358406067,0.33864644169807434,0.7127362489700317,0.9413028359413147,1.081478476524353,1.4115254878997803,1.4984837770462036,1.875559687614441,2.0434954166412354,2.4180548191070557,2.0554757118225098,1.8314599990844727,1.7558214664459229,1.3978345394134521,1.4916317462921143,1.2294045686721802,1.0743224620819092,1.3866777420043945,1.5946495532989502,1.4615118503570557,1.7431297302246094,1.6101396083831787,1.959854245185852,2.024610996246338,2.3437414169311523,2.3309123516082764,2.1373045444488525,1.8197076320648193,1.5584298372268677,1.3366916179656982,0.9838353395462036,0.7751278281211853,0.90122389793396,1.213531732559204,1.4502922296524048,1.7934541702270508,1.9921576976776123,2.3326141834259033,2.5860087871551514,2.9217722415924072,2.1779236793518066,1.9550400972366333,1.607210636138916,1.3773645162582397,1.086405634880066,0.7670758366584778,0.773033082485199,0.9877309203147888,1.3599753379821777,1.4681766033172607,1.8515406847000122,1.9654189348220825,2.3156380653381348,2.52732253074646,2.8432998657226562
A9,1.6821448802947998,1.4100744724273682,1.3136297464370728,0.9445847868919373,1.02611243724823,0.8145685195922852,0.6571274995803833,0.3933549225330353,0.0,0.37665173411369324,0.6160485744476318,0.8937100768089294,1.2012988328933716,1.5025684833526611,1.8190948963165283,1.0623328685760498,0.8991004824638367,0.5574363470077515,0.4925018846988678,0.4458918571472168,0.5877199769020081,0.5794784426689148,0.8997012972831726,1.0274931192398071,1.0581799745559692,1.3395414352416992,1.3233555555343628,1.6964830160140991,1.7971978187561035,2.174893379211426,1.8532556295394897,1.6605126857757568,1.6674352884292603,1.3472288846969604,1.5359312295913696,1.3530548810958862,1.144342303276062,1.4217950105667114,1.5506983995437622,1.3517045974731445,1.567685842514038,1.3628178834915161,1.6824160814285278,1.6988604068756104,2.0035481452941895,2.6254143714904785,2.4141502380371094,2.074537515640259,1.8239850997924805,1.5502721071243286,1.2081475257873535,1.0964369773864746,1.2128478288650513,1.55746591091156,1.7595711946487427,2.1167194843292236,2.308032274246216,2.64667010307312,2.9014434814453125,3.2260868549346924,2.5391151905059814,2.3314828872680664,1.986189365386963,1.755372166633606,1.4773494005203247,1.1445437669754028,1.0816876888275146,1.2620139122009277,1.6239032745361328,1.7865957021713257,2.164283037185669,2.3106088638305664,2.661027193069458,2.886143207550049,3.2075717449188232
A10,1.4715286493301392,1.1485702991485596,1.0832765102386475,0.7157666087150574,0.8524860739707947,0.7458733320236206,0.770469069480896,0.5564993619918823,0.37665173411369324,0.0,0.38697150349617004,0.608595609664917,0.9166883826255798,1.2257462739944458,1.5197274684906006,0.9764841198921204,0.919175386428833,0.6877175569534302,0.6681783199310303,0.778498113155365,0.8423914313316345,0.6752403378486633,0.9374609589576721,0.9348503351211548,1.031923532485962,1.2423795461654663,1.2506150007247925,1.609982967376709,1.7073071002960205,2.097029447555542,2.064080238342285,1.8330316543579102,1.8682512044906616,1.536233901977539,1.7221275568008423,1.5524570941925049,1.4138715267181396,1.7273417711257935,1.8303263187408447,1.6603957414627075,1.845023512840271,1.6057426929473877,1.9119740724563599,1.8640998601913452,2.173187017440796,2.699821949005127,2.534433126449585,2.179687976837158,1.9781240224838257,1.7088916301727295,1.4115253686904907,1.2582439184188843,1.4442771673202515,1.7607461214065552,1.9859753847122192,2.335649251937866,2.5083765983581543,2.8590662479400635,3.0886523723602295,3.4329001903533936,2.706495523452759,2.456094980239868,2.1204147338867188,1.8588777780532837,1.5588966608047485,1.2145342826843262,1.2175849676132202,1.304001808166504,1.6801121234893799,1.813185691833496,2.1848104000091553,2.362022876739502,2.6895413398742676,2.948000431060791,3.2425169944763184
A11,1.4681538343429565,1.1645785570144653,1.226804256439209,0.9189391136169434,1.1543209552764893,1.1195918321609497,1.1340019702911377,0.9153798818588257,0.6160485744476318,0.38697150349617004,0.0,0.38699066638946533,0.5998111367225647,0.944126546382904,1.2242066860198975,0.6269562244415283,0.6904195547103882,0.5762914419174194,0.7365575432777405,0.9513395428657532,1.1327433586120605,1.036001205444336,1.263827919960022,1.1917048692703247,1.2093887329101562,1.3327713012695312,1.2380927801132202,1.5602232217788696,1.5662802457809448,1.951799750328064,2.060856580734253,1.8634752035140991,1.9772778749465942,1.6912825107574463,1.9366183280944824,1.8239312171936035,1.6619675159454346,1.942805290222168,1.9863084554672241,1.7762856483459473,1.8902692794799805,1.5890451669692993,1.8382326364517212,1.7151514291763306,1.9907984733581543,3.0456840991973877,2.8753464221954346,2.5094871520996094,2.318026065826416,2.0248289108276367,1.7373684644699097,1.6239614486694336,1.798019289970398,2.127483606338501,2.3422749042510986,2.6979246139526367,2.870854377746582,3.2202820777893066,3.451810359954834,3.790512800216675,3.085435152053833,2.841247081756592,2.5030906200408936,2.244597911834717,1.9449429512023926,1.6005377769470215,1.5813190937042236,1.6536588668823242,2.017636775970459,2.1736462116241455,2.538172483444214,2.733464479446411,3.057248115539551,3.3251349925994873,3.6182358264923096
A12,1.1295448541641235,0.8340049982070923,0.9874246120452881,0.7755021452903748,1.0951288938522339,1.1945061683654785,1.2625117301940918,1.1447255611419678,0.8937100768089294,0.608595609664917,0.38699066638946533,0.0,0.37930595874786377,0.6206080913543701,0.9454761147499084,0.6613922715187073,0.7474382519721985,0.8011556267738342,0.8683050274848938,1.1641845703125,1.2903499603271484,1.162360429763794,1.286590576171875,1.0962207317352295,1.0938656330108643,1.1099008321762085,1.0102144479751587,1.2894927263259888,1.2948673963546753,1.6781210899353027,2.070319652557373,1.8318313360214233,1.9709774255752563,1.695460557937622,1.9429465532302856,1.8758102655410767,1.7769471406936646,2.0770604610443115,2.073406457901001,1.9085302352905273,1.9855353832244873,1.675894856452942,1.9167908430099487,1.7526429891586304,2.0481338500976562,3.033656120300293,2.890843629837036,2.5089547634124756,2.3725154399871826,2.066889524459839,1.8408174514770508,1.7550164461135864,1.9894599914550781,2.320085048675537,2.5114216804504395,2.8716773986816406,3.0022573471069336,3.3628172874450684,3.5585131645202637,3.9070663452148438,3.2459917068481445,2.9766736030578613,2.666350841522217,2.368352174758911,2.0916507244110107,1.7252192497253418,1.6874206066131592,1.673964023590088,2.0114457607269287,2.181756019592285,2.5215933322906494,2.7614364624023438,3.0632569789886475,3.364556074142456,3.6432008743286133
A13,1.3096903562545776,1.0401017665863037,1.2699542045593262,1.1130857467651367,1.4280184507369995,1.5359994173049927,1.6263593435287476,1.4717416763305664,1.2012988328933716,0.9166883826255798,0.5998111367225647,0.37930595874786377,0.0,0.3945341408252716,0.6246535778045654,0.6391333937644958,0.8948459029197693,1.0253139734268188,1.1880840063095093,1.4858243465423584,1.6515071392059326,1.5261732339859009,1.6627013683319092,1.4572200775146484,1.4510421752929688,1.4126683473587036,1.268860101699829,1.4806790351867676,1.3983793258666992,1.752562165260315,2.3092920780181885,2.101186752319336,2.2834060192108154,2.035515546798706,2.301894426345825,2.2494850158691406,2.1383795738220215,2.42313551902771,2.401719570159912,2.212982177734375,2.253441572189331,1.9131054878234863,2.1016483306884766,1.878284215927124,2.124845504760742,3.3990390300750732,3.2654519081115723,2.882997512817383,2.7510197162628174,2.446042060852051,2.2167296409606934,2.1211838722229004,2.3431174755096436,2.667750358581543,2.8736472129821777,3.230881452560425,3.372467279434204,3.7317116260528564,3.9321367740631104,4.281580924987793,3.596109628677368,3.323211431503296,3.005392551422119,2.716705799102783,2.424546957015991,2.0715081691741943,2.0572080612182617,2.0434515476226807,2.38145112991333,2.539402484893799,2.8754241466522217,3.1164567470550537,3.4101099967956543,3.715712785720825,3.983266830444336
A14,1.1263054609298706,0.9466893076896667,1.270464539527893,1.227387547492981,1.5766493082046509,1.761457920074463,1.8571406602859497,1.7646414041519165,1.5025684833526611,1.2257462739944458,0.944126546382904,0.6206080913543701,0.3945341408252716,0.0,0.3896127939224243,0.8325546979904175,1.0527907609939575,1.2784550189971924,1.3903837203979492,1.7276712656021118,1.8749018907546997,1.7586889266967773,1.8233226537704468,1.5522879362106323,1.5019160509109497,1.3614165782928467,1.1883476972579956,1.3044097423553467,1.177864670753479,1.4936087131500244,2.328638792037964,2.1064321994781494,2.3207476139068604,2.1062331199645996,2.378795623779297,2.377668619155884,2.305952310562134,2.5875027179718018,2.5170061588287354,2.3596103191375732,2.355515956878662,2.012420892715454,2.173759698867798,1.913312554359436,2.1591107845306396,3.49212384223938,3.373887300491333,2.98291277885437,2.8941385746002197,2.577796220779419,2.3985188007354736,2.340665102005005,2.595062732696533,2.9264321327209473,3.1044695377349854,3.4665184020996094,3.573183298110962,3.9376349449157715,4.109780311584473,4.460795879364014,3.833641767501831,3.5501503944396973,3.2554965019226074,2.9407119750976562,2.674070358276367,2.306436538696289,2.2619502544403076,2.194962739944458,2.4980311393737793,2.6769444942474365,2.985825538635254,3.2613847255706787,3.5368826389312744,3.8653531074523926,4.124298572540283
A15,1.4066133499145508,1.232279896736145,1.560685634613037,1.5400679111480713,1.8666043281555176,2.0560779571533203,2.188448190689087,2.071442127227783,1.8190948963165283,1.5197274684906006,1.2242066860198975,0.9454761147499084,0.6246535778045654,0.3896127939224243,0.0,1.1019641160964966,1.3872103691101074,1.6064826250076294,1.7556195259094238,2.0805881023406982,2.230804204940796,2.0901272296905518,2.1678905487060547,1.8900309801101685,1.8719570636749268,1.7179908752441406,1.5610781908035278,1.6391570568084717,1.4836162328720093,1.7522096633911133,2.693535804748535,2.483854293823242,2.707732677459717,2.495722770690918,2.764981985092163,2.755598306655884,2.683868885040283,2.968353509902954,2.9035120010375977,2.736670732498169,2.726855516433716,2.374152898788452,2.512014389038086,2.226076602935791,2.4344637393951416,3.8177623748779297,3.7184786796569824,3.3301491737365723,3.2479898929595947,2.9416496753692627,2.758702039718628,2.674964666366577,2.9266679286956787,3.244448184967041,3.4429879188537598,3.798539638519287,3.9144537448883057,4.279181480407715,4.452200889587402,4.808927536010742,4.142396926879883,3.848024368286133,3.5495808124542236,3.241257667541504,2.959212064743042,2.607424259185791,2.5981040000915527,2.5254650115966797,2.83327054977417,2.9865190982818604,3.2906250953674316,3.5637238025665283,3.826371431350708,4.1595587730407715,4.400928497314453
B1,1.572242021560669,1.388312816619873,1.5784478187561035,1.3602302074432373,1.6680952310562134,1.6796143054962158,1.6194044351577759,1.435987949371338,1.0623328685760498,0.9764841198921204,0.6269562244415283,0.6613922715187073,0.6391333937644958,0.8325546979904175,1.1019641160964966,0.0,0.38657161593437195,0.6195687055587769,0.910627543926239,1.2025787830352783,1.498630404472351,1.523549199104309,1.6991015672683716,1.591081142425537,1.466262698173523,1.4922704696655273,1.2342830896377563,1.463847279548645,1.313228726387024,1.6531926393508911,1.8597543239593506,1.740151047706604,1.9698128700256348,1.786426305770874,2.110074996948242,2.0977344512939453,1.9044337272644043,2.1122236251831055,2.0498106479644775,1.7984265089035034,1.7840608358383179,1.4145265817642212,1.546400785446167,1.3103607892990112,1.5242078304290771,3.4662041664123535,3.266601800918579,2.889561176300049,2.7071962356567383,2.3749961853027344,2.1123571395874023,2.0904414653778076,2.2466235160827637,2.608353853225708,2.774899482727051,3.1445980072021484,3.3016300201416016,3.645636558532715,3.8753206729888916,4.1948041915893555,3.586250066757202,3.3673202991485596,3.035560369491577,2.774592876434326,2.5022225379943848,2.142066478729248,2.045726776123047,2.1146578788757324,2.442831039428711,2.6594290733337402,3.0099613666534424,3.2310307025909424,3.5593221187591553,3.8332738876342773,4.142094612121582
B2,1.4918004274368286,1.3491004705429077,1.4850351810455322,1.257285237312317,1.5488299131393433,1.5402565002441406,1.406412124633789,1.2740938663482666,0.8991004824638367,0.919175386428833,0.6904195547103882,0.7474382519721985,0.8948459029197693,1.0527907609939575,1.3872103691101074,0.38657161593437195,0.0,0.385334312915802,0.6014360785484314,0.9097577333450317,1.2210588455200195,1.3181257247924805,1.4669348001480103,1.39923095703125,1.2148706912994385,1.2841166257858276,1.013984203338623,1.2775458097457886,1.1793744564056396,1.5248796939849854,1.4967645406723022,1.3713815212249756,1.590862512588501,1.4180560111999512,1.752880334854126,1.7623302936553955,1.5596563816070557,1.7488105297088623,1.6671652793884277,1.4217877388000488,1.4069677591323853,1.044938325881958,1.2190450429916382,1.038341999053955,1.317878007888794,3.194676637649536,2.9716293811798096,2.598346471786499,2.4095804691314697,2.066676378250122,1.8144944906234741,1.845206618309021,1.9956609010696411,2.372990369796753,2.5010476112365723,2.876126527786255,3.015434503555298,3.355233669281006,3.57958722114563,3.8880059719085693,3.3472023010253906,3.1466662883758545,2.8284127712249756,2.5638623237609863,2.324371576309204,1.955389380455017,1.801046371459961,1.883297324180603,2.1876914501190186,2.437255382537842,2.7812933921813965,3.001751184463501,3.338254690170288,3.6027462482452393,3.9278762340545654
B3,1.6415481567382812,1.4402610063552856,1.4818384647369385,1.1796269416809082,1.398293375968933,1.2994519472122192,1.1305261850357056,0.945035457611084,0.5574363470077515,0.6877175569534302,0.5762914419174194,0.8011556267738342,1.0253139734268188,1.2784550189971924,1.6064826250076294,0.6195687055587769,0.385334312915802,0.0,0.39014172554016113,0.5957390069961548,0.9371123909950256,1.047884225845337,1.2691413164138794,1.2939801216125488,1.1722962856292725,1.3493540287017822,1.1706078052520752,1.4965966939926147,1.4813597202301025,1.8403575420379639,1.5687546730041504,1.4390228986740112,1.5741204023361206,1.3471189737319946,1.6432853937149048,1.5803520679473877,1.339691400527954,1.5414811372756958,1.54141104221344,1.2775429487228394,1.358765959739685,1.048674464225769,1.2916226387023926,1.219168782234192,1.500658392906189,3.0074615478515625,2.7744638919830322,2.4169440269470215,2.1877996921539307,1.866377830505371,1.5643508434295654,1.5582847595214844,1.6704334020614624,2.0407803058624268,2.1911773681640625,2.5598928928375244,2.729402780532837,3.0631682872772217,3.3108434677124023,3.6181373596191406,3.0272889137268066,2.838653802871704,2.5047690868377686,2.266540765762329,2.014417886734009,1.6656715869903564,1.5321145057678223,1.673759937286377,2.0006399154663086,2.2249152660369873,2.5862646102905273,2.769409418106079,3.1183102130889893,3.357837200164795,3.688469409942627
B4,1.4571641683578491,1.284522533416748,1.2551785707473755,0.9650064706802368,1.1529016494750977,1.0674991607666016,0.8481691479682922,0.7849647402763367,0.4925018846988678,0.6681783199310303,0.7365575432777405,0.8683050274848938,1.1880840063095093,1.3903837203979492,1.7556195259094238,0.910627543926239,0.6014360785484314,0.39014172554016113,0.0,0.3675299882888794,0.6222943663597107,0.7729678153991699,0.9288353323936462,0.9791401624679565,0.827528178691864,1.0629172325134277,0.9492495059967041,1.3063324689865112,1.389046311378479,1.7478364706039429,1.4007521867752075,1.1994818449020386,1.2694237232208252,0.9951050877571106,1.2701598405838013,1.2050975561141968,0.9998741149902344,1.2450644969940186,1.2519586086273193,1.0543134212493896,1.188904047012329,0.9437906742095947,1.2687896490097046,1.2724664211273193,1.6144685745239258,2.6364524364471436,2.401721239089966,2.0391745567321777,1.824471354484558,1.4922815561294556,1.2170120477676392,1.2535784244537354,1.407768726348877,1.7892321348190308,1.9043879508972168,2.2809252738952637,2.4147350788116455,2.7565252780914307,2.9810445308685303,3.29294490814209,2.754056692123413,2.5593440532684326,2.2507152557373047,1.9852921962738037,1.7708604335784912,1.4029884338378906,1.2135523557662964,1.3320789337158203,1.6365762948989868,1.8864058256149292,2.236534833908081,2.433380365371704,2.780409336090088,3.0264663696289062,3.3620471954345703
B5,1.7540720701217651,1.5670688152313232,1.4634748697280884,1.1423218250274658,1.223086953163147,1.024688720703125,0.7150695323944092,0.6294195055961609,0.4458918571472168,0.778498113155365,0.9513395428657532,1.1641845703125,1.4858243465423584,1.7276712656021118,2.0805881023406982,1.2025787830352783,0.9097577333450317,0.5957390069961548,0.3675299882888794,0.0,0.4032928943634033,0.6712286472320557,0.8943691253662109,1.08637273311615,0.9931061267852783,1.3053925037384033,1.2558166980743408,1.615402102470398,1.7292506694793701,2.0749125480651855,1.4658007621765137,1.299498438835144,1.2804607152938843,0.9913660287857056,1.2038816213607788,1.0638339519500732,0.7878373861312866,1.015099287033081,1.1196054220199585,0.9061458110809326,1.1407078504562378,0.9869756102561951,1.33418607711792,1.4314913749694824,1.7523502111434937,2.5065436363220215,2.2461845874786377,1.91292405128479,1.6437526941299438,1.3408576250076294,1.0060173273086548,1.0352208614349365,1.1119602918624878,1.4943472146987915,1.610314130783081,1.9812363386154175,2.1459217071533203,2.4742984771728516,2.727360963821411,3.0274593830108643,2.472208023071289,2.3087515830993652,1.988731861114502,1.7629787921905518,1.5571821928024292,1.226297378540039,1.0280386209487915,1.2425097227096558,1.5434690713882446,1.7745915651321411,2.1324715614318848,2.2793610095977783,2.641413927078247,2.849060535430908,3.197737693786621
B6,1.6964552402496338,1.5070689916610718,1.309190034866333,1.004804015159607,0.9778848886489868,0.7512648701667786,0.3801615834236145,0.5021384358406067,0.5877199769020081,0.8423914313316345,1.1327433586120605,1.2903499603271484,1.6515071392059326,1.8749018907546997,2.230804204940796,1.498630404472351,1.2210588455200195,0.9371123909950256,0.6222943663597107,0.4032928943634033,0.0,0.3786715567111969,0.5522434711456299,0.847159743309021,0.8381098508834839,1.2080415487289429,1.2810516357421875,1.6443536281585693,1.8438297510147095,2.1862196922302246,1.623226284980774,1.390342354774475,1.27018141746521,0.9147621989250183,1.0097863674163818,0.7773297429084778,0.5900617241859436,0.9197354912757874,1.1032458543777466,1.015397071838379,1.313369631767273,1.2442502975463867,1.6199017763137817,1.7473427057266235,2.092726945877075,2.117295026779175,1.8711035251617432,1.5378400087356567,1.2708256244659424,0.9832007884979248,0.6392481923103333,0.6472150683403015,0.7956154346466064,1.1779255867004395,1.288406491279602,1.6644467115402222,1.803785800933838,2.1479716300964355,2.380861759185791,2.699615240097046,2.132824182510376,1.946051836013794,1.6448760032653809,1.3883415460586548,1.209091067314148,0.8654835224151611,0.6284986138343811,0.8515567779541016,1.1526751518249512,1.3738256692886353,1.7322216033935547,1.8767709732055664,2.2381935119628906,2.4504551887512207,2.7973687648773193
B7,1.5687390565872192,1.3200792074203491,1.0756428241729736,0.7471582293510437,0.6430967450141907,0.37441784143447876,0.10069599747657776,0.33864644169807434,0.5794784426689148,0.6752403378486633,1.036001205444336,1.162360429763794,1.5261732339859009,1.7586889266967773,2.0901272296905518,1.523549199104309,1.3181257247924805,1.047884225845337,0.7729678153991699,0.6712286472320557,0.3786715567111969,0.0,0.37433624267578125,0.6452022194862366,0.8020962476730347,1.1537724733352661,1.3012248277664185,1.6691503524780273,1.8911420106887817,2.2522037029266357,1.935410737991333,1.6640452146530151,1.5552198886871338,1.1762553453445435,1.2326536178588867,0.9736844301223755,0.9039921164512634,1.2616827487945557,1.4483305215835571,1.3868651390075684,1.6679383516311646,1.564666509628296,1.9354974031448364,2.012404441833496,2.3631045818328857,2.059892416000366,1.8735934495925903,1.5328943729400635,1.3081111907958984,1.0617989301681519,0.7598534226417542,0.5960671901702881,0.8459746837615967,1.1728250980377197,1.3535027503967285,1.7104741334915161,1.849151849746704,2.206454277038574,2.4208450317382812,2.7670912742614746,2.098782539367676,1.8552690744400024,1.5480594635009766,1.2570804357528687,1.021856665611267,0.6399044990539551,0.5454497933387756,0.6861653327941895,1.0574077367782593,1.207910418510437,1.584934949874878,1.7426252365112305,2.089242696762085,2.3297247886657715,2.6493000984191895
B8,1.3879565000534058,1.202332615852356,0.9038698077201843,0.6850894689559937,0.5464167594909668,0.48302334547042847,0.36028146743774414,0.7127362489700317,0.8997012972831726,0.9374609589576721,1.263827919960022,1.286590576171875,1.6627013683319092,1.8233226537704468,2.1678905487060547,1.6991015672683716,1.4669348001480103,1.2691413164138794,0.9288353323936462,0.8943691253662109,0.5522434711456299,0.37433624267578125,0.0,0.39647817611694336,0.5786978602409363,0.9331626892089844,1.167341709136963,1.503244161605835,1.7892109155654907,2.123823881149292,1.8842931985855103,1.562848448753357,1.415236473083496,1.0283986330032349,1.0205504894256592,0.7863998413085938,0.8624351620674133,1.2406585216522217,1.388015866279602,1.417614459991455,1.6819417476654053,1.6158447265625,1.993838906288147,2.0792551040649414,2.454328775405884,1.7862675189971924,1.6176707744598389,1.249621033668518,1.0944039821624756,0.8258638978004456,0.6548706889152527,0.5953837037086487,0.941475510597229,1.2409963607788086,1.3467861413955688,1.6984660625457764,1.758927583694458,2.1263346672058105,2.2868242263793945,2.6412465572357178,2.072471857070923,1.8100457191467285,1.5640844106674194,1.2186272144317627,1.0700535774230957,0.6838851571083069,0.4847052991390228,0.4178009331226349,0.7576137185096741,0.970431923866272,1.3225269317626953,1.5403584241867065,1.8718153238296509,2.147243022918701,2.4643335342407227
B9,1.006397008895874,0.8238694667816162,0.5172133445739746,0.3954960107803345,0.40113452076911926,0.6248448491096497,0.680950939655304,0.9413028359413147,1.0274931192398071,0.9348503351211548,1.1917048692703247,1.0962207317352295,1.4572200775146484,1.5522879362106323,1.8900309801101685,1.591081142425537,1.39923095703125,1.2939801216125488,0.9791401624679565,1.08637273311615,0.847159743309021,0.6452022194862366,0.39647817611694336,0.0,0.38191261887550354,0.6232244372367859,0.9146754145622253,1.2244806289672852,1.5259089469909668,1.8596563339233398,1.9310715198516846,1.5770316123962402,1.497279167175293,1.134712815284729,1.1800683736801147,1.050942301750183,1.1589316129684448,1.5274578332901,1.592972993850708,1.6223922967910767,1.8195877075195312,1.6992863416671753,2.0551223754882812,2.074301242828369,2.4564507007598877,1.9490166902542114,1.8298685550689697,1.4446735382080078,1.379137635231018,1.1042447090148926,1.0209311246871948,0.9832900762557983,1.335889220237732,1.6219093799591064,1.7270574569702148,2.068835973739624,2.099407196044922,2.467754602432251,2.5929694175720215,2.953016519546509,2.4096484184265137,2.120656728744507,1.896532654762268,1.531375527381897,1.3775765895843506,0.9980699419975281,0.8675217628479004,0.6739166378974915,0.9460152387619019,1.1526867151260376,1.461751103401184,1.7412402629852295,2.032771110534668,2.3524880409240723,2.6394689083099365
B10,0.9181019067764282,0.8505514860153198,0.6858449578285217,0.6183463335037231,0.7690802812576294,0.9289690256118774,0.8450266122817993,1.081478476524353,1.0581799745559692,1.031923532485962,1.2093887329101562,1.0938656330108643,1.4510421752929688,1.5019160509109497,1.8719570636749268,1.466262698173523,1.2148706912994385,1.1722962856292725,0.827528178691864,0.9931061267852783,0.8381098508834839,0.8020962476730347,0.5786978602409363,0.38191261887550354,0.0,0.3830309212207794,0.6071516871452332,0.9262138605117798,1.2317004203796387,1.5520813465118408,1.5761269330978394,1.2129091024398804,1.1716246604919434,0.8397229313850403,0.9651577472686768,0.9485470056533813,1.0331772565841675,1.3638644218444824,1.3434034585952759,1.3771069049835205,1.51899254322052,1.3936545848846436,1.7357772588729858,1.754103660583496,2.1435344219207764,2.0762569904327393,1.911820411682129,1.5173763036727905,1.4493281841278076,1.1174615621566772,1.0542199611663818,1.1395624876022339,1.4564827680587769,1.7849315404891968,1.8369756937026978,2.196009635925293,2.210538625717163,2.5724196434020996,2.697007894515991,3.035993814468384,2.598480701446533,2.3448855876922607,2.1259448528289795,1.7717363834381104,1.646500825881958,1.2609375715255737,1.0325881242752075,0.8953897953033447,1.1017757654190063,1.3897552490234375,1.6745281219482422,1.9636361598968506,2.2614433765411377,2.571638584136963,2.8782951831817627
B11,0.5750879645347595,0.6449044942855835,0.6138505339622498,0.7293908596038818,0.9649558067321777,1.222219705581665,1.2056167125701904,1.4115254878997803,1.3395414352416992,1.2423795461654663,1.3327713012695312,1.1099008321762085,1.4126683473587036,1.3614165782928467,1.7179908752441406,1.4922704696655273,1.2841166257858276,1.3493540287017822,1.0629172325134277,1.3053925037384033,1.2080415487289429,1.1537724733352661,0.9331626892089844,0.6232244372367859,0.3830309212207794,0.0,0.3935942053794861,0.6155025959014893,0.9627461433410645,1.2602533102035522,1.652383804321289,1.2775870561599731,1.3111547231674194,1.056871771812439,1.204819679260254,1.269111156463623,1.3771843910217285,1.67857825756073,1.5917623043060303,1.6342747211456299,1.7026585340499878,1.5447502136230469,1.8400524854660034,1.795008897781372,2.1782500743865967,2.2751095294952393,2.146028757095337,1.7525559663772583,1.7487461566925049,1.427154541015625,1.4194668531417847,1.5090993642807007,1.8359421491622925,2.1553878784179688,2.200291156768799,2.5519051551818848,2.5402379035949707,2.89994215965271,2.994508743286133,3.3327229022979736,2.9354522228240967,2.6679317951202393,2.4682514667510986,2.101132392883301,1.9814438819885254,1.6000897884368896,1.3968522548675537,1.2069097757339478,1.365088939666748,1.6435582637786865,1.8851053714752197,2.210329055786133,2.4744815826416016,2.8111066818237305,3.0952141284942627
B12,0.6769067049026489,0.7737579345703125,0.8961915373802185,0.9314456582069397,1.2342758178710938,1.4367226362228394,1.367782473564148,1.4984837770462036,1.3233555555343628,1.2506150007247925,1.2380927801132202,1.0102144479751587,1.268860101699829,1.1883476972579956,1.5610781908035278,1.2342830896377563,1.013984203338623,1.1706078052520752,0.9492495059967041,1.2558166980743408,1.2810516357421875,1.3012248277664185,1.167341709136963,0.9146754145622253,0.6071516871452332,0.3935942053794861,0.0,0.3780439794063568,0.6250016689300537,0.9625949859619141,1.427364468574524,1.091921091079712,1.2410370111465454,1.0561227798461914,1.3083630800247192,1.42345130443573,1.4471639394760132,1.7012287378311157,1.5533722639083862,1.5349026918411255,1.5277690887451172,1.3092783689498901,1.5567399263381958,1.4566446542739868,1.8285630941390991,2.608491897583008,2.444654941558838,2.052647113800049,2.009258508682251,1.661546230316162,1.604200839996338,1.7178974151611328,2.0038089752197266,2.3557865619659424,2.4018266201019287,2.768460750579834,2.7818422317504883,3.1369338035583496,3.256995439529419,3.5810816287994385,3.1953842639923096,2.9502432346343994,2.7244248390197754,2.375943422317505,2.2333526611328125,1.8406845331192017,1.6199232339859009,1.502002239227295,1.6853643655776978,1.9815105199813843,2.2409133911132812,2.5507423877716064,2.832021474838257,3.154388666152954,3.4529895782470703
B13,0.669984757900238,0.9283961057662964,1.1156409978866577,1.2436013221740723,1.5445454120635986,1.7856546640396118,1.7317105531692505,1.875559687614441,1.6964830160140991,1.609982967376709,1.5602232217788696,1.2894927263259888,1.4806790351867676,1.3044097423553467,1.6391570568084717,1.463847279548645,1.2775458097457886,1.4965966939926147,1.3063324689865112,1.615402102470398,1.6443536281585693,1.6691503524780273,1.503244161605835,1.2244806289672852,0.9262138605117798,0.6155025959014893,0.3780439794063568,0.0,0.4040246605873108,0.645693302154541,1.502298355102539,1.1811954975128174,1.3731986284255981,1.274692177772522,1.5124295949935913,1.6892257928848267,1.7460105419158936,1.967583417892456,1.7668347358703613,1.7798081636428833,1.710919976234436,1.5050565004348755,1.6909571886062622,1.5552014112472534,1.902767539024353,2.7857561111450195,2.6391236782073975,2.2550272941589355,2.2593488693237305,1.918925166130066,1.9154349565505981,2.0556447505950928,2.3485522270202637,2.69388484954834,2.7153232097625732,3.075061798095703,3.0572686195373535,3.406503438949585,3.4976069927215576,3.8136446475982666,3.497081995010376,3.250703811645508,3.0482609272003174,2.690338373184204,2.570016384124756,2.182147264480591,1.9529935121536255,1.800322413444519,1.934074878692627,2.23755145072937,2.457458734512329,2.7902164459228516,3.04654860496521,3.3818867206573486,3.668339729309082
