,A1,A2,A3,A4,A5,A6,A7,A8,A9,A10,A11,A12,A13,A14,A15,B1,B2,B3,B4,B5,B6,B7,B8,B9,B10,B11,B12,B13,B14,B15,C1,C2,C3,C4,C5,C6,C7,C8,C9,C10,C11,C12,C13,C14,C15,D1,D2,D3,D4,D5,D6,D7,D8,D9,D10,D11,D12,D13,D14,D15,E1,E2,E3,E4,E5,E6,E7,E8,E9,E10,E11,E12,E13,E14,E15
A1,0.0,0.37846994400024414,0.5907390117645264,0.8992851972579956,1.155592441558838,1.5204778909683228,1.7281043529510498,1.8858178853988647,1.8727970123291016,1.603169560432434,1.6674690246582031,1.35306978225708,1.5646628141403198,1.4197890758514404,1.6683281660079956,1.11326265335083,0.9458991289138794,1.0608165264129639,1.2421503067016602,1.3892840147018433,1.7353026866912842,2.017040491104126,2.2074124813079834,2.2902672290802,2.059643507003784,2.2182350158691406,1.965986728668213,2.2210230827331543,2.1646499633789062,2.395860195159912,1.652655839920044,1.5606685876846313,1.719788670539856,1.5768314599990845,1.8794387578964233,1.8429239988327026,1.7872344255447388,1.6313689947128296,1.2680609226226807,1.1047337055206299,0.7535998821258545,0.5999343395233154,0.4554031491279602,0.4668627679347992,0.7248282432556152,2.198456048965454,2.0499427318573,2.212418794631958,2.023790121078491,2.313427686691284,2.267742872238159,2.137950897216797,1.952960729598999,1.5686306953430176,1.506706714630127,1.185180902481079,1.1805492639541626,1.1170612573623657,1.1538645029067993,1.381819486618042,1.746594786643982,1.4387516975402832,1.470423936843872,1.4728847742080688,1.5179423093795776,1.8002285957336426,2.1001250743865967,2.277717351913452,2.250863552093506,2.2978320121765137,2.3915047645568848,2.2870395183563232,2.601457118988037,2.605635404586792,2.97945237159729
A2,0.37846994400024414,0.0,0.380015105009079,0.5969571471214294,0.8987533450126648,1.2536753416061401,1.4868040084838867,1.5892322063446045,1.5519883632659912,1.2528499364852905,1.3080824613571167,0.9995569586753845,1.2272428274154663,1.141039252281189,1.4063870906829834,1.1095595359802246,0.8799402713775635,1.0843470096588135,1.1944674253463745,1.4163225889205933,1.7247791290283203,1.9978817701339722,2.132439613342285,2.158695936203003,1.8858397006988525,1.989965558052063,1.7024002075195312,1.9169509410858154,1.8370914459228516,2.0457489490509033,1.2898027896881104,1.2353488206863403,1.3986440896987915,1.3136001825332642,1.6301006078720093,1.6513010263442993,1.5918092727661133,1.509511947631836,1.177320122718811,1.0513685941696167,0.7983002066612244,0.6167663335800171,0.6929687261581421,0.6734341979026794,1.0143167972564697,1.887826681137085,1.772732138633728,1.9723520278930664,1.8356142044067383,2.155041456222534,2.171438455581665,2.075739622116089,1.9447929859161377,1.5916577577590942,1.4800015687942505,1.183318853378296,1.066886305809021,1.0368839502334595,0.9774540662765503,1.2573740482330322,1.5182464122772217,1.2163357734680176,1.339195728302002,1.361493706703186,1.4988130331039429,1.7884899377822876,2.0395374298095703,2.202571392059326,2.117642402648926,2.135430335998535,2.1785624027252197,2.0411243438720703,2.329012393951416,2.2975986003875732,2.6694915294647217
A3,0.5907390117645264,0.380015105009079,0.0,0.3793393671512604,0.5686197876930237,0.946967363357544,1.2059223651885986,1.3655434846878052,1.4177030324935913,1.1505316495895386,1.3176888227462769,1.09654700756073,1.3896526098251343,1.398309588432312,1.6696451902389526,1.4102251529693604,1.1161619424819946,1.24885094165802,1.2562402486801147,1.4304285049438477,1.689181923866272,2.008211851119995,2.103438377380371,2.153524398803711,1.853660225868225,1.972806453704834,1.7103214263916016,1.9087245464324951,1.8768665790557861,2.042285442352295,1.3330448865890503,1.2839101552963257,1.3450919389724731,1.2287397384643555,1.4865986108779907,1.4596936702728271,1.3253101110458374,1.2301479578018188,0.8798937201499939,0.8613436818122864,0.6616948246955872,0.6707189679145813,0.8391938209533691,0.9686971306800842,1.2869620323181152,1.8682739734649658,1.8130475282669067,1.9848791360855103,1.8823680877685547,2.18400502204895,2.2068192958831787,2.063566207885742,1.983071208000183,1.6548309326171875,1.6099915504455566,1.3834284543991089,1.294080376625061,1.3519545793533325,1.3000372648239136,1.6084994077682495,1.7821135520935059,1.4651107788085938,1.6155134439468384,1.5747299194335938,1.7339009046554565,1.9797860383987427,2.23161244392395,2.435865879058838,2.354989767074585,2.3202991485595703,2.3577632904052734,2.1689505577087402,2.4441230297088623,2.3684487342834473,2.727147340774536
A4,0.8992851972579956,0.5969571471214294,0.3793393671512604,0.0,0.37246569991111755,0.667330801486969,0.9064981937408447,1.0078846216201782,1.0391827821731567,0.7800527811050415,0.9898744821548462,0.8442590236663818,1.191389560699463,1.291123867034912,1.5931854248046875,1.4349006414413452,1.097029685974121,1.2495313882827759,1.1655304431915283,1.38442063331604,1.5823166370391846,1.880805253982544,1.915032982826233,1.9162466526031494,1.5843509435653687,1.6607352495193481,1.3891627788543701,1.558099389076233,1.543053388595581,1.6904996633529663,1.0322507619857788,0.9723386764526367,0.9827467799186707,0.8947495222091675,1.147859811782837,1.1755763292312622,1.0585956573486328,1.0590522289276123,0.8011107444763184,0.8055515885353088,0.7807441353797913,0.7646143436431885,1.055826187133789,1.1762404441833496,1.5284550189971924,1.5122159719467163,1.4946250915527344,1.6730725765228271,1.621484398841858,1.9313738346099854,2.0063908100128174,1.8905165195465088,1.871039867401123,1.5941224098205566,1.5241485834121704,1.361720085144043,1.212738275527954,1.345385193824768,1.2667795419692993,1.6140940189361572,1.6399924755096436,1.3241487741470337,1.5273805856704712,1.4607638120651245,1.686625361442566,1.9057470560073853,2.1093881130218506,2.3164560794830322,2.2036523818969727,2.121680974960327,2.1279115676879883,1.8988652229309082,2.151559591293335,2.0451717376708984,2.393460273742676
A5,1.155592441558838,0.8987533450126648,0.5686197876930237,0.37246569991111755,0.0,0.3947128653526306,0.7291115522384644,0.8944351673126221,1.0595781803131104,0.8571631908416748,1.1626839637756348,1.1120270490646362,1.452665090560913,1.604906439781189,1.8785905838012695,1.8003616333007812,1.4538882970809937,1.56602144241333,1.4346661567687988,1.6003811359405518,1.7470085620880127,2.0731041431427,2.0690109729766846,2.0875751972198486,1.7406023740768433,1.8154959678649902,1.5755387544631958,1.7001621723175049,1.7173436880111694,1.798895001411438,1.2243496179580688,1.2100926637649536,1.1197912693023682,1.0372179746627808,1.1871150732040405,1.1666773557662964,0.9335178136825562,0.9475865960121155,0.7147672176361084,0.8887335062026978,0.9287598729133606,1.0436931848526,1.3234838247299194,1.4941446781158447,1.826323390007019,1.642418384552002,1.6975548267364502,1.8521617650985718,1.8447551727294922,2.129281520843506,2.213221549987793,2.061774730682373,2.0868520736694336,1.837876796722412,1.8185408115386963,1.6951943635940552,1.56809663772583,1.7174007892608643,1.630352258682251,1.971894383430481,1.973497748374939,1.6715517044067383,1.889264702796936,1.8032777309417725,2.031322479248047,2.2249765396118164,2.4257407188415527,2.650733709335327,2.5367774963378906,2.425626039505005,2.418274164199829,2.156761884689331,2.3816380500793457,2.2302005290985107,2.554624080657959
A6,1.5204778909683228,1.2536753416061401,0.946967363357544,0.667330801486969,0.3947128653526306,0.0,0.3991919159889221,0.5597952008247375,0.8322216272354126,0.757369875907898,1.1370596885681152,1.2153373956680298,1.5684148073196411,1.7905161380767822,2.0727081298828125,2.0279605388641357,1.662148356437683,1.7499887943267822,1.5402591228485107,1.6934385299682617,1.755972981452942,2.065218687057495,1.9908300638198853,1.984427809715271,1.6217727661132812,1.6659907102584839,1.4667165279388428,1.5421152114868164,1.6157864332199097,1.644971251487732,1.235967755317688,1.2107336521148682,1.0034775733947754,0.9351230263710022,0.9688330888748169,0.957680344581604,0.6757828593254089,0.8191388845443726,0.7638025879859924,0.9963886141777039,1.170306921005249,1.3026195764541626,1.6288033723831177,1.8170405626296997,2.155576229095459,1.4766510725021362,1.6029783487319946,1.7232234477996826,1.7788221836090088,2.034156560897827,2.155683755874634,2.0067062377929688,2.104273796081543,1.921599268913269,1.917954444885254,1.8695520162582397,1.7336300611495972,1.9414340257644653,1.8576334714889526,2.2144041061401367,2.104839324951172,1.8141450881958008,2.04951810836792,1.925852656364441,2.184365749359131,2.333054304122925,2.4950499534606934,2.7338593006134033,2.609344482421875,2.4456892013549805,2.418872356414795,2.1162707805633545,2.306696653366089,2.115851402282715,2.406130313873291
A7,1.7281043529510498,1.4868040084838867,1.2059223651885986,0.9064981937408447,0.7291115522384644,0.3991919159889221,0.0,0.3927898705005646,0.7238572239875793,0.8363093137741089,1.2215728759765625,1.3598822355270386,1.7334758043289185,1.964723825454712,2.2813007831573486,2.083270788192749,1.7039899826049805,1.730877161026001,1.4486507177352905,1.5623129606246948,1.5405113697052002,1.8313220739364624,1.7057359218597412,1.7056639194488525,1.3534598350524902,1.421427607536316,1.304045557975769,1.3985389471054077,1.5660587549209595,1.6062580347061157,1.3522825241088867,1.2346642017364502,0.9443220496177673,0.7882854342460632,0.6846663951873779,0.6113572716712952,0.3110714554786682,0.5883865356445312,0.734345555305481,0.9438700675964355,1.2337470054626465,1.3777257204055786,1.7370436191558838,1.959193229675293,2.2882559299468994,1.33937406539917,1.474489450454712,1.5140334367752075,1.5820882320404053,1.7848162651062012,1.9051899909973145,1.739748477935791,1.8941028118133545,1.7777488231658936,1.8123799562454224,1.8483538627624512,1.7476212978363037,2.022448778152466,1.9921241998672485,2.3651463985443115,2.184574604034424,1.8795346021652222,2.0816590785980225,1.8934917449951172,2.148007392883301,2.236081123352051,2.377687454223633,2.6478161811828613,2.549690008163452,2.3402090072631836,2.3372867107391357,2.01534366607666,2.207057476043701,2.0255181789398193,2.289536237716675
A8,1.8858178853988647,1.5892322063446045,1.3655434846878052,1.0078846216201782,0.8944351673126221,0.5597952008247375,0.3927898705005646,0.0,0.39565733075141907,0.5953790545463562,0.964735746383667,1.1971158981323242,1.5363829135894775,1.8226462602615356,2.120152473449707,2.1074166297912598,1.7456835508346558,1.8313946723937988,1.5529565811157227,1.7331629991531372,1.7043272256851196,1.9362907409667969,1.7725930213928223,1.6810728311538696,1.30697762966156,1.262177586555481,1.1058300733566284,1.103958010673523,1.2534328699111938,1.2423604726791382,1.105912685394287,1.0324172973632812,0.6961348652839661,0.7000121474266052,0.5867785811424255,0.7319061160087585,0.6107447147369385,0.9463508129119873,1.0832087993621826,1.2221754789352417,1.4922494888305664,1.5513889789581299,1.9232059717178345,2.0840847492218018,2.4357776641845703,1.0342813730239868,1.2409820556640625,1.3259207010269165,1.476578950881958,1.7029130458831787,1.8993706703186035,1.8122704029083252,1.9925562143325806,1.9043301343917847,1.8689775466918945,1.909830927848816,1.738990306854248,2.0078961849212646,1.9290167093276978,2.2911288738250732,2.0183756351470947,1.7604933977127075,2.0093326568603516,1.854844331741333,2.1571874618530273,2.251415729522705,2.335420608520508,2.565971612930298,2.4173290729522705,2.192307710647583,2.1324782371520996,1.7903187274932861,1.9306707382202148,1.7070577144622803,1.9538675546646118
A9,1.8727970123291016,1.5519883632659912,1.4177030324935913,1.0391827821731567,1.0595781803131104,0.8322216272354126,0.7238572239875793,0.39565733075141907,0.0,0.3897124230861664,0.6528739333152771,0.9408939480781555,1.2534046173095703,1.554044246673584,1.8561325073242188,1.9028151035308838,1.5692933797836304,1.6984713077545166,1.4374369382858276,1.6799392700195312,1.665911316871643,1.8374409675598145,1.6735039949417114,1.5066547393798828,1.1279792785644531,0.9962463974952698,0.7715323567390442,0.7309625744819641,0.8596653938293457,0.8870469927787781,0.8066647052764893,0.7006776928901672,0.3376719057559967,0.5126292705535889,0.5101433992385864,0.8257565498352051,0.8742846846580505,1.1848348379135132,1.2878836393356323,1.3207961320877075,1.564268946647644,1.526379942893982,1.8993312120437622,2.000080108642578,2.3594870567321777,0.6592252254486084,0.8718825578689575,1.0159448385238647,1.2026721239089966,1.4668021202087402,1.712681531906128,1.7048192024230957,1.8756812810897827,1.7999515533447266,1.692507266998291,1.7355321645736694,1.5124619007110596,1.7801059484481812,1.6849782466888428,2.03491473197937,1.6852983236312866,1.4580861330032349,1.724185585975647,1.5929697751998901,1.926325798034668,2.0253477096557617,2.0632436275482178,2.2576074600219727,2.076274871826172,1.848861575126648,1.758037805557251,1.4127705097198486,1.5415282249450684,1.3206132650375366,1.587284803390503
A10,1.603169560432434,1.2528499364852905,1.1505316495895386,0.7800527811050415,0.8571631908416748,0.757369875907898,0.8363093137741089,0.5953790545463562,0.3897124230861664,0.0,0.39565032720565796,0.6177558302879333,0.9415531754493713,1.240570068359375,1.5275260210037231,1.716409683227539,1.3978266716003418,1.5939576625823975,1.4091237783432007,1.691994309425354,1.7649953365325928,1.962355613708496,1.8660608530044556,1.7183663845062256,1.3436353206634521,1.235560655593872,0.922624409198761,0.9137151837348938,0.8845577836036682,0.9429910182952881,0.5225077271461487,0.5340560078620911,0.3731733560562134,0.6138027310371399,0.7973768711090088,1.0578467845916748,1.0450199842453003,1.2837036848068237,1.2644375562667847,1.2846519947052002,1.436610221862793,1.358876347541809,1.7034600973129272,1.7580251693725586,2.127837896347046,0.8473325371742249,0.9782730340957642,1.2162280082702637,1.340617299079895,1.659865379333496,1.879465103149414,1.8742700815200806,1.9741557836532593,1.8241127729415894,1.6775981187820435,1.6295424699783325,1.365435242652893,1.5643173456192017,1.412308931350708,1.7532597780227661,1.4752955436706543,1.252894401550293,1.5585037469863892,1.4990657567977905,1.8350214958190918,2.0012717247009277,2.069096326828003,2.231384754180908,2.028151035308838,1.8632755279541016,1.7594505548477173,1.453183889389038,1.602526068687439,1.3995475769042969,1.7113707065582275
A11,1.6674690246582031,1.3080824613571167,1.3176888227462769,0.9898744821548462,1.1626839637756348,1.1370596885681152,1.2215728759765625,0.964735746383667,0.6528739333152771,0.39565032720565796,0.0,0.38501468300819397,0.6082152724266052,0.9437057375907898,1.2149696350097656,1.5890929698944092,1.3333793878555298,1.5932198762893677,1.4662166833877563,1.7982540130615234,1.8990142345428467,2.039323568344116,1.9614213705062866,1.7587008476257324,1.412740707397461,1.2388887405395508,0.8675763010978699,0.8130868673324585,0.6280053853988647,0.7445586919784546,0.15596488118171692,0.3243747651576996,0.4447690546512604,0.7877063751220703,1.0342113971710205,1.3427784442901611,1.4014114141464233,1.6233842372894287,1.580230474472046,1.5306769609451294,1.6333730220794678,1.4661338329315186,1.7774018049240112,1.7488166093826294,2.1145882606506348,0.7626926302909851,0.8325589299201965,1.1594164371490479,1.289505124092102,1.6384525299072266,1.8875234127044678,1.9573984146118164,2.027906656265259,1.878469705581665,1.6551201343536377,1.5792107582092285,1.2492467164993286,1.397617220878601,1.1922351121902466,1.496410846710205,1.1379079818725586,0.9859543442726135,1.3349484205245972,1.3513598442077637,1.7112605571746826,1.9024235010147095,1.923097848892212,2.020960569381714,1.767240047454834,1.6330113410949707,1.477212905883789,1.2000019550323486,1.3251551389694214,1.137360692024231,1.4749517440795898
A12,1.35306978225708,0.9995569586753845,1.09654700756073,0.8442590236663818,1.1120270490646362,1.2153373956680298,1.3598822355270386,1.1971158981323242,0.9408939480781555,0.6177558302879333,0.38501468300819397,0.0,0.39396408200263977,0.6257399916648865,0.9438358545303345,1.2839916944503784,1.056525468826294,1.3655574321746826,1.3247469663619995,1.6734353303909302,1.8482165336608887,2.0031862258911133,1.9972116947174072,1.8364405632019043,1.5153182744979858,1.4121880531311035,1.0340311527252197,1.092666506767273,0.8952381014823914,1.0865020751953125,0.31887373328208923,0.3971763551235199,0.690793514251709,0.8977990746498108,1.224780559539795,1.472969889640808,1.5236729383468628,1.6672106981277466,1.5388418436050415,1.438731074333191,1.4528759717941284,1.2294448614120483,1.4921495914459229,1.4119373559951782,1.7737843990325928,1.0603306293487549,1.0060280561447144,1.3278883695602417,1.3543953895568848,1.7229264974594116,1.9137333631515503,1.97034752368927,1.966891884803772,1.7540922164916992,1.5075792074203491,1.347819447517395,1.0024985074996948,1.0769762992858887,0.839661180973053,1.1519052982330322,0.9248114228248596,0.7308879494667053,1.0834369659423828,1.1595635414123535,1.4929081201553345,1.74032461643219,1.8074653148651123,1.8916586637496948,1.6553635597229004,1.593895435333252,1.4816454648971558,1.2758299112319946,1.4658708572387695,1.3621575832366943,1.725867748260498
A13,1.5646628141403198,1.2272428274154663,1.3896526098251343,1.191389560699463,1.452665090560913,1.5684148073196411,1.7334758043289185,1.5363829135894775,1.2534046173095703,0.9415531754493713,0.6082152724266052,0.39396408200263977,0.0,0.3887432813644409,0.6073375344276428,1.388373613357544,1.2594435214996338,1.6097497940063477,1.627064824104309,1.9895236492156982,2.1790802478790283,2.2970080375671387,2.2997941970825195,2.1040701866149902,1.8089181184768677,1.6570775508880615,1.2720144987106323,1.2652827501296997,0.9636712670326233,1.128434658050537,0.4624471664428711,0.6766369938850403,1.0016047954559326,1.2599353790283203,1.5754823684692383,1.849844217300415,1.909341812133789,2.060884714126587,1.922969937324524,1.8149646520614624,1.7927380800247192,1.534703016281128,1.7421337366104126,1.582838773727417,1.920115351676941,1.2420789003372192,1.179225206375122,1.5377583503723145,1.5812100172042847,1.9499878883361816,2.160846471786499,2.2676076889038086,2.2461516857147217,2.0364959239959717,1.743891954421997,1.5536521673202515,1.1750354766845703,1.1423755884170532,0.8129516839981079,1.01427161693573,0.7443855404853821,0.7257534861564636,1.1082760095596313,1.2979413270950317,1.6229512691497803,1.8949966430664062,1.9179521799087524,1.9207707643508911,1.6295887231826782,1.6244962215423584,1.4496716260910034,1.3058393001556396,1.4361915588378906,1.3447039127349854,1.6948649883270264
A14,1.4197890758514404,1.141039252281189,1.398309588432312,1.291123867034912,1.604906439781189,1.7905161380767822,1.964723825454712,1.8226462602615356,1.554044246673584,1.240570068359375,0.9437057375907898,0.6257399916648865,0.3887432813644409,0.0,0.38955941796302795,1.1404764652252197,1.1043246984481812,1.4802474975585938,1.588370680809021,1.948107361793518,2.188661813735962,2.294698476791382,2.3574910163879395,2.1907799243927,1.9352136850357056,1.8330494165420532,1.4640302658081055,1.5325675010681152,1.252976417541504,1.47319757938385,0.816890299320221,0.9110625982284546,1.2734572887420654,1.4517731666564941,1.8012491464614868,2.0374910831451416,2.112159013748169,2.207051992416382,2.022508382797241,1.862674355506897,1.771812081336975,1.4628909826278687,1.5942505598068237,1.3619842529296875,1.6637133359909058,1.523114562034607,1.377336025238037,1.7104912996292114,1.6737538576126099,2.038130044937134,2.197216272354126,2.3062267303466797,2.2202939987182617,1.9737085103988647,1.6586129665374756,1.403598427772522,1.0352554321289062,0.8818406462669373,0.504855751991272,0.6355580687522888,0.568536102771759,0.5769549012184143,0.8997939229011536,1.1740267276763916,1.4424395561218262,1.7560310363769531,1.805357813835144,1.7751775979995728,1.5074251890182495,1.5859041213989258,1.4614696502685547,1.404525876045227,1.5836710929870605,1.577870488166809,1.9343559741973877
A15,1.6683281660079956,1.4063870906829834,1.6696451902389526,1.5931854248046875,1.8785905838012695,2.0727081298828125,2.2813007831573486,2.120152473449707,1.8561325073242188,1.5275260210037231,1.2149696350097656,0.9438358545303345,0.6073375344276428,0.38955941796302795,0.0,1.442165493965149,1.4601569175720215,1.83914315700531,1.971267580986023,2.327601194381714,2.576284408569336,2.677581787109375,2.741126775741577,2.5614471435546875,2.3082895278930664,2.179231882095337,1.8060325384140015,1.8232840299606323,1.498129963874817,1.6638736724853516,1.067479133605957,1.2482143640518188,1.5970503091812134,1.814037799835205,2.1523096561431885,2.400693655014038,2.453920364379883,2.557483673095703,2.3592309951782227,2.2209126949310303,2.1058847904205322,1.8044792413711548,1.896450400352478,1.6273709535598755,1.8960254192352295,1.811616063117981,1.695801854133606,2.0452375411987305,2.0329651832580566,2.3941006660461426,2.565657615661621,2.689788579940796,2.5991687774658203,2.349876642227173,2.0275890827178955,1.7565772533416748,1.3984522819519043,1.18587064743042,0.801783561706543,0.7539586424827576,0.7710310816764832,0.9202073216438293,1.204405426979065,1.5231343507766724,1.7660605907440186,2.0877573490142822,2.1167004108428955,2.0329747200012207,1.738935947418213,1.8567790985107422,1.690718173980713,1.6708234548568726,1.790291666984558,1.7727327346801758,2.099991798400879
B1,1.11326265335083,1.1095595359802246,1.4102251529693604,1.4349006414413452,1.8003616333007812,2.0279605388641357,2.083270788192749,2.1074166297912598,1.9028151035308838,1.716409683227539,1.5890929698944092,1.2839916944503784,1.388373613357544,1.1404764652252197,1.442165493965149,0.0,0.3828098177909851,0.5858168005943298,0.907667338848114,1.1683682203292847,1.4889695644378662,1.5520482063293457,1.776098370552063,1.757811188697815,1.6487876176834106,1.7636756896972656,1.5498024225234985,1.8530938625335693,1.7863593101501465,2.128692388534546,1.563843846321106,1.3338983058929443,1.6099934577941895,1.494648814201355,1.8347039222717285,1.911360502243042,2.074533224105835,2.011075973510742,1.810490369796753,1.48595130443573,1.3350671529769897,0.9576193690299988,0.9448137283325195,0.7229481935501099,0.8857532143592834,1.872637391090393,1.56797194480896,1.7000982761383057,1.4248253107070923,1.6888171434402466,1.6353425979614258,1.679579734802246,1.4300167560577393,1.1166646480560303,0.8249146342277527,0.45546969771385193,0.4195501506328583,0.2607196271419525,0.6455731391906738,0.8110803365707397,1.054690957069397,0.7772225737571716,0.5224300622940063,0.5663683414459229,0.5025695562362671,0.8598709106445312,1.1011075973510742,1.1996887922286987,1.2132563591003418,1.3445041179656982,1.5140489339828491,1.5481805801391602,1.8979156017303467,2.0523340702056885,2.408931255340576
B2,0.9458991289138794,0.8799402713775635,1.1161619424819946,1.097029685974121,1.4538882970809937,1.662148356437683,1.7039899826049805,1.7456835508346558,1.5692933797836304,1.3978266716003418,1.3333793878555298,1.056525468826294,1.2594435214996338,1.1043246984481812,1.4601569175720215,0.3828098177909851,0.0,0.3791845440864563,0.6091144680976868,0.9173319935798645,1.2315278053283691,1.361499309539795,1.5478358268737793,1.5420628786087036,1.3772072792053223,1.512343406677246,1.2922921180725098,1.6100298166275024,1.584809422492981,1.9112311601638794,1.335329294204712,1.0737093687057495,1.3006099462509155,1.1455155611038208,1.483768105506897,1.5445103645324707,1.6932893991470337,1.6345553398132324,1.4433726072311401,1.1263333559036255,1.0174833536148071,0.6450998783111572,0.7662228345870972,0.6774113774299622,0.9522098302841187,1.6197009086608887,1.3495147228240967,1.4733833074569702,1.2169013023376465,1.5027216672897339,1.4697489738464355,1.4639967679977417,1.2657684087753296,0.937175989151001,0.6861584782600403,0.347496896982193,0.2547418177127838,0.4239702522754669,0.6892151832580566,0.9919919371604919,1.1085824966430664,0.7454098463058472,0.6378378868103027,0.5309975147247314,0.6235593557357788,0.9159952998161316,1.168867588043213,1.3513296842575073,1.339637041091919,1.370118498802185,1.5182582139968872,1.4600393772125244,1.8152215480804443,1.9148815870285034,2.2787301540374756
B3,1.0608165264129639,1.0843470096588135,1.24885094165802,1.2495313882827759,1.56602144241333,1.7499887943267822,1.730877161026001,1.8313946723937988,1.6984713077545166,1.5939576625823975,1.5932198762893677,1.3655574321746826,1.6097497940063477,1.4802474975585938,1.83914315700531,0.5858168005943298,0.3791845440864563,0.0,0.38618341088294983,0.5882389545440674,0.9337338805198669,1.0723302364349365,1.3175173997879028,1.3978421688079834,1.293343186378479,1.519511342048645,1.387176275253296,1.7504860162734985,1.801794409751892,2.1319010257720947,1.6229220628738403,1.3147674798965454,1.4650121927261353,1.2162187099456787,1.498565673828125,1.479405164718628,1.6539894342422485,1.5369024276733398,1.372261881828308,1.0095539093017578,0.9291920065879822,0.6214573383331299,0.7220950722694397,0.7787079215049744,0.9646807909011841,1.7651530504226685,1.487494707107544,1.5194870233535767,1.2075169086456299,1.4197148084640503,1.2945194244384766,1.2215347290039062,0.9705861210823059,0.6003226637840271,0.4592154920101166,0.21163326501846313,0.5146631002426147,0.7473323345184326,1.0626393556594849,1.3386067152023315,1.4409531354904175,1.0799838304519653,0.9070059657096863,0.6607862114906311,0.6060583591461182,0.778420627117157,1.1085296869277954,1.3768545389175415,1.4637501239776611,1.4598697423934937,1.6793866157531738,1.6186096668243408,1.9925563335418701,2.1108314990997314,2.4573495388031006
B4,1.2421503067016602,1.1944674253463745,1.2562402486801147,1.1655304431915283,1.4346661567687988,1.5402591228485107,1.4486507177352905,1.5529565811157227,1.4374369382858276,1.4091237783432007,1.4662166833877563,1.3247469663619995,1.627064824104309,1.588370680809021,1.971267580986023,0.907667338848114,0.6091144680976868,0.38618341088294983,0.0,0.3714223802089691,0.6280816197395325,0.8132506608963013,0.9931320548057556,1.0824967622756958,0.9472463726997375,1.2143125534057617,1.1322624683380127,1.5113569498062134,1.634513258934021,1.9472310543060303,1.5311611890792847,1.1820299625396729,1.2408928871154785,0.9301723837852478,1.1621429920196533,1.1197595596313477,1.3344128131866455,1.24128258228302,1.159482717514038,0.80241459608078,0.8799720406532288,0.6775441765785217,0.9276158809661865,1.0786218643188477,1.3049261569976807,1.5240421295166016,1.2759954929351807,1.2497791051864624,0.9502527117729187,1.1432472467422485,1.032779574394226,0.9138537049293518,0.7538594007492065,0.44819703698158264,0.4121401011943817,0.4932723343372345,0.6594114303588867,1.0066421031951904,1.2576855421066284,1.5819774866104126,1.5434906482696533,1.169535517692566,1.0730758905410767,0.7465454936027527,0.8091045618057251,0.863996148109436,1.13427734375,1.4572902917861938,1.526832103729248,1.4263486862182617,1.633825659751892,1.5022547245025635,1.8675611019134521,1.952268362045288,2.2821238040924072
B5,1.3892840147018433,1.4163225889205933,1.4304285049438477,1.38442063331604,1.6003811359405518,1.6934385299682617,1.5623129606246948,1.7331629991531372,1.6799392700195312,1.691994309425354,1.7982540130615234,1.6734353303909302,1.9895236492156982,1.948107361793518,2.327601194381714,1.1683682203292847,0.9173319935798645,0.5882389545440674,0.3714223802089691,0.0,0.38494282960891724,0.6520167589187622,0.9040914177894592,1.12726891040802,1.0691046714782715,1.4099594354629517,1.4078842401504517,1.791977047920227,1.9597504138946533,2.2597432136535645,1.8739937543869019,1.5253492593765259,1.5325757265090942,1.1763182878494263,1.327836036682129,1.1832921504974365,1.3879876136779785,1.216760277748108,1.1609933376312256,0.7997615933418274,0.89829021692276,0.8182881474494934,1.0029213428497314,1.237318754196167,1.3915231227874756,1.804783821105957,1.5748902559280396,1.4825273752212524,1.1710829734802246,1.2669134140014648,1.0571084022521973,0.8187108635902405,0.6121137738227844,0.2958330512046814,0.5742688179016113,0.7315580248832703,1.000589370727539,1.3155146837234497,1.596517562866211,1.9044824838638306,1.905116319656372,1.5342832803726196,1.4034396409988403,1.0638972520828247,1.0292892456054688,0.9948207139968872,1.2976630926132202,1.6595127582550049,1.7959860563278198,1.6878384351730347,1.934065341949463,1.8087363243103027,2.172750234603882,2.2632944583892822,2.5744714736938477
B6,1.7353026866912842,1.7247791290283203,1.689181923866272,1.5823166370391846,1.7470085620880127,1.755972981452942,1.5405113697052002,1.7043272256851196,1.665911316871643,1.7649953365325928,1.8990142345428467,1.8482165336608887,2.1790802478790283,2.188661813735962,2.576284408569336,1.4889695644378662,1.2315278053283691,0.9337338805198669,0.6280816197395325,0.38494282960891724,0.0,0.394542932510376,0.5748448967933655,0.8788163065910339,0.8802995085716248,1.2670179605484009,1.3659049272537231,1.741490364074707,1.9773920774459839,2.257903575897217,1.9976234436035156,1.6288336515426636,1.561771035194397,1.1837480068206787,1.2313822507858276,1.0488592386245728,1.3119525909423828,1.1708364486694336,1.2415339946746826,0.9401349425315857,1.1584874391555786,1.1442899703979492,1.3702038526535034,1.6140726804733276,1.7763880491256714,1.7585012912750244,1.5555797815322876,1.3785375356674194,1.0894719362258911,1.0868408679962158,0.8460336923599243,0.511193573474884,0.450741708278656,0.4465333819389343,0.7563703656196594,1.0372848510742188,1.2613239288330078,1.6176954507827759,1.880988359451294,2.2004168033599854,2.1055657863616943,1.7481125593185425,1.6371194124221802,1.2638976573944092,1.263589859008789,1.1374359130859375,1.3662207126617432,1.7544221878051758,1.899827003479004,1.7252377271652222,1.974482774734497,1.818331003189087,2.160623073577881,2.242288112640381,2.516925811767578
B7,2.017040491104126,1.9978817701339722,2.008211851119995,1.880805253982544,2.0731041431427,2.065218687057495,1.8313220739364624,1.9362907409667969,1.8374409675598145,1.962355613708496,2.039323568344116,2.0031862258911133,2.2970080375671387,2.294698476791382,2.677581787109375,1.5520482063293457,1.361499309539795,1.0723302364349365,0.8132506608963013,0.6520167589187622,0.394542932510376,0.0,0.37614214420318604,0.6799303293228149,0.8454010486602783,1.2149887084960938,1.3802822828292847,1.7552810907363892,2.0031800270080566,2.304358959197998,2.1337175369262695,1.7445018291473389,1.700933814048767,1.3611910343170166,1.399876356124878,1.285889983177185,1.6062668561935425,1.5196696519851685,1.6175826787948608,1.3137032985687256,1.5150693655014038,1.437231183052063,1.6409871578216553,1.8260562419891357,1.9664539098739624,1.7896195650100708,1.5444751977920532,1.3139723539352417,0.9913238286972046,0.8846031427383423,0.5482496619224548,0.26335519552230835,0.15492337942123413,0.5002930760383606,0.7332130670547485,1.105678915977478,1.3296539783477783,1.6893322467803955,1.9766298532485962,2.2658934593200684,2.1123814582824707,1.791014552116394,1.6326568126678467,1.2426313161849976,1.208056926727295,0.9789026379585266,1.1382458209991455,1.535306453704834,1.726137638092041,1.534523367881775,1.8238314390182495,1.7092924118041992,2.045970916748047,2.180671453475952,2.425591468811035
B8,2.2074124813079834,2.132439613342285,2.103438377380371,1.915032982826233,2.0690109729766846,1.9908300638198853,1.7057359218597412,1.7725930213928223,1.6735039949417114,1.8660608530044556,1.9614213705062866,1.9972116947174072,2.2997941970825195,2.3574910163879395,2.741126775741577,1.776098370552063,1.5478358268737793,1.3175173997879028,0.9931320548057556,0.9040914177894592,0.5748448967933655,0.37614214420318604,0.0,0.403282105922699,0.6085671782493591,0.975446879863739,1.2212591171264648,1.5601054430007935,1.8595201969146729,2.127150535583496,2.073551893234253,1.687061071395874,1.5777480602264404,1.2535871267318726,1.2061978578567505,1.111808180809021,1.4701000452041626,1.4546035528182983,1.635271668434143,1.389361023902893,1.6628743410110474,1.6124365329742432,1.8749990463256836,2.0645737648010254,2.249595880508423,1.5947831869125366,1.3981984853744507,1.108386516571045,0.8615159392356873,0.6777849793434143,0.42734676599502563,0.12170661985874176,0.505365788936615,0.8155369758605957,0.9690881371498108,1.3438206911087036,1.4841982126235962,1.87044358253479,2.1084487438201904,2.4178900718688965,2.1713528633117676,1.866454839706421,1.769019603729248,1.3836911916732788,1.4356576204299927,1.2163885831832886,1.2863630056381226,1.663442611694336,1.7996758222579956,1.5414097309112549,1.7842156887054443,1.6158376932144165,1.912380337715149,2.012037515640259,2.222263813018799
B9,2.2902672290802,2.158695936203003,2.153524398803711,1.9162466526031494,2.0875751972198486,1.984427809715271,1.7056639194488525,1.6810728311538696,1.5066547393798828,1.7183663845062256,1.7587008476257324,1.8364405632019043,2.1040701866149902,2.1907799243927,2.5614471435546875,1.757811188697815,1.5420628786087036,1.3978421688079834,1.0824967622756958,1.12726891040802,0.8788163065910339,0.6799303293228149,0.403282105922699,0.0,0.38199853897094727,0.6419442296028137,0.9363742470741272,1.2447105646133423,1.5510860681533813,1.8188832998275757,1.8689790964126587,1.4868967533111572,1.3846015930175781,1.1371365785598755,1.0945489406585693,1.1302673816680908,1.5173795223236084,1.5922267436981201,1.7775602340698242,1.5466493368148804,1.820215106010437,1.7165075540542603,2.0071113109588623,2.140939474105835,2.3615381717681885,1.2917239665985107,1.0847448110580444,0.758012592792511,0.5533378720283508,0.29086872935295105,0.29063063859939575,0.4470391571521759,0.747521698474884,1.0147905349731445,1.015092372894287,1.3770503997802734,1.4194046258926392,1.8060667514801025,1.9996075630187988,2.2997708320617676,1.9545670747756958,1.6932581663131714,1.632554292678833,1.2743226289749146,1.401663899421692,1.198369026184082,1.1609010696411133,1.490302324295044,1.5628844499588013,1.256636381149292,1.4577258825302124,1.2694882154464722,1.5379992723464966,1.6434277296066284,1.8337531089782715
B10,2.059643507003784,1.8858397006988525,1.853660225868225,1.5843509435653687,1.7406023740768433,1.6217727661132812,1.3534598350524902,1.30697762966156,1.1279792785644531,1.3436353206634521,1.412740707397461,1.5153182744979858,1.8089181184768677,1.9352136850357056,2.3082895278930664,1.6487876176834106,1.3772072792053223,1.293343186378479,0.9472463726997375,1.0691046714782715,0.8802995085716248,0.8454010486602783,0.6085671782493591,0.38199853897094727,0.0,0.39765357971191406,0.6305866241455078,0.9550912976264954,1.2676485776901245,1.5202292203903198,1.5333399772644043,1.160093069076538,1.017838954925537,0.7642309665679932,0.7232607007026672,0.8145453333854675,1.197461724281311,1.318671464920044,1.4994292259216309,1.3031543493270874,1.594149112701416,1.5009088516235352,1.8323559761047363,1.9698177576065063,2.2347054481506348,0.9869206547737122,0.8223575949668884,0.5443565249443054,0.4189567565917969,0.4424053132534027,0.6059163808822632,0.6474319100379944,0.9054346084594727,1.039373517036438,1.0026576519012451,1.2937767505645752,1.2656916379928589,1.657226324081421,1.7962594032287598,2.1259913444519043,1.7737743854522705,1.4939769506454468,1.5107396841049194,1.179161548614502,1.3860849142074585,1.2779706716537476,1.2799075841903687,1.5872414112091064,1.582848072052002,1.2832612991333008,1.4120031595230103,1.1542407274246216,1.422446846961975,1.4558155536651611,1.6857450008392334
B11,2.2182350158691406,1.989965558052063,1.972806453704834,1.6607352495193481,1.8154959678649902,1.6659907102584839,1.421427607536316,1.262177586555481,0.9962463974952698,1.235560655593872,1.2388887405395508,1.4121880531311035,1.6570775508880615,1.8330494165420532,2.179231882095337,1.7636756896972656,1.512343406677246,1.519511342048645,1.2143125534057617,1.4099594354629517,1.2670179605484009,1.2149887084960938,0.975446879863739,0.6419442296028137,0.39765357971191406,0.0,0.38650020956993103,0.6104034185409546,0.9510959386825562,1.1847803592681885,1.3578400611877441,1.0205209255218506,0.8715543746948242,0.7803611159324646,0.7387489676475525,0.984235405921936,1.3358469009399414,1.5403817892074585,1.717983603477478,1.5601924657821655,1.8362947702407837,1.7108609676361084,2.053400754928589,2.1396148204803467,2.4320552349090576,0.657302737236023,0.527980625629425,0.1917453557252884,0.4034695327281952,0.5166671872138977,0.8569974303245544,1.0160465240478516,1.2562751770019531,1.3710169792175293,1.2451541423797607,1.4856992959976196,1.3569614887237549,1.7179332971572876,1.7864240407943726,2.0998005867004395,1.6431647539138794,1.427954077720642,1.512493371963501,1.2496728897094727,1.5239473581314087,1.4529725313186646,1.371346354484558,1.5997560024261475,1.5061143636703491,1.1753376722335815,1.2024508714675903,0.8897356390953064,1.0905240774154663,1.0841000080108643,1.2955538034439087
B12,1.965986728668213,1.7024002075195312,1.7103214263916016,1.3891627788543701,1.5755387544631958,1.4667165279388428,1.304045557975769,1.1058300733566284,0.7715323567390442,0.922624409198761,0.8675763010978699,1.0340311527252197,1.2720144987106323,1.4640302658081055,1.8060325384140015,1.5498024225234985,1.2922921180725098,1.387176275253296,1.1322624683380127,1.4078842401504517,1.3659049272537231,1.3802822828292847,1.2212591171264648,0.9363742470741272,0.6305866241455078,0.38650020956993103,0.0,0.393725723028183,0.6411219835281372,0.9250863790512085,0.9782243371009827,0.6396777033805847,0.5506162047386169,0.573127806186676,0.689017117023468,1.0073206424713135,1.2943416833877563,1.5078786611557007,1.611619472503662,1.4588242769241333,1.6847972869873047,1.5210856199264526,1.8639194965362549,1.90817391872406,2.22650408744812,0.42770034074783325,0.22534093260765076,0.3065343201160431,0.48742324113845825,0.7907739877700806,1.0939122438430786,1.2347385883331299,1.3916254043579102,1.3990497589111328,1.2056313753128052,1.346492886543274,1.1329923868179321,1.4587000608444214,1.4664381742477417,1.784997582435608,1.32416832447052,1.1100449562072754,1.266966462135315,1.0719819068908691,1.40378999710083,1.4270318746566772,1.3729487657546997,1.5561286211013794,1.3949965238571167,1.1165101528167725,1.0773614645004272,0.7386587262153625,0.96355801820755,0.9148204922676086,1.2115153074264526
B13,2.2210230827331543,1.9169509410858154,1.9087245464324951,1.558099389076233,1.7001621723175049,1.5421152114868164,1.3985389471054077,1.103958010673523,0.7309625744819641,0.9137151837348938,0.8130868673324585,1.092666506767273,1.2652827501296997,1.5325675010681152,1.8232840299606323,1.8530938625335693,1.6100298166275024,1.7504860162734985,1.5113569498062134,1.791977047920227,1.741490364074707,1.7552810907363892,1.5601054430007935,1.2447105646133423,0.9550912976264954,0.6104034185409546,0.393725723028183,0.0,0.39042699337005615,0.5748391151428223,0.9213967323303223,0.7194297909736633,0.5850638747215271,0.8020342588424683,0.8414976596832275,1.2124265432357788,1.4465515613555908,1.7236484289169312,1.8458048105239868,1.7526390552520752,1.981177568435669,1.83054780960083,2.1780567169189453,2.2014708518981934,2.536653757095337,0.08309466391801834,0.3210383653640747,0.50986647605896,0.8327726125717163,1.0775929689407349,1.4274863004684448,1.5887101888656616,1.7744032144546509,1.7925361394882202,1.590704321861267,1.7042795419692993,1.4453251361846924,1.7231584787368774,1.6547918319702148,1.9488193988800049,1.415299654006958,1.2864470481872559,1.5124379396438599,1.3904279470443726,1.7420834302902222,1.7823576927185059,1.6857445240020752,1.8103671073913574,1.585465431213379,1.3052678108215332,1.1533540487289429,0.7842230200767517,0.8467101454734802,0.6531275510787964,0.9193763136863708
