,A1,A2,A3,A4,A5,A6,A7,A8,A9,A10,A11,A12,A13,A14,A15,B1,B2,B3,B4,B5,B6,B7,B8,B9,B10,B11,B12,B13,B14,B15,C1,C2,C3,C4,C5,C6,C7,C8,C9,C10,C11,C12,C13,C14,C15,D1,D2,D3,D4,D5,D6,D7,D8,D9,D10,D11,D12,D13,D14,D15,E1,E2,E3,E4,E5,E6,E7,E8,E9,E10,E11,E12,E13,E14,E15
A1,0.0,0.378766268491745,0.5956263542175293,0.8634328842163086,1.1757018566131592,1.4139188528060913,1.2229944467544556,1.1497348546981812,0.8176764845848083,0.7295637726783752,0.4705083668231964,0.4882064163684845,0.6072432994842529,0.8192200064659119,1.1200875043869019,1.5389549732208252,1.301276445388794,1.5184662342071533,1.3139728307724,1.5991545915603638,1.754071831703186,1.6121598482131958,1.8620349168777466,1.8261351585388184,1.5736205577850342,1.571191668510437,1.226057529449463,1.4196988344192505,1.2748544216156006,1.5531326532363892,1.2828844785690308,0.9306064248085022,1.0450116395950317,0.931792676448822,1.0571693181991577,1.4083878993988037,1.4600931406021118,1.6677716970443726,1.555360198020935,1.5361087322235107,1.5505986213684082,1.3566160202026367,1.6102443933486938,1.5696738958358765,1.944477915763855,1.4223507642745972,1.1252162456512451,1.291285514831543,1.0525310039520264,1.3017563819885254,1.4809536933898926,1.3869773149490356,1.6675810813903809,1.6498243808746338,1.4492597579956055,1.4933730363845825,1.1963907480239868,1.4540168046951294,1.3666802644729614,1.7094632387161255,0.7852261066436768,0.40882766246795654,0.4136505722999573,0.45576906204223633,0.6655582785606384,1.0265774726867676,1.00117027759552,1.151423454284668,1.0084015130996704,1.011673927307129,1.0375800132751465,0.9265934824943542,1.2320674657821655,1.3151576519012451,1.687709093093872
A2,0.378766268491745,0.0,0.37811610102653503,0.5770754218101501,0.8967302441596985,1.1900928020477295,1.0601354837417603,1.103037714958191,0.8536698222160339,0.7807632684707642,0.6925209760665894,0.5952355265617371,0.8412938714027405,0.9597513675689697,1.3154406547546387,1.222659707069397,1.021352767944336,1.2413055896759033,1.0678038597106934,1.3992578983306885,1.5483653545379639,1.3514991998672485,1.5545445680618286,1.4982099533081055,1.2191656827926636,1.208708643913269,0.8639564514160156,1.0805875062942505,0.9980445504188538,1.2796342372894287,1.30694580078125,0.9732282161712646,1.142009973526001,0.9662197232246399,1.1690925359725952,1.4622611999511719,1.4459917545318604,1.6838254928588867,1.598688006401062,1.4907981157302856,1.5079611539840698,1.2443755865097046,1.4980682134628296,1.419716238975525,1.7799038887023926,1.4016591310501099,1.098251461982727,1.3103305101394653,1.1425068378448486,1.3780683279037476,1.6357008218765259,1.589414119720459,1.8409972190856934,1.7655688524246216,1.6102076768875122,1.5912681818008423,1.3028101921081543,1.5058180093765259,1.3742868900299072,1.7316330671310425,0.5845460295677185,0.31348127126693726,0.5298717021942139,0.7607892751693726,1.001624584197998,1.3427116870880127,1.2626745700836182,1.3232593536376953,1.075553297996521,1.0605307817459106,0.9474043846130371,0.8388798832893372,1.0506795644760132,1.114532232284546,1.4853593111038208
A3,0.5956263542175293,0.37811610102653503,0.0,0.3774157166481018,0.5958028435707092,0.8806555867195129,0.8051862120628357,0.8294137120246887,0.6145334243774414,0.6930983066558838,0.7666557431221008,0.8175038695335388,1.116740345954895,1.3043535947799683,1.6408770084381104,1.4105645418167114,1.2358591556549072,1.3836826086044312,1.1589927673339844,1.4653263092041016,1.5177806615829468,1.278407096862793,1.49724280834198,1.5192773342132568,1.209035038948059,1.2805051803588867,0.9802761673927307,1.2272849082946777,1.2150592803955078,1.4368276596069336,1.6402978897094727,1.2932112216949463,1.3926615715026855,1.1375740766525269,1.2596200704574585,1.502091884613037,1.534209966659546,1.8349428176879883,1.8210153579711914,1.720897912979126,1.799625039100647,1.5449270009994507,1.824041485786438,1.7521636486053467,2.0994417667388916,1.76333487033844,1.4442013502120972,1.6174886226654053,1.4160879850387573,1.5852162837982178,1.823972463607788,1.8296408653259277,2.119872808456421,2.080564260482788,1.9444485902786255,1.9546287059783936,1.6736658811569214,1.883665680885315,1.7417912483215332,2.0926308631896973,0.7101817727088928,0.5753652453422546,0.5939525365829468,0.9173646569252014,1.055422306060791,1.3863799571990967,1.3498791456222534,1.3336071968078613,1.0469897985458374,1.1547598838806152,1.0549665689468384,1.0765328407287598,1.2678166627883911,1.3901318311691284,1.7377561330795288
A4,0.8634328842163086,0.5770754218101501,0.3774157166481018,0.0,0.3805295526981354,0.6354931592941284,0.5668107867240906,0.7649142146110535,0.7291587591171265,0.7188308835029602,0.9161092042922974,0.8891187906265259,1.2500582933425903,1.4118053913116455,1.7492181062698364,1.242573857307434,1.0592883825302124,1.1191956996917725,0.8709731698036194,1.161316156387329,1.1759434938430786,0.909705400466919,1.1267939805984497,1.185225009918213,0.8937151432037354,1.0503672361373901,0.831831157207489,1.1545499563217163,1.252791404724121,1.492192029953003,1.6288633346557617,1.3058700561523438,1.3800426721572876,1.0712625980377197,1.219888687133789,1.3788036108016968,1.3581953048706055,1.6841026544570923,1.723111629486084,1.5756149291992188,1.7003945112228394,1.4438765048980713,1.7467933893203735,1.7078319787979126,2.029745101928711,1.8913381099700928,1.6117984056472778,1.8427757024765015,1.6963990926742554,1.893192172050476,2.160156488418579,2.1495916843414307,2.4113857746124268,2.329174041748047,2.181314468383789,2.1334519386291504,1.8326886892318726,1.9789397716522217,1.774937629699707,2.1030478477478027,0.9487835168838501,0.8510386347770691,0.9586881995201111,1.2552838325500488,1.3908952474594116,1.742548942565918,1.7192047834396362,1.7096173763275146,1.4103665351867676,1.4958882331848145,1.3354071378707886,1.3146363496780396,1.427728295326233,1.4753934144973755,1.8119354248046875
A5,1.1757018566131592,0.8967302441596985,0.5958028435707092,0.3805295526981354,0.0,0.39258795976638794,0.5665032267570496,0.7945795655250549,0.8595648407936096,0.9766241312026978,1.228480339050293,1.2581415176391602,1.615957498550415,1.7862107753753662,2.1257753372192383,1.4360345602035522,1.325081467628479,1.3457974195480347,1.123778223991394,1.380103588104248,1.303955316543579,0.9847736954689026,1.14435613155365,1.2614161968231201,0.9462813138961792,1.1455024480819702,0.9978504180908203,1.2843681573867798,1.4309217929840088,1.5964947938919067,2.0021281242370605,1.6852065324783325,1.7519580125808716,1.4268054962158203,1.536033034324646,1.6482298374176025,1.645747423171997,1.9959896802902222,2.0718467235565186,1.914111852645874,2.0533854961395264,1.786791443824768,2.077056407928467,2.013566493988037,2.313260555267334,2.195939302444458,1.900484323501587,2.0986905097961426,1.9454679489135742,2.0879626274108887,2.3567543029785156,2.396436929702759,2.6748483180999756,2.6067609786987305,2.491710901260376,2.459270715713501,2.1772913932800293,2.3313658237457275,2.135704278945923,2.4664111137390137,1.1126573085784912,1.1166133880615234,1.1677250862121582,1.5101321935653687,1.6135858297348022,1.931633472442627,1.9067236185073853,1.8258321285247803,1.495359182357788,1.6358106136322021,1.460097074508667,1.5231742858886719,1.5986227989196777,1.6919013261795044,1.991829752922058
A6,1.4139188528060913,1.1900928020477295,0.8806555867195129,0.6354931592941284,0.39258795976638794,0.0,0.3724363148212433,0.6421076059341431,0.8803736567497253,1.0010812282562256,1.339801549911499,1.4154125452041626,1.7883211374282837,2.0008811950683594,2.309926986694336,1.7020882368087769,1.556404709815979,1.4911893606185913,1.214621663093567,1.3729333877563477,1.1915583610534668,0.9111980199813843,1.120981216430664,1.3484923839569092,1.1098538637161255,1.3954871892929077,1.3110541105270386,1.6276109218597412,1.7995237112045288,1.9777052402496338,2.1854307651519775,1.8668982982635498,1.8591396808624268,1.497038722038269,1.5326322317123413,1.5619698762893677,1.5953154563903809,1.9747854471206665,2.1202263832092285,1.9896042346954346,2.1928930282592773,1.973240613937378,2.295436382293701,2.2836222648620605,2.5780882835388184,2.523715019226074,2.2408339977264404,2.4536538124084473,2.2859787940979004,2.4394633769989014,2.6853106021881104,2.708627462387085,2.999300718307495,2.9430315494537354,2.799750328063965,2.7665963172912598,2.461514472961426,2.6027870178222656,2.3771255016326904,2.6848373413085938,1.486751914024353,1.4410746097564697,1.4510148763656616,1.7609902620315552,1.7993464469909668,2.1259806156158447,2.1601321697235107,2.0946595668792725,1.7928606271743774,1.9729523658752441,1.831499695777893,1.891899824142456,1.9838076829910278,2.0584802627563477,2.364786148071289
A7,1.2229944467544556,1.0601354837417603,0.8051862120628357,0.5668107867240906,0.5665032267570496,0.3724363148212433,0.0,0.3924746811389923,0.6609268188476562,0.6828197836875916,1.0519044399261475,1.138504147529602,1.509988784790039,1.7512485980987549,2.0297250747680664,1.6818708181381226,1.4609878063201904,1.3892030715942383,1.052183985710144,1.1769201755523682,1.0217446088790894,0.8264477849006653,1.1397463083267212,1.3612457513809204,1.1668611764907837,1.4494292736053467,1.3279579877853394,1.6769582033157349,1.8119207620620728,2.047616958618164,1.9316898584365845,1.6058846712112427,1.546485424041748,1.174798846244812,1.1721376180648804,1.1967910528182983,1.2600817680358887,1.6447937488555908,1.8001965284347534,1.7114191055297852,1.9414405822753906,1.7671959400177002,2.1159090995788574,2.1529057025909424,2.465463399887085,2.3982737064361572,2.1330971717834473,2.3679449558258057,2.189969062805176,2.385690927505493,2.6099581718444824,2.5849592685699463,2.8719117641448975,2.8194591999053955,2.6347312927246094,2.599010467529297,2.2706222534179688,2.4059133529663086,2.1664047241210938,2.456847667694092,1.48488450050354,1.3439604043960571,1.3507559299468994,1.6008009910583496,1.6159409284591675,1.971108317375183,2.0436956882476807,2.04447340965271,1.785544753074646,1.9502586126327515,1.8475080728530884,1.8538719415664673,1.9918550252914429,2.0346837043762207,2.372950315475464
A8,1.1497348546981812,1.103037714958191,0.8294137120246887,0.7649142146110535,0.7945795655250549,0.6421076059341431,0.3924746811389923,0.0,0.39010366797447205,0.5418813228607178,0.909274697303772,1.1225417852401733,1.4496430158615112,1.7533748149871826,1.9985796213150024,1.9646508693695068,1.7206594944000244,1.694900631904602,1.3431733846664429,1.4638924598693848,1.3338624238967896,1.193804144859314,1.5258153676986694,1.7323384284973145,1.52434504032135,1.7700213193893433,1.5900248289108276,1.919126033782959,1.9899544715881348,2.2253880500793457,2.017835855484009,1.665386438369751,1.5664265155792236,1.2153887748718262,1.114147663116455,1.1844346523284912,1.3518249988555908,1.7281020879745483,1.8714314699172974,1.8569949865341187,2.084775686264038,1.9418907165527344,2.2961387634277344,2.338947057723999,2.6775426864624023,2.4765353202819824,2.1924097537994385,2.389464855194092,2.15920090675354,2.3372457027435303,2.508650541305542,2.480327606201172,2.7969532012939453,2.794701099395752,2.5963706970214844,2.6122026443481445,2.2848198413848877,2.4646971225738525,2.2581162452697754,2.552555561065674,1.5376421213150024,1.3496508598327637,1.2543867826461792,1.458788275718689,1.3883789777755737,1.7228872776031494,1.8534502983093262,1.8683576583862305,1.6640106439590454,1.8790316581726074,1.8554095029830933,1.890931487083435,2.093681573867798,2.178945541381836,2.533486843109131
A9,0.8176764845848083,0.8536698222160339,0.6145334243774414,0.7291587591171265,0.8595648407936096,0.8803736567497253,0.6609268188476562,0.39010366797447205,0.0,0.38280150294303894,0.6236923336982727,0.9001731276512146,1.1824721097946167,1.5000286102294922,1.7478142976760864,1.909191370010376,1.6622529029846191,1.7194360494613647,1.3931996822357178,1.5789453983306885,1.5413646697998047,1.3926184177398682,1.7120511531829834,1.8453609943389893,1.6003869771957397,1.7715226411819458,1.5202996730804443,1.8132582902908325,1.8115885257720947,2.049546718597412,1.8499562740325928,1.4805043935775757,1.4194177389144897,1.1200894117355347,1.0422813892364502,1.236696720123291,1.4089397192001343,1.74613618850708,1.8129675388336182,1.819341778755188,1.9911859035491943,1.836555004119873,2.1702539920806885,2.186408281326294,2.545081853866577,2.208810329437256,1.9091089963912964,2.073927879333496,1.8163999319076538,1.9877961874008179,2.136439085006714,2.1043293476104736,2.430706739425659,2.451827049255371,2.256768226623535,2.3067073822021484,1.993442177772522,2.2128703594207764,2.050889253616333,2.3634135723114014,1.2786108255386353,1.0516592264175415,0.9012655019760132,1.0792938470840454,1.0007225275039673,1.339396595954895,1.4664175510406494,1.503273606300354,1.3279327154159546,1.5385041236877441,1.5619194507598877,1.5980745553970337,1.8473162651062012,1.9612845182418823,2.323787212371826
A10,0.7295637726783752,0.7807632684707642,0.6930983066558838,0.7188308835029602,0.9766241312026978,1.0010812282562256,0.6828197836875916,0.5418813228607178,0.38280150294303894,0.0,0.3927958309650421,0.603304922580719,0.9126941561698914,1.2301524877548218,1.458487868309021,1.741591453552246,1.4441438913345337,1.4814448356628418,1.1392645835876465,1.2945518493652344,1.3103218078613281,1.2281360626220703,1.5733431577682495,1.6847304105758667,1.4937506914138794,1.6632966995239258,1.423485517501831,1.7417536973953247,1.744668960571289,2.0345940589904785,1.5231544971466064,1.1622611284255981,1.058579921722412,0.7449255585670471,0.6724615693092346,0.8911145329475403,1.0448367595672607,1.3683027029037476,1.4316015243530273,1.4515455961227417,1.6414387226104736,1.5247725248336792,1.8751404285430908,1.9412704706192017,2.297208547592163,2.0391695499420166,1.7828532457351685,2.001159191131592,1.7814950942993164,2.0174310207366943,2.180765151977539,2.088902235031128,2.3780155181884766,2.3613266944885254,2.1263890266418457,2.13118577003479,1.790574073791504,1.9677834510803223,1.7694718837738037,2.056187868118286,1.3226089477539062,1.029366374015808,0.9810545444488525,1.0873366594314575,1.0609190464019775,1.442635416984558,1.5635453462600708,1.67570161819458,1.5160759687423706,1.6474014520645142,1.6462589502334595,1.5900869369506836,1.8309681415557861,1.8720629215240479,2.247675657272339
A11,0.4705083668231964,0.6925209760665894,0.7666557431221008,0.9161092042922974,1.228480339050293,1.339801549911499,1.0519044399261475,0.909274697303772,0.6236923336982727,0.3927958309650421,0.0,0.38056686520576477,0.5711235404014587,0.9219002723693848,1.1312862634658813,1.7496291399002075,1.4456672668457031,1.5619750022888184,1.270198106765747,1.460503101348877,1.567054271697998,1.500209927558899,1.8206642866134644,1.8613953590393066,1.6645501852035522,1.755597472190857,1.4644109010696411,1.7338582277297974,1.65658438205719,1.959633708000183,1.3109241724014282,0.9439888596534729,0.8738415837287903,0.6846940517425537,0.6578039526939392,1.0041970014572144,1.1409724950790405,1.3780993223190308,1.340248703956604,1.3993207216262817,1.5171195268630981,1.4142905473709106,1.7322382926940918,1.7891820669174194,2.1595568656921387,1.7699882984161377,1.5222207307815552,1.720914363861084,1.4876065254211426,1.7461483478546143,1.8801360130310059,1.7485291957855225,2.0285637378692627,2.0256006717681885,1.7708582878112793,1.8002256155014038,1.4648269414901733,1.674502968788147,1.5227797031402588,1.8136144876480103,1.217558741569519,0.8589817881584167,0.8031930327415466,0.785319447517395,0.7816751599311829,1.1724255084991455,1.2855151891708374,1.4691758155822754,1.3693782091140747,1.4459009170532227,1.4946134090423584,1.393031358718872,1.6799700260162354,1.719480037689209,2.0995230674743652
A12,0.4882064163684845,0.5952355265617371,0.8175038695335388,0.8891187906265259,1.2581415176391602,1.4154125452041626,1.138504147529602,1.1225417852401733,0.9001731276512146,0.603304922580719,0.38056686520576477,0.0,0.38279905915260315,0.633319079875946,0.9012125134468079,1.442626953125,1.1196545362472534,1.2586822509765625,1.0130101442337036,1.2275786399841309,1.4180718660354614,1.365355134010315,1.649919867515564,1.6285041570663452,1.46359384059906,1.5128544569015503,1.2310936450958252,1.4951093196868896,1.4231501817703247,1.7608510255813599,0.9574111104011536,0.5855581164360046,0.5960320830345154,0.44616541266441345,0.633621335029602,0.9806888103485107,0.9922398328781128,1.179819107055664,1.0818308591842651,1.0814855098724365,1.1590275764465332,1.0355576276779175,1.352325439453125,1.422488808631897,1.7891467809677124,1.4906904697418213,1.284651279449463,1.5471652746200562,1.3873684406280518,1.6976714134216309,1.8831511735916138,1.7239153385162354,1.9470463991165161,1.8755531311035156,1.6130003929138184,1.5683130025863647,1.2135592699050903,1.367990255355835,1.1749526262283325,1.4690170288085938,1.143539547920227,0.7851492166519165,0.8959760069847107,0.886974036693573,1.020119547843933,1.4011746644973755,1.4352784156799316,1.6285368204116821,1.4949027299880981,1.4802827835083008,1.4569084644317627,1.2684763669967651,1.5077714920043945,1.4703620672225952,1.849461317062378
A13,0.6072432994842529,0.8412938714027405,1.116740345954895,1.2500582933425903,1.615957498550415,1.7883211374282837,1.509988784790039,1.4496430158615112,1.1824721097946167,0.9126941561698914,0.5711235404014587,0.38279905915260315,0.0,0.3825904130935669,0.5669762492179871,1.6428031921386719,1.32979416847229,1.512279748916626,1.3185498714447021,1.513047218322754,1.7439206838607788,1.723158359527588,1.9956330060958862,1.939032793045044,1.7887113094329834,1.7864344120025635,1.488174557685852,1.6943626403808594,1.5505579710006714,1.8868751525878906,0.8374608159065247,0.5151112079620361,0.5427016615867615,0.6387107372283936,0.7785322070121765,1.1575160026550293,1.1818944215774536,1.2633684873580933,1.0696278810501099,1.145750880241394,1.1424747705459595,1.0839909315109253,1.3392678499221802,1.4209284782409668,1.7850232124328613,1.3513293266296387,1.1886167526245117,1.423279881477356,1.2626689672470093,1.597522258758545,1.731895089149475,1.5100467205047607,1.703946590423584,1.647627830505371,1.3421552181243896,1.3204069137573242,0.9671638607978821,1.1490100622177124,1.0197341442108154,1.2888917922973633,1.2859553098678589,0.909302294254303,0.9958477020263672,0.8332074284553528,0.9689476490020752,1.302375078201294,1.3372831344604492,1.606140375137329,1.55254065990448,1.4863040447235107,1.5235618352890015,1.292257308959961,1.5666581392288208,1.5180914402008057,1.8836677074432373
A14,0.8192200064659119,0.9597513675689697,1.3043535947799683,1.4118053913116455,1.7862107753753662,2.0008811950683594,1.7512485980987549,1.7533748149871826,1.5000286102294922,1.2301524877548218,0.9219002723693848,0.633319079875946,0.3825904130935669,0.0,0.37784212827682495,1.4860044717788696,1.200060486793518,1.4322527647018433,1.3335579633712769,1.5460957288742065,1.8417332172393799,1.8212915658950806,2.03838849067688,1.9113473892211914,1.785267949104309,1.7130283117294312,1.4262603521347046,1.5740697383880615,1.4004881381988525,1.744837760925293,0.5566031336784363,0.3445891737937927,0.590854287147522,0.8077846169471741,1.0529096126556396,1.3932833671569824,1.3251686096191406,1.3300164937973022,1.0516102313995361,1.063424825668335,0.9346524477005005,0.8580256104469299,1.0337438583374023,1.1027840375900269,1.4558192491531372,1.0262346267700195,0.9405280351638794,1.2191948890686035,1.154034972190857,1.524803638458252,1.6931113004684448,1.4448754787445068,1.5578893423080444,1.427979588508606,1.1186491250991821,1.0114814043045044,0.6440154314041138,0.7722432017326355,0.6469857096672058,0.9333666563034058,1.302600383758545,0.9760971069335938,1.1652052402496338,1.0101813077926636,1.236025333404541,1.528281569480896,1.4840850830078125,1.7504420280456543,1.6851489543914795,1.5314491987228394,1.5196547508239746,1.2122865915298462,1.4336189031600952,1.3116360902786255,1.651155948638916
A15,1.1200875043869019,1.3154406547546387,1.6408770084381104,1.7492181062698364,2.1257753372192383,2.309926986694336,2.0297250747680664,1.9985796213150024,1.7478142976760864,1.458487868309021,1.1312862634658813,0.9012125134468079,0.5669762492179871,0.37784212827682495,0.0,1.80861234664917,1.5137803554534912,1.712260365486145,1.6100873947143555,1.7615344524383545,2.0627517700195312,2.0956625938415527,2.3292722702026367,2.2118208408355713,2.120736598968506,2.0590200424194336,1.790448546409607,1.9345884323120117,1.7539424896240234,2.092907667160034,0.6084049940109253,0.5666303634643555,0.6440951824188232,0.9708787202835083,1.138241171836853,1.4599809646606445,1.4141159057617188,1.3307634592056274,1.0076485872268677,1.126471757888794,0.9860804677009583,1.0459846258163452,1.1773778200149536,1.312978744506836,1.624598503112793,1.2058892250061035,1.1993255615234375,1.437313437461853,1.3784403800964355,1.7435829639434814,1.8489947319030762,1.5467283725738525,1.618080973625183,1.5099962949752808,1.153853178024292,1.0580016374588013,0.733722448348999,0.8054345846176147,0.7307544350624084,0.879681408405304,1.6598308086395264,1.324860692024231,1.464131474494934,1.2374192476272583,1.3989391326904297,1.6510426998138428,1.6494085788726807,1.9652563333511353,1.9602199792861938,1.8078064918518066,1.842905044555664,1.5359859466552734,1.7666893005371094,1.6339752674102783,1.9478245973587036
B1,1.5389549732208252,1.222659707069397,1.4105645418167114,1.242573857307434,1.4360345602035522,1.7020882368087769,1.6818708181381226,1.9646508693695068,1.909191370010376,1.741591453552246,1.7496291399002075,1.442626953125,1.6428031921386719,1.4860044717788696,1.80861234664917,0.0,0.37532708048820496,0.5968976020812988,0.8856688141822815,1.1887153387069702,1.4513074159622192,1.2655632495880127,1.1604243516921997,0.820987343788147,0.7321691513061523,0.4255341589450836,0.4804454743862152,0.5234483480453491,0.7629451751708984,1.0182081460952759,1.3658528327941895,1.3083857297897339,1.5812885761260986,1.4886976480484009,1.8457789421081543,1.9818862676620483,1.730615496635437,1.8505922555923462,1.7486422061920166,1.4119504690170288,1.317221999168396,0.9521265029907227,1.0058789253234863,0.8395124077796936,0.9922491908073425,1.3970141410827637,1.320788025856018,1.6464868783950806,1.7673896551132202,2.0183467864990234,2.382535219192505,2.3297808170318604,2.407154083251953,2.146533489227295,2.0638511180877686,1.8256163597106934,1.6190993785858154,1.5532199144363403,1.3274853229522705,1.5760189294815063,1.2883397340774536,1.3315060138702393,1.6874140501022339,1.8834035396575928,2.1903624534606934,2.5076091289520264,2.346646308898926,2.379521608352661,2.0824668407440186,1.9225777387619019,1.6063950061798096,1.3748290538787842,1.2057000398635864,0.9434906244277954,1.1219489574432373
B2,1.301276445388794,1.021352767944336,1.2358591556549072,1.0592883825302124,1.325081467628479,1.556404709815979,1.4609878063201904,1.7206594944000244,1.6622529029846191,1.4441438913345337,1.4456672668457031,1.1196545362472534,1.32979416847229,1.200060486793518,1.5137803554534912,0.37532708048820496,0.0,0.378915011882782,0.5864998698234558,0.9034133553504944,1.206584095954895,1.0720499753952026,1.0741783380508423,0.805027186870575,0.7362340688705444,0.6012641787528992,0.5329343676567078,0.7486323118209839,0.9002373814582825,1.229215145111084,1.0693377256393433,0.9792075753211975,1.2202128171920776,1.1202590465545654,1.4812902212142944,1.6177868843078613,1.3668814897537231,1.4873192310333252,1.3896409273147583,1.0668851137161255,1.0145554542541504,0.6576659083366394,0.8342323899269104,0.7869716882705688,1.0320124626159668,1.3570033311843872,1.2685000896453857,1.6253324747085571,1.6956382989883423,1.988562822341919,2.3223469257354736,2.228034257888794,2.329775094985962,2.0937557220458984,1.9491583108901978,1.7218667268753052,1.4563243389129639,1.399667739868164,1.122490406036377,1.3790092468261719,1.2494338750839233,1.1837326288223267,1.525501012802124,1.6858197450637817,1.9651175737380981,2.3078560829162598,2.192028760910034,2.270289897918701,2.001134157180786,1.868446707725525,1.6063916683197021,1.3536521196365356,1.2877253293991089,1.0448780059814453,1.3117034435272217
B3,1.5184662342071533,1.2413055896759033,1.3836826086044312,1.1191956996917725,1.3457974195480347,1.4911893606185913,1.3892030715942383,1.694900631904602,1.7194360494613647,1.4814448356628418,1.5619750022888184,1.2586822509765625,1.512279748916626,1.4322527647018433,1.712260365486145,0.5968976020812988,0.378915011882782,0.0,0.3843851387500763,0.6010830998420715,0.8979641795158386,0.8111136555671692,0.7827958464622498,0.5342555642127991,0.6268119215965271,0.66278076171875,0.7530080676078796,1.0231750011444092,1.2452044486999512,1.5478595495224,1.2305057048797607,1.151476502418518,1.2946218252182007,1.139518141746521,1.4682468175888062,1.5111818313598633,1.2226513624191284,1.358361840248108,1.3474379777908325,0.9998009204864502,1.0572032928466797,0.7889649868011475,1.01165771484375,1.0678246021270752,1.2513936758041382,1.7155801057815552,1.6382579803466797,1.997848391532898,2.0490522384643555,2.3431477546691895,2.668646812438965,2.5691685676574707,2.6846094131469727,2.456486940383911,2.2903637886047363,2.059662103652954,1.774351954460144,1.6938380002975464,1.375105619430542,1.5770431756973267,1.5445619821548462,1.461323618888855,1.7688524723052979,1.9415532350540161,2.178997039794922,2.5444719791412354,2.468388557434082,2.545881986618042,2.2689778804779053,2.1799752712249756,1.9251219034194946,1.7017518281936646,1.644599199295044,1.4165650606155396,1.6668596267700195
B4,1.3139728307724,1.0678038597106934,1.1589927673339844,0.8709731698036194,1.123778223991394,1.214621663093567,1.052183985710144,1.3431733846664429,1.3931996822357178,1.1392645835876465,1.270198106765747,1.0130101442337036,1.3185498714447021,1.3335579633712769,1.6100873947143555,0.8856688141822815,0.5864998698234558,0.3843851387500763,0.0,0.3815069794654846,0.6400257349014282,0.5640236139297485,0.7223495244979858,0.6685384511947632,0.6780232191085815,0.8527862429618835,0.8427948951721191,1.189461350440979,1.3750269412994385,1.6936452388763428,1.2197810411453247,1.048703670501709,1.104489803314209,0.8608736395835876,1.1451823711395264,1.1715396642684937,0.9226148128509521,1.1437525749206543,1.1974138021469116,0.9179667234420776,1.0843037366867065,0.8739726543426514,1.1941649913787842,1.290191888809204,1.5374886989593506,1.8270303010940552,1.698608636856079,2.045158863067627,2.0270190238952637,2.3218131065368652,2.617443561553955,2.51340913772583,2.6753246784210205,2.4933817386627197,2.2955081462860107,2.1123909950256348,1.7895548343658447,1.7657431364059448,1.444785237312317,1.6696889400482178,1.4851150512695312,1.3398841619491577,1.5914506912231445,1.7628000974655151,1.948594093322754,2.330345392227173,2.303245782852173,2.390063524246216,2.1268863677978516,2.0939829349517822,1.886401653289795,1.6969105005264282,1.717778205871582,1.5541051626205444,1.8579115867614746
B5,1.5991545915603638,1.3992578983306885,1.4653263092041016,1.161316156387329,1.380103588104248,1.3729333877563477,1.1769201755523682,1.4638924598693848,1.5789453983306885,1.2945518493652344,1.460503101348877,1.2275786399841309,1.513047218322754,1.5460957288742065,1.7615344524383545,1.1887153387069702,0.9034133553504944,0.6010830998420715,0.3815069794654846,0.0,0.39456942677497864,0.5574737191200256,0.7392866611480713,0.7851344347000122,0.93300861120224,1.1587321758270264,1.2109622955322266,1.5487635135650635,1.7460752725601196,2.064281463623047,1.3494209051132202,1.2263673543930054,1.1828417778015137,0.9441456198692322,1.1611939668655396,1.063918948173523,0.7650623321533203,0.9653535485267639,1.117207407951355,0.8548470735549927,1.119394063949585,1.0268805027008057,1.3483079671859741,1.524463176727295,1.731373906135559,2.123403787612915,2.0272152423858643,2.383702516555786,2.364396095275879,2.672799587249756,2.9529855251312256,2.825692892074585,2.9829890727996826,2.8013417720794678,2.5763401985168457,2.3806569576263428,2.046696662902832,1.9875848293304443,1.6385447978973389,1.7996307611465454,1.8550474643707275,1.6832339763641357,1.9075781106948853,2.051705837249756,2.1987879276275635,2.5892906188964844,2.60005259513855,2.7081692218780518,2.4613542556762695,2.446072816848755,2.2569124698638916,2.063546895980835,2.0935873985290527,1.9133045673370361,2.208381414413452
B6,1.754071831703186,1.5483653545379639,1.5177806615829468,1.1759434938430786,1.303955316543579,1.1915583610534668,1.0217446088790894,1.3338624238967896,1.5413646697998047,1.3103218078613281,1.567054271697998,1.4180718660354614,1.7439206838607788,1.8417332172393799,2.0627517700195312,1.4513074159622192,1.206584095954895,0.8979641795158386,0.6400257349014282,0.39456942677497864,0.0,0.3701316714286804,0.6249507665634155,0.8582060933113098,0.9935975670814514,1.3121449947357178,1.390792965888977,1.7485191822052002,1.976959466934204,2.2673277854919434,1.7090545892715454,1.542448878288269,1.4555854797363281,1.1537622213363647,1.273432731628418,1.1015619039535522,0.8898943066596985,1.1685640811920166,1.4026193618774414,1.2017103433609009,1.4987194538116455,1.410461187362671,1.7378535270690918,1.8926972150802612,2.1025962829589844,2.456367015838623,2.3228657245635986,2.6608872413635254,2.6067817211151123,2.8903400897979736,3.1644434928894043,3.062810182571411,3.254570245742798,3.0986692905426025,2.878739833831787,2.7119534015655518,2.371800184249878,2.3460636138916016,2.0066070556640625,2.1821815967559814,2.0077714920043945,1.8530162572860718,2.0278396606445312,2.2078378200531006,2.3104665279388428,2.7017438411712646,2.7411487102508545,2.818286180496216,2.558068037033081,2.5977704524993896,2.4156012535095215,2.2762584686279297,2.315490484237671,2.180919647216797,2.4788756370544434
B7,1.6121598482131958,1.3514991998672485,1.278407096862793,0.909705400466919,0.9847736954689026,0.9111980199813843,0.8264477849006653,1.193804144859314,1.3926184177398682,1.2281360626220703,1.500209927558899,1.365355134010315,1.723158359527588,1.8212915658950806,2.0956625938415527,1.2655632495880127,1.0720499753952026,0.8111136555671692,0.5640236139297485,0.5574737191200256,0.3701316714286804,0.0,0.3881227970123291,0.6589334011077881,0.6889870166778564,1.0438060760498047,1.1237529516220093,1.483106017112732,1.7338863611221313,1.993577241897583,1.7607128620147705,1.5556069612503052,1.538081407546997,1.2139878273010254,1.3681823015213013,1.2833430767059326,1.112229585647583,1.4212708473205566,1.597338318824768,1.3703441619873047,1.6086925268173218,1.4344489574432373,1.7495789527893066,1.830653190612793,2.055117130279541,2.3444502353668213,2.1741552352905273,2.491741418838501,2.432861566543579,2.6860110759735107,2.977396249771118,2.9150140285491943,3.1202552318573,2.9689078330993652,2.7838945388793945,2.6338090896606445,2.308729648590088,2.316685199737549,2.0035059452056885,2.2290220260620117,1.750084400177002,1.6492655277252197,1.8274142742156982,2.0595006942749023,2.183570384979248,2.5650742053985596,2.5737993717193604,2.6068811416625977,2.315744400024414,2.3634285926818848,2.1561777591705322,2.053128242492676,2.07098126411438,1.9711726903915405,2.2607929706573486
B8,1.8620349168777466,1.5545445680618286,1.49724280834198,1.1267939805984497,1.14435613155365,1.120981216430664,1.1397463083267212,1.5258153676986694,1.7120511531829834,1.5733431577682495,1.8206642866134644,1.649919867515564,1.9956330060958862,2.03838849067688,2.3292722702026367,1.1604243516921997,1.0741783380508423,0.7827958464622498,0.7223495244979858,0.7392866611480713,0.6249507665634155,0.3881227970123291,0.0,0.38582172989845276,0.5354992151260376,0.8898847699165344,1.0941263437271118,1.4029154777526855,1.7135183811187744,1.9324116706848145,1.9286381006240845,1.768414855003357,1.8082724809646606,1.5204671621322632,1.720935344696045,1.645666480064392,1.4327679872512817,1.6938388347625732,1.8413679599761963,1.557551622390747,1.7456755638122559,1.5348694324493408,1.7918869256973267,1.8349868059158325,2.003537654876709,2.4125514030456543,2.2632579803466797,2.5833370685577393,2.5694193840026855,2.80936336517334,3.131436347961426,3.088921308517456,3.269500970840454,3.08673095703125,2.9342689514160156,2.754988670349121,2.4562032222747803,2.433072566986084,2.1219916343688965,2.3376879692077637,1.8572635650634766,1.8246986865997314,2.043323278427124,2.300825595855713,2.464550018310547,2.8367388248443604,2.8050670623779297,2.811082601547241,2.4918439388275146,2.5101327896118164,2.253310203552246,2.1490273475646973,2.0971298217773438,1.971657395362854,2.2108612060546875
B9,1.8261351585388184,1.4982099533081055,1.5192773342132568,1.185225009918213,1.2614161968231201,1.3484923839569092,1.3612457513809204,1.7323384284973145,1.8453609943389893,1.6847304105758667,1.8613953590393066,1.6285041570663452,1.939032793045044,1.9113473892211914,2.2118208408355713,0.820987343788147,0.805027186870575,0.5342555642127991,0.6685384511947632,0.7851344347000122,0.8582060933113098,0.6589334011077881,0.38582172989845276,0.0,0.3755524754524231,0.6000186800956726,0.8720457553863525,1.1306904554367065,1.455495834350586,1.673154354095459,1.7598447799682617,1.6461657285690308,1.7573763132095337,1.52858304977417,1.7986516952514648,1.78013014793396,1.5237617492675781,1.727275013923645,1.800100564956665,1.4689276218414307,1.5777435302734375,1.3230998516082764,1.5219898223876953,1.5280970335006714,1.6630982160568237,2.147505521774292,2.0314202308654785,2.3604025840759277,2.3964478969573975,2.6430697441101074,2.985722780227661,2.93888783454895,3.081843376159668,2.8656697273254395,2.7340662479400635,2.523956775665283,2.251497983932495,2.197105646133423,1.895695686340332,2.1055800914764404,1.7359822988510132,1.7322698831558228,2.006434917449951,2.252178430557251,2.467902421951294,2.831105947494507,2.7558023929595947,2.769087076187134,2.4471867084503174,2.4068784713745117,2.118687152862549,1.9739646911621094,1.8736529350280762,1.70071280002594,1.907745599746704
B10,1.5736205577850342,1.2191656827926636,1.209035038948059,0.8937151432037354,0.9462813138961792,1.1098538637161255,1.1668611764907837,1.52434504032135,1.6003869771957397,1.4937506914138794,1.6645501852035522,1.46359384059906,1.7887113094329834,1.785267949104309,2.120736598968506,0.7321691513061523,0.7362340688705444,0.6268119215965271,0.6780232191085815,0.93300861120224,0.9935975670814514,0.6889870166778564,0.5354992151260376,0.3755524754524231,0.0,0.38398870825767517,0.5848273634910583,0.8743000030517578,1.196502447128296,1.39801025390625,1.7412999868392944,1.5692555904388428,1.712607741355896,1.4640401601791382,1.7309856414794922,1.7761321067810059,1.5733577013015747,1.8192734718322754,1.8644005060195923,1.5611016750335693,1.6460928916931152,1.3433034420013428,1.555492639541626,1.498230218887329,1.6878036260604858,1.993385910987854,1.8236531019210815,2.1224801540374756,2.130709409713745,2.348510265350342,2.6922767162323,2.676676034927368,2.8440608978271484,2.65175199508667,2.5420258045196533,2.3700568675994873,2.1048309803009033,2.1077611446380615,1.8437044620513916,2.107917547225952,1.404171109199524,1.438200831413269,1.7000056505203247,1.978927731513977,2.200131416320801,2.5482609272003174,2.4569244384765625,2.439549684524536,2.103464126586914,2.0767195224761963,1.7836498022079468,1.6782763004302979,1.5862239599227905,1.4723458290100098,1.6986619234085083
B11,1.571191668510437,1.208708643913269,1.2805051803588867,1.0503672361373901,1.1455024480819702,1.3954871892929077,1.4494292736053467,1.7700213193893433,1.7715226411819458,1.6632966995239258,1.755597472190857,1.5128544569015503,1.7864344120025635,1.7130283117294312,2.0590200424194336,0.4255341589450836,0.6012641787528992,0.66278076171875,0.8527862429618835,1.1587321758270264,1.3121449947357178,1.0438060760498047,0.8898847699165344,0.6000186800956726,0.38398870825767517,0.0,0.37413373589515686,0.5393137335777283,0.8907073736190796,1.0755854845046997,1.6638026237487793,1.5318127870559692,1.7526988983154297,1.5705140829086304,1.8842779397964478,1.9868589639663696,1.7678542137145996,1.9648261070251465,1.9364391565322876,1.6132820844650269,1.6064938306808472,1.2573517560958862,1.3893321752548218,1.2521148920059204,1.416795015335083,1.7283333539962769,1.5809398889541626,1.8725579977035522,1.934295654296875,2.1443841457366943,2.509855031967163,2.501795530319214,2.6314077377319336,2.409464120864868,2.3361446857452393,2.144221067428589,1.9201580286026,1.9084529876708984,1.6803654432296753,1.9512852430343628,1.2696967124938965,1.3589364290237427,1.6701817512512207,1.9357869625091553,2.2089457511901855,2.5330708026885986,2.3901731967926025,2.3703391551971436,2.0345587730407715,1.9426034688949585,1.6139799356460571,1.474746584892273,1.316130518913269,1.1629118919372559,1.347106695175171
B12,1.226057529449463,0.8639564514160156,0.9802761673927307,0.831831157207489,0.9978504180908203,1.3110541105270386,1.3279579877853394,1.5900248289108276,1.5202996730804443,1.423485517501831,1.4644109010696411,1.2310936450958252,1.488174557685852,1.4262603521347046,1.790448546409607,0.4804454743862152,0.5329343676567078,0.7530080676078796,0.8427948951721191,1.2109622955322266,1.390792965888977,1.1237529516220093,1.0941263437271118,0.8720457553863525,0.5848273634910583,0.37413373589515686,0.0,0.3767489492893219,0.6237000226974487,0.8771934509277344,1.476427674293518,1.2969717979431152,1.543986439704895,1.3752148151397705,1.6880414485931396,1.8556543588638306,1.6792786121368408,1.8841646909713745,1.81803560256958,1.5373717546463013,1.5082504749298096,1.143548846244812,1.2990447282791138,1.1355655193328857,1.3802303075790405,1.4649407863616943,1.2678048610687256,1.5481467247009277,1.5774784088134766,1.791113257408142,2.1486501693725586,2.139932632446289,2.288363218307495,2.0895321369171143,2.011998414993286,1.8545935153961182,1.624530553817749,1.6677069664001465,1.4732049703598022,1.7878459692001343,0.9097158908843994,0.988550066947937,1.3097012042999268,1.5701572895050049,1.8557723760604858,2.1702003479003906,2.018521547317505,2.007624387741089,1.6828786134719849,1.5812697410583496,1.2677565813064575,1.1188052892684937,1.0089733600616455,0.8980782628059387,1.1564205884933472
B13,1.4196988344192505,1.0805875062942505,1.2272849082946777,1.1545499563217163,1.2843681573867798,1.6276109218597412,1.6769582033157349,1.919126033782959,1.8132582902908325,1.7417536973953247,1.7338582277297974,1.4951093196868896,1.6943626403808594,1.5740697383880615,1.9345884323120117,0.5234483480453491,0.7486323118209839,1.0231750011444092,1.189461350440979,1.5487635135650635,1.7485191822052002,1.483106017112732,1.4029154777526855,1.1306904554367065,0.8743000030517578,0.5393137335777283,0.3767489492893219,0.0,0.37786394357681274,0.5462405681610107,1.627479076385498,1.4951741695404053,1.7945979833602905,1.679537057876587,2.006566286087036,2.2008206844329834,2.0182416439056396,2.190295696258545,2.080108404159546,1.7912635803222656,1.6913468837738037,1.3096015453338623,1.3654406070709229,1.1068832874298096,1.2993372678756714,1.3498317003250122,1.1730178594589233,1.4117037057876587,1.5067108869552612,1.6809059381484985,2.0630578994750977,2.0848300457000732,2.192026138305664,1.9659444093704224,1.9517714977264404,1.7850152254104614,1.6227836608886719,1.6588943004608154,1.5266244411468506,1.837738275527954,0.9223591089248657,1.1029142141342163,1.4380394220352173,1.6876088380813599,2.0109503269195557,2.2827208042144775,2.0746712684631348,2.0380492210388184,1.7125133275985718,1.5477861166000366,1.189766526222229,1.0350066423416138,0.8051388263702393,0.6726031303405762,0.8408675789833069
