,A1,A2,A3,A4,A5,A6,A7,A8,A9,A10,A11,A12,A13,A14,A15,B1,B2,B3,B4,B5,B6,B7,B8,B9,B10,B11,B12,B13,B14,B15,C1,C2,C3,C4,C5,C6,C7,C8,C9,C10,C11,C12,C13,C14,C15,D1,D2,D3,D4,D5,D6,D7,D8,D9,D10,D11,D12,D13,D14,D15,E1,E2,E3,E4,E5,E6,E7,E8,E9,E10,E11,E12,E13,E14,E15
A1,0.0,0.4031625986099243,0.6309127807617188,0.9422910213470459,1.2553669214248657,1.5102394819259644,1.3589516878128052,1.2524466514587402,0.8959933519363403,0.7937317490577698,0.539897620677948,0.46896645426750183,0.6021937727928162,0.7672256827354431,1.094214916229248,1.2857882976531982,1.0794577598571777,1.3979010581970215,1.3435419797897339,1.7220733165740967,1.8606491088867188,1.6581730842590332,1.715890645980835,1.4821723699569702,1.1613839864730835,0.9833827018737793,0.6053523421287537,0.6081205606460571,0.43145838379859924,0.7205753922462463,0.31134048104286194,0.23234900832176208,0.47755640745162964,0.8054361939430237,1.089769959449768,1.4416110515594482,1.4437581300735474,1.4280407428741455,1.1434130668640137,1.1581718921661377,1.0382736921310425,0.9603673815727234,1.1369290351867676,1.1495634317398071,1.502225637435913,0.9057125449180603,0.8029413819313049,1.1542433500289917,1.2351431846618652,1.6072134971618652,1.9460715055465698,2.179147720336914,2.202256679534912,2.047459840774536,1.7436264753341675,1.671399474143982,1.297393560409546,1.4083776473999023,1.1624644994735718,1.4276964664459229,1.1162841320037842,0.818963885307312,1.0731384754180908,1.0838409662246704,1.3475854396820068,1.6873856782913208,1.637263298034668,1.727083444595337,1.5073834657669067,1.437045693397522,1.371559739112854,1.1401101350784302,1.3228564262390137,1.2045111656188965,1.565482258796692
A2,0.4031625986099243,0.0,0.4003467857837677,0.6380333304405212,0.9748534560203552,1.269884467124939,1.2051194906234741,1.20038640499115,0.9105104207992554,0.8472683429718018,0.7728928327560425,0.6512060165405273,0.9116007685661316,0.9924299716949463,1.366001844406128,0.9781956076622009,0.7500263452529907,1.0359574556350708,0.984741747379303,1.3667887449264526,1.5142502784729004,1.3139792680740356,1.3538882732391357,1.1118719577789307,0.8291041254997253,0.7012825608253479,0.35681670904159546,0.6013542413711548,0.6316537261009216,0.9912821650505066,0.6518359184265137,0.26020222902297974,0.47407370805740356,0.5914204716682434,0.9254361391067505,1.25174880027771,1.2585370540618896,1.3385287523269653,1.1227500438690186,1.0513663291931152,1.013381004333496,0.843543291091919,1.0952149629592896,1.0769437551498413,1.45724356174469,0.7691165804862976,0.552289605140686,0.8309432864189148,0.8496512770652771,1.2279859781265259,1.5506556034088135,1.7770823240280151,1.8140751123428345,1.6852881908416748,1.3952385187149048,1.3849716186523438,1.0511614084243774,1.2628298997879028,1.1310458183288574,1.457456111907959,1.1100910902023315,0.7861907482147217,1.0302854776382446,0.9385127425193787,1.2494292259216309,1.5252084732055664,1.4142229557037354,1.535396933555603,1.3528563976287842,1.2004731893539429,1.1760936975479126,0.8924071192741394,1.1197190284729004,1.0205775499343872,1.3869880437850952
A3,0.6309127807617188,0.4003467857837677,0.0,0.3954371511936188,0.6347262263298035,0.9395571947097778,0.8987340927124023,0.8721604347229004,0.6181240677833557,0.7046632170677185,0.7811529636383057,0.8283685445785522,1.1405149698257446,1.3163777589797974,1.6719671487808228,1.2397540807724,0.9486181735992432,1.1137858629226685,0.9138901233673096,1.249654769897461,1.3000174760818481,1.0529230833053589,1.1272310018539429,0.9683305621147156,0.6119032502174377,0.6310985088348389,0.4078972041606903,0.7029626369476318,0.8675320148468018,1.153738021850586,0.8573267459869385,0.5087526440620422,0.32984626293182373,0.31970614194869995,0.5495783090591431,0.9109938144683838,1.0113636255264282,1.15045166015625,1.0342730283737183,1.0574806928634644,1.1535835266113281,1.0754927396774292,1.393480896949768,1.435989260673523,1.818698763847351,0.9663410186767578,0.8341934084892273,1.0100281238555908,0.9721584320068359,1.3262749910354614,1.5814508199691772,1.7536486387252808,1.865809440612793,1.777000904083252,1.5537855625152588,1.6033087968826294,1.3213850259780884,1.5873204469680786,1.479466438293457,1.8276004791259766,1.4447194337844849,1.0798548460006714,1.2203782796859741,1.013273000717163,1.2389599084854126,1.485776424407959,1.4330953359603882,1.6455752849578857,1.549805760383606,1.4100593328475952,1.4750956296920776,1.2044432163238525,1.4649823904037476,1.3646979331970215,1.713154911994934
A4,0.9422910213470459,0.6380333304405212,0.3954371511936188,0.0,0.39372146129608154,0.6485395431518555,0.6799604892730713,0.8276574015617371,0.74708491563797,0.7768546938896179,0.9908612370491028,0.9870485067367554,1.3516489267349243,1.4995418787002563,1.8639791011810303,1.164660096168518,0.8141925930976868,0.8531973361968994,0.5616313219070435,0.8684685826301575,0.9284266829490662,0.7435011863708496,0.9167495369911194,0.8605855107307434,0.6017329096794128,0.8130532503128052,0.7100903391838074,1.0647773742675781,1.2231274843215942,1.5363646745681763,1.1121629476547241,0.7519397139549255,0.6008999347686768,0.2351699024438858,0.47253912687301636,0.6759655475616455,0.7174457311630249,0.9448392987251282,0.9246649742126465,0.8797895312309265,1.0833667516708374,1.0110777616500854,1.3760305643081665,1.4628347158432007,1.83461594581604,1.2317534685134888,1.0130319595336914,1.0816638469696045,0.8945754766464233,1.2234914302825928,1.3985357284545898,1.4892692565917969,1.6051400899887085,1.5043957233428955,1.3492363691329956,1.424804925918579,1.2147419452667236,1.537658929824829,1.5065828561782837,1.88996160030365,1.4732768535614014,1.106268286705017,1.1519969701766968,0.84328293800354,1.0372483730316162,1.1997836828231812,1.131125569343567,1.3965466022491455,1.3822078704833984,1.2330050468444824,1.3934584856033325,1.1695976257324219,1.4870564937591553,1.4710348844528198,1.8110787868499756
A5,1.2553669214248657,0.9748534560203552,0.6347262263298035,0.39372146129608154,0.0,0.395392507314682,0.6099414229393005,0.7740970253944397,0.8190269470214844,0.9889130592346191,1.2582945823669434,1.3346688747406006,1.6941479444503784,1.8740339279174805,2.2319741249084473,1.4718984365463257,1.1490564346313477,1.0908963680267334,0.7271586060523987,0.8849417567253113,0.769673764705658,0.494320273399353,0.7012640237808228,0.7894574403762817,0.5622537136077881,0.8993340730667114,0.9300915002822876,1.2596452236175537,1.4914542436599731,1.762665867805481,1.4395934343338013,1.0974617004394531,0.8555536270141602,0.5153546929359436,0.3869919776916504,0.4829881489276886,0.7112983465194702,1.0337729454040527,1.1429088115692139,1.1669613122940063,1.4323513507843018,1.3926115036010742,1.763279676437378,1.8493695259094238,2.2190427780151367,1.4385480880737305,1.287908911705017,1.2881416082382202,1.1036818027496338,1.3583213090896606,1.4527814388275146,1.4892990589141846,1.6906636953353882,1.6619946956634521,1.5739469528198242,1.7165204286575317,1.5601131916046143,1.9065608978271484,1.8976538181304932,2.281895399093628,1.8657110929489136,1.4982084035873413,1.5165377855300903,1.1747372150421143,1.2886372804641724,1.3847572803497314,1.3548449277877808,1.672824740409851,1.7191941738128662,1.5627247095108032,1.7508586645126343,1.5191235542297363,1.821365475654602,1.7783925533294678,2.091926336288452
A6,1.5102394819259644,1.269884467124939,0.9395571947097778,0.6485395431518555,0.395392507314682,0.0,0.38496077060699463,0.6775718331336975,0.8999442458152771,1.0330649614334106,1.3818190097808838,1.4833656549453735,1.8541741371154785,2.061870574951172,2.3989923000335693,1.7185132503509521,1.358324646949768,1.2437171936035156,0.8402634263038635,0.872494101524353,0.6960466504096985,0.5863457918167114,0.9260222315788269,1.1226565837860107,0.9523671865463257,1.2935181856155396,1.2897487878799438,1.6117647886276245,1.8049709796905518,2.0670740604400635,1.634415864944458,1.3391319513320923,1.0661265850067139,0.71027672290802,0.49741071462631226,0.20752005279064178,0.4551365077495575,0.8212183713912964,1.0586777925491333,1.1277904510498047,1.4676517248153687,1.5094866752624512,1.8910218477249146,2.0445151329040527,2.39833927154541,1.8170510530471802,1.6400913000106812,1.6470482349395752,1.4136735200881958,1.6547603607177734,1.6911404132843018,1.6381601095199585,1.8302558660507202,1.7689261436462402,1.7476290464401245,1.8623279333114624,1.7384251356124878,2.077488422393799,2.0700607299804688,2.4634101390838623,2.0225815773010254,1.6514893770217896,1.576216459274292,1.1987075805664062,1.193483591079712,1.221617341041565,1.2740839719772339,1.6377867460250854,1.7620960474014282,1.6671826839447021,1.920991063117981,1.7529609203338623,2.089595079421997,2.0985400676727295,2.4213523864746094
A7,1.3589516878128052,1.2051194906234741,0.8987340927124023,0.6799604892730713,0.6099414229393005,0.38496077060699463,0.0,0.3886673152446747,0.6627295613288879,0.7283971309661865,1.1105867624282837,1.2502613067626953,1.6077008247375488,1.8560068607330322,2.1615726947784424,1.771931529045105,1.3794939517974854,1.344312071800232,0.9727930426597595,1.0835070610046387,1.0117155313491821,0.9397668242454529,1.263266682624817,1.386555790901184,1.1411672830581665,1.4076240062713623,1.2995525598526,1.585655927658081,1.7084391117095947,1.9499348402023315,1.4188190698623657,1.197862148284912,0.8995624780654907,0.6165593862533569,0.43624332547187805,0.21404582262039185,0.26931676268577576,0.49207040667533875,0.7287806868553162,0.9012781381607056,1.2391971349716187,1.3669037818908691,1.7390557527542114,1.945624828338623,2.293968915939331,1.8551336526870728,1.6706103086471558,1.7604438066482544,1.5518656969070435,1.850362777709961,1.944088339805603,1.9201103448867798,2.058032512664795,1.9301315546035767,1.869659185409546,1.9045933485031128,1.7254959344863892,2.014014720916748,1.9420969486236572,2.3246867656707764,1.8733503818511963,1.4921631813049316,1.3768770694732666,1.0270766019821167,0.9562363028526306,1.0644354820251465,1.202839732170105,1.5487574338912964,1.652673602104187,1.6339483261108398,1.8816560506820679,1.7491035461425781,2.1004719734191895,2.1241562366485596,2.476012706756592
A8,1.2524466514587402,1.20038640499115,0.8721604347229004,0.8276574015617371,0.7740970253944397,0.6775718331336975,0.3886673152446747,0.0,0.390249103307724,0.5914878845214844,0.9386689066886902,1.185933232307434,1.4976234436035156,1.8028560876846313,2.080129623413086,1.9489009380340576,1.5688802003860474,1.611054539680481,1.2652095556259155,1.4346648454666138,1.354807734489441,1.2049306631088257,1.4643648862838745,1.5363720655441284,1.2192976474761963,1.4126538038253784,1.2668033838272095,1.4744482040405273,1.582155704498291,1.758768916130066,1.2980135679244995,1.1493366956710815,0.78524249792099,0.6746925115585327,0.4230663478374481,0.478426456451416,0.6375670433044434,0.6734755635261536,0.7914654016494751,1.0735819339752197,1.3380974531173706,1.4945470094680786,1.844027042388916,2.042943239212036,2.4003169536590576,1.8208004236221313,1.701085090637207,1.8504756689071655,1.7175649404525757,2.04187273979187,2.1859333515167236,2.2147154808044434,2.3617119789123535,2.2408087253570557,2.132183074951172,2.1499171257019043,1.9146941900253296,2.168117046356201,2.030243158340454,2.389547348022461,1.9522581100463867,1.5623269081115723,1.489870548248291,1.205945611000061,1.1493442058563232,1.3475990295410156,1.5069478750228882,1.8179117441177368,1.864091396331787,1.862144112586975,2.0569307804107666,1.8975809812545776,2.224729061126709,2.1983025074005127,2.559145927429199
A9,0.8959933519363403,0.9105104207992554,0.6181240677833557,0.74708491563797,0.8190269470214844,0.8999442458152771,0.6627295613288879,0.390249103307724,0.0,0.3943726122379303,0.6252906322479248,0.9060660600662231,1.1896028518676758,1.5017344951629639,1.7815712690353394,1.7790998220443726,1.4294599294662476,1.5582499504089355,1.273164987564087,1.531760334968567,1.510630488395691,1.3074835538864136,1.4932149648666382,1.462881088256836,1.0980483293533325,1.186218500137329,0.9761228561401367,1.1289756298065186,1.2086257934570312,1.3705393075942993,0.959722101688385,0.8341694474220276,0.45149746537208557,0.5361937284469604,0.44539257884025574,0.7447089552879333,0.8719857335090637,0.8770572543144226,0.8127634525299072,1.0626776218414307,1.2243504524230957,1.3386257886886597,1.6601202487945557,1.8180474042892456,2.1828830242156982,1.5096216201782227,1.4219380617141724,1.6278555393218994,1.564119577407837,1.914989948272705,2.124981164932251,2.2257144451141357,2.351391315460205,2.227311372756958,2.053577184677124,2.0529325008392334,1.7660106420516968,1.9888157844543457,1.8099583387374878,2.147355556488037,1.735613465309143,1.3495492935180664,1.3608202934265137,1.145910382270813,1.1900755167007446,1.4674097299575806,1.5705904960632324,1.8276227712631226,1.7913459539413452,1.770524263381958,1.89573073387146,1.7035013437271118,1.997198224067688,1.9305860996246338,2.2937874794006348
A10,0.7937317490577698,0.8472683429718018,0.7046632170677185,0.7768546938896179,0.9889130592346191,1.0330649614334106,0.7283971309661865,0.5914878845214844,0.3943726122379303,0.0,0.3930872082710266,0.6096896529197693,0.9164915084838867,1.2244495153427124,1.4916115999221802,1.6366063356399536,1.2718636989593506,1.4380429983139038,1.2097049951553345,1.4931410551071167,1.5634469985961914,1.4361168146133423,1.6572614908218384,1.6038037538528442,1.2677452564239502,1.3330997228622437,1.0503472089767456,1.2204457521438599,1.1946488618850708,1.398861050605774,0.751698911190033,0.6933212876319885,0.44185173511505127,0.5489557385444641,0.6749219298362732,0.8871905207633972,0.8318149447441101,0.7088171243667603,0.48829129338264465,0.7435750961303711,0.8587542176246643,1.0342302322387695,1.3371059894561768,1.549139380455017,1.8929846286773682,1.56222665309906,1.3991492986679077,1.6386938095092773,1.542521595954895,1.9159550666809082,2.1419453620910645,2.236466884613037,2.296793222427368,2.1082496643066406,1.9223790168762207,1.8496514558792114,1.5450714826583862,1.7211048603057861,1.514829158782959,1.8478028774261475,1.4251035451889038,1.046635389328003,1.0073593854904175,0.8403611779212952,0.8727546334266663,1.206008791923523,1.3228567838668823,1.5339748859405518,1.4769693613052368,1.5171438455581665,1.6467843055725098,1.5177820920944214,1.8305432796478271,1.8263086080551147,2.203935384750366
A11,0.539897620677948,0.7728928327560425,0.7811529636383057,0.9908612370491028,1.2582945823669434,1.3818190097808838,1.1105867624282837,0.9386689066886902,0.6252906322479248,0.3930872082710266,0.0,0.38006025552749634,0.5756840705871582,0.9240621328353882,1.1658828258514404,1.6259465217590332,1.3197658061981201,1.5742143392562866,1.4269334077835083,1.7594866752624512,1.8674304485321045,1.7116429805755615,1.87362539768219,1.7424468994140625,1.3928178548812866,1.3432549238204956,0.9974945187568665,1.0596424341201782,0.9276925325393677,1.0923426151275635,0.4089464843273163,0.5414086580276489,0.45548519492149353,0.7715936899185181,0.9674622416496277,1.2510743141174316,1.2088292837142944,1.0746711492538452,0.7687508463859558,0.9447312951087952,0.888472855091095,1.0212830305099487,1.2406997680664062,1.41083824634552,1.7418228387832642,1.4189198017120361,1.2935962677001953,1.6031720638275146,1.5875035524368286,1.9724963903427124,2.2566308975219727,2.411536455154419,2.4435653686523438,2.2475032806396484,2.003042221069336,1.8946343660354614,1.5390558242797852,1.644758701324463,1.3685951232910156,1.6497869491577148,1.2778124809265137,0.9382600784301758,1.0032498836517334,0.9801320433616638,1.0938884019851685,1.4677882194519043,1.5404932498931885,1.6742600202560425,1.5267231464385986,1.5691807270050049,1.6073453426361084,1.4674004316329956,1.7258790731430054,1.6866487264633179,2.0605077743530273
A12,0.46896645426750183,0.6512060165405273,0.8283685445785522,0.9870485067367554,1.3346688747406006,1.4833656549453735,1.2502613067626953,1.185933232307434,0.9060660600662231,0.6096896529197693,0.38006025552749634,0.0,0.3808569610118866,0.6186043620109558,0.9221811890602112,1.3369221687316895,1.0600597858428955,1.360644817352295,1.3049604892730713,1.6604048013687134,1.843172550201416,1.7262705564498901,1.8761199712753296,1.7073668241500854,1.4067463874816895,1.3333135843276978,0.9690120816230774,1.067965030670166,0.8776678442955017,1.1269090175628662,0.2827443778514862,0.4032643437385559,0.5850090384483337,0.820443332195282,1.1317839622497559,1.3918812274932861,1.2774138450622559,1.1570754051208496,0.8012591004371643,0.8104150295257568,0.628082811832428,0.6887617707252502,0.8688177466392517,1.036171793937683,1.3626011610031128,1.3233072757720947,1.1207067966461182,1.4365488290786743,1.4054487943649292,1.7894036769866943,2.0902955532073975,2.2588977813720703,2.2357120513916016,2.0064940452575684,1.7366207838058472,1.5820926427841187,1.2100739479064941,1.275991439819336,0.9887566566467285,1.2781442403793335,0.8982556462287903,0.5670346617698669,0.6945152878761292,0.7692039012908936,0.9782165884971619,1.351818561553955,1.3544820547103882,1.4175171852111816,1.210928201675415,1.2539527416229248,1.2541580200195312,1.1470704078674316,1.401955246925354,1.4127932786941528,1.7878509759902954
A13,0.6021937727928162,0.9116007685661316,1.1405149698257446,1.3516489267349243,1.6941479444503784,1.8541741371154785,1.6077008247375488,1.4976234436035156,1.1896028518676758,0.9164915084838867,0.5756840705871582,0.3808569610118866,0.0,0.38962695002555847,0.5924969911575317,1.543561339378357,1.337475299835205,1.6745704412460327,1.6645772457122803,2.0264689922332764,2.219954013824463,2.0937836170196533,2.2190544605255127,2.0170516967773438,1.713225245475769,1.5733582973480225,1.1949764490127563,1.182766318321228,0.8843891024589539,1.0433769226074219,0.30415424704551697,0.6667062640190125,0.8864669799804688,1.1836291551589966,1.4746918678283691,1.7529382705688477,1.6448118686676025,1.4873173236846924,1.1104084253311157,1.1335545778274536,0.8651610016822815,0.9214223027229309,0.953688383102417,1.081356167793274,1.3452743291854858,1.4310237169265747,1.2808884382247925,1.637474775314331,1.6700917482376099,2.0441339015960693,2.375786304473877,2.576212167739868,2.5293526649475098,2.290759801864624,1.9913347959518433,1.7983179092407227,1.4077030420303345,1.373194694519043,1.009326696395874,1.189771294593811,0.9164353609085083,0.7232139110565186,0.8956094980239868,1.0888973474502563,1.2788530588150024,1.6605435609817505,1.6662099361419678,1.667206048965454,1.407319188117981,1.4819809198379517,1.4028675556182861,1.322614073753357,1.5023245811462402,1.492249846458435,1.843248963356018
A14,0.7672256827354431,0.9924299716949463,1.3163777589797974,1.4995418787002563,1.8740339279174805,2.061870574951172,1.8560068607330322,1.8028560876846313,1.5017344951629639,1.2244495153427124,0.9240621328353882,0.6186043620109558,0.38962695002555847,0.0,0.3855953812599182,1.37722647190094,1.2604840993881226,1.6277879476547241,1.7119405269622803,2.0791900157928467,2.3228814601898193,2.2176082134246826,2.312974214553833,2.0729925632476807,1.8204448223114014,1.6476340293884277,1.285556674003601,1.2751010656356812,0.948312520980835,1.1464167833328247,0.5737472176551819,0.8080062866210938,1.1339592933654785,1.3793647289276123,1.7199816703796387,1.9912397861480713,1.8559402227401733,1.7271790504455566,1.3493962287902832,1.2615026235580444,0.9235414862632751,0.8572174906730652,0.7492938041687012,0.7888692617416382,1.0035786628723145,1.4020668268203735,1.2149890661239624,1.56132972240448,1.6094279289245605,1.9557619094848633,2.303773880004883,2.528371572494507,2.4310543537139893,2.1774415969848633,1.8495327234268188,1.6177152395248413,1.22633957862854,1.1049717664718628,0.713934063911438,0.823943555355072,0.6424232721328735,0.6116335988044739,0.8761974573135376,1.1542991399765015,1.406818151473999,1.755244493484497,1.6892173290252686,1.6116406917572021,1.287003755569458,1.3423707485198975,1.1755346059799194,1.1320596933364868,1.245613694190979,1.2709072828292847,1.5936074256896973
A15,1.094214916229248,1.366001844406128,1.6719671487808228,1.8639791011810303,2.2319741249084473,2.3989923000335693,2.1615726947784424,2.080129623413086,1.7815712690353394,1.4916115999221802,1.1658828258514404,0.9221811890602112,0.5924969911575317,0.3855953812599182,0.0,1.7247287034988403,1.6281137466430664,1.9905985593795776,2.0796611309051514,2.4386141300201416,2.686323881149292,2.5896708965301514,2.694481134414673,2.4560132026672363,2.1950509548187256,2.0107486248016357,1.6450179815292358,1.5883640050888062,1.2290475368499756,1.3360416889190674,0.8579320311546326,1.166237473487854,1.4569780826568604,1.7268208265304565,2.0476033687591553,2.3118464946746826,2.1629326343536377,1.9855998754501343,1.5933383703231812,1.5375864505767822,1.1758421659469604,1.174821376800537,0.9944950342178345,1.051342487335205,1.1524298191070557,1.7260469198226929,1.5741546154022217,1.9256218671798706,1.988193392753601,2.3262975215911865,2.676896333694458,2.9011151790618896,2.7857933044433594,2.5144145488739014,2.1888997554779053,1.923354148864746,1.546825647354126,1.3544389009475708,0.9468204379081726,0.9103902578353882,0.873555064201355,0.9429751038551331,1.1322224140167236,1.455995798110962,1.655379056930542,2.0079991817474365,1.9734078645706177,1.859299659729004,1.529228925704956,1.6420783996582031,1.4611387252807617,1.4714771509170532,1.5445740222930908,1.577769160270691,1.8634958267211914
B1,1.2857882976531982,0.9781956076622009,1.2397540807724,1.164660096168518,1.4718984365463257,1.7185132503509521,1.771931529045105,1.9489009380340576,1.7790998220443726,1.6366063356399536,1.6259465217590332,1.3369221687316895,1.543561339378357,1.37722647190094,1.7247287034988403,0.0,0.4069235026836395,0.6078768968582153,0.9468355774879456,1.2281608581542969,1.5370750427246094,1.4973737001419067,1.4820061922073364,1.2261333465576172,1.254982590675354,1.2043901681900024,1.1209467649459839,1.373331069946289,1.3874409198760986,1.762868881225586,1.428518295288086,1.1322336196899414,1.3961355686187744,1.2853130102157593,1.631172776222229,1.7962886095046997,1.684066653251648,1.8209919929504395,1.6519966125488281,1.3447301387786865,1.2662947177886963,0.8900688886642456,0.9831994771957397,0.7811001539230347,1.0376293659210205,1.1584687232971191,0.7839964032173157,0.7207647562026978,0.5405104756355286,0.7231049537658691,1.0165307521820068,1.2570682764053345,1.1033570766448975,0.9256536364555359,0.5425823926925659,0.5432624816894531,0.39186379313468933,0.6978105902671814,0.9257299900054932,1.2162173986434937,1.0021138191223145,0.9414947032928467,1.1583369970321655,1.1247988939285278,1.4922174215316772,1.5923950672149658,1.2786731719970703,1.2386678457260132,1.0317246913909912,0.6752088069915771,0.5458868145942688,0.2615582346916199,0.44210192561149597,0.6467440128326416,0.8901787400245667
B2,1.0794577598571777,0.7500263452529907,0.9486181735992432,0.8141925930976868,1.1490564346313477,1.358324646949768,1.3794939517974854,1.5688802003860474,1.4294599294662476,1.2718636989593506,1.3197658061981201,1.0600597858428955,1.337475299835205,1.2604840993881226,1.6281137466430664,0.4069235026836395,0.0,0.3868544399738312,0.6216383576393127,0.9573773145675659,1.2634341716766357,1.2325531244277954,1.3054614067077637,1.1133291721343994,1.0627514123916626,1.0924437046051025,0.9568471908569336,1.2681005001068115,1.2924253940582275,1.675126314163208,1.2036203145980835,0.879930317401886,1.0846027135849,0.924821674823761,1.27744460105896,1.4204554557800293,1.2851238250732422,1.4144724607467651,1.2600127458572388,0.9618427753448486,0.9483749270439148,0.6183364987373352,0.8566502332687378,0.8186659812927246,1.1462527513504028,1.1897380352020264,0.8057170510292053,0.8261210322380066,0.5616894960403442,0.8723599314689636,1.1198540925979614,1.2801092863082886,1.19242525100708,0.9767286777496338,0.6854323148727417,0.6557438969612122,0.41972506046295166,0.7896650433540344,0.9122123122215271,1.2829771041870117,0.936844527721405,0.7343456745147705,0.8785669803619385,0.7540374994277954,1.1159062385559082,1.2340681552886963,0.9585734009742737,1.0034797191619873,0.8502865433692932,0.5494699478149414,0.6197059154510498,0.4078593850135803,0.7652055025100708,0.9172950983047485,1.2331593036651611
B3,1.3979010581970215,1.0359574556350708,1.1137858629226685,0.8531973361968994,1.0908963680267334,1.2437171936035156,1.344312071800232,1.611054539680481,1.5582499504089355,1.4380429983139038,1.5742143392562866,1.360644817352295,1.6745704412460327,1.6277879476547241,1.9905985593795776,0.6078768968582153,0.3868544399738312,0.0,0.4053003787994385,0.629832923412323,0.9725062847137451,1.024925708770752,1.1254225969314575,1.0256867408752441,1.0751546621322632,1.2212871313095093,1.1809496879577637,1.534048318862915,1.6213253736495972,2.0007731914520264,1.5300877094268799,1.1837670803070068,1.2961293458938599,1.0260305404663086,1.3072117567062378,1.3521984815597534,1.2086021900177002,1.4098620414733887,1.3580832481384277,1.048447608947754,1.15213143825531,0.888354480266571,1.1494698524475098,1.1529152393341064,1.4358636140823364,1.4482771158218384,1.0881233215332031,0.9905605316162109,0.6156504154205322,0.8104503154754639,0.9157053232192993,0.9681293964385986,0.8921427726745605,0.682437002658844,0.5260515213012695,0.6447700262069702,0.642829179763794,1.0406736135482788,1.239300012588501,1.6062332391738892,1.2620882987976074,1.0647172927856445,1.1030701398849487,0.8765810132026672,1.161337971687317,1.1581010818481445,0.8441956043243408,0.9603261351585388,0.9514029026031494,0.6351556777954102,0.8480616211891174,0.7238155603408813,1.0403860807418823,1.2084239721298218,1.4701910018920898
B4,1.3435419797897339,0.984741747379303,0.9138901233673096,0.5616313219070435,0.7271586060523987,0.8402634263038635,0.9727930426597595,1.2652095556259155,1.273164987564087,1.2097049951553345,1.4269334077835083,1.3049604892730713,1.6645772457122803,1.7119405269622803,2.0796611309051514,0.9468355774879456,0.6216383576393127,0.4053003787994385,0.0,0.3881836235523224,0.6515131592750549,0.6829334497451782,0.8841835260391235,0.8868270516395569,0.8723029494285583,1.1214572191238403,1.0967192649841309,1.4752039909362793,1.6099618673324585,1.967536211013794,1.4835578203201294,1.1222883462905884,1.108088493347168,0.7573488354682922,0.9627549052238464,0.9590827822685242,0.8494614958763123,1.1149706840515137,1.1451725959777832,0.9203609824180603,1.1428000926971436,0.9897285103797913,1.3311030864715576,1.4064141511917114,1.7282079458236694,1.4912426471710205,1.180646538734436,1.1155966520309448,0.7655467987060547,0.9994645118713379,1.0656616687774658,1.059140682220459,1.1158491373062134,0.9799373745918274,0.9125123023986816,1.036211609840393,0.9745596647262573,1.3555976152420044,1.4680943489074707,1.858889102935791,1.4602587223052979,1.1718753576278687,1.1568748950958252,0.8233019709587097,1.029070258140564,1.0255141258239746,0.8157796859741211,1.0757542848587036,1.1418614387512207,0.9236517548561096,1.1746153831481934,1.0256422758102417,1.3632692098617554,1.4622970819473267,1.7564852237701416
B5,1.7220733165740967,1.3667887449264526,1.249654769897461,0.8684685826301575,0.8849417567253113,0.872494101524353,1.0835070610046387,1.4346648454666138,1.531760334968567,1.4931410551071167,1.7594866752624512,1.6604048013687134,2.0264689922332764,2.0791900157928467,2.4386141300201416,1.2281608581542969,0.9573773145675659,0.629832923412323,0.3881836235523224,0.0,0.391669899225235,0.6325045824050903,0.8866498470306396,1.0272715091705322,1.1053485870361328,1.4161955118179321,1.449497103691101,1.831085443496704,1.9897273778915405,2.341538906097412,1.8536447286605835,1.5007401704788208,1.4460020065307617,1.0634450912475586,1.1681337356567383,1.0349358320236206,0.9186350107192993,1.22879958152771,1.3600305318832397,1.146198034286499,1.4233367443084717,1.3084802627563477,1.63652503490448,1.7296744585037231,2.0198261737823486,1.8351519107818604,1.5377395153045654,1.4151285886764526,1.041641116142273,1.165911078453064,1.0910353660583496,0.9339861869812012,1.0275477170944214,0.9335305690765381,1.0226843357086182,1.1976302862167358,1.247357726097107,1.6282881498336792,1.7881754636764526,2.173840284347534,1.7820521593093872,1.516250491142273,1.4426555633544922,1.0890910625457764,1.198936939239502,1.0667530298233032,0.8693128228187561,1.1666266918182373,1.3374885320663452,1.1384122371673584,1.4405887126922607,1.3413454294204712,1.6644902229309082,1.7888165712356567,2.0490071773529053
B6,1.8606491088867188,1.5142502784729004,1.3000174760818481,0.9284266829490662,0.769673764705658,0.6960466504096985,1.0117155313491821,1.354807734489441,1.510630488395691,1.5634469985961914,1.8674304485321045,1.843172550201416,2.219954013824463,2.3228814601898193,2.686323881149292,1.5370750427246094,1.2634341716766357,0.9725062847137451,0.6515131592750549,0.391669899225235,0.0,0.3852176070213318,0.7016869783401489,0.9787902235984802,1.062182903289795,1.4342588186264038,1.5272136926651,1.8997151851654053,2.11222505569458,2.4348840713500977,2.015223741531372,1.6560956239700317,1.517068862915039,1.1198207139968872,1.0913106203079224,0.8947372436523438,0.9046216607093811,1.2769137620925903,1.4857069253921509,1.3661417961120605,1.6845380067825317,1.6098054647445679,1.9619072675704956,2.0566911697387695,2.3695614337921143,1.9431349039077759,1.7050532102584839,1.5697650909423828,1.2374356985092163,1.3383598327636719,1.2245742082595825,1.0424461364746094,1.254496455192566,1.2593698501586914,1.3606222867965698,1.5732818841934204,1.5998340845108032,1.9862512350082397,2.1153526306152344,2.5070791244506836,2.102330207824707,1.800200343132019,1.7328248023986816,1.3538883924484253,1.4152857065200806,1.2923461198806763,1.183516502380371,1.5195441246032715,1.699151873588562,1.5134416818618774,1.799721598625183,1.6578316688537598,1.970002293586731,2.0378010272979736,2.296055316925049
B7,1.6581730842590332,1.3139792680740356,1.0529230833053589,0.7435011863708496,0.494320273399353,0.5863457918167114,0.9397668242454529,1.2049306631088257,1.3074835538864136,1.4361168146133423,1.7116429805755615,1.7262705564498901,2.0937836170196533,2.2176082134246826,2.5896708965301514,1.4973737001419067,1.2325531244277954,1.024925708770752,0.6829334497451782,0.6325045824050903,0.3852176070213318,0.0,0.3914983570575714,0.680147111415863,0.7239202857017517,1.1153050661087036,1.2536877393722534,1.6080670356750488,1.8636739253997803,2.1627979278564453,1.8529819250106812,1.479655146598816,1.3102935552597046,0.9413560628890991,0.8688670992851257,0.7830330729484558,0.9325839281082153,1.3141688108444214,1.4825178384780884,1.415244460105896,1.7039258480072021,1.6112138032913208,1.9715561866760254,2.0293381214141846,2.3727667331695557,1.6699426174163818,1.489449143409729,1.3615278005599976,1.0964713096618652,1.224223017692566,1.1788742542266846,1.112370491027832,1.3736354112625122,1.4220800399780273,1.4342219829559326,1.664371371269226,1.622506022453308,2.010613203048706,2.0983643531799316,2.4866068363189697,2.086980104446411,1.7597795724868774,1.7593625783920288,1.3948930501937866,1.5069488286972046,1.4810963869094849,1.382420301437378,1.7074099779129028,1.8153266906738281,1.6045763492584229,1.829958438873291,1.61614191532135,1.9041458368301392,1.8981177806854248,2.160590887069702
B8,1.715890645980835,1.3538882732391357,1.1272310018539429,0.9167495369911194,0.7012640237808228,0.9260222315788269,1.263266682624817,1.4643648862838745,1.4932149648666382,1.6572614908218384,1.87362539768219,1.8761199712753296,2.2190544605255127,2.312974214553833,2.694481134414673,1.4820061922073364,1.3054614067077637,1.1254225969314575,0.8841835260391235,0.8866498470306396,0.7016869783401489,0.3914983570575714,0.0,0.39571428298950195,0.6023025512695312,0.9601632952690125,1.2054188251495361,1.5298852920532227,1.8334063291549683,2.1207475662231445,1.9572217464447021,1.5646893978118896,1.4344675540924072,1.1246273517608643,1.0781375169754028,1.1016863584518433,1.2900259494781494,1.6577138900756836,1.7770904302597046,1.6949212551116943,1.9316120147705078,1.777695655822754,2.1123554706573486,2.0984935760498047,2.440906286239624,1.5178722143173218,1.3935283422470093,1.1954479217529297,0.994843065738678,1.0397130250930786,0.9860872030258179,1.0003716945648193,1.318197250366211,1.4596530199050903,1.4396620988845825,1.7295078039169312,1.6948081254959106,2.0858423709869385,2.1922714710235596,2.560861587524414,2.1999008655548096,1.8951773643493652,1.966251015663147,1.6380963325500488,1.8120964765548706,1.8152780532836914,1.669762372970581,1.9538590908050537,2.0114564895629883,1.744889259338379,1.9060124158859253,1.6379024982452393,1.8635022640228271,1.798515796661377,2.014786720275879
B9,1.4821723699569702,1.1118719577789307,0.9683305621147156,0.8605855107307434,0.7894574403762817,1.1226565837860107,1.386555790901184,1.5363720655441284,1.462881088256836,1.6038037538528442,1.7424468994140625,1.7073668241500854,2.0170516967773438,2.0729925632476807,2.4560132026672363,1.2261333465576172,1.1133291721343994,1.0256867408752441,0.8868270516395569,1.0272715091705322,0.9787902235984802,0.680147111415863,0.39571428298950195,0.0,0.3906858265399933,0.6371037364006042,0.9223954081535339,1.228133201599121,1.535696268081665,1.829594612121582,1.7508107423782349,1.352805495262146,1.2968422174453735,1.0613832473754883,1.1161267757415771,1.262498140335083,1.424649953842163,1.748247504234314,1.7802579402923584,1.672344446182251,1.8347901105880737,1.626086711883545,1.9265782833099365,1.8533803224563599,2.195896625518799,1.1480302810668945,1.0412540435791016,0.81961989402771,0.695020854473114,0.7586050629615784,0.8395994901657104,1.017049789428711,1.2771668434143066,1.4080501794815063,1.2900586128234863,1.572659969329834,1.4949185848236084,1.8665456771850586,1.9627588987350464,2.30774188041687,1.983764886856079,1.7037714719772339,1.847261667251587,1.5755488872528076,1.8206204175949097,1.8847519159317017,1.7013044357299805,1.9302884340286255,1.9113696813583374,1.6142576932907104,1.6989697217941284,1.3838711977005005,1.5610634088516235,1.446570634841919,1.6516205072402954
B10,1.1613839864730835,0.8291041254997253,0.6119032502174377,0.6017329096794128,0.5622537136077881,0.9523671865463257,1.1411672830581665,1.2192976474761963,1.0980483293533325,1.2677452564239502,1.3928178548812866,1.4067463874816895,1.713225245475769,1.8204448223114014,2.1950509548187256,1.254982590675354,1.0627514123916626,1.0751546621322632,0.8723029494285583,1.1053485870361328,1.062182903289795,0.7239202857017517,0.6023025512695312,0.3906858265399933,0.0,0.3969423174858093,0.617307722568512,0.9305886030197144,1.2412943840026855,1.5186741352081299,1.4311589002609253,1.0487195253372192,0.93907630443573,0.7514933347702026,0.7981533408164978,1.0386667251586914,1.2306864261627197,1.5136817693710327,1.514039397239685,1.4691470861434937,1.6221096515655518,1.4606139659881592,1.7775405645370483,1.7410327196121216,2.1097490787506104,0.9844014644622803,0.9035384058952332,0.8334982991218567,0.7729047536849976,0.9910890460014343,1.166835069656372,1.3465728759765625,1.5591050386428833,1.6055445671081543,1.4384595155715942,1.6387485265731812,1.4712868928909302,1.8147315979003906,1.8297321796417236,2.179638624191284,1.8304669857025146,1.5100520849227905,1.6588928699493408,1.396632432937622,1.6314700841903687,1.763777494430542,1.636607050895691,1.8773448467254639,1.832370638847351,1.5871330499649048,1.6643855571746826,1.3437695503234863,1.5533684492111206,1.4161702394485474,1.683468222618103
B11,0.9833827018737793,0.7012825608253479,0.6310985088348389,0.8130532503128052,0.8993340730667114,1.2935181856155396,1.4076240062713623,1.4126538038253784,1.186218500137329,1.3330997228622437,1.3432549238204956,1.3333135843276978,1.5733582973480225,1.6476340293884277,2.0107486248016357,1.2043901681900024,1.0924437046051025,1.2212871313095093,1.1214572191238403,1.4161955118179321,1.4342588186264038,1.1153050661087036,0.9601632952690125,0.6371037364006042,0.3969423174858093,0.0,0.3788810074329376,0.5993978381156921,0.9392396211624146,1.2019059658050537,1.2869324684143066,0.9347378015518188,0.9212275147438049,0.8957772254943848,1.0215837955474854,1.342246651649475,1.5095852613449097,1.730947732925415,1.6466736793518066,1.5989093780517578,1.661323070526123,1.462389588356018,1.723336935043335,1.623140573501587,1.985870122909546,0.6037482619285583,0.6285172700881958,0.6330750584602356,0.7665911316871643,1.0031546354293823,1.2845538854599,1.5578060150146484,1.72154700756073,1.7567323446273804,1.5126782655715942,1.677925705909729,1.4557191133499146,1.7459608316421509,1.7218300104141235,2.029287099838257,1.7332786321640015,1.4476529359817505,1.6785019636154175,1.4986943006515503,1.7830153703689575,1.973821997642517,1.8307026624679565,2.0130038261413574,1.8912787437438965,1.639694333076477,1.6237623691558838,1.2645257711410522,1.3995964527130127,1.178643822669983,1.4355672597885132
B12,0.6053523421287537,0.35681670904159546,0.4078972041606903,0.7100903391838074,0.9300915002822876,1.2897487878799438,1.2995525598526,1.2668033838272095,0.9761228561401367,1.0503472089767456,0.9974945187568665,0.9690120816230774,1.1949764490127563,1.285556674003601,1.6450179815292358,1.1209467649459839,0.9568471908569336,1.1809496879577637,1.0967192649841309,1.449497103691101,1.5272136926651,1.2536877393722534,1.2054188251495361,0.9223954081535339,0.617307722568512,0.3788810074329376,0.0,0.3816852569580078,0.6280964612960815,0.9395392537117004,0.9087254405021667,0.5677470564842224,0.6173840761184692,0.7101525664329529,0.9319058060646057,1.2919076681137085,1.3973701000213623,1.5418174266815186,1.3863561153411865,1.3516099452972412,1.360284686088562,1.1852532625198364,1.4329280853271484,1.3635276556015015,1.736179232597351,0.5593409538269043,0.5001125931739807,0.7152094841003418,0.8306142091751099,1.161008596420288,1.4827616214752197,1.7426817417144775,1.8425663709640503,1.792609691619873,1.5129823684692383,1.5858910083770752,1.29339599609375,1.535082221031189,1.440009355545044,1.7449661493301392,1.4350298643112183,1.1347471475601196,1.3819407224655151,1.2525562047958374,1.5453616380691528,1.7927476167678833,1.6760282516479492,1.8296499252319336,1.6696193218231201,1.4708858728408813,1.4367420673370361,1.1018872261047363,1.268190622329712,1.0754759311676025,1.3966668844223022
B13,0.6081205606460571,0.6013542413711548,0.7029626369476318,1.0647773742675781,1.2596452236175537,1.6117647886276245,1.585655927658081,1.4744482040405273,1.1289756298065186,1.2204457521438599,1.0596424341201782,1.067965030670166,1.182766318321228,1.2751010656356812,1.5883640050888062,1.373331069946289,1.2681005001068115,1.534048318862915,1.4752039909362793,1.831085443496704,1.8997151851654053,1.6080670356750488,1.5298852920532227,1.228133201599121,0.9305886030197144,0.5993978381156921,0.3816852569580078,0.0,0.3850937485694885,0.602790892124176,0.905646562576294,0.7086413502693176,0.7876200675964355,1.0155997276306152,1.1968715190887451,1.587568998336792,1.71256422996521,1.8128732442855835,1.6183463335037231,1.625207781791687,1.5748658180236816,1.4160196781158447,1.601879358291626,1.4976933002471924,1.8472033739089966,0.46018168330192566,0.6267791986465454,0.9078940749168396,1.1354469060897827,1.433248519897461,1.7824463844299316,2.078369140625,2.1723570823669434,2.1284584999084473,1.8207589387893677,1.8683664798736572,1.5467113256454468,1.7210456132888794,1.5673776865005493,1.8104779720306396,1.5629428625106812,1.3045156002044678,1.594024658203125,1.5332551002502441,1.820844054222107,2.1068220138549805,2.0079727172851562,2.1328847408294678,1.930971384048462,1.7541964054107666,1.6574164628982544,1.3234182596206665,1.4127259254455566,1.1473777294158936,1.4354671239852905
