,A1,A2,A3,A4,A5,A6,A7,A8,A9,A10,A11,A12,A13,A14,A15,B1,B2,B3,B4,B5,B6,B7,B8,B9,B10,B11,B12,B13,B14,B15,C1,C2,C3,C4,C5,C6,C7,C8,C9,C10,C11,C12,C13,C14,C15,D1,D2,D3,D4,D5,D6,D7,D8,D9,D10,D11,D12,D13,D14,D15,E1,E2,E3,E4,E5,E6,E7,E8,E9,E10,E11,E12,E13,E14,E15
A1,0.0,0.3744294047355652,0.5955955386161804,0.8551271557807922,1.1707839965820312,1.335734248161316,1.2608447074890137,1.0660514831542969,0.7271427512168884,0.7193792462348938,0.6469113230705261,0.672288715839386,0.9358619451522827,1.0873541831970215,1.45468008518219,1.5003013610839844,1.3457154035568237,1.4823389053344727,1.1946357488632202,1.4645916223526,1.3822513818740845,1.5801821947097778,1.4343472719192505,1.488074541091919,1.141399621963501,1.2798620462417603,1.0802773237228394,1.2348427772521973,1.2958402633666992,1.4305063486099243,1.340917944908142,1.5842742919921875,1.5785422325134277,1.6540398597717285,1.8244366645812988,1.5926510095596313,1.3140522241592407,0.9695034027099609,0.8785526752471924,0.9750434756278992,0.9616566300392151,1.3283004760742188,1.4307103157043457,1.8247183561325073,2.0017812252044678,1.6608860492706299,1.7706120014190674,2.144162654876709,2.2479493618011475,2.624084711074829,2.7068140506744385,2.5779871940612793,2.4012341499328613,2.1253013610839844,1.8480314016342163,1.555099606513977,1.2636871337890625,0.9836315512657166,0.6453786492347717,0.42119377851486206,1.9107584953308105,2.069597005844116,2.3821535110473633,2.387239933013916,2.7501680850982666,2.7244625091552734,2.5554752349853516,2.1972756385803223,2.0376689434051514,1.7450577020645142,1.5233033895492554,1.4889442920684814,1.2517789602279663,1.4542030096054077,1.3061884641647339
A2,0.3744294047355652,0.0,0.38190314173698425,0.5831295847892761,0.9160903692245483,1.1481246948242188,1.1818945407867432,1.089606523513794,0.8428436517715454,0.7442230582237244,0.7947847843170166,0.6775999665260315,1.0044127702713013,1.073696494102478,1.4521446228027344,1.348441243171692,1.1246461868286133,1.201669454574585,0.8753384351730347,1.1192926168441772,1.0817633867263794,1.3285280466079712,1.2566888332366943,1.325657606124878,1.0144864320755005,1.2178089618682861,1.0191231966018677,1.2700872421264648,1.3181654214859009,1.5354692935943604,1.5077073574066162,1.8058350086212158,1.8113417625427246,1.9452645778656006,2.120682954788208,1.9063775539398193,1.5907313823699951,1.2754426002502441,1.1358431577682495,1.269348382949829,1.1805192232131958,1.5494874715805054,1.5858064889907837,1.9759938716888428,2.121849775314331,2.011348247528076,2.0898873805999756,2.4687302112579346,2.5503196716308594,2.9257450103759766,3.0175678730010986,2.9109296798706055,2.745326042175293,2.4815425872802734,2.193175792694092,1.9163798093795776,1.6073527336120605,1.343997836112976,1.00117027759552,0.7635406851768494,2.115330934524536,2.3144381046295166,2.6015236377716064,2.6196811199188232,2.971573829650879,2.9068210124969482,2.6980233192443848,2.3233957290649414,2.1814489364624023,1.9285396337509155,1.7163848876953125,1.7537819147109985,1.5357847213745117,1.778246283531189,1.6472458839416504
A3,0.5955955386161804,0.38190314173698425,0.0,0.3872721195220947,0.6024180054664612,0.856401264667511,0.9324820041656494,0.9386503100395203,0.7842131853103638,0.8069580793380737,0.997498631477356,0.9770094156265259,1.3390389680862427,1.4413721561431885,1.8154449462890625,1.5242396593093872,1.2420495748519897,1.3413583040237427,1.0303295850753784,1.249241590499878,1.3062951564788818,1.5956084728240967,1.5743249654769897,1.61247980594635,1.306156039237976,1.4673030376434326,1.1933525800704956,1.4107012748718262,1.3510150909423828,1.5491998195648193,1.5861575603485107,1.8779393434524536,1.8149785995483398,1.9792635440826416,2.1014580726623535,1.8726533651351929,1.5231822729110718,1.2675153017044067,1.169089436531067,1.4021178483963013,1.3794447183609009,1.7616885900497437,1.8467594385147095,2.230391025543213,2.413156032562256,2.1318485736846924,2.2199180126190186,2.5970418453216553,2.719622850418091,3.0853893756866455,3.2114384174346924,3.078660726547241,2.9343204498291016,2.643655300140381,2.392202377319336,2.100811719894409,1.8097492456436157,1.5512959957122803,1.1923645734786987,1.0124088525772095,2.436058282852173,2.605952501296997,2.891195058822632,2.870758295059204,3.2153232097625732,3.136522054672241,2.947593927383423,2.584962844848633,2.4795119762420654,2.208935499191284,2.0309553146362305,2.0408132076263428,1.835311770439148,2.047438621520996,1.8866215944290161
A4,0.8551271557807922,0.5831295847892761,0.3872721195220947,0.0,0.3913733959197998,0.5968261957168579,0.7512865662574768,0.8410383462905884,0.8173791170120239,0.7360177636146545,1.0239676237106323,0.9736108779907227,1.3579939603805542,1.4660154581069946,1.8133292198181152,1.2776753902435303,0.9537163972854614,1.0733903646469116,0.8300134539604187,1.080448031425476,1.2408685684204102,1.4979350566864014,1.5024782419204712,1.4719130992889404,1.192664384841919,1.319683313369751,1.0211201906204224,1.2663605213165283,1.172945261001587,1.4337083101272583,1.5329957008361816,1.8672024011611938,1.8314907550811768,2.0624523162841797,2.2117748260498047,2.0441834926605225,1.6707507371902466,1.4485164880752563,1.2645155191421509,1.5062726736068726,1.4168851375579834,1.782128930091858,1.8274668455123901,2.1878669261932373,2.3665404319763184,2.297748327255249,2.326697587966919,2.705179452896118,2.7974395751953125,3.1546339988708496,3.305105686187744,3.203350305557251,3.0926289558410645,2.822439432144165,2.5627880096435547,2.309662103652954,1.9852643013000488,1.779558777809143,1.3996511697769165,1.2692468166351318,2.4995455741882324,2.680987596511841,2.927978277206421,2.8923468589782715,3.2143898010253906,3.0873937606811523,2.8761203289031982,2.5153861045837402,2.4569077491760254,2.2152185440063477,2.085357904434204,2.150022506713867,2.0005595684051514,2.2597689628601074,2.151350736618042
A5,1.1707839965820312,0.9160903692245483,0.6024180054664612,0.3913733959197998,0.0,0.39716070890426636,0.7155500650405884,0.9640596508979797,1.0464777946472168,1.0568008422851562,1.3812618255615234,1.3633742332458496,1.7488313913345337,1.850878357887268,2.1970977783203125,1.580805778503418,1.2304966449737549,1.3227728605270386,1.1047301292419434,1.2744402885437012,1.4919191598892212,1.7834190130233765,1.8403815031051636,1.8135278224945068,1.5614784955978394,1.678930640220642,1.3654766082763672,1.5819247961044312,1.4173294305801392,1.6513725519180298,1.7994396686553955,2.1167728900909424,2.028531789779663,2.2754156589508057,2.3752777576446533,2.1966392993927,1.8117525577545166,1.6476396322250366,1.5110652446746826,1.803023099899292,1.758088231086731,2.1229541301727295,2.192415952682495,2.5446133613586426,2.7374777793884277,2.5617964267730713,2.602752685546875,2.9746129512786865,3.0959010124206543,3.443608522415161,3.6149191856384277,3.4940876960754395,3.394610643386841,3.1062471866607666,2.872727155685425,2.6066172122955322,2.3013248443603516,2.0891354084014893,1.7120921611785889,1.5892624855041504,2.881574869155884,3.0500247478485107,3.297053098678589,3.242086410522461,3.5578994750976562,3.4215383529663086,3.221378803253174,2.8701963424682617,2.8313024044036865,2.5844569206237793,2.466914653778076,2.515504837036133,2.3618788719177246,2.5985031127929688,2.4624147415161133
A6,1.335734248161316,1.1481246948242188,0.856401264667511,0.5968261957168579,0.39716070890426636,0.0,0.40480971336364746,0.7526292204856873,0.9732285141944885,1.0137670040130615,1.3908201456069946,1.4498388767242432,1.8334870338439941,1.9988292455673218,2.323761463165283,1.5609761476516724,1.2410322427749634,1.4221279621124268,1.2971168756484985,1.5238792896270752,1.7673629522323608,2.0058276653289795,2.024492025375366,1.9248992204666138,1.65875244140625,1.688307762145996,1.3312710523605347,1.470537781715393,1.2235437631607056,1.4277052879333496,1.6332677602767944,1.9398614168167114,1.832228422164917,2.123591899871826,2.2149152755737305,2.09125018119812,1.698084831237793,1.5981864929199219,1.4322515726089478,1.7524362802505493,1.721093773841858,2.060227155685425,2.156693935394287,2.479050636291504,2.706624746322632,2.502211093902588,2.5042169094085693,2.8630306720733643,2.987865447998047,3.315068244934082,3.5218307971954346,3.4057300090789795,3.3474202156066895,3.064255714416504,2.854525089263916,2.6181252002716064,2.309130907058716,2.151886463165283,1.7704795598983765,1.7302887439727783,2.9084577560424805,3.0444929599761963,3.2671923637390137,3.1681249141693115,3.4610812664031982,3.29984188079834,3.121896743774414,2.795999050140381,2.8081531524658203,2.5558063983917236,2.495508909225464,2.5384087562561035,2.4364078044891357,2.676433801651001,2.571777820587158
A7,1.2608447074890137,1.1818945407867432,0.9324820041656494,0.7512865662574768,0.7155500650405884,0.40480971336364746,0.0,0.39403027296066284,0.7051662802696228,0.8293599486351013,1.2074979543685913,1.3695980310440063,1.7343640327453613,1.9697117805480957,2.2841548919677734,1.5528669357299805,1.3018832206726074,1.5664589405059814,1.4647787809371948,1.7574111223220825,1.955281138420105,2.1543760299682617,2.1029438972473145,1.9684439897537231,1.6591367721557617,1.6172982454299927,1.2282931804656982,1.2652342319488525,0.9639522433280945,1.0888721942901611,1.3049722909927368,1.5800942182540894,1.4451122283935547,1.747329592704773,1.8327313661575317,1.7422219514846802,1.3513423204421997,1.2939999103546143,1.119621753692627,1.45966637134552,1.4740614891052246,1.7930779457092285,1.9429347515106201,2.2498345375061035,2.5177628993988037,2.173572301864624,2.160017728805542,2.5071213245391846,2.646498918533325,2.960808753967285,3.185903310775757,3.0615124702453613,3.02620005607605,2.742943048477173,2.5580835342407227,2.340824842453003,2.0422921180725098,1.9293218851089478,1.560268521308899,1.6025488376617432,2.709622859954834,2.8034849166870117,3.022817850112915,2.888638734817505,3.1740944385528564,3.022033452987671,2.881814479827881,2.5788965225219727,2.6104371547698975,2.332803964614868,2.306107521057129,2.3128674030303955,2.2434089183807373,2.4649429321289062,2.3800435066223145
A8,1.0660514831542969,1.089606523513794,0.9386503100395203,0.8410383462905884,0.9640596508979797,0.7526292204856873,0.39403027296066284,0.0,0.3797992765903473,0.5629717707633972,0.899894654750824,1.144662618637085,1.4758366346359253,1.7617487907409668,2.063340902328491,1.4492324590682983,1.2723580598831177,1.5812640190124512,1.4805402755737305,1.8205649852752686,1.9554442167282104,2.114546298980713,1.9966003894805908,1.8502213954925537,1.506739616394043,1.4216206073760986,1.0313537120819092,0.9910516738891602,0.7040734887123108,0.7658904790878296,0.9370823502540588,1.2043123245239258,1.0834428071975708,1.3769936561584473,1.4998470544815063,1.4284138679504395,1.044820785522461,0.9629216194152832,0.7413327693939209,1.0756382942199707,1.1120184659957886,1.4222692251205444,1.6083042621612549,1.9146299362182617,2.2036736011505127,1.793135404586792,1.7687702178955078,2.119345188140869,2.2548744678497314,2.573784351348877,2.7933270931243896,2.670274496078491,2.6356563568115234,2.3590075969696045,2.1724936962127686,1.9705052375793457,1.668923020362854,1.5892244577407837,1.2323708534240723,1.3395392894744873,2.3637030124664307,2.434486150741577,2.658816337585449,2.5159084796905518,2.8072311878204346,2.676095724105835,2.5560503005981445,2.2602028846740723,2.2839126586914062,1.9858589172363281,1.969164252281189,1.9505019187927246,1.901509404182434,2.1162304878234863,2.05690860748291
A9,0.7271427512168884,0.8428436517715454,0.7842131853103638,0.8173791170120239,1.0464777946472168,0.9732285141944885,0.7051662802696228,0.3797992765903473,0.0,0.3809109628200531,0.6105578541755676,0.8903102278709412,1.2052199840545654,1.495916485786438,1.8130137920379639,1.4224332571029663,1.2734977006912231,1.5562716722488403,1.3987104892730713,1.7436065673828125,1.8038618564605713,1.962085485458374,1.8098679780960083,1.7087949514389038,1.3396258354187012,1.2937885522842407,0.9400849342346191,0.9249194860458374,0.7750986218452454,0.8307194113731384,0.8627157807350159,1.122047781944275,1.037295937538147,1.2474437952041626,1.4015692472457886,1.2718299627304077,0.9057976603507996,0.7018944621086121,0.47010475397109985,0.7878113985061646,0.8461889028549194,1.1980922222137451,1.396984338760376,1.7407959699630737,2.017040252685547,1.5404901504516602,1.5590859651565552,1.9287528991699219,2.0636236667633057,2.4077892303466797,2.587615489959717,2.455629825592041,2.3783304691314697,2.0948517322540283,1.8824341297149658,1.6525088548660278,1.345726490020752,1.2276941537857056,0.8611927628517151,0.9633384943008423,2.087001323699951,2.1672375202178955,2.425783395767212,2.316854476928711,2.6376302242279053,2.5499796867370605,2.4271557331085205,2.112718105316162,2.0783512592315674,1.7608755826950073,1.6908955574035645,1.6457442045211792,1.5556365251541138,1.7611039876937866,1.6866363286972046
A10,0.7193792462348938,0.7442230582237244,0.8069580793380737,0.7360177636146545,1.0568008422851562,1.0137670040130615,0.8293599486351013,0.5629717707633972,0.3809109628200531,0.0,0.3903948962688446,0.5844526886940002,0.9184882044792175,1.2008538246154785,1.5015058517456055,1.0479929447174072,0.9233187437057495,1.218232274055481,1.1022121906280518,1.4730712175369263,1.53342604637146,1.642417550086975,1.475484848022461,1.3412915468215942,0.9773002862930298,0.9215348958969116,0.5648947954177856,0.6322531700134277,0.5892946124076843,0.7965387105941772,0.8170034289360046,1.1585392951965332,1.1934881210327148,1.4254159927368164,1.651668667793274,1.568050503730774,1.2308014631271362,0.9903751611709595,0.671816885471344,0.845400333404541,0.7183635830879211,1.0691840648651123,1.1682350635528564,1.5187034606933594,1.7564119100570679,1.675806999206543,1.6419663429260254,2.017554521560669,2.0813424587249756,2.433692455291748,2.5946199893951416,2.5145010948181152,2.4348819255828857,2.1928162574768066,1.9309428930282593,1.7376121282577515,1.3846020698547363,1.2859411239624023,0.9131008982658386,0.9660703539848328,1.9011701345443726,2.0316367149353027,2.2641336917877197,2.187786102294922,2.5037572383880615,2.3847081661224365,2.209956169128418,1.8701871633529663,1.8369519710540771,1.5588476657867432,1.4909605979919434,1.5315475463867188,1.4685893058776855,1.7460747957229614,1.7271674871444702
A11,0.6469113230705261,0.7947847843170166,0.997498631477356,1.0239676237106323,1.3812618255615234,1.3908201456069946,1.2074979543685913,0.899894654750824,0.6105578541755676,0.3903948962688446,0.0,0.38916271924972534,0.6094669103622437,0.944740355014801,1.2278960943222046,1.0938633680343628,1.0718566179275513,1.3323160409927368,1.207198977470398,1.5708765983581543,1.5376248359680176,1.5956029891967773,1.3573129177093506,1.249518632888794,0.8742827773094177,0.8169960975646973,0.5941762924194336,0.6211760640144348,0.7696831822395325,0.9071565270423889,0.7768730521202087,1.0746116638183594,1.1853244304656982,1.3320379257202148,1.6050176620483398,1.5200270414352417,1.2503222227096558,0.9486581683158875,0.6361874938011169,0.6221373677253723,0.406888484954834,0.7753138542175293,0.8648996949195862,1.245744228363037,1.4686471223831177,1.4443913698196411,1.4159715175628662,1.7930210828781128,1.824946403503418,2.192744255065918,2.3112106323242188,2.244598150253296,2.1348345279693604,1.913461685180664,1.6168161630630493,1.435340166091919,1.0654486417770386,0.9792629480361938,0.6407191157341003,0.7248465418815613,1.5316863059997559,1.6711958646774292,1.925658106803894,1.8831359148025513,2.2207443714141846,2.142171859741211,1.967355728149414,1.6172473430633545,1.5272737741470337,1.2326042652130127,1.1213423013687134,1.1532899141311646,1.0844284296035767,1.3822842836380005,1.401199460029602
A12,0.672288715839386,0.6775999665260315,0.9770094156265259,0.9736108779907227,1.3633742332458496,1.4498388767242432,1.3695980310440063,1.144662618637085,0.8903102278709412,0.5844526886940002,0.38916271924972534,0.0,0.3883441984653473,0.617264449596405,0.9380542635917664,0.8981550931930542,0.8685620427131653,1.0458627939224243,0.9006868600845337,1.2460628747940063,1.1753623485565186,1.2106032371520996,0.9723771810531616,0.9019083380699158,0.5280459523200989,0.613818347454071,0.5197262763977051,0.7501248717308044,0.9759565591812134,1.210176706314087,1.108813762664795,1.4266165494918823,1.567317008972168,1.7130204439163208,1.990483045578003,1.8879916667938232,1.6162692308425903,1.2954901456832886,1.014228343963623,0.981181800365448,0.7046098709106445,1.0058356523513794,0.9447808861732483,1.3239792585372925,1.4534486532211304,1.7658021450042725,1.7420403957366943,2.1111667156219482,2.101534843444824,2.471428632736206,2.5545313358306885,2.5185322761535645,2.383471727371216,2.1876091957092285,1.8577969074249268,1.6784178018569946,1.310674786567688,1.179787278175354,0.8720703125,0.794228732585907,1.5403035879135132,1.7586164474487305,2.0003914833068848,2.024747133255005,2.3605315685272217,2.269890308380127,2.0351555347442627,1.6544029712677002,1.5254813432693481,1.29909086227417,1.129930853843689,1.258911371231079,1.1547791957855225,1.4958997964859009,1.517506718635559
A13,0.9358619451522827,1.0044127702713013,1.3390389680862427,1.3579939603805542,1.7488313913345337,1.8334870338439941,1.7343640327453613,1.4758366346359253,1.2052199840545654,0.9184882044792175,0.6094669103622437,0.3883441984653473,0.0,0.3877827525138855,0.6213419437408447,0.9964231848716736,1.0934792757034302,1.2343586683273315,1.1423370838165283,1.4499210119247437,1.3039214611053467,1.2387148141860962,0.9148131608963013,0.8507152199745178,0.5554953813552856,0.6002823710441589,0.7185956835746765,0.8663070797920227,1.188513994216919,1.379847764968872,1.2060189247131348,1.4735370874404907,1.6825348138809204,1.7757737636566162,2.088992118835449,2.014176368713379,1.801572322845459,1.4735468626022339,1.2034415006637573,1.0428153276443481,0.7131609320640564,0.887271523475647,0.7207865715026855,1.0809636116027832,1.1455543041229248,1.724300742149353,1.678245186805725,2.0213494300842285,1.9527732133865356,2.3182129859924316,2.355963945388794,2.359269618988037,2.208848476409912,2.062450885772705,1.7030537128448486,1.574729084968567,1.2144116163253784,1.1365703344345093,0.9369032382965088,0.887684166431427,1.1884111166000366,1.446149230003357,1.6802672147750854,1.7571711540222168,2.095315933227539,2.029017448425293,1.7767611742019653,1.3898707628250122,1.201472520828247,1.0083374977111816,0.7928646206855774,0.9901845455169678,0.9203246235847473,1.3004755973815918,1.400439977645874
A14,1.0873541831970215,1.073696494102478,1.4413721561431885,1.4660154581069946,1.850878357887268,1.9988292455673218,1.9697117805480957,1.7617487907409668,1.495916485786438,1.2008538246154785,0.944740355014801,0.617264449596405,0.3877827525138855,0.0,0.38075748085975647,1.0810832977294922,1.1597813367843628,1.1766542196273804,1.0602445602416992,1.285102367401123,1.0595099925994873,0.9488964676856995,0.609723687171936,0.684905469417572,0.5266640782356262,0.751309335231781,0.9582837224006653,1.1917294263839722,1.5101841688156128,1.7408990859985352,1.5876169204711914,1.861253023147583,2.065237045288086,2.1506879329681396,2.4543018341064453,2.3506553173065186,2.134843111038208,1.7901201248168945,1.548376202583313,1.4051512479782104,1.0969643592834473,1.256017804145813,1.0399359464645386,1.3510284423828125,1.3164900541305542,2.052309036254883,2.0307607650756836,2.3641374111175537,2.2809014320373535,2.642667055130005,2.645345449447632,2.661642074584961,2.4830005168914795,2.3512494564056396,1.9797030687332153,1.841373085975647,1.5088132619857788,1.3825088739395142,1.212279200553894,1.0563075542449951,1.3268036842346191,1.6420185565948486,1.8644752502441406,2.0067548751831055,2.3363561630249023,2.27738618850708,1.9894274473190308,1.5995992422103882,1.3693634271621704,1.257885456085205,0.9935781955718994,1.2302416563034058,1.108715295791626,1.4730744361877441,1.5508733987808228
A15,1.45468008518219,1.4521446228027344,1.8154449462890625,1.8133292198181152,2.1970977783203125,2.323761463165283,2.2841548919677734,2.063340902328491,1.8130137920379639,1.5015058517456055,1.2278960943222046,0.9380542635917664,0.6213419437408447,0.38075748085975647,0.0,1.1781243085861206,1.3517169952392578,1.3510591983795166,1.3209720849990845,1.5142121315002441,1.2802711725234985,1.0569127798080444,0.6876170039176941,0.7139618992805481,0.718479335308075,0.8497941493988037,1.162833333015442,1.3488813638687134,1.7097381353378296,1.9294791221618652,1.7570465803146362,2.0057947635650635,2.2593233585357666,2.3338024616241455,2.663597822189331,2.5988235473632812,2.4113123416900635,2.0774455070495605,1.820996642112732,1.6258550882339478,1.2889412641525269,1.3444130420684814,1.0432647466659546,1.2607232332229614,1.1223416328430176,2.2028207778930664,2.1422195434570312,2.44273042678833,2.2996819019317627,2.639495611190796,2.611870050430298,2.6791586875915527,2.50856614112854,2.4327731132507324,2.0519421100616455,1.976678729057312,1.6605312824249268,1.5979119539260864,1.4874383211135864,1.3769075870513916,1.171535849571228,1.526038646697998,1.6925864219665527,1.8854855298995972,2.1862027645111084,2.1235570907592773,1.8044096231460571,1.427658200263977,1.172432780265808,1.1640287637710571,0.9231889247894287,1.2407444715499878,1.1968282461166382,1.565712809562683,1.7161967754364014
B1,1.5003013610839844,1.348441243171692,1.5242396593093872,1.2776753902435303,1.580805778503418,1.5609761476516724,1.5528669357299805,1.4492324590682983,1.4224332571029663,1.0479929447174072,1.0938633680343628,0.8981550931930542,0.9964231848716736,1.0810832977294922,1.1781243085861206,0.0,0.37778350710868835,0.606570839881897,0.857616662979126,1.1703786849975586,1.2792003154754639,1.1495858430862427,0.9958407878875732,0.64992755651474,0.57625812292099,0.4261171221733093,0.5173909664154053,0.7784882187843323,0.9862233400344849,1.3402202129364014,1.3815176486968994,1.745851993560791,1.9508424997329712,2.2140610218048096,2.521184206008911,2.528080701828003,2.2275383472442627,1.9907853603363037,1.6316009759902954,1.6335567235946655,1.2864069938659668,1.434770107269287,1.2255030870437622,1.4345430135726929,1.488303780555725,2.421604871749878,2.2791121006011963,2.614673137664795,2.523084878921509,2.8442537784576416,2.9697511196136475,3.0189528465270996,2.9637537002563477,2.830218553543091,2.508230686187744,2.4210705757141113,2.03910493850708,2.0102643966674805,1.713143229484558,1.6906498670578003,1.9166280031204224,2.1560604572296143,2.2572450637817383,2.259157419204712,2.502112627029419,2.2748520374298096,1.9608615636825562,1.6074706315994263,1.6346826553344727,1.5659188032150269,1.565821886062622,1.835206389427185,1.876278042793274,2.257157802581787,2.3593881130218506
B2,1.3457154035568237,1.1246461868286133,1.2420495748519897,0.9537163972854614,1.2304966449737549,1.2410322427749634,1.3018832206726074,1.2723580598831177,1.2734977006912231,0.9233187437057495,1.0718566179275513,0.8685620427131653,1.0934792757034302,1.1597813367843628,1.3517169952392578,0.37778350710868835,0.0,0.38308262825012207,0.5804730653762817,0.9130899310112,1.0989586114883423,1.0835262537002563,1.0238687992095947,0.7787964344024658,0.6446607708930969,0.6597655415534973,0.5588504076004028,0.8940375447273254,0.9905337691307068,1.3683912754058838,1.4543108940124512,1.8365014791488647,1.9752638339996338,2.2508022785186768,2.51955509185791,2.4815614223480225,2.1467950344085693,1.9108917713165283,1.5781313180923462,1.6572076082229614,1.3616900444030762,1.5932011604309082,1.4516772031784058,1.7172726392745972,1.8048375844955444,2.4842209815979004,2.385000467300415,2.741595506668091,2.700559616088867,3.036360263824463,3.1737630367279053,3.1826577186584473,3.1122045516967773,2.9375545978546143,2.6254687309265137,2.487189769744873,2.1082260608673096,2.0224478244781494,1.68460214138031,1.6176104545593262,2.1581645011901855,2.393409490585327,2.536618709564209,2.530458927154541,2.7964255809783936,2.5878560543060303,2.2952120304107666,1.9357900619506836,1.9394073486328125,1.8225083351135254,1.7773652076721191,2.0010030269622803,1.9810764789581299,2.3428642749786377,2.3849687576293945
B3,1.4823389053344727,1.201669454574585,1.3413583040237427,1.0733903646469116,1.3227728605270386,1.4221279621124268,1.5664589405059814,1.5812640190124512,1.5562716722488403,1.218232274055481,1.3323160409927368,1.0458627939224243,1.2343586683273315,1.1766542196273804,1.3510591983795166,0.606570839881897,0.38308262825012207,0.0,0.39252302050590515,0.6009365320205688,0.8201590180397034,0.7910757064819336,0.847065806388855,0.6862831115722656,0.7025390863418579,0.8685663342475891,0.8823583722114563,1.2456809282302856,1.368302345275879,1.7436591386795044,1.8113311529159546,2.190748929977417,2.329862117767334,2.5857014656066895,2.851348876953125,2.7820346355438232,2.44628643989563,2.1850154399871826,1.8772637844085693,1.9457579851150513,1.6453264951705933,1.8809977769851685,1.7016133069992065,1.9676233530044556,1.995802640914917,2.7679665088653564,2.6918771266937256,3.0519564151763916,3.0023915767669678,3.3458733558654785,3.456610918045044,3.470850706100464,3.3740804195404053,3.202929735183716,2.873220443725586,2.7197556495666504,2.3461477756500244,2.222532272338867,1.8960111141204834,1.760291576385498,2.320329189300537,2.594684362411499,2.740908145904541,2.780510187149048,3.0507431030273438,2.851522445678711,2.531459093093872,2.1621932983398438,2.1271042823791504,2.045894145965576,1.9547934532165527,2.2028250694274902,2.1462388038635254,2.5106372833251953,2.53646183013916
B4,1.1946357488632202,0.8753384351730347,1.0303295850753784,0.8300134539604187,1.1047301292419434,1.2971168756484985,1.4647787809371948,1.4805402755737305,1.3987104892730713,1.1022121906280518,1.207198977470398,0.9006868600845337,1.1423370838165283,1.0602445602416992,1.3209720849990845,0.857616662979126,0.5804730653762817,0.39252302050590515,0.0,0.3880443572998047,0.5640224814414978,0.7122775912284851,0.7945454716682434,0.7915482521057129,0.6996897459030151,0.9708773493766785,0.9253162145614624,1.3083914518356323,1.417622447013855,1.7699477672576904,1.8115960359573364,2.1816651821136475,2.282231330871582,2.5041422843933105,2.744131326675415,2.6207964420318604,2.284259080886841,1.99947190284729,1.7381868362426758,1.8260751962661743,1.570291519165039,1.8584624528884888,1.7252322435379028,2.0449323654174805,2.092930316925049,2.640472650527954,2.617154359817505,2.9895384311676025,2.9770212173461914,3.337900161743164,3.4346067905426025,3.4129481315612793,3.2838943004608154,3.084033489227295,2.756476402282715,2.5588412284851074,2.200855016708374,2.021498918533325,1.690767765045166,1.498608112335205,2.304192304611206,2.577399969100952,2.773601531982422,2.8248441219329834,3.1282248497009277,2.9733028411865234,2.6744587421417236,2.2900774478912354,2.2025957107543945,2.0746688842773438,1.9225051403045654,2.123610258102417,2.0018420219421387,2.339298725128174,2.3131797313690186
B5,1.4645916223526,1.1192926168441772,1.249241590499878,1.080448031425476,1.2744402885437012,1.5238792896270752,1.7574111223220825,1.8205649852752686,1.7436065673828125,1.4730712175369263,1.5708765983581543,1.2460628747940063,1.4499210119247437,1.285102367401123,1.5142121315002441,1.1703786849975586,0.9130899310112,0.6009365320205688,0.3880443572998047,0.0,0.39102113246917725,0.623483419418335,0.8764224648475647,0.9789419770240784,1.001910924911499,1.3078850507736206,1.3078503608703613,1.6926000118255615,1.8001023530960083,2.154484748840332,2.1986210346221924,2.566946268081665,2.6610913276672363,2.875037431716919,3.10524845123291,2.959084987640381,2.621515989303589,2.3306217193603516,2.0948991775512695,2.184809684753418,1.9360681772232056,2.2220404148101807,2.0702126026153564,2.382373094558716,2.3933212757110596,2.985340118408203,2.9798014163970947,3.3525166511535645,3.3382649421691895,3.702150344848633,3.783142566680908,3.762583017349243,3.616149425506592,3.416586399078369,3.082322359085083,2.872119426727295,2.525571584701538,2.318800449371338,2.003082036972046,1.7649739980697632,2.584996461868286,2.8810362815856934,3.077071189880371,3.1572928428649902,3.4604246616363525,3.3090453147888184,2.993299961090088,2.607203722000122,2.500596523284912,2.3989601135253906,2.2217113971710205,2.4331867694854736,2.2849886417388916,2.6126458644866943,2.566309928894043
B6,1.3822513818740845,1.0817633867263794,1.3062951564788818,1.2408685684204102,1.4919191598892212,1.7673629522323608,1.955281138420105,1.9554442167282104,1.8038618564605713,1.53342604637146,1.5376248359680176,1.1753623485565186,1.3039214611053467,1.0595099925994873,1.2802711725234985,1.2792003154754639,1.0989586114883423,0.8201590180397034,0.5640224814414978,0.39102113246917725,0.0,0.40219640731811523,0.651134192943573,0.8975508213043213,0.9364710450172424,1.2997702360153198,1.3669935464859009,1.7469404935836792,1.9159152507781982,2.2476766109466553,2.2344675064086914,2.582228422164917,2.6959989070892334,2.863041877746582,3.1040823459625244,2.9387693405151367,2.631709575653076,2.308271646499634,2.0942301750183105,2.1306118965148926,1.8787857294082642,2.149850606918335,1.9803839921951294,2.298375129699707,2.2754158973693848,2.885829210281372,2.9023702144622803,3.268465042114258,3.2428996562957764,3.612365484237671,3.6559464931488037,3.6379079818725586,3.4612462520599365,3.273822069168091,2.925748109817505,2.713284730911255,2.383732795715332,2.15974497795105,1.8870937824249268,1.6117538213729858,2.384406805038452,2.6989846229553223,2.911038875579834,3.031830072402954,3.3479957580566406,3.233943223953247,2.9167330265045166,2.5244693756103516,2.3635363578796387,2.270569086074829,2.0446419715881348,2.2545406818389893,2.0757219791412354,2.3924293518066406,2.3450427055358887
B7,1.5801821947097778,1.3285280466079712,1.5956084728240967,1.4979350566864014,1.7834190130233765,2.0058276653289795,2.1543760299682617,2.114546298980713,1.962085485458374,1.642417550086975,1.5956029891967773,1.2106032371520996,1.2387148141860962,0.9488964676856995,1.0569127798080444,1.1495858430862427,1.0835262537002563,0.7910757064819336,0.7122775912284851,0.623483419418335,0.40219640731811523,0.0,0.3742660880088806,0.6325700283050537,0.8220049738883972,1.1651086807250977,1.3425182104110718,1.7088712453842163,1.937759280204773,2.275325298309326,2.2422356605529785,2.586906671524048,2.753342866897583,2.9214749336242676,3.1988158226013184,3.073880910873413,2.783782482147217,2.456998825073242,2.204939842224121,2.186285972595215,1.8818140029907227,2.0938992500305176,1.8592376708984375,2.13047456741333,2.0520524978637695,2.9285593032836914,2.9055681228637695,3.256749391555786,3.1826839447021484,3.5403337478637695,3.5688862800598145,3.5920608043670654,3.426144599914551,3.2785980701446533,2.914658308029175,2.748100757598877,2.4089794158935547,2.2329659461975098,1.9874043464660645,1.7497270107269287,2.2153024673461914,2.552307605743408,2.7235724925994873,2.8690133094787598,3.1623246669769287,3.0330333709716797,2.689359664916992,2.3049886226654053,2.147167444229126,2.1137938499450684,1.9089661836624146,2.1754441261291504,2.0460050106048584,2.3915889263153076,2.406202554702759
B8,1.4343472719192505,1.2566888332366943,1.5743249654769897,1.5024782419204712,1.8403815031051636,2.024492025375366,2.1029438972473145,1.9966003894805908,1.8098679780960083,1.475484848022461,1.3573129177093506,0.9723771810531616,0.9148131608963013,0.609723687171936,0.6876170039176941,0.9958407878875732,1.0238687992095947,0.847065806388855,0.7945454716682434,0.8764224648475647,0.651134192943573,0.3742660880088806,0.0,0.3858518898487091,0.5616075992584229,0.8957123756408691,1.1349374055862427,1.4679272174835205,1.7474868297576904,2.0593948364257812,1.9859809875488281,2.3114593029022217,2.5070667266845703,2.65389347076416,2.9511594772338867,2.847424268722534,2.583153247833252,2.2507736682891846,1.9864990711212158,1.91727876663208,1.5924649238586426,1.7694627046585083,1.5142334699630737,1.7781065702438354,1.6908115148544312,2.630305051803589,2.592207670211792,2.9325811862945557,2.8391647338867188,3.1929092407226562,3.210706949234009,3.246471405029297,3.0831198692321777,2.9540467262268066,2.584502935409546,2.443171501159668,2.1027657985687256,1.9590178728103638,1.7399804592132568,1.5380792617797852,1.8426533937454224,2.181042194366455,2.3497250080108643,2.5009496212005615,2.796076774597168,2.679591655731201,2.3408963680267334,1.954638957977295,1.7795743942260742,1.7486377954483032,1.541683554649353,1.8225626945495605,1.7177170515060425,2.0770294666290283,2.1305859088897705
B9,1.488074541091919,1.325657606124878,1.61247980594635,1.4719130992889404,1.8135278224945068,1.9248992204666138,1.9684439897537231,1.8502213954925537,1.7087949514389038,1.3412915468215942,1.249518632888794,0.9019083380699158,0.8507152199745178,0.684905469417572,0.7139618992805481,0.64992755651474,0.7787964344024658,0.6862831115722656,0.7915482521057129,0.9789419770240784,0.8975508213043213,0.6325700283050537,0.3858518898487091,0.0,0.37859582901000977,0.5978952050209045,0.8895182013511658,1.202383279800415,1.4928762912750244,1.8161725997924805,1.7650765180587769,2.1014668941497803,2.3218510150909424,2.5052638053894043,2.820387601852417,2.7665882110595703,2.4953699111938477,2.1905739307403564,1.8803924322128296,1.8118575811386108,1.4529478549957275,1.5974105596542358,1.3181108236312866,1.5488126277923584,1.477988600730896,2.550875663757324,2.4621098041534424,2.7969906330108643,2.6837964057922363,3.0240650177001953,3.072279691696167,3.1295058727264404,3.0069661140441895,2.8911490440368652,2.529399871826172,2.423947334289551,2.0617127418518066,1.9755802154541016,1.7354525327682495,1.6079827547073364,1.7640436887741089,2.082409143447876,2.211238384246826,2.323086738586426,2.594154119491577,2.432415246963501,2.0844643115997314,1.7036384344100952,1.5942602157592773,1.5782983303070068,1.4507558345794678,1.7610331773757935,1.730630874633789,2.1148054599761963,2.210559129714966
B10,1.141399621963501,1.0144864320755005,1.306156039237976,1.192664384841919,1.5614784955978394,1.65875244140625,1.6591367721557617,1.506739616394043,1.3396258354187012,0.9773002862930298,0.8742827773094177,0.5280459523200989,0.5554953813552856,0.5266640782356262,0.718479335308075,0.57625812292099,0.6446607708930969,0.7025390863418579,0.6996897459030151,1.001910924911499,0.9364710450172424,0.8220049738883972,0.5616075992584229,0.37859582901000977,0.0,0.37853166460990906,0.578345537185669,0.9080015420913696,1.1908655166625977,1.500080943107605,1.4390507936477661,1.779261589050293,1.975447654724121,2.154956817626953,2.458833694458008,2.393535852432251,2.118354320526123,1.8130698204040527,1.5052034854888916,1.4524608850479126,1.1090726852416992,1.3043980598449707,1.0875695943832397,1.3852652311325073,1.4004809856414795,2.216557502746582,2.143984317779541,2.493560791015625,2.4168612957000732,2.7696533203125,2.8369696140289307,2.860614061355591,2.738020896911621,2.592090606689453,2.241290330886841,2.111816883087158,1.7423814535140991,1.646412968635559,1.3797526359558105,1.272315263748169,1.6323286294937134,1.9164005517959595,2.088514566421509,2.1608824729919434,2.4592578411102295,2.3171310424804688,2.0089008808135986,1.6179866790771484,1.5068103075027466,1.4040812253952026,1.265755534172058,1.5231074094772339,1.4739378690719604,1.8522323369979858,1.925492286682129
B11,1.2798620462417603,1.2178089618682861,1.4673030376434326,1.319683313369751,1.678930640220642,1.688307762145996,1.6172982454299927,1.4216206073760986,1.2937885522842407,0.9215348958969116,0.8169960975646973,0.613818347454071,0.6002823710441589,0.751309335231781,0.8497941493988037,0.4261171221733093,0.6597655415534973,0.8685663342475891,0.9708773493766785,1.3078850507736206,1.2997702360153198,1.1651086807250977,0.8957123756408691,0.5978952050209045,0.37853166460990906,0.0,0.39454448223114014,0.6172013282775879,0.9490013122558594,1.2426329851150513,1.1825000047683716,1.519756555557251,1.7552623748779297,1.9600811004638672,2.2868597507476807,2.2831485271453857,2.020787000656128,1.7523363828659058,1.4033743143081665,1.3270087242126465,0.9518705010414124,1.0803192853927612,0.844345211982727,1.1011441946029663,1.1592276096343994,2.079918146133423,1.9495329856872559,2.284306049346924,2.183112621307373,2.5183322429656982,2.6132729053497314,2.6597900390625,2.5802478790283203,2.4552438259124756,2.1183974742889404,2.038217782974243,1.6595523357391357,1.642945647239685,1.3847031593322754,1.380249261856079,1.5100406408309937,1.7555140256881714,1.8872897624969482,1.91203773021698,2.186692714691162,2.00840163230896,1.7056254148483276,1.3254636526107788,1.2864493131637573,1.1843767166137695,1.1468762159347534,1.4168975353240967,1.4590004682540894,1.8445465564727783,1.9690076112747192
B12,1.0802773237228394,1.0191231966018677,1.1933525800704956,1.0211201906204224,1.3654766082763672,1.3312710523605347,1.2282931804656982,1.0313537120819092,0.9400849342346191,0.5648947954177856,0.5941762924194336,0.5197262763977051,0.7185956835746765,0.9582837224006653,1.162833333015442,0.5173909664154053,0.5588504076004028,0.8823583722114563,0.9253162145614624,1.3078503608703613,1.3669935464859009,1.3425182104110718,1.1349374055862427,0.8895182013511658,0.578345537185669,0.39454448223114014,0.0,0.3864714205265045,0.613510012626648,0.941480815410614,0.9432599544525146,1.315759539604187,1.4888792037963867,1.7337822914123535,2.0297458171844482,2.015622854232788,1.7177228927612305,1.4744023084640503,1.1157366037368774,1.132144570350647,0.8144237399101257,1.0388219356536865,0.9441215991973877,1.2450543642044067,1.4050685167312622,1.943285346031189,1.8301382064819336,2.1848490238189697,2.1452159881591797,2.485931873321533,2.6239278316497803,2.624633312225342,2.559440851211548,2.3881475925445557,2.081946611404419,1.964179515838623,1.5829778909683228,1.547173023223877,1.230469822883606,1.2562980651855469,1.7086009979248047,1.9002445936203003,2.06469988822937,2.0288405418395996,2.31427264213562,2.1390843391418457,1.888628363609314,1.5275819301605225,1.521652102470398,1.3380560874938965,1.3132243156433105,1.4945954084396362,1.5098897218704224,1.864518404006958,1.9386723041534424
B13,1.2348427772521973,1.2700872421264648,1.4107012748718262,1.2663605213165283,1.5819247961044312,1.470537781715393,1.2652342319488525,0.9910516738891602,0.9249194860458374,0.6322531700134277,0.6211760640144348,0.7501248717308044,0.8663070797920227,1.1917294263839722,1.3488813638687134,0.7784882187843323,0.8940375447273254,1.2456809282302856,1.3083914518356323,1.6926000118255615,1.7469404935836792,1.7088712453842163,1.4679272174835205,1.202383279800415,0.9080015420913696,0.6172013282775879,0.3864714205265045,0.0,0.3892804980278015,0.6276627779006958,0.6041002869606018,0.9694004654884338,1.1822757720947266,1.4443750381469727,1.761022686958313,1.8130953311920166,1.546741247177124,1.3538150787353516,0.9719217419624329,0.9533482193946838,0.6517239212989807,0.7947713136672974,0.774589478969574,1.0291801691055298,1.2726407051086426,1.7138296365737915,1.5481868982315063,1.8853075504302979,1.8395836353302002,2.1627893447875977,2.332529306411743,2.3392515182495117,2.3159425258636475,2.1576263904571533,1.879274845123291,1.8076342344284058,1.4354268312454224,1.4843900203704834,1.2022124528884888,1.3406672477722168,1.607345461845398,1.7317746877670288,1.8741849660873413,1.7749402523040771,2.04331374168396,1.8576513528823853,1.6533552408218384,1.3277287483215332,1.3838461637496948,1.1659438610076904,1.2333678007125854,1.3722783327102661,1.4641262292861938,1.7958669662475586,1.908988118171692
