,A1,A2,A3,A4,A5,A6,A7,A8,A9,A10,A11,A12,A13,A14,A15,B1,B2,B3,B4,B5,B6,B7,B8,B9,B10,B11,B12,B13,B14,B15,C1,C2,C3,C4,C5,C6,C7,C8,C9,C10,C11,C12,C13,C14,C15,D1,D2,D3,D4,D5,D6,D7,D8,D9,D10,D11,D12,D13,D14,D15,E1,E2,E3,E4,E5,E6,E7,E8,E9,E10,E11,E12,E13,E14,E15
A1,0.0,0.3807961642742157,0.6091841459274292,0.8135879039764404,1.0966986417770386,1.3946099281311035,1.596156358718872,1.925376534461975,2.122209072113037,2.4561617374420166,2.7344138622283936,3.039546489715576,3.366689920425415,3.565046548843384,3.8833494186401367,0.5622280836105347,0.6824102997779846,0.47562623023986816,0.7283633351325989,0.8881288170814514,1.1286767721176147,1.431918740272522,1.6725093126296997,1.9625871181488037,2.2350258827209473,2.5609347820281982,2.833524227142334,3.169844388961792,3.3936827182769775,3.6767454147338867,1.5704078674316406,1.702376127243042,1.4414535760879517,1.4350680112838745,1.5806195735931396,1.537837266921997,1.9038889408111572,2.0033817291259766,2.2231273651123047,2.477487087249756,2.6774778366088867,3.019129991531372,3.216787576675415,3.5216424465179443,3.7746455669403076,2.076457977294922,2.154123544692993,2.0090579986572266,1.7941973209381104,2.0280117988586426,1.9003340005874634,2.1546549797058105,2.2585041522979736,2.314859628677368,2.5949413776397705,2.662576913833618,3.032609224319458,3.1642391681671143,3.4281468391418457,3.700474739074707,1.9284493923187256,2.0220422744750977,1.9136415719985962,1.6915347576141357,1.9571828842163086,1.8448153734207153,2.1118662357330322,2.235814094543457,2.301223039627075,2.603731870651245,2.7147536277770996,3.083787441253662,3.267756462097168,3.504136323928833,3.799541711807251
A2,0.3807961642742157,0.0,0.39519593119621277,0.5724517107009888,0.8194863200187683,1.1533122062683105,1.2907334566116333,1.6435182094573975,1.8264687061309814,2.157238483428955,2.4444963932037354,2.7341012954711914,3.0754361152648926,3.2563300132751465,3.5770554542541504,0.7630991339683533,0.6732603907585144,0.29696282744407654,0.5375003218650818,0.5496148467063904,0.8207380175590515,1.0972251892089844,1.3320794105529785,1.6363649368286133,1.8911819458007812,2.233001947402954,2.487480640411377,2.834556818008423,3.0517470836639404,3.3286914825439453,1.4622238874435425,1.5199391841888428,1.20487642288208,1.186498761177063,1.2647184133529663,1.1996010541915894,1.5759294033050537,1.6562130451202393,1.9026532173156738,2.1415133476257324,2.3666012287139893,2.6968984603881836,2.9129488468170166,3.2197937965393066,3.4675371646881104,2.1386263370513916,2.1537928581237793,2.016345262527466,1.7420989274978638,1.956074833869934,1.7806270122528076,1.9858143329620361,2.0653743743896484,2.070692300796509,2.3433468341827393,2.370382308959961,2.7404673099517822,2.8514509201049805,3.103092670440674,3.379991292953491,2.026740312576294,2.0516955852508545,1.9403632879257202,1.6577056646347046,1.8965084552764893,1.7317438125610352,1.9515888690948486,2.051644802093506,2.065227746963501,2.3635294437408447,2.4336514472961426,2.806488275527954,2.9686951637268066,3.193406581878662,3.4932522773742676
A3,0.6091841459274292,0.39519593119621277,0.0,0.3874475359916687,0.5146048665046692,0.8532813787460327,1.0531524419784546,1.3650015592575073,1.6052411794662476,1.9070484638214111,2.2171854972839355,2.500915288925171,2.8420112133026123,3.053819179534912,3.351600170135498,1.0771591663360596,1.0038844347000122,0.6318120360374451,0.6479945778846741,0.5981811881065369,0.6668338775634766,1.0198979377746582,1.1610279083251953,1.4856414794921875,1.7141082286834717,2.0419297218322754,2.307237386703491,2.6286003589630127,2.880507707595825,3.142240524291992,1.7966945171356201,1.8022964000701904,1.4746471643447876,1.3817366361618042,1.4065948724746704,1.233374834060669,1.5926278829574585,1.5893994569778442,1.815429449081421,2.0103626251220703,2.1993911266326904,2.520287275314331,2.6977157592773438,3.0232415199279785,3.245575428009033,1.858575701713562,1.860817551612854,1.7774932384490967,1.485694408416748,1.7426429986953735,1.610800862312317,1.7797104120254517,1.918237328529358,1.9041668176651,2.2177529335021973,2.25978684425354,2.6367452144622803,2.78250789642334,3.0057153701782227,3.312572479248047,1.7865554094314575,1.7851853370666504,1.7311266660690308,1.4288657903671265,1.704942226409912,1.5826119184494019,1.760441780090332,1.9187018871307373,1.910256028175354,2.245295524597168,2.326716423034668,2.701712131500244,2.8927996158599854,3.0854299068450928,3.4102566242218018
A4,0.8135879039764404,0.5724517107009888,0.3874475359916687,0.0,0.3818225860595703,0.6092404723167419,0.8000732064247131,1.124918818473816,1.3115869760513306,1.6482404470443726,1.921860694885254,2.230131149291992,2.5536415576934814,2.7594470977783203,3.0732147693634033,1.1193898916244507,0.9545573592185974,0.6433203816413879,0.426236629486084,0.40611404180526733,0.3586345911026001,0.7266150116920471,0.9168862104415894,1.1881484985351562,1.4706194400787354,1.770207405090332,2.065478563308716,2.3833560943603516,2.6176812648773193,2.9066364765167236,1.678813099861145,1.6280466318130493,1.3293006420135498,1.1462498903274536,1.189550518989563,0.9696739315986633,1.2980786561965942,1.3099077939987183,1.4910093545913696,1.7181025743484497,1.8859094381332397,2.2269084453582764,2.407599925994873,2.716909408569336,2.965092420578003,1.756734848022461,1.6960653066635132,1.562364935874939,1.2413346767425537,1.441667914390564,1.2613590955734253,1.4311814308166504,1.542258620262146,1.5420161485671997,1.8473727703094482,1.9099090099334717,2.286485433578491,2.448514223098755,2.687509536743164,2.987210750579834,1.6864705085754395,1.6243491172790527,1.5125733613967896,1.1791211366653442,1.3990670442581177,1.2288583517074585,1.4058020114898682,1.5393847227096558,1.5414619445800781,1.8696926832199097,1.968437910079956,2.341610908508301,2.546112298965454,2.7527050971984863,3.070676565170288
A5,1.0966986417770386,0.8194863200187683,0.5146048665046692,0.3818225860595703,0.0,0.38732874393463135,0.5521230697631836,0.8528855443000793,1.1071666479110718,1.3942362070083618,1.7139297723770142,1.9898042678833008,2.334033727645874,2.5509326457977295,2.841053009033203,1.4755878448486328,1.3056544065475464,0.9609531164169312,0.785742461681366,0.6014775037765503,0.35445231199264526,0.688280463218689,0.7074026465415955,1.0300323963165283,1.2362509965896606,1.5473326444625854,1.8210448026657104,2.1270763874053955,2.391557216644287,2.650611639022827,1.961019515991211,1.8660434484481812,1.5362218618392944,1.3547642230987549,1.293617844581604,1.0038198232650757,1.3030039072036743,1.2067821025848389,1.4051384925842285,1.5538387298583984,1.7196727991104126,2.0292885303497314,2.192222833633423,2.5249900817871094,2.735968589782715,1.7831698656082153,1.685903549194336,1.6273800134658813,1.2734969854354858,1.4949517250061035,1.3366061449050903,1.4102811813354492,1.5541568994522095,1.4760761260986328,1.8044862747192383,1.8291645050048828,2.2043254375457764,2.366389513015747,2.5610313415527344,2.8887181282043457,1.7725213766098022,1.6636028289794922,1.620733380317688,1.260311245918274,1.4858005046844482,1.3329466581344604,1.411611557006836,1.5743554830551147,1.498034119606018,1.8461118936538696,1.9040862321853638,2.27585768699646,2.474729061126709,2.6361312866210938,2.9777019023895264
A6,1.3946099281311035,1.1533122062683105,0.8532813787460327,0.6092404723167419,0.38732874393463135,0.0,0.3783220648765564,0.5581627488136292,0.8224074244499207,1.1072660684585571,1.4027321338653564,1.7013124227523804,2.0197391510009766,2.262662172317505,2.545879364013672,1.7166965007781982,1.535902738571167,1.2432467937469482,0.9698039889335632,0.8516827821731567,0.4851544201374054,0.7143532037734985,0.6443853378295898,0.8604545593261719,1.0818232297897339,1.3198034763336182,1.6343315839767456,1.9003173112869263,2.175482749938965,2.4465081691741943,2.152254581451416,2.0178728103637695,1.7270911931991577,1.473792314529419,1.4180610179901123,1.0742485523223877,1.282698392868042,1.1394336223602295,1.2424116134643555,1.3712854385375977,1.4608469009399414,1.7776286602020264,1.8982031345367432,2.2284224033355713,2.4425413608551025,1.5898011922836304,1.423934817314148,1.3723710775375366,0.995453953742981,1.185787558555603,1.040197730064392,1.0572540760040283,1.2398831844329834,1.1598929166793823,1.5160382986068726,1.5842090845108032,1.9540365934371948,2.1640450954437256,2.3474416732788086,2.6863508224487305,1.6143444776535034,1.433107614517212,1.3926976919174194,1.0149701833724976,1.1986219882965088,1.0595307350158691,1.0722159147262573,1.2721441984176636,1.1874487400054932,1.5570789575576782,1.6493514776229858,2.010037899017334,2.2483255863189697,2.394378185272217,2.744375467300415
A7,1.596156358718872,1.2907334566116333,1.0531524419784546,0.8000732064247131,0.5521230697631836,0.3783220648765564,0.0,0.38383468985557556,0.5655452013015747,0.8669900298118591,1.1772817373275757,1.4518274068832397,1.7996467351913452,2.002244472503662,2.3011438846588135,1.8820760250091553,1.6375727653503418,1.3533096313476562,1.090325117111206,0.8682298064231873,0.5047641396522522,0.5070592164993286,0.2850005328655243,0.5200316905975342,0.7178517580032349,0.9992566108703613,1.2935453653335571,1.5927209854125977,1.8507848978042603,2.1241321563720703,2.1066317558288574,1.916157603263855,1.6197389364242554,1.3672356605529785,1.2262587547302246,0.8541353940963745,1.0072605609893799,0.7980548739433289,0.9328442811965942,1.0279327630996704,1.1727725267410278,1.4776219129562378,1.6468250751495361,1.9769115447998047,2.1942107677459717,1.9360793828964233,1.7331246137619019,1.6705517768859863,1.2857944965362549,1.39690101146698,1.1800658702850342,1.1142610311508179,1.2056483030319214,1.0253937244415283,1.3410611152648926,1.3253859281539917,1.6924418210983276,1.8626196384429932,2.0321149826049805,2.373804807662964,1.9696699380874634,1.7596642971038818,1.6941698789596558,1.3111788034439087,1.4136358499526978,1.1997767686843872,1.1388921737670898,1.2485822439193726,1.0676785707473755,1.401462197303772,1.410646677017212,1.7741038799285889,1.9695464372634888,2.103663921356201,2.455869674682617
A8,1.925376534461975,1.6435182094573975,1.3650015592575073,1.124918818473816,0.8528855443000793,0.5581627488136292,0.38383468985557556,0.0,0.37413400411605835,0.5583308935165405,0.8933018445968628,1.1575698852539062,1.4939067363739014,1.7376887798309326,2.0052597522735596,2.2242801189422607,1.9950076341629028,1.716854453086853,1.4343031644821167,1.2459094524383545,0.8707754611968994,0.8545826077461243,0.561988890171051,0.5984613299369812,0.667220413684845,0.8217952847480774,1.1312559843063354,1.3591820001602173,1.6557937860488892,1.9109134674072266,2.4626564979553223,2.254636764526367,1.9776297807693481,1.703478217124939,1.555985927581787,1.1764812469482422,1.2391579151153564,0.9639832973480225,0.9890864491462708,0.9751076698303223,1.0081959962844849,1.2761205434799194,1.3712323904037476,1.718292474746704,1.9033859968185425,1.8821685314178467,1.6291841268539429,1.6221086978912354,1.2492785453796387,1.3361505270004272,1.1754415035247803,0.9993399977684021,1.1408050060272217,0.9122691750526428,1.2470545768737793,1.2498053312301636,1.588598608970642,1.8027710914611816,1.9212446212768555,2.2864906787872314,1.9661905765533447,1.7034037113189697,1.6847739219665527,1.3197258710861206,1.387494444847107,1.226676344871521,1.0554720163345337,1.20710027217865,0.9772958755493164,1.3173940181732178,1.331577181816101,1.6624919176101685,1.8884894847869873,1.9686332941055298,2.3393046855926514
A9,2.122209072113037,1.8264687061309814,1.6052411794662476,1.3115869760513306,1.1071666479110718,0.8224074244499207,0.5655452013015747,0.37413400411605835,0.0,0.3871910870075226,0.6188596487045288,0.9235141277313232,1.2490428686141968,1.4538196325302124,1.7617872953414917,2.345703125,2.075206756591797,1.8460060358047485,1.5361902713775635,1.3544327020645142,1.0085244178771973,0.8561041355133057,0.6016942858695984,0.3905426263809204,0.4850528836250305,0.5336626172065735,0.8942756056785583,1.130663275718689,1.3797122240066528,1.6797064542770386,2.417541265487671,2.1658570766448975,1.9315096139907837,1.6295320987701416,1.4700984954833984,1.1020721197128296,1.0488102436065674,0.7637507915496826,0.6765954494476318,0.6505039930343628,0.6499320268630981,0.9575796127319336,1.0971707105636597,1.4197998046875,1.653530240058899,2.095953941345215,1.809025764465332,1.7485930919647217,1.3870854377746582,1.3708244562149048,1.1436986923217773,0.9089993834495544,0.9346218705177307,0.6269359588623047,0.9108389616012573,0.8781899213790894,1.215179681777954,1.4336481094360352,1.5634464025497437,1.9228941202163696,2.1674015522003174,1.879215955734253,1.8012892007827759,1.447188377380371,1.4162949323654175,1.1913241147994995,0.9642219543457031,1.0071943998336792,0.7024348974227905,0.9929818511009216,0.9637348651885986,1.293513536453247,1.514725923538208,1.604927897453308,1.9713408946990967
A10,2.4561617374420166,2.157238483428955,1.9070484638214111,1.6482404470443726,1.3942362070083618,1.1072660684585571,0.8669900298118591,0.5583308935165405,0.3871910870075226,0.0,0.39096328616142273,0.5999705791473389,0.9531694650650024,1.1874125003814697,1.449753761291504,2.713419198989868,2.4494385719299316,2.202026128768921,1.9059512615203857,1.704952359199524,1.3537862300872803,1.2095385789871216,0.8968623876571655,0.7040647268295288,0.5617040991783142,0.4110006093978882,0.7024835348129272,0.8373115658760071,1.142663598060608,1.3966846466064453,2.7834911346435547,2.5196330547332764,2.280764579772949,1.992616057395935,1.8007639646530151,1.4402481317520142,1.3534613847732544,1.023572564125061,0.9141479134559631,0.716316819190979,0.603188693523407,0.7711969017982483,0.8222803473472595,1.1802194118499756,1.3471875190734863,2.2582948207855225,1.9493968486785889,1.9496904611587524,1.610198974609375,1.5922563076019287,1.4232028722763062,1.1224784851074219,1.1716090440750122,0.8345004916191101,1.0547462701797485,0.9790178537368774,1.2344459295272827,1.451627254486084,1.4881019592285156,1.8705158233642578,2.3706090450286865,2.058058261871338,2.0315959453582764,1.6995539665222168,1.6619081497192383,1.488093614578247,1.199296474456787,1.2577210664749146,0.9243073463439941,1.1490602493286133,1.066646695137024,1.3209322690963745,1.525346040725708,1.5238347053527832,1.906409502029419
A11,2.7344138622283936,2.4444963932037354,2.2171854972839355,1.921860694885254,1.7139297723770142,1.4027321338653564,1.1772817373275757,0.8933018445968628,0.6188596487045288,0.39096328616142273,0.0,0.37277987599372864,0.6332581639289856,0.8691770434379578,1.1624058485031128,2.937948703765869,2.660637855529785,2.4543776512145996,2.131152391433716,1.9642586708068848,1.6252461671829224,1.4426082372665405,1.1876399517059326,0.900245189666748,0.8003657460212708,0.4701956510543823,0.7232761979103088,0.7355404496192932,0.9684274792671204,1.2615453004837036,2.9244678020477295,2.6373789310455322,2.446523427963257,2.133103370666504,1.9615813493728638,1.6251931190490723,1.4583121538162231,1.1687664985656738,0.9398141503334045,0.7280574440956116,0.41674333810806274,0.5321266055107117,0.5058172941207886,0.8330973386764526,1.0562541484832764,2.405573844909668,2.0655105113983154,2.0378878116607666,1.733222484588623,1.62992525100708,1.4552019834518433,1.106420636177063,1.0809311866760254,0.736244797706604,0.8407895565032959,0.7784760594367981,0.9503416419029236,1.2153745889663696,1.2276322841644287,1.6010788679122925,2.518049955368042,2.1793015003204346,2.120790719985962,1.8228639364242554,1.702601432800293,1.52350914478302,1.1844756603240967,1.1707369089126587,0.8233039379119873,0.9360414147377014,0.8396039605140686,1.014994502067566,1.2463358640670776,1.2153286933898926,1.5932292938232422
A12,3.039546489715576,2.7341012954711914,2.500915288925171,2.230131149291992,1.9898042678833008,1.7013124227523804,1.4518274068832397,1.1575698852539062,0.9235141277313232,0.5999705791473389,0.37277987599372864,0.0,0.39880597591400146,0.6076271533966064,0.8514213562011719,3.2641029357910156,2.979632616043091,2.758573055267334,2.4540586471557617,2.2549917697906494,1.9223922491073608,1.7237017154693604,1.4334603548049927,1.1651637554168701,0.9532224535942078,0.583990752696991,0.6236273050308228,0.4456206262111664,0.706641674041748,0.9358228445053101,3.209409236907959,2.907698154449463,2.71004581451416,2.418367624282837,2.2084944248199463,1.8848860263824463,1.6984792947769165,1.3827152252197266,1.181600570678711,0.8759095072746277,0.6001399755477905,0.4382859468460083,0.2630390524864197,0.630174458026886,0.7478072643280029,2.7086963653564453,2.366652011871338,2.372392416000366,2.0743162631988525,1.982387661933899,1.8248621225357056,1.4696259498596191,1.4412983655929565,1.0972189903259277,1.136231541633606,0.9978124499320984,1.064204454421997,1.2610360383987427,1.1606653928756714,1.537187099456787,2.840369939804077,2.4974825382232666,2.4663100242614746,2.173090934753418,2.0616674423217773,1.895056128501892,1.5505300760269165,1.530211091041565,1.181369423866272,1.2333904504776,1.0637015104293823,1.1481492519378662,1.299480676651001,1.1627603769302368,1.5356245040893555
A13,3.366689920425415,3.0754361152648926,2.8420112133026123,2.5536415576934814,2.334033727645874,2.0197391510009766,1.7996467351913452,1.4939067363739014,1.2490428686141968,0.9531694650650024,0.6332581639289856,0.39880597591400146,0.0,0.37412428855895996,0.5553084015846252,3.5666942596435547,3.28458833694458,3.085540771484375,2.761380910873413,2.5922625064849854,2.2569100856781006,2.0603203773498535,1.7964141368865967,1.5029387474060059,1.3321064710617065,0.9476154446601868,0.9654411673545837,0.6908255219459534,0.8065762519836426,0.9897812604904175,3.4940998554229736,3.185089111328125,3.018616199493408,2.7093284130096436,2.523252487182617,2.210902690887451,1.9947749376296997,1.7116832733154297,1.458197832107544,1.1838247776031494,0.8460901379585266,0.6310833096504211,0.24525001645088196,0.37544238567352295,0.4619883894920349,2.858962297439575,2.497471570968628,2.503403425216675,2.2471046447753906,2.106125593185425,1.9778070449829102,1.6022223234176636,1.555962324142456,1.259151577949524,1.2227133512496948,1.1382874250411987,1.0901786088943481,1.3137964010238647,1.1623146533966064,1.4934626817703247,3.0010855197906494,2.639784574508667,2.605374574661255,2.3522238731384277,2.1923234462738037,2.0533254146575928,1.683592438697815,1.642638087272644,1.3310368061065674,1.3024595975875854,1.164747714996338,1.1290313005447388,1.2915488481521606,1.0913931131362915,1.4228867292404175
A14,3.565046548843384,3.2563300132751465,3.053819179534912,2.7594470977783203,2.5509326457977295,2.262662172317505,2.002244472503662,1.7376887798309326,1.4538196325302124,1.1874125003814697,0.8691770434379578,0.6076271533966064,0.37412428855895996,0.0,0.39223241806030273,3.7369072437286377,3.430878162384033,3.2486648559570312,2.9344868659973145,2.7483696937561035,2.4406685829162598,2.196702003479004,1.9500534534454346,1.6332646608352661,1.44039785861969,1.0522723197937012,0.9691486358642578,0.6648651957511902,0.5921539068222046,0.7693818211555481,3.5460615158081055,3.214658498764038,3.0703840255737305,2.7766265869140625,2.5698227882385254,2.2927587032318115,2.030763864517212,1.7665324211120605,1.50731360912323,1.212640643119812,0.9190160036087036,0.5993654131889343,0.36905232071876526,0.14818120002746582,0.28556400537490845,3.1954846382141113,2.8351082801818848,2.8141307830810547,2.5485968589782715,2.3896615505218506,2.221573829650879,1.8594074249267578,1.7483280897140503,1.441727638244629,1.319283366203308,1.153653860092163,1.0046252012252808,1.1359835863113403,0.9005550742149353,1.1996997594833374,3.3234283924102783,2.965944528579712,2.9034440517425537,2.641284465789795,2.4644994735717773,2.286569356918335,1.930811882019043,1.827032446861267,1.5060220956802368,1.3995413780212402,1.1795871257781982,1.0625271797180176,1.1156917810440063,0.8368195295333862,1.137198805809021
A15,3.8833494186401367,3.5770554542541504,3.351600170135498,3.0732147693634033,2.841053009033203,2.545879364013672,2.3011438846588135,2.0052597522735596,1.7617872953414917,1.449753761291504,1.1624058485031128,0.8514213562011719,0.5553084015846252,0.39223241806030273,0.0,4.082181453704834,3.785675287246704,3.5872995853424072,3.2752816677093506,3.0839481353759766,2.7623965740203857,2.538789987564087,2.266453981399536,1.973154902458191,1.7507275342941284,1.3710532188415527,1.2502491474151611,0.8812333941459656,0.8299996256828308,0.824784517288208,3.928400993347168,3.5993385314941406,3.4444918632507324,3.154132604598999,2.940056800842285,2.6538026332855225,2.405911922454834,2.124603748321533,1.8832330703735352,1.5721025466918945,1.2856611013412476,0.9609077572822571,0.6744567155838013,0.4942146837711334,0.11409831792116165,3.3919737339019775,3.0283215045928955,3.0463290214538574,2.799232244491577,2.651297092437744,2.5227835178375244,2.147986650466919,2.0751240253448486,1.7811963558197021,1.6816388368606567,1.5418328046798706,1.385870337486267,1.5033773183822632,1.2295564413070679,1.4795451164245605,3.543710231781006,3.179015636444092,3.1517693996429443,2.9060468673706055,2.7378177642822266,2.5959925651550293,2.2266693115234375,2.1571199893951416,1.8479739427566528,1.7570929527282715,1.5641758441925049,1.4291776418685913,1.4730193614959717,1.1598221063613892,1.3972010612487793
B1,0.5622280836105347,0.7630991339683533,1.0771591663360596,1.1193898916244507,1.4755878448486328,1.7166965007781982,1.8820760250091553,2.2242801189422607,2.345703125,2.713419198989868,2.937948703765869,3.2641029357910156,3.5666942596435547,3.7369072437286377,4.082181453704834,0.0,0.3845617473125458,0.5868629217147827,0.8102907538414001,1.0836127996444702,1.3815147876739502,1.6013095378875732,1.9219883680343628,2.1456758975982666,2.466042995452881,2.769649028778076,3.0529885292053223,3.3984198570251465,3.5778310298919678,3.8929026126861572,1.2049801349639893,1.4178402423858643,1.2738704681396484,1.2944374084472656,1.5532366037368774,1.6107209920883179,1.9355067014694214,2.1292977333068848,2.3141520023345947,2.626220703125,2.8263511657714844,3.1855413913726807,3.4077534675598145,3.6767232418060303,3.970590114593506,2.317345380783081,2.3868303298950195,2.1589295864105225,1.9819148778915405,2.1350486278533936,1.9674633741378784,2.2690701484680176,2.303358316421509,2.413573980331421,2.6370744705200195,2.723209857940674,3.072101593017578,3.1873130798339844,3.4915928840637207,3.7192022800445557,2.1235556602478027,2.2247698307037354,2.026752233505249,1.8481616973876953,2.036966323852539,1.8879563808441162,2.2056665420532227,2.2596187591552734,2.380603790283203,2.627650737762451,2.7575032711029053,3.107160806655884,3.277733564376831,3.5578746795654297,3.813326597213745
B2,0.6824102997779846,0.6732603907585144,1.0038844347000122,0.9545573592185974,1.3056544065475464,1.535902738571167,1.6375727653503418,1.9950076341629028,2.075206756591797,2.4494385719299316,2.660637855529785,2.979632616043091,3.28458833694458,3.430878162384033,3.785675287246704,0.3845617473125458,0.0,0.39197754859924316,0.5713061094284058,0.8085407018661499,1.1369800567626953,1.2909032106399536,1.6372398138046265,1.8384604454040527,2.1617116928100586,2.4652113914489746,2.7371881008148193,3.0913937091827393,3.2500619888305664,3.5699567794799805,0.9278953075408936,1.076306700706482,0.9075407981872559,0.9111191034317017,1.1737295389175415,1.2539945840835571,1.5686931610107422,1.7848188877105713,1.9748154878616333,2.294976234436035,2.513704538345337,2.8684792518615723,3.1128149032592773,3.37131929397583,3.672807216644287,2.3701906204223633,2.378755569458008,2.1383416652679443,1.912360668182373,2.0265793800354004,1.8004390001296997,2.0706913471221924,2.0604770183563232,2.1414146423339844,2.340158700942993,2.3966310024261475,2.739624261856079,2.8329720497131348,3.1396114826202393,3.358656883239746,2.201216459274292,2.237715005874634,2.016685962677002,1.7872273921966553,1.9319894313812256,1.7198506593704224,2.008817672729492,2.0185089111328125,2.109285593032837,2.335413694381714,2.434814453125,2.7828903198242188,2.9312222003936768,3.2146990299224854,3.463141441345215
B3,0.47562623023986816,0.29696282744407654,0.6318120360374451,0.6433203816413879,0.9609531164169312,1.2432467937469482,1.3533096313476562,1.716854453086853,1.8460060358047485,2.202026128768921,2.4543776512145996,2.758573055267334,3.085540771484375,3.2486648559570312,3.5872995853424072,0.5868629217147827,0.39197754859924316,0.0,0.38798055052757263,0.5181692242622375,0.8512648940086365,1.0673671960830688,1.3685338497161865,1.6258167028427124,1.9177364110946655,2.244920253753662,2.5088160037994385,2.862321138381958,3.051628828048706,3.350346565246582,1.1936205625534058,1.263952612876892,0.9856356978416443,0.9624327421188354,1.1128695011138916,1.104842185974121,1.4649100303649902,1.6084437370300293,1.8339539766311646,2.113267183303833,2.339794158935547,2.6833279132843018,2.9162442684173584,3.2017428874969482,3.475668430328369,2.214388370513916,2.2144014835357666,2.026689052581787,1.761657476425171,1.9262299537658691,1.7157278060913086,1.9458644390106201,1.9803252220153809,2.012972831726074,2.253429412841797,2.2891061305999756,2.6502206325531006,2.752441644668579,3.029240608215332,3.282449722290039,2.080353260040283,2.097853899002075,1.9317752122879028,1.659412145614624,1.8515009880065918,1.6525335311889648,1.8995394706726074,1.9550042152404785,1.9961310625076294,2.264127492904663,2.342872142791748,2.7081823348999023,2.863223075866699,3.1142916679382324,3.3933308124542236
B4,0.7283633351325989,0.5375003218650818,0.6479945778846741,0.426236629486084,0.785742461681366,0.9698039889335632,1.090325117111206,1.4343031644821167,1.5361902713775635,1.9059512615203857,2.131152391433716,2.4540586471557617,2.761380910873413,2.9344868659973145,3.2752816677093506,0.8102907538414001,0.5713061094284058,0.38798055052757263,0.0,0.38252195715904236,0.596852719783783,0.818514883518219,1.1342285871505737,1.3438422679901123,1.6722681522369385,1.964200735092163,2.258829116821289,2.594874858856201,2.7842981815338135,3.0995194911956787,1.2892892360687256,1.274484395980835,1.0236263275146484,0.8513064980506897,1.0140374898910522,0.91483473777771,1.2419490814208984,1.3739038705825806,1.5452791452407837,1.8396977186203003,2.027996778488159,2.385561466217041,2.6011641025543213,2.878741502761841,3.1639301776885986,1.9739028215408325,1.9268015623092651,1.7166680097579956,1.434248447418213,1.5647735595703125,1.3338379859924316,1.564118504524231,1.5960090160369873,1.646536111831665,1.8940222263336182,1.962417721748352,2.326016426086426,2.461735248565674,2.7428219318389893,3.002474069595337,1.8529480695724487,1.8195080757141113,1.626491904258728,1.3332027196884155,1.4904873371124268,1.2704576253890991,1.5150665044784546,1.5699193477630615,1.625496506690979,1.9001613855361938,2.007636070251465,2.3717992305755615,2.5556228160858154,2.8077189922332764,3.0911543369293213
B5,0.8881288170814514,0.5496148467063904,0.5981811881065369,0.40611404180526733,0.6014775037765503,0.8516827821731567,0.8682298064231873,1.2459094524383545,1.3544327020645142,1.704952359199524,1.9642586708068848,2.2549917697906494,2.5922625064849854,2.7483696937561035,3.0839481353759766,1.0836127996444702,0.8085407018661499,0.5181692242622375,0.38252195715904236,0.0,0.3846243917942047,0.5601224899291992,0.8528521656990051,1.117990255355835,1.3997215032577515,1.7320961952209473,1.991390347480774,2.3455114364624023,2.538750648498535,2.8335418701171875,1.361558198928833,1.2805793285369873,0.9503958225250244,0.8079698085784912,0.816938042640686,0.6672173142433167,1.036952257156372,1.1166263818740845,1.3563202619552612,1.6095051765441895,1.8448477983474731,2.1785733699798584,2.4164156913757324,2.708346128463745,2.972379207611084,2.146827459335327,2.0655038356781006,1.9030330181121826,1.5732481479644775,1.7110532522201538,1.4586635828018188,1.6051125526428223,1.6261587142944336,1.5878069400787354,1.8347095251083374,1.8330589532852173,2.1999399662017822,2.3021628856658936,2.5559206008911133,2.8304643630981445,2.0684173107147217,1.994989275932312,1.8436845541000366,1.5059266090393066,1.660193681716919,1.4140610694885254,1.575300931930542,1.618377447128296,1.584915280342102,1.8619184494018555,1.9003429412841797,2.27253794670105,2.4221794605255127,2.6477537155151367,2.9449710845947266
B6,1.1286767721176147,0.8207380175590515,0.6668338775634766,0.3586345911026001,0.35445231199264526,0.4851544201374054,0.5047641396522522,0.8707754611968994,1.0085244178771973,1.3537862300872803,1.6252461671829224,1.9223922491073608,2.2569100856781006,2.4406685829162598,2.7623965740203857,1.3815147876739502,1.1369800567626953,0.8512648940086365,0.596852719783783,0.3846243917942047,0.0,0.38411685824394226,0.5692883133888245,0.840303897857666,1.1241543292999268,1.433578610420227,1.7204880714416504,2.049917459487915,2.2720985412597656,2.5641367435455322,1.6870869398117065,1.557318925857544,1.249220609664917,1.0258601903915405,0.9792732000350952,0.6847782731056213,0.9871827960014343,0.9575439095497131,1.1516661643981934,1.3667305707931519,1.5571486949920654,1.8919756412506104,2.0954318046569824,2.402224063873291,2.652644634246826,1.9232914447784424,1.795299768447876,1.6653177738189697,1.3052536249160767,1.4453256130218506,1.2061784267425537,1.29543936252594,1.3590706586837769,1.290087103843689,1.5795756578445435,1.596182107925415,1.9723461866378784,2.117331027984619,2.3457422256469727,2.6500096321105957,1.8867409229278564,1.7577250003814697,1.636636734008789,1.2692867517471313,1.4178321361541748,1.1845331192016602,1.2816765308380127,1.3680516481399536,1.2996066808700562,1.6152921915054321,1.6662200689315796,2.042027473449707,2.22609806060791,2.421978712081909,2.743821859359741
B7,1.431918740272522,1.0972251892089844,1.0198979377746582,0.7266150116920471,0.688280463218689,0.7143532037734985,0.5070592164993286,0.8545826077461243,0.8561041355133057,1.2095385789871216,1.4426082372665405,1.7237017154693604,2.0603203773498535,2.196702003479004,2.538789987564087,1.6013095378875732,1.2909032106399536,1.0673671960830688,0.818514883518219,0.5601224899291992,0.38411685824394226,0.0,0.38210710883140564,0.565852165222168,0.8712614178657532,1.1859771013259888,1.4520456790924072,1.805018424987793,1.985474944114685,2.2920384407043457,1.6225526332855225,1.4136054515838623,1.1231460571289062,0.8692235946655273,0.7259745597839355,0.36255979537963867,0.6151164770126343,0.586444079875946,0.8126927018165588,1.0504610538482666,1.2914128303527832,1.6212059259414673,1.8731989860534668,2.1581835746765137,2.4263319969177246,2.2097268104553223,2.0348145961761475,1.8855630159378052,1.5172392129898071,1.575768232345581,1.2733561992645264,1.295708417892456,1.2626738548278809,1.1287891864776611,1.3553545475006104,1.3037326335906982,1.670771837234497,1.7749979496002197,2.009730815887451,2.301323652267456,2.1836469173431396,2.013673782348633,1.8617210388183594,1.490464210510254,1.5519896745681763,1.2522883415222168,1.2855716943740845,1.2756012678146362,1.1414834260940552,1.4015328884124756,1.3843265771865845,1.7573004961013794,1.899704933166504,2.102931022644043,2.4135782718658447
B8,1.6725093126296997,1.3320794105529785,1.1610279083251953,0.9168862104415894,0.7074026465415955,0.6443853378295898,0.2850005328655243,0.561988890171051,0.6016942858695984,0.8968623876571655,1.1876399517059326,1.4334603548049927,1.7964141368865967,1.9500534534454346,2.266453981399536,1.9219883680343628,1.6372398138046265,1.3685338497161865,1.1342285871505737,0.8528521656990051,0.5692883133888245,0.38210710883140564,0.0,0.37600475549697876,0.562609076499939,0.9071537256240845,1.1611976623535156,1.5035055875778198,1.7270293235778809,2.004755973815918,1.9896767139434814,1.7674236297607422,1.467187523841858,1.234147548675537,1.0293757915496826,0.6596358418464661,0.7873925566673279,0.551160454750061,0.7667583227157593,0.8645036220550537,1.0935801267623901,1.3863493204116821,1.6141191720962524,1.9299943447113037,2.156773567199707,2.211298704147339,2.0058844089508057,1.9216161966323853,1.5379302501678467,1.6131013631820679,1.3515145778656006,1.2758281230926514,1.2888275384902954,1.0679560899734497,1.322457194328308,1.2320717573165894,1.5918033123016357,1.708077311515808,1.8814207315444946,2.211564064025879,2.233614921569824,2.02671480178833,1.934610366821289,1.5520275831222534,1.6209661960601807,1.3604856729507446,1.2953674793243408,1.328492522239685,1.1101545095443726,1.3911492824554443,1.3314005136489868,1.6945819854736328,1.8392728567123413,1.980454444885254,2.322324752807617
B9,1.9625871181488037,1.6363649368286133,1.4856414794921875,1.1881484985351562,1.0300323963165283,0.8604545593261719,0.5200316905975342,0.5984613299369812,0.3905426263809204,0.7040647268295288,0.900245189666748,1.1651637554168701,1.5029387474060059,1.6332646608352661,1.973154902458191,2.1456758975982666,1.8384604454040527,1.6258167028427124,1.3438422679901123,1.117990255355835,0.840303897857666,0.565852165222168,0.37600475549697876,0.0,0.3885919749736786,0.6267704963684082,0.9270188212394714,1.256985068321228,1.4444152116775513,1.760366678237915,2.087601900100708,1.819383144378662,1.5794461965560913,1.2968041896820068,1.0984383821487427,0.740420937538147,0.676758348941803,0.384477823972702,0.42803582549095154,0.5336191654205322,0.740532636642456,1.0619568824768066,1.3095122575759888,1.5998717546463013,1.8606795072555542,2.3025641441345215,2.049363851547241,1.9408470392227173,1.5686161518096924,1.5562540292739868,1.2627516984939575,1.1162697076797485,1.0515234470367432,0.7723228335380554,0.9763101935386658,0.857681155204773,1.216543197631836,1.3506464958190918,1.531275987625122,1.862303614616394,2.333883047103882,2.0837996006011963,1.960239052772522,1.591666340827942,1.5708553791046143,1.2790794372558594,1.1413815021514893,1.0995783805847168,0.8208270072937012,1.0544153451919556,0.9599921703338623,1.3196945190429688,1.4712092876434326,1.6159067153930664,1.957875370979309
B10,2.2350258827209473,1.8911819458007812,1.7141082286834717,1.4706194400787354,1.2362509965896606,1.0818232297897339,0.7178517580032349,0.667220413684845,0.4850528836250305,0.5617040991783142,0.8003657460212708,0.9532224535942078,1.3321064710617065,1.44039785861969,1.7507275342941284,2.466042995452881,2.1617116928100586,1.9177364110946655,1.6722681522369385,1.3997215032577515,1.1241543292999268,0.8712614178657532,0.562609076499939,0.3885919749736786,0.0,0.3933853209018707,0.5986034870147705,0.9503895044326782,1.1698808670043945,1.4425368309020996,2.3851635456085205,2.1043193340301514,1.8466733694076538,1.6069188117980957,1.3465923070907593,1.015669584274292,0.9237070083618164,0.5518904328346252,0.6129890084266663,0.4339483678340912,0.6694652438163757,0.8737647533416748,1.1271440982818604,1.440330982208252,1.6418298482894897,2.527163028717041,2.2618942260742188,2.207028865814209,1.8344016075134277,1.8384474515914917,1.582211971282959,1.3754887580871582,1.3324912786483765,0.9950603246688843,1.1560351848602295,0.9494955539703369,1.2445875406265259,1.33370840549469,1.4235326051712036,1.781548023223877,2.5913689136505127,2.3263378143310547,2.249750852584839,1.881894826889038,1.872706651687622,1.6137584447860718,1.421140193939209,1.3956819772720337,1.0648270845413208,1.2532572746276855,1.071637749671936,1.3774551153182983,1.4763749837875366,1.537691354751587,1.8974528312683105
B11,2.5609347820281982,2.233001947402954,2.0419297218322754,1.770207405090332,1.5473326444625854,1.3198034763336182,0.9992566108703613,0.8217952847480774,0.5336626172065735,0.4110006093978882,0.4701956510543823,0.583990752696991,0.9476154446601868,1.0522723197937012,1.3710532188415527,2.769649028778076,2.4652113914489746,2.244920253753662,1.964200735092163,1.7320961952209473,1.433578610420227,1.1859771013259888,0.9071537256240845,0.6267704963684082,0.3933853209018707,0.0,0.37624749541282654,0.6364584565162659,0.8585275411605835,1.1626111268997192,2.661710739135742,2.3615713119506836,2.1449806690216064,1.8735591173171997,1.6389591693878174,1.3192185163497925,1.146232008934021,0.8083049654960632,0.6759471893310547,0.35755810141563416,0.35272711515426636,0.4995717406272888,0.7358565926551819,1.0489599704742432,1.2603095769882202,2.600113868713379,2.2949302196502686,2.247788906097412,1.900146722793579,1.8446272611618042,1.607535719871521,1.3266843557357788,1.2577568292617798,0.8846135139465332,0.9764553904533386,0.75380939245224,0.9814825654029846,1.115288496017456,1.1479836702346802,1.5280171632766724,2.6864898204803467,2.383018970489502,2.3076488971710205,1.9660099744796753,1.8949297666549683,1.654043197631836,1.386253833770752,1.3336070775985718,0.9655799865722656,1.0833070278167725,0.8685912489891052,1.110339879989624,1.2276508808135986,1.2300642728805542,1.6069971323013306
B12,2.833524227142334,2.487480640411377,2.307237386703491,2.065478563308716,1.8210448026657104,1.6343315839767456,1.2935453653335571,1.1312559843063354,0.8942756056785583,0.7024835348129272,0.7232761979103088,0.6236273050308228,0.9654411673545837,0.9691486358642578,1.2502491474151611,3.0529885292053223,2.7371881008148193,2.5088160037994385,2.258829116821289,1.991390347480774,1.7204880714416504,1.4520456790924072,1.1611976623535156,0.9270188212394714,0.5986034870147705,0.37624749541282654,0.0,0.3939379155635834,0.5905700922012329,0.8445804715156555,2.868889570236206,2.552811622619629,2.3335859775543213,2.0998353958129883,1.8199633359909058,1.537322998046875,1.3418591022491455,1.0013021230697632,0.9224750995635986,0.5405703783035278,0.5953073501586914,0.4810918867588043,0.7430145740509033,1.011540174484253,1.1474641561508179,2.9473040103912354,2.6432693004608154,2.614450693130493,2.266299247741699,2.2177445888519287,1.983269453048706,1.6976560354232788,1.6148111820220947,1.2397359609603882,1.267524242401123,0.9753666520118713,1.0994521379470825,1.1282367706298828,1.0585373640060425,1.4329437017440796,3.0430846214294434,2.740159273147583,2.6787381172180176,2.335498809814453,2.2702748775482178,2.028740406036377,1.7585968971252441,1.6892718076705933,1.317806601524353,1.375844120979309,1.0915697813034058,1.2532312870025635,1.267948031425476,1.1891018152236938,1.5498607158660889
B13,3.169844388961792,2.834556818008423,2.6286003589630127,2.3833560943603516,2.1270763874053955,1.9003173112869263,1.5927209854125977,1.3591820001602173,1.130663275718689,0.8373115658760071,0.7355404496192932,0.4456206262111664,0.6908255219459534,0.6648651957511902,0.8812333941459656,3.3984198570251465,3.0913937091827393,2.862321138381958,2.594874858856201,2.3455114364624023,2.049917459487915,1.805018424987793,1.5035055875778198,1.256985068321228,0.9503895044326782,0.6364584565162659,0.3939379155635834,0.0,0.3729439973831177,0.5595674514770508,3.23895001411438,2.9191272258758545,2.712900161743164,2.463890790939331,2.1992392539978027,1.9105733633041382,1.702807903289795,1.3730627298355103,1.2364821434020996,0.8618400692939758,0.7449134588241577,0.44793757796287537,0.5130123496055603,0.7489909529685974,0.7865201830863953,3.0723254680633545,2.7462382316589355,2.7467517852783203,2.424114942550659,2.3535075187683105,2.1585142612457275,1.829466462135315,1.7624198198318481,1.394726276397705,1.3899409770965576,1.1351065635681152,1.160853385925293,1.2180101871490479,1.0445926189422607,1.412955641746521,3.194520950317383,2.8677563667297363,2.8302536010742188,2.511833667755127,2.421983003616333,2.217108964920044,1.9019430875778198,1.844528079032898,1.4759325981140137,1.494639277458191,1.2257357835769653,1.2916321754455566,1.3117942810058594,1.1297051906585693,1.4824138879776
