,A1,A2,A3,A4,A5,A6,A7,A8,A9,A10,A11,A12,A13,A14,A15,B1,B2,B3,B4,B5,B6,B7,B8,B9,B10,B11,B12,B13,B14,B15,C1,C2,C3,C4,C5,C6,C7,C8,C9,C10,C11,C12,C13,C14,C15,D1,D2,D3,D4,D5,D6,D7,D8,D9,D10,D11,D12,D13,D14,D15,E1,E2,E3,E4,E5,E6,E7,E8,E9,E10,E11,E12,E13,E14,E15
A1,0.0,0.39492082595825195,0.5326504707336426,0.8443814516067505,1.0564204454421997,1.3933790922164917,1.5330089330673218,1.860448956489563,2.0789496898651123,2.371171236038208,2.6757044792175293,2.9363481998443604,3.27911114692688,3.4493420124053955,3.749650001525879,4.958815574645996,4.705896377563477,4.503346920013428,4.178920269012451,4.0331501960754395,3.7311322689056396,3.5114049911499023,3.263500690460205,2.9679064750671387,2.7574291229248047,2.396298408508301,2.2656519412994385,1.8954921960830688,1.8444262742996216,1.6356759071350098,4.495089530944824,4.3159027099609375,4.254154205322266,3.901320457458496,3.8415205478668213,3.4889705181121826,3.4283969402313232,3.190239906311035,2.990532159805298,2.8430724143981934,2.533935546875,2.5345327854156494,2.223720073699951,2.3825933933258057,2.2241382598876953,2.2756268978118896,2.5916309356689453,2.500304698944092,2.3675098419189453,2.4958887100219727,2.576995849609375,2.3512935638427734,2.5911576747894287,2.4041433334350586,2.655146360397339,2.684804916381836,2.8856585025787354,3.084726333618164,3.0487890243530273,3.4135732650756836,1.7641323804855347,1.980123519897461,1.7632242441177368,1.8458423614501953,1.7931301593780518,2.0376150608062744,1.8271217346191406,2.09065318107605,2.1036767959594727,2.2987473011016846,2.5367960929870605,2.663041591644287,3.003278970718384,2.996920585632324,3.3297832012176514
A2,0.39492082595825195,0.0,0.3839450478553772,0.5534296631813049,0.8552221059799194,1.1321313381195068,1.3206413984298706,1.639755129814148,1.8588041067123413,2.1723947525024414,2.460268497467041,2.7502923011779785,3.0751497745513916,3.2734711170196533,3.566789388656616,4.702526569366455,4.43488883972168,4.254287242889404,3.9179701805114746,3.7988572120666504,3.495209217071533,3.2840421199798584,3.0558199882507324,2.750143051147461,2.5789167881011963,2.2110493183135986,2.1363227367401123,1.7789164781570435,1.7644959688186646,1.6212923526763916,4.167718887329102,3.9724817276000977,3.918766736984253,3.569744825363159,3.5140812397003174,3.1603548526763916,3.1267786026000977,2.8955271244049072,2.719947576522827,2.596349000930786,2.3101093769073486,2.355454921722412,2.081913948059082,2.292067766189575,2.173764944076538,2.2099366188049316,2.497519016265869,2.3532888889312744,2.220987558364868,2.2950870990753174,2.361508846282959,2.0979485511779785,2.3127529621124268,2.1176564693450928,2.3434994220733643,2.386000156402588,2.5643904209136963,2.780296564102173,2.733070135116577,3.100741147994995,1.5452194213867188,1.7191497087478638,1.4552565813064575,1.5421706438064575,1.442649006843567,1.6892197132110596,1.4890965223312378,1.7469314336776733,1.8010023832321167,1.9953306913375854,2.265756368637085,2.4055347442626953,2.761754035949707,2.792489528656006,3.1160359382629395
A3,0.5326504707336426,0.3839450478553772,0.0,0.37966692447662354,0.5315147638320923,0.8672323226928711,1.0391342639923096,1.3464072942733765,1.5928256511688232,1.875928282737732,2.1887457370758057,2.454078197479248,2.7937591075897217,2.9870681762695312,3.27197003364563,4.482036113739014,4.2359619140625,4.042172908782959,3.719085454940796,3.5875911712646484,3.3009512424468994,3.0614073276519775,2.8388876914978027,2.5214269161224365,2.3358218669891357,1.966406226158142,1.8583701848983765,1.5027387142181396,1.4360498189926147,1.3083724975585938,3.995823383331299,3.8295772075653076,3.7793469429016113,3.4200873374938965,3.3826889991760254,3.0397472381591797,2.9774417877197266,2.7663516998291016,2.5529348850250244,2.445129632949829,2.1322710514068604,2.183730125427246,1.9005612134933472,2.0808897018432617,1.9969995021820068,2.2868404388427734,2.547295570373535,2.4160802364349365,2.2280826568603516,2.3084311485290527,2.319610118865967,2.0574533939361572,2.2450079917907715,2.007755756378174,2.22756290435791,2.215488910675049,2.4009387493133545,2.577315092086792,2.532348394393921,2.893954277038574,1.8138986825942993,1.9313902854919434,1.6535214185714722,1.6619147062301636,1.5320855379104614,1.7061222791671753,1.4353835582733154,1.6487435102462769,1.6345632076263428,1.79512357711792,2.029792308807373,2.1379141807556152,2.480933666229248,2.4782276153564453,2.805832624435425
A4,0.8443814516067505,0.5534296631813049,0.37966692447662354,0.0,0.37647372484207153,0.5945438146591187,0.7806854248046875,1.093669056892395,1.3133559226989746,1.6285362243652344,1.9133042097091675,2.2095439434051514,2.528958559036255,2.739659309387207,3.0255722999572754,4.162266254425049,3.9024360179901123,3.721614122390747,3.3889009952545166,3.273900032043457,2.9819729328155518,2.7553908824920654,2.5437211990356445,2.2237777709960938,2.0708885192871094,1.6993026733398438,1.651755690574646,1.3164503574371338,1.3147962093353271,1.2585747241973877,3.6508092880249023,3.474811315536499,3.4173007011413574,3.061591386795044,3.0158705711364746,2.669598340988159,2.618478298187256,2.406073808670044,2.209477663040161,2.1137430667877197,1.8206522464752197,1.9074524641036987,1.6627180576324463,1.8915886878967285,1.846724271774292,2.1432127952575684,2.36529803276062,2.194096803665161,1.9970059394836426,2.030653238296509,2.018643856048584,1.7298462390899658,1.8943374156951904,1.650295615196228,1.858665943145752,1.8618204593658447,2.0451998710632324,2.2442495822906494,2.2118046283721924,2.579068183898926,1.6487109661102295,1.6976858377456665,1.3954896926879883,1.3603020906448364,1.1960422992706299,1.3389992713928223,1.0578711032867432,1.272133231163025,1.27657949924469,1.4577364921569824,1.7151458263397217,1.8577910661697388,2.212172746658325,2.2540674209594727,2.5806334018707275
A5,1.0564204454421997,0.8552221059799194,0.5315147638320923,0.37647372484207153,0.0,0.3721543550491333,0.5424549579620361,0.8186238408088684,1.091518759727478,1.3573969602584839,1.67815363407135,1.942265272140503,2.2795119285583496,2.4889633655548096,2.760493040084839,3.9821937084198,3.748169422149658,3.5555827617645264,3.239309072494507,3.113985061645508,2.8461198806762695,2.5847043991088867,2.3864121437072754,2.0511341094970703,1.8873145580291748,1.5176002979278564,1.4320144653320312,1.1117342710494995,1.0314841270446777,1.026469111442566,3.5153861045837402,3.3729476928710938,3.3246140480041504,2.9593732357025146,2.9402177333831787,2.611815929412842,2.5313687324523926,2.350403070449829,2.11221981048584,2.044548511505127,1.72648024559021,1.8267710208892822,1.5820918083190918,1.7700304985046387,1.7750921249389648,2.3282792568206787,2.5214619636535645,2.3675613403320312,2.1228599548339844,2.1604578495025635,2.0891518592834473,1.8096017837524414,1.9320451021194458,1.6422568559646606,1.8289198875427246,1.7584316730499268,1.9400594234466553,2.0830435752868652,2.046865701675415,2.4026567935943604,1.9943232536315918,2.008697271347046,1.7076627016067505,1.616571307182312,1.4318861961364746,1.4906140565872192,1.1508740186691284,1.282281517982483,1.1972417831420898,1.3141138553619385,1.520625352859497,1.6125093698501587,1.9507920742034912,1.949453353881836,2.2791316509246826
A6,1.3933790922164917,1.1321313381195068,0.8672323226928711,0.5945438146591187,0.3721543550491333,0.0,0.37601974606513977,0.5477278232574463,0.8386085629463196,1.108443021774292,1.408685564994812,1.6991584300994873,2.0126571655273438,2.255922317504883,2.5107510089874268,3.670558214187622,3.4302103519439697,3.257363796234131,2.934823989868164,2.836641550064087,2.5786266326904297,2.3150246143341064,2.1503283977508545,1.8000342845916748,1.6913889646530151,1.3279627561569214,1.3194042444229126,1.0634984970092773,1.0254957675933838,1.1406288146972656,3.1496126651763916,3.005002737045288,2.965855121612549,2.5993995666503906,2.5953164100646973,2.273937463760376,2.209045171737671,2.053412437438965,1.825571060180664,1.806416630744934,1.5156121253967285,1.6826200485229492,1.5044831037521362,1.7284345626831055,1.8016612529754639,2.406737804412842,2.552699089050293,2.362253427505493,2.106199264526367,2.085430383682251,1.9673796892166138,1.6592868566513062,1.718005657196045,1.3955289125442505,1.5295039415359497,1.4316247701644897,1.584703803062439,1.7231693267822266,1.6775462627410889,2.0358784198760986,2.0523154735565186,2.000077486038208,1.680107831954956,1.5481327772140503,1.3101531267166138,1.2899494171142578,0.9289279580116272,0.9749676585197449,0.8819087147712708,0.9547902345657349,1.184765338897705,1.278775691986084,1.6339246034622192,1.6727724075317383,1.9906904697418213
A7,1.5330089330673218,1.3206413984298706,1.0391342639923096,0.7806854248046875,0.5424549579620361,0.37601974606513977,0.0,0.36504682898521423,0.5545706152915955,0.8528413772583008,1.1500345468521118,1.4306434392929077,1.758978247642517,1.965749979019165,2.2479870319366455,3.454674005508423,3.2249531745910645,3.0208845138549805,2.709628105163574,2.574204206466675,2.3099162578582764,2.043574810028076,1.8473016023635864,1.5093384981155396,1.355351209640503,0.9869412183761597,0.9498176574707031,0.6902143955230713,0.6982983350753784,0.8492370247840881,3.0792109966278076,2.961940288543701,2.8834750652313232,2.519711494445801,2.4853403568267822,2.1667749881744385,2.0440986156463623,1.8701612949371338,1.602121353149414,1.5446754693984985,1.2195905447006226,1.3517950773239136,1.1574883460998535,1.3605133295059204,1.455482006072998,2.2200582027435303,2.3362810611724854,2.1732330322265625,1.8803210258483887,1.883297324180603,1.7327659130096436,1.465596318244934,1.5308090448379517,1.2115992307662964,1.3932991027832031,1.2830930948257446,1.507590413093567,1.6390128135681152,1.6708086729049683,2.0190975666046143,2.107670783996582,2.0251681804656982,1.750747561454773,1.5500948429107666,1.3748875856399536,1.3022797107696533,0.930575966835022,0.9859780073165894,0.7734940052032471,0.9009746313095093,1.0380667448043823,1.1800541877746582,1.498764991760254,1.5299220085144043,1.8785470724105835
A8,1.860448956489563,1.639755129814148,1.3464072942733765,1.093669056892395,0.8186238408088684,0.5477278232574463,0.36504682898521423,0.0,0.36709460616111755,0.5627748966217041,0.8836989998817444,1.1540067195892334,1.4761228561401367,1.7169166803359985,1.9664226770401,3.189701557159424,2.9762961864471436,2.7824723720550537,2.481149435043335,2.3642401695251465,2.133676290512085,1.8370810747146606,1.690954327583313,1.3309872150421143,1.2304211854934692,0.8962205648422241,0.9072357416152954,0.7808935642242432,0.7454294562339783,1.0198655128479004,2.7964305877685547,2.7042391300201416,2.644838571548462,2.27653431892395,2.280197858810425,1.9894053936004639,1.8611502647399902,1.7439179420471191,1.4595342874526978,1.478339672088623,1.179465413093567,1.3769134283065796,1.259446144104004,1.4402306079864502,1.6153607368469238,2.499094247817993,2.5756309032440186,2.401703357696533,2.09395694732666,2.059354305267334,1.8533823490142822,1.5855870246887207,1.568238615989685,1.2133547067642212,1.3109747171401978,1.1097471714019775,1.2924586534500122,1.356285572052002,1.3761818408966064,1.7076462507247925,2.4011223316192627,2.2825920581817627,1.9987969398498535,1.7787386178970337,1.5677943229675293,1.4231624603271484,1.0567646026611328,0.9797033667564392,0.7078560590744019,0.6869080066680908,0.7544921636581421,0.8321652412414551,1.1481143236160278,1.1739155054092407,1.5167945623397827
A9,2.0789496898651123,1.8588041067123413,1.5928256511688232,1.3133559226989746,1.091518759727478,0.8386085629463196,0.5545706152915955,0.36709460616111755,0.0,0.37473243474960327,0.6017011404037476,0.913052499294281,1.2176249027252197,1.4378820657730103,1.7191418409347534,2.9049227237701416,2.6853020191192627,2.4736063480377197,2.171168327331543,2.0331451892852783,1.787488341331482,1.5017589330673218,1.333256721496582,0.9790727496147156,0.8768224120140076,0.5439977049827576,0.65025395154953,0.6363075375556946,0.7441205978393555,1.0454561710357666,2.6220881938934326,2.5427138805389404,2.439169406890869,2.080383777618408,2.0438032150268555,1.7542816400527954,1.5793606042861938,1.4436558485031128,1.133315920829773,1.1323248147964478,0.8281416296958923,1.0400468111038208,0.9803105592727661,1.1726053953170776,1.3987668752670288,2.346548080444336,2.3739261627197266,2.2035624980926514,1.8780994415283203,1.8283014297485352,1.5807143449783325,1.3468152284622192,1.2993696928024292,0.9546014070510864,1.069639801979065,0.8650883436203003,1.1215564012527466,1.203317403793335,1.3212954998016357,1.6362911462783813,2.408006429672241,2.2440297603607178,2.0009548664093018,1.7260651588439941,1.5604157447814941,1.357016682624817,1.0245717763900757,0.934693455696106,0.5839941501617432,0.6286615133285522,0.5783814787864685,0.7772383093833923,1.0385760068893433,1.1204530000686646,1.472140908241272
A10,2.371171236038208,2.1723947525024414,1.875928282737732,1.6285362243652344,1.3573969602584839,1.108443021774292,0.8528413772583008,0.5627748966217041,0.37473243474960327,0.0,0.3700614273548126,0.5915390849113464,0.9260072112083435,1.1570826768875122,1.4068762063980103,2.6988706588745117,2.5187575817108154,2.2967352867126465,2.026689291000366,1.882177710533142,1.6907477378845215,1.3577970266342163,1.241307258605957,0.8879162669181824,0.8141689300537109,0.6022411584854126,0.6724396347999573,0.8054811358451843,0.8182567954063416,1.1767959594726562,2.49084734916687,2.4633686542510986,2.3722755908966064,2.017958641052246,2.0207741260528564,1.781523585319519,1.574047327041626,1.5098471641540527,1.1727662086486816,1.2382880449295044,0.9734466075897217,1.1843633651733398,1.173837661743164,1.279455542564392,1.5613943338394165,2.6533844470977783,2.656689405441284,2.5046024322509766,2.1648285388946533,2.115745782852173,1.8336447477340698,1.6358784437179565,1.5396087169647217,1.2046008110046387,1.2480647563934326,0.9563343524932861,1.1601461172103882,1.1213083267211914,1.2492213249206543,1.5089969635009766,2.782060146331787,2.611165761947632,2.3692619800567627,2.0896425247192383,1.917015790939331,1.6897971630096436,1.37140691280365,1.2222081422805786,0.8717240691184998,0.7752254605293274,0.5493080019950867,0.6019273996353149,0.7607066035270691,0.7800758481025696,1.1425610780715942
A11,2.6757044792175293,2.460268497467041,2.1887457370758057,1.9133042097091675,1.67815363407135,1.408685564994812,1.1500345468521118,0.8836989998817444,0.6017011404037476,0.3700614273548126,0.0,0.37256038188934326,0.6186715364456177,0.8727414011955261,1.13158118724823,2.3419442176818848,2.156231164932251,1.9296308755874634,1.6584103107452393,1.514059066772461,1.3304227590560913,0.9925435185432434,0.9114548563957214,0.559122622013092,0.6056525111198425,0.5533844232559204,0.7658653855323792,1.0073422193527222,1.1065113544464111,1.4506440162658691,2.214533567428589,2.2075343132019043,2.083608865737915,1.7448127269744873,1.7273848056793213,1.5156546831130981,1.2671630382537842,1.2338390350341797,0.8876208662986755,1.0050017833709717,0.8231898546218872,1.0711584091186523,1.1765402555465698,1.2825311422348022,1.610558271408081,2.692535638809204,2.642979860305786,2.4830710887908936,2.1448864936828613,2.0584192276000977,1.7363919019699097,1.57351553440094,1.412330150604248,1.1128733158111572,1.099552869796753,0.78490149974823,0.9954100251197815,0.9297681450843811,1.1535028219223022,1.364832878112793,2.897397518157959,2.6831061840057373,2.4685802459716797,2.1584041118621826,2.0053675174713135,1.7275562286376953,1.4640384912490845,1.277119517326355,0.9336006045341492,0.8331044316291809,0.49601033329963684,0.6191522479057312,0.6455409526824951,0.7734179496765137,1.0848336219787598
A12,2.9363481998443604,2.7502923011779785,2.454078197479248,2.2095439434051514,1.942265272140503,1.6991584300994873,1.4306434392929077,1.1540067195892334,0.913052499294281,0.5915390849113464,0.37256038188934326,0.0,0.37596696615219116,0.5789182782173157,0.8186559677124023,2.2085962295532227,2.0816705226898193,1.8256741762161255,1.6140656471252441,1.4359004497528076,1.3254878520965576,0.9550015330314636,0.9216721653938293,0.6654854416847229,0.688440203666687,0.7769755721092224,0.8833958506584167,1.188112497329712,1.2286838293075562,1.576086163520813,2.2548575401306152,2.310161590576172,2.187351942062378,1.8733443021774292,1.8787482976913452,1.7263453006744385,1.4450079202651978,1.463242769241333,1.120000958442688,1.2405755519866943,1.0868804454803467,1.2665815353393555,1.3746633529663086,1.3864229917526245,1.73701012134552,2.940903663635254,2.8765015602111816,2.7484874725341797,2.3981237411499023,2.3351314067840576,2.0014443397521973,1.8845183849334717,1.7223130464553833,1.4531408548355103,1.432556390762329,1.1138026714324951,1.2820408344268799,1.1300618648529053,1.3520995378494263,1.486620306968689,3.244910955429077,3.0353405475616455,2.8296396732330322,2.5152368545532227,2.3734471797943115,2.097602605819702,1.8330832719802856,1.6479943990707397,1.304889440536499,1.180043339729309,0.824798047542572,0.8156406879425049,0.6698701977729797,0.6737322211265564,0.9475873708724976
A13,3.27911114692688,3.0751497745513916,2.7937591075897217,2.528958559036255,2.2795119285583496,2.0126571655273438,1.758978247642517,1.4761228561401367,1.2176249027252197,0.9260072112083435,0.6186715364456177,0.37596696615219116,0.0,0.36635640263557434,0.5254435539245605,1.8355584144592285,1.7231918573379517,1.4695370197296143,1.2816965579986572,1.1218124628067017,1.0802340507507324,0.7078481912612915,0.8083146810531616,0.6617923974990845,0.8325762748718262,1.0274802446365356,1.1975260972976685,1.5221271514892578,1.5958715677261353,1.9364285469055176,1.9798959493637085,2.076291561126709,1.9368939399719238,1.656390905380249,1.6677680015563965,1.5801193714141846,1.2810947895050049,1.3718723058700562,1.074411153793335,1.259352684020996,1.2146655321121216,1.4098496437072754,1.5971095561981201,1.612558364868164,1.9779833555221558,3.1365137100219727,3.0319650173187256,2.8942580223083496,2.55562686920166,2.4571025371551514,2.1015303134918213,2.0095386505126953,1.793746829032898,1.5660797357559204,1.4799437522888184,1.1654527187347412,1.2771987915039062,1.0746934413909912,1.3421975374221802,1.3930232524871826,3.4620583057403564,3.2209508419036865,3.0296781063079834,2.7027249336242676,2.5642614364624023,2.255979537963867,2.0352935791015625,1.8163740634918213,1.5025789737701416,1.3569453954696655,0.9842249155044556,0.9730451107025146,0.7177848815917969,0.8025628328323364,0.9455223083496094
A14,3.4493420124053955,3.2734711170196533,2.9870681762695312,2.739659309387207,2.4889633655548096,2.255922317504883,1.965749979019165,1.7169166803359985,1.4378820657730103,1.1570826768875122,0.8727414011955261,0.5789182782173157,0.36635640263557434,0.0,0.37079736590385437,1.7931668758392334,1.7281699180603027,1.417183756828308,1.296354055404663,1.0510727167129517,1.0464699268341064,0.7101243138313293,0.7693763971328735,0.7655852437019348,0.8524371385574341,1.133787751197815,1.2471643686294556,1.6073647737503052,1.6894854307174683,2.000430107116699,2.2016379833221436,2.3277904987335205,2.15464448928833,1.9094691276550293,1.8831655979156494,1.8160465955734253,1.4799392223358154,1.5456825494766235,1.2484365701675415,1.3630402088165283,1.3231803178787231,1.4316922426223755,1.6221925020217896,1.5626884698867798,1.9318227767944336,3.1583092212677,3.0317955017089844,2.9332759380340576,2.587387800216675,2.5198123455047607,2.162222146987915,2.1313610076904297,1.9390747547149658,1.7561116218566895,1.7154772281646729,1.4425129890441895,1.5955945253372192,1.4211899042129517,1.7044625282287598,1.7426267862319946,3.63448166847229,3.395097255706787,3.2326767444610596,2.8915834426879883,2.791682243347168,2.4907238483428955,2.2760043144226074,2.0935919284820557,1.7666116952896118,1.6695520877838135,1.3035908937454224,1.318376064300537,1.0721054077148438,1.0920956134796143,1.221506953239441
A15,3.749650001525879,3.566789388656616,3.27197003364563,3.0255722999572754,2.760493040084839,2.5107510089874268,2.2479870319366455,1.9664226770401,1.7191418409347534,1.4068762063980103,1.13158118724823,0.8186559677124023,0.5254435539245605,0.37079736590385437,0.0,1.5983448028564453,1.5982221364974976,1.3135685920715332,1.2642126083374023,1.078763484954834,1.1882163286209106,0.8878058791160583,1.0597212314605713,1.0757768154144287,1.2136578559875488,1.4770903587341309,1.5906016826629639,1.9416697025299072,1.9900118112564087,2.314455270767212,2.072751760482788,2.253526449203491,2.1091105937957764,1.8958219289779663,1.9215340614318848,1.9187471866607666,1.6085678339004517,1.745693325996399,1.4904001951217651,1.6608660221099854,1.6560864448547363,1.7902965545654297,1.988815426826477,1.9318827390670776,2.3003182411193848,3.522726058959961,3.3901889324188232,3.2833244800567627,2.9429168701171875,2.858311414718628,2.495379686355591,2.454301357269287,2.2344155311584473,2.047170877456665,1.9560946226119995,1.6606709957122803,1.7428725957870483,1.5018988847732544,1.7564780712127686,1.718677282333374,3.957359552383423,3.7108237743377686,3.536022186279297,3.200390100479126,3.0779943466186523,2.7651398181915283,2.5548529624938965,2.3377246856689453,2.0265543460845947,1.8770463466644287,1.5036330223083496,1.447514295578003,1.1288743019104004,1.1256823539733887,1.1393972635269165
B1,4.958815574645996,4.702526569366455,4.482036113739014,4.162266254425049,3.9821937084198,3.670558214187622,3.454674005508423,3.189701557159424,2.9049227237701416,2.6988706588745117,2.3419442176818848,2.2085962295532227,1.8355584144592285,1.7931668758392334,1.5983448028564453,0.0,0.3959462344646454,0.5271355509757996,0.8416831493377686,1.0455682277679443,1.3861395120620728,1.504860520362854,1.8371843099594116,2.036684036254883,2.342719554901123,2.6392006874084473,2.8976597785949707,3.2319090366363525,3.3873934745788574,3.7024409770965576,1.4826170206069946,1.7685389518737793,1.5553386211395264,1.6576820611953735,1.646859049797058,1.9121780395507812,1.739050269126892,2.0143678188323975,2.053579330444336,2.291408061981201,2.5330231189727783,2.700772762298584,3.0373716354370117,3.0715458393096924,3.419025182723999,4.284348011016846,4.045421123504639,3.8869552612304688,3.6385059356689453,3.4327619075775146,3.0769479274749756,3.0893471240997314,2.766763925552368,2.7374517917633057,2.511643171310425,2.359192371368408,2.2960147857666016,2.1074514389038086,2.3738532066345215,2.1648080348968506,4.670839786529541,4.334151268005371,4.220757484436035,3.8813443183898926,3.782330274581909,3.415776252746582,3.366527795791626,3.104827404022217,2.926395893096924,2.79087495803833,2.495441436767578,2.5208189487457275,2.231480598449707,2.4188547134399414,2.2976884841918945
B2,4.705896377563477,4.43488883972168,4.2359619140625,3.9024360179901123,3.748169422149658,3.4302103519439697,3.2249531745910645,2.9762961864471436,2.6853020191192627,2.5187575817108154,2.156231164932251,2.0816705226898193,1.7231918573379517,1.7281699180603027,1.5982221364974976,0.3959462344646454,0.0,0.3865455090999603,0.5560271143913269,0.8575871586799622,1.1432031393051147,1.3041119575500488,1.6339629888534546,1.8231985569000244,2.1539793014526367,2.429783582687378,2.720743179321289,3.0354862213134766,3.2174696922302246,3.5271525382995605,1.2671335935592651,1.4940065145492554,1.230675458908081,1.3349066972732544,1.2785909175872803,1.547817587852478,1.3928316831588745,1.6704891920089722,1.7543522119522095,2.0003881454467773,2.271390914916992,2.458338499069214,2.8078253269195557,2.881640911102295,3.219392776489258,3.9960169792175293,3.757312536239624,3.5776596069335938,3.344672203063965,3.1163227558135986,2.7674338817596436,2.7691235542297363,2.4356892108917236,2.424680709838867,2.185025453567505,2.066234588623047,1.998004674911499,1.852803111076355,2.134350299835205,1.9507540464401245,4.329947471618652,3.985050916671753,3.8778128623962402,3.5428640842437744,3.447265148162842,3.0791537761688232,3.056037187576294,2.7975053787231445,2.6454498767852783,2.5291433334350586,2.261613368988037,2.3278262615203857,2.0796563625335693,2.3147544860839844,2.2292675971984863
B3,4.503346920013428,4.254287242889404,4.042172908782959,3.721614122390747,3.5555827617645264,3.257363796234131,3.0208845138549805,2.7824723720550537,2.4736063480377197,2.2967352867126465,1.9296308755874634,1.8256741762161255,1.4695370197296143,1.417183756828308,1.3135685920715332,0.5271355509757996,0.3865455090999603,0.0,0.37553882598876953,0.5261954069137573,0.8623160123825073,1.0177786350250244,1.3330806493759155,1.5605831146240234,1.8622698783874512,2.167095422744751,2.435166358947754,2.766148090362549,2.949326992034912,3.248793363571167,1.5224136114120483,1.7275433540344238,1.451025366783142,1.4672847986221313,1.375266671180725,1.569150447845459,1.3290560245513916,1.559874176979065,1.5788949728012085,1.7869819402694702,2.034334659576416,2.186020612716675,2.529364824295044,2.569512128829956,2.9103200435638428,3.760037899017334,3.5222129821777344,3.3695085048675537,3.116107225418091,2.9193308353424072,2.561589479446411,2.5884392261505127,2.277956962585449,2.2624478340148926,2.0687336921691895,1.937137484550476,1.9330694675445557,1.7932559251785278,2.10843825340271,1.97175931930542,4.192312240600586,3.859844446182251,3.7589049339294434,3.409964084625244,3.333202838897705,2.971754312515259,2.921614170074463,2.686891555786133,2.4955577850341797,2.402296304702759,2.1077442169189453,2.1879820823669434,1.9338109493255615,2.141739845275879,2.0961177349090576
B4,4.178920269012451,3.9179701805114746,3.719085454940796,3.3889009952545166,3.239309072494507,2.934823989868164,2.709628105163574,2.481149435043335,2.171168327331543,2.026689291000366,1.6584103107452393,1.6140656471252441,1.2816965579986572,1.296354055404663,1.2642126083374023,0.8416831493377686,0.5560271143913269,0.37553882598876953,0.0,0.3791167140007019,0.6040361523628235,0.7655396461486816,1.0870269536972046,1.2801326513290405,1.6112020015716553,1.886980414390564,2.184997081756592,2.4952242374420166,2.6947288513183594,2.993644952774048,1.3827837705612183,1.520933985710144,1.2222492694854736,1.1803433895111084,1.051534652709961,1.2082149982452393,0.9540612697601318,1.1896302700042725,1.2256295680999756,1.4564399719238281,1.7194517850875854,1.903201937675476,2.251972198486328,2.3334238529205322,2.6695539951324463,3.469024896621704,3.2446177005767822,3.06923508644104,2.818657875061035,2.60532283782959,2.2474887371063232,2.24796986579895,1.9263046979904175,1.9059178829193115,1.6990571022033691,1.5807808637619019,1.578845500946045,1.473698377609253,1.80472993850708,1.7048989534378052,3.834282636642456,3.5006191730499268,3.39298415184021,3.0478744506835938,2.964498281478882,2.6013729572296143,2.559828758239746,2.323852062225342,2.1472723484039307,2.0650875568389893,1.7913562059402466,1.9053168296813965,1.69195556640625,1.9403619766235352,1.9323904514312744
B5,4.0331501960754395,3.7988572120666504,3.5875911712646484,3.273900032043457,3.113985061645508,2.836641550064087,2.574204206466675,2.3642401695251465,2.0331451892852783,1.882177710533142,1.514059066772461,1.4359004497528076,1.1218124628067017,1.0510727167129517,1.078763484954834,1.0455682277679443,0.8575871586799622,0.5261954069137573,0.3791167140007019,0.0,0.36474132537841797,0.5356501936912537,0.8151695728302002,1.0785017013549805,1.3608274459838867,1.6777911186218262,1.9449008703231812,2.27463960647583,2.479386568069458,2.761787176132202,1.7291532754898071,1.8562124967575073,1.562175989151001,1.466338872909546,1.3144665956497192,1.3840385675430298,1.056873083114624,1.201695203781128,1.1498398780822754,1.309328556060791,1.5388798713684082,1.6670503616333008,2.0092544555664062,2.046426296234131,2.3847813606262207,3.2636501789093018,3.037315845489502,2.8966798782348633,2.625176191329956,2.4518587589263916,2.0878121852874756,2.126163959503174,1.840638518333435,1.8225045204162598,1.6836283206939697,1.5608571767807007,1.6421794891357422,1.5539612770080566,1.9076592922210693,1.8612682819366455,3.7515757083892822,3.4329237937927246,3.337719440460205,2.9789271354675293,2.922746419906616,2.572824716567993,2.503822088241577,2.303602457046509,2.08437180519104,2.037527084350586,1.7397716045379639,1.8728007078170776,1.6622401475906372,1.8703302145004272,1.9122120141983032
B6,3.7311322689056396,3.495209217071533,3.3009512424468994,2.9819729328155518,2.8461198806762695,2.5786266326904297,2.3099162578582764,2.133676290512085,1.787488341331482,1.6907477378845215,1.3304227590560913,1.3254878520965576,1.0802340507507324,1.0464699268341064,1.1882163286209106,1.3861395120620728,1.1432031393051147,0.8623160123825073,0.6040361523628235,0.36474132537841797,0.0,0.3753725290298462,0.5478537678718567,0.8286526799201965,1.1092544794082642,1.4094609022140503,1.700798749923706,2.008911609649658,2.2475380897521973,2.5114617347717285,1.8432667255401611,1.8999594449996948,1.5933386087417603,1.446747064590454,1.2396767139434814,1.2172433137893677,0.8567500114440918,0.90999835729599,0.8432279825210571,0.958479106426239,1.2103495597839355,1.33519446849823,1.691131591796875,1.7608939409255981,2.0859787464141846,2.907282829284668,2.6847288608551025,2.5358824729919434,2.2654006481170654,2.087961435317993,1.7234106063842773,1.7657626867294312,1.487990140914917,1.4901198148727417,1.3839712142944336,1.3050084114074707,1.444127082824707,1.4308165311813354,1.8012816905975342,1.8231676816940308,3.397296190261841,3.079378843307495,2.994495153427124,2.6318552494049072,2.593693733215332,2.2503597736358643,2.19185209274292,2.0195178985595703,1.8055065870285034,1.8083202838897705,1.539346694946289,1.7345796823501587,1.5902537107467651,1.8207443952560425,1.9265211820602417
B7,3.5114049911499023,3.2840421199798584,3.0614073276519775,2.7553908824920654,2.5847043991088867,2.3150246143341064,2.043574810028076,1.8370810747146606,1.5017589330673218,1.3577970266342163,0.9925435185432434,0.9550015330314636,0.7078481912612915,0.7101243138313293,0.8878058791160583,1.504860520362854,1.3041119575500488,1.0177786350250244,0.7655396461486816,0.5356501936912537,0.3753725290298462,0.0,0.36236879229545593,0.5474762320518494,0.8509293794631958,1.1507375240325928,1.4270938634872437,1.7505797147750854,1.9522011280059814,2.241117477416992,1.8426012992858887,1.9097470045089722,1.6561346054077148,1.443495512008667,1.3104441165924072,1.2473747730255127,0.8777854442596436,0.9430138468742371,0.7462961077690125,0.905319094657898,1.0604028701782227,1.2227822542190552,1.5404958724975586,1.5973882675170898,1.948283076286316,2.906306505203247,2.7255537509918213,2.578641176223755,2.2760064601898193,2.126106023788452,1.7543556690216064,1.7451752424240112,1.4822111129760742,1.3941493034362793,1.2947052717208862,1.1256638765335083,1.2763395309448242,1.2097002267837524,1.5717978477478027,1.6120123863220215,3.3458173274993896,3.0521724224090576,2.929049491882324,2.572383165359497,2.500133991241455,2.162355899810791,2.0454564094543457,1.8558545112609863,1.5995383262634277,1.5632646083831787,1.2541824579238892,1.4141666889190674,1.2499998807907104,1.4569156169891357,1.5795882940292358
B8,3.263500690460205,3.0558199882507324,2.8388876914978027,2.5437211990356445,2.3864121437072754,2.1503283977508545,1.8473016023635864,1.690954327583313,1.333256721496582,1.241307258605957,0.9114548563957214,0.9216721653938293,0.8083146810531616,0.7693763971328735,1.0597212314605713,1.8371843099594116,1.6339629888534546,1.3330806493759155,1.0870269536972046,0.8151695728302002,0.5478537678718567,0.36236879229545593,0.0,0.3697454035282135,0.5672296285629272,0.894939124584198,1.159723162651062,1.47944176197052,1.715954303741455,1.9722058773040771,2.1602253913879395,2.189451217651367,1.9308768510818481,1.695753574371338,1.527475357055664,1.3889389038085938,1.0167683362960815,0.9488792419433594,0.6816085577011108,0.6892847418785095,0.7894328832626343,0.8851636052131653,1.204101800918579,1.2490687370300293,1.5942808389663696,2.577282667160034,2.402142286300659,2.2772672176361084,1.9599257707595825,1.8446123600006104,1.4760229587554932,1.4975850582122803,1.2871894836425781,1.2141512632369995,1.2121775150299072,1.088668942451477,1.3343307971954346,1.3416815996170044,1.6982673406600952,1.8086738586425781,3.1051204204559326,2.8262898921966553,2.7211647033691406,2.3568310737609863,2.3198509216308594,2.005465269088745,1.877261757850647,1.7450604438781738,1.4678394794464111,1.5052340030670166,1.2224587202072144,1.4389281272888184,1.345639705657959,1.5236632823944092,1.719285488128662
B9,2.9679064750671387,2.750143051147461,2.5214269161224365,2.2237777709960938,2.0511341094970703,1.8000342845916748,1.5093384981155396,1.3309872150421143,0.9790727496147156,0.8879162669181824,0.559122622013092,0.6654854416847229,0.6617923974990845,0.7655852437019348,1.0757768154144287,2.036684036254883,1.8231985569000244,1.5605831146240234,1.2801326513290405,1.0785017013549805,0.8286526799201965,0.5474762320518494,0.3697454035282135,0.0,0.3742813467979431,0.608364999294281,0.9157147407531738,1.2151799201965332,1.4328542947769165,1.7175577878952026,2.1325931549072266,2.1325325965881348,1.9202983379364014,1.6313315629959106,1.5101311206817627,1.317673683166504,0.9822659492492676,0.9037507176399231,0.5513662099838257,0.6150662899017334,0.5920894145965576,0.7985191345214844,1.0628186464309692,1.1620465517044067,1.5112203359603882,2.5218451023101807,2.396557331085205,2.2467122077941895,1.9175567626953125,1.8033933639526367,1.4433943033218384,1.3785820007324219,1.1746739149093628,1.0023491382598877,0.9994675517082214,0.8067414164543152,1.0758007764816284,1.086188793182373,1.4181318283081055,1.5779125690460205,2.913238763809204,2.6524171829223633,2.506016254425049,2.155251979827881,2.076378583908081,1.7665618658065796,1.593949317932129,1.4428023099899292,1.1404476165771484,1.1556353569030762,0.8655288219451904,1.093931794166565,1.0523831844329834,1.2392524480819702,1.4772632122039795
B10,2.7574291229248047,2.5789167881011963,2.3358218669891357,2.0708885192871094,1.8873145580291748,1.6913889646530151,1.355351209640503,1.2304211854934692,0.8768224120140076,0.8141689300537109,0.6056525111198425,0.688440203666687,0.8325762748718262,0.8524371385574341,1.2136578559875488,2.342719554901123,2.1539793014526367,1.8622698783874512,1.6112020015716553,1.3608274459838867,1.1092544794082642,0.8509293794631958,0.5672296285629272,0.3742813467979431,0.0,0.37244290113449097,0.5926010608673096,0.9212441444396973,1.1521899700164795,1.406475305557251,2.5007214546203613,2.498039484024048,2.2913694381713867,1.9958879947662354,1.8710215091705322,1.653691291809082,1.3301764726638794,1.1923545598983765,0.8340785503387451,0.7422601580619812,0.5439512729644775,0.6047385334968567,0.782408595085144,0.8155943751335144,1.1766129732131958,2.3226318359375,2.2229559421539307,2.1163737773895264,1.762283205986023,1.719406247138977,1.3833638429641724,1.347235083580017,1.2394390106201172,1.0643259286880493,1.179545521736145,1.0205700397491455,1.337793231010437,1.3714343309402466,1.6656174659729004,1.863472819328308,2.8215906620025635,2.595736026763916,2.4589898586273193,2.110631227493286,2.0629000663757324,1.7979902029037476,1.5865596532821655,1.5068964958190918,1.1727945804595947,1.2489925622940063,0.9925641417503357,1.2149370908737183,1.2189861536026,1.3207215070724487,1.6127833127975464
B11,2.396298408508301,2.2110493183135986,1.966406226158142,1.6993026733398438,1.5176002979278564,1.3279627561569214,0.9869412183761597,0.8962205648422241,0.5439977049827576,0.6022411584854126,0.5533844232559204,0.7769755721092224,1.0274802446365356,1.133787751197815,1.4770903587341309,2.6392006874084473,2.429783582687378,2.167095422744751,1.886980414390564,1.6777911186218262,1.4094609022140503,1.1507375240325928,0.894939124584198,0.608364999294281,0.37244290113449097,0.0,0.37442368268966675,0.6105985641479492,0.8660861849784851,1.1249463558197021,2.620185136795044,2.5766406059265137,2.4017858505249023,2.076429843902588,1.9701051712036133,1.704058289527893,1.4359784126281738,1.263416051864624,0.9101395606994629,0.8041972517967224,0.4726209342479706,0.5892648100852966,0.6247490048408508,0.758788526058197,1.0703965425491333,2.169321060180664,2.1257309913635254,1.9985835552215576,1.6442975997924805,1.6139938831329346,1.3145971298217773,1.2010011672973633,1.1461228132247925,0.9006634950637817,1.0713272094726562,0.9199891686439514,1.2573490142822266,1.3392668962478638,1.5780925750732422,1.836093544960022,2.541929006576538,2.3424084186553955,2.1760218143463135,1.84617018699646,1.7761234045028687,1.5411765575408936,1.2858155965805054,1.2369464635849,0.8892883658409119,1.0080633163452148,0.8281089067459106,1.0784084796905518,1.19286048412323,1.2871121168136597,1.6222782135009766
B12,2.2656519412994385,2.1363227367401123,1.8583701848983765,1.651755690574646,1.4320144653320312,1.3194042444229126,0.9498176574707031,0.9072357416152954,0.65025395154953,0.6724396347999573,0.7658653855323792,0.8833958506584167,1.1975260972976685,1.2471643686294556,1.5906016826629639,2.8976597785949707,2.720743179321289,2.435166358947754,2.184997081756592,1.9449008703231812,1.700798749923706,1.4270938634872437,1.159723162651062,0.9157147407531738,0.5926010608673096,0.37442368268966675,0.0,0.37260669469833374,0.5748760104179382,0.8170843720436096,2.9421262741088867,2.9156341552734375,2.7530462741851807,2.4244232177734375,2.334345579147339,2.074376106262207,1.8037372827529907,1.636088490486145,1.2815860509872437,1.1518707275390625,0.8054822683334351,0.7828737497329712,0.6470413208007812,0.6339248418807983,0.9178450703620911,2.1821086406707764,2.1777842044830322,2.1021482944488525,1.736425518989563,1.7823911905288696,1.524734616279602,1.4377437829971313,1.4540263414382935,1.2185840606689453,1.4236918687820435,1.268674373626709,1.5899889469146729,1.641585350036621,1.8438141345977783,2.103856086730957,2.6309397220611572,2.479538917541504,2.313239097595215,2.0055618286132812,1.9505866765975952,1.770052433013916,1.4789425134658813,1.4795844554901123,1.1316730976104736,1.2443561553955078,1.0826377868652344,1.2564669847488403,1.366283655166626,1.3629968166351318,1.71828293800354
B13,1.8954921960830688,1.7789164781570435,1.5027387142181396,1.3164503574371338,1.1117342710494995,1.0634984970092773,0.6902143955230713,0.7808935642242432,0.6363075375556946,0.8054811358451843,1.0073422193527222,1.188112497329712,1.5221271514892578,1.6073647737503052,1.9416697025299072,3.2319090366363525,3.0354862213134766,2.766148090362549,2.4952242374420166,2.27463960647583,2.008911609649658,1.7505797147750854,1.47944176197052,1.2151799201965332,0.9212441444396973,0.6105985641479492,0.37260669469833374,0.0,0.3669356107711792,0.5250718593597412,3.1666414737701416,3.105095624923706,2.9593260288238525,2.617743730545044,2.5289220809936523,2.236057758331299,2.0075366497039795,1.8080847263336182,1.4799292087554932,1.3261539936065674,0.9543809294700623,0.9232786893844604,0.6602259874343872,0.7226623296737671,0.8667639493942261,2.010742425918579,2.0684902667999268,1.989992618560791,1.6390504837036133,1.716980218887329,1.521619439125061,1.3934417963027954,1.481767177581787,1.236689805984497,1.4887710809707642,1.3791359663009644,1.6977012157440186,1.7964638471603394,1.9501065015792847,2.2505016326904297,2.3666532039642334,2.2574644088745117,2.0777437686920166,1.8022760152816772,1.7493765354156494,1.630873441696167,1.3162074089050293,1.3872638940811157,1.0770083665847778,1.2436977624893188,1.1889667510986328,1.3701952695846558,1.5608158111572266,1.5541894435882568,1.922926902770996
