,A1,A2,A3,A4,A5,A6,A7,A8,A9,A10,A11,A12,A13,A14,A15,B1,B2,B3,B4,B5,B6,B7,B8,B9,B10,B11,B12,B13,B14,B15,C1,C2,C3,C4,C5,C6,C7,C8,C9,C10,C11,C12,C13,C14,C15,D1,D2,D3,D4,D5,D6,D7,D8,D9,D10,D11,D12,D13,D14,D15,E1,E2,E3,E4,E5,E6,E7,E8,E9,E10,E11,E12,E13,E14,E15
A1,0.0,0.37536364793777466,0.5241237282752991,0.8195105195045471,1.049477219581604,1.3757519721984863,1.5678077936172485,1.9110969305038452,2.0921854972839355,2.430929660797119,2.655500888824463,2.981179714202881,3.259903907775879,3.4847865104675293,3.776106595993042,4.491065979003906,4.2805070877075195,4.121829032897949,3.7594783306121826,3.7325570583343506,3.3547561168670654,3.3971495628356934,3.0833182334899902,2.971414089202881,2.768206834793091,2.570725202560425,2.497042655944824,2.1992173194885254,2.389930248260498,2.1060898303985596,1.8683301210403442,1.6298353672027588,1.8054828643798828,1.8993643522262573,1.947418451309204,2.1909735202789307,2.0860836505889893,2.4446616172790527,2.4217193126678467,2.728569984436035,2.897031307220459,3.1211540699005127,3.435404062271118,3.461637496948242,3.8375535011291504,2.8672144412994385,2.751399278640747,2.7894287109375,2.4852354526519775,2.773826837539673,2.6278252601623535,2.808304786682129,2.8865597248077393,2.7494993209838867,3.009531021118164,2.851780414581299,3.1606454849243164,3.136761426925659,3.26582932472229,3.501559257507324,4.71909761428833,4.462440013885498,4.268891334533691,3.929154396057129,3.7945127487182617,3.419205904006958,3.3961198329925537,3.046992778778076,2.948338747024536,2.6765403747558594,2.488668441772461,2.3594725131988525,2.0409092903137207,2.183145761489868,1.8842387199401855
A2,0.37536364793777466,0.0,0.3797094225883484,0.5282889604568481,0.8233843445777893,1.1063083410263062,1.294066309928894,1.6424654722213745,1.7826488018035889,2.1360819339752197,2.3334343433380127,2.6677749156951904,2.9351966381073,3.152980089187622,3.45149827003479,4.212200164794922,3.9846529960632324,3.838317394256592,3.468501091003418,3.4463119506835938,3.069422721862793,3.095228910446167,2.7889981269836426,2.650933265686035,2.4548022747039795,2.2342171669006348,2.1685147285461426,1.858222484588623,2.049201011657715,1.7827643156051636,1.8243941068649292,1.5379449129104614,1.6533163785934448,1.7025723457336426,1.7034306526184082,1.9152185916900635,1.7709120512008667,2.1151533126831055,2.0753536224365234,2.370699882507324,2.539022922515869,2.753401279449463,3.0717625617980957,3.0957701206207275,3.470161199569702,2.607330322265625,2.465754747390747,2.483157157897949,2.160388946533203,2.4317660331726074,2.26789927482605,2.4459335803985596,2.514153003692627,2.3810927867889404,2.641378164291382,2.4931442737579346,2.8097517490386963,2.799906015396118,2.9453327655792236,3.186168909072876,4.442024230957031,4.175346851348877,3.9792020320892334,3.6401004791259766,3.493273973464966,3.119086742401123,3.0718295574188232,2.7197165489196777,2.6091036796569824,2.3256938457489014,2.135631799697876,1.9911205768585205,1.6751044988632202,1.8197669982910156,1.5218991041183472
A3,0.5241237282752991,0.3797094225883484,0.0,0.38727208971977234,0.5271673798561096,0.872742772102356,1.0532187223434448,1.3915339708328247,1.5921274423599243,1.9192405939102173,2.161964178085327,2.4789514541625977,2.767063617706299,2.998210906982422,3.2808074951171875,4.111697673797607,3.890949249267578,3.711949348449707,3.3539931774139404,3.2955214977264404,2.9139323234558105,2.9337308406829834,2.6050655841827393,2.5010907649993896,2.275899648666382,2.0987348556518555,2.0120105743408203,1.7397059202194214,1.9570417404174805,1.68832266330719,1.7909759283065796,1.481532096862793,1.6504825353622437,1.6384834051132202,1.7062376737594604,1.8785709142684937,1.773444414138794,2.1154820919036865,2.0409657955169678,2.36134672164917,2.485971450805664,2.7269935607910156,3.014892816543579,3.0429739952087402,3.4224653244018555,2.699949026107788,2.524683952331543,2.582735776901245,2.2595608234405518,2.5180017948150635,2.350804328918457,2.475003957748413,2.5412795543670654,2.356144428253174,2.602910041809082,2.420485019683838,2.714292526245117,2.690692186355591,2.7917215824127197,3.04282546043396,4.222066879272461,3.9602808952331543,3.7804198265075684,3.4326331615448,3.3165130615234375,2.9386303424835205,2.9282679557800293,2.593057632446289,2.4848597049713135,2.2411117553710938,2.0418548583984375,1.9611951112747192,1.6470038890838623,1.8364288806915283,1.5961300134658813
A4,0.8195105195045471,0.5282889604568481,0.38727208971977234,0.0,0.3805433511734009,0.5856806039810181,0.8319761157035828,1.1456191539764404,1.3133114576339722,1.6545206308364868,1.857133388519287,2.193148374557495,2.454493999481201,2.6964800357818604,2.9754478931427,3.973806619644165,3.7266409397125244,3.559683084487915,3.1943328380584717,3.1297056674957275,2.7495627403259277,2.7296271324157715,2.4028027057647705,2.257357120513916,2.0190107822418213,1.805747628211975,1.6938238143920898,1.3929141759872437,1.5855120420455933,1.3105518817901611,1.9820139408111572,1.6395002603530884,1.7395256757736206,1.6680054664611816,1.6761531829833984,1.7865411043167114,1.6202826499938965,1.9243223667144775,1.7994434833526611,2.09342360496521,2.1953587532043457,2.411421537399292,2.6946909427642822,2.6975324153900146,3.078640937805176,2.362104654312134,2.1651577949523926,2.22204852104187,1.8947008848190308,2.145143508911133,1.9829413890838623,2.0964760780334473,2.1788628101348877,1.9968799352645874,2.262256383895874,2.1063601970672607,2.4153330326080322,2.4317829608917236,2.5442636013031006,2.8183162212371826,3.9176933765411377,3.65509033203125,3.4595534801483154,3.119736909866333,2.9806196689605713,2.604888677597046,2.5778210163116455,2.2325212955474854,2.1357405185699463,1.8774603605270386,1.7031049728393555,1.6197978258132935,1.334686040878296,1.5638848543167114,1.3461421728134155
A5,1.049477219581604,0.8233843445777893,0.5271673798561096,0.3805433511734009,0.0,0.382534384727478,0.5523888468742371,0.8674924969673157,1.100012183189392,1.407380223274231,1.6681098937988281,1.9754955768585205,2.2686779499053955,2.511262893676758,2.7796761989593506,3.783811330795288,3.5481433868408203,3.3497562408447266,2.9991295337677,2.9018003940582275,2.5198071002960205,2.5016815662384033,2.1562466621398926,2.0548856258392334,1.796534776687622,1.642820119857788,1.5291496515274048,1.2946841716766357,1.5374090671539307,1.2967132329940796,1.908259391784668,1.5537289381027222,1.6876853704452515,1.5532130002975464,1.6259114742279053,1.6913172006607056,1.5797369480133057,1.8747336864471436,1.7272599935531616,2.047579765319824,2.1081361770629883,2.3594017028808594,2.6090102195739746,2.6320080757141113,3.0122644901275635,2.5666139125823975,2.3323307037353516,2.411994218826294,2.082813262939453,2.2975759506225586,2.116471290588379,2.168384075164795,2.2242181301116943,1.9855272769927979,2.2152509689331055,2.011284112930298,2.284562110900879,2.271519899368286,2.336768627166748,2.611436128616333,3.7106544971466064,3.444237232208252,3.2767908573150635,2.922157049179077,2.8242812156677246,2.4453306198120117,2.4499881267547607,2.133368968963623,2.0189743041992188,1.8144567012786865,1.6116896867752075,1.602073311805725,1.3174222707748413,1.5693742036819458,1.4246798753738403
A6,1.3757519721984863,1.1063083410263062,0.872742772102356,0.5856806039810181,0.382534384727478,0.0,0.37861526012420654,0.5812801122665405,0.8091517686843872,1.110689401626587,1.3403446674346924,1.66211998462677,1.929318904876709,2.1933860778808594,2.447606325149536,3.674698829650879,3.4147677421569824,3.219972610473633,2.870331287384033,2.752535104751587,2.3767213821411133,2.3070950508117676,1.9588451385498047,1.8226935863494873,1.533412218093872,1.3592661619186401,1.1935991048812866,0.952255129814148,1.17520272731781,0.9371659755706787,2.1750359535217285,1.8066315650939941,1.8875261545181274,1.6957217454910278,1.7246859073638916,1.7110505104064941,1.5553523302078247,1.7884249687194824,1.5722118616104126,1.8583226203918457,1.8660885095596313,2.093810796737671,2.31801700592041,2.311032295227051,2.6922738552093506,2.3269941806793213,2.0605173110961914,2.1545698642730713,1.8336713314056396,2.02280855178833,1.8519952297210693,1.8598051071166992,1.9320907592773438,1.6740143299102783,1.9143407344818115,1.7297979593276978,2.005077362060547,2.0370430946350098,2.0929157733917236,2.3983020782470703,3.355003833770752,3.0897371768951416,2.910202741622925,2.56080961227417,2.449185371398926,2.0704712867736816,2.07383131980896,1.7547379732131958,1.657389760017395,1.4620274305343628,1.29213547706604,1.3255650997161865,1.1022677421569824,1.4131107330322266,1.33750581741333
A7,1.5678077936172485,1.294066309928894,1.0532187223434448,0.8319761157035828,0.5523888468742371,0.37861526012420654,0.0,0.38288769125938416,0.5679879188537598,0.87092125415802,1.1484907865524292,1.438627004623413,1.7519690990447998,1.9769290685653687,2.252061128616333,3.3188042640686035,3.0696964263916016,2.8626723289489746,2.518141508102417,2.396174669265747,2.017779588699341,1.9694507122039795,1.6188974380493164,1.5157285928726196,1.2462996244430542,1.1211727857589722,1.0298011302947998,0.8766699433326721,1.1896384954452515,1.0653951168060303,1.9852701425552368,1.6147061586380005,1.6762744188308716,1.4290598630905151,1.482370376586914,1.4212409257888794,1.3131393194198608,1.5342706441879272,1.323707103729248,1.6393722295761108,1.6409705877304077,1.9137755632400513,2.1274991035461426,2.1729657649993896,2.5461294651031494,2.5840001106262207,2.291141986846924,2.352557420730591,2.013054609298706,2.146756887435913,1.9234837293624878,1.896452784538269,1.8969364166259766,1.6024980545043945,1.7790942192077637,1.5335558652877808,1.7737045288085938,1.751221776008606,1.7920541763305664,2.076767921447754,3.276238203048706,2.985727310180664,2.8463451862335205,2.4776291847229004,2.4030356407165527,2.026514768600464,2.013697624206543,1.7307653427124023,1.5628522634506226,1.4076817035675049,1.16011381149292,1.2263301610946655,0.974277913570404,1.2521140575408936,1.23916757106781
A8,1.9110969305038452,1.6424654722213745,1.3915339708328247,1.1456191539764404,0.8674924969673157,0.5812801122665405,0.38288769125938416,0.0,0.37933751940727234,0.5631557106971741,0.8699409365653992,1.1390436887741089,1.444744348526001,1.7010248899459839,1.9417725801467896,3.2685468196868896,3.006960391998291,2.7837748527526855,2.458284854888916,2.290355920791626,1.9268051385879517,1.8194499015808105,1.4559574127197266,1.3551373481750488,1.0269721746444702,0.950541079044342,0.7798691391944885,0.7299386858940125,1.019002914428711,0.9488928318023682,2.3052728176116943,1.9401437044143677,1.9896433353424072,1.701853632926941,1.7520017623901367,1.6192240715026855,1.5112601518630981,1.655072808265686,1.3800256252288818,1.650564432144165,1.5630614757537842,1.8188327550888062,1.9703840017318726,1.9898022413253784,2.3554346561431885,2.5572926998138428,2.237529754638672,2.329637289047241,2.018263578414917,2.115683078765869,1.914124846458435,1.8149678707122803,1.825653076171875,1.4922915697097778,1.6491475105285645,1.4051488637924194,1.6070548295974731,1.6187503337860107,1.6017796993255615,1.9205976724624634,2.900123119354248,2.613715171813965,2.479747772216797,2.1085925102233887,2.052812099456787,1.6786279678344727,1.6998169422149658,1.446963906288147,1.298035740852356,1.2160710096359253,1.0110732316970825,1.1885935068130493,1.0439609289169312,1.3580124378204346,1.435921311378479
A9,2.0921854972839355,1.7826488018035889,1.5921274423599243,1.3133114576339722,1.100012183189392,0.8091517686843872,0.5679879188537598,0.37933751940727234,0.0,0.37426555156707764,0.5860099792480469,0.8894168138504028,1.1940757036209106,1.4127311706542969,1.6949999332427979,2.9867875576019287,2.705064535140991,2.50898814201355,2.1712887287139893,2.025123357772827,1.6670228242874146,1.5387507677078247,1.1993913650512695,1.032572865486145,0.7276853919029236,0.582257091999054,0.47925156354904175,0.47685691714286804,0.8277215957641602,0.8890970945358276,2.326521158218384,1.9635318517684937,1.9401851892471313,1.6289458274841309,1.61444091796875,1.4211076498031616,1.2779645919799805,1.3547953367233276,1.0441827774047852,1.287290096282959,1.1839853525161743,1.4434689283370972,1.604118824005127,1.6459991931915283,2.0113637447357178,2.5085344314575195,2.1708645820617676,2.211491823196411,1.887144923210144,1.9271430969238281,1.684187889099121,1.56314218044281,1.5167973041534424,1.1714646816253662,1.2926918268203735,1.0306951999664307,1.242497444152832,1.2647359371185303,1.2906650304794312,1.6135040521621704,2.81913685798645,2.506037950515747,2.3785688877105713,2.007730484008789,1.9321972131729126,1.566942811012268,1.511384129524231,1.2641931772232056,1.0387163162231445,0.944083571434021,0.6726523041725159,0.8641209602355957,0.7558887600898743,1.0543466806411743,1.208688735961914
A10,2.430929660797119,2.1360819339752197,1.9192405939102173,1.6545206308364868,1.407380223274231,1.110689401626587,0.87092125415802,0.5631557106971741,0.37426555156707764,0.0,0.38499003648757935,0.5823051333427429,0.9201323390007019,1.1500886678695679,1.3967154026031494,2.8764562606811523,2.5952703952789307,2.3735129833221436,2.068350315093994,1.8679429292678833,1.5354517698287964,1.353743553161621,1.0056629180908203,0.882228434085846,0.5138178467750549,0.5465656518936157,0.41466566920280457,0.6639187932014465,0.9316921234130859,1.0704445838928223,2.569603443145752,2.2193703651428223,2.2003440856933594,1.858824610710144,1.869134783744812,1.6271089315414429,1.527286410331726,1.5397193431854248,1.2116273641586304,1.402733325958252,1.2061333656311035,1.4547955989837646,1.5237256288528442,1.5652633905410767,1.9040119647979736,2.686598300933838,2.3323850631713867,2.3938629627227783,2.1004536151885986,2.0991768836975098,1.873718023300171,1.6844176054000854,1.624208927154541,1.2507003545761108,1.3011324405670166,1.0244890451431274,1.1370410919189453,1.1611442565917969,1.0874595642089844,1.432593584060669,2.5014488697052,2.1817433834075928,2.0871551036834717,1.705826759338379,1.6810815334320068,1.3315606117248535,1.3134522438049316,1.1460622549057007,0.9149740934371948,0.9636498093605042,0.7486676573753357,1.050005555152893,1.0425751209259033,1.3078234195709229,1.5245047807693481
A11,2.655500888824463,2.3334343433380127,2.161964178085327,1.857133388519287,1.6681098937988281,1.3403446674346924,1.1484907865524292,0.8699409365653992,0.5860099792480469,0.38499003648757935,0.0,0.36715376377105713,0.6105096340179443,0.854364812374115,1.1206169128417969,2.819221258163452,2.5069785118103027,2.325336456298828,2.020742416381836,1.8373795747756958,1.5404092073440552,1.2959014177322388,1.0148625373840332,0.7794809937477112,0.4554465711116791,0.37035760283470154,0.1953767091035843,0.5818294882774353,0.7485476136207581,1.0114474296569824,2.8166589736938477,2.467301845550537,2.3985464572906494,2.0607504844665527,2.006530523300171,1.7327202558517456,1.5800312757492065,1.5115225315093994,1.146256446838379,1.2356127500534058,0.9711362719535828,1.1533814668655396,1.1854350566864014,1.1909379959106445,1.5307472944259644,2.5311264991760254,2.165022373199463,2.1995034217834473,1.9266823530197144,1.865918755531311,1.6423301696777344,1.4040311574935913,1.3233739137649536,0.945533812046051,0.9640865325927734,0.7340977191925049,0.842807948589325,0.9751943349838257,0.9409641027450562,1.3126393556594849,2.3225762844085693,1.9901679754257202,1.875776767730713,1.51145601272583,1.438751220703125,1.10592520236969,1.0020359754562378,0.8472481966018677,0.5553611516952515,0.6581459045410156,0.5007837414741516,0.8606917262077332,0.9896920323371887,1.2342445850372314,1.5075488090515137
A12,2.981179714202881,2.6677749156951904,2.4789514541625977,2.193148374557495,1.9754955768585205,1.66211998462677,1.438627004623413,1.1390436887741089,0.8894168138504028,0.5823051333427429,0.36715376377105713,0.0,0.3871992230415344,0.5782361626625061,0.8206315636634827,2.635977268218994,2.3291332721710205,2.128308057785034,1.8644126653671265,1.6356884241104126,1.384358286857605,1.0897048711776733,0.8454070687294006,0.6755269169807434,0.4114195704460144,0.5782023072242737,0.5617809295654297,0.9478558301925659,1.0754996538162231,1.3564447164535522,2.9993178844451904,2.6664233207702637,2.5937631130218506,2.233680009841919,2.199279546737671,1.8891639709472656,1.785534143447876,1.6695178747177124,1.3238115310668945,1.3724936246871948,1.0517489910125732,1.2211933135986328,1.1443171501159668,1.1841437816619873,1.4633655548095703,2.826348066329956,2.455573558807373,2.4913203716278076,2.2400732040405273,2.143528461456299,1.9246996641159058,1.6510529518127441,1.5348920822143555,1.1699100732803345,1.0831737518310547,0.8461072444915771,0.788978636264801,0.8885247707366943,0.7296406626701355,1.1009947061538696,2.1033127307891846,1.751853585243225,1.6982725858688354,1.329469919204712,1.331882357597351,1.0553457736968994,0.9721662402153015,0.9608664512634277,0.6774614453315735,0.9169022440910339,0.80672687292099,1.1575111150741577,1.3036834001541138,1.4938822984695435,1.8012285232543945
A13,3.259903907775879,2.9351966381073,2.767063617706299,2.454493999481201,2.2686779499053955,1.929318904876709,1.7519690990447998,1.444744348526001,1.1940757036209106,0.9201323390007019,0.6105096340179443,0.3871992230415344,0.0,0.3723202347755432,0.5266442894935608,2.7581348419189453,2.4320590496063232,2.2670137882232666,2.0284125804901123,1.8081891536712646,1.6152070760726929,1.2779216766357422,1.1248401403427124,0.9191980957984924,0.7573810815811157,0.8258391618728638,0.7672313451766968,1.1145775318145752,1.1176564693450928,1.4428465366363525,3.3546175956726074,3.0195226669311523,2.9276087284088135,2.57485032081604,2.5069522857666016,2.1896393299102783,2.05147385597229,1.892179250717163,1.537192940711975,1.4979169368743896,1.1359777450561523,1.1889452934265137,1.0167814493179321,0.9688466191291809,1.2043468952178955,2.7479045391082764,2.375854253768921,2.4094879627227783,2.2045469284057617,2.0596489906311035,1.8791505098342896,1.5567187070846558,1.4544001817703247,1.1284139156341553,1.0107516050338745,0.9000341892242432,0.7950321435928345,1.0162971019744873,0.8817155361175537,1.2261414527893066,1.831868290901184,1.476452112197876,1.402707576751709,1.0650577545166016,1.0306355953216553,0.8154591917991638,0.6650680303573608,0.7713845372200012,0.5417789816856384,0.8842363357543945,0.9193549156188965,1.2593525648117065,1.4960521459579468,1.6763132810592651,1.9988714456558228
A14,3.4847865104675293,3.152980089187622,2.998210906982422,2.6964800357818604,2.511262893676758,2.1933860778808594,1.9769290685653687,1.7010248899459839,1.4127311706542969,1.1500886678695679,0.854364812374115,0.5782361626625061,0.3723202347755432,0.0,0.37725830078125,2.4488165378570557,2.1173598766326904,1.9726831912994385,1.7597837448120117,1.548066258430481,1.4141201972961426,1.054687261581421,1.0096867084503174,0.8186919689178467,0.8183702230453491,0.938117504119873,1.0146088600158691,1.360771656036377,1.3956477642059326,1.7433563470840454,3.404513120651245,3.089362382888794,2.9646434783935547,2.605133533477783,2.522115468978882,2.174774408340454,2.0623419284820557,1.8461246490478516,1.5252569913864136,1.4324983358383179,1.0540940761566162,1.089119791984558,0.8354062438011169,0.8838931918144226,1.038459062576294,3.009840965270996,2.6405036449432373,2.6326794624328613,2.421961784362793,2.239867687225342,2.02820086479187,1.7099318504333496,1.53285551071167,1.241661548614502,1.014189600944519,0.8927953839302063,0.645077109336853,0.8311324119567871,0.6739227175712585,0.9561375379562378,1.9346566200256348,1.5625052452087402,1.5552396774291992,1.2573139667510986,1.2609434127807617,1.1263697147369385,0.934244692325592,1.08222234249115,0.8170644044876099,1.1162314414978027,1.0979156494140625,1.3888568878173828,1.624548077583313,1.7295117378234863,2.0839569568634033
A15,3.776106595993042,3.45149827003479,3.2808074951171875,2.9754478931427,2.7796761989593506,2.447606325149536,2.252061128616333,1.9417725801467896,1.6949999332427979,1.3967154026031494,1.1206169128417969,0.8206315636634827,0.5266442894935608,0.37725830078125,0.0,2.646109104156494,2.3275089263916016,2.1762590408325195,2.014735698699951,1.7727421522140503,1.6875370740890503,1.320044994354248,1.2962543964385986,1.1678773164749146,1.1361254453659058,1.2782294750213623,1.2861088514328003,1.6341429948806763,1.6177152395248413,1.953344702720642,3.745680809020996,3.429135799407959,3.320348024368286,2.9559946060180664,2.888432264328003,2.5421042442321777,2.4355602264404297,2.2233426570892334,1.9008350372314453,1.8017805814743042,1.4210842847824097,1.413930058479309,1.1125441789627075,1.087103247642517,1.15631902217865,3.141724109649658,2.7749955654144287,2.7966268062591553,2.6261656284332275,2.4344396591186523,2.267643451690674,1.9230138063430786,1.7872692346572876,1.5180447101593018,1.3119438886642456,1.247944712638855,1.0086826086044312,1.1926647424697876,0.9919431805610657,1.22439444065094,1.5872865915298462,1.213273525238037,1.2473599910736084,0.9875335097312927,1.0520907640457153,1.0218993425369263,0.8915135264396667,1.155920386314392,1.0004161596298218,1.3495546579360962,1.4036349058151245,1.7110990285873413,1.964397668838501,2.091543436050415,2.4398207664489746
B1,4.491065979003906,4.212200164794922,4.111697673797607,3.973806619644165,3.783811330795288,3.674698829650879,3.3188042640686035,3.2685468196868896,2.9867875576019287,2.8764562606811523,2.819221258163452,2.635977268218994,2.7581348419189453,2.4488165378570557,2.646109104156494,0.0,0.3751181960105896,0.5291260480880737,0.8157758116722107,1.0444378852844238,1.3594958782196045,1.5604268312454224,1.8926827907562256,2.042088508605957,2.397068977355957,2.580993413925171,2.9256346225738525,3.164536476135254,3.4004507064819336,3.6885600090026855,3.2842674255371094,3.1990158557891846,2.9656364917755127,2.69875431060791,2.6476285457611084,2.333759307861328,2.5157952308654785,2.2496862411499023,2.3523356914520264,2.289842128753662,2.2661385536193848,2.4210898876190186,2.358987331390381,2.7212612628936768,2.700286865234375,5.009448051452637,4.6719512939453125,4.533988952636719,4.2302775382995605,4.051889896392822,3.70363712310791,3.5544745922088623,3.201960563659668,3.034592866897583,2.719529151916504,2.487136125564575,2.2351319789886475,1.9163715839385986,1.9139478206634521,1.542313814163208,4.069356918334961,3.710860252380371,3.8581013679504395,3.594034433364868,3.6864311695098877,3.56064510345459,3.3704116344451904,3.432241916656494,3.073754072189331,3.1702237129211426,2.9053525924682617,2.9578049182891846,2.9475412368774414,2.742508888244629,3.021847724914551
B2,4.2805070877075195,3.9846529960632324,3.890949249267578,3.7266409397125244,3.5481433868408203,3.4147677421569824,3.0696964263916016,3.006960391998291,2.705064535140991,2.5952703952789307,2.5069785118103027,2.3291332721710205,2.4320590496063232,2.1173598766326904,2.3275089263916016,0.3751181960105896,0.0,0.3870071470737457,0.5672025680541992,0.8275127410888672,1.1303938627243042,1.2833607196807861,1.6310763359069824,1.7359925508499146,2.1018588542938232,2.265486001968384,2.611025094985962,2.8488123416900635,3.067610025405884,3.3676235675811768,3.204430341720581,3.0817995071411133,2.838205099105835,2.5540273189544678,2.471719264984131,2.1341474056243896,2.273418664932251,1.9791474342346191,2.0522000789642334,1.9598724842071533,1.9183255434036255,2.056321620941162,1.9872409105300903,2.3496761322021484,2.328362464904785,4.657009124755859,4.31947660446167,4.1787848472595215,3.8826839923858643,3.6943700313568115,3.350847005844116,3.1939032077789307,2.840000629425049,2.678920269012451,2.356550455093384,2.138528823852539,1.8809659481048584,1.5780940055847168,1.6001991033554077,1.2303411960601807,3.7919087409973145,3.4282729625701904,3.5547420978546143,3.291769504547119,3.362624406814575,3.2366976737976074,3.0294554233551025,3.088864326477051,2.730964422225952,2.8251497745513916,2.573295831680298,2.6242830753326416,2.6397645473480225,2.4382574558258057,2.7362732887268066
B3,4.121829032897949,3.838317394256592,3.711949348449707,3.559683084487915,3.3497562408447266,3.219972610473633,2.8626723289489746,2.7837748527526855,2.50898814201355,2.3735129833221436,2.325336456298828,2.128308057785034,2.2670137882232666,1.9726831912994385,2.1762590408325195,0.5291260480880737,0.3870071470737457,0.0,0.38843321800231934,0.51887446641922,0.8597509264945984,1.0450177192687988,1.3777625560760498,1.5532710552215576,1.8963741064071655,2.110165596008301,2.44216251373291,2.703054666519165,2.94246768951416,3.2283504009246826,3.0521867275238037,2.9196577072143555,2.714606523513794,2.4044504165649414,2.3729546070098877,2.028456449508667,2.196887493133545,1.9396436214447021,1.980486512184143,1.9453487396240234,1.8717705011367798,2.059415340423584,1.9839065074920654,2.3384528160095215,2.357283115386963,4.606342315673828,4.25907564163208,4.149928569793701,3.8460047245025635,3.680875778198242,3.3410961627960205,3.1697187423706055,2.8372528553009033,2.6298165321350098,2.3247807025909424,2.063128709793091,1.800882339477539,1.467802882194519,1.4175012111663818,1.0492174625396729,3.608642339706421,3.245861053466797,3.3856112957000732,3.10498309135437,3.2056124210357666,3.0670511722564697,2.897343635559082,2.959533929824829,2.6040799617767334,2.720196008682251,2.4552807807922363,2.5470073223114014,2.5438802242279053,2.3833861351013184,2.683020830154419
B4,3.7594783306121826,3.468501091003418,3.3539931774139404,3.1943328380584717,2.9991295337677,2.870331287384033,2.518141508102417,2.458284854888916,2.1712887287139893,2.068350315093994,2.020742416381836,1.8644126653671265,2.0284125804901123,1.7597837448120117,2.014735698699951,0.8157758116722107,0.5672025680541992,0.38843321800231934,0.0,0.37598568201065063,0.5789223909378052,0.7989993691444397,1.106316089630127,1.2413016557693481,1.5941468477249146,1.775018572807312,2.120777130126953,2.357264280319214,2.606861114501953,2.8837618827819824,2.7603487968444824,2.604123115539551,2.3878650665283203,2.071613073348999,2.017338514328003,1.6623543500900269,1.8136696815490723,1.5531071424484253,1.5952296257019043,1.5736373662948608,1.5236458778381348,1.7386083602905273,1.7125266790390015,2.0734567642211914,2.1379408836364746,4.258462429046631,3.9155189990997314,3.8018851280212402,3.488240957260132,3.3356196880340576,2.9885964393615723,2.8342342376708984,2.503023862838745,2.293733835220337,2.00563645362854,1.728885293006897,1.5008097887039185,1.1474937200546265,1.153257966041565,0.8088270425796509,3.516719102859497,3.1450841426849365,3.2448863983154297,2.943999767303467,3.0115864276885986,2.8406763076782227,2.6570825576782227,2.6805708408355713,2.314133882522583,2.396926164627075,2.113565683364868,2.1844120025634766,2.1663455963134766,1.9982728958129883,2.2947773933410645
B5,3.7325570583343506,3.4463119506835938,3.2955214977264404,3.1297056674957275,2.9018003940582275,2.752535104751587,2.396174669265747,2.290355920791626,2.025123357772827,1.8679429292678833,1.8373795747756958,1.6356884241104126,1.8081891536712646,1.548066258430481,1.7727421522140503,1.0444378852844238,0.8275127410888672,0.51887446641922,0.37598568201065063,0.0,0.3825724422931671,0.5478509664535522,0.8651898503303528,1.0784075260162354,1.3997206687927246,1.6460040807724,1.9619096517562866,2.240713119506836,2.488105058670044,2.7646708488464355,2.8270456790924072,2.6454217433929443,2.4738380908966064,2.126479148864746,2.115431547164917,1.750795602798462,1.8966844081878662,1.6648308038711548,1.63246488571167,1.6412514448165894,1.5178520679473877,1.7495274543762207,1.6771900653839111,2.012416362762451,2.091423749923706,4.200990200042725,3.8466227054595947,3.767925977706909,3.462216854095459,3.318169355392456,2.9887564182281494,2.8014960289001465,2.4975180625915527,2.2462453842163086,1.9663445949554443,1.668176531791687,1.4126237630844116,1.0639843940734863,0.9517279267311096,0.6148256063461304,3.22013521194458,2.852570056915283,2.9720458984375,2.666527509689331,2.768141031265259,2.604088068008423,2.4578652381896973,2.507444381713867,2.154862403869629,2.28340482711792,2.013868570327759,2.1462628841400146,2.1434895992279053,2.037400245666504,2.3491246700286865
B6,3.3547561168670654,3.069422721862793,2.9139323234558105,2.7495627403259277,2.5198071002960205,2.3767213821411133,2.017779588699341,1.9268051385879517,1.6670228242874146,1.5354517698287964,1.5404092073440552,1.384358286857605,1.6152070760726929,1.4141201972961426,1.6875370740890503,1.3594958782196045,1.1303938627243042,0.8597509264945984,0.5789223909378052,0.3825724422931671,0.0,0.36837950348854065,0.5607045888900757,0.7891885042190552,1.0906550884246826,1.330802321434021,1.6501667499542236,1.9102685451507568,2.183558702468872,2.436634063720703,2.5273377895355225,2.3188798427581787,2.1614553928375244,1.7997353076934814,1.7977153062820435,1.4305542707443237,1.5714551210403442,1.3758114576339722,1.3207210302352905,1.3910654783248901,1.2815630435943604,1.5672804117202759,1.5541064739227295,1.875404715538025,2.021758794784546,3.9112701416015625,3.55924391746521,3.4914391040802,3.1723039150238037,3.0567586421966553,2.7245171070098877,2.55336856842041,2.268259286880493,1.99411940574646,1.7545714378356934,1.4195528030395508,1.2202703952789307,0.8481573462486267,0.7537911534309387,0.53049635887146,3.158346652984619,2.7878329753875732,2.8686816692352295,2.5356028079986572,2.614389181137085,2.4070777893066406,2.269092082977295,2.2721664905548096,1.913179636001587,2.0111145973205566,1.7127491235733032,1.84382164478302,1.8074947595596313,1.72287118434906,2.022552490234375
B7,3.3971495628356934,3.095228910446167,2.9337308406829834,2.7296271324157715,2.5016815662384033,2.3070950508117676,1.9694507122039795,1.8194499015808105,1.5387507677078247,1.353743553161621,1.2959014177322388,1.0897048711776733,1.2779216766357422,1.054687261581421,1.320044994354248,1.5604268312454224,1.2833607196807861,1.0450177192687988,0.7989993691444397,0.5478509664535522,0.36837950348854065,0.0,0.37751391530036926,0.5582056641578674,0.8680905699729919,1.1329014301300049,1.4295097589492798,1.7309911251068115,1.9640110731124878,2.246955394744873,2.7643814086914062,2.521085262298584,2.3723273277282715,2.0009396076202393,1.9749808311462402,1.5979129076004028,1.6634777784347534,1.4438432455062866,1.2972400188446045,1.3180214166641235,1.1136434078216553,1.3646060228347778,1.2870739698410034,1.5843538045883179,1.7245572805404663,3.699946165084839,3.339895486831665,3.2854506969451904,2.988363027572632,2.853078842163086,2.5421030521392822,2.331751585006714,2.0592715740203857,1.7723662853240967,1.5161432027816772,1.199263095855713,0.9483080506324768,0.6211957335472107,0.42036500573158264,0.22980022430419922,2.808065414428711,2.435159683227539,2.5123658180236816,2.1870601177215576,2.2645058631896973,2.0757665634155273,1.933122158050537,1.968449592590332,1.6186567544937134,1.7615997791290283,1.505897879600525,1.6845946311950684,1.7165513038635254,1.677312970161438,2.0112853050231934
B8,3.0833182334899902,2.7889981269836426,2.6050655841827393,2.4028027057647705,2.1562466621398926,1.9588451385498047,1.6188974380493164,1.4559574127197266,1.1993913650512695,1.0056629180908203,1.0148625373840332,0.8454070687294006,1.1248401403427124,1.0096867084503174,1.2962543964385986,1.8926827907562256,1.6310763359069824,1.3777625560760498,1.106316089630127,0.8651898503303528,0.5607045888900757,0.37751391530036926,0.0,0.37537282705307007,0.5639503002166748,0.8776248097419739,1.1448874473571777,1.447500467300415,1.7098281383514404,1.9591655731201172,2.5737621784210205,2.3025307655334473,2.1935722827911377,1.811257004737854,1.8168232440948486,1.4590685367584229,1.511326551437378,1.3619853258132935,1.1642930507659912,1.2697609663009644,1.0638447999954224,1.3626068830490112,1.3373385667800903,1.5842576026916504,1.7958718538284302,3.4807956218719482,3.1204423904418945,3.095175266265869,2.7891430854797363,2.6924407482147217,2.391242265701294,2.1885077953338623,1.9583579301834106,1.6326559782028198,1.4428932666778564,1.0889458656311035,0.9234406352043152,0.6406687498092651,0.41682034730911255,0.5429251194000244,2.726592779159546,2.359710693359375,2.404356002807617,2.049830675125122,2.1197218894958496,1.8846068382263184,1.7788288593292236,1.7701510190963745,1.428483486175537,1.5569310188293457,1.2792989015579224,1.490537405014038,1.4887925386428833,1.5135252475738525,1.825965404510498
B9,2.971414089202881,2.650933265686035,2.5010907649993896,2.257357120513916,2.0548856258392334,1.8226935863494873,1.5157285928726196,1.3551373481750488,1.032572865486145,0.882228434085846,0.7794809937477112,0.6755269169807434,0.9191980957984924,0.8186919689178467,1.1678773164749146,2.042088508605957,1.7359925508499146,1.5532710552215576,1.2413016557693481,1.0784075260162354,0.7891885042190552,0.5582056641578674,0.37537282705307007,0.0,0.37673211097717285,0.5754214525222778,0.8890847563743591,1.1759129762649536,1.4120069742202759,1.6931384801864624,2.6196682453155518,2.324496030807495,2.185680866241455,1.8185690641403198,1.7554211616516113,1.395346999168396,1.3549022674560547,1.1678640842437744,0.9046398401260376,0.9582913517951965,0.7071899175643921,1.0020302534103394,1.0072474479675293,1.244135856628418,1.489076018333435,3.1539297103881836,2.7949419021606445,2.7500967979431152,2.4479849338531494,2.3337416648864746,2.0297343730926514,1.8241714239120483,1.5844403505325317,1.2652286291122437,1.0695717334747314,0.7139150500297546,0.5750765800476074,0.3473014533519745,0.2968784272670746,0.5845516920089722,2.6667864322662354,2.297039747238159,2.2911033630371094,1.9430551528930664,1.9483031034469604,1.700637936592102,1.5378303527832031,1.4960849285125732,1.1320997476577759,1.2280086278915405,0.9516589641571045,1.149835228919983,1.2007701396942139,1.2264620065689087,1.5673370361328125
B10,2.768206834793091,2.4548022747039795,2.275899648666382,2.0190107822418213,1.796534776687622,1.533412218093872,1.2462996244430542,1.0269721746444702,0.7276853919029236,0.5138178467750549,0.4554465711116791,0.4114195704460144,0.7573810815811157,0.8183702230453491,1.1361254453659058,2.397068977355957,2.1018588542938232,1.8963741064071655,1.5941468477249146,1.3997206687927246,1.0906550884246826,0.8680905699729919,0.5639503002166748,0.37673211097717285,0.0,0.3799368739128113,0.5826157331466675,0.9095741510391235,1.1560178995132446,1.406986117362976,2.618792772293091,2.295912027359009,2.207239866256714,1.8415740728378296,1.8105415105819702,1.4910603761672974,1.4201377630233765,1.3163613080978394,0.9995099306106567,1.1173288822174072,0.8634506464004517,1.1391681432724,1.1600286960601807,1.298943281173706,1.594709038734436,2.939056873321533,2.576702356338501,2.5766990184783936,2.2798638343811035,2.2036287784576416,1.93100106716156,1.7163748741149902,1.5483170747756958,1.1868443489074707,1.0881853103637695,0.7477381825447083,0.7285764813423157,0.6734838485717773,0.578924834728241,0.9241061210632324,2.503528594970703,2.1478946208953857,2.108397960662842,1.739301323890686,1.7377748489379883,1.4478155374526978,1.3378713130950928,1.2583301067352295,0.9240934252738953,1.0305382013320923,0.7672464847564697,1.0456490516662598,1.0925017595291138,1.2306827306747437,1.5369646549224854
B11,2.570725202560425,2.2342171669006348,2.0987348556518555,1.805747628211975,1.642820119857788,1.3592661619186401,1.1211727857589722,0.950541079044342,0.582257091999054,0.5465656518936157,0.37035760283470154,0.5782023072242737,0.8258391618728638,0.938117504119873,1.2782294750213623,2.580993413925171,2.265486001968384,2.110165596008301,1.775018572807312,1.6460040807724,1.330802321434021,1.1329014301300049,0.8776248097419739,0.5754214525222778,0.3799368739128113,0.0,0.369279682636261,0.6023724675178528,0.853553056716919,1.1209955215454102,2.577838659286499,2.2385923862457275,2.1261467933654785,1.7907246351242065,1.698556661605835,1.4057698249816895,1.2433751821517944,1.145505428314209,0.78110671043396,0.885550856590271,0.6620352864265442,0.9192602634429932,1.0381733179092407,1.1328455209732056,1.4784331321716309,2.6073567867279053,2.250598192214966,2.2267677783966064,1.9181631803512573,1.8450685739517212,1.5610463619232178,1.3699684143066406,1.2082598209381104,0.8470842242240906,0.8168721795082092,0.4931006133556366,0.6604058742523193,0.7264572978019714,0.8092961311340332,1.1433182954788208,2.6315386295318604,2.285236120223999,2.18662166595459,1.8320529460906982,1.750020980834961,1.4365261793136597,1.2692201137542725,1.1002124547958374,0.7522469162940979,0.7326290607452393,0.40847834944725037,0.666366696357727,0.7482816576957703,0.9187751412391663,1.2267398834228516
B12,2.497042655944824,2.1685147285461426,2.0120105743408203,1.6938238143920898,1.5291496515274048,1.1935991048812866,1.0298011302947998,0.7798691391944885,0.47925156354904175,0.41466566920280457,0.1953767091035843,0.5617809295654297,0.7672313451766968,1.0146088600158691,1.2861088514328003,2.9256346225738525,2.611025094985962,2.44216251373291,2.120777130126953,1.9619096517562866,1.6501667499542236,1.4295097589492798,1.1448874473571777,0.8890847563743591,0.5826157331466675,0.369279682636261,0.0,0.3864668905735016,0.5861209630966187,0.8359672427177429,2.743377923965454,2.386765480041504,2.317730188369751,1.9967458248138428,1.9273861646652222,1.6776599884033203,1.4943941831588745,1.4523593187332153,1.0835565328598022,1.189573884010315,0.9674188494682312,1.1446887254714966,1.2324389219284058,1.2193310260772705,1.5804067850112915,2.374856472015381,2.012843370437622,2.0435492992401123,1.7582420110702515,1.7180713415145874,1.4921696186065674,1.2791186571121216,1.2214679718017578,0.8470828533172607,0.9328903555870056,0.7266363501548767,0.9153975248336792,1.060683012008667,1.0819684267044067,1.4449318647384644,2.4520087242126465,2.129584312438965,1.988231897354126,1.6320970058441162,1.5240508317947388,1.176312804222107,1.0605340003967285,0.8374477028846741,0.5662224292755127,0.5537555813789368,0.3668661117553711,0.7152005434036255,0.8344738483428955,1.1125584840774536,1.3606928586959839
B13,2.1992173194885254,1.858222484588623,1.7397059202194214,1.3929141759872437,1.2946841716766357,0.952255129814148,0.8766699433326721,0.7299386858940125,0.47685691714286804,0.6639187932014465,0.5818294882774353,0.9478558301925659,1.1145775318145752,1.360771656036377,1.6341429948806763,3.164536476135254,2.8488123416900635,2.703054666519165,2.357264280319214,2.240713119506836,1.9102685451507568,1.7309911251068115,1.447500467300415,1.1759129762649536,0.9095741510391235,0.6023724675178528,0.3864668905735016,0.0,0.37366539239883423,0.528744637966156,2.6356170177459717,2.269092321395874,2.2017135620117188,1.9241172075271606,1.8251729011535645,1.63590669631958,1.3950105905532837,1.4138752222061157,1.0638066530227661,1.196488618850708,1.0757607221603394,1.2282739877700806,1.4076389074325562,1.3632558584213257,1.7442891597747803,2.0852060317993164,1.7374457120895386,1.7596019506454468,1.4466840028762817,1.461451768875122,1.2365847826004028,1.098112940788269,1.1020491123199463,0.7752052545547485,0.9940183758735657,0.8599744439125061,1.150866985321045,1.3052423000335693,1.402308464050293,1.7446614503860474,2.729842185974121,2.427129030227661,2.2432258129119873,1.906162977218628,1.744654655456543,1.3864266872406006,1.2602730989456177,0.9450858235359192,0.7559906244277954,0.5330726504325867,0.3647949695587158,0.5374443531036377,0.6050019860267639,0.9520823955535889,1.1185224056243896
