,A1,A2,A3,A4,A5,A6,A7,A8,A9,A10,A11,A12,A13,A14,A15,B1,B2,B3,B4,B5,B6,B7,B8,B9,B10,B11,B12,B13,B14,B15,C1,C2,C3,C4,C5,C6,C7,C8,C9,C10,C11,C12,C13,C14,C15,D1,D2,D3,D4,D5,D6,D7,D8,D9,D10,D11,D12,D13,D14,D15,E1,E2,E3,E4,E5,E6,E7,E8,E9,E10,E11,E12,E13,E14,E15
A1,0.0,0.38276174664497375,0.5395893454551697,0.8030718564987183,1.030615210533142,1.3236387968063354,1.5558643341064453,1.877410888671875,2.089125156402588,2.4182872772216797,2.711646795272827,3.009115219116211,3.341679811477661,3.5627341270446777,3.8566086292266846,4.054126739501953,4.00234842300415,3.7300381660461426,3.572767972946167,3.338062286376953,3.006448745727539,3.0409297943115234,2.68263578414917,2.732572555541992,2.4543187618255615,2.4220235347747803,2.347818374633789,2.180116653442383,2.435873031616211,2.19162917137146,4.615243911743164,4.391820430755615,4.111703395843506,3.876061201095581,3.608163833618164,3.285616874694824,3.1572165489196777,2.784567356109619,2.7138915061950684,2.36859130859375,2.2227182388305664,2.020949602127075,1.8086481094360352,1.9597705602645874,1.6655577421188354,1.3652373552322388,1.1663684844970703,1.4680410623550415,1.3374922275543213,1.7096209526062012,1.7975682020187378,1.9876965284347534,2.2747366428375244,2.333462953567505,2.697007179260254,2.829257011413574,3.203930616378784,3.4096179008483887,3.6573638916015625,3.9312198162078857,4.3766398429870605,4.037103176116943,4.031589031219482,3.65956974029541,3.753384590148926,3.4617037773132324,3.472090721130371,3.397709608078003,3.179736614227295,3.281386137008667,3.0562241077423096,3.311444044113159,3.174328327178955,3.345275402069092,3.4787161350250244
A2,0.38276174664497375,0.0,0.37928542494773865,0.5201441049575806,0.8246876001358032,1.1064282655715942,1.2996797561645508,1.6463966369628906,1.8081597089767456,2.15913462638855,2.427067756652832,2.73378586769104,3.0585029125213623,3.2660446166992188,3.573533773422241,3.811971426010132,3.7418723106384277,3.4569475650787354,3.293553352355957,3.0421552658081055,2.7125134468078613,2.7184622287750244,2.3525283336639404,2.391843795776367,2.0977976322174072,2.0699832439422607,1.980116605758667,1.829099178314209,2.0904715061187744,1.8585363626480103,4.379662990570068,4.14253568649292,3.865227460861206,3.6224875450134277,3.352513313293457,3.0351223945617676,2.876481771469116,2.5089046955108643,2.4087681770324707,2.054936170578003,1.8909581899642944,1.6651673316955566,1.4443204402923584,1.5803546905517578,1.2878562211990356,1.3816603422164917,1.0918062925338745,1.3522676229476929,1.148268699645996,1.51089608669281,1.581968903541565,1.7170706987380981,2.0099730491638184,2.027944803237915,2.3986892700195312,2.514528274536133,2.885822057723999,3.0947601795196533,3.3247647285461426,3.611517906188965,4.222574710845947,3.8832201957702637,3.8486971855163574,3.4740610122680664,3.536787986755371,3.2319328784942627,3.2176337242126465,3.118875741958618,2.8865489959716797,2.9625189304351807,2.7194011211395264,2.9583072662353516,2.8062567710876465,2.9744873046875,3.100076913833618
A3,0.5395893454551697,0.37928542494773865,0.0,0.37790510058403015,0.5155061483383179,0.8549731969833374,1.0341707468032837,1.368293046951294,1.5760420560836792,1.8990812301635742,2.201918840408325,2.485121011734009,2.8269689083099365,3.0390846729278564,3.3335981369018555,3.8370471000671387,3.7384274005889893,3.475538969039917,3.2766125202178955,3.0520708560943604,2.702174663543701,2.6984293460845947,2.340073823928833,2.3327863216400146,2.0542051792144775,1.967646598815918,1.9021073579788208,1.6985355615615845,1.9570198059082031,1.7269635200500488,4.278494358062744,4.02766227722168,3.7724478244781494,3.506527900695801,3.265380859375,2.9263293743133545,2.7929906845092773,2.430172920227051,2.3165061473846436,1.9918721914291382,1.7953548431396484,1.6310898065567017,1.3790819644927979,1.569088339805603,1.303038239479065,1.1247503757476807,0.8416410684585571,1.0490490198135376,0.8408258557319641,1.1975294351577759,1.2622811794281006,1.4515914916992188,1.7363495826721191,1.810015082359314,2.171760320663452,2.3266961574554443,2.696556568145752,2.9188623428344727,3.175358533859253,3.444969415664673,3.9768457412719727,3.6256723403930664,3.6149179935455322,3.240220308303833,3.327697277069092,3.0457942485809326,3.0220754146575928,2.9616730213165283,2.7177159786224365,2.8311939239501953,2.599107265472412,2.861363172531128,2.745043992996216,2.900813341140747,3.068243980407715
A4,0.8030718564987183,0.5201441049575806,0.37790510058403015,0.0,0.3785203695297241,0.5962726473808289,0.8015708923339844,1.1366926431655884,1.3039799928665161,1.6520764827728271,1.9216020107269287,2.2340798377990723,2.5544614791870117,2.7783236503601074,3.075226306915283,3.4736080169677734,3.368255615234375,3.1027371883392334,2.9022433757781982,2.6751480102539062,2.3253350257873535,2.3219499588012695,1.9646573066711426,1.968624234199524,1.7001638412475586,1.6401842832565308,1.6089545488357544,1.4503644704818726,1.7529276609420776,1.5755888223648071,3.9285805225372314,3.6771085262298584,3.4168903827667236,3.1549062728881836,2.9056787490844727,2.573253631591797,2.426396131515503,2.063115119934082,1.9500941038131714,1.6184428930282593,1.4377834796905518,1.2747305631637573,1.0616223812103271,1.29317307472229,1.0820285081863403,1.412177324295044,1.089290738105774,1.2051210403442383,0.8984829187393188,1.1925909519195557,1.1638191938400269,1.3008618354797363,1.5477325916290283,1.5597586631774902,1.9189131259918213,2.0300278663635254,2.407384157180786,2.606776714324951,2.85676646232605,3.128162384033203,3.7265443801879883,3.384537935256958,3.3436758518218994,2.9683597087860107,3.0284628868103027,2.7294352054595947,2.7063486576080322,2.6222128868103027,2.386686325073242,2.486395835876465,2.260812520980835,2.528181314468384,2.4194445610046387,2.602235794067383,2.766451358795166
A5,1.030615210533142,0.8246876001358032,0.5155061483383179,0.3785203695297241,0.0,0.37828966975212097,0.5390249490737915,0.8539888262748718,1.0872411727905273,1.3941216468811035,1.7085177898406982,1.9889552593231201,2.330109119415283,2.5573976039886475,2.8388702869415283,3.550708770751953,3.414442300796509,3.1753337383270264,2.938131332397461,2.7432124614715576,2.3782968521118164,2.360478162765503,2.020796298980713,1.9668481349945068,1.7236727476119995,1.5910136699676514,1.5889638662338257,1.3705236911773682,1.6589577198028564,1.492182970046997,3.8621859550476074,3.595261573791504,3.3630080223083496,3.0754082202911377,2.8628392219543457,2.5093204975128174,2.3923590183258057,2.043133020401001,1.9123153686523438,1.6277891397476196,1.4093592166900635,1.332732915878296,1.093440294265747,1.3693028688430786,1.202225923538208,1.2599239349365234,0.9700869917869568,0.9804108142852783,0.6638698577880859,0.9027476906776428,0.8361251950263977,1.0462546348571777,1.2734357118606567,1.3592503070831299,1.7022360563278198,1.8630720376968384,2.2343544960021973,2.4500439167022705,2.7288424968719482,2.9790308475494385,3.4972620010375977,3.141294002532959,3.1268365383148193,2.7521770000457764,2.839694023132324,2.5697476863861084,2.5318171977996826,2.4941651821136475,2.2441155910491943,2.38720703125,2.1760692596435547,2.4656198024749756,2.398898124694824,2.5620150566101074,2.770691394805908
A6,1.3236387968063354,1.1064282655715942,0.8549731969833374,0.5962726473808289,0.37828966975212097,0.0,0.3787398934364319,0.5881961584091187,0.8347682356834412,1.134950041770935,1.430006742477417,1.7371033430099487,2.0535309314727783,2.313213348388672,2.578209638595581,3.225682020187378,3.078108549118042,2.8567941188812256,2.605367422103882,2.435258388519287,2.064370632171631,2.0637166500091553,1.7459851503372192,1.6932235956192017,1.5012097358703613,1.3809385299682617,1.4652106761932373,1.2947758436203003,1.6242291927337646,1.537597417831421,3.488405227661133,3.2230799198150635,2.99314546585083,2.70479154586792,2.4978017807006836,2.1400036811828613,2.040696382522583,1.694391131401062,1.5833051204681396,1.3248510360717773,1.1407105922698975,1.1432573795318604,0.9902529120445251,1.332901120185852,1.265251636505127,1.598369836807251,1.3208849430084229,1.2632079124450684,0.9264424443244934,1.0445268154144287,0.8362400531768799,1.015350103378296,1.1366186141967773,1.179783582687378,1.4892425537109375,1.6059197187423706,1.98524808883667,2.163262128829956,2.457228899002075,2.688598871231079,3.1488935947418213,2.8000662326812744,2.7699530124664307,2.3945136070251465,2.4742772579193115,2.1983911991119385,2.1756818294525146,2.140709161758423,1.9116523265838623,2.074659824371338,1.9001823663711548,2.2187955379486084,2.1959097385406494,2.39284348487854,2.616014242172241
A7,1.5558643341064453,1.2996797561645508,1.0341707468032837,0.8015708923339844,0.5390249490737915,0.3787398934364319,0.0,0.37735992670059204,0.5527210235595703,0.8663180470466614,1.174596905708313,1.4539228677749634,1.7948098182678223,2.0188822746276855,2.3029189109802246,3.3109290599823,3.1252248287200928,2.902914524078369,2.6264266967773438,2.4509072303771973,2.0838537216186523,2.0171098709106445,1.7032504081726074,1.572283387184143,1.3611395359039307,1.1577287912368774,1.2124378681182861,0.9853663444519043,1.2889281511306763,1.2163376808166504,3.49446177482605,3.1998448371887207,2.9987030029296875,2.683189868927002,2.505568742752075,2.1476242542266846,2.0208606719970703,1.7061247825622559,1.5182111263275146,1.2933413982391357,1.0188847780227661,1.0493301153182983,0.8284920454025269,1.1541004180908203,1.1245023012161255,1.56085205078125,1.271834373474121,1.1261471509933472,0.7767668962478638,0.7806882262229919,0.5264983773231506,0.6416641473770142,0.7770035862922668,0.8384038805961609,1.167441964149475,1.3349143266677856,1.7021015882492065,1.9252296686172485,2.2121922969818115,2.455064535140991,3.1260526180267334,2.7676804065704346,2.7263734340667725,2.3547046184539795,2.4128577709198,2.1504762172698975,2.063634157180786,2.0316805839538574,1.7520428895950317,1.903760313987732,1.6937190294265747,1.9929873943328857,1.9675378799438477,2.122554302215576,2.369499921798706
A8,1.877410888671875,1.6463966369628906,1.368293046951294,1.1366926431655884,0.8539888262748718,0.5881961584091187,0.37735992670059204,0.0,0.3756254017353058,0.5652338862419128,0.9063549041748047,1.1720960140228271,1.5058501958847046,1.7648730278015137,2.015547037124634,3.1935293674468994,2.9834938049316406,2.7981903553009033,2.49314284324646,2.36562442779541,1.9980171918869019,1.9387288093566895,1.6737583875656128,1.508986473083496,1.380168080329895,1.1504276990890503,1.3000695705413818,1.1012628078460693,1.3896214962005615,1.396508812904358,3.2361791133880615,2.934903144836426,2.7599918842315674,2.4290812015533447,2.289703130722046,1.9213364124298096,1.8389774560928345,1.5557334423065186,1.3795527219772339,1.2414860725402832,0.9987915754318237,1.1598410606384277,1.0295770168304443,1.372358798980713,1.4217138290405273,1.8154313564300537,1.5708786249160767,1.3680455684661865,1.063045859336853,0.9559634923934937,0.5991520285606384,0.7116535305976868,0.644906222820282,0.7398170232772827,0.974020779132843,1.1410733461380005,1.4965308904647827,1.6924511194229126,2.014911651611328,2.217324733734131,2.763390064239502,2.401172161102295,2.3679730892181396,1.9988847970962524,2.0727016925811768,1.8351695537567139,1.746593713760376,1.7620433568954468,1.4934619665145874,1.7018033266067505,1.548006534576416,1.8812841176986694,1.929357886314392,2.0929272174835205,2.3744008541107178
A9,2.089125156402588,1.8081597089767456,1.5760420560836792,1.3039799928665161,1.0872411727905273,0.8347682356834412,0.5527210235595703,0.3756254017353058,0.0,0.3838525414466858,0.6263095736503601,0.932981550693512,1.2536416053771973,1.486178994178772,1.7717913389205933,3.047865867614746,2.8122341632843018,2.614849328994751,2.301589250564575,2.156614303588867,1.8031994104385376,1.684248685836792,1.4272713661193848,1.2070387601852417,1.077454686164856,0.8039160966873169,0.9777898192405701,0.8180798888206482,1.1090532541275024,1.1944773197174072,3.094352960586548,2.773348808288574,2.6080667972564697,2.2679834365844727,2.1329755783081055,1.7833788394927979,1.646835207939148,1.3949567079544067,1.1452648639678955,1.034468173980713,0.7342995405197144,0.9371499419212341,0.8379344344139099,1.1521612405776978,1.2865883111953735,2.02970290184021,1.7518930435180664,1.5394021272659302,1.2206367254257202,1.0743952989578247,0.7427718639373779,0.6458887457847595,0.5025835037231445,0.41035065054893494,0.6605826020240784,0.7942870259284973,1.161873459815979,1.3765413761138916,1.675646424293518,1.9061847925186157,2.7695863246917725,2.4209091663360596,2.335815668106079,1.9763052463531494,1.9842461347579956,1.7289310693740845,1.5814809799194336,1.546959400177002,1.2350976467132568,1.3956241607666016,1.201361060142517,1.5180513858795166,1.561822533607483,1.7191051244735718,2.0063178539276123
A10,2.4182872772216797,2.15913462638855,1.8990812301635742,1.6520764827728271,1.3941216468811035,1.134950041770935,0.8663180470466614,0.5652338862419128,0.3838525414466858,0.0,0.3863281309604645,0.6070321798324585,0.9485054612159729,1.2025887966156006,1.4519513845443726,3.111339569091797,2.845486640930176,2.6905012130737305,2.34938645362854,2.2568891048431396,1.9192087650299072,1.7927265167236328,1.6018949747085571,1.3377114534378052,1.2944731712341309,0.9962581992149353,1.2089909315109253,1.0573405027389526,1.2672321796417236,1.4023863077163696,2.97658109664917,2.641378164291382,2.5227773189544678,2.1612963676452637,2.0890424251556396,1.7410802841186523,1.6544206142425537,1.4674854278564453,1.2252120971679688,1.2308597564697266,0.979770839214325,1.2543972730636597,1.1938889026641846,1.477325439453125,1.6379464864730835,2.2311553955078125,1.9961577653884888,1.7323397397994995,1.462432861328125,1.2371060848236084,0.8867083787918091,0.8032247424125671,0.4769275188446045,0.4876348376274109,0.4892732799053192,0.6776592135429382,0.98162442445755,1.1896905899047852,1.5270711183547974,1.703595757484436,2.49534273147583,2.140655755996704,2.0691137313842773,1.7242852449417114,1.7461503744125366,1.5441676378250122,1.359346628189087,1.3993752002716064,1.0836340188980103,1.3098951578140259,1.1815404891967773,1.5055766105651855,1.6301460266113281,1.7587409019470215,2.0839478969573975
A11,2.711646795272827,2.427067756652832,2.201918840408325,1.9216020107269287,1.7085177898406982,1.430006742477417,1.174596905708313,0.9063549041748047,0.6263095736503601,0.3863281309604645,0.0,0.38481202721595764,0.6339711546897888,0.9032319784164429,1.1668919324874878,2.9009242057800293,2.6068365573883057,2.4630966186523438,2.110710620880127,2.032663106918335,1.7260531187057495,1.558026671409607,1.4265519380569458,1.1180217266082764,1.1550946235656738,0.8726642727851868,1.1462019681930542,1.0989347696304321,1.2786942720413208,1.5001740455627441,2.7165021896362305,2.3650624752044678,2.2674777507781982,1.8992764949798584,1.8515013456344604,1.534704566001892,1.4218049049377441,1.3062477111816406,1.0269666910171509,1.1304794549942017,0.9210753440856934,1.2471704483032227,1.2740226984024048,1.5141088962554932,1.7484617233276367,2.5817902088165283,2.327758312225342,2.0704987049102783,1.7902696132659912,1.5657777786254883,1.2375802993774414,1.0736620426177979,0.7437320947647095,0.5768474340438843,0.3653944432735443,0.3478175103664398,0.628715455532074,0.8043336272239685,1.1457771062850952,1.3221465349197388,2.38822078704834,2.061460018157959,1.9291561841964722,1.6080740690231323,1.5522716045379639,1.343599796295166,1.095590353012085,1.0954772233963013,0.7454953789710999,0.9522615075111389,0.8479118943214417,1.1699174642562866,1.352612853050232,1.4900431632995605,1.8235787153244019
A12,3.009115219116211,2.73378586769104,2.485121011734009,2.2340798377990723,1.9889552593231201,1.7371033430099487,1.4539228677749634,1.1720960140228271,0.932981550693512,0.6070321798324585,0.38481202721595764,0.0,0.38784125447273254,0.606694221496582,0.850355863571167,3.156541109085083,2.839155912399292,2.7251768112182617,2.362211227416992,2.314652919769287,2.035217523574829,1.8469350337982178,1.7566509246826172,1.4233318567276,1.4768296480178833,1.1720194816589355,1.3948506116867065,1.3156839609146118,1.4008039236068726,1.6378073692321777,2.8184456825256348,2.4538583755493164,2.413224697113037,2.0349183082580566,2.052727460861206,1.761249303817749,1.6803911924362183,1.624558687210083,1.353143572807312,1.4985162019729614,1.2898179292678833,1.6011333465576172,1.596192479133606,1.7982372045516968,2.0288121700286865,2.7285799980163574,2.5075883865356445,2.2099642753601074,1.976574420928955,1.6947417259216309,1.3909671306610107,1.2197939157485962,0.8499460816383362,0.7848667502403259,0.4342094957828522,0.5292300581932068,0.5640977621078491,0.7724366784095764,1.1044116020202637,1.218216896057129,2.336893081665039,2.012516498565674,1.8990464210510254,1.6187807321548462,1.5697739124298096,1.4446319341659546,1.1429606676101685,1.2192436456680298,0.8875318765640259,1.0970079898834229,1.0342148542404175,1.284868597984314,1.5045562982559204,1.5655053853988647,1.923958420753479
A13,3.341679811477661,3.0585029125213623,2.8269689083099365,2.5544614791870117,2.330109119415283,2.0535309314727783,1.7948098182678223,1.5058501958847046,1.2536416053771973,0.9485054612159729,0.6339711546897888,0.38784125447273254,0.0,0.37776437401771545,0.5441108345985413,3.0135624408721924,2.6720690727233887,2.5932984352111816,2.2246103286743164,2.2196009159088135,1.9857378005981445,1.7879034280776978,1.7774269580841064,1.4434409141540527,1.581757664680481,1.3324003219604492,1.5895875692367554,1.586182713508606,1.6564979553222656,1.934286117553711,2.558408260345459,2.1846251487731934,2.1876304149627686,1.8113858699798584,1.8835091590881348,1.6412256956100464,1.5776290893554688,1.6104458570480347,1.3612996339797974,1.5918997526168823,1.4538335800170898,1.788999319076538,1.8502538204193115,2.0326414108276367,2.301917552947998,3.1145434379577637,2.8872432708740234,2.5952210426330566,2.353792190551758,2.079511880874634,1.7734674215316772,1.592781662940979,1.2311780452728271,1.1123476028442383,0.7490132451057434,0.6564540266990662,0.49055972695350647,0.5217554569244385,0.8475207090377808,0.8749555945396423,2.1657893657684326,1.8810433149337769,1.7169743776321411,1.4865779876708984,1.3690407276153564,1.28312087059021,0.9297358393669128,1.0150206089019775,0.7325763702392578,0.925897479057312,0.9716543555259705,1.1790627241134644,1.4757975339889526,1.5402551889419556,1.8894015550613403
A14,3.5627341270446777,3.2660446166992188,3.0390846729278564,2.7783236503601074,2.5573976039886475,2.313213348388672,2.0188822746276855,1.7648730278015137,1.486178994178772,1.2025887966156006,0.9032319784164429,0.606694221496582,0.37776437401771545,0.0,0.3715914189815521,3.251896858215332,2.897777795791626,2.812490701675415,2.453239679336548,2.431631565093994,2.2256510257720947,1.9811748266220093,1.9781368970870972,1.6186628341674805,1.732174038887024,1.4645755290985107,1.6568137407302856,1.653192162513733,1.638514518737793,1.9383447170257568,2.7829201221466064,2.4027421474456787,2.4339756965637207,2.068446397781372,2.1561777591705322,1.9484881162643433,1.850818157196045,1.9057468175888062,1.6239776611328125,1.8431477546691895,1.6726083755493164,1.9709208011627197,2.005073308944702,2.128267765045166,2.405749559402466,3.248020648956299,3.0241637229919434,2.7184982299804688,2.500868797302246,2.2030022144317627,1.9392791986465454,1.7110685110092163,1.372193694114685,1.2511262893676758,0.8738353848457336,0.8210148215293884,0.5069496035575867,0.6116325259208679,0.7873605489730835,0.8123419880867004,2.43567156791687,2.1708388328552246,2.0046582221984863,1.8128763437271118,1.6747033596038818,1.6153862476348877,1.2448580265045166,1.2947126626968384,1.0160915851593018,1.0998139381408691,1.0924222469329834,1.182811975479126,1.4591221809387207,1.4323734045028687,1.7850888967514038
A15,3.8566086292266846,3.573533773422241,3.3335981369018555,3.075226306915283,2.8388702869415283,2.578209638595581,2.3029189109802246,2.015547037124634,1.7717913389205933,1.4519513845443726,1.1668919324874878,0.850355863571167,0.5441108345985413,0.3715914189815521,0.0,3.3245978355407715,2.9597883224487305,2.920982837677002,2.557328701019287,2.587898015975952,2.4047515392303467,2.1872541904449463,2.229135274887085,1.8887145519256592,2.044973850250244,1.8004097938537598,2.0166053771972656,2.0150234699249268,2.0069847106933594,2.3001933097839355,2.6895766258239746,2.3148064613342285,2.4000494480133057,2.0424821376800537,2.1924493312835693,2.0130531787872314,1.9736888408660889,2.0744757652282715,1.8394521474838257,2.0993735790252686,1.9699220657348633,2.2911014556884766,2.3443644046783447,2.4858291149139404,2.7627055644989014,3.5256383419036865,3.32136869430542,3.004572868347168,2.7986645698547363,2.4910693168640137,2.214709520339966,2.0218591690063477,1.6637992858886719,1.5800939798355103,1.1998374462127686,1.1409862041473389,0.8410637974739075,0.8102319836616516,0.9570198059082031,0.8273428082466125,2.226346731185913,1.990967035293579,1.8299859762191772,1.6986083984375,1.5606203079223633,1.5844401121139526,1.2198963165283203,1.3443365097045898,1.1536147594451904,1.2747020721435547,1.361016035079956,1.4487733840942383,1.7629648447036743,1.7440948486328125,2.0815303325653076
B1,4.054126739501953,3.811971426010132,3.8370471000671387,3.4736080169677734,3.550708770751953,3.225682020187378,3.3109290599823,3.1935293674468994,3.047865867614746,3.111339569091797,2.9009242057800293,3.156541109085083,3.0135624408721924,3.251896858215332,3.3245978355407715,0.0,0.38763970136642456,0.538986086845398,0.8237383365631104,1.039085865020752,1.308161973953247,1.580083966255188,1.8554654121398926,2.1201891899108887,2.412517786026001,2.706995725631714,3.008958578109741,3.296079397201538,3.577951669692993,3.794776439666748,1.453938364982605,1.523427963256836,1.2071421146392822,1.4480282068252563,1.2063875198364258,1.48550546169281,1.481415033340454,1.6567012071609497,1.94260573387146,2.0936477184295654,2.4685418605804443,2.6043925285339355,2.9894444942474365,3.144695281982422,3.403463125228882,4.802052974700928,4.4763970375061035,4.4198784828186035,4.0499372482299805,4.057686805725098,3.7485249042510986,3.6560423374176025,3.4965081214904785,3.2093875408172607,3.1788649559020996,2.8362224102020264,2.936234951019287,2.661337375640869,2.676297903060913,2.7027740478515625,3.025367498397827,3.0191051959991455,2.701929807662964,2.6032917499542236,2.3563168048858643,2.109823703765869,2.2902517318725586,2.0273191928863525,2.290708303451538,2.1899383068084717,2.4016568660736084,2.508931875228882,2.642749786376953,2.9981536865234375,2.9930953979492188
B2,4.00234842300415,3.7418723106384277,3.7384274005889893,3.368255615234375,3.414442300796509,3.078108549118042,3.1252248287200928,2.9834938049316406,2.8122341632843018,2.845486640930176,2.6068365573883057,2.839155912399292,2.6720690727233887,2.897777795791626,2.9597883224487305,0.38763970136642456,0.0,0.3786383867263794,0.5329148769378662,0.8334094285964966,1.1078389883041382,1.3333654403686523,1.64913809299469,1.8652410507202148,2.188253402709961,2.458037853240967,2.7736780643463135,3.060354709625244,3.324659585952759,3.563314437866211,1.2161084413528442,1.2141954898834229,0.9028910398483276,1.1157480478286743,0.8940585851669312,1.207639217376709,1.1921542882919312,1.4296334981918335,1.6870096921920776,1.8910633325576782,2.250598192214966,2.4227259159088135,2.805426836013794,2.960919141769409,3.243603229522705,4.650815486907959,4.326510906219482,4.241188049316406,3.874406337738037,3.8503026962280273,3.5329842567443848,3.421504497528076,3.2374799251556396,2.945819854736328,2.883180618286133,2.530374765396118,2.601156711578369,2.3097524642944336,2.3144655227661133,2.3252620697021484,2.778143882751465,2.762831211090088,2.426776170730591,2.330916166305542,2.0542690753936768,1.8115997314453125,1.9600521326065063,1.687076210975647,1.9600824117660522,1.8493260145187378,2.0860607624053955,2.185502290725708,2.351898670196533,2.6979868412017822,2.713188409805298
B3,3.7300381660461426,3.4569475650787354,3.475538969039917,3.1027371883392334,3.1753337383270264,2.8567941188812256,2.902914524078369,2.7981903553009033,2.614849328994751,2.6905012130737305,2.4630966186523438,2.7251768112182617,2.5932984352111816,2.812490701675415,2.920982837677002,0.538986086845398,0.3786383867263794,0.0,0.37568116188049316,0.5146210193634033,0.8321437835693359,1.0580672025680542,1.3530040979385376,1.6087477207183838,1.9039902687072754,2.2044246196746826,2.496274948120117,2.7975950241088867,3.065599203109741,3.292193651199341,1.5427446365356445,1.4760334491729736,1.1499180793762207,1.2625436782836914,0.9668688774108887,1.1974334716796875,1.0757019519805908,1.2549045085906982,1.4842078685760498,1.6382899284362793,1.9989209175109863,2.130000114440918,2.5181941986083984,2.651806354522705,2.929678440093994,4.407026290893555,4.070076942443848,4.00237512588501,3.6309971809387207,3.62617564201355,3.327350616455078,3.202521800994873,3.050363779067993,2.7414917945861816,2.7146799564361572,2.3639235496520996,2.463650941848755,2.208367347717285,2.208082437515259,2.2781035900115967,2.9554901123046875,2.8936307430267334,2.5664827823638916,2.4201529026031494,2.1516478061676025,1.86073637008667,1.9722574949264526,1.6583491563796997,1.8702610731124878,1.724352240562439,1.9017270803451538,1.9921841621398926,2.1081767082214355,2.465204954147339,2.4588165283203125
B4,3.572767972946167,3.293553352355957,3.2766125202178955,2.9022433757781982,2.938131332397461,2.605367422103882,2.6264266967773438,2.49314284324646,2.301589250564575,2.34938645362854,2.110710620880127,2.362211227416992,2.2246103286743164,2.453239679336548,2.557328701019287,0.8237383365631104,0.5329148769378662,0.37568116188049316,0.0,0.3809937536716461,0.6022100448608398,0.8119896650314331,1.130244493484497,1.3340024948120117,1.6604381799697876,1.9251964092254639,2.2437314987182617,2.5277040004730225,2.7932684421539307,3.03110671043396,1.414849877357483,1.2671303749084473,0.9426219463348389,0.9599692821502686,0.6455512642860413,0.8508707284927368,0.7128652334213257,0.9419568777084351,1.1648484468460083,1.3737406730651855,1.7246109247207642,1.905380129814148,2.2855281829833984,2.4428093433380127,2.7331204414367676,4.158463001251221,3.82975435256958,3.735795736312866,3.3692243099212646,3.3377621173858643,3.0265815258026123,2.900297164916992,2.7241690158843994,2.4228341579437256,2.373415946960449,2.0218374729156494,2.1169843673706055,1.8547550439834595,1.880853295326233,1.944454550743103,2.657726526260376,2.5729141235351562,2.244525909423828,2.0826897621154785,1.8082069158554077,1.5067070722579956,1.6006783246994019,1.2833266258239746,1.5001906156539917,1.3741052150726318,1.5785812139511108,1.7026722431182861,1.860916018486023,2.2185614109039307,2.258918523788452
B5,3.338062286376953,3.0421552658081055,3.0520708560943604,2.6751480102539062,2.7432124614715576,2.435258388519287,2.4509072303771973,2.36562442779541,2.156614303588867,2.2568891048431396,2.032663106918335,2.314652919769287,2.2196009159088135,2.431631565093994,2.587898015975952,1.039085865020752,0.8334094285964966,0.5146210193634033,0.3809937536716461,0.0,0.3743307292461395,0.5525835752487183,0.8428792953491211,1.1043105125427246,1.3906861543655396,1.698424220085144,1.9826054573059082,2.2883481979370117,2.555163860321045,2.7799668312072754,1.790428638458252,1.6189347505569458,1.3068256378173828,1.2649779319763184,0.9373639225959778,1.0250619649887085,0.761018693447113,0.8781473636627197,1.0322009325027466,1.1635396480560303,1.5087751150131226,1.6317182779312134,2.0197081565856934,2.1443047523498535,2.4322054386138916,3.952054262161255,3.6080033779144287,3.534360408782959,3.1631641387939453,3.153639554977417,2.8672332763671875,2.7214369773864746,2.5856807231903076,2.2625467777252197,2.257202386856079,1.9112582206726074,2.0376017093658447,1.8260040283203125,1.838611125946045,1.9720968008041382,2.920168161392212,2.795700788497925,2.4820945262908936,2.278202533721924,2.019272804260254,1.6847285032272339,1.7294676303863525,1.3807878494262695,1.5067646503448486,1.3330144882202148,1.4469937086105347,1.5500167608261108,1.6365634202957153,2.0050082206726074,2.0150701999664307
B6,3.006448745727539,2.7125134468078613,2.702174663543701,2.3253350257873535,2.3782968521118164,2.064370632171631,2.0838537216186523,1.9980171918869019,1.8031994104385376,1.9192087650299072,1.7260531187057495,2.035217523574829,1.9857378005981445,2.2256510257720947,2.4047515392303467,1.308161973953247,1.1078389883041382,0.8321437835693359,0.6022100448608398,0.3743307292461395,0.0,0.381245881319046,0.5662513375282288,0.8417096138000488,1.115412712097168,1.4070957899093628,1.7115846872329712,1.9888124465942383,2.280406951904297,2.488161563873291,1.9114353656768799,1.701290488243103,1.3896421194076538,1.260837197303772,0.9195606708526611,0.860846757888794,0.5549899339675903,0.5390907526016235,0.7022353410720825,0.8067805171012878,1.1692754030227661,1.3153095245361328,1.6990180015563965,1.863871693611145,2.1401431560516357,3.5918993949890137,3.2534351348876953,3.1760706901550293,2.8052420616149902,2.7978172302246094,2.507171869277954,2.378358840942383,2.248446226119995,1.9387311935424805,1.9587525129318237,1.6349061727523804,1.8130916357040405,1.6409952640533447,1.717604398727417,1.8791470527648926,2.7779390811920166,2.6115851402282715,2.3262879848480225,2.079195737838745,1.858273983001709,1.4970399141311646,1.536774754524231,1.2042765617370605,1.2779828310012817,1.1563712358474731,1.2358253002166748,1.4150434732437134,1.5018831491470337,1.8794362545013428,1.940107822418213
B7,3.0409297943115234,2.7184622287750244,2.6984293460845947,2.3219499588012695,2.360478162765503,2.0637166500091553,2.0171098709106445,1.9387288093566895,1.684248685836792,1.7927265167236328,1.558026671409607,1.8469350337982178,1.7879034280776978,1.9811748266220093,2.1872541904449463,1.580083966255188,1.3333654403686523,1.0580672025680542,0.8119896650314331,0.5525835752487183,0.381245881319046,0.0,0.37670478224754333,0.5568245053291321,0.8660948872566223,1.1572531461715698,1.4462083578109741,1.754303216934204,2.0088822841644287,2.2464816570281982,2.0634541511535645,1.8059797286987305,1.5475523471832275,1.3681174516677856,1.0918083190917969,1.0187184810638428,0.6420285701751709,0.6636494398117065,0.6034168601036072,0.7391543388366699,1.021881341934204,1.1679710149765015,1.5434467792510986,1.6594910621643066,1.9737048149108887,3.519697666168213,3.173145055770874,3.074908494949341,2.7094130516052246,2.6734530925750732,2.397268295288086,2.2167625427246094,2.084244966506958,1.7429282665252686,1.7433998584747314,1.4003188610076904,1.5451953411102295,1.3903822898864746,1.4196797609329224,1.623975396156311,2.874001979827881,2.6903724670410156,2.3973381519317627,2.1472716331481934,1.903137445449829,1.5518728494644165,1.4965050220489502,1.1334898471832275,1.1262426376342773,0.915468692779541,0.9342713356018066,1.0595241785049438,1.12926185131073,1.5059571266174316,1.5621803998947144
B8,2.68263578414917,2.3525283336639404,2.340073823928833,1.9646573066711426,2.020796298980713,1.7459851503372192,1.7032504081726074,1.6737583875656128,1.4272713661193848,1.6018949747085571,1.4265519380569458,1.7566509246826172,1.7774269580841064,1.9781368970870972,2.229135274887085,1.8554654121398926,1.64913809299469,1.3530040979385376,1.130244493484497,0.8428792953491211,0.5662513375282288,0.37670478224754333,0.0,0.37963616847991943,0.5610753297805786,0.8934252858161926,1.1600632667541504,1.4579143524169922,1.7430951595306396,1.9455296993255615,2.3787691593170166,2.1160545349121094,1.8509225845336914,1.6427205801010132,1.358450174331665,1.1967445611953735,0.8403905630111694,0.6804695725440979,0.5239675641059875,0.4530497193336487,0.7137565016746521,0.802953839302063,1.1864590644836426,1.3131825923919678,1.6115264892578125,3.17311954498291,2.819898843765259,2.7397427558898926,2.3710339069366455,2.361239194869995,2.1051502227783203,1.929430365562439,1.8446946144104004,1.5048524141311646,1.578556776046753,1.2821556329727173,1.5029983520507812,1.4376107454299927,1.5142968893051147,1.7688837051391602,3.004257917404175,2.78098726272583,2.524724006652832,2.234349012374878,2.039539337158203,1.6748192310333252,1.6091314554214478,1.2826614379882812,1.182103157043457,1.0197197198867798,0.9149130582809448,1.0871533155441284,1.073188066482544,1.4454561471939087,1.5189722776412964
B9,2.732572555541992,2.391843795776367,2.3327863216400146,1.968624234199524,1.9668481349945068,1.6932235956192017,1.572283387184143,1.508986473083496,1.2070387601852417,1.3377114534378052,1.1180217266082764,1.4233318567276,1.4434409141540527,1.6186628341674805,1.8887145519256592,2.1201891899108887,1.8652410507202148,1.6087477207183838,1.3340024948120117,1.1043105125427246,0.8417096138000488,0.5568245053291321,0.37963616847991943,0.0,0.37752482295036316,0.6035345196723938,0.9151821136474609,1.2078564167022705,1.461040735244751,1.7045570611953735,2.436441421508789,2.131242275238037,1.9187073707580566,1.653771996498108,1.4380766153335571,1.2415581941604614,0.8954529762268066,0.7799754738807678,0.4481593668460846,0.4857713282108307,0.560267984867096,0.7489044666290283,1.0751816034317017,1.197005271911621,1.5305513143539429,3.0534908771514893,2.709317207336426,2.584469795227051,2.2289884090423584,2.164926290512085,1.9034945964813232,1.6884270906448364,1.5680121183395386,1.2100462913513184,1.240168571472168,0.9271344542503357,1.1330244541168213,1.1007293462753296,1.1862952709197998,1.469143033027649,2.9002418518066406,2.6573731899261475,2.4075589179992676,2.114434242248535,1.9173856973648071,1.5756500959396362,1.4307001829147339,1.1208388805389404,0.9280816912651062,0.7454529404640198,0.5546586513519287,0.7594515085220337,0.7824063301086426,1.14192795753479,1.2850213050842285
B10,2.4543187618255615,2.0977976322174072,2.0542051792144775,1.7001638412475586,1.7236727476119995,1.5012097358703613,1.3611395359039307,1.380168080329895,1.077454686164856,1.2944731712341309,1.1550946235656738,1.4768296480178833,1.581757664680481,1.732174038887024,2.044973850250244,2.412517786026001,2.188253402709961,1.9039902687072754,1.6604381799697876,1.3906861543655396,1.115412712097168,0.8660948872566223,0.5610753297805786,0.37752482295036316,0.0,0.38033604621887207,0.599127471446991,0.9091110825538635,1.1848074197769165,1.3901476860046387,2.8042988777160645,2.501809597015381,2.282055616378784,2.015273332595825,1.789023756980896,1.5655659437179565,1.236767053604126,1.0444176197052002,0.7215615510940552,0.5470477938652039,0.4141407012939453,0.4337032735347748,0.7344794273376465,0.8211513757705688,1.157751202583313,2.7634973526000977,2.4066569805145264,2.303223133087158,1.9481507539749146,1.9125539064407349,1.6946014165878296,1.4615715742111206,1.4195821285247803,1.05845046043396,1.1910655498504639,0.9668387174606323,1.2279671430587769,1.305190086364746,1.3989986181259155,1.7190858125686646,3.168246030807495,2.8980252742767334,2.679708957672119,2.363452911376953,2.2054147720336914,1.8662208318710327,1.714561104774475,1.4435220956802368,1.1957476139068604,1.0523115396499634,0.7618703842163086,0.9239437580108643,0.8052057027816772,1.1122437715530396,1.245707392692566
B11,2.4220235347747803,2.0699832439422607,1.967646598815918,1.6401842832565308,1.5910136699676514,1.3809385299682617,1.1577287912368774,1.1504276990890503,0.8039160966873169,0.9962581992149353,0.8726642727851868,1.1720194816589355,1.3324003219604492,1.4645755290985107,1.8004097938537598,2.706995725631714,2.458037853240967,2.2044246196746826,1.9251964092254639,1.698424220085144,1.4070957899093628,1.1572531461715698,0.8934252858161926,0.6035345196723938,0.38033604621887207,0.0,0.38554078340530396,0.6100782752037048,0.8806960582733154,1.1132928133010864,2.940150499343872,2.6128430366516113,2.4304494857788086,2.123356580734253,1.9473744630813599,1.6858290433883667,1.4004747867584229,1.214557409286499,0.8533376455307007,0.7371337413787842,0.4186602532863617,0.538998544216156,0.6455384492874146,0.7650113105773926,1.0926939249038696,2.544412136077881,2.2047204971313477,2.0532784461975098,1.7165063619613647,1.623763918876648,1.4022600650787354,1.1346328258514404,1.0691640377044678,0.6963135004043579,0.8377574682235718,0.6798897385597229,0.9734941124916077,1.1450433731079102,1.2865279912948608,1.611936330795288,3.0884251594543457,2.7926156520843506,2.603555917739868,2.279592990875244,2.151216506958008,1.8442013263702393,1.6449601650238037,1.4364925622940063,1.1162779331207275,1.03640878200531,0.6979575753211975,0.8959721326828003,0.8164843320846558,1.032615303993225,1.2583340406417847
B12,2.347818374633789,1.980116605758667,1.9021073579788208,1.6089545488357544,1.5889638662338257,1.4652106761932373,1.2124378681182861,1.3000695705413818,0.9777898192405701,1.2089909315109253,1.1462019681930542,1.3948506116867065,1.5895875692367554,1.6568137407302856,2.0166053771972656,3.008958578109741,2.7736780643463135,2.496274948120117,2.2437314987182617,1.9826054573059082,1.7115846872329712,1.4462083578109741,1.1600632667541504,0.9151821136474609,0.599127471446991,0.38554078340530396,0.0,0.37906700372695923,0.5973628163337708,0.8101846575737,3.3079049587249756,2.980348825454712,2.79813814163208,2.4977073669433594,2.316322088241577,2.0647776126861572,1.7667251825332642,1.5740498304367065,1.2225019931793213,1.0533148050308228,0.721813976764679,0.6351029872894287,0.5646370649337769,0.49680793285369873,0.8344837427139282,2.407142400741577,2.056382656097412,1.9234482049942017,1.607559084892273,1.533265471458435,1.395897388458252,1.082633376121521,1.1255078315734863,0.7874249219894409,0.9975132346153259,0.9448049664497375,1.1901495456695557,1.423237919807434,1.515128254890442,1.863376259803772,3.449693202972412,3.1445298194885254,2.9678938388824463,2.642413377761841,2.5229365825653076,2.2243847846984863,2.0120344161987305,1.809338092803955,1.4777365922927856,1.372864842414856,1.0031676292419434,1.0908793210983276,0.8881269097328186,1.0000180006027222,1.1854137182235718
B13,2.180116653442383,1.829099178314209,1.6985355615615845,1.4503644704818726,1.3705236911773682,1.2947758436203003,0.9853663444519043,1.1012628078460693,0.8180798888206482,1.0573405027389526,1.0989347696304321,1.3156839609146118,1.586182713508606,1.653192162513733,2.0150234699249268,3.296079397201538,3.060354709625244,2.7975950241088867,2.5277040004730225,2.2883481979370117,1.9888124465942383,1.754303216934204,1.4579143524169922,1.2078564167022705,0.9091110825538635,0.6100782752037048,0.37906700372695923,0.0,0.37881574034690857,0.5116062760353088,3.521094560623169,3.1868233680725098,3.016392469406128,2.6950676441192627,2.532453775405884,2.245151996612549,1.9887163639068604,1.7700496912002563,1.4299999475479126,1.2528501749038696,0.8742548823356628,0.8141512870788574,0.564980685710907,0.5708694458007812,0.7702667117118835,2.0748045444488525,1.7404080629348755,1.5751276016235352,1.2798328399658203,1.1730544567108154,1.0673054456710815,0.7328456044197083,0.8446658253669739,0.5896151065826416,0.8837023973464966,0.9805153012275696,1.2489184141159058,1.5432864427566528,1.6894254684448242,2.016408681869507,3.463909149169922,3.1340982913970947,2.999833345413208,2.662764072418213,2.5914175510406494,2.316725492477417,2.1015686988830566,1.9606794118881226,1.6060820817947388,1.5774351358413696,1.226995825767517,1.3587007522583008,1.2069016695022583,1.2568880319595337,1.4828258752822876
