,A1,A2,A3,A4,A5,A6,A7,A8,A9,A10,A11,A12,A13,A14,A15,B1,B2,B3,B4,B5,B6,B7,B8,B9,B10,B11,B12,B13,B14,B15,C1,C2,C3,C4,C5,C6,C7,C8,C9,C10,C11,C12,C13,C14,C15,D1,D2,D3,D4,D5,D6,D7,D8,D9,D10,D11,D12,D13,D14,D15,E1,E2,E3,E4,E5,E6,E7,E8,E9,E10,E11,E12,E13,E14,E15
A1,0.0,0.37689444422721863,0.6058915257453918,0.8298274278640747,1.109434962272644,1.3792052268981934,1.6649880409240723,1.9661976099014282,2.203392505645752,2.546405076980591,2.8139524459838867,3.153576374053955,3.4543468952178955,3.67177152633667,3.989468812942505,1.9454729557037354,1.9612993001937866,2.0559396743774414,1.8278318643569946,2.170008659362793,2.118374824523926,2.3236782550811768,2.502410411834717,2.5420737266540527,2.8629701137542725,2.9213266372680664,3.29121994972229,3.4021341800689697,3.596371650695801,3.9004416465759277,2.2847681045532227,2.2853944301605225,2.3288662433624268,2.064312219619751,2.373392343521118,2.2534713745117188,2.4490950107574463,2.5810141563415527,2.59299373626709,2.8970870971679688,2.914069414138794,3.276374578475952,3.3563406467437744,3.552065372467041,3.8376879692077637,2.0613467693328857,2.1742377281188965,2.0578088760375977,1.882396936416626,2.1178078651428223,1.9564406871795654,2.2765891551971436,2.3043501377105713,2.45715594291687,2.6713485717773438,2.7941300868988037,3.122421979904175,3.2500245571136475,3.5505101680755615,3.768763303756714,1.7485733032226562,1.8919720649719238,1.7804914712905884,1.6729552745819092,1.8710020780563354,1.7410519123077393,2.0979597568511963,2.1314539909362793,2.3465070724487305,2.560634136199951,2.752058506011963,3.0779147148132324,3.274549961090088,3.5793323516845703,3.814579725265503
A2,0.37689444422721863,0.0,0.3899448812007904,0.5819154381752014,0.8378384709358215,1.1552777290344238,1.3831923007965088,1.7185934782028198,1.9358941316604614,2.2878735065460205,2.5585715770721436,2.8902456760406494,3.2047107219696045,3.399449348449707,3.7265756130218506,1.6688547134399414,1.6379996538162231,1.73870050907135,1.495785117149353,1.8358484506607056,1.8074703216552734,1.995834469795227,2.2043418884277344,2.244847297668457,2.5850675106048584,2.6621792316436768,3.034637928009033,3.1744329929351807,3.3594024181365967,3.677133798599243,1.9788638353347778,1.9455212354660034,1.9925055503845215,1.7151495218276978,2.0242629051208496,1.9222148656845093,2.1075034141540527,2.2666256427764893,2.282780170440674,2.606159210205078,2.64534330368042,3.0135390758514404,3.1241815090179443,3.3140196800231934,3.615168333053589,2.1872353553771973,2.2401089668273926,2.088773727416992,1.8632855415344238,2.056986093521118,1.83568274974823,2.1226937770843506,2.1064248085021973,2.2261178493499756,2.415198802947998,2.5059213638305664,2.8270530700683594,2.928593873977661,3.2319676876068115,3.439127206802368,1.9029392004013062,1.9805372953414917,1.8232959508895874,1.6572092771530151,1.811349868774414,1.6098542213439941,1.9369772672653198,1.9236493110656738,2.1080074310302734,2.3002383708953857,2.460495710372925,2.7842483520507812,2.955815076828003,3.265496015548706,3.4923582077026367
A3,0.6058915257453918,0.3899448812007904,0.0,0.384088933467865,0.5239441990852356,0.8430763483047485,1.105818271636963,1.4073505401611328,1.67086660861969,1.9958561658859253,2.2936878204345703,2.6135075092315674,2.9375033378601074,3.153106689453125,3.461414098739624,1.5227376222610474,1.4994661808013916,1.5197371244430542,1.2639151811599731,1.5915467739105225,1.5201406478881836,1.7474058866500854,1.9205249547958374,1.9959276914596558,2.317720651626587,2.418520450592041,2.7888131141662598,2.9355595111846924,3.151082992553711,3.450856924057007,1.8517955541610718,1.828107476234436,1.8044720888137817,1.524761438369751,1.8121229410171509,1.6677302122116089,1.887553095817566,2.0063185691833496,2.055403709411621,2.3579659461975098,2.4164133071899414,2.7834205627441406,2.8983676433563232,3.1200790405273438,3.4022929668426514,2.078615427017212,2.0885393619537354,1.9759597778320312,1.7047131061553955,1.9219509363174438,1.7027757167816162,1.9525028467178345,1.975656509399414,2.0512068271636963,2.2791731357574463,2.3474016189575195,2.689481496810913,2.79331374168396,3.06904935836792,3.3075995445251465,1.8167684078216553,1.8412251472473145,1.721853494644165,1.4939906597137451,1.6859711408615112,1.481225848197937,1.7777841091156006,1.8083010911941528,1.9466485977172852,2.18403959274292,2.320643901824951,2.668081521987915,2.8388431072235107,3.1218478679656982,3.379157543182373
A4,0.8298274278640747,0.5819154381752014,0.384088933467865,0.0,0.3786475360393524,0.5949235558509827,0.8481616377830505,1.164279818534851,1.3763247728347778,1.7286087274551392,1.9912861585617065,2.329629421234131,2.635143518447876,2.844701051712036,3.1647777557373047,1.6852647066116333,1.580406904220581,1.5572344064712524,1.2340168952941895,1.5064210891723633,1.3804792165756226,1.5425595045089722,1.697206735610962,1.7148581743240356,2.0352604389190674,2.098926067352295,2.470327615737915,2.602658987045288,2.8018252849578857,3.10974383354187,1.9605860710144043,1.8657861948013306,1.8079817295074463,1.476657748222351,1.7098915576934814,1.5203524827957153,1.6771793365478516,1.775537133216858,1.7697755098342896,2.0676157474517822,2.0907509326934814,2.4560320377349854,2.557643175125122,2.7639853954315186,3.0533313751220703,1.9136950969696045,1.8769822120666504,1.7180324792861938,1.4273545742034912,1.5987564325332642,1.347231388092041,1.5915136337280273,1.5955747365951538,1.6832280158996582,1.9073768854141235,1.9975907802581787,2.3396730422973633,2.467935800552368,2.7495017051696777,2.9915268421173096,1.6889307498931885,1.6584335565567017,1.481509804725647,1.2304645776748657,1.3663396835327148,1.1227678060531616,1.4115560054779053,1.4254381656646729,1.5750908851623535,1.8104912042617798,1.9679317474365234,2.3132262229919434,2.506624937057495,2.790310859680176,3.050334930419922
A5,1.109434962272644,0.8378384709358215,0.5239441990852356,0.3786475360393524,0.0,0.39257901906967163,0.5877206921577454,0.9001185894012451,1.1630537509918213,1.4819426536560059,1.7899117469787598,2.0992119312286377,2.4338340759277344,2.6434643268585205,2.9492342472076416,1.4352370500564575,1.3235474824905396,1.2347599267959595,0.9083612561225891,1.168858289718628,1.0322800874710083,1.2438713312149048,1.3983098268508911,1.4784843921661377,1.799586296081543,1.9215922355651855,2.2902543544769287,2.461339235305786,2.685016632080078,2.983102321624756,1.7011175155639648,1.610973596572876,1.498983383178711,1.1768162250518799,1.395698070526123,1.1916918754577637,1.3983265161514282,1.4881943464279175,1.5447101593017578,1.8414512872695923,1.9211878776550293,2.288806915283203,2.428004741668701,2.6624057292938232,2.9429268836975098,2.1086585521698,2.0236387252807617,1.8971853256225586,1.5622392892837524,1.725599765777588,1.4563167095184326,1.6214978694915771,1.6289976835250854,1.632148027420044,1.86460542678833,1.8904060125350952,2.2401511669158936,2.3344972133636475,2.5880887508392334,2.8454155921936035,1.9124258756637573,1.8305394649505615,1.6864185333251953,1.3772269487380981,1.5181818008422852,1.248809576034546,1.4580415487289429,1.4750579595565796,1.53569757938385,1.7865056991577148,1.8777114152908325,2.237776756286621,2.39504075050354,2.65548038482666,2.9318249225616455
A6,1.3792052268981934,1.1552777290344238,0.8430763483047485,0.5949235558509827,0.39257901906967163,0.0,0.38696548342704773,0.5915873646736145,0.8657863140106201,1.1754133701324463,1.4683492183685303,1.7916843891143799,2.105634927749634,2.342571258544922,2.637153387069702,1.7258198261260986,1.588462233543396,1.4202301502227783,1.0729972124099731,1.2264517545700073,0.974326491355896,1.1390405893325806,1.1944894790649414,1.237674355506897,1.5155506134033203,1.6055108308792114,1.9699853658676147,2.114251136779785,2.3550970554351807,2.6364479064941406,1.9599878787994385,1.84036123752594,1.6613966226577759,1.3270763158798218,1.4505037069320679,1.160496711730957,1.3168213367462158,1.3117057085037231,1.3314337730407715,1.5778683423995972,1.6206706762313843,1.9784876108169556,2.0881478786468506,2.3397464752197266,2.6001288890838623,1.9060531854629517,1.7629727125167847,1.6464422941207886,1.2836174964904785,1.4305585622787476,1.1711061000823975,1.2894667387008667,1.3447113037109375,1.3267545700073242,1.606534481048584,1.651484727859497,2.017409324645996,2.153245687484741,2.3813867568969727,2.6717755794525146,1.76313316822052,1.611207127571106,1.4727954864501953,1.1232388019561768,1.2510919570922852,0.9910485744476318,1.1449952125549316,1.2200651168823242,1.2506699562072754,1.552847146987915,1.6574066877365112,2.02882981300354,2.2198386192321777,2.449354410171509,2.754801034927368
A7,1.6649880409240723,1.3831923007965088,1.105818271636963,0.8481616377830505,0.5877206921577454,0.38696548342704773,0.0,0.38733357191085815,0.5841559171676636,0.9130508899688721,1.2141211032867432,1.519322395324707,1.8583097457885742,2.0573995113372803,2.3664028644561768,1.6479721069335938,1.443354606628418,1.2408946752548218,0.8757215738296509,0.9380826354026794,0.6659983992576599,0.763165295124054,0.8529938459396362,0.8947205543518066,1.2139918804168701,1.3464100360870361,1.7130167484283447,1.9094667434692383,2.134861469268799,2.432986259460449,1.807269811630249,1.6323187351226807,1.4232009649276733,1.074202299118042,1.1294385194778442,0.8197969198226929,0.9338569641113281,0.9456161856651306,0.9728027582168579,1.2544924020767212,1.3456281423568726,1.7126059532165527,1.8776849508285522,2.1203365325927734,2.3998775482177734,2.21077561378479,2.0282416343688965,1.8818641901016235,1.5103968381881714,1.5761516094207764,1.265629529953003,1.292294979095459,1.2683755159378052,1.1636948585510254,1.3930160999298096,1.3652466535568237,1.7216196060180664,1.8166481256484985,2.0395162105560303,2.323596477508545,2.0965983867645264,1.9126428365707397,1.7405972480773926,1.3851511478424072,1.428529143333435,1.111021876335144,1.16068696975708,1.149402379989624,1.0851612091064453,1.3444156646728516,1.3742649555206299,1.7442703247070312,1.893781065940857,2.1198160648345947,2.421530246734619
A8,1.9661976099014282,1.7185934782028198,1.4073505401611328,1.164279818534851,0.9001185894012451,0.5915873646736145,0.38733357191085815,0.0,0.38157790899276733,0.5977967977523804,0.9355825781822205,1.2236140966415405,1.5608798265457153,1.7997835874557495,2.076476573944092,1.8758013248443604,1.6872557401657104,1.4137495756149292,1.0929393768310547,1.0508534908294678,0.6867716312408447,0.7583444714546204,0.6620053052902222,0.7279319763183594,0.954975426197052,1.1033673286437988,1.45196533203125,1.6419270038604736,1.9096287488937378,2.1715211868286133,2.020169734954834,1.855422854423523,1.582208514213562,1.2757725715637207,1.2373621463775635,0.8680513501167297,0.957256019115448,0.8142192959785461,0.8616330027580261,1.041412115097046,1.1363043785095215,1.479621171951294,1.63227117061615,1.9174315929412842,2.157041549682617,2.202453374862671,1.9707063436508179,1.8681755065917969,1.487135648727417,1.5420454740524292,1.276286244392395,1.2097028493881226,1.252180814743042,1.0754677057266235,1.3513731956481934,1.3023767471313477,1.6631689071655273,1.7783290147781372,1.941382884979248,2.26678204536438,2.1376636028289795,1.9001973867416382,1.7713449001312256,1.3973541259765625,1.443359613418579,1.1769949197769165,1.1287058591842651,1.190495491027832,1.0437233448028564,1.3490115404129028,1.347655177116394,1.7175909280776978,1.8743436336517334,2.040043830871582,2.3772125244140625
A9,2.203392505645752,1.9358941316604614,1.67086660861969,1.3763247728347778,1.1630537509918213,0.8657863140106201,0.5841559171676636,0.38157790899276733,0.0,0.3927425146102905,0.6318119168281555,0.9554412961006165,1.278184413909912,1.4837291240692139,1.793480396270752,2.0986385345458984,1.8573169708251953,1.5969773530960083,1.2715647220611572,1.1570101976394653,0.8180243968963623,0.6940435171127319,0.5517185926437378,0.41939738392829895,0.663675844669342,0.7651105523109436,1.1297825574874878,1.336507797241211,1.571663498878479,1.8604899644851685,2.184798002243042,1.9641004800796509,1.697189450263977,1.3813496828079224,1.2688244581222534,0.9101642370223999,0.835334837436676,0.646623969078064,0.5464421510696411,0.719245195388794,0.7765306234359741,1.135945439338684,1.3097245693206787,1.570267915725708,1.835866093635559,2.3217296600341797,2.0584988594055176,1.909061074256897,1.5436718463897705,1.504167079925537,1.2090740203857422,1.0564638376235962,1.022806167602539,0.7718382477760315,1.0059789419174194,0.9264113306999207,1.285068154335022,1.4150129556655884,1.5779234170913696,1.907956838607788,2.291186809539795,2.0272397994995117,1.8495084047317505,1.495513677597046,1.4434447288513184,1.151307463645935,0.999520480632782,0.9873276948928833,0.7510653138160706,1.0203191041946411,0.9807997345924377,1.3458349704742432,1.5096765756607056,1.6677510738372803,2.009397029876709
A10,2.546405076980591,2.2878735065460205,1.9958561658859253,1.7286087274551392,1.4819426536560059,1.1754133701324463,0.9130508899688721,0.5977967977523804,0.3927425146102905,0.0,0.3917619287967682,0.6266524195671082,0.9795953035354614,1.2150260210037231,1.4806628227233887,2.277040958404541,2.0476157665252686,1.7371225357055664,1.4665377140045166,1.2735676765441895,0.9244133234024048,0.7861917018890381,0.45917925238609314,0.39427366852760315,0.38550707697868347,0.5912142992019653,0.8951992392539978,1.137513518333435,1.4184223413467407,1.656448245048523,2.33618426322937,2.12638521194458,1.8115630149841309,1.5518720149993896,1.3642076253890991,1.0048828125,0.9173761606216431,0.5864341855049133,0.5619003176689148,0.5210779905319214,0.6525534987449646,0.944695234298706,1.1444551944732666,1.45144522190094,1.6631286144256592,2.5241260528564453,2.22955060005188,2.1233444213867188,1.7653509378433228,1.7181316614151,1.474422574043274,1.247807502746582,1.2571029663085938,0.9429640769958496,1.1559303998947144,1.0098994970321655,1.3212875127792358,1.427933692932129,1.4980056285858154,1.8597993850708008,2.5277349948883057,2.2335593700408936,2.097729444503784,1.7429324388504028,1.69943106174469,1.4575039148330688,1.245333194732666,1.273751139640808,0.97677081823349,1.2193162441253662,1.1032373905181885,1.4233410358428955,1.5477839708328247,1.6202936172485352,1.9864304065704346
A11,2.8139524459838867,2.5585715770721436,2.2936878204345703,1.9912861585617065,1.7899117469787598,1.4683492183685303,1.2141211032867432,0.9355825781822205,0.6318119168281555,0.3917619287967682,0.0,0.37742894887924194,0.6473922729492188,0.8833219408988953,1.1761475801467896,2.628516912460327,2.3753104209899902,2.0810329914093018,1.8047819137573242,1.5959047079086304,1.2743134498596191,1.0574471950531006,0.7555344700813293,0.5190128087997437,0.2725696265697479,0.2132905274629593,0.5172512531280518,0.7581526637077332,1.0272183418273926,1.274674654006958,2.6627960205078125,2.4235715866088867,2.1222071647644043,1.8590229749679565,1.6425265073776245,1.3121711015701294,1.127389669418335,0.8022207021713257,0.6190366148948669,0.3799905478954315,0.31498557329177856,0.5636429190635681,0.7579275369644165,1.0636827945709229,1.2761045694351196,2.5989561080932617,2.276444435119629,2.147120714187622,1.8221464157104492,1.6986006498336792,1.4753127098083496,1.170883059501648,1.150894284248352,0.7943279147148132,0.9490495920181274,0.799128532409668,1.0623687505722046,1.2193784713745117,1.2451101541519165,1.62497079372406,2.6439995765686035,2.3248648643493652,2.1660208702087402,1.8434219360351562,1.7288084030151367,1.5112171173095703,1.2162319421768188,1.220354676246643,0.8734558820724487,1.0562584400177002,0.9178251028060913,1.1818630695343018,1.3326008319854736,1.3507001399993896,1.7309626340866089
A12,3.153576374053955,2.8902456760406494,2.6135075092315674,2.329629421234131,2.0992119312286377,1.7916843891143799,1.519322395324707,1.2236140966415405,0.9554412961006165,0.6266524195671082,0.37742894887924194,0.0,0.39742493629455566,0.6130315661430359,0.8547423481941223,2.793212413787842,2.540667772293091,2.222982406616211,1.9938849210739136,1.731019139289856,1.4385424852371216,1.2086783647537231,0.8764964938163757,0.726243793964386,0.3380995988845825,0.41494959592819214,0.4044465720653534,0.7274203300476074,0.9914513230323792,1.1672546863555908,2.7901649475097656,2.5522823333740234,2.227621555328369,2.0142982006073,1.7442635297775269,1.4475116729736328,1.249295711517334,0.8968396186828613,0.7940914034843445,0.42589452862739563,0.49758854508399963,0.5072950720787048,0.7666678428649902,1.0660922527313232,1.209257960319519,2.9292943477630615,2.595583200454712,2.4882843494415283,2.170710563659668,2.0454084873199463,1.8421707153320312,1.520664095878601,1.499401330947876,1.1362924575805664,1.2230479717254639,1.0069977045059204,1.1706708669662476,1.2570034265518188,1.173252820968628,1.5568878650665283,2.9875829219818115,2.6590588092803955,2.520326614379883,2.198774814605713,2.0907387733459473,1.886384129524231,1.5819494724273682,1.5802788734436035,1.2226512432098389,1.344712734222412,1.1342729330062866,1.3191642761230469,1.3893040418624878,1.3142470121383667,1.6917712688446045
A13,3.4543468952178955,3.2047107219696045,2.9375033378601074,2.635143518447876,2.4338340759277344,2.105634927749634,1.8583097457885742,1.5608798265457153,1.278184413909912,0.9795953035354614,0.6473922729492188,0.39742493629455566,0.0,0.37605535984039307,0.5571775436401367,3.1881797313690186,2.93152117729187,2.618814468383789,2.3831300735473633,2.1244208812713623,1.831648826599121,1.592278242111206,1.2707151174545288,1.0808099508285522,0.7085195779800415,0.5765463709831238,0.2698582708835602,0.4535786807537079,0.7032114267349243,0.7961266040802002,3.182992696762085,2.9371533393859863,2.6181764602661133,2.401803970336914,2.1287972927093506,1.8389660120010376,1.618453860282898,1.2816604375839233,1.1279629468917847,0.752379834651947,0.6517008543014526,0.4079313576221466,0.5326001048088074,0.8137866854667664,0.8636762499809265,3.0260636806488037,2.672100782394409,2.5680413246154785,2.288658857345581,2.1200110912323,1.963139533996582,1.6016696691513062,1.5932778120040894,1.2505117654800415,1.2985665798187256,1.1300854682922363,1.208486795425415,1.3394514322280884,1.1869560480117798,1.5608229637145996,3.124776601791382,2.7766432762145996,2.6409714221954346,2.3520498275756836,2.2082595825195312,2.0488948822021484,1.7026565074920654,1.714365839958191,1.3646310567855835,1.4470292329788208,1.2603076696395874,1.3604480028152466,1.451901912689209,1.2977372407913208,1.6649335622787476
A14,3.67177152633667,3.399449348449707,3.153106689453125,2.844701051712036,2.6434643268585205,2.342571258544922,2.0573995113372803,1.7997835874557495,1.4837291240692139,1.2150260210037231,0.8833219408988953,0.6130315661430359,0.37605535984039307,0.0,0.38805076479911804,3.304732084274292,3.023134469985962,2.7268805503845215,2.508277654647827,2.222512722015381,1.9762123823165894,1.6874825954437256,1.4127596616744995,1.2043336629867554,0.8670125007629395,0.7627466320991516,0.4269169569015503,0.6410916447639465,0.6951560974121094,0.7996471524238586,3.254755973815918,2.9834511280059814,2.6800382137298584,2.4819650650024414,2.1795716285705566,1.937917709350586,1.66453218460083,1.3712399005889893,1.199700117111206,0.8359415531158447,0.7743852138519287,0.456115186214447,0.6681040525436401,0.7903628945350647,0.8604406118392944,3.335648775100708,2.9858663082122803,2.851839303970337,2.577091693878174,2.381409168243408,2.1973514556884766,1.8374950885772705,1.7607699632644653,1.4143260717391968,1.3596261739730835,1.1319289207458496,1.0978056192398071,1.1576387882232666,0.9225560426712036,1.2682136297225952,3.42785382270813,3.086683511734009,2.9217116832733154,2.6387550830841064,2.4659171104431152,2.278596878051758,1.9290518760681152,1.8750147819519043,1.5156679153442383,1.5042814016342163,1.251927375793457,1.2590620517730713,1.2690706253051758,1.0408440828323364,1.3804152011871338
A15,3.989468812942505,3.7265756130218506,3.461414098739624,3.1647777557373047,2.9492342472076416,2.637153387069702,2.3664028644561768,2.076476573944092,1.793480396270752,1.4806628227233887,1.1761475801467896,0.8547423481941223,0.5571775436401367,0.38805076479911804,0.0,3.5742926597595215,3.3090403079986572,2.991966724395752,2.797010898590088,2.497666597366333,2.2483460903167725,1.987282395362854,1.6846665143966675,1.5281535387039185,1.1618939638137817,1.0902986526489258,0.7402302622795105,0.8391461968421936,0.8992593288421631,0.8271819949150085,3.521563768386841,3.2672667503356934,2.9447391033172607,2.774068593978882,2.4588260650634766,2.219858169555664,1.9747954607009888,1.6611957550048828,1.541153907775879,1.1641697883605957,1.128552794456482,0.808211624622345,0.9096981883049011,1.0227431058883667,0.944007158279419,3.557267189025879,3.196352243423462,3.0962841510772705,2.8319737911224365,2.6464691162109375,2.4977433681488037,2.127931833267212,2.0927743911743164,1.7543613910675049,1.7259795665740967,1.5171533823013306,1.473548173904419,1.5186767578125,1.2427239418029785,1.5478150844573975,3.6697592735290527,3.316230058670044,3.183027505874634,2.9034981727600098,2.747532367706299,2.5905017852783203,2.2355635166168213,2.2188005447387695,1.8653230667114258,1.8760071992874146,1.6379824876785278,1.632529377937317,1.6274136304855347,1.360154628753662,1.661516785621643
B1,1.9454729557037354,1.6688547134399414,1.5227376222610474,1.6852647066116333,1.4352370500564575,1.7258198261260986,1.6479721069335938,1.8758013248443604,2.0986385345458984,2.277040958404541,2.628516912460327,2.793212413787842,3.1881797313690186,3.304732084274292,3.5742926597595215,0.0,0.3734762668609619,0.5853374600410461,0.8359673023223877,1.0840864181518555,1.3611645698547363,1.6307677030563354,1.9175035953521729,2.1684138774871826,2.4898529052734375,2.7720484733581543,3.088397741317749,3.3821003437042236,3.5955255031585693,3.888960361480713,0.4147213399410248,0.6614121198654175,0.7589758634567261,0.8704509139060974,1.1936538219451904,1.367803931236267,1.6882197856903076,1.9346377849578857,2.181447744369507,2.497547149658203,2.755068063735962,3.0913236141204834,3.359483480453491,3.590550184249878,3.8773043155670166,3.5004661083221436,3.431037187576294,3.330353260040283,2.989199638366699,3.1376264095306396,2.8376879692077637,2.9292328357696533,2.859116792678833,2.7500648498535156,2.8748466968536377,2.731863021850586,3.000704050064087,2.90785551071167,3.1155879497528076,3.2885231971740723,3.2765822410583496,3.2292308807373047,3.116273880004883,2.8063786029815674,2.9419002532958984,2.639435052871704,2.77998423576355,2.7069621086120605,2.6562936305999756,2.7998721599578857,2.718763828277588,3.020327568054199,2.9937996864318848,3.2342875003814697,3.439612627029419
B2,1.9612993001937866,1.6379996538162231,1.4994661808013916,1.580406904220581,1.3235474824905396,1.588462233543396,1.443354606628418,1.6872557401657104,1.8573169708251953,2.0476157665252686,2.3753104209899902,2.540667772293091,2.93152117729187,3.023134469985962,3.3090403079986572,0.3734762668609619,0.0,0.39461448788642883,0.5963371992111206,0.8174252510070801,1.134545087814331,1.345870018005371,1.668541431427002,1.8905446529388428,2.227242946624756,2.502169132232666,2.8157801628112793,3.118422269821167,3.309016227722168,3.6152985095977783,0.390257865190506,0.37415239214897156,0.49119916558265686,0.5444005131721497,0.8841464519500732,1.0950688123703003,1.3745888471603394,1.6582026481628418,1.883650779724121,2.215721368789673,2.4725754261016846,2.806896209716797,3.0871288776397705,3.2975873947143555,3.597665786743164,3.430575132369995,3.3357865810394287,3.2026538848876953,2.855243444442749,2.963387966156006,2.6394286155700684,2.7086141109466553,2.602573871612549,2.4808359146118164,2.5726075172424316,2.414170265197754,2.666045904159546,2.5587966442108154,2.774859666824341,2.9334962368011475,3.2245566844940186,3.1513757705688477,3.0018534660339355,2.685356855392456,2.7767980098724365,2.4481101036071777,2.560796022415161,2.4508743286132812,2.3837890625,2.4948999881744385,2.395314931869507,2.6820695400238037,2.6409120559692383,2.8881967067718506,3.0811073780059814
B3,2.0559396743774414,1.73870050907135,1.5197371244430542,1.5572344064712524,1.2347599267959595,1.4202301502227783,1.2408946752548218,1.4137495756149292,1.5969773530960083,1.7371225357055664,2.0810329914093018,2.222982406616211,2.618814468383789,2.7268805503845215,2.991966724395752,0.5853374600410461,0.39461448788642883,0.0,0.3804672658443451,0.5089530348777771,0.8128975033760071,1.0697335004806519,1.3504241704940796,1.6170896291732788,1.9244575500488281,2.224212884902954,2.526015520095825,2.83349347114563,3.047365188598633,3.3325321674346924,0.6201624274253845,0.5696975588798523,0.3425656855106354,0.3796187937259674,0.6422438025474548,0.7965732216835022,1.131211519241333,1.3609598875045776,1.6306681632995605,1.9307061433792114,2.2085330486297607,2.532262086868286,2.8146705627441406,3.0495705604553223,3.3274025917053223,3.3027586936950684,3.1748976707458496,3.064687490463257,2.700592279434204,2.807039737701416,2.4938244819641113,2.521651268005371,2.443608045578003,2.2830657958984375,2.400648832321167,2.223007917404175,2.488232135772705,2.3904266357421875,2.5723657608032227,2.767620325088501,3.1244044303894043,3.0129129886627197,2.8841054439544678,2.5428333282470703,2.6395628452301025,2.3195080757141113,2.391577959060669,2.3126590251922607,2.202962875366211,2.3447329998016357,2.22397518157959,2.525569438934326,2.490029811859131,2.70339035987854,2.929795026779175
B4,1.8278318643569946,1.495785117149353,1.2639151811599731,1.2340168952941895,0.9083612561225891,1.0729972124099731,0.8757215738296509,1.0929393768310547,1.2715647220611572,1.4665377140045166,1.8047819137573242,1.9938849210739136,2.3831300735473633,2.508277654647827,2.797010898590088,0.8359673023223877,0.5963371992111206,0.3804672658443451,0.0,0.3773406445980072,0.570970892906189,0.8263348340988159,1.1213808059692383,1.3419394493103027,1.678142786026001,1.942121148109436,2.267702341079712,2.5536932945251465,2.763535737991333,3.061774969100952,0.9363917708396912,0.7941529154777527,0.5957736372947693,0.3084562122821808,0.5904795527458191,0.5954482555389404,0.9176170229911804,1.1422609090805054,1.3610397577285767,1.6845957040786743,1.9236369132995605,2.266815662384033,2.527160882949829,2.757343292236328,3.0456979274749756,2.970546007156372,2.8353404998779297,2.7068357467651367,2.343825578689575,2.4375786781311035,2.118201971054077,2.1541669368743896,2.0734219551086426,1.930949330329895,2.060763359069824,1.9146771430969238,2.2021381855010986,2.146153211593628,2.354130744934082,2.5679988861083984,2.8010311126708984,2.679234027862549,2.5303750038146973,2.190269947052002,2.2697458267211914,1.943124771118164,2.018831491470337,1.9381179809570312,1.8450419902801514,1.9991878271102905,1.9113317728042603,2.230792760848999,2.2379114627838135,2.469672441482544,2.7118592262268066
B5,2.170008659362793,1.8358484506607056,1.5915467739105225,1.5064210891723633,1.168858289718628,1.2264517545700073,0.9380826354026794,1.0508534908294678,1.1570101976394653,1.2735676765441895,1.5959047079086304,1.731019139289856,2.1244208812713623,2.222512722015381,2.497666597366333,1.0840864181518555,0.8174252510070801,0.5089530348777771,0.3773406445980072,0.0,0.38206949830055237,0.5656603574752808,0.8624176383018494,1.1198935508728027,1.427316427230835,1.7304697036743164,2.0250515937805176,2.3410446643829346,2.5466809272766113,2.8328497409820557,1.0682909488677979,0.8674141764640808,0.5459941029548645,0.32694709300994873,0.2788655161857605,0.2900651693344116,0.6336351633071899,0.8549917340278625,1.1283358335494995,1.4249110221862793,1.7108434438705444,2.028162717819214,2.3203723430633545,2.550544261932373,2.827920913696289,3.124323844909668,2.9481616020202637,2.8190200328826904,2.4453787803649902,2.500716209411621,2.1761481761932373,2.144537925720215,2.04947566986084,1.8459398746490479,1.9485259056091309,1.7441951036453247,2.0065224170684814,1.914449691772461,2.0825443267822266,2.30094051361084,2.9892051219940186,2.8254683017730713,2.672752618789673,2.316850423812866,2.362682342529297,2.029393196105957,2.0332939624786377,1.9396597146987915,1.7776225805282593,1.9089387655258179,1.756105899810791,2.0566370487213135,2.022958278656006,2.218123197555542,2.4652795791625977
B6,2.118374824523926,1.8074703216552734,1.5201406478881836,1.3804792165756226,1.0322800874710083,0.974326491355896,0.6659983992576599,0.6867716312408447,0.8180243968963623,0.9244133234024048,1.2743134498596191,1.4385424852371216,1.831648826599121,1.9762123823165894,2.2483460903167725,1.3611645698547363,1.134545087814331,0.8128975033760071,0.570970892906189,0.38206949830055237,0.0,0.38141992688179016,0.5664008855819702,0.8426051735877991,1.1365747451782227,1.4288262128829956,1.7380229234695435,2.030872344970703,2.2640931606292725,2.5381252765655518,1.4166330099105835,1.2385815382003784,0.9217099547386169,0.6694414615631104,0.5837557911872864,0.24351449310779572,0.5673915147781372,0.6307122111320496,0.8985424041748047,1.1664836406707764,1.4277864694595337,1.7542717456817627,2.018048048019409,2.2746992111206055,2.53580904006958,2.8263843059539795,2.626640558242798,2.512533187866211,2.133498191833496,2.187544822692871,1.8815213441848755,1.825556993484497,1.7706546783447266,1.5546751022338867,1.7080366611480713,1.5297234058380127,1.828878402709961,1.7980226278305054,1.9536861181259155,2.2221839427948,2.717644691467285,2.524444341659546,2.3853816986083984,2.01871919631958,2.0661752223968506,1.75221848487854,1.7285960912704468,1.679846167564392,1.5014092922210693,1.6863460540771484,1.5594546794891357,1.8898131847381592,1.911793828010559,2.0877315998077393,2.377533435821533
B7,2.3236782550811768,1.995834469795227,1.7474058866500854,1.5425595045089722,1.2438713312149048,1.1390405893325806,0.763165295124054,0.7583444714546204,0.6940435171127319,0.7861917018890381,1.0574471950531006,1.2086783647537231,1.592278242111206,1.6874825954437256,1.987282395362854,1.6307677030563354,1.345870018005371,1.0697335004806519,0.8263348340988159,0.5656603574752808,0.38141992688179016,0.0,0.38093820214271545,0.5602725148200989,0.8876089453697205,1.1745085716247559,1.4716285467147827,1.7881642580032349,1.9824327230453491,2.2756526470184326,1.6176714897155762,1.3665869235992432,1.0749751329421997,0.8121199607849121,0.5970019102096558,0.2807624042034149,0.2197093665599823,0.32871612906455994,0.5642558336257935,0.8704957962036133,1.1477338075637817,1.4670592546463013,1.7616009712219238,1.9851784706115723,2.266165018081665,2.9149117469787598,2.688178539276123,2.5363430976867676,2.165027141571045,2.1527323722839355,1.8249762058258057,1.7173347473144531,1.6030304431915283,1.3475133180618286,1.4346394538879395,1.2069008350372314,1.4778021574020386,1.4219732284545898,1.5793849229812622,1.8413162231445312,2.83312726020813,2.615107297897339,2.4357986450195312,2.078360080718994,2.0563035011291504,1.7214611768722534,1.6347239017486572,1.5267566442489624,1.2980310916900635,1.4197957515716553,1.2365080118179321,1.5437312126159668,1.5388820171356201,1.7126803398132324,1.9971009492874146
B8,2.502410411834717,2.2043418884277344,1.9205249547958374,1.697206735610962,1.3983098268508911,1.1944894790649414,0.8529938459396362,0.6620053052902222,0.5517185926437378,0.45917925238609314,0.7555344700813293,0.8764964938163757,1.2707151174545288,1.4127596616744995,1.6846665143966675,1.9175035953521729,1.668541431427002,1.3504241704940796,1.1213808059692383,0.8624176383018494,0.5664008855819702,0.38093820214271545,0.0,0.37159112095832825,0.579170286655426,0.908576488494873,1.1862176656723022,1.4990369081497192,1.7349400520324707,1.9928112030029297,1.928684115409851,1.7080496549606323,1.3819588422775269,1.153348445892334,0.9221158027648926,0.5835245847702026,0.517967164516449,0.20007194578647614,0.469807505607605,0.62177574634552,0.9174647927284241,1.21194589138031,1.493939757347107,1.7594289779663086,2.000459909439087,2.825456142425537,2.564344882965088,2.4435598850250244,2.071993112564087,2.050461769104004,1.7607234716415405,1.591834306716919,1.5330674648284912,1.2324059009552002,1.366215467453003,1.1394015550613403,1.4205800294876099,1.4127689599990845,1.5041694641113281,1.8209539651870728,2.782555103302002,2.5263402462005615,2.3767285346984863,2.011873483657837,1.9898319244384766,1.695247769355774,1.547379732131958,1.5010149478912354,1.222923755645752,1.3933628797531128,1.2066177129745483,1.516272783279419,1.5445538759231567,1.6514616012573242,1.9804069995880127
B9,2.5420737266540527,2.244847297668457,1.9959276914596558,1.7148581743240356,1.4784843921661377,1.237674355506897,0.8947205543518066,0.7279319763183594,0.41939738392829895,0.39427366852760315,0.5190128087997437,0.726243793964386,1.0808099508285522,1.2043336629867554,1.5281535387039185,2.1684138774871826,1.8905446529388428,1.6170896291732788,1.3419394493103027,1.1198935508728027,0.8426051735877991,0.5602725148200989,0.37159112095832825,0.0,0.38852930068969727,0.6156595349311829,0.9314869046211243,1.2319577932357788,1.430643916130066,1.7251261472702026,2.176217794418335,1.9186450242996216,1.634495735168457,1.3625611066818237,1.1453346014022827,0.8329669833183289,0.6164446473121643,0.3511751592159271,0.1709960550069809,0.3715724050998688,0.5919931530952454,0.9250028133392334,1.2024743556976318,1.4370461702346802,1.7118340730667114,2.7213661670684814,2.444282293319702,2.284231424331665,1.9304639101028442,1.8472769260406494,1.5459492206573486,1.3385627269744873,1.2319027185440063,0.9070930480957031,1.0031046867370605,0.7715458869934082,1.0679200887680054,1.112195611000061,1.2322402000427246,1.5629830360412598,2.7021920680999756,2.4307315349578857,2.2416930198669434,1.8978323936462402,1.8095393180847168,1.5084753036499023,1.3074545860290527,1.2182360887527466,0.904242217540741,1.0405243635177612,0.8449913859367371,1.1611237525939941,1.2335482835769653,1.3538111448287964,1.6952128410339355
B10,2.8629701137542725,2.5850675106048584,2.317720651626587,2.0352604389190674,1.799586296081543,1.5155506134033203,1.2139918804168701,0.954975426197052,0.663675844669342,0.38550707697868347,0.2725696265697479,0.3380995988845825,0.7085195779800415,0.8670125007629395,1.1618939638137817,2.4898529052734375,2.227242946624756,1.9244575500488281,1.678142786026001,1.427316427230835,1.1365747451782227,0.8876089453697205,0.579170286655426,0.38852930068969727,0.0,0.3812524974346161,0.6075413227081299,0.9343346357345581,1.1698187589645386,1.415374994277954,2.4909632205963135,2.2453484535217285,1.9340873956680298,1.6986873149871826,1.4454587697982788,1.1395971775054932,0.9345043897628784,0.5909519791603088,0.4703464210033417,0.178177610039711,0.41697829961776733,0.6450930833816528,0.9343695640563965,1.2090034484863281,1.4277108907699585,2.815523624420166,2.5048038959503174,2.373800277709961,2.0354831218719482,1.9288383722305298,1.679065227508545,1.40060555934906,1.342524528503418,0.980522096157074,1.077303171157837,0.8399729132652283,1.0742220878601074,1.1429849863052368,1.151566982269287,1.5230958461761475,2.8390214443206787,2.53352952003479,2.3723366260528564,2.0365302562713623,1.9375181198120117,1.6885871887207031,1.4226810932159424,1.385191559791565,1.0334250926971436,1.1678625345230103,0.9529879689216614,1.2046668529510498,1.2765610218048096,1.290308952331543,1.661423683166504
B11,2.9213266372680664,2.6621792316436768,2.418520450592041,2.098926067352295,1.9215922355651855,1.6055108308792114,1.3464100360870361,1.1033673286437988,0.7651105523109436,0.5912142992019653,0.2132905274629593,0.41494959592819214,0.5765463709831238,0.7627466320991516,1.0902986526489258,2.7720484733581543,2.502169132232666,2.224212884902954,1.942121148109436,1.7304697036743164,1.4288262128829956,1.1745085716247559,0.908576488494873,0.6156595349311829,0.3812524974346161,0.0,0.37264150381088257,0.6177100539207458,0.8411505222320557,1.1211212873458862,2.7910714149475098,2.5328025817871094,2.2465128898620605,1.9775859117507935,1.753391146659851,1.443055510520935,1.212301254272461,0.9171290993690491,0.666006326675415,0.4015599191188812,0.13601373136043549,0.3780231773853302,0.5908288359642029,0.866601288318634,1.1080178022384644,2.6629157066345215,2.3353750705718994,2.1825287342071533,1.8767496347427368,1.7121113538742065,1.4879264831542969,1.1602381467819214,1.097666621208191,0.7316693663597107,0.8177632689476013,0.6598556637763977,0.8855359554290771,1.071555256843567,1.0880941152572632,1.4683687686920166,2.720075845718384,2.3978445529937744,2.216604232788086,1.9140509366989136,1.7589545249938965,1.5425629615783691,1.219429612159729,1.185782790184021,0.8238665461540222,0.9436558485031128,0.7869247198104858,1.0105876922607422,1.1758352518081665,1.1761876344680786,1.5578564405441284
B12,3.29121994972229,3.034637928009033,2.7888131141662598,2.470327615737915,2.2902543544769287,1.9699853658676147,1.7130167484283447,1.45196533203125,1.1297825574874878,0.8951992392539978,0.5172512531280518,0.4044465720653534,0.2698582708835602,0.4269169569015503,0.7402302622795105,3.088397741317749,2.8157801628112793,2.526015520095825,2.267702341079712,2.0250515937805176,1.7380229234695435,1.4716285467147827,1.1862176656723022,0.9314869046211243,0.6075413227081299,0.37264150381088257,0.0,0.3823116421699524,0.5899258852005005,0.8113034963607788,3.083608388900757,2.820838451385498,2.523512363433838,2.282174825668335,2.023521661758423,1.735404372215271,1.4857747554779053,1.1784285306930542,0.9587725400924683,0.6113326549530029,0.4167419970035553,0.15060776472091675,0.39176782965660095,0.6627578735351562,0.8287362456321716,2.914793014526367,2.569157361984253,2.430699348449707,2.1511008739471436,1.9613484144210815,1.7772245407104492,1.4186416864395142,1.3661726713180542,1.0184406042099,1.0343126058578491,0.8660786151885986,0.9538995027542114,1.1191821098327637,1.0166374444961548,1.3974612951278687,3.0023891925811768,2.663572311401367,2.4957261085510254,2.2120962142944336,2.041689157485962,1.860016942024231,1.5102332830429077,1.4836336374282837,1.1285309791564941,1.1828230619430542,0.9956724047660828,1.1011797189712524,1.2230339050292969,1.1079566478729248,1.4853179454803467
B13,3.4021341800689697,3.1744329929351807,2.9355595111846924,2.602658987045288,2.461339235305786,2.114251136779785,1.9094667434692383,1.6419270038604736,1.336507797241211,1.137513518333435,0.7581526637077332,0.7274203300476074,0.4535786807537079,0.6410916447639465,0.8391461968421936,3.3821003437042236,3.118422269821167,2.83349347114563,2.5536932945251465,2.3410446643829346,2.030872344970703,1.7881642580032349,1.4990369081497192,1.2319577932357788,0.9343346357345581,0.6177100539207458,0.3823116421699524,0.0,0.3674392104148865,0.5296741127967834,3.4047627449035645,3.1474449634552,2.8556301593780518,2.5943312644958496,2.3607089519500732,2.0533196926116943,1.8191648721694946,1.5141161680221558,1.2728667259216309,0.960209846496582,0.6733036637306213,0.4208468198776245,0.13594107329845428,0.4671705961227417,0.5342786908149719,2.7858340740203857,2.4257397651672363,2.296619415283203,2.0608904361724854,1.8391460180282593,1.7192537784576416,1.335841178894043,1.3345555067062378,1.04593026638031,1.0865319967269897,1.0425883531570435,1.1107577085494995,1.3563761711120605,1.2623904943466187,1.6178624629974365,2.9131832122802734,2.5590314865112305,2.401982545852661,2.1572201251983643,1.9622373580932617,1.8445559740066528,1.4683479070663452,1.49144446849823,1.1809252500534058,1.2492361068725586,1.160928726196289,1.2322468757629395,1.427828073501587,1.303018569946289,1.658370852470398
